Downloads/jupyter/ECSV/stars19/all.ecsv
# %ECSV 1.0
# ---
# datatype:
# - {name: time, datatype: string}
# - {name: Enclosure Temperature, unit: deg_C, datatype: float64}
# - {name: Sky Temperature, unit: deg_C, datatype: float64}
# - {name: Frequency, unit: Hz, datatype: float64}
# - {name: MSAS, unit: mag / arcsec2, datatype: float64}
# - {name: ZP, datatype: float64}
# - {name: Sequence Number, datatype: int64}
# - {name: Sun Alt, unit: deg, datatype: float64}
# - {name: Moon Alt, unit: deg, datatype: float64}
# - {name: Moon Illumination, datatype: float64}
# delimiter: ','
# meta: !!omap
# - ida:
#     Data supplier: {affiliation: null, observer: null}
#     Device type: TESS-W
#     Field of view: 17.0
#     Filters per channel: None
#     Instrument ID: stars19
#     License: ODbL 1.0 http://opendatacommons.org/licenses/odbl/summary/
#     Local timezone: America/Phoenix
#     Location name: {country: United States, place: Tucson, region: Arizona, sub_region: Pima County, town: Tucson}
#     Measurement direction per channel: {azimuth: 0.0, zenital: 0.0}
#     Moving / Fixed look direction: FIXED
#     Moving / Stationary position: STATIONARY
#     Number of channels: 1
#     Number of fields per line: 8
#     Number of header lines: 35
#     Position: {height: 0.0, latitude: 32.223877, longitude: -110.767532}
#     TESS MAC address: 18:FE:34:CF:EC:06
#     TESS cover offset value: 0.0
#     TESS firmware version: '1.0'
#     TESS zero point: 20.38
#     Time Synchronization: timestamp added by MQTT subscriber
#     URL: http://www.darksky.org/NSBM/sdf1.0.pdf
# - __serialized_columns__:
#     Enclosure Temperature:
#       __class__: astropy.units.quantity.Quantity
#       unit: &id001 !astropy.units.Unit {unit: deg_C}
#       value: !astropy.table.SerializedColumn {name: Enclosure Temperature}
#     Frequency:
#       __class__: astropy.units.quantity.Quantity
#       unit: !astropy.units.Unit {unit: Hz}
#       value: !astropy.table.SerializedColumn {name: Frequency}
#     MSAS:
#       __class__: astropy.units.quantity.Quantity
#       unit: !astropy.units.Unit {unit: mag / arcsec2}
#       value: !astropy.table.SerializedColumn {name: MSAS}
#     Moon Alt:
#       __class__: astropy.units.quantity.Quantity
#       unit: &id002 !astropy.units.Unit {unit: deg}
#       value: !astropy.table.SerializedColumn {name: Moon Alt}
#     Sky Temperature:
#       __class__: astropy.units.quantity.Quantity
#       unit: *id001
#       value: !astropy.table.SerializedColumn {name: Sky Temperature}
#     Sun Alt:
#       __class__: astropy.units.quantity.Quantity
#       unit: *id002
#       value: !astropy.table.SerializedColumn {name: Sun Alt}
#     time:
#       __class__: astropy.time.core.Time
#       format: isot
#       in_subfmt: '*'
#       out_subfmt: '*'
#       precision: 3
#       scale: utc
#       value: !astropy.table.SerializedColumn {name: time}
# schema: astropy-2.0
time,Enclosure Temperature,Sky Temperature,Frequency,MSAS,ZP,Sequence Number,Sun Alt,Moon Alt,Moon Illumination
[from data line 1055]
2024-10-02T07:53:35.000,31.69,8.05,1.34,20.06,20.38,43867,-59.98,-57.0,0.002
2024-10-02T08:02:36.000,31.49,7.8,1.34,20.06,20.38,43876,-59.24,-56.0,0.002
2024-10-02T08:03:36.000,31.47,7.82,1.33,20.07,20.38,43877,-59.15,-56.0,0.002
2024-10-02T08:04:37.000,31.43,7.69,1.33,20.07,20.38,43878,-59.05,-56.0,0.002
2024-10-02T08:05:37.000,31.4,7.63,1.34,20.07,20.38,43879,-58.96,-56.0,0.002
2024-10-02T08:06:38.000,31.34,7.53,1.31,20.09,20.38,43880,-58.86,-56.0,0.002
2024-10-02T08:07:38.000,31.25,7.64,1.29,20.1,20.38,43881,-58.77,-56.0,0.002
2024-10-02T08:08:38.000,31.26,7.66,1.29,20.1,20.38,43882,-58.67,-55.0,0.002
2024-10-02T08:09:39.000,31.26,7.75,1.29,20.1,20.38,43883,-58.57,-55.0,0.002
2024-10-02T08:10:39.000,31.27,7.69,1.3,20.1,20.38,43884,-58.47,-55.0,0.002
2024-10-02T08:11:39.000,31.25,7.64,1.3,20.1,20.38,43885,-58.37,-55.0,0.002
2024-10-02T08:12:39.000,31.2,7.45,1.29,20.1,20.38,43886,-58.26,-55.0,0.002
2024-10-02T08:13:39.000,31.2,7.52,1.29,20.1,20.38,43887,-58.16,-55.0,0.002
2024-10-02T08:14:40.000,31.21,7.5,1.29,20.11,20.38,43888,-58.05,-55.0,0.002
2024-10-02T08:15:40.000,31.16,7.33,1.28,20.11,20.38,43889,-57.94,-55.0,0.002
2024-10-02T08:16:40.000,31.12,7.33,1.28,20.11,20.38,43890,-57.83,-55.0,0.002
2024-10-02T08:17:40.000,31.04,7.22,1.28,20.11,20.38,43891,-57.72,-54.0,0.002
2024-10-02T08:18:40.000,30.98,7.39,1.28,20.11,20.38,43892,-57.61,-54.0,0.002
2024-10-02T08:19:41.000,30.98,7.48,1.28,20.11,20.38,43893,-57.5,-54.0,0.002
2024-10-02T08:20:41.000,31.03,7.62,1.28,20.12,20.38,43894,-57.38,-54.0,0.002
2024-10-02T08:21:41.000,31.06,7.55,1.28,20.12,20.38,43895,-57.27,-54.0,0.002
2024-10-02T08:22:41.000,31.06,7.49,1.28,20.11,20.38,43896,-57.15,-54.0,0.002
2024-10-02T08:23:41.000,31.08,7.48,1.28,20.11,20.38,43897,-57.03,-54.0,0.002
2024-10-02T08:24:42.000,31.11,7.39,1.28,20.11,20.38,43898,-56.91,-54.0,0.002
2024-10-02T08:25:42.000,31.14,7.33,1.27,20.12,20.38,43899,-56.79,-53.0,0.002
2024-10-02T08:26:42.000,31.1,7.29,1.27,20.12,20.38,43900,-56.67,-53.0,0.002
2024-10-02T08:27:42.000,31.11,7.39,1.28,20.12,20.38,43901,-56.55,-53.0,0.002
2024-10-02T08:28:43.000,31.15,7.38,1.27,20.12,20.38,43902,-56.42,-53.0,0.002
2024-10-02T08:29:43.000,31.16,7.34,1.27,20.12,20.38,43903,-56.29,-53.0,0.002
2024-10-02T08:30:43.000,31.16,7.32,1.27,20.12,20.38,43904,-56.17,-53.0,0.002
2024-10-02T08:31:43.000,31.18,7.32,1.27,20.12,20.38,43905,-56.04,-53.0,0.002
2024-10-02T08:32:43.000,31.15,7.19,1.27,20.12,20.38,43906,-55.91,-53.0,0.002
2024-10-02T08:33:44.000,31.08,7.22,1.27,20.12,20.38,43907,-55.78,-52.0,0.002
2024-10-02T08:34:44.000,31.08,7.44,1.28,20.12,20.38,43908,-55.65,-52.0,0.002
2024-10-02T08:35:44.000,31.1,7.37,1.28,20.12,20.38,43909,-55.52,-52.0,0.002
2024-10-02T08:36:44.000,31.08,7.08,1.27,20.12,20.38,43910,-55.38,-52.0,0.002
2024-10-02T08:37:44.000,31.05,6.87,1.27,20.12,20.38,43911,-55.25,-52.0,0.002
2024-10-02T08:38:45.000,30.94,6.54,1.27,20.12,20.38,43912,-55.11,-52.0,0.002
2024-10-02T08:39:45.000,30.86,6.84,1.27,20.12,20.38,43913,-54.98,-52.0,0.002
2024-10-02T08:40:45.000,30.84,6.74,1.27,20.12,20.38,43914,-54.84,-51.0,0.002
2024-10-02T08:41:45.000,30.85,7.01,1.27,20.12,20.38,43915,-54.7,-51.0,0.002
2024-10-02T08:42:46.000,30.82,6.74,1.27,20.12,20.38,43916,-54.56,-51.0,0.002
2024-10-02T08:43:46.000,30.72,6.7,1.27,20.12,20.38,43917,-54.42,-51.0,0.002
2024-10-02T08:44:46.000,30.68,6.66,1.27,20.12,20.38,43918,-54.28,-51.0,0.002
2024-10-02T08:45:46.000,30.55,6.46,1.27,20.12,20.38,43919,-54.14,-51.0,0.002
2024-10-02T08:46:46.000,30.48,6.54,1.27,20.12,20.38,43920,-53.99,-51.0,0.002
2024-10-02T08:47:47.000,30.4,6.48,1.27,20.12,20.38,43921,-53.85,-50.0,0.002
2024-10-02T08:48:47.000,30.3,6.46,1.27,20.12,20.38,43922,-53.7,-50.0,0.002
2024-10-02T08:49:47.000,30.29,6.62,1.27,20.12,20.38,43923,-53.55,-50.0,0.002
2024-10-02T08:50:47.000,30.29,6.61,1.26,20.13,20.38,43924,-53.41,-50.0,0.002
2024-10-02T08:51:47.000,30.27,6.58,1.26,20.13,20.38,43925,-53.26,-50.0,0.002
2024-10-02T08:52:48.000,30.17,6.31,1.26,20.13,20.38,43926,-53.11,-50.0,0.002
2024-10-02T08:53:48.000,30.04,6.33,1.25,20.14,20.38,43927,-52.96,-50.0,0.002
2024-10-02T08:54:48.000,29.83,6.34,1.25,20.14,20.38,43928,-52.81,-49.0,0.002
2024-10-02T08:55:49.000,29.73,6.5,1.25,20.13,20.38,43929,-52.66,-49.0,0.002
2024-10-02T08:56:49.000,29.76,6.92,1.25,20.14,20.38,43930,-52.5,-49.0,0.002
2024-10-02T08:57:50.000,29.8,6.54,1.25,20.14,20.38,43931,-52.35,-49.0,0.002
2024-10-02T08:58:50.000,29.87,6.86,1.26,20.13,20.38,43932,-52.19,-49.0,0.002
2024-10-02T08:59:50.000,29.99,6.98,1.26,20.13,20.38,43933,-52.04,-49.0,0.001
2024-10-02T09:00:50.000,30.08,6.99,1.25,20.13,20.38,43934,-51.88,-48.0,0.001
2024-10-02T09:01:50.000,30.07,6.63,1.25,20.14,20.38,43935,-51.73,-48.0,0.001
2024-10-02T09:02:51.000,29.97,6.39,1.25,20.14,20.38,43936,-51.57,-48.0,0.001
2024-10-02T09:03:51.000,29.92,6.46,1.25,20.14,20.38,43937,-51.41,-48.0,0.001
2024-10-02T09:11:53.000,29.87,6.64,1.25,20.14,20.38,43945,-50.12,-47.0,0.001
2024-10-02T09:12:53.000,29.93,6.72,1.25,20.14,20.38,43946,-49.95,-47.0,0.001
2024-10-02T09:13:53.000,29.98,6.74,1.24,20.14,20.38,43947,-49.79,-46.0,0.001
2024-10-02T09:14:54.000,30.05,7.08,1.24,20.14,20.38,43948,-49.62,-46.0,0.001
2024-10-02T09:15:54.000,30.13,6.86,1.25,20.14,20.38,43949,-49.45,-46.0,0.001
2024-10-02T09:16:54.000,30.19,7.06,1.24,20.14,20.38,43950,-49.29,-46.0,0.001
2024-10-02T09:17:54.000,30.3,7.07,1.24,20.15,20.38,43951,-49.12,-46.0,0.001
2024-10-02T09:18:54.000,30.3,6.85,1.24,20.15,20.38,43952,-48.95,-46.0,0.001
2024-10-02T09:19:55.000,30.25,6.45,1.24,20.14,20.38,43953,-48.78,-45.0,0.001
2024-10-02T09:20:55.000,30.12,6.2,1.25,20.14,20.38,43954,-48.61,-45.0,0.001
2024-10-02T09:21:55.000,30.15,6.56,1.25,20.13,20.38,43955,-48.44,-45.0,0.001
2024-10-02T09:22:55.000,30.18,6.5,1.25,20.14,20.38,43956,-48.27,-45.0,0.001
2024-10-02T09:23:55.000,30.11,6.22,1.24,20.14,20.38,43957,-48.1,-45.0,0.001
2024-10-02T09:24:56.000,30.02,6.23,1.24,20.14,20.38,43958,-47.92,-45.0,0.001
2024-10-02T09:25:56.000,30.01,6.35,1.24,20.14,20.38,43959,-47.75,-44.0,0.001
2024-10-02T09:26:56.000,30.0,6.56,1.24,20.14,20.38,43960,-47.58,-44.0,0.001
2024-10-02T09:27:56.000,30.05,6.62,1.24,20.14,20.38,43961,-47.4,-44.0,0.001
2024-10-02T09:28:56.000,30.05,6.47,1.25,20.14,20.38,43962,-47.23,-44.0,0.001
2024-10-02T09:29:57.000,30.04,6.34,1.25,20.13,20.38,43963,-47.05,-44.0,0.001
2024-10-02T09:30:57.000,29.99,6.3,1.26,20.13,20.38,43964,-46.88,-44.0,0.001
2024-10-02T09:31:57.000,29.97,6.26,1.26,20.13,20.38,43965,-46.7,-43.0,0.001
2024-10-02T09:33:58.000,29.97,6.29,1.25,20.14,20.38,43967,-46.35,-43.0,0.001
2024-10-02T09:34:58.000,29.86,6.1,1.25,20.14,20.38,43968,-46.17,-43.0,0.001
2024-10-02T09:35:58.000,29.77,6.27,1.25,20.14,20.38,43969,-45.99,-43.0,0.001
2024-10-02T09:36:58.000,29.78,6.46,1.26,20.13,20.38,43970,-45.81,-43.0,0.001
2024-10-02T09:39:59.000,29.84,6.54,1.26,20.13,20.38,43973,-45.27,-42.0,0.001
2024-10-02T09:40:59.000,29.93,6.41,1.28,20.12,20.38,43974,-45.09,-42.0,0.001
2024-10-02T09:41:59.000,29.95,6.18,1.28,20.11,20.38,43975,-44.91,-42.0,0.001
2024-10-02T09:42:59.000,29.89,6.04,1.27,20.12,20.38,43976,-44.73,-42.0,0.001
2024-10-02T09:44:00.000,29.92,6.15,1.26,20.13,20.38,43977,-44.54,-41.0,0.001
2024-10-02T09:45:00.000,29.89,6.03,1.24,20.14,20.38,43978,-44.36,-41.0,0.001
2024-10-02T09:46:00.000,29.82,5.95,1.24,20.15,20.38,43979,-44.18,-41.0,0.001
2024-10-02T09:47:01.000,29.67,5.55,1.25,20.14,20.38,43980,-43.99,-41.0,0.001
2024-10-02T09:48:01.000,29.48,5.47,1.25,20.14,20.38,43981,-43.81,-41.0,0.001
2024-10-02T09:49:02.000,29.46,5.67,1.25,20.13,20.38,43982,-43.62,-40.0,0.001
2024-10-02T09:50:02.000,29.44,6.1,1.24,20.15,20.38,43983,-43.44,-40.0,0.001
2024-10-02T09:51:02.000,29.56,6.76,1.24,20.15,20.38,43984,-43.26,-40.0,0.001
2024-10-02T09:52:02.000,29.66,6.68,1.24,20.14,20.38,43985,-43.07,-40.0,0.001
2024-10-02T09:53:02.000,29.76,6.57,1.24,20.14,20.38,43986,-42.88,-40.0,0.001
2024-10-02T09:54:03.000,29.82,6.37,1.24,20.14,20.38,43987,-42.7,-40.0,0.001
2024-10-02T09:55:03.000,29.86,6.27,1.24,20.14,20.38,43988,-42.51,-39.0,0.001
2024-10-02T09:56:03.000,29.89,6.24,1.24,20.14,20.38,43989,-42.32,-39.0,0.001
2024-10-02T09:59:03.000,29.97,6.05,1.24,20.15,20.38,43992,-41.76,-39.0,0.001
2024-10-02T10:00:03.000,29.89,5.7,1.24,20.15,20.38,43993,-41.57,-38.0,0.001
2024-10-02T10:31:06.000,29.33,4.97,1.23,20.16,20.38,44024,-35.57,-33.0,0.001
2024-10-02T10:35:07.000,29.15,4.8,1.22,20.16,20.38,44028,-34.77,-32.0,0.001
2024-10-02T10:36:07.000,29.12,4.68,1.22,20.16,20.38,44029,-34.57,-32.0,0.001
2024-10-02T10:37:07.000,28.99,4.49,1.23,20.16,20.38,44030,-34.37,-32.0,0.001
2024-10-02T10:38:07.000,28.9,4.58,1.23,20.16,20.38,44031,-34.17,-31.0,0.001
2024-10-02T10:39:08.000,28.81,4.61,1.22,20.16,20.38,44032,-33.97,-31.0,0.001
2024-10-02T10:40:08.000,28.73,4.64,1.21,20.17,20.38,44033,-33.77,-31.0,0.001
2024-10-02T10:41:08.000,28.55,4.7,1.22,20.17,20.38,44034,-33.57,-31.0,0.001
2024-10-02T10:42:08.000,28.57,5.53,1.22,20.16,20.38,44035,-33.37,-31.0,0.001
2024-10-02T10:43:08.000,28.75,5.36,1.22,20.16,20.38,44036,-33.17,-30.0,0.001
2024-10-02T10:44:09.000,28.84,5.14,1.22,20.17,20.38,44037,-32.97,-30.0,0.001
2024-10-02T10:45:09.000,28.9,4.93,1.21,20.17,20.38,44038,-32.77,-30.0,0.001
2024-10-02T10:46:09.000,28.89,4.94,1.21,20.17,20.38,44039,-32.57,-30.0,0.001
2024-10-02T10:47:09.000,28.88,4.82,1.22,20.17,20.38,44040,-32.36,-30.0,0.001
2024-10-02T10:56:10.000,28.28,4.22,1.25,20.14,20.38,44049,-30.54,-28.0,0.001
2024-10-02T10:57:13.000,28.31,4.35,1.25,20.14,20.38,44050,-30.33,-28.0,0.001
2024-10-02T10:58:14.000,28.36,4.48,1.25,20.14,20.38,44051,-30.12,-27.0,0.001
2024-10-02T10:59:14.000,28.36,4.42,1.24,20.15,20.38,44052,-29.92,-27.0,0.001
2024-10-02T11:00:15.000,28.36,4.42,1.24,20.15,20.38,44053,-29.71,-27.0,0.001
2024-10-02T11:14:08.000,28.16,4.18,1.27,20.12,20.38,44066,-26.87,-24.0,0.001
2024-10-02T11:15:08.000,28.1,3.98,1.31,20.08,20.38,44067,-26.66,-24.0,0.001
2024-10-02T11:16:15.000,28.08,3.93,1.3,20.09,20.38,44068,-26.43,-24.0,0.001
2024-10-02T11:17:15.000,28.06,3.94,1.29,20.11,20.38,44069,-26.23,-24.0,0.001
2024-10-02T11:18:15.000,28.06,3.97,1.29,20.1,20.38,44070,-26.02,-24.0,0.001
2024-10-02T11:19:15.000,28.04,3.99,1.28,20.11,20.38,44071,-25.82,-23.0,0.001
2024-10-02T11:20:15.000,28.04,4.1,1.29,20.1,20.38,44072,-25.61,-23.0,0.001
2024-10-02T11:21:16.000,28.06,4.08,1.3,20.09,20.38,44073,-25.4,-23.0,0.001
2024-10-02T11:22:16.000,28.01,3.75,1.31,20.09,20.38,44074,-25.19,-23.0,0.001
2024-10-02T11:23:16.000,27.93,3.62,1.31,20.09,20.38,44075,-24.99,-23.0,0.001
2024-10-02T11:24:16.000,27.86,3.54,1.31,20.09,20.38,44076,-24.78,-22.0,0.001
2024-10-02T11:25:17.000,27.82,3.59,1.3,20.09,20.38,44077,-24.57,-22.0,0.001
2024-10-02T11:26:21.000,27.76,3.58,1.31,20.09,20.38,44078,-24.35,-22.0,0.001
2024-10-02T11:27:21.000,27.72,3.61,1.31,20.09,20.38,44079,-24.14,-22.0,0.001
2024-10-02T11:28:22.000,27.68,3.53,1.31,20.08,20.38,44080,-23.93,-22.0,0.001
2024-10-02T11:29:22.000,27.63,3.44,1.31,20.09,20.38,44081,-23.72,-21.0,0.001
2024-10-02T11:35:28.000,27.09,2.71,1.33,20.07,20.38,44087,-22.45,-20.0,0.001
2024-10-02T11:36:28.000,26.98,2.87,1.33,20.07,20.38,44088,-22.25,-20.0,0.001
2024-10-02T11:37:28.000,27.04,3.15,1.33,20.07,20.38,44089,-22.04,-20.0,0.001
2024-10-02T11:38:29.000,27.07,3.11,1.34,20.06,20.38,44090,-21.83,-19.0,0.001
2024-10-02T11:39:29.000,27.07,2.88,1.34,20.07,20.38,44091,-21.62,-19.0,0.001
2024-10-02T11:40:29.000,26.95,2.73,1.33,20.07,20.38,44092,-21.41,-19.0,0.001
2024-10-02T11:41:29.000,26.86,2.74,1.33,20.07,20.38,44093,-21.2,-19.0,0.001
2024-10-02T11:42:29.000,26.73,2.65,1.33,20.07,20.38,44094,-20.99,-19.0,0.001
2024-10-02T11:43:29.000,26.68,2.7,1.33,20.07,20.38,44095,-20.78,-18.0,0.001
2024-10-02T11:44:30.000,26.6,2.37,1.33,20.07,20.38,44096,-20.57,-18.0,0.001
2024-10-02T11:45:30.000,26.52,2.36,1.33,20.07,20.38,44097,-20.36,-18.0,0.001
2024-10-02T11:46:30.000,26.51,2.51,1.32,20.08,20.38,44098,-20.15,-18.0,0.001
2024-10-02T11:47:30.000,26.55,2.74,1.32,20.08,20.38,44099,-19.94,-18.0,0.001
2024-10-02T11:48:30.000,26.6,2.82,1.31,20.09,20.38,44100,-19.73,-17.0,0.001
2024-10-02T11:49:31.000,26.59,2.52,1.31,20.09,20.38,44101,-19.52,-17.0,0.001
2024-10-02T11:50:31.000,26.48,2.36,1.31,20.09,20.38,44102,-19.31,-17.0,0.001
2024-10-02T11:51:31.000,26.42,2.5,1.31,20.09,20.38,44103,-19.1,-17.0,0.001
2024-10-02T11:52:31.000,26.35,2.08,1.31,20.09,20.38,44104,-18.89,-17.0,0.001
2024-10-02T11:53:31.000,26.15,1.6,1.31,20.09,20.38,44105,-18.68,-16.0,0.001
2024-10-02T11:54:32.000,26.03,1.91,1.31,20.09,20.38,44106,-18.47,-16.0,0.001
2024-10-02T11:55:32.000,26.0,2.01,1.31,20.09,20.38,44107,-18.26,-16.0,0.001
2024-10-02T11:56:32.000,26.03,2.32,1.31,20.09,20.38,44108,-18.05,-16.0,0.001
2024-10-02T11:57:32.000,26.08,2.46,1.31,20.09,20.38,44109,-17.84,-16.0,0.001
2024-10-02T11:58:33.000,26.07,2.36,1.3,20.09,20.38,44110,-17.63,-15.0,0.001
2024-10-02T11:59:33.000,26.04,2.36,1.31,20.09,20.38,44111,-17.42,-15.0,0.001
2024-10-02T12:00:33.000,26.03,2.28,1.31,20.09,20.38,44112,-17.21,-15.0,0.001
2024-10-02T12:01:33.000,26.02,2.33,1.31,20.09,20.38,44113,-17.0,-15.0,0.001
2024-10-02T12:02:33.000,25.99,2.06,1.31,20.09,20.38,44114,-16.79,-15.0,0.001
2024-10-02T12:03:34.000,25.83,1.73,1.31,20.09,20.38,44115,-16.57,-14.0,0.001
2024-10-02T12:04:34.000,25.8,2.11,1.32,20.08,20.38,44116,-16.36,-14.0,0.001
2024-10-02T12:05:34.000,25.78,2.13,1.33,20.07,20.38,44117,-16.15,-14.0,0.001
2024-10-02T12:14:35.000,25.73,2.29,1.43,19.99,20.38,44126,-14.25,-12.0,0.001
2024-10-02T12:15:35.000,25.67,2.22,1.46,19.97,20.38,44127,-14.04,-12.0,0.001
2024-10-02T12:16:36.000,25.65,2.24,1.5,19.94,20.38,44128,-13.83,-12.0,0.001
2024-10-02T12:17:36.000,25.62,2.2,1.55,19.9,20.38,44129,-13.62,-12.0,0.001
2024-10-02T12:18:36.000,25.66,2.64,1.62,19.86,20.38,44130,-13.41,-11.0,0.001
2024-10-02T12:19:36.000,25.74,2.61,1.69,19.81,20.38,44131,-13.2,-11.0,0.001
2024-10-02T12:20:36.000,25.76,2.47,1.79,19.75,20.38,44132,-12.98,-11.0,0.001
2024-10-02T12:21:37.000,25.85,2.65,1.9,19.68,20.38,44133,-12.77,-11.0,0.001
2024-10-02T12:22:37.000,25.79,1.95,2.08,19.58,20.38,44134,-12.56,-11.0,0.001
2024-10-02T12:23:37.000,25.64,1.59,2.25,19.5,20.38,44135,-12.35,-10.0,0.001
2024-10-02T12:24:37.000,25.51,1.59,2.46,19.4,20.38,44136,-12.14,-10.0,0.001
2024-10-02T12:25:37.000,25.42,1.45,2.72,19.29,20.38,44137,-11.93,-10.0,0.001
2024-10-02T12:26:38.000,25.34,1.75,3.04,19.17,20.38,44138,-11.71,-10.0,0.001
2024-10-02T12:27:38.000,25.35,1.71,3.45,19.04,20.38,44139,-11.5,-10.0,0.001
2024-10-02T12:30:39.000,25.06,1.61,5.23,18.58,20.38,44142,-10.86,-9.0,0.001
2024-10-02T12:31:39.000,25.12,2.04,6.08,18.42,20.38,44143,-10.65,-9.0,0.001
2024-10-02T12:32:39.000,25.13,1.6,7.17,18.24,20.38,44144,-10.44,-9.0,0.001
2024-10-02T12:34:39.000,24.94,1.43,10.07,17.87,20.38,44146,-10.02,-8.0,0.001
2024-10-02T12:36:40.000,24.96,1.54,14.34,17.49,20.38,44148,-9.59,-8.0,0.001
2024-10-02T12:38:40.000,25.01,1.86,20.64,17.09,20.38,44150,-9.17,-7.0,0.001
2024-10-02T12:39:40.000,25.01,1.61,24.9,16.89,20.38,44151,-8.96,-7.0,0.001
2024-10-02T12:40:41.000,24.92,1.14,30.15,16.68,20.38,44152,-8.74,-7.0,0.001
2024-10-02T12:41:41.000,24.87,1.78,36.65,16.47,20.38,44153,-8.53,-7.0,0.001
2024-10-02T12:42:41.000,24.97,2.13,44.53,16.26,20.38,44154,-8.32,-7.0,0.001
2024-10-02T12:43:41.000,25.01,2.03,53.79,16.06,20.38,44155,-8.11,-6.0,0.001
2024-10-02T12:44:41.000,25.01,1.79,67.09,15.82,20.38,44156,-7.9,-6.0,0.001
2024-10-02T12:45:42.000,25.08,2.07,83.18,15.58,20.38,44157,-7.68,-6.0,0.001
2024-10-02T12:46:42.000,25.17,2.12,104.09,15.34,20.38,44158,-7.47,-6.0,0.001
2024-10-02T12:47:42.000,25.16,1.77,131.06,15.09,20.38,44159,-7.26,-5.0,0.001
2024-10-02T12:48:42.000,25.16,1.84,165.73,14.83,20.38,44160,-7.05,-5.0,0.001
2024-10-02T12:49:43.000,25.14,1.69,210.2,14.58,20.38,44161,-6.83,-5.0,0.001
2024-10-02T12:52:45.000,25.05,1.43,446.0,13.76,20.38,44164,-6.19,-4.0,0.001
2024-10-02T12:53:45.000,25.0,1.47,575.44,13.48,20.38,44165,-5.98,-4.0,0.001
2024-10-02T12:54:46.000,24.95,1.31,744.83,13.2,20.38,44166,-5.77,-4.0,0.001
2024-10-02T12:55:46.000,24.9,1.43,967.44,12.92,20.38,44167,-5.55,-4.0,0.001
