Downloads/jupyter/ECSV/stars19/all.ecsv
# %ECSV 1.0
# ---
# datatype:
# - {name: time, datatype: string}
# - {name: Enclosure Temperature, unit: deg_C, datatype: float64}
# - {name: Sky Temperature, unit: deg_C, datatype: float64}
# - {name: Frequency, unit: Hz, datatype: float64}
# - {name: MSAS, unit: mag / arcsec2, datatype: float64}
# - {name: ZP, datatype: float64}
# - {name: Sequence Number, datatype: int64}
# - {name: Sun Alt, unit: deg, datatype: float64}
# - {name: Moon Alt, unit: deg, datatype: float64}
# - {name: Moon Illumination, datatype: float64}
# delimiter: ','
# meta: !!omap
# - ida:
#     Data supplier: {affiliation: null, observer: null}
#     Device type: TESS-W
#     Field of view: 17.0
#     Filters per channel: None
#     Instrument ID: stars19
#     License: ODbL 1.0 http://opendatacommons.org/licenses/odbl/summary/
#     Local timezone: America/Phoenix
#     Location name: {country: United States, place: Tucson, region: Arizona, sub_region: Pima County, town: Tucson}
#     Measurement direction per channel: {azimuth: 0.0, zenital: 0.0}
#     Moving / Fixed look direction: FIXED
#     Moving / Stationary position: STATIONARY
#     Number of channels: 1
#     Number of fields per line: 8
#     Number of header lines: 35
#     Position: {height: 0.0, latitude: 32.223877, longitude: -110.767532}
#     TESS MAC address: 18:FE:34:CF:EC:06
#     TESS cover offset value: 0.0
#     TESS firmware version: '1.0'
#     TESS zero point: 20.38
#     Time Synchronization: timestamp added by MQTT subscriber
#     URL: http://www.darksky.org/NSBM/sdf1.0.pdf
# - __serialized_columns__:
#     Enclosure Temperature:
#       __class__: astropy.units.quantity.Quantity
#       unit: &id001 !astropy.units.Unit {unit: deg_C}
#       value: !astropy.table.SerializedColumn {name: Enclosure Temperature}
#     Frequency:
#       __class__: astropy.units.quantity.Quantity
#       unit: !astropy.units.Unit {unit: Hz}
#       value: !astropy.table.SerializedColumn {name: Frequency}
#     MSAS:
#       __class__: astropy.units.quantity.Quantity
#       unit: !astropy.units.Unit {unit: mag / arcsec2}
#       value: !astropy.table.SerializedColumn {name: MSAS}
#     Moon Alt:
#       __class__: astropy.units.quantity.Quantity
#       unit: &id002 !astropy.units.Unit {unit: deg}
#       value: !astropy.table.SerializedColumn {name: Moon Alt}
#     Sky Temperature:
#       __class__: astropy.units.quantity.Quantity
#       unit: *id001
#       value: !astropy.table.SerializedColumn {name: Sky Temperature}
#     Sun Alt:
#       __class__: astropy.units.quantity.Quantity
#       unit: *id002
#       value: !astropy.table.SerializedColumn {name: Sun Alt}
#     time:
#       __class__: astropy.time.core.Time
#       format: isot
#       in_subfmt: '*'
#       out_subfmt: '*'
#       precision: 3
#       scale: utc
#       value: !astropy.table.SerializedColumn {name: time}
# schema: astropy-2.0
time,Enclosure Temperature,Sky Temperature,Frequency,MSAS,ZP,Sequence Number,Sun Alt,Moon Alt,Moon Illumination
[from data line 208]
2024-10-01T05:24:04.000,33.99,11.67,1.48,19.95,20.38,42285,-51.53,-52.0,0.022
2024-10-01T05:25:04.000,33.95,11.49,1.47,19.96,20.38,42286,-51.69,-52.0,0.022
2024-10-01T05:26:04.000,33.89,11.54,1.47,19.97,20.38,42287,-51.84,-52.0,0.022
2024-10-01T05:27:05.000,33.93,11.74,1.46,19.97,20.38,42288,-52.0,-52.0,0.022
2024-10-01T05:28:05.000,33.97,11.65,1.45,19.97,20.38,42289,-52.15,-52.0,0.022
2024-10-01T05:29:05.000,34.0,11.74,1.45,19.98,20.38,42290,-52.3,-52.0,0.022
2024-10-01T05:30:05.000,34.01,11.66,1.46,19.97,20.38,42291,-52.45,-52.0,0.022
2024-10-01T05:31:05.000,34.03,11.67,1.5,19.94,20.38,42292,-52.6,-52.0,0.022
2024-10-01T05:32:06.000,34.04,11.67,1.46,19.97,20.38,42293,-52.75,-53.0,0.022
2024-10-01T05:33:06.000,34.04,11.73,1.43,19.99,20.38,42294,-52.9,-53.0,0.022
2024-10-01T05:34:06.000,34.06,11.63,1.42,20.0,20.38,42295,-53.05,-53.0,0.022
2024-10-01T05:35:06.000,34.04,11.53,1.42,20.0,20.38,42296,-53.19,-53.0,0.022
2024-10-01T05:36:06.000,34.05,11.56,1.42,20.0,20.38,42297,-53.34,-53.0,0.022
2024-10-01T05:37:06.000,34.07,11.56,1.41,20.0,20.38,42298,-53.48,-53.0,0.021
2024-10-01T05:38:06.000,34.04,11.48,1.41,20.01,20.38,42299,-53.63,-53.0,0.021
2024-10-01T05:39:06.000,34.04,11.53,1.41,20.01,20.38,42300,-53.77,-53.0,0.021
2024-10-01T05:40:07.000,34.06,11.56,1.41,20.01,20.38,42301,-53.91,-53.0,0.021
2024-10-01T05:41:07.000,34.07,11.56,1.4,20.01,20.38,42302,-54.05,-53.0,0.021
2024-10-01T05:44:07.000,34.08,11.47,1.4,20.02,20.38,42305,-54.47,-53.0,0.021
2024-10-01T05:52:08.000,34.0,11.22,1.39,20.02,20.38,42313,-55.53,-54.0,0.021
2024-10-01T05:53:08.000,33.96,11.13,1.39,20.02,20.38,42314,-55.66,-54.0,0.021
2024-10-01T05:54:09.000,33.91,11.22,1.39,20.02,20.38,42315,-55.79,-54.0,0.021
2024-10-01T05:55:09.000,33.89,11.31,1.39,20.02,20.38,42316,-55.92,-54.0,0.021
2024-10-01T05:56:09.000,33.87,11.28,1.39,20.02,20.38,42317,-56.04,-54.0,0.021
2024-10-01T05:57:09.000,33.86,11.3,1.39,20.02,20.38,42318,-56.17,-54.0,0.021
2024-10-01T05:58:09.000,33.82,11.17,1.38,20.03,20.38,42319,-56.29,-54.0,0.021
2024-10-01T05:59:10.000,33.73,11.04,1.38,20.03,20.38,42320,-56.41,-54.0,0.021
2024-10-01T06:00:10.000,33.62,10.73,1.37,20.04,20.38,42321,-56.53,-54.0,0.021
2024-10-01T06:01:10.000,33.44,10.51,1.36,20.04,20.38,42322,-56.65,-54.0,0.021
2024-10-01T06:02:10.000,33.3,10.5,1.36,20.05,20.38,42323,-56.77,-54.0,0.021
2024-10-01T06:03:11.000,33.16,10.69,1.36,20.05,20.38,42324,-56.89,-54.0,0.021
2024-10-01T06:04:11.000,33.14,10.82,1.35,20.05,20.38,42325,-57.0,-54.0,0.021
2024-10-01T06:18:12.000,32.5,10.41,1.43,19.99,20.38,42339,-58.47,-54.0,0.021
2024-10-01T06:22:13.000,32.21,10.67,1.33,20.07,20.38,42343,-58.84,-54.0,0.021
2024-10-01T06:23:13.000,32.2,10.78,1.34,20.06,20.38,42344,-58.93,-54.0,0.021
2024-10-01T06:24:13.000,32.2,10.81,1.35,20.06,20.38,42345,-59.02,-54.0,0.021
2024-10-01T06:25:14.000,32.09,10.36,1.37,20.04,20.38,42346,-59.11,-54.0,0.021
2024-10-01T06:26:14.000,31.98,10.51,1.42,20.0,20.38,42347,-59.19,-54.0,0.021
2024-10-01T06:27:14.000,31.95,10.8,1.54,19.91,20.38,42348,-59.27,-54.0,0.021
2024-10-01T06:28:14.000,31.99,10.96,1.61,19.86,20.38,42349,-59.35,-54.0,0.021
2024-10-01T06:30:15.000,32.06,11.4,1.67,19.82,20.38,42351,-59.51,-54.0,0.02
2024-10-01T06:31:15.000,32.16,11.62,1.65,19.84,20.38,42352,-59.59,-54.0,0.02
2024-10-01T06:33:15.000,32.29,10.95,1.52,19.93,20.38,42354,-59.73,-54.0,0.02
2024-10-01T06:34:15.000,32.3,10.82,1.48,19.96,20.38,42355,-59.8,-54.0,0.02
2024-10-01T06:35:16.000,32.36,10.72,1.4,20.02,20.38,42356,-59.87,-54.0,0.02
2024-10-01T06:36:16.000,32.37,10.63,1.34,20.07,20.38,42357,-59.94,-54.0,0.02
2024-10-01T06:37:16.000,32.36,10.54,1.33,20.07,20.38,42358,-60.01,-54.0,0.02
2024-10-01T06:38:16.000,32.31,10.52,1.33,20.07,20.38,42359,-60.07,-54.0,0.02
2024-10-01T06:39:16.000,32.29,10.67,1.34,20.06,20.38,42360,-60.14,-54.0,0.02
2024-10-01T06:40:17.000,32.27,10.72,1.38,20.03,20.38,42361,-60.2,-54.0,0.02
2024-10-01T06:41:17.000,32.26,10.82,1.39,20.02,20.38,42362,-60.26,-54.0,0.02
2024-10-01T06:42:17.000,32.26,10.85,1.38,20.03,20.38,42363,-60.31,-53.0,0.02
2024-10-01T06:43:17.000,32.25,10.86,1.39,20.03,20.38,42364,-60.37,-53.0,0.02
2024-10-01T06:44:18.000,32.27,10.93,1.43,19.99,20.38,42365,-60.42,-53.0,0.02
2024-10-01T06:45:18.000,32.28,10.79,1.5,19.94,20.38,42366,-60.48,-53.0,0.02
2024-10-01T06:46:18.000,32.28,10.62,1.57,19.89,20.38,42367,-60.53,-53.0,0.02
2024-10-01T06:47:18.000,32.25,10.32,1.53,19.92,20.38,42368,-60.58,-53.0,0.02
2024-10-01T06:48:18.000,32.21,10.28,1.41,20.01,20.38,42369,-60.62,-53.0,0.02
2024-10-01T06:49:19.000,32.2,10.24,1.34,20.06,20.38,42370,-60.67,-53.0,0.02
2024-10-01T06:50:19.000,32.18,10.1,1.32,20.08,20.38,42371,-60.71,-53.0,0.02
2024-10-01T06:51:19.000,32.14,9.99,1.31,20.08,20.38,42372,-60.75,-53.0,0.02
2024-10-01T06:52:19.000,32.12,9.98,1.31,20.09,20.38,42373,-60.79,-53.0,0.02
2024-10-01T06:55:20.000,31.96,9.83,1.3,20.09,20.38,42376,-60.9,-53.0,0.02
2024-10-01T06:56:20.000,31.92,9.96,1.3,20.1,20.38,42377,-60.93,-53.0,0.02
2024-10-01T06:57:20.000,31.9,10.02,1.29,20.1,20.38,42378,-60.96,-53.0,0.02
2024-10-01T06:58:21.000,31.88,9.92,1.29,20.1,20.38,42379,-60.99,-53.0,0.02
2024-10-01T06:59:21.000,31.86,9.9,1.29,20.1,20.38,42380,-61.02,-53.0,0.02
2024-10-01T07:05:21.000,31.48,9.42,1.27,20.12,20.38,42386,-61.14,-52.0,0.02
2024-10-01T07:11:22.000,31.29,9.56,1.27,20.12,20.38,42392,-61.19,-52.0,0.02
2024-10-01T07:12:22.000,31.28,9.59,1.27,20.12,20.38,42393,-61.19,-52.0,0.02
2024-10-01T07:13:22.000,31.27,9.54,1.28,20.11,20.38,42394,-61.19,-52.0,0.02
2024-10-01T07:14:23.000,31.22,9.39,1.29,20.11,20.38,42395,-61.19,-52.0,0.02
2024-10-01T07:20:24.000,31.07,9.6,1.29,20.1,20.38,42401,-61.13,-51.0,0.02
2024-10-01T07:27:25.000,30.89,9.5,1.36,20.04,20.38,42408,-60.98,-51.0,0.019
2024-10-01T07:28:25.000,30.86,9.52,1.38,20.03,20.38,42409,-60.96,-50.0,0.019
2024-10-01T07:29:25.000,30.87,9.58,1.38,20.03,20.38,42410,-60.92,-50.0,0.019
2024-10-01T07:30:26.000,30.85,9.46,1.38,20.03,20.38,42411,-60.89,-50.0,0.019
2024-10-01T07:31:26.000,30.85,9.58,1.39,20.02,20.38,42412,-60.86,-50.0,0.019
2024-10-01T07:32:26.000,30.85,9.46,1.38,20.03,20.38,42413,-60.82,-50.0,0.019
2024-10-01T07:33:26.000,30.84,9.47,1.36,20.05,20.38,42414,-60.78,-50.0,0.019
2024-10-01T07:34:26.000,30.82,9.37,1.33,20.07,20.38,42415,-60.74,-50.0,0.019
2024-10-01T07:35:27.000,30.75,9.22,1.32,20.08,20.38,42416,-60.7,-50.0,0.019
2024-10-01T07:36:27.000,30.69,9.26,1.31,20.09,20.38,42417,-60.66,-50.0,0.019
2024-10-01T07:43:28.000,30.49,9.39,1.32,20.07,20.38,42424,-60.3,-49.0,0.019
2024-10-01T07:44:29.000,30.48,9.4,1.32,20.08,20.38,42425,-60.24,-49.0,0.019
2024-10-01T07:45:29.000,30.46,9.44,1.31,20.09,20.38,42426,-60.18,-49.0,0.019
2024-10-01T07:46:29.000,30.45,9.44,1.3,20.09,20.38,42427,-60.12,-49.0,0.019
2024-10-01T07:47:29.000,30.44,9.39,1.3,20.1,20.38,42428,-60.06,-48.0,0.019
2024-10-01T07:48:29.000,30.45,9.38,1.29,20.1,20.38,42429,-59.99,-48.0,0.019
2024-10-01T07:49:29.000,30.42,9.36,1.29,20.1,20.38,42430,-59.93,-48.0,0.019
2024-10-01T07:50:29.000,30.42,9.42,1.29,20.1,20.38,42431,-59.86,-48.0,0.019
2024-10-01T07:51:29.000,30.42,9.48,1.3,20.1,20.38,42432,-59.79,-48.0,0.019
2024-10-01T07:52:29.000,30.42,9.39,1.3,20.1,20.38,42433,-59.72,-48.0,0.019
2024-10-01T07:53:29.000,30.41,9.34,1.3,20.1,20.38,42434,-59.64,-48.0,0.019
2024-10-01T07:54:29.000,30.37,9.19,1.3,20.09,20.38,42435,-59.57,-48.0,0.019
2024-10-01T07:55:30.000,30.35,9.13,1.31,20.09,20.38,42436,-59.49,-47.0,0.019
2024-10-01T07:56:30.000,30.33,9.08,1.31,20.08,20.38,42437,-59.41,-47.0,0.019
2024-10-01T07:57:30.000,30.33,9.07,1.29,20.11,20.38,42438,-59.33,-47.0,0.019
2024-10-01T07:58:30.000,30.31,8.99,1.26,20.13,20.38,42439,-59.25,-47.0,0.019
2024-10-01T07:59:31.000,30.3,9.01,1.25,20.14,20.38,42440,-59.17,-47.0,0.019
2024-10-01T08:00:31.000,30.31,9.01,1.25,20.14,20.38,42441,-59.09,-47.0,0.019
2024-10-01T08:01:31.000,30.3,8.95,1.24,20.15,20.38,42442,-59.0,-47.0,0.019
2024-10-01T08:02:31.000,30.3,9.01,1.24,20.15,20.38,42443,-58.91,-47.0,0.019
2024-10-01T08:03:31.000,30.34,8.98,1.24,20.15,20.38,42444,-58.82,-47.0,0.019
2024-10-01T08:04:32.000,30.33,8.94,1.24,20.15,20.38,42445,-58.73,-46.0,0.019
2024-10-01T08:05:32.000,30.34,8.91,1.24,20.15,20.38,42446,-58.64,-46.0,0.019
2024-10-01T08:06:32.000,30.32,8.86,1.24,20.15,20.38,42447,-58.55,-46.0,0.019
2024-10-01T08:07:32.000,30.31,8.94,1.24,20.15,20.38,42448,-58.45,-46.0,0.019
2024-10-01T08:08:32.000,30.32,8.95,1.24,20.15,20.38,42449,-58.36,-46.0,0.019
2024-10-01T08:09:33.000,30.34,8.92,1.24,20.15,20.38,42450,-58.26,-46.0,0.019
2024-10-01T08:10:33.000,30.34,8.89,1.24,20.15,20.38,42451,-58.16,-46.0,0.019
2024-10-01T08:11:33.000,30.32,8.81,1.23,20.15,20.38,42452,-58.06,-45.0,0.019
2024-10-01T08:12:33.000,30.31,8.94,1.24,20.15,20.38,42453,-57.95,-45.0,0.019
2024-10-01T08:13:34.000,30.3,8.85,1.24,20.15,20.38,42454,-57.85,-45.0,0.019
2024-10-01T08:14:34.000,30.32,8.91,1.24,20.15,20.38,42455,-57.74,-45.0,0.019
2024-10-01T08:15:34.000,30.33,8.89,1.24,20.15,20.38,42456,-57.64,-45.0,0.019
2024-10-01T08:16:34.000,30.33,8.79,1.24,20.15,20.38,42457,-57.53,-45.0,0.019
2024-10-01T08:17:34.000,30.31,8.83,1.24,20.15,20.38,42458,-57.42,-45.0,0.019
2024-10-01T08:18:35.000,30.33,8.82,1.24,20.15,20.38,42459,-57.31,-44.0,0.018
2024-10-01T08:19:35.000,30.33,8.85,1.24,20.15,20.38,42460,-57.2,-44.0,0.018
2024-10-01T08:20:35.000,30.35,8.88,1.24,20.15,20.38,42461,-57.09,-44.0,0.018
2024-10-01T08:26:36.000,30.34,8.8,1.24,20.15,20.38,42467,-56.38,-43.0,0.018
2024-10-01T08:27:36.000,30.35,8.87,1.24,20.15,20.38,42468,-56.26,-43.0,0.018
2024-10-01T08:28:36.000,30.36,8.66,1.24,20.15,20.38,42469,-56.14,-43.0,0.018
2024-10-01T08:29:37.000,30.29,8.62,1.24,20.15,20.38,42470,-56.01,-43.0,0.018
2024-10-01T08:30:37.000,30.31,8.75,1.24,20.15,20.38,42471,-55.89,-43.0,0.018
2024-10-01T08:31:37.000,30.32,8.63,1.24,20.15,20.38,42472,-55.76,-43.0,0.018
2024-10-01T08:32:37.000,30.26,8.49,1.24,20.15,20.38,42473,-55.63,-42.0,0.018
2024-10-01T08:33:37.000,30.2,8.35,1.24,20.15,20.38,42474,-55.51,-42.0,0.018
2024-10-01T08:37:39.000,30.08,8.24,1.24,20.15,20.38,42478,-54.98,-42.0,0.018
2024-10-01T08:39:39.000,30.01,8.33,1.24,20.15,20.38,42480,-54.71,-41.0,0.018
2024-10-01T08:40:39.000,29.98,8.35,1.24,20.15,20.38,42481,-54.57,-41.0,0.018
2024-10-01T08:41:39.000,29.97,8.22,1.24,20.15,20.38,42482,-54.44,-41.0,0.018
2024-10-01T08:42:40.000,29.92,8.21,1.24,20.15,20.38,42483,-54.3,-41.0,0.018
2024-10-01T08:43:40.000,29.89,8.16,1.24,20.15,20.38,42484,-54.16,-41.0,0.018
2024-10-01T08:44:40.000,29.84,7.96,1.23,20.15,20.38,42485,-54.02,-41.0,0.018
2024-10-01T08:45:40.000,29.84,8.12,1.23,20.15,20.38,42486,-53.88,-40.0,0.018
2024-10-01T08:47:41.000,29.55,7.51,1.23,20.16,20.38,42488,-53.59,-40.0,0.018
2024-10-01T08:48:41.000,29.44,7.58,1.21,20.17,20.38,42489,-53.45,-40.0,0.018
2024-10-01T08:49:41.000,29.42,7.9,1.19,20.19,20.38,42490,-53.3,-40.0,0.018
2024-10-01T08:50:41.000,29.49,8.14,1.19,20.19,20.38,42491,-53.16,-40.0,0.018
2024-10-01T08:51:42.000,29.5,8.04,1.19,20.19,20.38,42492,-53.01,-40.0,0.018
2024-10-01T08:52:42.000,29.5,8.05,1.19,20.19,20.38,42493,-52.86,-39.0,0.018
2024-10-01T08:53:42.000,29.5,8.07,1.19,20.19,20.38,42494,-52.71,-39.0,0.018
2024-10-01T08:54:42.000,29.43,7.77,1.19,20.19,20.38,42495,-52.56,-39.0,0.018
2024-10-01T08:55:42.000,29.38,7.87,1.19,20.19,20.38,42496,-52.41,-39.0,0.018
2024-10-01T08:56:43.000,29.33,7.82,1.19,20.19,20.38,42497,-52.26,-39.0,0.018
2024-10-01T08:57:43.000,29.28,7.92,1.19,20.19,20.38,42498,-52.11,-39.0,0.018
2024-10-01T08:58:43.000,29.28,7.89,1.19,20.19,20.38,42499,-51.96,-38.0,0.018
2024-10-01T08:59:43.000,29.19,7.63,1.19,20.19,20.38,42500,-51.8,-38.0,0.018
2024-10-01T09:00:43.000,29.14,7.86,1.18,20.2,20.38,42501,-51.65,-38.0,0.018
2024-10-01T09:01:44.000,29.13,7.9,1.18,20.2,20.38,42502,-51.49,-38.0,0.018
2024-10-01T09:02:44.000,29.12,7.91,1.18,20.2,20.38,42503,-51.34,-38.0,0.018
2024-10-01T09:04:44.000,29.15,8.08,1.18,20.2,20.38,42505,-51.02,-37.0,0.018
2024-10-01T09:05:45.000,29.2,8.0,1.18,20.2,20.38,42506,-50.86,-37.0,0.018
2024-10-01T09:06:45.000,29.08,7.42,1.18,20.2,20.38,42507,-50.7,-37.0,0.018
2024-10-01T09:07:45.000,29.06,7.84,1.18,20.2,20.38,42508,-50.54,-37.0,0.018
2024-10-01T09:08:45.000,29.04,7.65,1.18,20.2,20.38,42509,-50.38,-37.0,0.018
2024-10-01T09:09:45.000,29.02,7.76,1.18,20.2,20.38,42510,-50.22,-37.0,0.018
2024-10-01T09:10:46.000,29.0,7.81,1.18,20.2,20.38,42511,-50.06,-36.0,0.018
2024-10-01T09:11:46.000,28.99,7.71,1.18,20.2,20.38,42512,-49.9,-36.0,0.018
2024-10-01T09:12:46.000,28.93,7.44,1.18,20.2,20.38,42513,-49.73,-36.0,0.018
2024-10-01T09:13:46.000,28.89,7.72,1.18,20.2,20.38,42514,-49.57,-36.0,0.018
2024-10-01T09:14:46.000,28.92,7.79,1.18,20.2,20.38,42515,-49.4,-36.0,0.018
2024-10-01T09:15:47.000,28.95,7.77,1.18,20.2,20.38,42516,-49.24,-36.0,0.017
2024-10-01T09:17:47.000,28.99,7.78,1.18,20.2,20.38,42518,-48.9,-35.0,0.017
2024-10-01T09:18:47.000,28.98,7.7,1.18,20.2,20.38,42519,-48.74,-35.0,0.017
2024-10-01T09:19:47.000,28.97,7.76,1.18,20.2,20.38,42520,-48.57,-35.0,0.017
2024-10-01T09:20:48.000,28.97,7.77,1.19,20.19,20.38,42521,-48.4,-35.0,0.017
2024-10-01T09:31:49.000,28.78,7.43,1.19,20.19,20.38,42532,-46.51,-33.0,0.017
2024-10-01T09:32:49.000,28.72,7.45,1.19,20.19,20.38,42533,-46.33,-33.0,0.017
2024-10-01T09:33:49.000,28.72,7.62,1.19,20.19,20.38,42534,-46.15,-32.0,0.017
2024-10-01T09:34:49.000,28.76,7.77,1.19,20.19,20.38,42535,-45.98,-32.0,0.017
2024-10-01T09:35:50.000,28.82,7.85,1.19,20.19,20.38,42536,-45.8,-32.0,0.017
2024-10-01T09:36:50.000,28.87,7.77,1.19,20.19,20.38,42537,-45.62,-32.0,0.017
2024-10-01T09:37:50.000,28.89,7.76,1.19,20.19,20.38,42538,-45.44,-32.0,0.017
2024-10-01T09:38:50.000,28.89,7.65,1.19,20.19,20.38,42539,-45.27,-32.0,0.017
2024-10-01T09:40:51.000,28.78,7.57,1.19,20.19,20.38,42541,-44.9,-31.0,0.017
2024-10-01T09:42:51.000,28.8,7.69,1.19,20.19,20.38,42543,-44.54,-31.0,0.017
2024-10-01T09:43:51.000,28.8,7.72,1.19,20.19,20.38,42544,-44.36,-31.0,0.017
2024-10-01T09:44:52.000,28.8,7.73,1.19,20.19,20.38,42545,-44.18,-30.0,0.017
2024-10-01T09:45:52.000,28.78,7.57,1.19,20.19,20.38,42546,-44.0,-30.0,0.017
2024-10-01T09:50:52.000,28.39,7.3,1.19,20.19,20.38,42551,-43.08,-29.0,0.017
2024-10-01T10:00:54.000,28.05,7.06,1.19,20.19,20.38,42561,-41.22,-28.0,0.017
2024-10-01T10:01:54.000,28.06,7.36,1.19,20.19,20.38,42562,-41.03,-27.0,0.017
2024-10-01T10:02:54.000,28.14,7.55,1.19,20.19,20.38,42563,-40.84,-27.0,0.017
2024-10-01T10:03:54.000,28.23,7.62,1.19,20.19,20.38,42564,-40.65,-27.0,0.017
2024-10-01T10:04:55.000,28.28,7.51,1.19,20.19,20.38,42565,-40.46,-27.0,0.017
2024-10-01T10:05:55.000,28.27,7.33,1.19,20.19,20.38,42566,-40.27,-27.0,0.017
2024-10-01T10:08:56.000,28.24,7.48,1.19,20.19,20.38,42569,-39.7,-26.0,0.017
2024-10-01T10:13:14.000,28.32,7.48,1.19,20.19,20.38,42573,-38.87,-25.0,0.017
2024-10-01T10:14:14.000,28.35,7.53,1.19,20.19,20.38,42574,-38.68,-25.0,0.016
2024-10-01T10:15:14.000,28.37,7.54,1.19,20.19,20.38,42575,-38.49,-25.0,0.016
2024-10-01T10:16:15.000,28.41,7.56,1.19,20.19,20.38,42576,-38.29,-25.0,0.016
2024-10-01T10:22:15.000,28.48,7.16,1.19,20.19,20.38,42582,-37.13,-24.0,0.016
2024-10-01T10:23:15.000,28.45,7.08,1.19,20.19,20.38,42583,-36.93,-23.0,0.016
2024-10-01T10:34:16.000,28.04,6.9,1.19,20.19,20.38,42594,-34.77,-21.0,0.016
2024-10-01T10:35:17.000,28.05,6.87,1.19,20.19,20.38,42595,-34.57,-21.0,0.016
2024-10-01T10:36:17.000,28.02,6.78,1.19,20.19,20.38,42596,-34.37,-21.0,0.016
2024-10-01T10:37:17.000,27.98,6.75,1.19,20.19,20.38,42597,-34.17,-21.0,0.016
2024-10-01T10:38:17.000,27.92,6.72,1.19,20.19,20.38,42598,-33.97,-20.0,0.016
2024-10-01T10:39:17.000,27.89,6.74,1.18,20.2,20.38,42599,-33.77,-20.0,0.016
2024-10-01T10:40:18.000,27.82,6.48,1.18,20.2,20.38,42600,-33.57,-20.0,0.016
2024-10-01T10:41:18.000,27.63,6.14,1.18,20.2,20.38,42601,-33.37,-20.0,0.016
2024-10-01T10:42:18.000,27.52,6.41,1.18,20.2,20.38,42602,-33.17,-20.0,0.016
2024-10-01T10:43:18.000,27.51,6.38,1.18,20.2,20.38,42603,-32.97,-19.0,0.016
2024-10-01T10:44:18.000,27.42,6.21,1.18,20.2,20.38,42604,-32.77,-19.0,0.016
2024-10-01T10:45:19.000,27.39,6.29,1.18,20.2,20.38,42605,-32.57,-19.0,0.016
