Downloads/jupyter/ECSV/stars19/all.ecsv
# %ECSV 1.0
# ---
# datatype:
# - {name: time, datatype: string}
# - {name: Enclosure Temperature, unit: deg_C, datatype: float64}
# - {name: Sky Temperature, unit: deg_C, datatype: float64}
# - {name: Frequency, unit: Hz, datatype: float64}
# - {name: MSAS, unit: mag / arcsec2, datatype: float64}
# - {name: ZP, datatype: float64}
# - {name: Sequence Number, datatype: int64}
# - {name: Sun Alt, unit: deg, datatype: float64}
# - {name: Moon Alt, unit: deg, datatype: float64}
# - {name: Moon Illumination, datatype: float64}
# delimiter: ','
# meta: !!omap
# - ida:
#     Data supplier: {affiliation: null, observer: null}
#     Device type: TESS-W
#     Field of view: 17.0
#     Filters per channel: None
#     Instrument ID: stars19
#     License: ODbL 1.0 http://opendatacommons.org/licenses/odbl/summary/
#     Local timezone: America/Phoenix
#     Location name: {country: United States, place: Tucson, region: Arizona, sub_region: Pima County, town: Tucson}
#     Measurement direction per channel: {azimuth: 0.0, zenital: 0.0}
#     Moving / Fixed look direction: FIXED
#     Moving / Stationary position: STATIONARY
#     Number of channels: 1
#     Number of fields per line: 8
#     Number of header lines: 35
#     Position: {height: 0.0, latitude: 32.223877, longitude: -110.767532}
#     TESS MAC address: 18:FE:34:CF:EC:06
#     TESS cover offset value: 0.0
#     TESS firmware version: '1.0'
#     TESS zero point: 20.38
#     Time Synchronization: timestamp added by MQTT subscriber
#     URL: http://www.darksky.org/NSBM/sdf1.0.pdf
# - __serialized_columns__:
#     Enclosure Temperature:
#       __class__: astropy.units.quantity.Quantity
#       unit: &id001 !astropy.units.Unit {unit: deg_C}
#       value: !astropy.table.SerializedColumn {name: Enclosure Temperature}
#     Frequency:
#       __class__: astropy.units.quantity.Quantity
#       unit: !astropy.units.Unit {unit: Hz}
#       value: !astropy.table.SerializedColumn {name: Frequency}
#     MSAS:
#       __class__: astropy.units.quantity.Quantity
#       unit: !astropy.units.Unit {unit: mag / arcsec2}
#       value: !astropy.table.SerializedColumn {name: MSAS}
#     Moon Alt:
#       __class__: astropy.units.quantity.Quantity
#       unit: &id002 !astropy.units.Unit {unit: deg}
#       value: !astropy.table.SerializedColumn {name: Moon Alt}
#     Sky Temperature:
#       __class__: astropy.units.quantity.Quantity
#       unit: *id001
#       value: !astropy.table.SerializedColumn {name: Sky Temperature}
#     Sun Alt:
#       __class__: astropy.units.quantity.Quantity
#       unit: *id002
#       value: !astropy.table.SerializedColumn {name: Sun Alt}
#     time:
#       __class__: astropy.time.core.Time
#       format: isot
#       in_subfmt: '*'
#       out_subfmt: '*'
#       precision: 3
#       scale: utc
#       value: !astropy.table.SerializedColumn {name: time}
# schema: astropy-2.0
time,Enclosure Temperature,Sky Temperature,Frequency,MSAS,ZP,Sequence Number,Sun Alt,Moon Alt,Moon Illumination
[from data line 3601]
2024-10-05T13:59:47.000,24.79,3.51,0.0,0.0,20.38,48475,7.46,-24.0,0.07
2024-10-05T14:00:47.000,24.77,3.61,0.0,0.0,20.38,48476,7.67,-24.0,0.07
2024-10-05T14:01:47.000,24.82,3.88,0.0,0.0,20.38,48477,7.87,-23.0,0.07
2024-10-05T14:03:47.000,24.85,3.67,0.0,0.0,20.38,48479,8.29,-23.0,0.07
2024-10-05T14:04:47.000,24.84,3.51,0.0,0.0,20.38,48480,8.5,-23.0,0.07
2024-10-05T14:06:48.000,24.92,3.94,0.0,0.0,20.38,48482,8.91,-22.0,0.07
2024-10-05T14:08:48.000,24.97,3.87,0.0,0.0,20.38,48484,9.33,-22.0,0.07
2024-10-05T14:09:48.000,25.0,3.88,0.0,0.0,20.38,48485,9.53,-22.0,0.07
2024-10-05T14:10:48.000,25.02,3.97,0.0,0.0,20.38,48486,9.74,-22.0,0.07
2024-10-05T14:15:48.000,25.12,3.71,0.0,0.0,20.38,48491,10.77,-21.0,0.07
2024-10-05T14:17:48.000,25.08,4.04,0.0,0.0,20.38,48493,11.18,-20.0,0.07
2024-10-05T14:20:48.000,25.27,4.38,0.0,0.0,20.38,48496,11.8,-20.0,0.07
2024-10-05T14:22:49.000,25.36,4.23,0.0,0.0,20.38,48498,12.21,-19.0,0.07
2024-10-05T14:23:49.000,25.41,4.4,0.0,0.0,20.38,48499,12.42,-19.0,0.07
2024-10-05T14:24:49.000,25.47,4.43,0.0,0.0,20.38,48500,12.62,-19.0,0.07
2024-10-05T14:25:49.000,25.5,4.47,0.0,0.0,20.38,48501,12.83,-19.0,0.07
2024-10-05T14:27:49.000,25.6,4.53,0.0,0.0,20.38,48503,13.24,-18.0,0.071
2024-10-05T14:28:50.000,25.61,4.47,0.0,0.0,20.38,48504,13.44,-18.0,0.071
2024-10-05T14:29:50.000,25.61,4.51,0.0,0.0,20.38,48505,13.65,-18.0,0.071
2024-10-05T15:30:05.000,30.33,10.79,0.0,0.0,20.38,48565,25.62,-6.0,0.073
2024-10-05T15:31:05.000,30.44,11.13,0.0,0.0,20.38,48566,25.81,-6.0,0.073
2024-10-05T15:32:05.000,30.52,11.27,0.0,0.0,20.38,48567,26.0,-6.0,0.073
2024-10-05T15:33:05.000,30.65,12.49,339.08,0.05,20.38,48568,26.19,-5.0,0.073
2024-10-05T15:34:05.000,30.74,11.04,0.0,0.0,20.38,48569,26.38,-5.0,0.073
2024-10-05T15:36:06.000,30.81,11.31,0.0,0.0,20.38,48571,26.77,-5.0,0.073
2024-10-05T15:37:06.000,30.9,11.45,0.0,0.0,20.38,48572,26.96,-5.0,0.073
2024-10-05T15:38:06.000,30.93,11.5,0.0,0.0,20.38,48573,27.15,-4.0,0.073
2024-10-05T16:12:11.000,33.9,16.84,0.0,0.0,20.38,48607,33.42,2.0,0.074
2024-10-05T16:13:11.000,34.05,17.01,0.0,0.0,20.38,48608,33.6,2.0,0.074
2024-10-05T16:14:11.000,34.15,16.86,0.0,0.0,20.38,48609,33.77,2.0,0.074
2024-10-05T16:15:12.000,34.19,16.9,0.01,0.12,20.38,48610,33.95,2.0,0.074
2024-10-05T16:16:12.000,34.23,16.82,0.0,0.0,20.38,48611,34.13,3.0,0.074
2024-10-05T16:17:12.000,34.31,16.98,0.0,0.0,20.38,48612,34.31,3.0,0.074
2024-10-05T16:18:12.000,34.28,16.74,0.0,0.0,20.38,48613,34.48,3.0,0.074
2024-10-05T16:20:12.000,34.19,16.59,0.0,0.0,20.38,48615,34.83,3.0,0.074
2024-10-05T16:22:12.000,34.28,17.01,0.0,0.0,20.38,48617,35.18,4.0,0.074
2024-10-05T16:23:12.000,34.36,17.16,0.0,0.0,20.38,48618,35.35,4.0,0.074
2024-10-05T16:24:13.000,34.4,17.05,0.0,0.0,20.38,48619,35.53,4.0,0.075
2024-10-05T16:33:14.000,35.05,17.61,0.0,0.0,20.38,48628,37.06,6.0,0.075
2024-10-05T16:34:14.000,35.12,17.84,0.0,0.0,20.38,48629,37.23,6.0,0.075
2024-10-05T16:35:14.000,35.25,18.0,0.0,0.0,20.38,48630,37.39,6.0,0.075
2024-10-05T16:37:14.000,35.41,18.06,0.0,0.0,20.38,48632,37.73,6.0,0.075
2024-10-05T16:38:14.000,35.52,18.24,0.0,0.0,20.38,48633,37.89,7.0,0.075
2024-10-05T16:39:15.000,35.62,18.31,0.0,0.0,20.38,48634,38.06,7.0,0.075
2024-10-05T17:11:18.000,46.79,23.31,0.0,0.0,20.38,48666,43.02,12.0,0.076
2024-10-05T17:12:18.000,47.05,23.65,0.0,0.0,20.38,48667,43.16,13.0,0.076
2024-10-05T17:13:19.000,47.43,24.06,0.0,0.0,20.38,48668,43.31,13.0,0.076
2024-10-05T17:15:19.000,47.18,22.4,0.0,0.0,20.38,48670,43.59,13.0,0.076
2024-10-05T17:16:19.000,47.2,22.91,0.0,0.0,20.38,48671,43.73,13.0,0.076
2024-10-05T17:17:19.000,47.39,23.04,0.0,0.0,20.38,48672,43.87,13.0,0.076
2024-10-05T17:18:19.000,47.32,22.58,0.0,0.0,20.38,48673,44.01,14.0,0.076
2024-10-05T17:19:19.000,47.38,23.13,0.0,0.0,20.38,48674,44.15,14.0,0.076
2024-10-05T17:21:19.000,48.23,24.2,0.0,0.0,20.38,48676,44.42,14.0,0.077
2024-10-05T17:22:20.000,48.67,24.73,0.0,0.0,20.38,48677,44.56,14.0,0.077
2024-10-05T17:23:20.000,48.9,24.33,0.0,0.0,20.38,48678,44.69,14.0,0.077
2024-10-05T18:26:33.000,51.72,24.59,0.0,0.0,20.38,48741,51.16,24.0,0.079
2024-10-05T18:27:33.000,51.94,23.63,0.0,0.0,20.38,48742,51.22,24.0,0.079
2024-10-05T18:28:33.000,52.03,23.93,0.0,0.0,20.38,48743,51.28,24.0,0.079
2024-10-05T18:30:33.000,51.53,22.55,0.0,0.0,20.38,48745,51.4,25.0,0.079
2024-10-05T18:31:33.000,52.08,24.99,0.0,0.0,20.38,48746,51.46,25.0,0.079
2024-10-05T18:32:33.000,52.85,25.54,0.0,0.0,20.38,48747,51.52,25.0,0.079
2024-10-05T18:33:33.000,53.36,25.57,0.0,0.0,20.38,48748,51.58,25.0,0.079
2024-10-05T18:36:34.000,53.63,24.52,0.0,0.0,20.38,48751,51.74,25.0,0.079
2024-10-05T18:39:34.000,54.14,25.72,0.0,0.0,20.38,48754,51.88,26.0,0.079
2024-10-05T18:41:34.000,54.27,23.86,0.0,0.0,20.38,48756,51.97,26.0,0.079
2024-10-05T18:46:34.000,54.29,23.86,0.0,0.0,20.38,48761,52.18,27.0,0.08
2024-10-05T18:50:36.000,53.48,22.66,0.0,0.0,20.38,48765,52.31,27.0,0.08
2024-10-05T18:51:36.000,53.38,23.01,0.0,0.0,20.38,48766,52.34,27.0,0.08
2024-10-05T18:54:36.000,53.11,23.53,0.0,0.0,20.38,48769,52.42,28.0,0.08
2024-10-05T18:55:36.000,53.35,23.83,0.0,0.0,20.38,48770,52.45,28.0,0.08
2024-10-05T18:56:36.000,53.44,23.33,0.0,0.0,20.38,48771,52.47,28.0,0.08
2024-10-05T19:02:41.000,53.82,23.63,0.0,0.0,20.38,48777,52.57,29.0,0.08
2024-10-05T19:03:42.000,54.0,24.25,0.0,0.0,20.38,48778,52.59,29.0,0.08
2024-10-05T19:04:42.000,54.13,24.42,0.0,0.0,20.38,48779,52.6,29.0,0.08
2024-10-05T19:06:42.000,54.13,23.69,0.0,0.0,20.38,48781,52.61,29.0,0.08
2024-10-05T19:08:44.000,53.98,24.17,0.0,0.0,20.38,48783,52.62,29.0,0.08
2024-10-05T19:09:44.000,54.5,24.68,0.0,0.0,20.38,48784,52.63,30.0,0.08
2024-10-05T19:10:44.000,54.62,23.97,0.0,0.0,20.38,48785,52.63,30.0,0.08
2024-10-05T19:22:53.000,53.94,23.56,0.0,0.0,20.38,48797,52.52,31.0,0.081
2024-10-05T19:23:53.000,54.1,23.84,0.0,0.0,20.38,48798,52.5,31.0,0.081
2024-10-05T19:24:53.000,54.26,23.98,0.0,0.0,20.38,48799,52.48,31.0,0.081
2024-10-05T19:26:54.000,54.51,23.96,0.0,0.0,20.38,48801,52.44,31.0,0.081
2024-10-05T19:27:53.000,54.68,23.95,0.0,0.0,20.38,48802,52.41,31.0,0.081
2024-10-05T19:28:54.000,54.79,23.97,0.0,0.0,20.38,48803,52.39,32.0,0.081
2024-10-05T19:53:10.000,56.7,23.63,0.0,0.0,20.38,48826,51.31,34.0,0.082
2024-10-05T19:54:10.000,56.47,22.9,0.0,0.0,20.38,48827,51.25,34.0,0.082
2024-10-05T19:55:15.000,56.45,23.31,0.0,0.0,20.38,48828,51.18,34.0,0.082
2024-10-05T20:18:26.000,55.72,22.73,0.0,0.0,20.38,48851,49.34,35.0,0.083
2024-10-05T20:19:26.000,55.7,21.46,0.0,0.0,20.38,48852,49.24,35.0,0.083
2024-10-05T20:20:30.000,55.54,21.45,0.0,0.0,20.38,48853,49.14,36.0,0.083
2024-10-05T20:22:30.000,54.94,20.98,0.0,0.0,20.38,48855,48.95,36.0,0.083
2024-10-05T20:27:31.000,54.74,21.66,0.0,0.0,20.38,48860,48.44,36.0,0.083
2024-10-05T20:28:31.000,54.86,21.81,0.0,0.0,20.38,48861,48.33,36.0,0.083
2024-10-05T20:29:32.000,54.8,21.42,0.0,0.0,20.38,48862,48.23,36.0,0.083
2024-10-05T20:30:36.000,54.61,20.67,0.0,0.0,20.38,48863,48.11,36.0,0.083
2024-10-05T20:31:39.000,54.8,22.21,0.0,0.0,20.38,48864,48.0,36.0,0.083
2024-10-05T20:32:42.000,55.22,22.63,0.0,0.0,20.38,48865,47.88,36.0,0.083
2024-10-05T20:34:42.000,55.6,21.31,0.0,0.0,20.38,48867,47.66,36.0,0.084
2024-10-05T20:36:42.000,55.91,21.86,0.0,0.0,20.38,48869,47.44,36.0,0.084
2024-10-05T20:53:46.000,55.18,21.43,0.0,0.0,20.38,48885,45.35,37.0,0.084
2024-10-05T20:54:47.000,55.06,20.55,0.0,0.0,20.38,48886,45.22,37.0,0.084
2024-10-05T20:55:47.000,55.25,21.4,0.0,0.0,20.38,48887,45.09,37.0,0.084
2024-10-05T20:56:47.000,55.21,20.32,0.0,0.0,20.38,48888,44.96,37.0,0.084
2024-10-05T20:57:47.000,55.17,20.95,0.0,0.0,20.38,48889,44.82,37.0,0.084
2024-10-05T20:58:47.000,55.07,19.58,0.0,0.0,20.38,48890,44.69,37.0,0.084
2024-10-05T21:00:47.000,55.42,20.38,0.0,0.0,20.38,48892,44.42,37.0,0.085
2024-10-05T21:01:48.000,55.58,20.87,0.0,0.0,20.38,48893,44.28,37.0,0.085
2024-10-05T21:02:48.000,55.79,21.54,0.0,0.0,20.38,48894,44.15,37.0,0.085
2024-10-05T21:11:51.000,56.59,20.51,0.0,0.0,20.38,48903,42.87,37.0,0.085
2024-10-05T21:12:51.000,56.36,19.58,0.0,0.0,20.38,48904,42.72,37.0,0.085
2024-10-05T21:13:51.000,55.77,19.15,0.0,0.0,20.38,48905,42.58,37.0,0.085
2024-10-05T21:15:53.000,55.56,19.99,0.0,0.0,20.38,48907,42.28,37.0,0.085
2024-10-05T21:16:53.000,55.39,19.74,0.0,0.0,20.38,48908,42.13,37.0,0.085
2024-10-05T21:17:54.000,55.62,20.3,0.0,0.0,20.38,48909,41.98,37.0,0.085
2024-10-05T21:19:54.000,55.64,20.71,0.0,0.0,20.38,48911,41.68,37.0,0.085
2024-10-05T21:22:54.000,55.65,20.32,0.0,0.0,20.38,48914,41.23,37.0,0.085
2024-10-05T21:24:54.000,55.81,19.13,0.0,0.0,20.38,48916,40.92,37.0,0.085
2024-10-05T21:25:54.000,55.46,19.92,0.0,0.0,20.38,48917,40.76,37.0,0.085
2024-10-05T21:26:54.000,55.5,20.15,0.0,0.0,20.38,48918,40.61,37.0,0.085
2024-10-05T22:18:22.000,45.25,17.17,0.0,0.0,20.38,48969,31.9,35.0,0.087
2024-10-05T22:19:23.000,45.29,17.81,0.0,0.0,20.38,48970,31.72,35.0,0.087
2024-10-05T22:20:23.000,45.41,17.96,0.0,0.0,20.38,48971,31.54,35.0,0.087
2024-10-05T22:26:23.000,45.55,17.56,0.0,0.0,20.38,48977,30.44,34.0,0.088
2024-10-05T22:29:23.000,45.48,17.28,0.0,0.0,20.38,48980,29.89,34.0,0.088
2024-10-05T22:31:24.000,45.41,17.49,0.0,0.0,20.38,48982,29.51,34.0,0.088
2024-10-05T22:33:24.000,45.27,17.53,0.0,0.0,20.38,48984,29.14,34.0,0.088
2024-10-05T22:35:31.000,45.22,17.67,0.0,0.0,20.38,48986,28.74,34.0,0.088
2024-10-05T22:36:31.000,45.33,17.79,0.0,0.0,20.38,48987,28.56,33.0,0.088
2024-10-05T22:37:31.000,45.35,17.76,0.0,0.0,20.38,48988,28.37,33.0,0.088
2024-10-05T23:16:49.000,43.93,17.19,0.0,0.0,20.38,49027,20.78,30.0,0.09
2024-10-05T23:17:49.000,43.94,17.25,0.0,0.0,20.38,49028,20.58,29.0,0.09
2024-10-05T23:18:49.000,43.94,16.78,0.0,0.0,20.38,49029,20.38,29.0,0.09
2024-10-05T23:20:51.000,43.73,16.96,0.0,0.0,20.38,49031,19.97,29.0,0.09
2024-10-05T23:21:52.000,43.7,16.98,0.0,0.0,20.38,49032,19.77,29.0,0.09
2024-10-05T23:22:53.000,43.71,17.23,0.0,0.0,20.38,49033,19.57,29.0,0.09
2024-10-05T23:36:59.000,43.25,17.0,0.0,0.0,20.38,49047,16.74,27.0,0.09
2024-10-05T23:37:59.000,43.17,16.63,0.0,0.0,20.38,49048,16.54,27.0,0.09
2024-10-05T23:39:00.000,43.09,16.77,0.0,0.0,20.38,49049,16.33,27.0,0.09
2024-10-05T23:41:01.000,42.83,15.99,0.0,0.0,20.38,49051,15.93,27.0,0.091
2024-10-05T23:42:02.000,42.72,16.3,0.0,0.0,20.38,49052,15.72,26.0,0.091
2024-10-05T23:43:04.000,42.6,15.96,0.0,0.0,20.38,49053,15.51,26.0,0.091
2024-10-05T23:45:06.000,42.48,16.5,0.0,0.0,20.38,49055,15.1,26.0,0.091
2024-10-05T23:46:06.000,42.46,16.36,0.0,0.0,20.38,49056,14.9,26.0,0.091
2024-10-05T23:47:10.000,42.41,16.37,0.0,0.0,20.38,49057,14.68,26.0,0.091
2024-10-05T23:49:13.000,42.28,16.2,0.0,0.0,20.38,49059,14.26,26.0,0.091
2024-10-05T23:50:13.000,42.23,16.23,0.0,0.0,20.38,49060,14.06,25.0,0.091
2024-10-05T23:53:14.000,42.07,16.28,0.0,0.0,20.38,49063,13.44,25.0,0.091
2024-10-05T23:54:15.000,42.09,16.25,0.0,0.0,20.38,49064,13.23,25.0,0.091
2024-10-05T23:55:15.000,42.09,16.19,0.0,0.0,20.38,49065,13.03,25.0,0.091
2024-10-06T00:14:27.000,41.16,15.24,0.0,0.0,20.38,49084,9.08,22.0,0.092
2024-10-06T00:15:27.000,41.17,15.41,0.0,0.0,20.38,49085,8.87,22.0,0.092
2024-10-06T00:16:27.000,41.18,15.39,0.0,0.0,20.38,49086,8.66,22.0,0.092
2024-10-06T00:18:30.000,41.17,15.22,0.0,0.0,20.38,49088,8.24,21.0,0.092
2024-10-06T00:20:30.000,41.15,15.13,0.0,0.0,20.38,49090,7.82,21.0,0.092
2024-10-06T00:21:30.000,41.15,15.09,0.0,0.0,20.38,49091,7.62,21.0,0.092
2024-10-06T00:22:30.000,41.1,15.0,0.0,0.0,20.38,49092,7.41,21.0,0.092
2024-10-06T00:23:30.000,41.01,14.71,0.0,0.0,20.38,49093,7.2,21.0,0.092
2024-10-06T00:24:30.000,40.93,14.79,0.0,0.0,20.38,49094,6.99,21.0,0.092
2024-10-06T00:30:31.000,40.22,14.11,0.0,0.0,20.38,49100,5.74,20.0,0.092
2024-10-06T00:31:31.000,40.1,14.1,0.0,0.0,20.38,49101,5.53,19.0,0.093
2024-10-06T00:35:31.000,39.78,13.95,0.0,0.0,20.38,49105,4.69,19.0,0.093
2024-10-06T00:39:31.000,39.63,13.93,0.0,0.0,20.38,49109,3.86,18.0,0.093
2024-10-06T00:41:31.000,39.53,13.78,0.11,0.1,20.38,49111,3.44,18.0,0.093
2024-10-06T00:43:33.000,39.43,13.68,0.0,0.0,20.38,49113,3.01,18.0,0.093
2024-10-06T00:44:33.000,39.36,13.65,0.0,0.0,20.38,49114,2.8,17.0,0.093
2024-10-06T00:45:33.000,39.31,13.66,0.0,0.0,20.38,49115,2.59,17.0,0.093
2024-10-06T00:47:35.000,39.27,13.68,0.0,0.0,20.38,49117,2.17,17.0,0.093
2024-10-06T00:48:36.000,39.25,13.53,0.0,0.0,20.38,49118,1.95,17.0,0.093
2024-10-06T00:49:36.000,39.23,13.52,0.0,0.0,20.38,49119,1.74,17.0,0.093
2024-10-06T00:50:36.000,39.15,13.34,0.0,0.0,20.38,49120,1.53,16.0,0.093
2024-10-06T00:51:36.000,39.09,13.31,0.0,0.0,20.38,49121,1.32,16.0,0.093
2024-10-06T00:52:36.000,39.04,13.24,0.0,0.0,20.38,49122,1.11,16.0,0.093
2024-10-06T01:16:42.000,37.88,12.25,8134.68,10.61,20.38,49145,-3.96,12.0,0.094
2024-10-06T01:17:42.000,37.84,12.18,6400.07,10.87,20.38,49146,-4.18,12.0,0.094
2024-10-06T01:19:44.000,37.69,12.04,3894.13,11.41,20.38,49148,-4.61,12.0,0.094
2024-10-06T01:20:46.000,37.62,11.97,2999.23,11.69,20.38,49149,-4.82,11.0,0.094
2024-10-06T01:21:47.000,37.56,11.97,2309.32,11.97,20.38,49150,-5.04,11.0,0.094
2024-10-06T01:22:48.000,37.5,11.88,1776.64,12.26,20.38,49151,-5.25,11.0,0.095
2024-10-06T01:23:48.000,37.41,11.85,1366.7,12.54,20.38,49152,-5.47,11.0,0.095
2024-10-06T01:25:49.000,37.34,11.94,815.53,13.1,20.38,49154,-5.89,11.0,0.095
2024-10-06T01:26:51.000,37.34,11.9,631.93,13.38,20.38,49155,-6.11,10.0,0.095
2024-10-06T01:27:51.000,37.33,11.79,490.33,13.66,20.38,49156,-6.32,10.0,0.095
2024-10-06T01:28:52.000,37.28,11.64,382.79,13.93,20.38,49157,-6.54,10.0,0.095
2024-10-06T01:29:52.000,37.22,11.59,300.16,14.19,20.38,49158,-6.75,10.0,0.095
2024-10-06T01:30:52.000,37.19,11.67,235.22,14.45,20.38,49159,-6.96,10.0,0.095
2024-10-06T01:31:53.000,37.14,11.52,184.94,14.71,20.38,49160,-7.17,10.0,0.095
2024-10-06T01:32:53.000,37.09,11.59,146.36,14.97,20.38,49161,-7.39,9.0,0.095
2024-10-06T01:33:54.000,37.04,11.53,116.38,15.22,20.38,49162,-7.6,9.0,0.095
2024-10-06T01:34:54.000,37.02,11.5,93.36,15.46,20.38,49163,-7.81,9.0,0.095
2024-10-06T01:35:54.000,36.97,11.46,75.26,15.69,20.38,49164,-8.02,9.0,0.095
2024-10-06T01:36:55.000,36.92,11.46,61.02,15.92,20.38,49165,-8.24,9.0,0.095
2024-10-06T01:37:55.000,36.85,11.37,48.37,16.17,20.38,49166,-8.45,8.0,0.095
2024-10-06T01:38:55.000,36.82,11.31,40.9,16.35,20.38,49167,-8.66,8.0,0.095
2024-10-06T01:39:55.000,36.78,11.28,33.71,16.56,20.38,49168,-8.87,8.0,0.095
2024-10-06T01:40:56.000,36.73,11.27,27.88,16.77,20.38,49169,-9.09,8.0,0.095
2024-10-06T01:41:56.000,36.69,11.3,23.17,16.97,20.38,49170,-9.3,8.0,0.095
2024-10-06T01:42:56.000,36.67,11.27,19.48,17.16,20.38,49171,-9.51,8.0,0.095
2024-10-06T01:43:58.000,36.65,11.27,16.27,17.35,20.38,49172,-9.73,7.0,0.095
2024-10-06T01:44:58.000,36.64,11.26,13.67,17.54,20.38,49173,-9.94,7.0,0.095
2024-10-06T01:45:59.000,36.62,11.25,11.47,17.73,20.38,49174,-10.16,7.0,0.095
2024-10-06T01:47:00.000,36.62,11.23,9.73,17.91,20.38,49175,-10.37,7.0,0.095
2024-10-06T01:48:00.000,36.59,11.18,8.31,18.08,20.38,49176,-10.59,7.0,0.095
2024-10-06T01:49:01.000,36.6,11.22,7.13,18.25,20.38,49177,-10.8,7.0,0.096
2024-10-06T01:50:01.000,36.58,11.13,6.1,18.42,20.38,49178,-11.01,6.0,0.096
2024-10-06T02:09:06.000,35.97,10.82,1.92,19.67,20.38,49196,-15.05,3.0,0.096
2024-10-06T02:10:06.000,35.95,10.73,1.85,19.71,20.38,49197,-15.26,3.0,0.096
2024-10-06T02:11:08.000,35.94,10.7,1.83,19.72,20.38,49198,-15.48,3.0,0.096
2024-10-06T02:12:08.000,35.94,10.74,1.82,19.73,20.38,49199,-15.69,2.0,0.096
2024-10-06T02:13:12.000,35.96,10.67,1.81,19.73,20.38,49200,-15.92,2.0,0.096
2024-10-06T02:14:12.000,35.95,10.65,1.8,19.74,20.38,49201,-16.13,2.0,0.097
2024-10-06T02:15:14.000,35.96,10.72,1.79,19.75,20.38,49202,-16.35,2.0,0.097
2024-10-06T02:16:17.000,35.97,10.68,1.79,19.75,20.38,49203,-16.57,2.0,0.097
2024-10-06T02:17:17.000,35.99,10.61,1.78,19.75,20.38,49204,-16.78,1.0,0.097
2024-10-06T02:18:17.000,35.98,10.56,1.78,19.75,20.38,49205,-16.99,1.0,0.097
2024-10-06T02:19:18.000,35.99,10.56,1.78,19.76,20.38,49206,-17.2,1.0,0.097
2024-10-06T02:20:18.000,36.0,10.51,1.77,19.76,20.38,49207,-17.41,1.0,0.097
2024-10-06T02:21:18.000,36.0,10.5,1.78,19.75,20.38,49208,-17.63,1.0,0.097
2024-10-06T02:22:19.000,36.07,10.67,1.77,19.76,20.38,49209,-17.84,0.0,0.097
