Downloads/jupyter/ECSV/stars19/all.ecsv
# %ECSV 1.0
# ---
# datatype:
# - {name: time, datatype: string}
# - {name: Enclosure Temperature, unit: deg_C, datatype: float64}
# - {name: Sky Temperature, unit: deg_C, datatype: float64}
# - {name: Frequency, unit: Hz, datatype: float64}
# - {name: MSAS, unit: mag / arcsec2, datatype: float64}
# - {name: ZP, datatype: float64}
# - {name: Sequence Number, datatype: int64}
# - {name: Sun Alt, unit: deg, datatype: float64}
# - {name: Moon Alt, unit: deg, datatype: float64}
# - {name: Moon Illumination, datatype: float64}
# delimiter: ','
# meta: !!omap
# - ida:
#     Data supplier: {affiliation: null, observer: null}
#     Device type: TESS-W
#     Field of view: 17.0
#     Filters per channel: None
#     Instrument ID: stars19
#     License: ODbL 1.0 http://opendatacommons.org/licenses/odbl/summary/
#     Local timezone: America/Phoenix
#     Location name: {country: United States, place: Tucson, region: Arizona, sub_region: Pima County, town: Tucson}
#     Measurement direction per channel: {azimuth: 0.0, zenital: 0.0}
#     Moving / Fixed look direction: FIXED
#     Moving / Stationary position: STATIONARY
#     Number of channels: 1
#     Number of fields per line: 8
#     Number of header lines: 35
#     Position: {height: 0.0, latitude: 32.223877, longitude: -110.767532}
#     TESS MAC address: 18:FE:34:CF:EC:06
#     TESS cover offset value: 0.0
#     TESS firmware version: '1.0'
#     TESS zero point: 20.38
#     Time Synchronization: timestamp added by MQTT subscriber
#     URL: http://www.darksky.org/NSBM/sdf1.0.pdf
# - __serialized_columns__:
#     Enclosure Temperature:
#       __class__: astropy.units.quantity.Quantity
#       unit: &id001 !astropy.units.Unit {unit: deg_C}
#       value: !astropy.table.SerializedColumn {name: Enclosure Temperature}
#     Frequency:
#       __class__: astropy.units.quantity.Quantity
#       unit: !astropy.units.Unit {unit: Hz}
#       value: !astropy.table.SerializedColumn {name: Frequency}
#     MSAS:
#       __class__: astropy.units.quantity.Quantity
#       unit: !astropy.units.Unit {unit: mag / arcsec2}
#       value: !astropy.table.SerializedColumn {name: MSAS}
#     Moon Alt:
#       __class__: astropy.units.quantity.Quantity
#       unit: &id002 !astropy.units.Unit {unit: deg}
#       value: !astropy.table.SerializedColumn {name: Moon Alt}
#     Sky Temperature:
#       __class__: astropy.units.quantity.Quantity
#       unit: *id001
#       value: !astropy.table.SerializedColumn {name: Sky Temperature}
#     Sun Alt:
#       __class__: astropy.units.quantity.Quantity
#       unit: *id002
#       value: !astropy.table.SerializedColumn {name: Sun Alt}
#     time:
#       __class__: astropy.time.core.Time
#       format: isot
#       in_subfmt: '*'
#       out_subfmt: '*'
#       precision: 3
#       scale: utc
#       value: !astropy.table.SerializedColumn {name: time}
# schema: astropy-2.0
time,Enclosure Temperature,Sky Temperature,Frequency,MSAS,ZP,Sequence Number,Sun Alt,Moon Alt,Moon Illumination
[from data line 18965]
2024-10-27T01:14:21.000,34.68,9.39,39.49,16.39,20.38,605,-8.38,-36.0,0.247
2024-10-27T01:15:21.000,34.6,9.44,32.2,16.61,20.38,606,-8.59,-36.0,0.247
2024-10-27T01:16:22.000,34.53,9.38,26.49,16.82,20.38,607,-8.8,-36.0,0.247
2024-10-27T01:17:22.000,34.44,9.32,21.83,17.03,20.38,608,-9.01,-36.0,0.247
2024-10-27T01:18:22.000,34.35,9.24,18.1,17.24,20.38,609,-9.22,-36.0,0.246
2024-10-27T01:19:22.000,34.25,9.27,15.02,17.44,20.38,610,-9.43,-36.0,0.246
2024-10-27T01:20:22.000,34.19,9.23,12.58,17.63,20.38,611,-9.64,-36.0,0.246
2024-10-27T01:21:23.000,34.15,9.34,10.5,17.83,20.38,612,-9.85,-37.0,0.246
2024-10-27T01:22:23.000,34.07,9.18,8.82,18.02,20.38,613,-10.06,-37.0,0.246
2024-10-27T01:23:23.000,34.02,9.2,7.49,18.19,20.38,614,-10.27,-37.0,0.246
2024-10-27T01:24:23.000,33.97,9.18,6.38,18.37,20.38,615,-10.47,-37.0,0.246
2024-10-27T01:25:23.000,33.89,9.1,5.47,18.54,20.38,616,-10.68,-37.0,0.246
2024-10-27T01:26:24.000,33.82,9.04,4.75,18.69,20.38,617,-10.9,-37.0,0.246
2024-10-27T01:35:25.000,33.32,8.88,2.09,19.58,20.38,626,-12.79,-38.0,0.246
2024-10-27T01:36:25.000,33.29,8.89,2.0,19.63,20.38,627,-13.0,-39.0,0.245
2024-10-27T01:37:25.000,33.24,8.81,1.93,19.67,20.38,628,-13.21,-39.0,0.245
2024-10-27T01:38:25.000,33.2,8.83,1.86,19.71,20.38,629,-13.42,-39.0,0.245
2024-10-27T01:39:26.000,33.14,8.72,1.81,19.74,20.38,630,-13.63,-39.0,0.245
2024-10-27T01:40:26.000,33.1,8.74,1.77,19.76,20.38,631,-13.84,-39.0,0.245
2024-10-27T01:41:26.000,33.05,8.69,1.73,19.78,20.38,632,-14.05,-39.0,0.245
2024-10-27T01:42:26.000,33.01,8.66,1.71,19.8,20.38,633,-14.26,-39.0,0.245
2024-10-27T01:43:26.000,32.98,8.73,1.69,19.81,20.38,634,-14.47,-39.0,0.245
2024-10-27T01:45:27.000,32.95,8.66,1.65,19.83,20.38,636,-14.9,-40.0,0.245
2024-10-27T01:46:27.000,32.95,8.66,1.64,19.84,20.38,637,-15.11,-40.0,0.245
2024-10-27T01:55:28.000,32.59,8.25,1.59,19.88,20.38,646,-17.01,-41.0,0.244
2024-10-27T01:56:28.000,32.55,8.25,1.59,19.88,20.38,647,-17.22,-41.0,0.244
2024-10-27T01:57:29.000,32.51,8.21,1.61,19.87,20.38,648,-17.43,-41.0,0.244
2024-10-27T01:59:29.000,32.49,8.28,1.58,19.88,20.38,650,-17.85,-41.0,0.244
2024-10-27T02:00:29.000,32.46,8.1,1.58,19.88,20.38,651,-18.06,-41.0,0.244
2024-10-27T02:01:29.000,32.44,8.13,1.58,19.88,20.38,652,-18.28,-41.0,0.244
2024-10-27T02:02:30.000,32.39,8.05,1.58,19.89,20.38,653,-18.49,-41.0,0.244
2024-10-27T02:03:30.000,32.34,8.08,1.61,19.87,20.38,654,-18.7,-42.0,0.244
2024-10-27T02:04:30.000,32.3,7.95,1.58,19.88,20.38,655,-18.91,-42.0,0.244
2024-10-27T02:05:30.000,32.27,7.97,1.6,19.87,20.38,656,-19.12,-42.0,0.244
2024-10-27T02:06:30.000,32.25,8.02,1.61,19.86,20.38,657,-19.33,-42.0,0.244
2024-10-27T02:07:31.000,32.25,8.03,1.58,19.88,20.38,658,-19.55,-42.0,0.244
2024-10-27T02:08:31.000,32.26,7.97,1.58,19.88,20.38,659,-19.76,-42.0,0.244
2024-10-27T02:09:31.000,32.24,7.91,1.59,19.88,20.38,660,-19.97,-42.0,0.244
2024-10-27T02:10:31.000,32.25,7.97,1.58,19.88,20.38,661,-20.18,-42.0,0.244
2024-10-27T02:11:32.000,32.23,7.79,1.58,19.88,20.38,662,-20.4,-42.0,0.243
2024-10-27T02:12:32.000,32.2,7.86,1.58,19.89,20.38,663,-20.61,-42.0,0.243
2024-10-27T02:13:32.000,32.19,7.79,1.57,19.89,20.38,664,-20.82,-43.0,0.243
2024-10-27T02:14:32.000,32.19,7.87,1.57,19.89,20.38,665,-21.03,-43.0,0.243
2024-10-27T02:15:32.000,32.18,7.78,1.57,19.89,20.38,666,-21.24,-43.0,0.243
2024-10-27T02:16:33.000,32.13,7.66,1.57,19.89,20.38,667,-21.46,-43.0,0.243
2024-10-27T02:17:33.000,32.08,7.63,1.57,19.89,20.38,668,-21.67,-43.0,0.243
2024-10-27T02:18:33.000,32.06,7.74,1.57,19.89,20.38,669,-21.88,-43.0,0.243
2024-10-27T02:19:33.000,32.06,7.7,1.57,19.89,20.38,670,-22.09,-43.0,0.243
2024-10-27T02:20:33.000,32.05,7.63,1.58,19.89,20.38,671,-22.31,-43.0,0.243
2024-10-27T02:21:34.000,32.01,7.61,1.57,19.89,20.38,672,-22.52,-43.0,0.243
2024-10-27T02:22:34.000,31.97,7.61,1.57,19.89,20.38,673,-22.73,-43.0,0.243
2024-10-27T02:23:34.000,31.96,7.57,1.58,19.88,20.38,674,-22.94,-43.0,0.243
2024-10-27T02:24:34.000,31.94,7.54,1.6,19.87,20.38,675,-23.15,-44.0,0.243
2024-10-27T02:25:34.000,31.9,7.42,1.57,19.89,20.38,676,-23.37,-44.0,0.243
2024-10-27T02:26:35.000,31.87,7.51,1.57,19.89,20.38,677,-23.58,-44.0,0.243
2024-10-27T02:27:35.000,31.86,7.51,1.57,19.89,20.38,678,-23.79,-44.0,0.243
2024-10-27T02:28:35.000,31.86,7.51,1.57,19.89,20.38,679,-24.0,-44.0,0.242
2024-10-27T02:29:35.000,31.91,7.59,1.57,19.89,20.38,680,-24.22,-44.0,0.242
2024-10-27T02:30:36.000,31.94,7.56,1.57,19.89,20.38,681,-24.43,-44.0,0.242
2024-10-27T02:31:36.000,31.92,7.24,1.6,19.87,20.38,682,-24.64,-44.0,0.242
2024-10-27T02:32:36.000,31.85,7.06,1.57,19.89,20.38,683,-24.85,-44.0,0.242
2024-10-27T02:33:36.000,31.74,6.95,1.57,19.89,20.38,684,-25.07,-44.0,0.242
2024-10-27T02:34:36.000,31.71,7.09,1.57,19.89,20.38,685,-25.28,-44.0,0.242
2024-10-27T02:35:37.000,31.66,6.83,1.57,19.89,20.38,686,-25.49,-44.0,0.242
2024-10-27T02:36:37.000,31.49,6.37,1.57,19.89,20.38,687,-25.7,-44.0,0.242
2024-10-27T02:37:37.000,31.34,6.53,1.57,19.89,20.38,688,-25.92,-44.0,0.242
2024-10-27T02:38:37.000,31.19,6.27,1.57,19.89,20.38,689,-26.13,-45.0,0.242
2024-10-27T02:39:37.000,31.04,6.25,1.57,19.89,20.38,690,-26.34,-45.0,0.242
2024-10-27T02:40:38.000,30.94,6.37,1.57,19.89,20.38,691,-26.55,-45.0,0.242
2024-10-27T02:41:38.000,30.89,6.42,1.57,19.89,20.38,692,-26.77,-45.0,0.242
2024-10-27T02:42:38.000,30.92,6.58,1.58,19.88,20.38,693,-26.98,-45.0,0.242
2024-10-27T02:43:38.000,30.92,6.47,1.58,19.88,20.38,694,-27.19,-45.0,0.242
2024-10-27T02:44:39.000,30.9,6.41,1.58,19.88,20.38,695,-27.4,-45.0,0.242
2024-10-27T02:45:39.000,30.85,6.29,1.58,19.88,20.38,696,-27.62,-45.0,0.241
2024-10-27T02:46:39.000,30.82,6.42,1.58,19.88,20.38,697,-27.83,-45.0,0.241
2024-10-27T02:47:39.000,30.81,6.41,1.58,19.88,20.38,698,-28.04,-45.0,0.241
2024-10-27T02:48:39.000,30.79,6.47,1.58,19.89,20.38,699,-28.25,-45.0,0.241
2024-10-27T02:49:40.000,30.8,6.58,1.57,19.89,20.38,700,-28.47,-45.0,0.241
2024-10-27T02:50:40.000,30.79,6.53,1.57,19.89,20.38,701,-28.68,-45.0,0.241
2024-10-27T02:51:40.000,30.75,6.55,1.57,19.89,20.38,702,-28.89,-45.0,0.241
2024-10-27T02:52:40.000,30.74,6.49,1.57,19.89,20.38,703,-29.1,-45.0,0.241
2024-10-27T02:53:40.000,30.69,6.25,1.57,19.89,20.38,704,-29.31,-45.0,0.241
2024-10-27T02:54:41.000,30.61,6.21,1.57,19.89,20.38,705,-29.53,-45.0,0.241
2024-10-27T02:55:41.000,30.56,6.16,1.57,19.89,20.38,706,-29.74,-46.0,0.241
2024-10-27T02:56:41.000,30.48,6.07,1.56,19.89,20.38,707,-29.95,-46.0,0.241
2024-10-27T02:57:41.000,30.39,5.88,1.56,19.9,20.38,708,-30.16,-46.0,0.241
2024-10-27T02:58:41.000,30.22,5.79,1.56,19.9,20.38,709,-30.37,-46.0,0.241
2024-10-27T02:59:42.000,30.23,6.15,1.56,19.9,20.38,710,-30.59,-46.0,0.241
2024-10-27T03:00:42.000,30.24,6.15,1.56,19.9,20.38,711,-30.8,-46.0,0.241
2024-10-27T03:01:42.000,30.24,6.2,1.55,19.9,20.38,712,-31.01,-46.0,0.241
2024-10-27T03:02:42.000,30.26,6.18,1.55,19.9,20.38,713,-31.22,-46.0,0.241
2024-10-27T03:04:43.000,30.13,5.99,1.55,19.91,20.38,715,-31.64,-46.0,0.24
2024-10-27T03:05:43.000,30.1,5.88,1.55,19.91,20.38,716,-31.86,-46.0,0.24
2024-10-27T03:06:43.000,30.02,5.81,1.55,19.91,20.38,717,-32.07,-46.0,0.24
2024-10-27T03:07:43.000,30.02,5.98,1.54,19.91,20.38,718,-32.28,-46.0,0.24
2024-10-27T03:08:44.000,30.0,5.88,1.55,19.91,20.38,719,-32.49,-46.0,0.24
2024-10-27T03:09:44.000,29.98,6.0,1.55,19.91,20.38,720,-32.7,-46.0,0.24
2024-10-27T03:10:44.000,29.98,5.89,1.55,19.91,20.38,721,-32.91,-46.0,0.24
2024-10-27T03:11:44.000,29.9,5.66,1.55,19.91,20.38,722,-33.12,-46.0,0.24
2024-10-27T03:12:44.000,29.88,5.83,1.55,19.91,20.38,723,-33.33,-46.0,0.24
2024-10-27T03:13:45.000,29.85,5.66,1.54,19.91,20.38,724,-33.55,-46.0,0.24
2024-10-27T03:14:45.000,29.78,5.67,1.54,19.91,20.38,725,-33.76,-46.0,0.24
2024-10-27T03:15:45.000,29.77,5.8,1.54,19.91,20.38,726,-33.97,-46.0,0.24
2024-10-27T03:16:45.000,29.77,5.74,1.54,19.91,20.38,727,-34.18,-46.0,0.24
2024-10-27T03:24:49.000,29.45,5.48,1.53,19.92,20.38,735,-35.87,-46.0,0.239
2024-10-27T03:25:49.000,29.38,5.36,1.53,19.92,20.38,736,-36.08,-46.0,0.239
2024-10-27T03:30:53.000,29.15,5.33,1.53,19.92,20.38,741,-37.15,-47.0,0.239
2024-10-27T03:31:53.000,29.11,5.44,1.58,19.88,20.38,742,-37.36,-47.0,0.239
2024-10-27T03:33:55.000,29.07,5.34,1.52,19.92,20.38,744,-37.78,-47.0,0.239
2024-10-27T03:34:55.000,29.05,5.39,1.53,19.92,20.38,745,-37.99,-47.0,0.239
2024-10-27T03:35:55.000,29.07,5.57,1.53,19.92,20.38,746,-38.2,-47.0,0.239
2024-10-27T03:36:56.000,29.08,5.47,1.53,19.92,20.38,747,-38.41,-47.0,0.239
2024-10-27T03:38:56.000,29.09,5.56,1.53,19.92,20.38,749,-38.83,-47.0,0.238
2024-10-27T03:39:56.000,29.08,5.43,1.53,19.92,20.38,750,-39.04,-47.0,0.238
2024-10-27T03:40:56.000,29.05,5.42,1.53,19.92,20.38,751,-39.25,-47.0,0.238
2024-10-27T03:41:57.000,29.04,5.41,1.53,19.92,20.38,752,-39.46,-47.0,0.238
2024-10-27T03:42:57.000,29.05,5.55,1.52,19.92,20.38,753,-39.67,-47.0,0.238
2024-10-27T03:43:57.000,29.05,5.45,1.52,19.93,20.38,754,-39.87,-47.0,0.238
2024-10-27T03:44:57.000,29.02,5.41,1.52,19.93,20.38,755,-40.08,-47.0,0.238
2024-10-27T03:45:58.000,28.98,5.38,1.52,19.93,20.38,756,-40.29,-47.0,0.238
2024-10-27T03:46:58.000,28.98,5.43,1.55,19.91,20.38,757,-40.5,-46.0,0.238
2024-10-27T03:47:58.000,28.97,5.43,1.52,19.92,20.38,758,-40.71,-46.0,0.238
2024-10-27T03:48:58.000,28.97,5.41,1.52,19.93,20.38,759,-40.92,-46.0,0.238
2024-10-27T03:49:58.000,28.94,5.36,1.57,19.89,20.38,760,-41.12,-46.0,0.238
2024-10-27T03:50:59.000,28.92,5.37,1.52,19.93,20.38,761,-41.33,-46.0,0.238
2024-10-27T03:51:59.000,28.94,5.41,1.51,19.93,20.38,762,-41.54,-46.0,0.238
2024-10-27T03:52:59.000,28.91,5.31,1.51,19.93,20.38,763,-41.75,-46.0,0.238
2024-10-27T03:53:59.000,28.9,5.37,1.51,19.93,20.38,764,-41.96,-46.0,0.238
2024-10-27T03:54:59.000,28.88,5.23,1.51,19.93,20.38,765,-42.16,-46.0,0.238
2024-10-27T03:56:00.000,28.83,5.16,1.51,19.93,20.38,766,-42.37,-46.0,0.238
2024-10-27T03:57:00.000,28.73,4.68,1.58,19.89,20.38,767,-42.58,-46.0,0.237
2024-10-27T03:58:00.000,28.48,4.22,1.52,19.93,20.38,768,-42.79,-46.0,0.237
2024-10-27T03:59:00.000,28.36,4.49,1.51,19.93,20.38,769,-42.99,-46.0,0.237
2024-10-27T04:00:01.000,28.32,4.71,1.51,19.94,20.38,770,-43.2,-46.0,0.237
2024-10-27T04:01:01.000,28.34,4.83,1.51,19.93,20.38,771,-43.41,-46.0,0.237
2024-10-27T04:02:01.000,28.32,4.72,1.56,19.9,20.38,772,-43.61,-46.0,0.237
2024-10-27T04:03:01.000,28.29,4.75,1.52,19.92,20.38,773,-43.82,-46.0,0.237
2024-10-27T04:04:01.000,28.23,4.54,1.51,19.94,20.38,774,-44.02,-46.0,0.237
2024-10-27T04:13:02.000,27.89,4.36,1.49,19.95,20.38,783,-45.87,-46.0,0.237
2024-10-27T04:14:03.000,27.85,4.46,1.55,19.9,20.38,784,-46.08,-46.0,0.236
2024-10-27T04:15:03.000,27.86,4.56,1.49,19.95,20.38,785,-46.28,-46.0,0.236
2024-10-27T04:16:03.000,27.82,4.37,1.48,19.96,20.38,786,-46.48,-46.0,0.236
2024-10-27T04:17:03.000,27.79,4.46,1.48,19.96,20.38,787,-46.69,-46.0,0.236
2024-10-27T04:18:04.000,27.8,4.6,1.47,19.96,20.38,788,-46.89,-46.0,0.236
2024-10-27T04:19:04.000,27.79,4.49,1.47,19.96,20.38,789,-47.09,-45.0,0.236
2024-10-27T04:20:04.000,27.75,4.37,1.47,19.96,20.38,790,-47.3,-45.0,0.236
2024-10-27T04:21:04.000,27.7,4.3,1.47,19.96,20.38,791,-47.5,-45.0,0.236
2024-10-27T04:24:04.000,27.65,4.46,1.47,19.96,20.38,794,-48.1,-45.0,0.236
2024-10-27T04:26:06.000,27.68,4.54,1.47,19.96,20.38,796,-48.51,-45.0,0.236
2024-10-27T04:27:07.000,27.69,4.56,1.47,19.97,20.38,797,-48.72,-45.0,0.236
2024-10-27T04:28:07.000,27.68,4.55,1.47,19.97,20.38,798,-48.92,-45.0,0.236
2024-10-27T04:29:07.000,27.67,4.52,1.46,19.97,20.38,799,-49.12,-45.0,0.236
2024-10-27T04:30:07.000,27.66,4.52,1.46,19.97,20.38,800,-49.32,-45.0,0.236
2024-10-27T04:31:08.000,27.65,4.52,1.46,19.97,20.38,801,-49.52,-45.0,0.236
2024-10-27T04:32:08.000,27.64,4.41,1.46,19.97,20.38,802,-49.72,-45.0,0.235
2024-10-27T04:33:08.000,27.61,4.53,1.46,19.97,20.38,803,-49.92,-45.0,0.235
2024-10-27T04:34:08.000,27.64,4.49,1.46,19.97,20.38,804,-50.12,-45.0,0.235
2024-10-27T04:37:09.000,27.59,4.53,1.46,19.97,20.38,807,-50.72,-44.0,0.235
2024-10-27T04:38:09.000,27.56,4.4,1.46,19.97,20.38,808,-50.92,-44.0,0.235
2024-10-27T04:39:09.000,27.56,4.54,1.46,19.97,20.38,809,-51.11,-44.0,0.235
2024-10-27T04:40:09.000,27.58,4.67,1.46,19.97,20.38,810,-51.31,-44.0,0.235
2024-10-27T04:41:10.000,27.57,4.59,1.45,19.97,20.38,811,-51.51,-44.0,0.235
2024-10-27T04:42:10.000,27.58,4.67,1.45,19.97,20.38,812,-51.71,-44.0,0.235
2024-10-27T04:43:10.000,27.57,4.62,1.45,19.97,20.38,813,-51.91,-44.0,0.235
2024-10-27T04:44:10.000,27.57,4.64,1.45,19.98,20.38,814,-52.1,-44.0,0.235
2024-10-27T04:46:11.000,27.52,4.59,1.45,19.98,20.38,816,-52.5,-44.0,0.235
2024-10-27T04:47:11.000,27.53,4.77,1.45,19.98,20.38,817,-52.69,-44.0,0.235
2024-10-27T04:48:11.000,27.53,4.67,1.45,19.98,20.38,818,-52.89,-44.0,0.235
2024-10-27T04:49:11.000,27.53,4.71,1.45,19.97,20.38,819,-53.08,-43.0,0.235
2024-10-27T04:50:12.000,27.51,4.63,1.45,19.97,20.38,820,-53.28,-43.0,0.234
2024-10-27T04:51:12.000,27.51,4.76,1.45,19.98,20.38,821,-53.47,-43.0,0.234
2024-10-27T04:52:12.000,27.52,4.79,1.45,19.98,20.38,822,-53.66,-43.0,0.234
2024-10-27T04:53:12.000,27.51,4.73,1.45,19.98,20.38,823,-53.86,-43.0,0.234
2024-10-27T04:54:12.000,27.5,4.68,1.45,19.98,20.38,824,-54.05,-43.0,0.234
2024-10-27T04:55:13.000,27.5,4.75,1.44,19.98,20.38,825,-54.24,-43.0,0.234
2024-10-27T04:56:13.000,27.52,4.79,1.44,19.98,20.38,826,-54.44,-43.0,0.234
2024-10-27T04:57:13.000,27.54,4.69,1.44,19.98,20.38,827,-54.63,-43.0,0.234
2024-10-27T04:58:13.000,27.52,4.63,1.44,19.98,20.38,828,-54.82,-43.0,0.234
2024-10-27T04:59:13.000,27.51,4.52,1.44,19.99,20.38,829,-55.01,-43.0,0.234
2024-10-27T05:00:14.000,27.5,4.46,1.44,19.99,20.38,830,-55.2,-43.0,0.234
2024-10-27T05:01:14.000,27.45,4.21,1.43,19.99,20.38,831,-55.39,-42.0,0.234
2024-10-27T05:02:14.000,27.4,4.21,1.43,19.99,20.38,832,-55.58,-42.0,0.234
2024-10-27T05:03:14.000,27.38,4.22,1.43,19.99,20.38,833,-55.77,-42.0,0.234
2024-10-27T05:04:14.000,27.38,4.15,1.43,19.99,20.38,834,-55.96,-42.0,0.234
2024-10-27T05:05:15.000,27.4,4.2,1.43,19.99,20.38,835,-56.15,-42.0,0.234
2024-10-27T05:06:15.000,27.39,4.1,1.42,20.0,20.38,836,-56.34,-42.0,0.234
2024-10-27T05:07:15.000,27.4,4.13,1.42,20.0,20.38,837,-56.52,-42.0,0.233
2024-10-27T05:08:15.000,27.36,3.96,1.43,20.0,20.38,838,-56.71,-42.0,0.233
2024-10-27T05:09:16.000,27.36,4.12,1.42,20.0,20.38,839,-56.9,-42.0,0.233
2024-10-27T05:10:16.000,27.36,4.13,1.42,20.0,20.38,840,-57.08,-42.0,0.233
2024-10-27T05:11:16.000,27.26,3.7,1.42,20.0,20.38,841,-57.27,-41.0,0.233
2024-10-27T05:12:16.000,27.1,3.78,1.42,20.0,20.38,842,-57.45,-41.0,0.233
2024-10-27T05:13:16.000,27.07,4.01,1.42,20.0,20.38,843,-57.63,-41.0,0.233
2024-10-27T05:14:17.000,26.89,3.17,1.42,20.0,20.38,844,-57.82,-41.0,0.233
2024-10-27T05:15:17.000,26.6,3.19,1.42,20.0,20.38,845,-58.0,-41.0,0.233
2024-10-27T05:16:17.000,26.47,3.31,1.4,20.02,20.38,846,-58.18,-41.0,0.233
2024-10-27T05:17:17.000,26.4,3.65,1.39,20.02,20.38,847,-58.37,-41.0,0.233
2024-10-27T05:18:17.000,26.4,3.72,1.39,20.02,20.38,848,-58.55,-41.0,0.233
2024-10-27T05:19:17.000,26.39,3.78,1.39,20.02,20.38,849,-58.73,-41.0,0.233
2024-10-27T05:20:17.000,26.34,3.58,1.39,20.02,20.38,850,-58.91,-40.0,0.233
2024-10-27T05:22:17.000,26.22,3.58,1.39,20.02,20.38,852,-59.26,-40.0,0.233
2024-10-27T05:23:18.000,26.15,3.59,1.38,20.03,20.38,853,-59.44,-40.0,0.233
2024-10-27T05:24:18.000,26.18,3.79,1.38,20.03,20.38,854,-59.62,-40.0,0.233
2024-10-27T05:25:18.000,26.17,3.55,1.38,20.03,20.38,855,-59.8,-40.0,0.232
2024-10-27T05:26:18.000,26.13,3.55,1.38,20.03,20.38,856,-59.97,-40.0,0.232
2024-10-27T05:27:19.000,26.1,3.53,1.38,20.03,20.38,857,-60.15,-40.0,0.232
2024-10-27T05:28:19.000,26.11,3.6,1.38,20.03,20.38,858,-60.32,-40.0,0.232
2024-10-27T05:29:19.000,26.06,3.44,1.38,20.03,20.38,859,-60.5,-39.0,0.232
2024-10-27T05:30:19.000,26.07,3.68,1.37,20.03,20.38,860,-60.67,-39.0,0.232
2024-10-27T05:31:19.000,26.03,3.32,1.36,20.05,20.38,861,-60.84,-39.0,0.232
2024-10-27T05:32:20.000,26.04,3.56,1.36,20.05,20.38,862,-61.02,-39.0,0.232
2024-10-27T05:33:20.000,26.03,3.44,1.35,20.05,20.38,863,-61.19,-39.0,0.232
2024-10-27T05:34:20.000,26.03,3.55,1.35,20.05,20.38,864,-61.36,-39.0,0.232
2024-10-27T05:35:20.000,26.04,3.48,1.35,20.05,20.38,865,-61.53,-39.0,0.232
