Downloads/jupyter/ECSV/stars19/stars19_2020-04.ecsv
# %ECSV 1.0
# ---
# datatype:
# - {name: time, datatype: string}
# - {name: Enclosure Temperature, unit: deg_C, datatype: float64}
# - {name: Sky Temperature, unit: deg_C, datatype: float64}
# - {name: Frequency, unit: Hz, datatype: float64}
# - {name: MSAS, unit: mag / arcsec2, datatype: float64}
# - {name: ZP, datatype: float64}
# - {name: Sequence Number, datatype: int64}
# - {name: Sun Alt, unit: deg, datatype: float64}
# - {name: Moon Alt, unit: deg, datatype: float64}
# - {name: Moon Illumination, datatype: float64}
# delimiter: ','
# meta: !!omap
# - ida:
#     Data supplier: {affiliation: null, observer: null}
#     Device type: TESS-W
#     Field of view: 17.0
#     Filters per channel: None
#     Instrument ID: stars19
#     License: ODbL 1.0 http://opendatacommons.org/licenses/odbl/summary/
#     Local timezone: America/Phoenix
#     Location name: {country: '- Tucson', place: Tucson, region: United States, sub_region: Arizona, town: Pima County}
#     Measurement direction per channel: {azimuth: 0.0, zenital: 0.0}
#     Moving / Fixed look direction: FIXED
#     Moving / Stationary position: STATIONARY
#     Number of channels: 1
#     Number of fields per line: 8
#     Number of header lines: 35
#     Position: {height: 0.0, latitude: 32.223877, longitude: -110.767532}
#     TESS MAC address: 18:FE:34:CF:EC:06
#     TESS cover offset value: 0.0
#     TESS firmware version: '1.0'
#     TESS zero point: 20.5
#     Time Synchronization: timestamp added by MQTT subscriber
#     URL: http://www.darksky.org/NSBM/sdf1.0.pdf
# - __serialized_columns__:
#     Enclosure Temperature:
#       __class__: astropy.units.quantity.Quantity
#       unit: &id001 !astropy.units.Unit {unit: deg_C}
#       value: !astropy.table.SerializedColumn {name: Enclosure Temperature}
#     Frequency:
#       __class__: astropy.units.quantity.Quantity
#       unit: !astropy.units.Unit {unit: Hz}
#       value: !astropy.table.SerializedColumn {name: Frequency}
#     MSAS:
#       __class__: astropy.units.quantity.Quantity
#       unit: !astropy.units.Unit {unit: mag / arcsec2}
#       value: !astropy.table.SerializedColumn {name: MSAS}
#     Moon Alt:
#       __class__: astropy.units.quantity.Quantity
#       unit: &id002 !astropy.units.Unit {unit: deg}
#       value: !astropy.table.SerializedColumn {name: Moon Alt}
#     Sky Temperature:
#       __class__: astropy.units.quantity.Quantity
#       unit: *id001
#       value: !astropy.table.SerializedColumn {name: Sky Temperature}
#     Sun Alt:
#       __class__: astropy.units.quantity.Quantity
#       unit: *id002
#       value: !astropy.table.SerializedColumn {name: Sun Alt}
#     time:
#       __class__: astropy.time.core.Time
#       format: isot
#       in_subfmt: '*'
#       out_subfmt: '*'
#       precision: 3
#       scale: utc
#       value: !astropy.table.SerializedColumn {name: time}
# schema: astropy-2.0
time,Enclosure Temperature,Sky Temperature,Frequency,MSAS,ZP,Sequence Number,Sun Alt,Moon Alt,Moon Illumination
[from data line 6382]
2020-04-08T21:18:42.000,40.31,17.43,0.0,0.0,20.5,371922,53.87,-61.0,0.989
2020-04-08T21:20:42.000,39.0,13.53,0.0,0.0,20.5,371924,53.53,-61.0,0.989
2020-04-08T21:21:42.000,38.51,12.72,0.0,0.0,20.5,371925,53.35,-61.0,0.989
2020-04-08T21:22:42.000,38.03,11.94,0.0,0.0,20.5,371926,53.18,-61.0,0.989
2020-04-08T21:32:45.000,41.53,14.08,0.0,0.0,20.5,371936,51.42,-60.0,0.989
2020-04-08T21:33:46.000,40.47,12.88,0.0,0.0,20.5,371937,51.24,-60.0,0.989
2020-04-08T21:34:46.000,39.51,13.01,0.0,0.0,20.5,371938,51.06,-60.0,0.989
2020-04-08T21:38:47.000,37.78,13.39,0.0,0.0,20.5,371942,50.34,-59.0,0.989
2020-04-08T21:39:47.000,37.62,14.04,0.0,0.0,20.5,371943,50.16,-59.0,0.989
2020-04-08T21:40:47.000,37.35,14.83,0.0,0.0,20.5,371944,49.98,-59.0,0.989
2020-04-08T21:42:47.000,36.42,14.14,0.0,0.0,20.5,371946,49.61,-58.0,0.989
2020-04-08T21:43:48.000,36.02,14.58,0.0,0.0,20.5,371947,49.42,-58.0,0.989
2020-04-08T21:44:48.000,35.68,14.31,0.0,0.0,20.5,371948,49.24,-58.0,0.989
2020-04-08T21:47:49.000,34.58,14.81,0.0,0.0,20.5,371951,48.68,-58.0,0.989
2020-04-08T21:48:49.000,34.44,14.38,0.0,0.0,20.5,371952,48.5,-58.0,0.989
2020-04-08T21:52:50.000,34.25,13.13,0.0,0.0,20.5,371956,47.75,-57.0,0.989
2020-04-08T21:53:50.000,34.17,12.19,0.0,0.0,20.5,371957,47.56,-57.0,0.989
2020-04-08T21:54:50.000,34.01,12.08,0.0,0.0,20.5,371958,47.37,-57.0,0.989
2020-04-08T22:05:53.000,33.71,11.46,0.0,0.0,20.5,371969,45.26,-55.0,0.988
2020-04-08T22:06:54.000,33.79,11.52,0.0,0.0,20.5,371970,45.07,-55.0,0.988
2020-04-08T22:07:55.000,33.73,10.64,0.0,0.0,20.5,371971,44.87,-55.0,0.988
2020-04-08T22:09:55.000,33.57,10.96,0.0,0.0,20.5,371973,44.49,-54.0,0.988
2020-04-08T22:18:56.000,34.1,10.05,0.0,0.0,20.5,371982,42.73,-53.0,0.988
2020-04-08T22:32:58.000,34.14,11.31,0.0,0.0,20.5,371996,39.94,-51.0,0.988
2020-04-08T22:33:58.000,33.93,10.76,0.0,0.0,20.5,371997,39.74,-50.0,0.988
2020-04-08T22:34:59.000,33.79,10.5,0.0,0.0,20.5,371998,39.54,-50.0,0.988
2020-04-08T22:38:59.000,33.77,13.23,0.0,0.0,20.5,372002,38.73,-50.0,0.988
2020-04-08T22:40:00.000,33.96,14.16,0.0,0.0,20.5,372003,38.53,-49.0,0.988
2020-04-08T22:41:00.000,34.08,13.97,0.0,0.0,20.5,372004,38.33,-49.0,0.988
2020-04-09T00:02:22.000,32.37,13.44,0.0,0.0,20.5,372085,21.46,-34.0,0.986
2020-04-09T00:03:23.000,32.31,13.66,0.0,0.0,20.5,372086,21.24,-34.0,0.986
2020-04-09T00:04:23.000,32.42,14.6,0.0,0.0,20.5,372087,21.03,-34.0,0.986
2020-04-09T00:06:24.000,32.54,15.04,0.0,0.0,20.5,372089,20.61,-33.0,0.986
2020-04-09T00:07:24.000,32.5,15.12,0.0,0.0,20.5,372090,20.4,-33.0,0.986
2020-04-09T00:08:24.000,32.5,15.87,0.0,0.0,20.5,372091,20.18,-33.0,0.986
2020-04-09T00:14:26.000,32.79,15.67,0.0,0.0,20.5,372097,18.91,-32.0,0.986
2020-04-09T00:15:26.000,32.82,16.34,0.0,0.0,20.5,372098,18.7,-31.0,0.986
2020-04-09T00:16:26.000,32.85,16.66,0.0,0.0,20.5,372099,18.49,-31.0,0.986
2020-04-09T00:20:27.000,32.45,15.53,0.0,0.0,20.5,372103,17.64,-30.0,0.986
2020-04-09T00:21:27.000,32.33,15.16,0.0,0.0,20.5,372104,17.43,-30.0,0.986
2020-04-09T00:28:28.000,31.41,10.69,0.0,0.0,20.5,372111,15.95,-29.0,0.986
2020-04-09T00:29:28.000,31.24,11.08,0.0,0.0,20.5,372112,15.73,-29.0,0.986
2020-04-09T00:30:29.000,31.15,11.66,0.0,0.0,20.5,372113,15.52,-28.0,0.986
2020-04-09T00:52:35.000,30.16,9.29,0.0,0.0,20.5,372135,10.85,-24.0,0.985
2020-04-09T00:53:36.000,30.04,8.9,0.0,0.0,20.5,372136,10.63,-24.0,0.985
2020-04-09T00:54:36.000,29.96,9.03,0.0,0.0,20.5,372137,10.42,-24.0,0.985
2020-04-09T00:56:37.000,29.87,11.22,0.0,0.0,20.5,372139,10.0,-23.0,0.985
2020-04-09T00:57:37.000,29.89,11.29,0.0,0.0,20.5,372140,9.79,-23.0,0.985
2020-04-09T00:58:37.000,29.84,11.31,0.0,0.0,20.5,372141,9.57,-23.0,0.985
2020-04-09T01:00:37.000,29.74,10.56,0.0,0.0,20.5,372143,9.15,-22.0,0.985
2020-04-09T01:01:38.000,29.68,9.9,0.0,0.0,20.5,372144,8.94,-22.0,0.985
2020-04-09T01:02:38.000,29.56,9.38,0.0,0.0,20.5,372145,8.73,-22.0,0.985
2020-04-09T01:04:38.000,29.23,8.23,0.0,0.0,20.5,372147,8.3,-22.0,0.985
2020-04-09T01:06:39.000,29.14,7.75,0.0,0.0,20.5,372149,7.88,-21.0,0.985
2020-04-09T01:07:40.000,29.14,7.28,0.0,0.0,20.5,372150,7.67,-21.0,0.985
2020-04-09T01:08:41.000,29.03,6.82,0.0,0.0,20.5,372151,7.45,-21.0,0.985
2020-04-09T01:11:42.000,28.74,6.51,0.0,0.0,20.5,372154,6.82,-20.0,0.985
2020-04-09T01:12:42.000,28.66,6.65,0.0,0.0,20.5,372155,6.6,-20.0,0.985
2020-04-09T01:13:42.000,28.63,6.77,0.0,0.0,20.5,372156,6.39,-20.0,0.985
2020-04-09T01:18:43.000,28.03,5.13,0.0,0.0,20.5,372161,5.34,-19.0,0.985
2020-04-09T01:20:44.000,27.86,5.0,0.0,0.0,20.5,372163,4.91,-18.0,0.985
2020-04-09T01:21:44.000,27.73,4.75,0.0,0.0,20.5,372164,4.7,-18.0,0.985
2020-04-09T01:22:44.000,27.62,5.2,0.0,0.0,20.5,372165,4.49,-18.0,0.985
2020-04-09T01:29:46.000,27.12,5.14,0.0,0.0,20.5,372172,3.02,-17.0,0.985
2020-04-09T01:30:46.000,27.02,5.13,0.0,0.0,20.5,372173,2.81,-16.0,0.985
2020-04-09T01:31:46.000,26.91,4.64,0.0,0.0,20.5,372174,2.6,-16.0,0.985
2020-04-09T01:33:46.000,26.74,4.43,0.0,0.0,20.5,372176,2.18,-16.0,0.985
2020-04-09T01:35:47.000,26.56,3.78,0.0,0.0,20.5,372178,1.76,-15.0,0.984
2020-04-09T01:36:47.000,26.46,3.71,0.0,0.0,20.5,372179,1.55,-15.0,0.984
2020-04-09T01:37:48.000,26.38,3.56,0.0,0.0,20.5,372180,1.33,-15.0,0.984
2020-04-09T01:41:49.000,26.07,3.64,0.0,0.0,20.5,372184,0.49,-14.0,0.984
2020-04-09T01:42:49.000,26.02,3.86,0.0,0.0,20.5,372185,0.29,-14.0,0.984
2020-04-09T01:43:49.000,25.95,4.02,0.0,0.0,20.5,372186,0.08,-14.0,0.984
2020-04-09T01:45:49.000,25.84,4.2,0.0,0.0,20.5,372188,-0.34,-13.0,0.984
2020-04-09T01:46:50.000,25.8,4.26,0.0,0.0,20.5,372189,-0.55,-13.0,0.984
2020-04-09T01:47:50.000,25.77,4.18,0.0,0.0,20.5,372190,-0.76,-13.0,0.984
2020-04-09T01:49:50.000,25.65,4.21,0.0,0.0,20.5,372192,-1.18,-13.0,0.984
2020-04-09T01:50:50.000,25.63,4.37,0.0,0.0,20.5,372193,-1.39,-12.0,0.984
2020-04-09T01:51:51.000,25.62,4.51,0.0,0.0,20.5,372194,-1.6,-12.0,0.984
2020-04-09T01:52:51.000,25.63,4.58,49928.11,6.8,20.5,372195,-1.81,-12.0,0.984
2020-04-09T01:53:51.000,25.62,4.43,54883.22,8.53,20.5,372196,-2.01,-12.0,0.984
2020-04-09T01:54:51.000,25.56,4.36,47412.42,8.69,20.5,372197,-2.22,-12.0,0.984
2020-04-09T01:55:52.000,25.51,4.27,40716.38,8.86,20.5,372198,-2.43,-11.0,0.984
2020-04-09T01:56:52.000,25.42,4.14,32894.18,9.09,20.5,372199,-2.64,-11.0,0.984
2020-04-09T01:57:52.000,25.37,4.17,24518.65,9.41,20.5,372200,-2.85,-11.0,0.984
2020-04-09T02:01:53.000,25.27,4.51,8886.04,10.51,20.5,372204,-3.68,-10.0,0.984
2020-04-09T02:02:53.000,25.23,5.0,7406.78,10.71,20.5,372205,-3.89,-10.0,0.984
2020-04-09T02:03:54.000,25.21,5.88,6092.46,10.92,20.5,372206,-4.1,-10.0,0.984
2020-04-09T02:04:54.000,25.19,6.52,4701.64,11.2,20.5,372207,-4.3,-10.0,0.984
2020-04-09T02:05:54.000,25.16,7.27,3661.38,11.47,20.5,372208,-4.51,-9.0,0.984
2020-04-09T02:06:55.000,25.17,7.72,2761.01,11.78,20.5,372209,-4.72,-9.0,0.984
2020-04-09T02:07:56.000,25.1,7.82,2126.9,12.06,20.5,372210,-4.93,-9.0,0.984
2020-04-09T02:10:56.000,25.01,8.26,975.08,12.91,20.5,372213,-5.55,-8.0,0.984
2020-04-09T02:11:57.000,24.95,7.62,792.29,13.13,20.5,372214,-5.76,-8.0,0.984
2020-04-09T02:12:57.000,24.84,7.57,664.91,13.33,20.5,372215,-5.97,-8.0,0.984
2020-04-09T02:13:57.000,24.73,7.3,513.8,13.61,20.5,372216,-6.17,-8.0,0.984
2020-04-09T02:14:57.000,24.64,7.47,394.67,13.89,20.5,372217,-6.38,-8.0,0.984
2020-04-09T02:15:57.000,24.57,7.75,308.31,14.16,20.5,372218,-6.58,-7.0,0.984
2020-04-09T02:16:58.000,24.38,7.35,243.66,14.42,20.5,372219,-6.79,-7.0,0.984
2020-04-09T02:17:58.000,24.3,7.94,184.27,14.72,20.5,372220,-7.0,-7.0,0.984
2020-04-09T02:18:59.000,24.25,7.4,134.02,15.07,20.5,372221,-7.21,-7.0,0.984
2020-04-09T02:19:59.000,24.14,6.56,96.71,15.42,20.5,372222,-7.41,-7.0,0.984
2020-04-09T02:20:59.000,23.97,5.99,80.81,15.61,20.5,372223,-7.62,-6.0,0.984
2020-04-09T02:21:59.000,23.79,6.32,64.43,15.86,20.5,372224,-7.82,-6.0,0.984
2020-04-09T02:23:00.000,23.69,7.1,56.23,16.01,20.5,372225,-8.03,-6.0,0.984
2020-04-09T02:24:00.000,23.67,7.68,48.01,16.18,20.5,372226,-8.23,-6.0,0.984
2020-04-09T02:25:02.000,23.57,7.76,41.15,16.35,20.5,372227,-8.45,-6.0,0.983
2020-04-09T02:26:02.000,23.58,7.6,36.01,16.49,20.5,372228,-8.65,-5.0,0.983
2020-04-09T02:27:03.000,23.51,6.82,31.38,16.64,20.5,372229,-8.86,-5.0,0.983
2020-04-09T02:28:03.000,23.43,6.51,25.78,16.85,20.5,372230,-9.06,-5.0,0.983
2020-04-09T02:29:03.000,23.33,6.18,22.0,17.03,20.5,372231,-9.27,-5.0,0.983
2020-04-09T02:30:03.000,23.29,6.82,18.95,17.19,20.5,372232,-9.47,-5.0,0.983
2020-04-09T02:31:03.000,23.25,7.21,19.77,17.14,20.5,372233,-9.67,-4.0,0.983
2020-04-09T02:35:05.000,23.17,7.65,12.48,17.64,20.5,372237,-10.49,-4.0,0.983
2020-04-09T02:36:05.000,23.16,7.4,14.1,17.51,20.5,372238,-10.7,-3.0,0.983
2020-04-09T02:37:05.000,23.11,7.13,11.42,17.74,20.5,372239,-10.9,-3.0,0.983
2020-04-09T02:39:06.000,23.05,7.06,10.39,17.85,20.5,372241,-11.31,-3.0,0.983
2020-04-09T02:40:06.000,23.03,7.02,12.64,17.64,20.5,372242,-11.51,-3.0,0.983
2020-04-09T02:41:06.000,22.96,6.96,12.77,17.63,20.5,372243,-11.71,-2.0,0.983
2020-04-09T02:42:06.000,22.91,6.3,8.19,18.1,20.5,372244,-11.92,-2.0,0.983
2020-04-09T02:43:06.000,22.81,6.12,7.27,18.23,20.5,372245,-12.12,-2.0,0.983
2020-04-09T02:44:07.000,22.75,6.35,6.46,18.36,20.5,372246,-12.32,-2.0,0.983
2020-04-09T02:45:07.000,22.67,6.09,6.39,18.37,20.5,372247,-12.52,-2.0,0.983
2020-04-09T02:46:07.000,22.64,6.52,9.06,17.99,20.5,372248,-12.73,-1.0,0.983
2020-04-09T02:47:07.000,22.6,6.4,9.64,17.93,20.5,372249,-12.93,-1.0,0.983
2020-04-09T02:48:07.000,22.53,6.23,10.22,17.87,20.5,372250,-13.13,-1.0,0.983
2020-04-09T02:49:08.000,22.49,6.28,6.38,18.37,20.5,372251,-13.33,-1.0,0.983
2020-04-09T02:50:08.000,22.39,6.28,6.21,18.4,20.5,372252,-13.53,-1.0,0.983
2020-04-09T02:51:08.000,22.38,6.56,10.3,17.86,20.5,372253,-13.73,-0.0,0.983
2020-04-09T02:52:08.000,22.35,7.01,15.11,17.43,20.5,372254,-13.93,-0.0,0.983
2020-04-09T02:53:09.000,22.32,6.93,13.61,17.57,20.5,372255,-14.14,0.0,0.983
2020-04-09T02:54:09.000,22.23,6.8,8.34,18.08,20.5,372256,-14.34,0.0,0.983
2020-04-09T02:55:09.000,22.21,7.3,11.5,17.73,20.5,372257,-14.54,0.0,0.983
2020-04-09T02:56:09.000,22.2,7.44,15.2,17.43,20.5,372258,-14.74,1.0,0.983
2020-04-09T02:57:09.000,22.2,7.11,17.03,17.3,20.5,372259,-14.94,1.0,0.983
2020-04-09T02:58:10.000,22.23,6.38,9.95,17.92,20.5,372260,-15.14,1.0,0.983
2020-04-09T02:59:10.000,22.22,5.39,5.96,18.44,20.5,372261,-15.34,1.0,0.983
2020-04-09T03:00:10.000,22.21,5.22,7.45,18.22,20.5,372262,-15.54,1.0,0.983
2020-04-09T03:01:10.000,22.2,4.86,7.14,18.27,20.5,372263,-15.73,2.0,0.983
2020-04-09T03:02:10.000,22.07,4.28,5.3,18.57,20.5,372264,-15.93,2.0,0.983
2020-04-09T03:03:11.000,21.99,4.57,5.49,18.53,20.5,372265,-16.13,2.0,0.983
2020-04-09T03:04:11.000,21.9,4.88,5.53,18.52,20.5,372266,-16.33,2.0,0.983
2020-04-09T03:05:11.000,21.88,5.51,9.48,17.97,20.5,372267,-16.53,2.0,0.983
2020-04-09T03:07:12.000,21.76,5.69,11.77,17.71,20.5,372269,-16.93,3.0,0.983
2020-04-09T03:08:13.000,21.69,5.68,15.16,17.43,20.5,372270,-17.13,3.0,0.983
2020-04-09T03:09:13.000,21.67,6.21,14.24,17.5,20.5,372271,-17.33,3.0,0.983
2020-04-09T03:10:13.000,21.65,5.86,16.66,17.33,20.5,372272,-17.52,3.0,0.983
2020-04-09T03:11:14.000,21.57,5.19,12.95,17.61,20.5,372273,-17.72,4.0,0.983
2020-04-09T03:13:15.000,21.53,3.08,5.58,18.51,20.5,372275,-18.12,4.0,0.982
2020-04-09T03:16:15.000,21.28,2.88,5.53,18.52,20.5,372278,-18.71,5.0,0.982
2020-04-09T03:18:16.000,21.13,2.77,6.39,18.37,20.5,372280,-19.1,5.0,0.982
2020-04-09T03:19:16.000,21.1,3.07,7.68,18.18,20.5,372281,-19.3,5.0,0.982
2020-04-09T03:20:17.000,21.09,3.47,10.29,17.86,20.5,372282,-19.49,5.0,0.982
2020-04-09T03:21:17.000,21.1,3.86,14.1,17.51,20.5,372283,-19.69,6.0,0.982
2020-04-09T03:22:17.000,21.11,4.04,9.6,17.93,20.5,372284,-19.88,6.0,0.982
2020-04-09T03:23:17.000,21.08,3.81,12.8,17.61,20.5,372285,-20.08,6.0,0.982
2020-04-09T03:24:18.000,21.02,3.13,11.71,17.71,20.5,372286,-20.27,6.0,0.982
2020-04-09T03:25:18.000,20.88,1.79,7.91,18.14,20.5,372287,-20.47,6.0,0.982
2020-04-09T03:26:18.000,20.76,2.38,9.64,17.93,20.5,372288,-20.66,7.0,0.982
2020-04-09T03:27:18.000,20.75,2.93,9.72,17.91,20.5,372289,-20.85,7.0,0.982
2020-04-09T03:28:20.000,20.69,1.74,9.05,17.99,20.5,372290,-21.05,7.0,0.982
2020-04-09T03:32:20.000,20.38,0.09,6.55,18.34,20.5,372294,-21.82,8.0,0.982
2020-04-09T03:34:21.000,20.33,0.62,6.81,18.3,20.5,372296,-22.2,8.0,0.982
2020-04-09T03:35:21.000,20.27,0.11,6.42,18.36,20.5,372297,-22.4,8.0,0.982
2020-04-09T03:36:21.000,20.12,0.07,7.26,18.14,20.5,372298,-22.59,8.0,0.982
2020-04-09T03:42:22.000,20.06,1.56,7.28,18.22,20.5,372304,-23.73,10.0,0.982
2020-04-09T03:43:22.000,20.04,1.39,8.37,18.08,20.5,372305,-23.91,10.0,0.982
2020-04-09T03:44:23.000,20.06,1.51,9.54,17.93,20.5,372306,-24.11,10.0,0.982
2020-04-09T03:45:23.000,20.03,0.8,6.96,18.28,20.5,372307,-24.29,10.0,0.982
2020-04-09T03:46:23.000,19.95,0.54,6.05,18.43,20.5,372308,-24.48,10.0,0.982
2020-04-09T03:47:24.000,19.89,0.35,6.04,18.43,20.5,372309,-24.67,11.0,0.982
2020-04-09T03:48:24.000,19.88,0.95,6.67,18.32,20.5,372310,-24.86,11.0,0.982
2020-04-09T03:49:24.000,19.9,1.25,7.5,18.19,20.5,372311,-25.05,11.0,0.982
2020-04-09T03:51:25.000,19.88,1.12,9.71,17.91,20.5,372313,-25.42,11.0,0.982
2020-04-09T03:52:25.000,19.88,0.73,8.95,18.0,20.5,372314,-25.61,12.0,0.982
2020-04-09T03:53:25.000,19.9,0.76,7.83,18.15,20.5,372315,-25.79,12.0,0.982
2020-04-09T03:54:26.000,19.92,0.87,8.48,18.06,20.5,372316,-25.98,12.0,0.982
2020-04-09T03:55:26.000,19.92,0.59,7.54,18.19,20.5,372317,-26.17,12.0,0.982
2020-04-09T03:56:26.000,19.9,0.36,6.98,18.27,20.5,372318,-26.35,12.0,0.982
2020-04-09T03:57:26.000,19.87,-0.07,7.84,18.14,20.5,372319,-26.53,13.0,0.982
2020-04-09T03:58:26.000,19.86,-0.65,8.09,18.11,20.5,372320,-26.72,13.0,0.982
2020-04-09T03:59:27.000,19.79,-0.84,7.24,18.23,20.5,372321,-26.9,13.0,0.981
2020-04-09T04:00:27.000,19.79,-0.7,6.8,18.3,20.5,372322,-27.09,13.0,0.981
2020-04-09T04:01:27.000,19.74,-0.43,6.36,18.37,20.5,372323,-27.27,13.0,0.981
2020-04-09T04:03:28.000,19.72,0.1,11.39,17.76,20.5,372325,-27.64,14.0,0.981
2020-04-09T04:04:28.000,19.74,-0.67,6.87,18.29,20.5,372326,-27.82,14.0,0.981
2020-04-09T04:05:28.000,19.76,-0.93,6.79,18.3,20.5,372327,-28.0,14.0,0.981
2020-04-09T04:07:30.000,19.76,-1.72,5.39,18.55,20.5,372329,-28.37,14.0,0.981
2020-04-09T04:09:30.000,19.7,-2.08,4.89,18.66,20.5,372331,-28.73,15.0,0.981
2020-04-09T04:14:31.000,19.56,-2.41,5.04,18.62,20.5,372336,-29.62,16.0,0.981
2020-04-09T04:15:31.000,19.53,-2.45,5.19,18.59,20.5,372337,-29.8,16.0,0.981
2020-04-09T04:16:31.000,19.53,-2.32,5.43,18.54,20.5,372338,-29.98,16.0,0.981
2020-04-09T04:17:31.000,19.51,-2.43,5.25,18.58,20.5,372339,-30.16,16.0,0.981
2020-04-09T04:18:32.000,19.46,-2.47,5.22,18.59,20.5,372340,-30.33,16.0,0.981
2020-04-09T04:19:32.000,19.44,-2.38,5.33,18.56,20.5,372341,-30.51,17.0,0.981
2020-04-09T04:20:33.000,19.42,-2.49,5.41,18.55,20.5,372342,-30.69,17.0,0.981
2020-04-09T04:21:33.000,19.35,-2.39,5.61,18.51,20.5,372343,-30.86,17.0,0.981
2020-04-09T04:22:33.000,19.37,-1.96,6.26,18.39,20.5,372344,-31.04,17.0,0.981
2020-04-09T04:23:33.000,19.39,-1.94,6.31,18.38,20.5,372345,-31.21,17.0,0.981
2020-04-09T04:30:34.000,19.19,-1.06,6.34,18.38,20.5,372352,-32.42,19.0,0.981
2020-04-09T04:31:35.000,19.21,0.18,7.69,18.18,20.5,372353,-32.6,19.0,0.981
2020-04-09T04:32:35.000,19.21,1.1,11.6,17.73,20.5,372354,-32.77,19.0,0.981
2020-04-09T04:33:35.000,19.23,1.34,10.16,17.87,20.5,372355,-32.93,19.0,0.981
2020-04-09T04:34:35.000,19.2,1.3,7.95,18.13,20.5,372356,-33.1,19.0,0.981
2020-04-09T04:35:35.000,19.23,1.75,8.99,18.0,20.5,372357,-33.27,20.0,0.981
2020-04-09T04:36:35.000,19.29,2.42,13.08,17.59,20.5,372358,-33.44,20.0,0.981
2020-04-09T04:37:35.000,19.33,3.42,17.03,17.31,20.5,372359,-33.61,20.0,0.981
2020-04-09T04:38:36.000,19.36,3.58,20.04,17.13,20.5,372360,-33.78,20.0,0.981
2020-04-09T04:39:36.000,19.34,2.73,16.89,17.32,20.5,372361,-33.94,20.0,0.981
2020-04-09T04:40:36.000,19.34,1.95,13.04,17.59,20.5,372362,-34.11,21.0,0.981
2020-04-09T04:41:36.000,19.32,2.43,11.3,17.75,20.5,372363,-34.28,21.0,0.981
2020-04-09T04:42:36.000,19.32,3.54,15.54,17.41,20.5,372364,-34.44,21.0,0.981
2020-04-09T04:43:37.000,19.31,3.61,14.05,17.53,20.5,372365,-34.61,21.0,0.981
