Downloads/jupyter/ECSV/stars19/stars19_2022-01.ecsv
# %ECSV 1.0
# ---
# datatype:
# - {name: time, datatype: string}
# - {name: Enclosure Temperature, unit: deg_C, datatype: float64}
# - {name: Sky Temperature, unit: deg_C, datatype: float64}
# - {name: Frequency, unit: Hz, datatype: float64}
# - {name: MSAS, unit: mag / arcsec2, datatype: float64}
# - {name: ZP, datatype: float64}
# - {name: Sequence Number, datatype: int64}
# - {name: Sun Alt, unit: deg, datatype: float64}
# - {name: Moon Alt, unit: deg, datatype: float64}
# - {name: Moon Illumination, datatype: float64}
# delimiter: ','
# meta: !!omap
# - ida:
#     Data supplier: {affiliation: null, observer: null}
#     Device type: TESS-W
#     Field of view: 17.0
#     Filters per channel: None
#     Instrument ID: stars19
#     License: ODbL 1.0 http://opendatacommons.org/licenses/odbl/summary/
#     Local timezone: America/Phoenix
#     Location name: {country: '- Tucson', place: Tucson, region: United States, sub_region: Arizona, town: Pima County}
#     Measurement direction per channel: {azimuth: 0.0, zenital: 0.0}
#     Moving / Fixed look direction: FIXED
#     Moving / Stationary position: STATIONARY
#     Number of channels: 1
#     Number of fields per line: 8
#     Number of header lines: 35
#     Position: {height: 0.0, latitude: 32.223877, longitude: -110.767532}
#     TESS MAC address: 18:FE:34:CF:EC:06
#     TESS cover offset value: 0.0
#     TESS firmware version: '1.0'
#     TESS zero point: 20.5
#     Time Synchronization: timestamp added by MQTT subscriber
#     URL: http://www.darksky.org/NSBM/sdf1.0.pdf
# - __serialized_columns__:
#     Enclosure Temperature:
#       __class__: astropy.units.quantity.Quantity
#       unit: &id001 !astropy.units.Unit {unit: deg_C}
#       value: !astropy.table.SerializedColumn {name: Enclosure Temperature}
#     Frequency:
#       __class__: astropy.units.quantity.Quantity
#       unit: !astropy.units.Unit {unit: Hz}
#       value: !astropy.table.SerializedColumn {name: Frequency}
#     MSAS:
#       __class__: astropy.units.quantity.Quantity
#       unit: !astropy.units.Unit {unit: mag / arcsec2}
#       value: !astropy.table.SerializedColumn {name: MSAS}
#     Moon Alt:
#       __class__: astropy.units.quantity.Quantity
#       unit: &id002 !astropy.units.Unit {unit: deg}
#       value: !astropy.table.SerializedColumn {name: Moon Alt}
#     Sky Temperature:
#       __class__: astropy.units.quantity.Quantity
#       unit: *id001
#       value: !astropy.table.SerializedColumn {name: Sky Temperature}
#     Sun Alt:
#       __class__: astropy.units.quantity.Quantity
#       unit: *id002
#       value: !astropy.table.SerializedColumn {name: Sun Alt}
#     time:
#       __class__: astropy.time.core.Time
#       format: isot
#       in_subfmt: '*'
#       out_subfmt: '*'
#       precision: 3
#       scale: utc
#       value: !astropy.table.SerializedColumn {name: time}
# schema: astropy-2.0
time,Enclosure Temperature,Sky Temperature,Frequency,MSAS,ZP,Sequence Number,Sun Alt,Moon Alt,Moon Illumination
[from data line 1453]
2022-01-02T12:16:54.000,10.22,-21.16,1.02,20.36,20.5,346069,-26.26,-26.0,0.002
2022-01-02T12:17:54.000,10.52,-21.07,1.02,20.36,20.5,346070,-26.05,-25.0,0.002
2022-01-02T12:18:54.000,10.49,-20.87,1.02,20.36,20.5,346071,-25.84,-25.0,0.002
2022-01-02T12:19:54.000,10.15,-21.3,1.02,20.36,20.5,346072,-25.64,-25.0,0.002
2022-01-02T12:20:55.000,9.62,-21.76,1.02,20.36,20.5,346073,-25.43,-25.0,0.002
2022-01-02T12:21:55.000,9.46,-22.68,1.02,20.36,20.5,346074,-25.22,-25.0,0.002
2022-01-02T12:22:55.000,9.77,-22.45,1.01,20.36,20.5,346075,-25.01,-24.0,0.002
2022-01-02T12:23:55.000,10.68,-21.44,1.01,20.36,20.5,346076,-24.81,-24.0,0.002
2022-01-02T12:24:55.000,11.32,-21.17,1.01,20.36,20.5,346077,-24.6,-24.0,0.002
2022-01-02T12:25:55.000,11.43,-20.98,1.02,20.36,20.5,346078,-24.39,-24.0,0.002
2022-01-02T12:26:55.000,11.15,-21.07,1.02,20.36,20.5,346079,-24.19,-24.0,0.002
2022-01-02T12:27:55.000,10.66,-21.24,1.02,20.36,20.5,346080,-23.98,-23.0,0.002
2022-01-02T12:28:55.000,10.13,-20.87,1.02,20.36,20.5,346081,-23.77,-23.0,0.002
2022-01-02T12:29:55.000,9.65,-21.17,1.02,20.36,20.5,346082,-23.57,-23.0,0.002
2022-01-02T12:30:55.000,9.74,-21.53,1.02,20.36,20.5,346083,-23.36,-23.0,0.002
2022-01-02T12:31:55.000,10.42,-21.23,1.02,20.36,20.5,346084,-23.16,-23.0,0.002
2022-01-02T12:32:55.000,10.96,-21.19,1.01,20.37,20.5,346085,-22.95,-22.0,0.002
2022-01-02T12:33:55.000,10.99,-21.08,1.01,20.37,20.5,346086,-22.75,-22.0,0.002
2022-01-02T12:34:55.000,10.76,-20.93,1.01,20.37,20.5,346087,-22.54,-22.0,0.002
2022-01-02T12:35:55.000,10.27,-21.16,1.01,20.36,20.5,346088,-22.33,-22.0,0.002
2022-01-02T12:36:55.000,9.79,-20.94,1.01,20.36,20.5,346089,-22.13,-22.0,0.002
2022-01-02T12:37:56.000,9.76,-21.4,1.01,20.37,20.5,346090,-21.92,-22.0,0.002
2022-01-02T12:38:56.000,10.32,-21.52,1.01,20.37,20.5,346091,-21.72,-21.0,0.002
2022-01-02T12:39:56.000,10.81,-21.57,1.01,20.36,20.5,346092,-21.51,-21.0,0.002
2022-01-02T12:40:56.000,10.72,-21.66,1.01,20.36,20.5,346093,-21.31,-21.0,0.002
2022-01-02T12:41:56.000,10.3,-21.55,1.01,20.36,20.5,346094,-21.1,-21.0,0.002
2022-01-02T12:42:56.000,9.77,-21.48,1.01,20.36,20.5,346095,-20.9,-21.0,0.002
2022-01-02T12:43:56.000,9.66,-21.47,1.01,20.37,20.5,346096,-20.69,-20.0,0.002
2022-01-02T12:44:56.000,10.17,-22.04,1.01,20.37,20.5,346097,-20.49,-20.0,0.002
2022-01-02T12:45:56.000,10.56,-21.94,1.01,20.37,20.5,346098,-20.28,-20.0,0.002
2022-01-02T12:46:56.000,10.49,-21.87,1.01,20.37,20.5,346099,-20.08,-20.0,0.002
2022-01-02T12:47:56.000,10.21,-21.26,1.01,20.37,20.5,346100,-19.87,-20.0,0.002
2022-01-02T12:48:56.000,9.82,-21.49,1.01,20.37,20.5,346101,-19.67,-19.0,0.002
2022-01-02T12:49:56.000,9.61,-21.64,1.01,20.37,20.5,346102,-19.47,-19.0,0.002
2022-01-02T12:50:56.000,10.12,-21.6,1.01,20.37,20.5,346103,-19.26,-19.0,0.002
2022-01-02T12:51:56.000,10.75,-21.83,1.01,20.37,20.5,346104,-19.06,-19.0,0.002
2022-01-02T12:52:56.000,10.7,-22.02,1.01,20.37,20.5,346105,-18.85,-19.0,0.002
2022-01-02T12:53:57.000,10.34,-22.04,1.01,20.37,20.5,346106,-18.65,-18.0,0.002
2022-01-02T12:54:57.000,9.77,-22.09,1.01,20.37,20.5,346107,-18.44,-18.0,0.002
2022-01-02T12:55:57.000,9.5,-22.26,1.01,20.37,20.5,346108,-18.24,-18.0,0.002
2022-01-02T12:56:57.000,10.03,-21.84,1.01,20.37,20.5,346109,-18.04,-18.0,0.002
2022-01-02T12:57:57.000,10.82,-21.72,1.01,20.36,20.5,346110,-17.84,-18.0,0.002
2022-01-02T12:58:57.000,11.11,-21.53,1.02,20.36,20.5,346111,-17.63,-18.0,0.002
2022-01-02T12:59:57.000,11.03,-21.22,1.02,20.36,20.5,346112,-17.43,-17.0,0.002
2022-01-02T13:00:57.000,10.64,-21.48,1.02,20.36,20.5,346113,-17.23,-17.0,0.002
2022-01-02T13:01:57.000,9.93,-22.21,1.02,20.36,20.5,346114,-17.02,-17.0,0.002
2022-01-02T13:02:57.000,9.51,-21.44,1.02,20.36,20.5,346115,-16.82,-17.0,0.002
2022-01-02T13:03:57.000,9.9,-21.55,1.02,20.36,20.5,346116,-16.62,-17.0,0.002
2022-01-02T13:04:57.000,10.48,-22.2,1.02,20.36,20.5,346117,-16.42,-16.0,0.002
2022-01-02T13:05:57.000,10.59,-21.93,1.03,20.35,20.5,346118,-16.22,-16.0,0.002
2022-01-02T13:06:57.000,10.54,-21.39,1.03,20.35,20.5,346119,-16.01,-16.0,0.002
2022-01-02T13:07:57.000,10.16,-21.24,1.03,20.34,20.5,346120,-15.81,-16.0,0.002
2022-01-02T13:08:57.000,9.76,-21.32,1.04,20.34,20.5,346121,-15.61,-16.0,0.002
2022-01-02T13:09:58.000,9.73,-21.91,1.05,20.33,20.5,346122,-15.4,-15.0,0.002
2022-01-02T13:10:58.000,10.24,-21.88,1.05,20.32,20.5,346123,-15.2,-15.0,0.002
2022-01-02T13:11:58.000,10.78,-21.69,1.07,20.31,20.5,346124,-15.0,-15.0,0.002
2022-01-02T13:12:58.000,10.9,-21.38,1.08,20.3,20.5,346125,-14.8,-15.0,0.002
2022-01-02T13:13:58.000,10.7,-21.47,1.1,20.28,20.5,346126,-14.6,-15.0,0.002
2022-01-02T13:14:58.000,10.25,-21.33,1.12,20.26,20.5,346127,-14.4,-15.0,0.002
2022-01-02T13:15:58.000,9.75,-21.5,1.14,20.24,20.5,346128,-14.2,-14.0,0.002
2022-01-02T13:16:58.000,9.67,-21.63,1.17,20.21,20.5,346129,-14.0,-14.0,0.002
2022-01-02T13:17:58.000,10.32,-21.57,1.21,20.17,20.5,346130,-13.8,-14.0,0.002
2022-01-02T13:18:58.000,10.91,-21.52,1.26,20.13,20.5,346131,-13.6,-14.0,0.002
2022-01-02T13:20:03.000,10.91,-21.68,1.32,20.08,20.5,346132,-13.38,-14.0,0.001
2022-01-02T13:21:03.000,10.55,-21.42,1.39,20.02,20.5,346133,-13.18,-13.0,0.001
2022-01-02T13:22:03.000,10.08,-21.14,1.48,19.96,20.5,346134,-12.98,-13.0,0.001
2022-01-02T13:23:03.000,9.58,-22.01,1.58,19.88,20.5,346135,-12.78,-13.0,0.001
2022-01-02T13:24:03.000,9.54,-22.15,1.71,19.8,20.5,346136,-12.58,-13.0,0.001
2022-01-02T13:25:03.000,10.16,-22.2,1.87,19.7,20.5,346137,-12.38,-13.0,0.001
2022-01-02T13:26:03.000,10.86,-21.89,2.06,19.6,20.5,346138,-12.18,-13.0,0.001
2022-01-02T13:27:03.000,11.08,-21.59,2.28,19.48,20.5,346139,-11.98,-12.0,0.001
2022-01-02T13:28:04.000,10.92,-21.66,2.57,19.36,20.5,346140,-11.78,-12.0,0.001
2022-01-02T13:29:04.000,10.46,-21.93,2.88,19.23,20.5,346141,-11.58,-12.0,0.001
2022-01-02T13:30:04.000,9.65,-22.23,3.3,19.08,20.5,346142,-11.38,-12.0,0.001
2022-01-02T13:31:04.000,9.59,-21.92,3.79,18.93,20.5,346143,-11.18,-12.0,0.001
2022-01-02T13:32:04.000,10.18,-21.82,4.37,18.78,20.5,346144,-10.98,-11.0,0.001
2022-01-02T13:33:04.000,10.82,-21.85,5.06,18.62,20.5,346145,-10.79,-11.0,0.001
2022-01-02T13:34:04.000,10.96,-21.58,5.85,18.46,20.5,346146,-10.59,-11.0,0.001
2022-01-02T13:35:04.000,10.65,-21.95,6.9,18.28,20.5,346147,-10.39,-11.0,0.001
2022-01-02T13:36:04.000,10.01,-21.97,8.12,18.11,20.5,346148,-10.19,-11.0,0.001
2022-01-02T13:37:04.000,9.64,-21.47,9.53,17.93,20.5,346149,-9.99,-10.0,0.001
2022-01-02T13:38:04.000,9.91,-21.87,11.21,17.76,20.5,346150,-9.8,-10.0,0.001
2022-01-02T13:40:04.000,10.77,-21.96,15.63,17.4,20.5,346152,-9.4,-10.0,0.001
2022-01-02T13:41:04.000,10.48,-22.08,18.56,17.21,20.5,346153,-9.21,-10.0,0.001
2022-01-02T13:42:04.000,10.05,-21.49,21.88,17.03,20.5,346154,-9.01,-10.0,0.001
2022-01-02T13:43:04.000,9.66,-21.8,26.11,16.84,20.5,346155,-8.81,-9.0,0.001
2022-01-02T13:44:04.000,9.87,-21.89,31.15,16.65,20.5,346156,-8.62,-9.0,0.001
2022-01-02T13:45:05.000,10.41,-22.1,37.27,16.45,20.5,346157,-8.42,-9.0,0.001
2022-01-02T13:46:05.000,10.61,-22.0,44.53,16.26,20.5,346158,-8.22,-9.0,0.001
2022-01-02T13:48:05.000,10.05,-21.45,65.16,15.85,20.5,346160,-7.83,-8.0,0.001
2022-01-02T13:49:05.000,9.72,-21.83,79.7,15.63,20.5,346161,-7.63,-8.0,0.001
2022-01-02T13:50:05.000,9.9,-21.9,97.91,15.4,20.5,346162,-7.44,-8.0,0.001
2022-01-02T13:51:05.000,10.4,-22.43,120.82,15.18,20.5,346163,-7.24,-8.0,0.001
2022-01-02T13:52:05.000,10.6,-21.9,150.0,14.94,20.5,346164,-7.05,-8.0,0.001
2022-01-02T13:53:05.000,10.5,-21.56,187.44,14.7,20.5,346165,-6.85,-8.0,0.001
2022-01-02T13:54:05.000,10.11,-21.9,235.12,14.45,20.5,346166,-6.66,-7.0,0.001
2022-01-02T13:55:05.000,9.62,-21.77,295.73,14.21,20.5,346167,-6.46,-7.0,0.001
2022-01-02T13:56:05.000,9.72,-21.95,373.08,13.95,20.5,346168,-6.27,-7.0,0.001
2022-01-02T13:57:05.000,10.06,-21.74,472.74,13.7,20.5,346169,-6.07,-7.0,0.001
2022-01-02T13:58:05.000,10.06,-21.86,601.09,13.44,20.5,346170,-5.88,-7.0,0.001
2022-01-02T13:59:05.000,9.76,-21.73,767.55,13.17,20.5,346171,-5.68,-7.0,0.001
2022-01-02T14:00:05.000,9.28,-21.75,981.51,12.9,20.5,346172,-5.49,-6.0,0.001
2022-01-02T14:01:06.000,8.69,-21.79,1259.78,12.63,20.5,346173,-5.29,-6.0,0.001
2022-01-02T14:02:06.000,8.03,-22.15,1619.55,12.36,20.5,346174,-5.1,-6.0,0.001
2022-01-02T14:03:06.000,7.32,-22.47,2081.29,12.09,20.5,346175,-4.91,-6.0,0.001
2022-01-02T14:04:06.000,6.73,-21.68,2667.01,11.82,20.5,346176,-4.71,-6.0,0.001
2022-01-02T14:05:06.000,6.38,-21.32,3400.92,11.55,20.5,346177,-4.52,-5.0,0.001
2022-01-02T14:06:06.000,6.03,-21.5,4321.82,11.29,20.5,346178,-4.33,-5.0,0.001
2022-01-02T14:07:06.000,5.63,-21.74,5455.64,11.04,20.5,346179,-4.14,-5.0,0.001
2022-01-02T14:08:06.000,5.28,-21.54,6833.13,10.8,20.5,346180,-3.94,-5.0,0.001
2022-01-02T14:10:06.000,4.79,-21.5,10465.37,10.33,20.5,346182,-3.56,-5.0,0.001
2022-01-02T14:11:06.000,4.54,-21.47,12811.82,10.11,20.5,346183,-3.37,-4.0,0.001
2022-01-02T14:12:06.000,4.31,-21.64,15560.16,9.9,20.5,346184,-3.18,-4.0,0.001
2022-01-02T14:13:06.000,4.1,-21.54,18727.03,9.7,20.5,346185,-2.98,-4.0,0.001
2022-01-02T14:15:12.000,3.78,-21.48,26831.41,9.31,20.5,346187,-2.58,-4.0,0.001
2022-01-02T14:16:12.000,3.62,-21.57,31585.84,9.13,20.5,346188,-2.39,-3.0,0.001
2022-01-02T14:17:12.000,3.43,-21.91,36459.39,9.06,20.5,346189,-2.2,-3.0,0.001
2022-01-02T14:18:12.000,3.28,-21.64,42672.79,8.81,20.5,346190,-2.01,-3.0,0.001
2022-01-02T14:19:12.000,3.2,-21.6,49032.25,8.65,20.5,346191,-1.82,-3.0,0.001
2022-01-02T14:20:12.000,3.06,-21.88,55967.75,8.51,20.5,346192,-1.63,-3.0,0.001
2022-01-02T14:21:12.000,3.01,-21.53,43614.79,6.06,20.5,346193,-1.44,-3.0,0.001
2022-01-02T14:22:12.000,2.97,-21.48,0.0,0.0,20.5,346194,-1.25,-2.0,0.001
2022-01-02T14:23:12.000,2.91,-21.59,0.0,0.0,20.5,346195,-1.06,-2.0,0.001
2022-01-02T14:24:12.000,2.88,-21.54,0.0,0.0,20.5,346196,-0.88,-2.0,0.001
2022-01-02T14:27:13.000,2.49,-22.16,0.0,0.0,20.5,346199,-0.31,-2.0,0.001
2022-01-02T14:28:13.000,2.5,-21.8,0.0,0.0,20.5,346200,-0.12,-1.0,0.001
2022-01-02T14:29:13.000,2.48,-21.77,0.0,0.0,20.5,346201,0.07,-1.0,0.001
2022-01-02T14:30:13.000,2.42,-21.87,0.21,0.17,20.5,346202,0.26,-1.0,0.001
2022-01-02T14:31:13.000,2.4,-21.85,0.0,0.0,20.5,346203,0.44,-1.0,0.001
2022-01-02T14:32:13.000,2.37,-22.0,0.0,0.0,20.5,346204,0.63,-1.0,0.001
2022-01-02T14:33:13.000,2.27,-21.98,0.0,0.0,20.5,346205,0.82,-1.0,0.001
2022-01-02T14:39:13.000,2.04,-22.1,0.0,0.0,20.5,346211,1.93,0.0,0.001
2022-01-02T14:40:13.000,2.0,-22.02,0.0,0.0,20.5,346212,2.12,1.0,0.001
2022-01-02T14:41:13.000,1.96,-22.13,0.0,0.0,20.5,346213,2.3,1.0,0.001
2022-01-02T14:42:13.000,1.9,-22.09,0.13,0.11,20.5,346214,2.49,1.0,0.001
2022-01-02T14:43:14.000,1.9,-22.01,0.0,0.0,20.5,346215,2.68,1.0,0.001
2022-01-02T14:44:14.000,1.9,-21.96,0.0,0.0,20.5,346216,2.86,1.0,0.001
2022-01-02T14:45:14.000,1.91,-21.77,0.0,0.0,20.5,346217,3.05,1.0,0.001
2022-01-02T14:46:14.000,2.01,-21.57,0.0,0.0,20.5,346218,3.23,2.0,0.001
2022-01-02T14:47:14.000,2.04,-21.63,0.0,0.0,20.5,346219,3.41,2.0,0.001
2022-01-02T14:48:14.000,2.07,-21.78,0.0,0.0,20.5,346220,3.6,2.0,0.001
2022-01-02T14:49:14.000,2.0,-22.0,0.26,0.09,20.5,346221,3.78,2.0,0.001
2022-01-02T14:50:14.000,1.98,-21.87,0.0,0.0,20.5,346222,3.96,2.0,0.001
2022-01-02T14:51:14.000,1.95,-22.05,0.0,0.0,20.5,346223,4.14,3.0,0.001
2022-01-02T14:52:14.000,1.91,-22.01,0.0,0.0,20.5,346224,4.33,3.0,0.001
2022-01-02T15:00:15.000,1.99,-21.68,0.0,0.0,20.5,346232,5.78,4.0,0.001
2022-01-02T15:01:15.000,2.0,-21.85,0.0,0.0,20.5,346233,5.96,4.0,0.001
2022-01-02T15:02:15.000,2.03,-21.66,0.0,0.0,20.5,346234,6.14,4.0,0.001
2022-01-02T15:03:15.000,2.11,-21.58,0.27,0.09,20.5,346235,6.32,4.0,0.001
2022-01-02T15:04:15.000,2.13,-21.82,0.0,0.0,20.5,346236,6.49,5.0,0.001
2022-01-02T15:05:15.000,2.15,-21.6,0.0,0.0,20.5,346237,6.67,5.0,0.001
2022-01-02T15:06:15.000,2.21,-21.49,0.0,0.0,20.5,346238,6.85,5.0,0.001
2022-01-02T15:11:16.000,2.4,-21.32,0.0,0.0,20.5,346243,7.74,6.0,0.001
2022-01-02T15:12:16.000,2.51,-21.52,0.0,0.0,20.5,346244,7.92,6.0,0.001
2022-01-02T15:13:16.000,2.52,-21.53,0.0,0.0,20.5,346245,8.09,6.0,0.001
2022-01-02T15:15:16.000,2.69,-21.46,0.0,0.0,20.5,346247,8.45,6.0,0.001
2022-01-02T15:16:16.000,2.75,-21.35,0.0,0.0,20.5,346248,8.62,7.0,0.001
2022-01-02T15:17:16.000,2.8,-21.46,0.0,0.0,20.5,346249,8.8,7.0,0.001
2022-01-02T15:27:16.000,3.32,-21.17,0.0,0.0,20.5,346259,10.53,8.0,0.001
2022-01-02T15:28:17.000,3.37,-21.26,0.0,0.0,20.5,346260,10.7,9.0,0.001
2022-01-02T15:29:17.000,3.42,-21.09,0.0,0.0,20.5,346261,10.87,9.0,0.001
2022-01-02T15:31:17.000,3.53,-21.03,0.0,0.0,20.5,346263,11.21,9.0,0.001
2022-01-02T15:32:17.000,3.57,-21.03,0.0,0.0,20.5,346264,11.38,9.0,0.001
2022-01-02T15:33:17.000,3.6,-21.06,0.0,0.0,20.5,346265,11.55,9.0,0.001
2022-01-02T15:49:19.000,4.61,-20.18,0.0,0.0,20.5,346281,14.23,12.0,0.001
2022-01-02T15:50:19.000,4.7,-20.13,0.0,0.0,20.5,346282,14.39,12.0,0.001
2022-01-02T15:51:19.000,4.74,-20.19,0.0,0.0,20.5,346283,14.55,12.0,0.001
2022-01-02T15:53:24.000,4.82,-20.24,0.0,0.0,20.5,346285,14.89,12.0,0.001
2022-01-02T15:54:24.000,4.9,-20.07,0.0,0.0,20.5,346286,15.05,12.0,0.001
2022-01-02T15:55:24.000,4.95,-19.88,0.0,0.0,20.5,346287,15.21,13.0,0.001
2022-01-02T15:59:24.000,5.2,-19.94,0.0,0.0,20.5,346291,15.85,13.0,0.001
2022-01-02T16:00:24.000,5.24,-19.84,0.0,0.0,20.5,346292,16.01,13.0,0.001
2022-01-02T16:01:24.000,5.31,-19.75,0.0,0.0,20.5,346293,16.17,13.0,0.001
2022-01-02T16:03:30.000,5.43,-19.65,0.0,0.0,20.5,346295,16.5,14.0,0.001
2022-01-02T16:04:30.000,5.52,-19.47,0.0,0.0,20.5,346296,16.66,14.0,0.001
2022-01-02T16:05:30.000,5.6,-19.46,0.0,0.0,20.5,346297,16.82,14.0,0.001
2022-01-02T16:09:30.000,5.82,-19.3,0.0,0.0,20.5,346301,17.44,15.0,0.001
2022-01-02T16:10:30.000,5.89,-19.18,0.0,0.0,20.5,346302,17.6,15.0,0.001
2022-01-02T16:11:30.000,5.95,-19.16,0.0,0.0,20.5,346303,17.75,15.0,0.001
2022-01-02T16:13:30.000,5.99,-19.03,0.0,0.0,20.5,346305,18.06,15.0,0.001
2022-01-02T16:14:31.000,6.04,-19.07,0.0,0.0,20.5,346306,18.22,15.0,0.001
2022-01-02T16:15:31.000,6.1,-18.93,0.0,0.0,20.5,346307,18.37,15.0,0.001
2022-01-02T16:35:32.000,7.6,-16.95,0.0,0.0,20.5,346327,21.32,18.0,0.001
2022-01-02T16:36:32.000,7.64,-17.0,0.0,0.0,20.5,346328,21.46,18.0,0.001
2022-01-02T16:37:32.000,7.68,-16.84,0.0,0.0,20.5,346329,21.61,18.0,0.001
2022-01-02T16:40:38.000,8.01,-16.17,0.0,0.0,20.5,346332,22.04,19.0,0.001
2022-01-02T16:41:38.000,8.04,-16.24,0.0,0.0,20.5,346333,22.18,19.0,0.001
2022-01-02T16:42:38.000,8.09,-16.16,0.0,0.0,20.5,346334,22.32,19.0,0.001
2022-01-02T17:13:39.000,11.1,-11.38,0.0,0.0,20.5,346365,26.33,23.0,0.001
2022-01-02T17:14:40.000,11.22,-11.15,0.0,0.0,20.5,346366,26.45,23.0,0.001
2022-01-02T17:15:40.000,11.32,-11.11,0.0,0.0,20.5,346367,26.57,23.0,0.001
2022-01-02T17:17:40.000,11.66,-10.48,0.0,0.0,20.5,346369,26.81,23.0,0.001
2022-01-02T17:18:40.000,11.84,-10.47,0.0,0.0,20.5,346370,26.92,23.0,0.001
2022-01-02T17:19:40.000,12.02,-10.07,0.0,0.0,20.5,346371,27.04,23.0,0.001
2022-01-02T18:36:48.000,33.28,-1.44,0.0,0.0,20.5,346448,33.61,29.0,0.001
2022-01-02T18:37:48.000,33.55,-1.99,0.0,0.0,20.5,346449,33.66,29.0,0.001
2022-01-02T18:38:48.000,33.62,-2.24,0.0,0.0,20.5,346450,33.71,29.0,0.001
2022-01-02T18:40:53.000,34.21,-1.6,0.0,0.0,20.5,346452,33.81,30.0,0.001
2022-01-02T18:41:53.000,34.49,-2.1,0.0,0.0,20.5,346453,33.85,30.0,0.001
2022-01-02T18:42:53.000,34.61,-1.82,0.0,0.0,20.5,346454,33.9,30.0,0.001
2022-01-02T19:00:55.000,36.58,-1.47,0.0,0.0,20.5,346472,34.55,30.0,0.001
2022-01-02T19:01:55.000,36.8,-1.31,0.0,0.0,20.5,346473,34.58,30.0,0.001
2022-01-02T19:02:55.000,36.92,-1.94,0.0,0.0,20.5,346474,34.61,30.0,0.001
2022-01-02T19:04:55.000,36.94,-2.3,0.0,0.0,20.5,346476,34.65,30.0,0.001
2022-01-02T19:05:55.000,37.01,-1.99,0.0,0.0,20.5,346477,34.68,30.0,0.001
2022-01-02T19:06:55.000,36.9,-2.15,0.0,0.0,20.5,346478,34.7,30.0,0.001
2022-01-02T19:08:55.000,36.84,-1.93,0.0,0.0,20.5,346480,34.74,30.0,0.001
2022-01-02T19:09:56.000,36.98,-1.24,0.0,0.0,20.5,346481,34.76,30.0,0.001
2022-01-02T19:10:56.000,36.97,-1.89,0.0,0.0,20.5,346482,34.77,30.0,0.001
2022-01-02T19:12:56.000,36.88,-1.84,0.0,0.0,20.5,346484,34.81,31.0,0.001
2022-01-02T19:13:56.000,36.8,-2.34,0.0,0.0,20.5,346485,34.82,31.0,0.001
