Downloads/jupyter/ECSV/stars19/stars19_2022-06.ecsv
# %ECSV 1.0
# ---
# datatype:
# - {name: time, datatype: string}
# - {name: Enclosure Temperature, unit: deg_C, datatype: float64}
# - {name: Sky Temperature, unit: deg_C, datatype: float64}
# - {name: Frequency, unit: Hz, datatype: float64}
# - {name: MSAS, unit: mag / arcsec2, datatype: float64}
# - {name: ZP, datatype: float64}
# - {name: Sequence Number, datatype: int64}
# - {name: Sun Alt, unit: deg, datatype: float64}
# - {name: Moon Alt, unit: deg, datatype: float64}
# - {name: Moon Illumination, datatype: float64}
# delimiter: ','
# meta: !!omap
# - ida:
#     Data supplier: {affiliation: null, observer: null}
#     Device type: TESS-W
#     Field of view: 17.0
#     Filters per channel: None
#     Instrument ID: stars19
#     License: ODbL 1.0 http://opendatacommons.org/licenses/odbl/summary/
#     Local timezone: America/Phoenix
#     Location name: {country: '- Tucson', place: Tucson, region: United States, sub_region: Arizona, town: Pima County}
#     Measurement direction per channel: {azimuth: 0.0, zenital: 0.0}
#     Moving / Fixed look direction: FIXED
#     Moving / Stationary position: STATIONARY
#     Number of channels: 1
#     Number of fields per line: 8
#     Number of header lines: 35
#     Position: {height: 0.0, latitude: 32.223877, longitude: -110.767532}
#     TESS MAC address: 18:FE:34:CF:EC:06
#     TESS cover offset value: 0.0
#     TESS firmware version: '1.0'
#     TESS zero point: 20.5
#     Time Synchronization: timestamp added by MQTT subscriber
#     URL: http://www.darksky.org/NSBM/sdf1.0.pdf
# - __serialized_columns__:
#     Enclosure Temperature:
#       __class__: astropy.units.quantity.Quantity
#       unit: &id001 !astropy.units.Unit {unit: deg_C}
#       value: !astropy.table.SerializedColumn {name: Enclosure Temperature}
#     Frequency:
#       __class__: astropy.units.quantity.Quantity
#       unit: !astropy.units.Unit {unit: Hz}
#       value: !astropy.table.SerializedColumn {name: Frequency}
#     MSAS:
#       __class__: astropy.units.quantity.Quantity
#       unit: !astropy.units.Unit {unit: mag / arcsec2}
#       value: !astropy.table.SerializedColumn {name: MSAS}
#     Moon Alt:
#       __class__: astropy.units.quantity.Quantity
#       unit: &id002 !astropy.units.Unit {unit: deg}
#       value: !astropy.table.SerializedColumn {name: Moon Alt}
#     Sky Temperature:
#       __class__: astropy.units.quantity.Quantity
#       unit: *id001
#       value: !astropy.table.SerializedColumn {name: Sky Temperature}
#     Sun Alt:
#       __class__: astropy.units.quantity.Quantity
#       unit: *id002
#       value: !astropy.table.SerializedColumn {name: Sun Alt}
#     time:
#       __class__: astropy.time.core.Time
#       format: isot
#       in_subfmt: '*'
#       out_subfmt: '*'
#       precision: 3
#       scale: utc
#       value: !astropy.table.SerializedColumn {name: time}
# schema: astropy-2.0
time,Enclosure Temperature,Sky Temperature,Frequency,MSAS,ZP,Sequence Number,Sun Alt,Moon Alt,Moon Illumination
[from data line 15584]
2022-06-21T00:01:49.000,40.48,22.03,0.0,0.0,20.5,182377,29.14,-57.0,0.515
2022-06-21T00:04:49.000,40.49,22.3,0.0,0.0,20.5,182380,28.52,-57.0,0.515
2022-06-21T00:05:49.000,40.56,22.47,0.0,0.0,20.5,182381,28.31,-57.0,0.515
2022-06-21T00:07:49.000,40.57,22.53,0.0,0.0,20.5,182383,27.89,-57.0,0.515
2022-06-21T00:08:50.000,40.54,22.52,0.0,0.0,20.5,182384,27.68,-58.0,0.515
2022-06-21T00:09:50.000,40.53,22.48,0.0,0.0,20.5,182385,27.48,-58.0,0.515
2022-06-21T00:11:54.000,40.47,22.73,0.0,0.0,20.5,182387,27.05,-58.0,0.515
2022-06-21T00:12:54.000,40.44,22.86,0.0,0.0,20.5,182388,26.84,-58.0,0.514
2022-06-21T00:13:54.000,40.35,22.99,0.0,0.0,20.5,182389,26.64,-58.0,0.514
2022-06-21T00:18:55.000,40.33,24.23,0.0,0.0,20.5,182394,25.6,-59.0,0.514
2022-06-21T00:19:55.000,40.34,24.37,0.0,0.0,20.5,182395,25.39,-59.0,0.514
2022-06-21T00:20:55.000,40.33,24.44,0.0,0.0,20.5,182396,25.19,-59.0,0.514
2022-06-21T00:22:55.000,40.31,24.62,0.0,0.0,20.5,182398,24.77,-59.0,0.514
2022-06-21T00:23:55.000,40.32,24.56,0.0,0.0,20.5,182399,24.57,-59.0,0.514
2022-06-21T00:24:55.000,40.26,24.35,0.0,0.0,20.5,182400,24.36,-59.0,0.514
2022-06-21T00:26:56.000,40.22,24.4,0.0,0.0,20.5,182402,23.95,-59.0,0.513
2022-06-21T00:27:56.000,40.21,24.19,0.0,0.0,20.5,182403,23.74,-60.0,0.513
2022-06-21T00:28:56.000,40.13,24.32,0.0,0.0,20.5,182404,23.54,-60.0,0.513
2022-06-21T00:29:56.000,40.19,24.55,0.0,0.0,20.5,182405,23.33,-60.0,0.513
2022-06-21T00:30:56.000,40.19,24.28,0.0,0.0,20.5,182406,23.13,-60.0,0.513
2022-06-21T00:32:57.000,40.08,24.04,0.0,0.0,20.5,182408,22.71,-60.0,0.513
2022-06-21T00:33:57.000,40.05,24.14,0.0,0.0,20.5,182409,22.51,-60.0,0.513
2022-06-21T00:34:57.000,40.02,24.21,0.0,0.0,20.5,182410,22.3,-60.0,0.513
2022-06-21T00:52:58.000,37.3,21.48,0.0,0.0,20.5,182428,18.63,-62.0,0.511
2022-06-21T00:53:58.000,37.4,21.45,0.0,0.0,20.5,182429,18.43,-62.0,0.511
2022-06-21T00:54:58.000,37.44,20.95,0.0,0.0,20.5,182430,18.23,-62.0,0.511
2022-06-21T00:56:58.000,37.48,20.8,0.0,0.0,20.5,182432,17.82,-62.0,0.511
2022-06-21T00:57:58.000,37.39,20.0,0.0,0.0,20.5,182433,17.62,-62.0,0.511
2022-06-21T01:00:04.000,37.33,20.44,0.0,0.0,20.5,182435,17.19,-62.0,0.511
2022-06-21T01:01:04.000,37.34,20.4,0.0,0.0,20.5,182436,16.99,-62.0,0.511
2022-06-21T01:02:04.000,37.34,20.26,0.0,0.0,20.5,182437,16.79,-62.0,0.511
2022-06-21T01:43:08.000,37.17,19.71,0.0,0.0,20.5,182478,8.63,-62.0,0.508
2022-06-21T01:44:08.000,37.17,19.16,0.0,0.0,20.5,182479,8.43,-62.0,0.508
2022-06-21T01:45:08.000,37.05,18.71,0.0,0.0,20.5,182480,8.24,-62.0,0.508
2022-06-21T01:47:09.000,36.78,18.34,0.0,0.0,20.5,182482,7.84,-62.0,0.507
2022-06-21T01:48:09.000,36.74,18.47,0.0,0.0,20.5,182483,7.65,-62.0,0.507
2022-06-21T01:49:09.000,36.72,18.35,0.0,0.0,20.5,182484,7.45,-62.0,0.507
2022-06-21T02:09:12.000,36.14,17.13,0.0,0.0,20.5,182504,3.59,-61.0,0.506
2022-06-21T02:10:12.000,36.13,17.06,0.0,0.0,20.5,182505,3.4,-61.0,0.506
2022-06-21T02:11:12.000,36.1,17.02,0.0,0.0,20.5,182506,3.21,-61.0,0.506
2022-06-21T02:13:12.000,36.07,17.19,0.0,0.0,20.5,182508,2.83,-61.0,0.506
2022-06-21T02:14:13.000,36.09,17.22,0.0,0.0,20.5,182509,2.64,-60.0,0.505
2022-06-21T02:15:12.000,36.08,17.19,0.0,0.0,20.5,182510,2.45,-60.0,0.505
2022-06-21T02:17:13.000,36.02,16.97,0.0,0.0,20.5,182512,2.07,-60.0,0.505
2022-06-21T02:18:13.000,35.95,16.88,0.0,0.0,20.5,182513,1.88,-60.0,0.505
2022-06-21T02:19:13.000,35.9,16.7,0.0,0.0,20.5,182514,1.69,-60.0,0.505
2022-06-21T02:21:14.000,35.87,16.84,0.0,0.0,20.5,182516,1.31,-60.0,0.505
2022-06-21T02:22:14.000,35.9,16.82,0.0,0.0,20.5,182517,1.12,-60.0,0.505
2022-06-21T02:23:14.000,35.93,16.85,0.0,0.0,20.5,182518,0.93,-60.0,0.505
2022-06-21T02:24:14.000,35.95,16.76,0.0,0.0,20.5,182519,0.75,-60.0,0.505
2022-06-21T02:25:14.000,35.95,16.54,0.13,0.11,20.5,182520,0.56,-59.0,0.505
2022-06-21T02:26:14.000,35.96,16.6,0.0,0.0,20.5,182521,0.37,-59.0,0.505
2022-06-21T02:27:14.000,35.99,16.5,0.0,0.0,20.5,182522,0.18,-59.0,0.504
2022-06-21T02:28:14.000,35.96,16.28,0.0,0.0,20.5,182523,-0.0,-59.0,0.504
2022-06-21T02:33:15.000,35.65,15.74,0.0,0.0,20.5,182528,-0.94,-59.0,0.504
2022-06-21T02:34:15.000,35.56,15.62,0.0,0.0,20.5,182529,-1.12,-59.0,0.504
2022-06-21T02:35:15.000,35.55,15.76,0.0,0.0,20.5,182530,-1.31,-58.0,0.504
2022-06-21T02:36:15.000,35.49,15.78,0.36,0.18,20.5,182531,-1.49,-58.0,0.504
2022-06-21T02:37:15.000,35.47,15.81,0.0,0.0,20.5,182532,-1.68,-58.0,0.504
2022-06-21T02:38:15.000,35.39,15.91,18451.38,2.42,20.5,182533,-1.86,-58.0,0.504
2022-06-21T02:39:15.000,35.34,16.13,58835.62,8.46,20.5,182534,-2.04,-58.0,0.504
2022-06-21T02:40:15.000,35.25,16.08,50574.45,8.62,20.5,182535,-2.23,-58.0,0.504
2022-06-21T02:41:15.000,35.19,16.26,42688.8,8.81,20.5,182536,-2.41,-58.0,0.503
2022-06-21T02:42:15.000,35.16,16.18,35270.2,9.08,20.5,182537,-2.59,-58.0,0.503
2022-06-21T02:43:17.000,35.11,16.21,30000.47,9.19,20.5,182538,-2.78,-58.0,0.503
2022-06-21T02:44:16.000,35.09,16.24,24505.9,9.62,20.5,182539,-2.96,-57.0,0.503
2022-06-21T02:45:16.000,35.08,16.25,21307.42,9.56,20.5,182540,-3.15,-57.0,0.503
2022-06-21T02:46:17.000,35.07,16.35,17957.02,9.75,20.5,182541,-3.33,-57.0,0.503
2022-06-21T02:47:17.000,35.04,16.26,15110.85,9.93,20.5,182542,-3.51,-57.0,0.503
2022-06-21T02:48:17.000,35.02,16.37,12769.91,10.12,20.5,182543,-3.7,-57.0,0.503
2022-06-21T02:49:17.000,35.04,16.54,10688.6,10.31,20.5,182544,-3.88,-57.0,0.503
2022-06-21T02:50:17.000,35.07,16.72,8793.57,10.52,20.5,182545,-4.06,-57.0,0.503
2022-06-21T02:51:17.000,35.12,16.7,7164.4,10.74,20.5,182546,-4.24,-57.0,0.503
2022-06-21T02:52:17.000,35.15,16.59,5799.24,10.97,20.5,182547,-4.42,-56.0,0.503
2022-06-21T02:53:18.000,35.12,16.51,4656.29,11.21,20.5,182548,-4.6,-56.0,0.503
2022-06-21T02:54:18.000,35.15,16.49,3690.51,11.46,20.5,182549,-4.78,-56.0,0.502
2022-06-21T02:55:17.000,35.07,16.39,2915.64,11.72,20.5,182550,-4.96,-56.0,0.502
2022-06-21T02:56:17.000,35.14,16.64,2320.54,11.97,20.5,182551,-5.14,-56.0,0.502
2022-06-21T02:57:18.000,35.18,16.56,1854.58,12.21,20.5,182552,-5.32,-56.0,0.502
2022-06-21T02:58:18.000,35.19,16.52,1486.87,12.45,20.5,182553,-5.5,-56.0,0.502
2022-06-21T02:59:18.000,35.16,16.43,1197.46,12.69,20.5,182554,-5.68,-55.0,0.502
2022-06-21T03:00:18.000,35.09,16.32,968.76,12.92,20.5,182555,-5.86,-55.0,0.502
2022-06-21T03:01:18.000,35.02,16.25,785.01,13.14,20.5,182556,-6.04,-55.0,0.502
2022-06-21T03:02:18.000,34.96,16.32,636.43,13.37,20.5,182557,-6.21,-55.0,0.502
2022-06-21T03:03:18.000,34.91,16.28,520.54,13.59,20.5,182558,-6.39,-55.0,0.502
2022-06-21T03:04:18.000,34.89,16.37,429.64,13.8,20.5,182559,-6.57,-55.0,0.502
2022-06-21T03:05:18.000,34.88,16.41,355.48,14.0,20.5,182560,-6.75,-55.0,0.502
2022-06-21T03:06:18.000,34.86,16.38,294.58,14.21,20.5,182561,-6.92,-55.0,0.502
2022-06-21T03:07:18.000,34.77,16.11,244.25,14.41,20.5,182562,-7.1,-54.0,0.502
2022-06-21T03:08:18.000,34.71,16.22,202.81,14.61,20.5,182563,-7.28,-54.0,0.501
2022-06-21T03:09:18.000,34.66,16.23,169.1,14.81,20.5,182564,-7.45,-54.0,0.501
2022-06-21T03:10:18.000,34.63,16.21,141.03,15.01,20.5,182565,-7.63,-54.0,0.501
2022-06-21T03:11:18.000,34.53,15.8,117.82,15.2,20.5,182566,-7.8,-54.0,0.501
2022-06-21T03:12:18.000,34.33,15.73,98.31,15.4,20.5,182567,-7.98,-54.0,0.501
2022-06-21T03:13:19.000,34.22,15.84,81.77,15.6,20.5,182568,-8.15,-54.0,0.501
2022-06-21T03:14:19.000,34.14,15.9,67.7,15.81,20.5,182569,-8.33,-53.0,0.501
2022-06-21T03:15:19.000,34.07,15.91,56.14,16.01,20.5,182570,-8.5,-53.0,0.501
2022-06-21T03:16:19.000,34.02,15.95,46.69,16.21,20.5,182571,-8.68,-53.0,0.501
2022-06-21T03:17:19.000,34.0,15.88,40.32,16.37,20.5,182572,-8.85,-53.0,0.501
2022-06-21T03:18:19.000,33.92,15.75,34.53,16.54,20.5,182573,-9.02,-53.0,0.501
2022-06-21T03:22:22.000,33.7,15.45,20.33,17.11,20.5,182577,-9.72,-52.0,0.5
2022-06-21T03:23:22.000,33.66,15.47,17.9,17.25,20.5,182578,-9.89,-52.0,0.5
2022-06-21T03:24:22.000,33.64,15.38,16.15,17.36,20.5,182579,-10.06,-52.0,0.5
2022-06-21T03:25:22.000,33.59,15.25,14.62,17.47,20.5,182580,-10.23,-52.0,0.5
2022-06-21T03:26:22.000,33.51,15.05,13.32,17.57,20.5,182581,-10.4,-52.0,0.5
2022-06-21T03:27:22.000,33.44,15.08,12.07,17.68,20.5,182582,-10.57,-51.0,0.5
2022-06-21T03:28:22.000,33.46,15.24,11.07,17.77,20.5,182583,-10.74,-51.0,0.5
2022-06-21T03:29:22.000,33.47,15.13,10.22,17.86,20.5,182584,-10.91,-51.0,0.5
2022-06-21T03:30:22.000,33.49,15.19,9.5,17.94,20.5,182585,-11.08,-51.0,0.5
2022-06-21T03:32:28.000,33.54,15.09,8.6,18.04,20.5,182587,-11.44,-51.0,0.5
2022-06-21T03:34:34.000,33.48,14.78,7.83,18.15,20.5,182589,-11.79,-50.0,0.499
2022-06-21T03:36:34.000,33.56,14.96,7.28,18.23,20.5,182591,-12.12,-50.0,0.499
2022-06-21T03:40:35.000,33.66,14.49,6.27,18.39,20.5,182595,-12.79,-49.0,0.499
2022-06-21T03:41:35.000,33.68,14.72,6.15,18.41,20.5,182596,-12.95,-49.0,0.499
2022-06-21T03:42:35.000,33.75,14.79,6.06,18.42,20.5,182597,-13.12,-49.0,0.499
2022-06-21T03:43:35.000,33.79,14.64,5.99,18.44,20.5,182598,-13.28,-49.0,0.499
2022-06-21T03:45:35.000,33.89,14.59,5.86,18.46,20.5,182600,-13.61,-48.0,0.499
2022-06-21T03:46:35.000,33.93,14.4,5.69,18.49,20.5,182601,-13.77,-48.0,0.499
2022-06-21T03:47:35.000,33.94,14.11,5.5,18.53,20.5,182602,-13.93,-48.0,0.499
2022-06-21T03:48:35.000,33.91,14.08,5.21,18.59,20.5,182603,-14.1,-48.0,0.498
2022-06-21T03:49:35.000,33.94,13.91,4.87,18.66,20.5,182604,-14.26,-48.0,0.498
2022-06-21T03:50:35.000,33.94,13.79,4.57,18.73,20.5,182605,-14.42,-48.0,0.498
2022-06-21T03:51:35.000,33.97,13.77,4.3,18.8,20.5,182606,-14.58,-47.0,0.498
2022-06-21T03:52:35.000,34.01,13.6,4.07,18.86,20.5,182607,-14.74,-47.0,0.498
2022-06-21T03:54:42.000,34.08,13.42,3.76,18.94,20.5,182609,-15.08,-47.0,0.498
2022-06-21T03:55:42.000,34.08,13.22,3.7,18.96,20.5,182610,-15.24,-47.0,0.498
2022-06-21T03:56:42.000,34.07,13.25,3.68,18.97,20.5,182611,-15.4,-47.0,0.498
2022-06-21T03:57:42.000,34.06,13.18,3.72,18.95,20.5,182612,-15.55,-46.0,0.498
2022-06-21T03:58:42.000,34.02,12.96,3.8,18.93,20.5,182613,-15.71,-46.0,0.498
2022-06-21T03:59:42.000,33.94,13.05,3.81,18.93,20.5,182614,-15.87,-46.0,0.498
2022-06-21T04:00:42.000,33.93,13.15,3.85,18.92,20.5,182615,-16.03,-46.0,0.498
2022-06-21T04:01:42.000,33.88,13.17,3.94,18.89,20.5,182616,-16.18,-46.0,0.497
2022-06-21T04:02:42.000,33.88,13.43,4.08,18.85,20.5,182617,-16.34,-45.0,0.497
2022-06-21T04:03:42.000,33.89,13.38,4.2,18.82,20.5,182618,-16.5,-45.0,0.497
2022-06-21T04:04:42.000,33.88,13.38,4.3,18.8,20.5,182619,-16.65,-45.0,0.497
2022-06-21T04:05:43.000,33.85,13.52,4.35,18.78,20.5,182620,-16.81,-45.0,0.497
2022-06-21T04:06:43.000,33.84,13.61,4.39,18.77,20.5,182621,-16.96,-45.0,0.497
2022-06-21T04:07:43.000,33.82,13.67,4.46,18.76,20.5,182622,-17.12,-45.0,0.497
2022-06-21T04:08:43.000,33.83,13.79,4.59,18.73,20.5,182623,-17.27,-44.0,0.497
2022-06-21T04:09:43.000,33.84,13.89,4.72,18.69,20.5,182624,-17.42,-44.0,0.497
2022-06-21T04:10:43.000,33.87,13.99,4.87,18.66,20.5,182625,-17.58,-44.0,0.497
2022-06-21T04:11:43.000,33.9,14.04,4.93,18.65,20.5,182626,-17.73,-44.0,0.497
2022-06-21T04:12:43.000,33.92,14.01,4.96,18.64,20.5,182627,-17.88,-44.0,0.497
2022-06-21T04:13:43.000,33.9,13.99,4.95,18.64,20.5,182628,-18.03,-44.0,0.497
2022-06-21T04:14:43.000,33.91,14.14,4.95,18.64,20.5,182629,-18.18,-43.0,0.497
2022-06-21T04:15:43.000,33.96,14.24,5.06,18.62,20.5,182630,-18.33,-43.0,0.496
2022-06-21T04:16:43.000,33.96,14.29,5.24,18.58,20.5,182631,-18.48,-43.0,0.496
2022-06-21T04:17:43.000,33.97,14.33,5.52,18.53,20.5,182632,-18.63,-43.0,0.496
2022-06-21T04:18:43.000,33.9,14.32,5.76,18.48,20.5,182633,-18.78,-43.0,0.496
2022-06-21T04:19:43.000,33.88,14.57,6.14,18.41,20.5,182634,-18.93,-42.0,0.496
2022-06-21T04:20:43.000,33.88,14.75,6.44,18.36,20.5,182635,-19.08,-42.0,0.496
2022-06-21T04:21:43.000,33.85,14.73,6.84,18.29,20.5,182636,-19.23,-42.0,0.496
2022-06-21T04:22:44.000,33.81,14.82,7.1,18.25,20.5,182637,-19.38,-42.0,0.496
2022-06-21T04:23:44.000,33.8,14.94,6.99,18.27,20.5,182638,-19.52,-42.0,0.496
2022-06-21T04:24:44.000,33.77,14.98,6.62,18.33,20.5,182639,-19.67,-41.0,0.496
2022-06-21T04:25:44.000,33.78,15.1,6.27,18.39,20.5,182640,-19.81,-41.0,0.496
2022-06-21T04:26:44.000,33.78,15.17,6.17,18.4,20.5,182641,-19.96,-41.0,0.496
2022-06-21T04:27:44.000,33.78,15.09,6.19,18.4,20.5,182642,-20.1,-41.0,0.496
2022-06-21T04:28:44.000,33.73,15.08,6.16,18.41,20.5,182643,-20.25,-41.0,0.495
2022-06-21T04:29:44.000,33.67,15.02,6.11,18.41,20.5,182644,-20.39,-41.0,0.495
2022-06-21T04:30:44.000,33.64,15.05,6.17,18.4,20.5,182645,-20.53,-40.0,0.495
2022-06-21T04:31:44.000,33.56,14.91,6.32,18.38,20.5,182646,-20.68,-40.0,0.495
2022-06-21T04:32:44.000,33.42,14.85,6.34,18.37,20.5,182647,-20.82,-40.0,0.495
2022-06-21T04:33:44.000,33.37,15.03,6.39,18.37,20.5,182648,-20.96,-40.0,0.495
2022-06-21T04:35:45.000,33.29,14.92,7.02,18.27,20.5,182650,-21.24,-39.0,0.495
2022-06-21T04:36:45.000,33.27,14.83,7.49,18.19,20.5,182651,-21.38,-39.0,0.495
2022-06-21T04:37:45.000,33.19,14.6,7.5,18.19,20.5,182652,-21.52,-39.0,0.495
2022-06-21T04:38:45.000,33.12,14.4,7.13,18.25,20.5,182653,-21.66,-39.0,0.495
2022-06-21T04:39:45.000,32.98,14.15,6.42,18.36,20.5,182654,-21.8,-39.0,0.495
2022-06-21T04:40:45.000,32.88,14.01,5.65,18.5,20.5,182655,-21.94,-39.0,0.495
2022-06-21T04:41:45.000,32.8,14.21,5.42,18.54,20.5,182656,-22.07,-38.0,0.495
2022-06-21T04:42:45.000,32.8,14.4,5.61,18.51,20.5,182657,-22.21,-38.0,0.494
2022-06-21T04:43:45.000,32.71,14.35,6.01,18.43,20.5,182658,-22.34,-38.0,0.494
2022-06-21T04:44:45.000,32.65,14.65,6.42,18.36,20.5,182659,-22.48,-38.0,0.494
2022-06-21T04:45:45.000,32.69,14.75,6.72,18.31,20.5,182660,-22.61,-38.0,0.494
2022-06-21T04:46:45.000,32.74,14.88,6.74,18.31,20.5,182661,-22.75,-37.0,0.494
2022-06-21T04:47:45.000,32.78,14.83,6.76,18.31,20.5,182662,-22.88,-37.0,0.494
2022-06-21T04:48:45.000,32.75,14.84,6.99,18.27,20.5,182663,-23.02,-37.0,0.494
2022-06-21T04:49:46.000,32.76,14.89,7.27,18.23,20.5,182664,-23.15,-37.0,0.494
2022-06-21T04:51:52.000,32.65,15.29,7.72,18.16,20.5,182666,-23.43,-36.0,0.494
2022-06-21T04:52:52.000,32.59,14.96,7.94,18.13,20.5,182667,-23.56,-36.0,0.494
2022-06-21T04:53:52.000,32.58,15.47,8.07,18.11,20.5,182668,-23.69,-36.0,0.494
2022-06-21T04:54:52.000,32.65,15.57,8.25,18.09,20.5,182669,-23.82,-36.0,0.494
2022-06-21T04:55:52.000,32.67,15.38,8.34,18.08,20.5,182670,-23.94,-36.0,0.493
2022-06-21T04:56:52.000,32.66,15.46,8.25,18.09,20.5,182671,-24.07,-35.0,0.493
2022-06-21T04:57:52.000,32.64,15.36,8.24,18.09,20.5,182672,-24.2,-35.0,0.493
2022-06-21T04:58:52.000,32.61,15.13,8.4,18.07,20.5,182673,-24.33,-35.0,0.493
2022-06-21T04:59:53.000,32.62,15.35,8.08,18.11,20.5,182674,-24.46,-35.0,0.493
2022-06-21T05:02:53.000,32.39,14.68,6.23,18.39,20.5,182677,-24.83,-34.0,0.493
2022-06-21T05:24:54.000,31.7,12.8,3.03,19.18,20.5,182699,-27.4,-30.0,0.491
2022-06-21T05:25:54.000,31.69,13.27,3.02,19.18,20.5,182700,-27.51,-30.0,0.491
2022-06-21T05:26:55.000,31.76,13.52,3.29,19.09,20.5,182701,-27.62,-30.0,0.491
2022-06-21T05:28:54.000,31.78,13.24,4.03,18.87,20.5,182703,-27.83,-29.0,0.491
2022-06-21T05:29:55.000,31.75,13.54,4.94,18.65,20.5,182704,-27.94,-29.0,0.491
2022-06-21T05:31:56.000,31.87,14.04,4.31,18.8,20.5,182706,-28.15,-29.0,0.491
2022-06-21T05:32:56.000,31.9,14.23,3.82,18.93,20.5,182707,-28.26,-28.0,0.491
2022-06-21T05:33:57.000,31.93,14.29,3.89,18.91,20.5,182708,-28.36,-28.0,0.491
2022-06-21T05:34:56.000,31.93,14.51,3.83,18.92,20.5,182709,-28.46,-28.0,0.491
2022-06-21T05:35:56.000,31.89,14.76,4.27,18.81,20.5,182710,-28.56,-28.0,0.491
2022-06-21T05:36:56.000,31.91,15.45,4.76,18.69,20.5,182711,-28.66,-28.0,0.49
2022-06-21T05:37:57.000,31.99,15.77,5.05,18.62,20.5,182712,-28.77,-27.0,0.49
2022-06-21T05:38:57.000,32.02,15.79,5.39,18.55,20.5,182713,-28.86,-27.0,0.49
2022-06-21T05:39:57.000,32.05,15.8,5.07,18.62,20.5,182714,-28.96,-27.0,0.49
2022-06-21T05:40:57.000,32.1,15.81,4.66,18.71,20.5,182715,-29.06,-27.0,0.49
2022-06-21T05:41:57.000,32.15,15.84,5.05,18.62,20.5,182716,-29.16,-27.0,0.49
2022-06-21T05:42:57.000,32.19,16.0,5.59,18.51,20.5,182717,-29.25,-26.0,0.49
2022-06-21T05:43:57.000,32.23,16.31,6.0,18.44,20.5,182718,-29.35,-26.0,0.49
2022-06-21T05:44:57.000,32.28,16.66,6.13,18.41,20.5,182719,-29.44,-26.0,0.49
2022-06-21T05:45:57.000,32.33,16.89,6.39,18.37,20.5,182720,-29.54,-26.0,0.49
