Downloads/jupyter/ECSV/stars19/stars19_2023-02.ecsv
# %ECSV 1.0
# ---
# datatype:
# - {name: time, datatype: string}
# - {name: Enclosure Temperature, unit: deg_C, datatype: float64}
# - {name: Sky Temperature, unit: deg_C, datatype: float64}
# - {name: Frequency, unit: Hz, datatype: float64}
# - {name: MSAS, unit: mag / arcsec2, datatype: float64}
# - {name: ZP, datatype: float64}
# - {name: Sequence Number, datatype: int64}
# - {name: Sun Alt, unit: deg, datatype: float64}
# - {name: Moon Alt, unit: deg, datatype: float64}
# - {name: Moon Illumination, datatype: float64}
# delimiter: ','
# meta: !!omap
# - ida:
#     Data supplier: {affiliation: null, observer: null}
#     Device type: TESS-W
#     Field of view: 17.0
#     Filters per channel: None
#     Instrument ID: stars19
#     License: ODbL 1.0 http://opendatacommons.org/licenses/odbl/summary/
#     Local timezone: America/Phoenix
#     Location name: {country: '- Tucson', place: Tucson, region: United States, sub_region: Arizona, town: Pima County}
#     Measurement direction per channel: {azimuth: 0.0, zenital: 0.0}
#     Moving / Fixed look direction: FIXED
#     Moving / Stationary position: STATIONARY
#     Number of channels: 1
#     Number of fields per line: 8
#     Number of header lines: 35
#     Position: {height: 0.0, latitude: 32.223877, longitude: -110.767532}
#     TESS MAC address: 18:FE:34:CF:EC:06
#     TESS cover offset value: 0.0
#     TESS firmware version: '1.0'
#     TESS zero point: 20.38
#     Time Synchronization: timestamp added by MQTT subscriber
#     URL: http://www.darksky.org/NSBM/sdf1.0.pdf
# - __serialized_columns__:
#     Enclosure Temperature:
#       __class__: astropy.units.quantity.Quantity
#       unit: &id001 !astropy.units.Unit {unit: deg_C}
#       value: !astropy.table.SerializedColumn {name: Enclosure Temperature}
#     Frequency:
#       __class__: astropy.units.quantity.Quantity
#       unit: !astropy.units.Unit {unit: Hz}
#       value: !astropy.table.SerializedColumn {name: Frequency}
#     MSAS:
#       __class__: astropy.units.quantity.Quantity
#       unit: !astropy.units.Unit {unit: mag / arcsec2}
#       value: !astropy.table.SerializedColumn {name: MSAS}
#     Moon Alt:
#       __class__: astropy.units.quantity.Quantity
#       unit: &id002 !astropy.units.Unit {unit: deg}
#       value: !astropy.table.SerializedColumn {name: Moon Alt}
#     Sky Temperature:
#       __class__: astropy.units.quantity.Quantity
#       unit: *id001
#       value: !astropy.table.SerializedColumn {name: Sky Temperature}
#     Sun Alt:
#       __class__: astropy.units.quantity.Quantity
#       unit: *id002
#       value: !astropy.table.SerializedColumn {name: Sun Alt}
#     time:
#       __class__: astropy.time.core.Time
#       format: isot
#       in_subfmt: '*'
#       out_subfmt: '*'
#       precision: 3
#       scale: utc
#       value: !astropy.table.SerializedColumn {name: time}
# schema: astropy-2.0
time,Enclosure Temperature,Sky Temperature,Frequency,MSAS,ZP,Sequence Number,Sun Alt,Moon Alt,Moon Illumination
[from data line 7734]
2023-02-10T08:50:05.000,11.47,-17.24,4.22,18.82,20.38,46447,-65.63,44.0,0.815
2023-02-10T08:51:05.000,11.45,-17.4,4.18,18.83,20.38,46448,-65.47,44.0,0.815
2023-02-10T08:52:05.000,11.43,-17.43,4.14,18.84,20.38,46449,-65.32,44.0,0.815
2023-02-10T08:53:05.000,11.42,-17.31,4.12,18.84,20.38,46450,-65.16,44.0,0.815
2023-02-10T08:54:05.000,11.46,-17.18,4.11,18.85,20.38,46451,-65.0,45.0,0.815
2023-02-10T08:55:05.000,11.48,-17.29,4.11,18.85,20.38,46452,-64.84,45.0,0.815
2023-02-10T08:56:05.000,11.46,-17.36,4.12,18.84,20.38,46453,-64.68,45.0,0.815
2023-02-10T08:57:06.000,11.43,-17.42,4.12,18.84,20.38,46454,-64.51,45.0,0.815
2023-02-10T08:58:06.000,11.46,-17.23,4.13,18.84,20.38,46455,-64.35,45.0,0.815
2023-02-10T08:59:06.000,11.43,-17.51,4.14,18.84,20.38,46456,-64.19,45.0,0.815
2023-02-10T09:00:06.000,11.4,-17.31,4.16,18.83,20.38,46457,-64.02,45.0,0.815
2023-02-10T09:01:06.000,11.42,-17.24,4.18,18.83,20.38,46458,-63.85,46.0,0.815
2023-02-10T09:02:06.000,11.48,-17.12,4.18,18.83,20.38,46459,-63.69,46.0,0.815
2023-02-10T09:03:06.000,11.46,-17.49,4.18,18.83,20.38,46460,-63.52,46.0,0.815
2023-02-10T09:05:12.000,11.44,-17.27,4.21,18.82,20.38,46462,-63.16,46.0,0.814
2023-02-10T09:06:12.000,11.41,-17.5,4.22,18.82,20.38,46463,-62.99,46.0,0.814
2023-02-10T09:07:12.000,11.35,-17.44,4.24,18.81,20.38,46464,-62.82,46.0,0.814
2023-02-10T09:08:12.000,11.31,-17.43,4.26,18.81,20.38,46465,-62.65,46.0,0.814
2023-02-10T09:09:13.000,11.36,-17.11,4.29,18.8,20.38,46466,-62.47,47.0,0.814
2023-02-10T09:10:13.000,11.42,-17.2,4.32,18.79,20.38,46467,-62.3,47.0,0.814
2023-02-10T09:11:13.000,11.39,-17.48,4.36,18.78,20.38,46468,-62.13,47.0,0.814
2023-02-10T09:12:13.000,11.32,-17.47,4.39,18.77,20.38,46469,-61.95,47.0,0.814
2023-02-10T09:13:13.000,11.31,-17.39,4.44,18.76,20.38,46470,-61.78,47.0,0.814
2023-02-10T09:14:14.000,11.32,-17.39,4.47,18.75,20.38,46471,-61.6,47.0,0.814
2023-02-10T09:15:14.000,11.35,-17.18,4.5,18.75,20.38,46472,-61.42,47.0,0.814
2023-02-10T09:16:14.000,11.34,-17.49,4.54,18.74,20.38,46473,-61.24,47.0,0.814
2023-02-10T09:17:14.000,11.33,-17.39,4.58,18.73,20.38,46474,-61.06,48.0,0.814
2023-02-10T09:18:14.000,11.3,-17.44,4.61,18.72,20.38,46475,-60.88,48.0,0.814
2023-02-10T09:19:14.000,11.29,-17.48,4.65,18.71,20.38,46476,-60.7,48.0,0.814
2023-02-10T09:21:20.000,11.25,-17.31,4.72,18.69,20.38,46478,-60.32,48.0,0.814
2023-02-10T09:22:21.000,11.25,-17.43,4.75,18.69,20.38,46479,-60.14,48.0,0.813
2023-02-10T09:23:21.000,11.27,-17.24,4.77,18.68,20.38,46480,-59.95,48.0,0.813
2023-02-10T09:24:21.000,11.24,-17.37,4.79,18.68,20.38,46481,-59.77,48.0,0.813
2023-02-10T09:25:21.000,11.29,-17.12,4.81,18.67,20.38,46482,-59.59,49.0,0.813
2023-02-10T09:26:21.000,11.31,-17.54,4.83,18.67,20.38,46483,-59.4,49.0,0.813
2023-02-10T09:27:21.000,11.24,-17.61,4.84,18.67,20.38,46484,-59.22,49.0,0.813
2023-02-10T09:28:21.000,11.19,-17.55,4.86,18.66,20.38,46485,-59.03,49.0,0.813
2023-02-10T09:29:21.000,11.17,-17.47,4.87,18.66,20.38,46486,-58.85,49.0,0.813
2023-02-10T09:30:21.000,11.2,-17.34,4.89,18.66,20.38,46487,-58.66,49.0,0.813
2023-02-10T09:31:22.000,11.22,-17.37,4.93,18.65,20.38,46488,-58.47,49.0,0.813
2023-02-10T09:32:21.000,11.21,-17.42,4.98,18.64,20.38,46489,-58.29,49.0,0.813
2023-02-10T09:33:21.000,11.24,-17.33,5.03,18.63,20.38,46490,-58.1,49.0,0.813
2023-02-10T09:34:22.000,11.26,-17.38,5.08,18.62,20.38,46491,-57.91,50.0,0.813
2023-02-10T09:35:22.000,11.25,-17.4,5.12,18.61,20.38,46492,-57.72,50.0,0.813
2023-02-10T09:37:27.000,11.23,-17.4,5.19,18.59,20.38,46494,-57.32,50.0,0.813
2023-02-10T09:45:28.000,11.22,-17.47,5.51,18.53,20.38,46502,-55.78,51.0,0.812
2023-02-10T09:46:28.000,11.24,-17.47,5.56,18.52,20.38,46503,-55.59,51.0,0.812
2023-02-10T09:48:28.000,11.26,-17.68,5.69,18.49,20.38,46505,-55.2,51.0,0.812
2023-02-10T09:49:28.000,11.21,-17.58,5.77,18.48,20.38,46506,-55.01,51.0,0.812
2023-02-10T09:50:33.000,11.16,-17.7,5.91,18.45,20.38,46507,-54.8,51.0,0.812
2023-02-10T09:52:40.000,11.18,-17.44,6.07,18.42,20.38,46509,-54.38,51.0,0.812
2023-02-10T09:53:40.000,11.17,-17.41,6.12,18.41,20.38,46510,-54.18,51.0,0.812
2023-02-10T09:54:40.000,11.22,-17.35,6.2,18.4,20.38,46511,-53.99,51.0,0.812
2023-02-10T09:55:44.000,11.25,-17.42,6.26,18.39,20.38,46512,-53.78,51.0,0.812
2023-02-10T09:56:44.000,11.26,-17.44,6.27,18.39,20.38,46513,-53.58,52.0,0.812
2023-02-10T09:57:44.000,11.23,-17.59,6.35,18.37,20.38,46514,-53.38,52.0,0.812
2023-02-10T09:58:44.000,11.21,-17.54,6.37,18.37,20.38,46515,-53.19,52.0,0.812
2023-02-10T09:59:44.000,11.17,-17.52,6.45,18.36,20.38,46516,-52.99,52.0,0.811
2023-02-10T10:00:44.000,11.19,-17.43,6.52,18.34,20.38,46517,-52.79,52.0,0.811
2023-02-10T10:01:44.000,11.22,-17.47,6.59,18.33,20.38,46518,-52.59,52.0,0.811
2023-02-10T10:02:44.000,11.2,-17.43,6.61,18.33,20.38,46519,-52.39,52.0,0.811
2023-02-10T10:03:44.000,11.25,-17.37,6.65,18.32,20.38,46520,-52.19,52.0,0.811
2023-02-10T10:04:44.000,11.28,-17.4,6.73,18.31,20.38,46521,-51.99,52.0,0.811
2023-02-10T10:05:44.000,11.27,-17.44,6.82,18.3,20.38,46522,-51.79,52.0,0.811
2023-02-10T10:06:44.000,11.26,-17.53,6.91,18.28,20.38,46523,-51.59,52.0,0.811
2023-02-10T10:07:44.000,11.31,-17.21,6.97,18.27,20.38,46524,-51.39,52.0,0.811
2023-02-10T10:09:50.000,11.28,-17.44,7.23,18.23,20.38,46526,-50.97,52.0,0.811
2023-02-10T10:10:50.000,11.3,-17.47,7.42,18.2,20.38,46527,-50.77,53.0,0.811
2023-02-10T10:11:50.000,11.24,-17.82,7.47,18.2,20.38,46528,-50.57,53.0,0.811
2023-02-10T10:12:50.000,11.22,-17.32,7.6,18.18,20.38,46529,-50.37,53.0,0.811
2023-02-10T10:13:50.000,11.28,-17.51,7.69,18.16,20.38,46530,-50.16,53.0,0.811
2023-02-10T10:14:50.000,11.28,-17.59,7.7,18.16,20.38,46531,-49.96,53.0,0.811
2023-02-10T10:15:50.000,11.26,-17.61,7.74,18.16,20.38,46532,-49.76,53.0,0.811
2023-02-10T10:16:50.000,11.2,-17.72,7.85,18.14,20.38,46533,-49.56,53.0,0.811
2023-02-10T10:17:50.000,11.22,-17.39,7.91,18.13,20.38,46534,-49.35,53.0,0.81
2023-02-10T10:18:51.000,11.26,-17.46,7.91,18.13,20.38,46535,-49.15,53.0,0.81
2023-02-10T10:19:50.000,11.26,-17.61,7.96,18.13,20.38,46536,-48.95,53.0,0.81
2023-02-10T10:20:51.000,11.26,-17.64,8.02,18.12,20.38,46537,-48.74,53.0,0.81
2023-02-10T10:21:51.000,11.18,-17.8,8.04,18.12,20.38,46538,-48.54,53.0,0.81
2023-02-10T10:22:51.000,11.16,-17.71,8.09,18.11,20.38,46539,-48.33,53.0,0.81
2023-02-10T10:23:57.000,11.12,-17.7,8.17,18.1,20.38,46540,-48.11,53.0,0.81
2023-02-10T10:24:57.000,11.1,-17.83,8.22,18.09,20.38,46541,-47.9,53.0,0.81
2023-02-10T10:25:57.000,11.09,-17.65,8.2,18.1,20.38,46542,-47.7,53.0,0.81
2023-02-10T10:26:57.000,11.07,-17.8,8.2,18.1,20.38,46543,-47.5,53.0,0.81
2023-02-10T10:27:57.000,11.04,-17.75,8.21,18.09,20.38,46544,-47.29,53.0,0.81
2023-02-10T10:28:57.000,11.03,-17.79,8.22,18.09,20.38,46545,-47.09,53.0,0.81
2023-02-10T10:29:57.000,10.99,-17.74,8.27,18.09,20.38,46546,-46.88,53.0,0.81
2023-02-10T10:30:58.000,11.03,-17.58,8.31,18.08,20.38,46547,-46.67,53.0,0.81
2023-02-10T10:31:58.000,11.02,-17.78,8.27,18.09,20.38,46548,-46.47,54.0,0.81
2023-02-10T10:32:58.000,10.95,-17.9,8.33,18.08,20.38,46549,-46.26,54.0,0.81
2023-02-10T10:33:58.000,10.96,-17.57,8.44,18.06,20.38,46550,-46.05,54.0,0.81
2023-02-10T10:34:58.000,10.99,-17.6,8.47,18.06,20.38,46551,-45.85,54.0,0.81
2023-02-10T10:35:58.000,10.97,-17.83,8.51,18.06,20.38,46552,-45.64,54.0,0.81
2023-02-10T10:36:59.000,10.96,-17.71,8.56,18.05,20.38,46553,-45.43,54.0,0.809
2023-02-10T10:37:58.000,10.92,-17.91,8.62,18.04,20.38,46554,-45.23,54.0,0.809
2023-02-10T10:40:04.000,10.89,-17.59,8.7,18.03,20.38,46556,-44.8,54.0,0.809
2023-02-10T10:41:04.000,10.89,-17.81,8.72,18.03,20.38,46557,-44.59,54.0,0.809
2023-02-10T10:42:04.000,10.89,-17.66,8.74,18.03,20.38,46558,-44.38,54.0,0.809
2023-02-10T10:43:04.000,10.91,-17.58,8.77,18.02,20.38,46559,-44.18,54.0,0.809
2023-02-10T10:44:04.000,10.92,-17.76,8.77,18.02,20.38,46560,-43.97,54.0,0.809
2023-02-10T10:45:04.000,10.93,-17.57,8.77,18.02,20.38,46561,-43.76,54.0,0.809
2023-02-10T10:46:04.000,10.97,-17.64,8.77,18.02,20.38,46562,-43.55,54.0,0.809
2023-02-10T10:47:04.000,10.94,-17.8,8.76,18.02,20.38,46563,-43.35,54.0,0.809
2023-02-10T10:48:04.000,10.95,-17.78,8.77,18.02,20.38,46564,-43.14,54.0,0.809
2023-02-10T10:49:04.000,10.92,-17.82,8.77,18.02,20.38,46565,-42.93,54.0,0.809
2023-02-10T10:50:05.000,10.91,-17.79,8.76,18.02,20.38,46566,-42.72,54.0,0.809
2023-02-10T10:51:05.000,10.94,-17.75,8.76,18.02,20.38,46567,-42.51,54.0,0.809
2023-02-10T10:52:05.000,10.92,-17.88,8.77,18.02,20.38,46568,-42.3,54.0,0.809
2023-02-10T10:53:05.000,10.9,-18.03,8.76,18.02,20.38,46569,-42.09,54.0,0.809
2023-02-10T10:54:05.000,10.85,-17.92,8.75,18.03,20.38,46570,-41.89,54.0,0.809
2023-02-10T10:55:05.000,10.85,-17.87,8.74,18.03,20.38,46571,-41.68,54.0,0.808
2023-02-10T10:56:06.000,10.88,-17.84,8.75,18.03,20.38,46572,-41.46,54.0,0.808
2023-02-10T10:57:05.000,10.83,-17.92,8.77,18.02,20.38,46573,-41.26,54.0,0.808
2023-02-10T10:58:05.000,10.89,-17.7,8.78,18.02,20.38,46574,-41.05,54.0,0.808
2023-02-10T10:59:05.000,10.92,-17.86,8.8,18.02,20.38,46575,-40.84,54.0,0.808
2023-02-10T11:00:06.000,10.86,-18.03,8.79,18.02,20.38,46576,-40.63,54.0,0.808
2023-02-10T11:01:06.000,10.88,-17.8,8.79,18.02,20.38,46577,-40.42,54.0,0.808
2023-02-10T11:02:06.000,10.9,-17.83,8.79,18.02,20.38,46578,-40.21,54.0,0.808
2023-02-10T11:03:06.000,10.92,-17.88,8.77,18.02,20.38,46579,-40.0,54.0,0.808
2023-02-10T11:05:12.000,10.81,-18.03,8.75,18.03,20.38,46581,-39.56,54.0,0.808
2023-02-10T11:06:12.000,10.76,-18.09,8.77,18.02,20.38,46582,-39.35,54.0,0.808
2023-02-10T11:07:12.000,10.75,-18.0,8.76,18.02,20.38,46583,-39.14,54.0,0.808
2023-02-10T11:08:12.000,10.76,-17.97,8.74,18.03,20.38,46584,-38.93,54.0,0.808
2023-02-10T11:09:12.000,10.78,-17.8,8.72,18.03,20.38,46585,-38.72,54.0,0.808
2023-02-10T11:11:12.000,10.83,-17.82,8.73,18.03,20.38,46587,-38.3,54.0,0.808
2023-02-10T11:12:12.000,10.87,-17.81,8.68,18.03,20.38,46588,-38.09,53.0,0.808
2023-02-10T11:13:13.000,10.86,-17.97,8.67,18.03,20.38,46589,-37.88,53.0,0.807
2023-02-10T11:14:13.000,10.86,-17.83,8.67,18.04,20.38,46590,-37.67,53.0,0.807
2023-02-10T11:15:13.000,10.88,-17.9,8.64,18.04,20.38,46591,-37.46,53.0,0.807
2023-02-10T11:16:13.000,10.82,-18.11,8.6,18.04,20.38,46592,-37.25,53.0,0.807
2023-02-10T11:17:13.000,10.85,-17.8,8.66,18.04,20.38,46593,-37.04,53.0,0.807
2023-02-10T11:18:13.000,10.87,-17.98,8.68,18.03,20.38,46594,-36.83,53.0,0.807
2023-02-10T11:19:13.000,10.81,-18.05,8.7,18.03,20.38,46595,-36.62,53.0,0.807
2023-02-10T11:20:13.000,10.81,-17.95,8.71,18.03,20.38,46596,-36.41,53.0,0.807
2023-02-10T11:21:13.000,10.75,-18.16,8.76,18.02,20.38,46597,-36.2,53.0,0.807
2023-02-10T11:22:13.000,10.74,-17.86,8.78,18.02,20.38,46598,-35.99,53.0,0.807
2023-02-10T11:23:16.000,10.79,-17.81,8.77,18.02,20.38,46599,-35.77,53.0,0.807
2023-02-10T11:24:16.000,10.78,-17.93,8.77,18.02,20.38,46600,-35.55,53.0,0.807
2023-02-10T11:28:16.000,10.78,-17.89,8.64,18.04,20.38,46604,-34.71,53.0,0.807
2023-02-10T11:31:17.000,10.77,-18.1,8.59,18.05,20.38,46607,-34.07,53.0,0.807
2023-02-10T11:32:17.000,10.71,-18.07,8.59,18.05,20.38,46608,-33.86,53.0,0.806
2023-02-10T11:33:17.000,10.72,-17.91,8.58,18.05,20.38,46609,-33.65,53.0,0.806
2023-02-10T11:34:17.000,10.74,-17.89,8.57,18.05,20.38,46610,-33.44,52.0,0.806
2023-02-10T11:35:17.000,10.73,-18.07,8.56,18.05,20.38,46611,-33.23,52.0,0.806
2023-02-10T11:38:23.000,10.65,-18.11,8.54,18.05,20.38,46614,-32.58,52.0,0.806
2023-02-10T11:41:24.000,10.74,-17.88,8.51,18.06,20.38,46617,-31.94,52.0,0.806
2023-02-10T11:42:24.000,10.7,-18.24,8.49,18.06,20.38,46618,-31.73,52.0,0.806
2023-02-10T11:43:24.000,10.64,-18.05,8.47,18.06,20.38,46619,-31.52,52.0,0.806
2023-02-10T11:44:24.000,10.65,-17.97,8.44,18.06,20.38,46620,-31.3,52.0,0.806
2023-02-10T11:45:24.000,10.67,-18.04,8.43,18.07,20.38,46621,-31.09,52.0,0.806
2023-02-10T11:46:24.000,10.66,-18.04,8.42,18.07,20.38,46622,-30.88,52.0,0.806
2023-02-10T11:47:24.000,10.62,-18.09,8.38,18.07,20.38,46623,-30.67,52.0,0.806
2023-02-10T11:48:24.000,10.63,-17.92,8.3,18.08,20.38,46624,-30.46,51.0,0.806
2023-02-10T11:50:24.000,10.69,-17.9,8.29,18.08,20.38,46626,-30.04,51.0,0.805
2023-02-10T11:52:30.000,10.58,-18.26,8.19,18.1,20.38,46628,-29.59,51.0,0.805
2023-02-10T11:53:30.000,10.56,-18.12,8.15,18.1,20.38,46629,-29.38,51.0,0.805
2023-02-10T11:54:30.000,10.55,-18.1,8.05,18.12,20.38,46630,-29.17,51.0,0.805
2023-02-10T11:56:35.000,10.52,-18.23,7.94,18.13,20.38,46632,-28.73,51.0,0.805
2023-02-10T11:57:35.000,10.47,-18.36,7.9,18.14,20.38,46633,-28.52,51.0,0.805
2023-02-10T11:58:35.000,10.43,-18.16,7.87,18.14,20.38,46634,-28.3,51.0,0.805
2023-02-10T11:59:35.000,10.43,-18.31,7.77,18.15,20.38,46635,-28.09,50.0,0.805
2023-02-10T12:00:36.000,10.37,-18.31,7.69,18.16,20.38,46636,-27.88,50.0,0.805
2023-02-10T12:01:36.000,10.39,-18.17,7.67,18.17,20.38,46637,-27.67,50.0,0.805
2023-02-10T12:03:36.000,10.37,-18.31,7.59,18.18,20.38,46639,-27.24,50.0,0.805
2023-02-10T12:04:36.000,10.35,-18.28,7.47,18.2,20.38,46640,-27.03,50.0,0.805
2023-02-10T12:05:36.000,10.32,-18.36,7.48,18.2,20.38,46641,-26.82,50.0,0.805
2023-02-10T12:06:36.000,10.35,-18.2,9.29,18.06,20.38,46642,-26.61,50.0,0.805
2023-02-10T12:09:42.000,10.22,-18.6,7.31,18.22,20.38,46645,-25.95,49.0,0.804
2023-02-10T12:10:42.000,10.18,-18.44,7.23,18.23,20.38,46646,-25.74,49.0,0.804
2023-02-10T12:11:42.000,10.18,-18.42,7.18,18.24,20.38,46647,-25.53,49.0,0.804
2023-02-10T12:12:42.000,10.17,-18.19,7.17,18.24,20.38,46648,-25.32,49.0,0.804
2023-02-10T12:13:42.000,10.18,-18.14,7.13,18.25,20.38,46649,-25.11,49.0,0.804
2023-02-10T12:14:42.000,10.24,-17.99,6.99,18.27,20.38,46650,-24.89,49.0,0.804
2023-02-10T12:15:42.000,10.26,-18.2,6.99,18.27,20.38,46651,-24.68,49.0,0.804
2023-02-10T12:16:42.000,10.25,-18.25,6.97,18.27,20.38,46652,-24.47,49.0,0.804
2023-02-10T12:17:42.000,10.24,-18.25,6.94,18.28,20.38,46653,-24.26,49.0,0.804
2023-02-10T12:19:48.000,10.21,-18.4,6.95,18.27,20.38,46655,-23.82,48.0,0.804
2023-02-10T12:20:49.000,10.19,-18.3,6.96,18.27,20.38,46656,-23.6,48.0,0.804
2023-02-10T12:24:54.000,10.28,-18.44,6.91,18.28,20.38,46660,-22.74,48.0,0.804
2023-02-10T12:25:54.000,10.26,-18.3,7.01,18.27,20.38,46661,-22.53,48.0,0.804
2023-02-10T12:26:54.000,10.31,-18.29,7.04,18.26,20.38,46662,-22.32,48.0,0.803
2023-02-10T12:27:54.000,10.24,-18.54,7.17,18.24,20.38,46663,-22.1,47.0,0.803
2023-02-10T12:28:54.000,10.2,-18.46,7.18,18.24,20.38,46664,-21.89,47.0,0.803
2023-02-10T12:29:54.000,10.2,-18.3,7.17,18.24,20.38,46665,-21.68,47.0,0.803
2023-02-10T12:30:54.000,10.18,-18.59,7.16,18.24,20.38,46666,-21.47,47.0,0.803
2023-02-10T12:31:54.000,10.18,-18.33,7.11,18.25,20.38,46667,-21.26,47.0,0.803
2023-02-10T12:32:54.000,10.2,-18.45,7.02,18.26,20.38,46668,-21.05,47.0,0.803
2023-02-10T12:33:55.000,10.14,-18.63,6.92,18.28,20.38,46669,-20.83,47.0,0.803
2023-02-10T12:34:55.000,10.06,-18.61,6.84,18.29,20.38,46670,-20.62,47.0,0.803
2023-02-10T12:35:55.000,10.01,-18.64,6.73,18.31,20.38,46671,-20.41,46.0,0.803
2023-02-10T12:36:56.000,10.18,-18.32,6.6,18.33,20.38,46672,-20.2,46.0,0.803
2023-02-10T12:37:56.000,10.43,-18.48,6.52,18.35,20.38,46673,-19.99,46.0,0.803
2023-02-10T12:38:56.000,10.52,-18.51,6.35,18.37,20.38,46674,-19.78,46.0,0.803
2023-02-10T12:39:56.000,10.51,-18.77,6.26,18.39,20.38,46675,-19.56,46.0,0.803
2023-02-10T12:40:56.000,10.33,-19.25,6.17,18.4,20.38,46676,-19.35,46.0,0.803
2023-02-10T12:41:56.000,10.16,-19.1,6.01,18.43,20.38,46677,-19.14,46.0,0.803
2023-02-10T12:42:56.000,10.09,-18.88,5.74,18.48,20.38,46678,-18.93,45.0,0.803
2023-02-10T12:43:56.000,10.06,-18.9,5.53,18.52,20.38,46679,-18.72,45.0,0.803
2023-02-10T12:44:56.000,9.99,-18.99,5.37,18.56,20.38,46680,-18.51,45.0,0.802
2023-02-10T12:45:56.000,10.31,-18.27,5.24,18.58,20.38,46681,-18.3,45.0,0.802
2023-02-10T12:46:56.000,10.71,-18.99,5.14,18.6,20.38,46682,-18.09,45.0,0.802
2023-02-10T12:47:56.000,10.7,-19.1,5.05,18.62,20.38,46683,-17.88,45.0,0.802
2023-02-10T12:48:56.000,10.68,-18.68,4.95,18.64,20.38,46684,-17.67,45.0,0.802
2023-02-10T12:49:56.000,10.61,-18.88,4.87,18.66,20.38,46685,-17.46,44.0,0.802
2023-02-10T12:50:56.000,10.49,-18.74,4.78,18.68,20.38,46686,-17.25,44.0,0.802
