Downloads/jupyter/ECSV/stars19/stars19_2023-09.ecsv
# %ECSV 1.0
# ---
# datatype:
# - {name: time, datatype: string}
# - {name: Enclosure Temperature, unit: deg_C, datatype: float64}
# - {name: Sky Temperature, unit: deg_C, datatype: float64}
# - {name: Frequency, unit: Hz, datatype: float64}
# - {name: MSAS, unit: mag / arcsec2, datatype: float64}
# - {name: ZP, datatype: float64}
# - {name: Sequence Number, datatype: int64}
# - {name: Sun Alt, unit: deg, datatype: float64}
# - {name: Moon Alt, unit: deg, datatype: float64}
# - {name: Moon Illumination, datatype: float64}
# delimiter: ','
# meta: !!omap
# - ida:
#     Data supplier: {affiliation: null, observer: null}
#     Device type: TESS-W
#     Field of view: 17.0
#     Filters per channel: None
#     Instrument ID: stars19
#     License: ODbL 1.0 http://opendatacommons.org/licenses/odbl/summary/
#     Local timezone: America/Phoenix
#     Location name: {country: '- Tucson', place: Tucson, region: United States, sub_region: Arizona, town: Pima County}
#     Measurement direction per channel: {azimuth: 0.0, zenital: 0.0}
#     Moving / Fixed look direction: FIXED
#     Moving / Stationary position: STATIONARY
#     Number of channels: 1
#     Number of fields per line: 8
#     Number of header lines: 35
#     Position: {height: 0.0, latitude: 32.223877, longitude: -110.767532}
#     TESS MAC address: 18:FE:34:CF:EC:06
#     TESS cover offset value: 0.0
#     TESS firmware version: '1.0'
#     TESS zero point: 20.38
#     Time Synchronization: timestamp added by MQTT subscriber
#     URL: http://www.darksky.org/NSBM/sdf1.0.pdf
# - __serialized_columns__:
#     Enclosure Temperature:
#       __class__: astropy.units.quantity.Quantity
#       unit: &id001 !astropy.units.Unit {unit: deg_C}
#       value: !astropy.table.SerializedColumn {name: Enclosure Temperature}
#     Frequency:
#       __class__: astropy.units.quantity.Quantity
#       unit: !astropy.units.Unit {unit: Hz}
#       value: !astropy.table.SerializedColumn {name: Frequency}
#     MSAS:
#       __class__: astropy.units.quantity.Quantity
#       unit: !astropy.units.Unit {unit: mag / arcsec2}
#       value: !astropy.table.SerializedColumn {name: MSAS}
#     Moon Alt:
#       __class__: astropy.units.quantity.Quantity
#       unit: &id002 !astropy.units.Unit {unit: deg}
#       value: !astropy.table.SerializedColumn {name: Moon Alt}
#     Sky Temperature:
#       __class__: astropy.units.quantity.Quantity
#       unit: *id001
#       value: !astropy.table.SerializedColumn {name: Sky Temperature}
#     Sun Alt:
#       __class__: astropy.units.quantity.Quantity
#       unit: *id002
#       value: !astropy.table.SerializedColumn {name: Sun Alt}
#     time:
#       __class__: astropy.time.core.Time
#       format: isot
#       in_subfmt: '*'
#       out_subfmt: '*'
#       precision: 3
#       scale: utc
#       value: !astropy.table.SerializedColumn {name: time}
# schema: astropy-2.0
time,Enclosure Temperature,Sky Temperature,Frequency,MSAS,ZP,Sequence Number,Sun Alt,Moon Alt,Moon Illumination
[from data line 10595]
2023-09-15T07:23:27.000,26.7,2.72,1.09,20.28,20.38,80531,-54.67,-54.0,0.001
2023-09-15T07:24:27.000,26.71,2.57,1.09,20.28,20.38,80532,-54.66,-54.0,0.001
2023-09-15T07:25:28.000,26.66,2.46,1.09,20.28,20.38,80533,-54.65,-54.0,0.001
2023-09-15T07:26:28.000,26.65,2.47,1.09,20.28,20.38,80534,-54.64,-54.0,0.001
2023-09-15T07:27:28.000,26.65,2.54,1.09,20.28,20.38,80535,-54.62,-54.0,0.001
2023-09-15T07:28:29.000,26.65,2.53,1.09,20.29,20.38,80536,-54.61,-54.0,0.001
2023-09-15T07:29:30.000,26.66,2.52,1.09,20.29,20.38,80537,-54.59,-54.0,0.001
2023-09-15T07:30:30.000,26.64,2.38,1.09,20.29,20.38,80538,-54.57,-54.0,0.001
2023-09-15T07:31:30.000,26.64,2.46,1.09,20.29,20.38,80539,-54.55,-54.0,0.001
2023-09-15T07:32:31.000,26.61,2.45,1.09,20.29,20.38,80540,-54.53,-54.0,0.001
2023-09-15T07:33:31.000,26.58,2.3,1.09,20.29,20.38,80541,-54.51,-54.0,0.001
2023-09-15T07:34:31.000,26.5,2.31,1.09,20.29,20.38,80542,-54.48,-54.0,0.001
2023-09-15T07:35:31.000,26.53,2.55,1.09,20.29,20.38,80543,-54.46,-54.0,0.001
2023-09-15T07:36:32.000,26.59,2.62,1.09,20.29,20.38,80544,-54.43,-54.0,0.001
2023-09-15T07:37:32.000,26.59,2.35,1.09,20.29,20.38,80545,-54.4,-54.0,0.001
2023-09-15T07:38:32.000,26.55,2.23,1.09,20.29,20.38,80546,-54.37,-54.0,0.001
2023-09-15T07:39:32.000,26.46,2.15,1.09,20.29,20.38,80547,-54.34,-54.0,0.001
2023-09-15T07:40:32.000,26.28,1.98,1.09,20.29,20.38,80548,-54.3,-54.0,0.001
2023-09-15T07:41:32.000,26.16,1.92,1.12,20.25,20.38,80549,-54.27,-54.0,0.001
2023-09-15T07:42:32.000,25.97,1.65,1.09,20.29,20.38,80550,-54.23,-54.0,0.001
2023-09-15T07:43:32.000,25.87,2.0,1.09,20.29,20.38,80551,-54.19,-54.0,0.001
2023-09-15T07:44:32.000,25.74,2.07,1.09,20.29,20.38,80552,-54.15,-54.0,0.001
2023-09-15T07:45:32.000,25.79,2.47,1.09,20.29,20.38,80553,-54.11,-54.0,0.001
2023-09-15T07:46:32.000,25.82,2.28,1.09,20.29,20.38,80554,-54.07,-54.0,0.001
2023-09-15T07:47:32.000,25.8,2.44,1.09,20.29,20.38,80555,-54.02,-54.0,0.001
2023-09-15T07:48:32.000,25.81,2.42,1.09,20.29,20.38,80556,-53.98,-54.0,0.001
2023-09-15T07:49:32.000,25.73,2.15,1.08,20.29,20.38,80557,-53.93,-54.0,0.001
2023-09-15T07:50:34.000,25.75,2.37,1.08,20.3,20.38,80558,-53.88,-54.0,0.001
2023-09-15T07:51:34.000,25.76,2.33,1.08,20.3,20.38,80559,-53.83,-54.0,0.001
2023-09-15T07:52:34.000,25.79,2.37,1.08,20.3,20.38,80560,-53.78,-54.0,0.001
2023-09-15T07:53:34.000,25.65,1.87,1.08,20.3,20.38,80561,-53.72,-54.0,0.001
2023-09-15T07:54:34.000,25.64,2.45,1.08,20.3,20.38,80562,-53.67,-54.0,0.001
2023-09-15T07:55:34.000,25.69,2.32,1.08,20.3,20.38,80563,-53.61,-54.0,0.001
2023-09-15T07:56:34.000,25.61,1.98,1.08,20.3,20.38,80564,-53.56,-54.0,0.001
2023-09-15T07:57:34.000,25.48,1.81,1.08,20.3,20.38,80565,-53.5,-54.0,0.001
2023-09-15T07:58:34.000,25.42,1.98,1.08,20.3,20.38,80566,-53.43,-53.0,0.001
2023-09-15T07:59:34.000,25.43,2.14,1.08,20.3,20.38,80567,-53.37,-53.0,0.001
2023-09-15T08:00:34.000,25.48,2.34,1.08,20.3,20.38,80568,-53.31,-53.0,0.001
2023-09-15T08:01:35.000,25.48,2.13,1.08,20.3,20.38,80569,-53.24,-53.0,0.001
2023-09-15T08:02:35.000,25.48,2.22,1.08,20.3,20.38,80570,-53.18,-53.0,0.001
2023-09-15T08:03:35.000,25.48,2.19,1.08,20.3,20.38,80571,-53.11,-53.0,0.001
2023-09-15T08:04:36.000,25.48,2.18,1.08,20.3,20.38,80572,-53.04,-53.0,0.001
2023-09-15T08:05:36.000,25.48,2.22,1.08,20.3,20.38,80573,-52.97,-53.0,0.001
2023-09-15T08:06:36.000,25.43,1.9,1.08,20.3,20.38,80574,-52.9,-53.0,0.001
2023-09-15T08:07:36.000,25.3,1.86,1.08,20.3,20.38,80575,-52.82,-53.0,0.001
2023-09-15T08:08:36.000,25.28,2.03,1.08,20.3,20.38,80576,-52.75,-53.0,0.001
2023-09-15T08:09:36.000,25.31,2.35,1.08,20.3,20.38,80577,-52.67,-53.0,0.001
2023-09-15T08:10:36.000,25.39,2.38,1.08,20.3,20.38,80578,-52.59,-53.0,0.001
2023-09-15T08:11:37.000,25.41,2.2,1.08,20.3,20.38,80579,-52.51,-53.0,0.001
2023-09-15T08:12:36.000,25.45,2.34,1.08,20.3,20.38,80580,-52.43,-53.0,0.001
2023-09-15T08:13:36.000,25.5,2.42,1.08,20.3,20.38,80581,-52.35,-53.0,0.001
2023-09-15T08:14:37.000,25.53,2.37,1.08,20.3,20.38,80582,-52.27,-53.0,0.001
2023-09-15T08:15:37.000,25.59,2.47,1.08,20.3,20.38,80583,-52.18,-53.0,0.001
2023-09-15T08:16:37.000,25.64,2.4,1.08,20.3,20.38,80584,-52.1,-53.0,0.001
2023-09-15T08:17:37.000,25.66,2.32,1.08,20.3,20.38,80585,-52.01,-53.0,0.001
2023-09-15T08:18:37.000,25.68,2.34,1.08,20.3,20.38,80586,-51.92,-53.0,0.001
2023-09-15T08:19:37.000,25.69,2.34,1.08,20.3,20.38,80587,-51.83,-52.0,0.001
2023-09-15T08:20:37.000,25.7,2.31,1.08,20.3,20.38,80588,-51.74,-52.0,0.001
2023-09-15T08:21:37.000,25.69,2.17,1.08,20.3,20.38,80589,-51.65,-52.0,0.001
2023-09-15T08:22:37.000,25.65,2.07,1.08,20.3,20.38,80590,-51.56,-52.0,0.001
2023-09-15T08:23:37.000,25.66,2.28,1.08,20.3,20.38,80591,-51.46,-52.0,0.001
2023-09-15T08:24:37.000,25.69,2.24,1.08,20.3,20.38,80592,-51.37,-52.0,0.001
2023-09-15T08:25:37.000,25.69,2.29,1.08,20.3,20.38,80593,-51.27,-52.0,0.001
2023-09-15T08:26:38.000,25.7,2.33,1.08,20.3,20.38,80594,-51.17,-52.0,0.001
2023-09-15T08:27:39.000,25.71,2.14,1.08,20.3,20.38,80595,-51.07,-52.0,0.001
2023-09-15T08:28:39.000,25.6,1.69,1.08,20.3,20.38,80596,-50.97,-52.0,0.001
2023-09-15T08:29:39.000,25.43,1.68,1.08,20.3,20.38,80597,-50.87,-52.0,0.001
2023-09-15T08:30:46.000,25.34,1.89,1.08,20.3,20.38,80598,-50.76,-52.0,0.001
2023-09-15T08:31:46.000,25.33,1.79,1.08,20.3,20.38,80599,-50.65,-52.0,0.001
2023-09-15T08:32:46.000,25.16,1.35,1.08,20.3,20.38,80600,-50.55,-52.0,0.001
2023-09-15T08:33:46.000,25.14,1.83,1.08,20.3,20.38,80601,-50.44,-51.0,0.001
2023-09-15T08:34:46.000,25.12,1.72,1.08,20.3,20.38,80602,-50.33,-51.0,0.001
2023-09-15T08:35:46.000,25.11,1.78,1.08,20.3,20.38,80603,-50.22,-51.0,0.001
2023-09-15T08:36:46.000,25.12,1.91,1.08,20.3,20.38,80604,-50.11,-51.0,0.001
2023-09-15T08:37:46.000,25.13,1.85,1.08,20.3,20.38,80605,-50.0,-51.0,0.001
2023-09-15T08:38:46.000,25.13,1.84,1.08,20.29,20.38,80606,-49.89,-51.0,0.001
2023-09-15T08:39:46.000,25.14,1.95,1.09,20.29,20.38,80607,-49.78,-51.0,0.001
2023-09-15T08:40:46.000,25.17,2.03,1.09,20.28,20.38,80608,-49.67,-51.0,0.001
2023-09-15T08:41:46.000,25.2,2.03,1.09,20.29,20.38,80609,-49.55,-51.0,0.001
2023-09-15T08:42:46.000,25.26,2.15,1.08,20.29,20.38,80610,-49.43,-51.0,0.001
2023-09-15T08:43:46.000,25.31,2.11,1.08,20.3,20.38,80611,-49.32,-51.0,0.001
2023-09-15T08:44:46.000,25.31,1.98,1.08,20.3,20.38,80612,-49.2,-51.0,0.001
2023-09-15T08:45:46.000,25.29,2.01,1.08,20.3,20.38,80613,-49.08,-50.0,0.001
2023-09-15T08:46:46.000,25.29,2.04,1.08,20.3,20.38,80614,-48.96,-50.0,0.001
2023-09-15T08:47:47.000,25.3,2.0,1.08,20.3,20.38,80615,-48.84,-50.0,0.001
2023-09-15T08:48:47.000,25.31,1.95,1.08,20.3,20.38,80616,-48.71,-50.0,0.001
2023-09-15T08:49:48.000,25.28,1.83,1.08,20.3,20.38,80617,-48.59,-50.0,0.001
2023-09-15T08:50:49.000,25.27,1.9,1.08,20.3,20.38,80618,-48.46,-50.0,0.001
2023-09-15T08:51:48.000,25.24,1.72,1.08,20.3,20.38,80619,-48.34,-50.0,0.001
2023-09-15T08:52:48.000,25.19,1.81,1.08,20.3,20.38,80620,-48.21,-50.0,0.001
2023-09-15T08:53:49.000,25.16,1.85,1.07,20.3,20.38,80621,-48.08,-50.0,0.001
2023-09-15T08:54:49.000,25.16,1.8,1.08,20.3,20.38,80622,-47.96,-50.0,0.001
2023-09-15T08:55:49.000,25.12,1.74,1.08,20.3,20.38,80623,-47.83,-49.0,0.001
2023-09-15T08:56:49.000,25.09,1.72,1.08,20.3,20.38,80624,-47.7,-49.0,0.001
2023-09-15T08:57:49.000,25.05,1.83,1.08,20.3,20.38,80625,-47.57,-49.0,0.001
2023-09-15T08:58:49.000,25.05,2.0,1.08,20.3,20.38,80626,-47.43,-49.0,0.001
2023-09-15T08:59:49.000,25.08,1.95,1.08,20.3,20.38,80627,-47.3,-49.0,0.001
2023-09-15T09:00:49.000,25.11,1.98,1.08,20.3,20.38,80628,-47.17,-49.0,0.001
2023-09-15T09:01:49.000,25.12,2.04,1.08,20.29,20.38,80629,-47.03,-49.0,0.001
2023-09-15T09:02:49.000,25.1,1.7,1.08,20.3,20.38,80630,-46.9,-49.0,0.001
2023-09-15T09:03:49.000,25.01,1.72,1.08,20.29,20.38,80631,-46.76,-49.0,0.001
2023-09-15T09:04:49.000,25.01,1.88,1.08,20.29,20.38,80632,-46.62,-48.0,0.001
2023-09-15T09:05:51.000,25.0,1.89,1.08,20.29,20.38,80633,-46.48,-48.0,0.001
2023-09-15T09:06:50.000,25.0,1.83,1.09,20.29,20.38,80634,-46.35,-48.0,0.001
2023-09-15T09:07:50.000,24.93,1.56,1.09,20.29,20.38,80635,-46.21,-48.0,0.001
2023-09-15T09:08:50.000,24.78,1.85,1.1,20.28,20.38,80636,-46.07,-48.0,0.001
2023-09-15T09:09:51.000,24.83,2.25,1.11,20.27,20.38,80637,-45.92,-48.0,0.001
2023-09-15T09:12:51.000,24.79,2.3,1.15,20.23,20.38,80640,-45.49,-48.0,0.001
2023-09-15T09:13:51.000,24.8,2.57,1.15,20.23,20.38,80641,-45.35,-47.0,0.001
2023-09-15T09:14:51.000,24.81,2.74,1.16,20.21,20.38,80642,-45.2,-47.0,0.001
2023-09-15T09:16:51.000,24.83,3.11,1.21,20.17,20.38,80644,-44.91,-47.0,0.001
2023-09-15T09:17:51.000,24.85,3.27,1.24,20.15,20.38,80645,-44.76,-47.0,0.001
2023-09-15T09:18:51.000,24.8,3.16,1.27,20.12,20.38,80646,-44.61,-47.0,0.001
2023-09-15T09:19:51.000,24.75,3.47,1.36,20.04,20.38,80647,-44.47,-47.0,0.001
2023-09-15T09:20:52.000,24.75,3.62,1.62,19.86,20.38,80648,-44.31,-47.0,0.001
2023-09-15T09:21:51.000,24.71,3.66,1.76,19.77,20.38,80649,-44.17,-46.0,0.001
2023-09-15T09:22:51.000,24.66,3.8,1.57,19.89,20.38,80650,-44.01,-46.0,0.001
2023-09-15T09:23:51.000,24.6,4.04,1.58,19.88,20.38,80651,-43.86,-46.0,0.001
2023-09-15T09:24:51.000,24.61,4.41,2.32,19.47,20.38,80652,-43.71,-46.0,0.001
2023-09-15T09:25:51.000,24.59,4.45,3.94,18.9,20.38,80653,-43.56,-46.0,0.001
2023-09-15T09:26:52.000,24.55,4.44,5.06,18.62,20.38,80654,-43.4,-46.0,0.001
2023-09-15T09:27:53.000,24.56,4.6,4.74,18.69,20.38,80655,-43.24,-46.0,0.001
2023-09-15T09:28:52.000,24.56,4.29,3.24,19.12,20.38,80656,-43.09,-46.0,0.001
2023-09-15T09:29:52.000,24.48,3.83,2.05,19.61,20.38,80657,-42.93,-45.0,0.001
2023-09-15T09:30:52.000,24.38,3.55,1.87,19.7,20.38,80658,-42.78,-45.0,0.001
2023-09-15T09:31:52.000,24.27,3.26,2.14,19.56,20.38,80659,-42.62,-45.0,0.001
2023-09-15T09:32:52.000,24.16,3.28,2.3,19.48,20.38,80660,-42.46,-45.0,0.001
2023-09-15T09:33:53.000,24.23,3.57,1.96,19.65,20.38,80661,-42.3,-45.0,0.001
2023-09-15T09:34:54.000,24.22,3.05,1.55,19.9,20.38,80662,-42.14,-45.0,0.001
2023-09-15T09:35:54.000,24.14,3.17,1.41,20.0,20.38,80663,-41.98,-45.0,0.002
2023-09-15T09:36:55.000,24.13,3.16,1.84,19.72,20.38,80664,-41.82,-44.0,0.002
2023-09-15T09:37:54.000,24.1,3.26,2.52,19.38,20.38,80665,-41.66,-44.0,0.002
2023-09-15T09:38:55.000,24.06,3.23,2.79,19.27,20.38,80666,-41.49,-44.0,0.002
2023-09-15T09:39:55.000,24.06,3.32,2.83,19.25,20.38,80667,-41.33,-44.0,0.002
2023-09-15T09:40:55.000,24.04,2.93,1.86,19.71,20.38,80668,-41.17,-44.0,0.002
2023-09-15T09:41:55.000,23.99,2.78,1.59,19.88,20.38,80669,-41.0,-44.0,0.002
2023-09-15T09:42:55.000,24.0,2.88,1.29,20.11,20.38,80670,-40.84,-44.0,0.002
2023-09-15T09:43:55.000,24.06,2.99,1.21,20.17,20.38,80671,-40.67,-43.0,0.002
2023-09-15T09:44:55.000,24.1,2.89,1.26,20.13,20.38,80672,-40.51,-43.0,0.002
2023-09-15T09:45:55.000,24.11,2.88,1.3,20.1,20.38,80673,-40.34,-43.0,0.002
2023-09-15T09:46:55.000,24.11,2.75,1.31,20.09,20.38,80674,-40.18,-43.0,0.002
2023-09-15T09:47:55.000,24.02,2.61,1.33,20.07,20.38,80675,-40.01,-43.0,0.002
2023-09-15T09:48:55.000,24.01,3.15,1.36,20.05,20.38,80676,-39.84,-43.0,0.002
2023-09-15T09:49:56.000,24.09,3.39,1.59,19.88,20.38,80677,-39.67,-43.0,0.002
2023-09-15T09:50:56.000,24.1,3.07,2.02,19.62,20.38,80678,-39.5,-42.0,0.002
2023-09-15T09:51:56.000,24.02,2.72,2.61,19.34,20.38,80679,-39.33,-42.0,0.002
2023-09-15T09:52:56.000,23.9,2.73,2.71,19.3,20.38,80680,-39.16,-42.0,0.002
2023-09-15T09:53:56.000,23.89,3.03,1.76,19.77,20.38,80681,-38.99,-42.0,0.002
2023-09-15T09:54:56.000,23.88,3.12,1.57,19.89,20.38,80682,-38.82,-42.0,0.002
2023-09-15T09:55:56.000,23.86,3.33,1.41,20.01,20.38,80683,-38.65,-42.0,0.002
2023-09-15T09:56:56.000,23.89,3.54,1.78,19.76,20.38,80684,-38.48,-42.0,0.002
2023-09-15T09:57:56.000,23.91,3.62,2.61,19.34,20.38,80685,-38.31,-41.0,0.002
2023-09-15T09:58:56.000,23.89,3.53,3.33,19.08,20.38,80686,-38.14,-41.0,0.002
2023-09-15T09:59:56.000,23.81,3.4,3.95,18.89,20.38,80687,-37.96,-41.0,0.002
2023-09-15T10:00:56.000,23.76,3.59,2.74,19.3,20.38,80688,-37.79,-41.0,0.002
2023-09-15T10:01:56.000,23.82,3.67,2.2,19.53,20.38,80689,-37.62,-41.0,0.002
2023-09-15T10:02:56.000,23.81,3.29,2.26,19.5,20.38,80690,-37.44,-41.0,0.002
2023-09-15T10:03:56.000,23.74,2.99,2.69,19.31,20.38,80691,-37.27,-40.0,0.002
2023-09-15T10:04:57.000,23.72,2.97,2.26,19.5,20.38,80692,-37.09,-40.0,0.002
2023-09-15T10:05:57.000,23.7,2.87,1.8,19.74,20.38,80693,-36.91,-40.0,0.002
2023-09-15T10:07:57.000,23.77,3.0,2.18,19.53,20.38,80695,-36.56,-40.0,0.002
2023-09-15T10:08:58.000,23.81,3.05,2.27,19.49,20.38,80696,-36.38,-40.0,0.002
2023-09-15T10:09:58.000,23.86,2.98,1.83,19.73,20.38,80697,-36.2,-40.0,0.002
2023-09-15T10:10:58.000,23.81,2.55,1.56,19.9,20.38,80698,-36.02,-39.0,0.002
2023-09-15T10:11:58.000,23.66,2.54,1.46,19.97,20.38,80699,-35.84,-39.0,0.002
2023-09-15T10:12:58.000,23.64,2.97,1.58,19.89,20.38,80700,-35.66,-39.0,0.002
2023-09-15T10:13:58.000,23.72,3.27,1.47,19.96,20.38,80701,-35.48,-39.0,0.002
2023-09-15T10:15:58.000,23.76,3.45,1.6,19.87,20.38,80703,-35.12,-39.0,0.002
2023-09-15T10:16:58.000,23.74,3.5,1.83,19.72,20.38,80704,-34.94,-38.0,0.002
2023-09-15T10:17:58.000,23.71,3.73,2.1,19.57,20.38,80705,-34.76,-38.0,0.002
2023-09-15T10:18:58.000,23.7,3.8,2.63,19.33,20.38,80706,-34.58,-38.0,0.002
2023-09-15T10:20:00.000,23.69,3.67,2.93,19.21,20.38,80707,-34.39,-38.0,0.002
2023-09-15T10:21:01.000,23.63,3.45,2.45,19.41,20.38,80708,-34.21,-38.0,0.002
2023-09-15T10:22:01.000,23.57,3.19,1.63,19.86,20.38,80709,-34.03,-38.0,0.002
2023-09-15T10:23:01.000,23.52,2.98,1.37,20.04,20.38,80710,-33.84,-37.0,0.002
2023-09-15T10:24:01.000,23.52,2.91,1.32,20.08,20.38,80711,-33.66,-37.0,0.002
2023-09-15T10:25:01.000,23.56,2.81,1.25,20.14,20.38,80712,-33.48,-37.0,0.002
2023-09-15T10:26:01.000,23.57,2.49,1.2,20.18,20.38,80713,-33.29,-37.0,0.002
2023-09-15T10:27:02.000,23.58,2.33,1.18,20.2,20.38,80714,-33.1,-37.0,0.002
2023-09-15T10:28:02.000,23.6,2.23,1.16,20.22,20.38,80715,-32.92,-37.0,0.002
2023-09-15T10:29:09.000,23.63,2.23,1.15,20.23,20.38,80716,-32.71,-36.0,0.002
2023-09-15T10:30:09.000,23.64,1.88,1.16,20.22,20.38,80717,-32.53,-36.0,0.002
2023-09-15T10:31:09.000,23.56,1.64,1.2,20.18,20.38,80718,-32.34,-36.0,0.002
2023-09-15T10:32:09.000,23.56,1.75,1.2,20.18,20.38,80719,-32.15,-36.0,0.002
2023-09-15T10:33:09.000,23.59,1.75,1.18,20.2,20.38,80720,-31.97,-36.0,0.002
2023-09-15T10:34:09.000,23.62,1.66,1.18,20.2,20.38,80721,-31.78,-36.0,0.002
2023-09-15T10:35:10.000,23.65,1.67,1.14,20.24,20.38,80722,-31.59,-35.0,0.002
2023-09-15T10:36:10.000,23.69,1.64,1.13,20.24,20.38,80723,-31.4,-35.0,0.002
2023-09-15T10:37:10.000,23.7,1.64,1.14,20.24,20.38,80724,-31.21,-35.0,0.002
2023-09-15T10:38:10.000,23.67,1.43,1.12,20.25,20.38,80725,-31.03,-35.0,0.002
2023-09-15T10:39:10.000,23.56,1.36,1.14,20.24,20.38,80726,-30.84,-35.0,0.002
2023-09-15T10:40:10.000,23.53,1.64,1.24,20.15,20.38,80727,-30.65,-35.0,0.002
2023-09-15T10:41:12.000,23.51,1.46,1.25,20.14,20.38,80728,-30.45,-34.0,0.002
2023-09-15T10:42:12.000,23.44,1.71,1.34,20.07,20.38,80729,-30.26,-34.0,0.002
2023-09-15T10:43:12.000,23.48,2.03,1.32,20.08,20.38,80730,-30.07,-34.0,0.002
2023-09-15T10:44:12.000,23.53,2.32,1.5,19.94,20.38,80731,-29.88,-34.0,0.002
2023-09-15T10:45:12.000,23.58,2.48,1.43,19.99,20.38,80732,-29.69,-34.0,0.002
2023-09-15T10:46:12.000,23.61,2.5,1.37,20.04,20.38,80733,-29.5,-33.0,0.002
2023-09-15T10:47:12.000,23.62,2.44,1.33,20.07,20.38,80734,-29.31,-33.0,0.002
2023-09-15T10:48:12.000,23.65,2.5,1.52,19.92,20.38,80735,-29.12,-33.0,0.002
2023-09-15T10:49:12.000,23.68,2.49,2.08,19.59,20.38,80736,-28.93,-33.0,0.002
2023-09-15T10:50:13.000,23.71,2.46,2.29,19.48,20.38,80737,-28.73,-33.0,0.002
2023-09-15T10:51:12.000,23.7,2.35,1.64,19.84,20.38,80738,-28.54,-33.0,0.002
2023-09-15T10:52:12.000,23.71,2.39,1.41,20.01,20.38,80739,-28.35,-32.0,0.002
2023-09-15T10:53:12.000,23.75,2.36,1.28,20.11,20.38,80740,-28.16,-32.0,0.002
2023-09-15T10:54:13.000,23.75,2.21,1.24,20.15,20.38,80741,-27.96,-32.0,0.002
2023-09-15T10:55:13.000,23.73,2.14,1.26,20.13,20.38,80742,-27.77,-32.0,0.002
2023-09-15T10:56:13.000,23.73,2.02,1.22,20.16,20.38,80743,-27.57,-32.0,0.002
2023-09-15T10:57:13.000,23.71,1.87,1.16,20.22,20.38,80744,-27.38,-32.0,0.002
