Downloads/jupyter/ECSV/stars19/stars19_2020-09.ecsv
# %ECSV 1.0
# ---
# datatype:
# - {name: time, datatype: string}
# - {name: Enclosure Temperature, unit: deg_C, datatype: float64}
# - {name: Sky Temperature, unit: deg_C, datatype: float64}
# - {name: Frequency, unit: Hz, datatype: float64}
# - {name: MSAS, unit: mag / arcsec2, datatype: float64}
# - {name: ZP, datatype: float64}
# - {name: Sequence Number, datatype: int64}
# - {name: Sun Alt, unit: deg, datatype: float64}
# - {name: Moon Alt, unit: deg, datatype: float64}
# - {name: Moon Illumination, datatype: float64}
# delimiter: ','
# meta: !!omap
# - ida:
#     Data supplier: {affiliation: null, observer: null}
#     Device type: TESS-W
#     Field of view: 17.0
#     Filters per channel: None
#     Instrument ID: stars19
#     License: ODbL 1.0 http://opendatacommons.org/licenses/odbl/summary/
#     Local timezone: America/Phoenix
#     Location name: {country: '- Tucson', place: Tucson, region: United States, sub_region: Arizona, town: Pima County}
#     Measurement direction per channel: {azimuth: 0.0, zenital: 0.0}
#     Moving / Fixed look direction: FIXED
#     Moving / Stationary position: STATIONARY
#     Number of channels: 1
#     Number of fields per line: 8
#     Number of header lines: 35
#     Position: {height: 0.0, latitude: 32.223877, longitude: -110.767532}
#     TESS MAC address: 18:FE:34:CF:EC:06
#     TESS cover offset value: 0.0
#     TESS firmware version: '1.0'
#     TESS zero point: 20.5
#     Time Synchronization: timestamp added by MQTT subscriber
#     URL: http://www.darksky.org/NSBM/sdf1.0.pdf
# - __serialized_columns__:
#     Enclosure Temperature:
#       __class__: astropy.units.quantity.Quantity
#       unit: &id001 !astropy.units.Unit {unit: deg_C}
#       value: !astropy.table.SerializedColumn {name: Enclosure Temperature}
#     Frequency:
#       __class__: astropy.units.quantity.Quantity
#       unit: !astropy.units.Unit {unit: Hz}
#       value: !astropy.table.SerializedColumn {name: Frequency}
#     MSAS:
#       __class__: astropy.units.quantity.Quantity
#       unit: !astropy.units.Unit {unit: mag / arcsec2}
#       value: !astropy.table.SerializedColumn {name: MSAS}
#     Moon Alt:
#       __class__: astropy.units.quantity.Quantity
#       unit: &id002 !astropy.units.Unit {unit: deg}
#       value: !astropy.table.SerializedColumn {name: Moon Alt}
#     Sky Temperature:
#       __class__: astropy.units.quantity.Quantity
#       unit: *id001
#       value: !astropy.table.SerializedColumn {name: Sky Temperature}
#     Sun Alt:
#       __class__: astropy.units.quantity.Quantity
#       unit: *id002
#       value: !astropy.table.SerializedColumn {name: Sun Alt}
#     time:
#       __class__: astropy.time.core.Time
#       format: isot
#       in_subfmt: '*'
#       out_subfmt: '*'
#       precision: 3
#       scale: utc
#       value: !astropy.table.SerializedColumn {name: time}
# schema: astropy-2.0
time,Enclosure Temperature,Sky Temperature,Frequency,MSAS,ZP,Sequence Number,Sun Alt,Moon Alt,Moon Illumination
[from data line 4948]
2020-09-07T10:29:19.000,28.94,8.3,14.17,17.5,20.5,24916,-31.27,69.0,0.77
2020-09-07T10:30:19.000,28.94,8.31,14.21,17.5,20.5,24917,-31.09,69.0,0.77
2020-09-07T10:31:20.000,28.94,8.26,14.23,17.5,20.5,24918,-30.9,69.0,0.769
2020-09-07T10:32:20.000,28.93,8.24,14.23,17.5,20.5,24919,-30.72,69.0,0.769
2020-09-07T10:33:20.000,28.92,8.24,14.23,17.5,20.5,24920,-30.54,69.0,0.769
2020-09-07T10:34:20.000,28.91,8.26,14.27,17.49,20.5,24921,-30.36,69.0,0.769
2020-09-07T10:35:21.000,28.91,8.24,14.35,17.49,20.5,24922,-30.17,69.0,0.769
2020-09-07T10:36:21.000,28.91,8.2,14.59,17.47,20.5,24923,-29.99,69.0,0.769
2020-09-07T10:37:21.000,28.9,8.24,14.6,17.47,20.5,24924,-29.81,69.0,0.769
2020-09-07T10:38:21.000,28.9,8.19,14.57,17.47,20.5,24925,-29.62,69.0,0.769
2020-09-07T10:47:22.000,28.72,8.11,14.19,17.5,20.5,24934,-27.96,70.0,0.769
2020-09-07T10:48:22.000,28.7,8.11,14.18,17.5,20.5,24935,-27.77,70.0,0.769
2020-09-07T10:49:22.000,28.69,8.16,14.23,17.5,20.5,24936,-27.58,70.0,0.768
2020-09-07T10:51:23.000,28.66,8.05,14.37,17.49,20.5,24938,-27.2,70.0,0.768
2020-09-07T10:52:23.000,28.64,8.07,14.41,17.48,20.5,24939,-27.02,70.0,0.768
2020-09-07T10:53:24.000,28.61,8.08,14.44,17.48,20.5,24940,-26.82,70.0,0.768
2020-09-07T10:54:24.000,28.6,8.12,14.44,17.48,20.5,24941,-26.64,70.0,0.768
2020-09-07T10:55:24.000,28.58,8.16,14.42,17.48,20.5,24942,-26.45,70.0,0.768
2020-09-07T11:03:33.000,28.34,8.08,14.04,17.51,20.5,24950,-24.9,70.0,0.768
2020-09-07T11:04:34.000,28.27,7.95,13.97,17.52,20.5,24951,-24.7,70.0,0.768
2020-09-07T11:05:34.000,28.23,8.01,13.9,17.52,20.5,24952,-24.51,70.0,0.768
2020-09-07T11:06:34.000,28.22,7.93,13.86,17.53,20.5,24953,-24.32,70.0,0.768
2020-09-07T11:09:34.000,28.17,8.03,13.6,17.55,20.5,24956,-23.74,70.0,0.767
2020-09-07T11:10:34.000,28.17,8.07,13.55,17.55,20.5,24957,-23.55,70.0,0.767
2020-09-07T11:11:36.000,28.18,8.0,13.48,17.56,20.5,24958,-23.35,70.0,0.767
2020-09-07T11:12:36.000,28.17,8.03,13.43,17.56,20.5,24959,-23.15,70.0,0.767
2020-09-07T11:13:37.000,28.18,8.14,13.34,17.57,20.5,24960,-22.96,70.0,0.767
2020-09-07T11:14:37.000,28.18,8.04,13.26,17.57,20.5,24961,-22.76,70.0,0.767
2020-09-07T11:16:38.000,28.15,7.82,13.1,17.59,20.5,24963,-22.37,70.0,0.767
2020-09-07T11:17:38.000,28.13,7.8,13.01,17.59,20.5,24964,-22.17,70.0,0.767
2020-09-07T11:18:38.000,28.1,7.76,12.98,17.6,20.5,24965,-21.98,70.0,0.767
2020-09-07T11:21:38.000,28.11,7.93,12.79,17.61,20.5,24968,-21.39,70.0,0.767
2020-09-07T11:23:38.000,28.14,7.92,12.69,17.62,20.5,24970,-21.0,69.0,0.767
2020-09-07T11:25:38.000,28.16,8.01,12.65,17.62,20.5,24972,-20.61,69.0,0.766
2020-09-07T11:29:39.000,28.29,8.18,12.78,17.61,20.5,24976,-19.82,69.0,0.766
2020-09-07T11:30:39.000,28.32,8.15,12.81,17.61,20.5,24977,-19.62,69.0,0.766
2020-09-07T11:31:39.000,28.38,8.25,12.85,17.61,20.5,24978,-19.42,69.0,0.766
2020-09-07T11:32:40.000,28.43,8.24,12.92,17.6,20.5,24979,-19.22,69.0,0.766
2020-09-07T11:33:40.000,28.45,8.21,13.0,17.6,20.5,24980,-19.02,69.0,0.766
2020-09-07T11:34:40.000,28.51,8.26,13.14,17.58,20.5,24981,-18.82,69.0,0.766
2020-09-07T11:35:40.000,28.55,8.27,13.31,17.57,20.5,24982,-18.62,69.0,0.766
2020-09-07T11:36:41.000,28.57,8.26,13.51,17.55,20.5,24983,-18.42,69.0,0.766
2020-09-07T11:37:41.000,28.62,8.27,13.71,17.54,20.5,24984,-18.22,68.0,0.766
2020-09-07T11:38:41.000,28.68,8.25,13.88,17.52,20.5,24985,-18.02,68.0,0.766
2020-09-07T11:39:41.000,28.73,8.25,13.92,17.52,20.5,24986,-17.82,68.0,0.766
2020-09-07T11:40:42.000,28.76,8.16,13.85,17.53,20.5,24987,-17.62,68.0,0.766
2020-09-07T11:41:42.000,28.79,8.15,13.7,17.54,20.5,24988,-17.42,68.0,0.766
2020-09-07T11:42:42.000,28.8,8.14,13.54,17.55,20.5,24989,-17.22,68.0,0.766
2020-09-07T11:43:42.000,28.83,8.15,13.36,17.57,20.5,24990,-17.02,68.0,0.765
2020-09-07T11:44:43.000,28.85,8.11,13.21,17.58,20.5,24991,-16.81,68.0,0.765
2020-09-07T11:45:43.000,28.89,8.12,13.1,17.59,20.5,24992,-16.61,68.0,0.765
2020-09-07T11:46:43.000,28.9,8.16,13.0,17.6,20.5,24993,-16.41,68.0,0.765
2020-09-07T11:47:43.000,28.91,8.16,12.9,17.6,20.5,24994,-16.21,68.0,0.765
2020-09-07T11:48:44.000,28.9,8.12,12.81,17.61,20.5,24995,-16.01,67.0,0.765
2020-09-07T11:49:44.000,28.9,8.08,12.71,17.62,20.5,24996,-15.81,67.0,0.765
2020-09-07T11:50:44.000,28.9,8.02,12.63,17.63,20.5,24997,-15.6,67.0,0.765
2020-09-07T11:51:44.000,28.87,7.8,12.51,17.64,20.5,24998,-15.4,67.0,0.765
2020-09-07T11:52:44.000,28.79,7.69,12.32,17.65,20.5,24999,-15.2,67.0,0.765
2020-09-07T11:53:44.000,28.71,7.55,12.3,17.65,20.5,25000,-15.0,67.0,0.765
2020-09-07T11:54:45.000,28.64,7.52,12.15,17.67,20.5,25001,-14.79,67.0,0.765
2020-09-07T11:55:45.000,28.56,7.43,12.13,17.67,20.5,25002,-14.59,67.0,0.765
2020-09-07T11:56:45.000,28.5,7.46,12.0,17.68,20.5,25003,-14.39,67.0,0.765
2020-09-07T12:07:46.000,28.05,7.54,12.24,17.66,20.5,25014,-12.15,65.0,0.764
2020-09-07T12:08:46.000,28.04,7.42,12.49,17.64,20.5,25015,-11.94,65.0,0.764
2020-09-07T12:09:47.000,27.94,7.55,12.75,17.62,20.5,25016,-11.73,65.0,0.764
2020-09-07T12:10:47.000,27.95,7.66,13.01,17.59,20.5,25017,-11.53,65.0,0.764
2020-09-07T12:11:47.000,27.97,7.74,13.36,17.57,20.5,25018,-11.32,65.0,0.764
2020-09-07T12:12:47.000,27.96,7.86,13.8,17.53,20.5,25019,-11.12,64.0,0.764
2020-09-07T12:13:47.000,28.0,7.89,14.35,17.49,20.5,25020,-10.91,64.0,0.764
2020-09-07T12:14:48.000,28.01,7.92,14.93,17.45,20.5,25021,-10.71,64.0,0.764
2020-09-07T12:20:49.000,28.26,8.26,22.59,17.0,20.5,25027,-9.47,63.0,0.763
2020-09-07T12:21:49.000,28.35,8.3,25.09,16.88,20.5,25028,-9.26,63.0,0.763
2020-09-07T12:22:49.000,28.43,8.39,27.71,16.77,20.5,25029,-9.06,63.0,0.763
2020-09-07T12:23:49.000,28.48,8.38,31.25,16.64,20.5,25030,-8.85,63.0,0.763
2020-09-07T12:24:49.000,28.55,8.37,35.22,16.51,20.5,25031,-8.64,63.0,0.763
2020-09-07T12:25:50.000,28.62,8.43,40.35,16.37,20.5,25032,-8.43,63.0,0.763
2020-09-07T12:26:50.000,28.69,8.44,46.31,16.22,20.5,25033,-8.23,62.0,0.763
2020-09-07T12:27:50.000,28.76,8.42,54.3,16.04,20.5,25034,-8.02,62.0,0.763
2020-09-07T12:28:50.000,28.8,8.45,64.57,15.86,20.5,25035,-7.81,62.0,0.763
2020-09-07T12:30:50.000,28.9,8.45,95.8,15.43,20.5,25037,-7.4,62.0,0.763
2020-09-07T12:33:50.000,28.96,8.48,188.72,14.69,20.5,25040,-6.78,61.0,0.763
2020-09-07T12:34:50.000,28.98,8.5,240.4,14.43,20.5,25041,-6.57,61.0,0.763
2020-09-07T12:36:51.000,28.99,8.54,396.85,13.89,20.5,25043,-6.15,61.0,0.763
2020-09-07T12:52:52.000,29.07,8.48,20742.25,9.59,20.5,25059,-2.82,58.0,0.762
2020-09-07T12:59:53.000,29.06,8.53,48628.32,6.61,20.5,25066,-1.35,57.0,0.761
2020-09-07T13:00:53.000,29.0,8.4,0.0,0.0,20.5,25067,-1.14,57.0,0.761
2020-09-07T13:01:54.000,29.02,8.58,0.0,0.0,20.5,25068,-0.92,56.0,0.761
2020-09-07T13:02:53.000,29.01,8.51,0.0,0.0,20.5,25069,-0.72,56.0,0.761
2020-09-07T13:03:54.000,28.99,8.5,0.0,0.0,20.5,25070,-0.51,56.0,0.761
2020-09-07T13:06:55.000,29.0,8.57,0.0,0.0,20.5,25073,0.13,56.0,0.761
2020-09-07T13:07:55.000,29.03,8.55,0.0,0.0,20.5,25074,0.34,55.0,0.761
2020-09-07T13:13:56.000,29.08,8.48,0.0,0.0,20.5,25080,1.6,54.0,0.76
2020-09-07T13:14:57.000,29.09,8.51,0.0,0.0,20.5,25081,1.82,54.0,0.76
2020-09-07T13:15:57.000,29.09,8.53,0.0,0.0,20.5,25082,2.03,54.0,0.76
2020-09-07T13:18:57.000,29.16,8.57,0.0,0.0,20.5,25085,2.66,53.0,0.76
2020-09-07T13:19:57.000,29.15,8.53,0.0,0.0,20.5,25086,2.87,53.0,0.76
2020-09-07T13:20:58.000,29.13,8.54,0.0,0.0,20.5,25087,3.08,53.0,0.76
2020-09-07T13:24:59.000,29.17,8.54,0.0,0.0,20.5,25091,3.93,52.0,0.76
2020-09-07T13:25:59.000,29.16,8.54,0.13,0.09,20.5,25092,4.14,52.0,0.76
2020-09-07T13:26:59.000,29.16,8.55,0.0,0.0,20.5,25093,4.35,52.0,0.76
2020-09-07T13:27:59.000,29.18,8.53,0.0,0.0,20.5,25094,4.56,52.0,0.76
2020-09-07T13:29:00.000,29.08,8.08,0.0,0.0,20.5,25095,4.78,51.0,0.76
2020-09-07T13:30:00.000,29.02,8.13,0.0,0.0,20.5,25096,4.99,51.0,0.76
2020-09-07T13:31:00.000,28.95,8.14,0.0,0.0,20.5,25097,5.2,51.0,0.76
2020-09-07T13:32:00.000,28.95,8.23,0.0,0.0,20.5,25098,5.41,51.0,0.759
2020-09-07T13:33:00.000,28.88,8.07,0.16,0.1,20.5,25099,5.62,51.0,0.759
2020-09-07T13:34:01.000,28.81,8.07,0.0,0.0,20.5,25100,5.83,50.0,0.759
2020-09-07T13:35:01.000,28.75,8.03,0.0,0.0,20.5,25101,6.05,50.0,0.759
2020-09-07T13:36:01.000,28.73,8.26,0.0,0.0,20.5,25102,6.26,50.0,0.759
2020-09-07T14:15:08.000,29.88,9.53,0.0,0.0,20.5,25141,14.52,42.0,0.757
2020-09-07T14:16:09.000,29.94,9.46,0.0,0.0,20.5,25142,14.74,42.0,0.757
2020-09-07T14:17:09.000,29.96,9.45,0.0,0.0,20.5,25143,14.95,42.0,0.757
2020-09-07T14:24:10.000,30.34,9.62,0.0,0.0,20.5,25150,16.43,41.0,0.757
2020-09-07T14:25:10.000,30.34,9.6,0.0,0.0,20.5,25151,16.64,40.0,0.756
2020-09-07T14:26:10.000,30.41,9.84,0.0,0.0,20.5,25152,16.85,40.0,0.756
2020-09-07T14:28:10.000,30.54,9.96,0.0,0.0,20.5,25154,17.27,40.0,0.756
2020-09-07T14:31:10.000,30.74,10.09,0.0,0.0,20.5,25157,17.91,39.0,0.756
2020-09-07T14:34:11.000,30.87,10.13,0.0,0.0,20.5,25160,18.54,38.0,0.756
2020-09-07T14:35:11.000,30.94,10.27,0.0,0.0,20.5,25161,18.75,38.0,0.756
2020-09-07T14:36:11.000,31.01,10.3,0.0,0.0,20.5,25162,18.96,38.0,0.756
2020-09-07T15:11:17.000,32.85,12.95,0.0,0.0,20.5,25197,26.31,31.0,0.754
2020-09-07T15:12:17.000,32.96,12.82,0.0,0.0,20.5,25198,26.52,31.0,0.754
2020-09-07T15:13:18.000,33.05,13.0,0.0,0.0,20.5,25199,26.73,30.0,0.754
2020-09-07T15:20:18.000,33.64,13.67,0.0,0.0,20.5,25206,28.18,29.0,0.753
2020-09-07T15:21:18.000,33.69,13.64,0.0,0.0,20.5,25207,28.39,29.0,0.753
2020-09-07T15:22:19.000,33.75,13.87,0.0,0.0,20.5,25208,28.6,29.0,0.753
2020-09-07T15:26:20.000,34.29,14.58,0.0,0.0,20.5,25212,29.43,28.0,0.753
2020-09-07T15:27:20.000,34.36,14.55,0.0,0.0,20.5,25213,29.64,28.0,0.753
2020-09-07T15:28:20.000,34.41,14.7,0.0,0.0,20.5,25214,29.84,27.0,0.753
2020-09-07T16:00:26.000,38.01,17.83,0.0,0.0,20.5,25246,36.37,21.0,0.751
2020-09-07T16:01:27.000,38.17,18.16,0.0,0.0,20.5,25247,36.57,21.0,0.751
2020-09-07T16:02:27.000,38.3,17.97,0.0,0.0,20.5,25248,36.77,20.0,0.751
2020-09-07T16:04:28.000,38.39,18.24,0.0,0.0,20.5,25250,37.18,20.0,0.751
2020-09-07T16:06:28.000,38.53,18.02,0.0,0.0,20.5,25252,37.58,20.0,0.751
2020-09-07T16:07:28.000,38.57,18.1,0.0,0.0,20.5,25253,37.78,19.0,0.751
2020-09-07T16:08:28.000,38.69,18.5,0.0,0.0,20.5,25254,37.97,19.0,0.751
2020-09-07T16:13:30.000,39.0,18.43,0.0,0.0,20.5,25259,38.97,18.0,0.75
2020-09-07T16:14:30.000,39.37,19.55,0.0,0.0,20.5,25260,39.17,18.0,0.75
2020-09-07T16:15:30.000,40.24,20.96,0.0,0.0,20.5,25261,39.36,18.0,0.75
2020-09-07T16:23:31.000,47.84,21.99,0.0,0.0,20.5,25269,40.93,16.0,0.75
2020-09-07T16:24:31.000,48.24,22.08,0.0,0.0,20.5,25270,41.13,16.0,0.75
2020-09-07T16:25:32.000,48.53,21.67,0.0,0.0,20.5,25271,41.33,16.0,0.75
2020-09-07T16:38:34.000,52.17,22.53,0.0,0.0,20.5,25284,43.83,13.0,0.749
2020-09-07T16:39:34.000,52.18,22.19,0.0,0.0,20.5,25285,44.02,13.0,0.749
2020-09-07T16:40:35.000,52.26,22.27,0.0,0.0,20.5,25286,44.21,13.0,0.749
2020-09-07T16:44:36.000,53.04,22.93,0.0,0.0,20.5,25290,44.96,12.0,0.749
2020-09-07T16:45:36.000,53.05,22.37,0.0,0.0,20.5,25291,45.15,12.0,0.749
2020-09-07T16:47:36.000,53.3,22.74,0.0,0.0,20.5,25293,45.52,11.0,0.748
2020-09-07T16:48:36.000,53.32,22.11,0.0,0.0,20.5,25294,45.71,11.0,0.748
2020-09-07T16:49:36.000,53.32,22.65,0.0,0.0,20.5,25295,45.89,11.0,0.748
2020-09-07T16:50:37.000,53.48,22.38,0.0,0.0,20.5,25296,46.08,11.0,0.748
2020-09-07T16:51:36.000,53.65,23.01,0.0,0.0,20.5,25297,46.26,10.0,0.748
2020-09-07T16:52:37.000,53.87,22.69,0.0,0.0,20.5,25298,46.45,10.0,0.748
2020-09-07T16:54:37.000,54.12,22.6,0.0,0.0,20.5,25300,46.82,10.0,0.748
2020-09-07T16:55:37.000,54.17,22.82,0.0,0.0,20.5,25301,47.0,10.0,0.748
2020-09-07T16:59:37.000,54.7,23.28,0.0,0.0,20.5,25305,47.73,9.0,0.748
2020-09-07T17:01:38.000,55.4,22.76,0.0,0.0,20.5,25307,48.09,8.0,0.748
2020-09-07T17:02:38.000,55.3,23.16,0.0,0.0,20.5,25308,48.27,8.0,0.748
2020-09-07T17:03:38.000,55.76,23.92,0.0,0.0,20.5,25309,48.45,8.0,0.748
2020-09-07T17:54:48.000,58.38,22.61,0.0,0.0,20.5,25360,56.73,-2.0,0.745
2020-09-07T17:55:48.000,58.38,23.5,0.0,0.0,20.5,25361,56.87,-2.0,0.745
2020-09-07T17:56:48.000,58.53,23.88,0.0,0.0,20.5,25362,57.01,-3.0,0.744
2020-09-07T17:58:49.000,58.76,23.71,0.0,0.0,20.5,25364,57.28,-3.0,0.744
2020-09-07T17:59:49.000,59.02,24.16,0.0,0.0,20.5,25365,57.42,-3.0,0.744
2020-09-07T18:00:49.000,59.42,24.45,0.0,0.0,20.5,25366,57.55,-3.0,0.744
2020-09-07T18:03:50.000,59.49,22.86,0.0,0.0,20.5,25369,57.95,-4.0,0.744
2020-09-07T18:04:50.000,59.41,22.98,0.0,0.0,20.5,25370,58.08,-4.0,0.744
2020-09-07T18:05:50.000,59.35,23.04,0.0,0.0,20.5,25371,58.21,-4.0,0.744
2020-09-07T18:16:52.000,60.42,22.96,0.0,0.0,20.5,25382,59.55,-6.0,0.743
2020-09-07T18:17:52.000,60.15,22.26,0.0,0.0,20.5,25383,59.66,-7.0,0.743
2020-09-07T18:18:52.000,59.91,22.82,0.0,0.0,20.5,25384,59.78,-7.0,0.743
2020-09-07T18:19:52.000,59.84,23.32,0.0,0.0,20.5,25385,59.89,-7.0,0.743
2020-09-07T18:20:52.000,59.78,22.84,0.0,0.0,20.5,25386,60.0,-7.0,0.743
2020-09-07T18:29:53.000,60.65,23.36,0.0,0.0,20.5,25395,60.92,-9.0,0.743
2020-09-07T18:30:53.000,60.33,21.81,0.0,0.0,20.5,25396,61.01,-9.0,0.743
2020-09-07T18:31:54.000,59.78,21.84,0.0,0.0,20.5,25397,61.1,-9.0,0.742
2020-09-07T18:49:57.000,60.85,23.57,0.0,0.0,20.5,25415,62.49,-13.0,0.741
2020-09-07T18:50:57.000,60.86,22.23,0.0,0.0,20.5,25416,62.55,-13.0,0.741
2020-09-07T18:51:57.000,60.64,22.13,0.0,0.0,20.5,25417,62.61,-13.0,0.741
2020-09-07T18:53:57.000,60.96,22.98,0.0,0.0,20.5,25419,62.72,-13.0,0.741
2020-09-07T18:54:57.000,61.17,23.16,0.0,0.0,20.5,25420,62.77,-14.0,0.741
2020-09-07T18:55:57.000,61.04,22.42,0.0,0.0,20.5,25421,62.82,-14.0,0.741
2020-09-07T19:05:59.000,61.1,22.73,0.0,0.0,20.5,25431,63.22,-16.0,0.741
2020-09-07T19:07:00.000,61.03,22.37,0.0,0.0,20.5,25432,63.25,-16.0,0.74
2020-09-07T19:08:00.000,60.69,21.48,0.0,0.0,20.5,25433,63.28,-16.0,0.74
2020-09-07T19:10:00.000,59.89,22.35,0.0,0.0,20.5,25435,63.33,-16.0,0.74
2020-09-07T19:11:00.000,60.16,22.86,0.0,0.0,20.5,25436,63.35,-16.0,0.74
2020-09-07T19:12:01.000,60.18,21.72,0.0,0.0,20.5,25437,63.37,-17.0,0.74
2020-09-07T19:36:05.000,59.48,21.91,0.0,0.0,20.5,25461,63.2,-21.0,0.739
2020-09-07T19:37:05.000,59.27,21.5,0.0,0.0,20.5,25462,63.17,-21.0,0.739
2020-09-07T19:38:05.000,59.36,22.64,0.0,0.0,20.5,25463,63.14,-21.0,0.739
2020-09-07T19:41:05.000,59.48,20.72,0.0,0.0,20.5,25466,63.02,-22.0,0.738
2020-09-07T19:42:06.000,59.25,22.06,0.0,0.0,20.5,25467,62.98,-22.0,0.738
2020-09-07T19:43:06.000,59.05,21.16,0.0,0.0,20.5,25468,62.93,-22.0,0.738
2020-09-07T19:44:13.000,58.96,21.44,0.0,0.0,20.5,25469,62.88,-22.0,0.738
2020-09-07T19:46:13.000,58.69,21.79,0.0,0.0,20.5,25471,62.78,-23.0,0.738
2020-09-07T19:50:13.000,59.83,22.52,0.0,0.0,20.5,25475,62.56,-23.0,0.738
2020-09-07T19:52:13.000,59.91,22.45,0.0,0.0,20.5,25477,62.44,-24.0,0.738
2020-09-07T19:55:14.000,59.64,21.5,0.0,0.0,20.5,25480,62.25,-24.0,0.738
2020-09-07T19:56:14.000,59.45,21.57,0.0,0.0,20.5,25481,62.18,-24.0,0.738
2020-09-07T19:57:14.000,59.5,21.59,0.0,0.0,20.5,25482,62.11,-24.0,0.738
2020-09-07T19:59:15.000,58.95,20.89,0.0,0.0,20.5,25484,61.96,-25.0,0.737
2020-09-07T20:00:15.000,58.76,21.22,0.0,0.0,20.5,25485,61.88,-25.0,0.737
2020-09-07T20:01:15.000,58.82,21.98,0.0,0.0,20.5,25486,61.81,-25.0,0.737
2020-09-07T20:02:15.000,59.04,22.23,0.0,0.0,20.5,25487,61.73,-25.0,0.737
2020-09-07T20:03:16.000,59.23,22.19,0.0,0.0,20.5,25488,61.64,-25.0,0.737
2020-09-07T20:04:16.000,59.42,22.77,0.0,0.0,20.5,25489,61.56,-25.0,0.737
2020-09-07T20:06:16.000,59.37,21.44,0.0,0.0,20.5,25491,61.39,-26.0,0.737
2020-09-07T20:07:16.000,59.5,22.3,0.0,0.0,20.5,25492,61.3,-26.0,0.737
2020-09-07T20:08:17.000,59.62,21.69,0.0,0.0,20.5,25493,61.21,-26.0,0.737
2020-09-07T20:34:22.000,59.48,21.44,0.0,0.0,20.5,25519,58.36,-30.0,0.735
2020-09-07T20:35:22.000,59.39,21.32,0.0,0.0,20.5,25520,58.23,-30.0,0.735
2020-09-07T20:36:23.000,59.43,21.48,0.0,0.0,20.5,25521,58.1,-30.0,0.735
2020-09-07T20:47:30.000,58.54,21.06,0.0,0.0,20.5,25532,56.59,-32.0,0.735
2020-09-07T20:48:30.000,58.59,21.63,0.0,0.0,20.5,25533,56.45,-32.0,0.735
2020-09-07T20:52:34.000,58.64,21.0,0.0,0.0,20.5,25537,55.86,-33.0,0.734
2020-09-07T20:53:34.000,58.74,21.99,0.0,0.0,20.5,25538,55.72,-33.0,0.734
2020-09-07T20:54:34.000,58.77,21.65,0.0,0.0,20.5,25539,55.57,-33.0,0.734
2020-09-07T21:03:42.000,57.89,21.46,0.0,0.0,20.5,25548,54.18,-34.0,0.734
