Downloads/jupyter/ECSV/stars19/stars19_2020-04.ecsv
# %ECSV 1.0
# ---
# datatype:
# - {name: time, datatype: string}
# - {name: Enclosure Temperature, unit: deg_C, datatype: float64}
# - {name: Sky Temperature, unit: deg_C, datatype: float64}
# - {name: Frequency, unit: Hz, datatype: float64}
# - {name: MSAS, unit: mag / arcsec2, datatype: float64}
# - {name: ZP, datatype: float64}
# - {name: Sequence Number, datatype: int64}
# - {name: Sun Alt, unit: deg, datatype: float64}
# - {name: Moon Alt, unit: deg, datatype: float64}
# - {name: Moon Illumination, datatype: float64}
# delimiter: ','
# meta: !!omap
# - ida:
#     Data supplier: {affiliation: null, observer: null}
#     Device type: TESS-W
#     Field of view: 17.0
#     Filters per channel: None
#     Instrument ID: stars19
#     License: ODbL 1.0 http://opendatacommons.org/licenses/odbl/summary/
#     Local timezone: America/Phoenix
#     Location name: {country: '- Tucson', place: Tucson, region: United States, sub_region: Arizona, town: Pima County}
#     Measurement direction per channel: {azimuth: 0.0, zenital: 0.0}
#     Moving / Fixed look direction: FIXED
#     Moving / Stationary position: STATIONARY
#     Number of channels: 1
#     Number of fields per line: 8
#     Number of header lines: 35
#     Position: {height: 0.0, latitude: 32.223877, longitude: -110.767532}
#     TESS MAC address: 18:FE:34:CF:EC:06
#     TESS cover offset value: 0.0
#     TESS firmware version: '1.0'
#     TESS zero point: 20.5
#     Time Synchronization: timestamp added by MQTT subscriber
#     URL: http://www.darksky.org/NSBM/sdf1.0.pdf
# - __serialized_columns__:
#     Enclosure Temperature:
#       __class__: astropy.units.quantity.Quantity
#       unit: &id001 !astropy.units.Unit {unit: deg_C}
#       value: !astropy.table.SerializedColumn {name: Enclosure Temperature}
#     Frequency:
#       __class__: astropy.units.quantity.Quantity
#       unit: !astropy.units.Unit {unit: Hz}
#       value: !astropy.table.SerializedColumn {name: Frequency}
#     MSAS:
#       __class__: astropy.units.quantity.Quantity
#       unit: !astropy.units.Unit {unit: mag / arcsec2}
#       value: !astropy.table.SerializedColumn {name: MSAS}
#     Moon Alt:
#       __class__: astropy.units.quantity.Quantity
#       unit: &id002 !astropy.units.Unit {unit: deg}
#       value: !astropy.table.SerializedColumn {name: Moon Alt}
#     Sky Temperature:
#       __class__: astropy.units.quantity.Quantity
#       unit: *id001
#       value: !astropy.table.SerializedColumn {name: Sky Temperature}
#     Sun Alt:
#       __class__: astropy.units.quantity.Quantity
#       unit: *id002
#       value: !astropy.table.SerializedColumn {name: Sun Alt}
#     time:
#       __class__: astropy.time.core.Time
#       format: isot
#       in_subfmt: '*'
#       out_subfmt: '*'
#       precision: 3
#       scale: utc
#       value: !astropy.table.SerializedColumn {name: time}
# schema: astropy-2.0
time,Enclosure Temperature,Sky Temperature,Frequency,MSAS,ZP,Sequence Number,Sun Alt,Moon Alt,Moon Illumination
[from data line 2564]
2020-04-04T02:18:40.000,25.02,-0.19,63.73,15.87,20.5,365054,-7.9,63.0,0.778
2020-04-04T02:19:40.000,25.0,-0.09,56.3,16.0,20.5,365055,-8.11,63.0,0.778
2020-04-04T02:20:41.000,24.98,-0.16,51.2,16.11,20.5,365056,-8.32,63.0,0.778
2020-04-04T02:21:41.000,24.94,-0.28,48.29,16.17,20.5,365057,-8.52,64.0,0.778
2020-04-04T02:22:42.000,24.91,-0.27,47.17,16.2,20.5,365058,-8.73,64.0,0.778
2020-04-04T02:23:42.000,24.84,-0.38,47.34,16.19,20.5,365059,-8.94,64.0,0.779
2020-04-04T02:24:43.000,24.8,-0.35,48.61,16.16,20.5,365060,-9.15,64.0,0.779
2020-04-04T02:25:46.000,24.78,-0.38,51.65,16.1,20.5,365061,-9.36,64.0,0.779
2020-04-04T02:26:46.000,24.73,-0.4,55.15,16.03,20.5,365062,-9.57,65.0,0.779
2020-04-04T02:27:46.000,24.67,-0.41,59.16,15.95,20.5,365063,-9.78,65.0,0.779
2020-04-04T02:28:46.000,24.66,-0.36,63.86,15.87,20.5,365064,-9.98,65.0,0.779
2020-04-04T02:29:47.000,24.63,-0.36,67.61,15.81,20.5,365065,-10.19,65.0,0.779
2020-04-04T02:32:48.000,24.5,-0.61,79.7,15.63,20.5,365068,-10.81,66.0,0.779
2020-04-04T02:33:48.000,24.48,-0.5,84.27,15.57,20.5,365069,-11.01,66.0,0.779
2020-04-04T02:34:48.000,24.48,-0.58,88.64,15.51,20.5,365070,-11.22,66.0,0.779
2020-04-04T02:35:48.000,24.43,-0.67,93.19,15.46,20.5,365071,-11.42,66.0,0.779
2020-04-04T02:36:48.000,24.4,-0.66,97.82,15.4,20.5,365072,-11.63,66.0,0.779
2020-04-04T02:37:49.000,24.36,-0.68,101.91,15.36,20.5,365073,-11.84,67.0,0.779
2020-04-04T02:38:49.000,24.32,-0.71,104.47,15.33,20.5,365074,-12.04,67.0,0.78
2020-04-04T02:42:50.000,24.19,-0.75,111.51,15.26,20.5,365078,-12.86,67.0,0.78
2020-04-04T02:43:50.000,24.18,-0.71,113.35,15.24,20.5,365079,-13.06,68.0,0.78
2020-04-04T02:52:51.000,24.0,-0.78,118.45,15.2,20.5,365088,-14.89,69.0,0.78
2020-04-04T02:55:51.000,23.91,-0.86,121.66,15.17,20.5,365091,-15.5,70.0,0.781
2020-04-04T02:56:52.000,23.88,-0.82,122.7,15.16,20.5,365092,-15.7,70.0,0.781
2020-04-04T02:57:52.000,23.87,-0.7,123.4,15.15,20.5,365093,-15.91,70.0,0.781
2020-04-04T02:58:52.000,23.85,-0.82,124.0,15.15,20.5,365094,-16.11,70.0,0.781
2020-04-04T02:59:53.000,23.81,-0.75,123.15,15.15,20.5,365095,-16.31,70.0,0.781
2020-04-04T03:00:53.000,23.84,-0.69,123.0,15.16,20.5,365096,-16.51,70.0,0.781
2020-04-04T03:01:53.000,23.82,-0.71,122.4,15.16,20.5,365097,-16.71,70.0,0.781
2020-04-04T03:02:53.000,23.79,-0.85,121.19,15.17,20.5,365098,-16.91,71.0,0.781
2020-04-04T03:03:53.000,23.78,-0.75,118.99,15.19,20.5,365099,-17.11,71.0,0.781
2020-04-04T03:04:54.000,23.77,-0.76,116.2,15.22,20.5,365100,-17.32,71.0,0.781
2020-04-04T03:05:54.000,23.75,-0.86,113.8,15.24,20.5,365101,-17.52,71.0,0.781
2020-04-04T03:06:55.000,23.75,-0.76,111.25,15.26,20.5,365102,-17.72,71.0,0.781
2020-04-04T03:07:55.000,23.73,-0.78,108.2,15.29,20.5,365103,-17.92,71.0,0.781
2020-04-04T03:08:56.000,23.73,-0.77,105.6,15.32,20.5,365104,-18.12,72.0,0.782
2020-04-04T03:09:56.000,23.72,-0.78,102.45,15.35,20.5,365105,-18.32,72.0,0.782
2020-04-04T03:10:56.000,23.71,-0.84,100.13,15.38,20.5,365106,-18.52,72.0,0.782
2020-04-04T03:11:56.000,23.68,-0.89,96.99,15.41,20.5,365107,-18.72,72.0,0.782
2020-04-04T03:12:57.000,23.65,-0.94,94.47,15.44,20.5,365108,-18.92,72.0,0.782
2020-04-04T03:14:57.000,23.64,-0.87,89.87,15.5,20.5,365110,-19.32,72.0,0.782
2020-04-04T03:15:57.000,23.62,-0.85,88.41,15.51,20.5,365111,-19.52,73.0,0.782
2020-04-04T03:16:57.000,23.6,-0.94,87.55,15.52,20.5,365112,-19.71,73.0,0.782
2020-04-04T03:18:57.000,23.57,-0.94,84.09,15.57,20.5,365114,-20.11,73.0,0.782
2020-04-04T03:20:58.000,23.57,-0.92,84.0,15.57,20.5,365116,-20.51,73.0,0.782
2020-04-04T03:21:58.000,23.54,-0.97,84.09,15.57,20.5,365117,-20.7,73.0,0.782
2020-04-04T03:22:59.000,23.53,-1.0,84.34,15.56,20.5,365118,-20.9,73.0,0.782
2020-04-04T03:23:59.000,23.5,-1.02,85.03,15.56,20.5,365119,-21.1,73.0,0.783
2020-04-04T03:24:59.000,23.47,-1.1,85.05,15.56,20.5,365120,-21.3,74.0,0.783
2020-04-04T03:26:00.000,23.42,-1.1,85.98,15.54,20.5,365121,-21.49,74.0,0.783
2020-04-04T03:27:00.000,23.41,-1.08,85.93,15.54,20.5,365122,-21.69,74.0,0.783
2020-04-04T03:29:00.000,23.39,-1.14,87.01,15.53,20.5,365124,-22.08,74.0,0.783
2020-04-04T03:33:01.000,23.36,-1.24,91.21,15.48,20.5,365128,-22.86,74.0,0.783
2020-04-04T03:34:01.000,23.31,-1.28,92.4,15.47,20.5,365129,-23.06,75.0,0.783
2020-04-04T03:35:02.000,23.29,-1.26,93.77,15.45,20.5,365130,-23.25,75.0,0.783
2020-04-04T03:36:03.000,23.27,-1.27,95.48,15.43,20.5,365131,-23.45,75.0,0.783
2020-04-04T03:37:03.000,23.23,-1.37,97.38,15.41,20.5,365132,-23.64,75.0,0.783
2020-04-04T03:38:03.000,23.22,-1.3,99.59,15.38,20.5,365133,-23.84,75.0,0.783
2020-04-04T03:39:03.000,23.21,-1.35,101.96,15.36,20.5,365134,-24.03,75.0,0.784
2020-04-04T03:40:03.000,23.2,-1.37,104.85,15.33,20.5,365135,-24.22,75.0,0.784
2020-04-04T03:41:04.000,23.19,-1.32,108.45,15.29,20.5,365136,-24.42,75.0,0.784
2020-04-04T03:42:04.000,23.17,-1.44,112.18,15.26,20.5,365137,-24.61,75.0,0.784
2020-04-04T03:43:04.000,23.14,-1.41,116.29,15.22,20.5,365138,-24.8,75.0,0.784
2020-04-04T03:44:05.000,23.11,-1.41,120.36,15.18,20.5,365139,-24.99,75.0,0.784
2020-04-04T03:45:05.000,23.07,-1.44,125.82,15.13,20.5,365140,-25.18,75.0,0.784
2020-04-04T03:46:05.000,23.04,-1.5,131.06,15.09,20.5,365141,-25.38,75.0,0.784
2020-04-04T03:47:05.000,23.01,-1.52,137.6,15.03,20.5,365142,-25.57,76.0,0.784
2020-04-04T03:50:06.000,22.99,-1.51,160.7,14.87,20.5,365145,-26.14,76.0,0.784
2020-04-04T03:51:06.000,22.96,-1.51,169.55,14.81,20.5,365146,-26.33,76.0,0.784
2020-04-04T03:52:06.000,22.92,-1.51,177.73,14.76,20.5,365147,-26.52,76.0,0.784
2020-04-04T03:53:06.000,22.92,-1.48,185.37,14.71,20.5,365148,-26.71,76.0,0.784
2020-04-04T03:54:06.000,22.89,-1.54,192.27,14.67,20.5,365149,-26.89,76.0,0.785
2020-04-04T03:55:07.000,22.86,-1.58,199.35,14.63,20.5,365150,-27.08,76.0,0.785
2020-04-04T03:56:08.000,22.83,-1.57,206.4,14.59,20.5,365151,-27.28,76.0,0.785
2020-04-04T03:57:09.000,22.82,-1.54,212.02,14.56,20.5,365152,-27.47,76.0,0.785
2020-04-04T03:58:09.000,22.78,-1.56,217.55,14.54,20.5,365153,-27.65,76.0,0.785
2020-04-04T04:00:09.000,22.78,-1.46,227.39,14.49,20.5,365155,-28.03,76.0,0.785
2020-04-04T04:01:10.000,22.77,-1.48,232.47,14.46,20.5,365156,-28.22,76.0,0.785
2020-04-04T04:02:10.000,22.76,-1.49,237.26,14.44,20.5,365157,-28.4,76.0,0.785
2020-04-04T04:03:10.000,22.73,-1.56,240.2,14.43,20.5,365158,-28.59,76.0,0.785
2020-04-04T04:04:10.000,22.73,-1.44,242.13,14.42,20.5,365159,-28.77,76.0,0.785
2020-04-04T04:05:10.000,22.73,-1.54,243.33,14.41,20.5,365160,-28.96,76.0,0.785
2020-04-04T04:06:10.000,22.7,-1.54,244.0,14.41,20.5,365161,-29.14,76.0,0.785
2020-04-04T04:07:10.000,22.68,-1.57,244.76,14.41,20.5,365162,-29.33,76.0,0.785
2020-04-04T04:08:11.000,22.66,-1.59,245.73,14.4,20.5,365163,-29.51,76.0,0.785
2020-04-04T04:09:12.000,22.65,-1.55,246.0,14.4,20.5,365164,-29.7,76.0,0.786
2020-04-04T04:10:12.000,22.64,-1.57,244.72,14.41,20.5,365165,-29.88,76.0,0.786
2020-04-04T04:11:12.000,22.63,-1.57,244.0,14.41,20.5,365166,-30.06,76.0,0.786
2020-04-04T04:12:13.000,22.58,-1.61,243.4,14.41,20.5,365167,-30.25,76.0,0.786
2020-04-04T04:13:13.000,22.53,-1.75,241.44,14.42,20.5,365168,-30.43,76.0,0.786
2020-04-04T04:14:14.000,22.51,-1.7,239.69,14.43,20.5,365169,-30.62,76.0,0.786
2020-04-04T04:15:14.000,22.5,-1.76,238.44,14.44,20.5,365170,-30.8,76.0,0.786
2020-04-04T04:16:14.000,22.48,-1.78,236.9,14.44,20.5,365171,-30.98,76.0,0.786
2020-04-04T04:17:14.000,22.44,-1.89,235.48,14.45,20.5,365172,-31.16,76.0,0.786
2020-04-04T04:18:14.000,22.39,-1.87,233.8,14.46,20.5,365173,-31.34,76.0,0.786
2020-04-04T04:21:15.000,22.37,-1.84,228.16,14.48,20.5,365176,-31.88,75.0,0.786
2020-04-04T04:30:16.000,22.11,-2.45,146.55,14.97,20.5,365185,-33.47,75.0,0.787
2020-04-04T04:31:16.000,22.04,-2.37,129.96,15.1,20.5,365186,-33.65,75.0,0.787
2020-04-04T04:33:17.000,21.97,-2.49,107.91,15.3,20.5,365188,-34.0,75.0,0.787
2020-04-04T04:34:17.000,21.94,-2.45,100.79,15.37,20.5,365189,-34.17,74.0,0.787
2020-04-04T04:35:17.000,21.92,-2.44,94.18,15.45,20.5,365190,-34.35,74.0,0.787
2020-04-04T04:36:17.000,21.87,-2.5,89.23,15.5,20.5,365191,-34.52,74.0,0.787
2020-04-04T04:37:18.000,21.82,-2.57,84.7,15.56,20.5,365192,-34.69,74.0,0.787
2020-04-04T04:38:18.000,21.74,-2.7,80.77,15.61,20.5,365193,-34.86,74.0,0.787
2020-04-04T04:39:18.000,21.64,-2.69,77.26,15.66,20.5,365194,-35.03,74.0,0.787
2020-04-04T04:40:18.000,21.6,-2.61,73.93,15.71,20.5,365195,-35.21,74.0,0.788
2020-04-04T04:41:18.000,21.53,-2.76,70.48,15.76,20.5,365196,-35.38,74.0,0.788
2020-04-04T04:42:19.000,21.46,-2.73,67.32,15.81,20.5,365197,-35.55,74.0,0.788
2020-04-04T04:43:20.000,21.42,-2.78,63.27,15.88,20.5,365198,-35.72,73.0,0.788
2020-04-04T04:44:20.000,21.37,-2.83,59.64,15.94,20.5,365199,-35.89,73.0,0.788
2020-04-04T04:45:20.000,21.32,-2.92,56.3,16.0,20.5,365200,-36.06,73.0,0.788
2020-04-04T04:46:20.000,21.28,-3.02,52.8,16.07,20.5,365201,-36.22,73.0,0.788
2020-04-04T04:47:21.000,21.2,-3.08,49.31,16.15,20.5,365202,-36.39,73.0,0.788
2020-04-04T04:48:21.000,21.17,-3.07,46.73,16.21,20.5,365203,-36.56,73.0,0.788
2020-04-04T04:51:21.000,21.11,-2.99,39.19,16.4,20.5,365206,-37.06,72.0,0.788
2020-04-04T04:54:22.000,20.97,-3.22,30.58,16.67,20.5,365209,-37.55,72.0,0.788
2020-04-04T04:55:29.000,20.94,-3.17,27.91,16.77,20.5,365210,-37.73,72.0,0.789
2020-04-04T04:57:29.000,20.82,-3.22,23.43,16.96,20.5,365212,-38.05,72.0,0.789
2020-04-04T04:58:29.000,20.81,-3.22,22.18,17.02,20.5,365213,-38.22,71.0,0.789
2020-04-04T04:59:30.000,20.76,-3.34,20.87,17.08,20.5,365214,-38.38,71.0,0.789
2020-04-04T05:01:30.000,20.69,-3.42,19.2,17.17,20.5,365216,-38.7,71.0,0.789
2020-04-04T05:05:31.000,20.55,-3.43,18.87,17.19,20.5,365220,-39.33,70.0,0.789
2020-04-04T05:06:32.000,20.53,-3.34,18.91,17.19,20.5,365221,-39.49,70.0,0.789
2020-04-04T05:08:33.000,20.47,-3.5,18.9,17.19,20.5,365223,-39.8,70.0,0.789
2020-04-04T05:09:33.000,20.45,-3.5,19.19,17.17,20.5,365224,-39.95,70.0,0.789
2020-04-04T05:10:33.000,20.41,-3.58,19.71,17.14,20.5,365225,-40.11,70.0,0.79
2020-04-04T05:11:34.000,20.42,-3.41,20.29,17.11,20.5,365226,-40.26,69.0,0.79
2020-04-04T05:12:34.000,20.41,-3.41,20.58,17.1,20.5,365227,-40.42,69.0,0.79
2020-04-04T05:13:34.000,20.4,-3.47,20.41,17.11,20.5,365228,-40.57,69.0,0.79
2020-04-04T05:14:34.000,20.38,-3.5,19.92,17.13,20.5,365229,-40.72,69.0,0.79
2020-04-04T05:15:35.000,20.38,-3.57,19.53,17.15,20.5,365230,-40.87,69.0,0.79
2020-04-04T05:16:35.000,20.34,-3.57,18.82,17.19,20.5,365231,-41.02,69.0,0.79
2020-04-04T05:17:35.000,20.32,-3.52,18.08,17.26,20.5,365232,-41.17,68.0,0.79
2020-04-04T05:18:35.000,20.29,-3.56,17.61,17.27,20.5,365233,-41.32,68.0,0.79
2020-04-04T05:19:35.000,20.25,-3.58,17.26,17.29,20.5,365234,-41.46,68.0,0.79
2020-04-04T05:20:36.000,20.26,-3.43,16.85,17.31,20.5,365235,-41.61,68.0,0.79
2020-04-04T05:21:36.000,20.22,-3.58,16.5,17.34,20.5,365236,-41.76,68.0,0.79
2020-04-04T05:22:36.000,20.2,-3.54,16.22,17.36,20.5,365237,-41.9,68.0,0.79
2020-04-04T05:23:36.000,20.17,-3.65,16.01,17.37,20.5,365238,-42.05,67.0,0.79
2020-04-04T05:24:37.000,20.11,-3.72,15.87,17.38,20.5,365239,-42.19,67.0,0.79
2020-04-04T05:25:37.000,20.11,-3.68,15.77,17.39,20.5,365240,-42.34,67.0,0.791
2020-04-04T05:26:37.000,20.08,-3.72,15.73,17.39,20.5,365241,-42.48,67.0,0.791
2020-04-04T05:27:37.000,20.05,-3.76,15.71,17.39,20.5,365242,-42.62,67.0,0.791
2020-04-04T05:28:37.000,20.04,-3.72,15.69,17.39,20.5,365243,-42.76,67.0,0.791
2020-04-04T05:29:38.000,20.02,-3.75,15.79,17.38,20.5,365244,-42.9,66.0,0.791
2020-04-04T05:30:38.000,20.01,-3.77,15.86,17.38,20.5,365245,-43.04,66.0,0.791
2020-04-04T05:32:38.000,19.94,-3.83,16.09,17.36,20.5,365247,-43.32,66.0,0.791
2020-04-04T05:33:38.000,19.93,-3.83,16.22,17.35,20.5,365248,-43.46,66.0,0.791
2020-04-04T05:37:39.000,19.86,-3.92,17.29,17.29,20.5,365252,-44.0,65.0,0.791
2020-04-04T05:38:40.000,19.83,-4.03,17.59,17.27,20.5,365253,-44.13,65.0,0.791
2020-04-04T05:39:40.000,19.83,-3.93,17.97,17.24,20.5,365254,-44.26,65.0,0.791
2020-04-04T05:40:40.000,19.77,-4.19,18.23,17.23,20.5,365255,-44.39,64.0,0.792
2020-04-04T05:41:40.000,19.76,-3.98,18.51,17.21,20.5,365256,-44.52,64.0,0.792
2020-04-04T05:42:41.000,19.74,-4.14,18.81,17.19,20.5,365257,-44.65,64.0,0.792
2020-04-04T05:43:41.000,19.73,-4.03,18.82,17.19,20.5,365258,-44.78,64.0,0.792
2020-04-04T05:44:41.000,19.71,-4.14,19.16,17.17,20.5,365259,-44.91,64.0,0.792
2020-04-04T05:45:41.000,19.7,-4.16,19.1,17.18,20.5,365260,-45.04,63.0,0.792
2020-04-04T05:46:42.000,19.68,-4.22,19.15,17.17,20.5,365261,-45.16,63.0,0.792
2020-04-04T05:47:42.000,19.67,-4.18,19.36,17.16,20.5,365262,-45.29,63.0,0.792
2020-04-04T05:48:42.000,19.67,-4.22,19.77,17.14,20.5,365263,-45.41,63.0,0.792
2020-04-04T05:49:43.000,19.63,-4.3,19.72,17.14,20.5,365264,-45.54,63.0,0.792
2020-04-04T05:50:43.000,19.58,-4.37,19.79,17.14,20.5,365265,-45.66,63.0,0.792
2020-04-04T05:51:43.000,19.56,-4.31,19.9,17.13,20.5,365266,-45.78,62.0,0.792
2020-04-04T05:52:43.000,19.55,-4.33,20.0,17.13,20.5,365267,-45.9,62.0,0.792
2020-04-04T05:53:44.000,19.51,-4.46,20.35,17.11,20.5,365268,-46.02,62.0,0.792
2020-04-04T05:54:44.000,19.51,-4.42,20.45,17.1,20.5,365269,-46.14,62.0,0.792
2020-04-04T05:56:45.000,19.38,-4.62,20.47,17.1,20.5,365271,-46.37,61.0,0.793
2020-04-04T05:57:45.000,19.44,-4.58,20.46,17.1,20.5,365272,-46.49,61.0,0.793
2020-04-04T05:58:45.000,19.41,-4.66,20.31,17.11,20.5,365273,-46.6,61.0,0.793
2020-04-04T05:59:45.000,19.41,-4.68,19.87,17.13,20.5,365274,-46.72,61.0,0.793
2020-04-04T06:00:45.000,19.41,-4.7,19.56,17.15,20.5,365275,-46.83,61.0,0.793
2020-04-04T06:01:45.000,19.42,-4.75,19.07,17.18,20.5,365276,-46.94,60.0,0.793
2020-04-04T06:02:45.000,19.41,-4.93,18.77,17.2,20.5,365277,-47.05,60.0,0.793
2020-04-04T06:04:46.000,19.39,-5.06,7.36,18.26,20.5,365279,-47.27,60.0,0.793
2020-04-04T06:05:46.000,19.38,-5.1,3.54,19.01,20.5,365280,-47.38,60.0,0.793
2020-04-04T06:06:47.000,19.37,-5.07,3.35,19.07,20.5,365281,-47.48,59.0,0.793
2020-04-04T06:07:47.000,19.36,-5.14,3.34,19.07,20.5,365282,-47.59,59.0,0.793
2020-04-04T06:09:48.000,19.31,-5.32,3.31,19.08,20.5,365284,-47.8,59.0,0.793
2020-04-04T06:10:48.000,19.31,-5.31,3.31,19.08,20.5,365285,-47.9,59.0,0.793
2020-04-04T06:11:49.000,19.3,-5.33,3.3,19.08,20.5,365286,-48.0,58.0,0.794
2020-04-04T06:12:49.000,19.3,-5.39,3.29,19.09,20.5,365287,-48.1,58.0,0.794
2020-04-04T06:13:49.000,19.28,-5.39,3.28,19.09,20.5,365288,-48.2,58.0,0.794
2020-04-04T06:14:49.000,19.25,-5.47,3.26,19.1,20.5,365289,-48.29,58.0,0.794
2020-04-04T06:15:49.000,19.23,-5.58,3.24,19.1,20.5,365290,-48.39,58.0,0.794
2020-04-04T06:16:50.000,19.22,-5.56,3.23,19.11,20.5,365291,-48.49,57.0,0.794
2020-04-04T06:18:50.000,19.16,-5.68,3.2,19.12,20.5,365293,-48.67,57.0,0.794
2020-04-04T06:19:50.000,19.15,-5.67,3.2,19.12,20.5,365294,-48.76,57.0,0.794
2020-04-04T06:20:50.000,19.12,-5.78,3.18,19.12,20.5,365295,-48.85,57.0,0.794
2020-04-04T06:21:51.000,19.1,-5.88,3.16,19.13,20.5,365296,-48.94,56.0,0.794
2020-04-04T06:22:51.000,19.07,-5.95,3.14,19.14,20.5,365297,-49.03,56.0,0.794
2020-04-04T06:23:51.000,19.06,-5.95,3.13,19.14,20.5,365298,-49.12,56.0,0.794
2020-04-04T06:24:52.000,19.04,-6.0,3.12,19.15,20.5,365299,-49.2,56.0,0.794
2020-04-04T06:27:53.000,18.98,-6.02,3.09,19.16,20.5,365302,-49.45,55.0,0.795
2020-04-04T06:30:53.000,18.89,-6.19,3.05,19.17,20.5,365305,-49.69,55.0,0.795
2020-04-04T06:33:08.000,18.84,-6.27,3.04,19.17,20.5,365307,-49.86,54.0,0.795
2020-04-04T06:34:08.000,18.81,-6.42,3.02,19.18,20.5,365308,-49.94,54.0,0.795
2020-04-04T06:35:09.000,18.76,-6.33,3.01,19.18,20.5,365309,-50.01,54.0,0.795
2020-04-04T06:36:09.000,18.72,-6.34,3.0,19.19,20.5,365310,-50.08,54.0,0.795
2020-04-04T06:37:09.000,18.7,-6.47,2.97,19.2,20.5,365311,-50.15,53.0,0.795
2020-04-04T06:38:09.000,18.69,-6.43,2.97,19.2,20.5,365312,-50.22,53.0,0.795
2020-04-04T06:43:10.000,18.53,-6.54,2.94,19.21,20.5,365317,-50.54,52.0,0.796
2020-04-04T06:47:11.000,18.32,-6.77,2.92,19.22,20.5,365321,-50.78,51.0,0.796
2020-04-04T06:48:11.000,18.27,-6.56,2.92,19.22,20.5,365322,-50.83,51.0,0.796
2020-04-04T06:49:12.000,18.24,-6.77,2.92,19.22,20.5,365323,-50.89,51.0,0.796
2020-04-04T06:50:12.000,18.16,-7.0,2.9,19.22,20.5,365324,-50.94,51.0,0.796
