Downloads/jupyter/ECSV/stars19/stars19_2022-05.ecsv
# %ECSV 1.0
# ---
# datatype:
# - {name: time, datatype: string}
# - {name: Enclosure Temperature, unit: deg_C, datatype: float64}
# - {name: Sky Temperature, unit: deg_C, datatype: float64}
# - {name: Frequency, unit: Hz, datatype: float64}
# - {name: MSAS, unit: mag / arcsec2, datatype: float64}
# - {name: ZP, datatype: float64}
# - {name: Sequence Number, datatype: int64}
# - {name: Sun Alt, unit: deg, datatype: float64}
# - {name: Moon Alt, unit: deg, datatype: float64}
# - {name: Moon Illumination, datatype: float64}
# delimiter: ','
# meta: !!omap
# - ida:
#     Data supplier: {affiliation: null, observer: null}
#     Device type: TESS-W
#     Field of view: 17.0
#     Filters per channel: None
#     Instrument ID: stars19
#     License: ODbL 1.0 http://opendatacommons.org/licenses/odbl/summary/
#     Local timezone: America/Phoenix
#     Location name: {country: '- Tucson', place: Tucson, region: United States, sub_region: Arizona, town: Pima County}
#     Measurement direction per channel: {azimuth: 0.0, zenital: 0.0}
#     Moving / Fixed look direction: FIXED
#     Moving / Stationary position: STATIONARY
#     Number of channels: 1
#     Number of fields per line: 8
#     Number of header lines: 35
#     Position: {height: 0.0, latitude: 32.223877, longitude: -110.767532}
#     TESS MAC address: 18:FE:34:CF:EC:06
#     TESS cover offset value: 0.0
#     TESS firmware version: '1.0'
#     TESS zero point: 20.5
#     Time Synchronization: timestamp added by MQTT subscriber
#     URL: http://www.darksky.org/NSBM/sdf1.0.pdf
# - __serialized_columns__:
#     Enclosure Temperature:
#       __class__: astropy.units.quantity.Quantity
#       unit: &id001 !astropy.units.Unit {unit: deg_C}
#       value: !astropy.table.SerializedColumn {name: Enclosure Temperature}
#     Frequency:
#       __class__: astropy.units.quantity.Quantity
#       unit: !astropy.units.Unit {unit: Hz}
#       value: !astropy.table.SerializedColumn {name: Frequency}
#     MSAS:
#       __class__: astropy.units.quantity.Quantity
#       unit: !astropy.units.Unit {unit: mag / arcsec2}
#       value: !astropy.table.SerializedColumn {name: MSAS}
#     Moon Alt:
#       __class__: astropy.units.quantity.Quantity
#       unit: &id002 !astropy.units.Unit {unit: deg}
#       value: !astropy.table.SerializedColumn {name: Moon Alt}
#     Sky Temperature:
#       __class__: astropy.units.quantity.Quantity
#       unit: *id001
#       value: !astropy.table.SerializedColumn {name: Sky Temperature}
#     Sun Alt:
#       __class__: astropy.units.quantity.Quantity
#       unit: *id002
#       value: !astropy.table.SerializedColumn {name: Sun Alt}
#     time:
#       __class__: astropy.time.core.Time
#       format: isot
#       in_subfmt: '*'
#       out_subfmt: '*'
#       precision: 3
#       scale: utc
#       value: !astropy.table.SerializedColumn {name: time}
# schema: astropy-2.0
time,Enclosure Temperature,Sky Temperature,Frequency,MSAS,ZP,Sequence Number,Sun Alt,Moon Alt,Moon Illumination
[from data line 12780]
2022-05-17T05:25:24.000,30.0,1.19,4.67,18.71,20.5,133765,-31.67,19.0,0.984
2022-05-17T05:26:24.000,29.94,1.26,4.7,18.7,20.5,133766,-31.78,19.0,0.984
2022-05-17T05:27:24.000,29.88,1.33,4.73,18.69,20.5,133767,-31.89,20.0,0.984
2022-05-17T05:28:24.000,29.87,1.35,4.76,18.69,20.5,133768,-32.0,20.0,0.984
2022-05-17T05:29:24.000,29.89,1.37,4.79,18.68,20.5,133769,-32.11,20.0,0.984
2022-05-17T05:30:29.000,29.92,1.21,4.81,18.68,20.5,133770,-32.23,20.0,0.984
2022-05-17T05:31:29.000,29.92,1.24,4.84,18.67,20.5,133771,-32.33,20.0,0.984
2022-05-17T05:32:29.000,29.96,1.28,4.86,18.66,20.5,133772,-32.44,20.0,0.984
2022-05-17T05:33:29.000,29.96,1.19,4.92,18.65,20.5,133773,-32.55,20.0,0.984
2022-05-17T05:34:29.000,29.9,1.14,4.96,18.64,20.5,133774,-32.65,20.0,0.983
2022-05-17T05:35:29.000,29.85,1.27,4.98,18.64,20.5,133775,-32.75,21.0,0.983
2022-05-17T05:36:29.000,29.88,1.41,4.98,18.64,20.5,133776,-32.86,21.0,0.983
2022-05-17T05:37:29.000,29.89,1.35,4.98,18.64,20.5,133777,-32.96,21.0,0.983
2022-05-17T05:38:29.000,29.88,1.29,5.01,18.63,20.5,133778,-33.06,21.0,0.983
2022-05-17T05:39:30.000,29.85,1.24,5.04,18.62,20.5,133779,-33.17,21.0,0.983
2022-05-17T05:40:30.000,29.84,1.31,5.09,18.61,20.5,133780,-33.27,21.0,0.983
2022-05-17T05:41:30.000,29.84,1.29,5.1,18.61,20.5,133781,-33.37,21.0,0.983
2022-05-17T05:43:35.000,29.83,1.32,5.1,18.61,20.5,133783,-33.57,22.0,0.983
2022-05-17T05:44:35.000,29.83,1.24,5.11,18.61,20.5,133784,-33.67,22.0,0.983
2022-05-17T05:45:36.000,29.8,1.06,5.14,18.6,20.5,133785,-33.76,22.0,0.983
2022-05-17T05:46:36.000,29.8,1.11,5.16,18.6,20.5,133786,-33.86,22.0,0.983
2022-05-17T05:47:36.000,29.79,1.07,5.17,18.6,20.5,133787,-33.95,22.0,0.983
2022-05-17T05:48:36.000,29.78,1.06,5.19,18.59,20.5,133788,-34.05,22.0,0.983
2022-05-17T05:49:37.000,29.78,1.09,5.21,18.59,20.5,133789,-34.14,22.0,0.983
2022-05-17T05:50:37.000,29.78,1.06,5.23,18.58,20.5,133790,-34.23,23.0,0.983
2022-05-17T05:51:37.000,29.76,1.04,5.29,18.57,20.5,133791,-34.32,23.0,0.983
2022-05-17T05:52:37.000,29.76,1.16,5.32,18.56,20.5,133792,-34.41,23.0,0.983
2022-05-17T05:53:38.000,29.76,1.02,5.33,18.56,20.5,133793,-34.5,23.0,0.983
2022-05-17T05:55:39.000,29.56,0.96,5.32,18.56,20.5,133795,-34.68,23.0,0.983
2022-05-17T05:56:38.000,29.52,0.97,5.34,18.56,20.5,133796,-34.76,23.0,0.983
2022-05-17T05:57:39.000,29.5,0.95,5.39,18.55,20.5,133797,-34.85,23.0,0.983
2022-05-17T05:58:39.000,29.49,0.97,5.42,18.55,20.5,133798,-34.93,24.0,0.983
2022-05-17T05:59:39.000,29.48,0.9,5.41,18.55,20.5,133799,-35.02,24.0,0.983
2022-05-17T06:00:39.000,29.44,0.9,5.41,18.55,20.5,133800,-35.1,24.0,0.983
2022-05-17T06:01:39.000,29.41,0.93,5.42,18.54,20.5,133801,-35.18,24.0,0.983
2022-05-17T06:02:39.000,29.41,0.96,5.44,18.54,20.5,133802,-35.26,24.0,0.983
2022-05-17T06:04:39.000,29.35,0.78,5.48,18.53,20.5,133804,-35.42,24.0,0.983
2022-05-17T06:05:39.000,29.34,0.8,5.5,18.53,20.5,133805,-35.5,24.0,0.983
2022-05-17T06:06:39.000,29.32,0.76,5.52,18.52,20.5,133806,-35.58,24.0,0.983
2022-05-17T06:08:40.000,29.27,0.71,5.57,18.52,20.5,133808,-35.73,25.0,0.983
2022-05-17T06:11:40.000,29.21,0.53,5.61,18.51,20.5,133811,-35.95,25.0,0.983
2022-05-17T06:12:40.000,29.21,0.53,5.68,18.49,20.5,133812,-36.02,25.0,0.983
2022-05-17T06:14:40.000,29.23,0.39,5.7,18.49,20.5,133814,-36.16,25.0,0.983
2022-05-17T06:16:46.000,29.21,0.28,5.72,18.49,20.5,133816,-36.3,26.0,0.983
2022-05-17T06:17:46.000,29.15,0.11,5.73,18.48,20.5,133817,-36.37,26.0,0.983
2022-05-17T06:18:46.000,29.12,0.19,5.77,18.48,20.5,133818,-36.43,26.0,0.983
2022-05-17T06:19:46.000,29.09,0.22,5.78,18.47,20.5,133819,-36.5,26.0,0.983
2022-05-17T06:20:46.000,29.04,0.17,5.8,18.47,20.5,133820,-36.56,26.0,0.982
2022-05-17T06:21:47.000,28.99,0.24,5.78,18.47,20.5,133821,-36.62,26.0,0.982
2022-05-17T06:22:46.000,28.95,0.27,5.79,18.47,20.5,133822,-36.68,26.0,0.982
2022-05-17T06:23:46.000,28.94,0.25,5.81,18.47,20.5,133823,-36.74,26.0,0.982
2022-05-17T06:24:47.000,28.9,0.25,5.81,18.47,20.5,133824,-36.81,26.0,0.982
2022-05-17T06:25:47.000,28.87,0.33,5.81,18.47,20.5,133825,-36.86,26.0,0.982
2022-05-17T06:26:47.000,28.83,0.24,5.83,18.47,20.5,133826,-36.92,27.0,0.982
2022-05-17T06:27:47.000,28.77,0.26,5.84,18.46,20.5,133827,-36.98,27.0,0.982
2022-05-17T06:28:47.000,28.76,0.32,5.85,18.46,20.5,133828,-37.03,27.0,0.982
2022-05-17T06:29:47.000,28.73,0.21,5.87,18.46,20.5,133829,-37.09,27.0,0.982
2022-05-17T06:30:49.000,28.67,0.2,5.88,18.46,20.5,133830,-37.14,27.0,0.982
2022-05-17T06:31:50.000,28.65,0.29,5.89,18.46,20.5,133831,-37.19,27.0,0.982
2022-05-17T06:32:49.000,28.64,0.21,5.89,18.46,20.5,133832,-37.24,27.0,0.982
2022-05-17T06:34:50.000,28.54,-0.04,5.89,18.46,20.5,133834,-37.34,27.0,0.982
2022-05-17T06:35:50.000,28.48,-0.02,5.89,18.45,20.5,133835,-37.39,27.0,0.982
2022-05-17T06:36:50.000,28.44,-0.06,5.89,18.45,20.5,133836,-37.44,28.0,0.982
2022-05-17T06:37:50.000,28.41,-0.05,5.89,18.45,20.5,133837,-37.48,28.0,0.982
2022-05-17T06:38:50.000,28.38,-0.12,5.9,18.45,20.5,133838,-37.53,28.0,0.982
2022-05-17T06:39:50.000,28.31,-0.22,5.9,18.45,20.5,133839,-37.57,28.0,0.982
2022-05-17T06:40:50.000,28.26,-0.24,5.89,18.45,20.5,133840,-37.62,28.0,0.982
2022-05-17T06:43:50.000,28.17,-0.16,5.85,18.46,20.5,133843,-37.74,28.0,0.982
2022-05-17T06:46:51.000,28.17,-0.33,5.81,18.47,20.5,133846,-37.85,28.0,0.982
2022-05-17T06:47:51.000,28.08,-0.52,5.81,18.47,20.5,133847,-37.89,29.0,0.982
2022-05-17T06:48:51.000,27.99,-0.64,5.8,18.47,20.5,133848,-37.92,29.0,0.982
2022-05-17T06:51:51.000,27.57,-0.81,5.84,18.46,20.5,133851,-38.02,29.0,0.982
2022-05-17T06:53:51.000,27.45,-0.64,5.82,18.47,20.5,133853,-38.07,29.0,0.982
2022-05-17T06:54:52.000,27.36,-0.71,5.81,18.47,20.5,133854,-38.1,29.0,0.982
2022-05-17T06:55:52.000,27.27,-0.56,5.81,18.47,20.5,133855,-38.13,29.0,0.982
2022-05-17T06:56:52.000,27.22,-0.61,5.81,18.47,20.5,133856,-38.15,29.0,0.982
2022-05-17T06:57:53.000,27.21,-0.53,5.81,18.47,20.5,133857,-38.18,29.0,0.982
2022-05-17T06:59:53.000,27.19,-0.6,6.22,18.4,20.5,133859,-38.22,29.0,0.982
2022-05-17T07:00:53.000,27.17,-0.63,6.54,18.34,20.5,133860,-38.24,30.0,0.982
2022-05-17T07:01:53.000,27.2,-0.41,6.7,18.31,20.5,133861,-38.26,30.0,0.982
2022-05-17T07:02:53.000,27.22,-0.56,6.71,18.31,20.5,133862,-38.28,30.0,0.982
2022-05-17T07:03:53.000,27.18,-0.5,6.71,18.31,20.5,133863,-38.3,30.0,0.982
2022-05-17T07:04:53.000,27.21,-0.34,6.7,18.31,20.5,133864,-38.32,30.0,0.981
2022-05-17T07:05:53.000,27.23,-0.42,6.71,18.31,20.5,133865,-38.33,30.0,0.981
2022-05-17T07:06:53.000,27.24,-0.43,6.69,18.32,20.5,133866,-38.35,30.0,0.981
2022-05-17T07:07:53.000,27.26,-0.4,6.72,18.31,20.5,133867,-38.36,30.0,0.981
2022-05-17T07:08:53.000,27.26,-0.45,6.75,18.31,20.5,133868,-38.37,30.0,0.981
2022-05-17T07:09:54.000,27.3,-0.41,6.72,18.31,20.5,133869,-38.38,30.0,0.981
2022-05-17T07:10:53.000,27.31,-0.47,6.72,18.31,20.5,133870,-38.39,30.0,0.981
2022-05-17T07:11:53.000,27.25,-0.63,6.67,18.32,20.5,133871,-38.4,30.0,0.981
2022-05-17T07:13:54.000,27.19,-0.7,6.67,18.32,20.5,133873,-38.42,30.0,0.981
2022-05-17T07:17:54.000,27.18,-0.66,6.66,18.32,20.5,133877,-38.43,31.0,0.981
2022-05-17T07:18:55.000,27.16,-0.82,6.66,18.32,20.5,133878,-38.43,31.0,0.981
2022-05-17T07:19:55.000,27.11,-0.73,6.67,18.32,20.5,133879,-38.43,31.0,0.981
2022-05-17T07:21:55.000,27.05,-0.68,6.76,18.3,20.5,133881,-38.43,31.0,0.981
2022-05-17T07:22:55.000,27.1,-0.65,6.76,18.3,20.5,133882,-38.43,31.0,0.981
2022-05-17T07:23:55.000,27.1,-0.71,6.77,18.3,20.5,133883,-38.42,31.0,0.981
2022-05-17T07:25:55.000,27.12,-0.88,6.73,18.31,20.5,133885,-38.41,31.0,0.981
2022-05-17T07:27:55.000,27.07,-0.87,6.73,18.31,20.5,133887,-38.39,31.0,0.981
2022-05-17T07:28:55.000,27.05,-0.89,6.73,18.31,20.5,133888,-38.38,31.0,0.981
2022-05-17T07:29:55.000,26.96,-1.09,6.72,18.31,20.5,133889,-38.37,31.0,0.981
2022-05-17T07:33:02.000,26.87,-1.03,6.71,18.31,20.5,133892,-38.33,32.0,0.981
2022-05-17T07:35:03.000,26.84,-0.94,6.72,18.31,20.5,133894,-38.3,32.0,0.981
2022-05-17T07:36:03.000,26.85,-0.99,6.71,18.31,20.5,133895,-38.28,32.0,0.981
2022-05-17T07:37:03.000,26.81,-1.1,6.72,18.31,20.5,133896,-38.26,32.0,0.981
2022-05-17T07:38:03.000,26.79,-1.06,6.71,18.31,20.5,133897,-38.24,32.0,0.981
2022-05-17T07:39:03.000,26.81,-1.1,6.78,18.3,20.5,133898,-38.22,32.0,0.981
2022-05-17T07:40:03.000,26.84,-1.22,6.8,18.3,20.5,133899,-38.2,32.0,0.981
2022-05-17T07:42:03.000,26.87,-1.25,6.72,18.31,20.5,133901,-38.15,32.0,0.981
2022-05-17T07:43:04.000,26.89,-1.23,6.7,18.31,20.5,133902,-38.12,32.0,0.981
2022-05-17T07:45:04.000,26.85,-1.22,6.71,18.31,20.5,133904,-38.07,32.0,0.981
2022-05-17T07:46:04.000,26.82,-1.29,6.72,18.31,20.5,133905,-38.04,32.0,0.981
2022-05-17T07:47:04.000,26.82,-1.19,6.71,18.31,20.5,133906,-38.01,32.0,0.981
2022-05-17T07:48:04.000,26.78,-1.25,6.73,18.31,20.5,133907,-37.98,32.0,0.98
2022-05-17T07:49:09.000,26.77,-1.21,6.72,18.31,20.5,133908,-37.94,32.0,0.98
2022-05-17T07:50:09.000,26.75,-1.3,6.71,18.31,20.5,133909,-37.91,32.0,0.98
2022-05-17T07:51:09.000,26.72,-1.29,6.72,18.31,20.5,133910,-37.87,32.0,0.98
2022-05-17T07:52:09.000,26.72,-1.26,6.72,18.31,20.5,133911,-37.84,32.0,0.98
2022-05-17T07:53:10.000,26.71,-1.35,6.72,18.31,20.5,133912,-37.8,32.0,0.98
2022-05-17T07:54:09.000,26.71,-1.35,6.72,18.31,20.5,133913,-37.76,32.0,0.98
2022-05-17T07:55:11.000,26.71,-1.35,6.73,18.31,20.5,133914,-37.72,32.0,0.98
2022-05-17T07:56:11.000,26.74,-1.33,6.78,18.3,20.5,133915,-37.68,32.0,0.98
2022-05-17T07:57:11.000,26.74,-1.38,6.77,18.3,20.5,133916,-37.64,32.0,0.98
2022-05-17T07:58:11.000,26.75,-1.32,6.76,18.3,20.5,133917,-37.6,32.0,0.98
2022-05-17T07:59:11.000,26.79,-1.36,6.77,18.3,20.5,133918,-37.56,32.0,0.98
2022-05-17T08:00:11.000,26.81,-1.4,6.76,18.3,20.5,133919,-37.51,32.0,0.98
2022-05-17T08:01:11.000,26.81,-1.42,6.75,18.31,20.5,133920,-37.47,33.0,0.98
2022-05-17T08:02:11.000,26.8,-1.64,6.76,18.31,20.5,133921,-37.42,33.0,0.98
2022-05-17T08:03:12.000,26.78,-1.5,6.76,18.31,20.5,133922,-37.38,33.0,0.98
2022-05-17T08:04:11.000,26.84,-1.55,6.75,18.31,20.5,133923,-37.33,33.0,0.98
2022-05-17T08:05:12.000,26.84,-1.61,6.77,18.3,20.5,133924,-37.28,33.0,0.98
2022-05-17T08:06:12.000,26.82,-1.79,6.73,18.31,20.5,133925,-37.23,33.0,0.98
2022-05-17T08:07:12.000,26.84,-1.69,6.73,18.31,20.5,133926,-37.18,33.0,0.98
2022-05-17T08:08:12.000,26.79,-1.88,6.7,18.31,20.5,133927,-37.12,33.0,0.98
2022-05-17T08:09:12.000,26.76,-1.83,6.69,18.32,20.5,133928,-37.07,33.0,0.98
2022-05-17T08:10:12.000,26.82,-1.69,6.71,18.31,20.5,133929,-37.02,33.0,0.98
2022-05-17T08:11:12.000,26.78,-1.92,6.62,18.33,20.5,133930,-36.96,33.0,0.98
2022-05-17T08:12:12.000,26.74,-1.89,6.62,18.33,20.5,133931,-36.9,33.0,0.98
2022-05-17T08:13:13.000,26.76,-1.75,6.67,18.32,20.5,133932,-36.84,33.0,0.98
2022-05-17T08:14:12.000,26.78,-1.84,6.63,18.33,20.5,133933,-36.79,33.0,0.98
2022-05-17T08:15:13.000,26.78,-1.86,6.59,18.33,20.5,133934,-36.73,33.0,0.98
2022-05-17T08:16:13.000,26.79,-1.95,6.6,18.33,20.5,133935,-36.67,33.0,0.98
2022-05-17T08:17:13.000,26.81,-1.97,6.66,18.32,20.5,133936,-36.6,33.0,0.98
2022-05-17T08:18:13.000,26.81,-1.99,6.65,18.32,20.5,133937,-36.54,33.0,0.98
2022-05-17T08:19:13.000,26.85,-2.02,6.61,18.33,20.5,133938,-36.48,33.0,0.98
2022-05-17T08:20:13.000,26.86,-2.16,6.56,18.34,20.5,133939,-36.41,33.0,0.98
2022-05-17T08:21:13.000,26.85,-2.25,6.57,18.34,20.5,133940,-36.35,33.0,0.98
2022-05-17T08:23:13.000,26.84,-2.36,6.55,18.34,20.5,133942,-36.21,33.0,0.98
2022-05-17T08:25:13.000,26.76,-2.5,6.52,18.34,20.5,133944,-36.08,33.0,0.98
2022-05-17T08:26:14.000,26.68,-2.59,6.53,18.34,20.5,133945,-36.0,33.0,0.98
2022-05-17T08:28:14.000,26.51,-2.67,6.55,18.34,20.5,133947,-35.86,33.0,0.98
2022-05-17T08:29:14.000,26.44,-2.67,6.5,18.35,20.5,133948,-35.79,33.0,0.98
2022-05-17T08:30:15.000,26.36,-2.81,6.55,18.34,20.5,133949,-35.71,33.0,0.979
2022-05-17T08:31:15.000,26.25,-2.81,6.58,18.33,20.5,133950,-35.64,33.0,0.979
2022-05-17T08:32:16.000,26.19,-2.87,6.52,18.34,20.5,133951,-35.56,33.0,0.979
2022-05-17T08:33:16.000,26.18,-2.64,6.49,18.35,20.5,133952,-35.48,33.0,0.979
2022-05-17T08:34:16.000,26.18,-2.77,6.47,18.35,20.5,133953,-35.4,33.0,0.979
2022-05-17T08:35:16.000,26.05,-3.03,6.42,18.36,20.5,133954,-35.32,33.0,0.979
2022-05-17T08:36:16.000,25.98,-2.95,6.45,18.36,20.5,133955,-35.24,33.0,0.979
2022-05-17T08:37:16.000,25.88,-3.05,6.38,18.37,20.5,133956,-35.16,33.0,0.979
2022-05-17T08:38:16.000,25.76,-3.13,6.36,18.37,20.5,133957,-35.08,33.0,0.979
2022-05-17T08:39:16.000,25.72,-2.78,6.36,18.37,20.5,133958,-35.0,33.0,0.979
2022-05-17T08:40:16.000,25.76,-2.77,6.33,18.38,20.5,133959,-34.91,33.0,0.979
2022-05-17T08:41:17.000,25.74,-2.97,6.32,18.38,20.5,133960,-34.83,33.0,0.979
2022-05-17T08:42:16.000,25.62,-3.33,6.34,18.38,20.5,133961,-34.74,33.0,0.979
2022-05-17T08:43:18.000,25.45,-2.98,6.37,18.37,20.5,133962,-34.66,33.0,0.979
2022-05-17T08:44:18.000,25.46,-2.57,6.3,18.38,20.5,133963,-34.57,33.0,0.979
2022-05-17T08:45:18.000,25.51,-2.57,6.25,18.39,20.5,133964,-34.48,33.0,0.979
2022-05-17T08:46:18.000,25.43,-3.34,6.25,18.39,20.5,133965,-34.39,33.0,0.979
2022-05-17T08:47:18.000,25.35,-2.84,6.29,18.38,20.5,133966,-34.3,33.0,0.979
2022-05-17T08:48:18.000,25.42,-2.71,6.27,18.39,20.5,133967,-34.21,33.0,0.979
2022-05-17T08:49:18.000,25.44,-2.89,6.26,18.39,20.5,133968,-34.12,32.0,0.979
2022-05-17T08:50:18.000,25.46,-2.78,6.24,18.39,20.5,133969,-34.03,32.0,0.979
2022-05-17T08:51:18.000,25.47,-2.85,6.22,18.39,20.5,133970,-33.93,32.0,0.979
2022-05-17T08:52:18.000,25.47,-2.92,6.21,18.4,20.5,133971,-33.84,32.0,0.979
2022-05-17T08:53:18.000,25.4,-3.16,6.2,18.4,20.5,133972,-33.74,32.0,0.979
2022-05-17T08:56:25.000,25.17,-3.31,6.14,18.41,20.5,133975,-33.44,32.0,0.979
2022-05-17T08:57:25.000,25.16,-3.21,6.13,18.41,20.5,133976,-33.34,32.0,0.979
2022-05-17T08:58:25.000,25.19,-3.36,6.1,18.42,20.5,133977,-33.24,32.0,0.979
2022-05-17T08:59:25.000,25.18,-3.37,6.01,18.43,20.5,133978,-33.14,32.0,0.979
2022-05-17T09:01:25.000,25.23,-3.15,5.96,18.44,20.5,133980,-32.94,32.0,0.979
2022-05-17T09:02:25.000,25.27,-3.14,5.95,18.44,20.5,133981,-32.84,32.0,0.979
2022-05-17T09:04:25.000,25.18,-3.55,5.92,18.45,20.5,133983,-32.63,32.0,0.979
2022-05-17T09:07:25.000,24.99,-3.35,5.88,18.46,20.5,133986,-32.31,32.0,0.979
2022-05-17T09:08:25.000,24.96,-3.25,5.87,18.46,20.5,133987,-32.2,32.0,0.979
2022-05-17T09:09:25.000,24.9,-3.75,5.93,18.45,20.5,133988,-32.09,32.0,0.979
2022-05-17T09:10:25.000,24.69,-4.11,5.96,18.44,20.5,133989,-31.98,32.0,0.979
2022-05-17T09:11:25.000,24.53,-4.02,5.96,18.44,20.5,133990,-31.87,32.0,0.978
2022-05-17T09:12:25.000,24.44,-3.71,5.95,18.44,20.5,133991,-31.76,32.0,0.978
2022-05-17T09:14:26.000,24.37,-3.5,5.93,18.45,20.5,133993,-31.54,32.0,0.978
2022-05-17T09:15:26.000,24.32,-3.56,5.92,18.45,20.5,133994,-31.42,32.0,0.978
2022-05-17T09:17:26.000,24.21,-3.69,5.9,18.45,20.5,133996,-31.2,32.0,0.978
2022-05-17T09:18:26.000,24.22,-3.57,5.88,18.46,20.5,133997,-31.08,31.0,0.978
2022-05-17T09:19:26.000,24.24,-3.49,5.85,18.46,20.5,133998,-30.96,31.0,0.978
2022-05-17T09:20:26.000,24.26,-3.5,5.81,18.47,20.5,133999,-30.85,31.0,0.978
2022-05-17T09:21:26.000,24.26,-3.54,5.79,18.47,20.5,134000,-30.73,31.0,0.978
2022-05-17T09:22:26.000,24.26,-3.59,5.76,18.48,20.5,134001,-30.61,31.0,0.978
2022-05-17T09:23:26.000,24.24,-3.82,5.72,18.49,20.5,134002,-30.49,31.0,0.978
2022-05-17T09:26:26.000,24.11,-3.6,5.55,18.52,20.5,134005,-30.13,31.0,0.978
2022-05-17T09:27:27.000,24.12,-3.6,5.51,18.53,20.5,134006,-30.01,31.0,0.978
2022-05-17T09:28:27.000,24.12,-3.67,5.47,18.54,20.5,134007,-29.89,31.0,0.978
2022-05-17T09:30:31.000,24.01,-3.84,5.4,18.55,20.5,134009,-29.63,31.0,0.978
2022-05-17T09:31:32.000,24.0,-3.73,5.37,18.55,20.5,134010,-29.5,31.0,0.978
2022-05-17T09:32:33.000,24.01,-3.73,5.35,18.56,20.5,134011,-29.38,31.0,0.978
2022-05-17T09:33:33.000,23.99,-3.71,5.32,18.56,20.5,134012,-29.25,31.0,0.978
2022-05-17T09:34:33.000,23.94,-4.02,5.31,18.57,20.5,134013,-29.12,31.0,0.978
2022-05-17T09:35:33.000,23.84,-4.11,5.29,18.57,20.5,134014,-29.0,30.0,0.978
2022-05-17T09:36:33.000,23.81,-3.88,5.26,18.58,20.5,134015,-28.87,30.0,0.978
2022-05-17T09:37:33.000,23.83,-3.95,5.23,18.58,20.5,134016,-28.74,30.0,0.978
