Downloads/jupyter/ECSV/stars19/stars19_2020-12.ecsv
# %ECSV 1.0
# ---
# datatype:
# - {name: time, datatype: string}
# - {name: Enclosure Temperature, unit: deg_C, datatype: float64}
# - {name: Sky Temperature, unit: deg_C, datatype: float64}
# - {name: Frequency, unit: Hz, datatype: float64}
# - {name: MSAS, unit: mag / arcsec2, datatype: float64}
# - {name: ZP, datatype: float64}
# - {name: Sequence Number, datatype: int64}
# - {name: Sun Alt, unit: deg, datatype: float64}
# - {name: Moon Alt, unit: deg, datatype: float64}
# - {name: Moon Illumination, datatype: float64}
# delimiter: ','
# meta: !!omap
# - ida:
#     Data supplier: {affiliation: null, observer: null}
#     Device type: TESS-W
#     Field of view: 17.0
#     Filters per channel: None
#     Instrument ID: stars19
#     License: ODbL 1.0 http://opendatacommons.org/licenses/odbl/summary/
#     Local timezone: America/Phoenix
#     Location name: {country: '- Tucson', place: Tucson, region: United States, sub_region: Arizona, town: Pima County}
#     Measurement direction per channel: {azimuth: 0.0, zenital: 0.0}
#     Moving / Fixed look direction: FIXED
#     Moving / Stationary position: STATIONARY
#     Number of channels: 1
#     Number of fields per line: 8
#     Number of header lines: 35
#     Position: {height: 0.0, latitude: 32.223877, longitude: -110.767532}
#     TESS MAC address: 18:FE:34:CF:EC:06
#     TESS cover offset value: 0.0
#     TESS firmware version: '1.0'
#     TESS zero point: 20.5
#     Time Synchronization: timestamp added by MQTT subscriber
#     URL: http://www.darksky.org/NSBM/sdf1.0.pdf
# - __serialized_columns__:
#     Enclosure Temperature:
#       __class__: astropy.units.quantity.Quantity
#       unit: &id001 !astropy.units.Unit {unit: deg_C}
#       value: !astropy.table.SerializedColumn {name: Enclosure Temperature}
#     Frequency:
#       __class__: astropy.units.quantity.Quantity
#       unit: !astropy.units.Unit {unit: Hz}
#       value: !astropy.table.SerializedColumn {name: Frequency}
#     MSAS:
#       __class__: astropy.units.quantity.Quantity
#       unit: !astropy.units.Unit {unit: mag / arcsec2}
#       value: !astropy.table.SerializedColumn {name: MSAS}
#     Moon Alt:
#       __class__: astropy.units.quantity.Quantity
#       unit: &id002 !astropy.units.Unit {unit: deg}
#       value: !astropy.table.SerializedColumn {name: Moon Alt}
#     Sky Temperature:
#       __class__: astropy.units.quantity.Quantity
#       unit: *id001
#       value: !astropy.table.SerializedColumn {name: Sky Temperature}
#     Sun Alt:
#       __class__: astropy.units.quantity.Quantity
#       unit: *id002
#       value: !astropy.table.SerializedColumn {name: Sun Alt}
#     time:
#       __class__: astropy.time.core.Time
#       format: isot
#       in_subfmt: '*'
#       out_subfmt: '*'
#       precision: 3
#       scale: utc
#       value: !astropy.table.SerializedColumn {name: time}
# schema: astropy-2.0
time,Enclosure Temperature,Sky Temperature,Frequency,MSAS,ZP,Sequence Number,Sun Alt,Moon Alt,Moon Illumination
[from data line 25256]
2020-12-27T13:31:26.000,10.26,-11.85,4.46,18.76,20.5,183197,-10.77,-15.0,0.937
2020-12-27T13:32:26.000,10.14,-11.93,5.14,18.6,20.5,183198,-10.58,-15.0,0.937
2020-12-27T13:33:27.000,10.04,-11.89,5.98,18.44,20.5,183199,-10.38,-16.0,0.937
2020-12-27T13:34:26.000,10.0,-11.99,6.96,18.27,20.5,183200,-10.18,-16.0,0.937
2020-12-27T13:35:27.000,10.29,-12.12,8.17,18.1,20.5,183201,-9.98,-16.0,0.937
2020-12-27T13:36:27.000,10.58,-12.13,9.65,17.92,20.5,183202,-9.78,-16.0,0.937
2020-12-27T13:37:27.000,10.73,-12.13,11.36,17.74,20.5,183203,-9.59,-16.0,0.937
2020-12-27T13:38:27.000,10.74,-12.12,13.58,17.55,20.5,183204,-9.39,-16.0,0.937
2020-12-27T13:39:27.000,10.7,-12.01,16.06,17.37,20.5,183205,-9.2,-17.0,0.937
2020-12-27T13:40:27.000,10.62,-11.86,19.19,17.17,20.5,183206,-9.0,-17.0,0.937
2020-12-27T13:41:27.000,10.56,-11.81,22.95,16.98,20.5,183207,-8.8,-17.0,0.937
2020-12-27T13:42:27.000,10.47,-11.83,27.61,16.78,20.5,183208,-8.61,-17.0,0.937
2020-12-27T13:43:27.000,10.38,-11.8,33.31,16.58,20.5,183209,-8.41,-17.0,0.937
2020-12-27T13:44:27.000,10.28,-11.8,40.23,16.37,20.5,183210,-8.22,-17.0,0.937
2020-12-27T13:45:27.000,10.21,-11.82,47.67,16.19,20.5,183211,-8.02,-18.0,0.937
2020-12-27T13:46:27.000,10.09,-11.94,59.64,15.94,20.5,183212,-7.83,-18.0,0.937
2020-12-27T13:47:27.000,9.99,-11.97,73.8,15.71,20.5,183213,-7.63,-18.0,0.937
2020-12-27T13:48:27.000,10.18,-11.99,91.64,15.48,20.5,183214,-7.44,-18.0,0.937
2020-12-27T13:49:27.000,10.49,-11.94,114.5,15.24,20.5,183215,-7.24,-18.0,0.937
2020-12-27T13:50:28.000,10.64,-11.84,143.78,14.99,20.5,183216,-7.04,-18.0,0.937
2020-12-27T13:51:28.000,10.68,-11.79,184.18,14.72,20.5,183217,-6.85,-19.0,0.937
2020-12-27T13:52:28.000,10.59,-11.68,248.13,14.4,20.5,183218,-6.65,-19.0,0.937
2020-12-27T13:53:28.000,10.49,-11.36,325.17,14.1,20.5,183219,-6.46,-19.0,0.937
2020-12-27T13:54:28.000,10.39,-11.06,429.17,13.8,20.5,183220,-6.27,-19.0,0.937
2020-12-27T13:55:28.000,10.3,-10.71,562.73,13.51,20.5,183221,-6.07,-19.0,0.937
2020-12-27T13:56:28.000,10.24,-10.44,728.97,13.23,20.5,183222,-5.88,-19.0,0.937
2020-12-27T13:57:28.000,10.17,-10.27,922.92,12.97,20.5,183223,-5.69,-19.0,0.937
2020-12-27T13:58:28.000,10.08,-10.11,1204.6,12.68,20.5,183224,-5.49,-20.0,0.937
2020-12-27T13:59:28.000,10.04,-9.91,1568.83,12.4,20.5,183225,-5.3,-20.0,0.937
2020-12-27T14:00:28.000,9.94,-9.97,2014.47,12.12,20.5,183226,-5.11,-20.0,0.937
2020-12-27T14:01:28.000,9.88,-9.83,2571.69,11.86,20.5,183227,-4.92,-20.0,0.937
2020-12-27T14:02:28.000,9.83,-9.72,3350.65,11.57,20.5,183228,-4.72,-20.0,0.938
2020-12-27T14:03:28.000,9.78,-9.65,4243.38,11.31,20.5,183229,-4.53,-20.0,0.938
2020-12-27T14:04:28.000,9.75,-9.67,5407.96,11.05,20.5,183230,-4.34,-21.0,0.938
2020-12-27T14:05:28.000,9.69,-9.76,6633.33,10.83,20.5,183231,-4.15,-21.0,0.938
2020-12-27T14:06:29.000,9.65,-9.71,8468.64,10.56,20.5,183232,-3.95,-21.0,0.938
2020-12-27T14:07:29.000,9.6,-9.71,10530.65,10.33,20.5,183233,-3.76,-21.0,0.938
2020-12-27T14:08:29.000,9.56,-9.66,12889.47,10.11,20.5,183234,-3.57,-21.0,0.938
2020-12-27T14:09:29.000,9.51,-9.57,15933.15,9.88,20.5,183235,-3.38,-21.0,0.938
2020-12-27T14:10:29.000,9.47,-9.51,19746.99,9.64,20.5,183236,-3.19,-21.0,0.938
2020-12-27T14:11:29.000,9.42,-9.42,23432.69,9.46,20.5,183237,-3.0,-22.0,0.938
2020-12-27T14:12:29.000,9.41,-9.25,27991.55,9.34,20.5,183238,-2.81,-22.0,0.938
2020-12-27T14:13:29.000,9.4,-9.3,32602.12,9.17,20.5,183239,-2.62,-22.0,0.938
2020-12-27T14:14:29.000,9.38,-9.22,38681.41,8.91,20.5,183240,-2.43,-22.0,0.938
2020-12-27T14:15:29.000,9.35,-9.3,44623.33,8.76,20.5,183241,-2.24,-22.0,0.938
2020-12-27T14:16:29.000,9.34,-9.16,52435.53,8.58,20.5,183242,-2.05,-22.0,0.938
2020-12-27T14:17:29.000,9.33,-9.06,56739.31,8.57,20.5,183243,-1.86,-22.0,0.938
2020-12-27T14:18:29.000,9.34,-8.99,16396.27,2.16,20.5,183244,-1.67,-23.0,0.938
2020-12-27T14:19:29.000,9.33,-8.99,0.0,0.0,20.5,183245,-1.48,-23.0,0.938
2020-12-27T14:20:29.000,9.33,-8.92,0.0,0.0,20.5,183246,-1.29,-23.0,0.938
2020-12-27T14:21:29.000,9.3,-8.85,0.0,0.0,20.5,183247,-1.1,-23.0,0.938
2020-12-27T14:22:29.000,9.31,-8.67,0.0,0.0,20.5,183248,-0.92,-23.0,0.938
2020-12-27T14:23:30.000,9.32,-8.65,0.0,0.0,20.5,183249,-0.73,-23.0,0.938
2020-12-27T14:24:30.000,9.3,-8.72,0.0,0.0,20.5,183250,-0.54,-23.0,0.938
2020-12-27T14:25:30.000,9.25,-8.55,0.0,0.0,20.5,183251,-0.35,-24.0,0.938
2020-12-27T14:26:30.000,9.26,-8.44,0.0,0.0,20.5,183252,-0.16,-24.0,0.938
2020-12-27T14:27:30.000,9.29,-8.31,0.0,0.0,20.5,183253,0.02,-24.0,0.938
2020-12-27T14:28:30.000,9.33,-8.21,0.0,0.0,20.5,183254,0.21,-24.0,0.938
2020-12-27T14:29:30.000,9.36,-8.12,0.0,0.0,20.5,183255,0.4,-24.0,0.938
2020-12-27T14:30:30.000,9.39,-8.05,0.0,0.0,20.5,183256,0.58,-24.0,0.938
2020-12-27T14:31:30.000,9.45,-7.99,0.0,0.0,20.5,183257,0.77,-24.0,0.938
2020-12-27T14:32:30.000,9.5,-7.93,0.0,0.0,20.5,183258,0.96,-25.0,0.938
2020-12-27T14:33:30.000,9.54,-7.95,0.0,0.0,20.5,183259,1.14,-25.0,0.939
2020-12-27T14:34:30.000,9.62,-7.92,0.0,0.0,20.5,183260,1.33,-25.0,0.939
2020-12-27T14:35:30.000,9.69,-7.87,0.0,0.0,20.5,183261,1.51,-25.0,0.939
2020-12-27T14:36:30.000,9.76,-7.89,0.0,0.0,20.5,183262,1.7,-25.0,0.939
2020-12-27T14:37:30.000,9.83,-7.88,0.0,0.0,20.5,183263,1.88,-25.0,0.939
2020-12-27T14:38:30.000,9.88,-7.94,0.0,0.0,20.5,183264,2.07,-25.0,0.939
2020-12-27T14:39:31.000,9.94,-7.88,0.0,0.0,20.5,183265,2.25,-26.0,0.939
2020-12-27T14:40:31.000,9.99,-7.96,0.0,0.0,20.5,183266,2.44,-26.0,0.939
2020-12-27T14:41:31.000,10.02,-7.98,0.0,0.0,20.5,183267,2.62,-26.0,0.939
2020-12-27T14:42:31.000,10.06,-8.1,0.0,0.0,20.5,183268,2.8,-26.0,0.939
2020-12-27T14:43:31.000,10.1,-8.27,0.0,0.0,20.5,183269,2.99,-26.0,0.939
2020-12-27T14:44:31.000,10.14,-8.47,0.0,0.0,20.5,183270,3.17,-26.0,0.939
2020-12-27T14:45:31.000,10.14,-8.66,0.0,0.0,20.5,183271,3.35,-26.0,0.939
2020-12-27T14:46:31.000,10.13,-8.72,0.0,0.0,20.5,183272,3.53,-26.0,0.939
2020-12-27T14:47:31.000,10.15,-8.9,0.2,0.09,20.5,183273,3.72,-27.0,0.939
2020-12-27T14:48:31.000,10.15,-9.11,0.0,0.0,20.5,183274,3.9,-27.0,0.939
2020-12-27T14:49:31.000,10.16,-9.25,0.0,0.0,20.5,183275,4.08,-27.0,0.939
2020-12-27T14:50:31.000,10.15,-9.59,0.0,0.0,20.5,183276,4.26,-27.0,0.939
2020-12-27T14:51:31.000,10.11,-9.85,0.0,0.0,20.5,183277,4.44,-27.0,0.939
2020-12-27T14:52:31.000,10.1,-10.01,0.0,0.0,20.5,183278,4.62,-27.0,0.939
2020-12-27T14:53:31.000,10.09,-10.19,0.0,0.0,20.5,183279,4.8,-27.0,0.939
2020-12-27T14:54:31.000,10.06,-10.49,0.0,0.0,20.5,183280,4.98,-27.0,0.939
2020-12-27T14:55:31.000,10.04,-10.58,0.0,0.0,20.5,183281,5.16,-28.0,0.939
2020-12-27T14:56:32.000,10.04,-10.68,0.0,0.0,20.5,183282,5.35,-28.0,0.939
2020-12-27T14:57:32.000,10.03,-10.82,0.11,0.09,20.5,183283,5.53,-28.0,0.939
2020-12-27T14:58:32.000,10.02,-10.93,0.0,0.0,20.5,183284,5.71,-28.0,0.939
2020-12-27T14:59:32.000,9.99,-11.04,0.0,0.0,20.5,183285,5.88,-28.0,0.939
2020-12-27T15:00:32.000,9.96,-11.15,0.0,0.0,20.5,183286,6.06,-28.0,0.939
2020-12-27T15:01:32.000,9.92,-11.2,0.0,0.0,20.5,183287,6.24,-28.0,0.939
2020-12-27T15:02:32.000,9.89,-11.28,0.17,0.09,20.5,183288,6.42,-28.0,0.939
2020-12-27T15:03:32.000,9.88,-11.39,0.42,0.18,20.5,183289,6.6,-29.0,0.939
2020-12-27T15:04:32.000,9.86,-11.36,0.0,0.0,20.5,183290,6.77,-29.0,0.94
2020-12-27T15:05:32.000,9.86,-11.39,0.0,0.0,20.5,183291,6.95,-29.0,0.94
2020-12-27T15:06:32.000,9.84,-11.39,0.0,0.0,20.5,183292,7.13,-29.0,0.94
2020-12-27T15:07:32.000,9.82,-11.42,0.13,0.09,20.5,183293,7.3,-29.0,0.94
2020-12-27T15:08:32.000,9.81,-11.44,0.0,0.0,20.5,183294,7.48,-29.0,0.94
2020-12-27T15:09:32.000,9.81,-11.51,0.11,0.1,20.5,183295,7.66,-29.0,0.94
2020-12-27T15:10:32.000,9.8,-11.53,0.0,0.0,20.5,183296,7.83,-29.0,0.94
2020-12-27T15:11:32.000,9.79,-11.53,0.0,0.0,20.5,183297,8.01,-30.0,0.94
2020-12-27T15:12:33.000,9.78,-11.48,0.0,0.0,20.5,183298,8.18,-30.0,0.94
2020-12-27T15:13:33.000,9.79,-11.47,0.0,0.0,20.5,183299,8.36,-30.0,0.94
2020-12-27T15:14:33.000,9.78,-11.54,0.0,0.0,20.5,183300,8.53,-30.0,0.94
2020-12-27T15:15:33.000,9.76,-11.55,0.0,0.0,20.5,183301,8.71,-30.0,0.94
2020-12-27T15:16:33.000,9.75,-11.54,0.0,0.0,20.5,183302,8.88,-30.0,0.94
2020-12-27T15:17:33.000,9.77,-11.46,0.0,0.0,20.5,183303,9.05,-30.0,0.94
2020-12-27T15:18:33.000,9.79,-11.45,0.0,0.0,20.5,183304,9.23,-30.0,0.94
2020-12-27T15:19:33.000,9.81,-11.43,0.0,0.0,20.5,183305,9.4,-30.0,0.94
2020-12-27T15:20:33.000,9.84,-11.38,0.0,0.0,20.5,183306,9.57,-31.0,0.94
2020-12-27T15:21:33.000,9.87,-11.33,0.0,0.0,20.5,183307,9.74,-31.0,0.94
2020-12-27T15:22:33.000,9.91,-11.29,0.0,0.0,20.5,183308,9.92,-31.0,0.94
2020-12-27T15:23:33.000,9.96,-11.22,0.0,0.0,20.5,183309,10.09,-31.0,0.94
2020-12-27T15:24:33.000,10.0,-11.2,0.0,0.0,20.5,183310,10.26,-31.0,0.94
2020-12-27T15:25:33.000,10.03,-11.07,0.0,0.0,20.5,183311,10.43,-31.0,0.94
2020-12-27T15:26:33.000,10.08,-10.95,0.0,0.0,20.5,183312,10.6,-31.0,0.94
2020-12-27T15:27:33.000,10.16,-10.7,0.0,0.0,20.5,183313,10.77,-31.0,0.94
2020-12-27T15:28:33.000,10.24,-10.36,0.0,0.0,20.5,183314,10.94,-31.0,0.94
2020-12-27T15:29:34.000,10.34,-9.71,0.0,0.0,20.5,183315,11.11,-31.0,0.94
2020-12-27T15:30:41.000,10.47,-8.77,0.0,0.0,20.5,183316,11.3,-32.0,0.94
2020-12-27T15:32:40.000,10.89,-6.37,0.0,0.0,20.5,183318,11.63,-32.0,0.94
2020-12-27T15:33:40.000,11.14,-5.57,0.0,0.0,20.5,183319,11.8,-32.0,0.94
2020-12-27T15:34:40.000,11.39,-5.31,0.0,0.0,20.5,183320,11.97,-32.0,0.94
2020-12-27T15:35:40.000,11.6,-5.35,0.0,0.0,20.5,183321,12.14,-32.0,0.941
2020-12-27T15:36:41.000,11.79,-5.6,0.0,0.0,20.5,183322,12.31,-32.0,0.941
2020-12-27T15:37:41.000,12.0,-5.73,0.0,0.0,20.5,183323,12.47,-32.0,0.941
2020-12-27T15:38:41.000,12.18,-5.75,0.0,0.0,20.5,183324,12.64,-32.0,0.941
2020-12-27T15:39:41.000,12.33,-5.46,0.0,0.0,20.5,183325,12.8,-32.0,0.941
2020-12-27T15:40:41.000,12.49,-5.06,0.0,0.0,20.5,183326,12.97,-33.0,0.941
2020-12-27T15:41:41.000,12.66,-4.8,0.0,0.0,20.5,183327,13.14,-33.0,0.941
2020-12-27T15:42:41.000,12.81,-4.67,0.0,0.0,20.5,183328,13.3,-33.0,0.941
2020-12-27T15:43:41.000,12.99,-4.46,0.0,0.0,20.5,183329,13.46,-33.0,0.941
2020-12-27T15:44:41.000,13.16,-4.12,0.0,0.0,20.5,183330,13.63,-33.0,0.941
2020-12-27T15:45:41.000,13.33,-3.85,0.0,0.0,20.5,183331,13.79,-33.0,0.941
2020-12-27T15:46:41.000,13.5,-3.65,0.0,0.0,20.5,183332,13.95,-33.0,0.941
2020-12-27T15:47:41.000,13.68,-3.55,0.0,0.0,20.5,183333,14.12,-33.0,0.941
2020-12-27T15:48:41.000,13.82,-3.54,0.0,0.0,20.5,183334,14.28,-33.0,0.941
2020-12-27T15:49:41.000,13.93,-3.59,0.0,0.0,20.5,183335,14.44,-33.0,0.941
2020-12-27T15:50:41.000,14.05,-3.52,0.0,0.0,20.5,183336,14.6,-33.0,0.941
2020-12-27T15:51:41.000,14.19,-3.41,0.0,0.0,20.5,183337,14.76,-34.0,0.941
2020-12-27T15:52:42.000,14.37,-3.34,0.0,0.0,20.5,183338,14.93,-34.0,0.941
2020-12-27T15:53:42.000,14.53,-3.37,0.0,0.0,20.5,183339,15.09,-34.0,0.941
2020-12-27T15:54:42.000,14.68,-3.31,0.0,0.0,20.5,183340,15.25,-34.0,0.941
2020-12-27T15:55:42.000,14.82,-3.47,0.0,0.0,20.5,183341,15.41,-34.0,0.941
2020-12-27T15:56:42.000,14.93,-3.58,0.0,0.0,20.5,183342,15.56,-34.0,0.941
2020-12-27T15:57:42.000,15.01,-3.68,0.0,0.0,20.5,183343,15.72,-34.0,0.941
2020-12-27T15:58:42.000,15.13,-3.71,0.0,0.0,20.5,183344,15.88,-34.0,0.941
2020-12-27T15:59:42.000,15.22,-3.94,0.0,0.0,20.5,183345,16.04,-34.0,0.941
2020-12-27T16:00:42.000,15.31,-3.99,0.0,0.0,20.5,183346,16.2,-34.0,0.941
2020-12-27T16:01:42.000,15.39,-4.01,0.0,0.0,20.5,183347,16.35,-34.0,0.941
2020-12-27T16:02:42.000,15.49,-4.03,0.0,0.0,20.5,183348,16.51,-34.0,0.941
2020-12-27T16:03:42.000,15.54,-4.38,0.0,0.0,20.5,183349,16.67,-35.0,0.941
2020-12-27T16:04:42.000,15.57,-4.52,0.0,0.0,20.5,183350,16.82,-35.0,0.941
2020-12-27T16:05:42.000,15.65,-4.65,0.0,0.0,20.5,183351,16.98,-35.0,0.941
2020-12-27T16:06:42.000,15.69,-4.79,0.0,0.0,20.5,183352,17.13,-35.0,0.941
2020-12-27T16:07:42.000,15.76,-4.61,0.0,0.0,20.5,183353,17.28,-35.0,0.942
2020-12-27T16:08:43.000,15.85,-4.51,0.0,0.0,20.5,183354,17.44,-35.0,0.942
2020-12-27T16:09:43.000,15.92,-4.18,0.0,0.0,20.5,183355,17.59,-35.0,0.942
2020-12-27T16:10:43.000,16.0,-4.06,0.0,0.0,20.5,183356,17.75,-35.0,0.942
2020-12-27T16:11:43.000,16.04,-4.03,0.0,0.0,20.5,183357,17.9,-35.0,0.942
2020-12-27T16:12:43.000,16.16,-3.81,0.0,0.0,20.5,183358,18.05,-35.0,0.942
2020-12-27T16:13:43.000,16.24,-3.8,0.0,0.0,20.5,183359,18.2,-35.0,0.942
2020-12-27T16:14:43.000,16.34,-3.73,0.0,0.0,20.5,183360,18.35,-35.0,0.942
2020-12-27T16:15:43.000,16.41,-3.45,0.0,0.0,20.5,183361,18.5,-35.0,0.942
2020-12-27T16:16:43.000,16.54,-3.19,0.0,0.0,20.5,183362,18.65,-35.0,0.942
2020-12-27T16:17:43.000,16.62,-3.05,0.0,0.0,20.5,183363,18.8,-36.0,0.942
2020-12-27T16:18:43.000,16.76,-2.75,0.0,0.0,20.5,183364,18.95,-36.0,0.942
2020-12-27T16:19:43.000,16.87,-2.68,0.0,0.0,20.5,183365,19.1,-36.0,0.942
2020-12-27T16:20:43.000,16.95,-2.48,0.0,0.0,20.5,183366,19.25,-36.0,0.942
2020-12-27T16:21:43.000,17.11,-2.24,0.0,0.0,20.5,183367,19.4,-36.0,0.942
2020-12-27T16:22:43.000,17.28,-2.36,0.0,0.0,20.5,183368,19.54,-36.0,0.942
2020-12-27T16:23:43.000,17.42,-2.55,0.0,0.0,20.5,183369,19.69,-36.0,0.942
2020-12-27T16:24:43.000,17.44,-2.95,0.0,0.0,20.5,183370,19.84,-36.0,0.942
2020-12-27T16:25:44.000,17.4,-3.16,0.0,0.0,20.5,183371,19.98,-36.0,0.942
2020-12-27T16:26:44.000,17.33,-3.3,0.0,0.0,20.5,183372,20.13,-36.0,0.942
2020-12-27T16:27:44.000,17.35,-3.33,0.0,0.0,20.5,183373,20.27,-36.0,0.942
2020-12-27T16:28:44.000,17.39,-3.4,0.0,0.0,20.5,183374,20.42,-36.0,0.942
2020-12-27T16:29:44.000,17.46,-3.35,0.0,0.0,20.5,183375,20.56,-36.0,0.942
2020-12-27T16:30:44.000,17.55,-3.71,0.0,0.0,20.5,183376,20.7,-36.0,0.942
2020-12-27T16:31:44.000,17.59,-4.03,0.0,0.0,20.5,183377,20.85,-36.0,0.942
2020-12-27T16:32:44.000,17.54,-4.5,0.0,0.0,20.5,183378,20.99,-36.0,0.942
2020-12-27T16:33:44.000,17.44,-4.93,0.0,0.0,20.5,183379,21.13,-36.0,0.942
2020-12-27T16:34:44.000,17.38,-5.46,0.0,0.0,20.5,183380,21.27,-36.0,0.942
2020-12-27T16:35:44.000,17.26,-5.99,0.0,0.0,20.5,183381,21.41,-37.0,0.942
2020-12-27T16:36:44.000,17.13,-6.63,0.0,0.0,20.5,183382,21.55,-37.0,0.942
2020-12-27T16:37:44.000,16.96,-6.86,0.0,0.0,20.5,183383,21.69,-37.0,0.942
2020-12-27T16:38:46.000,16.84,-7.07,0.0,0.0,20.5,183384,21.83,-37.0,0.943
2020-12-27T16:39:48.000,16.72,-7.05,0.0,0.0,20.5,183385,21.98,-37.0,0.943
2020-12-27T16:40:47.000,16.68,-7.07,0.0,0.0,20.5,183386,22.11,-37.0,0.943
2020-12-27T16:41:47.000,16.59,-7.06,0.0,0.0,20.5,183387,22.25,-37.0,0.943
2020-12-27T16:42:48.000,16.56,-6.89,0.0,0.0,20.5,183388,22.39,-37.0,0.943
2020-12-27T16:43:48.000,16.53,-6.81,0.0,0.0,20.5,183389,22.52,-37.0,0.943
2020-12-27T16:44:48.000,16.5,-6.77,0.0,0.0,20.5,183390,22.66,-37.0,0.943
2020-12-27T16:45:48.000,16.43,-6.73,0.0,0.0,20.5,183391,22.79,-37.0,0.943
2020-12-27T16:46:48.000,16.39,-6.57,0.0,0.0,20.5,183392,22.93,-37.0,0.943
2020-12-27T16:47:48.000,16.4,-6.35,0.0,0.0,20.5,183393,23.06,-37.0,0.943
2020-12-27T16:48:48.000,16.4,-6.23,0.0,0.0,20.5,183394,23.2,-37.0,0.943
2020-12-27T16:49:48.000,16.48,-5.98,0.0,0.0,20.5,183395,23.33,-37.0,0.943
2020-12-27T16:50:48.000,16.53,-5.8,0.0,0.0,20.5,183396,23.46,-37.0,0.943
2020-12-27T16:51:48.000,16.57,-5.92,0.0,0.0,20.5,183397,23.59,-37.0,0.943
2020-12-27T16:52:48.000,16.52,-6.05,0.0,0.0,20.5,183398,23.72,-37.0,0.943
2020-12-27T16:53:48.000,16.5,-5.65,0.0,0.0,20.5,183399,23.85,-37.0,0.943
2020-12-27T16:54:48.000,16.57,-5.33,0.0,0.0,20.5,183400,23.98,-37.0,0.943
2020-12-27T16:55:48.000,16.66,-5.21,0.0,0.0,20.5,183401,24.11,-37.0,0.943
2020-12-27T16:56:48.000,16.77,-4.9,0.0,0.0,20.5,183402,24.24,-37.0,0.943
2020-12-27T16:57:48.000,16.87,-4.78,0.0,0.0,20.5,183403,24.37,-37.0,0.943
2020-12-27T16:58:48.000,16.97,-4.7,0.0,0.0,20.5,183404,24.49,-37.0,0.943
2020-12-27T16:59:49.000,17.11,-4.37,0.0,0.0,20.5,183405,24.62,-37.0,0.943
2020-12-27T17:00:49.000,17.24,-4.26,0.0,0.0,20.5,183406,24.75,-37.0,0.943
2020-12-27T17:01:49.000,17.34,-4.29,0.0,0.0,20.5,183407,24.87,-37.0,0.943
2020-12-27T17:02:49.000,17.39,-4.33,0.0,0.0,20.5,183408,25.0,-37.0,0.943
2020-12-27T17:03:49.000,17.45,-3.83,0.0,0.0,20.5,183409,25.12,-37.0,0.943
2020-12-27T17:04:49.000,17.58,-3.8,0.0,0.0,20.5,183410,25.24,-38.0,0.943
2020-12-27T17:05:49.000,17.65,-3.64,0.0,0.0,20.5,183411,25.37,-38.0,0.943
