Downloads/jupyter/ECSV/stars19/stars19_2022-08.ecsv
# %ECSV 1.0
# ---
# datatype:
# - {name: time, datatype: string}
# - {name: Enclosure Temperature, unit: deg_C, datatype: float64}
# - {name: Sky Temperature, unit: deg_C, datatype: float64}
# - {name: Frequency, unit: Hz, datatype: float64}
# - {name: MSAS, unit: mag / arcsec2, datatype: float64}
# - {name: ZP, datatype: float64}
# - {name: Sequence Number, datatype: int64}
# - {name: Sun Alt, unit: deg, datatype: float64}
# - {name: Moon Alt, unit: deg, datatype: float64}
# - {name: Moon Illumination, datatype: float64}
# delimiter: ','
# meta: !!omap
# - ida:
#     Data supplier: {affiliation: null, observer: null}
#     Device type: TESS-W
#     Field of view: 17.0
#     Filters per channel: None
#     Instrument ID: stars19
#     License: ODbL 1.0 http://opendatacommons.org/licenses/odbl/summary/
#     Local timezone: America/Phoenix
#     Location name: {country: '- Tucson', place: Tucson, region: United States, sub_region: Arizona, town: Pima County}
#     Measurement direction per channel: {azimuth: 0.0, zenital: 0.0}
#     Moving / Fixed look direction: FIXED
#     Moving / Stationary position: STATIONARY
#     Number of channels: 1
#     Number of fields per line: 8
#     Number of header lines: 35
#     Position: {height: 0.0, latitude: 32.223877, longitude: -110.767532}
#     TESS MAC address: 18:FE:34:CF:EC:06
#     TESS cover offset value: 0.0
#     TESS firmware version: '1.0'
#     TESS zero point: 20.5
#     Time Synchronization: timestamp added by MQTT subscriber
#     URL: http://www.darksky.org/NSBM/sdf1.0.pdf
# - __serialized_columns__:
#     Enclosure Temperature:
#       __class__: astropy.units.quantity.Quantity
#       unit: &id001 !astropy.units.Unit {unit: deg_C}
#       value: !astropy.table.SerializedColumn {name: Enclosure Temperature}
#     Frequency:
#       __class__: astropy.units.quantity.Quantity
#       unit: !astropy.units.Unit {unit: Hz}
#       value: !astropy.table.SerializedColumn {name: Frequency}
#     MSAS:
#       __class__: astropy.units.quantity.Quantity
#       unit: !astropy.units.Unit {unit: mag / arcsec2}
#       value: !astropy.table.SerializedColumn {name: MSAS}
#     Moon Alt:
#       __class__: astropy.units.quantity.Quantity
#       unit: &id002 !astropy.units.Unit {unit: deg}
#       value: !astropy.table.SerializedColumn {name: Moon Alt}
#     Sky Temperature:
#       __class__: astropy.units.quantity.Quantity
#       unit: *id001
#       value: !astropy.table.SerializedColumn {name: Sky Temperature}
#     Sun Alt:
#       __class__: astropy.units.quantity.Quantity
#       unit: *id002
#       value: !astropy.table.SerializedColumn {name: Sun Alt}
#     time:
#       __class__: astropy.time.core.Time
#       format: isot
#       in_subfmt: '*'
#       out_subfmt: '*'
#       precision: 3
#       scale: utc
#       value: !astropy.table.SerializedColumn {name: time}
# schema: astropy-2.0
time,Enclosure Temperature,Sky Temperature,Frequency,MSAS,ZP,Sequence Number,Sun Alt,Moon Alt,Moon Illumination
[from data line 17183]
2022-08-22T11:02:12.000,27.2,10.92,1.96,19.65,20.5,271770,-22.22,29.0,0.209
2022-08-22T11:03:12.000,27.19,10.98,1.94,19.66,20.5,271771,-22.04,29.0,0.209
2022-08-22T11:04:12.000,27.18,10.91,1.97,19.64,20.5,271772,-21.86,29.0,0.209
2022-08-22T11:05:13.000,27.16,10.9,2.02,19.62,20.5,271773,-21.68,30.0,0.209
2022-08-22T11:06:13.000,27.04,10.73,2.05,19.6,20.5,271774,-21.49,30.0,0.208
2022-08-22T11:07:13.000,27.0,11.1,2.04,19.6,20.5,271775,-21.31,30.0,0.208
2022-08-22T11:08:13.000,27.03,11.09,2.02,19.62,20.5,271776,-21.13,30.0,0.208
2022-08-22T11:09:13.000,26.95,11.2,2.08,19.58,20.5,271777,-20.94,30.0,0.208
2022-08-22T11:10:14.000,27.02,11.63,2.26,19.49,20.5,271778,-20.76,31.0,0.208
2022-08-22T11:11:14.000,26.98,11.58,2.42,19.42,20.5,271779,-20.57,31.0,0.208
2022-08-22T11:12:14.000,26.95,11.75,2.69,19.31,20.5,271780,-20.39,31.0,0.208
2022-08-22T11:13:14.000,26.89,11.91,2.85,19.24,20.5,271781,-20.21,31.0,0.208
2022-08-22T11:14:14.000,26.89,12.15,2.68,19.31,20.5,271782,-20.02,31.0,0.208
2022-08-22T11:15:15.000,26.91,12.36,2.73,19.29,20.5,271783,-19.83,32.0,0.208
2022-08-22T11:16:15.000,26.92,12.55,2.89,19.23,20.5,271784,-19.65,32.0,0.208
2022-08-22T11:17:15.000,26.9,12.54,3.04,19.17,20.5,271785,-19.46,32.0,0.208
2022-08-22T11:18:15.000,26.81,12.71,3.22,19.11,20.5,271786,-19.28,32.0,0.208
2022-08-22T11:19:16.000,26.76,12.87,3.41,19.05,20.5,271787,-19.09,32.0,0.208
2022-08-22T11:20:16.000,26.74,13.03,3.62,18.98,20.5,271788,-18.9,33.0,0.208
2022-08-22T11:28:17.000,26.66,13.36,4.25,18.81,20.5,271796,-17.39,34.0,0.207
2022-08-22T11:36:19.000,26.79,13.41,4.79,18.68,20.5,271804,-15.87,36.0,0.207
2022-08-22T11:37:19.000,26.77,13.61,5.15,18.6,20.5,271805,-15.68,36.0,0.207
2022-08-22T11:38:19.000,26.78,13.82,5.36,18.46,20.5,271806,-15.49,36.0,0.207
2022-08-22T11:39:19.000,26.72,13.93,5.61,18.51,20.5,271807,-15.29,36.0,0.207
2022-08-22T11:40:20.000,26.74,14.35,5.88,18.46,20.5,271808,-15.1,37.0,0.207
2022-08-22T11:41:21.000,26.75,14.38,6.28,18.39,20.5,271809,-14.9,37.0,0.207
2022-08-22T11:42:21.000,26.7,14.44,6.72,18.31,20.5,271810,-14.71,37.0,0.207
2022-08-22T11:43:21.000,26.7,14.72,7.05,18.26,20.5,271811,-14.52,37.0,0.206
2022-08-22T11:44:21.000,26.71,14.85,7.31,18.22,20.5,271812,-14.33,37.0,0.206
2022-08-22T11:47:28.000,26.61,14.94,8.32,18.08,20.5,271815,-13.72,38.0,0.206
2022-08-22T11:48:28.000,26.54,14.95,8.65,18.04,20.5,271816,-13.53,38.0,0.206
2022-08-22T11:49:28.000,26.52,15.24,8.88,18.01,20.5,271817,-13.34,38.0,0.206
2022-08-22T11:50:28.000,26.57,15.24,8.95,18.0,20.5,271818,-13.14,39.0,0.206
2022-08-22T12:05:30.000,26.61,14.5,14.43,17.48,20.5,271833,-10.2,42.0,0.205
2022-08-22T12:06:30.000,26.63,14.43,15.66,17.39,20.5,271834,-10.0,42.0,0.205
2022-08-22T12:07:30.000,26.64,14.3,17.24,17.29,20.5,271835,-9.8,42.0,0.205
2022-08-22T12:08:30.000,26.53,14.24,19.44,17.16,20.5,271836,-9.6,42.0,0.205
2022-08-22T12:09:37.000,26.53,14.37,22.17,17.02,20.5,271837,-9.38,43.0,0.205
2022-08-22T12:10:37.000,26.54,14.6,26.39,16.83,20.5,271838,-9.18,43.0,0.205
2022-08-22T12:11:38.000,26.57,14.64,31.34,16.64,20.5,271839,-8.98,43.0,0.205
2022-08-22T12:13:44.000,26.52,14.5,45.32,16.24,20.5,271841,-8.56,43.0,0.205
2022-08-22T12:22:44.000,26.37,14.54,305.73,14.17,20.5,271850,-6.77,45.0,0.204
2022-08-22T12:24:45.000,26.39,14.6,472.45,13.7,20.5,271852,-6.36,46.0,0.204
2022-08-22T12:25:45.000,26.37,14.57,583.22,13.47,20.5,271853,-6.16,46.0,0.204
2022-08-22T12:26:51.000,26.4,14.64,733.84,13.22,20.5,271854,-5.94,46.0,0.204
2022-08-22T12:29:58.000,26.45,14.5,1622.64,12.36,20.5,271857,-5.31,47.0,0.204
2022-08-22T12:30:58.000,26.43,14.53,2161.12,12.05,20.5,271858,-5.11,47.0,0.204
2022-08-22T12:31:58.000,26.48,14.57,2779.69,11.77,20.5,271859,-4.91,47.0,0.204
2022-08-22T12:32:58.000,26.44,14.51,3533.4,11.51,20.5,271860,-4.7,47.0,0.204
2022-08-22T12:33:58.000,26.48,14.64,4466.4,11.26,20.5,271861,-4.5,48.0,0.204
2022-08-22T12:34:58.000,26.43,14.53,5610.2,11.01,20.5,271862,-4.3,48.0,0.204
2022-08-22T12:35:59.000,26.43,14.64,7011.16,10.77,20.5,271863,-4.09,48.0,0.204
2022-08-22T12:36:59.000,26.4,14.52,8743.42,10.53,20.5,271864,-3.89,48.0,0.204
2022-08-22T12:37:59.000,26.37,14.59,10862.16,10.29,20.5,271865,-3.69,48.0,0.204
2022-08-22T12:38:59.000,26.42,14.79,13433.13,10.06,20.5,271866,-3.49,49.0,0.204
2022-08-22T12:39:59.000,26.5,14.78,16511.66,9.84,20.5,271867,-3.28,49.0,0.203
2022-08-22T12:41:00.000,26.54,14.78,20042.98,9.63,20.5,271868,-3.08,49.0,0.203
2022-08-22T12:42:00.000,26.58,14.7,24033.6,9.43,20.5,271869,-2.87,49.0,0.203
2022-08-22T12:43:00.000,26.56,14.7,27849.72,9.41,20.5,271870,-2.67,49.0,0.203
2022-08-22T12:44:00.000,26.59,14.67,32798.32,9.24,20.5,271871,-2.46,50.0,0.203
2022-08-22T12:45:01.000,26.59,14.79,39548.02,8.89,20.5,271872,-2.26,50.0,0.203
2022-08-22T12:46:01.000,26.66,14.81,46440.07,8.71,20.5,271873,-2.05,50.0,0.203
2022-08-22T12:47:01.000,26.7,14.8,54100.7,8.55,20.5,271874,-1.85,50.0,0.203
2022-08-22T12:48:02.000,26.76,14.79,49779.71,6.8,20.5,271875,-1.64,50.0,0.203
2022-08-22T12:49:02.000,26.81,14.66,0.0,0.0,20.5,271876,-1.44,51.0,0.203
2022-08-22T12:51:03.000,26.85,14.52,0.0,0.0,20.5,271878,-1.03,51.0,0.203
2022-08-22T12:52:03.000,26.88,14.46,0.0,0.0,20.5,271879,-0.82,51.0,0.203
2022-08-22T12:53:03.000,26.92,14.4,0.0,0.0,20.5,271880,-0.62,52.0,0.203
2022-08-22T12:54:03.000,26.99,14.4,0.0,0.0,20.5,271881,-0.41,52.0,0.203
2022-08-22T12:55:04.000,27.04,14.29,0.0,0.0,20.5,271882,-0.2,52.0,0.203
2022-08-22T12:56:04.000,27.05,14.04,0.0,0.0,20.5,271883,0.0,52.0,0.203
2022-08-22T12:59:05.000,27.14,13.84,0.0,0.0,20.5,271886,0.62,53.0,0.202
2022-08-22T13:00:05.000,27.18,13.7,0.0,0.0,20.5,271887,0.83,53.0,0.202
2022-08-22T13:01:06.000,27.18,13.56,0.0,0.0,20.5,271888,1.04,53.0,0.202
2022-08-22T13:07:07.000,27.2,13.53,0.0,0.0,20.5,271894,2.28,54.0,0.202
2022-08-22T13:08:07.000,27.23,13.54,0.0,0.0,20.5,271895,2.48,55.0,0.202
2022-08-22T13:09:07.000,27.29,13.54,0.0,0.0,20.5,271896,2.69,55.0,0.202
2022-08-22T13:10:07.000,27.26,13.4,0.11,0.09,20.5,271897,2.9,55.0,0.202
2022-08-22T13:11:07.000,27.29,13.53,0.0,0.0,20.5,271898,3.11,55.0,0.202
2022-08-22T13:12:07.000,27.33,13.54,0.0,0.0,20.5,271899,3.31,55.0,0.202
2022-08-22T13:13:07.000,27.36,13.43,0.0,0.0,20.5,271900,3.52,56.0,0.202
2022-08-22T13:14:08.000,27.4,13.4,0.0,0.0,20.5,271901,3.73,56.0,0.202
2022-08-22T13:15:08.000,27.42,13.19,0.0,0.0,20.5,271902,3.94,56.0,0.202
2022-08-22T13:21:09.000,27.55,12.89,0.0,0.0,20.5,271908,5.19,57.0,0.201
2022-08-22T13:22:09.000,27.55,12.74,0.0,0.0,20.5,271909,5.39,58.0,0.201
2022-08-22T13:23:09.000,27.54,12.77,0.0,0.0,20.5,271910,5.6,58.0,0.201
2022-08-22T13:36:13.000,27.51,11.39,0.0,0.0,20.5,271923,8.33,60.0,0.201
2022-08-22T13:37:13.000,27.46,11.08,0.0,0.0,20.5,271924,8.54,61.0,0.2
2022-08-22T13:38:13.000,27.45,10.81,0.0,0.0,20.5,271925,8.74,61.0,0.2
2022-08-22T13:40:14.000,27.37,10.51,0.0,0.0,20.5,271927,9.17,61.0,0.2
2022-08-22T13:41:14.000,27.31,10.22,0.0,0.0,20.5,271928,9.38,61.0,0.2
2022-08-22T13:43:14.000,27.29,10.13,0.0,0.0,20.5,271930,9.8,62.0,0.2
2022-08-22T13:50:16.000,27.31,10.34,0.0,0.0,20.5,271937,11.27,63.0,0.2
2022-08-22T13:52:22.000,27.31,10.08,0.0,0.0,20.5,271939,11.71,64.0,0.2
2022-08-22T13:53:22.000,27.35,10.3,0.0,0.0,20.5,271940,11.92,64.0,0.2
2022-08-22T13:54:22.000,27.34,10.37,0.0,0.0,20.5,271941,12.13,64.0,0.2
2022-08-22T14:00:23.000,27.39,10.27,0.0,0.0,20.5,271947,13.4,65.0,0.199
2022-08-22T14:01:23.000,27.38,10.19,0.0,0.0,20.5,271948,13.61,66.0,0.199
2022-08-22T14:02:23.000,27.4,10.29,0.0,0.0,20.5,271949,13.82,66.0,0.199
2022-08-22T14:04:24.000,27.32,10.17,0.0,0.0,20.5,271951,14.24,66.0,0.199
2022-08-22T14:05:24.000,27.26,9.93,0.0,0.0,20.5,271952,14.45,66.0,0.199
2022-08-22T14:06:24.000,27.24,10.26,0.0,0.0,20.5,271953,14.66,67.0,0.199
2022-08-22T14:11:26.000,27.47,10.62,0.0,0.0,20.5,271958,15.72,68.0,0.199
2022-08-22T14:12:26.000,27.49,10.66,0.0,0.0,20.5,271959,15.94,68.0,0.199
2022-08-22T14:13:26.000,27.44,10.52,0.0,0.0,20.5,271960,16.15,68.0,0.199
2022-08-22T14:15:27.000,27.47,10.93,0.0,0.0,20.5,271962,16.57,69.0,0.198
2022-08-22T14:16:27.000,27.55,11.25,0.0,0.0,20.5,271963,16.78,69.0,0.198
2022-08-22T14:27:34.000,28.37,12.26,0.0,0.0,20.5,271974,19.13,71.0,0.198
2022-08-22T14:28:35.000,28.47,12.47,0.0,0.0,20.5,271975,19.35,71.0,0.198
2022-08-22T14:29:35.000,28.52,12.27,0.0,0.0,20.5,271976,19.56,71.0,0.198
2022-08-22T14:34:36.000,28.84,12.17,0.0,0.0,20.5,271981,20.62,72.0,0.197
2022-08-22T14:35:42.000,28.84,12.14,0.0,0.0,20.5,271982,20.85,73.0,0.197
2022-08-22T14:36:42.000,28.93,12.31,0.0,0.0,20.5,271983,21.06,73.0,0.197
2022-08-22T14:38:42.000,28.99,12.16,0.0,0.0,20.5,271985,21.48,73.0,0.197
2022-08-22T14:39:42.000,28.97,12.18,0.0,0.0,20.5,271986,21.7,73.0,0.197
2022-08-22T14:40:42.000,29.01,12.09,0.0,0.0,20.5,271987,21.91,74.0,0.197
2022-08-22T15:09:50.000,29.8,13.82,0.0,0.0,20.5,272016,28.06,79.0,0.196
2022-08-22T15:10:50.000,29.83,14.37,0.0,0.0,20.5,272017,28.27,80.0,0.196
2022-08-22T15:11:50.000,29.94,15.46,0.0,0.0,20.5,272018,28.48,80.0,0.196
2022-08-22T15:13:51.000,30.18,16.92,0.0,0.0,20.5,272020,28.91,80.0,0.195
2022-08-22T15:14:51.000,30.31,17.39,0.0,0.0,20.5,272021,29.12,80.0,0.195
2022-08-22T15:15:51.000,30.52,18.0,0.0,0.0,20.5,272022,29.33,80.0,0.195
2022-08-22T15:22:52.000,31.41,19.61,0.0,0.0,20.5,272029,30.81,82.0,0.195
2022-08-22T15:26:54.000,31.81,21.57,0.0,0.0,20.5,272033,31.66,82.0,0.195
2022-08-22T15:27:54.000,31.97,22.06,0.0,0.0,20.5,272034,31.87,82.0,0.195
2022-08-22T15:28:54.000,32.14,22.28,0.0,0.0,20.5,272035,32.08,83.0,0.195
2022-08-22T15:33:55.000,32.67,21.59,0.0,0.0,20.5,272040,33.13,83.0,0.194
2022-08-22T15:34:55.000,32.68,21.26,0.0,0.0,20.5,272041,33.34,83.0,0.194
2022-08-22T15:35:56.000,32.72,21.17,0.0,0.0,20.5,272042,33.55,84.0,0.194
2022-08-22T15:37:56.000,32.89,20.78,0.0,0.0,20.5,272044,33.97,84.0,0.194
2022-08-22T15:38:56.000,32.84,20.34,0.0,0.0,20.5,272045,34.18,84.0,0.194
2022-08-22T15:39:56.000,32.85,20.55,0.0,0.0,20.5,272046,34.39,84.0,0.194
2022-08-22T15:43:57.000,33.24,20.05,0.0,0.0,20.5,272050,35.23,84.0,0.194
2022-08-22T15:44:57.000,33.35,19.94,0.0,0.0,20.5,272051,35.44,84.0,0.194
2022-08-22T15:45:58.000,33.42,19.53,0.0,0.0,20.5,272052,35.65,85.0,0.194
2022-08-22T15:47:58.000,33.46,18.87,0.0,0.0,20.5,272054,36.07,85.0,0.194
2022-08-22T15:48:59.000,33.44,18.45,0.0,0.0,20.5,272055,36.28,85.0,0.194
2022-08-22T15:50:59.000,33.38,17.53,0.0,0.0,20.5,272057,36.7,85.0,0.194
2022-08-22T15:57:59.000,33.26,16.22,0.0,0.0,20.5,272064,38.15,85.0,0.193
2022-08-22T15:59:59.000,33.25,16.66,0.0,0.0,20.5,272066,38.57,85.0,0.193
2022-08-22T16:07:00.000,36.25,20.4,0.0,0.0,20.5,272073,40.02,84.0,0.193
2022-08-22T16:10:01.000,37.4,20.28,0.0,0.0,20.5,272076,40.64,84.0,0.193
2022-08-22T16:11:01.000,37.81,20.09,0.0,0.0,20.5,272077,40.84,84.0,0.192
2022-08-22T16:12:01.000,38.08,20.15,0.0,0.0,20.5,272078,41.05,83.0,0.192
2022-08-22T16:22:05.000,40.63,21.14,0.0,0.0,20.5,272088,43.11,82.0,0.192
2022-08-22T16:23:05.000,40.85,20.92,0.0,0.0,20.5,272089,43.32,82.0,0.192
2022-08-22T16:24:05.000,41.03,20.84,0.0,0.0,20.5,272090,43.52,82.0,0.192
2022-08-22T16:26:05.000,41.46,21.41,0.0,0.0,20.5,272092,43.93,81.0,0.192
2022-08-22T16:27:06.000,41.69,21.26,0.0,0.0,20.5,272093,44.13,81.0,0.192
2022-08-22T16:28:06.000,41.85,21.89,0.0,0.0,20.5,272094,44.34,81.0,0.192
2022-08-22T16:29:06.000,41.91,21.23,0.0,0.0,20.5,272095,44.54,81.0,0.192
2022-08-22T16:30:07.000,41.78,20.73,0.0,0.0,20.5,272096,44.74,81.0,0.191
2022-08-22T16:31:07.000,41.8,21.28,0.0,0.0,20.5,272097,44.95,80.0,0.191
2022-08-22T16:33:07.000,42.05,21.37,0.0,0.0,20.5,272099,45.35,80.0,0.191
2022-08-22T16:34:07.000,42.32,21.85,0.0,0.0,20.5,272100,45.55,80.0,0.191
2022-08-22T16:35:07.000,42.55,22.02,0.0,0.0,20.5,272101,45.75,80.0,0.191
2022-08-22T16:40:08.000,43.62,22.57,0.0,0.0,20.5,272106,46.76,79.0,0.191
2022-08-22T16:41:08.000,43.64,21.52,0.0,0.0,20.5,272107,46.96,79.0,0.191
2022-08-22T16:42:08.000,43.0,18.91,0.0,0.0,20.5,272108,47.16,78.0,0.191
2022-08-22T16:44:14.000,41.99,19.55,0.0,0.0,20.5,272110,47.58,78.0,0.191
2022-08-22T16:45:14.000,42.01,20.39,0.0,0.0,20.5,272111,47.78,78.0,0.191
2022-08-22T16:46:14.000,41.54,19.29,0.0,0.0,20.5,272112,47.98,78.0,0.191
2022-08-22T16:52:15.000,42.32,24.73,0.0,0.0,20.5,272118,49.16,76.0,0.19
2022-08-22T16:53:16.000,42.83,25.45,0.0,0.0,20.5,272119,49.36,76.0,0.19
2022-08-22T16:54:16.000,43.07,23.96,0.0,0.0,20.5,272120,49.56,76.0,0.19
2022-08-22T16:56:16.000,42.9,23.6,0.0,0.0,20.5,272122,49.95,76.0,0.19
2022-08-22T17:00:23.000,42.4,20.33,0.0,0.0,20.5,272126,50.75,75.0,0.19
2022-08-22T17:01:23.000,42.62,22.82,0.0,0.0,20.5,272127,50.95,75.0,0.19
2022-08-22T17:03:23.000,42.12,19.12,0.0,0.0,20.5,272129,51.34,74.0,0.19
2022-08-22T17:05:23.000,41.1,18.73,0.0,0.0,20.5,272131,51.72,74.0,0.19
2022-08-22T17:06:24.000,40.68,18.39,0.0,0.0,20.5,272132,51.92,74.0,0.19
2022-08-22T17:07:24.000,40.16,18.15,0.0,0.0,20.5,272133,52.11,73.0,0.19
2022-08-22T17:32:33.000,43.01,21.29,0.0,0.0,20.5,272158,56.78,68.0,0.188
2022-08-22T17:33:33.000,42.84,19.96,0.0,0.0,20.5,272159,56.96,68.0,0.188
2022-08-22T17:34:33.000,43.07,22.38,0.0,0.0,20.5,272160,57.14,68.0,0.188
2022-08-22T17:36:38.000,43.79,23.07,0.0,0.0,20.5,272162,57.51,67.0,0.188
2022-08-22T17:37:39.000,44.13,22.85,0.0,0.0,20.5,272163,57.69,67.0,0.188
2022-08-22T17:38:39.000,44.24,22.21,0.0,0.0,20.5,272164,57.87,67.0,0.188
2022-08-22T17:39:39.000,44.31,22.2,0.0,0.0,20.5,272165,58.04,67.0,0.188
2022-08-22T17:40:39.000,44.27,22.2,0.0,0.0,20.5,272166,58.22,67.0,0.188
2022-08-22T17:42:44.000,44.55,22.49,0.0,0.0,20.5,272168,58.58,66.0,0.188
2022-08-22T17:43:45.000,44.68,23.12,0.0,0.0,20.5,272169,58.75,66.0,0.188
2022-08-22T17:44:44.000,44.74,22.45,0.0,0.0,20.5,272170,58.92,66.0,0.188
2022-08-22T17:47:45.000,45.41,23.26,0.0,0.0,20.5,272173,59.44,65.0,0.188
2022-08-22T17:48:46.000,45.61,23.18,0.0,0.0,20.5,272174,59.61,65.0,0.187
2022-08-22T17:49:45.000,45.67,22.96,0.0,0.0,20.5,272175,59.77,65.0,0.187
2022-08-22T17:52:46.000,46.36,23.94,0.0,0.0,20.5,272178,60.27,64.0,0.187
2022-08-22T17:53:46.000,46.55,23.88,0.0,0.0,20.5,272179,60.44,64.0,0.187
2022-08-22T17:54:46.000,46.66,23.79,0.0,0.0,20.5,272180,60.6,64.0,0.187
2022-08-22T17:55:46.000,46.73,24.01,0.0,0.0,20.5,272181,60.77,63.0,0.187
2022-08-22T17:56:46.000,46.84,23.57,0.0,0.0,20.5,272182,60.93,63.0,0.187
2022-08-22T17:59:47.000,46.88,24.01,0.0,0.0,20.5,272185,61.41,63.0,0.187
2022-08-22T18:02:47.000,46.76,22.85,0.0,0.0,20.5,272188,61.88,62.0,0.187
2022-08-22T18:03:47.000,46.44,22.0,0.0,0.0,20.5,272189,62.04,62.0,0.187
2022-08-22T18:06:47.000,45.35,19.66,0.0,0.0,20.5,272192,62.5,61.0,0.187
2022-08-22T18:07:47.000,45.28,22.03,0.0,0.0,20.5,272193,62.65,61.0,0.186
2022-08-22T18:13:49.000,46.39,21.66,0.0,0.0,20.5,272199,63.54,60.0,0.186
2022-08-22T18:14:49.000,46.16,22.22,0.0,0.0,20.5,272200,63.68,60.0,0.186
2022-08-22T18:15:49.000,46.14,22.71,0.0,0.0,20.5,272201,63.82,59.0,0.186
2022-08-22T18:28:53.000,47.88,22.46,0.0,0.0,20.5,272214,65.55,57.0,0.185
2022-08-22T18:29:53.000,47.68,22.44,0.0,0.0,20.5,272215,65.68,56.0,0.185
2022-08-22T18:30:53.000,47.61,23.37,0.0,0.0,20.5,272216,65.8,56.0,0.185
2022-08-22T18:34:53.000,47.9,23.16,0.0,0.0,20.5,272220,66.26,55.0,0.185
2022-08-22T18:36:58.000,47.9,23.18,0.0,0.0,20.5,272222,66.5,55.0,0.185
2022-08-22T18:37:58.000,47.92,23.18,0.0,0.0,20.5,272223,66.61,55.0,0.185
2022-08-22T18:38:59.000,48.05,23.4,0.0,0.0,20.5,272224,66.72,55.0,0.185
2022-08-22T18:57:04.000,48.38,22.72,0.0,0.0,20.5,272242,68.32,51.0,0.184
2022-08-22T18:58:04.000,48.31,23.29,0.0,0.0,20.5,272243,68.39,51.0,0.184
2022-08-22T18:59:05.000,48.57,23.84,0.0,0.0,20.5,272244,68.46,50.0,0.184
2022-08-22T19:01:10.000,48.69,23.02,0.0,0.0,20.5,272246,68.59,50.0,0.184
2022-08-22T19:02:10.000,48.73,23.12,0.0,0.0,20.5,272247,68.65,50.0,0.184
2022-08-22T19:03:10.000,48.72,23.0,0.0,0.0,20.5,272248,68.71,50.0,0.184
2022-08-22T19:04:11.000,48.79,23.32,0.0,0.0,20.5,272249,68.77,49.0,0.184
2022-08-22T19:05:10.000,48.98,23.8,0.0,0.0,20.5,272250,68.82,49.0,0.184
2022-08-22T19:07:11.000,49.13,23.6,0.0,0.0,20.5,272252,68.92,49.0,0.183
2022-08-22T19:09:11.000,49.18,22.61,0.0,0.0,20.5,272254,69.01,48.0,0.183
