Downloads/jupyter/ECSV/stars19/stars19_2024-07.ecsv
# %ECSV 1.0
# ---
# datatype:
# - {name: time, datatype: string}
# - {name: Enclosure Temperature, unit: deg_C, datatype: float64}
# - {name: Sky Temperature, unit: deg_C, datatype: float64}
# - {name: Frequency, unit: Hz, datatype: float64}
# - {name: MSAS, unit: mag / arcsec2, datatype: float64}
# - {name: ZP, datatype: float64}
# - {name: Sequence Number, datatype: int64}
# - {name: Sun Alt, unit: deg, datatype: float64}
# - {name: Moon Alt, unit: deg, datatype: float64}
# - {name: Moon Illumination, datatype: float64}
# delimiter: ','
# meta: !!omap
# - ida:
#     Data supplier: {affiliation: null, observer: null}
#     Device type: TESS-W
#     Field of view: 17.0
#     Filters per channel: None
#     Instrument ID: stars19
#     License: ODbL 1.0 http://opendatacommons.org/licenses/odbl/summary/
#     Local timezone: America/Phoenix
#     Location name: {country: United States, place: Tucson, region: Arizona, sub_region: Pima County, town: Tucson}
#     Measurement direction per channel: {azimuth: 0.0, zenital: 0.0}
#     Moving / Fixed look direction: FIXED
#     Moving / Stationary position: STATIONARY
#     Number of channels: 1
#     Number of fields per line: 8
#     Number of header lines: 35
#     Position: {height: 0.0, latitude: 32.223877, longitude: -110.767532}
#     TESS MAC address: 18:FE:34:CF:EC:06
#     TESS cover offset value: 0.0
#     TESS firmware version: '1.0'
#     TESS zero point: 20.38
#     Time Synchronization: timestamp added by MQTT subscriber
#     URL: http://www.darksky.org/NSBM/sdf1.0.pdf
# - __serialized_columns__:
#     Enclosure Temperature:
#       __class__: astropy.units.quantity.Quantity
#       unit: &id001 !astropy.units.Unit {unit: deg_C}
#       value: !astropy.table.SerializedColumn {name: Enclosure Temperature}
#     Frequency:
#       __class__: astropy.units.quantity.Quantity
#       unit: !astropy.units.Unit {unit: Hz}
#       value: !astropy.table.SerializedColumn {name: Frequency}
#     MSAS:
#       __class__: astropy.units.quantity.Quantity
#       unit: !astropy.units.Unit {unit: mag / arcsec2}
#       value: !astropy.table.SerializedColumn {name: MSAS}
#     Moon Alt:
#       __class__: astropy.units.quantity.Quantity
#       unit: &id002 !astropy.units.Unit {unit: deg}
#       value: !astropy.table.SerializedColumn {name: Moon Alt}
#     Sky Temperature:
#       __class__: astropy.units.quantity.Quantity
#       unit: *id001
#       value: !astropy.table.SerializedColumn {name: Sky Temperature}
#     Sun Alt:
#       __class__: astropy.units.quantity.Quantity
#       unit: *id002
#       value: !astropy.table.SerializedColumn {name: Sun Alt}
#     time:
#       __class__: astropy.time.core.Time
#       format: isot
#       in_subfmt: '*'
#       out_subfmt: '*'
#       precision: 3
#       scale: utc
#       value: !astropy.table.SerializedColumn {name: time}
# schema: astropy-2.0
time,Enclosure Temperature,Sky Temperature,Frequency,MSAS,ZP,Sequence Number,Sun Alt,Moon Alt,Moon Illumination
[from data line 847]
2024-07-02T02:28:55.000,36.72,17.88,0.0,0.0,20.38,100960,0.06,-33.0,0.169
2024-07-02T02:31:55.000,36.67,18.03,0.0,0.0,20.38,100963,-0.5,-33.0,0.169
2024-07-02T02:32:55.000,36.69,17.92,0.0,0.0,20.38,100964,-0.69,-33.0,0.169
2024-07-02T02:33:55.000,36.67,17.94,0.0,0.0,20.38,100965,-0.87,-34.0,0.169
2024-07-02T02:34:55.000,36.66,17.75,29422.47,3.91,20.38,100966,-1.06,-34.0,0.169
2024-07-02T02:35:56.000,36.59,17.61,57273.28,8.49,20.38,100967,-1.25,-34.0,0.169
2024-07-02T02:36:55.000,36.55,17.62,50373.09,8.63,20.38,100968,-1.43,-34.0,0.169
2024-07-02T02:37:56.000,36.55,17.81,44341.98,8.76,20.38,100969,-1.62,-34.0,0.169
2024-07-02T02:38:56.000,36.62,17.86,39065.68,8.9,20.38,100970,-1.81,-34.0,0.169
2024-07-02T02:39:56.000,36.64,17.83,33646.76,9.22,20.38,100971,-1.99,-34.0,0.169
2024-07-02T02:40:56.000,36.67,17.82,30219.48,9.18,20.38,100972,-2.18,-34.0,0.169
2024-07-02T02:41:56.000,36.7,17.85,25837.66,9.5,20.38,100973,-2.36,-34.0,0.168
2024-07-02T02:43:56.000,36.72,17.52,20044.11,9.63,20.38,100975,-2.73,-34.0,0.168
2024-07-02T02:44:56.000,36.63,17.4,17376.7,9.78,20.38,100976,-2.91,-34.0,0.168
2024-07-02T02:45:56.000,36.54,17.43,14941.8,9.95,20.38,100977,-3.1,-34.0,0.168
2024-07-02T02:46:56.000,36.55,17.62,12745.21,10.12,20.38,100978,-3.28,-34.0,0.168
2024-07-02T02:47:57.000,36.54,17.6,10772.11,10.3,20.38,100979,-3.47,-34.0,0.168
2024-07-02T02:50:58.000,36.48,17.71,6201.46,10.9,20.38,100982,-4.02,-35.0,0.168
2024-07-02T02:51:58.000,36.51,17.72,5093.82,11.11,20.38,100983,-4.2,-35.0,0.168
2024-07-02T02:52:59.000,36.46,17.58,4141.06,11.34,20.38,100984,-4.38,-35.0,0.168
2024-07-02T02:53:59.000,36.38,17.43,3334.77,11.57,20.38,100985,-4.57,-35.0,0.168
2024-07-02T02:55:00.000,36.31,17.44,2672.9,11.81,20.38,100986,-4.75,-35.0,0.168
2024-07-02T02:56:00.000,36.19,17.18,2132.88,12.06,20.38,100987,-4.93,-35.0,0.168
2024-07-02T02:57:00.000,36.16,17.33,1695.93,12.31,20.38,100988,-5.11,-35.0,0.168
2024-07-02T02:58:01.000,36.05,17.09,1350.09,12.56,20.38,100989,-5.3,-35.0,0.168
2024-07-02T02:59:00.000,36.0,17.31,1073.89,12.8,20.38,100990,-5.47,-35.0,0.167
2024-07-02T03:00:02.000,35.96,16.95,855.12,13.05,20.38,100991,-5.66,-35.0,0.167
2024-07-02T03:01:02.000,35.8,16.9,679.87,13.3,20.38,100992,-5.84,-35.0,0.167
2024-07-02T03:02:03.000,35.6,16.67,542.56,13.55,20.38,100993,-6.02,-35.0,0.167
2024-07-02T03:03:03.000,35.54,16.98,433.73,13.79,20.38,100994,-6.2,-35.0,0.167
2024-07-02T03:04:03.000,35.44,16.77,346.92,14.03,20.38,100995,-6.38,-35.0,0.167
2024-07-02T03:05:03.000,35.37,17.16,278.27,14.27,20.38,100996,-6.56,-35.0,0.167
2024-07-02T03:06:03.000,35.37,17.11,223.57,14.51,20.38,100997,-6.74,-36.0,0.167
2024-07-02T03:07:03.000,35.38,17.18,180.25,14.74,20.38,100998,-6.91,-36.0,0.167
2024-07-02T03:08:03.000,35.36,17.04,145.84,14.97,20.38,100999,-7.09,-36.0,0.167
2024-07-02T03:09:03.000,35.29,16.93,118.22,15.2,20.38,101000,-7.27,-36.0,0.167
2024-07-02T03:10:03.000,35.36,17.44,96.34,15.42,20.38,101001,-7.45,-36.0,0.167
2024-07-02T03:11:04.000,35.43,17.23,79.18,15.64,20.38,101002,-7.62,-36.0,0.167
2024-07-02T03:12:04.000,35.43,17.19,65.42,15.84,20.38,101003,-7.8,-36.0,0.167
2024-07-02T03:13:04.000,35.44,17.19,54.43,16.04,20.38,101004,-7.98,-36.0,0.167
2024-07-02T03:14:04.000,35.48,17.18,45.78,16.23,20.38,101005,-8.15,-36.0,0.167
2024-07-02T03:15:04.000,35.46,17.07,38.78,16.41,20.38,101006,-8.33,-36.0,0.167
2024-07-02T03:16:04.000,35.44,17.05,32.85,16.59,20.38,101007,-8.5,-36.0,0.166
2024-07-02T03:17:05.000,35.49,17.08,27.95,16.77,20.38,101008,-8.68,-36.0,0.166
2024-07-02T03:18:05.000,35.51,17.14,23.91,16.93,20.38,101009,-8.86,-36.0,0.166
2024-07-02T03:19:05.000,35.46,16.73,20.49,17.1,20.38,101010,-9.03,-36.0,0.166
2024-07-02T03:20:06.000,35.43,16.83,17.71,17.26,20.38,101011,-9.21,-36.0,0.166
2024-07-02T03:21:06.000,35.4,16.89,15.27,17.42,20.38,101012,-9.38,-36.0,0.166
2024-07-02T03:22:06.000,35.38,16.82,13.36,17.57,20.38,101013,-9.55,-36.0,0.166
2024-07-02T03:23:06.000,35.31,16.53,11.51,17.73,20.38,101014,-9.73,-36.0,0.166
2024-07-02T03:24:06.000,35.21,16.5,10.08,17.87,20.38,101015,-9.9,-36.0,0.166
2024-07-02T03:25:06.000,35.13,16.44,8.82,18.02,20.38,101016,-10.07,-36.0,0.166
2024-07-02T03:26:06.000,35.09,16.77,7.76,18.16,20.38,101017,-10.24,-36.0,0.166
2024-07-02T03:27:07.000,35.16,16.91,6.85,18.29,20.38,101018,-10.42,-36.0,0.166
2024-07-02T03:28:09.000,35.22,16.84,6.05,18.43,20.38,101019,-10.6,-36.0,0.166
2024-07-02T03:29:09.000,35.15,16.38,5.33,18.56,20.38,101020,-10.77,-36.0,0.166
2024-07-02T03:31:10.000,34.92,16.25,4.24,18.81,20.38,101022,-11.11,-36.0,0.166
2024-07-02T03:33:10.000,34.68,16.17,3.45,19.04,20.38,101024,-11.45,-36.0,0.166
2024-07-02T03:35:10.000,34.53,16.29,2.86,19.24,20.38,101026,-11.79,-37.0,0.165
2024-07-02T03:37:10.000,34.53,16.57,2.46,19.4,20.38,101028,-12.12,-37.0,0.165
2024-07-02T03:39:25.000,34.5,16.4,2.24,19.51,20.38,101030,-12.5,-37.0,0.165
2024-07-02T03:40:26.000,34.46,16.27,2.03,19.61,20.38,101031,-12.67,-37.0,0.165
2024-07-02T03:41:26.000,34.39,16.28,1.93,19.67,20.38,101032,-12.84,-37.0,0.165
2024-07-02T03:42:26.000,34.34,16.42,1.85,19.71,20.38,101033,-13.0,-37.0,0.165
2024-07-02T03:43:26.000,34.31,16.29,1.78,19.75,20.38,101034,-13.17,-37.0,0.165
2024-07-02T03:44:27.000,34.16,15.95,1.72,19.79,20.38,101035,-13.34,-37.0,0.165
2024-07-02T03:45:27.000,34.07,16.11,1.67,19.82,20.38,101036,-13.5,-37.0,0.165
2024-07-02T03:46:27.000,34.04,16.4,1.63,19.85,20.38,101037,-13.67,-37.0,0.165
2024-07-02T03:47:27.000,34.03,16.2,1.59,19.87,20.38,101038,-13.83,-37.0,0.165
2024-07-02T03:48:27.000,33.96,16.03,1.56,19.9,20.38,101039,-14.0,-37.0,0.165
2024-07-02T03:49:28.000,33.97,16.56,1.53,19.92,20.38,101040,-14.16,-37.0,0.165
2024-07-02T03:50:30.000,34.04,16.39,1.51,19.94,20.38,101041,-14.33,-37.0,0.165
2024-07-02T03:51:30.000,34.1,16.63,1.48,19.95,20.38,101042,-14.49,-37.0,0.164
2024-07-02T03:52:32.000,34.16,16.62,1.47,19.96,20.38,101043,-14.66,-37.0,0.164
2024-07-02T03:53:32.000,34.23,16.53,1.45,19.98,20.38,101044,-14.82,-37.0,0.164
2024-07-02T03:54:32.000,34.15,16.03,1.44,19.99,20.38,101045,-14.98,-37.0,0.164
2024-07-02T03:55:32.000,34.05,16.25,1.42,20.0,20.38,101046,-15.15,-37.0,0.164
2024-07-02T03:56:32.000,34.12,16.4,1.41,20.0,20.38,101047,-15.31,-37.0,0.164
2024-07-02T03:57:32.000,34.14,16.3,1.41,20.01,20.38,101048,-15.47,-37.0,0.164
2024-07-02T03:58:33.000,34.12,16.32,1.4,20.01,20.38,101049,-15.63,-37.0,0.164
2024-07-02T04:00:35.000,34.08,16.04,1.39,20.02,20.38,101051,-15.95,-37.0,0.164
2024-07-02T04:01:36.000,33.97,16.07,1.4,20.02,20.38,101052,-16.11,-37.0,0.164
2024-07-02T04:02:36.000,33.94,16.11,1.38,20.03,20.38,101053,-16.27,-37.0,0.164
2024-07-02T04:03:36.000,33.82,15.8,1.37,20.04,20.38,101054,-16.43,-37.0,0.164
2024-07-02T04:04:36.000,33.79,16.36,1.37,20.04,20.38,101055,-16.59,-37.0,0.164
2024-07-02T04:05:36.000,33.86,16.39,1.37,20.04,20.38,101056,-16.74,-37.0,0.164
2024-07-02T04:06:36.000,33.86,16.18,1.37,20.04,20.38,101057,-16.9,-37.0,0.164
2024-07-02T04:07:36.000,33.83,16.26,1.37,20.04,20.38,101058,-17.06,-37.0,0.164
2024-07-02T04:08:36.000,33.87,16.38,1.37,20.04,20.38,101059,-17.21,-37.0,0.163
2024-07-02T04:09:36.000,33.82,16.14,1.37,20.04,20.38,101060,-17.37,-37.0,0.163
2024-07-02T04:10:37.000,33.81,16.25,1.36,20.04,20.38,101061,-17.52,-37.0,0.163
2024-07-02T04:11:37.000,33.85,16.29,1.36,20.05,20.38,101062,-17.68,-37.0,0.163
2024-07-02T04:12:37.000,33.74,15.99,1.35,20.05,20.38,101063,-17.83,-37.0,0.163
2024-07-02T04:13:37.000,33.75,16.13,1.35,20.06,20.38,101064,-17.99,-37.0,0.163
2024-07-02T04:14:37.000,33.79,16.48,1.34,20.06,20.38,101065,-18.14,-37.0,0.163
2024-07-02T04:15:37.000,33.81,16.04,1.34,20.06,20.38,101066,-18.29,-37.0,0.163
2024-07-02T04:16:37.000,33.8,16.33,1.34,20.07,20.38,101067,-18.44,-37.0,0.163
2024-07-02T04:17:37.000,33.81,16.13,1.34,20.06,20.38,101068,-18.59,-37.0,0.163
2024-07-02T04:18:37.000,33.72,15.9,1.34,20.07,20.38,101069,-18.75,-37.0,0.163
2024-07-02T04:19:37.000,33.56,15.66,1.34,20.06,20.38,101070,-18.9,-36.0,0.163
2024-07-02T04:20:39.000,33.49,15.87,1.33,20.07,20.38,101071,-19.05,-36.0,0.163
2024-07-02T04:21:39.000,33.48,15.97,1.33,20.07,20.38,101072,-19.2,-36.0,0.163
2024-07-02T04:22:39.000,33.42,15.78,1.33,20.07,20.38,101073,-19.35,-36.0,0.163
2024-07-02T04:24:39.000,33.4,16.28,1.32,20.08,20.38,101075,-19.65,-36.0,0.163
2024-07-02T04:25:39.000,33.41,15.97,1.32,20.08,20.38,101076,-19.79,-36.0,0.162
2024-07-02T04:26:39.000,33.33,15.88,1.32,20.08,20.38,101077,-19.94,-36.0,0.162
2024-07-02T04:27:39.000,33.3,15.96,1.32,20.08,20.38,101078,-20.09,-36.0,0.162
2024-07-02T04:28:39.000,33.28,15.8,1.32,20.08,20.38,101079,-20.23,-36.0,0.162
2024-07-02T04:29:39.000,33.21,15.75,1.32,20.08,20.38,101080,-20.38,-36.0,0.162
2024-07-02T04:30:40.000,33.2,15.8,1.32,20.08,20.38,101081,-20.53,-36.0,0.162
2024-07-02T04:31:40.000,33.19,15.92,1.32,20.08,20.38,101082,-20.67,-36.0,0.162
2024-07-02T04:32:40.000,33.21,16.09,1.32,20.08,20.38,101083,-20.81,-36.0,0.162
2024-07-02T04:33:40.000,33.29,16.09,1.32,20.08,20.38,101084,-20.96,-36.0,0.162
2024-07-02T04:34:40.000,33.25,15.9,1.32,20.08,20.38,101085,-21.1,-36.0,0.162
2024-07-02T04:35:40.000,33.26,15.92,1.32,20.08,20.38,101086,-21.24,-36.0,0.162
2024-07-02T04:36:40.000,33.17,15.8,1.32,20.07,20.38,101087,-21.39,-36.0,0.162
2024-07-02T04:37:40.000,33.22,16.08,1.32,20.08,20.38,101088,-21.53,-36.0,0.162
2024-07-02T04:38:40.000,33.17,15.82,1.32,20.08,20.38,101089,-21.67,-36.0,0.162
2024-07-02T04:39:40.000,33.2,15.95,1.32,20.08,20.38,101090,-21.81,-36.0,0.162
2024-07-02T04:40:41.000,33.14,15.84,1.32,20.08,20.38,101091,-21.95,-36.0,0.162
2024-07-02T04:41:41.000,33.16,15.91,1.32,20.08,20.38,101092,-22.09,-36.0,0.162
2024-07-02T04:42:41.000,33.13,15.8,1.32,20.08,20.38,101093,-22.23,-36.0,0.162
2024-07-02T04:43:41.000,33.17,16.1,1.32,20.08,20.38,101094,-22.37,-36.0,0.161
2024-07-02T04:44:41.000,33.28,16.21,1.33,20.07,20.38,101095,-22.5,-36.0,0.161
2024-07-02T04:45:41.000,33.27,15.95,1.33,20.07,20.38,101096,-22.64,-36.0,0.161
2024-07-02T04:46:41.000,33.3,16.03,1.33,20.07,20.38,101097,-22.78,-36.0,0.161
2024-07-02T04:47:41.000,33.3,16.02,1.34,20.06,20.38,101098,-22.91,-35.0,0.161
2024-07-02T04:48:41.000,33.33,16.05,1.36,20.05,20.38,101099,-23.05,-35.0,0.161
2024-07-02T04:49:42.000,33.38,16.1,1.35,20.05,20.38,101100,-23.18,-35.0,0.161
2024-07-02T04:50:42.000,33.47,16.22,1.33,20.07,20.38,101101,-23.32,-35.0,0.161
2024-07-02T04:51:42.000,33.5,15.99,1.32,20.08,20.38,101102,-23.45,-35.0,0.161
2024-07-02T04:52:43.000,33.52,16.09,1.31,20.08,20.38,101103,-23.59,-35.0,0.161
2024-07-02T04:53:43.000,33.5,15.79,1.31,20.09,20.38,101104,-23.72,-35.0,0.161
2024-07-02T04:54:43.000,33.49,15.95,1.31,20.09,20.38,101105,-23.85,-35.0,0.161
2024-07-02T04:55:44.000,33.5,16.02,1.31,20.09,20.38,101106,-23.98,-35.0,0.161
2024-07-02T04:56:45.000,33.53,16.0,1.31,20.08,20.38,101107,-24.12,-35.0,0.161
2024-07-02T04:57:44.000,33.54,15.94,1.33,20.07,20.38,101108,-24.24,-35.0,0.161
2024-07-02T04:58:45.000,33.54,15.91,1.34,20.06,20.38,101109,-24.38,-35.0,0.161
2024-07-02T04:59:45.000,33.52,16.1,1.35,20.05,20.38,101110,-24.5,-35.0,0.161
2024-07-02T05:00:45.000,33.6,16.14,1.35,20.06,20.38,101111,-24.63,-35.0,0.16
2024-07-02T05:01:45.000,33.61,16.13,1.33,20.07,20.38,101112,-24.76,-35.0,0.16
2024-07-02T05:02:45.000,33.6,16.09,1.32,20.08,20.38,101113,-24.89,-35.0,0.16
2024-07-02T05:03:45.000,33.56,15.87,1.32,20.08,20.38,101114,-25.01,-35.0,0.16
2024-07-02T05:04:45.000,33.45,15.84,1.33,20.07,20.38,101115,-25.14,-35.0,0.16
2024-07-02T05:05:45.000,33.49,16.31,1.34,20.06,20.38,101116,-25.26,-34.0,0.16
2024-07-02T05:06:45.000,33.55,16.43,1.37,20.04,20.38,101117,-25.39,-34.0,0.16
2024-07-02T05:07:45.000,33.57,16.49,1.42,20.0,20.38,101118,-25.51,-34.0,0.16
2024-07-02T05:08:46.000,33.49,16.53,1.48,19.95,20.38,101119,-25.64,-34.0,0.16
2024-07-02T05:09:45.000,33.48,16.94,1.52,19.92,20.38,101120,-25.76,-34.0,0.16
2024-07-02T05:11:46.000,33.54,16.97,1.58,19.88,20.38,101122,-26.0,-34.0,0.16
2024-07-02T05:12:46.000,33.55,16.98,1.68,19.81,20.38,101123,-26.12,-34.0,0.16
2024-07-02T05:13:46.000,33.53,17.11,1.78,19.75,20.38,101124,-26.24,-34.0,0.16
2024-07-02T05:14:46.000,33.52,17.18,1.76,19.77,20.38,101125,-26.36,-34.0,0.16
2024-07-02T05:15:46.000,33.58,17.39,1.65,19.83,20.38,101126,-26.48,-34.0,0.16
2024-07-02T05:16:46.000,33.59,17.16,1.59,19.88,20.38,101127,-26.6,-34.0,0.16
2024-07-02T05:17:46.000,33.58,17.08,1.56,19.89,20.38,101128,-26.71,-34.0,0.16
2024-07-02T05:19:46.000,33.62,17.03,1.53,19.92,20.38,101130,-26.95,-33.0,0.159
2024-07-02T05:21:47.000,33.58,16.8,1.53,19.92,20.38,101132,-27.18,-33.0,0.159
2024-07-02T05:23:47.000,33.49,16.79,1.5,19.94,20.38,101134,-27.4,-33.0,0.159
2024-07-02T05:24:47.000,33.47,16.79,1.49,19.95,20.38,101135,-27.52,-33.0,0.159
2024-07-02T05:25:47.000,33.48,16.78,1.48,19.96,20.38,101136,-27.63,-33.0,0.159
2024-07-02T05:27:47.000,33.42,16.68,1.45,19.98,20.38,101138,-27.85,-33.0,0.159
2024-07-02T05:28:48.000,33.35,16.45,1.42,20.0,20.38,101139,-27.96,-33.0,0.159
2024-07-02T05:29:48.000,33.28,16.47,1.4,20.01,20.38,101140,-28.07,-33.0,0.159
2024-07-02T05:30:49.000,33.26,16.41,1.37,20.04,20.38,101141,-28.18,-33.0,0.159
2024-07-02T05:31:49.000,33.25,16.35,1.35,20.05,20.38,101142,-28.28,-33.0,0.159
2024-07-02T05:32:48.000,33.27,16.37,1.34,20.06,20.38,101143,-28.39,-32.0,0.159
2024-07-02T05:34:49.000,33.26,16.34,1.35,20.06,20.38,101145,-28.6,-32.0,0.159
2024-07-02T05:36:49.000,33.25,16.5,1.36,20.05,20.38,101147,-28.81,-32.0,0.158
2024-07-02T05:37:49.000,33.27,16.51,1.36,20.05,20.38,101148,-28.91,-32.0,0.158
2024-07-02T05:38:49.000,33.23,16.4,1.37,20.04,20.38,101149,-29.01,-32.0,0.158
2024-07-02T05:40:49.000,33.26,16.64,1.43,19.99,20.38,101151,-29.21,-32.0,0.158
2024-07-02T05:42:49.000,33.22,16.75,1.49,19.95,20.38,101153,-29.41,-32.0,0.158
2024-07-02T05:44:49.000,33.18,16.72,1.48,19.96,20.38,101155,-29.61,-31.0,0.158
2024-07-02T05:46:50.000,33.19,16.76,1.43,19.99,20.38,101157,-29.8,-31.0,0.158
2024-07-02T05:47:49.000,33.14,16.59,1.42,20.0,20.38,101158,-29.89,-31.0,0.158
2024-07-02T05:48:50.000,33.1,16.55,1.41,20.01,20.38,101159,-29.99,-31.0,0.158
2024-07-02T05:49:50.000,33.12,16.8,1.41,20.01,20.38,101160,-30.08,-31.0,0.158
2024-07-02T05:50:50.000,33.17,16.87,1.44,19.98,20.38,101161,-30.17,-31.0,0.158
2024-07-02T05:51:50.000,33.22,16.74,1.49,19.95,20.38,101162,-30.27,-31.0,0.158
2024-07-02T05:52:51.000,33.19,16.71,1.52,19.92,20.38,101163,-30.36,-31.0,0.158
2024-07-02T05:53:51.000,33.21,16.85,1.52,19.92,20.38,101164,-30.45,-30.0,0.157
2024-07-02T05:54:51.000,33.2,16.75,1.51,19.93,20.38,101165,-30.54,-30.0,0.157
2024-07-02T05:55:53.000,33.2,16.78,1.5,19.94,20.38,101166,-30.63,-30.0,0.157
2024-07-02T05:56:53.000,33.2,16.73,1.51,19.94,20.38,101167,-30.72,-30.0,0.157
2024-07-02T05:57:53.000,33.21,16.75,1.51,19.93,20.38,101168,-30.8,-30.0,0.157
2024-07-02T05:58:53.000,33.22,16.8,1.54,19.91,20.38,101169,-30.89,-30.0,0.157
2024-07-02T05:59:54.000,33.15,16.65,1.6,19.87,20.38,101170,-30.97,-30.0,0.157
2024-07-02T06:01:55.000,33.1,17.01,2.02,19.62,20.38,101172,-31.14,-30.0,0.157
2024-07-02T06:02:57.000,33.13,17.07,2.17,19.54,20.38,101173,-31.23,-29.0,0.157
2024-07-02T06:03:57.000,33.14,16.93,2.18,19.54,20.38,101174,-31.31,-29.0,0.157
2024-07-02T06:04:57.000,33.14,16.8,2.07,19.59,20.38,101175,-31.39,-29.0,0.157
2024-07-02T06:05:57.000,33.13,16.61,1.9,19.68,20.38,101176,-31.47,-29.0,0.157
2024-07-02T06:06:57.000,33.14,16.52,1.71,19.8,20.38,101177,-31.55,-29.0,0.157
2024-07-02T06:07:57.000,33.06,16.17,1.55,19.9,20.38,101178,-31.63,-29.0,0.157
2024-07-02T06:08:57.000,33.03,16.22,1.47,19.96,20.38,101179,-31.7,-29.0,0.157
2024-07-02T06:09:57.000,33.0,16.05,1.43,19.99,20.38,101180,-31.78,-29.0,0.157
2024-07-02T06:10:57.000,32.97,15.99,1.41,20.01,20.38,101181,-31.86,-29.0,0.157
2024-07-02T06:11:57.000,32.92,15.98,1.38,20.03,20.38,101182,-31.93,-28.0,0.156
2024-07-02T06:12:58.000,32.91,16.05,1.36,20.05,20.38,101183,-32.0,-28.0,0.156
2024-07-02T06:13:57.000,32.93,16.07,1.33,20.07,20.38,101184,-32.08,-28.0,0.156
2024-07-02T06:14:58.000,32.95,15.97,1.31,20.09,20.38,101185,-32.15,-28.0,0.156
