Downloads/jupyter/ECSV/stars19/stars19_2023-12.ecsv
# %ECSV 1.0
# ---
# datatype:
# - {name: time, datatype: string}
# - {name: Enclosure Temperature, unit: deg_C, datatype: float64}
# - {name: Sky Temperature, unit: deg_C, datatype: float64}
# - {name: Frequency, unit: Hz, datatype: float64}
# - {name: MSAS, unit: mag / arcsec2, datatype: float64}
# - {name: ZP, datatype: float64}
# - {name: Sequence Number, datatype: int64}
# - {name: Sun Alt, unit: deg, datatype: float64}
# - {name: Moon Alt, unit: deg, datatype: float64}
# - {name: Moon Illumination, datatype: float64}
# delimiter: ','
# meta: !!omap
# - ida:
#     Data supplier: {affiliation: null, observer: null}
#     Device type: TESS-W
#     Field of view: 17.0
#     Filters per channel: None
#     Instrument ID: stars19
#     License: ODbL 1.0 http://opendatacommons.org/licenses/odbl/summary/
#     Local timezone: America/Phoenix
#     Location name: {country: '- Tucson', place: Tucson, region: United States, sub_region: Arizona, town: Pima County}
#     Measurement direction per channel: {azimuth: 0.0, zenital: 0.0}
#     Moving / Fixed look direction: FIXED
#     Moving / Stationary position: STATIONARY
#     Number of channels: 1
#     Number of fields per line: 8
#     Number of header lines: 35
#     Position: {height: 0.0, latitude: 32.223877, longitude: -110.767532}
#     TESS MAC address: 18:FE:34:CF:EC:06
#     TESS cover offset value: 0.0
#     TESS firmware version: '1.0'
#     TESS zero point: 20.38
#     Time Synchronization: timestamp added by MQTT subscriber
#     URL: http://www.darksky.org/NSBM/sdf1.0.pdf
# - __serialized_columns__:
#     Enclosure Temperature:
#       __class__: astropy.units.quantity.Quantity
#       unit: &id001 !astropy.units.Unit {unit: deg_C}
#       value: !astropy.table.SerializedColumn {name: Enclosure Temperature}
#     Frequency:
#       __class__: astropy.units.quantity.Quantity
#       unit: !astropy.units.Unit {unit: Hz}
#       value: !astropy.table.SerializedColumn {name: Frequency}
#     MSAS:
#       __class__: astropy.units.quantity.Quantity
#       unit: !astropy.units.Unit {unit: mag / arcsec2}
#       value: !astropy.table.SerializedColumn {name: MSAS}
#     Moon Alt:
#       __class__: astropy.units.quantity.Quantity
#       unit: &id002 !astropy.units.Unit {unit: deg}
#       value: !astropy.table.SerializedColumn {name: Moon Alt}
#     Sky Temperature:
#       __class__: astropy.units.quantity.Quantity
#       unit: *id001
#       value: !astropy.table.SerializedColumn {name: Sky Temperature}
#     Sun Alt:
#       __class__: astropy.units.quantity.Quantity
#       unit: *id002
#       value: !astropy.table.SerializedColumn {name: Sun Alt}
#     time:
#       __class__: astropy.time.core.Time
#       format: isot
#       in_subfmt: '*'
#       out_subfmt: '*'
#       precision: 3
#       scale: utc
#       value: !astropy.table.SerializedColumn {name: time}
# schema: astropy-2.0
time,Enclosure Temperature,Sky Temperature,Frequency,MSAS,ZP,Sequence Number,Sun Alt,Moon Alt,Moon Illumination
[from data line 11664]
2023-12-14T12:23:38.000,10.79,-16.16,1.17,20.21,20.38,107069,-23.05,-44.0,0.032
2023-12-14T12:24:38.000,10.77,-16.65,1.17,20.21,20.38,107070,-22.85,-44.0,0.032
2023-12-14T12:25:39.000,10.48,-16.9,1.17,20.21,20.38,107071,-22.64,-44.0,0.032
2023-12-14T12:26:39.000,10.05,-16.97,1.17,20.21,20.38,107072,-22.43,-44.0,0.032
2023-12-14T12:27:39.000,10.04,-16.16,1.17,20.21,20.38,107073,-22.23,-43.0,0.032
2023-12-14T12:28:39.000,10.68,-16.02,1.17,20.21,20.38,107074,-22.02,-43.0,0.033
2023-12-14T12:30:39.000,10.63,-16.79,1.17,20.21,20.38,107076,-21.61,-43.0,0.033
2023-12-14T12:32:39.000,10.0,-16.67,1.18,20.2,20.38,107078,-21.2,-42.0,0.033
2023-12-14T12:33:39.000,10.04,-16.08,1.18,20.2,20.38,107079,-21.0,-42.0,0.033
2023-12-14T12:34:39.000,10.78,-15.85,1.18,20.2,20.38,107080,-20.79,-42.0,0.033
2023-12-14T12:35:39.000,10.98,-16.44,1.18,20.2,20.38,107081,-20.59,-42.0,0.033
2023-12-14T12:36:40.000,10.73,-16.85,1.18,20.2,20.38,107082,-20.38,-42.0,0.033
2023-12-14T12:37:40.000,10.43,-16.59,1.18,20.2,20.38,107083,-20.18,-41.0,0.033
2023-12-14T12:38:40.000,10.11,-16.79,1.18,20.2,20.38,107084,-19.98,-41.0,0.033
2023-12-14T12:40:41.000,10.65,-15.73,1.18,20.2,20.38,107086,-19.56,-41.0,0.033
2023-12-14T12:41:41.000,10.88,-16.48,1.18,20.2,20.38,107087,-19.36,-41.0,0.033
2023-12-14T12:42:41.000,10.64,-16.87,1.19,20.19,20.38,107088,-19.16,-40.0,0.033
2023-12-14T12:43:41.000,10.23,-17.18,1.19,20.19,20.38,107089,-18.95,-40.0,0.033
2023-12-14T12:44:41.000,9.94,-16.7,1.19,20.19,20.38,107090,-18.75,-40.0,0.033
2023-12-14T12:45:41.000,10.43,-16.03,1.19,20.2,20.38,107091,-18.55,-40.0,0.033
2023-12-14T12:46:41.000,10.83,-16.46,1.19,20.19,20.38,107092,-18.35,-40.0,0.033
2023-12-14T12:47:41.000,10.61,-17.35,1.19,20.19,20.38,107093,-18.14,-39.0,0.033
2023-12-14T12:48:41.000,10.18,-17.35,1.19,20.19,20.38,107094,-17.94,-39.0,0.033
2023-12-14T12:49:42.000,9.95,-16.69,1.19,20.19,20.38,107095,-17.73,-39.0,0.033
2023-12-14T12:50:42.000,10.54,-16.01,1.19,20.19,20.38,107096,-17.53,-39.0,0.033
2023-12-14T12:51:42.000,10.86,-16.67,1.19,20.19,20.38,107097,-17.33,-39.0,0.033
2023-12-14T12:52:42.000,10.71,-16.8,1.19,20.19,20.38,107098,-17.13,-38.0,0.033
2023-12-14T12:53:42.000,10.39,-16.95,1.19,20.19,20.38,107099,-16.93,-38.0,0.033
2023-12-14T12:54:42.000,10.04,-16.98,1.19,20.19,20.38,107100,-16.72,-38.0,0.033
2023-12-14T12:55:43.000,10.0,-16.39,1.2,20.18,20.38,107101,-16.52,-38.0,0.033
2023-12-14T12:56:42.000,10.72,-16.05,1.2,20.18,20.38,107102,-16.32,-38.0,0.033
2023-12-14T12:57:43.000,10.88,-16.83,1.2,20.18,20.38,107103,-16.12,-37.0,0.033
2023-12-14T12:58:43.000,10.6,-17.18,1.21,20.18,20.38,107104,-15.91,-37.0,0.033
2023-12-14T12:59:43.000,10.24,-17.06,1.21,20.17,20.38,107105,-15.71,-37.0,0.033
2023-12-14T13:00:43.000,9.92,-16.88,1.22,20.17,20.38,107106,-15.51,-37.0,0.033
2023-12-14T13:01:43.000,10.32,-16.32,1.22,20.16,20.38,107107,-15.31,-37.0,0.033
2023-12-14T13:02:43.000,10.67,-17.02,1.23,20.16,20.38,107108,-15.11,-36.0,0.033
2023-12-14T13:03:43.000,10.54,-16.94,1.24,20.15,20.38,107109,-14.91,-36.0,0.034
2023-12-14T13:04:44.000,10.3,-17.0,1.25,20.14,20.38,107110,-14.7,-36.0,0.034
2023-12-14T13:05:44.000,9.97,-16.8,1.27,20.12,20.38,107111,-14.5,-36.0,0.034
2023-12-14T13:06:44.000,10.16,-16.16,1.29,20.1,20.38,107112,-14.3,-36.0,0.034
2023-12-14T13:07:44.000,10.7,-16.22,1.31,20.08,20.38,107113,-14.1,-35.0,0.034
2023-12-14T13:08:44.000,10.69,-16.95,1.34,20.06,20.38,107114,-13.9,-35.0,0.034
2023-12-14T13:09:44.000,10.37,-17.1,1.37,20.04,20.38,107115,-13.7,-35.0,0.034
2023-12-14T13:10:44.000,10.02,-16.96,1.41,20.01,20.38,107116,-13.5,-35.0,0.034
2023-12-14T13:11:45.000,10.04,-16.37,1.45,19.98,20.38,107117,-13.3,-35.0,0.034
2023-12-14T13:12:45.000,10.68,-16.24,1.5,19.94,20.38,107118,-13.1,-34.0,0.034
2023-12-14T13:14:45.000,10.65,-16.78,1.65,19.83,20.38,107120,-12.7,-34.0,0.034
2023-12-14T13:15:45.000,10.41,-16.68,1.75,19.77,20.38,107121,-12.5,-34.0,0.034
2023-12-14T13:16:46.000,10.17,-16.63,1.87,19.7,20.38,107122,-12.3,-34.0,0.034
2023-12-14T13:17:47.000,9.95,-16.51,2.02,19.62,20.38,107123,-12.1,-33.0,0.034
2023-12-14T13:18:48.000,10.43,-15.69,2.2,19.52,20.38,107124,-11.9,-33.0,0.034
2023-12-14T13:19:48.000,10.95,-16.12,2.41,19.42,20.38,107125,-11.7,-33.0,0.034
2023-12-14T13:21:50.000,10.7,-16.76,3.02,19.18,20.38,107127,-11.3,-33.0,0.034
2023-12-14T13:22:50.000,10.33,-17.13,3.45,19.04,20.38,107128,-11.1,-33.0,0.034
2023-12-14T13:23:50.000,9.96,-17.09,3.95,18.89,20.38,107129,-10.9,-32.0,0.034
2023-12-14T13:24:50.000,10.25,-16.07,4.57,18.73,20.38,107130,-10.7,-32.0,0.034
2023-12-14T13:25:50.000,10.82,-16.6,5.31,18.57,20.38,107131,-10.5,-32.0,0.034
2023-12-14T13:26:50.000,10.71,-17.41,6.2,18.4,20.38,107132,-10.31,-32.0,0.034
2023-12-14T13:27:50.000,10.38,-17.19,7.34,18.22,20.38,107133,-10.11,-32.0,0.034
2023-12-14T13:28:50.000,10.06,-17.4,8.62,18.04,20.38,107134,-9.91,-31.0,0.034
2023-12-14T13:29:50.000,9.99,-16.7,10.33,17.85,20.38,107135,-9.72,-31.0,0.034
2023-12-14T13:30:50.000,10.77,-16.17,12.21,17.66,20.38,107136,-9.52,-31.0,0.034
2023-12-14T13:31:51.000,11.09,-16.71,14.59,17.47,20.38,107137,-9.32,-31.0,0.034
2023-12-14T13:32:50.000,10.9,-17.08,17.46,17.28,20.38,107138,-9.13,-31.0,0.034
2023-12-14T13:33:50.000,10.56,-17.16,20.96,17.08,20.38,107139,-8.93,-30.0,0.034
2023-12-14T13:34:51.000,10.2,-17.11,25.31,16.87,20.38,107140,-8.73,-30.0,0.034
2023-12-14T13:35:51.000,9.93,-16.9,30.58,16.67,20.38,107141,-8.54,-30.0,0.034
2023-12-14T13:36:51.000,10.44,-16.19,37.09,16.46,20.38,107142,-8.34,-30.0,0.034
2023-12-14T13:38:52.000,10.59,-17.48,54.5,16.04,20.38,107144,-7.95,-29.0,0.035
2023-12-14T13:39:53.000,10.23,-17.45,67.09,15.82,20.38,107145,-7.75,-29.0,0.035
2023-12-14T13:42:53.000,10.82,-16.85,128.74,15.11,20.38,107148,-7.16,-29.0,0.035
2023-12-14T13:44:53.000,10.45,-17.22,202.9,14.61,20.38,107150,-6.77,-28.0,0.035
2023-12-14T13:45:54.000,10.13,-17.22,256.47,14.36,20.38,107151,-6.58,-28.0,0.035
2023-12-14T13:46:54.000,9.99,-16.7,325.89,14.1,20.38,107152,-6.38,-28.0,0.035
2023-12-14T13:48:54.000,10.87,-16.94,531.78,13.57,20.38,107154,-5.99,-27.0,0.035
2023-12-14T13:49:54.000,10.62,-17.46,681.53,13.3,20.38,107155,-5.8,-27.0,0.035
2023-12-14T13:50:54.000,10.24,-17.56,874.38,13.03,20.38,107156,-5.61,-27.0,0.035
2023-12-14T13:51:55.000,9.84,-17.6,1124.04,12.76,20.38,107157,-5.41,-27.0,0.035
2023-12-14T13:52:55.000,9.48,-17.47,1445.98,12.48,20.38,107158,-5.22,-27.0,0.035
2023-12-14T13:53:55.000,9.16,-17.44,1855.1,12.21,20.38,107159,-5.03,-27.0,0.035
2023-12-14T13:54:55.000,8.9,-17.37,2374.02,11.94,20.38,107160,-4.83,-26.0,0.035
2023-12-14T13:55:55.000,8.69,-17.3,3025.89,11.68,20.38,107161,-4.64,-26.0,0.035
2023-12-14T13:56:55.000,8.47,-17.36,3836.67,11.42,20.38,107162,-4.45,-26.0,0.035
2023-12-14T13:57:55.000,8.25,-17.4,4836.7,11.17,20.38,107163,-4.26,-26.0,0.035
2023-12-14T13:58:55.000,8.06,-17.44,6051.33,10.93,20.38,107164,-4.07,-26.0,0.035
2023-12-14T13:59:55.000,7.89,-17.34,7528.04,10.69,20.38,107165,-3.87,-25.0,0.035
2023-12-14T14:00:56.000,7.75,-17.39,9296.36,10.46,20.38,107166,-3.68,-25.0,0.035
2023-12-14T14:01:55.000,7.63,-17.26,11397.64,10.24,20.38,107167,-3.49,-25.0,0.035
2023-12-14T14:02:55.000,7.54,-17.24,13867.44,10.03,20.38,107168,-3.3,-25.0,0.035
2023-12-14T14:03:55.000,7.42,-17.29,16539.28,9.91,20.38,107169,-3.11,-25.0,0.035
2023-12-14T14:04:56.000,7.34,-17.25,20032.22,9.63,20.38,107170,-2.92,-24.0,0.035
2023-12-14T14:05:56.000,7.24,-17.29,23808.07,9.44,20.38,107171,-2.73,-24.0,0.035
2023-12-14T14:06:56.000,7.19,-17.16,27774.74,9.34,20.38,107172,-2.54,-24.0,0.035
2023-12-14T14:07:56.000,7.17,-17.16,32473.55,9.18,20.38,107173,-2.35,-24.0,0.035
2023-12-14T14:08:56.000,7.15,-17.1,38133.39,8.93,20.38,107174,-2.16,-24.0,0.035
2023-12-14T14:09:56.000,7.12,-17.11,43982.62,8.77,20.38,107175,-1.97,-23.0,0.035
2023-12-14T14:10:59.000,7.1,-17.11,50369.53,8.63,20.38,107176,-1.77,-23.0,0.035
2023-12-14T14:11:58.000,7.09,-17.04,57469.98,8.48,20.38,107177,-1.58,-23.0,0.035
2023-12-14T14:12:59.000,7.04,-17.21,32607.73,4.33,20.38,107178,-1.39,-23.0,0.035
2023-12-14T14:13:59.000,7.0,-17.1,0.0,0.0,20.38,107179,-1.2,-23.0,0.036
2023-12-14T14:14:59.000,6.94,-17.26,0.0,0.0,20.38,107180,-1.01,-22.0,0.036
2023-12-14T14:15:59.000,6.9,-17.2,0.0,0.0,20.38,107181,-0.82,-22.0,0.036
2023-12-14T14:35:03.000,6.44,-17.21,0.0,0.0,20.38,107200,2.72,-19.0,0.036
2023-12-14T14:36:02.000,6.43,-17.2,0.0,0.0,20.38,107201,2.9,-19.0,0.036
2023-12-14T14:37:03.000,6.43,-17.21,0.0,0.0,20.38,107202,3.08,-18.0,0.036
2023-12-14T14:38:03.000,6.39,-17.27,0.21,0.1,20.38,107203,3.27,-18.0,0.036
2023-12-14T14:39:07.000,6.39,-17.19,0.0,0.0,20.38,107204,3.46,-18.0,0.036
2023-12-14T14:40:07.000,6.42,-17.2,0.0,0.0,20.38,107205,3.64,-18.0,0.036
2023-12-14T14:41:07.000,6.36,-17.46,0.0,0.0,20.38,107206,3.83,-18.0,0.036
2023-12-14T14:42:07.000,6.32,-17.43,0.0,0.0,20.38,107207,4.01,-17.0,0.036
2023-12-14T14:43:09.000,6.33,-17.26,0.0,0.0,20.38,107208,4.2,-17.0,0.036
2023-12-14T14:46:09.000,6.33,-17.15,0.11,0.09,20.38,107211,4.74,-17.0,0.036
2023-12-14T14:50:10.000,6.46,-17.04,0.0,0.0,20.38,107215,5.46,-16.0,0.037
2023-12-14T14:51:10.000,6.48,-17.04,0.0,0.0,20.38,107216,5.64,-16.0,0.037
2023-12-14T14:52:10.000,6.51,-17.03,0.0,0.0,20.38,107217,5.82,-16.0,0.037
2023-12-14T14:54:10.000,6.54,-16.96,0.0,0.0,20.38,107219,6.18,-15.0,0.037
2023-12-14T14:55:10.000,6.56,-17.0,0.0,0.0,20.38,107220,6.36,-15.0,0.037
2023-12-14T14:59:11.000,6.63,-16.85,0.0,0.0,20.38,107224,7.07,-14.0,0.037
2023-12-14T15:00:11.000,6.68,-16.8,0.0,0.0,20.38,107225,7.25,-14.0,0.037
2023-12-14T15:01:11.000,6.7,-16.79,0.37,0.19,20.38,107226,7.42,-14.0,0.037
2023-12-14T15:02:11.000,6.75,-16.69,0.0,0.0,20.38,107227,7.6,-14.0,0.037
2023-12-14T15:03:11.000,6.81,-16.68,0.0,0.0,20.38,107228,7.77,-13.0,0.037
2023-12-14T15:04:11.000,6.85,-16.63,0.0,0.0,20.38,107229,7.95,-13.0,0.037
2023-12-14T15:05:11.000,6.88,-16.7,0.13,0.1,20.38,107230,8.12,-13.0,0.037
2023-12-14T15:06:11.000,6.89,-16.66,0.0,0.0,20.38,107231,8.3,-13.0,0.037
2023-12-14T15:07:11.000,6.92,-16.73,0.0,0.0,20.38,107232,8.47,-13.0,0.037
2023-12-14T15:08:12.000,6.92,-16.79,0.0,0.0,20.38,107233,8.65,-13.0,0.037
2023-12-14T15:51:25.000,8.24,-14.99,0.0,0.0,20.38,107276,15.85,-5.0,0.038
2023-12-14T15:52:25.000,8.29,-14.91,0.0,0.0,20.38,107277,16.0,-5.0,0.038
2023-12-14T15:53:24.000,8.39,-14.74,0.0,0.0,20.38,107278,16.16,-4.0,0.038
2023-12-14T15:55:25.000,8.55,-14.61,0.0,0.0,20.38,107280,16.48,-4.0,0.039
2023-12-14T15:56:25.000,8.61,-14.59,0.0,0.0,20.38,107281,16.63,-4.0,0.039
2023-12-14T15:57:25.000,8.64,-14.55,0.0,0.0,20.38,107282,16.79,-4.0,0.039
2023-12-14T16:37:37.000,11.17,-9.32,0.0,0.0,20.38,107322,22.65,3.0,0.04
2023-12-14T16:38:37.000,11.28,-9.02,0.0,0.0,20.38,107323,22.79,3.0,0.04
2023-12-14T16:39:38.000,11.38,-8.91,0.0,0.0,20.38,107324,22.92,3.0,0.04
2023-12-14T16:41:39.000,11.55,-8.56,0.0,0.0,20.38,107326,23.19,4.0,0.04
2023-12-14T16:42:40.000,11.63,-8.38,0.0,0.0,20.38,107327,23.33,4.0,0.04
2023-12-14T16:43:42.000,11.7,-8.27,0.0,0.0,20.38,107328,23.47,4.0,0.04
2023-12-14T17:19:58.000,14.44,-2.25,0.0,0.0,20.38,107364,27.83,10.0,0.041
2023-12-14T17:21:00.000,14.59,-2.13,0.0,0.0,20.38,107365,27.94,10.0,0.041
2023-12-14T17:22:01.000,14.7,-2.12,0.0,0.0,20.38,107366,28.05,10.0,0.041
2023-12-14T17:24:01.000,14.93,-1.75,0.0,0.0,20.38,107368,28.26,10.0,0.041
2023-12-14T17:25:01.000,15.07,-1.72,0.0,0.0,20.38,107369,28.36,10.0,0.041
2023-12-14T17:26:01.000,15.1,-2.04,0.0,0.0,20.38,107370,28.47,11.0,0.041
2023-12-14T18:35:18.000,32.51,5.21,0.0,0.0,20.38,107439,33.63,20.0,0.044
2023-12-14T18:36:18.000,32.68,4.18,0.0,0.0,20.38,107440,33.67,20.0,0.044
2023-12-14T18:37:19.000,32.66,4.36,0.0,0.0,20.38,107441,33.71,20.0,0.044
2023-12-14T18:39:20.000,32.97,4.91,0.0,0.0,20.38,107443,33.79,20.0,0.044
2023-12-14T18:40:19.000,33.24,5.01,0.0,0.0,20.38,107444,33.83,20.0,0.044
2023-12-14T18:41:19.000,33.29,4.2,0.0,0.0,20.38,107445,33.87,21.0,0.044
2023-12-14T19:20:26.000,33.81,2.78,0.0,0.0,20.38,107484,34.54,25.0,0.045
2023-12-14T19:21:27.000,33.75,3.33,0.0,0.0,20.38,107485,34.54,25.0,0.045
2023-12-14T19:22:27.000,33.85,3.55,0.0,0.0,20.38,107486,34.53,25.0,0.045
2023-12-14T19:24:27.000,33.86,2.41,0.0,0.0,20.38,107488,34.52,25.0,0.045
2023-12-14T19:25:28.000,33.71,3.09,0.0,0.0,20.38,107489,34.52,25.0,0.045
2023-12-14T19:27:28.000,33.83,3.2,0.0,0.0,20.38,107491,34.5,25.0,0.045
2023-12-14T19:28:28.000,33.83,3.03,0.0,0.0,20.38,107492,34.49,25.0,0.045
2023-12-14T19:30:28.000,33.41,2.55,0.0,0.0,20.38,107494,34.46,25.0,0.045
2023-12-14T19:31:28.000,33.41,2.83,0.0,0.0,20.38,107495,34.45,25.0,0.045
2023-12-14T19:32:28.000,33.33,2.39,0.0,0.0,20.38,107496,34.43,26.0,0.045
2023-12-14T19:35:28.000,32.56,2.16,0.0,0.0,20.38,107499,34.38,26.0,0.045
2023-12-14T19:55:45.000,34.03,1.73,0.0,0.0,20.38,107518,33.81,27.0,0.046
2023-12-14T19:56:45.000,34.05,2.36,0.0,0.0,20.38,107519,33.77,27.0,0.046
2023-12-14T19:57:45.000,34.14,2.39,0.0,0.0,20.38,107520,33.73,27.0,0.046
2023-12-14T20:22:53.000,34.7,1.21,0.0,0.0,20.38,107545,32.4,29.0,0.047
2023-12-14T20:23:53.000,34.81,1.3,0.0,0.0,20.38,107546,32.34,29.0,0.047
2023-12-14T20:24:53.000,34.93,1.41,0.0,0.0,20.38,107547,32.27,29.0,0.047
2023-12-14T20:26:53.000,35.34,1.8,0.0,0.0,20.38,107549,32.14,29.0,0.047
2023-12-14T20:28:53.000,35.7,1.75,0.0,0.0,20.38,107551,32.0,29.0,0.047
2023-12-14T20:29:53.000,35.57,-0.06,0.0,0.0,20.38,107552,31.93,29.0,0.047
2023-12-14T20:30:54.000,35.14,-0.16,0.0,0.0,20.38,107553,31.85,29.0,0.047
2023-12-14T20:32:55.000,34.6,0.22,0.0,0.0,20.38,107555,31.71,29.0,0.047
2023-12-14T20:33:54.000,34.59,0.61,0.0,0.0,20.38,107556,31.64,29.0,0.047
2023-12-14T20:34:55.000,34.7,0.29,0.0,0.0,20.38,107557,31.56,29.0,0.047
2023-12-14T20:36:56.000,34.75,0.8,0.0,0.0,20.38,107559,31.41,29.0,0.048
2023-12-14T20:37:56.000,35.0,1.28,0.0,0.0,20.38,107560,31.33,29.0,0.048
2023-12-14T20:38:56.000,35.24,1.15,0.0,0.0,20.38,107561,31.25,29.0,0.048
2023-12-14T20:42:57.000,35.43,0.4,0.0,0.0,20.38,107565,30.93,29.0,0.048
2023-12-14T20:43:57.000,35.53,0.85,0.0,0.0,20.38,107566,30.84,29.0,0.048
2023-12-14T20:44:59.000,35.67,0.7,0.0,0.0,20.38,107567,30.76,29.0,0.048
2023-12-14T20:48:59.000,35.93,0.65,0.0,0.0,20.38,107571,30.41,29.0,0.048
2023-12-14T20:49:59.000,36.05,0.5,0.0,0.0,20.38,107572,30.33,29.0,0.048
2023-12-14T20:52:01.000,36.09,-0.18,0.0,0.0,20.38,107574,30.14,29.0,0.048
2023-12-14T20:53:01.000,35.99,0.4,0.0,0.0,20.38,107575,30.05,30.0,0.048
2023-12-14T20:58:01.000,35.34,-2.3,0.0,0.0,20.38,107580,29.59,30.0,0.048
2023-12-14T20:59:01.000,35.07,-0.37,0.0,0.0,20.38,107581,29.5,30.0,0.048
2023-12-14T21:00:02.000,34.99,-1.21,0.0,0.0,20.38,107582,29.4,30.0,0.048
2023-12-14T21:39:12.000,35.84,-1.93,0.0,0.0,20.38,107621,25.06,29.0,0.05
2023-12-14T21:40:12.000,35.59,-2.39,0.0,0.0,20.38,107622,24.94,29.0,0.05
2023-12-14T21:41:13.000,35.4,-2.47,0.0,0.0,20.38,107623,24.81,29.0,0.05
2023-12-14T21:43:13.000,34.99,-3.24,0.0,0.0,20.38,107625,24.56,29.0,0.05
2023-12-14T21:44:13.000,34.75,-2.92,0.0,0.0,20.38,107626,24.43,29.0,0.05
2023-12-14T21:45:13.000,34.8,-2.13,0.0,0.0,20.38,107627,24.3,29.0,0.05
2023-12-14T22:01:18.000,33.93,-3.98,0.0,0.0,20.38,107643,22.17,29.0,0.05
2023-12-14T22:02:18.000,33.75,-3.54,0.0,0.0,20.38,107644,22.03,28.0,0.05
2023-12-14T22:03:18.000,33.67,-3.52,0.0,0.0,20.38,107645,21.89,28.0,0.051
2023-12-14T22:05:18.000,33.63,-3.65,0.0,0.0,20.38,107647,21.62,28.0,0.051
2023-12-14T22:06:19.000,33.31,-4.7,0.0,0.0,20.38,107648,21.47,28.0,0.051
2023-12-14T22:07:18.000,32.75,-5.85,0.0,0.0,20.38,107649,21.34,28.0,0.051
2023-12-14T22:55:28.000,24.05,-5.73,0.0,0.0,20.38,107697,14.0,25.0,0.052
2023-12-14T22:56:29.000,23.96,-5.77,0.0,0.0,20.38,107698,13.83,25.0,0.052
2023-12-14T22:57:29.000,23.88,-5.79,0.0,0.0,20.38,107699,13.67,25.0,0.052
2023-12-14T22:59:33.000,23.72,-5.7,0.0,0.0,20.38,107701,13.33,25.0,0.052
2023-12-14T23:00:32.000,23.63,-5.9,0.0,0.0,20.38,107702,13.17,25.0,0.053
2023-12-14T23:01:33.000,23.54,-6.05,0.0,0.0,20.38,107703,13.0,24.0,0.053
2023-12-14T23:17:39.000,22.78,-6.01,0.0,0.0,20.38,107719,10.29,23.0,0.053
2023-12-14T23:18:41.000,22.78,-6.0,0.0,0.0,20.38,107720,10.12,23.0,0.053
