Downloads/jupyter/ECSV/stars19/stars19_2022-04.ecsv
# %ECSV 1.0
# ---
# datatype:
# - {name: time, datatype: string}
# - {name: Enclosure Temperature, unit: deg_C, datatype: float64}
# - {name: Sky Temperature, unit: deg_C, datatype: float64}
# - {name: Frequency, unit: Hz, datatype: float64}
# - {name: MSAS, unit: mag / arcsec2, datatype: float64}
# - {name: ZP, datatype: float64}
# - {name: Sequence Number, datatype: int64}
# - {name: Sun Alt, unit: deg, datatype: float64}
# - {name: Moon Alt, unit: deg, datatype: float64}
# - {name: Moon Illumination, datatype: float64}
# delimiter: ','
# meta: !!omap
# - ida:
#     Data supplier: {affiliation: null, observer: null}
#     Device type: TESS-W
#     Field of view: 17.0
#     Filters per channel: None
#     Instrument ID: stars19
#     License: ODbL 1.0 http://opendatacommons.org/licenses/odbl/summary/
#     Local timezone: America/Phoenix
#     Location name: {country: '- Tucson', place: Tucson, region: United States, sub_region: Arizona, town: Pima County}
#     Measurement direction per channel: {azimuth: 0.0, zenital: 0.0}
#     Moving / Fixed look direction: FIXED
#     Moving / Stationary position: STATIONARY
#     Number of channels: 1
#     Number of fields per line: 8
#     Number of header lines: 35
#     Position: {height: 0.0, latitude: 32.223877, longitude: -110.767532}
#     TESS MAC address: 18:FE:34:CF:EC:06
#     TESS cover offset value: 0.0
#     TESS firmware version: '1.0'
#     TESS zero point: 20.5
#     Time Synchronization: timestamp added by MQTT subscriber
#     URL: http://www.darksky.org/NSBM/sdf1.0.pdf
# - __serialized_columns__:
#     Enclosure Temperature:
#       __class__: astropy.units.quantity.Quantity
#       unit: &id001 !astropy.units.Unit {unit: deg_C}
#       value: !astropy.table.SerializedColumn {name: Enclosure Temperature}
#     Frequency:
#       __class__: astropy.units.quantity.Quantity
#       unit: !astropy.units.Unit {unit: Hz}
#       value: !astropy.table.SerializedColumn {name: Frequency}
#     MSAS:
#       __class__: astropy.units.quantity.Quantity
#       unit: !astropy.units.Unit {unit: mag / arcsec2}
#       value: !astropy.table.SerializedColumn {name: MSAS}
#     Moon Alt:
#       __class__: astropy.units.quantity.Quantity
#       unit: &id002 !astropy.units.Unit {unit: deg}
#       value: !astropy.table.SerializedColumn {name: Moon Alt}
#     Sky Temperature:
#       __class__: astropy.units.quantity.Quantity
#       unit: *id001
#       value: !astropy.table.SerializedColumn {name: Sky Temperature}
#     Sun Alt:
#       __class__: astropy.units.quantity.Quantity
#       unit: *id002
#       value: !astropy.table.SerializedColumn {name: Sun Alt}
#     time:
#       __class__: astropy.time.core.Time
#       format: isot
#       in_subfmt: '*'
#       out_subfmt: '*'
#       precision: 3
#       scale: utc
#       value: !astropy.table.SerializedColumn {name: time}
# schema: astropy-2.0
time,Enclosure Temperature,Sky Temperature,Frequency,MSAS,ZP,Sequence Number,Sun Alt,Moon Alt,Moon Illumination
[from data line 21792]
2022-04-24T08:55:34.000,15.72,-10.59,1.08,20.3,20.5,101033,-39.54,-7.0,0.403
2022-04-24T08:56:34.000,15.74,-10.8,1.08,20.3,20.5,101034,-39.43,-7.0,0.403
2022-04-24T08:57:34.000,15.69,-10.89,1.08,20.3,20.5,101035,-39.33,-7.0,0.403
2022-04-24T08:58:34.000,15.68,-10.72,1.08,20.3,20.5,101036,-39.22,-7.0,0.403
2022-04-24T08:59:34.000,15.69,-10.72,1.08,20.3,20.5,101037,-39.11,-7.0,0.403
2022-04-24T09:00:34.000,15.74,-10.52,1.08,20.3,20.5,101038,-38.99,-6.0,0.403
2022-04-24T09:01:34.000,15.76,-10.79,1.08,20.3,20.5,101039,-38.88,-6.0,0.403
2022-04-24T09:02:35.000,15.72,-10.92,1.08,20.3,20.5,101040,-38.77,-6.0,0.403
2022-04-24T09:04:35.000,15.76,-10.71,1.08,20.3,20.5,101042,-38.54,-6.0,0.403
2022-04-24T09:05:35.000,15.78,-10.77,1.08,20.3,20.5,101043,-38.42,-5.0,0.402
2022-04-24T09:06:35.000,15.69,-11.03,1.08,20.3,20.5,101044,-38.31,-5.0,0.402
2022-04-24T09:07:35.000,15.59,-11.08,1.08,20.3,20.5,101045,-38.19,-5.0,0.402
2022-04-24T09:08:35.000,15.52,-11.1,1.08,20.3,20.5,101046,-38.07,-5.0,0.402
2022-04-24T09:10:36.000,15.35,-11.15,1.08,20.3,20.5,101048,-37.83,-5.0,0.402
2022-04-24T09:12:42.000,15.33,-10.89,1.08,20.3,20.5,101050,-37.58,-4.0,0.402
2022-04-24T09:13:42.000,15.34,-10.81,1.08,20.3,20.5,101051,-37.46,-4.0,0.402
2022-04-24T09:14:47.000,15.4,-10.68,1.08,20.3,20.5,101052,-37.32,-4.0,0.402
2022-04-24T09:15:47.000,15.44,-10.76,1.08,20.3,20.5,101053,-37.2,-4.0,0.402
2022-04-24T09:16:47.000,15.4,-10.86,1.08,20.3,20.5,101054,-37.07,-3.0,0.402
2022-04-24T09:17:47.000,15.4,-10.79,1.08,20.3,20.5,101055,-36.95,-3.0,0.402
2022-04-24T09:18:47.000,15.45,-10.73,1.08,20.3,20.5,101056,-36.82,-3.0,0.401
2022-04-24T09:19:47.000,15.49,-10.79,1.08,20.3,20.5,101057,-36.7,-3.0,0.401
2022-04-24T09:20:47.000,15.52,-10.77,1.08,20.3,20.5,101058,-36.57,-3.0,0.401
2022-04-24T09:21:47.000,15.55,-10.89,1.08,20.3,20.5,101059,-36.44,-2.0,0.401
2022-04-24T09:22:47.000,15.56,-10.87,1.08,20.3,20.5,101060,-36.31,-2.0,0.401
2022-04-24T09:23:47.000,15.61,-10.78,1.08,20.3,20.5,101061,-36.18,-2.0,0.401
2022-04-24T09:24:49.000,15.65,-10.72,1.08,20.29,20.5,101062,-36.05,-2.0,0.401
2022-04-24T09:25:49.000,15.64,-10.78,1.08,20.29,20.5,101063,-35.91,-2.0,0.401
2022-04-24T09:26:49.000,15.68,-10.66,1.08,20.29,20.5,101064,-35.78,-1.0,0.401
2022-04-24T09:27:49.000,15.71,-10.62,1.09,20.29,20.5,101065,-35.65,-1.0,0.401
2022-04-24T09:28:49.000,15.72,-10.75,1.09,20.29,20.5,101066,-35.51,-1.0,0.401
2022-04-24T09:29:49.000,15.72,-10.92,1.09,20.29,20.5,101067,-35.38,-1.0,0.401
2022-04-24T09:30:49.000,15.7,-10.86,1.09,20.29,20.5,101068,-35.25,-1.0,0.401
2022-04-24T09:32:49.000,15.69,-10.99,1.09,20.28,20.5,101070,-34.97,-0.0,0.4
2022-04-24T09:33:50.000,15.7,-10.81,1.09,20.29,20.5,101071,-34.83,-0.0,0.4
2022-04-24T09:34:50.000,15.71,-10.76,1.09,20.29,20.5,101072,-34.7,0.0,0.4
2022-04-24T09:35:50.000,15.72,-10.79,1.09,20.29,20.5,101073,-34.56,0.0,0.4
2022-04-24T09:36:50.000,15.7,-10.93,1.09,20.28,20.5,101074,-34.42,0.0,0.4
2022-04-24T09:37:50.000,15.7,-10.83,1.09,20.28,20.5,101075,-34.28,1.0,0.4
2022-04-24T09:38:50.000,15.68,-10.94,1.1,20.28,20.5,101076,-34.14,1.0,0.4
2022-04-24T09:39:50.000,15.67,-10.89,1.1,20.28,20.5,101077,-34.0,1.0,0.4
2022-04-24T09:40:50.000,15.65,-10.83,1.1,20.28,20.5,101078,-33.85,1.0,0.4
2022-04-24T09:41:50.000,15.66,-10.78,1.1,20.28,20.5,101079,-33.71,1.0,0.4
2022-04-24T09:42:50.000,15.67,-10.9,1.1,20.28,20.5,101080,-33.57,1.0,0.4
2022-04-24T09:43:51.000,15.65,-11.1,1.1,20.27,20.5,101081,-33.42,2.0,0.4
2022-04-24T09:44:50.000,15.64,-11.07,1.1,20.27,20.5,101082,-33.28,2.0,0.399
2022-04-24T09:45:51.000,15.63,-10.96,1.11,20.27,20.5,101083,-33.13,2.0,0.399
2022-04-24T09:46:51.000,15.63,-10.88,1.11,20.27,20.5,101084,-32.99,2.0,0.399
2022-04-24T09:47:51.000,15.63,-10.96,1.11,20.27,20.5,101085,-32.84,2.0,0.399
2022-04-24T09:48:51.000,15.53,-11.26,1.11,20.26,20.5,101086,-32.69,3.0,0.399
2022-04-24T09:49:51.000,15.42,-11.31,1.12,20.26,20.5,101087,-32.55,3.0,0.399
2022-04-24T09:50:51.000,15.32,-11.4,1.12,20.26,20.5,101088,-32.4,3.0,0.399
2022-04-24T09:51:51.000,15.27,-11.2,1.12,20.26,20.5,101089,-32.25,3.0,0.399
2022-04-24T09:52:51.000,15.25,-11.22,1.12,20.26,20.5,101090,-32.1,3.0,0.399
2022-04-24T09:53:51.000,15.24,-11.19,1.12,20.26,20.5,101091,-31.95,3.0,0.399
2022-04-24T09:54:51.000,15.24,-11.15,1.12,20.25,20.5,101092,-31.8,4.0,0.399
2022-04-24T09:55:51.000,15.23,-11.14,1.13,20.25,20.5,101093,-31.65,4.0,0.399
2022-04-24T09:56:51.000,15.26,-10.93,1.13,20.25,20.5,101094,-31.5,4.0,0.399
2022-04-24T09:57:58.000,15.31,-10.84,1.13,20.25,20.5,101095,-31.33,4.0,0.398
2022-04-24T09:58:58.000,15.36,-10.84,1.13,20.25,20.5,101096,-31.17,4.0,0.398
2022-04-24T09:59:58.000,15.36,-11.15,1.13,20.25,20.5,101097,-31.02,5.0,0.398
2022-04-24T10:00:58.000,15.32,-11.32,1.13,20.25,20.5,101098,-30.87,5.0,0.398
2022-04-24T10:01:58.000,15.27,-11.39,1.15,20.23,20.5,101099,-30.71,5.0,0.398
2022-04-24T10:02:59.000,15.21,-11.41,1.15,20.23,20.5,101100,-30.55,5.0,0.398
2022-04-24T10:03:59.000,15.14,-11.54,1.14,20.24,20.5,101101,-30.4,5.0,0.398
2022-04-24T10:04:59.000,15.01,-11.56,1.14,20.24,20.5,101102,-30.24,5.0,0.398
2022-04-24T10:05:59.000,15.0,-11.24,1.14,20.24,20.5,101103,-30.08,6.0,0.398
2022-04-24T10:07:59.000,15.0,-11.25,1.14,20.24,20.5,101105,-29.77,6.0,0.398
2022-04-24T10:10:05.000,15.0,-11.07,1.14,20.23,20.5,101107,-29.44,6.0,0.398
2022-04-24T10:11:05.000,15.01,-10.98,1.14,20.23,20.5,101108,-29.28,7.0,0.397
2022-04-24T10:12:05.000,15.03,-10.94,1.15,20.23,20.5,101109,-29.12,7.0,0.397
2022-04-24T10:13:05.000,15.04,-10.96,1.15,20.23,20.5,101110,-28.96,7.0,0.397
2022-04-24T10:15:05.000,14.95,-11.44,1.15,20.23,20.5,101112,-28.63,7.0,0.397
2022-04-24T10:16:05.000,14.82,-11.51,1.15,20.23,20.5,101113,-28.47,7.0,0.397
2022-04-24T10:17:05.000,14.77,-11.32,1.17,20.21,20.5,101114,-28.31,8.0,0.397
2022-04-24T10:18:05.000,14.77,-11.22,1.17,20.21,20.5,101115,-28.15,8.0,0.397
2022-04-24T10:19:05.000,14.79,-11.17,1.17,20.21,20.5,101116,-27.98,8.0,0.397
2022-04-24T10:20:06.000,14.82,-11.12,1.16,20.22,20.5,101117,-27.82,8.0,0.397
2022-04-24T10:21:05.000,14.83,-11.16,1.16,20.22,20.5,101118,-27.65,8.0,0.397
2022-04-24T10:22:06.000,14.84,-11.11,1.16,20.22,20.5,101119,-27.49,9.0,0.397
2022-04-24T10:23:06.000,14.84,-11.14,1.16,20.22,20.5,101120,-27.32,9.0,0.397
2022-04-24T10:25:12.000,14.81,-11.17,1.16,20.22,20.5,101122,-26.97,9.0,0.396
2022-04-24T10:26:13.000,14.8,-11.13,1.16,20.22,20.5,101123,-26.8,9.0,0.396
2022-04-24T10:27:13.000,14.8,-11.12,1.16,20.21,20.5,101124,-26.64,9.0,0.396
2022-04-24T10:28:13.000,14.8,-11.17,1.16,20.21,20.5,101125,-26.47,10.0,0.396
2022-04-24T10:29:13.000,14.79,-11.19,1.17,20.21,20.5,101126,-26.3,10.0,0.396
2022-04-24T10:30:13.000,14.79,-11.23,1.17,20.21,20.5,101127,-26.13,10.0,0.396
2022-04-24T10:32:13.000,14.8,-11.07,1.17,20.21,20.5,101129,-25.79,10.0,0.396
2022-04-24T10:33:14.000,14.82,-11.14,1.17,20.21,20.5,101130,-25.62,10.0,0.396
2022-04-24T10:36:14.000,14.81,-11.27,1.18,20.2,20.5,101133,-25.11,11.0,0.396
2022-04-24T10:37:14.000,14.8,-11.2,1.18,20.2,20.5,101134,-24.94,11.0,0.396
2022-04-24T10:38:14.000,14.83,-11.15,1.18,20.2,20.5,101135,-24.77,11.0,0.395
2022-04-24T10:39:14.000,14.84,-11.16,1.18,20.2,20.5,101136,-24.59,11.0,0.395
2022-04-24T10:40:14.000,14.86,-11.17,1.18,20.2,20.5,101137,-24.42,12.0,0.395
2022-04-24T10:41:14.000,14.9,-11.17,1.18,20.2,20.5,101138,-24.25,12.0,0.395
2022-04-24T10:42:14.000,14.91,-11.27,1.18,20.2,20.5,101139,-24.07,12.0,0.395
2022-04-24T10:43:14.000,14.92,-11.23,1.19,20.19,20.5,101140,-23.9,12.0,0.395
2022-04-24T10:44:14.000,14.93,-11.21,1.19,20.19,20.5,101141,-23.73,12.0,0.395
2022-04-24T10:45:14.000,14.94,-11.32,1.19,20.19,20.5,101142,-23.55,12.0,0.395
2022-04-24T10:46:19.000,14.89,-11.46,1.19,20.19,20.5,101143,-23.36,13.0,0.395
2022-04-24T10:47:19.000,14.81,-11.56,1.2,20.19,20.5,101144,-23.19,13.0,0.395
2022-04-24T10:48:19.000,14.7,-11.8,1.2,20.18,20.5,101145,-23.01,13.0,0.395
2022-04-24T10:49:19.000,14.59,-11.84,1.2,20.18,20.5,101146,-22.83,13.0,0.395
2022-04-24T10:50:19.000,14.55,-11.59,1.2,20.18,20.5,101147,-22.66,13.0,0.395
2022-04-24T10:51:19.000,14.56,-11.49,1.2,20.18,20.5,101148,-22.48,14.0,0.394
2022-04-24T10:52:19.000,14.58,-11.47,1.21,20.18,20.5,101149,-22.3,14.0,0.394
2022-04-24T10:56:19.000,14.64,-11.41,1.22,20.16,20.5,101153,-21.59,14.0,0.394
2022-04-24T10:57:20.000,14.62,-11.6,1.22,20.16,20.5,101154,-21.41,15.0,0.394
2022-04-24T10:58:20.000,14.6,-11.64,1.23,20.16,20.5,101155,-21.23,15.0,0.394
2022-04-24T10:59:20.000,14.58,-11.62,1.23,20.15,20.5,101156,-21.05,15.0,0.394
2022-04-24T11:01:20.000,14.59,-11.66,1.24,20.15,20.5,101158,-20.69,15.0,0.394
2022-04-24T11:04:27.000,14.47,-11.7,1.25,20.14,20.5,101161,-20.12,16.0,0.393
2022-04-24T11:05:27.000,14.46,-11.66,1.26,20.13,20.5,101162,-19.94,16.0,0.393
2022-04-24T11:06:27.000,14.47,-11.58,1.26,20.13,20.5,101163,-19.76,16.0,0.393
2022-04-24T11:07:28.000,14.47,-11.71,1.27,20.12,20.5,101164,-19.57,16.0,0.393
2022-04-24T11:08:28.000,14.45,-11.74,1.27,20.12,20.5,101165,-19.39,16.0,0.393
2022-04-24T11:09:29.000,14.43,-11.75,1.28,20.11,20.5,101166,-19.2,16.0,0.393
2022-04-24T11:10:28.000,14.39,-11.84,1.28,20.11,20.5,101167,-19.02,17.0,0.393
2022-04-24T11:11:29.000,14.32,-11.93,1.29,20.1,20.5,101168,-18.84,17.0,0.393
2022-04-24T11:12:29.000,14.2,-12.15,1.29,20.1,20.5,101169,-18.65,17.0,0.393
2022-04-24T11:13:29.000,14.09,-12.04,1.3,20.09,20.5,101170,-18.47,17.0,0.393
2022-04-24T11:14:29.000,14.06,-11.88,1.31,20.09,20.5,101171,-18.28,17.0,0.393
2022-04-24T11:15:29.000,14.0,-11.97,1.31,20.08,20.5,101172,-18.1,17.0,0.393
2022-04-24T11:16:29.000,13.97,-11.85,1.32,20.08,20.5,101173,-17.91,18.0,0.393
2022-04-24T11:17:29.000,13.97,-11.86,1.32,20.08,20.5,101174,-17.73,18.0,0.392
2022-04-24T11:18:30.000,13.93,-11.85,1.33,20.07,20.5,101175,-17.54,18.0,0.392
2022-04-24T11:20:35.000,13.96,-11.79,1.34,20.06,20.5,101177,-17.15,18.0,0.392
2022-04-24T11:21:35.000,13.97,-11.81,1.35,20.06,20.5,101178,-16.96,18.0,0.392
2022-04-24T11:22:35.000,13.95,-11.89,1.35,20.05,20.5,101179,-16.77,19.0,0.392
2022-04-24T11:23:35.000,13.91,-11.94,1.36,20.04,20.5,101180,-16.59,19.0,0.392
2022-04-24T11:25:36.000,13.89,-11.75,1.38,20.03,20.5,101182,-16.21,19.0,0.392
2022-04-24T11:27:41.000,13.88,-11.64,1.4,20.02,20.5,101184,-15.82,19.0,0.392
2022-04-24T11:28:42.000,13.86,-11.63,1.41,20.0,20.5,101185,-15.62,19.0,0.392
2022-04-24T11:30:42.000,13.83,-11.69,1.43,19.99,20.5,101187,-15.25,20.0,0.391
2022-04-24T11:31:42.000,13.81,-11.7,1.44,19.99,20.5,101188,-15.06,20.0,0.391
2022-04-24T11:32:42.000,13.78,-11.71,1.45,19.98,20.5,101189,-14.87,20.0,0.391
2022-04-24T11:33:42.000,13.77,-11.71,1.46,19.97,20.5,101190,-14.68,20.0,0.391
2022-04-24T11:34:42.000,13.78,-11.62,1.48,19.95,20.5,101191,-14.49,20.0,0.391
2022-04-24T11:35:42.000,13.78,-11.62,1.5,19.94,20.5,101192,-14.3,21.0,0.391
2022-04-24T11:36:42.000,13.79,-11.58,1.52,19.93,20.5,101193,-14.1,21.0,0.391
2022-04-24T11:37:42.000,13.83,-11.52,1.54,19.91,20.5,101194,-13.91,21.0,0.391
2022-04-24T11:38:43.000,13.88,-11.46,1.57,19.89,20.5,101195,-13.72,21.0,0.391
2022-04-24T11:39:42.000,13.91,-11.48,1.61,19.87,20.5,101196,-13.53,21.0,0.391
2022-04-24T11:40:43.000,13.94,-11.58,1.65,19.84,20.5,101197,-13.34,21.0,0.391
2022-04-24T11:41:42.000,13.94,-11.73,1.69,19.81,20.5,101198,-13.15,21.0,0.391
2022-04-24T11:42:43.000,13.9,-12.06,1.75,19.77,20.5,101199,-12.95,22.0,0.391
2022-04-24T11:43:49.000,13.84,-12.08,1.81,19.73,20.5,101200,-12.74,22.0,0.39
2022-04-24T11:44:49.000,13.82,-12.04,1.9,19.68,20.5,101201,-12.55,22.0,0.39
2022-04-24T11:45:49.000,13.78,-11.96,2.0,19.63,20.5,101202,-12.35,22.0,0.39
2022-04-24T11:46:49.000,13.79,-11.77,2.13,19.56,20.5,101203,-12.16,22.0,0.39
2022-04-24T11:47:49.000,13.79,-11.72,2.28,19.48,20.5,101204,-11.97,22.0,0.39
2022-04-24T11:48:50.000,13.85,-11.58,2.45,19.41,20.5,101205,-11.77,22.0,0.39
2022-04-24T11:49:50.000,13.88,-11.7,2.66,19.32,20.5,101206,-11.58,23.0,0.39
2022-04-24T11:50:50.000,13.87,-11.82,2.88,19.23,20.5,101207,-11.38,23.0,0.39
2022-04-24T11:51:50.000,13.83,-12.0,3.17,19.13,20.5,101208,-11.19,23.0,0.39
2022-04-24T11:52:50.000,13.78,-12.1,3.51,19.02,20.5,101209,-10.99,23.0,0.39
2022-04-24T11:53:50.000,13.71,-12.21,3.93,18.89,20.5,101210,-10.8,23.0,0.39
2022-04-24T11:55:50.000,13.73,-11.9,5.01,18.63,20.5,101212,-10.41,23.0,0.39
2022-04-24T11:56:51.000,13.75,-11.87,5.7,18.49,20.5,101213,-10.21,24.0,0.389
2022-04-24T11:58:50.000,13.74,-12.0,7.58,18.18,20.5,101215,-9.82,24.0,0.389
2022-04-24T11:59:50.000,13.74,-11.96,8.79,18.02,20.5,101216,-9.62,24.0,0.389
2022-04-24T12:00:50.000,13.75,-12.03,10.37,17.84,20.5,101217,-9.43,24.0,0.389
2022-04-24T12:01:51.000,13.76,-12.05,12.25,17.66,20.5,101218,-9.23,24.0,0.389
2022-04-24T12:02:51.000,13.76,-12.1,14.54,17.47,20.5,101219,-9.03,24.0,0.389
2022-04-24T12:03:51.000,13.78,-12.05,17.36,17.28,20.5,101220,-8.84,25.0,0.389
2022-04-24T12:04:51.000,13.77,-12.19,20.85,17.08,20.5,101221,-8.64,25.0,0.389
2022-04-24T12:05:52.000,13.73,-12.38,25.35,16.87,20.5,101222,-8.44,25.0,0.389
2022-04-24T12:06:51.000,13.66,-12.35,31.07,16.65,20.5,101223,-8.24,25.0,0.389
2022-04-24T12:07:52.000,13.59,-12.37,38.22,16.43,20.5,101224,-8.04,25.0,0.389
2022-04-24T12:08:53.000,13.56,-12.38,46.48,16.21,20.5,101225,-7.84,25.0,0.389
2022-04-24T12:09:53.000,13.46,-12.48,59.27,15.95,20.5,101226,-7.64,25.0,0.388
2022-04-24T12:10:53.000,13.4,-12.35,75.23,15.69,20.5,101227,-7.45,25.0,0.388
2022-04-24T12:11:54.000,13.36,-12.29,95.66,15.43,20.5,101228,-7.24,26.0,0.388
2022-04-24T12:12:54.000,13.31,-12.36,122.31,15.16,20.5,101229,-7.04,26.0,0.388
2022-04-24T12:13:54.000,13.27,-12.22,156.52,14.9,20.5,101230,-6.85,26.0,0.388
2022-04-24T12:14:54.000,13.29,-12.12,201.15,14.62,20.5,101231,-6.65,26.0,0.388
2022-04-24T12:15:54.000,13.28,-12.13,258.47,14.35,20.5,101232,-6.45,26.0,0.388
2022-04-24T12:16:54.000,13.23,-12.29,332.24,14.08,20.5,101233,-6.25,26.0,0.388
2022-04-24T12:17:55.000,13.19,-12.25,427.37,13.81,20.5,101234,-6.05,26.0,0.388
2022-04-24T12:18:55.000,13.15,-12.23,549.76,13.53,20.5,101235,-5.85,27.0,0.388
2022-04-24T12:19:56.000,13.14,-12.2,706.47,13.26,20.5,101236,-5.64,27.0,0.388
2022-04-24T12:20:56.000,13.16,-12.09,908.2,12.99,20.5,101237,-5.44,27.0,0.388
2022-04-24T12:21:56.000,13.21,-11.99,1169.44,12.71,20.5,101238,-5.24,27.0,0.388
2022-04-24T12:22:56.000,13.23,-12.11,1503.3,12.44,20.5,101239,-5.04,27.0,0.388
2022-04-24T12:24:57.000,13.11,-12.59,2479.33,11.9,20.5,101241,-4.64,27.0,0.387
2022-04-24T12:25:57.000,13.01,-12.73,3179.45,11.63,20.5,101242,-4.44,27.0,0.387
2022-04-24T12:26:58.000,12.91,-12.72,4058.74,11.36,20.5,101243,-4.23,28.0,0.387
2022-04-24T12:27:58.000,12.87,-12.64,5154.7,11.1,20.5,101244,-4.03,28.0,0.387
2022-04-24T12:28:58.000,12.81,-12.69,6503.53,10.85,20.5,101245,-3.83,28.0,0.387
2022-04-24T12:29:58.000,12.77,-12.54,8134.29,10.61,20.5,101246,-3.63,28.0,0.387
2022-04-24T12:30:58.000,12.77,-12.37,10091.51,10.37,20.5,101247,-3.43,28.0,0.387
2022-04-24T12:31:58.000,12.81,-12.3,12413.58,10.15,20.5,101248,-3.23,28.0,0.387
2022-04-24T12:32:58.000,12.82,-12.34,15145.06,9.93,20.5,101249,-3.02,28.0,0.387
2022-04-24T12:33:58.000,12.87,-12.21,18322.7,9.72,20.5,101250,-2.82,28.0,0.387
2022-04-24T12:34:58.000,12.91,-12.17,22034.42,9.52,20.5,101251,-2.62,28.0,0.387
2022-04-24T12:35:58.000,12.97,-12.17,25708.86,9.5,20.5,101252,-2.42,29.0,0.387
2022-04-24T12:36:59.000,12.96,-12.37,31146.0,9.15,20.5,101253,-2.21,29.0,0.386
2022-04-24T12:37:59.000,12.94,-12.3,36239.85,9.06,20.5,101254,-2.01,29.0,0.386
2022-04-24T12:38:59.000,12.98,-12.18,42792.7,8.8,20.5,101255,-1.81,29.0,0.386
2022-04-24T12:39:59.000,13.04,-12.23,49627.14,8.64,20.5,101256,-1.6,29.0,0.386
2022-04-24T12:40:59.000,13.0,-12.69,57179.22,8.49,20.5,101257,-1.4,29.0,0.386
2022-04-24T12:41:59.000,13.01,-12.46,29065.69,3.86,20.5,101258,-1.2,29.0,0.386
2022-04-24T12:43:59.000,13.0,-12.6,0.0,0.0,20.5,101260,-0.79,30.0,0.386
2022-04-24T12:44:59.000,12.98,-12.7,0.0,0.0,20.5,101261,-0.59,30.0,0.386
2022-04-24T12:46:00.000,12.97,-12.73,0.0,0.0,20.5,101262,-0.38,30.0,0.386
2022-04-24T13:04:01.000,12.55,-12.64,0.0,0.0,20.5,101280,3.31,32.0,0.384
