Downloads/jupyter/ECSV/stars19/stars19_2024-04.ecsv
# %ECSV 1.0
# ---
# datatype:
# - {name: time, datatype: string}
# - {name: Enclosure Temperature, unit: deg_C, datatype: float64}
# - {name: Sky Temperature, unit: deg_C, datatype: float64}
# - {name: Frequency, unit: Hz, datatype: float64}
# - {name: MSAS, unit: mag / arcsec2, datatype: float64}
# - {name: ZP, datatype: float64}
# - {name: Sequence Number, datatype: int64}
# - {name: Sun Alt, unit: deg, datatype: float64}
# - {name: Moon Alt, unit: deg, datatype: float64}
# - {name: Moon Illumination, datatype: float64}
# delimiter: ','
# meta: !!omap
# - ida:
#     Data supplier: {affiliation: null, observer: null}
#     Device type: TESS-W
#     Field of view: 17.0
#     Filters per channel: None
#     Instrument ID: stars19
#     License: ODbL 1.0 http://opendatacommons.org/licenses/odbl/summary/
#     Local timezone: America/Phoenix
#     Location name: {country: '- Tucson', place: Tucson, region: United States, sub_region: Arizona, town: Pima County}
#     Measurement direction per channel: {azimuth: 0.0, zenital: 0.0}
#     Moving / Fixed look direction: FIXED
#     Moving / Stationary position: STATIONARY
#     Number of channels: 1
#     Number of fields per line: 8
#     Number of header lines: 35
#     Position: {height: 0.0, latitude: 32.223877, longitude: -110.767532}
#     TESS MAC address: 18:FE:34:CF:EC:06
#     TESS cover offset value: 0.0
#     TESS firmware version: '1.0'
#     TESS zero point: 20.38
#     Time Synchronization: timestamp added by MQTT subscriber
#     URL: http://www.darksky.org/NSBM/sdf1.0.pdf
# - __serialized_columns__:
#     Enclosure Temperature:
#       __class__: astropy.units.quantity.Quantity
#       unit: &id001 !astropy.units.Unit {unit: deg_C}
#       value: !astropy.table.SerializedColumn {name: Enclosure Temperature}
#     Frequency:
#       __class__: astropy.units.quantity.Quantity
#       unit: !astropy.units.Unit {unit: Hz}
#       value: !astropy.table.SerializedColumn {name: Frequency}
#     MSAS:
#       __class__: astropy.units.quantity.Quantity
#       unit: !astropy.units.Unit {unit: mag / arcsec2}
#       value: !astropy.table.SerializedColumn {name: MSAS}
#     Moon Alt:
#       __class__: astropy.units.quantity.Quantity
#       unit: &id002 !astropy.units.Unit {unit: deg}
#       value: !astropy.table.SerializedColumn {name: Moon Alt}
#     Sky Temperature:
#       __class__: astropy.units.quantity.Quantity
#       unit: *id001
#       value: !astropy.table.SerializedColumn {name: Sky Temperature}
#     Sun Alt:
#       __class__: astropy.units.quantity.Quantity
#       unit: *id002
#       value: !astropy.table.SerializedColumn {name: Sun Alt}
#     time:
#       __class__: astropy.time.core.Time
#       format: isot
#       in_subfmt: '*'
#       out_subfmt: '*'
#       precision: 3
#       scale: utc
#       value: !astropy.table.SerializedColumn {name: time}
# schema: astropy-2.0
time,Enclosure Temperature,Sky Temperature,Frequency,MSAS,ZP,Sequence Number,Sun Alt,Moon Alt,Moon Illumination
[from data line 18012]
2024-04-28T10:35:48.000,14.53,-8.39,2.37,19.44,20.38,8488,-24.02,28.0,0.808
2024-04-28T10:36:48.000,14.52,-8.39,2.39,19.44,20.38,8489,-23.85,28.0,0.808
2024-04-28T10:37:48.000,14.42,-8.69,2.39,19.43,20.38,8490,-23.68,28.0,0.808
2024-04-28T10:38:48.000,14.44,-8.3,2.38,19.44,20.38,8491,-23.51,28.0,0.808
2024-04-28T10:39:48.000,14.45,-8.41,2.4,19.43,20.38,8492,-23.34,28.0,0.808
2024-04-28T10:40:48.000,14.46,-8.36,2.39,19.43,20.38,8493,-23.17,28.0,0.808
2024-04-28T10:41:48.000,14.46,-8.47,2.37,19.44,20.38,8494,-23.0,28.0,0.808
2024-04-28T10:42:48.000,14.37,-8.74,2.39,19.43,20.38,8495,-22.83,28.0,0.808
2024-04-28T10:43:48.000,14.23,-8.85,2.38,19.44,20.38,8496,-22.66,28.0,0.808
2024-04-28T10:44:49.000,14.09,-8.95,2.38,19.44,20.38,8497,-22.48,28.0,0.808
2024-04-28T10:45:49.000,13.98,-8.93,2.38,19.44,20.38,8498,-22.31,28.0,0.808
2024-04-28T10:46:49.000,13.91,-8.89,2.38,19.44,20.38,8499,-22.14,28.0,0.807
2024-04-28T10:47:49.000,13.93,-8.57,2.38,19.44,20.38,8500,-21.96,28.0,0.807
2024-04-28T10:48:49.000,14.01,-8.39,2.39,19.44,20.38,8501,-21.79,28.0,0.807
2024-04-28T10:49:49.000,14.07,-8.49,2.37,19.44,20.38,8502,-21.61,28.0,0.807
2024-04-28T10:50:50.000,14.05,-8.76,2.39,19.43,20.38,8503,-21.44,28.0,0.807
2024-04-28T10:51:50.000,14.02,-8.65,2.38,19.44,20.38,8504,-21.26,28.0,0.807
2024-04-28T10:52:50.000,14.02,-8.69,2.38,19.44,20.38,8505,-21.09,28.0,0.807
2024-04-28T10:53:50.000,13.94,-8.94,2.39,19.44,20.38,8506,-20.91,28.0,0.807
2024-04-28T10:54:50.000,13.83,-8.94,2.4,19.43,20.38,8507,-20.73,28.0,0.807
2024-04-28T10:55:50.000,13.81,-8.75,2.38,19.44,20.38,8508,-20.56,28.0,0.807
2024-04-28T10:56:50.000,13.82,-8.75,2.39,19.44,20.38,8509,-20.38,28.0,0.807
2024-04-28T10:57:51.000,13.84,-8.57,2.37,19.44,20.38,8510,-20.2,28.0,0.807
2024-04-28T10:58:51.000,13.9,-8.49,2.39,19.44,20.38,8511,-20.02,28.0,0.807
2024-04-28T10:59:51.000,13.92,-8.52,2.39,19.43,20.38,8512,-19.84,28.0,0.807
2024-04-28T11:00:51.000,13.93,-8.52,2.39,19.43,20.38,8513,-19.67,28.0,0.807
2024-04-28T11:01:51.000,13.95,-8.53,2.37,19.44,20.38,8514,-19.49,28.0,0.807
2024-04-28T11:02:51.000,13.91,-8.75,2.36,19.45,20.38,8515,-19.31,28.0,0.807
2024-04-28T11:03:51.000,13.88,-8.59,2.38,19.44,20.38,8516,-19.13,28.0,0.806
2024-04-28T11:04:51.000,13.92,-8.43,2.38,19.44,20.38,8517,-18.95,28.0,0.806
2024-04-28T11:05:51.000,13.98,-8.35,2.36,19.45,20.38,8518,-18.77,28.0,0.806
2024-04-28T11:06:54.000,13.99,-8.6,2.37,19.44,20.38,8519,-18.58,28.0,0.806
2024-04-28T11:07:54.000,13.94,-8.69,2.36,19.45,20.38,8520,-18.4,28.0,0.806
2024-04-28T11:08:54.000,13.9,-8.67,2.35,19.45,20.38,8521,-18.22,28.0,0.806
2024-04-28T11:09:55.000,13.9,-8.63,2.37,19.44,20.38,8522,-18.03,28.0,0.806
2024-04-28T11:10:55.000,13.87,-8.75,2.35,19.45,20.38,8523,-17.85,28.0,0.806
2024-04-28T11:11:54.000,13.81,-8.88,2.34,19.46,20.38,8524,-17.67,28.0,0.806
2024-04-28T11:12:55.000,13.77,-8.78,2.36,19.45,20.38,8525,-17.49,28.0,0.806
2024-04-28T11:13:55.000,13.85,-8.5,2.37,19.44,20.38,8526,-17.3,28.0,0.806
2024-04-28T11:14:55.000,13.9,-8.57,2.37,19.45,20.38,8527,-17.12,28.0,0.806
2024-04-28T11:15:55.000,13.89,-8.72,2.35,19.45,20.38,8528,-16.94,28.0,0.806
2024-04-28T11:16:55.000,13.87,-8.7,2.36,19.45,20.38,8529,-16.75,28.0,0.806
2024-04-28T11:17:56.000,13.88,-8.66,2.35,19.45,20.38,8530,-16.57,28.0,0.806
2024-04-28T11:18:56.000,13.9,-8.51,2.36,19.45,20.38,8531,-16.38,28.0,0.806
2024-04-28T11:19:57.000,13.96,-8.41,2.37,19.44,20.38,8532,-16.2,28.0,0.806
2024-04-28T11:20:57.000,14.02,-8.4,2.37,19.44,20.38,8533,-16.01,28.0,0.805
2024-04-28T11:21:57.000,14.04,-8.49,2.37,19.44,20.38,8534,-15.83,28.0,0.805
2024-04-28T11:22:57.000,14.03,-8.58,2.38,19.44,20.38,8535,-15.64,28.0,0.805
2024-04-28T11:23:57.000,13.96,-8.69,2.38,19.44,20.38,8536,-15.45,28.0,0.805
2024-04-28T11:24:57.000,13.91,-8.68,2.38,19.44,20.38,8537,-15.27,28.0,0.805
2024-04-28T11:25:58.000,13.89,-8.6,2.4,19.43,20.38,8538,-15.08,28.0,0.805
2024-04-28T11:26:57.000,13.91,-8.52,2.41,19.42,20.38,8539,-14.9,28.0,0.805
2024-04-28T11:28:58.000,13.95,-8.54,2.44,19.41,20.38,8541,-14.52,28.0,0.805
2024-04-28T11:29:58.000,13.96,-8.52,2.45,19.41,20.38,8542,-14.33,28.0,0.805
2024-04-28T11:30:58.000,13.97,-8.6,2.45,19.41,20.38,8543,-14.14,28.0,0.805
2024-04-28T11:31:59.000,13.96,-8.57,2.47,19.4,20.38,8544,-13.95,28.0,0.805
2024-04-28T11:32:59.000,13.99,-8.48,2.5,19.39,20.38,8545,-13.77,28.0,0.805
2024-04-28T11:33:59.000,13.98,-8.58,2.52,19.38,20.38,8546,-13.58,28.0,0.805
2024-04-28T11:34:59.000,13.95,-8.6,2.55,19.36,20.38,8547,-13.39,28.0,0.805
2024-04-28T11:36:00.000,13.92,-8.69,2.6,19.34,20.38,8548,-13.2,28.0,0.805
2024-04-28T11:36:59.000,13.86,-8.72,2.64,19.33,20.38,8549,-13.01,28.0,0.805
2024-04-28T11:38:00.000,13.83,-8.69,2.69,19.3,20.38,8550,-12.82,28.0,0.804
2024-04-28T11:39:00.000,13.8,-8.65,2.77,19.27,20.38,8551,-12.63,28.0,0.804
2024-04-28T11:40:00.000,13.81,-8.59,2.83,19.25,20.38,8552,-12.44,28.0,0.804
2024-04-28T11:41:00.000,13.85,-8.51,2.92,19.22,20.38,8553,-12.25,28.0,0.804
2024-04-28T11:42:00.000,13.86,-8.65,3.02,19.18,20.38,8554,-12.06,28.0,0.804
2024-04-28T11:43:00.000,13.87,-8.55,3.16,19.13,20.38,8555,-11.87,28.0,0.804
2024-04-28T11:44:00.000,13.86,-8.68,3.32,19.08,20.38,8556,-11.68,28.0,0.804
2024-04-28T11:45:00.000,13.8,-8.75,3.52,19.01,20.38,8557,-11.48,28.0,0.804
2024-04-28T11:52:01.000,13.79,-8.62,6.5,18.35,20.38,8564,-10.14,27.0,0.804
2024-04-28T12:00:02.000,13.85,-8.81,21.61,17.04,20.38,8572,-8.58,27.0,0.803
2024-04-28T12:01:03.000,13.74,-8.97,26.08,16.84,20.38,8573,-8.38,27.0,0.803
2024-04-28T12:02:03.000,13.63,-8.98,31.89,16.62,20.38,8574,-8.19,27.0,0.803
2024-04-28T12:03:03.000,13.56,-8.98,39.11,16.4,20.38,8575,-7.99,27.0,0.803
2024-04-28T12:04:03.000,13.52,-8.96,47.07,16.2,20.38,8576,-7.8,27.0,0.803
2024-04-28T12:05:03.000,13.45,-8.96,60.36,15.93,20.38,8577,-7.6,27.0,0.803
2024-04-28T12:06:03.000,13.41,-8.91,76.16,15.68,20.38,8578,-7.41,27.0,0.803
2024-04-28T12:07:03.000,13.4,-8.86,96.45,15.42,20.38,8579,-7.21,26.0,0.803
2024-04-28T12:08:03.000,13.41,-8.81,122.99,15.16,20.38,8580,-7.01,26.0,0.803
2024-04-28T12:09:03.000,13.42,-8.8,157.64,14.89,20.38,8581,-6.82,26.0,0.803
2024-04-28T12:10:04.000,13.41,-8.85,201.71,14.62,20.38,8582,-6.62,26.0,0.803
2024-04-28T12:11:04.000,13.41,-8.8,258.47,14.35,20.38,8583,-6.42,26.0,0.803
2024-04-28T12:12:04.000,13.46,-8.69,331.27,14.08,20.38,8584,-6.22,26.0,0.802
2024-04-28T12:13:04.000,13.46,-8.82,423.46,13.82,20.38,8585,-6.03,26.0,0.802
2024-04-28T12:14:04.000,13.43,-8.88,540.27,13.55,20.38,8586,-5.83,26.0,0.802
2024-04-28T12:15:04.000,13.4,-8.91,689.58,13.29,20.38,8587,-5.63,26.0,0.802
2024-04-28T12:16:05.000,13.36,-8.98,880.18,13.02,20.38,8588,-5.43,26.0,0.802
2024-04-28T12:17:05.000,13.33,-8.93,1123.47,12.76,20.38,8589,-5.23,26.0,0.802
2024-04-28T12:18:05.000,13.31,-8.91,1432.76,12.49,20.38,8590,-5.04,26.0,0.802
2024-04-28T12:19:05.000,13.31,-8.88,1826.4,12.23,20.38,8591,-4.84,26.0,0.802
2024-04-28T12:20:05.000,13.32,-8.84,2327.09,11.97,20.38,8592,-4.64,26.0,0.802
2024-04-28T12:21:05.000,13.34,-8.82,2954.67,11.71,20.38,8593,-4.44,26.0,0.802
2024-04-28T12:22:06.000,13.37,-8.8,3741.29,11.45,20.38,8594,-4.24,25.0,0.802
2024-04-28T12:23:06.000,13.4,-8.74,4720.11,11.2,20.38,8595,-4.04,25.0,0.802
2024-04-28T12:24:06.000,13.43,-8.76,5925.98,10.95,20.38,8596,-3.84,25.0,0.802
2024-04-28T12:25:07.000,13.44,-8.8,7393.71,10.71,20.38,8597,-3.64,25.0,0.802
2024-04-28T12:26:07.000,13.44,-8.79,9157.38,10.48,20.38,8598,-3.44,25.0,0.802
2024-04-28T12:27:07.000,13.48,-8.68,11262.13,10.25,20.38,8599,-3.24,25.0,0.802
2024-04-28T12:28:07.000,13.53,-8.67,13759.73,10.04,20.38,8600,-3.04,25.0,0.802
2024-04-28T12:29:08.000,13.54,-8.71,16747.23,9.82,20.38,8601,-2.83,25.0,0.801
2024-04-28T12:30:08.000,13.56,-8.69,20264.31,9.61,20.38,8602,-2.63,25.0,0.801
2024-04-28T12:31:08.000,13.58,-8.75,24287.33,9.42,20.38,8603,-2.43,25.0,0.801
2024-04-28T12:32:08.000,13.57,-8.75,28548.14,9.32,20.38,8604,-2.23,25.0,0.801
2024-04-28T12:33:08.000,13.55,-8.89,34013.82,9.05,20.38,8605,-2.03,25.0,0.801
2024-04-28T12:34:09.000,13.5,-8.93,39804.55,8.88,20.38,8606,-1.83,25.0,0.801
2024-04-28T12:35:09.000,13.45,-8.88,46235.8,8.72,20.38,8607,-1.63,25.0,0.801
2024-04-28T12:36:09.000,13.46,-8.78,53199.59,8.57,20.38,8608,-1.43,24.0,0.801
2024-04-28T12:37:09.000,13.48,-8.78,60735.51,8.42,20.38,8609,-1.23,24.0,0.801
2024-04-28T12:38:09.000,13.48,-8.89,2186.34,0.28,20.38,8610,-1.02,24.0,0.801
2024-04-28T12:39:09.000,13.48,-8.87,0.0,0.0,20.38,8611,-0.82,24.0,0.801
2024-04-28T12:41:10.000,13.58,-8.66,0.0,0.0,20.38,8613,-0.42,24.0,0.801
2024-04-28T12:42:11.000,13.6,-8.68,0.0,0.0,20.38,8614,-0.21,24.0,0.801
2024-04-28T12:43:11.000,13.61,-8.67,0.1,0.2,20.38,8615,-0.01,24.0,0.801
2024-04-28T12:45:13.000,13.58,-8.8,0.0,0.0,20.38,8617,0.4,24.0,0.801
2024-04-28T12:46:13.000,13.55,-8.94,0.0,0.0,20.38,8618,0.61,24.0,0.8
2024-04-28T12:47:13.000,13.49,-9.03,0.0,0.0,20.38,8619,0.81,24.0,0.8
2024-04-28T12:54:14.000,13.22,-8.98,0.0,0.0,20.38,8626,2.24,23.0,0.8
2024-04-28T12:55:15.000,13.2,-9.0,0.0,0.0,20.38,8627,2.44,23.0,0.8
2024-04-28T12:56:15.000,13.19,-8.98,0.0,0.0,20.38,8628,2.65,23.0,0.8
2024-04-28T12:57:15.000,13.19,-8.96,0.21,0.11,20.38,8629,2.85,23.0,0.8
2024-04-28T12:58:15.000,13.18,-8.97,0.0,0.0,20.38,8630,3.06,23.0,0.8
2024-04-28T12:59:15.000,13.15,-9.13,0.0,0.0,20.38,8631,3.26,22.0,0.8
2024-04-28T13:00:16.000,13.08,-9.02,0.0,0.0,20.38,8632,3.47,22.0,0.8
2024-04-28T13:02:16.000,13.19,-8.68,0.0,0.0,20.38,8634,3.88,22.0,0.8
2024-04-28T13:03:16.000,13.23,-8.67,0.0,0.0,20.38,8635,4.08,22.0,0.799
2024-04-28T13:04:16.000,13.28,-8.68,0.38,0.19,20.38,8636,4.29,22.0,0.799
2024-04-28T13:05:16.000,13.35,-8.62,0.0,0.0,20.38,8637,4.49,22.0,0.799
2024-04-28T13:06:17.000,13.38,-8.64,0.0,0.0,20.38,8638,4.7,22.0,0.799
2024-04-28T13:07:17.000,13.4,-8.67,0.2,0.09,20.38,8639,4.91,22.0,0.799
2024-04-28T13:08:17.000,13.41,-8.67,0.0,0.0,20.38,8640,5.11,22.0,0.799
2024-04-28T13:09:17.000,13.44,-8.65,0.0,0.0,20.38,8641,5.32,21.0,0.799
2024-04-28T13:10:17.000,13.45,-8.63,0.0,0.0,20.38,8642,5.52,21.0,0.799
2024-04-28T13:11:17.000,13.5,-8.52,0.0,0.0,20.38,8643,5.73,21.0,0.799
2024-04-28T13:12:17.000,13.52,-8.68,0.0,0.0,20.38,8644,5.93,21.0,0.799
2024-04-28T13:13:17.000,13.53,-8.62,0.0,0.0,20.38,8645,6.14,21.0,0.799
2024-04-28T13:14:18.000,13.57,-8.68,0.22,0.19,20.38,8646,6.35,21.0,0.799
2024-04-28T13:15:18.000,13.59,-8.69,0.0,0.0,20.38,8647,6.56,21.0,0.799
2024-04-28T13:16:18.000,13.65,-8.53,0.19,0.09,20.38,8648,6.76,21.0,0.799
2024-04-28T13:17:18.000,13.72,-8.46,0.0,0.0,20.38,8649,6.97,21.0,0.799
2024-04-28T13:18:18.000,13.78,-8.46,0.0,0.0,20.38,8650,7.18,21.0,0.799
2024-04-28T13:19:19.000,13.79,-8.57,0.0,0.0,20.38,8651,7.39,20.0,0.799
2024-04-28T13:21:19.000,13.75,-8.79,0.0,0.0,20.38,8653,7.8,20.0,0.798
2024-04-28T13:22:20.000,13.73,-8.66,0.0,0.0,20.38,8654,8.01,20.0,0.798
2024-04-28T13:23:20.000,13.73,-8.6,0.0,0.0,20.38,8655,8.22,20.0,0.798
2024-04-28T13:37:22.000,14.11,-7.63,0.0,0.0,20.38,8669,11.13,18.0,0.797
2024-04-28T13:38:22.000,14.19,-7.66,0.0,0.0,20.38,8670,11.34,18.0,0.797
2024-04-28T13:39:23.000,14.25,-7.65,0.0,0.0,20.38,8671,11.55,18.0,0.797
2024-04-28T13:41:24.000,14.28,-7.67,0.0,0.0,20.38,8673,11.97,18.0,0.797
2024-04-28T13:44:25.000,14.48,-7.42,0.0,0.0,20.38,8676,12.6,18.0,0.797
2024-04-28T13:45:25.000,14.57,-7.32,0.0,0.0,20.38,8677,12.81,17.0,0.797
2024-04-28T13:46:25.000,14.62,-7.36,0.0,0.0,20.38,8678,13.02,17.0,0.797
2024-04-28T13:59:28.000,15.5,-6.5,0.0,0.0,20.38,8691,15.75,16.0,0.796
2024-04-28T14:00:28.000,15.6,-6.37,0.0,0.0,20.38,8692,15.96,16.0,0.796
2024-04-28T14:01:31.000,15.7,-6.26,0.0,0.0,20.38,8693,16.18,15.0,0.796
2024-04-28T14:03:37.000,15.82,-6.2,0.0,0.0,20.38,8695,16.63,15.0,0.796
2024-04-28T14:04:37.000,15.86,-6.12,0.0,0.0,20.38,8696,16.84,15.0,0.796
2024-04-28T14:05:37.000,15.92,-6.01,0.0,0.0,20.38,8697,17.05,15.0,0.796
2024-04-28T14:56:49.000,19.34,0.38,0.0,0.0,20.38,8748,27.86,8.0,0.793
2024-04-28T14:57:48.000,19.43,0.47,0.0,0.0,20.38,8749,28.06,7.0,0.793
2024-04-28T14:58:49.000,19.45,0.34,0.0,0.0,20.38,8750,28.28,7.0,0.793
2024-04-28T15:02:49.000,19.56,1.06,0.0,0.0,20.38,8754,29.13,7.0,0.792
2024-04-28T15:04:49.000,19.8,1.3,0.0,0.0,20.38,8756,29.55,6.0,0.792
2024-04-28T15:06:49.000,19.9,1.38,0.0,0.0,20.38,8758,29.97,6.0,0.792
2024-04-28T15:09:50.000,20.09,1.87,0.0,0.0,20.38,8761,30.61,6.0,0.792
2024-04-28T15:12:50.000,20.28,2.11,0.0,0.0,20.38,8764,31.25,5.0,0.792
2024-04-28T15:13:50.000,20.27,2.27,0.0,0.0,20.38,8765,31.46,5.0,0.792
2024-04-28T15:17:51.000,20.7,3.09,0.0,0.0,20.38,8769,32.31,4.0,0.792
2024-04-28T15:19:51.000,20.83,3.1,0.0,0.0,20.38,8771,32.73,4.0,0.791
2024-04-28T15:30:52.000,21.69,4.43,0.0,0.0,20.38,8782,35.05,2.0,0.791
2024-04-28T15:31:52.000,21.69,4.04,0.0,0.0,20.38,8783,35.27,2.0,0.791
2024-04-28T15:32:52.000,21.73,4.43,0.0,0.0,20.38,8784,35.48,2.0,0.791
2024-04-28T15:33:52.000,21.89,4.62,0.0,0.0,20.38,8785,35.69,2.0,0.791
2024-04-28T15:35:52.000,21.86,4.28,0.0,0.0,20.38,8787,36.11,1.0,0.79
2024-04-28T15:36:52.000,21.94,4.67,0.0,0.0,20.38,8788,36.32,1.0,0.79
2024-04-28T15:37:52.000,22.18,5.18,0.0,0.0,20.38,8789,36.53,1.0,0.79
2024-04-28T15:38:52.000,22.36,5.15,0.0,0.0,20.38,8790,36.74,1.0,0.79
2024-04-28T15:40:52.000,22.65,5.35,0.0,0.0,20.38,8792,37.16,1.0,0.79
2024-04-28T15:42:52.000,22.88,5.46,0.0,0.0,20.38,8794,37.58,0.0,0.79
2024-04-28T15:44:53.000,22.85,4.68,0.0,0.0,20.38,8796,38.01,-0.0,0.79
2024-04-28T15:45:53.000,22.87,5.31,0.0,0.0,20.38,8797,38.22,-0.0,0.79
2024-04-28T15:46:53.000,22.92,5.27,0.0,0.0,20.38,8798,38.43,-0.0,0.79
2024-04-28T16:02:59.000,29.5,10.81,0.0,0.0,20.38,8814,41.8,-3.0,0.789
2024-04-28T16:03:59.000,30.05,11.19,0.0,0.0,20.38,8815,42.0,-3.0,0.789
2024-04-28T16:04:59.000,30.49,10.78,0.0,0.0,20.38,8816,42.21,-3.0,0.789
2024-04-28T16:06:59.000,31.1,10.72,0.0,0.0,20.38,8818,42.63,-4.0,0.789
2024-04-28T16:07:59.000,31.38,10.9,0.0,0.0,20.38,8819,42.84,-4.0,0.789
2024-04-28T16:09:00.000,31.66,11.17,0.0,0.0,20.38,8820,43.05,-4.0,0.788
2024-04-28T16:14:01.000,32.98,10.8,0.0,0.0,20.38,8825,44.09,-5.0,0.788
2024-04-28T16:15:01.000,32.98,10.61,0.0,0.0,20.38,8826,44.3,-5.0,0.788
2024-04-28T16:16:02.000,33.04,10.8,0.0,0.0,20.38,8827,44.51,-5.0,0.788
2024-04-28T16:18:05.000,33.61,11.59,0.0,0.0,20.38,8829,44.93,-6.0,0.788
2024-04-28T16:22:05.000,34.98,11.33,0.0,0.0,20.38,8833,45.76,-6.0,0.788
2024-04-28T16:24:06.000,34.98,11.82,0.0,0.0,20.38,8835,46.18,-7.0,0.788
2024-04-28T16:26:06.000,35.42,11.98,0.0,0.0,20.38,8837,46.59,-7.0,0.787
2024-04-28T16:28:06.000,35.53,12.3,0.0,0.0,20.38,8839,47.0,-8.0,0.787
2024-04-28T16:30:06.000,36.14,12.06,0.0,0.0,20.38,8841,47.41,-8.0,0.787
2024-04-28T16:31:06.000,36.15,11.21,0.0,0.0,20.38,8842,47.61,-8.0,0.787
2024-04-28T16:32:06.000,35.88,10.42,0.0,0.0,20.38,8843,47.82,-8.0,0.787
2024-04-28T16:34:06.000,36.08,12.14,0.0,0.0,20.38,8845,48.23,-9.0,0.787
2024-04-28T16:36:06.000,36.38,12.26,0.0,0.0,20.38,8847,48.63,-9.0,0.787
2024-04-28T16:38:06.000,36.57,10.86,0.0,0.0,20.38,8849,49.04,-9.0,0.787
2024-04-28T16:40:07.000,36.36,12.05,0.0,0.0,20.38,8851,49.45,-10.0,0.787
2024-04-28T16:42:07.000,36.92,12.43,0.0,0.0,20.38,8853,49.86,-10.0,0.786
2024-04-28T16:47:09.000,37.2,11.85,0.0,0.0,20.38,8858,50.87,-11.0,0.786
2024-04-28T16:48:09.000,37.08,11.86,0.0,0.0,20.38,8859,51.07,-11.0,0.786
2024-04-28T16:49:09.000,36.97,11.67,0.0,0.0,20.38,8860,51.28,-11.0,0.786
2024-04-28T17:09:13.000,39.25,12.96,0.0,0.0,20.38,8880,55.25,-15.0,0.785
2024-04-28T17:10:13.000,39.29,13.08,0.0,0.0,20.38,8881,55.45,-15.0,0.785
2024-04-28T17:11:13.000,39.6,13.84,0.0,0.0,20.38,8882,55.64,-15.0,0.785
2024-04-28T17:13:14.000,39.6,12.18,0.0,0.0,20.38,8884,56.03,-16.0,0.785
2024-04-28T17:14:14.000,39.56,12.81,0.0,0.0,20.38,8885,56.22,-16.0,0.785
2024-04-28T17:15:14.000,39.63,12.84,0.0,0.0,20.38,8886,56.42,-16.0,0.784
2024-04-28T17:54:24.000,38.9,12.3,0.0,0.0,20.38,8925,63.55,-23.0,0.782
2024-04-28T17:55:24.000,38.98,12.95,0.0,0.0,20.38,8926,63.72,-24.0,0.782
2024-04-28T17:56:24.000,39.28,13.57,0.0,0.0,20.38,8927,63.89,-24.0,0.782
2024-04-28T17:59:25.000,39.45,12.47,0.0,0.0,20.38,8930,64.38,-24.0,0.782
2024-04-28T18:00:25.000,39.58,13.21,0.0,0.0,20.38,8931,64.55,-24.0,0.782
