Downloads/jupyter/ECSV/stars19/stars19_2023-07.ecsv
# %ECSV 1.0
# ---
# datatype:
# - {name: time, datatype: string}
# - {name: Enclosure Temperature, unit: deg_C, datatype: float64}
# - {name: Sky Temperature, unit: deg_C, datatype: float64}
# - {name: Frequency, unit: Hz, datatype: float64}
# - {name: MSAS, unit: mag / arcsec2, datatype: float64}
# - {name: ZP, datatype: float64}
# - {name: Sequence Number, datatype: int64}
# - {name: Sun Alt, unit: deg, datatype: float64}
# - {name: Moon Alt, unit: deg, datatype: float64}
# - {name: Moon Illumination, datatype: float64}
# delimiter: ','
# meta: !!omap
# - ida:
#     Data supplier: {affiliation: null, observer: null}
#     Device type: TESS-W
#     Field of view: 17.0
#     Filters per channel: None
#     Instrument ID: stars19
#     License: ODbL 1.0 http://opendatacommons.org/licenses/odbl/summary/
#     Local timezone: America/Phoenix
#     Location name: {country: '- Tucson', place: Tucson, region: United States, sub_region: Arizona, town: Pima County}
#     Measurement direction per channel: {azimuth: 0.0, zenital: 0.0}
#     Moving / Fixed look direction: FIXED
#     Moving / Stationary position: STATIONARY
#     Number of channels: 1
#     Number of fields per line: 8
#     Number of header lines: 35
#     Position: {height: 0.0, latitude: 32.223877, longitude: -110.767532}
#     TESS MAC address: 18:FE:34:CF:EC:06
#     TESS cover offset value: 0.0
#     TESS firmware version: '1.0'
#     TESS zero point: 20.38
#     Time Synchronization: timestamp added by MQTT subscriber
#     URL: http://www.darksky.org/NSBM/sdf1.0.pdf
# - __serialized_columns__:
#     Enclosure Temperature:
#       __class__: astropy.units.quantity.Quantity
#       unit: &id001 !astropy.units.Unit {unit: deg_C}
#       value: !astropy.table.SerializedColumn {name: Enclosure Temperature}
#     Frequency:
#       __class__: astropy.units.quantity.Quantity
#       unit: !astropy.units.Unit {unit: Hz}
#       value: !astropy.table.SerializedColumn {name: Frequency}
#     MSAS:
#       __class__: astropy.units.quantity.Quantity
#       unit: !astropy.units.Unit {unit: mag / arcsec2}
#       value: !astropy.table.SerializedColumn {name: MSAS}
#     Moon Alt:
#       __class__: astropy.units.quantity.Quantity
#       unit: &id002 !astropy.units.Unit {unit: deg}
#       value: !astropy.table.SerializedColumn {name: Moon Alt}
#     Sky Temperature:
#       __class__: astropy.units.quantity.Quantity
#       unit: *id001
#       value: !astropy.table.SerializedColumn {name: Sky Temperature}
#     Sun Alt:
#       __class__: astropy.units.quantity.Quantity
#       unit: *id002
#       value: !astropy.table.SerializedColumn {name: Sun Alt}
#     time:
#       __class__: astropy.time.core.Time
#       format: isot
#       in_subfmt: '*'
#       out_subfmt: '*'
#       precision: 3
#       scale: utc
#       value: !astropy.table.SerializedColumn {name: time}
# schema: astropy-2.0
time,Enclosure Temperature,Sky Temperature,Frequency,MSAS,ZP,Sequence Number,Sun Alt,Moon Alt,Moon Illumination
[from data line 17363]
2023-07-26T18:47:44.000,53.73,27.12,0.0,0.0,20.38,8244,74.07,-23.0,0.59
2023-07-26T18:48:44.000,54.01,27.94,0.0,0.0,20.38,8245,74.2,-23.0,0.59
2023-07-26T18:52:55.000,54.96,27.94,0.0,0.0,20.38,8249,74.73,-22.0,0.59
2023-07-26T18:53:55.000,54.96,27.23,0.0,0.0,20.38,8250,74.85,-22.0,0.59
2023-07-26T18:54:57.000,54.79,26.77,0.0,0.0,20.38,8251,74.97,-21.0,0.59
2023-07-26T18:57:00.000,55.15,27.68,0.0,0.0,20.38,8253,75.2,-21.0,0.59
2023-07-26T18:58:00.000,55.02,26.28,0.0,0.0,20.38,8254,75.31,-21.0,0.59
2023-07-26T18:59:00.000,54.7,26.36,0.0,0.0,20.38,8255,75.42,-21.0,0.59
2023-07-26T19:01:10.000,54.6,27.09,0.0,0.0,20.38,8257,75.64,-20.0,0.59
2023-07-26T19:04:25.000,54.6,26.65,0.0,0.0,20.38,8260,75.95,-19.0,0.591
2023-07-26T19:06:44.000,55.01,27.93,0.0,0.0,20.38,8262,76.15,-19.0,0.591
2023-07-26T19:07:45.000,55.44,27.63,0.0,0.0,20.38,8263,76.23,-19.0,0.591
2023-07-26T19:12:33.000,55.93,27.45,0.0,0.0,20.38,8267,76.57,-18.0,0.591
2023-07-26T19:13:35.000,55.93,27.29,0.0,0.0,20.38,8268,76.64,-18.0,0.591
2023-07-26T19:14:36.000,55.98,26.98,0.0,0.0,20.38,8269,76.7,-17.0,0.591
2023-07-26T19:15:39.000,55.79,26.62,0.0,0.0,20.38,8270,76.76,-17.0,0.592
2023-07-26T19:16:42.000,55.62,26.62,0.0,0.0,20.38,8271,76.81,-17.0,0.592
2023-07-26T19:17:44.000,55.75,27.3,0.0,0.0,20.38,8272,76.86,-17.0,0.592
2023-07-26T19:19:46.000,55.69,26.5,0.0,0.0,20.38,8274,76.94,-16.0,0.592
2023-07-26T19:20:47.000,55.64,27.1,0.0,0.0,20.38,8275,76.98,-16.0,0.592
2023-07-26T19:23:54.000,56.22,27.41,0.0,0.0,20.38,8278,77.07,-16.0,0.592
2023-07-26T19:24:54.000,56.17,26.9,0.0,0.0,20.38,8279,77.09,-15.0,0.592
2023-07-26T19:25:56.000,55.97,26.46,0.0,0.0,20.38,8280,77.1,-15.0,0.592
2023-07-26T19:26:56.000,55.81,26.3,0.0,0.0,20.38,8281,77.12,-15.0,0.592
2023-07-26T19:29:08.000,55.98,27.24,0.0,0.0,20.38,8283,77.13,-15.0,0.592
2023-07-26T19:30:08.000,55.9,26.88,0.0,0.0,20.38,8284,77.13,-14.0,0.593
2023-07-26T19:31:08.000,55.94,26.97,0.0,0.0,20.38,8285,77.13,-14.0,0.593
2023-07-26T19:33:15.000,55.55,25.95,0.0,0.0,20.38,8287,77.11,-14.0,0.593
2023-07-26T19:34:16.000,55.52,26.94,0.0,0.0,20.38,8288,77.09,-14.0,0.593
2023-07-26T19:35:17.000,55.9,27.86,0.0,0.0,20.38,8289,77.07,-13.0,0.593
2023-07-26T19:38:30.000,56.2,26.77,0.0,0.0,20.38,8292,76.98,-13.0,0.593
2023-07-26T19:39:35.000,56.27,27.05,0.0,0.0,20.38,8293,76.94,-12.0,0.593
2023-07-26T19:43:07.000,55.58,27.35,0.0,0.0,20.38,8296,76.78,-12.0,0.593
2023-07-26T19:46:08.000,55.77,27.35,0.0,0.0,20.38,8299,76.61,-11.0,0.594
2023-07-26T19:52:24.000,55.98,26.09,0.0,0.0,20.38,8305,76.15,-10.0,0.594
2023-07-26T19:56:25.000,55.75,25.98,0.0,0.0,20.38,8309,75.8,-9.0,0.594
2023-07-26T19:57:28.000,55.73,26.61,0.0,0.0,20.38,8310,75.69,-9.0,0.594
2023-07-26T19:58:28.000,55.77,26.57,0.0,0.0,20.38,8311,75.59,-9.0,0.595
2023-07-26T20:00:30.000,55.67,26.48,0.0,0.0,20.38,8313,75.38,-8.0,0.595
2023-07-26T20:01:32.000,55.69,26.74,0.0,0.0,20.38,8314,75.27,-8.0,0.595
2023-07-26T20:02:33.000,55.57,26.14,0.0,0.0,20.38,8315,75.16,-8.0,0.595
2023-07-26T20:03:37.000,55.43,26.06,0.0,0.0,20.38,8316,75.04,-8.0,0.595
2023-07-26T20:05:38.000,55.72,26.42,0.0,0.0,20.38,8318,74.8,-7.0,0.595
2023-07-26T20:06:39.000,55.62,25.91,0.0,0.0,20.38,8319,74.68,-7.0,0.595
2023-07-26T20:07:40.000,55.44,25.87,0.0,0.0,20.38,8320,74.56,-7.0,0.595
2023-07-26T20:10:40.000,55.76,26.54,0.0,0.0,20.38,8323,74.18,-6.0,0.595
2023-07-26T20:11:40.000,55.95,26.62,0.0,0.0,20.38,8324,74.04,-6.0,0.595
2023-07-26T20:12:40.000,56.21,27.49,0.0,0.0,20.38,8325,73.91,-6.0,0.596
2023-07-26T20:22:46.000,56.39,25.41,0.0,0.0,20.38,8335,72.46,-4.0,0.596
2023-07-26T20:23:46.000,56.12,25.91,0.0,0.0,20.38,8336,72.31,-4.0,0.596
2023-07-26T20:24:46.000,56.01,25.76,0.0,0.0,20.38,8337,72.15,-4.0,0.596
2023-07-26T20:26:54.000,55.94,26.08,0.0,0.0,20.38,8339,71.82,-3.0,0.597
2023-07-26T20:27:54.000,56.01,26.67,0.0,0.0,20.38,8340,71.66,-3.0,0.597
2023-07-26T20:28:55.000,56.04,26.21,0.0,0.0,20.38,8341,71.5,-3.0,0.597
2023-07-26T20:31:59.000,56.47,26.88,0.0,0.0,20.38,8344,71.0,-2.0,0.597
2023-07-26T20:32:59.000,56.51,26.39,0.0,0.0,20.38,8345,70.83,-2.0,0.597
2023-07-26T20:34:00.000,56.64,26.77,0.0,0.0,20.38,8346,70.66,-2.0,0.597
2023-07-26T20:36:10.000,56.62,26.44,0.0,0.0,20.38,8348,70.3,-2.0,0.597
2023-07-26T20:38:10.000,56.6,25.9,0.0,0.0,20.38,8350,69.96,-1.0,0.597
2023-07-26T20:40:17.000,56.6,27.01,0.0,0.0,20.38,8352,69.59,-1.0,0.598
2023-07-26T20:41:17.000,56.7,26.47,0.0,0.0,20.38,8353,69.42,-1.0,0.598
2023-07-26T20:42:17.000,56.71,26.63,0.0,0.0,20.38,8354,69.24,-0.0,0.598
2023-07-26T20:58:32.000,55.97,25.94,0.0,0.0,20.38,8370,66.28,3.0,0.599
2023-07-26T20:59:39.000,55.83,26.22,0.0,0.0,20.38,8371,66.07,3.0,0.599
2023-07-26T21:00:39.000,55.48,25.78,0.0,0.0,20.38,8372,65.88,3.0,0.599
2023-07-26T21:08:26.000,55.91,27.12,0.0,0.0,20.38,8379,64.4,4.0,0.6
2023-07-26T21:10:37.000,56.09,26.86,0.0,0.0,20.38,8381,63.97,5.0,0.6
2023-07-26T21:12:43.000,56.31,26.85,0.0,0.0,20.38,8383,63.56,5.0,0.6
2023-07-26T21:17:55.000,55.96,27.71,0.0,0.0,20.38,8388,62.55,6.0,0.6
2023-07-26T21:18:55.000,56.12,27.13,0.0,0.0,20.38,8389,62.35,6.0,0.6
2023-07-26T21:19:58.000,55.96,26.5,0.0,0.0,20.38,8390,62.14,7.0,0.6
2023-07-26T21:20:58.000,55.83,26.47,0.0,0.0,20.38,8391,61.94,7.0,0.6
2023-07-26T21:21:58.000,55.78,27.06,0.0,0.0,20.38,8392,61.74,7.0,0.601
2023-07-26T21:23:58.000,55.77,27.3,0.0,0.0,20.38,8394,61.35,7.0,0.601
2023-07-26T21:28:05.000,55.36,26.2,0.0,0.0,20.38,8398,60.52,8.0,0.601
2023-07-26T21:29:05.000,55.43,26.96,0.0,0.0,20.38,8399,60.32,8.0,0.601
2023-07-26T21:31:05.000,55.42,26.89,0.0,0.0,20.38,8401,59.92,9.0,0.601
2023-07-26T21:32:10.000,55.46,26.49,0.0,0.0,20.38,8402,59.7,9.0,0.601
2023-07-26T21:33:10.000,55.21,25.8,0.0,0.0,20.38,8403,59.5,9.0,0.601
2023-07-26T21:50:17.000,49.78,22.62,0.0,0.0,20.38,8420,56.01,12.0,0.603
2023-07-26T21:51:17.000,49.58,22.87,0.0,0.0,20.38,8421,55.81,12.0,0.603
2023-07-26T21:52:18.000,49.51,23.27,0.0,0.0,20.38,8422,55.6,12.0,0.603
2023-07-26T21:54:18.000,49.12,22.61,0.0,0.0,20.38,8424,55.18,13.0,0.603
2023-07-26T21:55:18.000,48.89,22.59,0.0,0.0,20.38,8425,54.98,13.0,0.603
2023-07-26T21:56:18.000,48.63,22.45,0.0,0.0,20.38,8426,54.77,13.0,0.603
2023-07-26T22:19:29.000,47.68,23.3,0.0,0.0,20.38,8449,49.94,17.0,0.605
2023-07-26T22:20:31.000,47.65,23.5,0.0,0.0,20.38,8450,49.73,17.0,0.605
2023-07-26T22:21:31.000,47.62,23.45,0.0,0.0,20.38,8451,49.52,17.0,0.605
2023-07-26T22:23:34.000,47.49,23.34,0.0,0.0,20.38,8453,49.09,18.0,0.605
2023-07-26T22:24:34.000,47.43,23.35,0.0,0.0,20.38,8454,48.88,18.0,0.605
2023-07-26T22:25:39.000,47.38,23.36,0.0,0.0,20.38,8455,48.65,18.0,0.605
2023-07-26T22:26:39.000,47.37,23.42,0.0,0.0,20.38,8456,48.44,18.0,0.605
2023-07-26T22:32:41.000,47.3,23.4,0.0,0.0,20.38,8462,47.17,19.0,0.606
2023-07-26T22:33:41.000,47.34,23.72,0.0,0.0,20.38,8463,46.96,19.0,0.606
2023-07-26T22:34:42.000,47.3,23.39,0.0,0.0,20.38,8464,46.75,19.0,0.606
2023-07-26T22:48:50.000,47.13,23.34,0.0,0.0,20.38,8478,43.77,22.0,0.607
2023-07-26T22:49:50.000,47.09,23.6,0.0,0.0,20.38,8479,43.56,22.0,0.607
2023-07-26T22:50:50.000,47.13,24.01,0.0,0.0,20.38,8480,43.35,22.0,0.607
2023-07-26T22:53:50.000,46.97,23.07,0.0,0.0,20.38,8483,42.71,22.0,0.607
2023-07-26T22:55:52.000,46.92,23.39,0.0,0.0,20.38,8485,42.28,23.0,0.607
2023-07-26T22:56:52.000,46.88,23.33,0.0,0.0,20.38,8486,42.07,23.0,0.607
2023-07-26T22:57:52.000,46.81,23.2,0.0,0.0,20.38,8487,41.86,23.0,0.607
2023-07-26T22:59:52.000,46.76,23.64,0.0,0.0,20.38,8489,41.44,23.0,0.607
2023-07-26T23:00:53.000,46.77,23.61,0.0,0.0,20.38,8490,41.22,23.0,0.608
2023-07-26T23:01:53.000,46.71,23.35,0.0,0.0,20.38,8491,41.01,24.0,0.608
2023-07-26T23:03:54.000,46.54,23.28,0.0,0.0,20.38,8493,40.58,24.0,0.608
2023-07-26T23:04:54.000,46.58,23.58,0.0,0.0,20.38,8494,40.37,24.0,0.608
2023-07-26T23:08:56.000,46.67,23.51,0.0,0.0,20.38,8498,39.52,25.0,0.608
2023-07-26T23:11:56.000,46.6,23.44,0.0,0.0,20.38,8501,38.88,25.0,0.608
2023-07-26T23:14:59.000,46.64,23.74,0.0,0.0,20.38,8504,38.24,25.0,0.609
2023-07-26T23:16:02.000,46.62,23.64,0.0,0.0,20.38,8505,38.02,26.0,0.609
2023-07-26T23:17:02.000,46.58,23.44,0.0,0.0,20.38,8506,37.8,26.0,0.609
2023-07-26T23:21:03.000,46.56,23.66,0.0,0.0,20.38,8510,36.96,26.0,0.609
2023-07-26T23:22:03.000,46.48,23.5,0.0,0.0,20.38,8511,36.74,26.0,0.609
2023-07-26T23:23:05.000,46.45,23.81,0.0,0.0,20.38,8512,36.53,27.0,0.609
2023-07-26T23:32:08.000,46.56,24.4,0.0,0.0,20.38,8521,34.61,28.0,0.61
2023-07-26T23:33:08.000,46.62,24.25,0.0,0.0,20.38,8522,34.4,28.0,0.61
2023-07-26T23:34:08.000,46.68,24.17,0.0,0.0,20.38,8523,34.19,28.0,0.61
2023-07-26T23:44:11.000,46.31,23.71,0.0,0.0,20.38,8533,32.07,29.0,0.611
2023-07-26T23:45:11.000,46.25,23.55,0.0,0.0,20.38,8534,31.85,29.0,0.611
2023-07-26T23:46:12.000,46.2,23.61,0.0,0.0,20.38,8535,31.64,30.0,0.611
2023-07-26T23:48:12.000,46.21,23.98,0.0,0.0,20.38,8537,31.22,30.0,0.611
2023-07-26T23:49:12.000,46.15,23.93,0.0,0.0,20.38,8538,31.01,30.0,0.611
2023-07-26T23:50:13.000,46.09,23.66,0.0,0.0,20.38,8539,30.79,30.0,0.611
2023-07-26T23:52:13.000,46.01,24.2,0.0,0.0,20.38,8541,30.37,30.0,0.611
2023-07-26T23:53:16.000,46.11,24.53,0.0,0.0,20.38,8542,30.15,30.0,0.611
2023-07-26T23:55:17.000,46.36,24.75,0.0,0.0,20.38,8544,29.72,31.0,0.611
2023-07-26T23:57:19.000,46.4,24.73,0.0,0.0,20.38,8546,29.3,31.0,0.612
2023-07-26T23:58:19.000,46.42,24.91,0.0,0.0,20.38,8547,29.09,31.0,0.612
2023-07-26T23:59:19.000,46.52,25.68,0.0,0.0,20.38,8548,28.88,31.0,0.612
2023-07-27T00:05:25.000,46.91,28.3,0.0,0.0,20.38,8554,27.59,32.0,0.612
2023-07-27T00:06:25.000,46.93,27.82,0.0,0.0,20.38,8555,27.38,32.0,0.612
2023-07-27T00:07:26.000,46.93,27.99,0.0,0.0,20.38,8556,27.17,32.0,0.612
2023-07-27T00:09:28.000,46.92,28.33,0.0,0.0,20.38,8558,26.74,32.0,0.612
2023-07-27T00:10:28.000,46.92,28.4,0.0,0.0,20.38,8559,26.53,32.0,0.613
2023-07-27T00:11:28.000,46.93,28.72,0.0,0.0,20.38,8560,26.32,32.0,0.613
2023-07-27T00:18:31.000,47.11,29.29,0.0,0.0,20.38,8567,24.84,33.0,0.613
2023-07-27T00:19:31.000,47.2,29.33,0.0,0.0,20.38,8568,24.63,33.0,0.613
2023-07-27T00:20:32.000,47.27,29.54,0.0,0.0,20.38,8569,24.42,33.0,0.613
2023-07-27T00:23:33.000,47.2,29.99,0.0,0.0,20.38,8572,23.79,34.0,0.613
2023-07-27T00:26:33.000,47.27,30.8,0.0,0.0,20.38,8575,23.16,34.0,0.614
2023-07-27T00:27:33.000,47.27,30.82,0.0,0.0,20.38,8576,22.95,34.0,0.614
2023-07-27T00:28:33.000,47.22,30.9,0.0,0.0,20.38,8577,22.74,34.0,0.614
2023-07-27T00:35:36.000,47.01,30.37,0.0,0.0,20.38,8584,21.27,35.0,0.614
2023-07-27T00:36:37.000,46.63,30.05,0.0,0.0,20.38,8585,21.06,35.0,0.614
2023-07-27T00:37:37.000,46.23,28.95,0.0,0.0,20.38,8586,20.85,35.0,0.614
2023-07-27T00:41:38.000,43.96,27.55,0.0,0.0,20.38,8590,20.02,35.0,0.615
2023-07-27T00:42:38.000,43.7,27.6,0.0,0.0,20.38,8591,19.81,35.0,0.615
2023-07-27T00:43:39.000,43.27,26.67,0.0,0.0,20.38,8592,19.6,35.0,0.615
2023-07-27T00:46:41.000,41.85,25.42,0.0,0.0,20.38,8595,18.97,36.0,0.615
2023-07-27T00:47:41.000,41.58,25.74,0.0,0.0,20.38,8596,18.76,36.0,0.615
2023-07-27T00:48:41.000,41.03,23.78,0.0,0.0,20.38,8597,18.55,36.0,0.615
2023-07-27T00:51:41.000,38.59,23.81,0.0,0.0,20.38,8600,17.93,36.0,0.615
2023-07-27T00:52:43.000,38.17,22.93,0.0,0.0,20.38,8601,17.72,36.0,0.616
2023-07-27T00:53:44.000,37.55,22.9,0.0,0.0,20.38,8602,17.51,36.0,0.616
2023-07-27T00:54:44.000,34.91,10.95,0.11,0.09,20.38,8603,17.3,36.0,0.616
2023-07-27T00:56:45.000,30.25,11.27,0.0,0.0,20.38,8605,16.88,36.0,0.616
2023-07-27T00:57:45.000,27.67,9.69,0.0,0.0,20.38,8606,16.68,36.0,0.616
2023-07-27T00:58:45.000,26.15,10.28,0.13,0.09,20.38,8607,16.47,36.0,0.616
2023-07-27T00:59:46.000,25.09,11.69,0.0,0.0,20.38,8608,16.26,36.0,0.616
2023-07-27T01:00:46.000,24.63,12.88,0.0,0.0,20.38,8609,16.06,37.0,0.616
2023-07-27T01:01:47.000,24.38,15.75,0.0,0.0,20.38,8610,15.85,37.0,0.616
2023-07-27T01:08:52.000,22.77,16.29,0.0,0.0,20.38,8617,14.39,37.0,0.617
2023-07-27T01:09:52.000,22.38,15.55,0.0,0.0,20.38,8618,14.18,37.0,0.617
2023-07-27T01:10:52.000,22.08,15.97,0.0,0.0,20.38,8619,13.98,37.0,0.617
2023-07-27T01:13:12.000,21.52,15.95,0.0,0.0,20.38,8621,13.5,37.0,0.617
2023-07-27T01:16:16.000,21.47,14.72,0.0,0.0,20.38,8624,12.87,37.0,0.617
2023-07-27T01:17:16.000,21.03,16.17,0.0,0.0,20.38,8625,12.67,37.0,0.617
2023-07-27T01:18:16.000,21.08,15.9,0.0,0.0,20.38,8626,12.46,37.0,0.617
2023-07-27T01:19:17.000,20.85,16.03,0.0,0.0,20.38,8627,12.26,37.0,0.617
2023-07-27T01:20:17.000,20.76,16.24,0.0,0.0,20.38,8628,12.05,38.0,0.617
2023-07-27T01:21:17.000,21.13,17.09,0.0,0.0,20.38,8629,11.85,38.0,0.618
2023-07-27T01:22:17.000,21.16,16.99,0.23,0.09,20.38,8630,11.64,38.0,0.618
2023-07-27T01:23:17.000,21.43,18.28,0.0,0.0,20.38,8631,11.44,38.0,0.618
2023-07-27T01:24:18.000,21.84,18.56,0.0,0.0,20.38,8632,11.23,38.0,0.618
2023-07-27T01:25:18.000,22.06,18.04,0.0,0.0,20.38,8633,11.03,38.0,0.618
2023-07-27T01:26:18.000,22.23,17.55,0.0,0.0,20.38,8634,10.83,38.0,0.618
2023-07-27T01:31:22.000,22.84,18.36,0.0,0.0,20.38,8639,9.8,38.0,0.618
2023-07-27T01:32:27.000,22.83,19.65,0.0,0.0,20.38,8640,9.58,38.0,0.618
2023-07-27T01:33:27.000,22.95,18.85,0.0,0.0,20.38,8641,9.38,38.0,0.618
2023-07-27T01:35:35.000,22.87,19.66,0.0,0.0,20.38,8643,8.95,38.0,0.619
2023-07-27T01:36:35.000,22.99,20.04,0.34,0.17,20.38,8644,8.74,38.0,0.619
2023-07-27T01:38:35.000,23.2,20.19,0.26,0.19,20.38,8646,8.34,38.0,0.619
2023-07-27T01:39:37.000,23.31,19.07,0.0,0.0,20.38,8647,8.13,38.0,0.619
2023-07-27T01:40:41.000,23.53,19.1,0.0,0.0,20.38,8648,7.92,38.0,0.619
2023-07-27T01:41:41.000,23.5,17.82,0.0,0.0,20.38,8649,7.72,38.0,0.619
2023-07-27T01:56:46.000,23.81,18.07,0.0,0.0,20.38,8664,4.7,38.0,0.62
2023-07-27T01:57:46.000,23.81,17.25,0.0,0.0,20.38,8665,4.5,38.0,0.62
2023-07-27T01:58:47.000,23.86,17.44,0.0,0.0,20.38,8666,4.3,38.0,0.62
2023-07-27T02:01:48.000,23.84,17.11,63225.33,8.38,20.38,8669,3.7,38.0,0.62
2023-07-27T02:02:49.000,23.91,17.17,59616.37,8.44,20.38,8670,3.5,38.0,0.62
2023-07-27T02:03:49.000,24.07,17.1,54029.69,8.62,20.38,8671,3.3,38.0,0.621
2023-07-27T02:04:49.000,24.25,17.31,50772.09,8.62,20.38,8672,3.1,38.0,0.621
2023-07-27T02:05:49.000,24.43,17.47,47591.11,8.69,20.38,8673,2.9,38.0,0.621
2023-07-27T02:06:50.000,24.53,17.5,45245.71,8.74,20.38,8674,2.7,38.0,0.621
2023-07-27T02:07:51.000,24.67,17.66,42173.22,8.82,20.38,8675,2.5,38.0,0.621
2023-07-27T02:08:51.000,24.72,17.38,38512.24,8.92,20.38,8676,2.3,38.0,0.621
2023-07-27T02:09:51.000,24.64,17.06,34277.99,9.28,20.38,8677,2.11,38.0,0.621
2023-07-27T02:10:51.000,24.49,16.73,32930.58,9.09,20.38,8678,1.91,38.0,0.621
2023-07-27T02:11:51.000,24.3,16.51,30721.08,9.16,20.38,8679,1.71,38.0,0.621
2023-07-27T02:12:52.000,24.27,17.01,29029.47,9.22,20.38,8680,1.52,38.0,0.621
2023-07-27T02:13:52.000,24.39,17.31,27932.8,9.26,20.38,8681,1.32,38.0,0.621
2023-07-27T02:14:52.000,24.45,17.05,26405.6,9.33,20.38,8682,1.12,38.0,0.621
2023-07-27T02:15:55.000,24.46,17.12,24801.22,9.39,20.38,8683,0.92,38.0,0.621
2023-07-27T02:16:55.000,24.55,17.15,22573.76,9.5,20.38,8684,0.72,38.0,0.621
2023-07-27T02:17:57.000,24.47,16.32,20022.16,9.63,20.38,8685,0.52,38.0,0.622
2023-07-27T02:18:57.000,24.35,16.18,17570.72,9.77,20.38,8686,0.32,38.0,0.622
2023-07-27T02:19:57.000,24.3,16.44,15393.78,9.91,20.38,8687,0.13,38.0,0.622
2023-07-27T02:20:57.000,24.38,16.54,13272.44,10.07,20.38,8688,-0.07,38.0,0.622
2023-07-27T02:21:57.000,24.44,16.67,10992.97,10.28,20.38,8689,-0.26,38.0,0.622
2023-07-27T02:22:57.000,24.46,16.45,8946.51,10.5,20.38,8690,-0.45,38.0,0.622
2023-07-27T02:23:57.000,24.46,16.22,7170.72,10.74,20.38,8691,-0.65,38.0,0.622
2023-07-27T02:24:57.000,24.38,16.08,5616.18,11.01,20.38,8692,-0.84,38.0,0.622
2023-07-27T02:25:57.000,24.37,16.21,4350.88,11.29,20.38,8693,-1.04,38.0,0.622
2023-07-27T02:26:58.000,24.39,16.26,3532.34,11.51,20.38,8694,-1.23,38.0,0.622
2023-07-27T02:27:58.000,24.51,16.65,2967.4,11.7,20.38,8695,-1.43,38.0,0.622
2023-07-27T02:28:58.000,24.74,16.61,2496.58,11.89,20.38,8696,-1.62,38.0,0.622
2023-07-27T02:29:58.000,24.8,16.4,2195.69,12.03,20.38,8697,-1.81,38.0,0.622
2023-07-27T02:30:58.000,24.78,15.94,1996.71,12.13,20.38,8698,-2.01,38.0,0.622
2023-07-27T02:32:59.000,24.79,16.63,1602.42,12.37,20.38,8700,-2.39,38.0,0.623
