Downloads/jupyter/ECSV/stars19/stars19_2021-11.ecsv
# %ECSV 1.0
# ---
# datatype:
# - {name: time, datatype: string}
# - {name: Enclosure Temperature, unit: deg_C, datatype: float64}
# - {name: Sky Temperature, unit: deg_C, datatype: float64}
# - {name: Frequency, unit: Hz, datatype: float64}
# - {name: MSAS, unit: mag / arcsec2, datatype: float64}
# - {name: ZP, datatype: float64}
# - {name: Sequence Number, datatype: int64}
# - {name: Sun Alt, unit: deg, datatype: float64}
# - {name: Moon Alt, unit: deg, datatype: float64}
# - {name: Moon Illumination, datatype: float64}
# delimiter: ','
# meta: !!omap
# - ida:
#     Data supplier: {affiliation: null, observer: null}
#     Device type: TESS-W
#     Field of view: 17.0
#     Filters per channel: None
#     Instrument ID: stars19
#     License: ODbL 1.0 http://opendatacommons.org/licenses/odbl/summary/
#     Local timezone: America/Phoenix
#     Location name: {country: '- Tucson', place: Tucson, region: United States, sub_region: Arizona, town: Pima County}
#     Measurement direction per channel: {azimuth: 0.0, zenital: 0.0}
#     Moving / Fixed look direction: FIXED
#     Moving / Stationary position: STATIONARY
#     Number of channels: 1
#     Number of fields per line: 8
#     Number of header lines: 35
#     Position: {height: 0.0, latitude: 32.223877, longitude: -110.767532}
#     TESS MAC address: 18:FE:34:CF:EC:06
#     TESS cover offset value: 0.0
#     TESS firmware version: '1.0'
#     TESS zero point: 20.5
#     Time Synchronization: timestamp added by MQTT subscriber
#     URL: http://www.darksky.org/NSBM/sdf1.0.pdf
# - __serialized_columns__:
#     Enclosure Temperature:
#       __class__: astropy.units.quantity.Quantity
#       unit: &id001 !astropy.units.Unit {unit: deg_C}
#       value: !astropy.table.SerializedColumn {name: Enclosure Temperature}
#     Frequency:
#       __class__: astropy.units.quantity.Quantity
#       unit: !astropy.units.Unit {unit: Hz}
#       value: !astropy.table.SerializedColumn {name: Frequency}
#     MSAS:
#       __class__: astropy.units.quantity.Quantity
#       unit: !astropy.units.Unit {unit: mag / arcsec2}
#       value: !astropy.table.SerializedColumn {name: MSAS}
#     Moon Alt:
#       __class__: astropy.units.quantity.Quantity
#       unit: &id002 !astropy.units.Unit {unit: deg}
#       value: !astropy.table.SerializedColumn {name: Moon Alt}
#     Sky Temperature:
#       __class__: astropy.units.quantity.Quantity
#       unit: *id001
#       value: !astropy.table.SerializedColumn {name: Sky Temperature}
#     Sun Alt:
#       __class__: astropy.units.quantity.Quantity
#       unit: *id002
#       value: !astropy.table.SerializedColumn {name: Sun Alt}
#     time:
#       __class__: astropy.time.core.Time
#       format: isot
#       in_subfmt: '*'
#       out_subfmt: '*'
#       precision: 3
#       scale: utc
#       value: !astropy.table.SerializedColumn {name: time}
# schema: astropy-2.0
time,Enclosure Temperature,Sky Temperature,Frequency,MSAS,ZP,Sequence Number,Sun Alt,Moon Alt,Moon Illumination
[from data line 18788]
2021-11-16T10:27:14.000,14.05,-7.33,1.9,19.68,20.5,278709,-43.51,10.0,0.922
2021-11-16T10:28:14.000,13.96,-7.48,1.9,19.68,20.5,278710,-43.3,10.0,0.922
2021-11-16T10:30:15.000,13.91,-7.69,1.9,19.68,20.5,278712,-42.88,10.0,0.922
2021-11-16T10:31:15.000,13.78,-7.93,1.9,19.68,20.5,278713,-42.67,9.0,0.922
2021-11-16T10:32:15.000,13.73,-7.8,1.9,19.68,20.5,278714,-42.46,9.0,0.922
2021-11-16T10:33:15.000,13.7,-7.63,1.91,19.68,20.5,278715,-42.24,9.0,0.923
2021-11-16T10:34:15.000,13.65,-7.61,1.92,19.67,20.5,278716,-42.03,9.0,0.923
2021-11-16T10:36:15.000,13.45,-7.8,1.92,19.67,20.5,278718,-41.61,8.0,0.923
2021-11-16T10:37:15.000,13.41,-7.83,1.93,19.67,20.5,278719,-41.4,8.0,0.923
2021-11-16T10:38:15.000,13.4,-7.69,1.91,19.67,20.5,278720,-41.19,8.0,0.923
2021-11-16T10:39:15.000,13.42,-7.62,1.89,19.69,20.5,278721,-40.98,8.0,0.923
2021-11-16T10:40:15.000,13.43,-7.7,1.87,19.7,20.5,278722,-40.77,8.0,0.923
2021-11-16T10:41:15.000,13.41,-7.74,1.87,19.7,20.5,278723,-40.56,7.0,0.923
2021-11-16T10:42:15.000,13.41,-7.73,1.86,19.71,20.5,278724,-40.34,7.0,0.923
2021-11-16T10:44:15.000,13.37,-7.78,1.84,19.72,20.5,278726,-39.92,7.0,0.923
2021-11-16T10:45:15.000,13.38,-7.74,1.82,19.73,20.5,278727,-39.71,7.0,0.923
2021-11-16T10:46:16.000,13.39,-7.71,1.8,19.74,20.5,278728,-39.5,6.0,0.923
2021-11-16T10:47:16.000,13.38,-7.8,1.78,19.75,20.5,278729,-39.28,6.0,0.923
2021-11-16T10:49:16.000,13.35,-7.98,1.71,19.8,20.5,278731,-38.86,6.0,0.923
2021-11-16T10:51:16.000,13.16,-8.32,1.64,19.84,20.5,278733,-38.44,5.0,0.923
2021-11-16T10:52:16.000,13.07,-8.1,1.61,19.87,20.5,278734,-38.23,5.0,0.923
2021-11-16T10:53:16.000,13.07,-7.95,1.58,19.89,20.5,278735,-38.02,5.0,0.923
2021-11-16T10:54:16.000,13.07,-8.03,1.55,19.9,20.5,278736,-37.8,5.0,0.923
2021-11-16T10:55:16.000,13.07,-7.99,1.54,19.91,20.5,278737,-37.59,5.0,0.923
2021-11-16T10:56:16.000,13.02,-8.2,1.52,19.93,20.5,278738,-37.38,4.0,0.923
2021-11-16T10:57:16.000,13.0,-8.01,1.5,19.94,20.5,278739,-37.17,4.0,0.923
2021-11-16T10:58:16.000,13.01,-7.95,1.47,19.96,20.5,278740,-36.96,4.0,0.923
2021-11-16T10:59:16.000,13.02,-8.12,1.46,19.97,20.5,278741,-36.75,4.0,0.923
2021-11-16T11:00:16.000,12.97,-8.21,1.43,19.99,20.5,278742,-36.54,4.0,0.923
2021-11-16T11:01:17.000,12.91,-8.18,1.42,20.0,20.5,278743,-36.32,3.0,0.924
2021-11-16T11:02:16.000,12.9,-8.06,1.4,20.02,20.5,278744,-36.11,3.0,0.924
2021-11-16T11:03:17.000,12.83,-8.28,1.38,20.03,20.5,278745,-35.9,3.0,0.924
2021-11-16T11:04:17.000,12.73,-8.18,1.36,20.05,20.5,278746,-35.69,3.0,0.924
2021-11-16T11:05:17.000,12.74,-7.88,1.34,20.06,20.5,278747,-35.48,3.0,0.924
2021-11-16T11:06:17.000,12.79,-7.97,1.33,20.07,20.5,278748,-35.26,2.0,0.924
2021-11-16T11:08:17.000,12.72,-8.33,1.3,20.1,20.5,278750,-34.84,2.0,0.924
2021-11-16T11:09:17.000,12.7,-8.34,1.29,20.11,20.5,278751,-34.63,2.0,0.924
2021-11-16T11:10:17.000,12.68,-8.26,1.28,20.11,20.5,278752,-34.42,2.0,0.924
2021-11-16T11:11:17.000,12.65,-8.21,1.27,20.12,20.5,278753,-34.21,1.0,0.924
2021-11-16T11:12:17.000,12.58,-8.14,1.26,20.13,20.5,278754,-34.0,1.0,0.924
2021-11-16T11:13:17.000,12.55,-8.01,1.25,20.14,20.5,278755,-33.79,1.0,0.924
2021-11-16T11:14:17.000,12.58,-7.89,1.23,20.16,20.5,278756,-33.57,1.0,0.924
2021-11-16T11:15:17.000,12.58,-7.94,1.22,20.17,20.5,278757,-33.36,1.0,0.924
2021-11-16T11:16:18.000,12.58,-7.93,1.21,20.18,20.5,278758,-33.15,0.0,0.924
2021-11-16T11:17:17.000,12.6,-7.93,1.19,20.19,20.5,278759,-32.94,0.0,0.924
2021-11-16T11:18:18.000,12.57,-8.09,1.18,20.2,20.5,278760,-32.73,-0.0,0.924
2021-11-16T11:19:17.000,12.59,-7.92,1.18,20.2,20.5,278761,-32.52,-0.0,0.924
2021-11-16T11:20:18.000,12.64,-7.93,1.17,20.21,20.5,278762,-32.3,-1.0,0.924
2021-11-16T11:25:19.000,12.79,-8.11,1.12,20.26,20.5,278767,-31.25,-2.0,0.924
2021-11-16T11:32:19.000,12.83,-8.04,1.08,20.3,20.5,278774,-29.77,-3.0,0.925
2021-11-16T11:34:19.000,12.84,-7.91,1.08,20.3,20.5,278776,-29.35,-3.0,0.925
2021-11-16T11:35:19.000,12.86,-7.84,1.07,20.3,20.5,278777,-29.14,-4.0,0.925
2021-11-16T11:41:19.000,12.85,-8.04,1.07,20.31,20.5,278783,-27.87,-5.0,0.925
2021-11-16T11:46:20.000,12.83,-8.15,1.07,20.31,20.5,278788,-26.82,-6.0,0.925
2021-11-16T11:53:21.000,12.76,-7.93,1.06,20.32,20.5,278795,-25.35,-7.0,0.925
2021-11-16T11:56:26.000,12.75,-8.02,1.06,20.32,20.5,278798,-24.7,-8.0,0.925
2021-11-16T11:59:26.000,12.82,-8.03,1.07,20.31,20.5,278801,-24.07,-8.0,0.926
2021-11-16T12:00:26.000,12.82,-8.17,1.1,20.28,20.5,278802,-23.86,-9.0,0.926
2021-11-16T12:01:27.000,12.81,-8.25,1.11,20.27,20.5,278803,-23.65,-9.0,0.926
2021-11-16T12:02:27.000,12.81,-8.14,4.88,19.57,20.5,278804,-23.44,-9.0,0.926
2021-11-16T12:04:27.000,12.82,-8.18,1.05,20.33,20.5,278806,-23.02,-9.0,0.926
2021-11-16T12:06:27.000,12.79,-8.19,1.05,20.33,20.5,278808,-22.6,-10.0,0.926
2021-11-16T12:07:27.000,12.75,-8.31,1.04,20.34,20.5,278809,-22.4,-10.0,0.926
2021-11-16T12:08:27.000,12.7,-8.3,1.04,20.33,20.5,278810,-22.19,-10.0,0.926
2021-11-16T12:09:27.000,12.68,-8.2,1.04,20.33,20.5,278811,-21.98,-10.0,0.926
2021-11-16T12:10:27.000,12.67,-8.22,1.04,20.34,20.5,278812,-21.77,-11.0,0.926
2021-11-16T12:11:27.000,12.65,-8.12,1.04,20.34,20.5,278813,-21.56,-11.0,0.926
2021-11-16T12:12:27.000,12.65,-8.15,1.04,20.34,20.5,278814,-21.35,-11.0,0.926
2021-11-16T12:13:27.000,12.63,-8.35,1.04,20.34,20.5,278815,-21.14,-11.0,0.926
2021-11-16T12:14:28.000,12.59,-8.39,1.04,20.34,20.5,278816,-20.93,-11.0,0.926
2021-11-16T12:15:27.000,12.54,-8.33,1.04,20.34,20.5,278817,-20.73,-12.0,0.926
2021-11-16T12:16:28.000,12.52,-8.15,1.04,20.33,20.5,278818,-20.52,-12.0,0.926
2021-11-16T12:17:28.000,12.52,-8.13,1.04,20.33,20.5,278819,-20.31,-12.0,0.926
2021-11-16T12:18:28.000,12.51,-8.14,1.04,20.33,20.5,278820,-20.1,-12.0,0.926
2021-11-16T12:19:28.000,12.5,-8.17,1.05,20.33,20.5,278821,-19.89,-12.0,0.926
2021-11-16T12:20:28.000,12.48,-8.36,1.04,20.33,20.5,278822,-19.68,-13.0,0.926
2021-11-16T12:21:28.000,12.44,-8.53,1.04,20.33,20.5,278823,-19.48,-13.0,0.926
2021-11-16T12:23:28.000,12.33,-8.5,1.05,20.33,20.5,278825,-19.06,-13.0,0.926
2021-11-16T12:24:28.000,12.3,-8.41,1.04,20.33,20.5,278826,-18.85,-13.0,0.926
2021-11-16T12:25:28.000,12.28,-8.25,1.05,20.33,20.5,278827,-18.64,-13.0,0.927
2021-11-16T12:26:28.000,12.29,-8.26,1.05,20.33,20.5,278828,-18.44,-14.0,0.927
2021-11-16T12:27:28.000,12.23,-8.51,1.05,20.33,20.5,278829,-18.23,-14.0,0.927
2021-11-16T12:28:28.000,12.18,-8.44,1.05,20.33,20.5,278830,-18.02,-14.0,0.927
2021-11-16T12:30:28.000,12.16,-8.38,1.05,20.32,20.5,278832,-17.61,-14.0,0.927
2021-11-16T12:31:29.000,12.12,-8.64,1.05,20.33,20.5,278833,-17.4,-15.0,0.927
2021-11-16T12:33:29.000,12.04,-8.54,1.06,20.32,20.5,278835,-16.98,-15.0,0.927
2021-11-16T12:34:29.000,12.07,-8.52,1.06,20.32,20.5,278836,-16.78,-15.0,0.927
2021-11-16T12:35:29.000,12.05,-8.58,1.06,20.32,20.5,278837,-16.57,-15.0,0.927
2021-11-16T12:36:29.000,12.04,-8.56,1.06,20.31,20.5,278838,-16.36,-16.0,0.927
2021-11-16T12:37:29.000,12.02,-8.58,1.07,20.31,20.5,278839,-16.16,-16.0,0.927
2021-11-16T12:38:29.000,12.02,-8.59,1.07,20.31,20.5,278840,-15.95,-16.0,0.927
2021-11-16T12:39:29.000,11.98,-8.84,1.08,20.3,20.5,278841,-15.74,-16.0,0.927
2021-11-16T12:40:34.000,11.9,-8.77,1.08,20.29,20.5,278842,-15.52,-16.0,0.927
2021-11-16T12:42:34.000,11.91,-8.46,1.1,20.28,20.5,278844,-15.11,-17.0,0.927
2021-11-16T12:43:34.000,11.94,-8.44,1.12,20.26,20.5,278845,-14.9,-17.0,0.927
2021-11-16T12:44:34.000,11.96,-8.58,1.14,20.24,20.5,278846,-14.7,-17.0,0.927
2021-11-16T12:45:35.000,11.98,-8.5,1.16,20.22,20.5,278847,-14.49,-17.0,0.927
2021-11-16T12:46:35.000,11.99,-8.6,1.18,20.2,20.5,278848,-14.28,-18.0,0.927
2021-11-16T12:47:35.000,11.99,-8.53,1.21,20.17,20.5,278849,-14.08,-18.0,0.927
2021-11-16T12:48:35.000,12.0,-8.48,1.25,20.14,20.5,278850,-13.87,-18.0,0.927
2021-11-16T12:49:35.000,12.01,-8.53,1.3,20.1,20.5,278851,-13.67,-18.0,0.927
2021-11-16T12:50:35.000,12.01,-8.5,1.35,20.06,20.5,278852,-13.46,-18.0,0.927
2021-11-16T12:51:35.000,12.0,-8.46,1.42,20.0,20.5,278853,-13.26,-19.0,0.927
2021-11-16T12:53:41.000,11.97,-8.57,1.61,19.86,20.5,278855,-12.83,-19.0,0.928
2021-11-16T12:54:41.000,11.94,-8.61,1.75,19.77,20.5,278856,-12.62,-19.0,0.928
2021-11-16T12:55:42.000,11.92,-8.55,1.91,19.68,20.5,278857,-12.41,-19.0,0.928
2021-11-16T12:56:42.000,11.94,-8.55,2.12,19.56,20.5,278858,-12.21,-20.0,0.928
2021-11-16T12:57:42.000,11.92,-8.77,2.37,19.45,20.5,278859,-12.01,-20.0,0.928
2021-11-16T12:58:42.000,11.92,-8.65,2.63,19.33,20.5,278860,-11.8,-20.0,0.928
2021-11-16T12:59:42.000,11.85,-8.91,2.94,19.21,20.5,278861,-11.6,-20.0,0.928
2021-11-16T13:00:42.000,11.79,-8.74,3.31,19.08,20.5,278862,-11.39,-20.0,0.928
2021-11-16T13:01:42.000,11.8,-8.64,3.77,18.94,20.5,278863,-11.19,-20.0,0.928
2021-11-16T13:02:42.000,11.83,-8.65,4.33,18.79,20.5,278864,-10.99,-21.0,0.928
2021-11-16T13:03:42.000,11.81,-8.8,5.04,18.63,20.5,278865,-10.78,-21.0,0.928
2021-11-16T13:04:42.000,11.77,-8.78,5.87,18.46,20.5,278866,-10.58,-21.0,0.928
2021-11-16T13:05:42.000,11.77,-8.61,7.03,18.26,20.5,278867,-10.37,-21.0,0.928
2021-11-16T13:06:42.000,11.81,-8.54,8.41,18.07,20.5,278868,-10.17,-21.0,0.928
2021-11-16T13:07:42.000,11.84,-8.5,10.06,17.88,20.5,278869,-9.97,-22.0,0.928
2021-11-16T13:08:42.000,11.92,-8.39,11.91,17.69,20.5,278870,-9.77,-22.0,0.928
2021-11-16T13:09:42.000,11.96,-8.51,14.16,17.5,20.5,278871,-9.56,-22.0,0.928
2021-11-16T13:10:43.000,11.98,-8.5,16.78,17.32,20.5,278872,-9.36,-22.0,0.928
2021-11-16T13:11:42.000,11.96,-8.67,20.09,17.12,20.5,278873,-9.16,-22.0,0.928
2021-11-16T13:12:43.000,11.92,-8.65,23.87,16.94,20.5,278874,-8.95,-23.0,0.928
2021-11-16T13:13:43.000,11.89,-8.64,28.55,16.74,20.5,278875,-8.75,-23.0,0.928
2021-11-16T13:14:43.000,11.86,-8.61,34.67,16.53,20.5,278876,-8.55,-23.0,0.928
2021-11-16T13:15:43.000,11.86,-8.54,41.78,16.33,20.5,278877,-8.34,-23.0,0.928
2021-11-16T13:16:43.000,11.87,-8.56,49.17,16.15,20.5,278878,-8.14,-23.0,0.928
2021-11-16T13:17:43.000,11.91,-8.39,61.2,15.91,20.5,278879,-7.94,-23.0,0.928
2021-11-16T13:18:43.000,11.98,-8.36,74.89,15.7,20.5,278880,-7.74,-24.0,0.928
2021-11-16T13:19:43.000,11.99,-8.46,91.64,15.48,20.5,278881,-7.54,-24.0,0.928
2021-11-16T13:20:44.000,11.97,-8.67,112.91,15.25,20.5,278882,-7.33,-24.0,0.928
2021-11-16T13:21:43.000,11.87,-8.91,139.48,15.02,20.5,278883,-7.13,-24.0,0.928
2021-11-16T13:22:43.000,11.83,-8.68,173.66,14.78,20.5,278884,-6.93,-24.0,0.929
2021-11-16T13:23:43.000,11.86,-8.57,217.89,14.54,20.5,278885,-6.73,-25.0,0.929
2021-11-16T13:24:44.000,11.86,-8.52,275.08,14.28,20.5,278886,-6.53,-25.0,0.929
2021-11-16T13:25:44.000,11.86,-8.5,349.24,14.02,20.5,278887,-6.33,-25.0,0.929
2021-11-16T13:26:44.000,11.86,-8.43,444.29,13.76,20.5,278888,-6.13,-25.0,0.929
2021-11-16T13:27:44.000,11.87,-8.34,568.49,13.5,20.5,278889,-5.93,-25.0,0.929
2021-11-16T13:28:44.000,11.93,-8.25,729.48,13.23,20.5,278890,-5.73,-25.0,0.929
2021-11-16T13:29:46.000,11.95,-8.29,936.58,12.95,20.5,278891,-5.52,-26.0,0.929
2021-11-16T13:30:46.000,11.94,-8.34,1213.05,12.67,20.5,278892,-5.32,-26.0,0.929
2021-11-16T13:31:46.000,11.94,-8.29,1570.65,12.39,20.5,278893,-5.12,-26.0,0.929
2021-11-16T13:32:45.000,11.96,-8.29,2033.53,12.11,20.5,278894,-4.92,-26.0,0.929
2021-11-16T13:33:45.000,11.98,-8.22,2631.48,11.83,20.5,278895,-4.72,-26.0,0.929
2021-11-16T13:34:46.000,12.0,-8.17,3393.89,11.56,20.5,278896,-4.52,-27.0,0.929
2021-11-16T13:35:46.000,12.04,-8.08,4363.24,11.28,20.5,278897,-4.32,-27.0,0.929
2021-11-16T13:36:46.000,12.05,-8.11,5576.13,11.02,20.5,278898,-4.12,-27.0,0.929
2021-11-16T13:37:46.000,12.1,-8.02,7105.0,10.75,20.5,278899,-3.92,-27.0,0.929
2021-11-16T13:38:46.000,12.16,-7.98,9114.11,10.48,20.5,278900,-3.73,-27.0,0.929
2021-11-16T13:41:46.000,12.3,-7.99,18930.81,9.69,20.5,278903,-3.13,-28.0,0.929
2021-11-16T13:43:46.000,12.36,-7.84,27453.39,9.57,20.5,278905,-2.73,-28.0,0.929
2021-11-16T13:44:47.000,12.38,-7.87,34837.82,9.03,20.5,278906,-2.53,-28.0,0.929
2021-11-16T13:45:47.000,12.44,-7.8,41959.07,8.82,20.5,278907,-2.34,-29.0,0.929
2021-11-16T13:46:47.000,12.51,-7.7,49828.56,8.64,20.5,278908,-2.14,-29.0,0.929
2021-11-16T13:47:47.000,12.6,-7.68,58385.78,8.47,20.5,278909,-1.94,-29.0,0.929
2021-11-16T13:48:47.000,12.66,-7.7,13651.21,1.79,20.5,278910,-1.74,-29.0,0.929
2021-11-16T13:49:47.000,12.7,-7.68,0.0,0.0,20.5,278911,-1.55,-29.0,0.929
2021-11-16T13:50:47.000,12.75,-7.66,0.0,0.0,20.5,278912,-1.35,-29.0,0.93
2021-11-16T13:51:47.000,12.8,-7.69,0.0,0.0,20.5,278913,-1.15,-30.0,0.93
2021-11-16T13:52:48.000,12.82,-7.7,0.0,0.0,20.5,278914,-0.96,-30.0,0.93
2021-11-16T13:53:48.000,12.85,-7.62,0.0,0.0,20.5,278915,-0.76,-30.0,0.93
2021-11-16T13:54:48.000,12.88,-7.63,0.0,0.0,20.5,278916,-0.56,-30.0,0.93
2021-11-16T13:56:54.000,13.0,-7.51,0.0,0.0,20.5,278918,-0.15,-30.0,0.93
2021-11-16T13:57:54.000,13.02,-7.53,0.0,0.0,20.5,278919,0.04,-31.0,0.93
2021-11-16T13:58:54.000,13.02,-7.53,0.0,0.0,20.5,278920,0.24,-31.0,0.93
2021-11-16T14:00:55.000,13.08,-7.37,0.0,0.0,20.5,278922,0.63,-31.0,0.93
2021-11-16T14:02:55.000,13.14,-7.32,0.0,0.0,20.5,278924,1.02,-32.0,0.93
2021-11-16T14:03:55.000,13.15,-7.34,0.0,0.0,20.5,278925,1.21,-32.0,0.93
2021-11-16T14:04:55.000,13.17,-7.3,0.0,0.0,20.5,278926,1.41,-32.0,0.93
2021-11-16T14:05:55.000,13.17,-7.24,0.0,0.0,20.5,278927,1.6,-32.0,0.93
2021-11-16T14:06:55.000,13.19,-7.15,0.0,0.0,20.5,278928,1.8,-32.0,0.93
2021-11-16T14:07:55.000,13.21,-7.1,0.0,0.0,20.5,278929,1.99,-32.0,0.93
2021-11-16T14:08:55.000,13.22,-7.06,0.0,0.0,20.5,278930,2.18,-33.0,0.93
2021-11-16T14:09:55.000,13.25,-7.0,0.19,0.09,20.5,278931,2.38,-33.0,0.93
2021-11-16T14:10:55.000,13.27,-7.02,0.0,0.0,20.5,278932,2.57,-33.0,0.93
2021-11-16T14:11:55.000,13.31,-7.0,0.0,0.0,20.5,278933,2.76,-33.0,0.93
2021-11-16T14:12:55.000,13.35,-6.94,0.0,0.0,20.5,278934,2.95,-33.0,0.93
2021-11-16T14:13:55.000,13.38,-6.92,0.0,0.0,20.5,278935,3.15,-33.0,0.93
2021-11-16T14:14:55.000,13.41,-6.9,0.0,0.0,20.5,278936,3.34,-34.0,0.93
2021-11-16T14:15:55.000,13.47,-6.8,0.0,0.0,20.5,278937,3.53,-34.0,0.93
2021-11-16T14:16:55.000,13.51,-6.84,0.0,0.0,20.5,278938,3.72,-34.0,0.93
2021-11-16T14:17:56.000,13.53,-6.79,0.0,0.0,20.5,278939,3.91,-34.0,0.93
2021-11-16T14:18:56.000,13.58,-6.68,0.0,0.0,20.5,278940,4.11,-34.0,0.93
2021-11-16T14:19:56.000,13.65,-6.62,0.0,0.0,20.5,278941,4.3,-34.0,0.931
2021-11-16T14:20:56.000,13.73,-6.55,0.0,0.0,20.5,278942,4.49,-35.0,0.931
2021-11-16T14:21:56.000,13.8,-6.54,0.0,0.0,20.5,278943,4.68,-35.0,0.931
2021-11-16T14:22:56.000,13.86,-6.59,0.0,0.0,20.5,278944,4.87,-35.0,0.931
2021-11-16T14:23:56.000,13.91,-6.59,0.0,0.0,20.5,278945,5.06,-35.0,0.931
2021-11-16T14:24:56.000,13.95,-6.65,0.0,0.0,20.5,278946,5.25,-35.0,0.931
2021-11-16T14:25:57.000,13.96,-6.7,0.0,0.0,20.5,278947,5.44,-35.0,0.931
2021-11-16T14:26:56.000,13.97,-6.66,0.0,0.0,20.5,278948,5.63,-36.0,0.931
2021-11-16T14:30:03.000,14.09,-6.53,0.0,0.0,20.5,278951,6.21,-36.0,0.931
2021-11-16T14:31:03.000,14.12,-6.59,0.0,0.0,20.5,278952,6.4,-36.0,0.931
2021-11-16T14:32:03.000,14.14,-6.67,0.0,0.0,20.5,278953,6.59,-36.0,0.931
2021-11-16T14:33:03.000,14.15,-6.61,0.0,0.0,20.5,278954,6.78,-36.0,0.931
2021-11-16T14:34:03.000,14.18,-6.63,0.0,0.0,20.5,278955,6.97,-37.0,0.931
2021-11-16T14:35:03.000,14.24,-6.54,0.0,0.0,20.5,278956,7.15,-37.0,0.931
2021-11-16T14:36:03.000,14.28,-6.54,0.0,0.0,20.5,278957,7.34,-37.0,0.931
2021-11-16T14:37:03.000,14.31,-6.61,0.0,0.0,20.5,278958,7.53,-37.0,0.931
2021-11-16T14:38:03.000,14.36,-6.51,0.0,0.0,20.5,278959,7.71,-37.0,0.931
2021-11-16T14:39:03.000,14.41,-6.66,0.0,0.0,20.5,278960,7.9,-37.0,0.931
2021-11-16T14:40:03.000,14.46,-6.66,0.0,0.0,20.5,278961,8.09,-38.0,0.931
2021-11-16T14:41:04.000,14.52,-6.68,0.0,0.0,20.5,278962,8.27,-38.0,0.931
2021-11-16T14:42:04.000,14.57,-6.67,0.0,0.0,20.5,278963,8.46,-38.0,0.931
2021-11-16T14:43:04.000,14.59,-6.65,0.0,0.0,20.5,278964,8.65,-38.0,0.931
2021-11-16T14:44:04.000,14.6,-6.66,0.0,0.0,20.5,278965,8.83,-38.0,0.931
2021-11-16T14:45:04.000,14.61,-6.73,0.0,0.0,20.5,278966,9.01,-38.0,0.931
2021-11-16T14:46:04.000,14.61,-6.72,0.0,0.0,20.5,278967,9.2,-39.0,0.931
2021-11-16T14:47:04.000,14.6,-6.8,0.0,0.0,20.5,278968,9.38,-39.0,0.931
2021-11-16T14:48:04.000,14.58,-7.02,0.0,0.0,20.5,278969,9.57,-39.0,0.931
