Downloads/jupyter/ECSV/stars19/stars19_2023-09.ecsv
# %ECSV 1.0
# ---
# datatype:
# - {name: time, datatype: string}
# - {name: Enclosure Temperature, unit: deg_C, datatype: float64}
# - {name: Sky Temperature, unit: deg_C, datatype: float64}
# - {name: Frequency, unit: Hz, datatype: float64}
# - {name: MSAS, unit: mag / arcsec2, datatype: float64}
# - {name: ZP, datatype: float64}
# - {name: Sequence Number, datatype: int64}
# - {name: Sun Alt, unit: deg, datatype: float64}
# - {name: Moon Alt, unit: deg, datatype: float64}
# - {name: Moon Illumination, datatype: float64}
# delimiter: ','
# meta: !!omap
# - ida:
#     Data supplier: {affiliation: null, observer: null}
#     Device type: TESS-W
#     Field of view: 17.0
#     Filters per channel: None
#     Instrument ID: stars19
#     License: ODbL 1.0 http://opendatacommons.org/licenses/odbl/summary/
#     Local timezone: America/Phoenix
#     Location name: {country: '- Tucson', place: Tucson, region: United States, sub_region: Arizona, town: Pima County}
#     Measurement direction per channel: {azimuth: 0.0, zenital: 0.0}
#     Moving / Fixed look direction: FIXED
#     Moving / Stationary position: STATIONARY
#     Number of channels: 1
#     Number of fields per line: 8
#     Number of header lines: 35
#     Position: {height: 0.0, latitude: 32.223877, longitude: -110.767532}
#     TESS MAC address: 18:FE:34:CF:EC:06
#     TESS cover offset value: 0.0
#     TESS firmware version: '1.0'
#     TESS zero point: 20.38
#     Time Synchronization: timestamp added by MQTT subscriber
#     URL: http://www.darksky.org/NSBM/sdf1.0.pdf
# - __serialized_columns__:
#     Enclosure Temperature:
#       __class__: astropy.units.quantity.Quantity
#       unit: &id001 !astropy.units.Unit {unit: deg_C}
#       value: !astropy.table.SerializedColumn {name: Enclosure Temperature}
#     Frequency:
#       __class__: astropy.units.quantity.Quantity
#       unit: !astropy.units.Unit {unit: Hz}
#       value: !astropy.table.SerializedColumn {name: Frequency}
#     MSAS:
#       __class__: astropy.units.quantity.Quantity
#       unit: !astropy.units.Unit {unit: mag / arcsec2}
#       value: !astropy.table.SerializedColumn {name: MSAS}
#     Moon Alt:
#       __class__: astropy.units.quantity.Quantity
#       unit: &id002 !astropy.units.Unit {unit: deg}
#       value: !astropy.table.SerializedColumn {name: Moon Alt}
#     Sky Temperature:
#       __class__: astropy.units.quantity.Quantity
#       unit: *id001
#       value: !astropy.table.SerializedColumn {name: Sky Temperature}
#     Sun Alt:
#       __class__: astropy.units.quantity.Quantity
#       unit: *id002
#       value: !astropy.table.SerializedColumn {name: Sun Alt}
#     time:
#       __class__: astropy.time.core.Time
#       format: isot
#       in_subfmt: '*'
#       out_subfmt: '*'
#       precision: 3
#       scale: utc
#       value: !astropy.table.SerializedColumn {name: time}
# schema: astropy-2.0
time,Enclosure Temperature,Sky Temperature,Frequency,MSAS,ZP,Sequence Number,Sun Alt,Moon Alt,Moon Illumination
[from data line 8495]
2023-09-12T01:48:02.000,37.3,22.79,7073.46,10.76,20.38,75897,-3.68,-17.0,0.081
2023-09-12T01:49:02.000,37.32,22.86,5632.88,11.01,20.38,75898,-3.89,-18.0,0.081
2023-09-12T01:50:02.000,37.35,22.89,4536.33,11.24,20.38,75899,-4.1,-18.0,0.081
2023-09-12T01:51:04.000,37.4,22.89,3524.97,11.52,20.38,75900,-4.32,-18.0,0.081
2023-09-12T01:52:03.000,37.39,22.78,2731.54,11.79,20.38,75901,-4.53,-18.0,0.081
2023-09-12T01:53:03.000,37.38,22.79,2120.09,12.07,20.38,75902,-4.74,-18.0,0.081
2023-09-12T01:54:03.000,37.34,22.74,1654.79,12.34,20.38,75903,-4.95,-18.0,0.081
2023-09-12T01:55:03.000,37.36,22.82,1335.48,12.57,20.38,75904,-5.15,-19.0,0.081
2023-09-12T01:56:04.000,37.34,22.72,1038.76,12.84,20.38,75905,-5.37,-19.0,0.081
2023-09-12T01:57:04.000,37.34,22.78,785.51,13.15,20.38,75906,-5.58,-19.0,0.081
2023-09-12T01:58:04.000,37.33,22.74,607.02,13.42,20.38,75907,-5.79,-19.0,0.08
2023-09-12T01:59:04.000,37.31,22.84,482.09,13.67,20.38,75908,-6.0,-19.0,0.08
2023-09-12T02:00:05.000,37.3,22.81,373.26,13.95,20.38,75909,-6.21,-19.0,0.08
2023-09-12T02:01:05.000,37.29,22.83,295.29,14.21,20.38,75910,-6.42,-20.0,0.08
2023-09-12T02:02:05.000,37.3,22.87,234.18,14.46,20.38,75911,-6.63,-20.0,0.08
2023-09-12T02:03:05.000,37.31,22.8,185.84,14.71,20.38,75912,-6.83,-20.0,0.08
2023-09-12T02:04:05.000,37.25,22.78,153.18,14.92,20.38,75913,-7.04,-20.0,0.08
2023-09-12T02:05:05.000,37.26,22.82,122.0,15.17,20.38,75914,-7.25,-20.0,0.08
2023-09-12T02:06:05.000,37.28,22.84,95.06,15.44,20.38,75915,-7.46,-20.0,0.08
2023-09-12T02:07:06.000,37.31,22.93,74.73,15.7,20.38,75916,-7.67,-20.0,0.08
2023-09-12T02:08:06.000,37.34,23.02,60.64,15.92,20.38,75917,-7.88,-21.0,0.08
2023-09-12T02:09:06.000,37.38,23.0,50.51,16.12,20.38,75918,-8.09,-21.0,0.08
2023-09-12T02:10:06.000,37.39,22.94,44.94,16.25,20.38,75919,-8.3,-21.0,0.08
2023-09-12T02:11:06.000,37.38,22.86,39.48,16.39,20.38,75920,-8.51,-21.0,0.08
2023-09-12T02:12:08.000,37.37,22.88,35.54,16.5,20.38,75921,-8.72,-21.0,0.08
2023-09-12T02:13:08.000,37.34,22.79,32.45,16.6,20.38,75922,-8.93,-21.0,0.08
2023-09-12T02:14:08.000,37.31,22.75,29.65,16.7,20.38,75923,-9.14,-22.0,0.08
2023-09-12T02:15:08.000,37.25,22.71,27.85,16.77,20.38,75924,-9.34,-22.0,0.08
2023-09-12T02:16:08.000,37.25,22.81,26.73,16.81,20.38,75925,-9.55,-22.0,0.08
2023-09-12T02:17:09.000,37.29,22.81,26.03,16.84,20.38,75926,-9.76,-22.0,0.08
2023-09-12T02:18:09.000,37.32,22.76,24.87,16.89,20.38,75927,-9.97,-22.0,0.08
2023-09-12T02:19:09.000,37.28,22.63,23.85,16.94,20.38,75928,-10.18,-22.0,0.08
2023-09-12T02:20:10.000,37.27,22.64,22.97,16.98,20.38,75929,-10.39,-22.0,0.08
2023-09-12T02:21:11.000,37.26,22.53,22.02,17.02,20.38,75930,-10.6,-23.0,0.08
2023-09-12T02:22:12.000,37.2,22.34,21.49,17.05,20.38,75931,-10.81,-23.0,0.08
2023-09-12T02:23:11.000,37.16,22.34,20.7,17.09,20.38,75932,-11.01,-23.0,0.08
2023-09-12T02:24:11.000,37.12,22.14,18.99,17.18,20.38,75933,-11.22,-23.0,0.08
2023-09-12T02:25:11.000,37.02,22.0,17.6,17.27,20.38,75934,-11.43,-23.0,0.08
2023-09-12T02:26:12.000,36.98,21.96,16.82,17.32,20.38,75935,-11.64,-23.0,0.079
2023-09-12T02:27:12.000,36.93,21.84,15.93,17.37,20.38,75936,-11.84,-24.0,0.079
2023-09-12T02:28:12.000,36.88,21.84,14.79,17.46,20.38,75937,-12.05,-24.0,0.079
2023-09-12T02:29:12.000,36.87,21.98,13.58,17.55,20.38,75938,-12.25,-24.0,0.079
2023-09-12T02:30:12.000,36.85,22.12,12.75,17.62,20.38,75939,-12.46,-24.0,0.079
2023-09-12T02:31:12.000,36.84,22.34,13.09,17.59,20.38,75940,-12.67,-24.0,0.079
2023-09-12T02:32:13.000,36.83,22.52,14.76,17.46,20.38,75941,-12.88,-24.0,0.079
2023-09-12T02:34:13.000,36.8,22.61,16.83,17.32,20.38,75943,-13.29,-25.0,0.079
2023-09-12T02:35:13.000,36.79,22.54,14.5,17.48,20.38,75944,-13.49,-25.0,0.079
2023-09-12T02:37:13.000,36.79,22.45,14.19,17.5,20.38,75946,-13.9,-25.0,0.079
2023-09-12T02:38:13.000,36.81,22.46,13.5,17.55,20.38,75947,-14.11,-25.0,0.079
2023-09-12T02:39:14.000,36.84,22.59,13.76,17.53,20.38,75948,-14.32,-25.0,0.079
2023-09-12T02:40:13.000,36.88,22.6,14.54,17.47,20.38,75949,-14.52,-25.0,0.079
2023-09-12T02:41:14.000,36.87,22.6,13.91,17.52,20.38,75950,-14.73,-26.0,0.079
2023-09-12T02:42:14.000,36.84,22.53,14.55,17.47,20.38,75951,-14.93,-26.0,0.079
2023-09-12T02:43:14.000,36.82,22.51,14.66,17.46,20.38,75952,-15.13,-26.0,0.079
2023-09-12T02:44:14.000,36.82,22.47,14.74,17.46,20.38,75953,-15.34,-26.0,0.079
2023-09-12T02:45:14.000,36.8,22.38,15.07,17.43,20.38,75954,-15.54,-26.0,0.079
2023-09-12T02:46:14.000,36.78,22.35,14.65,17.47,20.38,75955,-15.75,-26.0,0.079
2023-09-12T02:47:14.000,36.77,22.44,13.68,17.54,20.38,75956,-15.95,-26.0,0.079
2023-09-12T02:48:14.000,36.76,22.51,14.31,17.49,20.38,75957,-16.15,-26.0,0.079
2023-09-12T02:49:14.000,36.73,22.59,14.94,17.44,20.38,75958,-16.36,-27.0,0.079
2023-09-12T02:50:14.000,36.74,22.86,15.9,17.38,20.38,75959,-16.56,-27.0,0.079
2023-09-12T02:51:15.000,36.7,22.82,17.5,17.27,20.38,75960,-16.77,-27.0,0.079
2023-09-12T02:52:14.000,36.63,22.89,19.5,17.16,20.38,75961,-16.97,-27.0,0.079
2023-09-12T02:53:15.000,36.62,23.08,19.36,17.19,20.38,75962,-17.17,-27.0,0.079
2023-09-12T02:54:14.000,36.63,23.18,17.39,17.28,20.38,75963,-17.37,-27.0,0.078
2023-09-12T02:55:14.000,36.65,23.23,18.14,17.23,20.38,75964,-17.57,-27.0,0.078
2023-09-12T02:56:15.000,36.6,23.2,18.7,17.2,20.38,75965,-17.78,-28.0,0.078
2023-09-12T02:57:15.000,36.56,23.01,19.26,17.17,20.38,75966,-17.98,-28.0,0.078
2023-09-12T02:58:15.000,36.48,22.69,19.62,17.15,20.38,75967,-18.18,-28.0,0.078
2023-09-12T02:59:15.000,36.37,22.58,21.11,17.07,20.38,75968,-18.39,-28.0,0.078
2023-09-12T03:00:15.000,36.28,22.56,23.3,16.96,20.38,75969,-18.59,-28.0,0.078
2023-09-12T03:01:15.000,36.22,22.52,23.53,16.95,20.38,75970,-18.79,-28.0,0.078
2023-09-12T03:02:15.000,36.16,22.41,22.17,17.02,20.38,75971,-18.99,-28.0,0.078
2023-09-12T03:03:15.000,36.13,22.28,21.46,17.05,20.38,75972,-19.19,-28.0,0.078
2023-09-12T03:04:16.000,36.14,22.28,21.34,17.06,20.38,75973,-19.4,-29.0,0.078
2023-09-12T03:06:16.000,36.05,22.07,17.67,17.26,20.38,75975,-19.8,-29.0,0.078
2023-09-12T03:07:16.000,36.01,22.09,17.09,17.3,20.38,75976,-20.0,-29.0,0.078
2023-09-12T03:08:16.000,35.94,21.96,17.53,17.27,20.38,75977,-20.2,-29.0,0.078
2023-09-12T03:09:16.000,35.9,22.05,17.61,17.27,20.38,75978,-20.4,-29.0,0.078
2023-09-12T03:10:16.000,35.75,21.68,18.39,17.22,20.38,75979,-20.6,-29.0,0.078
2023-09-12T03:11:18.000,35.61,21.77,19.29,17.17,20.38,75980,-20.8,-29.0,0.078
2023-09-12T03:12:19.000,35.47,22.12,20.22,17.12,20.38,75981,-21.01,-30.0,0.078
2023-09-12T03:13:19.000,35.5,22.26,22.65,16.99,20.38,75982,-21.21,-30.0,0.078
2023-09-12T03:14:19.000,35.4,22.3,25.54,16.86,20.38,75983,-21.41,-30.0,0.078
2023-09-12T03:15:19.000,35.37,22.34,27.6,16.78,20.38,75984,-21.6,-30.0,0.078
2023-09-12T03:16:19.000,35.31,22.48,27.76,16.77,20.38,75985,-21.8,-30.0,0.078
2023-09-12T03:18:19.000,35.2,22.2,28.77,16.73,20.38,75987,-22.2,-30.0,0.078
2023-09-12T03:19:20.000,35.1,22.06,28.64,16.77,20.38,75988,-22.4,-30.0,0.078
2023-09-12T03:20:22.000,35.06,22.18,27.86,16.77,20.38,75989,-22.61,-30.0,0.078
2023-09-12T03:22:22.000,34.93,22.25,24.85,16.89,20.38,75991,-23.0,-31.0,0.077
2023-09-12T03:23:22.000,34.91,21.96,23.23,16.97,20.38,75992,-23.2,-31.0,0.077
2023-09-12T03:25:22.000,34.83,21.61,22.88,16.98,20.38,75994,-23.59,-31.0,0.077
2023-09-12T03:26:24.000,34.85,21.94,22.29,17.01,20.38,75995,-23.79,-31.0,0.077
2023-09-12T03:27:24.000,34.79,21.54,22.3,17.01,20.38,75996,-23.99,-31.0,0.077
2023-09-12T03:29:25.000,34.68,21.35,22.92,16.98,20.38,75998,-24.38,-32.0,0.077
2023-09-12T03:30:25.000,34.6,21.5,23.01,16.98,20.38,75999,-24.58,-32.0,0.077
2023-09-12T03:31:32.000,34.55,21.58,22.53,17.0,20.38,76000,-24.8,-32.0,0.077
2023-09-12T03:33:32.000,34.54,21.91,22.53,17.0,20.38,76002,-25.19,-32.0,0.077
2023-09-12T03:34:32.000,34.52,21.86,22.43,17.0,20.38,76003,-25.38,-32.0,0.077
2023-09-12T03:35:32.000,34.49,21.93,22.67,16.99,20.38,76004,-25.58,-32.0,0.077
2023-09-12T03:36:33.000,34.46,21.97,24.38,16.91,20.38,76005,-25.77,-32.0,0.077
2023-09-12T03:37:33.000,34.41,22.06,26.16,16.84,20.38,76006,-25.97,-32.0,0.077
2023-09-12T03:38:34.000,34.33,21.85,27.34,16.79,20.38,76007,-26.16,-32.0,0.077
2023-09-12T03:39:33.000,34.31,22.11,28.16,16.76,20.38,76008,-26.35,-33.0,0.077
2023-09-12T03:40:34.000,34.22,21.89,30.25,16.68,20.38,76009,-26.55,-33.0,0.077
2023-09-12T03:41:34.000,34.2,22.09,31.82,16.62,20.38,76010,-26.74,-33.0,0.077
2023-09-12T03:42:34.000,34.12,21.78,31.56,16.63,20.38,76011,-26.93,-33.0,0.077
2023-09-12T03:43:34.000,34.07,21.9,30.27,16.68,20.38,76012,-27.13,-33.0,0.077
2023-09-12T03:44:34.000,34.08,21.88,29.79,16.69,20.38,76013,-27.32,-33.0,0.077
2023-09-12T03:45:34.000,33.78,20.79,28.66,16.74,20.38,76014,-27.51,-33.0,0.077
2023-09-12T03:46:34.000,33.51,20.97,27.41,16.79,20.38,76015,-27.7,-33.0,0.077
2023-09-12T03:47:35.000,33.67,21.66,26.57,16.82,20.38,76016,-27.9,-33.0,0.077
2023-09-12T03:48:35.000,33.78,21.57,26.66,16.82,20.38,76017,-28.09,-33.0,0.077
2023-09-12T03:49:35.000,33.82,21.55,28.79,16.73,20.38,76018,-28.28,-34.0,0.077
2023-09-12T03:50:35.000,33.74,21.08,29.96,16.69,20.38,76019,-28.47,-34.0,0.077
2023-09-12T03:51:37.000,33.66,21.1,29.37,16.71,20.38,76020,-28.66,-34.0,0.076
2023-09-12T03:52:37.000,33.52,20.77,28.07,16.76,20.38,76021,-28.85,-34.0,0.076
2023-09-12T03:53:37.000,33.45,20.98,27.7,16.77,20.38,76022,-29.04,-34.0,0.076
2023-09-12T03:54:38.000,33.35,20.8,27.94,16.76,20.38,76023,-29.23,-34.0,0.076
2023-09-12T03:55:38.000,33.37,20.92,28.18,16.76,20.38,76024,-29.42,-34.0,0.076
2023-09-12T03:56:38.000,33.39,21.06,28.01,16.76,20.38,76025,-29.61,-34.0,0.076
2023-09-12T03:57:38.000,33.38,20.76,28.0,16.76,20.38,76026,-29.8,-34.0,0.076
2023-09-12T03:58:38.000,33.37,20.91,27.09,16.8,20.38,76027,-29.98,-34.0,0.076
2023-09-12T03:59:38.000,33.35,20.75,26.17,16.84,20.38,76028,-30.17,-34.0,0.076
2023-09-12T04:00:38.000,33.3,20.64,25.63,16.86,20.38,76029,-30.36,-35.0,0.076
2023-09-12T04:01:39.000,33.3,20.76,24.76,16.9,20.38,76030,-30.55,-35.0,0.076
2023-09-12T04:02:39.000,33.31,20.67,23.65,16.95,20.38,76031,-30.73,-35.0,0.076
2023-09-12T04:03:39.000,33.27,20.4,21.88,17.03,20.38,76032,-30.92,-35.0,0.076
2023-09-12T04:04:40.000,33.23,20.44,20.14,17.12,20.38,76033,-31.11,-35.0,0.076
2023-09-12T04:05:40.000,33.19,20.34,19.73,17.14,20.38,76034,-31.29,-35.0,0.076
2023-09-12T04:06:40.000,33.16,20.27,19.94,17.13,20.38,76035,-31.48,-35.0,0.076
2023-09-12T04:07:40.000,33.05,20.06,20.77,17.09,20.38,76036,-31.66,-35.0,0.076
2023-09-12T04:08:40.000,32.96,20.04,21.0,17.07,20.38,76037,-31.85,-35.0,0.076
2023-09-12T04:10:42.000,32.83,20.02,17.64,17.27,20.38,76039,-32.22,-35.0,0.076
2023-09-12T04:11:42.000,32.78,19.97,14.79,17.46,20.38,76040,-32.4,-35.0,0.076
2023-09-12T04:12:42.000,32.74,19.78,13.65,17.54,20.38,76041,-32.59,-36.0,0.076
2023-09-12T04:13:43.000,32.65,19.75,13.47,17.56,20.38,76042,-32.77,-36.0,0.076
2023-09-12T04:14:43.000,32.66,19.74,12.98,17.6,20.38,76043,-32.95,-36.0,0.076
2023-09-12T04:15:43.000,32.55,19.38,13.4,17.56,20.38,76044,-33.13,-36.0,0.076
2023-09-12T04:16:45.000,32.51,19.63,15.31,17.42,20.38,76045,-33.32,-36.0,0.076
2023-09-12T04:17:45.000,32.57,19.9,17.15,17.29,20.38,76046,-33.5,-36.0,0.076
2023-09-12T04:18:45.000,32.55,19.76,17.4,17.28,20.38,76047,-33.68,-36.0,0.076
2023-09-12T04:19:45.000,32.53,19.99,16.69,17.32,20.38,76048,-33.86,-36.0,0.075
2023-09-12T04:20:46.000,32.56,19.92,16.71,17.32,20.38,76049,-34.05,-36.0,0.075
2023-09-12T04:21:47.000,32.57,19.94,17.93,17.25,20.38,76050,-34.23,-36.0,0.075
2023-09-12T04:22:47.000,32.57,19.94,18.44,17.22,20.38,76051,-34.41,-36.0,0.075
2023-09-12T04:23:48.000,32.58,19.9,17.39,17.28,20.38,76052,-34.59,-36.0,0.075
2023-09-12T04:24:48.000,32.63,19.97,16.22,17.36,20.38,76053,-34.76,-36.0,0.075
2023-09-12T04:25:48.000,32.66,19.87,15.32,17.42,20.38,76054,-34.94,-36.0,0.075
2023-09-12T04:26:49.000,32.69,19.82,15.55,17.4,20.38,76055,-35.12,-37.0,0.075
2023-09-12T04:27:49.000,32.74,19.87,15.29,17.42,20.38,76056,-35.3,-37.0,0.075
2023-09-12T04:28:50.000,32.75,19.68,15.83,17.38,20.38,76057,-35.48,-37.0,0.075
2023-09-12T04:29:50.000,32.73,19.79,15.8,17.38,20.38,76058,-35.65,-37.0,0.075
2023-09-12T04:30:50.000,32.75,19.65,15.49,17.4,20.38,76059,-35.83,-37.0,0.075
2023-09-12T04:31:50.000,32.72,19.67,14.61,17.47,20.38,76060,-36.0,-37.0,0.075
2023-09-12T04:32:50.000,32.71,19.54,14.0,17.52,20.38,76061,-36.18,-37.0,0.075
2023-09-12T04:33:50.000,32.69,19.32,13.35,17.57,20.38,76062,-36.35,-37.0,0.075
2023-09-12T04:34:51.000,32.7,19.4,12.42,17.64,20.38,76063,-36.53,-37.0,0.075
2023-09-12T04:35:51.000,32.67,19.29,11.97,17.69,20.38,76064,-36.7,-37.0,0.075
2023-09-12T04:36:51.000,32.7,19.36,12.18,17.67,20.38,76065,-36.87,-37.0,0.075
2023-09-12T04:37:51.000,32.64,19.22,12.01,17.68,20.38,76066,-37.04,-37.0,0.075
2023-09-12T04:38:51.000,32.69,19.46,11.78,17.7,20.38,76067,-37.21,-37.0,0.075
2023-09-12T04:39:51.000,32.71,19.27,11.59,17.72,20.38,76068,-37.39,-37.0,0.075
2023-09-12T04:40:52.000,32.63,19.28,13.29,17.57,20.38,76069,-37.56,-37.0,0.075
2023-09-12T04:41:52.000,32.61,19.35,14.36,17.49,20.38,76070,-37.73,-37.0,0.075
2023-09-12T04:42:52.000,32.63,19.43,14.78,17.46,20.38,76071,-37.9,-37.0,0.075
2023-09-12T04:45:52.000,32.54,19.46,14.16,17.5,20.38,76074,-38.4,-38.0,0.075
2023-09-12T04:50:54.000,32.57,19.42,13.49,17.56,20.38,76079,-39.24,-38.0,0.074
2023-09-12T04:51:54.000,32.57,19.38,11.93,17.69,20.38,76080,-39.4,-38.0,0.074
2023-09-12T04:52:54.000,32.54,19.07,11.19,17.76,20.38,76081,-39.57,-38.0,0.074
2023-09-12T04:53:55.000,32.42,18.91,9.86,17.9,20.38,76082,-39.73,-38.0,0.074
2023-09-12T04:54:55.000,32.45,19.21,8.85,18.01,20.38,76083,-39.9,-38.0,0.074
2023-09-12T04:55:55.000,32.5,19.16,8.68,18.03,20.38,76084,-40.06,-38.0,0.074
2023-09-12T04:56:55.000,32.5,19.08,9.06,17.99,20.38,76085,-40.22,-38.0,0.074
2023-09-12T04:57:56.000,32.48,18.9,9.98,17.88,20.38,76086,-40.38,-38.0,0.074
2023-09-12T04:58:56.000,32.45,19.03,10.67,17.81,20.38,76087,-40.54,-38.0,0.074
2023-09-12T04:59:56.000,32.49,19.26,11.91,17.69,20.38,76088,-40.7,-38.0,0.074
2023-09-12T05:00:56.000,32.57,19.44,12.46,17.64,20.38,76089,-40.86,-38.0,0.074
2023-09-12T05:01:56.000,32.63,19.72,13.93,17.52,20.38,76090,-41.02,-38.0,0.074
2023-09-12T05:02:56.000,32.66,19.63,16.04,17.37,20.38,76091,-41.18,-38.0,0.074
2023-09-12T05:03:57.000,32.67,19.64,17.3,17.29,20.38,76092,-41.34,-38.0,0.074
2023-09-12T05:04:57.000,32.7,19.65,16.49,17.34,20.38,76093,-41.49,-38.0,0.074
2023-09-12T05:05:57.000,32.69,19.58,14.94,17.44,20.38,76094,-41.65,-38.0,0.074
2023-09-12T05:06:57.000,32.67,19.39,14.28,17.49,20.38,76095,-41.81,-38.0,0.074
2023-09-12T05:07:58.000,32.67,19.26,12.96,17.6,20.38,76096,-41.96,-38.0,0.074
2023-09-12T05:08:58.000,32.69,19.31,10.62,17.81,20.38,76097,-42.12,-38.0,0.074
2023-09-12T05:09:58.000,32.72,19.18,10.68,17.81,20.38,76098,-42.27,-38.0,0.074
2023-09-12T05:10:58.000,32.72,19.32,9.95,17.89,20.38,76099,-42.42,-38.0,0.074
2023-09-12T05:11:58.000,32.79,19.17,9.34,17.95,20.38,76100,-42.57,-38.0,0.074
2023-09-12T05:12:58.000,32.81,18.94,8.06,18.11,20.38,76101,-42.73,-38.0,0.074
2023-09-12T05:13:58.000,32.84,18.84,8.15,18.1,20.38,76102,-42.88,-38.0,0.074
2023-09-12T05:14:58.000,32.85,18.74,8.01,18.12,20.38,76103,-43.03,-38.0,0.074
2023-09-12T05:15:59.000,32.81,18.48,7.77,18.15,20.38,76104,-43.18,-38.0,0.074
2023-09-12T05:17:00.000,32.82,18.67,8.14,18.1,20.38,76105,-43.33,-38.0,0.074
2023-09-12T05:18:00.000,32.78,18.49,9.19,17.97,20.38,76106,-43.48,-39.0,0.073
2023-09-12T05:19:00.000,32.73,18.54,9.45,17.94,20.38,76107,-43.62,-39.0,0.073
2023-09-12T05:20:02.000,32.59,18.33,9.98,17.88,20.38,76108,-43.77,-39.0,0.073
2023-09-12T05:21:03.000,32.46,18.41,9.86,17.9,20.38,76109,-43.92,-39.0,0.073
2023-09-12T05:22:04.000,32.33,18.3,9.47,17.94,20.38,76110,-44.07,-39.0,0.073
2023-09-12T05:23:03.000,32.28,18.52,9.35,17.95,20.38,76111,-44.21,-39.0,0.073
2023-09-12T05:24:04.000,32.2,18.49,10.07,17.87,20.38,76112,-44.36,-39.0,0.073
2023-09-12T05:25:04.000,32.12,18.4,10.4,17.84,20.38,76113,-44.5,-39.0,0.073
2023-09-12T05:26:04.000,32.05,18.34,9.66,17.92,20.38,76114,-44.64,-39.0,0.073
2023-09-12T05:27:04.000,32.02,18.57,9.7,17.91,20.38,76115,-44.78,-39.0,0.073
