Downloads/jupyter/ECSV/stars19/stars19_2021-04.ecsv
# %ECSV 1.0
# ---
# datatype:
# - {name: time, datatype: string}
# - {name: Enclosure Temperature, unit: deg_C, datatype: float64}
# - {name: Sky Temperature, unit: deg_C, datatype: float64}
# - {name: Frequency, unit: Hz, datatype: float64}
# - {name: MSAS, unit: mag / arcsec2, datatype: float64}
# - {name: ZP, datatype: float64}
# - {name: Sequence Number, datatype: int64}
# - {name: Sun Alt, unit: deg, datatype: float64}
# - {name: Moon Alt, unit: deg, datatype: float64}
# - {name: Moon Illumination, datatype: float64}
# delimiter: ','
# meta: !!omap
# - ida:
#     Data supplier: {affiliation: null, observer: null}
#     Device type: TESS-W
#     Field of view: 17.0
#     Filters per channel: None
#     Instrument ID: stars19
#     License: ODbL 1.0 http://opendatacommons.org/licenses/odbl/summary/
#     Local timezone: America/Phoenix
#     Location name: {country: '- Tucson', place: Tucson, region: United States, sub_region: Arizona, town: Pima County}
#     Measurement direction per channel: {azimuth: 0.0, zenital: 0.0}
#     Moving / Fixed look direction: FIXED
#     Moving / Stationary position: STATIONARY
#     Number of channels: 1
#     Number of fields per line: 8
#     Number of header lines: 35
#     Position: {height: 0.0, latitude: 32.223877, longitude: -110.767532}
#     TESS MAC address: 18:FE:34:CF:EC:06
#     TESS cover offset value: 0.0
#     TESS firmware version: '1.0'
#     TESS zero point: 20.5
#     Time Synchronization: timestamp added by MQTT subscriber
#     URL: http://www.darksky.org/NSBM/sdf1.0.pdf
# - __serialized_columns__:
#     Enclosure Temperature:
#       __class__: astropy.units.quantity.Quantity
#       unit: &id001 !astropy.units.Unit {unit: deg_C}
#       value: !astropy.table.SerializedColumn {name: Enclosure Temperature}
#     Frequency:
#       __class__: astropy.units.quantity.Quantity
#       unit: !astropy.units.Unit {unit: Hz}
#       value: !astropy.table.SerializedColumn {name: Frequency}
#     MSAS:
#       __class__: astropy.units.quantity.Quantity
#       unit: !astropy.units.Unit {unit: mag / arcsec2}
#       value: !astropy.table.SerializedColumn {name: MSAS}
#     Moon Alt:
#       __class__: astropy.units.quantity.Quantity
#       unit: &id002 !astropy.units.Unit {unit: deg}
#       value: !astropy.table.SerializedColumn {name: Moon Alt}
#     Sky Temperature:
#       __class__: astropy.units.quantity.Quantity
#       unit: *id001
#       value: !astropy.table.SerializedColumn {name: Sky Temperature}
#     Sun Alt:
#       __class__: astropy.units.quantity.Quantity
#       unit: *id002
#       value: !astropy.table.SerializedColumn {name: Sun Alt}
#     time:
#       __class__: astropy.time.core.Time
#       format: isot
#       in_subfmt: '*'
#       out_subfmt: '*'
#       precision: 3
#       scale: utc
#       value: !astropy.table.SerializedColumn {name: time}
# schema: astropy-2.0
time,Enclosure Temperature,Sky Temperature,Frequency,MSAS,ZP,Sequence Number,Sun Alt,Moon Alt,Moon Illumination
2021-04-01T00:10:08.000,33.63,4.24,0.0,0.0,20.5,91348,18.65,-62.0,0.854
2021-04-01T00:11:08.000,33.46,4.26,0.0,0.0,20.5,91349,18.44,-62.0,0.854
2021-04-01T00:12:08.000,33.46,5.04,0.0,0.0,20.5,91350,18.23,-62.0,0.854
2021-04-01T00:15:09.000,33.35,4.83,0.0,0.0,20.5,91353,17.6,-61.0,0.854
2021-04-01T00:16:09.000,33.42,5.15,0.0,0.0,20.5,91354,17.39,-61.0,0.854
2021-04-01T00:17:10.000,33.39,4.97,0.0,0.0,20.5,91355,17.17,-61.0,0.854
2021-04-01T00:20:10.000,33.5,5.08,0.0,0.0,20.5,91358,16.54,-61.0,0.854
2021-04-01T00:21:10.000,33.48,4.79,0.0,0.0,20.5,91359,16.33,-60.0,0.854
2021-04-01T00:22:10.000,33.46,4.65,0.0,0.0,20.5,91360,16.12,-60.0,0.854
2021-04-01T00:24:16.000,33.38,4.59,0.0,0.0,20.5,91362,15.68,-60.0,0.854
2021-04-01T00:25:16.000,33.39,4.77,0.0,0.0,20.5,91363,15.47,-60.0,0.853
2021-04-01T00:26:16.000,33.34,4.5,0.0,0.0,20.5,91364,15.26,-59.0,0.853
2021-04-01T00:44:17.000,32.87,4.43,0.0,0.0,20.5,91382,11.46,-56.0,0.852
2021-04-01T00:45:20.000,32.87,4.32,0.0,0.0,20.5,91383,11.23,-56.0,0.852
2021-04-01T00:46:20.000,32.87,4.24,0.0,0.0,20.5,91384,11.02,-56.0,0.852
2021-04-01T00:50:20.000,32.64,3.93,0.0,0.0,20.5,91388,10.18,-55.0,0.852
2021-04-01T00:52:20.000,32.55,3.86,0.0,0.0,20.5,91390,9.75,-54.0,0.852
2021-04-01T00:53:21.000,32.38,3.34,0.0,0.0,20.5,91391,9.54,-54.0,0.852
2021-04-01T00:56:21.000,32.08,3.33,0.0,0.0,20.5,91394,8.9,-54.0,0.852
2021-04-01T00:57:21.000,31.98,3.56,0.0,0.0,20.5,91395,8.69,-54.0,0.852
2021-04-01T00:58:21.000,31.96,3.61,0.0,0.0,20.5,91396,8.48,-53.0,0.852
2021-04-01T00:59:21.000,31.89,3.31,0.0,0.0,20.5,91397,8.27,-53.0,0.851
2021-04-01T01:00:21.000,31.82,3.38,0.0,0.0,20.5,91398,8.06,-53.0,0.851
2021-04-01T01:01:21.000,31.68,3.09,0.0,0.0,20.5,91399,7.85,-53.0,0.851
2021-04-01T01:04:21.000,31.59,3.47,0.0,0.0,20.5,91402,7.21,-52.0,0.851
2021-04-01T01:06:21.000,31.55,3.34,0.0,0.0,20.5,91404,6.79,-52.0,0.851
2021-04-01T01:07:21.000,31.51,3.32,0.0,0.0,20.5,91405,6.58,-52.0,0.851
2021-04-01T01:08:21.000,31.47,3.25,0.0,0.0,20.5,91406,6.37,-51.0,0.851
2021-04-01T01:12:22.000,31.29,3.03,0.0,0.0,20.5,91410,5.52,-51.0,0.851
2021-04-01T01:13:22.000,31.27,3.04,0.0,0.0,20.5,91411,5.31,-50.0,0.851
2021-04-01T01:14:22.000,31.24,2.99,0.0,0.0,20.5,91412,5.1,-50.0,0.851
2021-04-01T01:15:22.000,31.21,2.94,0.11,0.09,20.5,91413,4.89,-50.0,0.851
2021-04-01T01:16:22.000,31.17,2.77,0.0,0.0,20.5,91414,4.67,-50.0,0.85
2021-04-01T01:17:22.000,31.1,2.8,0.0,0.0,20.5,91415,4.46,-50.0,0.85
2021-04-01T01:18:23.000,31.06,2.77,0.0,0.0,20.5,91416,4.25,-49.0,0.85
2021-04-01T01:19:23.000,31.02,2.68,0.0,0.0,20.5,91417,4.04,-49.0,0.85
2021-04-01T01:20:23.000,30.98,2.62,0.0,0.0,20.5,91418,3.83,-49.0,0.85
2021-04-01T01:22:24.000,30.84,2.39,0.0,0.0,20.5,91420,3.4,-49.0,0.85
2021-04-01T01:23:24.000,30.74,2.4,0.0,0.0,20.5,91421,3.19,-48.0,0.85
2021-04-01T01:24:25.000,30.68,2.35,0.0,0.0,20.5,91422,2.98,-48.0,0.85
2021-04-01T01:31:26.000,30.18,1.92,0.0,0.0,20.5,91429,1.5,-47.0,0.85
2021-04-01T01:32:26.000,30.13,1.87,0.0,0.0,20.5,91430,1.28,-47.0,0.849
2021-04-01T01:33:26.000,30.05,1.77,0.0,0.0,20.5,91431,1.07,-46.0,0.849
2021-04-01T01:36:27.000,29.82,1.67,0.0,0.0,20.5,91434,0.44,-46.0,0.849
2021-04-01T01:38:27.000,29.69,1.57,0.0,0.0,20.5,91436,0.02,-45.0,0.849
2021-04-01T01:42:28.000,29.39,1.31,0.0,0.0,20.5,91440,-0.83,-45.0,0.849
2021-04-01T01:43:28.000,29.32,1.25,0.0,0.0,20.5,91441,-1.04,-44.0,0.849
2021-04-01T01:44:28.000,29.26,1.18,0.0,0.0,20.5,91442,-1.25,-44.0,0.849
2021-04-01T01:45:28.000,29.2,1.18,28029.27,3.91,20.5,91443,-1.46,-44.0,0.849
2021-04-01T01:46:29.000,29.14,1.14,56920.42,8.49,20.5,91444,-1.67,-44.0,0.849
2021-04-01T02:06:31.000,28.0,0.28,668.74,13.32,20.5,91464,-5.87,-40.0,0.847
2021-04-01T02:07:31.000,27.93,0.2,514.47,13.6,20.5,91465,-6.08,-40.0,0.847
2021-04-01T02:08:31.000,27.88,0.17,395.82,13.89,20.5,91466,-6.28,-39.0,0.847
2021-04-01T02:09:31.000,27.83,0.12,304.67,14.17,20.5,91467,-6.49,-39.0,0.847
2021-04-01T02:10:31.000,27.76,0.07,234.9,14.46,20.5,91468,-6.7,-39.0,0.847
2021-04-01T02:11:32.000,27.7,0.02,181.78,14.73,20.5,91469,-6.91,-39.0,0.847
2021-04-01T02:15:33.000,27.49,-0.03,68.64,15.79,20.5,91473,-7.75,-38.0,0.847
2021-04-01T02:16:33.000,27.43,-0.11,53.71,16.06,20.5,91474,-7.96,-38.0,0.847
2021-04-01T02:17:33.000,27.36,-0.27,43.85,16.28,20.5,91475,-8.16,-38.0,0.847
2021-04-01T02:19:33.000,27.27,-0.22,29.04,16.72,20.5,91477,-8.58,-37.0,0.847
2021-04-01T02:20:34.000,27.2,-0.27,23.9,16.94,20.5,91478,-8.79,-37.0,0.847
2021-04-01T02:21:34.000,27.16,-0.31,19.8,17.14,20.5,91479,-9.0,-37.0,0.847
2021-04-01T02:22:34.000,27.09,-0.33,16.52,17.34,20.5,91480,-9.2,-37.0,0.847
2021-04-01T02:23:35.000,27.04,-0.31,13.94,17.52,20.5,91481,-9.42,-36.0,0.846
2021-04-01T02:24:35.000,26.97,-0.42,11.68,17.71,20.5,91482,-9.62,-36.0,0.846
2021-04-01T02:25:35.000,26.92,-0.41,9.94,17.89,20.5,91483,-9.83,-36.0,0.846
2021-04-01T02:26:35.000,26.88,-0.45,8.51,18.06,20.5,91484,-10.04,-36.0,0.846
2021-04-01T02:27:35.000,26.85,-0.44,7.31,18.22,20.5,91485,-10.24,-36.0,0.846
2021-04-01T02:28:36.000,26.79,-0.49,6.35,18.37,20.5,91486,-10.45,-35.0,0.846
2021-04-01T02:29:36.000,26.77,-0.49,5.5,18.53,20.5,91487,-10.66,-35.0,0.846
2021-04-01T02:30:36.000,26.73,-0.53,4.84,18.67,20.5,91488,-10.87,-35.0,0.846
2021-04-01T02:31:37.000,26.69,-0.62,4.37,18.78,20.5,91489,-11.08,-35.0,0.846
2021-04-01T02:32:37.000,26.61,-0.72,3.88,18.91,20.5,91490,-11.28,-35.0,0.846
2021-04-01T02:33:37.000,26.54,-0.79,3.45,19.04,20.5,91491,-11.49,-34.0,0.846
2021-04-01T02:34:37.000,26.47,-0.84,3.2,19.12,20.5,91492,-11.69,-34.0,0.846
2021-04-01T02:35:38.000,26.4,-0.82,2.97,19.2,20.5,91493,-11.9,-34.0,0.846
2021-04-01T02:36:38.000,26.35,-0.84,2.68,19.31,20.5,91494,-12.11,-34.0,0.846
2021-04-01T02:37:38.000,26.29,-0.91,2.51,19.38,20.5,91495,-12.31,-34.0,0.846
2021-04-01T02:38:38.000,26.21,-0.84,2.36,19.45,20.5,91496,-12.52,-33.0,0.846
2021-04-01T02:42:39.000,26.04,-0.76,2.03,19.61,20.5,91500,-13.34,-33.0,0.845
2021-04-01T02:43:39.000,26.02,-0.83,1.97,19.64,20.5,91501,-13.55,-32.0,0.845
2021-04-01T02:44:39.000,26.01,-0.91,1.91,19.68,20.5,91502,-13.75,-32.0,0.845
2021-04-01T02:45:40.000,25.95,-1.08,1.87,19.7,20.5,91503,-13.96,-32.0,0.845
2021-04-01T02:50:41.000,25.67,-1.33,1.77,19.76,20.5,91508,-14.98,-31.0,0.845
2021-04-01T02:51:41.000,25.59,-1.24,1.76,19.77,20.5,91509,-15.19,-31.0,0.845
2021-04-01T02:52:41.000,25.58,-0.91,1.75,19.78,20.5,91510,-15.39,-31.0,0.845
2021-04-01T02:53:41.000,25.63,-0.77,1.74,19.78,20.5,91511,-15.6,-30.0,0.845
2021-04-01T02:54:42.000,25.65,-0.82,1.72,19.79,20.5,91512,-15.8,-30.0,0.845
2021-04-01T02:55:42.000,25.69,-0.79,1.7,19.81,20.5,91513,-16.0,-30.0,0.845
2021-04-01T02:56:42.000,25.7,-0.86,1.69,19.81,20.5,91514,-16.21,-30.0,0.844
2021-04-01T02:57:43.000,25.69,-0.94,1.72,19.79,20.5,91515,-16.41,-30.0,0.844
2021-04-01T02:58:43.000,25.66,-1.07,1.66,19.83,20.5,91516,-16.62,-29.0,0.844
2021-04-01T02:59:43.000,25.64,-1.17,1.66,19.83,20.5,91517,-16.82,-29.0,0.844
2021-04-01T03:00:43.000,25.61,-1.19,1.66,19.83,20.5,91518,-17.02,-29.0,0.844
2021-04-01T03:01:43.000,25.58,-1.2,1.65,19.83,20.5,91519,-17.22,-29.0,0.844
2021-04-01T03:02:44.000,25.55,-1.21,1.65,19.83,20.5,91520,-17.43,-29.0,0.844
2021-04-01T03:03:44.000,25.48,-1.48,1.65,19.84,20.5,91521,-17.63,-28.0,0.844
2021-04-01T03:06:45.000,25.33,-1.28,1.63,19.85,20.5,91524,-18.24,-28.0,0.844
2021-04-01T03:07:45.000,25.3,-1.24,1.63,19.85,20.5,91525,-18.44,-28.0,0.844
2021-04-01T03:08:45.000,25.29,-1.29,1.62,19.85,20.5,91526,-18.64,-27.0,0.844
2021-04-01T03:09:45.000,25.27,-1.31,1.63,19.85,20.5,91527,-18.84,-27.0,0.844
2021-04-01T03:10:45.000,25.2,-1.43,1.63,19.85,20.5,91528,-19.04,-27.0,0.844
2021-04-01T03:11:46.000,25.19,-1.34,1.63,19.85,20.5,91529,-19.24,-27.0,0.844
2021-04-01T03:12:46.000,25.2,-1.31,1.63,19.85,20.5,91530,-19.44,-27.0,0.844
2021-04-01T03:13:46.000,25.18,-1.36,1.62,19.85,20.5,91531,-19.64,-26.0,0.843
2021-04-01T03:14:46.000,25.2,-1.33,1.62,19.86,20.5,91532,-19.84,-26.0,0.843
2021-04-01T03:17:47.000,25.18,-1.55,1.57,19.89,20.5,91535,-20.45,-26.0,0.843
2021-04-01T03:31:48.000,24.63,-1.87,1.56,19.89,20.5,91549,-23.22,-23.0,0.842
2021-04-01T03:35:48.000,24.35,-2.06,1.55,19.9,20.5,91553,-24.0,-22.0,0.842
2021-04-01T03:42:49.000,24.08,-2.16,1.54,19.91,20.5,91560,-25.36,-21.0,0.842
2021-04-01T03:43:50.000,24.06,-2.05,1.54,19.91,20.5,91561,-25.56,-20.0,0.842
2021-04-01T03:44:50.000,24.02,-2.17,1.54,19.91,20.5,91562,-25.75,-20.0,0.842
2021-04-01T03:45:50.000,23.94,-2.3,1.54,19.91,20.5,91563,-25.94,-20.0,0.842
2021-04-01T03:49:51.000,23.74,-2.37,1.53,19.92,20.5,91567,-26.71,-19.0,0.841
2021-04-01T03:50:51.000,23.68,-2.32,1.53,19.92,20.5,91568,-26.91,-19.0,0.841
2021-04-01T03:51:51.000,23.64,-2.3,1.53,19.92,20.5,91569,-27.1,-19.0,0.841
2021-04-01T03:52:52.000,23.59,-2.3,1.52,19.92,20.5,91570,-27.29,-19.0,0.841
2021-04-01T03:53:52.000,23.56,-2.34,1.53,19.92,20.5,91571,-27.48,-18.0,0.841
2021-04-01T03:54:53.000,23.54,-2.29,1.53,19.92,20.5,91572,-27.67,-18.0,0.841
2021-04-01T03:55:53.000,23.53,-2.28,1.51,19.93,20.5,91573,-27.86,-18.0,0.841
2021-04-01T03:56:53.000,23.53,-2.2,1.51,19.93,20.5,91574,-28.05,-18.0,0.841
2021-04-01T03:57:53.000,23.54,-2.22,1.5,19.94,20.5,91575,-28.24,-18.0,0.841
2021-04-01T03:58:54.000,23.48,-2.43,1.5,19.94,20.5,91576,-28.44,-17.0,0.841
2021-04-01T03:59:54.000,23.45,-2.35,1.5,19.94,20.5,91577,-28.62,-17.0,0.841
2021-04-01T04:00:54.000,23.43,-2.33,1.5,19.94,20.5,91578,-28.81,-17.0,0.841
2021-04-01T04:01:54.000,23.41,-2.33,1.5,19.94,20.5,91579,-29.0,-17.0,0.841
2021-04-01T04:02:54.000,23.4,-2.34,1.5,19.94,20.5,91580,-29.19,-17.0,0.84
2021-04-01T04:03:55.000,23.4,-2.36,1.5,19.94,20.5,91581,-29.38,-16.0,0.84
2021-04-01T04:04:55.000,23.37,-2.39,1.5,19.94,20.5,91582,-29.57,-16.0,0.84
2021-04-01T04:06:55.000,23.36,-2.35,1.49,19.95,20.5,91584,-29.94,-16.0,0.84
2021-04-01T04:07:55.000,23.35,-2.35,1.49,19.95,20.5,91585,-30.12,-16.0,0.84
2021-04-01T04:08:55.000,23.35,-2.34,1.5,19.94,20.5,91586,-30.31,-16.0,0.84
2021-04-01T04:09:55.000,23.32,-2.45,1.5,19.94,20.5,91587,-30.5,-15.0,0.84
2021-04-01T04:10:56.000,23.28,-2.46,1.5,19.94,20.5,91588,-30.68,-15.0,0.84
2021-04-01T04:14:57.000,23.16,-2.46,1.5,19.94,20.5,91592,-31.42,-14.0,0.84
2021-04-01T04:15:57.000,23.11,-2.63,1.49,19.95,20.5,91593,-31.61,-14.0,0.84
2021-04-01T04:16:57.000,23.05,-2.58,1.49,19.95,20.5,91594,-31.79,-14.0,0.84
2021-04-01T04:17:57.000,23.04,-2.52,1.48,19.95,20.5,91595,-31.97,-14.0,0.84
2021-04-01T04:19:58.000,23.0,-2.5,1.49,19.95,20.5,91597,-32.34,-13.0,0.839
2021-04-01T04:20:57.000,22.99,-2.56,1.49,19.95,20.5,91598,-32.52,-13.0,0.839
2021-04-01T04:21:58.000,22.98,-2.54,1.47,19.96,20.5,91599,-32.7,-13.0,0.839
2021-04-01T04:23:59.000,22.93,-2.55,1.46,19.97,20.5,91601,-33.07,-13.0,0.839
2021-04-01T04:24:59.000,22.91,-2.59,1.46,19.97,20.5,91602,-33.25,-12.0,0.839
2021-04-01T04:25:59.000,22.88,-2.58,1.46,19.97,20.5,91603,-33.42,-12.0,0.839
2021-04-01T04:26:59.000,22.9,-2.57,1.46,19.97,20.5,91604,-33.6,-12.0,0.839
2021-04-01T04:28:00.000,22.89,-2.62,1.45,19.97,20.5,91605,-33.79,-12.0,0.839
2021-04-01T04:29:00.000,22.86,-2.67,1.45,19.98,20.5,91606,-33.96,-12.0,0.839
2021-04-01T04:30:00.000,22.85,-2.69,1.45,19.98,20.5,91607,-34.14,-11.0,0.839
2021-04-01T04:31:00.000,22.82,-2.71,1.44,19.98,20.5,91608,-34.32,-11.0,0.839
2021-04-01T04:32:01.000,22.8,-2.7,1.44,19.99,20.5,91609,-34.5,-11.0,0.839
2021-04-01T04:33:01.000,22.77,-2.69,1.44,19.98,20.5,91610,-34.67,-11.0,0.839
2021-04-01T04:34:01.000,22.73,-2.74,1.46,19.97,20.5,91611,-34.85,-11.0,0.839
2021-04-01T04:35:01.000,22.72,-2.72,1.46,19.97,20.5,91612,-35.03,-10.0,0.839
2021-04-01T04:36:01.000,22.71,-2.77,1.47,19.96,20.5,91613,-35.2,-10.0,0.838
2021-04-01T04:37:02.000,22.67,-2.91,1.46,19.97,20.5,91614,-35.38,-10.0,0.838
2021-04-01T04:38:02.000,22.65,-2.88,1.45,19.97,20.5,91615,-35.55,-10.0,0.838
2021-04-01T04:39:02.000,22.63,-2.93,1.47,19.96,20.5,91616,-35.73,-10.0,0.838
2021-04-01T04:40:02.000,22.59,-3.0,1.45,19.98,20.5,91617,-35.9,-9.0,0.838
2021-04-01T04:41:02.000,22.53,-2.99,1.44,19.98,20.5,91618,-36.07,-9.0,0.838
2021-04-01T04:42:03.000,22.48,-2.98,1.43,19.99,20.5,91619,-36.25,-9.0,0.838
2021-04-01T04:43:03.000,22.43,-3.0,1.43,19.99,20.5,91620,-36.42,-9.0,0.838
2021-04-01T04:49:04.000,22.28,-3.03,1.38,20.03,20.5,91626,-37.44,-8.0,0.838
2021-04-01T04:50:04.000,22.25,-3.06,1.38,20.03,20.5,91627,-37.61,-8.0,0.838
2021-04-01T04:51:04.000,22.2,-3.13,1.36,20.05,20.5,91628,-37.78,-7.0,0.838
2021-04-01T04:52:04.000,22.18,-3.1,1.36,20.05,20.5,91629,-37.95,-7.0,0.837
2021-04-01T04:53:05.000,22.14,-3.19,1.36,20.05,20.5,91630,-38.12,-7.0,0.837
2021-04-01T04:54:06.000,22.1,-3.16,1.36,20.05,20.5,91631,-38.29,-7.0,0.837
2021-04-01T04:55:06.000,22.08,-3.12,1.35,20.05,20.5,91632,-38.45,-7.0,0.837
2021-04-01T04:56:07.000,22.04,-3.17,1.35,20.05,20.5,91633,-38.62,-6.0,0.837
2021-04-01T04:57:07.000,22.0,-3.15,1.35,20.05,20.5,91634,-38.78,-6.0,0.837
2021-04-01T04:58:08.000,21.98,-3.17,1.35,20.06,20.5,91635,-38.95,-6.0,0.837
2021-04-01T04:59:08.000,21.96,-3.22,1.35,20.05,20.5,91636,-39.11,-6.0,0.837
2021-04-01T05:00:08.000,21.93,-3.29,1.35,20.06,20.5,91637,-39.28,-6.0,0.837
2021-04-01T05:01:08.000,21.88,-3.3,1.34,20.06,20.5,91638,-39.44,-5.0,0.837
2021-04-01T05:02:08.000,21.84,-3.33,1.34,20.06,20.5,91639,-39.6,-5.0,0.837
2021-04-01T05:03:09.000,21.81,-3.32,1.34,20.06,20.5,91640,-39.77,-5.0,0.837
2021-04-01T05:04:09.000,21.81,-3.28,1.34,20.06,20.5,91641,-39.93,-5.0,0.837
2021-04-01T05:05:09.000,21.79,-3.29,1.34,20.06,20.5,91642,-40.09,-5.0,0.837
2021-04-01T05:06:09.000,21.78,-3.26,1.34,20.07,20.5,91643,-40.25,-5.0,0.837
2021-04-01T05:07:10.000,21.76,-3.43,1.34,20.06,20.5,91644,-40.41,-4.0,0.837
2021-04-01T05:08:10.000,21.69,-3.47,1.34,20.06,20.5,91645,-40.56,-4.0,0.837
2021-04-01T05:09:10.000,21.66,-3.41,1.34,20.06,20.5,91646,-40.72,-4.0,0.836
2021-04-01T05:10:10.000,21.63,-3.46,1.34,20.06,20.5,91647,-40.88,-4.0,0.836
2021-04-01T05:11:10.000,21.6,-3.46,1.34,20.06,20.5,91648,-41.03,-4.0,0.836
2021-04-01T05:12:11.000,21.53,-3.58,1.34,20.06,20.5,91649,-41.19,-3.0,0.836
2021-04-01T05:13:11.000,21.47,-3.62,1.34,20.06,20.5,91650,-41.35,-3.0,0.836
2021-04-01T05:14:11.000,21.43,-3.62,1.34,20.06,20.5,91651,-41.5,-3.0,0.836
2021-04-01T05:15:11.000,21.37,-3.62,1.33,20.07,20.5,91652,-41.66,-3.0,0.836
2021-04-01T05:16:11.000,21.34,-3.63,1.28,20.11,20.5,91653,-41.81,-3.0,0.836
2021-04-01T05:17:11.000,21.31,-3.65,1.28,20.11,20.5,91654,-41.96,-2.0,0.836
2021-04-01T05:18:11.000,21.27,-3.67,1.29,20.11,20.5,91655,-42.11,-2.0,0.836
2021-04-01T05:19:12.000,21.24,-3.61,1.29,20.11,20.5,91656,-42.27,-2.0,0.836
2021-04-01T05:20:12.000,21.2,-3.71,1.29,20.1,20.5,91657,-42.42,-2.0,0.836
2021-04-01T05:21:12.000,21.11,-3.95,1.29,20.1,20.5,91658,-42.57,-2.0,0.836
2021-04-01T05:22:12.000,21.07,-3.6,1.3,20.1,20.5,91659,-42.71,-1.0,0.836
2021-04-01T05:31:13.000,20.97,-3.57,1.35,20.05,20.5,91668,-44.02,0.0,0.835
2021-04-01T05:32:14.000,20.95,-3.55,1.36,20.05,20.5,91669,-44.17,0.0,0.835
2021-04-01T05:35:14.000,20.94,-3.54,1.39,20.02,20.5,91672,-44.58,1.0,0.835
2021-04-01T05:36:14.000,20.94,-3.6,1.4,20.02,20.5,91673,-44.72,1.0,0.835
2021-04-01T05:37:15.000,20.91,-3.63,1.41,20.01,20.5,91674,-44.86,1.0,0.835
2021-04-01T05:38:15.000,20.92,-3.54,1.42,20.0,20.5,91675,-45.0,1.0,0.835
2021-04-01T05:39:15.000,20.94,-3.51,1.43,19.99,20.5,91676,-45.13,2.0,0.835
2021-04-01T05:40:15.000,20.93,-3.55,1.44,19.98,20.5,91677,-45.27,2.0,0.835
2021-04-01T05:41:16.000,20.91,-3.58,1.45,19.98,20.5,91678,-45.4,2.0,0.834
2021-04-01T05:42:16.000,20.92,-3.51,1.46,19.97,20.5,91679,-45.54,2.0,0.834
2021-04-01T05:43:16.000,20.94,-3.46,1.46,19.97,20.5,91680,-45.67,2.0,0.834
2021-04-01T05:44:16.000,20.95,-3.48,1.47,19.96,20.5,91681,-45.8,3.0,0.834
2021-04-01T05:45:16.000,20.97,-3.44,1.48,19.95,20.5,91682,-45.93,3.0,0.834
2021-04-01T05:46:17.000,21.0,-3.44,1.49,19.94,20.5,91683,-46.06,3.0,0.834
2021-04-01T05:47:17.000,21.01,-3.48,1.5,19.94,20.5,91684,-46.19,3.0,0.834
2021-04-01T05:48:17.000,21.05,-3.44,1.51,19.93,20.5,91685,-46.32,3.0,0.834
2021-04-01T05:57:18.000,20.86,-3.58,1.62,19.86,20.5,91694,-47.43,5.0,0.834
2021-04-01T05:58:18.000,20.82,-3.68,1.63,19.85,20.5,91695,-47.55,5.0,0.833
