Downloads/jupyter/ECSV/stars19/stars19_2022-03.ecsv
# %ECSV 1.0
# ---
# datatype:
# - {name: time, datatype: string}
# - {name: Enclosure Temperature, unit: deg_C, datatype: float64}
# - {name: Sky Temperature, unit: deg_C, datatype: float64}
# - {name: Frequency, unit: Hz, datatype: float64}
# - {name: MSAS, unit: mag / arcsec2, datatype: float64}
# - {name: ZP, datatype: float64}
# - {name: Sequence Number, datatype: int64}
# - {name: Sun Alt, unit: deg, datatype: float64}
# - {name: Moon Alt, unit: deg, datatype: float64}
# - {name: Moon Illumination, datatype: float64}
# delimiter: ','
# meta: !!omap
# - ida:
#     Data supplier: {affiliation: null, observer: null}
#     Device type: TESS-W
#     Field of view: 17.0
#     Filters per channel: None
#     Instrument ID: stars19
#     License: ODbL 1.0 http://opendatacommons.org/licenses/odbl/summary/
#     Local timezone: America/Phoenix
#     Location name: {country: '- Tucson', place: Tucson, region: United States, sub_region: Arizona, town: Pima County}
#     Measurement direction per channel: {azimuth: 0.0, zenital: 0.0}
#     Moving / Fixed look direction: FIXED
#     Moving / Stationary position: STATIONARY
#     Number of channels: 1
#     Number of fields per line: 8
#     Number of header lines: 35
#     Position: {height: 0.0, latitude: 32.223877, longitude: -110.767532}
#     TESS MAC address: 18:FE:34:CF:EC:06
#     TESS cover offset value: 0.0
#     TESS firmware version: '1.0'
#     TESS zero point: 20.5
#     Time Synchronization: timestamp added by MQTT subscriber
#     URL: http://www.darksky.org/NSBM/sdf1.0.pdf
# - __serialized_columns__:
#     Enclosure Temperature:
#       __class__: astropy.units.quantity.Quantity
#       unit: &id001 !astropy.units.Unit {unit: deg_C}
#       value: !astropy.table.SerializedColumn {name: Enclosure Temperature}
#     Frequency:
#       __class__: astropy.units.quantity.Quantity
#       unit: !astropy.units.Unit {unit: Hz}
#       value: !astropy.table.SerializedColumn {name: Frequency}
#     MSAS:
#       __class__: astropy.units.quantity.Quantity
#       unit: !astropy.units.Unit {unit: mag / arcsec2}
#       value: !astropy.table.SerializedColumn {name: MSAS}
#     Moon Alt:
#       __class__: astropy.units.quantity.Quantity
#       unit: &id002 !astropy.units.Unit {unit: deg}
#       value: !astropy.table.SerializedColumn {name: Moon Alt}
#     Sky Temperature:
#       __class__: astropy.units.quantity.Quantity
#       unit: *id001
#       value: !astropy.table.SerializedColumn {name: Sky Temperature}
#     Sun Alt:
#       __class__: astropy.units.quantity.Quantity
#       unit: *id002
#       value: !astropy.table.SerializedColumn {name: Sun Alt}
#     time:
#       __class__: astropy.time.core.Time
#       format: isot
#       in_subfmt: '*'
#       out_subfmt: '*'
#       precision: 3
#       scale: utc
#       value: !astropy.table.SerializedColumn {name: time}
# schema: astropy-2.0
time,Enclosure Temperature,Sky Temperature,Frequency,MSAS,ZP,Sequence Number,Sun Alt,Moon Alt,Moon Illumination
[from data line 14294]
2022-03-17T12:58:11.000,13.34,-12.78,48.09,16.18,20.5,46840,-7.68,5.0,0.992
2022-03-17T12:59:11.000,13.27,-12.76,63.05,15.88,20.5,46841,-7.47,5.0,0.992
2022-03-17T13:00:11.000,13.16,-12.95,80.9,15.61,20.5,46842,-7.26,5.0,0.992
2022-03-17T13:01:11.000,13.05,-12.91,104.66,15.33,20.5,46843,-7.05,5.0,0.992
2022-03-17T13:02:11.000,13.0,-12.75,136.25,15.05,20.5,46844,-6.83,4.0,0.992
2022-03-17T13:03:11.000,13.02,-12.59,178.07,14.76,20.5,46845,-6.62,4.0,0.992
2022-03-17T13:04:11.000,12.93,-13.05,233.19,14.46,20.5,46846,-6.41,4.0,0.992
2022-03-17T13:05:12.000,12.82,-12.91,305.69,14.17,20.5,46847,-6.2,4.0,0.992
2022-03-17T13:06:11.000,12.81,-12.76,401.47,13.87,20.5,46848,-5.99,4.0,0.992
2022-03-17T13:07:12.000,12.72,-12.88,526.9,13.58,20.5,46849,-5.77,3.0,0.992
2022-03-17T13:08:12.000,12.69,-12.67,689.19,13.29,20.5,46850,-5.56,3.0,0.992
2022-03-17T13:09:12.000,12.7,-12.52,901.07,13.0,20.5,46851,-5.35,3.0,0.992
2022-03-17T13:10:12.000,12.69,-12.6,1177.12,12.71,20.5,46852,-5.14,3.0,0.992
2022-03-17T13:11:12.000,12.69,-12.46,1535.67,12.42,20.5,46853,-4.93,2.0,0.992
2022-03-17T13:12:12.000,12.67,-12.77,2000.76,12.13,20.5,46854,-4.71,2.0,0.992
2022-03-17T13:13:12.000,12.63,-12.73,2602.47,11.84,20.5,46855,-4.5,2.0,0.992
2022-03-17T13:14:12.000,12.52,-13.06,3374.45,11.56,20.5,46856,-4.29,2.0,0.992
2022-03-17T13:15:12.000,12.46,-12.9,4355.58,11.29,20.5,46857,-4.08,2.0,0.992
2022-03-17T13:16:12.000,12.46,-12.76,5585.48,11.02,20.5,46858,-3.87,1.0,0.992
2022-03-17T13:17:13.000,12.47,-12.79,7101.12,10.75,20.5,46859,-3.65,1.0,0.992
2022-03-17T13:18:13.000,12.48,-12.74,8965.33,10.5,20.5,46860,-3.44,1.0,0.992
2022-03-17T13:19:13.000,12.49,-12.75,11230.84,10.26,20.5,46861,-3.23,1.0,0.992
2022-03-17T13:20:13.000,12.5,-12.71,13928.61,10.02,20.5,46862,-3.02,1.0,0.992
2022-03-17T13:21:13.000,12.52,-12.72,17123.27,9.8,20.5,46863,-2.81,0.0,0.992
2022-03-17T13:22:13.000,12.53,-12.72,20871.21,9.58,20.5,46864,-2.59,0.0,0.992
2022-03-17T13:23:13.000,12.5,-12.78,24915.51,9.47,20.5,46865,-2.38,0.0,0.992
2022-03-17T13:24:13.000,12.5,-12.79,30160.83,9.18,20.5,46866,-2.17,-0.0,0.992
2022-03-17T13:25:13.000,12.5,-12.76,35751.08,9.0,20.5,46867,-1.96,-0.0,0.992
2022-03-17T13:26:13.000,12.46,-12.86,42064.51,8.82,20.5,46868,-1.75,-1.0,0.992
2022-03-17T13:27:13.000,12.46,-12.76,49073.53,8.65,20.5,46869,-1.54,-1.0,0.992
2022-03-17T13:28:13.000,12.47,-12.73,56803.29,8.49,20.5,46870,-1.32,-1.0,0.992
2022-03-17T13:29:14.000,12.48,-12.69,29709.82,3.96,20.5,46871,-1.11,-1.0,0.992
2022-03-17T13:30:14.000,12.46,-12.83,0.0,0.0,20.5,46872,-0.9,-1.0,0.992
2022-03-17T13:31:14.000,12.46,-12.74,0.0,0.0,20.5,46873,-0.69,-2.0,0.992
2022-03-17T13:32:14.000,12.48,-12.71,0.0,0.0,20.5,46874,-0.47,-2.0,0.992
2022-03-17T13:40:15.000,12.35,-12.46,0.0,0.0,20.5,46882,1.22,-3.0,0.992
2022-03-17T13:41:16.000,12.34,-12.49,0.0,0.0,20.5,46883,1.44,-4.0,0.992
2022-03-17T13:42:19.000,12.32,-12.52,0.0,0.0,20.5,46884,1.66,-4.0,0.992
2022-03-17T13:44:19.000,12.34,-12.15,0.0,0.0,20.5,46886,2.08,-4.0,0.992
2022-03-17T13:45:19.000,12.42,-12.1,0.0,0.0,20.5,46887,2.29,-4.0,0.992
2022-03-17T13:46:21.000,12.46,-12.25,0.0,0.0,20.5,46888,2.51,-5.0,0.992
2022-03-17T13:51:21.000,12.57,-12.18,0.0,0.0,20.5,46893,3.57,-6.0,0.992
2022-03-17T13:52:21.000,12.59,-12.1,0.0,0.0,20.5,46894,3.78,-6.0,0.992
2022-03-17T13:53:21.000,12.59,-12.23,0.0,0.0,20.5,46895,3.99,-6.0,0.992
2022-03-17T13:54:22.000,12.58,-12.3,0.18,0.09,20.5,46896,4.21,-6.0,0.992
2022-03-17T13:55:22.000,12.63,-12.01,0.0,0.0,20.5,46897,4.42,-6.0,0.992
2022-03-17T13:56:22.000,12.66,-12.23,0.0,0.0,20.5,46898,4.63,-7.0,0.992
2022-03-17T13:57:22.000,12.69,-12.08,0.0,0.0,20.5,46899,4.84,-7.0,0.992
2022-03-17T13:58:22.000,12.74,-11.99,0.0,0.0,20.5,46900,5.05,-7.0,0.992
2022-03-17T13:59:22.000,12.79,-12.05,0.0,0.0,20.5,46901,5.26,-7.0,0.992
2022-03-17T14:00:22.000,12.81,-12.16,0.0,0.0,20.5,46902,5.47,-7.0,0.992
2022-03-17T14:01:22.000,12.81,-12.19,0.26,0.09,20.5,46903,5.68,-8.0,0.992
2022-03-17T14:02:23.000,12.84,-12.03,0.11,0.1,20.5,46904,5.9,-8.0,0.992
2022-03-17T14:03:23.000,12.87,-12.1,0.0,0.0,20.5,46905,6.11,-8.0,0.992
2022-03-17T14:04:23.000,12.91,-12.06,0.0,0.0,20.5,46906,6.32,-8.0,0.992
2022-03-17T14:05:23.000,12.97,-12.09,0.0,0.0,20.5,46907,6.53,-8.0,0.992
2022-03-17T14:25:25.000,13.81,-11.7,0.0,0.0,20.5,46927,10.74,-12.0,0.993
2022-03-17T14:26:25.000,13.87,-11.65,0.0,0.0,20.5,46928,10.95,-13.0,0.993
2022-03-17T14:27:25.000,13.9,-11.71,0.0,0.0,20.5,46929,11.16,-13.0,0.993
2022-03-17T14:29:25.000,13.88,-11.63,0.0,0.0,20.5,46931,11.58,-13.0,0.993
2022-03-17T14:30:25.000,13.93,-11.49,0.0,0.0,20.5,46932,11.78,-13.0,0.993
2022-03-17T14:31:25.000,13.98,-11.43,0.0,0.0,20.5,46933,11.99,-14.0,0.993
2022-03-17T14:42:38.000,14.21,-11.06,0.0,0.0,20.5,46944,14.33,-16.0,0.993
2022-03-17T14:43:38.000,14.21,-11.14,0.0,0.0,20.5,46945,14.54,-16.0,0.993
2022-03-17T14:44:39.000,14.28,-10.88,0.0,0.0,20.5,46946,14.75,-16.0,0.993
2022-03-17T14:46:44.000,14.42,-10.99,0.0,0.0,20.5,46948,15.18,-17.0,0.993
2022-03-17T14:47:44.000,14.45,-10.82,0.0,0.0,20.5,46949,15.39,-17.0,0.993
2022-03-17T14:48:44.000,14.55,-10.62,0.0,0.0,20.5,46950,15.6,-17.0,0.993
2022-03-17T15:05:47.000,15.5,-9.87,0.0,0.0,20.5,46967,19.12,-20.0,0.993
2022-03-17T15:06:47.000,15.52,-9.71,0.0,0.0,20.5,46968,19.32,-20.0,0.993
2022-03-17T15:07:47.000,15.52,-9.89,0.0,0.0,20.5,46969,19.53,-21.0,0.993
2022-03-17T15:09:47.000,15.5,-9.5,0.0,0.0,20.5,46971,19.94,-21.0,0.993
2022-03-17T15:12:47.000,15.7,-9.11,0.0,0.0,20.5,46974,20.55,-21.0,0.993
2022-03-17T15:15:48.000,15.83,-9.04,0.0,0.0,20.5,46977,21.17,-22.0,0.993
2022-03-17T15:17:48.000,15.88,-8.86,0.0,0.0,20.5,46979,21.57,-22.0,0.993
2022-03-17T15:18:48.000,15.9,-8.73,0.0,0.0,20.5,46980,21.78,-23.0,0.993
2022-03-17T15:19:48.000,15.92,-8.64,0.0,0.0,20.5,46981,21.98,-23.0,0.993
2022-03-17T15:20:48.000,15.96,-8.48,0.0,0.0,20.5,46982,22.18,-23.0,0.993
2022-03-17T15:22:48.000,16.18,-7.93,0.0,0.0,20.5,46984,22.59,-23.0,0.993
2022-03-17T15:24:48.000,16.4,-7.96,0.0,0.0,20.5,46986,22.99,-24.0,0.993
2022-03-17T15:25:48.000,16.41,-7.96,0.0,0.0,20.5,46987,23.2,-24.0,0.993
2022-03-17T15:26:48.000,16.47,-7.75,0.0,0.0,20.5,46988,23.4,-24.0,0.993
2022-03-17T15:37:49.000,17.11,-6.47,0.0,0.0,20.5,46999,25.61,-26.0,0.993
2022-03-17T15:38:49.000,17.18,-6.43,0.0,0.0,20.5,47000,25.81,-26.0,0.993
2022-03-17T15:39:50.000,17.25,-6.28,0.0,0.0,20.5,47001,26.01,-26.0,0.993
2022-03-17T15:41:56.000,17.28,-6.31,0.0,0.0,20.5,47003,26.43,-27.0,0.993
2022-03-17T15:42:56.000,17.26,-6.22,0.0,0.0,20.5,47004,26.63,-27.0,0.993
2022-03-17T15:43:56.000,17.29,-5.92,0.0,0.0,20.5,47005,26.83,-27.0,0.994
2022-03-17T15:48:57.000,17.46,-5.22,0.0,0.0,20.5,47010,27.82,-28.0,0.994
2022-03-17T15:49:57.000,17.54,-5.02,0.0,0.0,20.5,47011,28.02,-28.0,0.994
2022-03-17T15:50:57.000,17.63,-4.87,0.0,0.0,20.5,47012,28.22,-28.0,0.994
2022-03-17T15:52:59.000,17.7,-4.91,0.0,0.0,20.5,47014,28.62,-29.0,0.994
2022-03-17T15:53:59.000,17.71,-4.68,0.0,0.0,20.5,47015,28.82,-29.0,0.994
2022-03-17T15:54:59.000,17.78,-4.34,0.0,0.0,20.5,47016,29.01,-29.0,0.994
2022-03-17T16:38:03.000,20.81,1.13,0.0,0.0,20.5,47059,37.18,-36.0,0.994
2022-03-17T16:39:03.000,21.0,1.2,0.0,0.0,20.5,47060,37.37,-36.0,0.994
2022-03-17T16:40:03.000,21.16,1.08,0.0,0.0,20.5,47061,37.55,-37.0,0.994
2022-03-17T16:42:09.000,21.26,0.79,0.0,0.0,20.5,47063,37.93,-37.0,0.994
2022-03-17T16:43:09.000,21.28,1.01,0.0,0.0,20.5,47064,38.11,-37.0,0.994
2022-03-17T16:44:09.000,21.34,1.12,0.0,0.0,20.5,47065,38.29,-37.0,0.994
2022-03-17T16:45:09.000,21.41,1.33,0.0,0.0,20.5,47066,38.47,-37.0,0.994
2022-03-17T16:46:10.000,21.48,1.13,0.0,0.0,20.5,47067,38.65,-37.0,0.994
2022-03-17T16:48:10.000,21.91,3.03,0.0,0.0,20.5,47069,39.01,-38.0,0.994
2022-03-17T16:49:11.000,22.51,4.55,0.0,0.0,20.5,47070,39.19,-38.0,0.994
2022-03-17T16:50:11.000,23.29,5.42,0.0,0.0,20.5,47071,39.37,-38.0,0.994
2022-03-17T16:51:13.000,24.12,5.94,0.0,0.0,20.5,47072,39.55,-38.0,0.994
2022-03-17T16:52:13.000,24.86,5.59,0.0,0.0,20.5,47073,39.72,-38.0,0.994
2022-03-17T16:53:14.000,25.53,6.08,0.0,0.0,20.5,47074,39.9,-39.0,0.994
2022-03-17T16:55:14.000,26.74,5.4,0.0,0.0,20.5,47076,40.25,-39.0,0.994
2022-03-17T16:56:15.000,27.19,5.68,0.0,0.0,20.5,47077,40.43,-39.0,0.994
2022-03-17T16:57:15.000,27.6,5.38,0.0,0.0,20.5,47078,40.61,-39.0,0.994
2022-03-17T17:06:16.000,30.4,4.86,0.0,0.0,20.5,47087,42.15,-40.0,0.994
2022-03-17T17:07:16.000,30.37,5.12,0.0,0.0,20.5,47088,42.32,-41.0,0.994
2022-03-17T17:08:23.000,30.5,4.96,0.0,0.0,20.5,47089,42.51,-41.0,0.994
2022-03-17T17:10:23.000,30.71,5.19,0.0,0.0,20.5,47091,42.84,-41.0,0.994
2022-03-17T17:11:23.000,30.91,5.87,0.0,0.0,20.5,47092,43.01,-41.0,0.994
2022-03-17T17:12:23.000,31.2,5.52,0.0,0.0,20.5,47093,43.17,-41.0,0.994
2022-03-17T17:16:24.000,32.08,5.88,0.0,0.0,20.5,47097,43.83,-42.0,0.994
2022-03-17T17:17:24.000,32.28,6.15,0.0,0.0,20.5,47098,44.0,-42.0,0.994
2022-03-17T17:18:24.000,32.42,5.84,0.0,0.0,20.5,47099,44.16,-42.0,0.994
2022-03-17T17:20:24.000,32.8,6.18,0.0,0.0,20.5,47101,44.48,-42.0,0.994
2022-03-17T17:22:24.000,32.77,5.85,0.0,0.0,20.5,47103,44.8,-43.0,0.995
2022-03-17T17:24:25.000,33.07,6.48,0.0,0.0,20.5,47105,45.12,-43.0,0.995
2022-03-17T17:26:25.000,33.02,6.1,0.0,0.0,20.5,47107,45.43,-43.0,0.995
2022-03-17T17:29:25.000,32.86,6.17,0.0,0.0,20.5,47110,45.9,-43.0,0.995
2022-03-17T17:30:25.000,32.97,5.91,0.0,0.0,20.5,47111,46.06,-44.0,0.995
2022-03-17T17:32:25.000,32.98,5.85,0.0,0.0,20.5,47113,46.36,-44.0,0.995
2022-03-17T17:33:25.000,33.28,6.31,0.0,0.0,20.5,47114,46.51,-44.0,0.995
2022-03-17T17:34:25.000,33.24,5.81,0.0,0.0,20.5,47115,46.66,-44.0,0.995
2022-03-17T17:35:25.000,33.27,5.63,0.0,0.0,20.5,47116,46.81,-44.0,0.995
2022-03-17T17:36:26.000,33.36,6.64,0.0,0.0,20.5,47117,46.97,-44.0,0.995
2022-03-17T17:41:33.000,35.01,7.56,0.0,0.0,20.5,47122,47.72,-45.0,0.995
2022-03-17T17:44:40.000,35.54,6.8,0.0,0.0,20.5,47125,48.17,-45.0,0.995
2022-03-17T17:45:41.000,35.45,5.66,0.0,0.0,20.5,47126,48.31,-45.0,0.995
2022-03-17T17:46:41.000,35.22,5.93,0.0,0.0,20.5,47127,48.45,-45.0,0.995
2022-03-17T17:47:42.000,35.24,6.4,0.0,0.0,20.5,47128,48.6,-46.0,0.995
2022-03-17T17:49:42.000,35.14,6.45,0.0,0.0,20.5,47130,48.87,-46.0,0.995
2022-03-17T17:50:42.000,35.27,6.72,0.0,0.0,20.5,47131,49.01,-46.0,0.995
2022-03-17T17:51:42.000,35.38,6.47,0.0,0.0,20.5,47132,49.15,-46.0,0.995
2022-03-17T17:54:42.000,35.33,7.34,0.0,0.0,20.5,47135,49.55,-46.0,0.995
2022-03-17T17:55:43.000,35.58,7.12,0.0,0.0,20.5,47136,49.69,-46.0,0.995
2022-03-17T17:56:43.000,35.81,7.54,0.0,0.0,20.5,47137,49.82,-46.0,0.995
2022-03-17T17:58:43.000,36.17,7.73,0.0,0.0,20.5,47139,50.08,-47.0,0.995
2022-03-17T17:59:43.000,36.43,7.22,0.0,0.0,20.5,47140,50.21,-47.0,0.995
2022-03-17T18:00:43.000,36.33,6.04,0.0,0.0,20.5,47141,50.34,-47.0,0.995
2022-03-17T18:28:45.000,35.95,6.93,0.0,0.0,20.5,47169,53.5,-49.0,0.995
2022-03-17T18:29:45.000,35.92,5.32,0.0,0.0,20.5,47170,53.6,-49.0,0.995
2022-03-17T18:30:45.000,35.67,5.92,0.0,0.0,20.5,47171,53.69,-49.0,0.995
2022-03-17T18:32:45.000,35.86,6.45,0.0,0.0,20.5,47173,53.87,-49.0,0.995
2022-03-17T18:33:45.000,36.14,7.17,0.0,0.0,20.5,47174,53.97,-49.0,0.995
2022-03-17T18:34:45.000,36.42,6.63,0.0,0.0,20.5,47175,54.05,-49.0,0.995
2022-03-17T18:35:45.000,36.38,5.74,0.0,0.0,20.5,47176,54.14,-49.0,0.995
2022-03-17T18:38:46.000,36.1,5.86,0.0,0.0,20.5,47179,54.4,-50.0,0.995
2022-03-17T18:39:46.000,36.41,7.11,0.0,0.0,20.5,47180,54.48,-50.0,0.995
2022-03-17T18:41:53.000,37.16,7.36,0.0,0.0,20.5,47182,54.65,-50.0,0.995
2022-03-17T18:42:53.000,37.51,7.1,0.0,0.0,20.5,47183,54.73,-50.0,0.995
2022-03-17T18:43:53.000,37.46,6.21,0.0,0.0,20.5,47184,54.8,-50.0,0.995
2022-03-17T18:45:59.000,37.48,6.46,0.0,0.0,20.5,47186,54.96,-50.0,0.995
2022-03-17T18:47:00.000,37.49,6.27,0.0,0.0,20.5,47187,55.03,-50.0,0.995
2022-03-17T18:48:00.000,37.52,6.45,0.0,0.0,20.5,47188,55.1,-50.0,0.995
2022-03-17T18:49:00.000,37.7,6.73,0.0,0.0,20.5,47189,55.17,-50.0,0.995
2022-03-17T18:50:00.000,37.65,6.18,0.0,0.0,20.5,47190,55.24,-50.0,0.995
2022-03-17T18:52:05.000,37.7,5.25,0.0,0.0,20.5,47192,55.38,-50.0,0.995
2022-03-17T18:53:05.000,37.42,5.47,0.0,0.0,20.5,47193,55.44,-50.0,0.995
2022-03-17T18:54:06.000,37.27,5.46,0.0,0.0,20.5,47194,55.5,-50.0,0.995
2022-03-17T18:59:08.000,37.88,6.39,0.0,0.0,20.5,47199,55.79,-50.0,0.995
2022-03-17T19:00:09.000,38.17,6.89,0.0,0.0,20.5,47200,55.84,-50.0,0.995
2022-03-17T19:01:09.000,38.63,6.98,0.0,0.0,20.5,47201,55.89,-50.0,0.995
2022-03-17T19:03:09.000,39.13,6.77,0.0,0.0,20.5,47203,55.99,-50.0,0.995
2022-03-17T19:04:10.000,39.33,6.64,0.0,0.0,20.5,47204,56.03,-50.0,0.995
2022-03-17T19:05:10.000,39.43,6.04,0.0,0.0,20.5,47205,56.08,-51.0,0.995
2022-03-17T19:10:10.000,39.72,5.83,0.0,0.0,20.5,47210,56.27,-51.0,0.995
2022-03-17T19:11:10.000,39.78,5.49,0.0,0.0,20.5,47211,56.31,-51.0,0.995
2022-03-17T19:12:10.000,39.82,5.9,0.0,0.0,20.5,47212,56.34,-51.0,0.995
2022-03-17T19:14:11.000,40.25,5.88,0.0,0.0,20.5,47214,56.4,-51.0,0.996
2022-03-17T19:15:11.000,40.5,6.22,0.0,0.0,20.5,47215,56.43,-51.0,0.996
2022-03-17T19:16:11.000,40.63,5.57,0.0,0.0,20.5,47216,56.46,-51.0,0.996
2022-03-17T19:21:11.000,40.68,5.01,0.0,0.0,20.5,47221,56.57,-51.0,0.996
2022-03-17T19:22:11.000,40.53,4.64,0.0,0.0,20.5,47222,56.58,-51.0,0.996
2022-03-17T19:23:11.000,40.5,5.5,0.0,0.0,20.5,47223,56.6,-51.0,0.996
2022-03-17T19:25:11.000,40.63,5.06,0.0,0.0,20.5,47225,56.62,-51.0,0.996
2022-03-17T19:26:11.000,40.52,4.73,0.0,0.0,20.5,47226,56.63,-51.0,0.996
2022-03-17T19:27:11.000,40.58,5.2,0.0,0.0,20.5,47227,56.64,-51.0,0.996
2022-03-17T19:29:12.000,41.15,6.18,0.0,0.0,20.5,47229,56.65,-51.0,0.996
2022-03-17T19:30:12.000,41.35,5.76,0.0,0.0,20.5,47230,56.65,-51.0,0.996
2022-03-17T19:31:12.000,41.34,4.94,0.0,0.0,20.5,47231,56.65,-51.0,0.996
2022-03-17T19:33:12.000,41.14,5.03,0.0,0.0,20.5,47233,56.65,-50.0,0.996
2022-03-17T19:34:12.000,41.34,6.29,0.0,0.0,20.5,47234,56.65,-50.0,0.996
2022-03-17T19:36:12.000,41.32,4.25,0.0,0.0,20.5,47236,56.64,-50.0,0.996
2022-03-17T19:37:12.000,40.99,4.56,0.0,0.0,20.5,47237,56.63,-50.0,0.996
2022-03-17T19:38:12.000,40.94,4.62,0.0,0.0,20.5,47238,56.62,-50.0,0.996
2022-03-17T19:39:12.000,40.29,2.54,0.0,0.0,20.5,47239,56.6,-50.0,0.996
2022-03-17T19:40:12.000,39.54,1.28,0.0,0.0,20.5,47240,56.59,-50.0,0.996
2022-03-17T19:42:14.000,39.06,4.21,0.0,0.0,20.5,47242,56.56,-50.0,0.996
2022-03-17T19:43:14.000,38.81,2.9,0.0,0.0,20.5,47243,56.54,-50.0,0.996
2022-03-17T19:46:15.000,38.26,3.43,0.0,0.0,20.5,47246,56.47,-50.0,0.996
2022-03-17T19:47:15.000,38.47,4.8,0.0,0.0,20.5,47247,56.45,-50.0,0.996
2022-03-17T19:48:15.000,38.84,5.33,0.0,0.0,20.5,47248,56.42,-50.0,0.996
2022-03-17T19:51:16.000,39.85,5.59,0.0,0.0,20.5,47251,56.33,-50.0,0.996
2022-03-17T19:52:16.000,40.29,6.0,0.0,0.0,20.5,47252,56.29,-50.0,0.996
2022-03-17T19:53:16.000,40.58,5.43,0.0,0.0,20.5,47253,56.26,-50.0,0.996
2022-03-17T19:55:16.000,40.32,3.97,0.0,0.0,20.5,47255,56.18,-50.0,0.996
2022-03-17T19:56:16.000,40.64,5.15,0.0,0.0,20.5,47256,56.14,-50.0,0.996
2022-03-17T19:57:16.000,40.59,3.23,0.0,0.0,20.5,47257,56.1,-50.0,0.996
2022-03-17T20:37:26.000,38.94,2.53,0.0,0.0,20.5,47297,53.19,-47.0,0.996
2022-03-17T20:38:26.000,39.04,3.14,0.0,0.0,20.5,47298,53.08,-47.0,0.996
2022-03-17T20:39:26.000,39.01,3.02,0.0,0.0,20.5,47299,52.98,-47.0,0.996
2022-03-17T20:41:32.000,38.77,2.14,0.0,0.0,20.5,47301,52.76,-46.0,0.996
2022-03-17T20:42:32.000,38.57,2.35,0.0,0.0,20.5,47302,52.66,-46.0,0.996
2022-03-17T20:43:32.000,38.34,0.95,0.0,0.0,20.5,47303,52.55,-46.0,0.996
2022-03-17T20:44:32.000,37.91,1.5,0.0,0.0,20.5,47304,52.44,-46.0,0.996
2022-03-17T20:46:38.000,37.79,2.96,0.0,0.0,20.5,47306,52.21,-46.0,0.996
2022-03-17T20:47:38.000,37.85,2.62,0.0,0.0,20.5,47307,52.1,-46.0,0.996
2022-03-17T20:48:38.000,38.0,2.54,0.0,0.0,20.5,47308,51.99,-46.0,0.996
2022-03-17T20:56:40.000,38.06,2.31,0.0,0.0,20.5,47316,51.04,-45.0,0.996
2022-03-17T20:57:40.000,38.17,2.5,0.0,0.0,20.5,47317,50.92,-45.0,0.996
2022-03-17T20:58:40.000,38.29,2.1,0.0,0.0,20.5,47318,50.79,-45.0,0.996
2022-03-17T21:00:46.000,38.7,3.09,0.0,0.0,20.5,47320,50.53,-44.0,0.996
2022-03-17T21:01:46.000,39.07,3.41,0.0,0.0,20.5,47321,50.4,-44.0,0.996
