Downloads/jupyter/ECSV/stars19/stars19_2024-05.ecsv
# %ECSV 1.0
# ---
# datatype:
# - {name: time, datatype: string}
# - {name: Enclosure Temperature, unit: deg_C, datatype: float64}
# - {name: Sky Temperature, unit: deg_C, datatype: float64}
# - {name: Frequency, unit: Hz, datatype: float64}
# - {name: MSAS, unit: mag / arcsec2, datatype: float64}
# - {name: ZP, datatype: float64}
# - {name: Sequence Number, datatype: int64}
# - {name: Sun Alt, unit: deg, datatype: float64}
# - {name: Moon Alt, unit: deg, datatype: float64}
# - {name: Moon Illumination, datatype: float64}
# delimiter: ','
# meta: !!omap
# - ida:
#     Data supplier: {affiliation: null, observer: null}
#     Device type: TESS-W
#     Field of view: 17.0
#     Filters per channel: None
#     Instrument ID: stars19
#     License: ODbL 1.0 http://opendatacommons.org/licenses/odbl/summary/
#     Local timezone: America/Phoenix
#     Location name: {country: '- Tucson', place: Tucson, region: United States, sub_region: Arizona, town: Pima County}
#     Measurement direction per channel: {azimuth: 0.0, zenital: 0.0}
#     Moving / Fixed look direction: FIXED
#     Moving / Stationary position: STATIONARY
#     Number of channels: 1
#     Number of fields per line: 8
#     Number of header lines: 35
#     Position: {height: 0.0, latitude: 32.223877, longitude: -110.767532}
#     TESS MAC address: 18:FE:34:CF:EC:06
#     TESS cover offset value: 0.0
#     TESS firmware version: '1.0'
#     TESS zero point: 20.38
#     Time Synchronization: timestamp added by MQTT subscriber
#     URL: http://www.darksky.org/NSBM/sdf1.0.pdf
# - __serialized_columns__:
#     Enclosure Temperature:
#       __class__: astropy.units.quantity.Quantity
#       unit: &id001 !astropy.units.Unit {unit: deg_C}
#       value: !astropy.table.SerializedColumn {name: Enclosure Temperature}
#     Frequency:
#       __class__: astropy.units.quantity.Quantity
#       unit: !astropy.units.Unit {unit: Hz}
#       value: !astropy.table.SerializedColumn {name: Frequency}
#     MSAS:
#       __class__: astropy.units.quantity.Quantity
#       unit: !astropy.units.Unit {unit: mag / arcsec2}
#       value: !astropy.table.SerializedColumn {name: MSAS}
#     Moon Alt:
#       __class__: astropy.units.quantity.Quantity
#       unit: &id002 !astropy.units.Unit {unit: deg}
#       value: !astropy.table.SerializedColumn {name: Moon Alt}
#     Sky Temperature:
#       __class__: astropy.units.quantity.Quantity
#       unit: *id001
#       value: !astropy.table.SerializedColumn {name: Sky Temperature}
#     Sun Alt:
#       __class__: astropy.units.quantity.Quantity
#       unit: *id002
#       value: !astropy.table.SerializedColumn {name: Sun Alt}
#     time:
#       __class__: astropy.time.core.Time
#       format: isot
#       in_subfmt: '*'
#       out_subfmt: '*'
#       precision: 3
#       scale: utc
#       value: !astropy.table.SerializedColumn {name: time}
# schema: astropy-2.0
time,Enclosure Temperature,Sky Temperature,Frequency,MSAS,ZP,Sequence Number,Sun Alt,Moon Alt,Moon Illumination
[from data line 14238]
2024-05-18T15:49:25.000,38.04,16.53,0.0,0.0,20.38,37467,41.65,-58.0,0.784
2024-05-18T16:11:30.000,42.43,17.16,0.0,0.0,20.38,37489,46.31,-58.0,0.785
2024-05-18T16:12:30.000,42.51,17.68,0.0,0.0,20.38,37490,46.52,-58.0,0.785
2024-05-18T16:13:30.000,42.83,18.4,0.0,0.0,20.38,37491,46.73,-58.0,0.785
2024-05-18T16:16:31.000,43.4,17.81,0.0,0.0,20.38,37494,47.37,-58.0,0.785
2024-05-18T16:17:30.000,43.42,17.77,0.0,0.0,20.38,37495,47.58,-58.0,0.786
2024-05-18T16:18:31.000,43.65,18.46,0.0,0.0,20.38,37496,47.79,-58.0,0.786
2024-05-18T16:49:38.000,46.39,19.47,0.0,0.0,20.38,37527,54.3,-56.0,0.787
2024-05-18T16:50:38.000,46.72,19.73,0.0,0.0,20.38,37528,54.51,-55.0,0.787
2024-05-18T16:51:38.000,46.59,18.12,0.0,0.0,20.38,37529,54.72,-55.0,0.787
2024-05-18T16:53:38.000,46.56,19.47,0.0,0.0,20.38,37531,55.13,-55.0,0.787
2024-05-18T16:54:38.000,46.86,20.25,0.0,0.0,20.38,37532,55.34,-55.0,0.788
2024-05-18T16:55:40.000,47.27,20.2,0.0,0.0,20.38,37533,55.55,-55.0,0.788
2024-05-18T17:01:41.000,46.58,19.97,0.0,0.0,20.38,37539,56.79,-54.0,0.788
2024-05-18T17:02:41.000,47.0,20.08,0.0,0.0,20.38,37540,57.0,-54.0,0.788
2024-05-18T17:03:41.000,47.21,20.32,0.0,0.0,20.38,37541,57.2,-54.0,0.788
2024-05-18T17:07:42.000,48.34,20.61,0.0,0.0,20.38,37545,58.03,-54.0,0.788
2024-05-18T17:08:42.000,48.34,19.99,0.0,0.0,20.38,37546,58.23,-54.0,0.788
2024-05-18T17:09:42.000,48.4,20.22,0.0,0.0,20.38,37547,58.44,-53.0,0.788
2024-05-18T17:31:46.000,48.67,21.21,0.0,0.0,20.38,37569,62.88,-51.0,0.79
2024-05-18T17:32:46.000,49.05,21.1,0.0,0.0,20.38,37570,63.08,-51.0,0.79
2024-05-18T17:33:47.000,49.11,20.66,0.0,0.0,20.38,37571,63.28,-51.0,0.79
2024-05-18T17:35:47.000,49.06,18.91,0.0,0.0,20.38,37573,63.67,-50.0,0.79
2024-05-18T17:37:47.000,48.97,20.63,0.0,0.0,20.38,37575,64.06,-50.0,0.79
2024-05-18T17:39:47.000,49.65,21.16,0.0,0.0,20.38,37577,64.45,-50.0,0.79
2024-05-18T17:40:47.000,49.83,20.8,0.0,0.0,20.38,37578,64.65,-50.0,0.79
2024-05-18T17:41:47.000,49.83,20.09,0.0,0.0,20.38,37579,64.84,-49.0,0.79
2024-05-18T17:43:47.000,49.76,20.05,0.0,0.0,20.38,37581,65.23,-49.0,0.79
2024-05-18T17:45:47.000,49.88,19.92,0.0,0.0,20.38,37583,65.61,-49.0,0.79
2024-05-18T17:47:48.000,50.18,20.2,0.0,0.0,20.38,37585,66.0,-49.0,0.79
2024-05-18T17:48:48.000,50.41,20.93,0.0,0.0,20.38,37586,66.19,-48.0,0.79
2024-05-18T17:49:48.000,50.41,19.84,0.0,0.0,20.38,37587,66.38,-48.0,0.791
2024-05-18T17:51:48.000,50.1,19.56,0.0,0.0,20.38,37589,66.76,-48.0,0.791
2024-05-18T17:53:48.000,50.57,20.89,0.0,0.0,20.38,37591,67.13,-48.0,0.791
2024-05-18T17:54:48.000,50.59,20.46,0.0,0.0,20.38,37592,67.32,-47.0,0.791
2024-05-18T18:01:50.000,49.31,19.48,0.0,0.0,20.38,37599,68.62,-46.0,0.791
2024-05-18T18:02:50.000,49.39,20.89,0.0,0.0,20.38,37600,68.8,-46.0,0.791
2024-05-18T18:03:51.000,49.51,20.49,0.0,0.0,20.38,37601,68.98,-46.0,0.791
2024-05-18T18:33:59.000,51.42,21.51,0.0,0.0,20.38,37631,73.91,-41.0,0.793
2024-05-18T18:35:00.000,51.85,21.29,0.0,0.0,20.38,37632,74.05,-41.0,0.793
2024-05-18T18:36:01.000,52.0,20.46,0.0,0.0,20.38,37633,74.19,-41.0,0.793
2024-05-18T18:38:01.000,52.36,21.01,0.0,0.0,20.38,37635,74.47,-40.0,0.793
2024-05-18T18:40:01.000,52.54,21.06,0.0,0.0,20.38,37637,74.73,-40.0,0.793
2024-05-18T18:41:01.000,52.66,21.08,0.0,0.0,20.38,37638,74.86,-40.0,0.793
2024-05-18T18:42:01.000,52.55,19.82,0.0,0.0,20.38,37639,74.99,-40.0,0.793
2024-05-18T18:51:02.000,50.92,19.3,0.0,0.0,20.38,37648,76.02,-38.0,0.794
2024-05-18T18:52:03.000,50.68,19.3,0.0,0.0,20.38,37649,76.12,-38.0,0.794
2024-05-18T18:53:03.000,50.75,19.92,0.0,0.0,20.38,37650,76.22,-38.0,0.794
2024-05-18T18:57:03.000,50.37,20.1,0.0,0.0,20.38,37654,76.58,-37.0,0.794
2024-05-18T18:59:03.000,51.24,21.42,0.0,0.0,20.38,37656,76.74,-37.0,0.794
2024-05-18T19:00:03.000,51.56,20.68,0.0,0.0,20.38,37657,76.82,-37.0,0.794
2024-05-18T19:01:03.000,51.63,20.79,0.0,0.0,20.38,37658,76.89,-36.0,0.794
2024-05-18T19:51:13.000,52.4,19.61,0.0,0.0,20.38,37708,75.69,-27.0,0.797
2024-05-18T19:52:13.000,52.43,20.42,0.0,0.0,20.38,37709,75.58,-27.0,0.797
2024-05-18T19:53:13.000,52.34,18.79,0.0,0.0,20.38,37710,75.46,-27.0,0.797
2024-05-18T19:56:13.000,50.61,17.01,0.0,0.0,20.38,37713,75.1,-26.0,0.797
2024-05-18T19:57:13.000,50.39,18.63,0.0,0.0,20.38,37714,74.98,-26.0,0.797
2024-05-18T19:58:14.000,50.19,17.73,0.0,0.0,20.38,37715,74.85,-26.0,0.797
2024-05-18T19:59:13.000,49.9,17.67,0.0,0.0,20.38,37716,74.72,-25.0,0.797
2024-05-18T20:00:14.000,49.79,18.46,0.0,0.0,20.38,37717,74.59,-25.0,0.797
2024-05-18T20:02:17.000,49.61,18.15,0.0,0.0,20.38,37719,74.31,-25.0,0.798
2024-05-18T20:03:17.000,49.65,18.57,0.0,0.0,20.38,37720,74.18,-25.0,0.798
2024-05-18T20:04:17.000,49.53,18.07,0.0,0.0,20.38,37721,74.04,-24.0,0.798
2024-05-18T20:21:21.000,52.6,19.56,0.0,0.0,20.38,37738,71.41,-21.0,0.799
2024-05-18T20:22:21.000,52.7,18.92,0.0,0.0,20.38,37739,71.24,-21.0,0.799
2024-05-18T20:23:21.000,52.39,17.67,0.0,0.0,20.38,37740,71.07,-21.0,0.799
2024-05-18T20:25:25.000,52.45,19.28,0.0,0.0,20.38,37742,70.72,-20.0,0.799
2024-05-18T20:26:25.000,52.64,19.82,0.0,0.0,20.38,37743,70.55,-20.0,0.799
2024-05-18T20:27:25.000,52.71,19.03,0.0,0.0,20.38,37744,70.38,-20.0,0.799
2024-05-18T20:30:26.000,51.37,17.48,0.0,0.0,20.38,37747,69.85,-19.0,0.799
2024-05-18T20:31:25.000,51.53,19.21,0.0,0.0,20.38,37748,69.68,-19.0,0.799
2024-05-18T20:32:26.000,51.75,19.02,0.0,0.0,20.38,37749,69.5,-19.0,0.799
2024-05-18T20:34:26.000,51.44,18.21,0.0,0.0,20.38,37751,69.14,-18.0,0.799
2024-05-18T20:35:27.000,51.31,18.6,0.0,0.0,20.38,37752,68.96,-18.0,0.799
2024-05-18T20:36:27.000,51.36,19.16,0.0,0.0,20.38,37753,68.78,-18.0,0.799
2024-05-18T20:41:29.000,50.83,17.69,0.0,0.0,20.38,37758,67.86,-17.0,0.8
2024-05-18T20:42:29.000,50.54,18.13,0.0,0.0,20.38,37759,67.67,-17.0,0.8
2024-05-18T20:43:29.000,50.39,17.72,0.0,0.0,20.38,37760,67.49,-17.0,0.8
2024-05-18T20:45:29.000,49.73,17.75,0.0,0.0,20.38,37762,67.11,-16.0,0.8
2024-05-18T20:47:29.000,50.22,19.6,0.0,0.0,20.38,37764,66.74,-16.0,0.8
2024-05-18T20:49:29.000,50.61,19.17,0.0,0.0,20.38,37766,66.36,-15.0,0.8
2024-05-18T20:51:29.000,50.67,18.9,0.0,0.0,20.38,37768,65.98,-15.0,0.8
2024-05-18T20:58:30.000,50.75,19.13,0.0,0.0,20.38,37775,64.63,-14.0,0.801
2024-05-18T20:59:30.000,50.91,19.6,0.0,0.0,20.38,37776,64.43,-13.0,0.801
2024-05-18T21:00:31.000,51.03,18.6,0.0,0.0,20.38,37777,64.24,-13.0,0.801
2024-05-18T21:15:35.000,49.41,18.64,0.0,0.0,20.38,37792,61.25,-10.0,0.801
2024-05-18T21:16:35.000,49.56,18.79,0.0,0.0,20.38,37793,61.05,-10.0,0.802
2024-05-18T21:17:35.000,49.72,18.87,0.0,0.0,20.38,37794,60.85,-10.0,0.802
2024-05-18T21:19:37.000,49.99,19.1,0.0,0.0,20.38,37796,60.44,-9.0,0.802
2024-05-18T21:20:37.000,49.95,17.99,0.0,0.0,20.38,37797,60.24,-9.0,0.802
2024-05-18T21:22:40.000,49.68,18.2,0.0,0.0,20.38,37799,59.82,-9.0,0.802
2024-05-18T21:23:40.000,49.75,19.04,0.0,0.0,20.38,37800,59.62,-8.0,0.802
2024-05-18T21:24:40.000,49.75,18.23,0.0,0.0,20.38,37801,59.42,-8.0,0.802
2024-05-18T21:34:43.000,46.55,13.73,0.0,0.0,20.38,37811,57.37,-6.0,0.802
2024-05-18T21:35:43.000,46.14,13.28,0.0,0.0,20.38,37812,57.16,-6.0,0.803
2024-05-18T21:36:43.000,45.86,13.82,0.0,0.0,20.38,37813,56.96,-6.0,0.803
2024-05-18T21:38:43.000,45.26,13.31,0.0,0.0,20.38,37815,56.55,-5.0,0.803
2024-05-18T21:42:43.000,44.15,13.63,0.0,0.0,20.38,37819,55.72,-5.0,0.803
2024-05-18T21:44:43.000,43.56,13.55,0.0,0.0,20.38,37821,55.31,-4.0,0.803
2024-05-18T21:46:43.000,43.2,13.58,0.0,0.0,20.38,37823,54.89,-4.0,0.803
2024-05-18T21:49:44.000,42.98,14.6,0.0,0.0,20.38,37826,54.27,-3.0,0.803
2024-05-18T21:53:44.000,43.01,14.66,0.0,0.0,20.38,37830,53.44,-2.0,0.803
2024-05-18T21:56:44.000,42.64,14.2,0.0,0.0,20.38,37833,52.81,-2.0,0.804
2024-05-18T21:57:44.000,42.58,14.35,0.0,0.0,20.38,37834,52.6,-2.0,0.804
2024-05-18T21:58:44.000,42.55,14.41,0.0,0.0,20.38,37835,52.39,-1.0,0.804
2024-05-18T22:33:58.000,42.25,15.03,0.0,0.0,20.38,37870,44.99,6.0,0.806
2024-05-18T22:34:59.000,42.33,15.03,0.0,0.0,20.38,37871,44.78,6.0,0.806
2024-05-18T22:35:59.000,42.31,15.03,0.0,0.0,20.38,37872,44.57,6.0,0.806
2024-05-18T22:37:59.000,42.2,14.91,0.0,0.0,20.38,37874,44.15,7.0,0.806
2024-05-18T22:38:59.000,42.04,14.48,0.0,0.0,20.38,37875,43.94,7.0,0.806
2024-05-18T22:40:00.000,41.71,13.77,0.0,0.0,20.38,37876,43.72,7.0,0.806
2024-05-18T22:53:01.000,40.83,14.91,0.0,0.0,20.38,37889,40.97,10.0,0.807
2024-05-18T22:54:02.000,40.96,14.85,0.0,0.0,20.38,37890,40.76,10.0,0.807
2024-05-18T22:55:02.000,41.01,14.7,0.0,0.0,20.38,37891,40.54,10.0,0.807
2024-05-18T23:01:03.000,41.11,14.94,0.0,0.0,20.38,37897,39.27,11.0,0.807
2024-05-18T23:03:03.000,41.18,14.77,0.0,0.0,20.38,37899,38.85,12.0,0.807
2024-05-18T23:04:03.000,41.15,14.6,0.0,0.0,20.38,37900,38.64,12.0,0.807
2024-05-18T23:05:03.000,41.07,14.37,0.0,0.0,20.38,37901,38.43,12.0,0.807
2024-05-18T23:17:05.000,40.49,14.18,0.0,0.0,20.38,37913,35.88,14.0,0.808
2024-05-18T23:18:05.000,40.47,14.42,0.0,0.0,20.38,37914,35.67,15.0,0.808
2024-05-18T23:19:06.000,40.49,14.65,0.0,0.0,20.38,37915,35.46,15.0,0.808
2024-05-18T23:21:06.000,40.33,13.95,0.0,0.0,20.38,37917,35.03,15.0,0.808
2024-05-18T23:22:08.000,40.18,13.97,0.0,0.0,20.38,37918,34.82,16.0,0.808
2024-05-18T23:23:08.000,40.13,14.17,0.0,0.0,20.38,37919,34.61,16.0,0.808
2024-05-18T23:37:10.000,39.85,14.29,0.0,0.0,20.38,37933,31.64,18.0,0.809
2024-05-18T23:38:10.000,39.93,14.33,0.0,0.0,20.38,37934,31.43,19.0,0.809
2024-05-18T23:39:11.000,40.01,14.53,0.0,0.0,20.38,37935,31.22,19.0,0.809
2024-05-18T23:41:11.000,40.11,14.54,0.0,0.0,20.38,37937,30.8,19.0,0.809
2024-05-18T23:42:11.000,40.2,14.61,0.0,0.0,20.38,37938,30.59,19.0,0.809
2024-05-18T23:43:11.000,40.18,14.2,0.0,0.0,20.38,37939,30.38,20.0,0.809
2024-05-18T23:45:11.000,39.77,13.24,0.0,0.0,20.38,37941,29.96,20.0,0.809
2024-05-18T23:48:11.000,39.69,14.09,0.0,0.0,20.38,37944,29.33,21.0,0.809
2024-05-18T23:49:11.000,39.79,14.31,0.0,0.0,20.38,37945,29.12,21.0,0.809
2024-05-18T23:51:11.000,39.85,14.14,0.0,0.0,20.38,37947,28.7,21.0,0.81
2024-05-18T23:52:11.000,39.8,13.5,0.0,0.0,20.38,37948,28.49,21.0,0.81
2024-05-19T00:02:13.000,39.59,14.15,0.0,0.0,20.38,37958,26.38,23.0,0.81
2024-05-19T00:03:13.000,39.68,14.21,0.0,0.0,20.38,37959,26.17,24.0,0.81
2024-05-19T00:04:13.000,39.74,14.17,0.0,0.0,20.38,37960,25.96,24.0,0.81
2024-05-19T00:06:13.000,39.71,13.67,0.0,0.0,20.38,37962,25.54,24.0,0.81
2024-05-19T00:07:13.000,39.61,13.6,0.0,0.0,20.38,37963,25.33,24.0,0.81
2024-05-19T00:08:13.000,39.5,13.43,0.0,0.0,20.38,37964,25.12,25.0,0.81
2024-05-19T00:33:18.000,39.1,13.53,0.0,0.0,20.38,37989,19.9,29.0,0.812
2024-05-19T00:34:18.000,39.09,13.19,0.0,0.0,20.38,37990,19.7,29.0,0.812
2024-05-19T00:35:19.000,38.93,12.54,0.0,0.0,20.38,37991,19.48,30.0,0.812
2024-05-19T00:37:19.000,38.7,12.76,0.0,0.0,20.38,37993,19.07,30.0,0.812
2024-05-19T00:38:19.000,38.63,12.79,0.0,0.0,20.38,37994,18.86,30.0,0.812
2024-05-19T00:39:19.000,38.59,12.77,0.0,0.0,20.38,37995,18.66,30.0,0.812
2024-05-19T01:17:26.000,37.42,11.53,0.0,0.0,20.38,38033,10.85,37.0,0.814
2024-05-19T01:18:26.000,37.36,11.19,0.0,0.0,20.38,38034,10.65,37.0,0.814
2024-05-19T01:19:27.000,37.27,11.09,0.0,0.0,20.38,38035,10.45,38.0,0.814
2024-05-19T01:21:28.000,37.23,11.34,0.0,0.0,20.38,38037,10.04,38.0,0.814
2024-05-19T01:22:28.000,37.26,11.22,0.0,0.0,20.38,38038,9.84,38.0,0.814
2024-05-19T01:23:28.000,37.19,11.03,0.0,0.0,20.38,38039,9.64,38.0,0.814
2024-05-19T01:37:31.000,36.36,10.13,0.0,0.0,20.38,38053,6.82,41.0,0.815
2024-05-19T01:38:31.000,36.32,10.3,0.0,0.0,20.38,38054,6.62,41.0,0.815
2024-05-19T01:39:31.000,36.33,10.38,0.0,0.0,20.38,38055,6.42,41.0,0.815
2024-05-19T01:40:32.000,36.34,10.35,0.19,0.09,20.38,38056,6.21,41.0,0.815
2024-05-19T01:41:32.000,36.31,10.24,0.2,0.09,20.38,38057,6.02,41.0,0.815
2024-05-19T01:42:32.000,36.29,10.27,0.0,0.0,20.38,38058,5.82,41.0,0.815
2024-05-19T01:43:32.000,36.25,10.17,0.0,0.0,20.38,38059,5.62,41.0,0.815
2024-05-19T01:44:32.000,36.25,10.14,0.0,0.0,20.38,38060,5.42,42.0,0.815
2024-05-19T01:47:32.000,36.06,9.71,0.0,0.0,20.38,38063,4.82,42.0,0.816
2024-05-19T01:48:33.000,35.95,9.59,0.0,0.0,20.38,38064,4.62,42.0,0.816
2024-05-19T01:49:33.000,35.89,9.6,0.0,0.0,20.38,38065,4.42,42.0,0.816
2024-05-19T01:50:33.000,35.86,9.61,0.19,0.09,20.38,38066,4.23,43.0,0.816
2024-05-19T01:51:33.000,35.76,9.43,0.0,0.0,20.38,38067,4.03,43.0,0.816
2024-05-19T01:52:33.000,35.74,9.58,0.0,0.0,20.38,38068,3.83,43.0,0.816
2024-05-19T01:53:33.000,35.75,9.62,0.0,0.0,20.38,38069,3.64,43.0,0.816
2024-05-19T02:15:39.000,35.19,8.72,0.0,0.0,20.38,38091,-0.68,46.0,0.817
2024-05-19T02:16:39.000,35.19,8.66,0.0,0.0,20.38,38092,-0.87,46.0,0.817
2024-05-19T02:17:39.000,35.11,8.53,0.0,0.0,20.38,38093,-1.06,46.0,0.817
2024-05-19T02:20:40.000,34.93,8.32,52722.67,8.58,20.38,38096,-1.64,47.0,0.817
2024-05-19T02:21:41.000,34.77,8.32,46281.22,8.72,20.38,38097,-1.84,47.0,0.817
2024-05-19T02:22:41.000,34.67,8.47,40313.0,8.87,20.38,38098,-2.03,47.0,0.817
2024-05-19T02:23:41.000,34.52,8.18,34447.54,9.12,20.38,38099,-2.22,47.0,0.817
2024-05-19T02:24:41.000,34.44,8.52,29860.83,9.19,20.38,38100,-2.41,47.0,0.817
2024-05-19T02:25:41.000,34.4,8.49,25123.79,9.45,20.38,38101,-2.6,48.0,0.818
2024-05-19T02:26:41.000,34.37,8.51,21470.89,9.55,20.38,38102,-2.79,48.0,0.818
2024-05-19T02:27:42.000,34.37,8.49,18008.49,9.74,20.38,38103,-2.98,48.0,0.818
2024-05-19T02:28:42.000,34.31,8.36,14988.18,9.94,20.38,38104,-3.18,48.0,0.818
2024-05-19T02:29:42.000,34.25,8.34,12350.58,10.15,20.38,38105,-3.37,48.0,0.818
2024-05-19T02:30:42.000,34.18,8.18,10111.01,10.37,20.38,38106,-3.55,48.0,0.818
2024-05-19T02:31:42.000,34.14,8.31,8241.24,10.59,20.38,38107,-3.74,48.0,0.818
2024-05-19T02:32:42.000,34.12,8.21,6669.24,10.82,20.38,38108,-3.93,48.0,0.818
2024-05-19T02:33:42.000,34.05,8.1,5350.04,11.06,20.38,38109,-4.12,48.0,0.818
2024-05-19T02:34:43.000,34.01,8.14,4253.27,11.31,20.38,38110,-4.32,49.0,0.818
2024-05-19T02:35:43.000,33.95,8.07,3358.45,11.57,20.38,38111,-4.5,49.0,0.818
2024-05-19T02:36:43.000,33.91,8.07,2645.11,11.83,20.38,38112,-4.69,49.0,0.818
2024-05-19T02:37:43.000,33.86,8.07,2082.13,12.09,20.38,38113,-4.88,49.0,0.818
2024-05-19T02:38:43.000,33.85,8.1,1644.04,12.34,20.38,38114,-5.07,49.0,0.818
2024-05-19T02:39:43.000,33.81,8.0,1301.6,12.6,20.38,38115,-5.26,49.0,0.818
2024-05-19T02:40:43.000,33.72,7.87,1035.98,12.84,20.38,38116,-5.44,49.0,0.818
2024-05-19T02:41:43.000,33.64,7.78,827.4,13.09,20.38,38117,-5.63,49.0,0.818
2024-05-19T02:42:43.000,33.63,7.93,660.79,13.33,20.38,38118,-5.82,50.0,0.818
2024-05-19T02:43:43.000,33.57,7.82,527.84,13.58,20.38,38119,-6.0,50.0,0.818
2024-05-19T02:44:43.000,33.5,7.73,420.47,13.82,20.38,38120,-6.19,50.0,0.818
2024-05-19T02:45:43.000,33.45,7.77,334.85,14.07,20.38,38121,-6.38,50.0,0.819
2024-05-19T02:46:44.000,33.44,7.84,267.21,14.32,20.38,38122,-6.57,50.0,0.819
2024-05-19T02:47:44.000,33.4,7.75,213.51,14.56,20.38,38123,-6.75,50.0,0.819
2024-05-19T02:48:44.000,33.35,7.75,171.15,14.8,20.38,38124,-6.94,50.0,0.819
2024-05-19T02:49:44.000,33.31,7.67,137.55,15.04,20.38,38125,-7.12,50.0,0.819
2024-05-19T02:50:44.000,33.29,7.79,111.23,15.27,20.38,38126,-7.31,50.0,0.819
2024-05-19T02:51:44.000,33.29,7.73,90.65,15.49,20.38,38127,-7.49,50.0,0.819
2024-05-19T02:52:44.000,33.22,7.7,74.23,15.71,20.38,38128,-7.68,51.0,0.819
2024-05-19T02:53:44.000,33.25,7.83,61.11,15.92,20.38,38129,-7.86,51.0,0.819
2024-05-19T02:54:44.000,33.22,7.65,50.24,16.13,20.38,38130,-8.04,51.0,0.819
2024-05-19T02:55:44.000,33.2,7.64,43.8,16.28,20.38,38131,-8.23,51.0,0.819
2024-05-19T02:56:45.000,33.14,7.51,37.28,16.45,20.38,38132,-8.41,51.0,0.819
2024-05-19T02:57:45.000,33.08,7.5,32.25,16.61,20.38,38133,-8.6,51.0,0.819
2024-05-19T02:58:45.000,33.04,7.55,28.19,16.76,20.38,38134,-8.78,51.0,0.819
2024-05-19T02:59:45.000,33.01,7.51,25.03,16.88,20.38,38135,-8.96,51.0,0.819
2024-05-19T03:00:45.000,32.99,7.61,22.21,17.01,20.38,38136,-9.14,51.0,0.819
2024-05-19T03:01:47.000,32.99,7.52,19.93,17.13,20.38,38137,-9.33,51.0,0.819
2024-05-19T03:02:47.000,32.93,7.45,18.14,17.23,20.38,38138,-9.51,52.0,0.819
2024-05-19T03:03:47.000,32.89,7.43,16.5,17.34,20.38,38139,-9.7,52.0,0.819
2024-05-19T03:04:47.000,32.84,7.4,15.19,17.43,20.38,38140,-9.88,52.0,0.82
