Downloads/jupyter/ECSV/stars19/stars19_2022-08.ecsv
# %ECSV 1.0
# ---
# datatype:
# - {name: time, datatype: string}
# - {name: Enclosure Temperature, unit: deg_C, datatype: float64}
# - {name: Sky Temperature, unit: deg_C, datatype: float64}
# - {name: Frequency, unit: Hz, datatype: float64}
# - {name: MSAS, unit: mag / arcsec2, datatype: float64}
# - {name: ZP, datatype: float64}
# - {name: Sequence Number, datatype: int64}
# - {name: Sun Alt, unit: deg, datatype: float64}
# - {name: Moon Alt, unit: deg, datatype: float64}
# - {name: Moon Illumination, datatype: float64}
# delimiter: ','
# meta: !!omap
# - ida:
#     Data supplier: {affiliation: null, observer: null}
#     Device type: TESS-W
#     Field of view: 17.0
#     Filters per channel: None
#     Instrument ID: stars19
#     License: ODbL 1.0 http://opendatacommons.org/licenses/odbl/summary/
#     Local timezone: America/Phoenix
#     Location name: {country: '- Tucson', place: Tucson, region: United States, sub_region: Arizona, town: Pima County}
#     Measurement direction per channel: {azimuth: 0.0, zenital: 0.0}
#     Moving / Fixed look direction: FIXED
#     Moving / Stationary position: STATIONARY
#     Number of channels: 1
#     Number of fields per line: 8
#     Number of header lines: 35
#     Position: {height: 0.0, latitude: 32.223877, longitude: -110.767532}
#     TESS MAC address: 18:FE:34:CF:EC:06
#     TESS cover offset value: 0.0
#     TESS firmware version: '1.0'
#     TESS zero point: 20.5
#     Time Synchronization: timestamp added by MQTT subscriber
#     URL: http://www.darksky.org/NSBM/sdf1.0.pdf
# - __serialized_columns__:
#     Enclosure Temperature:
#       __class__: astropy.units.quantity.Quantity
#       unit: &id001 !astropy.units.Unit {unit: deg_C}
#       value: !astropy.table.SerializedColumn {name: Enclosure Temperature}
#     Frequency:
#       __class__: astropy.units.quantity.Quantity
#       unit: !astropy.units.Unit {unit: Hz}
#       value: !astropy.table.SerializedColumn {name: Frequency}
#     MSAS:
#       __class__: astropy.units.quantity.Quantity
#       unit: !astropy.units.Unit {unit: mag / arcsec2}
#       value: !astropy.table.SerializedColumn {name: MSAS}
#     Moon Alt:
#       __class__: astropy.units.quantity.Quantity
#       unit: &id002 !astropy.units.Unit {unit: deg}
#       value: !astropy.table.SerializedColumn {name: Moon Alt}
#     Sky Temperature:
#       __class__: astropy.units.quantity.Quantity
#       unit: *id001
#       value: !astropy.table.SerializedColumn {name: Sky Temperature}
#     Sun Alt:
#       __class__: astropy.units.quantity.Quantity
#       unit: *id002
#       value: !astropy.table.SerializedColumn {name: Sun Alt}
#     time:
#       __class__: astropy.time.core.Time
#       format: isot
#       in_subfmt: '*'
#       out_subfmt: '*'
#       precision: 3
#       scale: utc
#       value: !astropy.table.SerializedColumn {name: time}
# schema: astropy-2.0
time,Enclosure Temperature,Sky Temperature,Frequency,MSAS,ZP,Sequence Number,Sun Alt,Moon Alt,Moon Illumination
[from data line 13152]
2022-08-17T09:55:36.000,28.53,11.42,5.48,18.53,20.5,264551,-32.23,56.0,0.676
2022-08-17T09:56:37.000,28.54,11.41,5.48,18.53,20.5,264552,-32.08,57.0,0.676
2022-08-17T09:57:37.000,28.57,11.51,4.97,18.64,20.5,264553,-31.93,57.0,0.676
2022-08-17T09:58:37.000,28.62,11.59,5.02,18.63,20.5,264554,-31.78,57.0,0.676
2022-08-17T09:59:37.000,28.62,11.6,4.8,18.68,20.5,264555,-31.63,57.0,0.676
2022-08-17T10:00:37.000,28.65,11.8,5.77,18.48,20.5,264556,-31.48,57.0,0.675
2022-08-17T10:01:37.000,28.67,11.82,6.15,18.41,20.5,264557,-31.33,57.0,0.675
2022-08-17T10:02:38.000,28.67,11.95,6.42,18.36,20.5,264558,-31.18,58.0,0.675
2022-08-17T10:03:38.000,28.69,12.1,6.5,18.35,20.5,264559,-31.03,58.0,0.675
2022-08-17T10:04:38.000,28.68,12.18,6.52,18.34,20.5,264560,-30.88,58.0,0.675
2022-08-17T10:05:38.000,28.65,12.26,6.78,18.3,20.5,264561,-30.73,58.0,0.675
2022-08-17T10:06:38.000,28.63,12.38,6.82,18.3,20.5,264562,-30.57,58.0,0.675
2022-08-17T10:07:39.000,28.62,12.46,6.51,18.35,20.5,264563,-30.42,59.0,0.675
2022-08-17T10:08:39.000,28.6,12.43,7.24,18.23,20.5,264564,-30.26,59.0,0.675
2022-08-17T10:09:39.000,28.58,12.52,8.17,18.1,20.5,264565,-30.11,59.0,0.675
2022-08-17T10:10:39.000,28.58,12.51,7.84,18.15,20.5,264566,-29.95,59.0,0.675
2022-08-17T10:11:39.000,28.58,12.62,8.54,18.05,20.5,264567,-29.8,59.0,0.675
2022-08-17T10:12:40.000,28.6,12.6,11.04,17.77,20.5,264568,-29.64,59.0,0.675
2022-08-17T10:13:40.000,28.62,12.7,12.41,17.65,20.5,264569,-29.48,60.0,0.675
2022-08-17T10:14:40.000,28.63,12.68,12.51,17.64,20.5,264570,-29.33,60.0,0.674
2022-08-17T10:15:40.000,28.67,12.7,12.26,17.66,20.5,264571,-29.17,60.0,0.674
2022-08-17T10:16:41.000,28.67,12.58,9.32,17.96,20.5,264572,-29.01,60.0,0.674
2022-08-17T10:17:47.000,28.7,12.53,7.2,18.24,20.5,264573,-28.83,60.0,0.674
2022-08-17T10:18:47.000,28.72,12.32,5.47,18.54,20.5,264574,-28.67,60.0,0.674
2022-08-17T10:20:53.000,28.74,11.85,6.83,18.29,20.5,264576,-28.34,61.0,0.674
2022-08-17T10:21:53.000,28.72,11.5,6.07,18.42,20.5,264577,-28.18,61.0,0.674
2022-08-17T10:22:54.000,28.68,11.36,5.03,18.63,20.5,264578,-28.01,61.0,0.674
2022-08-17T10:23:54.000,28.69,11.34,4.94,18.65,20.5,264579,-27.85,61.0,0.674
2022-08-17T10:24:54.000,28.71,11.31,6.9,18.29,20.5,264580,-27.69,61.0,0.674
2022-08-17T10:25:54.000,28.7,11.18,7.0,18.27,20.5,264581,-27.53,62.0,0.674
2022-08-17T10:26:55.000,28.71,11.2,5.57,18.52,20.5,264582,-27.36,62.0,0.674
2022-08-17T10:27:55.000,28.72,11.15,6.49,18.35,20.5,264583,-27.2,62.0,0.674
2022-08-17T10:28:55.000,28.72,11.12,7.06,18.26,20.5,264584,-27.03,62.0,0.674
2022-08-17T10:31:55.000,28.77,10.94,6.96,18.27,20.5,264587,-26.54,62.0,0.673
2022-08-17T10:34:55.000,28.77,10.77,7.25,18.23,20.5,264590,-26.04,63.0,0.673
2022-08-17T10:35:56.000,28.76,10.74,7.42,18.2,20.5,264591,-25.87,63.0,0.673
2022-08-17T10:36:56.000,28.77,10.72,7.42,18.2,20.5,264592,-25.7,63.0,0.673
2022-08-17T10:37:56.000,28.72,10.58,7.53,18.19,20.5,264593,-25.53,63.0,0.673
2022-08-17T10:38:57.000,28.65,10.61,7.68,18.17,20.5,264594,-25.36,64.0,0.673
2022-08-17T10:39:57.000,28.61,10.64,7.69,18.17,20.5,264595,-25.19,64.0,0.673
2022-08-17T10:40:57.000,28.57,10.61,7.85,18.14,20.5,264596,-25.02,64.0,0.673
2022-08-17T10:41:57.000,28.53,10.57,8.02,18.12,20.5,264597,-24.85,64.0,0.673
2022-08-17T10:44:03.000,28.4,10.63,8.02,18.13,20.5,264599,-24.49,64.0,0.673
2022-08-17T10:45:04.000,28.4,10.8,8.09,18.12,20.5,264600,-24.32,64.0,0.672
2022-08-17T10:46:04.000,28.43,10.8,9.68,17.92,20.5,264601,-24.15,65.0,0.672
2022-08-17T10:47:04.000,28.42,10.69,10.36,17.84,20.5,264602,-23.97,65.0,0.672
2022-08-17T10:48:06.000,28.41,10.6,10.55,17.82,20.5,264603,-23.8,65.0,0.672
2022-08-17T10:49:06.000,28.38,10.5,10.09,17.87,20.5,264604,-23.62,65.0,0.672
2022-08-17T10:50:06.000,28.36,10.48,9.58,17.93,20.5,264605,-23.45,65.0,0.672
2022-08-17T10:51:07.000,28.36,10.52,9.42,17.94,20.5,264606,-23.27,65.0,0.672
2022-08-17T10:52:07.000,28.35,10.52,9.52,17.93,20.5,264607,-23.1,65.0,0.672
2022-08-17T10:53:07.000,28.35,10.54,9.7,17.91,20.5,264608,-22.92,65.0,0.672
2022-08-17T10:55:13.000,28.31,10.57,10.25,17.85,20.5,264610,-22.56,66.0,0.672
2022-08-17T10:56:13.000,28.29,10.5,10.58,17.82,20.5,264611,-22.38,66.0,0.672
2022-08-17T10:57:14.000,28.27,10.47,10.95,17.78,20.5,264612,-22.2,66.0,0.672
2022-08-17T10:58:14.000,28.26,10.56,11.39,17.74,20.5,264613,-22.03,66.0,0.672
2022-08-17T10:59:14.000,28.29,10.62,11.91,17.69,20.5,264614,-21.85,66.0,0.672
2022-08-17T11:00:14.000,28.3,10.48,12.54,17.63,20.5,264615,-21.67,66.0,0.671
2022-08-17T11:01:14.000,28.25,10.33,13.2,17.58,20.5,264616,-21.49,66.0,0.671
2022-08-17T11:02:15.000,28.21,10.32,13.92,17.52,20.5,264617,-21.31,67.0,0.671
2022-08-17T11:03:15.000,28.18,10.32,14.57,17.47,20.5,264618,-21.14,67.0,0.671
2022-08-17T11:04:15.000,28.15,10.39,15.33,17.42,20.5,264619,-20.96,67.0,0.671
2022-08-17T11:07:15.000,28.16,10.42,17.85,17.25,20.5,264622,-20.42,67.0,0.671
2022-08-17T11:08:15.000,28.14,10.38,18.6,17.21,20.5,264623,-20.24,67.0,0.671
2022-08-17T11:09:16.000,28.12,10.41,19.17,17.17,20.5,264624,-20.06,67.0,0.671
2022-08-17T11:10:16.000,28.09,10.39,20.04,17.13,20.5,264625,-19.88,67.0,0.671
2022-08-17T11:11:16.000,28.07,10.42,20.98,17.08,20.5,264626,-19.69,68.0,0.671
2022-08-17T11:12:16.000,28.06,10.4,22.21,17.01,20.5,264627,-19.51,68.0,0.671
2022-08-17T11:13:17.000,28.04,10.33,23.43,16.96,20.5,264628,-19.33,68.0,0.671
2022-08-17T11:14:17.000,28.05,10.33,24.67,16.9,20.5,264629,-19.15,68.0,0.671
2022-08-17T11:15:17.000,28.03,10.2,26.19,16.83,20.5,264630,-18.96,68.0,0.67
2022-08-17T11:16:17.000,28.0,10.12,28.07,16.76,20.5,264631,-18.78,68.0,0.67
2022-08-17T11:17:17.000,27.94,10.06,30.93,16.65,20.5,264632,-18.6,68.0,0.67
2022-08-17T11:18:18.000,27.88,10.08,34.13,16.55,20.5,264633,-18.41,68.0,0.67
2022-08-17T11:19:19.000,27.86,10.02,37.63,16.44,20.5,264634,-18.23,68.0,0.67
2022-08-17T11:20:20.000,27.83,10.03,41.46,16.34,20.5,264635,-18.04,68.0,0.67
2022-08-17T11:21:20.000,27.81,10.0,44.52,16.26,20.5,264636,-17.85,68.0,0.67
2022-08-17T11:22:20.000,27.81,10.11,47.46,16.19,20.5,264637,-17.67,68.0,0.67
2022-08-17T11:23:20.000,27.82,10.09,49.44,16.14,20.5,264638,-17.49,69.0,0.67
2022-08-17T11:26:21.000,27.76,9.93,53.64,16.06,20.5,264641,-16.93,69.0,0.67
2022-08-17T11:29:21.000,27.73,9.89,57.26,15.99,20.5,264644,-16.37,69.0,0.669
2022-08-17T11:36:22.000,27.58,9.77,61.89,15.9,20.5,264651,-15.05,69.0,0.669
2022-08-17T11:37:22.000,27.56,9.81,62.0,15.9,20.5,264652,-14.86,69.0,0.669
2022-08-17T11:38:22.000,27.55,9.82,62.55,15.89,20.5,264653,-14.67,69.0,0.669
2022-08-17T11:39:22.000,27.55,9.83,63.66,15.87,20.5,264654,-14.48,69.0,0.669
2022-08-17T11:40:23.000,27.57,9.79,57.82,15.98,20.5,264655,-14.29,69.0,0.669
2022-08-17T11:41:23.000,27.58,9.79,57.82,15.98,20.5,264656,-14.1,69.0,0.669
2022-08-17T11:42:23.000,27.6,9.73,63.84,15.87,20.5,264657,-13.91,70.0,0.669
2022-08-17T11:43:23.000,27.62,9.73,64.57,15.86,20.5,264658,-13.72,70.0,0.669
2022-08-17T11:44:23.000,27.62,9.64,65.45,15.84,20.5,264659,-13.53,70.0,0.668
2022-08-17T11:45:23.000,27.64,9.61,65.7,15.84,20.5,264660,-13.34,70.0,0.668
2022-08-17T11:46:24.000,27.64,9.72,65.84,15.83,20.5,264661,-13.15,70.0,0.668
2022-08-17T11:47:24.000,27.66,9.7,66.48,15.82,20.5,264662,-12.96,70.0,0.668
2022-08-17T11:48:24.000,27.66,9.73,67.66,15.8,20.5,264663,-12.76,70.0,0.668
2022-08-17T11:49:25.000,27.67,9.7,66.48,15.82,20.5,264664,-12.57,70.0,0.668
2022-08-17T11:50:25.000,27.65,9.64,66.61,15.82,20.5,264665,-12.38,70.0,0.668
2022-08-17T11:51:25.000,27.64,9.63,66.0,15.83,20.5,264666,-12.18,70.0,0.668
2022-08-17T11:52:25.000,27.65,9.72,66.0,15.83,20.5,264667,-11.99,70.0,0.668
2022-08-17T11:53:25.000,27.65,9.67,66.2,15.83,20.5,264668,-11.8,70.0,0.668
2022-08-17T11:54:26.000,27.6,9.64,66.0,15.83,20.5,264669,-11.6,70.0,0.668
2022-08-17T11:55:26.000,27.57,9.63,66.0,15.83,20.5,264670,-11.41,70.0,0.668
2022-08-17T11:56:26.000,27.53,9.56,65.98,15.83,20.5,264671,-11.22,70.0,0.668
2022-08-17T11:57:27.000,27.46,9.61,66.11,15.83,20.5,264672,-11.02,70.0,0.668
2022-08-17T11:58:27.000,27.41,9.72,67.98,15.8,20.5,264673,-10.83,70.0,0.668
2022-08-17T11:59:27.000,27.39,9.71,67.89,15.8,20.5,264674,-10.63,70.0,0.667
2022-08-17T12:00:27.000,27.36,9.77,68.83,15.79,20.5,264675,-10.44,70.0,0.667
2022-08-17T12:01:28.000,27.37,9.8,69.09,15.78,20.5,264676,-10.24,70.0,0.667
2022-08-17T12:02:28.000,27.39,9.84,69.73,15.77,20.5,264677,-10.05,70.0,0.667
2022-08-17T12:03:28.000,27.38,9.74,71.28,15.75,20.5,264678,-9.85,70.0,0.667
2022-08-17T12:04:28.000,27.38,9.85,72.07,15.74,20.5,264679,-9.66,70.0,0.667
2022-08-17T12:05:28.000,27.37,9.82,73.84,15.71,20.5,264680,-9.46,70.0,0.667
2022-08-17T12:06:29.000,27.36,9.83,75.66,15.68,20.5,264681,-9.26,69.0,0.667
2022-08-17T12:07:29.000,27.34,9.85,77.82,15.65,20.5,264682,-9.07,69.0,0.667
2022-08-17T12:08:29.000,27.31,9.9,81.21,15.61,20.5,264683,-8.87,69.0,0.667
2022-08-17T12:09:29.000,27.32,9.99,83.55,15.58,20.5,264684,-8.67,69.0,0.667
2022-08-17T12:10:29.000,27.32,9.96,87.33,15.53,20.5,264685,-8.48,69.0,0.667
2022-08-17T12:11:30.000,27.33,10.01,92.11,15.47,20.5,264686,-8.28,69.0,0.667
2022-08-17T12:12:30.000,27.35,9.98,98.63,15.4,20.5,264687,-8.08,69.0,0.667
2022-08-17T12:13:30.000,27.33,9.85,107.33,15.3,20.5,264688,-7.88,69.0,0.667
2022-08-17T12:14:30.000,27.32,9.89,118.31,15.2,20.5,264689,-7.69,69.0,0.666
2022-08-17T12:16:30.000,27.34,9.85,149.8,14.94,20.5,264691,-7.29,69.0,0.666
2022-08-17T12:17:30.000,27.36,9.96,173.1,14.79,20.5,264692,-7.09,69.0,0.666
2022-08-17T12:18:31.000,27.38,9.96,203.15,14.61,20.5,264693,-6.89,69.0,0.666
2022-08-17T12:19:31.000,27.39,9.85,242.89,14.42,20.5,264694,-6.7,69.0,0.666
2022-08-17T12:20:32.000,27.36,9.86,294.65,14.21,20.5,264695,-6.49,69.0,0.666
2022-08-17T12:21:32.000,27.38,9.99,361.51,13.99,20.5,264696,-6.3,69.0,0.666
2022-08-17T12:22:32.000,27.4,9.99,447.03,13.76,20.5,264697,-6.1,69.0,0.666
2022-08-17T12:28:33.000,27.45,9.86,1792.93,12.25,20.5,264703,-4.9,68.0,0.666
2022-08-17T12:29:33.000,27.42,9.81,2280.36,11.99,20.5,264704,-4.7,68.0,0.665
2022-08-17T12:30:33.000,27.4,9.88,2899.28,11.73,20.5,264705,-4.5,68.0,0.665
2022-08-17T12:31:33.000,27.38,9.85,3693.4,11.46,20.5,264706,-4.3,68.0,0.665
2022-08-17T12:32:33.000,27.36,9.82,4712.31,11.2,20.5,264707,-4.1,68.0,0.665
2022-08-17T12:33:34.000,27.31,9.69,5969.87,10.94,20.5,264708,-3.89,68.0,0.665
2022-08-17T12:34:34.000,27.24,9.72,7481.09,10.7,20.5,264709,-3.69,68.0,0.665
2022-08-17T12:36:40.000,27.21,9.89,11659.98,10.22,20.5,264711,-3.27,67.0,0.665
2022-08-17T12:37:40.000,27.2,9.83,14682.6,9.97,20.5,264712,-3.07,67.0,0.665
2022-08-17T12:38:40.000,27.21,9.96,18527.6,9.71,20.5,264713,-2.87,67.0,0.665
2022-08-17T12:39:41.000,27.25,9.9,22842.38,9.48,20.5,264714,-2.66,67.0,0.665
2022-08-17T12:40:40.000,27.25,9.88,27344.47,9.38,20.5,264715,-2.47,67.0,0.665
2022-08-17T12:41:41.000,27.28,9.87,33002.72,9.08,20.5,264716,-2.26,67.0,0.665
2022-08-17T12:42:40.000,27.28,9.85,38791.86,8.91,20.5,264717,-2.06,67.0,0.665
2022-08-17T12:43:41.000,27.31,9.95,45086.27,8.75,20.5,264718,-1.86,67.0,0.664
2022-08-17T12:44:42.000,27.36,10.0,52146.67,8.59,20.5,264719,-1.65,67.0,0.664
2022-08-17T12:45:42.000,27.37,9.96,59890.18,8.44,20.5,264720,-1.45,67.0,0.664
2022-08-17T12:46:42.000,27.4,9.98,8687.98,1.13,20.5,264721,-1.25,66.0,0.664
2022-08-17T12:47:42.000,27.41,10.01,0.0,0.0,20.5,264722,-1.04,66.0,0.664
2022-08-17T12:48:42.000,27.45,10.06,0.0,0.0,20.5,264723,-0.84,66.0,0.664
2022-08-17T12:49:42.000,27.48,9.98,0.0,0.0,20.5,264724,-0.64,66.0,0.664
2022-08-17T12:53:43.000,27.27,9.78,0.0,0.0,20.5,264728,0.18,66.0,0.664
2022-08-17T12:54:43.000,27.25,9.82,0.0,0.0,20.5,264729,0.38,65.0,0.664
2022-08-17T12:55:43.000,27.27,9.83,0.0,0.0,20.5,264730,0.59,65.0,0.664
2022-08-17T12:57:43.000,27.39,9.95,0.0,0.0,20.5,264732,0.99,65.0,0.664
2022-08-17T12:58:43.000,27.42,9.8,0.0,0.0,20.5,264733,1.2,65.0,0.663
2022-08-17T12:59:44.000,27.44,9.77,0.0,0.0,20.5,264734,1.41,65.0,0.663
2022-08-17T13:09:45.000,27.53,9.47,0.0,0.0,20.5,264744,3.46,63.0,0.663
2022-08-17T13:10:46.000,27.54,9.49,0.0,0.0,20.5,264745,3.67,63.0,0.663
2022-08-17T13:11:46.000,27.55,9.49,0.0,0.0,20.5,264746,3.87,63.0,0.663
2022-08-17T13:12:46.000,27.53,9.35,0.27,0.19,20.5,264747,4.08,63.0,0.663
2022-08-17T13:13:46.000,27.41,9.09,0.0,0.0,20.5,264748,4.28,63.0,0.662
2022-08-17T13:14:46.000,27.31,9.19,0.0,0.0,20.5,264749,4.49,63.0,0.662
2022-08-17T13:15:46.000,27.25,9.32,0.0,0.0,20.5,264750,4.7,63.0,0.662
2022-08-17T13:16:47.000,27.24,9.41,0.0,0.0,20.5,264751,4.91,62.0,0.662
2022-08-17T13:17:48.000,27.24,9.42,0.0,0.0,20.5,264752,5.12,62.0,0.662
2022-08-17T13:18:48.000,27.23,9.42,0.0,0.0,20.5,264753,5.32,62.0,0.662
2022-08-17T13:20:56.000,27.23,9.45,0.15,0.09,20.5,264755,5.76,62.0,0.662
2022-08-17T13:21:56.000,27.22,9.44,0.0,0.0,20.5,264756,5.97,62.0,0.662
2022-08-17T13:22:56.000,27.21,9.39,0.16,0.1,20.5,264757,6.18,61.0,0.662
2022-08-17T13:23:56.000,27.21,9.43,0.11,0.1,20.5,264758,6.38,61.0,0.662
2022-08-17T13:24:56.000,27.2,9.43,0.0,0.0,20.5,264759,6.59,61.0,0.662
2022-08-17T13:25:56.000,27.19,9.48,0.0,0.0,20.5,264760,6.8,61.0,0.662
2022-08-17T13:26:57.000,27.23,9.59,0.0,0.0,20.5,264761,7.01,61.0,0.662
2022-08-17T13:27:57.000,27.29,9.6,0.0,0.0,20.5,264762,7.22,61.0,0.662
2022-08-17T13:34:58.000,27.24,9.27,0.0,0.0,20.5,264769,8.67,59.0,0.661
2022-08-17T13:35:58.000,27.22,9.33,0.0,0.0,20.5,264770,8.88,59.0,0.661
2022-08-17T13:36:58.000,27.23,9.43,0.0,0.0,20.5,264771,9.09,59.0,0.661
2022-08-17T13:37:59.000,27.27,9.59,0.0,0.0,20.5,264772,9.3,59.0,0.661
2022-08-17T13:38:58.000,27.36,9.78,0.0,0.0,20.5,264773,9.51,59.0,0.661
2022-08-17T13:40:59.000,27.49,9.74,0.0,0.0,20.5,264775,9.93,58.0,0.661
2022-08-17T13:41:59.000,27.54,9.78,0.0,0.0,20.5,264776,10.13,58.0,0.661
2022-08-17T13:44:06.000,27.68,9.94,0.0,0.0,20.5,264778,10.58,58.0,0.66
2022-08-17T13:45:06.000,27.72,9.92,0.0,0.0,20.5,264779,10.78,58.0,0.66
2022-08-17T13:46:06.000,27.74,9.94,0.0,0.0,20.5,264780,10.99,58.0,0.66
2022-08-17T13:48:12.000,27.82,10.01,0.0,0.0,20.5,264782,11.43,57.0,0.66
2022-08-17T13:49:12.000,27.83,10.01,0.0,0.0,20.5,264783,11.64,57.0,0.66
2022-08-17T13:50:13.000,27.84,10.02,0.0,0.0,20.5,264784,11.85,57.0,0.66
2022-08-17T13:54:13.000,28.0,10.23,0.0,0.0,20.5,264788,12.69,56.0,0.66
2022-08-17T13:55:13.000,28.01,10.19,0.0,0.0,20.5,264789,12.9,56.0,0.66
2022-08-17T13:56:13.000,28.06,10.26,0.0,0.0,20.5,264790,13.11,56.0,0.66
2022-08-17T13:58:14.000,28.12,10.27,0.0,0.0,20.5,264792,13.53,55.0,0.659
2022-08-17T14:03:14.000,28.28,10.9,0.0,0.0,20.5,264797,14.58,54.0,0.659
2022-08-17T14:10:14.000,28.65,11.54,0.0,0.0,20.5,264804,16.05,53.0,0.659
2022-08-17T14:12:15.000,28.71,11.5,0.0,0.0,20.5,264806,16.48,53.0,0.659
2022-08-17T14:13:15.000,28.74,11.61,0.0,0.0,20.5,264807,16.69,53.0,0.658
2022-08-17T14:15:15.000,28.79,11.65,0.0,0.0,20.5,264809,17.11,52.0,0.658
2022-08-17T14:17:15.000,28.83,11.79,0.0,0.0,20.5,264811,17.53,52.0,0.658
2022-08-17T14:20:16.000,29.0,11.6,0.0,0.0,20.5,264814,18.17,51.0,0.658
2022-08-17T14:21:16.000,29.1,11.73,0.0,0.0,20.5,264815,18.38,51.0,0.658
2022-08-17T14:22:16.000,29.14,11.5,0.0,0.0,20.5,264816,18.59,51.0,0.658
2022-08-17T14:24:16.000,29.24,11.66,0.0,0.0,20.5,264818,19.01,51.0,0.658
2022-08-17T14:25:16.000,29.31,11.56,0.0,0.0,20.5,264819,19.22,50.0,0.658
2022-08-17T14:26:16.000,29.31,11.42,0.0,0.0,20.5,264820,19.43,50.0,0.658
2022-08-17T14:32:17.000,29.47,11.93,0.0,0.0,20.5,264826,20.7,49.0,0.657
2022-08-17T14:33:17.000,29.53,11.97,0.0,0.0,20.5,264827,20.91,49.0,0.657
2022-08-17T14:35:23.000,29.62,11.96,0.0,0.0,20.5,264829,21.35,48.0,0.657
2022-08-17T14:36:24.000,29.57,11.84,0.0,0.0,20.5,264830,21.57,48.0,0.657
2022-08-17T14:37:24.000,29.52,11.97,0.0,0.0,20.5,264831,21.78,48.0,0.657
2022-08-17T14:40:24.000,29.53,12.1,0.0,0.0,20.5,264834,22.41,47.0,0.657
2022-08-17T14:41:25.000,29.49,12.06,0.0,0.0,20.5,264835,22.63,47.0,0.657
2022-08-17T14:42:25.000,29.48,12.26,0.0,0.0,20.5,264836,22.84,47.0,0.657
2022-08-17T14:45:26.000,29.51,12.24,0.0,0.0,20.5,264839,23.48,46.0,0.656
2022-08-17T14:47:29.000,29.49,12.51,0.0,0.0,20.5,264841,23.91,46.0,0.656
2022-08-17T14:48:29.000,29.56,12.8,0.0,0.0,20.5,264842,24.12,46.0,0.656
