Downloads/jupyter/ECSV/stars19/stars19_2023-06.ecsv
# %ECSV 1.0
# ---
# datatype:
# - {name: time, datatype: string}
# - {name: Enclosure Temperature, unit: deg_C, datatype: float64}
# - {name: Sky Temperature, unit: deg_C, datatype: float64}
# - {name: Frequency, unit: Hz, datatype: float64}
# - {name: MSAS, unit: mag / arcsec2, datatype: float64}
# - {name: ZP, datatype: float64}
# - {name: Sequence Number, datatype: int64}
# - {name: Sun Alt, unit: deg, datatype: float64}
# - {name: Moon Alt, unit: deg, datatype: float64}
# - {name: Moon Illumination, datatype: float64}
# delimiter: ','
# meta: !!omap
# - ida:
#     Data supplier: {affiliation: null, observer: null}
#     Device type: TESS-W
#     Field of view: 17.0
#     Filters per channel: None
#     Instrument ID: stars19
#     License: ODbL 1.0 http://opendatacommons.org/licenses/odbl/summary/
#     Local timezone: America/Phoenix
#     Location name: {country: '- Tucson', place: Tucson, region: United States, sub_region: Arizona, town: Pima County}
#     Measurement direction per channel: {azimuth: 0.0, zenital: 0.0}
#     Moving / Fixed look direction: FIXED
#     Moving / Stationary position: STATIONARY
#     Number of channels: 1
#     Number of fields per line: 8
#     Number of header lines: 35
#     Position: {height: 0.0, latitude: 32.223877, longitude: -110.767532}
#     TESS MAC address: 18:FE:34:CF:EC:06
#     TESS cover offset value: 0.0
#     TESS firmware version: '1.0'
#     TESS zero point: 20.38
#     Time Synchronization: timestamp added by MQTT subscriber
#     URL: http://www.darksky.org/NSBM/sdf1.0.pdf
# - __serialized_columns__:
#     Enclosure Temperature:
#       __class__: astropy.units.quantity.Quantity
#       unit: &id001 !astropy.units.Unit {unit: deg_C}
#       value: !astropy.table.SerializedColumn {name: Enclosure Temperature}
#     Frequency:
#       __class__: astropy.units.quantity.Quantity
#       unit: !astropy.units.Unit {unit: Hz}
#       value: !astropy.table.SerializedColumn {name: Frequency}
#     MSAS:
#       __class__: astropy.units.quantity.Quantity
#       unit: !astropy.units.Unit {unit: mag / arcsec2}
#       value: !astropy.table.SerializedColumn {name: MSAS}
#     Moon Alt:
#       __class__: astropy.units.quantity.Quantity
#       unit: &id002 !astropy.units.Unit {unit: deg}
#       value: !astropy.table.SerializedColumn {name: Moon Alt}
#     Sky Temperature:
#       __class__: astropy.units.quantity.Quantity
#       unit: *id001
#       value: !astropy.table.SerializedColumn {name: Sky Temperature}
#     Sun Alt:
#       __class__: astropy.units.quantity.Quantity
#       unit: *id002
#       value: !astropy.table.SerializedColumn {name: Sun Alt}
#     time:
#       __class__: astropy.time.core.Time
#       format: isot
#       in_subfmt: '*'
#       out_subfmt: '*'
#       precision: 3
#       scale: utc
#       value: !astropy.table.SerializedColumn {name: time}
# schema: astropy-2.0
time,Enclosure Temperature,Sky Temperature,Frequency,MSAS,ZP,Sequence Number,Sun Alt,Moon Alt,Moon Illumination
[from data line 21448]
2023-06-29T19:50:30.000,53.08,21.42,0.0,0.0,20.38,26038,79.55,-37.0,0.83
2023-06-29T19:51:31.000,52.49,19.31,0.0,0.0,20.38,26039,79.44,-37.0,0.831
2023-06-29T19:53:32.000,52.62,23.86,0.0,0.0,20.38,26041,79.2,-37.0,0.831
2023-06-29T19:54:32.000,53.18,23.73,0.0,0.0,20.38,26042,79.07,-36.0,0.831
2023-06-29T19:55:34.000,53.36,22.5,0.0,0.0,20.38,26043,78.94,-36.0,0.831
2023-06-29T20:10:39.000,54.52,23.72,0.0,0.0,20.38,26058,76.74,-33.0,0.832
2023-06-29T20:11:39.000,54.66,24.11,0.0,0.0,20.38,26059,76.57,-33.0,0.832
2023-06-29T20:12:39.000,54.71,22.55,0.0,0.0,20.38,26060,76.41,-33.0,0.832
2023-06-29T20:14:39.000,53.54,21.32,0.0,0.0,20.38,26062,76.08,-32.0,0.832
2023-06-29T20:15:39.000,53.44,23.08,0.0,0.0,20.38,26063,75.91,-32.0,0.832
2023-06-29T20:17:39.000,54.09,24.07,0.0,0.0,20.38,26065,75.57,-32.0,0.832
2023-06-29T20:21:41.000,53.96,23.26,0.0,0.0,20.38,26069,74.86,-31.0,0.832
2023-06-29T20:22:41.000,53.93,23.6,0.0,0.0,20.38,26070,74.68,-31.0,0.832
2023-06-29T20:28:43.000,53.47,23.28,0.0,0.0,20.38,26076,73.59,-30.0,0.833
2023-06-29T20:33:44.000,54.07,24.5,0.0,0.0,20.38,26081,72.65,-29.0,0.833
2023-06-29T20:34:44.000,54.29,24.23,0.0,0.0,20.38,26082,72.47,-28.0,0.833
2023-06-29T20:35:44.000,54.27,23.39,0.0,0.0,20.38,26083,72.28,-28.0,0.833
2023-06-29T20:37:47.000,53.6,22.79,0.0,0.0,20.38,26085,71.89,-28.0,0.833
2023-06-29T20:38:47.000,53.67,23.37,0.0,0.0,20.38,26086,71.7,-28.0,0.833
2023-06-29T20:39:47.000,53.67,23.27,0.0,0.0,20.38,26087,71.5,-27.0,0.833
2023-06-29T21:53:04.000,45.33,16.96,0.0,0.0,20.38,26160,56.53,-13.0,0.837
2023-06-29T21:54:05.000,45.17,16.92,0.0,0.0,20.38,26161,56.32,-13.0,0.837
2023-06-29T21:55:06.000,45.07,16.92,0.0,0.0,20.38,26162,56.11,-12.0,0.838
2023-06-29T21:57:06.000,45.03,17.58,0.0,0.0,20.38,26164,55.69,-12.0,0.838
2023-06-29T21:58:06.000,45.07,17.74,0.0,0.0,20.38,26165,55.47,-12.0,0.838
2023-06-29T21:59:06.000,45.07,17.75,0.0,0.0,20.38,26166,55.26,-12.0,0.838
2023-06-29T22:50:14.000,43.63,18.16,0.0,0.0,20.38,26217,44.46,-2.0,0.841
2023-06-29T22:51:15.000,43.67,17.87,0.0,0.0,20.38,26218,44.25,-2.0,0.841
2023-06-29T22:52:16.000,43.67,17.89,0.0,0.0,20.38,26219,44.03,-2.0,0.841
2023-06-29T22:54:17.000,43.8,18.13,0.0,0.0,20.38,26221,43.61,-1.0,0.841
2023-06-29T22:55:19.000,43.9,18.14,0.0,0.0,20.38,26222,43.39,-1.0,0.841
2023-06-29T22:56:19.000,43.96,18.2,0.0,0.0,20.38,26223,43.18,-1.0,0.841
2023-06-29T23:16:23.000,43.98,17.39,0.0,0.0,20.38,26243,38.94,3.0,0.842
2023-06-29T23:17:23.000,44.04,17.58,0.0,0.0,20.38,26244,38.73,3.0,0.842
2023-06-29T23:18:24.000,44.04,17.14,0.0,0.0,20.38,26245,38.52,3.0,0.842
2023-06-29T23:20:25.000,43.9,16.66,0.0,0.0,20.38,26247,38.09,4.0,0.842
2023-06-29T23:21:25.000,43.82,16.65,0.0,0.0,20.38,26248,37.88,4.0,0.842
2023-06-29T23:22:25.000,43.79,16.72,0.0,0.0,20.38,26249,37.67,4.0,0.842
2023-06-29T23:51:28.000,43.84,17.19,0.0,0.0,20.38,26278,31.58,9.0,0.844
2023-06-29T23:52:28.000,43.91,17.09,0.0,0.0,20.38,26279,31.37,9.0,0.844
2023-06-29T23:53:28.000,43.92,16.96,0.0,0.0,20.38,26280,31.16,9.0,0.844
2023-06-29T23:55:29.000,43.73,16.34,0.0,0.0,20.38,26282,30.74,10.0,0.844
2023-06-29T23:56:29.000,43.59,16.34,0.0,0.0,20.38,26283,30.54,10.0,0.844
2023-06-29T23:57:29.000,43.5,16.4,0.0,0.0,20.38,26284,30.33,10.0,0.844
2023-06-30T00:16:31.000,42.8,15.95,0.0,0.0,20.38,26303,26.37,13.0,0.845
2023-06-30T00:17:31.000,42.75,15.77,0.0,0.0,20.38,26304,26.17,13.0,0.845
2023-06-30T00:18:32.000,42.7,16.02,0.0,0.0,20.38,26305,25.96,14.0,0.845
2023-06-30T00:20:33.000,42.7,15.52,0.0,0.0,20.38,26307,25.54,14.0,0.846
2023-06-30T00:22:33.000,42.52,15.39,0.0,0.0,20.38,26309,25.13,14.0,0.846
2023-06-30T00:23:33.000,42.44,15.42,0.0,0.0,20.38,26310,24.92,14.0,0.846
2023-06-30T00:24:34.000,42.36,15.25,0.0,0.0,20.38,26311,24.71,15.0,0.846
2023-06-30T01:16:45.000,40.89,13.73,0.0,0.0,20.38,26363,14.1,23.0,0.849
2023-06-30T01:17:45.000,40.9,13.75,0.0,0.0,20.38,26364,13.9,23.0,0.849
2023-06-30T01:18:46.000,40.91,13.72,0.0,0.0,20.38,26365,13.69,23.0,0.849
2023-06-30T01:20:46.000,40.85,13.38,0.0,0.0,20.38,26367,13.29,23.0,0.849
2023-06-30T01:21:46.000,40.71,13.12,0.0,0.0,20.38,26368,13.09,23.0,0.849
2023-06-30T01:22:46.000,40.65,13.31,0.0,0.0,20.38,26369,12.89,23.0,0.849
2023-06-30T01:28:46.000,40.39,12.88,0.0,0.0,20.38,26375,11.7,24.0,0.849
2023-06-30T01:29:47.000,40.38,12.8,0.0,0.0,20.38,26376,11.5,24.0,0.849
2023-06-30T01:30:47.000,40.33,12.85,0.0,0.0,20.38,26377,11.3,25.0,0.849
2023-06-30T01:32:47.000,40.29,12.7,0.0,0.0,20.38,26379,10.9,25.0,0.849
2023-06-30T01:33:47.000,40.22,12.65,0.0,0.0,20.38,26380,10.71,25.0,0.85
2023-06-30T01:34:47.000,40.16,12.67,0.0,0.0,20.38,26381,10.51,25.0,0.85
2023-06-30T01:40:47.000,39.95,12.36,0.0,0.0,20.38,26387,9.33,26.0,0.85
2023-06-30T01:41:47.000,39.89,12.33,0.0,0.0,20.38,26388,9.13,26.0,0.85
2023-06-30T01:42:48.000,39.85,12.24,0.0,0.0,20.38,26389,8.93,26.0,0.85
2023-06-30T01:44:48.000,39.83,12.36,0.0,0.0,20.38,26391,8.54,26.0,0.85
2023-06-30T01:45:48.000,39.8,12.0,0.0,0.0,20.38,26392,8.34,26.0,0.85
2023-06-30T01:46:48.000,39.73,11.83,0.0,0.0,20.38,26393,8.15,27.0,0.85
2023-06-30T01:54:49.000,39.34,11.52,0.0,0.0,20.38,26401,6.58,28.0,0.851
2023-06-30T01:55:49.000,39.35,11.42,0.0,0.0,20.38,26402,6.39,28.0,0.851
2023-06-30T01:56:49.000,39.28,11.18,0.0,0.0,20.38,26403,6.2,28.0,0.851
2023-06-30T01:57:49.000,39.27,11.33,0.11,0.1,20.38,26404,6.0,28.0,0.851
2023-06-30T01:58:49.000,39.27,11.28,0.0,0.0,20.38,26405,5.81,28.0,0.851
2023-06-30T01:59:49.000,39.22,11.04,0.11,0.09,20.38,26406,5.61,28.0,0.851
2023-06-30T02:00:49.000,39.18,11.06,0.0,0.0,20.38,26407,5.42,28.0,0.851
2023-06-30T02:01:49.000,39.14,10.95,0.0,0.0,20.38,26408,5.23,28.0,0.851
2023-06-30T02:02:49.000,39.11,10.83,0.0,0.0,20.38,26409,5.04,29.0,0.851
2023-06-30T02:03:49.000,39.04,10.75,0.0,0.0,20.38,26410,4.84,29.0,0.851
2023-06-30T02:04:49.000,38.98,10.74,0.0,0.0,20.38,26411,4.65,29.0,0.851
2023-06-30T02:05:50.000,38.96,10.71,0.0,0.0,20.38,26412,4.46,29.0,0.851
2023-06-30T02:07:53.000,38.86,10.64,0.0,0.0,20.38,26414,4.06,29.0,0.851
2023-06-30T02:08:55.000,38.87,10.56,0.0,0.0,20.38,26415,3.86,29.0,0.851
2023-06-30T02:09:55.000,38.78,10.32,0.25,0.09,20.38,26416,3.67,29.0,0.852
2023-06-30T02:10:57.000,38.69,10.23,0.0,0.0,20.38,26417,3.47,29.0,0.852
2023-06-30T02:11:58.000,38.6,10.16,0.0,0.0,20.38,26418,3.28,30.0,0.852
2023-06-30T02:12:58.000,38.54,10.06,0.0,0.0,20.38,26419,3.09,30.0,0.852
2023-06-30T02:14:59.000,38.39,9.82,0.0,0.0,20.38,26421,2.71,30.0,0.852
2023-06-30T02:16:00.000,38.36,9.99,0.0,0.0,20.38,26422,2.51,30.0,0.852
2023-06-30T02:17:00.000,38.37,9.95,0.0,0.0,20.38,26423,2.32,30.0,0.852
2023-06-30T02:19:03.000,38.32,9.68,0.0,0.0,20.38,26425,1.93,30.0,0.852
2023-06-30T02:20:03.000,38.24,9.55,0.0,0.0,20.38,26426,1.74,30.0,0.852
2023-06-30T02:21:03.000,38.12,9.32,0.0,0.0,20.38,26427,1.55,30.0,0.852
2023-06-30T02:33:04.000,37.49,8.98,0.0,0.0,20.38,26439,-0.7,32.0,0.853
2023-06-30T02:34:04.000,37.46,8.92,0.0,0.0,20.38,26440,-0.89,32.0,0.853
2023-06-30T02:35:05.000,37.41,8.94,0.0,0.0,20.38,26441,-1.08,32.0,0.853
2023-06-30T02:36:05.000,37.39,8.88,12276.2,1.6,20.38,26442,-1.26,32.0,0.853
2023-06-30T02:37:05.000,37.34,8.78,59747.33,8.44,20.38,26443,-1.45,32.0,0.853
2023-06-30T02:38:05.000,37.3,8.73,52597.32,8.58,20.38,26444,-1.63,32.0,0.853
2023-06-30T02:39:05.000,37.24,8.68,46052.87,8.72,20.38,26445,-1.82,32.0,0.853
2023-06-30T02:41:05.000,37.18,8.49,34767.75,9.03,20.38,26447,-2.19,32.0,0.853
2023-06-30T02:42:05.000,37.13,8.44,29949.55,9.19,20.38,26448,-2.37,32.0,0.853
2023-06-30T02:43:05.000,37.06,8.37,24236.79,9.76,20.38,26449,-2.55,33.0,0.853
2023-06-30T02:44:05.000,37.0,8.22,21812.31,9.53,20.38,26450,-2.74,33.0,0.853
2023-06-30T02:45:05.000,36.94,8.29,18450.99,9.72,20.38,26451,-2.92,33.0,0.853
2023-06-30T02:46:05.000,36.91,8.22,15488.04,9.91,20.38,26452,-3.11,33.0,0.853
2023-06-30T02:47:05.000,36.86,8.19,12914.67,10.1,20.38,26453,-3.29,33.0,0.854
2023-06-30T02:48:05.000,36.84,8.17,10700.27,10.31,20.38,26454,-3.47,33.0,0.854
2023-06-30T02:49:05.000,36.81,8.17,8809.35,10.52,20.38,26455,-3.65,33.0,0.854
2023-06-30T02:50:05.000,36.8,8.1,7219.75,10.74,20.38,26456,-3.84,33.0,0.854
2023-06-30T02:51:06.000,36.77,8.11,5883.0,10.96,20.38,26457,-4.02,33.0,0.854
2023-06-30T02:52:06.000,36.79,8.16,4767.91,11.19,20.38,26458,-4.2,33.0,0.854
2023-06-30T02:53:06.000,36.72,7.93,3856.27,11.42,20.38,26459,-4.38,33.0,0.854
2023-06-30T02:54:06.000,36.66,7.93,3111.93,11.65,20.38,26460,-4.56,33.0,0.854
2023-06-30T02:56:06.000,36.58,7.97,2019.26,12.12,20.38,26462,-4.93,34.0,0.854
2023-06-30T02:57:06.000,36.51,7.89,1623.4,12.36,20.38,26463,-5.11,34.0,0.854
2023-06-30T02:58:06.000,36.47,7.85,1304.13,12.59,20.38,26464,-5.29,34.0,0.854
2023-06-30T02:59:07.000,36.42,7.8,1047.22,12.83,20.38,26465,-5.47,34.0,0.854
2023-06-30T03:00:07.000,36.39,7.78,840.52,13.07,20.38,26466,-5.65,34.0,0.854
2023-06-30T03:01:07.000,36.36,7.77,675.24,13.31,20.38,26467,-5.83,34.0,0.854
2023-06-30T03:02:07.000,36.34,7.82,542.13,13.55,20.38,26468,-6.01,34.0,0.854
2023-06-30T03:03:07.000,36.34,7.79,434.62,13.79,20.38,26469,-6.19,34.0,0.854
2023-06-30T03:06:07.000,36.3,7.71,224.31,14.51,20.38,26472,-6.72,34.0,0.855
2023-06-30T03:07:07.000,36.26,7.65,180.38,14.74,20.38,26473,-6.9,34.0,0.855
2023-06-30T03:08:08.000,36.21,7.59,145.6,14.97,20.38,26474,-7.08,34.0,0.855
2023-06-30T03:10:09.000,36.18,7.65,95.69,15.43,20.38,26476,-7.43,35.0,0.855
2023-06-30T03:11:09.000,36.16,7.65,78.07,15.65,20.38,26477,-7.61,35.0,0.855
2023-06-30T03:12:09.000,36.17,7.66,64.41,15.86,20.38,26478,-7.79,35.0,0.855
2023-06-30T03:13:09.000,36.13,7.54,53.06,16.07,20.38,26479,-7.96,35.0,0.855
2023-06-30T03:14:09.000,36.11,7.56,45.05,16.25,20.38,26480,-8.14,35.0,0.855
2023-06-30T03:15:09.000,36.08,7.54,37.96,16.43,20.38,26481,-8.31,35.0,0.855
2023-06-30T03:16:09.000,36.06,7.53,32.23,16.61,20.38,26482,-8.49,35.0,0.855
2023-06-30T03:17:09.000,36.0,7.51,27.7,16.77,20.38,26483,-8.66,35.0,0.855
2023-06-30T03:18:10.000,36.0,7.55,23.92,16.93,20.38,26484,-8.84,35.0,0.855
2023-06-30T03:19:11.000,35.98,7.47,20.83,17.08,20.38,26485,-9.01,35.0,0.855
2023-06-30T03:20:11.000,35.96,7.48,18.14,17.23,20.38,26486,-9.19,35.0,0.855
2023-06-30T03:21:11.000,35.96,7.54,16.07,17.37,20.38,26487,-9.36,35.0,0.855
2023-06-30T03:23:12.000,35.9,7.34,12.73,17.62,20.38,26489,-9.71,35.0,0.855
2023-06-30T03:24:13.000,35.88,7.36,11.39,17.74,20.38,26490,-9.88,35.0,0.856
2023-06-30T03:25:13.000,35.86,7.31,10.3,17.85,20.38,26491,-10.06,35.0,0.856
2023-06-30T03:26:13.000,35.85,7.29,9.38,17.95,20.38,26492,-10.23,35.0,0.856
2023-06-30T03:27:13.000,35.81,7.17,8.61,18.04,20.38,26493,-10.4,35.0,0.856
2023-06-30T03:28:13.000,35.75,7.16,7.95,18.13,20.38,26494,-10.57,35.0,0.856
2023-06-30T03:29:13.000,35.72,7.2,7.34,18.22,20.38,26495,-10.74,36.0,0.856
2023-06-30T03:32:14.000,35.6,7.1,6.22,18.4,20.38,26498,-11.25,36.0,0.856
2023-06-30T03:33:14.000,35.56,7.02,5.8,18.47,20.38,26499,-11.42,36.0,0.856
2023-06-30T03:34:14.000,35.52,6.99,5.54,18.52,20.38,26500,-11.59,36.0,0.856
2023-06-30T03:35:15.000,35.46,6.93,5.31,18.57,20.38,26501,-11.76,36.0,0.856
2023-06-30T03:36:15.000,35.44,6.99,5.12,18.61,20.38,26502,-11.93,36.0,0.856
2023-06-30T03:37:15.000,35.44,7.03,4.95,18.64,20.38,26503,-12.1,36.0,0.856
2023-06-30T03:38:16.000,35.43,6.91,4.81,18.67,20.38,26504,-12.27,36.0,0.856
2023-06-30T03:39:16.000,35.39,6.82,4.69,18.7,20.38,26505,-12.43,36.0,0.856
2023-06-30T03:40:16.000,35.37,6.83,4.58,18.73,20.38,26506,-12.6,36.0,0.856
2023-06-30T03:41:16.000,35.32,6.72,4.49,18.75,20.38,26507,-12.77,36.0,0.856
2023-06-30T03:42:16.000,35.24,6.6,4.4,18.77,20.38,26508,-12.93,36.0,0.856
2023-06-30T03:44:17.000,35.12,6.6,4.29,18.8,20.38,26510,-13.26,36.0,0.857
2023-06-30T03:45:17.000,35.07,6.56,4.24,18.81,20.38,26511,-13.43,36.0,0.857
2023-06-30T03:46:17.000,35.04,6.55,4.2,18.82,20.38,26512,-13.59,36.0,0.857
2023-06-30T03:47:18.000,35.0,6.57,4.16,18.83,20.38,26513,-13.76,36.0,0.857
2023-06-30T03:48:18.000,34.98,6.48,4.11,18.84,20.38,26514,-13.92,36.0,0.857
2023-06-30T03:49:18.000,34.94,6.44,4.09,18.85,20.38,26515,-14.09,36.0,0.857
2023-06-30T03:50:18.000,34.9,6.41,4.06,18.86,20.38,26516,-14.25,36.0,0.857
2023-06-30T03:51:18.000,34.88,6.37,4.03,18.87,20.38,26517,-14.41,36.0,0.857
2023-06-30T03:52:18.000,34.86,6.38,4.01,18.87,20.38,26518,-14.57,36.0,0.857
2023-06-30T03:53:18.000,34.84,6.37,4.01,18.87,20.38,26519,-14.73,36.0,0.857
2023-06-30T03:54:21.000,34.82,6.39,4.04,18.86,20.38,26520,-14.9,36.0,0.857
2023-06-30T03:55:21.000,34.83,6.41,3.96,18.89,20.38,26521,-15.06,36.0,0.857
2023-06-30T03:56:22.000,34.81,6.35,3.94,18.89,20.38,26522,-15.23,36.0,0.857
2023-06-30T03:57:22.000,34.82,6.31,3.92,18.9,20.38,26523,-15.39,36.0,0.857
2023-06-30T03:58:22.000,34.8,6.28,3.91,18.9,20.38,26524,-15.55,36.0,0.857
2023-06-30T03:59:22.000,34.77,6.21,3.9,18.9,20.38,26525,-15.71,36.0,0.857
2023-06-30T04:00:22.000,34.76,6.18,3.9,18.9,20.38,26526,-15.86,36.0,0.857
2023-06-30T04:01:22.000,34.74,6.14,3.85,18.92,20.38,26527,-16.02,36.0,0.858
2023-06-30T04:03:23.000,34.69,6.1,3.8,18.93,20.38,26529,-16.34,36.0,0.858
2023-06-30T04:05:23.000,34.58,5.97,3.8,18.93,20.38,26531,-16.65,36.0,0.858
2023-06-30T04:06:23.000,34.55,6.02,3.8,18.93,20.38,26532,-16.81,36.0,0.858
2023-06-30T04:07:23.000,34.51,5.97,3.8,18.93,20.38,26533,-16.96,36.0,0.858
2023-06-30T04:08:23.000,34.46,5.89,3.8,18.93,20.38,26534,-17.12,36.0,0.858
2023-06-30T04:09:23.000,34.41,5.88,3.81,18.93,20.38,26535,-17.27,36.0,0.858
2023-06-30T04:10:24.000,34.37,5.89,3.81,18.93,20.38,26536,-17.43,36.0,0.858
2023-06-30T04:11:24.000,34.34,5.82,3.82,18.93,20.38,26537,-17.58,36.0,0.858
2023-06-30T04:12:24.000,34.26,5.8,3.82,18.92,20.38,26538,-17.74,36.0,0.858
2023-06-30T04:15:25.000,34.13,5.75,3.96,18.89,20.38,26541,-18.2,36.0,0.858
2023-06-30T04:16:25.000,34.08,5.74,3.89,18.9,20.38,26542,-18.35,36.0,0.858
2023-06-30T04:17:25.000,34.06,5.78,3.94,18.89,20.38,26543,-18.5,36.0,0.858
2023-06-30T04:18:25.000,34.02,5.73,3.88,18.91,20.38,26544,-18.65,36.0,0.858
2023-06-30T04:19:26.000,33.98,5.7,3.81,18.93,20.38,26545,-18.8,36.0,0.858
2023-06-30T04:20:27.000,33.94,5.7,3.8,18.93,20.38,26546,-18.95,36.0,0.859
2023-06-30T04:21:28.000,33.91,5.74,3.8,18.93,20.38,26547,-19.11,36.0,0.859
2023-06-30T04:22:28.000,33.9,5.74,3.8,18.93,20.38,26548,-19.25,36.0,0.859
2023-06-30T04:23:28.000,33.89,5.67,3.8,18.93,20.38,26549,-19.4,36.0,0.859
2023-06-30T04:24:28.000,33.88,5.77,3.8,18.93,20.38,26550,-19.55,36.0,0.859
2023-06-30T04:25:28.000,33.88,5.72,3.79,18.93,20.38,26551,-19.7,36.0,0.859
2023-06-30T04:26:28.000,33.87,5.73,3.79,18.93,20.38,26552,-19.84,36.0,0.859
2023-06-30T04:27:28.000,33.87,5.76,3.77,18.94,20.38,26553,-19.99,36.0,0.859
2023-06-30T04:28:28.000,33.86,5.69,3.77,18.94,20.38,26554,-20.14,36.0,0.859
2023-06-30T04:32:29.000,33.75,5.65,3.75,18.95,20.38,26558,-20.71,36.0,0.859
2023-06-30T04:35:29.000,33.7,5.57,3.73,18.95,20.38,26561,-21.14,36.0,0.859
2023-06-30T04:36:30.000,33.66,5.55,3.72,18.95,20.38,26562,-21.29,36.0,0.859
2023-06-30T04:39:30.000,33.58,5.52,3.69,18.96,20.38,26565,-21.71,36.0,0.86
2023-06-30T04:40:30.000,33.53,5.41,3.68,18.96,20.38,26566,-21.85,36.0,0.86
2023-06-30T04:42:30.000,33.49,5.5,3.73,18.95,20.38,26568,-22.12,36.0,0.86
2023-06-30T04:43:30.000,33.48,5.47,3.72,18.95,20.38,26569,-22.26,36.0,0.86
2023-06-30T04:44:30.000,33.47,5.45,3.66,18.97,20.38,26570,-22.4,36.0,0.86
2023-06-30T04:45:30.000,33.46,5.46,3.63,18.98,20.38,26571,-22.53,36.0,0.86
2023-06-30T04:46:30.000,33.43,5.35,3.63,18.98,20.38,26572,-22.67,36.0,0.86
2023-06-30T04:47:31.000,33.4,5.42,3.62,18.98,20.38,26573,-22.81,36.0,0.86
2023-06-30T04:48:31.000,33.38,5.37,3.62,18.98,20.38,26574,-22.94,36.0,0.86
2023-06-30T04:49:31.000,33.34,5.3,3.6,18.99,20.38,26575,-23.08,36.0,0.86
2023-06-30T04:50:31.000,33.31,5.34,3.59,18.99,20.38,26576,-23.21,36.0,0.86
2023-06-30T04:51:32.000,33.31,5.35,3.58,18.99,20.38,26577,-23.34,36.0,0.86
2023-06-30T04:52:32.000,33.29,5.24,3.57,19.0,20.38,26578,-23.48,36.0,0.86
2023-06-30T04:53:32.000,33.27,5.26,3.56,19.0,20.38,26579,-23.61,36.0,0.86
2023-06-30T04:54:32.000,33.25,5.25,3.56,19.0,20.38,26580,-23.74,36.0,0.86
