Downloads/jupyter/ECSV/stars19/stars19_2022-06.ecsv
# %ECSV 1.0
# ---
# datatype:
# - {name: time, datatype: string}
# - {name: Enclosure Temperature, unit: deg_C, datatype: float64}
# - {name: Sky Temperature, unit: deg_C, datatype: float64}
# - {name: Frequency, unit: Hz, datatype: float64}
# - {name: MSAS, unit: mag / arcsec2, datatype: float64}
# - {name: ZP, datatype: float64}
# - {name: Sequence Number, datatype: int64}
# - {name: Sun Alt, unit: deg, datatype: float64}
# - {name: Moon Alt, unit: deg, datatype: float64}
# - {name: Moon Illumination, datatype: float64}
# delimiter: ','
# meta: !!omap
# - ida:
#     Data supplier: {affiliation: null, observer: null}
#     Device type: TESS-W
#     Field of view: 17.0
#     Filters per channel: None
#     Instrument ID: stars19
#     License: ODbL 1.0 http://opendatacommons.org/licenses/odbl/summary/
#     Local timezone: America/Phoenix
#     Location name: {country: '- Tucson', place: Tucson, region: United States, sub_region: Arizona, town: Pima County}
#     Measurement direction per channel: {azimuth: 0.0, zenital: 0.0}
#     Moving / Fixed look direction: FIXED
#     Moving / Stationary position: STATIONARY
#     Number of channels: 1
#     Number of fields per line: 8
#     Number of header lines: 35
#     Position: {height: 0.0, latitude: 32.223877, longitude: -110.767532}
#     TESS MAC address: 18:FE:34:CF:EC:06
#     TESS cover offset value: 0.0
#     TESS firmware version: '1.0'
#     TESS zero point: 20.5
#     Time Synchronization: timestamp added by MQTT subscriber
#     URL: http://www.darksky.org/NSBM/sdf1.0.pdf
# - __serialized_columns__:
#     Enclosure Temperature:
#       __class__: astropy.units.quantity.Quantity
#       unit: &id001 !astropy.units.Unit {unit: deg_C}
#       value: !astropy.table.SerializedColumn {name: Enclosure Temperature}
#     Frequency:
#       __class__: astropy.units.quantity.Quantity
#       unit: !astropy.units.Unit {unit: Hz}
#       value: !astropy.table.SerializedColumn {name: Frequency}
#     MSAS:
#       __class__: astropy.units.quantity.Quantity
#       unit: !astropy.units.Unit {unit: mag / arcsec2}
#       value: !astropy.table.SerializedColumn {name: MSAS}
#     Moon Alt:
#       __class__: astropy.units.quantity.Quantity
#       unit: &id002 !astropy.units.Unit {unit: deg}
#       value: !astropy.table.SerializedColumn {name: Moon Alt}
#     Sky Temperature:
#       __class__: astropy.units.quantity.Quantity
#       unit: *id001
#       value: !astropy.table.SerializedColumn {name: Sky Temperature}
#     Sun Alt:
#       __class__: astropy.units.quantity.Quantity
#       unit: *id002
#       value: !astropy.table.SerializedColumn {name: Sun Alt}
#     time:
#       __class__: astropy.time.core.Time
#       format: isot
#       in_subfmt: '*'
#       out_subfmt: '*'
#       precision: 3
#       scale: utc
#       value: !astropy.table.SerializedColumn {name: time}
# schema: astropy-2.0
time,Enclosure Temperature,Sky Temperature,Frequency,MSAS,ZP,Sequence Number,Sun Alt,Moon Alt,Moon Illumination
[from data line 22579]
2022-06-29T22:06:11.000,40.81,19.78,0.0,0.0,20.5,195153,53.78,63.0,0.007
2022-06-29T22:07:11.000,40.62,19.35,0.0,0.0,20.5,195154,53.56,63.0,0.007
2022-06-29T22:08:12.000,40.53,19.39,0.0,0.0,20.5,195155,53.35,63.0,0.007
2022-06-29T22:09:12.000,40.67,20.4,0.0,0.0,20.5,195156,53.14,62.0,0.007
2022-06-29T22:10:12.000,40.87,20.11,0.0,0.0,20.5,195157,52.93,62.0,0.007
2022-06-29T22:11:12.000,40.72,19.06,0.0,0.0,20.5,195158,52.72,62.0,0.007
2022-06-29T22:13:12.000,40.72,19.62,0.0,0.0,20.5,195160,52.29,62.0,0.007
2022-06-29T22:14:13.000,40.84,19.93,0.0,0.0,20.5,195161,52.08,61.0,0.007
2022-06-29T22:15:13.000,40.87,19.67,0.0,0.0,20.5,195162,51.87,61.0,0.007
2022-06-29T22:16:12.000,40.91,19.89,0.0,0.0,20.5,195163,51.66,61.0,0.007
2022-06-29T22:17:12.000,40.93,19.71,0.0,0.0,20.5,195164,51.45,61.0,0.007
2022-06-29T22:18:12.000,41.02,19.88,0.0,0.0,20.5,195165,51.24,61.0,0.007
2022-06-29T22:20:14.000,41.04,19.76,0.0,0.0,20.5,195167,50.81,60.0,0.007
2022-06-29T22:21:17.000,41.13,20.12,0.0,0.0,20.5,195168,50.59,60.0,0.007
2022-06-29T22:22:18.000,41.25,19.76,0.0,0.0,20.5,195169,50.37,60.0,0.007
2022-06-29T22:29:18.000,40.8,19.5,0.0,0.0,20.5,195176,48.89,58.0,0.007
2022-06-29T22:30:18.000,40.87,19.97,0.0,0.0,20.5,195177,48.68,58.0,0.007
2022-06-29T22:31:18.000,40.94,19.77,0.0,0.0,20.5,195178,48.47,58.0,0.007
2022-06-29T22:33:24.000,40.68,19.33,0.0,0.0,20.5,195180,48.03,57.0,0.007
2022-06-29T22:34:24.000,40.63,19.7,0.0,0.0,20.5,195181,47.81,57.0,0.007
2022-06-29T22:35:24.000,40.6,19.79,0.0,0.0,20.5,195182,47.6,57.0,0.007
2022-06-29T22:36:24.000,40.64,20.0,0.0,0.0,20.5,195183,47.39,57.0,0.007
2022-06-29T22:38:24.000,40.71,19.9,0.0,0.0,20.5,195185,46.97,56.0,0.007
2022-06-29T22:39:25.000,40.72,20.01,0.0,0.0,20.5,195186,46.75,56.0,0.007
2022-06-29T22:40:25.000,40.7,19.77,0.0,0.0,20.5,195187,46.54,56.0,0.008
2022-06-29T22:41:25.000,40.62,19.72,0.0,0.0,20.5,195188,46.33,56.0,0.008
2022-06-29T22:42:25.000,40.6,19.8,0.0,0.0,20.5,195189,46.12,56.0,0.008
2022-06-29T22:47:26.000,40.3,19.08,0.0,0.0,20.5,195194,45.06,54.0,0.008
2022-06-29T22:48:27.000,40.08,19.4,0.0,0.0,20.5,195195,44.84,54.0,0.008
2022-06-29T22:49:26.000,40.1,19.67,0.0,0.0,20.5,195196,44.63,54.0,0.008
2022-06-29T22:52:27.000,39.87,19.38,0.0,0.0,20.5,195199,44.0,53.0,0.008
2022-06-29T22:53:27.000,39.8,19.26,0.0,0.0,20.5,195200,43.79,53.0,0.008
2022-06-29T22:54:27.000,39.78,19.53,0.0,0.0,20.5,195201,43.57,53.0,0.008
2022-06-29T22:56:33.000,39.79,19.3,0.0,0.0,20.5,195203,43.13,53.0,0.008
2022-06-29T22:59:33.000,39.81,19.49,0.0,0.0,20.5,195206,42.5,52.0,0.008
2022-06-29T23:01:33.000,39.74,19.08,0.0,0.0,20.5,195208,42.07,52.0,0.008
2022-06-29T23:03:33.000,39.72,19.15,0.0,0.0,20.5,195210,41.65,51.0,0.008
2022-06-29T23:05:33.000,39.76,19.7,0.0,0.0,20.5,195212,41.23,51.0,0.008
2022-06-29T23:06:33.000,39.87,19.3,0.0,0.0,20.5,195213,41.02,51.0,0.008
2022-06-29T23:07:34.000,39.83,19.1,0.0,0.0,20.5,195214,40.81,50.0,0.008
2022-06-29T23:08:34.000,39.87,19.07,0.0,0.0,20.5,195215,40.59,50.0,0.008
2022-06-29T23:09:34.000,39.81,18.81,0.0,0.0,20.5,195216,40.38,50.0,0.008
2022-06-29T23:11:34.000,39.9,19.22,0.0,0.0,20.5,195218,39.96,50.0,0.008
2022-06-29T23:14:40.000,39.7,18.17,0.0,0.0,20.5,195221,39.31,49.0,0.008
2022-06-29T23:15:40.000,39.63,18.92,0.0,0.0,20.5,195222,39.1,49.0,0.008
2022-06-29T23:16:40.000,39.62,18.5,0.0,0.0,20.5,195223,38.89,48.0,0.008
2022-06-29T23:29:42.000,38.95,17.39,0.0,0.0,20.5,195236,36.15,46.0,0.008
2022-06-29T23:30:42.000,38.82,17.13,0.0,0.0,20.5,195237,35.94,46.0,0.008
2022-06-29T23:31:42.000,38.84,17.44,0.0,0.0,20.5,195238,35.73,45.0,0.008
2022-06-29T23:33:48.000,38.95,17.5,0.0,0.0,20.5,195240,35.28,45.0,0.008
2022-06-29T23:34:48.000,38.94,17.44,0.0,0.0,20.5,195241,35.07,45.0,0.008
2022-06-29T23:35:48.000,38.89,17.44,0.0,0.0,20.5,195242,34.86,45.0,0.008
2022-06-29T23:43:49.000,38.68,17.46,0.0,0.0,20.5,195250,33.19,43.0,0.008
2022-06-29T23:44:50.000,38.77,17.91,0.0,0.0,20.5,195251,32.97,43.0,0.008
2022-06-29T23:45:50.000,38.87,17.64,0.0,0.0,20.5,195252,32.76,42.0,0.008
2022-06-29T23:47:55.000,38.53,17.28,0.0,0.0,20.5,195254,32.33,42.0,0.008
2022-06-29T23:48:55.000,38.49,17.29,0.0,0.0,20.5,195255,32.12,42.0,0.008
2022-06-29T23:49:55.000,38.5,17.73,0.0,0.0,20.5,195256,31.91,42.0,0.008
2022-06-30T00:32:02.000,38.08,21.6,0.0,0.0,20.5,195298,23.18,33.0,0.009
2022-06-30T00:33:06.000,37.98,21.13,0.0,0.0,20.5,195299,22.96,33.0,0.009
2022-06-30T00:34:06.000,37.76,20.73,0.0,0.0,20.5,195300,22.75,33.0,0.009
2022-06-30T00:37:07.000,37.27,20.39,0.0,0.0,20.5,195303,22.13,32.0,0.009
2022-06-30T00:38:07.000,37.15,20.33,0.0,0.0,20.5,195304,21.93,32.0,0.009
2022-06-30T00:39:07.000,37.01,20.12,0.0,0.0,20.5,195305,21.72,32.0,0.009
2022-06-30T00:42:07.000,36.58,19.05,0.0,0.0,20.5,195308,21.11,31.0,0.009
2022-06-30T00:43:07.000,36.44,18.89,0.0,0.0,20.5,195309,20.91,31.0,0.009
2022-06-30T00:44:08.000,36.38,18.82,0.0,0.0,20.5,195310,20.7,31.0,0.009
2022-06-30T00:46:08.000,36.21,18.98,0.0,0.0,20.5,195312,20.29,30.0,0.009
2022-06-30T00:47:09.000,36.2,19.82,0.0,0.0,20.5,195313,20.08,30.0,0.009
2022-06-30T00:48:09.000,36.17,20.1,0.0,0.0,20.5,195314,19.88,30.0,0.009
2022-06-30T00:52:09.000,36.05,21.44,0.0,0.0,20.5,195318,19.07,29.0,0.009
2022-06-30T00:53:10.000,35.99,20.92,0.0,0.0,20.5,195319,18.86,29.0,0.009
2022-06-30T00:54:11.000,35.92,20.99,0.0,0.0,20.5,195320,18.65,29.0,0.009
2022-06-30T00:56:11.000,35.89,21.01,0.0,0.0,20.5,195322,18.25,28.0,0.009
2022-06-30T00:59:11.000,36.0,20.81,0.0,0.0,20.5,195325,17.64,28.0,0.009
2022-06-30T01:00:11.000,35.97,20.64,0.0,0.0,20.5,195326,17.44,27.0,0.009
2022-06-30T01:01:12.000,36.02,20.66,0.0,0.0,20.5,195327,17.23,27.0,0.009
2022-06-30T01:05:12.000,36.2,19.82,0.0,0.0,20.5,195331,16.42,26.0,0.009
2022-06-30T01:07:12.000,36.24,18.95,0.0,0.0,20.5,195333,16.02,26.0,0.009
2022-06-30T01:09:12.000,36.09,18.43,0.0,0.0,20.5,195335,15.62,26.0,0.009
2022-06-30T01:12:12.000,36.14,18.86,0.0,0.0,20.5,195338,15.01,25.0,0.009
2022-06-30T01:14:12.000,36.26,18.41,0.0,0.0,20.5,195340,14.61,25.0,0.009
2022-06-30T01:16:12.000,36.26,17.85,0.0,0.0,20.5,195342,14.21,24.0,0.009
2022-06-30T01:20:13.000,36.0,17.23,0.0,0.0,20.5,195346,13.41,23.0,0.009
2022-06-30T01:21:13.000,35.9,17.21,0.0,0.0,20.5,195347,13.21,23.0,0.009
2022-06-30T01:22:13.000,35.85,17.36,0.0,0.0,20.5,195348,13.01,23.0,0.009
2022-06-30T01:24:13.000,35.83,16.95,0.0,0.0,20.5,195350,12.61,23.0,0.009
2022-06-30T01:25:13.000,35.69,16.34,0.0,0.0,20.5,195351,12.41,22.0,0.009
2022-06-30T01:26:13.000,35.64,16.59,0.0,0.0,20.5,195352,12.21,22.0,0.009
2022-06-30T01:27:13.000,35.63,16.47,0.0,0.0,20.5,195353,12.01,22.0,0.009
2022-06-30T01:29:15.000,35.52,16.34,0.0,0.0,20.5,195355,11.61,22.0,0.009
2022-06-30T01:30:15.000,35.45,16.43,0.0,0.0,20.5,195356,11.41,21.0,0.009
2022-06-30T01:31:15.000,35.45,16.58,0.0,0.0,20.5,195357,11.21,21.0,0.009
2022-06-30T01:33:21.000,35.3,16.06,0.0,0.0,20.5,195359,10.79,21.0,0.009
2022-06-30T01:34:21.000,35.27,16.32,0.0,0.0,20.5,195360,10.6,21.0,0.009
2022-06-30T01:35:21.000,35.22,16.03,0.0,0.0,20.5,195361,10.4,20.0,0.009
2022-06-30T01:56:24.000,34.03,14.23,0.0,0.0,20.5,195382,6.28,16.0,0.01
2022-06-30T01:57:24.000,34.1,14.51,0.0,0.0,20.5,195383,6.08,16.0,0.01
2022-06-30T01:58:24.000,34.1,14.45,0.0,0.0,20.5,195384,5.89,16.0,0.01
2022-06-30T01:59:24.000,34.14,14.26,0.25,0.09,20.5,195385,5.7,16.0,0.01
2022-06-30T02:00:24.000,34.01,13.99,0.0,0.0,20.5,195386,5.5,16.0,0.01
2022-06-30T02:01:24.000,34.05,14.31,0.42,0.18,20.5,195387,5.31,15.0,0.01
2022-06-30T02:02:25.000,34.13,14.21,0.0,0.0,20.5,195388,5.11,15.0,0.01
2022-06-30T02:03:25.000,34.03,13.77,0.0,0.0,20.5,195389,4.92,15.0,0.01
2022-06-30T02:04:25.000,34.03,14.05,0.0,0.0,20.5,195390,4.73,15.0,0.01
2022-06-30T02:21:27.000,33.7,13.08,0.0,0.0,20.5,195407,1.48,12.0,0.01
2022-06-30T02:22:27.000,33.64,13.0,0.0,0.0,20.5,195408,1.29,11.0,0.01
2022-06-30T02:23:27.000,33.57,13.06,0.0,0.0,20.5,195409,1.1,11.0,0.01
2022-06-30T02:24:28.000,33.54,13.18,0.48,0.18,20.5,195410,0.91,11.0,0.01
2022-06-30T02:25:28.000,33.54,13.32,0.0,0.0,20.5,195411,0.72,11.0,0.01
2022-06-30T02:26:28.000,33.56,13.32,0.0,0.0,20.5,195412,0.53,11.0,0.01
2022-06-30T02:27:28.000,33.58,13.44,0.0,0.0,20.5,195413,0.35,10.0,0.01
2022-06-30T02:30:28.000,33.52,13.42,0.0,0.0,20.5,195416,-0.21,10.0,0.01
2022-06-30T02:31:28.000,33.54,13.48,0.0,0.0,20.5,195417,-0.4,10.0,0.01
2022-06-30T02:32:29.000,33.53,13.59,0.0,0.0,20.5,195418,-0.59,10.0,0.01
2022-06-30T02:33:30.000,33.58,13.67,24800.13,3.25,20.5,195419,-0.78,9.0,0.01
2022-06-30T02:34:30.000,33.6,13.62,59345.05,8.45,20.5,195420,-0.97,9.0,0.01
2022-06-30T02:35:30.000,33.53,13.55,53402.96,8.56,20.5,195421,-1.15,9.0,0.01
2022-06-30T02:36:30.000,33.55,13.85,48405.8,8.67,20.5,195422,-1.34,9.0,0.01
2022-06-30T02:37:30.000,33.62,13.93,43893.66,8.77,20.5,195423,-1.52,9.0,0.01
2022-06-30T02:38:30.000,33.61,13.88,39241.8,8.9,20.5,195424,-1.71,8.0,0.01
2022-06-30T02:39:30.000,33.65,13.97,34572.9,9.03,20.5,195425,-1.89,8.0,0.01
2022-06-30T02:41:30.000,33.67,14.16,26452.29,9.32,20.5,195427,-2.26,8.0,0.01
2022-06-30T02:42:30.000,33.67,13.88,22998.7,9.48,20.5,195428,-2.45,8.0,0.01
2022-06-30T02:43:30.000,33.64,14.09,19901.57,9.63,20.5,195429,-2.63,8.0,0.01
2022-06-30T02:44:31.000,33.66,14.29,17136.6,9.8,20.5,195430,-2.82,7.0,0.01
2022-06-30T02:46:31.000,33.8,14.49,12660.29,10.12,20.5,195432,-3.18,7.0,0.01
2022-06-30T02:47:32.000,33.85,14.55,10847.06,10.29,20.5,195433,-3.37,7.0,0.01
2022-06-30T02:48:32.000,33.85,14.35,9224.18,10.47,20.5,195434,-3.55,7.0,0.01
2022-06-30T02:49:32.000,33.75,13.94,7766.22,10.66,20.5,195435,-3.74,6.0,0.01
2022-06-30T02:50:32.000,33.61,14.35,6493.42,10.85,20.5,195436,-3.92,6.0,0.01
2022-06-30T02:51:32.000,33.54,14.25,5407.53,11.05,20.5,195437,-4.1,6.0,0.01
2022-06-30T02:52:32.000,33.54,14.59,4494.69,11.25,20.5,195438,-4.28,6.0,0.01
2022-06-30T02:53:32.000,33.49,14.32,3733.55,11.45,20.5,195439,-4.46,6.0,0.01
2022-06-30T02:54:38.000,33.36,14.32,3098.91,11.65,20.5,195440,-4.66,5.0,0.01
2022-06-30T02:55:38.000,33.23,14.38,2530.15,11.87,20.5,195441,-4.84,5.0,0.01
2022-06-30T02:56:38.000,33.12,14.6,2087.1,12.08,20.5,195442,-5.02,5.0,0.011
2022-06-30T02:57:38.000,33.08,14.97,1722.44,12.29,20.5,195443,-5.2,5.0,0.011
2022-06-30T02:58:38.000,33.06,15.26,1421.42,12.5,20.5,195444,-5.38,5.0,0.011
2022-06-30T03:00:38.000,32.97,15.44,984.33,12.9,20.5,195446,-5.74,4.0,0.011
2022-06-30T03:01:38.000,32.97,15.82,819.37,13.1,20.5,195447,-5.92,4.0,0.011
2022-06-30T03:02:38.000,32.87,15.62,679.6,13.3,20.5,195448,-6.1,4.0,0.011
2022-06-30T03:03:38.000,32.8,15.83,561.22,13.51,20.5,195449,-6.28,4.0,0.011
2022-06-30T03:04:38.000,32.8,16.12,461.96,13.72,20.5,195450,-6.46,4.0,0.011
2022-06-30T03:05:38.000,32.82,16.04,379.82,13.93,20.5,195451,-6.63,3.0,0.011
2022-06-30T03:06:39.000,32.79,16.18,311.87,14.15,20.5,195452,-6.81,3.0,0.011
2022-06-30T03:07:39.000,32.79,16.03,255.89,14.36,20.5,195453,-6.99,3.0,0.011
2022-06-30T03:09:39.000,32.83,16.55,172.13,14.79,20.5,195455,-7.35,3.0,0.011
2022-06-30T03:11:39.000,32.95,16.59,116.74,15.21,20.5,195457,-7.7,2.0,0.011
2022-06-30T03:12:39.000,32.96,16.61,97.2,15.41,20.5,195458,-7.87,2.0,0.011
2022-06-30T03:13:39.000,32.94,16.59,81.09,15.61,20.5,195459,-8.05,2.0,0.011
2022-06-30T03:14:39.000,32.89,16.47,68.59,15.79,20.5,195460,-8.23,2.0,0.011
2022-06-30T03:15:39.000,32.84,16.81,58.09,15.97,20.5,195461,-8.4,2.0,0.011
2022-06-30T03:16:39.000,32.94,17.09,48.55,16.17,20.5,195462,-8.57,2.0,0.011
2022-06-30T03:19:39.000,33.01,17.07,32.7,16.59,20.5,195465,-9.1,1.0,0.011
2022-06-30T03:20:39.000,33.01,17.01,28.82,16.73,20.5,195466,-9.27,1.0,0.011
2022-06-30T03:21:39.000,32.93,16.83,25.67,16.86,20.5,195467,-9.44,1.0,0.011
2022-06-30T03:22:40.000,32.79,16.69,22.98,16.98,20.5,195468,-9.62,0.0,0.011
2022-06-30T03:23:40.000,32.77,17.09,20.99,17.08,20.5,195469,-9.79,0.0,0.011
2022-06-30T03:24:40.000,32.77,16.98,19.3,17.17,20.5,195470,-9.96,0.0,0.011
2022-06-30T03:25:40.000,32.69,17.26,18.07,17.24,20.5,195471,-10.13,-0.0,0.011
2022-06-30T03:26:40.000,32.68,17.11,16.8,17.32,20.5,195472,-10.31,-0.0,0.011
2022-06-30T03:27:40.000,32.63,17.32,15.77,17.39,20.5,195473,-10.48,-0.0,0.011
2022-06-30T03:28:43.000,32.63,17.37,14.91,17.45,20.5,195474,-10.66,-1.0,0.011
2022-06-30T03:29:43.000,32.61,17.51,14.33,17.49,20.5,195475,-10.83,-1.0,0.011
2022-06-30T03:30:43.000,32.63,17.62,13.81,17.53,20.5,195476,-11.0,-1.0,0.011
2022-06-30T03:31:43.000,32.56,17.4,13.46,17.56,20.5,195477,-11.17,-1.0,0.011
2022-06-30T03:33:50.000,32.56,17.82,13.5,17.55,20.5,195479,-11.52,-2.0,0.011
2022-06-30T03:34:50.000,32.56,17.77,13.5,17.55,20.5,195480,-11.69,-2.0,0.011
2022-06-30T03:35:50.000,32.55,17.93,13.42,17.56,20.5,195481,-11.86,-2.0,0.011
2022-06-30T03:36:50.000,32.56,17.93,13.24,17.58,20.5,195482,-12.03,-2.0,0.011
2022-06-30T03:37:51.000,32.51,17.66,13.05,17.59,20.5,195483,-12.2,-2.0,0.011
2022-06-30T03:39:51.000,32.42,18.05,12.86,17.61,20.5,195485,-12.53,-3.0,0.011
2022-06-30T03:40:51.000,32.41,17.85,12.86,17.61,20.5,195486,-12.7,-3.0,0.011
2022-06-30T03:41:51.000,32.39,17.99,12.87,17.61,20.5,195487,-12.86,-3.0,0.011
2022-06-30T03:42:51.000,32.35,18.1,12.81,17.61,20.5,195488,-13.03,-3.0,0.011
2022-06-30T03:43:51.000,32.39,18.04,12.7,17.62,20.5,195489,-13.2,-3.0,0.011
2022-06-30T03:45:51.000,32.41,18.08,12.03,17.68,20.5,195491,-13.52,-4.0,0.011
2022-06-30T03:47:57.000,32.33,17.8,11.26,17.75,20.5,195493,-13.87,-4.0,0.011
2022-06-30T03:48:57.000,32.27,18.06,10.97,17.78,20.5,195494,-14.03,-4.0,0.011
2022-06-30T03:49:58.000,32.35,18.17,10.65,17.81,20.5,195495,-14.2,-4.0,0.011
2022-06-30T03:50:58.000,32.37,17.88,10.33,17.84,20.5,195496,-14.36,-4.0,0.011
2022-06-30T03:51:58.000,32.42,17.97,10.0,17.88,20.5,195497,-14.52,-5.0,0.011
2022-06-30T03:52:58.000,32.45,17.63,9.53,17.93,20.5,195498,-14.68,-5.0,0.011
2022-06-30T03:53:58.000,32.48,17.54,8.96,18.0,20.5,195499,-14.84,-5.0,0.011
2022-06-30T03:55:58.000,32.6,17.09,7.81,18.15,20.5,195501,-15.17,-5.0,0.011
2022-06-30T03:56:58.000,32.62,16.65,7.33,18.22,20.5,195502,-15.33,-5.0,0.011
2022-06-30T03:57:58.000,32.62,16.33,6.93,18.28,20.5,195503,-15.49,-6.0,0.011
2022-06-30T03:58:58.000,32.6,15.98,6.5,18.35,20.5,195504,-15.64,-6.0,0.011
2022-06-30T03:59:58.000,32.63,15.73,6.08,18.42,20.5,195505,-15.8,-6.0,0.011
2022-06-30T04:00:58.000,32.6,15.23,5.61,18.51,20.5,195506,-15.96,-6.0,0.011
2022-06-30T04:01:58.000,32.6,14.86,5.18,18.59,20.5,195507,-16.12,-6.0,0.011
2022-06-30T04:02:58.000,32.56,14.47,4.75,18.69,20.5,195508,-16.28,-6.0,0.011
2022-06-30T04:03:59.000,32.55,14.27,4.34,18.79,20.5,195509,-16.44,-7.0,0.011
2022-06-30T04:05:59.000,32.58,13.57,3.63,18.98,20.5,195511,-16.75,-7.0,0.011
2022-06-30T04:06:59.000,32.52,13.13,3.35,19.07,20.5,195512,-16.91,-7.0,0.011
2022-06-30T04:07:59.000,32.49,12.87,3.13,19.14,20.5,195513,-17.06,-7.0,0.011
2022-06-30T04:09:59.000,32.36,12.55,2.89,19.23,20.5,195515,-17.37,-8.0,0.011
2022-06-30T04:10:59.000,32.29,12.33,2.82,19.26,20.5,195516,-17.52,-8.0,0.011
2022-06-30T04:11:59.000,32.21,12.32,2.79,19.27,20.5,195517,-17.68,-8.0,0.011
2022-06-30T04:13:59.000,32.19,12.26,2.77,19.27,20.5,195519,-17.98,-8.0,0.012
2022-06-30T04:17:00.000,32.15,12.59,2.82,19.25,20.5,195522,-18.44,-9.0,0.012
2022-06-30T04:18:00.000,32.21,12.47,2.92,19.22,20.5,195523,-18.59,-9.0,0.012
2022-06-30T04:19:00.000,32.18,12.41,3.0,19.19,20.5,195524,-18.74,-9.0,0.012
2022-06-30T04:20:00.000,32.18,12.45,3.09,19.16,20.5,195525,-18.89,-9.0,0.012
2022-06-30T04:21:00.000,32.2,12.48,3.18,19.12,20.5,195526,-19.04,-9.0,0.012
2022-06-30T04:25:00.000,32.26,12.0,3.27,19.09,20.5,195530,-19.63,-10.0,0.012
2022-06-30T04:26:00.000,32.14,11.94,3.21,19.11,20.5,195531,-19.78,-10.0,0.012
2022-06-30T04:27:00.000,32.05,12.11,3.15,19.14,20.5,195532,-19.93,-10.0,0.012
2022-06-30T04:29:01.000,31.98,12.65,3.17,19.13,20.5,195534,-20.22,-11.0,0.012
2022-06-30T04:30:01.000,31.94,13.08,3.39,19.05,20.5,195535,-20.36,-11.0,0.012
2022-06-30T04:31:02.000,31.92,13.62,3.79,18.93,20.5,195536,-20.51,-11.0,0.012
2022-06-30T04:32:02.000,31.9,14.11,4.42,18.77,20.5,195537,-20.65,-11.0,0.012
2022-06-30T04:33:07.000,31.89,14.52,5.08,18.62,20.5,195538,-20.81,-11.0,0.012
