Downloads/jupyter/ECSV/stars19/stars19_2022-03.ecsv
# %ECSV 1.0
# ---
# datatype:
# - {name: time, datatype: string}
# - {name: Enclosure Temperature, unit: deg_C, datatype: float64}
# - {name: Sky Temperature, unit: deg_C, datatype: float64}
# - {name: Frequency, unit: Hz, datatype: float64}
# - {name: MSAS, unit: mag / arcsec2, datatype: float64}
# - {name: ZP, datatype: float64}
# - {name: Sequence Number, datatype: int64}
# - {name: Sun Alt, unit: deg, datatype: float64}
# - {name: Moon Alt, unit: deg, datatype: float64}
# - {name: Moon Illumination, datatype: float64}
# delimiter: ','
# meta: !!omap
# - ida:
#     Data supplier: {affiliation: null, observer: null}
#     Device type: TESS-W
#     Field of view: 17.0
#     Filters per channel: None
#     Instrument ID: stars19
#     License: ODbL 1.0 http://opendatacommons.org/licenses/odbl/summary/
#     Local timezone: America/Phoenix
#     Location name: {country: '- Tucson', place: Tucson, region: United States, sub_region: Arizona, town: Pima County}
#     Measurement direction per channel: {azimuth: 0.0, zenital: 0.0}
#     Moving / Fixed look direction: FIXED
#     Moving / Stationary position: STATIONARY
#     Number of channels: 1
#     Number of fields per line: 8
#     Number of header lines: 35
#     Position: {height: 0.0, latitude: 32.223877, longitude: -110.767532}
#     TESS MAC address: 18:FE:34:CF:EC:06
#     TESS cover offset value: 0.0
#     TESS firmware version: '1.0'
#     TESS zero point: 20.5
#     Time Synchronization: timestamp added by MQTT subscriber
#     URL: http://www.darksky.org/NSBM/sdf1.0.pdf
# - __serialized_columns__:
#     Enclosure Temperature:
#       __class__: astropy.units.quantity.Quantity
#       unit: &id001 !astropy.units.Unit {unit: deg_C}
#       value: !astropy.table.SerializedColumn {name: Enclosure Temperature}
#     Frequency:
#       __class__: astropy.units.quantity.Quantity
#       unit: !astropy.units.Unit {unit: Hz}
#       value: !astropy.table.SerializedColumn {name: Frequency}
#     MSAS:
#       __class__: astropy.units.quantity.Quantity
#       unit: !astropy.units.Unit {unit: mag / arcsec2}
#       value: !astropy.table.SerializedColumn {name: MSAS}
#     Moon Alt:
#       __class__: astropy.units.quantity.Quantity
#       unit: &id002 !astropy.units.Unit {unit: deg}
#       value: !astropy.table.SerializedColumn {name: Moon Alt}
#     Sky Temperature:
#       __class__: astropy.units.quantity.Quantity
#       unit: *id001
#       value: !astropy.table.SerializedColumn {name: Sky Temperature}
#     Sun Alt:
#       __class__: astropy.units.quantity.Quantity
#       unit: *id002
#       value: !astropy.table.SerializedColumn {name: Sun Alt}
#     time:
#       __class__: astropy.time.core.Time
#       format: isot
#       in_subfmt: '*'
#       out_subfmt: '*'
#       precision: 3
#       scale: utc
#       value: !astropy.table.SerializedColumn {name: time}
# schema: astropy-2.0
time,Enclosure Temperature,Sky Temperature,Frequency,MSAS,ZP,Sequence Number,Sun Alt,Moon Alt,Moon Illumination
[from data line 5352]
2022-03-07T08:56:37.000,10.02,-18.58,1.02,20.35,20.5,32274,-56.83,-34.0,0.223
2022-03-07T08:57:37.000,10.16,-17.89,1.03,20.35,20.5,32275,-56.69,-35.0,0.223
2022-03-07T08:58:37.000,10.75,-17.99,1.03,20.35,20.5,32276,-56.55,-35.0,0.223
2022-03-07T08:59:37.000,10.88,-18.51,1.02,20.35,20.5,32277,-56.42,-35.0,0.223
2022-03-07T09:00:37.000,10.77,-18.79,1.03,20.35,20.5,32278,-56.28,-35.0,0.223
2022-03-07T09:01:37.000,10.49,-19.27,1.02,20.35,20.5,32279,-56.14,-35.0,0.223
2022-03-07T09:02:37.000,10.11,-19.18,1.03,20.35,20.5,32280,-55.99,-35.0,0.223
2022-03-07T09:03:37.000,9.99,-18.66,1.03,20.35,20.5,32281,-55.85,-35.0,0.223
2022-03-07T09:04:38.000,10.54,-18.24,1.03,20.35,20.5,32282,-55.71,-35.0,0.223
2022-03-07T09:05:37.000,10.69,-19.07,1.03,20.35,20.5,32283,-55.56,-36.0,0.223
2022-03-07T09:06:38.000,10.6,-18.75,1.03,20.35,20.5,32284,-55.42,-36.0,0.223
2022-03-07T09:07:38.000,10.41,-18.69,1.02,20.35,20.5,32285,-55.27,-36.0,0.223
2022-03-07T09:08:38.000,10.22,-18.76,1.03,20.35,20.5,32286,-55.12,-36.0,0.223
2022-03-07T09:09:39.000,9.99,-18.78,1.03,20.35,20.5,32287,-54.97,-36.0,0.224
2022-03-07T09:10:39.000,10.28,-17.9,1.02,20.35,20.5,32288,-54.82,-36.0,0.224
2022-03-07T09:11:39.000,10.75,-18.22,1.02,20.35,20.5,32289,-54.67,-36.0,0.224
2022-03-07T09:12:39.000,10.83,-18.44,1.03,20.35,20.5,32290,-54.52,-36.0,0.224
2022-03-07T09:13:39.000,10.64,-18.93,1.03,20.35,20.5,32291,-54.37,-36.0,0.224
2022-03-07T09:14:39.000,10.37,-18.91,1.03,20.35,20.5,32292,-54.22,-37.0,0.224
2022-03-07T09:15:39.000,10.17,-18.73,1.03,20.35,20.5,32293,-54.06,-37.0,0.224
2022-03-07T09:16:39.000,9.97,-18.7,1.03,20.35,20.5,32294,-53.91,-37.0,0.224
2022-03-07T09:17:39.000,10.38,-17.72,1.03,20.35,20.5,32295,-53.75,-37.0,0.224
2022-03-07T09:18:39.000,10.84,-18.27,1.02,20.35,20.5,32296,-53.6,-37.0,0.224
2022-03-07T09:19:39.000,10.79,-18.81,1.02,20.35,20.5,32297,-53.44,-37.0,0.224
2022-03-07T09:20:39.000,10.55,-18.9,1.02,20.36,20.5,32298,-53.28,-37.0,0.224
2022-03-07T09:21:39.000,10.34,-18.83,1.02,20.36,20.5,32299,-53.12,-37.0,0.224
2022-03-07T09:22:41.000,10.08,-19.05,1.03,20.35,20.5,32300,-52.96,-37.0,0.224
2022-03-07T09:23:40.000,10.03,-18.44,1.02,20.36,20.5,32301,-52.8,-38.0,0.224
2022-03-07T09:24:40.000,10.73,-17.97,1.02,20.36,20.5,32302,-52.64,-38.0,0.224
2022-03-07T09:25:40.000,11.02,-18.59,1.02,20.36,20.5,32303,-52.48,-38.0,0.224
2022-03-07T09:26:40.000,10.88,-19.03,1.02,20.36,20.5,32304,-52.32,-38.0,0.225
2022-03-07T09:27:41.000,10.61,-19.14,1.02,20.36,20.5,32305,-52.15,-38.0,0.225
2022-03-07T09:28:40.000,10.33,-19.02,1.02,20.36,20.5,32306,-51.99,-38.0,0.225
2022-03-07T09:29:41.000,10.09,-19.14,1.02,20.36,20.5,32307,-51.82,-38.0,0.225
2022-03-07T09:30:42.000,9.99,-18.72,1.02,20.36,20.5,32308,-51.65,-38.0,0.225
2022-03-07T09:31:42.000,10.67,-18.21,1.02,20.36,20.5,32309,-51.49,-38.0,0.225
2022-03-07T09:32:42.000,10.92,-18.95,1.02,20.36,20.5,32310,-51.32,-38.0,0.225
2022-03-07T09:33:42.000,10.73,-19.31,1.02,20.36,20.5,32311,-51.15,-39.0,0.225
2022-03-07T09:34:42.000,10.38,-19.54,1.02,20.36,20.5,32312,-50.99,-39.0,0.225
2022-03-07T09:35:42.000,10.03,-19.35,1.02,20.36,20.5,32313,-50.82,-39.0,0.225
2022-03-07T09:36:42.000,10.12,-18.51,1.01,20.37,20.5,32314,-50.65,-39.0,0.225
2022-03-07T09:37:42.000,10.72,-18.64,1.01,20.36,20.5,32315,-50.48,-39.0,0.225
2022-03-07T09:38:43.000,10.8,-19.18,1.02,20.36,20.5,32316,-50.3,-39.0,0.225
2022-03-07T09:39:43.000,10.56,-19.36,1.02,20.36,20.5,32317,-50.13,-39.0,0.225
2022-03-07T09:40:43.000,10.23,-19.4,1.02,20.36,20.5,32318,-49.96,-39.0,0.225
2022-03-07T09:41:43.000,9.95,-19.15,1.02,20.36,20.5,32319,-49.79,-39.0,0.225
2022-03-07T09:42:43.000,10.39,-18.21,1.02,20.36,20.5,32320,-49.62,-39.0,0.225
2022-03-07T09:43:43.000,10.89,-18.66,1.01,20.36,20.5,32321,-49.44,-40.0,0.225
2022-03-07T09:44:43.000,10.86,-19.05,1.01,20.36,20.5,32322,-49.27,-40.0,0.226
2022-03-07T09:45:43.000,10.65,-19.16,1.02,20.36,20.5,32323,-49.09,-40.0,0.226
2022-03-07T09:46:43.000,10.3,-19.53,1.01,20.36,20.5,32324,-48.92,-40.0,0.226
2022-03-07T09:47:43.000,9.97,-19.28,1.01,20.36,20.5,32325,-48.74,-40.0,0.226
2022-03-07T09:48:43.000,10.19,-18.47,1.01,20.36,20.5,32326,-48.57,-40.0,0.226
2022-03-07T09:49:44.000,10.73,-18.81,1.01,20.37,20.5,32327,-48.39,-40.0,0.226
2022-03-07T09:50:44.000,10.76,-19.19,1.01,20.36,20.5,32328,-48.21,-40.0,0.226
2022-03-07T09:51:44.000,10.52,-19.44,1.02,20.36,20.5,32329,-48.03,-40.0,0.226
2022-03-07T09:52:45.000,10.1,-20.04,1.02,20.36,20.5,32330,-47.85,-40.0,0.226
2022-03-07T09:53:45.000,10.08,-18.75,1.02,20.36,20.5,32331,-47.67,-40.0,0.226
2022-03-07T09:54:45.000,10.7,-18.76,1.01,20.36,20.5,32332,-47.49,-40.0,0.226
2022-03-07T09:55:45.000,10.83,-19.15,1.01,20.36,20.5,32333,-47.31,-40.0,0.226
2022-03-07T09:56:45.000,10.69,-19.46,1.01,20.36,20.5,32334,-47.13,-41.0,0.226
2022-03-07T09:57:45.000,10.46,-19.46,1.01,20.36,20.5,32335,-46.95,-41.0,0.226
2022-03-07T09:58:46.000,10.2,-19.56,1.01,20.36,20.5,32336,-46.77,-41.0,0.226
2022-03-07T10:00:46.000,10.4,-18.48,1.01,20.37,20.5,32338,-46.4,-41.0,0.226
2022-03-07T10:01:46.000,10.82,-19.28,1.01,20.37,20.5,32339,-46.22,-41.0,0.227
2022-03-07T10:02:46.000,10.72,-19.72,1.01,20.37,20.5,32340,-46.04,-41.0,0.227
2022-03-07T10:04:46.000,10.12,-19.77,1.01,20.37,20.5,32342,-45.67,-41.0,0.227
2022-03-07T10:05:46.000,9.98,-19.27,1.01,20.37,20.5,32343,-45.48,-41.0,0.227
2022-03-07T10:06:46.000,10.51,-18.77,1.01,20.37,20.5,32344,-45.3,-41.0,0.227
2022-03-07T10:07:46.000,10.73,-19.5,1.01,20.37,20.5,32345,-45.11,-41.0,0.227
2022-03-07T10:09:52.000,10.21,-20.0,1.01,20.37,20.5,32347,-44.72,-41.0,0.227
2022-03-07T10:10:52.000,9.91,-19.72,1.01,20.37,20.5,32348,-44.54,-42.0,0.227
2022-03-07T10:11:52.000,10.46,-18.64,1.01,20.37,20.5,32349,-44.35,-42.0,0.227
2022-03-07T10:12:52.000,10.96,-19.48,1.01,20.37,20.5,32350,-44.16,-42.0,0.227
2022-03-07T10:13:52.000,10.87,-19.83,1.01,20.37,20.5,32351,-43.97,-42.0,0.227
2022-03-07T10:14:52.000,10.61,-19.89,1.01,20.37,20.5,32352,-43.78,-42.0,0.227
2022-03-07T10:15:52.000,10.25,-20.05,1.06,20.32,20.5,32353,-43.6,-42.0,0.227
2022-03-07T10:16:52.000,9.97,-19.86,1.32,20.18,20.5,32354,-43.41,-42.0,0.227
2022-03-07T10:17:53.000,10.3,-18.84,1.01,20.37,20.5,32355,-43.21,-42.0,0.227
2022-03-07T10:18:53.000,10.76,-19.4,1.01,20.37,20.5,32356,-43.02,-42.0,0.228
2022-03-07T10:19:53.000,10.7,-19.89,1.01,20.37,20.5,32357,-42.83,-42.0,0.228
2022-03-07T10:20:53.000,10.44,-19.87,1.01,20.37,20.5,32358,-42.64,-42.0,0.228
2022-03-07T10:21:53.000,10.16,-19.97,1.01,20.37,20.5,32359,-42.45,-42.0,0.228
2022-03-07T10:22:53.000,9.95,-19.58,1.01,20.37,20.5,32360,-42.26,-42.0,0.228
2022-03-07T10:23:53.000,10.47,-18.97,1.01,20.37,20.5,32361,-42.07,-42.0,0.228
2022-03-07T10:24:53.000,10.83,-19.49,1.01,20.37,20.5,32362,-41.88,-42.0,0.228
2022-03-07T10:25:53.000,10.68,-20.04,1.0,20.37,20.5,32363,-41.69,-42.0,0.228
2022-03-07T10:26:53.000,10.36,-20.06,1.01,20.37,20.5,32364,-41.49,-42.0,0.228
2022-03-07T10:27:53.000,10.04,-20.04,1.01,20.37,20.5,32365,-41.3,-42.0,0.228
2022-03-07T10:28:53.000,10.1,-19.06,1.01,20.37,20.5,32366,-41.11,-42.0,0.228
2022-03-07T10:30:59.000,10.77,-19.83,1.0,20.38,20.5,32368,-40.7,-43.0,0.228
2022-03-07T10:31:59.000,10.5,-20.01,1.0,20.38,20.5,32369,-40.51,-43.0,0.228
2022-03-07T10:32:59.000,10.18,-20.04,1.0,20.38,20.5,32370,-40.31,-43.0,0.228
2022-03-07T10:33:59.000,9.93,-19.83,1.0,20.38,20.5,32371,-40.12,-43.0,0.228
2022-03-07T10:34:59.000,10.39,-19.14,1.0,20.38,20.5,32372,-39.92,-43.0,0.228
2022-03-07T10:35:59.000,10.78,-19.7,1.0,20.38,20.5,32373,-39.73,-43.0,0.228
2022-03-07T10:36:59.000,10.67,-20.12,1.0,20.37,20.5,32374,-39.53,-43.0,0.229
2022-03-07T10:37:59.000,10.35,-20.13,1.01,20.37,20.5,32375,-39.34,-43.0,0.229
2022-03-07T10:39:00.000,10.02,-20.18,1.01,20.37,20.5,32376,-39.14,-43.0,0.229
2022-03-07T10:40:00.000,10.17,-19.16,1.0,20.38,20.5,32377,-38.94,-43.0,0.229
2022-03-07T10:41:00.000,10.76,-19.42,1.01,20.37,20.5,32378,-38.74,-43.0,0.229
2022-03-07T10:42:00.000,10.72,-20.11,1.01,20.37,20.5,32379,-38.55,-43.0,0.229
2022-03-07T10:43:00.000,10.45,-20.14,1.01,20.37,20.5,32380,-38.35,-43.0,0.229
2022-03-07T10:44:00.000,10.12,-20.18,1.01,20.37,20.5,32381,-38.15,-43.0,0.229
2022-03-07T10:45:00.000,9.99,-19.48,1.01,20.37,20.5,32382,-37.95,-43.0,0.229
2022-03-07T10:46:01.000,10.6,-19.06,1.01,20.37,20.5,32383,-37.75,-43.0,0.229
2022-03-07T10:47:01.000,10.79,-19.68,1.01,20.37,20.5,32384,-37.56,-43.0,0.229
2022-03-07T10:51:01.000,10.08,-19.24,1.02,20.36,20.5,32388,-36.76,-43.0,0.229
2022-03-07T10:52:01.000,10.75,-19.52,1.02,20.36,20.5,32389,-36.56,-43.0,0.229
2022-03-07T10:53:01.000,10.83,-20.22,1.01,20.36,20.5,32390,-36.36,-43.0,0.229
2022-03-07T10:54:01.000,10.46,-20.67,1.01,20.36,20.5,32391,-36.16,-43.0,0.23
2022-03-07T10:55:01.000,10.03,-20.57,1.01,20.36,20.5,32392,-35.96,-43.0,0.23
2022-03-07T10:56:01.000,10.02,-19.6,1.01,20.36,20.5,32393,-35.76,-43.0,0.23
2022-03-07T10:57:01.000,10.69,-19.51,1.01,20.37,20.5,32394,-35.56,-43.0,0.23
2022-03-07T10:58:02.000,10.77,-20.31,1.01,20.36,20.5,32395,-35.36,-43.0,0.23
2022-03-07T10:59:01.000,10.45,-20.51,1.02,20.36,20.5,32396,-35.16,-43.0,0.23
2022-03-07T11:00:01.000,10.02,-20.48,1.02,20.36,20.5,32397,-34.96,-43.0,0.23
2022-03-07T11:01:02.000,10.09,-19.46,1.02,20.36,20.5,32398,-34.75,-43.0,0.23
2022-03-07T11:03:03.000,10.82,-19.98,1.02,20.36,20.5,32400,-34.35,-43.0,0.23
2022-03-07T11:09:07.000,10.72,-20.18,1.08,20.3,20.5,32406,-33.12,-43.0,0.23
2022-03-07T11:11:07.000,10.04,-20.25,1.06,20.32,20.5,32408,-32.71,-43.0,0.231
2022-03-07T11:12:07.000,10.08,-19.35,1.03,20.35,20.5,32409,-32.51,-43.0,0.231
2022-03-07T11:13:07.000,10.77,-19.2,1.03,20.34,20.5,32410,-32.3,-43.0,0.231
2022-03-07T11:14:07.000,10.9,-19.96,1.03,20.34,20.5,32411,-32.1,-43.0,0.231
2022-03-07T11:15:07.000,10.68,-20.28,1.03,20.34,20.5,32412,-31.9,-43.0,0.231
2022-03-07T11:16:07.000,10.34,-20.49,1.03,20.34,20.5,32413,-31.69,-43.0,0.231
2022-03-07T11:17:07.000,10.01,-20.36,1.04,20.34,20.5,32414,-31.49,-43.0,0.231
2022-03-07T11:18:07.000,10.12,-19.51,1.03,20.34,20.5,32415,-31.28,-43.0,0.231
2022-03-07T11:19:07.000,10.75,-19.77,1.03,20.34,20.5,32416,-31.08,-43.0,0.231
2022-03-07T11:20:08.000,10.85,-20.13,1.03,20.34,20.5,32417,-30.87,-43.0,0.231
2022-03-07T11:21:08.000,10.65,-20.38,1.04,20.34,20.5,32418,-30.67,-43.0,0.231
2022-03-07T11:26:14.000,10.71,-20.61,1.03,20.35,20.5,32423,-29.62,-43.0,0.231
2022-03-07T11:30:15.000,10.84,-19.7,1.03,20.35,20.5,32427,-28.79,-43.0,0.232
2022-03-07T11:31:15.000,10.91,-20.51,1.03,20.35,20.5,32428,-28.58,-43.0,0.232
2022-03-07T11:32:15.000,10.58,-20.8,1.03,20.35,20.5,32429,-28.38,-43.0,0.232
2022-03-07T11:33:15.000,10.18,-20.82,1.03,20.35,20.5,32430,-28.17,-43.0,0.232
2022-03-07T11:34:15.000,9.9,-20.4,1.03,20.35,20.5,32431,-27.96,-43.0,0.232
2022-03-07T11:35:15.000,10.46,-19.75,1.05,20.33,20.5,32432,-27.76,-43.0,0.232
2022-03-07T11:36:15.000,10.76,-20.57,1.07,20.31,20.5,32433,-27.55,-43.0,0.232
2022-03-07T11:37:15.000,10.49,-21.18,1.1,20.28,20.5,32434,-27.34,-43.0,0.232
2022-03-07T11:38:16.000,10.03,-21.22,1.07,20.31,20.5,32435,-27.13,-43.0,0.232
2022-03-07T11:44:22.000,10.16,-20.07,1.07,20.31,20.5,32441,-25.87,-43.0,0.232
2022-03-07T11:45:22.000,10.64,-20.43,1.07,20.31,20.5,32442,-25.66,-42.0,0.232
2022-03-07T11:46:22.000,10.49,-21.0,1.07,20.31,20.5,32443,-25.45,-42.0,0.233
2022-03-07T11:47:22.000,10.1,-21.03,1.05,20.32,20.5,32444,-25.24,-42.0,0.233
2022-03-07T11:48:22.000,9.92,-20.57,1.04,20.34,20.5,32445,-25.03,-42.0,0.233
2022-03-07T11:49:22.000,10.6,-19.84,1.04,20.34,20.5,32446,-24.83,-42.0,0.233
2022-03-07T11:50:22.000,10.82,-21.0,1.04,20.34,20.5,32447,-24.62,-42.0,0.233
2022-03-07T11:51:22.000,10.55,-21.25,1.04,20.33,20.5,32448,-24.41,-42.0,0.233
2022-03-07T11:52:22.000,10.1,-21.33,1.04,20.33,20.5,32449,-24.2,-42.0,0.233
2022-03-07T11:53:22.000,9.91,-20.49,1.04,20.33,20.5,32450,-23.99,-42.0,0.233
2022-03-07T11:54:22.000,10.59,-20.03,1.04,20.33,20.5,32451,-23.78,-42.0,0.233
2022-03-07T11:55:23.000,10.79,-21.01,1.04,20.33,20.5,32452,-23.57,-42.0,0.233
2022-03-07T11:56:22.000,10.58,-21.0,1.05,20.33,20.5,32453,-23.36,-42.0,0.233
2022-03-07T11:57:22.000,10.23,-21.0,1.05,20.33,20.5,32454,-23.16,-42.0,0.233
2022-03-07T11:58:23.000,9.93,-20.7,1.05,20.33,20.5,32455,-22.94,-42.0,0.233
2022-03-07T11:59:23.000,10.38,-19.71,1.05,20.33,20.5,32456,-22.73,-42.0,0.233
2022-03-07T12:00:23.000,10.83,-20.36,1.05,20.33,20.5,32457,-22.52,-42.0,0.233
2022-03-07T12:01:23.000,10.62,-21.25,1.06,20.32,20.5,32458,-22.31,-42.0,0.233
2022-03-07T12:02:23.000,10.06,-21.79,1.09,20.28,20.5,32459,-22.11,-42.0,0.233
2022-03-07T12:03:23.000,9.77,-21.06,1.12,20.26,20.5,32460,-21.9,-42.0,0.234
2022-03-07T12:04:23.000,10.64,-20.11,6.61,19.3,20.5,32461,-21.69,-41.0,0.234
2022-03-07T12:05:23.000,10.95,-21.02,1.07,20.31,20.5,32462,-21.48,-41.0,0.234
2022-03-07T12:06:23.000,10.71,-21.32,1.04,20.34,20.5,32463,-21.27,-41.0,0.234
2022-03-07T12:07:23.000,10.3,-21.28,1.04,20.33,20.5,32464,-21.06,-41.0,0.234
2022-03-07T12:08:23.000,9.88,-21.21,1.04,20.33,20.5,32465,-20.85,-41.0,0.234
2022-03-07T12:09:24.000,10.23,-20.03,1.04,20.34,20.5,32466,-20.63,-41.0,0.234
2022-03-07T12:10:24.000,10.89,-20.39,1.04,20.34,20.5,32467,-20.42,-41.0,0.234
2022-03-07T12:11:24.000,10.83,-21.04,1.04,20.34,20.5,32468,-20.21,-41.0,0.234
2022-03-07T12:12:24.000,10.41,-21.38,1.04,20.34,20.5,32469,-20.0,-41.0,0.234
2022-03-07T12:13:25.000,9.98,-21.05,1.04,20.34,20.5,32470,-19.79,-41.0,0.234
2022-03-07T12:14:25.000,10.1,-20.02,1.04,20.34,20.5,32471,-19.58,-41.0,0.234
2022-03-07T12:15:25.000,10.77,-20.16,1.04,20.34,20.5,32472,-19.37,-41.0,0.234
2022-03-07T12:16:25.000,10.77,-20.95,1.04,20.34,20.5,32473,-19.16,-41.0,0.234
2022-03-07T12:17:25.000,10.44,-21.05,1.04,20.34,20.5,32474,-18.95,-41.0,0.234
2022-03-07T12:18:25.000,10.05,-21.04,1.04,20.34,20.5,32475,-18.74,-41.0,0.234
2022-03-07T12:19:25.000,10.02,-20.02,1.04,20.34,20.5,32476,-18.53,-40.0,0.234
2022-03-07T12:20:25.000,10.71,-19.84,1.04,20.34,20.5,32477,-18.32,-40.0,0.235
2022-03-07T12:21:25.000,10.85,-20.61,1.04,20.33,20.5,32478,-18.1,-40.0,0.235
2022-03-07T12:23:30.000,10.13,-21.18,1.05,20.33,20.5,32480,-17.67,-40.0,0.235
2022-03-07T12:24:30.000,9.9,-20.49,1.05,20.33,20.5,32481,-17.45,-40.0,0.235
2022-03-07T12:25:31.000,10.62,-19.94,1.05,20.33,20.5,32482,-17.24,-40.0,0.235
2022-03-07T12:26:31.000,10.91,-20.53,1.05,20.33,20.5,32483,-17.03,-40.0,0.235
2022-03-07T12:27:31.000,10.72,-20.88,1.06,20.32,20.5,32484,-16.82,-40.0,0.235
2022-03-07T12:28:31.000,10.33,-21.06,1.06,20.32,20.5,32485,-16.61,-40.0,0.235
2022-03-07T12:29:32.000,9.92,-20.91,1.06,20.31,20.5,32486,-16.39,-40.0,0.235
2022-03-07T12:30:32.000,10.26,-19.85,1.07,20.31,20.5,32487,-16.18,-40.0,0.235
2022-03-07T12:31:31.000,10.8,-20.37,1.07,20.3,20.5,32488,-15.97,-39.0,0.235
2022-03-07T12:32:32.000,10.69,-21.08,1.08,20.3,20.5,32489,-15.76,-39.0,0.235
2022-03-07T12:33:32.000,10.27,-21.36,1.09,20.29,20.5,32490,-15.55,-39.0,0.235
2022-03-07T12:34:32.000,9.87,-21.07,1.09,20.28,20.5,32491,-15.34,-39.0,0.235
2022-03-07T12:35:32.000,10.36,-19.84,1.1,20.27,20.5,32492,-15.13,-39.0,0.235
2022-03-07T12:36:32.000,10.85,-20.73,1.11,20.26,20.5,32493,-14.91,-39.0,0.235
2022-03-07T12:37:32.000,10.65,-21.26,1.13,20.25,20.5,32494,-14.7,-39.0,0.236
2022-03-07T12:38:33.000,10.25,-21.35,1.14,20.23,20.5,32495,-14.49,-39.0,0.236
2022-03-07T12:41:33.000,10.76,-20.85,1.22,20.16,20.5,32498,-13.85,-39.0,0.236
2022-03-07T12:42:33.000,10.62,-21.12,1.26,20.13,20.5,32499,-13.64,-38.0,0.236
2022-03-07T12:43:33.000,10.17,-21.59,1.3,20.09,20.5,32500,-13.43,-38.0,0.236
2022-03-07T12:44:33.000,9.78,-21.18,1.35,20.05,20.5,32501,-13.22,-38.0,0.236
2022-03-07T12:45:33.000,10.52,-20.03,1.42,20.0,20.5,32502,-13.01,-38.0,0.236
2022-03-07T12:46:33.000,10.86,-21.31,1.49,19.94,20.5,32503,-12.8,-38.0,0.236
2022-03-07T12:47:33.000,10.52,-21.65,1.59,19.88,20.5,32504,-12.58,-38.0,0.236
2022-03-07T12:48:33.000,10.06,-21.45,1.7,19.8,20.5,32505,-12.37,-38.0,0.236
2022-03-07T12:49:34.000,9.98,-20.28,1.84,19.72,20.5,32506,-12.16,-38.0,0.236
2022-03-07T12:50:34.000,10.68,-20.04,2.01,19.62,20.5,32507,-11.95,-38.0,0.236
2022-03-07T12:51:34.000,10.78,-20.83,2.22,19.51,20.5,32508,-11.73,-38.0,0.236
