Downloads/jupyter/ECSV/stars19/stars19_2022-02.ecsv
# %ECSV 1.0
# ---
# datatype:
# - {name: time, datatype: string}
# - {name: Enclosure Temperature, unit: deg_C, datatype: float64}
# - {name: Sky Temperature, unit: deg_C, datatype: float64}
# - {name: Frequency, unit: Hz, datatype: float64}
# - {name: MSAS, unit: mag / arcsec2, datatype: float64}
# - {name: ZP, datatype: float64}
# - {name: Sequence Number, datatype: int64}
# - {name: Sun Alt, unit: deg, datatype: float64}
# - {name: Moon Alt, unit: deg, datatype: float64}
# - {name: Moon Illumination, datatype: float64}
# delimiter: ','
# meta: !!omap
# - ida:
#     Data supplier: {affiliation: null, observer: null}
#     Device type: TESS-W
#     Field of view: 17.0
#     Filters per channel: None
#     Instrument ID: stars19
#     License: ODbL 1.0 http://opendatacommons.org/licenses/odbl/summary/
#     Local timezone: America/Phoenix
#     Location name: {country: '- Tucson', place: Tucson, region: United States, sub_region: Arizona, town: Pima County}
#     Measurement direction per channel: {azimuth: 0.0, zenital: 0.0}
#     Moving / Fixed look direction: FIXED
#     Moving / Stationary position: STATIONARY
#     Number of channels: 1
#     Number of fields per line: 8
#     Number of header lines: 35
#     Position: {height: 0.0, latitude: 32.223877, longitude: -110.767532}
#     TESS MAC address: 18:FE:34:CF:EC:06
#     TESS cover offset value: 0.0
#     TESS firmware version: '1.0'
#     TESS zero point: 20.5
#     Time Synchronization: timestamp added by MQTT subscriber
#     URL: http://www.darksky.org/NSBM/sdf1.0.pdf
# - __serialized_columns__:
#     Enclosure Temperature:
#       __class__: astropy.units.quantity.Quantity
#       unit: &id001 !astropy.units.Unit {unit: deg_C}
#       value: !astropy.table.SerializedColumn {name: Enclosure Temperature}
#     Frequency:
#       __class__: astropy.units.quantity.Quantity
#       unit: !astropy.units.Unit {unit: Hz}
#       value: !astropy.table.SerializedColumn {name: Frequency}
#     MSAS:
#       __class__: astropy.units.quantity.Quantity
#       unit: !astropy.units.Unit {unit: mag / arcsec2}
#       value: !astropy.table.SerializedColumn {name: MSAS}
#     Moon Alt:
#       __class__: astropy.units.quantity.Quantity
#       unit: &id002 !astropy.units.Unit {unit: deg}
#       value: !astropy.table.SerializedColumn {name: Moon Alt}
#     Sky Temperature:
#       __class__: astropy.units.quantity.Quantity
#       unit: *id001
#       value: !astropy.table.SerializedColumn {name: Sky Temperature}
#     Sun Alt:
#       __class__: astropy.units.quantity.Quantity
#       unit: *id002
#       value: !astropy.table.SerializedColumn {name: Sun Alt}
#     time:
#       __class__: astropy.time.core.Time
#       format: isot
#       in_subfmt: '*'
#       out_subfmt: '*'
#       precision: 3
#       scale: utc
#       value: !astropy.table.SerializedColumn {name: time}
# schema: astropy-2.0
time,Enclosure Temperature,Sky Temperature,Frequency,MSAS,ZP,Sequence Number,Sun Alt,Moon Alt,Moon Illumination
[from data line 10486]
2022-02-14T04:37:09.000,18.53,-11.29,107.12,15.31,20.5,1989,-44.66,73.0,0.937
2022-02-14T04:38:09.000,18.56,-11.22,114.87,15.23,20.5,1990,-44.87,74.0,0.937
2022-02-14T04:39:09.000,18.57,-11.29,129.24,15.1,20.5,1991,-45.07,74.0,0.937
2022-02-14T04:40:09.000,18.55,-11.45,148.74,14.95,20.5,1992,-45.27,74.0,0.937
2022-02-14T04:41:09.000,18.51,-11.39,169.73,14.81,20.5,1993,-45.48,74.0,0.937
2022-02-14T04:42:10.000,18.51,-11.37,189.03,14.69,20.5,1994,-45.69,74.0,0.937
2022-02-14T04:44:16.000,18.5,-11.47,221.93,14.51,20.5,1996,-46.11,75.0,0.937
2022-02-14T04:45:17.000,18.42,-11.55,235.05,14.45,20.5,1997,-46.32,75.0,0.937
2022-02-14T04:46:17.000,18.41,-11.57,246.43,14.4,20.5,1998,-46.52,75.0,0.937
2022-02-14T04:47:17.000,18.37,-11.6,255.98,14.36,20.5,1999,-46.73,75.0,0.937
2022-02-14T04:48:17.000,18.32,-11.74,264.53,14.32,20.5,2000,-46.93,75.0,0.937
2022-02-14T04:49:17.000,18.28,-11.81,271.73,14.29,20.5,2001,-47.13,76.0,0.937
2022-02-14T04:59:20.000,17.91,-11.92,267.35,14.31,20.5,2011,-49.15,77.0,0.938
2022-02-14T05:00:20.000,17.91,-11.9,262.96,14.33,20.5,2012,-49.35,78.0,0.938
2022-02-14T05:01:20.000,17.91,-12.0,257.93,14.35,20.5,2013,-49.55,78.0,0.938
2022-02-14T05:02:20.000,17.93,-11.88,253.51,14.37,20.5,2014,-49.75,78.0,0.938
2022-02-14T05:03:20.000,17.97,-11.8,249.69,14.39,20.5,2015,-49.95,78.0,0.938
2022-02-14T05:04:21.000,17.99,-11.89,246.13,14.4,20.5,2016,-50.16,78.0,0.938
2022-02-14T05:05:21.000,17.98,-12.1,242.09,14.42,20.5,2017,-50.35,78.0,0.938
2022-02-14T05:06:21.000,17.95,-12.1,236.89,14.44,20.5,2018,-50.55,79.0,0.938
2022-02-14T05:07:22.000,17.95,-12.22,231.6,14.47,20.5,2019,-50.75,79.0,0.938
2022-02-14T05:13:25.000,17.72,-12.32,198.07,14.64,20.5,2025,-51.95,80.0,0.938
2022-02-14T05:14:25.000,17.64,-12.51,193.32,14.66,20.5,2026,-52.14,80.0,0.938
2022-02-14T05:15:25.000,17.6,-12.35,189.24,14.69,20.5,2027,-52.34,80.0,0.938
2022-02-14T05:16:26.000,17.61,-12.3,183.91,14.72,20.5,2028,-52.54,80.0,0.938
2022-02-14T05:17:26.000,17.58,-12.49,179.89,14.74,20.5,2029,-52.73,80.0,0.938
2022-02-14T05:19:26.000,17.43,-12.54,170.34,14.8,20.5,2031,-53.12,81.0,0.938
2022-02-14T05:20:26.000,17.37,-12.38,165.62,14.83,20.5,2032,-53.31,81.0,0.938
2022-02-14T05:21:27.000,17.33,-12.48,162.58,14.85,20.5,2033,-53.51,81.0,0.938
2022-02-14T05:23:34.000,17.26,-12.29,164.89,14.84,20.5,2035,-53.92,81.0,0.939
2022-02-14T05:24:35.000,17.28,-12.23,168.2,14.82,20.5,2036,-54.11,81.0,0.939
2022-02-14T05:25:35.000,17.26,-12.38,172.47,14.79,20.5,2037,-54.31,81.0,0.939
2022-02-14T05:26:35.000,17.25,-12.4,177.39,14.76,20.5,2038,-54.5,81.0,0.939
2022-02-14T05:27:35.000,17.25,-12.39,181.53,14.73,20.5,2039,-54.69,82.0,0.939
2022-02-14T05:34:37.000,16.87,-12.68,174.79,14.77,20.5,2046,-56.02,82.0,0.939
2022-02-14T05:35:37.000,16.85,-12.6,170.4,14.8,20.5,2047,-56.21,82.0,0.939
2022-02-14T05:36:38.000,16.81,-12.59,166.63,14.83,20.5,2048,-56.4,82.0,0.939
2022-02-14T05:37:38.000,16.83,-12.46,161.35,14.86,20.5,2049,-56.59,82.0,0.939
2022-02-14T05:38:38.000,16.85,-12.5,155.8,14.9,20.5,2050,-56.77,82.0,0.939
2022-02-14T05:39:38.000,16.86,-12.49,150.18,14.94,20.5,2051,-56.96,82.0,0.939
2022-02-14T05:40:38.000,16.86,-12.6,145.35,14.97,20.5,2052,-57.14,83.0,0.939
2022-02-14T05:41:39.000,16.85,-12.72,139.55,15.02,20.5,2053,-57.33,83.0,0.939
2022-02-14T05:43:40.000,16.82,-12.94,127.37,15.12,20.5,2055,-57.7,83.0,0.939
2022-02-14T05:44:41.000,16.66,-13.19,120.69,15.18,20.5,2056,-57.89,83.0,0.939
2022-02-14T05:45:41.000,16.54,-13.12,114.18,15.24,20.5,2057,-58.07,83.0,0.939
2022-02-14T05:48:43.000,16.55,-12.9,94.02,15.45,20.5,2060,-58.62,83.0,0.939
2022-02-14T05:49:43.000,16.54,-12.86,87.82,15.52,20.5,2061,-58.8,83.0,0.939
2022-02-14T05:50:43.000,16.53,-13.06,82.36,15.59,20.5,2062,-58.98,83.0,0.939
2022-02-14T06:00:44.000,16.07,-13.11,63.35,15.88,20.5,2072,-60.74,82.0,0.94
2022-02-14T06:01:45.000,16.12,-12.91,62.45,15.89,20.5,2073,-60.91,82.0,0.94
2022-02-14T06:02:45.000,16.16,-12.98,62.0,15.9,20.5,2074,-61.08,82.0,0.94
2022-02-14T06:03:45.000,16.15,-13.01,61.91,15.9,20.5,2075,-61.25,82.0,0.94
2022-02-14T06:04:45.000,16.14,-13.04,60.86,15.92,20.5,2076,-61.42,82.0,0.94
2022-02-14T06:05:45.000,16.14,-13.02,60.0,15.93,20.5,2077,-61.59,82.0,0.94
2022-02-14T06:06:46.000,16.15,-13.12,58.86,15.96,20.5,2078,-61.76,81.0,0.94
2022-02-14T06:07:46.000,16.11,-13.1,57.78,15.98,20.5,2079,-61.93,81.0,0.94
2022-02-14T06:08:46.000,16.1,-13.22,57.54,15.98,20.5,2080,-62.09,81.0,0.94
2022-02-14T06:09:46.000,16.04,-13.28,56.16,16.01,20.5,2081,-62.26,81.0,0.94
2022-02-14T06:10:46.000,16.0,-13.36,55.95,16.01,20.5,2082,-62.42,81.0,0.94
2022-02-14T06:11:47.000,15.97,-13.15,54.93,16.03,20.5,2083,-62.59,81.0,0.94
2022-02-14T06:12:47.000,15.99,-13.22,53.52,16.06,20.5,2084,-62.75,81.0,0.94
2022-02-14T06:13:48.000,15.99,-13.12,52.66,16.08,20.5,2085,-62.91,81.0,0.94
2022-02-14T06:14:48.000,16.0,-13.23,51.55,16.1,20.5,2086,-63.08,80.0,0.94
2022-02-14T06:16:49.000,15.94,-13.32,49.66,16.14,20.5,2088,-63.4,80.0,0.94
2022-02-14T06:17:49.000,15.88,-13.43,48.44,16.17,20.5,2089,-63.55,80.0,0.94
2022-02-14T06:18:49.000,15.77,-13.6,47.24,16.19,20.5,2090,-63.71,80.0,0.94
2022-02-14T06:19:49.000,15.66,-13.71,46.2,16.22,20.5,2091,-63.86,80.0,0.94
2022-02-14T06:20:50.000,15.57,-13.41,45.19,16.24,20.5,2092,-64.02,80.0,0.94
2022-02-14T06:22:51.000,15.64,-13.16,43.56,16.28,20.5,2094,-64.33,79.0,0.94
2022-02-14T06:28:52.000,15.68,-13.45,37.97,16.43,20.5,2100,-65.22,78.0,0.941
2022-02-14T06:29:53.000,15.6,-13.54,37.27,16.45,20.5,2101,-65.37,78.0,0.941
2022-02-14T06:30:53.000,15.56,-13.45,36.44,16.48,20.5,2102,-65.51,78.0,0.941
2022-02-14T06:34:55.000,15.4,-13.41,34.93,16.52,20.5,2106,-66.07,77.0,0.941
2022-02-14T06:35:55.000,15.4,-13.23,34.59,16.53,20.5,2107,-66.2,77.0,0.941
2022-02-14T06:36:55.000,15.39,-13.37,34.5,16.54,20.5,2108,-66.34,77.0,0.941
2022-02-14T06:37:55.000,15.33,-13.48,34.52,16.53,20.5,2109,-66.47,77.0,0.941
2022-02-14T06:38:56.000,15.29,-13.6,34.49,16.54,20.5,2110,-66.6,77.0,0.941
2022-02-14T06:39:56.000,15.26,-13.47,34.46,16.54,20.5,2111,-66.73,76.0,0.941
2022-02-14T06:40:57.000,15.22,-13.44,34.49,16.54,20.5,2112,-66.86,76.0,0.941
2022-02-14T06:43:58.000,14.98,-13.7,35.27,16.51,20.5,2115,-67.24,76.0,0.941
2022-02-14T06:44:58.000,14.93,-13.52,35.09,16.52,20.5,2116,-67.36,75.0,0.941
2022-02-14T06:45:58.000,14.94,-13.36,35.97,16.49,20.5,2117,-67.48,75.0,0.941
2022-02-14T06:46:58.000,14.97,-13.27,36.48,16.47,20.5,2118,-67.6,75.0,0.941
2022-02-14T06:47:58.000,15.0,-13.14,36.82,16.46,20.5,2119,-67.72,75.0,0.941
2022-02-14T06:48:59.000,15.07,-13.03,38.18,16.43,20.5,2120,-67.83,75.0,0.941
2022-02-14T06:49:59.000,15.13,-13.11,39.98,16.38,20.5,2121,-67.95,75.0,0.941
2022-02-14T06:50:59.000,15.16,-13.19,42.02,16.32,20.5,2122,-68.06,74.0,0.941
2022-02-14T06:51:59.000,15.2,-13.24,45.07,16.25,20.5,2123,-68.17,74.0,0.941
2022-02-14T06:52:59.000,15.19,-13.35,48.31,16.17,20.5,2124,-68.27,74.0,0.941
2022-02-14T06:54:00.000,15.18,-13.44,52.41,16.08,20.5,2125,-68.38,74.0,0.941
2022-02-14T06:55:00.000,15.16,-13.61,59.02,15.95,20.5,2126,-68.48,74.0,0.941
2022-02-14T06:56:00.000,15.16,-13.5,65.68,15.84,20.5,2127,-68.59,73.0,0.941
2022-02-14T06:57:00.000,15.19,-13.27,72.7,15.73,20.5,2128,-68.69,73.0,0.941
2022-02-14T06:58:01.000,15.26,-13.19,79.36,15.63,20.5,2129,-68.79,73.0,0.941
2022-02-14T06:59:02.000,15.32,-13.33,85.64,15.55,20.5,2130,-68.88,73.0,0.942
2022-02-14T07:00:02.000,15.33,-13.47,91.82,15.47,20.5,2131,-68.98,73.0,0.942
2022-02-14T07:01:02.000,15.35,-13.33,98.16,15.4,20.5,2132,-69.07,72.0,0.942
2022-02-14T07:02:02.000,15.42,-13.18,103.62,15.34,20.5,2133,-69.16,72.0,0.942
2022-02-14T07:03:02.000,15.42,-13.63,108.61,15.29,20.5,2134,-69.24,72.0,0.942
2022-02-14T07:04:03.000,15.39,-13.49,113.8,15.24,20.5,2135,-69.33,72.0,0.942
2022-02-14T07:07:03.000,15.48,-13.47,126.76,15.12,20.5,2138,-69.57,71.0,0.942
2022-02-14T07:09:05.000,15.38,-14.13,135.39,15.05,20.5,2140,-69.73,71.0,0.942
2022-02-14T07:10:06.000,15.27,-14.05,139.78,15.02,20.5,2141,-69.8,71.0,0.942
2022-02-14T07:11:06.000,15.25,-13.92,144.27,14.98,20.5,2142,-69.87,70.0,0.942
2022-02-14T07:12:06.000,15.16,-13.97,149.06,14.95,20.5,2143,-69.93,70.0,0.942
2022-02-14T07:13:06.000,15.1,-13.97,153.33,14.92,20.5,2144,-70.0,70.0,0.942
2022-02-14T07:14:06.000,15.03,-14.01,158.02,14.88,20.5,2145,-70.06,70.0,0.942
2022-02-14T07:15:07.000,15.03,-13.71,162.43,14.85,20.5,2146,-70.12,70.0,0.942
2022-02-14T07:16:07.000,14.98,-14.04,166.2,14.83,20.5,2147,-70.18,69.0,0.942
2022-02-14T07:18:07.000,14.95,-13.71,172.02,14.79,20.5,2149,-70.28,69.0,0.942
2022-02-14T07:23:08.000,14.82,-13.58,176.52,14.76,20.5,2154,-70.5,68.0,0.942
2022-02-14T07:26:09.000,14.82,-13.69,176.02,14.77,20.5,2157,-70.61,67.0,0.942
2022-02-14T07:27:09.000,14.82,-13.71,175.78,14.77,20.5,2158,-70.63,67.0,0.942
2022-02-14T07:28:09.000,14.82,-13.63,174.47,14.78,20.5,2159,-70.66,67.0,0.942
2022-02-14T07:36:14.000,14.76,-14.01,3.84,18.92,20.5,2167,-70.77,65.0,0.943
2022-02-14T07:37:14.000,14.73,-13.94,3.82,18.93,20.5,2168,-70.77,65.0,0.943
2022-02-14T07:38:14.000,14.66,-14.04,3.8,18.93,20.5,2169,-70.77,65.0,0.943
2022-02-14T07:39:15.000,14.64,-13.9,3.78,18.94,20.5,2170,-70.76,65.0,0.943
2022-02-14T07:40:15.000,14.63,-13.9,3.74,18.95,20.5,2171,-70.76,65.0,0.943
2022-02-14T07:41:16.000,14.64,-13.84,3.72,18.95,20.5,2172,-70.75,64.0,0.943
2022-02-14T07:42:16.000,14.64,-13.91,3.72,18.95,20.5,2173,-70.73,64.0,0.943
2022-02-14T07:43:20.000,14.63,-13.83,3.71,18.96,20.5,2174,-70.72,64.0,0.943
2022-02-14T07:44:21.000,14.66,-13.76,3.68,18.97,20.5,2175,-70.7,64.0,0.943
2022-02-14T07:45:21.000,14.65,-13.95,3.67,18.97,20.5,2176,-70.68,63.0,0.943
2022-02-14T07:46:21.000,14.61,-13.97,3.66,18.97,20.5,2177,-70.65,63.0,0.943
2022-02-14T07:47:22.000,14.63,-13.84,3.64,18.98,20.5,2178,-70.63,63.0,0.943
2022-02-14T07:48:22.000,14.64,-13.95,3.63,18.98,20.5,2179,-70.6,63.0,0.943
2022-02-14T07:49:22.000,14.58,-14.23,3.62,18.98,20.5,2180,-70.57,63.0,0.943
2022-02-14T07:50:22.000,14.46,-14.44,3.61,18.99,20.5,2181,-70.53,62.0,0.943
2022-02-14T07:51:22.000,14.38,-14.33,3.6,18.99,20.5,2182,-70.49,62.0,0.943
2022-02-14T07:52:23.000,14.31,-14.29,3.59,18.99,20.5,2183,-70.45,62.0,0.943
2022-02-14T07:53:23.000,14.3,-14.24,3.58,18.99,20.5,2184,-70.41,62.0,0.943
2022-02-14T07:54:23.000,14.24,-14.42,3.57,19.0,20.5,2185,-70.37,62.0,0.943
2022-02-14T07:55:23.000,14.22,-14.21,3.56,19.0,20.5,2186,-70.32,61.0,0.943
2022-02-14T07:56:23.000,14.25,-14.11,3.55,19.0,20.5,2187,-70.27,61.0,0.943
2022-02-14T07:57:24.000,14.27,-14.09,3.54,19.01,20.5,2188,-70.22,61.0,0.943
2022-02-14T08:04:26.000,13.9,-14.43,3.49,19.02,20.5,2195,-69.78,60.0,0.944
2022-02-14T08:05:26.000,13.9,-14.24,3.48,19.03,20.5,2196,-69.71,59.0,0.944
2022-02-14T08:06:26.000,13.92,-14.25,3.47,19.03,20.5,2197,-69.63,59.0,0.944
2022-02-14T08:07:26.000,13.95,-14.21,3.46,19.03,20.5,2198,-69.55,59.0,0.944
2022-02-14T08:08:26.000,13.99,-14.23,3.45,19.03,20.5,2199,-69.48,59.0,0.944
2022-02-14T08:09:27.000,13.99,-14.32,3.45,19.04,20.5,2200,-69.39,58.0,0.944
2022-02-14T08:10:27.000,13.98,-14.27,3.44,19.04,20.5,2201,-69.31,58.0,0.944
2022-02-14T08:11:27.000,14.01,-14.29,3.43,19.04,20.5,2202,-69.22,58.0,0.944
2022-02-14T08:12:27.000,13.99,-14.32,3.42,19.04,20.5,2203,-69.14,58.0,0.944
2022-02-14T08:13:28.000,14.05,-14.18,3.41,19.05,20.5,2204,-69.04,58.0,0.944
2022-02-14T08:14:28.000,14.0,-14.3,3.4,19.05,20.5,2205,-68.95,57.0,0.944
2022-02-14T08:16:29.000,14.09,-14.29,3.39,19.05,20.5,2207,-68.76,57.0,0.944
2022-02-14T08:17:29.000,14.08,-14.51,3.38,19.06,20.5,2208,-68.66,57.0,0.944
2022-02-14T08:18:29.000,13.98,-14.58,3.37,19.06,20.5,2209,-68.56,57.0,0.944
2022-02-14T08:19:29.000,13.96,-14.49,3.36,19.06,20.5,2210,-68.46,56.0,0.944
2022-02-14T08:20:29.000,14.02,-14.42,3.36,19.06,20.5,2211,-68.36,56.0,0.944
2022-02-14T08:23:39.000,13.88,-14.43,3.34,19.07,20.5,2214,-68.01,56.0,0.944
2022-02-14T08:28:47.000,13.84,-14.55,3.3,19.08,20.5,2219,-67.42,54.0,0.944
2022-02-14T08:29:47.000,13.81,-14.56,3.29,19.09,20.5,2220,-67.3,54.0,0.944
2022-02-14T08:30:47.000,13.8,-14.59,3.28,19.09,20.5,2221,-67.18,54.0,0.944
2022-02-14T08:31:48.000,13.78,-14.66,3.28,19.09,20.5,2222,-67.05,54.0,0.944
2022-02-14T08:32:48.000,13.79,-14.7,3.27,19.09,20.5,2223,-66.93,54.0,0.944
2022-02-14T08:33:48.000,13.79,-14.71,3.26,19.1,20.5,2224,-66.8,53.0,0.944
2022-02-14T08:34:48.000,13.78,-14.68,3.26,19.1,20.5,2225,-66.67,53.0,0.944
2022-02-14T08:35:49.000,13.75,-14.92,3.25,19.1,20.5,2226,-66.54,53.0,0.945
2022-02-14T08:36:49.000,13.74,-14.67,3.25,19.1,20.5,2227,-66.41,53.0,0.945
2022-02-14T08:37:49.000,13.74,-14.73,3.24,19.1,20.5,2228,-66.27,53.0,0.945
2022-02-14T08:38:49.000,13.73,-14.71,3.23,19.11,20.5,2229,-66.14,52.0,0.945
2022-02-14T08:39:49.000,13.68,-14.92,3.23,19.11,20.5,2230,-66.0,52.0,0.945
2022-02-14T08:40:50.000,13.58,-14.95,3.22,19.11,20.5,2231,-65.86,52.0,0.945
2022-02-14T08:41:50.000,13.58,-14.73,3.22,19.11,20.5,2232,-65.72,52.0,0.945
2022-02-14T08:42:50.000,13.56,-14.8,3.21,19.11,20.5,2233,-65.58,52.0,0.945
2022-02-14T08:46:55.000,13.45,-15.32,3.18,19.12,20.5,2237,-65.0,51.0,0.945
2022-02-14T08:47:55.000,13.39,-14.99,3.18,19.13,20.5,2238,-64.85,51.0,0.945
2022-02-14T08:48:55.000,13.37,-15.02,3.17,19.13,20.5,2239,-64.7,50.0,0.945
2022-02-14T08:50:56.000,13.31,-15.0,3.16,19.13,20.5,2241,-64.4,50.0,0.945
2022-02-14T08:51:56.000,13.31,-14.96,3.15,19.13,20.5,2242,-64.25,50.0,0.945
2022-02-14T08:52:56.000,13.24,-15.1,3.15,19.14,20.5,2243,-64.09,49.0,0.945
2022-02-14T08:53:56.000,13.21,-15.23,3.14,19.14,20.5,2244,-63.94,49.0,0.945
2022-02-14T08:54:57.000,13.16,-15.35,3.14,19.14,20.5,2245,-63.78,49.0,0.945
2022-02-14T08:55:57.000,13.16,-15.02,3.13,19.14,20.5,2246,-63.63,49.0,0.945
2022-02-14T08:56:57.000,13.15,-15.12,3.12,19.14,20.5,2247,-63.47,49.0,0.945
2022-02-14T08:57:58.000,13.16,-15.2,3.12,19.15,20.5,2248,-63.31,48.0,0.945
2022-02-14T08:58:58.000,13.06,-15.29,3.11,19.15,20.5,2249,-63.15,48.0,0.945
2022-02-14T08:59:59.000,13.08,-15.15,3.1,19.15,20.5,2250,-62.99,48.0,0.945
2022-02-14T09:00:59.000,13.08,-15.16,3.1,19.15,20.5,2251,-62.83,48.0,0.945
2022-02-14T09:01:59.000,13.08,-15.2,3.09,19.15,20.5,2252,-62.66,48.0,0.945
2022-02-14T09:02:59.000,13.06,-15.26,3.08,19.16,20.5,2253,-62.5,47.0,0.945
2022-02-14T09:03:59.000,13.04,-15.3,3.08,19.16,20.5,2254,-62.34,47.0,0.945
2022-02-14T09:05:00.000,13.04,-15.15,3.07,19.16,20.5,2255,-62.17,47.0,0.945
2022-02-14T09:06:00.000,13.03,-15.27,3.07,19.16,20.5,2256,-62.0,47.0,0.945
2022-02-14T09:07:00.000,12.95,-15.5,3.06,19.17,20.5,2257,-61.84,47.0,0.945
2022-02-14T09:08:00.000,12.9,-15.34,3.06,19.17,20.5,2258,-61.67,46.0,0.945
2022-02-14T09:09:00.000,12.83,-15.45,3.05,19.17,20.5,2259,-61.5,46.0,0.946
2022-02-14T09:10:01.000,12.73,-15.44,3.05,19.17,20.5,2260,-61.33,46.0,0.946
2022-02-14T09:11:01.000,12.7,-15.42,3.04,19.17,20.5,2261,-61.16,46.0,0.946
2022-02-14T09:12:01.000,12.68,-15.26,3.03,19.18,20.5,2262,-60.99,46.0,0.946
2022-02-14T09:13:02.000,12.66,-15.37,3.03,19.18,20.5,2263,-60.82,45.0,0.946
2022-02-14T09:14:02.000,12.57,-15.46,3.02,19.18,20.5,2264,-60.64,45.0,0.946
2022-02-14T09:20:03.000,12.41,-15.57,2.98,19.19,20.5,2270,-59.59,44.0,0.946
2022-02-14T09:21:03.000,12.34,-15.62,2.98,19.2,20.5,2271,-59.42,44.0,0.946
2022-02-14T09:22:03.000,12.3,-15.63,2.98,19.2,20.5,2272,-59.24,43.0,0.946
2022-02-14T09:23:04.000,12.28,-15.4,2.97,19.2,20.5,2273,-59.06,43.0,0.946
2022-02-14T09:24:04.000,12.3,-15.39,2.96,19.2,20.5,2274,-58.88,43.0,0.946
2022-02-14T09:25:06.000,12.32,-15.2,2.95,19.2,20.5,2275,-58.69,43.0,0.946
2022-02-14T09:26:06.000,12.35,-15.11,2.95,19.21,20.5,2276,-58.51,43.0,0.946
2022-02-14T09:27:06.000,12.37,-15.14,2.94,19.21,20.5,2277,-58.33,42.0,0.946
2022-02-14T09:28:07.000,12.4,-14.99,2.94,19.21,20.5,2278,-58.15,42.0,0.946
2022-02-14T09:31:08.000,12.63,-14.93,2.94,19.21,20.5,2281,-57.59,42.0,0.946
2022-02-14T09:32:09.000,12.66,-14.84,2.93,19.21,20.5,2282,-57.41,41.0,0.946
2022-02-14T09:33:09.000,12.73,-14.76,2.93,19.21,20.5,2283,-57.22,41.0,0.946
2022-02-14T09:34:09.000,12.83,-14.66,2.92,19.21,20.5,2284,-57.04,41.0,0.946
2022-02-14T09:35:09.000,12.89,-14.78,2.91,19.22,20.5,2285,-56.85,41.0,0.946
