Downloads/jupyter/ECSV/stars19/stars19_2021-10.ecsv
# %ECSV 1.0
# ---
# datatype:
# - {name: time, datatype: string}
# - {name: Enclosure Temperature, unit: deg_C, datatype: float64}
# - {name: Sky Temperature, unit: deg_C, datatype: float64}
# - {name: Frequency, unit: Hz, datatype: float64}
# - {name: MSAS, unit: mag / arcsec2, datatype: float64}
# - {name: ZP, datatype: float64}
# - {name: Sequence Number, datatype: int64}
# - {name: Sun Alt, unit: deg, datatype: float64}
# - {name: Moon Alt, unit: deg, datatype: float64}
# - {name: Moon Illumination, datatype: float64}
# delimiter: ','
# meta: !!omap
# - ida:
#     Data supplier: {affiliation: null, observer: null}
#     Device type: TESS-W
#     Field of view: 17.0
#     Filters per channel: None
#     Instrument ID: stars19
#     License: ODbL 1.0 http://opendatacommons.org/licenses/odbl/summary/
#     Local timezone: America/Phoenix
#     Location name: {country: '- Tucson', place: Tucson, region: United States, sub_region: Arizona, town: Pima County}
#     Measurement direction per channel: {azimuth: 0.0, zenital: 0.0}
#     Moving / Fixed look direction: FIXED
#     Moving / Stationary position: STATIONARY
#     Number of channels: 1
#     Number of fields per line: 8
#     Number of header lines: 35
#     Position: {height: 0.0, latitude: 32.223877, longitude: -110.767532}
#     TESS MAC address: 18:FE:34:CF:EC:06
#     TESS cover offset value: 0.0
#     TESS firmware version: '1.0'
#     TESS zero point: 20.5
#     Time Synchronization: timestamp added by MQTT subscriber
#     URL: http://www.darksky.org/NSBM/sdf1.0.pdf
# - __serialized_columns__:
#     Enclosure Temperature:
#       __class__: astropy.units.quantity.Quantity
#       unit: &id001 !astropy.units.Unit {unit: deg_C}
#       value: !astropy.table.SerializedColumn {name: Enclosure Temperature}
#     Frequency:
#       __class__: astropy.units.quantity.Quantity
#       unit: !astropy.units.Unit {unit: Hz}
#       value: !astropy.table.SerializedColumn {name: Frequency}
#     MSAS:
#       __class__: astropy.units.quantity.Quantity
#       unit: !astropy.units.Unit {unit: mag / arcsec2}
#       value: !astropy.table.SerializedColumn {name: MSAS}
#     Moon Alt:
#       __class__: astropy.units.quantity.Quantity
#       unit: &id002 !astropy.units.Unit {unit: deg}
#       value: !astropy.table.SerializedColumn {name: Moon Alt}
#     Sky Temperature:
#       __class__: astropy.units.quantity.Quantity
#       unit: *id001
#       value: !astropy.table.SerializedColumn {name: Sky Temperature}
#     Sun Alt:
#       __class__: astropy.units.quantity.Quantity
#       unit: *id002
#       value: !astropy.table.SerializedColumn {name: Sun Alt}
#     time:
#       __class__: astropy.time.core.Time
#       format: isot
#       in_subfmt: '*'
#       out_subfmt: '*'
#       precision: 3
#       scale: utc
#       value: !astropy.table.SerializedColumn {name: time}
# schema: astropy-2.0
time,Enclosure Temperature,Sky Temperature,Frequency,MSAS,ZP,Sequence Number,Sun Alt,Moon Alt,Moon Illumination
[from data line 8915]
2021-10-11T04:04:58.000,20.04,-3.58,1.24,20.15,20.5,226693,-40.29,2.0,0.283
2021-10-11T04:08:58.000,20.02,-3.62,1.28,20.12,20.5,226697,-41.09,1.0,0.283
2021-10-11T04:09:58.000,20.03,-3.63,1.23,20.16,20.5,226698,-41.28,1.0,0.283
2021-10-11T04:10:58.000,20.03,-3.65,1.22,20.16,20.5,226699,-41.48,1.0,0.283
2021-10-11T04:11:59.000,19.96,-3.9,1.22,20.16,20.5,226700,-41.68,1.0,0.283
2021-10-11T04:12:59.000,19.91,-3.78,1.22,20.16,20.5,226701,-41.88,0.0,0.283
2021-10-11T04:13:59.000,19.89,-3.68,1.22,20.17,20.5,226702,-42.07,0.0,0.283
2021-10-11T04:14:59.000,19.86,-3.9,1.21,20.17,20.5,226703,-42.27,0.0,0.283
2021-10-11T04:15:59.000,19.8,-3.89,1.21,20.17,20.5,226704,-42.47,-0.0,0.283
2021-10-11T04:16:59.000,19.81,-3.7,1.21,20.17,20.5,226705,-42.66,-0.0,0.284
2021-10-11T04:17:59.000,19.79,-3.83,1.21,20.17,20.5,226706,-42.86,-0.0,0.284
2021-10-11T04:20:59.000,19.71,-3.79,1.2,20.18,20.5,226709,-43.44,-1.0,0.284
2021-10-11T04:22:59.000,19.68,-3.67,1.2,20.18,20.5,226711,-43.83,-1.0,0.284
2021-10-11T04:23:59.000,19.7,-3.66,1.19,20.19,20.5,226712,-44.02,-2.0,0.284
2021-10-11T04:24:59.000,19.74,-3.59,1.19,20.19,20.5,226713,-44.22,-2.0,0.284
2021-10-11T04:27:06.000,19.75,-3.68,1.19,20.19,20.5,226715,-44.63,-2.0,0.284
2021-10-11T04:28:06.000,19.77,-3.6,1.18,20.2,20.5,226716,-44.82,-2.0,0.284
2021-10-11T04:29:06.000,19.75,-3.68,1.18,20.2,20.5,226717,-45.01,-2.0,0.284
2021-10-11T04:30:07.000,19.74,-3.69,1.18,20.2,20.5,226718,-45.2,-3.0,0.284
2021-10-11T04:31:07.000,19.72,-3.71,1.18,20.2,20.5,226719,-45.4,-3.0,0.285
2021-10-11T04:32:07.000,19.7,-3.73,1.18,20.2,20.5,226720,-45.59,-3.0,0.285
2021-10-11T04:33:07.000,19.68,-3.73,1.18,20.2,20.5,226721,-45.78,-3.0,0.285
2021-10-11T04:34:07.000,19.68,-3.64,1.18,20.2,20.5,226722,-45.97,-3.0,0.285
2021-10-11T04:35:07.000,19.67,-3.72,1.18,20.2,20.5,226723,-46.16,-4.0,0.285
2021-10-11T04:36:07.000,19.63,-3.81,1.17,20.21,20.5,226724,-46.35,-4.0,0.285
2021-10-11T04:37:08.000,19.6,-3.83,1.17,20.21,20.5,226725,-46.54,-4.0,0.285
2021-10-11T04:38:07.000,19.59,-3.72,1.17,20.21,20.5,226726,-46.72,-4.0,0.285
2021-10-11T04:39:08.000,19.6,-3.68,1.17,20.21,20.5,226727,-46.92,-4.0,0.285
2021-10-11T04:40:08.000,19.6,-3.7,1.17,20.21,20.5,226728,-47.1,-4.0,0.285
2021-10-11T04:41:08.000,19.6,-3.69,1.17,20.21,20.5,226729,-47.29,-5.0,0.285
2021-10-11T04:42:08.000,19.6,-3.72,1.17,20.21,20.5,226730,-47.48,-5.0,0.285
2021-10-11T04:43:08.000,19.58,-3.81,1.16,20.21,20.5,226731,-47.66,-5.0,0.285
2021-10-11T04:44:08.000,19.58,-3.76,1.17,20.21,20.5,226732,-47.85,-5.0,0.286
2021-10-11T04:45:08.000,19.56,-3.86,1.17,20.21,20.5,226733,-48.04,-5.0,0.286
2021-10-11T04:46:08.000,19.53,-3.95,1.17,20.21,20.5,226734,-48.22,-5.0,0.286
2021-10-11T04:47:08.000,19.49,-4.08,1.17,20.21,20.5,226735,-48.41,-6.0,0.286
2021-10-11T04:48:08.000,19.48,-4.02,1.16,20.21,20.5,226736,-48.59,-6.0,0.286
2021-10-11T04:49:09.000,19.46,-4.03,1.16,20.21,20.5,226737,-48.78,-6.0,0.286
2021-10-11T04:50:08.000,19.45,-4.03,1.16,20.22,20.5,226738,-48.96,-6.0,0.286
2021-10-11T04:51:09.000,19.42,-4.1,1.16,20.21,20.5,226739,-49.14,-6.0,0.286
2021-10-11T04:52:09.000,19.39,-4.14,1.16,20.22,20.5,226740,-49.33,-7.0,0.286
2021-10-11T04:53:09.000,19.39,-4.08,1.16,20.22,20.5,226741,-49.51,-7.0,0.286
2021-10-11T04:54:09.000,19.37,-4.13,1.16,20.22,20.5,226742,-49.69,-7.0,0.286
2021-10-11T04:55:09.000,19.34,-4.07,1.16,20.22,20.5,226743,-49.87,-7.0,0.286
2021-10-11T04:56:09.000,19.34,-4.01,1.16,20.22,20.5,226744,-50.05,-7.0,0.286
2021-10-11T04:57:09.000,19.33,-4.09,1.16,20.22,20.5,226745,-50.23,-8.0,0.286
2021-10-11T04:58:09.000,19.29,-4.16,1.16,20.22,20.5,226746,-50.41,-8.0,0.287
2021-10-11T04:59:09.000,19.27,-4.18,1.16,20.22,20.5,226747,-50.59,-8.0,0.287
2021-10-11T05:00:09.000,19.24,-4.24,1.16,20.22,20.5,226748,-50.77,-8.0,0.287
2021-10-11T05:01:09.000,19.22,-4.22,1.15,20.23,20.5,226749,-50.94,-8.0,0.287
2021-10-11T05:02:09.000,19.2,-4.28,1.15,20.23,20.5,226750,-51.12,-8.0,0.287
2021-10-11T05:03:10.000,19.12,-4.31,1.15,20.23,20.5,226751,-51.3,-9.0,0.287
2021-10-11T05:04:10.000,19.13,-4.08,1.15,20.23,20.5,226752,-51.48,-9.0,0.287
2021-10-11T05:05:10.000,19.14,-4.07,1.14,20.24,20.5,226753,-51.65,-9.0,0.287
2021-10-11T05:07:10.000,19.13,-4.15,1.14,20.24,20.5,226755,-52.0,-9.0,0.287
2021-10-11T05:08:10.000,19.12,-4.14,1.14,20.24,20.5,226756,-52.18,-10.0,0.287
2021-10-11T05:09:10.000,19.12,-4.18,1.14,20.24,20.5,226757,-52.35,-10.0,0.287
2021-10-11T05:10:10.000,19.12,-4.24,1.14,20.24,20.5,226758,-52.52,-10.0,0.287
2021-10-11T05:11:10.000,19.11,-4.25,1.13,20.24,20.5,226759,-52.69,-10.0,0.288
2021-10-11T05:12:10.000,19.1,-4.28,1.13,20.24,20.5,226760,-52.87,-10.0,0.288
2021-10-11T05:13:11.000,19.07,-4.39,1.13,20.25,20.5,226761,-53.04,-10.0,0.288
2021-10-11T05:14:10.000,19.05,-4.35,1.13,20.25,20.5,226762,-53.21,-11.0,0.288
2021-10-11T05:15:11.000,19.03,-4.41,1.13,20.25,20.5,226763,-53.38,-11.0,0.288
2021-10-11T05:17:11.000,19.0,-4.4,1.12,20.25,20.5,226765,-53.71,-11.0,0.288
2021-10-11T05:18:11.000,18.99,-4.38,1.12,20.26,20.5,226766,-53.88,-11.0,0.288
2021-10-11T05:19:11.000,18.96,-4.39,1.12,20.25,20.5,226767,-54.05,-12.0,0.288
2021-10-11T05:20:11.000,18.94,-4.43,1.12,20.26,20.5,226768,-54.21,-12.0,0.288
2021-10-11T05:21:11.000,18.9,-4.47,1.12,20.26,20.5,226769,-54.38,-12.0,0.288
2021-10-11T05:22:11.000,18.85,-4.67,1.12,20.26,20.5,226770,-54.54,-12.0,0.288
2021-10-11T05:23:11.000,18.81,-4.53,1.12,20.26,20.5,226771,-54.71,-12.0,0.288
2021-10-11T05:24:11.000,18.8,-4.42,1.12,20.26,20.5,226772,-54.87,-13.0,0.288
2021-10-11T05:25:11.000,18.8,-4.37,1.12,20.26,20.5,226773,-55.03,-13.0,0.289
2021-10-11T05:26:12.000,18.77,-4.41,1.12,20.26,20.5,226774,-55.2,-13.0,0.289
2021-10-11T05:27:13.000,18.75,-4.42,1.12,20.26,20.5,226775,-55.36,-13.0,0.289
2021-10-11T05:28:12.000,18.72,-4.4,1.12,20.26,20.5,226776,-55.52,-13.0,0.289
2021-10-11T05:29:12.000,18.68,-4.58,1.11,20.26,20.5,226777,-55.67,-13.0,0.289
2021-10-11T05:30:13.000,18.65,-4.21,1.11,20.26,20.5,226778,-55.84,-14.0,0.289
2021-10-11T05:31:12.000,18.65,-4.38,1.11,20.27,20.5,226779,-55.99,-14.0,0.289
2021-10-11T05:32:13.000,18.65,-4.36,1.11,20.27,20.5,226780,-56.15,-14.0,0.289
2021-10-11T05:33:13.000,18.67,-4.13,1.1,20.27,20.5,226781,-56.3,-14.0,0.289
2021-10-11T05:34:13.000,18.69,-4.15,1.1,20.27,20.5,226782,-56.46,-14.0,0.289
2021-10-11T05:35:13.000,18.71,-4.06,1.1,20.27,20.5,226783,-56.61,-15.0,0.289
2021-10-11T05:36:13.000,18.71,-4.22,1.1,20.27,20.5,226784,-56.77,-15.0,0.289
2021-10-11T05:37:13.000,18.72,-4.27,1.1,20.27,20.5,226785,-56.92,-15.0,0.289
2021-10-11T05:38:13.000,18.73,-4.33,1.1,20.27,20.5,226786,-57.07,-15.0,0.289
2021-10-11T05:39:14.000,18.71,-4.48,1.1,20.27,20.5,226787,-57.22,-15.0,0.29
2021-10-11T05:40:13.000,18.69,-4.59,1.11,20.27,20.5,226788,-57.37,-16.0,0.29
2021-10-11T05:41:13.000,18.67,-4.57,1.1,20.27,20.5,226789,-57.51,-16.0,0.29
2021-10-11T05:42:14.000,18.67,-4.54,1.1,20.27,20.5,226790,-57.66,-16.0,0.29
2021-10-11T05:43:13.000,18.66,-4.46,1.11,20.27,20.5,226791,-57.81,-16.0,0.29
2021-10-11T05:44:13.000,18.65,-4.49,1.11,20.27,20.5,226792,-57.95,-16.0,0.29
2021-10-11T05:45:14.000,18.65,-4.56,1.11,20.27,20.5,226793,-58.1,-16.0,0.29
2021-10-11T05:46:14.000,18.64,-4.56,1.11,20.27,20.5,226794,-58.24,-17.0,0.29
2021-10-11T05:47:14.000,18.62,-4.57,1.11,20.27,20.5,226795,-58.38,-17.0,0.29
2021-10-11T05:48:14.000,18.61,-4.57,1.11,20.27,20.5,226796,-58.53,-17.0,0.29
2021-10-11T05:49:14.000,18.55,-4.64,1.11,20.27,20.5,226797,-58.66,-17.0,0.29
2021-10-11T05:50:14.000,18.53,-4.45,1.11,20.27,20.5,226798,-58.8,-17.0,0.29
2021-10-11T05:51:14.000,18.51,-4.47,1.11,20.26,20.5,226799,-58.94,-18.0,0.29
2021-10-11T05:52:14.000,18.46,-4.52,1.12,20.26,20.5,226800,-59.08,-18.0,0.291
2021-10-11T05:53:14.000,18.44,-4.63,1.12,20.26,20.5,226801,-59.21,-18.0,0.291
2021-10-11T05:54:14.000,18.4,-4.57,1.12,20.26,20.5,226802,-59.35,-18.0,0.291
2021-10-11T05:55:14.000,18.39,-4.53,1.12,20.26,20.5,226803,-59.48,-18.0,0.291
2021-10-11T05:56:14.000,18.36,-4.61,1.12,20.26,20.5,226804,-59.61,-19.0,0.291
2021-10-11T05:57:14.000,18.34,-4.53,1.12,20.26,20.5,226805,-59.74,-19.0,0.291
2021-10-11T05:58:14.000,18.35,-4.48,1.12,20.25,20.5,226806,-59.87,-19.0,0.291
2021-10-11T05:59:15.000,18.31,-4.64,1.12,20.25,20.5,226807,-60.0,-19.0,0.291
2021-10-11T06:00:15.000,18.27,-4.6,1.12,20.26,20.5,226808,-60.13,-19.0,0.291
2021-10-11T06:01:15.000,18.27,-4.52,1.11,20.26,20.5,226809,-60.25,-20.0,0.291
2021-10-11T06:02:15.000,18.3,-4.44,1.11,20.26,20.5,226810,-60.38,-20.0,0.291
2021-10-11T06:03:15.000,18.3,-4.47,1.11,20.27,20.5,226811,-60.5,-20.0,0.291
2021-10-11T06:04:15.000,18.29,-4.57,1.11,20.27,20.5,226812,-60.62,-20.0,0.291
2021-10-11T06:05:15.000,18.3,-4.52,1.11,20.27,20.5,226813,-60.74,-20.0,0.291
2021-10-11T06:06:15.000,18.3,-4.55,1.11,20.27,20.5,226814,-60.86,-21.0,0.292
2021-10-11T06:07:15.000,18.29,-4.52,1.1,20.27,20.5,226815,-60.98,-21.0,0.292
2021-10-11T06:08:15.000,18.29,-4.48,1.1,20.28,20.5,226816,-61.1,-21.0,0.292
2021-10-11T06:09:15.000,18.28,-4.7,1.09,20.29,20.5,226817,-61.21,-21.0,0.292
2021-10-11T06:10:15.000,18.26,-4.7,1.04,20.34,20.5,226818,-61.32,-21.0,0.292
2021-10-11T06:11:15.000,18.26,-4.71,1.04,20.34,20.5,226819,-61.44,-21.0,0.292
2021-10-11T06:12:15.000,18.26,-4.69,1.04,20.34,20.5,226820,-61.55,-22.0,0.292
2021-10-11T06:13:15.000,18.23,-4.74,1.03,20.34,20.5,226821,-61.66,-22.0,0.292
2021-10-11T06:14:16.000,18.2,-4.81,1.03,20.35,20.5,226822,-61.76,-22.0,0.292
2021-10-11T06:15:15.000,18.2,-4.75,1.03,20.35,20.5,226823,-61.87,-22.0,0.292
2021-10-11T06:16:16.000,18.18,-4.84,1.03,20.35,20.5,226824,-61.97,-22.0,0.292
2021-10-11T06:17:16.000,18.12,-5.1,1.03,20.35,20.5,226825,-62.08,-23.0,0.292
2021-10-11T06:18:16.000,18.09,-4.84,1.03,20.35,20.5,226826,-62.18,-23.0,0.292
2021-10-11T06:19:16.000,18.08,-4.82,1.03,20.35,20.5,226827,-62.28,-23.0,0.293
2021-10-11T06:20:16.000,18.08,-4.79,1.03,20.35,20.5,226828,-62.38,-23.0,0.293
2021-10-11T06:21:16.000,18.06,-4.92,1.03,20.35,20.5,226829,-62.47,-23.0,0.293
2021-10-11T06:22:16.000,18.02,-4.97,1.02,20.35,20.5,226830,-62.57,-24.0,0.293
2021-10-11T06:23:16.000,18.0,-4.9,1.02,20.36,20.5,226831,-62.66,-24.0,0.293
2021-10-11T06:24:16.000,18.0,-4.84,1.02,20.36,20.5,226832,-62.75,-24.0,0.293
2021-10-11T06:25:16.000,17.97,-4.93,1.02,20.36,20.5,226833,-62.84,-24.0,0.293
2021-10-11T06:26:16.000,17.97,-4.82,1.02,20.36,20.5,226834,-62.93,-24.0,0.293
2021-10-11T06:27:17.000,17.97,-4.82,1.02,20.36,20.5,226835,-63.02,-25.0,0.293
2021-10-11T06:28:16.000,17.96,-4.87,1.02,20.36,20.5,226836,-63.1,-25.0,0.293
2021-10-11T06:29:17.000,17.94,-4.86,1.02,20.36,20.5,226837,-63.19,-25.0,0.293
2021-10-11T06:30:18.000,17.94,-4.9,1.02,20.36,20.5,226838,-63.27,-25.0,0.293
2021-10-11T06:31:18.000,17.93,-4.89,1.02,20.36,20.5,226839,-63.35,-25.0,0.293
2021-10-11T06:32:18.000,17.91,-5.09,1.02,20.36,20.5,226840,-63.43,-26.0,0.293
2021-10-11T06:35:18.000,17.82,-5.06,1.02,20.36,20.5,226843,-63.65,-26.0,0.294
2021-10-11T06:36:18.000,17.79,-5.1,1.02,20.36,20.5,226844,-63.72,-26.0,0.294
2021-10-11T06:37:18.000,17.76,-5.14,1.01,20.37,20.5,226845,-63.79,-27.0,0.294
2021-10-11T06:38:18.000,17.74,-5.17,1.01,20.37,20.5,226846,-63.85,-27.0,0.294
2021-10-11T06:42:18.000,17.7,-5.12,1.0,20.38,20.5,226850,-64.1,-28.0,0.294
2021-10-11T06:43:18.000,17.66,-5.23,1.0,20.38,20.5,226851,-64.16,-28.0,0.294
2021-10-11T06:45:19.000,17.66,-5.21,1.0,20.38,20.5,226853,-64.27,-28.0,0.294
2021-10-11T06:46:19.000,17.66,-5.26,1.0,20.38,20.5,226854,-64.32,-28.0,0.295
2021-10-11T06:51:19.000,17.61,-5.34,1.0,20.38,20.5,226859,-64.54,-29.0,0.295
2021-10-11T06:52:19.000,17.59,-5.38,1.0,20.38,20.5,226860,-64.58,-29.0,0.295
2021-10-11T06:53:19.000,17.59,-5.4,0.99,20.39,20.5,226861,-64.61,-30.0,0.295
2021-10-11T06:55:19.000,17.57,-5.42,0.99,20.4,20.5,226863,-64.68,-30.0,0.295
2021-10-11T06:56:19.000,17.56,-5.45,0.98,20.4,20.5,226864,-64.71,-30.0,0.295
2021-10-11T06:57:19.000,17.53,-5.47,0.98,20.4,20.5,226865,-64.74,-30.0,0.295
2021-10-11T06:58:20.000,17.5,-5.5,0.98,20.4,20.5,226866,-64.77,-31.0,0.295
2021-10-11T06:59:20.000,17.48,-5.51,0.98,20.4,20.5,226867,-64.79,-31.0,0.295
2021-10-11T07:00:20.000,17.46,-5.57,0.98,20.41,20.5,226868,-64.81,-31.0,0.296
2021-10-11T07:02:20.000,17.4,-5.64,0.96,20.42,20.5,226870,-64.85,-31.0,0.296
2021-10-11T07:03:20.000,17.31,-5.99,0.96,20.42,20.5,226871,-64.86,-32.0,0.296
2021-10-11T07:04:20.000,17.25,-5.61,0.96,20.42,20.5,226872,-64.88,-32.0,0.296
2021-10-11T07:05:20.000,17.27,-5.63,0.96,20.43,20.5,226873,-64.89,-32.0,0.296
2021-10-11T07:06:20.000,17.26,-5.69,0.96,20.43,20.5,226874,-64.9,-32.0,0.296
2021-10-11T07:07:20.000,17.26,-5.67,0.96,20.43,20.5,226875,-64.9,-32.0,0.296
2021-10-11T07:08:20.000,17.26,-5.58,0.96,20.43,20.5,226876,-64.91,-33.0,0.296
2021-10-11T07:09:20.000,17.22,-5.84,0.96,20.43,20.5,226877,-64.91,-33.0,0.296
2021-10-11T07:11:20.000,17.17,-5.53,0.96,20.43,20.5,226879,-64.91,-33.0,0.296
2021-10-11T07:12:21.000,17.17,-5.64,0.96,20.43,20.5,226880,-64.9,-33.0,0.296
2021-10-11T07:14:20.000,17.11,-5.61,0.95,20.43,20.5,226882,-64.89,-34.0,0.297
2021-10-11T07:15:21.000,17.09,-5.73,0.95,20.43,20.5,226883,-64.88,-34.0,0.297
2021-10-11T07:16:21.000,17.07,-5.66,0.95,20.43,20.5,226884,-64.87,-34.0,0.297
2021-10-11T07:18:21.000,17.07,-5.64,0.95,20.44,20.5,226886,-64.83,-35.0,0.297
2021-10-11T07:19:21.000,17.07,-5.63,0.95,20.44,20.5,226887,-64.81,-35.0,0.297
2021-10-11T07:20:21.000,17.07,-5.62,0.94,20.44,20.5,226888,-64.79,-35.0,0.297
2021-10-11T07:21:21.000,17.05,-5.68,0.94,20.44,20.5,226889,-64.77,-35.0,0.297
2021-10-11T07:22:21.000,17.03,-5.68,0.94,20.44,20.5,226890,-64.74,-35.0,0.297
2021-10-11T07:23:21.000,17.01,-5.72,0.94,20.44,20.5,226891,-64.72,-36.0,0.297
2021-10-11T07:24:21.000,16.98,-5.76,0.94,20.44,20.5,226892,-64.69,-36.0,0.297
2021-10-11T07:25:21.000,16.94,-5.76,0.94,20.44,20.5,226893,-64.65,-36.0,0.297
2021-10-11T07:26:21.000,16.93,-5.78,0.94,20.44,20.5,226894,-64.62,-36.0,0.297
2021-10-11T07:27:21.000,16.91,-5.82,0.94,20.44,20.5,226895,-64.58,-36.0,0.298
2021-10-11T07:28:21.000,16.88,-5.92,0.94,20.44,20.5,226896,-64.55,-37.0,0.298
2021-10-11T07:29:24.000,16.85,-5.85,0.94,20.44,20.5,226897,-64.5,-37.0,0.298
2021-10-11T07:30:24.000,16.82,-5.82,0.94,20.45,20.5,226898,-64.46,-37.0,0.298
2021-10-11T07:31:24.000,16.8,-5.83,0.94,20.45,20.5,226899,-64.42,-37.0,0.298
2021-10-11T07:32:24.000,16.79,-5.76,0.94,20.44,20.5,226900,-64.37,-37.0,0.298
2021-10-11T07:33:24.000,16.79,-5.67,0.94,20.44,20.5,226901,-64.32,-38.0,0.298
2021-10-11T07:34:25.000,16.8,-5.69,0.94,20.44,20.5,226902,-64.27,-38.0,0.298
2021-10-11T07:35:25.000,16.78,-5.84,0.94,20.44,20.5,226903,-64.22,-38.0,0.298
2021-10-11T07:36:25.000,16.76,-5.81,0.94,20.44,20.5,226904,-64.16,-38.0,0.298
2021-10-11T07:37:25.000,16.76,-5.79,0.94,20.44,20.5,226905,-64.11,-38.0,0.298
2021-10-11T07:38:29.000,16.75,-5.83,0.95,20.44,20.5,226906,-64.04,-39.0,0.298
2021-10-11T07:39:29.000,16.72,-5.85,0.94,20.44,20.5,226907,-63.98,-39.0,0.298
2021-10-11T07:40:29.000,16.69,-5.89,0.95,20.44,20.5,226908,-63.92,-39.0,0.299
2021-10-11T07:41:29.000,16.68,-5.84,0.94,20.45,20.5,226909,-63.86,-39.0,0.299
2021-10-11T07:42:29.000,16.63,-5.84,0.94,20.44,20.5,226910,-63.79,-39.0,0.299
2021-10-11T07:43:29.000,16.62,-5.83,0.94,20.44,20.5,226911,-63.72,-40.0,0.299
2021-10-11T07:44:29.000,16.61,-5.85,0.94,20.44,20.5,226912,-63.65,-40.0,0.299
2021-10-11T07:45:29.000,16.6,-5.87,0.94,20.45,20.5,226913,-63.58,-40.0,0.299
2021-10-11T07:46:29.000,16.59,-5.85,0.94,20.45,20.5,226914,-63.51,-40.0,0.299
2021-10-11T07:47:29.000,16.57,-5.88,0.94,20.45,20.5,226915,-63.43,-40.0,0.299
2021-10-11T07:48:29.000,16.55,-5.89,0.94,20.44,20.5,226916,-63.35,-41.0,0.299
2021-10-11T07:49:29.000,16.53,-5.93,0.94,20.44,20.5,226917,-63.27,-41.0,0.299
2021-10-11T07:50:29.000,16.5,-5.89,0.94,20.44,20.5,226918,-63.19,-41.0,0.299
2021-10-11T07:51:29.000,16.48,-5.94,0.94,20.44,20.5,226919,-63.11,-41.0,0.299
2021-10-11T07:52:30.000,16.47,-5.84,0.94,20.44,20.5,226920,-63.02,-41.0,0.299
2021-10-11T07:53:30.000,16.45,-5.96,0.94,20.44,20.5,226921,-62.94,-42.0,0.299
2021-10-11T07:54:30.000,16.44,-5.91,0.94,20.44,20.5,226922,-62.85,-42.0,0.3
2021-10-11T07:55:30.000,16.43,-5.81,0.94,20.44,20.5,226923,-62.76,-42.0,0.3
