Downloads/jupyter/ECSV/stars19/stars19_2021-03.ecsv
# %ECSV 1.0
# ---
# datatype:
# - {name: time, datatype: string}
# - {name: Enclosure Temperature, unit: deg_C, datatype: float64}
# - {name: Sky Temperature, unit: deg_C, datatype: float64}
# - {name: Frequency, unit: Hz, datatype: float64}
# - {name: MSAS, unit: mag / arcsec2, datatype: float64}
# - {name: ZP, datatype: float64}
# - {name: Sequence Number, datatype: int64}
# - {name: Sun Alt, unit: deg, datatype: float64}
# - {name: Moon Alt, unit: deg, datatype: float64}
# - {name: Moon Illumination, datatype: float64}
# delimiter: ','
# meta: !!omap
# - ida:
#     Data supplier: {affiliation: null, observer: null}
#     Device type: TESS-W
#     Field of view: 17.0
#     Filters per channel: None
#     Instrument ID: stars19
#     License: ODbL 1.0 http://opendatacommons.org/licenses/odbl/summary/
#     Local timezone: America/Phoenix
#     Location name: {country: '- Tucson', place: Tucson, region: United States, sub_region: Arizona, town: Pima County}
#     Measurement direction per channel: {azimuth: 0.0, zenital: 0.0}
#     Moving / Fixed look direction: FIXED
#     Moving / Stationary position: STATIONARY
#     Number of channels: 1
#     Number of fields per line: 8
#     Number of header lines: 35
#     Position: {height: 0.0, latitude: 32.223877, longitude: -110.767532}
#     TESS MAC address: 18:FE:34:CF:EC:06
#     TESS cover offset value: 0.0
#     TESS firmware version: '1.0'
#     TESS zero point: 20.5
#     Time Synchronization: timestamp added by MQTT subscriber
#     URL: http://www.darksky.org/NSBM/sdf1.0.pdf
# - __serialized_columns__:
#     Enclosure Temperature:
#       __class__: astropy.units.quantity.Quantity
#       unit: &id001 !astropy.units.Unit {unit: deg_C}
#       value: !astropy.table.SerializedColumn {name: Enclosure Temperature}
#     Frequency:
#       __class__: astropy.units.quantity.Quantity
#       unit: !astropy.units.Unit {unit: Hz}
#       value: !astropy.table.SerializedColumn {name: Frequency}
#     MSAS:
#       __class__: astropy.units.quantity.Quantity
#       unit: !astropy.units.Unit {unit: mag / arcsec2}
#       value: !astropy.table.SerializedColumn {name: MSAS}
#     Moon Alt:
#       __class__: astropy.units.quantity.Quantity
#       unit: &id002 !astropy.units.Unit {unit: deg}
#       value: !astropy.table.SerializedColumn {name: Moon Alt}
#     Sky Temperature:
#       __class__: astropy.units.quantity.Quantity
#       unit: *id001
#       value: !astropy.table.SerializedColumn {name: Sky Temperature}
#     Sun Alt:
#       __class__: astropy.units.quantity.Quantity
#       unit: *id002
#       value: !astropy.table.SerializedColumn {name: Sun Alt}
#     time:
#       __class__: astropy.time.core.Time
#       format: isot
#       in_subfmt: '*'
#       out_subfmt: '*'
#       precision: 3
#       scale: utc
#       value: !astropy.table.SerializedColumn {name: time}
# schema: astropy-2.0
time,Enclosure Temperature,Sky Temperature,Frequency,MSAS,ZP,Sequence Number,Sun Alt,Moon Alt,Moon Illumination
[from data line 4065]
2021-03-05T21:07:53.000,52.62,2.75,0.0,0.0,20.5,54020,46.02,-36.0,0.522
2021-03-05T21:17:55.000,51.3,2.52,0.0,0.0,20.5,54030,44.77,-38.0,0.521
2021-03-05T21:18:55.000,51.29,4.08,0.0,0.0,20.5,54031,44.64,-38.0,0.521
2021-03-05T21:20:00.000,51.45,3.9,0.0,0.0,20.5,54032,44.5,-38.0,0.521
2021-03-05T21:23:00.000,51.24,3.96,0.0,0.0,20.5,54035,44.11,-39.0,0.521
2021-03-05T21:24:00.000,51.33,4.11,0.0,0.0,20.5,54036,43.97,-39.0,0.521
2021-03-05T21:28:01.000,51.72,2.64,0.0,0.0,20.5,54040,43.43,-40.0,0.52
2021-03-05T21:29:02.000,51.52,2.64,0.0,0.0,20.5,54041,43.29,-40.0,0.52
2021-03-05T21:30:02.000,51.55,3.88,0.0,0.0,20.5,54042,43.15,-40.0,0.52
2021-03-05T21:34:03.000,52.25,4.42,0.0,0.0,20.5,54046,42.58,-41.0,0.52
2021-03-05T21:35:03.000,52.55,4.49,0.0,0.0,20.5,54047,42.44,-41.0,0.52
2021-03-05T21:36:03.000,52.66,3.33,0.0,0.0,20.5,54048,42.29,-41.0,0.52
2021-03-05T21:38:03.000,52.02,3.43,0.0,0.0,20.5,54050,42.01,-42.0,0.519
2021-03-05T21:41:04.000,52.22,4.19,0.0,0.0,20.5,54053,41.56,-42.0,0.519
2021-03-05T21:42:04.000,52.26,3.97,0.0,0.0,20.5,54054,41.42,-43.0,0.519
2021-03-05T21:46:05.000,51.15,2.98,0.0,0.0,20.5,54058,40.82,-43.0,0.519
2021-03-05T21:47:05.000,50.73,2.63,0.0,0.0,20.5,54059,40.66,-44.0,0.519
2021-03-05T21:48:06.000,50.37,1.94,0.0,0.0,20.5,54060,40.51,-44.0,0.519
2021-03-05T21:54:07.000,48.89,3.4,0.0,0.0,20.5,54066,39.58,-45.0,0.518
2021-03-05T21:55:07.000,48.45,1.23,0.0,0.0,20.5,54067,39.42,-45.0,0.518
2021-03-05T21:56:07.000,47.59,1.25,0.0,0.0,20.5,54068,39.27,-45.0,0.518
2021-03-05T21:58:08.000,46.84,4.06,0.0,0.0,20.5,54070,38.95,-46.0,0.518
2021-03-05T21:59:08.000,46.82,2.71,0.0,0.0,20.5,54071,38.79,-46.0,0.518
2021-03-05T22:00:09.000,45.9,0.48,0.0,0.0,20.5,54072,38.63,-46.0,0.518
2021-03-05T22:01:09.000,44.64,-0.61,0.0,0.0,20.5,54073,38.47,-46.0,0.518
2021-03-05T22:05:10.000,40.88,-0.46,0.0,0.0,20.5,54077,37.82,-47.0,0.517
2021-03-05T22:06:10.000,40.2,0.14,0.0,0.0,20.5,54078,37.66,-47.0,0.517
2021-03-05T22:07:10.000,39.53,-0.24,0.0,0.0,20.5,54079,37.49,-48.0,0.517
2021-03-05T22:13:12.000,37.09,1.32,0.0,0.0,20.5,54085,36.49,-49.0,0.517
2021-03-05T22:14:13.000,36.81,0.78,0.0,0.0,20.5,54086,36.32,-49.0,0.517
2021-03-05T22:15:13.000,36.48,1.09,0.0,0.0,20.5,54087,36.16,-49.0,0.517
2021-03-05T22:17:13.000,36.13,1.19,0.0,0.0,20.5,54089,35.82,-50.0,0.516
2021-03-05T22:18:14.000,35.97,1.42,0.0,0.0,20.5,54090,35.65,-50.0,0.516
2021-03-05T22:19:14.000,35.84,1.6,0.0,0.0,20.5,54091,35.48,-50.0,0.516
2021-03-05T22:25:16.000,35.22,1.42,0.0,0.0,20.5,54097,34.44,-51.0,0.516
2021-03-05T22:26:16.000,35.11,0.67,0.0,0.0,20.5,54098,34.27,-52.0,0.516
2021-03-05T22:27:16.000,34.89,1.07,0.0,0.0,20.5,54099,34.1,-52.0,0.516
2021-03-05T22:31:17.000,34.82,1.45,0.0,0.0,20.5,54103,33.39,-53.0,0.515
2021-03-05T22:32:17.000,34.75,1.42,0.0,0.0,20.5,54104,33.22,-53.0,0.515
2021-03-05T22:33:18.000,34.71,1.33,0.0,0.0,20.5,54105,33.04,-53.0,0.515
2021-03-05T22:34:18.000,34.63,1.38,0.0,0.0,20.5,54106,32.86,-53.0,0.515
2021-03-05T22:35:18.000,34.61,1.71,0.0,0.0,20.5,54107,32.68,-53.0,0.515
2021-03-05T22:36:18.000,34.62,1.91,0.0,0.0,20.5,54108,32.51,-54.0,0.515
2021-03-05T22:42:19.000,33.19,0.13,0.0,0.0,20.5,54114,31.43,-55.0,0.514
2021-03-05T22:43:19.000,33.1,1.42,0.0,0.0,20.5,54115,31.25,-55.0,0.514
2021-03-05T22:44:19.000,32.86,0.83,0.0,0.0,20.5,54116,31.07,-55.0,0.514
2021-03-05T22:45:20.000,32.84,1.7,0.0,0.0,20.5,54117,30.88,-55.0,0.514
2021-03-05T22:46:20.000,32.76,1.42,0.0,0.0,20.5,54118,30.7,-56.0,0.514
2021-03-05T22:47:20.000,32.74,1.39,0.0,0.0,20.5,54119,30.52,-56.0,0.514
2021-03-05T22:50:20.000,32.66,1.68,0.0,0.0,20.5,54122,29.97,-56.0,0.514
2021-03-05T22:51:21.000,32.6,1.38,0.0,0.0,20.5,54123,29.79,-57.0,0.514
2021-03-05T22:52:21.000,32.56,1.72,0.0,0.0,20.5,54124,29.6,-57.0,0.514
2021-03-05T22:53:21.000,32.56,1.89,0.0,0.0,20.5,54125,29.42,-57.0,0.514
2021-03-05T22:54:21.000,32.33,0.86,0.0,0.0,20.5,54126,29.23,-57.0,0.513
2021-03-05T22:56:21.000,32.24,1.59,0.0,0.0,20.5,54128,28.86,-58.0,0.513
2021-03-05T22:57:22.000,32.15,1.11,0.0,0.0,20.5,54129,28.68,-58.0,0.513
2021-03-05T22:58:29.000,32.12,1.69,0.0,0.0,20.5,54130,28.47,-58.0,0.513
2021-03-05T23:08:33.000,31.58,1.08,0.0,0.0,20.5,54140,26.58,-60.0,0.512
2021-03-05T23:09:33.000,31.45,0.86,0.0,0.0,20.5,54141,26.39,-60.0,0.512
2021-03-05T23:10:34.000,31.29,0.74,0.0,0.0,20.5,54142,26.2,-60.0,0.512
2021-03-05T23:15:39.000,31.01,1.18,0.0,0.0,20.5,54147,25.23,-61.0,0.512
2021-03-05T23:16:39.000,31.0,1.26,0.0,0.0,20.5,54148,25.04,-62.0,0.512
2021-03-05T23:17:40.000,30.92,1.04,0.0,0.0,20.5,54149,24.84,-62.0,0.512
2021-03-05T23:27:43.000,30.56,0.85,0.0,0.0,20.5,54159,22.9,-64.0,0.511
2021-03-05T23:28:43.000,30.57,0.87,0.0,0.0,20.5,54160,22.71,-64.0,0.511
2021-03-05T23:29:43.000,30.46,0.56,0.0,0.0,20.5,54161,22.51,-64.0,0.511
2021-03-05T23:31:43.000,30.37,0.88,0.0,0.0,20.5,54163,22.12,-65.0,0.511
2021-03-05T23:32:44.000,30.47,1.35,0.0,0.0,20.5,54164,21.93,-65.0,0.51
2021-03-05T23:33:44.000,30.55,1.1,0.0,0.0,20.5,54165,21.73,-65.0,0.51
2021-03-05T23:45:46.000,30.08,0.94,0.0,0.0,20.5,54177,19.36,-67.0,0.509
2021-03-05T23:46:47.000,30.04,0.67,0.0,0.0,20.5,54178,19.16,-67.0,0.509
2021-03-05T23:47:47.000,29.96,0.36,0.0,0.0,20.5,54179,18.96,-68.0,0.509
2021-03-05T23:51:48.000,29.62,0.3,0.0,0.0,20.5,54183,18.16,-68.0,0.509
2021-03-05T23:52:48.000,29.63,0.67,0.0,0.0,20.5,54184,17.96,-69.0,0.509
2021-03-05T23:53:48.000,29.62,0.67,0.0,0.0,20.5,54185,17.76,-69.0,0.509
2021-03-05T23:54:48.000,29.58,0.32,0.0,0.0,20.5,54186,17.56,-69.0,0.509
2021-03-05T23:55:48.000,29.51,0.18,0.0,0.0,20.5,54187,17.36,-69.0,0.509
2021-03-05T23:58:55.000,29.59,0.59,0.0,0.0,20.5,54190,16.73,-70.0,0.508
2021-03-05T23:59:55.000,29.59,0.55,0.0,0.0,20.5,54191,16.53,-70.0,0.508
2021-03-06T00:00:55.000,29.63,0.75,0.0,0.0,20.5,54192,16.33,-70.0,0.508
2021-03-06T00:02:00.000,29.64,0.64,0.0,0.0,20.5,54193,16.11,-70.0,0.508
2021-03-06T00:03:00.000,29.68,0.83,0.0,0.0,20.5,54194,15.91,-70.0,0.508
2021-03-06T00:04:01.000,29.59,0.32,0.0,0.0,20.5,54195,15.71,-71.0,0.508
2021-03-06T00:08:02.000,29.21,0.15,0.0,0.0,20.5,54199,14.9,-71.0,0.508
2021-03-06T00:09:03.000,29.12,0.17,0.0,0.0,20.5,54200,14.69,-72.0,0.508
2021-03-06T00:10:03.000,29.16,0.54,0.0,0.0,20.5,54201,14.49,-72.0,0.508
2021-03-06T00:12:04.000,29.12,0.3,0.0,0.0,20.5,54203,14.08,-72.0,0.507
2021-03-06T00:13:04.000,29.13,0.44,0.0,0.0,20.5,54204,13.87,-72.0,0.507
2021-03-06T00:14:04.000,29.01,-0.26,0.0,0.0,20.5,54205,13.67,-72.0,0.507
2021-03-06T00:15:05.000,28.83,-0.25,0.0,0.0,20.5,54206,13.46,-73.0,0.507
2021-03-06T00:16:05.000,28.87,0.55,0.0,0.0,20.5,54207,13.26,-73.0,0.507
2021-03-06T00:18:05.000,28.91,0.46,0.0,0.0,20.5,54209,12.85,-73.0,0.507
2021-03-06T00:19:06.000,28.98,0.59,0.0,0.0,20.5,54210,12.65,-73.0,0.507
2021-03-06T00:20:07.000,29.08,0.66,0.0,0.0,20.5,54211,12.44,-73.0,0.507
2021-03-06T00:29:09.000,28.71,-0.28,0.0,0.0,20.5,54220,10.59,-75.0,0.506
2021-03-06T00:30:09.000,28.62,-0.16,0.0,0.0,20.5,54221,10.38,-75.0,0.506
2021-03-06T00:31:09.000,28.61,-0.13,0.0,0.0,20.5,54222,10.18,-75.0,0.506
2021-03-06T00:46:11.000,27.87,-0.59,0.0,0.0,20.5,54237,7.07,-78.0,0.505
2021-03-06T00:48:12.000,27.8,-0.67,0.0,0.0,20.5,54239,6.66,-78.0,0.505
2021-03-06T00:49:12.000,27.71,-1.13,0.0,0.0,20.5,54240,6.45,-78.0,0.504
2021-03-06T00:50:12.000,27.62,-0.98,0.0,0.0,20.5,54241,6.24,-78.0,0.504
2021-03-06T00:52:13.000,27.53,-1.11,0.0,0.0,20.5,54243,5.82,-78.0,0.504
2021-03-06T00:53:13.000,27.45,-1.23,0.0,0.0,20.5,54244,5.61,-78.0,0.504
2021-03-06T00:54:13.000,27.35,-1.28,0.0,0.0,20.5,54245,5.41,-79.0,0.504
2021-03-06T00:58:14.000,27.2,-1.23,0.0,0.0,20.5,54249,4.57,-79.0,0.504
2021-03-06T00:59:14.000,27.15,-1.23,0.0,0.0,20.5,54250,4.36,-79.0,0.504
2021-03-06T01:00:15.000,27.1,-1.36,0.0,0.0,20.5,54251,4.15,-79.0,0.504
2021-03-06T01:01:15.000,27.0,-1.45,0.0,0.0,20.5,54252,3.94,-79.0,0.504
2021-03-06T01:02:16.000,26.88,-1.7,0.23,0.09,20.5,54253,3.73,-79.0,0.503
2021-03-06T01:03:16.000,26.75,-1.77,0.16,0.09,20.5,54254,3.52,-80.0,0.503
2021-03-06T01:04:16.000,26.67,-1.71,0.0,0.0,20.5,54255,3.31,-80.0,0.503
2021-03-06T01:05:17.000,26.58,-1.75,0.28,0.09,20.5,54256,3.1,-80.0,0.503
2021-03-06T01:06:17.000,26.53,-1.66,0.0,0.0,20.5,54257,2.89,-80.0,0.503
2021-03-06T01:08:18.000,26.52,-1.54,0.0,0.0,20.5,54259,2.47,-80.0,0.503
2021-03-06T01:09:18.000,26.45,-1.78,0.0,0.0,20.5,54260,2.26,-80.0,0.503
2021-03-06T01:10:18.000,26.37,-1.87,0.0,0.0,20.5,54261,2.05,-80.0,0.503
2021-03-06T01:13:19.000,26.1,-2.13,0.0,0.0,20.5,54264,1.42,-80.0,0.503
2021-03-06T01:14:19.000,26.03,-2.07,0.0,0.0,20.5,54265,1.21,-80.0,0.503
2021-03-06T01:15:20.000,25.96,-2.26,0.0,0.0,20.5,54266,0.99,-80.0,0.502
2021-03-06T01:17:22.000,25.84,-2.27,0.0,0.0,20.5,54268,0.57,-80.0,0.502
2021-03-06T01:18:22.000,25.72,-2.45,0.0,0.0,20.5,54269,0.36,-81.0,0.502
2021-03-06T01:21:23.000,25.53,-2.47,0.0,0.0,20.5,54272,-0.28,-81.0,0.502
2021-03-06T01:29:23.000,25.06,-3.17,50489.91,8.62,20.5,54280,-1.96,-81.0,0.501
2021-03-06T01:30:24.000,24.96,-3.01,43115.96,8.79,20.5,54281,-2.17,-81.0,0.501
2021-03-06T01:31:24.000,24.9,-3.04,36079.14,9.06,20.5,54282,-2.38,-81.0,0.501
2021-03-06T01:32:24.000,24.83,-3.07,30601.91,9.17,20.5,54283,-2.59,-80.0,0.501
2021-03-06T01:33:25.000,24.8,-2.83,25441.36,9.37,20.5,54284,-2.81,-80.0,0.501
2021-03-06T01:34:25.000,24.72,-3.06,20951.62,9.58,20.5,54285,-3.02,-80.0,0.501
2021-03-06T01:35:25.000,24.68,-3.04,17078.09,9.8,20.5,54286,-3.23,-80.0,0.501
2021-03-06T01:36:25.000,24.63,-3.07,13756.2,10.04,20.5,54287,-3.44,-80.0,0.501
2021-03-06T01:37:25.000,24.51,-3.48,10977.21,10.28,20.5,54288,-3.65,-80.0,0.501
2021-03-06T01:40:26.000,24.44,-3.11,5266.07,11.08,20.5,54291,-4.29,-80.0,0.5
2021-03-06T01:41:26.000,24.41,-3.21,4055.02,11.36,20.5,54292,-4.5,-80.0,0.5
2021-03-06T01:42:26.000,24.34,-3.2,3114.36,11.65,20.5,54293,-4.71,-80.0,0.5
2021-03-06T01:43:27.000,24.26,-3.38,2387.29,11.94,20.5,54294,-4.92,-80.0,0.5
2021-03-06T01:44:27.000,24.27,-3.11,1825.29,12.23,20.5,54295,-5.13,-80.0,0.5
2021-03-06T01:45:27.000,24.26,-3.21,1398.52,12.52,20.5,54296,-5.34,-80.0,0.5
2021-03-06T01:46:27.000,24.26,-3.23,1073.66,12.81,20.5,54297,-5.55,-80.0,0.5
2021-03-06T01:47:28.000,24.23,-3.26,822.47,13.1,20.5,54298,-5.77,-80.0,0.5
2021-03-06T01:48:28.000,24.21,-3.27,628.98,13.39,20.5,54299,-5.98,-79.0,0.5
2021-03-06T01:49:28.000,24.08,-3.68,481.35,13.68,20.5,54300,-6.19,-79.0,0.5
2021-03-06T01:50:28.000,24.04,-3.35,368.36,13.97,20.5,54301,-6.4,-79.0,0.5
2021-03-06T01:51:28.000,24.05,-3.35,281.82,14.26,20.5,54302,-6.61,-79.0,0.5
2021-03-06T01:52:29.000,23.98,-3.55,216.2,14.55,20.5,54303,-6.83,-79.0,0.5
2021-03-06T01:53:29.000,23.97,-3.38,166.54,14.83,20.5,54304,-7.04,-79.0,0.499
2021-03-06T01:54:29.000,23.95,-3.44,128.72,15.11,20.5,54305,-7.25,-79.0,0.499
2021-03-06T01:55:29.000,23.93,-3.58,99.91,15.38,20.5,54306,-7.46,-79.0,0.499
2021-03-06T01:56:29.000,23.89,-3.66,77.95,15.65,20.5,54307,-7.67,-79.0,0.499
2021-03-06T01:57:30.000,23.83,-3.68,61.32,15.91,20.5,54308,-7.89,-78.0,0.499
2021-03-06T01:59:37.000,23.7,-3.88,39.29,16.4,20.5,54310,-8.34,-78.0,0.499
2021-03-06T02:00:37.000,23.6,-4.02,30.9,16.66,20.5,54311,-8.55,-78.0,0.499
2021-03-06T02:01:37.000,23.55,-3.82,25.27,16.88,20.5,54312,-8.76,-78.0,0.499
2021-03-06T02:02:38.000,23.53,-3.82,20.69,17.09,20.5,54313,-8.97,-78.0,0.499
2021-03-06T02:03:38.000,23.54,-3.8,17.1,17.3,20.5,54314,-9.18,-78.0,0.499
2021-03-06T02:04:38.000,23.5,-3.9,14.2,17.5,20.5,54315,-9.4,-77.0,0.499
2021-03-06T02:05:39.000,23.46,-3.88,11.82,17.7,20.5,54316,-9.61,-77.0,0.498
2021-03-06T02:06:39.000,23.45,-3.86,9.94,17.89,20.5,54317,-9.82,-77.0,0.498
2021-03-06T02:07:40.000,23.38,-4.09,8.41,18.07,20.5,54318,-10.04,-77.0,0.498
2021-03-06T02:08:40.000,23.27,-4.24,7.15,18.25,20.5,54319,-10.25,-77.0,0.498
2021-03-06T02:09:40.000,23.19,-4.17,6.15,18.41,20.5,54320,-10.46,-77.0,0.498
2021-03-06T02:10:40.000,23.15,-4.15,5.33,18.56,20.5,54321,-10.67,-77.0,0.498
2021-03-06T02:11:41.000,23.09,-4.16,4.62,18.72,20.5,54322,-10.89,-76.0,0.498
2021-03-06T02:12:48.000,23.03,-4.35,4.09,18.85,20.5,54323,-11.12,-76.0,0.498
2021-03-06T02:13:48.000,23.02,-4.16,3.6,18.99,20.5,54324,-11.33,-76.0,0.498
2021-03-06T02:14:48.000,22.99,-4.2,3.23,19.11,20.5,54325,-11.54,-76.0,0.498
2021-03-06T02:15:48.000,22.95,-4.23,2.92,19.22,20.5,54326,-11.76,-76.0,0.498
2021-03-06T02:19:49.000,22.95,-4.37,2.19,19.53,20.5,54330,-12.61,-75.0,0.497
2021-03-06T02:21:50.000,22.85,-4.41,1.98,19.64,20.5,54332,-13.03,-75.0,0.497
2021-03-06T02:30:50.000,22.62,-4.3,1.61,19.86,20.5,54341,-14.93,-73.0,0.497
2021-03-06T02:34:51.000,22.65,-4.44,1.58,19.89,20.5,54345,-15.78,-73.0,0.496
2021-03-06T02:35:51.000,22.63,-4.51,1.57,19.89,20.5,54346,-15.99,-72.0,0.496
2021-03-06T02:36:51.000,22.61,-4.62,1.6,19.87,20.5,54347,-16.2,-72.0,0.496
2021-03-06T02:37:52.000,22.54,-4.62,1.68,19.82,20.5,54348,-16.42,-72.0,0.496
2021-03-06T02:38:52.000,22.53,-4.64,1.57,19.89,20.5,54349,-16.63,-72.0,0.496
2021-03-06T02:39:52.000,22.51,-4.66,1.57,19.89,20.5,54350,-16.84,-72.0,0.496
2021-03-06T02:40:52.000,22.42,-4.83,1.57,19.89,20.5,54351,-17.05,-72.0,0.496
2021-03-06T02:41:52.000,22.37,-4.79,1.56,19.9,20.5,54352,-17.26,-71.0,0.496
2021-03-06T02:43:53.000,22.32,-4.79,1.56,19.9,20.5,54354,-17.69,-71.0,0.495
2021-03-06T02:44:53.000,22.28,-4.68,1.57,19.89,20.5,54355,-17.9,-71.0,0.495
2021-03-06T02:45:53.000,22.31,-4.67,1.65,19.84,20.5,54356,-18.11,-71.0,0.495
2021-03-06T02:46:54.000,22.26,-4.83,1.54,19.91,20.5,54357,-18.32,-70.0,0.495
2021-03-06T02:47:54.000,22.21,-4.83,1.52,19.92,20.5,54358,-18.53,-70.0,0.495
2021-03-06T02:48:54.000,22.14,-5.08,1.53,19.92,20.5,54359,-18.74,-70.0,0.495
2021-03-06T02:49:54.000,22.14,-4.69,1.52,19.93,20.5,54360,-18.95,-70.0,0.495
2021-03-06T02:50:54.000,22.15,-4.82,1.51,19.93,20.5,54361,-19.16,-70.0,0.495
2021-03-06T02:51:55.000,22.05,-4.98,1.51,19.93,20.5,54362,-19.38,-70.0,0.495
2021-03-06T02:52:55.000,22.02,-4.88,1.5,19.94,20.5,54363,-19.59,-69.0,0.495
2021-03-06T02:53:55.000,22.02,-4.99,1.5,19.94,20.5,54364,-19.8,-69.0,0.495
2021-03-06T02:54:55.000,21.95,-5.13,1.5,19.94,20.5,54365,-20.01,-69.0,0.495
2021-03-06T02:55:55.000,21.88,-5.01,1.5,19.94,20.5,54366,-20.22,-69.0,0.495
2021-03-06T02:56:56.000,21.86,-4.92,1.5,19.94,20.5,54367,-20.43,-69.0,0.494
2021-03-06T02:58:56.000,21.76,-5.08,1.48,19.95,20.5,54369,-20.85,-68.0,0.494
2021-03-06T02:59:56.000,21.72,-5.09,1.48,19.95,20.5,54370,-21.06,-68.0,0.494
2021-03-06T03:00:56.000,21.67,-5.09,1.48,19.96,20.5,54371,-21.27,-68.0,0.494
2021-03-06T03:02:00.000,21.64,-5.12,1.47,19.96,20.5,54372,-21.49,-68.0,0.494
2021-03-06T03:03:00.000,21.6,-5.02,1.47,19.96,20.5,54373,-21.7,-67.0,0.494
2021-03-06T03:04:00.000,21.52,-5.13,1.47,19.96,20.5,54374,-21.91,-67.0,0.494
2021-03-06T03:05:01.000,21.48,-5.11,1.47,19.96,20.5,54375,-22.13,-67.0,0.494
2021-03-06T03:06:01.000,21.5,-4.97,1.47,19.96,20.5,54376,-22.34,-67.0,0.494
2021-03-06T03:07:01.000,21.5,-4.96,1.47,19.96,20.5,54377,-22.55,-67.0,0.494
2021-03-06T03:08:02.000,21.51,-4.92,1.47,19.96,20.5,54378,-22.76,-67.0,0.494
2021-03-06T03:09:02.000,21.51,-4.95,1.46,19.97,20.5,54379,-22.97,-66.0,0.494
2021-03-06T03:10:02.000,21.47,-5.14,1.46,19.97,20.5,54380,-23.18,-66.0,0.493
2021-03-06T03:11:02.000,21.44,-5.08,1.46,19.97,20.5,54381,-23.39,-66.0,0.493
2021-03-06T03:12:03.000,21.4,-5.09,1.46,19.97,20.5,54382,-23.6,-66.0,0.493
2021-03-06T03:13:03.000,21.38,-5.16,1.46,19.97,20.5,54383,-23.81,-66.0,0.493
2021-03-06T03:14:03.000,21.3,-5.26,1.45,19.97,20.5,54384,-24.02,-65.0,0.493
2021-03-06T03:15:04.000,21.27,-5.22,1.46,19.97,20.5,54385,-24.23,-65.0,0.493
2021-03-06T03:16:04.000,21.25,-5.14,1.46,19.97,20.5,54386,-24.44,-65.0,0.493
2021-03-06T03:17:04.000,21.22,-5.3,1.46,19.97,20.5,54387,-24.65,-65.0,0.493
2021-03-06T03:18:04.000,21.16,-5.26,1.45,19.97,20.5,54388,-24.86,-65.0,0.493
2021-03-06T03:19:04.000,21.16,-5.19,1.45,19.97,20.5,54389,-25.06,-64.0,0.493
2021-03-06T03:20:05.000,21.21,-4.95,1.45,19.98,20.5,54390,-25.28,-64.0,0.493
2021-03-06T03:21:05.000,21.24,-5.15,1.45,19.97,20.5,54391,-25.48,-64.0,0.493
2021-03-06T03:32:06.000,21.06,-5.26,1.41,20.01,20.5,54402,-27.77,-62.0,0.492
