Downloads/jupyter/ECSV/stars19/stars19_2020-09.ecsv
# %ECSV 1.0
# ---
# datatype:
# - {name: time, datatype: string}
# - {name: Enclosure Temperature, unit: deg_C, datatype: float64}
# - {name: Sky Temperature, unit: deg_C, datatype: float64}
# - {name: Frequency, unit: Hz, datatype: float64}
# - {name: MSAS, unit: mag / arcsec2, datatype: float64}
# - {name: ZP, datatype: float64}
# - {name: Sequence Number, datatype: int64}
# - {name: Sun Alt, unit: deg, datatype: float64}
# - {name: Moon Alt, unit: deg, datatype: float64}
# - {name: Moon Illumination, datatype: float64}
# delimiter: ','
# meta: !!omap
# - ida:
#     Data supplier: {affiliation: null, observer: null}
#     Device type: TESS-W
#     Field of view: 17.0
#     Filters per channel: None
#     Instrument ID: stars19
#     License: ODbL 1.0 http://opendatacommons.org/licenses/odbl/summary/
#     Local timezone: America/Phoenix
#     Location name: {country: '- Tucson', place: Tucson, region: United States, sub_region: Arizona, town: Pima County}
#     Measurement direction per channel: {azimuth: 0.0, zenital: 0.0}
#     Moving / Fixed look direction: FIXED
#     Moving / Stationary position: STATIONARY
#     Number of channels: 1
#     Number of fields per line: 8
#     Number of header lines: 35
#     Position: {height: 0.0, latitude: 32.223877, longitude: -110.767532}
#     TESS MAC address: 18:FE:34:CF:EC:06
#     TESS cover offset value: 0.0
#     TESS firmware version: '1.0'
#     TESS zero point: 20.5
#     Time Synchronization: timestamp added by MQTT subscriber
#     URL: http://www.darksky.org/NSBM/sdf1.0.pdf
# - __serialized_columns__:
#     Enclosure Temperature:
#       __class__: astropy.units.quantity.Quantity
#       unit: &id001 !astropy.units.Unit {unit: deg_C}
#       value: !astropy.table.SerializedColumn {name: Enclosure Temperature}
#     Frequency:
#       __class__: astropy.units.quantity.Quantity
#       unit: !astropy.units.Unit {unit: Hz}
#       value: !astropy.table.SerializedColumn {name: Frequency}
#     MSAS:
#       __class__: astropy.units.quantity.Quantity
#       unit: !astropy.units.Unit {unit: mag / arcsec2}
#       value: !astropy.table.SerializedColumn {name: MSAS}
#     Moon Alt:
#       __class__: astropy.units.quantity.Quantity
#       unit: &id002 !astropy.units.Unit {unit: deg}
#       value: !astropy.table.SerializedColumn {name: Moon Alt}
#     Sky Temperature:
#       __class__: astropy.units.quantity.Quantity
#       unit: *id001
#       value: !astropy.table.SerializedColumn {name: Sky Temperature}
#     Sun Alt:
#       __class__: astropy.units.quantity.Quantity
#       unit: *id002
#       value: !astropy.table.SerializedColumn {name: Sun Alt}
#     time:
#       __class__: astropy.time.core.Time
#       format: isot
#       in_subfmt: '*'
#       out_subfmt: '*'
#       precision: 3
#       scale: utc
#       value: !astropy.table.SerializedColumn {name: time}
# schema: astropy-2.0
time,Enclosure Temperature,Sky Temperature,Frequency,MSAS,ZP,Sequence Number,Sun Alt,Moon Alt,Moon Illumination
[from data line 2150]
2020-09-03T16:57:36.000,53.89,22.87,0.0,0.0,20.5,19567,48.12,-34.0,0.977
2020-09-03T16:58:36.000,54.33,22.97,0.0,0.0,20.5,19568,48.3,-34.0,0.977
2020-09-03T17:10:39.000,55.51,21.42,0.0,0.0,20.5,19580,50.49,-37.0,0.977
2020-09-03T17:11:40.000,55.46,22.62,0.0,0.0,20.5,19581,50.68,-37.0,0.977
2020-09-03T17:12:40.000,55.72,22.61,0.0,0.0,20.5,19582,50.85,-37.0,0.977
2020-09-03T17:14:40.000,55.72,21.34,0.0,0.0,20.5,19584,51.21,-37.0,0.977
2020-09-03T17:15:40.000,55.7,22.58,0.0,0.0,20.5,19585,51.39,-38.0,0.977
2020-09-03T17:20:41.000,56.59,23.43,0.0,0.0,20.5,19590,52.26,-39.0,0.977
2020-09-03T17:21:41.000,56.77,22.89,0.0,0.0,20.5,19591,52.43,-39.0,0.977
2020-09-03T17:24:42.000,57.63,23.12,0.0,0.0,20.5,19594,52.95,-39.0,0.977
2020-09-03T17:26:42.000,57.65,22.33,0.0,0.0,20.5,19596,53.29,-40.0,0.977
2020-09-03T17:30:42.000,57.2,22.43,0.0,0.0,20.5,19600,53.96,-40.0,0.977
2020-09-03T17:33:42.000,57.36,21.75,0.0,0.0,20.5,19603,54.46,-41.0,0.977
2020-09-03T17:34:42.000,57.35,22.9,0.0,0.0,20.5,19604,54.63,-41.0,0.977
2020-09-03T17:35:42.000,57.66,23.5,0.0,0.0,20.5,19605,54.79,-41.0,0.977
2020-09-03T17:36:43.000,57.82,22.89,0.0,0.0,20.5,19606,54.95,-42.0,0.977
2020-09-03T17:37:43.000,57.99,23.2,0.0,0.0,20.5,19607,55.12,-42.0,0.977
2020-09-03T17:39:43.000,57.82,22.16,0.0,0.0,20.5,19609,55.44,-42.0,0.977
2020-09-03T17:45:44.000,58.76,22.57,0.0,0.0,20.5,19615,56.38,-43.0,0.976
2020-09-03T17:46:45.000,58.73,22.1,0.0,0.0,20.5,19616,56.54,-43.0,0.976
2020-09-03T17:47:45.000,58.39,21.0,0.0,0.0,20.5,19617,56.69,-44.0,0.976
2020-09-03T17:57:47.000,57.78,22.01,0.0,0.0,20.5,19627,58.18,-45.0,0.976
2020-09-03T17:58:47.000,57.84,22.43,0.0,0.0,20.5,19628,58.32,-45.0,0.976
2020-09-03T17:59:47.000,57.77,22.15,0.0,0.0,20.5,19629,58.46,-46.0,0.976
2020-09-03T18:09:49.000,59.16,22.91,0.0,0.0,20.5,19639,59.82,-47.0,0.976
2020-09-03T18:13:49.000,59.87,22.89,0.0,0.0,20.5,19643,60.33,-48.0,0.976
2020-09-03T18:14:49.000,59.93,23.08,0.0,0.0,20.5,19644,60.45,-48.0,0.976
2020-09-03T18:15:49.000,60.21,23.85,0.0,0.0,20.5,19645,60.58,-48.0,0.976
2020-09-03T18:16:49.000,60.41,23.51,0.0,0.0,20.5,19646,60.7,-49.0,0.976
2020-09-03T18:17:49.000,60.5,23.52,0.0,0.0,20.5,19647,60.82,-49.0,0.976
2020-09-03T18:20:50.000,60.75,22.74,0.0,0.0,20.5,19650,61.17,-49.0,0.976
2020-09-03T18:22:50.000,60.42,22.84,0.0,0.0,20.5,19652,61.4,-50.0,0.976
2020-09-03T18:31:51.000,61.31,23.43,0.0,0.0,20.5,19661,62.35,-51.0,0.976
2020-09-03T18:32:51.000,61.33,23.11,0.0,0.0,20.5,19662,62.44,-51.0,0.975
2020-09-03T18:33:51.000,61.43,23.27,0.0,0.0,20.5,19663,62.54,-51.0,0.975
2020-09-03T18:44:52.000,62.29,23.32,0.0,0.0,20.5,19674,63.48,-53.0,0.975
2020-09-03T18:45:52.000,62.4,23.54,0.0,0.0,20.5,19675,63.56,-53.0,0.975
2020-09-03T18:47:53.000,62.18,23.12,0.0,0.0,20.5,19677,63.7,-54.0,0.975
2020-09-03T18:48:53.000,62.13,22.52,0.0,0.0,20.5,19678,63.77,-54.0,0.975
2020-09-03T18:49:53.000,61.99,22.64,0.0,0.0,20.5,19679,63.84,-54.0,0.975
2020-09-03T19:49:03.000,61.76,22.99,0.0,0.0,20.5,19738,64.16,-61.0,0.974
2020-09-03T19:50:03.000,61.97,23.09,0.0,0.0,20.5,19739,64.1,-61.0,0.974
2020-09-03T19:51:03.000,62.21,23.43,0.0,0.0,20.5,19740,64.04,-61.0,0.974
2020-09-03T19:54:04.000,62.57,22.97,0.0,0.0,20.5,19743,63.85,-61.0,0.974
2020-09-03T19:55:04.000,62.44,22.33,0.0,0.0,20.5,19744,63.78,-61.0,0.974
2020-09-03T19:56:04.000,62.33,22.17,0.0,0.0,20.5,19745,63.71,-61.0,0.974
2020-09-03T19:57:04.000,62.08,22.73,0.0,0.0,20.5,19746,63.64,-61.0,0.974
2020-09-03T20:00:05.000,62.17,22.9,0.0,0.0,20.5,19749,63.42,-62.0,0.974
2020-09-03T20:01:05.000,62.19,23.0,0.0,0.0,20.5,19750,63.34,-62.0,0.974
2020-09-03T20:02:05.000,62.32,23.54,0.0,0.0,20.5,19751,63.26,-62.0,0.974
2020-09-03T20:25:10.000,60.82,22.63,0.0,0.0,20.5,19774,60.95,-63.0,0.973
2020-09-03T20:26:10.000,60.92,22.83,0.0,0.0,20.5,19775,60.83,-63.0,0.973
2020-09-03T20:27:10.000,61.13,23.16,0.0,0.0,20.5,19776,60.71,-63.0,0.973
2020-09-03T20:30:31.000,61.32,22.83,0.0,0.0,20.5,19779,60.3,-63.0,0.973
2020-09-03T20:31:31.000,61.21,22.58,0.0,0.0,20.5,19780,60.17,-63.0,0.973
2020-09-03T20:32:31.000,61.17,23.27,0.0,0.0,20.5,19781,60.05,-63.0,0.973
2020-09-03T20:41:32.000,61.15,23.55,0.0,0.0,20.5,19790,58.85,-63.0,0.973
2020-09-03T20:42:32.000,61.14,23.04,0.0,0.0,20.5,19791,58.71,-63.0,0.973
2020-09-03T20:43:32.000,61.19,23.2,0.0,0.0,20.5,19792,58.57,-63.0,0.973
2020-09-03T20:45:39.000,61.16,21.85,0.0,0.0,20.5,19794,58.27,-63.0,0.973
2020-09-03T20:46:39.000,61.05,22.18,0.0,0.0,20.5,19795,58.13,-63.0,0.973
2020-09-03T20:47:39.000,60.71,21.9,0.0,0.0,20.5,19796,57.99,-63.0,0.973
2020-09-03T20:50:40.000,60.55,22.55,0.0,0.0,20.5,19799,57.55,-63.0,0.973
2020-09-03T20:51:40.000,60.67,22.85,0.0,0.0,20.5,19800,57.4,-62.0,0.973
2020-09-03T20:52:40.000,60.68,22.86,0.0,0.0,20.5,19801,57.25,-62.0,0.973
2020-09-03T20:54:42.000,60.68,22.67,0.0,0.0,20.5,19803,56.94,-62.0,0.973
2020-09-03T21:01:43.000,60.24,22.4,0.0,0.0,20.5,19810,55.86,-62.0,0.972
2020-09-03T21:02:43.000,60.34,22.71,0.0,0.0,20.5,19811,55.7,-62.0,0.972
2020-09-03T21:03:44.000,60.07,21.38,0.0,0.0,20.5,19812,55.54,-62.0,0.972
2020-09-03T21:13:45.000,59.73,23.07,0.0,0.0,20.5,19822,53.9,-61.0,0.972
2020-09-03T21:14:46.000,59.72,23.12,0.0,0.0,20.5,19823,53.73,-61.0,0.972
2020-09-03T21:15:46.000,59.61,22.48,0.0,0.0,20.5,19824,53.57,-61.0,0.972
2020-09-03T21:22:00.000,59.99,23.21,0.0,0.0,20.5,19830,52.5,-61.0,0.972
2020-09-03T21:23:00.000,60.16,22.96,0.0,0.0,20.5,19831,52.33,-61.0,0.972
2020-09-03T21:24:00.000,60.14,23.04,0.0,0.0,20.5,19832,52.16,-61.0,0.972
2020-09-03T21:26:00.000,60.49,23.06,0.0,0.0,20.5,19834,51.81,-61.0,0.972
2020-09-03T21:27:01.000,60.57,22.64,0.0,0.0,20.5,19835,51.63,-60.0,0.972
2020-09-03T21:28:01.000,60.66,23.25,0.0,0.0,20.5,19836,51.45,-60.0,0.972
2020-09-03T21:30:01.000,59.2,19.29,0.0,0.0,20.5,19838,51.1,-60.0,0.972
2020-09-03T21:33:02.000,54.98,19.1,0.0,0.0,20.5,19841,50.56,-60.0,0.972
2020-09-03T21:34:02.000,53.85,18.95,0.0,0.0,20.5,19842,50.38,-60.0,0.972
2020-09-03T21:35:02.000,52.68,18.67,0.0,0.0,20.5,19843,50.21,-60.0,0.972
2020-09-03T21:38:03.000,50.34,19.6,0.0,0.0,20.5,19846,49.66,-59.0,0.972
2020-09-03T21:39:03.000,49.87,20.24,0.0,0.0,20.5,19847,49.48,-59.0,0.972
2020-09-03T21:40:03.000,49.38,19.78,0.0,0.0,20.5,19848,49.3,-59.0,0.972
2020-09-03T21:49:04.000,46.71,20.41,0.0,0.0,20.5,19857,47.63,-58.0,0.971
2020-09-03T21:50:04.000,46.48,20.44,0.0,0.0,20.5,19858,47.45,-58.0,0.971
2020-09-03T21:51:04.000,46.34,20.65,0.0,0.0,20.5,19859,47.26,-58.0,0.971
2020-09-03T21:53:04.000,45.99,20.44,0.0,0.0,20.5,19861,46.88,-58.0,0.971
2020-09-03T21:54:05.000,45.82,20.53,0.0,0.0,20.5,19862,46.69,-58.0,0.971
2020-09-03T21:55:05.000,45.64,20.57,0.0,0.0,20.5,19863,46.5,-57.0,0.971
2020-09-03T22:03:06.000,45.27,20.55,0.0,0.0,20.5,19871,44.98,-56.0,0.971
2020-09-03T22:04:06.000,45.22,21.01,0.0,0.0,20.5,19872,44.78,-56.0,0.971
2020-09-03T22:05:06.000,45.17,20.57,0.0,0.0,20.5,19873,44.59,-56.0,0.971
2020-09-03T22:07:06.000,44.98,20.72,0.0,0.0,20.5,19875,44.21,-56.0,0.971
2020-09-03T22:08:07.000,44.96,20.72,0.0,0.0,20.5,19876,44.01,-56.0,0.971
2020-09-03T22:09:07.000,44.86,20.42,0.0,0.0,20.5,19877,43.82,-56.0,0.971
2020-09-03T22:14:08.000,44.6,20.51,0.0,0.0,20.5,19882,42.84,-55.0,0.971
2020-09-03T22:15:08.000,44.55,20.68,0.0,0.0,20.5,19883,42.64,-55.0,0.971
2020-09-03T22:16:08.000,44.48,20.66,0.0,0.0,20.5,19884,42.45,-55.0,0.971
2020-09-03T22:18:09.000,44.39,21.15,0.0,0.0,20.5,19886,42.05,-54.0,0.971
2020-09-03T22:19:09.000,44.38,20.89,0.0,0.0,20.5,19887,41.86,-54.0,0.971
2020-09-03T22:20:09.000,44.34,20.91,0.0,0.0,20.5,19888,41.66,-54.0,0.971
2020-09-03T22:38:12.000,43.86,20.76,0.0,0.0,20.5,19906,38.06,-51.0,0.97
2020-09-03T22:39:12.000,43.91,20.97,0.0,0.0,20.5,19907,37.86,-51.0,0.97
2020-09-03T22:40:13.000,43.86,20.58,0.0,0.0,20.5,19908,37.65,-51.0,0.97
2020-09-03T22:44:13.000,43.79,20.9,0.0,0.0,20.5,19912,36.84,-50.0,0.97
2020-09-03T22:45:14.000,43.81,20.79,0.0,0.0,20.5,19913,36.64,-50.0,0.97
2020-09-03T22:46:14.000,43.81,20.76,0.0,0.0,20.5,19914,36.44,-50.0,0.97
2020-09-03T22:50:15.000,43.75,20.63,0.0,0.0,20.5,19918,35.62,-49.0,0.97
2020-09-03T22:52:15.000,43.68,20.77,0.0,0.0,20.5,19920,35.21,-49.0,0.97
2020-09-03T22:53:15.000,43.69,21.28,0.0,0.0,20.5,19921,35.01,-49.0,0.97
2020-09-03T22:54:16.000,43.64,20.47,0.0,0.0,20.5,19922,34.8,-49.0,0.97
2020-09-03T23:11:19.000,43.5,20.83,0.0,0.0,20.5,19939,31.29,-46.0,0.97
2020-09-03T23:12:19.000,43.52,20.7,0.0,0.0,20.5,19940,31.09,-46.0,0.97
2020-09-03T23:13:20.000,43.57,21.02,0.0,0.0,20.5,19941,30.87,-45.0,0.97
2020-09-03T23:15:20.000,43.62,20.76,0.0,0.0,20.5,19943,30.46,-45.0,0.97
2020-09-03T23:16:20.000,43.6,20.74,0.0,0.0,20.5,19944,30.25,-45.0,0.97
2020-09-03T23:17:20.000,43.54,20.73,0.0,0.0,20.5,19945,30.05,-45.0,0.969
2020-09-03T23:18:21.000,43.54,20.74,0.0,0.0,20.5,19946,29.83,-44.0,0.969
2020-09-03T23:19:21.000,43.44,20.4,0.0,0.0,20.5,19947,29.63,-44.0,0.969
2020-09-03T23:20:21.000,43.38,20.54,0.0,0.0,20.5,19948,29.42,-44.0,0.969
2020-09-03T23:27:22.000,42.93,20.39,0.0,0.0,20.5,19955,27.96,-43.0,0.969
2020-09-03T23:31:23.000,42.75,20.25,0.0,0.0,20.5,19959,27.12,-42.0,0.969
2020-09-03T23:32:23.000,42.74,20.41,0.0,0.0,20.5,19960,26.91,-42.0,0.969
2020-09-03T23:33:23.000,42.71,20.31,0.0,0.0,20.5,19961,26.7,-42.0,0.969
2020-09-03T23:49:27.000,42.44,20.54,0.0,0.0,20.5,19977,23.33,-39.0,0.969
2020-09-03T23:50:27.000,42.46,20.63,0.0,0.0,20.5,19978,23.12,-39.0,0.969
2020-09-03T23:51:27.000,42.43,20.38,0.0,0.0,20.5,19979,22.91,-38.0,0.969
2020-09-03T23:54:27.000,42.39,20.75,0.0,0.0,20.5,19982,22.28,-38.0,0.969
2020-09-03T23:59:28.000,42.29,20.46,0.0,0.0,20.5,19987,21.22,-37.0,0.969
2020-09-04T00:00:28.000,42.25,20.54,0.0,0.0,20.5,19988,21.01,-37.0,0.969
2020-09-04T00:01:29.000,42.28,20.73,0.0,0.0,20.5,19989,20.79,-36.0,0.968
2020-09-04T00:10:30.000,41.91,20.08,0.0,0.0,20.5,19998,18.89,-35.0,0.968
2020-09-04T00:11:30.000,41.84,19.98,0.0,0.0,20.5,19999,18.68,-35.0,0.968
2020-09-04T00:12:30.000,41.75,20.0,0.0,0.0,20.5,20000,18.47,-34.0,0.968
2020-09-04T00:15:30.000,41.72,20.01,0.0,0.0,20.5,20003,17.83,-34.0,0.968
2020-09-04T00:18:31.000,41.64,20.16,0.0,0.0,20.5,20006,17.2,-33.0,0.968
2020-09-04T00:19:31.000,41.6,19.9,0.0,0.0,20.5,20007,16.98,-33.0,0.968
2020-09-04T00:20:31.000,41.52,19.88,0.0,0.0,20.5,20008,16.77,-33.0,0.968
2020-09-04T00:56:38.000,39.81,18.54,0.0,0.0,20.5,20044,9.13,-26.0,0.967
2020-09-04T00:57:38.000,39.76,18.51,0.0,0.0,20.5,20045,8.92,-25.0,0.967
2020-09-04T00:58:39.000,39.69,18.49,0.0,0.0,20.5,20046,8.7,-25.0,0.967
2020-09-04T01:00:39.000,39.64,18.53,0.0,0.0,20.5,20048,8.28,-25.0,0.967
2020-09-04T01:01:39.000,39.6,18.45,0.0,0.0,20.5,20049,8.07,-25.0,0.967
2020-09-04T01:02:39.000,39.58,18.5,0.0,0.0,20.5,20050,7.86,-24.0,0.967
2020-09-04T01:11:41.000,39.16,18.08,0.0,0.0,20.5,20059,5.95,-23.0,0.967
2020-09-04T01:12:41.000,39.14,18.09,0.0,0.0,20.5,20060,5.74,-22.0,0.967
2020-09-04T01:13:41.000,39.11,18.09,0.0,0.0,20.5,20061,5.53,-22.0,0.967
2020-09-04T01:14:42.000,39.1,18.08,0.25,0.1,20.5,20062,5.32,-22.0,0.967
2020-09-04T01:15:42.000,39.07,17.93,0.0,0.0,20.5,20063,5.1,-22.0,0.967
2020-09-04T01:16:42.000,39.05,17.98,0.0,0.0,20.5,20064,4.89,-21.0,0.967
2020-09-04T01:17:42.000,38.99,17.79,0.0,0.0,20.5,20065,4.68,-21.0,0.967
2020-09-04T01:21:43.000,38.85,17.66,0.0,0.0,20.5,20069,3.84,-20.0,0.967
2020-09-04T01:22:44.000,38.75,17.52,0.0,0.0,20.5,20070,3.62,-20.0,0.967
2020-09-04T01:23:44.000,38.71,17.56,0.13,0.09,20.5,20071,3.41,-20.0,0.967
2020-09-04T01:27:44.000,38.45,17.35,0.21,0.1,20.5,20075,2.57,-19.0,0.967
2020-09-04T01:35:45.000,38.09,17.06,0.0,0.0,20.5,20083,0.89,-18.0,0.966
2020-09-04T01:36:45.000,38.06,17.04,0.0,0.0,20.5,20084,0.68,-17.0,0.966
2020-09-04T01:37:46.000,38.02,16.97,0.0,0.0,20.5,20085,0.46,-17.0,0.966
2020-09-04T01:38:46.000,37.94,16.85,0.0,0.0,20.5,20086,0.26,-17.0,0.966
2020-09-04T01:39:46.000,37.89,16.88,0.0,0.0,20.5,20087,0.05,-17.0,0.966
2020-09-04T01:50:47.000,37.43,16.53,41577.04,8.83,20.5,20098,-2.26,-14.0,0.966
2020-09-04T01:51:47.000,37.37,16.37,34995.17,9.09,20.5,20099,-2.47,-14.0,0.966
2020-09-04T01:52:48.000,37.34,16.46,29845.6,9.19,20.5,20100,-2.68,-14.0,0.966
2020-09-04T01:53:48.000,37.33,16.43,24630.58,9.47,20.5,20101,-2.89,-14.0,0.966
2020-09-04T01:54:48.000,37.24,16.24,20613.51,9.6,20.5,20102,-3.09,-14.0,0.966
2020-09-04T01:55:49.000,37.18,16.25,16897.02,9.81,20.5,20103,-3.31,-13.0,0.966
2020-09-04T01:56:49.000,37.15,16.27,13713.75,10.04,20.5,20104,-3.51,-13.0,0.966
2020-09-04T01:57:49.000,37.12,16.26,11021.67,10.28,20.5,20105,-3.72,-13.0,0.966
2020-09-04T02:17:51.000,36.55,15.99,74.3,15.7,20.5,20125,-7.87,-9.0,0.965
2020-09-04T02:18:51.000,36.55,15.99,59.66,15.94,20.5,20126,-8.07,-9.0,0.965
2020-09-04T02:19:51.000,36.54,15.97,47.09,16.2,20.5,20127,-8.28,-8.0,0.965
2020-09-04T02:20:51.000,36.53,15.85,39.41,16.39,20.5,20128,-8.48,-8.0,0.965
2020-09-04T02:22:52.000,36.44,15.77,26.73,16.81,20.5,20130,-8.9,-8.0,0.965
2020-09-04T02:23:52.000,36.4,15.81,22.22,17.01,20.5,20131,-9.1,-8.0,0.965
2020-09-04T02:24:52.000,36.36,15.77,18.58,17.21,20.5,20132,-9.31,-7.0,0.965
2020-09-04T02:26:53.000,36.29,15.71,13.2,17.58,20.5,20134,-9.72,-7.0,0.965
2020-09-04T02:27:53.000,36.26,15.73,11.06,17.77,20.5,20135,-9.93,-7.0,0.965
2020-09-04T02:28:53.000,36.26,15.82,9.41,17.95,20.5,20136,-10.13,-7.0,0.965
2020-09-04T02:29:53.000,36.26,15.73,8.05,18.12,20.5,20137,-10.34,-6.0,0.965
2020-09-04T02:30:54.000,36.24,15.7,6.92,18.28,20.5,20138,-10.54,-6.0,0.965
2020-09-04T02:31:54.000,36.21,15.67,5.93,18.45,20.5,20139,-10.75,-6.0,0.965
2020-09-04T02:32:54.000,36.18,15.7,5.28,18.57,20.5,20140,-10.95,-6.0,0.965
2020-09-04T02:35:54.000,36.16,15.65,3.61,18.99,20.5,20143,-11.56,-5.0,0.965
2020-09-04T02:36:54.000,36.13,15.56,3.22,19.11,20.5,20144,-11.77,-5.0,0.965
2020-09-04T02:43:56.000,35.95,15.47,1.98,19.64,20.5,20151,-13.19,-4.0,0.965
2020-09-04T02:44:56.000,35.95,15.53,1.9,19.68,20.5,20152,-13.39,-3.0,0.965
2020-09-04T02:48:57.000,35.88,15.33,1.72,19.79,20.5,20156,-14.2,-2.0,0.965
2020-09-04T02:49:57.000,35.84,15.35,1.7,19.81,20.5,20157,-14.4,-2.0,0.965
2020-09-04T02:50:57.000,35.83,15.36,1.68,19.82,20.5,20158,-14.61,-2.0,0.965
2020-09-04T02:51:57.000,35.81,15.3,1.66,19.83,20.5,20159,-14.81,-2.0,0.965
2020-09-04T02:52:57.000,35.8,15.32,1.65,19.83,20.5,20160,-15.01,-2.0,0.964
2020-09-04T02:53:58.000,35.76,15.26,1.64,19.84,20.5,20161,-15.21,-1.0,0.964
2020-09-04T02:54:58.000,35.72,15.17,1.64,19.84,20.5,20162,-15.41,-1.0,0.964
2020-09-04T02:55:58.000,35.68,15.22,1.65,19.84,20.5,20163,-15.61,-1.0,0.964
2020-09-04T02:56:58.000,35.66,15.25,1.65,19.83,20.5,20164,-15.81,-1.0,0.964
2020-09-04T02:57:58.000,35.66,15.19,1.66,19.83,20.5,20165,-16.01,-1.0,0.964
2020-09-04T02:58:59.000,35.65,15.24,1.66,19.83,20.5,20166,-16.21,-0.0,0.964
2020-09-04T02:59:59.000,35.62,15.12,1.67,19.82,20.5,20167,-16.41,-0.0,0.964
2020-09-04T03:00:59.000,35.59,15.16,1.68,19.82,20.5,20168,-16.61,0.0,0.964
2020-09-04T03:02:59.000,35.56,15.1,1.71,19.8,20.5,20170,-17.01,0.0,0.964
2020-09-04T03:14:00.000,35.35,14.92,1.9,19.68,20.5,20181,-19.19,3.0,0.964
2020-09-04T03:15:03.000,35.32,14.89,1.92,19.67,20.5,20182,-19.39,3.0,0.964
2020-09-04T03:16:03.000,35.3,14.9,1.92,19.67,20.5,20183,-19.59,3.0,0.964
2020-09-04T03:17:03.000,35.29,14.95,1.94,19.66,20.5,20184,-19.79,3.0,0.964
2020-09-04T03:18:03.000,35.29,14.95,1.96,19.65,20.5,20185,-19.98,4.0,0.964
2020-09-04T03:19:03.000,35.25,14.9,1.98,19.64,20.5,20186,-20.18,4.0,0.964
2020-09-04T03:20:04.000,35.23,14.88,2.0,19.63,20.5,20187,-20.38,4.0,0.964
2020-09-04T03:21:04.000,35.22,14.87,2.02,19.62,20.5,20188,-20.57,4.0,0.964
2020-09-04T03:22:04.000,35.19,14.86,2.04,19.61,20.5,20189,-20.77,4.0,0.964
2020-09-04T03:23:04.000,35.18,14.84,2.06,19.6,20.5,20190,-20.96,5.0,0.964
2020-09-04T03:25:21.000,35.15,14.84,2.1,19.58,20.5,20192,-21.4,5.0,0.964
2020-09-04T03:26:21.000,35.12,14.84,2.1,19.58,20.5,20193,-21.6,5.0,0.964
2020-09-04T03:27:22.000,35.12,14.83,2.1,19.57,20.5,20194,-21.79,5.0,0.964
2020-09-04T03:28:22.000,35.11,14.84,2.13,19.56,20.5,20195,-21.99,6.0,0.964
2020-09-04T03:29:22.000,35.12,14.83,2.15,19.55,20.5,20196,-22.18,6.0,0.964
