Downloads/jupyter/ECSV/stars19/stars19_2019-09.ecsv
# %ECSV 1.0
# ---
# datatype:
# - {name: time, datatype: string}
# - {name: Enclosure Temperature, unit: deg_C, datatype: float64}
# - {name: Sky Temperature, unit: deg_C, datatype: float64}
# - {name: Frequency, unit: Hz, datatype: float64}
# - {name: MSAS, unit: mag / arcsec2, datatype: float64}
# - {name: ZP, datatype: float64}
# - {name: Sequence Number, datatype: int64}
# - {name: Sun Alt, unit: deg, datatype: float64}
# - {name: Moon Alt, unit: deg, datatype: float64}
# - {name: Moon Illumination, datatype: float64}
# delimiter: ','
# meta: !!omap
# - ida:
#     Data supplier: {affiliation: null, observer: null}
#     Device type: TESS-W
#     Field of view: 17.0
#     Filters per channel: None
#     Instrument ID: stars19
#     License: ODbL 1.0 http://opendatacommons.org/licenses/odbl/summary/
#     Local timezone: America/Phoenix
#     Location name: {country: '- Tucson', place: Tucson, region: United States, sub_region: Arizona, town: Pima County}
#     Measurement direction per channel: {azimuth: 0.0, zenital: 0.0}
#     Moving / Fixed look direction: FIXED
#     Moving / Stationary position: STATIONARY
#     Number of channels: 1
#     Number of fields per line: 8
#     Number of header lines: 35
#     Position: {height: 0.0, latitude: 32.223877, longitude: -110.767532}
#     TESS MAC address: 18:FE:34:CF:EC:06
#     TESS cover offset value: 0.0
#     TESS firmware version: '1.0'
#     TESS zero point: 20.5
#     Time Synchronization: timestamp added by MQTT subscriber
#     URL: http://www.darksky.org/NSBM/sdf1.0.pdf
# - __serialized_columns__:
#     Enclosure Temperature:
#       __class__: astropy.units.quantity.Quantity
#       unit: &id001 !astropy.units.Unit {unit: deg_C}
#       value: !astropy.table.SerializedColumn {name: Enclosure Temperature}
#     Frequency:
#       __class__: astropy.units.quantity.Quantity
#       unit: !astropy.units.Unit {unit: Hz}
#       value: !astropy.table.SerializedColumn {name: Frequency}
#     MSAS:
#       __class__: astropy.units.quantity.Quantity
#       unit: !astropy.units.Unit {unit: mag / arcsec2}
#       value: !astropy.table.SerializedColumn {name: MSAS}
#     Moon Alt:
#       __class__: astropy.units.quantity.Quantity
#       unit: &id002 !astropy.units.Unit {unit: deg}
#       value: !astropy.table.SerializedColumn {name: Moon Alt}
#     Sky Temperature:
#       __class__: astropy.units.quantity.Quantity
#       unit: *id001
#       value: !astropy.table.SerializedColumn {name: Sky Temperature}
#     Sun Alt:
#       __class__: astropy.units.quantity.Quantity
#       unit: *id002
#       value: !astropy.table.SerializedColumn {name: Sun Alt}
#     time:
#       __class__: astropy.time.core.Time
#       format: isot
#       in_subfmt: '*'
#       out_subfmt: '*'
#       precision: 3
#       scale: utc
#       value: !astropy.table.SerializedColumn {name: time}
# schema: astropy-2.0
time,Enclosure Temperature,Sky Temperature,Frequency,MSAS,ZP,Sequence Number,Sun Alt,Moon Alt,Moon Illumination
[from data line 5351]
2019-09-08T18:28:43.000,58.83,22.55,0.0,0.0,20.5,67010,60.73,-49.0,0.756
2019-09-08T18:29:44.000,58.93,22.81,0.0,0.0,20.5,67011,60.82,-49.0,0.756
2019-09-08T18:31:44.000,59.12,23.21,0.0,0.0,20.5,67013,61.01,-48.0,0.756
2019-09-08T18:32:45.000,59.25,23.27,0.0,0.0,20.5,67014,61.1,-48.0,0.756
2019-09-08T18:33:46.000,59.45,23.21,0.0,0.0,20.5,67015,61.19,-48.0,0.756
2019-09-08T18:34:46.000,59.57,22.73,0.0,0.0,20.5,67016,61.28,-48.0,0.756
2019-09-08T18:35:47.000,59.63,22.81,0.0,0.0,20.5,67017,61.37,-47.0,0.756
2019-09-08T18:37:49.000,59.69,22.81,0.0,0.0,20.5,67019,61.54,-47.0,0.756
2019-09-08T18:39:49.000,59.83,22.51,0.0,0.0,20.5,67021,61.7,-47.0,0.756
2019-09-08T18:40:50.000,59.87,22.77,0.0,0.0,20.5,67022,61.78,-46.0,0.756
2019-09-08T18:41:51.000,60.01,22.68,0.0,0.0,20.5,67023,61.86,-46.0,0.756
2019-09-08T18:45:53.000,59.87,22.0,0.0,0.0,20.5,67027,62.15,-45.0,0.757
2019-09-08T18:46:54.000,59.55,21.95,0.0,0.0,20.5,67028,62.21,-45.0,0.757
2019-09-08T18:47:54.000,59.51,22.83,0.0,0.0,20.5,67029,62.28,-45.0,0.757
2019-09-08T18:49:55.000,59.76,22.72,0.0,0.0,20.5,67031,62.41,-45.0,0.757
2019-09-08T18:50:57.000,59.89,23.07,0.0,0.0,20.5,67032,62.47,-44.0,0.757
2019-09-08T18:53:58.000,59.84,22.69,0.0,0.0,20.5,67035,62.64,-44.0,0.757
2019-09-08T18:54:58.000,59.93,22.76,0.0,0.0,20.5,67036,62.69,-44.0,0.757
2019-09-08T18:55:59.000,59.96,22.97,0.0,0.0,20.5,67037,62.74,-43.0,0.757
2019-09-08T19:01:03.000,60.05,22.62,0.0,0.0,20.5,67042,62.96,-42.0,0.757
2019-09-08T19:02:03.000,59.9,21.8,0.0,0.0,20.5,67043,63.0,-42.0,0.757
2019-09-08T19:03:04.000,59.72,22.02,0.0,0.0,20.5,67044,63.04,-42.0,0.758
2019-09-08T19:05:04.000,59.9,22.6,0.0,0.0,20.5,67046,63.11,-41.0,0.758
2019-09-08T19:06:05.000,59.8,22.17,0.0,0.0,20.5,67047,63.14,-41.0,0.758
2019-09-08T19:07:05.000,59.77,22.16,0.0,0.0,20.5,67048,63.17,-41.0,0.758
2019-09-08T19:10:06.000,59.38,21.71,0.0,0.0,20.5,67051,63.24,-40.0,0.758
2019-09-08T19:11:07.000,59.28,22.66,0.0,0.0,20.5,67052,63.26,-40.0,0.758
2019-09-08T19:12:08.000,59.35,22.73,0.0,0.0,20.5,67053,63.28,-40.0,0.758
2019-09-08T19:14:08.000,59.49,22.89,0.0,0.0,20.5,67055,63.31,-40.0,0.758
2019-09-08T19:15:09.000,59.4,22.07,0.0,0.0,20.5,67056,63.32,-39.0,0.758
2019-09-08T19:16:10.000,59.56,23.01,0.0,0.0,20.5,67057,63.33,-39.0,0.758
2019-09-08T19:18:11.000,59.86,22.25,0.0,0.0,20.5,67059,63.35,-39.0,0.758
2019-09-08T19:19:12.000,59.67,21.63,0.0,0.0,20.5,67060,63.35,-39.0,0.758
2019-09-08T19:20:12.000,59.55,22.76,0.0,0.0,20.5,67061,63.35,-38.0,0.759
2019-09-08T19:23:13.000,59.5,21.54,0.0,0.0,20.5,67064,63.35,-38.0,0.759
2019-09-08T19:24:14.000,59.33,21.6,0.0,0.0,20.5,67065,63.34,-38.0,0.759
2019-09-08T19:25:14.000,59.02,21.46,0.0,0.0,20.5,67066,63.33,-37.0,0.759
2019-09-08T19:31:18.000,59.09,22.7,0.0,0.0,20.5,67072,63.24,-36.0,0.759
2019-09-08T19:32:19.000,59.33,22.36,0.0,0.0,20.5,67073,63.21,-36.0,0.759
2019-09-08T19:33:19.000,59.58,22.72,0.0,0.0,20.5,67074,63.19,-36.0,0.759
2019-09-08T19:35:20.000,59.96,21.97,0.0,0.0,20.5,67076,63.13,-35.0,0.759
2019-09-08T19:36:21.000,60.06,22.01,0.0,0.0,20.5,67077,63.1,-35.0,0.759
2019-09-08T19:37:21.000,60.06,21.24,0.0,0.0,20.5,67078,63.07,-35.0,0.76
2019-09-08T19:38:22.000,60.0,21.91,0.0,0.0,20.5,67079,63.03,-35.0,0.76
2019-09-08T19:39:23.000,60.14,22.09,0.0,0.0,20.5,67080,62.99,-35.0,0.76
2019-09-08T19:41:24.000,59.85,21.73,0.0,0.0,20.5,67082,62.91,-34.0,0.76
2019-09-08T19:44:25.000,58.78,21.84,0.0,0.0,20.5,67085,62.78,-34.0,0.76
2019-09-08T19:45:25.000,58.96,22.58,0.0,0.0,20.5,67086,62.73,-33.0,0.76
2019-09-08T19:46:25.000,59.24,22.44,0.0,0.0,20.5,67087,62.68,-33.0,0.76
2019-09-08T19:49:26.000,57.7,20.66,0.0,0.0,20.5,67090,62.52,-33.0,0.76
2019-09-08T19:50:26.000,57.85,22.7,0.0,0.0,20.5,67091,62.46,-32.0,0.76
2019-09-08T19:51:26.000,58.28,23.41,0.0,0.0,20.5,67092,62.4,-32.0,0.76
2019-09-08T19:55:27.000,59.64,22.55,0.0,0.0,20.5,67096,62.14,-31.0,0.761
2019-09-08T19:56:27.000,59.87,21.84,0.0,0.0,20.5,67097,62.07,-31.0,0.761
2019-09-08T19:57:27.000,59.82,21.77,0.0,0.0,20.5,67098,62.0,-31.0,0.761
2019-09-08T20:02:30.000,59.38,22.45,0.0,0.0,20.5,67103,61.61,-30.0,0.761
2019-09-08T20:03:31.000,59.48,22.39,0.0,0.0,20.5,67104,61.53,-30.0,0.761
2019-09-08T20:04:32.000,59.68,22.75,0.0,0.0,20.5,67105,61.45,-30.0,0.761
2019-09-08T20:07:33.000,59.05,21.91,0.0,0.0,20.5,67108,61.18,-29.0,0.761
2019-09-08T20:08:34.000,59.03,22.66,0.0,0.0,20.5,67109,61.09,-29.0,0.761
2019-09-08T20:09:34.000,58.67,21.08,0.0,0.0,20.5,67110,61.0,-29.0,0.761
2019-09-08T20:29:45.000,48.96,23.61,0.0,0.0,20.5,67130,58.84,-24.0,0.763
2019-09-08T20:30:46.000,49.4,27.87,0.0,0.0,20.5,67131,58.72,-24.0,0.763
2019-09-08T20:31:46.000,50.01,24.84,0.0,0.0,20.5,67132,58.59,-24.0,0.763
2019-09-08T20:37:49.000,49.62,25.05,0.0,0.0,20.5,67138,57.83,-23.0,0.763
2019-09-08T20:41:50.000,53.12,27.05,0.0,0.0,20.5,67142,57.29,-22.0,0.763
2019-09-08T20:44:51.000,55.55,24.8,0.0,0.0,20.5,67145,56.88,-22.0,0.763
2019-09-08T20:45:52.000,56.09,24.39,0.0,0.0,20.5,67146,56.74,-21.0,0.763
2019-09-08T20:47:53.000,56.88,24.27,0.0,0.0,20.5,67148,56.45,-21.0,0.764
2019-09-08T20:48:53.000,57.04,23.2,0.0,0.0,20.5,67149,56.31,-21.0,0.764
2019-09-08T20:49:54.000,57.28,23.99,0.0,0.0,20.5,67150,56.17,-21.0,0.764
2019-09-08T20:52:55.000,58.18,24.7,0.0,0.0,20.5,67153,55.73,-20.0,0.764
2019-09-08T20:53:56.000,58.49,24.22,0.0,0.0,20.5,67154,55.58,-20.0,0.764
2019-09-08T20:54:56.000,58.92,24.73,0.0,0.0,20.5,67155,55.43,-20.0,0.764
2019-09-08T20:58:57.000,59.08,22.5,0.0,0.0,20.5,67159,54.83,-19.0,0.764
2019-09-08T21:02:04.000,59.27,22.23,0.0,0.0,20.5,67162,54.35,-18.0,0.764
2019-09-08T21:04:05.000,60.01,23.42,0.0,0.0,20.5,67164,54.03,-18.0,0.765
2019-09-08T21:06:06.000,58.37,21.22,0.0,0.0,20.5,67166,53.72,-17.0,0.765
2019-09-08T21:08:07.000,56.72,20.94,0.0,0.0,20.5,67168,53.4,-17.0,0.765
2019-09-08T21:09:07.000,55.58,21.54,0.0,0.0,20.5,67169,53.24,-17.0,0.765
2019-09-08T21:11:08.000,54.74,25.91,0.0,0.0,20.5,67171,52.91,-16.0,0.765
2019-09-08T21:12:08.000,55.13,26.88,0.0,0.0,20.5,67172,52.75,-16.0,0.765
2019-09-08T21:13:09.000,54.88,24.45,0.0,0.0,20.5,67173,52.58,-16.0,0.765
2019-09-08T21:18:11.000,57.5,28.11,0.0,0.0,20.5,67178,51.75,-15.0,0.765
2019-09-08T21:19:11.000,57.99,26.47,0.0,0.0,20.5,67179,51.58,-15.0,0.765
2019-09-08T21:20:11.000,58.27,25.51,0.0,0.0,20.5,67180,51.42,-15.0,0.765
2019-09-08T21:22:16.000,58.03,24.27,0.0,0.0,20.5,67182,51.06,-14.0,0.766
2019-09-08T21:23:17.000,58.25,23.47,0.0,0.0,20.5,67183,50.89,-14.0,0.766
2019-09-08T21:24:17.000,58.55,23.27,0.0,0.0,20.5,67184,50.72,-14.0,0.766
2019-09-08T21:28:31.000,59.54,23.67,0.0,0.0,20.5,67188,49.99,-13.0,0.766
2019-09-08T21:29:31.000,59.83,22.52,0.0,0.0,20.5,67189,49.82,-13.0,0.766
2019-09-08T21:30:31.000,59.46,19.87,0.0,0.0,20.5,67190,49.64,-13.0,0.766
2019-09-08T21:37:34.000,51.63,17.76,0.0,0.0,20.5,67197,48.4,-11.0,0.766
2019-09-08T21:38:35.000,50.86,17.51,0.0,0.0,20.5,67198,48.22,-11.0,0.767
2019-09-08T21:39:35.000,50.07,17.3,0.0,0.0,20.5,67199,48.04,-11.0,0.767
2019-09-08T21:41:39.000,48.74,18.71,0.0,0.0,20.5,67201,47.66,-10.0,0.767
2019-09-08T21:42:40.000,48.21,19.23,0.0,0.0,20.5,67202,47.48,-10.0,0.767
2019-09-08T21:43:40.000,47.66,19.27,0.0,0.0,20.5,67203,47.3,-10.0,0.767
2019-09-08T21:48:41.000,46.46,20.31,0.0,0.0,20.5,67208,46.38,-9.0,0.767
2019-09-08T21:49:42.000,46.1,18.97,0.0,0.0,20.5,67209,46.19,-9.0,0.767
2019-09-08T21:50:43.000,45.61,18.9,0.0,0.0,20.5,67210,46.01,-9.0,0.767
2019-09-08T21:57:47.000,44.65,18.11,0.0,0.0,20.5,67217,44.69,-7.0,0.768
2019-09-08T21:58:48.000,44.5,18.49,0.0,0.0,20.5,67218,44.5,-7.0,0.768
2019-09-08T21:59:49.000,44.4,18.31,0.0,0.0,20.5,67219,44.31,-7.0,0.768
2019-09-08T22:01:50.000,44.23,18.4,0.0,0.0,20.5,67221,43.93,-7.0,0.768
2019-09-08T22:02:50.000,44.2,18.28,0.0,0.0,20.5,67222,43.74,-6.0,0.768
2019-09-08T22:03:51.000,44.17,18.36,0.0,0.0,20.5,67223,43.55,-6.0,0.768
2019-09-08T22:13:55.000,43.39,19.46,0.0,0.0,20.5,67233,41.62,-4.0,0.769
2019-09-08T22:14:56.000,43.31,19.1,0.0,0.0,20.5,67234,41.42,-4.0,0.769
2019-09-08T22:15:56.000,43.1,18.76,0.0,0.0,20.5,67235,41.23,-4.0,0.769
2019-09-08T22:18:57.000,42.83,19.88,0.0,0.0,20.5,67238,40.64,-3.0,0.769
2019-09-08T22:19:57.000,42.77,20.06,0.0,0.0,20.5,67239,40.44,-3.0,0.769
2019-09-08T22:21:58.000,42.86,20.25,0.0,0.0,20.5,67241,40.05,-3.0,0.769
2019-09-08T22:22:59.000,42.77,19.67,0.0,0.0,20.5,67242,39.85,-3.0,0.769
2019-09-08T22:23:59.000,42.7,19.42,0.0,0.0,20.5,67243,39.65,-3.0,0.769
2019-09-08T22:25:00.000,42.59,18.93,0.0,0.0,20.5,67244,39.45,-2.0,0.769
2019-09-08T22:26:00.000,42.41,18.82,0.0,0.0,20.5,67245,39.26,-2.0,0.769
2019-09-08T22:28:01.000,42.18,19.44,0.0,0.0,20.5,67247,38.86,-2.0,0.769
2019-09-08T22:35:05.000,42.8,21.03,0.0,0.0,20.5,67254,37.46,-0.0,0.77
2019-09-08T22:36:05.000,42.81,21.19,0.0,0.0,20.5,67255,37.26,-0.0,0.77
2019-09-08T22:37:05.000,42.87,21.1,0.0,0.0,20.5,67256,37.06,-0.0,0.77
2019-09-08T22:47:11.000,42.77,23.11,0.0,0.0,20.5,67266,35.03,2.0,0.77
2019-09-08T22:48:12.000,42.89,23.59,0.0,0.0,20.5,67267,34.83,2.0,0.771
2019-09-08T22:49:13.000,43.03,23.63,0.0,0.0,20.5,67268,34.62,2.0,0.771
2019-09-08T22:51:14.000,43.11,22.99,0.0,0.0,20.5,67270,34.21,2.0,0.771
2019-09-08T22:52:15.000,43.1,22.08,0.0,0.0,20.5,67271,34.01,3.0,0.771
2019-09-08T22:53:15.000,43.01,21.1,0.0,0.0,20.5,67272,33.81,3.0,0.771
2019-09-08T22:57:18.000,42.79,19.08,0.0,0.0,20.5,67276,32.98,4.0,0.771
2019-09-08T22:58:18.000,42.64,18.84,0.0,0.0,20.5,67277,32.78,4.0,0.771
2019-09-08T22:59:19.000,42.59,19.02,0.0,0.0,20.5,67278,32.57,4.0,0.771
2019-09-08T23:05:21.000,42.45,19.25,0.0,0.0,20.5,67284,31.34,5.0,0.771
2019-09-08T23:06:22.000,42.36,18.68,0.0,0.0,20.5,67285,31.13,5.0,0.772
2019-09-08T23:07:22.000,42.26,18.78,0.0,0.0,20.5,67286,30.92,5.0,0.772
2019-09-08T23:11:24.000,41.84,18.42,0.0,0.0,20.5,67290,30.1,6.0,0.772
2019-09-08T23:12:25.000,41.71,18.49,0.0,0.0,20.5,67291,29.89,6.0,0.772
2019-09-08T23:13:25.000,41.7,18.65,0.0,0.0,20.5,67292,29.68,6.0,0.772
2019-09-08T23:15:26.000,41.54,18.44,0.0,0.0,20.5,67294,29.26,7.0,0.772
2019-09-08T23:16:27.000,41.5,18.48,0.0,0.0,20.5,67295,29.05,7.0,0.772
2019-09-08T23:17:27.000,41.41,18.46,0.0,0.0,20.5,67296,28.85,7.0,0.772
2019-09-08T23:26:35.000,41.14,18.64,0.0,0.0,20.5,67305,26.96,9.0,0.773
2019-09-08T23:27:36.000,41.07,18.52,0.0,0.0,20.5,67306,26.74,9.0,0.773
2019-09-08T23:28:36.000,41.02,18.2,0.0,0.0,20.5,67307,26.54,9.0,0.773
2019-09-08T23:30:37.000,40.94,18.6,0.0,0.0,20.5,67309,26.12,9.0,0.773
2019-09-08T23:31:38.000,40.99,18.77,0.0,0.0,20.5,67310,25.9,9.0,0.773
2019-09-08T23:33:40.000,41.04,18.46,0.0,0.0,20.5,67312,25.48,10.0,0.773
2019-09-08T23:34:41.000,41.06,18.68,0.0,0.0,20.5,67313,25.27,10.0,0.773
2019-09-08T23:35:41.000,40.99,18.23,0.0,0.0,20.5,67314,25.06,10.0,0.773
2019-09-08T23:40:43.000,40.24,18.15,0.0,0.0,20.5,67319,24.01,11.0,0.773
2019-09-08T23:41:44.000,40.16,18.05,0.0,0.0,20.5,67320,23.8,11.0,0.774
2019-09-08T23:42:45.000,40.07,18.1,0.0,0.0,20.5,67321,23.58,11.0,0.774
2019-09-08T23:45:46.000,40.06,18.69,0.0,0.0,20.5,67324,22.95,12.0,0.774
2019-09-08T23:46:47.000,40.04,18.24,0.0,0.0,20.5,67325,22.74,12.0,0.774
2019-09-08T23:47:47.000,39.89,18.16,0.0,0.0,20.5,67326,22.53,12.0,0.774
2019-09-08T23:48:48.000,39.8,18.28,0.0,0.0,20.5,67327,22.32,12.0,0.774
2019-09-08T23:51:49.000,39.5,18.11,0.0,0.0,20.5,67330,21.68,13.0,0.774
2019-09-08T23:52:49.000,39.48,18.32,0.0,0.0,20.5,67331,21.47,13.0,0.774
2019-09-08T23:53:50.000,39.44,18.81,0.0,0.0,20.5,67332,21.26,13.0,0.774
2019-09-08T23:54:50.000,39.39,19.37,0.0,0.0,20.5,67333,21.05,13.0,0.774
2019-09-08T23:55:51.000,39.39,20.01,0.0,0.0,20.5,67334,20.84,13.0,0.774
2019-09-08T23:57:52.000,39.43,20.38,0.0,0.0,20.5,67336,20.41,14.0,0.774
2019-09-08T23:58:52.000,39.44,20.54,0.0,0.0,20.5,67337,20.2,14.0,0.775
2019-09-08T23:59:53.000,39.54,20.81,0.0,0.0,20.5,67338,19.99,14.0,0.775
2019-09-09T00:03:55.000,39.78,19.98,0.0,0.0,20.5,67342,19.14,15.0,0.775
2019-09-09T00:04:56.000,39.7,19.9,0.0,0.0,20.5,67343,18.92,15.0,0.775
2019-09-09T00:05:56.000,39.65,20.19,0.0,0.0,20.5,67344,18.71,15.0,0.775
2019-09-09T00:08:57.000,39.58,20.57,0.0,0.0,20.5,67347,18.08,16.0,0.775
2019-09-09T00:09:58.000,39.53,20.55,0.0,0.0,20.5,67348,17.86,16.0,0.775
2019-09-09T00:12:01.000,39.28,20.39,0.0,0.0,20.5,67350,17.43,16.0,0.775
2019-09-09T00:15:02.000,38.91,20.01,0.0,0.0,20.5,67353,16.79,16.0,0.775
2019-09-09T00:16:03.000,39.05,19.29,0.0,0.0,20.5,67354,16.58,17.0,0.775
2019-09-09T00:17:03.000,39.0,18.96,0.0,0.0,20.5,67355,16.37,17.0,0.776
2019-09-09T00:31:09.000,38.78,18.13,0.0,0.0,20.5,67369,13.39,19.0,0.776
2019-09-09T00:32:10.000,38.81,18.73,0.0,0.0,20.5,67370,13.17,19.0,0.776
2019-09-09T00:33:11.000,38.76,19.16,0.0,0.0,20.5,67371,12.96,19.0,0.776
2019-09-09T00:36:12.000,38.72,20.0,0.0,0.0,20.5,67374,12.32,20.0,0.777
2019-09-09T00:43:13.000,38.69,18.18,0.0,0.0,20.5,67381,10.83,21.0,0.777
2019-09-09T00:44:14.000,38.68,17.75,0.0,0.0,20.5,67382,10.62,21.0,0.777
2019-09-09T00:45:15.000,38.6,17.09,0.0,0.0,20.5,67383,10.4,21.0,0.777
2019-09-09T00:49:16.000,38.15,15.75,0.0,0.0,20.5,67387,9.55,21.0,0.777
2019-09-09T00:50:17.000,38.05,15.75,0.0,0.0,20.5,67388,9.34,22.0,0.777
2019-09-09T00:51:17.000,37.91,15.49,0.0,0.0,20.5,67389,9.13,22.0,0.777
2019-09-09T00:53:18.000,37.68,15.48,0.0,0.0,20.5,67391,8.7,22.0,0.778
2019-09-09T00:54:19.000,37.56,15.43,0.0,0.0,20.5,67392,8.48,22.0,0.778
2019-09-09T00:55:19.000,37.49,15.54,0.0,0.0,20.5,67393,8.27,22.0,0.778
2019-09-09T00:56:20.000,37.44,15.46,0.0,0.0,20.5,67394,8.06,22.0,0.778
2019-09-09T00:59:22.000,37.2,15.33,0.0,0.0,20.5,67397,7.42,23.0,0.778
2019-09-09T01:00:23.000,37.14,15.23,0.0,0.0,20.5,67398,7.2,23.0,0.778
2019-09-09T01:01:23.000,37.03,15.03,0.0,0.0,20.5,67399,6.99,23.0,0.778
2019-09-09T01:02:24.000,36.97,15.2,0.0,0.0,20.5,67400,6.77,23.0,0.778
2019-09-09T01:03:24.000,36.98,15.32,0.0,0.0,20.5,67401,6.56,23.0,0.778
2019-09-09T01:04:25.000,36.9,14.88,0.0,0.0,20.5,67402,6.35,23.0,0.778
2019-09-09T01:05:26.000,36.82,14.85,0.17,0.09,20.5,67403,6.13,24.0,0.778
2019-09-09T01:06:26.000,36.76,14.75,0.0,0.0,20.5,67404,5.92,24.0,0.778
2019-09-09T01:07:27.000,36.72,14.65,0.0,0.0,20.5,67405,5.71,24.0,0.778
2019-09-09T01:08:28.000,36.65,14.41,0.0,0.0,20.5,67406,5.49,24.0,0.778
2019-09-09T01:10:28.000,36.48,14.41,0.0,0.0,20.5,67408,5.07,24.0,0.779
2019-09-09T01:14:30.000,36.31,14.56,0.17,0.1,20.5,67412,4.22,25.0,0.779
2019-09-09T01:16:31.000,36.19,14.58,0.0,0.0,20.5,67414,3.79,25.0,0.779
2019-09-09T01:17:31.000,36.13,14.6,0.0,0.0,20.5,67415,3.58,25.0,0.779
2019-09-09T01:18:31.000,36.1,14.68,0.0,0.0,20.5,67416,3.37,25.0,0.779
2019-09-09T01:21:32.000,36.08,14.89,0.0,0.0,20.5,67419,2.73,26.0,0.779
2019-09-09T01:22:33.000,36.03,14.82,0.0,0.0,20.5,67420,2.52,26.0,0.779
2019-09-09T01:23:33.000,35.98,14.83,0.0,0.0,20.5,67421,2.31,26.0,0.779
2019-09-09T01:25:34.000,35.94,14.85,0.0,0.0,20.5,67423,1.88,26.0,0.779
2019-09-09T01:27:34.000,35.88,14.66,0.0,0.0,20.5,67425,1.46,26.0,0.78
2019-09-09T01:28:35.000,35.82,14.6,0.0,0.0,20.5,67426,1.25,26.0,0.78
2019-09-09T01:29:35.000,35.74,14.43,0.0,0.0,20.5,67427,1.03,27.0,0.78
2019-09-09T01:35:38.000,35.54,14.69,0.0,0.0,20.5,67433,-0.24,27.0,0.78
2019-09-09T01:36:38.000,35.48,14.69,0.0,0.0,20.5,67434,-0.45,27.0,0.78
2019-09-09T01:37:39.000,35.47,14.79,0.0,0.0,20.5,67435,-0.66,27.0,0.78
2019-09-09T01:39:40.000,35.38,14.62,0.0,0.0,20.5,67437,-1.09,28.0,0.78
2019-09-09T01:40:41.000,35.34,14.67,1410.96,0.18,20.5,67438,-1.3,28.0,0.78
2019-09-09T01:41:42.000,35.29,14.67,60760.25,8.42,20.5,67439,-1.51,28.0,0.78
2019-09-09T01:42:42.000,35.25,14.64,53148.84,8.57,20.5,67440,-1.72,28.0,0.78
2019-09-09T01:43:43.000,35.21,14.74,46117.13,8.72,20.5,67441,-1.94,28.0,0.78
2019-09-09T01:44:43.000,35.16,14.7,39755.04,8.88,20.5,67442,-2.15,28.0,0.78
2019-09-09T01:45:44.000,35.12,14.75,33947.45,9.05,20.5,67443,-2.36,28.0,0.781
2019-09-09T01:46:44.000,35.08,14.72,28075.24,9.4,20.5,67444,-2.57,28.0,0.781
2019-09-09T01:47:45.000,35.04,14.71,24043.42,9.43,20.5,67445,-2.78,29.0,0.781
2019-09-09T01:51:47.000,34.95,14.7,10733.03,10.31,20.5,67449,-3.63,29.0,0.781
2019-09-09T01:52:48.000,34.92,14.59,8556.62,10.55,20.5,67450,-3.84,29.0,0.781
