Downloads/jupyter/ECSV/stars19/stars19_2022-05.ecsv
# %ECSV 1.0
# ---
# datatype:
# - {name: time, datatype: string}
# - {name: Enclosure Temperature, unit: deg_C, datatype: float64}
# - {name: Sky Temperature, unit: deg_C, datatype: float64}
# - {name: Frequency, unit: Hz, datatype: float64}
# - {name: MSAS, unit: mag / arcsec2, datatype: float64}
# - {name: ZP, datatype: float64}
# - {name: Sequence Number, datatype: int64}
# - {name: Sun Alt, unit: deg, datatype: float64}
# - {name: Moon Alt, unit: deg, datatype: float64}
# - {name: Moon Illumination, datatype: float64}
# delimiter: ','
# meta: !!omap
# - ida:
#     Data supplier: {affiliation: null, observer: null}
#     Device type: TESS-W
#     Field of view: 17.0
#     Filters per channel: None
#     Instrument ID: stars19
#     License: ODbL 1.0 http://opendatacommons.org/licenses/odbl/summary/
#     Local timezone: America/Phoenix
#     Location name: {country: '- Tucson', place: Tucson, region: United States, sub_region: Arizona, town: Pima County}
#     Measurement direction per channel: {azimuth: 0.0, zenital: 0.0}
#     Moving / Fixed look direction: FIXED
#     Moving / Stationary position: STATIONARY
#     Number of channels: 1
#     Number of fields per line: 8
#     Number of header lines: 35
#     Position: {height: 0.0, latitude: 32.223877, longitude: -110.767532}
#     TESS MAC address: 18:FE:34:CF:EC:06
#     TESS cover offset value: 0.0
#     TESS firmware version: '1.0'
#     TESS zero point: 20.5
#     Time Synchronization: timestamp added by MQTT subscriber
#     URL: http://www.darksky.org/NSBM/sdf1.0.pdf
# - __serialized_columns__:
#     Enclosure Temperature:
#       __class__: astropy.units.quantity.Quantity
#       unit: &id001 !astropy.units.Unit {unit: deg_C}
#       value: !astropy.table.SerializedColumn {name: Enclosure Temperature}
#     Frequency:
#       __class__: astropy.units.quantity.Quantity
#       unit: !astropy.units.Unit {unit: Hz}
#       value: !astropy.table.SerializedColumn {name: Frequency}
#     MSAS:
#       __class__: astropy.units.quantity.Quantity
#       unit: !astropy.units.Unit {unit: mag / arcsec2}
#       value: !astropy.table.SerializedColumn {name: MSAS}
#     Moon Alt:
#       __class__: astropy.units.quantity.Quantity
#       unit: &id002 !astropy.units.Unit {unit: deg}
#       value: !astropy.table.SerializedColumn {name: Moon Alt}
#     Sky Temperature:
#       __class__: astropy.units.quantity.Quantity
#       unit: *id001
#       value: !astropy.table.SerializedColumn {name: Sky Temperature}
#     Sun Alt:
#       __class__: astropy.units.quantity.Quantity
#       unit: *id002
#       value: !astropy.table.SerializedColumn {name: Sun Alt}
#     time:
#       __class__: astropy.time.core.Time
#       format: isot
#       in_subfmt: '*'
#       out_subfmt: '*'
#       precision: 3
#       scale: utc
#       value: !astropy.table.SerializedColumn {name: time}
# schema: astropy-2.0
time,Enclosure Temperature,Sky Temperature,Frequency,MSAS,ZP,Sequence Number,Sun Alt,Moon Alt,Moon Illumination
[from data line 17050]
2022-05-22T11:13:14.000,22.61,-2.21,2.09,19.58,20.5,141272,-13.28,30.0,0.536
2022-05-22T11:14:14.000,22.55,-1.94,2.12,19.56,20.5,141273,-13.1,30.0,0.536
2022-05-22T11:15:13.000,22.57,-1.83,2.17,19.54,20.5,141274,-12.93,30.0,0.536
2022-05-22T11:16:14.000,22.59,-1.7,2.22,19.51,20.5,141275,-12.75,30.0,0.536
2022-05-22T11:17:14.000,22.63,-1.65,2.27,19.49,20.5,141276,-12.58,30.0,0.536
2022-05-22T11:18:15.000,22.65,-1.78,2.34,19.46,20.5,141277,-12.4,31.0,0.536
2022-05-22T11:19:15.000,22.63,-1.87,2.43,19.42,20.5,141278,-12.23,31.0,0.536
2022-05-22T11:20:16.000,22.63,-1.84,2.52,19.38,20.5,141279,-12.05,31.0,0.535
2022-05-22T11:21:16.000,22.65,-1.82,2.62,19.34,20.5,141280,-11.87,31.0,0.535
2022-05-22T11:22:16.000,22.67,-1.81,2.76,19.28,20.5,141281,-11.7,31.0,0.535
2022-05-22T11:23:16.000,22.7,-1.81,2.91,19.22,20.5,141282,-11.52,31.0,0.535
2022-05-22T11:24:17.000,22.72,-1.8,3.1,19.15,20.5,141283,-11.34,31.0,0.535
2022-05-22T11:25:17.000,22.75,-1.82,3.33,19.07,20.5,141284,-11.16,31.0,0.535
2022-05-22T11:26:17.000,22.79,-1.78,3.6,18.99,20.5,141285,-10.98,32.0,0.535
2022-05-22T11:27:17.000,22.82,-1.82,3.91,18.9,20.5,141286,-10.81,32.0,0.535
2022-05-22T11:28:17.000,22.82,-1.87,4.29,18.8,20.5,141287,-10.63,32.0,0.535
2022-05-22T11:31:18.000,22.81,-1.87,5.94,18.45,20.5,141290,-10.09,32.0,0.535
2022-05-22T11:32:18.000,22.82,-1.9,6.68,18.32,20.5,141291,-9.91,32.0,0.535
2022-05-22T11:34:18.000,22.82,-1.92,8.78,18.02,20.5,141293,-9.55,33.0,0.534
2022-05-22T11:35:18.000,22.85,-1.83,10.12,17.87,20.5,141294,-9.37,33.0,0.534
2022-05-22T11:36:18.000,22.87,-1.94,11.76,17.71,20.5,141295,-9.19,33.0,0.534
2022-05-22T11:37:19.000,22.9,-1.87,13.88,17.52,20.5,141296,-9.01,33.0,0.534
2022-05-22T11:38:19.000,22.93,-1.97,16.22,17.36,20.5,141297,-8.82,33.0,0.534
2022-05-22T11:40:25.000,22.95,-2.12,23.11,16.97,20.5,141299,-8.44,33.0,0.534
2022-05-22T11:41:24.000,22.93,-2.29,27.88,16.77,20.5,141300,-8.26,33.0,0.534
2022-05-22T11:42:24.000,22.91,-2.29,33.63,16.57,20.5,141301,-8.08,33.0,0.534
2022-05-22T11:43:25.000,22.89,-2.34,40.55,16.36,20.5,141302,-7.9,34.0,0.534
2022-05-22T11:44:25.000,22.9,-2.22,47.95,16.18,20.5,141303,-7.71,34.0,0.534
2022-05-22T11:45:25.000,22.92,-2.31,60.34,15.93,20.5,141304,-7.53,34.0,0.533
2022-05-22T11:46:25.000,22.91,-2.43,74.97,15.7,20.5,141305,-7.35,34.0,0.533
2022-05-22T11:48:25.000,22.81,-2.64,117.91,15.2,20.5,141307,-6.98,34.0,0.533
2022-05-22T11:49:25.000,22.74,-2.49,148.72,14.95,20.5,141308,-6.79,34.0,0.533
2022-05-22T11:54:27.000,22.72,-2.4,502.45,13.63,20.5,141313,-5.86,35.0,0.533
2022-05-22T11:59:27.000,22.75,-2.57,1752.67,12.27,20.5,141318,-4.93,35.0,0.532
2022-05-22T12:01:28.000,22.66,-2.79,2803.38,11.76,20.5,141320,-4.55,35.0,0.532
2022-05-22T12:04:29.000,22.35,-3.37,5341.27,11.06,20.5,141323,-3.99,36.0,0.532
2022-05-22T12:09:29.000,22.01,-3.26,13588.33,10.05,20.5,141328,-3.04,36.0,0.532
2022-05-22T12:10:29.000,22.0,-3.37,16113.01,9.86,20.5,141329,-2.86,36.0,0.532
2022-05-22T12:11:29.000,21.97,-3.32,18951.93,9.69,20.5,141330,-2.67,36.0,0.531
2022-05-22T12:12:29.000,21.92,-3.46,22164.27,9.52,20.5,141331,-2.48,36.0,0.531
2022-05-22T12:14:29.000,21.79,-3.36,29748.51,9.2,20.5,141333,-2.1,37.0,0.531
2022-05-22T12:15:29.000,21.77,-3.27,34371.32,9.04,20.5,141334,-1.9,37.0,0.531
2022-05-22T12:16:37.000,21.76,-3.28,39725.07,8.88,20.5,141335,-1.69,37.0,0.531
2022-05-22T12:17:37.000,21.74,-3.2,45816.73,8.73,20.5,141336,-1.5,37.0,0.531
2022-05-22T12:18:37.000,21.74,-3.27,50881.33,8.61,20.5,141337,-1.31,37.0,0.531
2022-05-22T12:20:43.000,21.65,-3.45,42645.91,5.72,20.5,141339,-0.9,37.0,0.531
2022-05-22T12:21:43.000,21.65,-3.32,0.0,0.0,20.5,141340,-0.71,37.0,0.531
2022-05-22T12:22:43.000,21.66,-3.57,0.0,0.0,20.5,141341,-0.52,37.0,0.531
2022-05-22T12:23:43.000,21.65,-3.65,0.0,0.0,20.5,141342,-0.33,37.0,0.531
2022-05-22T12:33:45.000,21.69,-2.74,0.0,0.0,20.5,141352,1.61,38.0,0.53
2022-05-22T12:34:45.000,21.76,-2.88,0.0,0.0,20.5,141353,1.81,38.0,0.53
2022-05-22T12:35:45.000,21.76,-2.9,0.0,0.0,20.5,141354,2.0,38.0,0.53
2022-05-22T12:37:51.000,21.85,-2.75,0.0,0.0,20.5,141356,2.41,38.0,0.529
2022-05-22T12:38:51.000,21.89,-2.49,0.0,0.0,20.5,141357,2.61,38.0,0.529
2022-05-22T12:39:51.000,21.92,-2.44,0.0,0.0,20.5,141358,2.8,38.0,0.529
2022-05-22T12:40:52.000,21.96,-2.21,0.0,0.0,20.5,141359,3.0,39.0,0.529
2022-05-22T12:42:58.000,22.03,-2.08,0.14,0.09,20.5,141361,3.41,39.0,0.529
2022-05-22T12:43:58.000,22.03,-1.88,0.19,0.09,20.5,141362,3.61,39.0,0.529
2022-05-22T12:44:58.000,22.08,-1.8,0.0,0.0,20.5,141363,3.8,39.0,0.529
2022-05-22T12:45:58.000,21.96,-1.89,0.0,0.0,20.5,141364,4.0,39.0,0.529
2022-05-22T12:46:59.000,21.92,-1.46,0.0,0.0,20.5,141365,4.2,39.0,0.529
2022-05-22T13:00:00.000,22.67,-0.38,0.0,0.0,20.5,141378,6.77,39.0,0.528
2022-05-22T13:01:00.000,22.77,-0.49,0.0,0.0,20.5,141379,6.97,40.0,0.528
2022-05-22T13:02:01.000,22.82,-0.48,0.0,0.0,20.5,141380,7.18,40.0,0.528
2022-05-22T13:04:08.000,23.0,0.1,0.0,0.0,20.5,141382,7.6,40.0,0.527
2022-05-22T13:05:09.000,23.04,0.43,0.0,0.0,20.5,141383,7.8,40.0,0.527
2022-05-22T13:06:09.000,23.09,0.81,0.0,0.0,20.5,141384,8.0,40.0,0.527
2022-05-22T13:08:09.000,23.27,0.97,0.0,0.0,20.5,141386,8.4,40.0,0.527
2022-05-22T13:09:09.000,23.33,1.08,0.0,0.0,20.5,141387,8.6,40.0,0.527
2022-05-22T13:10:09.000,23.39,1.17,0.0,0.0,20.5,141388,8.8,40.0,0.527
2022-05-22T13:12:10.000,23.57,2.01,0.0,0.0,20.5,141390,9.21,40.0,0.527
2022-05-22T13:13:10.000,23.63,1.84,0.0,0.0,20.5,141391,9.41,40.0,0.527
2022-05-22T13:14:10.000,23.7,2.07,0.0,0.0,20.5,141392,9.61,40.0,0.527
2022-05-22T13:15:10.000,23.72,1.98,0.0,0.0,20.5,141393,9.81,40.0,0.527
2022-05-22T13:16:11.000,23.77,2.39,0.0,0.0,20.5,141394,10.01,40.0,0.526
2022-05-22T13:20:12.000,24.03,2.43,0.0,0.0,20.5,141398,10.82,40.0,0.526
2022-05-22T13:21:12.000,24.04,2.49,0.0,0.0,20.5,141399,11.02,40.0,0.526
2022-05-22T13:22:13.000,24.01,2.26,0.0,0.0,20.5,141400,11.23,40.0,0.526
2022-05-22T13:31:14.000,24.79,4.18,0.0,0.0,20.5,141409,13.06,40.0,0.525
2022-05-22T13:32:14.000,24.85,3.91,0.0,0.0,20.5,141410,13.26,40.0,0.525
2022-05-22T13:33:15.000,24.87,3.79,0.0,0.0,20.5,141411,13.47,40.0,0.525
2022-05-22T13:35:15.000,25.07,3.97,0.0,0.0,20.5,141413,13.87,40.0,0.525
2022-05-22T13:36:16.000,25.1,3.26,0.0,0.0,20.5,141414,14.08,40.0,0.525
2022-05-22T13:37:16.000,24.94,2.82,0.0,0.0,20.5,141415,14.29,40.0,0.525
2022-05-22T13:40:16.000,24.92,2.89,0.0,0.0,20.5,141418,14.9,40.0,0.525
2022-05-22T13:41:16.000,25.04,3.17,0.0,0.0,20.5,141419,15.1,40.0,0.525
2022-05-22T13:42:16.000,25.18,3.25,0.0,0.0,20.5,141420,15.31,40.0,0.524
2022-05-22T13:44:23.000,25.34,2.97,0.0,0.0,20.5,141422,15.74,40.0,0.524
2022-05-22T13:45:23.000,25.23,2.99,0.0,0.0,20.5,141423,15.94,40.0,0.524
2022-05-22T13:46:23.000,25.14,3.28,0.0,0.0,20.5,141424,16.15,40.0,0.524
2022-05-22T13:59:24.000,25.99,5.99,0.0,0.0,20.5,141437,18.83,40.0,0.523
2022-05-22T14:00:24.000,26.12,5.91,0.0,0.0,20.5,141438,19.03,40.0,0.523
2022-05-22T14:01:24.000,26.21,5.71,0.0,0.0,20.5,141439,19.24,40.0,0.523
2022-05-22T14:03:25.000,26.34,5.01,0.0,0.0,20.5,141441,19.66,40.0,0.523
2022-05-22T14:10:25.000,26.63,3.79,0.0,0.0,20.5,141448,21.1,40.0,0.522
2022-05-22T14:14:26.000,26.75,5.09,0.0,0.0,20.5,141452,21.94,39.0,0.522
2022-05-22T14:15:26.000,26.83,5.28,0.0,0.0,20.5,141453,22.15,39.0,0.522
2022-05-22T14:16:26.000,26.91,5.21,0.0,0.0,20.5,141454,22.35,39.0,0.522
2022-05-22T14:22:27.000,27.26,3.65,0.0,0.0,20.5,141460,23.61,39.0,0.521
2022-05-22T14:23:27.000,27.36,3.53,0.0,0.0,20.5,141461,23.81,39.0,0.521
2022-05-22T14:24:27.000,27.43,3.32,0.0,0.0,20.5,141462,24.02,39.0,0.521
2022-05-22T14:26:28.000,27.57,3.44,0.0,0.0,20.5,141464,24.44,39.0,0.521
2022-05-22T14:27:28.000,27.67,3.75,0.0,0.0,20.5,141465,24.65,39.0,0.521
2022-05-22T14:28:28.000,27.81,3.84,0.0,0.0,20.5,141466,24.86,39.0,0.521
2022-05-22T14:30:28.000,28.05,4.66,0.0,0.0,20.5,141468,25.28,39.0,0.521
2022-05-22T14:31:28.000,28.2,4.88,0.0,0.0,20.5,141469,25.49,39.0,0.521
2022-05-22T14:41:30.000,29.09,7.74,0.0,0.0,20.5,141479,27.59,38.0,0.52
2022-05-22T14:42:30.000,29.18,7.55,0.0,0.0,20.5,141480,27.8,38.0,0.52
2022-05-22T14:43:30.000,29.25,7.35,0.0,0.0,20.5,141481,28.0,38.0,0.52
2022-05-22T14:50:31.000,30.01,7.23,0.0,0.0,20.5,141488,29.48,37.0,0.519
2022-05-22T14:51:31.000,30.05,6.94,0.0,0.0,20.5,141489,29.69,37.0,0.519
2022-05-22T14:52:31.000,30.04,6.69,0.0,0.0,20.5,141490,29.9,37.0,0.519
2022-05-22T14:54:42.000,30.16,6.61,0.0,0.0,20.5,141492,30.36,37.0,0.519
2022-05-22T14:55:42.000,30.16,6.69,0.0,0.0,20.5,141493,30.57,37.0,0.519
2022-05-22T14:56:42.000,30.15,6.65,0.0,0.0,20.5,141494,30.78,37.0,0.519
2022-05-22T14:59:43.000,30.46,6.8,0.0,0.0,20.5,141497,31.41,37.0,0.518
2022-05-22T15:00:43.000,30.5,6.88,0.0,0.0,20.5,141498,31.62,36.0,0.518
2022-05-22T15:01:43.000,30.7,7.13,0.0,0.0,20.5,141499,31.83,36.0,0.518
2022-05-22T15:03:43.000,31.02,7.1,0.0,0.0,20.5,141501,32.25,36.0,0.518
2022-05-22T15:05:44.000,31.06,6.4,0.0,0.0,20.5,141503,32.68,36.0,0.518
2022-05-22T15:06:44.000,31.07,6.44,0.0,0.0,20.5,141504,32.89,36.0,0.518
2022-05-22T15:07:44.000,31.12,6.6,0.0,0.0,20.5,141505,33.1,36.0,0.518
2022-05-22T15:16:45.000,31.69,7.82,0.0,0.0,20.5,141514,35.0,35.0,0.517
2022-05-22T15:17:46.000,31.83,8.17,0.0,0.0,20.5,141515,35.22,35.0,0.517
2022-05-22T15:18:46.000,31.99,8.25,0.0,0.0,20.5,141516,35.43,35.0,0.517
2022-05-22T15:21:51.000,32.08,8.12,0.0,0.0,20.5,141519,36.08,34.0,0.517
2022-05-22T15:29:55.000,33.59,9.38,0.0,0.0,20.5,141527,37.79,34.0,0.516
2022-05-22T15:30:55.000,33.92,10.22,0.0,0.0,20.5,141528,38.0,33.0,0.516
2022-05-22T15:31:56.000,34.53,11.43,0.0,0.0,20.5,141529,38.21,33.0,0.516
2022-05-22T15:51:59.000,38.65,11.8,0.0,0.0,20.5,141549,42.45,31.0,0.514
2022-05-22T15:53:00.000,39.15,12.31,0.0,0.0,20.5,141550,42.67,31.0,0.514
2022-05-22T15:54:00.000,39.48,12.01,0.0,0.0,20.5,141551,42.88,31.0,0.514
2022-05-22T15:56:00.000,40.21,12.51,0.0,0.0,20.5,141553,43.3,30.0,0.514
2022-05-22T15:59:01.000,41.37,12.15,0.0,0.0,20.5,141556,43.94,30.0,0.514
2022-05-22T16:00:01.000,41.59,12.69,0.0,0.0,20.5,141557,44.15,30.0,0.514
2022-05-22T16:01:01.000,41.9,12.69,0.0,0.0,20.5,141558,44.36,30.0,0.514
2022-05-22T16:05:07.000,42.99,12.97,0.0,0.0,20.5,141562,45.23,29.0,0.513
2022-05-22T16:06:07.000,43.24,13.36,0.0,0.0,20.5,141563,45.44,29.0,0.513
2022-05-22T16:07:07.000,43.47,13.45,0.0,0.0,20.5,141564,45.65,29.0,0.513
2022-05-22T16:24:10.000,43.42,12.6,0.0,0.0,20.5,141581,49.25,27.0,0.512
2022-05-22T16:25:10.000,43.33,11.84,0.0,0.0,20.5,141582,49.46,26.0,0.512
2022-05-22T16:26:11.000,42.91,10.27,0.0,0.0,20.5,141583,49.67,26.0,0.512
2022-05-22T16:28:16.000,41.74,9.9,0.0,0.0,20.5,141585,50.11,26.0,0.512
2022-05-22T16:29:16.000,41.59,12.21,0.0,0.0,20.5,141586,50.32,26.0,0.512
2022-05-22T16:30:17.000,41.73,12.77,0.0,0.0,20.5,141587,50.53,26.0,0.511
2022-05-22T16:45:19.000,44.69,13.75,0.0,0.0,20.5,141602,53.68,23.0,0.51
2022-05-22T16:46:19.000,44.87,14.61,0.0,0.0,20.5,141603,53.89,23.0,0.51
2022-05-22T16:47:20.000,44.99,13.33,0.0,0.0,20.5,141604,54.11,23.0,0.51
2022-05-22T16:49:26.000,45.51,14.64,0.0,0.0,20.5,141606,54.54,23.0,0.51
2022-05-22T16:50:26.000,45.72,14.88,0.0,0.0,20.5,141607,54.75,23.0,0.51
2022-05-22T16:51:26.000,46.1,15.41,0.0,0.0,20.5,141608,54.96,23.0,0.51
2022-05-22T16:52:26.000,46.28,13.99,0.0,0.0,20.5,141609,55.17,22.0,0.51
2022-05-22T16:53:26.000,46.05,13.71,0.0,0.0,20.5,141610,55.38,22.0,0.51
2022-05-22T16:55:27.000,46.44,15.27,0.0,0.0,20.5,141612,55.8,22.0,0.51
2022-05-22T16:56:29.000,46.89,15.8,0.0,0.0,20.5,141613,56.01,22.0,0.509
2022-05-22T16:57:29.000,47.15,15.17,0.0,0.0,20.5,141614,56.22,22.0,0.509
2022-05-22T17:08:31.000,47.76,14.69,0.0,0.0,20.5,141625,58.5,20.0,0.509
2022-05-22T17:09:31.000,47.47,13.78,0.0,0.0,20.5,141626,58.7,20.0,0.508
2022-05-22T17:10:31.000,47.22,13.88,0.0,0.0,20.5,141627,58.91,19.0,0.508
2022-05-22T17:12:32.000,47.52,14.57,0.0,0.0,20.5,141629,59.32,19.0,0.508
2022-05-22T17:13:32.000,47.17,13.84,0.0,0.0,20.5,141630,59.52,19.0,0.508
2022-05-22T17:14:32.000,46.87,14.08,0.0,0.0,20.5,141631,59.73,19.0,0.508
2022-05-22T17:40:37.000,48.03,16.79,0.0,0.0,20.5,141657,64.96,14.0,0.506
2022-05-22T17:41:37.000,48.25,15.3,0.0,0.0,20.5,141658,65.16,14.0,0.506
2022-05-22T17:42:37.000,47.94,12.31,0.0,0.0,20.5,141659,65.36,14.0,0.506
2022-05-22T17:44:37.000,46.45,10.46,0.0,0.0,20.5,141661,65.75,14.0,0.506
2022-05-22T17:45:37.000,46.32,13.38,0.0,0.0,20.5,141662,65.94,13.0,0.506
2022-05-22T17:46:37.000,46.6,14.29,0.0,0.0,20.5,141663,66.14,13.0,0.506
2022-05-22T17:58:47.000,48.61,15.16,0.0,0.0,20.5,141675,68.45,11.0,0.505
2022-05-22T17:59:48.000,48.95,16.11,0.0,0.0,20.5,141676,68.64,11.0,0.505
2022-05-22T18:00:47.000,49.26,15.37,0.0,0.0,20.5,141677,68.82,11.0,0.504
2022-05-22T18:03:49.000,49.4,14.12,0.0,0.0,20.5,141680,69.38,10.0,0.504
2022-05-22T18:04:49.000,48.64,12.2,0.0,0.0,20.5,141681,69.57,10.0,0.504
2022-05-22T18:05:50.000,48.77,16.53,0.0,0.0,20.5,141682,69.75,10.0,0.504
2022-05-22T18:06:50.000,49.0,16.03,0.0,0.0,20.5,141683,69.93,10.0,0.504
2022-05-22T18:16:51.000,48.93,16.37,0.0,0.0,20.5,141693,71.7,8.0,0.503
2022-05-22T18:17:51.000,48.88,16.09,0.0,0.0,20.5,141694,71.87,8.0,0.503
2022-05-22T18:18:52.000,48.78,15.87,0.0,0.0,20.5,141695,72.04,7.0,0.503
2022-05-22T18:26:55.000,47.97,13.69,0.0,0.0,20.5,141703,73.36,6.0,0.502
2022-05-22T18:27:55.000,47.56,13.49,0.0,0.0,20.5,141704,73.52,6.0,0.502
2022-05-22T18:28:55.000,47.3,14.01,0.0,0.0,20.5,141705,73.67,6.0,0.502
2022-05-22T18:30:57.000,46.93,15.73,0.0,0.0,20.5,141707,73.98,5.0,0.502
2022-05-22T18:31:57.000,47.07,16.59,0.0,0.0,20.5,141708,74.13,5.0,0.502
2022-05-22T18:32:57.000,47.31,17.13,0.0,0.0,20.5,141709,74.28,5.0,0.502
2022-05-22T18:33:58.000,47.57,17.93,0.0,0.0,20.5,141710,74.43,5.0,0.502
2022-05-22T18:34:59.000,47.99,18.33,0.0,0.0,20.5,141711,74.58,5.0,0.502
2022-05-22T18:37:00.000,48.34,17.68,0.0,0.0,20.5,141713,74.87,4.0,0.502
2022-05-22T18:38:01.000,48.55,17.83,0.0,0.0,20.5,141714,75.01,4.0,0.502
2022-05-22T18:39:01.000,48.55,16.23,0.0,0.0,20.5,141715,75.15,4.0,0.502
2022-05-22T18:46:02.000,48.02,17.37,0.0,0.0,20.5,141722,76.06,2.0,0.501
2022-05-22T18:47:03.000,48.06,15.02,0.0,0.0,20.5,141723,76.18,2.0,0.501
2022-05-22T18:48:03.000,47.65,13.39,0.0,0.0,20.5,141724,76.29,2.0,0.501
2022-05-22T18:50:04.000,46.89,13.23,0.0,0.0,20.5,141726,76.52,2.0,0.501
2022-05-22T18:51:04.000,46.86,13.96,0.0,0.0,20.5,141727,76.63,1.0,0.501
2022-05-22T18:53:09.000,47.34,14.58,0.0,0.0,20.5,141729,76.85,1.0,0.5
2022-05-22T18:54:10.000,47.38,14.75,0.0,0.0,20.5,141730,76.95,1.0,0.5
2022-05-22T18:55:11.000,47.54,14.97,0.0,0.0,20.5,141731,77.05,1.0,0.5
2022-05-22T19:00:12.000,47.67,15.41,0.0,0.0,20.5,141736,77.48,-0.0,0.5
2022-05-22T19:01:12.000,47.79,14.81,0.0,0.0,20.5,141737,77.56,-0.0,0.5
2022-05-22T19:02:13.000,47.81,14.44,0.0,0.0,20.5,141738,77.63,-1.0,0.5
2022-05-22T19:06:17.000,48.34,15.35,0.0,0.0,20.5,141742,77.89,-1.0,0.499
2022-05-22T19:07:17.000,48.36,13.98,0.0,0.0,20.5,141743,77.94,-2.0,0.499
2022-05-22T19:08:17.000,48.18,13.67,0.0,0.0,20.5,141744,77.99,-2.0,0.499
2022-05-22T19:10:17.000,48.55,14.91,0.0,0.0,20.5,141746,78.08,-2.0,0.499
2022-05-22T19:11:17.000,49.01,15.22,0.0,0.0,20.5,141747,78.12,-2.0,0.499
2022-05-22T19:12:17.000,49.31,14.55,0.0,0.0,20.5,141748,78.15,-3.0,0.499
2022-05-22T19:23:21.000,50.7,14.25,0.0,0.0,20.5,141759,78.25,-5.0,0.498
2022-05-22T19:24:21.000,50.69,13.94,0.0,0.0,20.5,141760,78.23,-5.0,0.498
2022-05-22T19:25:21.000,50.85,13.96,0.0,0.0,20.5,141761,78.21,-5.0,0.498
2022-05-22T19:28:22.000,50.71,13.39,0.0,0.0,20.5,141764,78.12,-6.0,0.498
2022-05-22T19:30:22.000,50.82,14.34,0.0,0.0,20.5,141766,78.04,-6.0,0.498
2022-05-22T19:32:28.000,50.63,12.98,0.0,0.0,20.5,141768,77.94,-6.0,0.497
2022-05-22T19:33:28.000,50.28,12.89,0.0,0.0,20.5,141769,77.88,-7.0,0.497
2022-05-22T19:34:28.000,50.21,12.88,0.0,0.0,20.5,141770,77.82,-7.0,0.497
2022-05-22T19:48:31.000,49.82,13.71,0.0,0.0,20.5,141784,76.63,-10.0,0.496
2022-05-22T19:49:31.000,49.7,13.69,0.0,0.0,20.5,141785,76.53,-10.0,0.496
2022-05-22T19:50:31.000,49.81,13.46,0.0,0.0,20.5,141786,76.42,-10.0,0.496
2022-05-22T19:52:32.000,49.25,12.34,0.0,0.0,20.5,141788,76.18,-10.0,0.496
