Downloads/jupyter/ECSV/stars19/stars19_2024-07.ecsv
# %ECSV 1.0
# ---
# datatype:
# - {name: time, datatype: string}
# - {name: Enclosure Temperature, unit: deg_C, datatype: float64}
# - {name: Sky Temperature, unit: deg_C, datatype: float64}
# - {name: Frequency, unit: Hz, datatype: float64}
# - {name: MSAS, unit: mag / arcsec2, datatype: float64}
# - {name: ZP, datatype: float64}
# - {name: Sequence Number, datatype: int64}
# - {name: Sun Alt, unit: deg, datatype: float64}
# - {name: Moon Alt, unit: deg, datatype: float64}
# - {name: Moon Illumination, datatype: float64}
# delimiter: ','
# meta: !!omap
# - ida:
#     Data supplier: {affiliation: null, observer: null}
#     Device type: TESS-W
#     Field of view: 17.0
#     Filters per channel: None
#     Instrument ID: stars19
#     License: ODbL 1.0 http://opendatacommons.org/licenses/odbl/summary/
#     Local timezone: America/Phoenix
#     Location name: {country: United States, place: Tucson, region: Arizona, sub_region: Pima County, town: Tucson}
#     Measurement direction per channel: {azimuth: 0.0, zenital: 0.0}
#     Moving / Fixed look direction: FIXED
#     Moving / Stationary position: STATIONARY
#     Number of channels: 1
#     Number of fields per line: 8
#     Number of header lines: 35
#     Position: {height: 0.0, latitude: 32.223877, longitude: -110.767532}
#     TESS MAC address: 18:FE:34:CF:EC:06
#     TESS cover offset value: 0.0
#     TESS firmware version: '1.0'
#     TESS zero point: 20.38
#     Time Synchronization: timestamp added by MQTT subscriber
#     URL: http://www.darksky.org/NSBM/sdf1.0.pdf
# - __serialized_columns__:
#     Enclosure Temperature:
#       __class__: astropy.units.quantity.Quantity
#       unit: &id001 !astropy.units.Unit {unit: deg_C}
#       value: !astropy.table.SerializedColumn {name: Enclosure Temperature}
#     Frequency:
#       __class__: astropy.units.quantity.Quantity
#       unit: !astropy.units.Unit {unit: Hz}
#       value: !astropy.table.SerializedColumn {name: Frequency}
#     MSAS:
#       __class__: astropy.units.quantity.Quantity
#       unit: !astropy.units.Unit {unit: mag / arcsec2}
#       value: !astropy.table.SerializedColumn {name: MSAS}
#     Moon Alt:
#       __class__: astropy.units.quantity.Quantity
#       unit: &id002 !astropy.units.Unit {unit: deg}
#       value: !astropy.table.SerializedColumn {name: Moon Alt}
#     Sky Temperature:
#       __class__: astropy.units.quantity.Quantity
#       unit: *id001
#       value: !astropy.table.SerializedColumn {name: Sky Temperature}
#     Sun Alt:
#       __class__: astropy.units.quantity.Quantity
#       unit: *id002
#       value: !astropy.table.SerializedColumn {name: Sun Alt}
#     time:
#       __class__: astropy.time.core.Time
#       format: isot
#       in_subfmt: '*'
#       out_subfmt: '*'
#       precision: 3
#       scale: utc
#       value: !astropy.table.SerializedColumn {name: time}
# schema: astropy-2.0
time,Enclosure Temperature,Sky Temperature,Frequency,MSAS,ZP,Sequence Number,Sun Alt,Moon Alt,Moon Illumination
[from data line 6912]
2024-07-10T03:12:23.000,34.24,17.25,169.98,14.81,20.38,112468,-8.15,25.0,0.169
2024-07-10T03:16:23.000,34.25,16.66,78.66,15.64,20.38,112472,-8.86,24.0,0.169
2024-07-10T03:17:23.000,34.23,16.71,65.45,15.84,20.38,112473,-9.04,24.0,0.169
2024-07-10T03:22:24.000,34.44,16.55,26.99,16.8,20.38,112478,-9.92,23.0,0.17
2024-07-10T03:23:24.000,34.5,16.86,22.86,16.98,20.38,112479,-10.09,23.0,0.17
2024-07-10T03:24:25.000,34.55,16.49,19.61,17.15,20.38,112480,-10.27,23.0,0.17
2024-07-10T03:25:25.000,34.57,16.45,16.81,17.32,20.38,112481,-10.44,23.0,0.17
2024-07-10T03:28:25.000,34.54,16.02,11.52,17.73,20.38,112484,-10.96,22.0,0.17
2024-07-10T03:30:25.000,34.48,15.72,9.66,17.92,20.38,112486,-11.31,22.0,0.17
2024-07-10T03:31:25.000,34.41,15.4,8.94,18.0,20.38,112487,-11.48,21.0,0.17
2024-07-10T03:36:26.000,34.01,15.48,6.88,18.29,20.38,112492,-12.34,20.0,0.17
2024-07-10T03:37:26.000,33.94,15.4,6.62,18.33,20.38,112493,-12.51,20.0,0.17
2024-07-10T03:38:26.000,33.89,15.55,6.4,18.36,20.38,112494,-12.68,20.0,0.17
2024-07-10T03:39:26.000,33.9,15.46,6.25,18.39,20.38,112495,-12.85,20.0,0.17
2024-07-10T03:40:27.000,33.9,15.4,6.2,18.4,20.38,112496,-13.02,19.0,0.17
2024-07-10T03:41:27.000,33.89,15.36,6.19,18.4,20.38,112497,-13.19,19.0,0.171
2024-07-10T03:42:27.000,33.87,15.3,6.1,18.42,20.38,112498,-13.36,19.0,0.171
2024-07-10T03:44:28.000,33.94,15.46,5.82,18.47,20.38,112500,-13.69,19.0,0.171
2024-07-10T03:45:28.000,33.96,15.26,5.67,18.5,20.38,112501,-13.86,18.0,0.171
2024-07-10T03:46:28.000,33.89,14.87,5.51,18.53,20.38,112502,-14.03,18.0,0.171
2024-07-10T03:47:28.000,33.81,14.65,5.36,18.56,20.38,112503,-14.19,18.0,0.171
2024-07-10T03:48:28.000,33.78,14.67,5.23,18.58,20.38,112504,-14.36,18.0,0.171
2024-07-10T03:49:29.000,33.77,14.62,5.08,18.62,20.38,112505,-14.53,18.0,0.171
2024-07-10T03:50:29.000,33.74,14.46,4.9,18.65,20.38,112506,-14.69,17.0,0.171
2024-07-10T03:52:29.000,33.69,14.05,4.53,18.74,20.38,112508,-15.02,17.0,0.171
2024-07-10T03:53:29.000,33.64,13.74,4.34,18.79,20.38,112509,-15.19,17.0,0.171
2024-07-10T03:54:30.000,33.54,13.61,4.13,18.84,20.38,112510,-15.35,16.0,0.171
2024-07-10T03:55:30.000,33.47,13.54,3.9,18.9,20.38,112511,-15.52,16.0,0.171
2024-07-10T04:01:31.000,33.54,13.08,2.53,19.37,20.38,112517,-16.49,15.0,0.172
2024-07-10T04:02:31.000,33.42,12.15,2.38,19.44,20.38,112518,-16.65,15.0,0.172
2024-07-10T04:03:31.000,33.32,12.19,2.26,19.5,20.38,112519,-16.81,15.0,0.172
2024-07-10T04:04:31.000,33.3,12.11,2.17,19.54,20.38,112520,-16.97,14.0,0.172
2024-07-10T04:05:32.000,33.32,12.27,2.1,19.58,20.38,112521,-17.13,14.0,0.172
2024-07-10T04:06:32.000,33.32,12.24,2.04,19.6,20.38,112522,-17.29,14.0,0.172
2024-07-10T04:07:32.000,33.33,12.26,2.01,19.62,20.38,112523,-17.45,14.0,0.172
2024-07-10T04:08:32.000,33.34,12.23,2.0,19.63,20.38,112524,-17.6,14.0,0.172
2024-07-10T04:09:32.000,33.41,12.27,1.95,19.65,20.38,112525,-17.76,13.0,0.172
2024-07-10T04:10:33.000,33.46,12.14,1.91,19.68,20.38,112526,-17.92,13.0,0.172
2024-07-10T04:11:33.000,33.45,11.9,1.86,19.7,20.38,112527,-18.08,13.0,0.172
2024-07-10T04:12:33.000,33.38,11.61,1.84,19.72,20.38,112528,-18.23,13.0,0.172
2024-07-10T04:13:33.000,33.26,11.35,1.84,19.72,20.38,112529,-18.39,13.0,0.172
2024-07-10T04:14:33.000,33.12,11.12,1.85,19.71,20.38,112530,-18.54,12.0,0.172
2024-07-10T04:15:34.000,33.05,11.3,1.91,19.68,20.38,112531,-18.7,12.0,0.172
2024-07-10T04:16:34.000,33.05,11.35,2.0,19.63,20.38,112532,-18.85,12.0,0.172
2024-07-10T04:17:34.000,33.02,11.43,2.12,19.56,20.38,112533,-19.01,12.0,0.172
2024-07-10T04:18:34.000,32.97,11.62,2.22,19.51,20.38,112534,-19.16,11.0,0.172
2024-07-10T04:19:35.000,33.03,12.01,2.22,19.51,20.38,112535,-19.32,11.0,0.172
2024-07-10T04:20:35.000,33.04,11.95,2.18,19.53,20.38,112536,-19.47,11.0,0.172
2024-07-10T04:21:35.000,33.03,11.86,2.14,19.55,20.38,112537,-19.62,11.0,0.173
2024-07-10T04:22:35.000,32.98,11.68,2.15,19.55,20.38,112538,-19.77,11.0,0.173
2024-07-10T04:23:35.000,32.92,11.73,2.17,19.54,20.38,112539,-19.92,10.0,0.173
2024-07-10T04:24:36.000,32.94,11.93,2.21,19.52,20.38,112540,-20.07,10.0,0.173
2024-07-10T04:25:36.000,32.99,12.07,2.21,19.52,20.38,112541,-20.22,10.0,0.173
2024-07-10T04:26:36.000,33.01,11.86,2.18,19.53,20.38,112542,-20.37,10.0,0.173
2024-07-10T04:27:36.000,32.91,11.35,2.14,19.55,20.38,112543,-20.52,10.0,0.173
2024-07-10T04:28:36.000,32.81,11.42,2.11,19.57,20.38,112544,-20.67,9.0,0.173
2024-07-10T04:29:37.000,32.77,11.49,2.09,19.58,20.38,112545,-20.82,9.0,0.173
2024-07-10T04:30:37.000,32.75,11.52,2.09,19.58,20.38,112546,-20.97,9.0,0.173
2024-07-10T04:31:37.000,32.69,11.42,2.1,19.57,20.38,112547,-21.11,9.0,0.173
2024-07-10T04:32:37.000,32.65,11.46,2.09,19.58,20.38,112548,-21.26,9.0,0.173
2024-07-10T04:33:37.000,32.7,11.69,2.09,19.58,20.38,112549,-21.41,8.0,0.173
2024-07-10T04:34:38.000,32.77,11.57,2.1,19.57,20.38,112550,-21.55,8.0,0.173
2024-07-10T04:35:38.000,32.73,11.46,2.09,19.58,20.38,112551,-21.7,8.0,0.173
2024-07-10T04:36:38.000,32.65,11.34,2.1,19.58,20.38,112552,-21.84,8.0,0.173
2024-07-10T04:38:39.000,32.63,11.55,2.08,19.59,20.38,112554,-22.13,7.0,0.173
2024-07-10T04:39:39.000,32.65,11.49,2.08,19.58,20.38,112555,-22.27,7.0,0.173
2024-07-10T04:40:39.000,32.62,11.3,2.07,19.59,20.38,112556,-22.42,7.0,0.174
2024-07-10T04:41:39.000,32.58,11.27,2.04,19.6,20.38,112557,-22.56,7.0,0.174
2024-07-10T04:45:40.000,32.42,11.34,1.88,19.69,20.38,112561,-23.12,6.0,0.174
2024-07-10T04:46:40.000,32.45,11.42,1.87,19.7,20.38,112562,-23.26,6.0,0.174
2024-07-10T04:47:40.000,32.48,11.53,1.87,19.7,20.38,112563,-23.4,5.0,0.174
2024-07-10T04:48:41.000,32.54,11.61,1.9,19.68,20.38,112564,-23.54,5.0,0.174
2024-07-10T04:49:41.000,32.62,11.76,1.96,19.65,20.38,112565,-23.67,5.0,0.174
2024-07-10T04:50:41.000,32.64,11.59,2.06,19.6,20.38,112566,-23.81,5.0,0.174
2024-07-10T04:51:41.000,32.64,11.52,2.14,19.55,20.38,112567,-23.95,5.0,0.174
2024-07-10T04:52:41.000,32.66,11.54,2.23,19.51,20.38,112568,-24.08,4.0,0.174
2024-07-10T04:53:42.000,32.69,11.62,2.24,19.51,20.38,112569,-24.22,4.0,0.174
2024-07-10T04:54:42.000,32.76,11.62,2.18,19.53,20.38,112570,-24.35,4.0,0.174
2024-07-10T04:55:42.000,32.75,11.45,2.1,19.58,20.38,112571,-24.49,4.0,0.174
2024-07-10T04:56:42.000,32.69,11.24,2.04,19.6,20.38,112572,-24.62,4.0,0.174
2024-07-10T04:57:43.000,32.64,11.36,2.02,19.62,20.38,112573,-24.75,3.0,0.174
2024-07-10T04:58:43.000,32.66,11.46,2.03,19.61,20.38,112574,-24.88,3.0,0.174
2024-07-10T04:59:43.000,32.68,11.5,2.07,19.59,20.38,112575,-25.02,3.0,0.174
2024-07-10T05:00:43.000,32.74,11.55,2.17,19.54,20.38,112576,-25.15,3.0,0.175
2024-07-10T05:01:43.000,32.69,11.11,2.29,19.48,20.38,112577,-25.28,3.0,0.175
2024-07-10T05:02:44.000,32.58,11.03,2.43,19.42,20.38,112578,-25.41,2.0,0.175
2024-07-10T05:03:44.000,32.52,11.26,2.56,19.36,20.38,112579,-25.54,2.0,0.175
2024-07-10T05:04:44.000,32.54,11.36,2.64,19.33,20.38,112580,-25.66,2.0,0.175
2024-07-10T05:05:44.000,32.55,11.35,2.63,19.33,20.38,112581,-25.79,2.0,0.175
2024-07-10T05:06:44.000,32.56,11.39,2.6,19.34,20.38,112582,-25.92,2.0,0.175
2024-07-10T05:07:45.000,32.48,11.06,2.59,19.35,20.38,112583,-26.05,1.0,0.175
2024-07-10T05:08:45.000,32.31,10.85,2.61,19.34,20.38,112584,-26.17,1.0,0.175
2024-07-10T05:09:45.000,32.26,11.15,2.7,19.3,20.38,112585,-26.3,1.0,0.175
2024-07-10T05:10:45.000,32.24,11.34,2.81,19.26,20.38,112586,-26.42,1.0,0.175
2024-07-10T05:11:46.000,32.25,11.38,2.91,19.22,20.38,112587,-26.55,1.0,0.175
2024-07-10T05:12:46.000,32.21,11.26,2.94,19.21,20.38,112588,-26.67,0.0,0.175
2024-07-10T05:13:46.000,32.12,10.95,2.89,19.23,20.38,112589,-26.79,0.0,0.175
2024-07-10T05:14:46.000,32.0,10.79,2.78,19.27,20.38,112590,-26.91,-0.0,0.175
2024-07-10T05:15:46.000,31.94,10.88,2.67,19.31,20.38,112591,-27.03,-0.0,0.175
2024-07-10T05:16:47.000,31.92,10.89,2.61,19.34,20.38,112592,-27.15,-0.0,0.175
2024-07-10T05:17:47.000,31.93,11.14,2.62,19.33,20.38,112593,-27.27,-1.0,0.175
2024-07-10T05:18:47.000,32.03,11.36,2.7,19.3,20.38,112594,-27.39,-1.0,0.175
2024-07-10T05:19:48.000,32.09,11.24,2.76,19.28,20.38,112595,-27.51,-1.0,0.175
2024-07-10T05:20:48.000,32.02,11.01,2.77,19.27,20.38,112596,-27.63,-1.0,0.176
2024-07-10T05:21:48.000,31.97,10.95,2.74,19.28,20.38,112597,-27.75,-1.0,0.176
2024-07-10T05:22:48.000,31.91,10.9,2.71,19.3,20.38,112598,-27.86,-2.0,0.176
2024-07-10T05:23:48.000,31.89,11.0,2.66,19.32,20.38,112599,-27.98,-2.0,0.176
2024-07-10T05:24:49.000,31.89,11.01,2.62,19.33,20.38,112600,-28.09,-2.0,0.176
2024-07-10T05:25:49.000,31.84,10.95,2.57,19.35,20.38,112601,-28.21,-2.0,0.176
2024-07-10T05:26:49.000,31.87,11.15,2.52,19.37,20.38,112602,-28.32,-2.0,0.176
2024-07-10T05:27:49.000,31.86,11.06,2.51,19.38,20.38,112603,-28.43,-3.0,0.176
2024-07-10T05:28:50.000,31.77,10.92,2.54,19.37,20.38,112604,-28.55,-3.0,0.176
2024-07-10T05:32:50.000,31.68,10.92,2.73,19.29,20.38,112608,-28.99,-4.0,0.176
2024-07-10T05:33:51.000,31.51,10.79,2.71,19.3,20.38,112609,-29.1,-4.0,0.176
2024-07-10T05:34:51.000,31.38,11.02,2.75,19.28,20.38,112610,-29.2,-4.0,0.176
2024-07-10T05:35:51.000,31.38,11.42,2.74,19.29,20.38,112611,-29.31,-4.0,0.176
2024-07-10T05:36:51.000,31.39,11.49,2.75,19.28,20.38,112612,-29.42,-4.0,0.176
2024-07-10T05:38:52.000,31.38,11.43,2.64,19.33,20.38,112614,-29.63,-5.0,0.176
2024-07-10T05:39:52.000,31.42,11.54,2.54,19.37,20.38,112615,-29.73,-5.0,0.177
2024-07-10T05:40:52.000,31.42,11.35,2.4,19.43,20.38,112616,-29.83,-5.0,0.177
2024-07-10T05:41:52.000,31.44,11.38,2.27,19.49,20.38,112617,-29.93,-5.0,0.177
2024-07-10T05:42:52.000,31.52,11.33,2.14,19.55,20.38,112618,-30.04,-6.0,0.177
2024-07-10T05:43:53.000,31.55,11.36,2.08,19.59,20.38,112619,-30.14,-6.0,0.177
2024-07-10T05:44:53.000,31.57,11.17,2.04,19.61,20.38,112620,-30.24,-6.0,0.177
2024-07-10T05:45:53.000,31.6,11.13,2.0,19.63,20.38,112621,-30.34,-6.0,0.177
2024-07-10T05:48:54.000,31.7,10.82,1.88,19.69,20.38,112624,-30.63,-7.0,0.177
2024-07-10T05:49:54.000,31.71,10.78,1.83,19.72,20.38,112625,-30.72,-7.0,0.177
2024-07-10T05:53:55.000,31.73,10.56,1.74,19.78,20.38,112629,-31.1,-8.0,0.177
2024-07-10T05:54:55.000,31.7,10.53,1.72,19.79,20.38,112630,-31.19,-8.0,0.177
2024-07-10T05:55:55.000,31.64,10.33,1.7,19.81,20.38,112631,-31.28,-8.0,0.177
2024-07-10T05:56:55.000,31.58,10.23,1.68,19.82,20.38,112632,-31.37,-8.0,0.177
2024-07-10T05:57:55.000,31.55,10.26,1.66,19.83,20.38,112633,-31.46,-9.0,0.177
2024-07-10T05:58:55.000,31.55,10.35,1.64,19.84,20.38,112634,-31.55,-9.0,0.177
2024-07-10T05:59:55.000,31.53,10.13,1.62,19.85,20.38,112635,-31.64,-9.0,0.178
2024-07-10T06:00:55.000,31.46,9.97,1.6,19.87,20.38,112636,-31.72,-9.0,0.178
2024-07-10T06:01:56.000,31.42,10.15,1.59,19.88,20.38,112637,-31.81,-9.0,0.178
2024-07-10T06:02:56.000,31.45,10.24,1.58,19.88,20.38,112638,-31.89,-10.0,0.178
2024-07-10T06:03:56.000,31.46,10.28,1.57,19.89,20.38,112639,-31.98,-10.0,0.178
2024-07-10T06:04:56.000,31.51,10.32,1.56,19.9,20.38,112640,-32.06,-10.0,0.178
2024-07-10T06:05:57.000,31.49,10.2,1.55,19.9,20.38,112641,-32.14,-10.0,0.178
2024-07-10T06:06:57.000,31.47,10.08,1.54,19.91,20.38,112642,-32.22,-10.0,0.178
2024-07-10T06:07:57.000,31.46,10.05,1.53,19.92,20.38,112643,-32.31,-11.0,0.178
2024-07-10T06:08:57.000,31.43,10.0,1.53,19.92,20.38,112644,-32.38,-11.0,0.178
2024-07-10T06:09:57.000,31.39,9.98,1.53,19.92,20.38,112645,-32.46,-11.0,0.178
2024-07-10T06:10:58.000,31.32,10.26,1.52,19.92,20.38,112646,-32.54,-11.0,0.178
2024-07-10T06:11:58.000,31.28,10.24,1.52,19.92,20.38,112647,-32.62,-11.0,0.178
2024-07-10T06:12:58.000,31.25,10.08,1.52,19.92,20.38,112648,-32.69,-12.0,0.178
2024-07-10T06:13:58.000,31.24,10.31,1.52,19.93,20.38,112649,-32.77,-12.0,0.178
2024-07-10T06:14:58.000,31.25,10.43,1.52,19.93,20.38,112650,-32.84,-12.0,0.178
2024-07-10T06:15:59.000,31.25,10.36,1.52,19.93,20.38,112651,-32.92,-12.0,0.178
2024-07-10T06:16:59.000,31.25,10.51,1.51,19.93,20.38,112652,-32.99,-12.0,0.178
2024-07-10T06:17:59.000,31.33,10.66,1.51,19.93,20.38,112653,-33.06,-13.0,0.178
2024-07-10T06:18:59.000,31.38,10.58,1.51,19.93,20.38,112654,-33.13,-13.0,0.179
2024-07-10T06:20:00.000,31.42,10.55,1.51,19.93,20.38,112655,-33.2,-13.0,0.179
2024-07-10T06:21:00.000,31.46,10.59,1.5,19.94,20.38,112656,-33.27,-13.0,0.179
2024-07-10T06:22:00.000,31.51,10.61,1.5,19.94,20.38,112657,-33.34,-13.0,0.179
2024-07-10T06:23:00.000,31.56,10.6,1.5,19.94,20.38,112658,-33.41,-14.0,0.179
2024-07-10T06:24:00.000,31.58,10.5,1.5,19.94,20.38,112659,-33.47,-14.0,0.179
2024-07-10T06:25:01.000,31.6,10.48,1.5,19.94,20.38,112660,-33.54,-14.0,0.179
2024-07-10T06:26:01.000,31.61,10.47,1.49,19.94,20.38,112661,-33.6,-14.0,0.179
2024-07-10T06:27:01.000,31.63,10.53,1.5,19.94,20.38,112662,-33.66,-14.0,0.179
2024-07-10T06:28:01.000,31.66,10.63,1.5,19.94,20.38,112663,-33.73,-15.0,0.179
2024-07-10T06:29:01.000,31.69,10.64,1.5,19.94,20.38,112664,-33.79,-15.0,0.179
2024-07-10T06:30:02.000,31.69,10.6,1.5,19.94,20.38,112665,-33.85,-15.0,0.179
2024-07-10T06:31:02.000,31.68,10.7,1.51,19.93,20.38,112666,-33.91,-15.0,0.179
2024-07-10T06:32:02.000,31.68,10.77,1.51,19.93,20.38,112667,-33.97,-15.0,0.179
2024-07-10T06:33:02.000,31.71,10.92,1.51,19.93,20.38,112668,-34.02,-15.0,0.179
2024-07-10T06:34:02.000,31.76,10.95,1.51,19.93,20.38,112669,-34.08,-16.0,0.179
2024-07-10T06:36:02.000,31.8,10.85,1.51,19.93,20.38,112671,-34.19,-16.0,0.179
2024-07-10T06:37:03.000,31.79,10.98,1.51,19.93,20.38,112672,-34.24,-16.0,0.179
2024-07-10T06:38:03.000,31.83,11.21,1.51,19.93,20.38,112673,-34.3,-16.0,0.179
2024-07-10T06:39:03.000,31.87,11.23,1.51,19.94,20.38,112674,-34.35,-17.0,0.18
2024-07-10T06:40:03.000,31.88,11.28,1.5,19.94,20.38,112675,-34.4,-17.0,0.18
2024-07-10T06:41:04.000,31.9,11.33,1.5,19.94,20.38,112676,-34.45,-17.0,0.18
2024-07-10T06:42:04.000,31.92,11.34,1.5,19.94,20.38,112677,-34.5,-17.0,0.18
2024-07-10T06:43:04.000,31.97,11.42,1.5,19.94,20.38,112678,-34.54,-17.0,0.18
2024-07-10T06:44:04.000,32.05,11.47,1.49,19.94,20.38,112679,-34.59,-18.0,0.18
2024-07-10T06:45:04.000,32.1,11.42,1.49,19.95,20.38,112680,-34.64,-18.0,0.18
2024-07-10T06:46:05.000,32.14,11.44,1.49,19.95,20.38,112681,-34.68,-18.0,0.18
2024-07-10T06:47:05.000,32.19,11.39,1.49,19.95,20.38,112682,-34.72,-18.0,0.18
2024-07-10T06:48:05.000,32.23,11.37,1.49,19.95,20.38,112683,-34.77,-18.0,0.18
2024-07-10T06:49:05.000,32.26,11.29,1.49,19.95,20.38,112684,-34.81,-18.0,0.18
2024-07-10T06:50:05.000,32.29,11.34,1.49,19.95,20.38,112685,-34.85,-19.0,0.18
2024-07-10T06:51:06.000,32.33,11.27,1.49,19.95,20.38,112686,-34.89,-19.0,0.18
2024-07-10T06:52:06.000,32.31,11.04,1.49,19.95,20.38,112687,-34.93,-19.0,0.18
2024-07-10T06:53:06.000,32.33,11.26,1.49,19.95,20.38,112688,-34.96,-19.0,0.18
2024-07-10T06:54:06.000,32.38,11.26,1.49,19.94,20.38,112689,-35.0,-19.0,0.18
2024-07-10T06:55:07.000,32.4,11.21,1.49,19.95,20.38,112690,-35.04,-20.0,0.18
2024-07-10T06:57:07.000,32.31,10.97,1.48,19.95,20.38,112692,-35.1,-20.0,0.18
2024-07-10T06:58:07.000,32.28,10.99,1.48,19.96,20.38,112693,-35.14,-20.0,0.181
2024-07-10T06:59:07.000,32.27,10.98,1.47,19.96,20.38,112694,-35.17,-20.0,0.181
2024-07-10T07:00:08.000,32.28,11.01,1.47,19.96,20.38,112695,-35.2,-21.0,0.181
2024-07-10T07:01:08.000,32.28,10.98,1.46,19.97,20.38,112696,-35.23,-21.0,0.181
2024-07-10T07:02:08.000,32.26,10.83,1.45,19.97,20.38,112697,-35.26,-21.0,0.181
2024-07-10T07:11:09.000,31.77,10.39,1.47,19.96,20.38,112706,-35.46,-23.0,0.181
2024-07-10T07:12:09.000,31.74,10.56,1.47,19.96,20.38,112707,-35.48,-23.0,0.181
2024-07-10T07:13:09.000,31.71,10.5,1.47,19.96,20.38,112708,-35.5,-23.0,0.181
2024-07-10T07:14:10.000,31.67,10.52,1.48,19.96,20.38,112709,-35.51,-23.0,0.181
2024-07-10T07:15:10.000,31.63,10.5,1.48,19.96,20.38,112710,-35.53,-23.0,0.181
2024-07-10T07:16:10.000,31.56,10.45,1.48,19.95,20.38,112711,-35.54,-23.0,0.181
2024-07-10T07:17:10.000,31.51,10.32,1.48,19.95,20.38,112712,-35.55,-24.0,0.181
2024-07-10T07:18:11.000,31.42,10.24,1.48,19.95,20.38,112713,-35.57,-24.0,0.182
2024-07-10T07:19:11.000,31.34,10.13,1.49,19.95,20.38,112714,-35.58,-24.0,0.182
2024-07-10T07:20:11.000,31.22,10.03,1.49,19.95,20.38,112715,-35.59,-24.0,0.182
2024-07-10T07:21:11.000,31.14,9.88,1.49,19.95,20.38,112716,-35.59,-24.0,0.182
2024-07-10T07:22:11.000,31.03,9.76,1.49,19.94,20.38,112717,-35.6,-25.0,0.182
