Downloads/jupyter/ECSV/stars19/stars19_2021-06.ecsv
# %ECSV 1.0
# ---
# datatype:
# - {name: time, datatype: string}
# - {name: Enclosure Temperature, unit: deg_C, datatype: float64}
# - {name: Sky Temperature, unit: deg_C, datatype: float64}
# - {name: Frequency, unit: Hz, datatype: float64}
# - {name: MSAS, unit: mag / arcsec2, datatype: float64}
# - {name: ZP, datatype: float64}
# - {name: Sequence Number, datatype: int64}
# - {name: Sun Alt, unit: deg, datatype: float64}
# - {name: Moon Alt, unit: deg, datatype: float64}
# - {name: Moon Illumination, datatype: float64}
# delimiter: ','
# meta: !!omap
# - ida:
#     Data supplier: {affiliation: null, observer: null}
#     Device type: TESS-W
#     Field of view: 17.0
#     Filters per channel: None
#     Instrument ID: stars19
#     License: ODbL 1.0 http://opendatacommons.org/licenses/odbl/summary/
#     Local timezone: America/Phoenix
#     Location name: {country: '- Tucson', place: Tucson, region: United States, sub_region: Arizona, town: Pima County}
#     Measurement direction per channel: {azimuth: 0.0, zenital: 0.0}
#     Moving / Fixed look direction: FIXED
#     Moving / Stationary position: STATIONARY
#     Number of channels: 1
#     Number of fields per line: 8
#     Number of header lines: 35
#     Position: {height: 0.0, latitude: 32.223877, longitude: -110.767532}
#     TESS MAC address: 18:FE:34:CF:EC:06
#     TESS cover offset value: 0.0
#     TESS firmware version: '1.0'
#     TESS zero point: 20.5
#     Time Synchronization: timestamp added by MQTT subscriber
#     URL: http://www.darksky.org/NSBM/sdf1.0.pdf
# - __serialized_columns__:
#     Enclosure Temperature:
#       __class__: astropy.units.quantity.Quantity
#       unit: &id001 !astropy.units.Unit {unit: deg_C}
#       value: !astropy.table.SerializedColumn {name: Enclosure Temperature}
#     Frequency:
#       __class__: astropy.units.quantity.Quantity
#       unit: !astropy.units.Unit {unit: Hz}
#       value: !astropy.table.SerializedColumn {name: Frequency}
#     MSAS:
#       __class__: astropy.units.quantity.Quantity
#       unit: !astropy.units.Unit {unit: mag / arcsec2}
#       value: !astropy.table.SerializedColumn {name: MSAS}
#     Moon Alt:
#       __class__: astropy.units.quantity.Quantity
#       unit: &id002 !astropy.units.Unit {unit: deg}
#       value: !astropy.table.SerializedColumn {name: Moon Alt}
#     Sky Temperature:
#       __class__: astropy.units.quantity.Quantity
#       unit: *id001
#       value: !astropy.table.SerializedColumn {name: Sky Temperature}
#     Sun Alt:
#       __class__: astropy.units.quantity.Quantity
#       unit: *id002
#       value: !astropy.table.SerializedColumn {name: Sun Alt}
#     time:
#       __class__: astropy.time.core.Time
#       format: isot
#       in_subfmt: '*'
#       out_subfmt: '*'
#       precision: 3
#       scale: utc
#       value: !astropy.table.SerializedColumn {name: time}
# schema: astropy-2.0
time,Enclosure Temperature,Sky Temperature,Frequency,MSAS,ZP,Sequence Number,Sun Alt,Moon Alt,Moon Illumination
[from data line 18692]
2021-06-24T15:51:17.000,49.15,20.67,0.0,0.0,20.5,71875,42.27,-45.0,1.0
2021-06-24T15:52:17.000,49.25,20.98,0.0,0.0,20.5,71876,42.48,-45.0,1.0
2021-06-24T15:53:17.000,49.51,21.32,0.0,0.0,20.5,71877,42.7,-46.0,1.0
2021-06-24T15:55:18.000,49.8,20.86,0.0,0.0,20.5,71879,43.12,-46.0,1.0
2021-06-24T15:56:19.000,49.84,20.92,0.0,0.0,20.5,71880,43.34,-46.0,1.0
2021-06-24T15:57:19.000,49.95,21.07,0.0,0.0,20.5,71881,43.55,-46.0,1.0
2021-06-24T16:02:20.000,50.99,21.78,0.0,0.0,20.5,71886,44.61,-47.0,1.0
2021-06-24T16:03:20.000,51.26,21.99,0.0,0.0,20.5,71887,44.82,-48.0,1.0
2021-06-24T16:04:21.000,51.5,21.69,0.0,0.0,20.5,71888,45.03,-48.0,1.0
2021-06-24T16:06:22.000,51.87,21.94,0.0,0.0,20.5,71890,45.46,-48.0,1.0
2021-06-24T16:07:22.000,51.95,21.37,0.0,0.0,20.5,71891,45.67,-48.0,1.0
2021-06-24T16:08:23.000,51.96,21.61,0.0,0.0,20.5,71892,45.89,-49.0,1.0
2021-06-24T16:09:23.000,51.91,21.13,0.0,0.0,20.5,71893,46.1,-49.0,1.0
2021-06-24T16:10:24.000,51.82,21.16,0.0,0.0,20.5,71894,46.31,-49.0,1.0
2021-06-24T16:11:24.000,51.83,21.64,0.0,0.0,20.5,71895,46.52,-49.0,1.0
2021-06-24T16:16:25.000,52.33,21.41,0.0,0.0,20.5,71900,47.58,-50.0,1.0
2021-06-24T16:17:25.000,52.39,21.89,0.0,0.0,20.5,71901,47.8,-50.0,1.0
2021-06-24T16:18:26.000,52.56,22.06,0.0,0.0,20.5,71902,48.01,-51.0,1.0
2021-06-24T16:20:26.000,52.81,21.44,0.0,0.0,20.5,71904,48.43,-51.0,1.0
2021-06-24T16:21:26.000,52.83,21.72,0.0,0.0,20.5,71905,48.64,-51.0,1.0
2021-06-24T16:22:26.000,52.93,22.07,0.0,0.0,20.5,71906,48.86,-51.0,1.0
2021-06-24T16:26:27.000,53.7,22.66,0.0,0.0,20.5,71910,49.71,-52.0,1.0
2021-06-24T16:27:27.000,53.91,22.41,0.0,0.0,20.5,71911,49.92,-52.0,1.0
2021-06-24T16:28:27.000,54.05,22.39,0.0,0.0,20.5,71912,50.13,-53.0,1.0
2021-06-24T16:29:27.000,54.15,22.19,0.0,0.0,20.5,71913,50.34,-53.0,1.0
2021-06-24T16:30:28.000,54.22,22.13,0.0,0.0,20.5,71914,50.55,-53.0,1.0
2021-06-24T16:43:35.000,54.73,23.02,0.0,0.0,20.5,71927,53.33,-56.0,1.0
2021-06-24T16:47:35.000,55.44,22.95,0.0,0.0,20.5,71931,54.17,-56.0,1.0
2021-06-24T16:48:36.000,55.63,23.09,0.0,0.0,20.5,71932,54.38,-57.0,1.0
2021-06-24T16:49:36.000,55.92,23.18,0.0,0.0,20.5,71933,54.59,-57.0,1.0
2021-06-24T16:55:38.000,56.32,22.76,0.0,0.0,20.5,71939,55.87,-58.0,1.0
2021-06-24T16:56:38.000,56.47,22.79,0.0,0.0,20.5,71940,56.08,-58.0,1.0
2021-06-24T16:57:38.000,56.23,21.53,0.0,0.0,20.5,71941,56.29,-58.0,1.0
2021-06-24T16:59:39.000,56.22,22.82,0.0,0.0,20.5,71943,56.71,-59.0,1.0
2021-06-24T17:03:39.000,56.59,22.33,0.0,0.0,20.5,71947,57.55,-60.0,1.0
2021-06-24T17:05:45.000,56.75,23.42,0.0,0.0,20.5,71949,57.99,-60.0,1.0
2021-06-24T17:06:45.000,56.92,23.06,0.0,0.0,20.5,71950,58.2,-60.0,1.0
2021-06-24T17:07:45.000,57.0,23.13,0.0,0.0,20.5,71951,58.41,-60.0,1.0
2021-06-24T17:09:46.000,57.08,22.18,0.0,0.0,20.5,71953,58.83,-61.0,1.0
2021-06-24T17:10:46.000,57.11,23.03,0.0,0.0,20.5,71954,59.04,-61.0,1.0
2021-06-24T17:11:46.000,57.15,23.28,0.0,0.0,20.5,71955,59.25,-61.0,1.0
2021-06-24T17:15:47.000,57.56,23.35,0.0,0.0,20.5,71959,60.09,-62.0,1.0
2021-06-24T17:18:47.000,57.7,23.15,0.0,0.0,20.5,71962,60.72,-63.0,1.0
2021-06-24T17:19:47.000,57.8,23.49,0.0,0.0,20.5,71963,60.93,-63.0,1.0
2021-06-24T17:23:48.000,57.67,23.17,0.0,0.0,20.5,71967,61.76,-64.0,1.0
2021-06-24T17:26:49.000,57.68,24.11,0.0,0.0,20.5,71970,62.39,-64.0,1.0
2021-06-24T17:27:49.000,57.89,24.01,0.0,0.0,20.5,71971,62.6,-64.0,1.0
2021-06-24T17:28:49.000,58.03,23.88,0.0,0.0,20.5,71972,62.81,-65.0,1.0
2021-06-24T17:29:49.000,58.09,22.99,0.0,0.0,20.5,71973,63.01,-65.0,1.0
2021-06-24T17:30:50.000,57.94,22.8,0.0,0.0,20.5,71974,63.22,-65.0,1.0
2021-06-24T17:31:50.000,57.87,23.33,0.0,0.0,20.5,71975,63.43,-65.0,1.0
2021-06-24T17:35:52.000,58.43,23.49,0.0,0.0,20.5,71979,64.26,-66.0,1.0
2021-06-24T17:36:52.000,58.49,23.0,0.0,0.0,20.5,71980,64.47,-66.0,1.0
2021-06-24T17:37:52.000,58.53,23.83,0.0,0.0,20.5,71981,64.67,-66.0,1.0
2021-06-24T17:39:53.000,58.63,23.96,0.0,0.0,20.5,71983,65.09,-67.0,1.0
2021-06-24T17:40:54.000,58.86,23.82,0.0,0.0,20.5,71984,65.3,-67.0,1.0
2021-06-24T17:41:54.000,59.13,24.05,0.0,0.0,20.5,71985,65.5,-67.0,1.0
2021-06-24T17:42:54.000,59.15,23.43,0.0,0.0,20.5,71986,65.71,-67.0,1.0
2021-06-24T17:43:54.000,59.17,23.51,0.0,0.0,20.5,71987,65.91,-68.0,1.0
2021-06-24T17:45:55.000,59.15,23.81,0.0,0.0,20.5,71989,66.32,-68.0,1.0
2021-06-24T17:46:55.000,59.23,23.21,0.0,0.0,20.5,71990,66.53,-68.0,1.0
2021-06-24T17:47:55.000,59.14,23.81,0.0,0.0,20.5,71991,66.73,-68.0,1.0
2021-06-24T18:05:00.000,60.53,23.79,0.0,0.0,20.5,72008,70.15,-72.0,1.0
2021-06-24T18:06:00.000,60.6,23.92,0.0,0.0,20.5,72009,70.35,-72.0,1.0
2021-06-24T18:07:00.000,60.67,24.33,0.0,0.0,20.5,72010,70.54,-72.0,1.0
2021-06-24T18:10:02.000,61.22,24.62,0.0,0.0,20.5,72013,71.14,-73.0,1.0
2021-06-24T18:11:02.000,61.21,24.6,0.0,0.0,20.5,72014,71.33,-73.0,1.0
2021-06-24T18:20:04.000,60.39,24.08,0.0,0.0,20.5,72023,73.06,-75.0,1.0
2021-06-24T18:21:04.000,60.38,23.49,0.0,0.0,20.5,72024,73.24,-75.0,1.0
2021-06-24T18:22:05.000,60.09,22.76,0.0,0.0,20.5,72025,73.43,-75.0,1.0
2021-06-24T18:23:05.000,60.1,24.3,0.0,0.0,20.5,72026,73.62,-75.0,1.0
2021-06-24T18:25:05.000,60.38,23.24,0.0,0.0,20.5,72028,73.99,-75.0,1.0
2021-06-24T18:26:06.000,60.47,24.19,0.0,0.0,20.5,72029,74.17,-76.0,1.0
2021-06-24T18:27:06.000,60.77,24.8,0.0,0.0,20.5,72030,74.36,-76.0,1.0
2021-06-24T18:30:07.000,60.7,24.7,0.0,0.0,20.5,72033,74.9,-76.0,1.0
2021-06-24T18:31:07.000,60.97,24.93,0.0,0.0,20.5,72034,75.08,-77.0,1.0
2021-06-24T18:32:07.000,60.97,23.33,0.0,0.0,20.5,72035,75.26,-77.0,1.0
2021-06-24T18:34:07.000,61.06,24.41,0.0,0.0,20.5,72037,75.61,-77.0,1.0
2021-06-24T18:35:07.000,61.24,24.19,0.0,0.0,20.5,72038,75.78,-77.0,1.0
2021-06-24T18:36:07.000,61.36,24.44,0.0,0.0,20.5,72039,75.95,-77.0,1.0
2021-06-24T18:37:08.000,61.44,24.03,0.0,0.0,20.5,72040,76.13,-78.0,1.0
2021-06-24T18:40:09.000,61.34,23.53,0.0,0.0,20.5,72043,76.63,-78.0,1.0
2021-06-24T18:41:09.000,61.21,23.84,0.0,0.0,20.5,72044,76.8,-78.0,1.0
2021-06-24T18:42:09.000,61.01,23.29,0.0,0.0,20.5,72045,76.96,-78.0,1.0
2021-06-24T18:49:11.000,61.95,24.47,0.0,0.0,20.5,72052,78.05,-80.0,1.0
2021-06-24T18:50:11.000,61.99,23.65,0.0,0.0,20.5,72053,78.2,-80.0,1.0
2021-06-24T18:51:12.000,62.03,24.55,0.0,0.0,20.5,72054,78.35,-80.0,1.0
2021-06-24T18:53:12.000,62.44,24.79,0.0,0.0,20.5,72056,78.63,-80.0,1.0
2021-06-24T18:54:13.000,62.42,24.02,0.0,0.0,20.5,72057,78.77,-80.0,1.0
2021-06-24T18:55:13.000,62.58,24.91,0.0,0.0,20.5,72058,78.91,-81.0,1.0
2021-06-24T18:56:13.000,62.61,24.16,0.0,0.0,20.5,72059,79.04,-81.0,1.0
2021-06-24T18:57:13.000,62.54,23.57,0.0,0.0,20.5,72060,79.17,-81.0,1.0
2021-06-24T18:58:13.000,62.13,23.17,0.0,0.0,20.5,72061,79.29,-81.0,1.0
2021-06-24T19:00:14.000,61.93,24.29,0.0,0.0,20.5,72063,79.54,-81.0,1.0
2021-06-24T19:01:14.000,61.45,21.99,0.0,0.0,20.5,72064,79.66,-81.0,1.0
2021-06-24T19:02:14.000,61.23,23.94,0.0,0.0,20.5,72065,79.77,-81.0,1.0
2021-06-24T19:04:14.000,61.13,23.72,0.0,0.0,20.5,72067,79.98,-82.0,1.0
2021-06-24T19:05:15.000,61.11,23.44,0.0,0.0,20.5,72068,80.09,-82.0,1.0
2021-06-24T19:06:15.000,61.17,23.56,0.0,0.0,20.5,72069,80.19,-82.0,1.0
2021-06-24T19:07:27.000,61.23,23.55,0.0,0.0,20.5,72070,80.3,-82.0,1.0
2021-06-24T19:08:28.000,61.29,24.14,0.0,0.0,20.5,72071,80.39,-82.0,1.0
2021-06-24T19:09:28.000,61.45,24.06,0.0,0.0,20.5,72072,80.47,-82.0,1.0
2021-06-24T19:11:28.000,61.61,23.71,0.0,0.0,20.5,72074,80.63,-83.0,1.0
2021-06-24T19:14:29.000,61.65,23.79,0.0,0.0,20.5,72077,80.83,-83.0,1.0
2021-06-24T19:15:29.000,61.82,24.02,0.0,0.0,20.5,72078,80.89,-83.0,1.0
2021-06-24T19:16:29.000,61.71,22.83,0.0,0.0,20.5,72079,80.94,-83.0,1.0
2021-06-24T19:18:30.000,61.02,22.35,0.0,0.0,20.5,72081,81.03,-83.0,1.0
2021-06-24T19:19:30.000,60.67,22.31,0.0,0.0,20.5,72082,81.06,-83.0,1.0
2021-06-24T19:20:30.000,60.78,24.0,0.0,0.0,20.5,72083,81.09,-83.0,1.0
2021-06-24T19:23:31.000,61.61,23.91,0.0,0.0,20.5,72086,81.15,-83.0,1.0
2021-06-24T19:24:31.000,61.45,23.62,0.0,0.0,20.5,72087,81.16,-83.0,1.0
2021-06-24T19:25:31.000,61.49,23.95,0.0,0.0,20.5,72088,81.17,-83.0,1.0
2021-06-24T19:26:31.000,61.66,24.73,0.0,0.0,20.5,72089,81.16,-83.0,1.0
2021-06-24T19:27:32.000,61.92,24.33,0.0,0.0,20.5,72090,81.16,-83.0,1.0
2021-06-24T19:29:37.000,62.27,24.16,0.0,0.0,20.5,72092,81.12,-83.0,1.0
2021-06-24T19:30:37.000,62.32,23.96,0.0,0.0,20.5,72093,81.1,-83.0,1.0
2021-06-24T19:32:43.000,62.19,22.78,0.0,0.0,20.5,72095,81.03,-83.0,1.0
2021-06-24T19:33:43.000,62.22,24.01,0.0,0.0,20.5,72096,80.99,-83.0,1.0
2021-06-24T19:34:44.000,62.18,23.33,0.0,0.0,20.5,72097,80.94,-83.0,1.0
2021-06-24T19:50:50.000,61.69,22.19,0.0,0.0,20.5,72113,79.56,-82.0,1.0
2021-06-24T19:51:50.000,61.64,22.86,0.0,0.0,20.5,72114,79.44,-82.0,1.0
2021-06-24T19:52:51.000,61.69,23.23,0.0,0.0,20.5,72115,79.32,-82.0,1.0
2021-06-24T19:54:52.000,61.6,22.66,0.0,0.0,20.5,72117,79.06,-81.0,1.0
2021-06-24T19:55:52.000,61.53,22.32,0.0,0.0,20.5,72118,78.93,-81.0,1.0
2021-06-24T19:56:52.000,61.56,23.14,0.0,0.0,20.5,72119,78.8,-81.0,1.0
2021-06-24T20:02:52.000,62.29,24.0,0.0,0.0,20.5,72125,77.94,-80.0,1.0
2021-06-24T20:03:53.000,62.46,23.77,0.0,0.0,20.5,72126,77.78,-80.0,1.0
2021-06-24T20:04:53.000,62.6,23.28,0.0,0.0,20.5,72127,77.63,-80.0,1.0
2021-06-24T20:06:54.000,62.08,21.54,0.0,0.0,20.5,72129,77.31,-80.0,1.0
2021-06-24T20:07:54.000,61.73,22.08,0.0,0.0,20.5,72130,77.16,-79.0,1.0
2021-06-24T20:08:54.000,61.41,22.53,0.0,0.0,20.5,72131,76.99,-79.0,1.0
2021-06-24T20:09:55.000,61.25,22.32,0.0,0.0,20.5,72132,76.83,-79.0,1.0
2021-06-24T20:10:55.000,61.24,23.62,0.0,0.0,20.5,72133,76.66,-79.0,1.0
2021-06-24T20:11:56.000,61.49,22.99,0.0,0.0,20.5,72134,76.5,-79.0,1.0
2021-06-24T20:14:56.000,60.98,20.97,0.0,0.0,20.5,72137,75.99,-78.0,1.0
2021-06-24T20:17:57.000,61.1,22.87,0.0,0.0,20.5,72140,75.47,-78.0,1.0
2021-06-24T20:21:58.000,61.0,23.16,0.0,0.0,20.5,72144,74.75,-77.0,1.0
2021-06-24T20:22:58.000,61.28,23.43,0.0,0.0,20.5,72145,74.57,-77.0,1.0
2021-06-24T20:23:59.000,61.53,23.17,0.0,0.0,20.5,72146,74.39,-77.0,1.0
2021-06-24T20:24:59.000,61.55,22.34,0.0,0.0,20.5,72147,74.21,-77.0,1.0
2021-06-24T20:25:59.000,60.84,20.36,0.0,0.0,20.5,72148,74.02,-76.0,1.0
2021-06-24T20:27:00.000,60.5,23.11,0.0,0.0,20.5,72149,73.84,-76.0,1.0
2021-06-24T20:30:00.000,61.35,24.24,0.0,0.0,20.5,72152,73.28,-76.0,1.0
2021-06-24T20:31:00.000,61.68,24.66,0.0,0.0,20.5,72153,73.09,-75.0,1.0
2021-06-24T20:32:01.000,62.06,24.56,0.0,0.0,20.5,72154,72.9,-75.0,1.0
2021-06-24T20:36:02.000,59.57,17.01,0.0,0.0,20.5,72158,72.14,-75.0,1.0
2021-06-24T20:37:02.000,57.2,18.81,0.0,0.0,20.5,72159,71.95,-74.0,1.0
2021-06-24T20:38:02.000,55.85,22.66,0.0,0.0,20.5,72160,71.75,-74.0,1.0
2021-06-24T20:43:03.000,57.6,24.26,0.0,0.0,20.5,72165,70.78,-73.0,1.0
2021-06-24T20:44:03.000,58.24,24.16,0.0,0.0,20.5,72166,70.59,-73.0,1.0
2021-06-24T20:45:03.000,58.93,25.01,0.0,0.0,20.5,72167,70.39,-73.0,1.0
2021-06-24T20:47:03.000,59.34,22.97,0.0,0.0,20.5,72169,70.0,-72.0,1.0
2021-06-24T20:53:05.000,59.14,23.62,0.0,0.0,20.5,72175,68.8,-71.0,1.0
2021-06-24T20:54:05.000,59.29,23.57,0.0,0.0,20.5,72176,68.6,-71.0,1.0
2021-06-24T20:55:06.000,59.59,24.32,0.0,0.0,20.5,72177,68.39,-71.0,1.0
2021-06-24T21:03:07.000,60.96,22.06,0.0,0.0,20.5,72185,66.78,-69.0,1.0
2021-06-24T21:04:07.000,60.56,22.27,0.0,0.0,20.5,72186,66.57,-69.0,0.999
2021-06-24T21:05:07.000,60.61,22.94,0.0,0.0,20.5,72187,66.37,-69.0,0.999
2021-06-24T21:09:08.000,58.65,18.09,0.0,0.0,20.5,72191,65.55,-68.0,0.999
2021-06-24T21:10:09.000,57.0,17.85,0.0,0.0,20.5,72192,65.34,-68.0,0.999
2021-06-24T21:11:09.000,55.47,17.62,0.0,0.0,20.5,72193,65.14,-68.0,0.999
2021-06-24T21:13:09.000,53.22,18.34,0.0,0.0,20.5,72195,64.73,-67.0,0.999
2021-06-24T21:14:09.000,52.38,17.93,0.0,0.0,20.5,72196,64.52,-67.0,0.999
2021-06-24T21:15:09.000,51.52,18.76,0.0,0.0,20.5,72197,64.31,-67.0,0.999
2021-06-24T21:17:10.000,50.31,19.47,0.0,0.0,20.5,72199,63.9,-67.0,0.999
2021-06-24T21:19:10.000,49.42,19.69,0.0,0.0,20.5,72201,63.49,-66.0,0.999
2021-06-24T21:20:10.000,48.93,19.48,0.0,0.0,20.5,72202,63.28,-66.0,0.999
2021-06-24T21:21:11.000,48.31,19.55,0.0,0.0,20.5,72203,63.07,-66.0,0.999
2021-06-24T21:27:12.000,45.99,20.08,0.0,0.0,20.5,72209,61.82,-65.0,0.999
2021-06-24T21:28:12.000,45.82,19.52,0.0,0.0,20.5,72210,61.61,-64.0,0.999
2021-06-24T21:29:13.000,45.55,19.27,0.0,0.0,20.5,72211,61.4,-64.0,0.999
2021-06-24T21:38:15.000,44.71,20.38,0.0,0.0,20.5,72220,59.51,-62.0,0.999
2021-06-24T21:39:15.000,44.75,20.77,0.0,0.0,20.5,72221,59.31,-62.0,0.999
2021-06-24T21:43:16.000,44.88,21.19,0.0,0.0,20.5,72225,58.46,-61.0,0.999
2021-06-24T21:45:17.000,44.83,20.42,0.0,0.0,20.5,72227,58.04,-61.0,0.999
2021-06-24T21:46:17.000,44.82,20.92,0.0,0.0,20.5,72228,57.83,-61.0,0.999
2021-06-24T21:47:17.000,44.8,20.74,0.0,0.0,20.5,72229,57.62,-61.0,0.999
2021-06-24T21:49:18.000,44.68,20.24,0.0,0.0,20.5,72231,57.2,-60.0,0.999
2021-06-24T21:50:19.000,44.62,20.29,0.0,0.0,20.5,72232,56.98,-60.0,0.999
2021-06-24T21:51:19.000,44.55,20.16,0.0,0.0,20.5,72233,56.77,-60.0,0.999
2021-06-24T21:53:19.000,44.54,20.47,0.0,0.0,20.5,72235,56.35,-59.0,0.999
2021-06-24T21:54:20.000,44.54,20.25,0.0,0.0,20.5,72236,56.14,-59.0,0.999
2021-06-24T21:55:20.000,44.45,20.12,0.0,0.0,20.5,72237,55.93,-59.0,0.999
2021-06-24T21:56:21.000,44.34,20.01,0.0,0.0,20.5,72238,55.71,-59.0,0.999
2021-06-24T22:01:22.000,44.34,20.42,0.0,0.0,20.5,72243,54.66,-58.0,0.999
2021-06-24T22:02:22.000,44.32,20.59,0.0,0.0,20.5,72244,54.45,-58.0,0.999
2021-06-24T22:06:23.000,44.15,20.18,0.0,0.0,20.5,72248,53.6,-57.0,0.999
2021-06-24T22:07:23.000,44.08,20.07,0.0,0.0,20.5,72249,53.39,-57.0,0.999
2021-06-24T22:08:24.000,44.02,20.17,0.0,0.0,20.5,72250,53.17,-56.0,0.999
2021-06-24T22:12:25.000,43.9,20.3,0.0,0.0,20.5,72254,52.32,-56.0,0.999
2021-06-24T22:13:25.000,43.87,20.08,0.0,0.0,20.5,72255,52.11,-55.0,0.999
2021-06-24T22:14:26.000,43.85,20.28,0.0,0.0,20.5,72256,51.9,-55.0,0.999
2021-06-24T22:16:26.000,43.94,20.25,0.0,0.0,20.5,72258,51.48,-55.0,0.999
2021-06-24T22:17:26.000,43.9,20.03,0.0,0.0,20.5,72259,51.26,-55.0,0.999
2021-06-24T22:18:26.000,43.83,20.06,0.0,0.0,20.5,72260,51.05,-54.0,0.999
2021-06-24T22:34:31.000,43.73,20.79,0.0,0.0,20.5,72276,47.65,-51.0,0.999
2021-06-24T22:35:32.000,43.63,20.57,0.0,0.0,20.5,72277,47.44,-51.0,0.999
2021-06-24T22:36:32.000,43.64,21.21,0.0,0.0,20.5,72278,47.23,-51.0,0.999
2021-06-24T22:42:33.000,43.96,21.2,0.0,0.0,20.5,72284,45.95,-50.0,0.999
2021-06-24T22:43:33.000,43.86,21.0,0.0,0.0,20.5,72285,45.74,-49.0,0.999
2021-06-24T22:44:34.000,43.85,21.75,0.0,0.0,20.5,72286,45.53,-49.0,0.999
2021-06-24T22:45:35.000,43.82,21.66,0.0,0.0,20.5,72287,45.31,-49.0,0.999
2021-06-24T22:50:36.000,43.8,22.37,0.0,0.0,20.5,72292,44.25,-48.0,0.999
2021-06-24T22:51:36.000,43.91,22.14,0.0,0.0,20.5,72293,44.04,-48.0,0.999
2021-06-24T22:52:36.000,44.02,21.96,0.0,0.0,20.5,72294,43.83,-48.0,0.999
2021-06-24T22:53:36.000,44.02,21.74,0.0,0.0,20.5,72295,43.62,-47.0,0.999
2021-06-24T22:55:43.000,43.95,21.53,0.0,0.0,20.5,72297,43.17,-47.0,0.999
2021-06-24T22:56:43.000,43.86,21.74,0.0,0.0,20.5,72298,42.96,-47.0,0.999
2021-06-24T22:57:43.000,43.83,22.17,0.0,0.0,20.5,72299,42.75,-47.0,0.999
2021-06-24T22:59:44.000,43.71,22.11,0.0,0.0,20.5,72301,42.32,-46.0,0.999
2021-06-24T23:04:44.000,43.63,21.71,0.0,0.0,20.5,72306,41.27,-45.0,0.999
2021-06-24T23:05:45.000,43.66,21.57,0.0,0.0,20.5,72307,41.05,-45.0,0.999
2021-06-24T23:07:45.000,43.78,21.78,0.0,0.0,20.5,72309,40.63,-45.0,0.999
2021-06-24T23:08:45.000,43.76,21.57,0.0,0.0,20.5,72310,40.42,-44.0,0.999
2021-06-24T23:09:45.000,43.76,21.4,0.0,0.0,20.5,72311,40.21,-44.0,0.999
2021-06-24T23:10:46.000,43.65,21.01,0.0,0.0,20.5,72312,40.0,-44.0,0.999
2021-06-24T23:12:47.000,43.6,21.57,0.0,0.0,20.5,72314,39.57,-44.0,0.999
2021-06-24T23:19:48.000,43.25,20.35,0.0,0.0,20.5,72321,38.09,-42.0,0.999
2021-06-24T23:20:48.000,43.16,20.54,0.0,0.0,20.5,72322,37.88,-42.0,0.999
2021-06-24T23:21:48.000,43.13,20.97,0.0,0.0,20.5,72323,37.67,-42.0,0.999
2021-06-24T23:28:49.000,43.03,20.93,0.0,0.0,20.5,72330,36.2,-40.0,0.999
2021-06-24T23:29:49.000,43.05,20.67,0.0,0.0,20.5,72331,35.99,-40.0,0.999
2021-06-24T23:30:50.000,42.95,20.47,0.0,0.0,20.5,72332,35.78,-40.0,0.999
