Downloads/jupyter/ECSV/stars19/stars19_2021-09.ecsv
# %ECSV 1.0
# ---
# datatype:
# - {name: time, datatype: string}
# - {name: Enclosure Temperature, unit: deg_C, datatype: float64}
# - {name: Sky Temperature, unit: deg_C, datatype: float64}
# - {name: Frequency, unit: Hz, datatype: float64}
# - {name: MSAS, unit: mag / arcsec2, datatype: float64}
# - {name: ZP, datatype: float64}
# - {name: Sequence Number, datatype: int64}
# - {name: Sun Alt, unit: deg, datatype: float64}
# - {name: Moon Alt, unit: deg, datatype: float64}
# - {name: Moon Illumination, datatype: float64}
# delimiter: ','
# meta: !!omap
# - ida:
#     Data supplier: {affiliation: null, observer: null}
#     Device type: TESS-W
#     Field of view: 17.0
#     Filters per channel: None
#     Instrument ID: stars19
#     License: ODbL 1.0 http://opendatacommons.org/licenses/odbl/summary/
#     Local timezone: America/Phoenix
#     Location name: {country: '- Tucson', place: Tucson, region: United States, sub_region: Arizona, town: Pima County}
#     Measurement direction per channel: {azimuth: 0.0, zenital: 0.0}
#     Moving / Fixed look direction: FIXED
#     Moving / Stationary position: STATIONARY
#     Number of channels: 1
#     Number of fields per line: 8
#     Number of header lines: 35
#     Position: {height: 0.0, latitude: 32.223877, longitude: -110.767532}
#     TESS MAC address: 18:FE:34:CF:EC:06
#     TESS cover offset value: 0.0
#     TESS firmware version: '1.0'
#     TESS zero point: 20.5
#     Time Synchronization: timestamp added by MQTT subscriber
#     URL: http://www.darksky.org/NSBM/sdf1.0.pdf
# - __serialized_columns__:
#     Enclosure Temperature:
#       __class__: astropy.units.quantity.Quantity
#       unit: &id001 !astropy.units.Unit {unit: deg_C}
#       value: !astropy.table.SerializedColumn {name: Enclosure Temperature}
#     Frequency:
#       __class__: astropy.units.quantity.Quantity
#       unit: !astropy.units.Unit {unit: Hz}
#       value: !astropy.table.SerializedColumn {name: Frequency}
#     MSAS:
#       __class__: astropy.units.quantity.Quantity
#       unit: !astropy.units.Unit {unit: mag / arcsec2}
#       value: !astropy.table.SerializedColumn {name: MSAS}
#     Moon Alt:
#       __class__: astropy.units.quantity.Quantity
#       unit: &id002 !astropy.units.Unit {unit: deg}
#       value: !astropy.table.SerializedColumn {name: Moon Alt}
#     Sky Temperature:
#       __class__: astropy.units.quantity.Quantity
#       unit: *id001
#       value: !astropy.table.SerializedColumn {name: Sky Temperature}
#     Sun Alt:
#       __class__: astropy.units.quantity.Quantity
#       unit: *id002
#       value: !astropy.table.SerializedColumn {name: Sun Alt}
#     time:
#       __class__: astropy.time.core.Time
#       format: isot
#       in_subfmt: '*'
#       out_subfmt: '*'
#       precision: 3
#       scale: utc
#       value: !astropy.table.SerializedColumn {name: time}
# schema: astropy-2.0
time,Enclosure Temperature,Sky Temperature,Frequency,MSAS,ZP,Sequence Number,Sun Alt,Moon Alt,Moon Illumination
[from data line 25643]
2021-09-27T12:38:58.000,21.7,10.54,53.4,16.06,20.5,207108,-8.38,79.0,0.647
2021-09-27T12:39:58.000,21.75,10.5,64.29,15.86,20.5,207109,-8.17,78.0,0.647
2021-09-27T12:40:58.000,21.76,10.35,71.8,15.74,20.5,207110,-7.96,78.0,0.646
2021-09-27T12:41:58.000,21.69,10.1,85.41,15.55,20.5,207111,-7.75,78.0,0.646
2021-09-27T12:42:58.000,21.69,10.26,109.96,15.28,20.5,207112,-7.53,78.0,0.646
2021-09-27T12:43:58.000,21.76,10.19,138.09,15.03,20.5,207113,-7.32,78.0,0.646
2021-09-27T12:44:59.000,21.78,9.94,162.29,14.86,20.5,207114,-7.11,78.0,0.646
2021-09-27T12:45:59.000,21.81,9.86,232.92,14.48,20.5,207115,-6.9,77.0,0.646
2021-09-27T12:46:59.000,21.85,9.77,267.62,14.31,20.5,207116,-6.69,77.0,0.646
2021-09-27T12:48:06.000,21.9,9.59,305.96,14.17,20.5,207117,-6.45,77.0,0.646
2021-09-27T12:49:06.000,21.93,9.35,394.79,13.89,20.5,207118,-6.24,77.0,0.646
2021-09-27T12:50:06.000,21.94,9.24,545.1,13.54,20.5,207119,-6.03,77.0,0.646
2021-09-27T12:51:06.000,21.95,9.08,622.6,13.4,20.5,207120,-5.82,77.0,0.646
2021-09-27T12:52:07.000,21.94,8.93,793.03,13.13,20.5,207121,-5.6,76.0,0.646
2021-09-27T12:53:07.000,21.94,8.87,1024.73,12.86,20.5,207122,-5.39,76.0,0.646
2021-09-27T12:54:07.000,21.96,8.9,1355.51,12.55,20.5,207123,-5.18,76.0,0.646
2021-09-27T12:55:07.000,21.96,8.89,1809.58,12.24,20.5,207124,-4.97,76.0,0.646
2021-09-27T12:56:07.000,21.95,9.02,2370.7,11.95,20.5,207125,-4.76,76.0,0.646
2021-09-27T12:57:07.000,21.97,9.16,3033.6,11.68,20.5,207126,-4.54,76.0,0.645
2021-09-27T12:58:07.000,21.98,9.2,3849.71,11.42,20.5,207127,-4.33,75.0,0.645
2021-09-27T12:59:07.000,21.99,9.24,4871.44,11.16,20.5,207128,-4.12,75.0,0.645
2021-09-27T13:00:07.000,22.01,9.24,6096.27,10.92,20.5,207129,-3.91,75.0,0.645
2021-09-27T13:01:08.000,22.0,9.2,7640.25,10.67,20.5,207130,-3.7,75.0,0.645
2021-09-27T13:02:07.000,22.0,9.23,9731.89,10.41,20.5,207131,-3.49,75.0,0.645
2021-09-27T13:03:08.000,22.0,9.26,12558.94,10.14,20.5,207132,-3.27,74.0,0.645
2021-09-27T13:04:07.000,22.0,9.18,15887.33,9.88,20.5,207133,-3.06,74.0,0.645
2021-09-27T13:05:08.000,22.0,9.08,19589.38,9.65,20.5,207134,-2.85,74.0,0.645
2021-09-27T13:06:08.000,21.99,9.03,24002.0,9.43,20.5,207135,-2.64,74.0,0.645
2021-09-27T13:07:08.000,21.94,8.79,29268.38,9.22,20.5,207136,-2.43,74.0,0.645
2021-09-27T13:08:08.000,21.9,8.9,34362.88,9.19,20.5,207137,-2.22,74.0,0.645
2021-09-27T13:09:08.000,21.93,8.85,41494.87,8.84,20.5,207138,-2.0,73.0,0.645
2021-09-27T13:10:08.000,21.94,8.73,48604.31,8.66,20.5,207139,-1.79,73.0,0.645
2021-09-27T13:11:08.000,21.95,8.58,56401.1,8.5,20.5,207140,-1.58,73.0,0.645
2021-09-27T13:12:08.000,21.94,8.47,35516.27,4.75,20.5,207141,-1.37,73.0,0.645
2021-09-27T13:13:08.000,21.94,8.31,0.0,0.0,20.5,207142,-1.16,73.0,0.644
2021-09-27T13:14:08.000,21.95,8.2,0.0,0.0,20.5,207143,-0.95,72.0,0.644
2021-09-27T13:15:08.000,21.96,7.99,0.0,0.0,20.5,207144,-0.74,72.0,0.644
2021-09-27T13:31:10.000,21.55,4.24,0.0,0.0,20.5,207160,2.65,69.0,0.643
2021-09-27T13:32:10.000,21.52,4.08,0.0,0.0,20.5,207161,2.86,69.0,0.643
2021-09-27T13:33:10.000,21.5,3.93,0.0,0.0,20.5,207162,3.07,69.0,0.643
2021-09-27T13:34:10.000,21.47,3.73,0.11,0.1,20.5,207163,3.28,68.0,0.643
2021-09-27T13:35:10.000,21.46,3.67,0.0,0.0,20.5,207164,3.49,68.0,0.643
2021-09-27T13:36:11.000,21.43,3.56,0.0,0.0,20.5,207165,3.71,68.0,0.643
2021-09-27T13:37:10.000,21.42,3.55,0.0,0.0,20.5,207166,3.91,68.0,0.643
2021-09-27T13:44:12.000,21.39,3.76,0.0,0.0,20.5,207173,5.39,66.0,0.643
2021-09-27T13:45:12.000,21.4,3.89,0.0,0.0,20.5,207174,5.6,66.0,0.642
2021-09-27T13:46:12.000,21.41,4.04,0.0,0.0,20.5,207175,5.82,66.0,0.642
2021-09-27T13:48:12.000,21.43,4.19,0.0,0.0,20.5,207177,6.24,66.0,0.642
2021-09-27T13:49:12.000,21.45,4.27,0.0,0.0,20.5,207178,6.45,65.0,0.642
2021-09-27T13:50:12.000,21.46,4.18,0.0,0.0,20.5,207179,6.66,65.0,0.642
2021-09-27T13:52:12.000,21.46,4.0,0.0,0.0,20.5,207181,7.08,65.0,0.642
2021-09-27T13:53:12.000,21.47,3.81,0.0,0.0,20.5,207182,7.29,65.0,0.642
2021-09-27T13:54:12.000,21.48,3.61,0.0,0.0,20.5,207183,7.5,64.0,0.642
2021-09-27T13:56:13.000,21.49,3.37,0.0,0.0,20.5,207185,7.92,64.0,0.642
2021-09-27T13:57:12.000,21.49,3.37,0.0,0.0,20.5,207186,8.12,64.0,0.642
2021-09-27T14:00:18.000,21.58,3.42,0.0,0.0,20.5,207189,8.77,63.0,0.642
2021-09-27T14:01:18.000,21.6,3.32,0.0,0.0,20.5,207190,8.98,63.0,0.641
2021-09-27T14:02:18.000,21.59,3.26,0.0,0.0,20.5,207191,9.19,63.0,0.641
2021-09-27T14:03:18.000,21.6,3.33,0.0,0.0,20.5,207192,9.4,63.0,0.641
2021-09-27T14:04:19.000,21.55,3.26,0.0,0.0,20.5,207193,9.61,62.0,0.641
2021-09-27T14:06:19.000,21.61,3.91,0.0,0.0,20.5,207195,10.03,62.0,0.641
2021-09-27T14:07:19.000,21.63,4.03,0.0,0.0,20.5,207196,10.24,62.0,0.641
2021-09-27T14:08:19.000,21.67,4.15,0.0,0.0,20.5,207197,10.45,62.0,0.641
2021-09-27T14:14:19.000,22.08,4.1,0.0,0.0,20.5,207203,11.7,60.0,0.641
2021-09-27T14:15:19.000,22.08,3.98,0.0,0.0,20.5,207204,11.91,60.0,0.641
2021-09-27T14:16:19.000,22.12,4.05,0.0,0.0,20.5,207205,12.12,60.0,0.641
2021-09-27T14:18:19.000,22.18,3.59,0.0,0.0,20.5,207207,12.53,60.0,0.64
2021-09-27T14:19:19.000,22.18,3.59,0.0,0.0,20.5,207208,12.74,59.0,0.64
2021-09-27T14:20:20.000,22.2,3.37,0.0,0.0,20.5,207209,12.95,59.0,0.64
2021-09-27T14:22:20.000,22.27,3.37,0.0,0.0,20.5,207211,13.37,59.0,0.64
2021-09-27T14:23:21.000,22.31,3.24,0.0,0.0,20.5,207212,13.58,59.0,0.64
2021-09-27T14:24:21.000,22.31,3.12,0.0,0.0,20.5,207213,13.79,58.0,0.64
2021-09-27T14:50:25.000,23.36,3.79,0.0,0.0,20.5,207239,19.15,53.0,0.638
2021-09-27T14:51:25.000,23.37,3.8,0.0,0.0,20.5,207240,19.36,53.0,0.638
2021-09-27T14:52:25.000,23.4,3.95,0.0,0.0,20.5,207241,19.56,53.0,0.638
2021-09-27T14:54:25.000,23.55,4.05,0.0,0.0,20.5,207243,19.97,52.0,0.638
2021-09-27T14:55:25.000,23.58,4.03,0.0,0.0,20.5,207244,20.17,52.0,0.638
2021-09-27T14:56:25.000,23.61,4.06,0.0,0.0,20.5,207245,20.38,52.0,0.638
2021-09-27T15:38:28.000,26.17,7.09,0.0,0.0,20.5,207287,28.75,43.0,0.635
2021-09-27T15:39:29.000,26.27,7.58,0.0,0.0,20.5,207288,28.95,43.0,0.635
2021-09-27T15:40:29.000,26.31,7.16,0.0,0.0,20.5,207289,29.15,43.0,0.635
2021-09-27T15:42:29.000,26.51,7.8,0.0,0.0,20.5,207291,29.53,42.0,0.635
2021-09-27T15:43:29.000,26.61,7.64,0.0,0.0,20.5,207292,29.73,42.0,0.635
2021-09-27T15:44:29.000,26.61,7.78,0.0,0.0,20.5,207293,29.92,42.0,0.635
2021-09-27T16:15:31.000,30.95,11.34,0.0,0.0,20.5,207324,35.76,35.0,0.633
2021-09-27T16:16:31.000,30.88,10.99,0.0,0.0,20.5,207325,35.94,35.0,0.633
2021-09-27T16:17:31.000,30.9,11.39,0.0,0.0,20.5,207326,36.12,35.0,0.633
2021-09-27T16:19:31.000,31.2,11.53,0.0,0.0,20.5,207328,36.49,35.0,0.633
2021-09-27T16:20:31.000,31.41,11.93,0.0,0.0,20.5,207329,36.67,34.0,0.633
2021-09-27T16:21:31.000,31.61,11.83,0.0,0.0,20.5,207330,36.85,34.0,0.633
2021-09-27T17:04:36.000,45.82,16.03,0.0,0.0,20.5,207373,44.16,26.0,0.63
2021-09-27T17:05:36.000,45.41,14.44,0.0,0.0,20.5,207374,44.32,25.0,0.63
2021-09-27T17:06:36.000,45.16,15.68,0.0,0.0,20.5,207375,44.48,25.0,0.63
2021-09-27T17:08:36.000,45.93,17.15,0.0,0.0,20.5,207377,44.79,25.0,0.63
2021-09-27T17:09:37.000,46.41,17.37,0.0,0.0,20.5,207378,44.94,25.0,0.63
2021-09-27T17:10:37.000,46.93,17.63,0.0,0.0,20.5,207379,45.1,24.0,0.63
2021-09-27T17:26:40.000,48.16,16.85,0.0,0.0,20.5,207395,47.46,21.0,0.628
2021-09-27T17:27:39.000,48.41,17.23,0.0,0.0,20.5,207396,47.6,21.0,0.628
2021-09-27T17:28:39.000,48.8,17.74,0.0,0.0,20.5,207397,47.74,21.0,0.628
2021-09-27T17:30:39.000,48.57,14.76,0.0,0.0,20.5,207399,48.01,20.0,0.628
2021-09-27T17:31:40.000,48.32,16.5,0.0,0.0,20.5,207400,48.15,20.0,0.628
2021-09-27T17:32:40.000,48.06,15.82,0.0,0.0,20.5,207401,48.29,20.0,0.628
2021-09-27T18:11:42.000,48.68,18.48,0.0,0.0,20.5,207440,52.81,12.0,0.626
2021-09-27T18:12:42.000,48.93,16.77,0.0,0.0,20.5,207441,52.9,12.0,0.626
2021-09-27T18:13:42.000,49.11,18.26,0.0,0.0,20.5,207442,52.99,12.0,0.626
2021-09-27T18:15:43.000,50.01,18.79,0.0,0.0,20.5,207444,53.17,12.0,0.625
2021-09-27T18:16:42.000,50.11,16.94,0.0,0.0,20.5,207445,53.26,11.0,0.625
2021-09-27T18:17:42.000,49.93,17.97,0.0,0.0,20.5,207446,53.35,11.0,0.625
2021-09-27T18:35:50.000,43.15,15.6,0.0,0.0,20.5,207464,54.67,8.0,0.624
2021-09-27T18:36:50.000,43.12,15.92,0.0,0.0,20.5,207465,54.73,8.0,0.624
2021-09-27T18:37:50.000,43.36,15.99,0.0,0.0,20.5,207466,54.79,7.0,0.624
2021-09-27T18:48:58.000,50.56,16.77,0.0,0.0,20.5,207477,55.33,5.0,0.623
2021-09-27T18:49:57.000,50.64,16.32,0.0,0.0,20.5,207478,55.37,5.0,0.623
2021-09-27T18:50:57.000,50.82,17.28,0.0,0.0,20.5,207479,55.41,5.0,0.623
2021-09-27T18:57:58.000,51.76,16.63,0.0,0.0,20.5,207486,55.63,4.0,0.623
2021-09-27T18:58:58.000,51.55,16.49,0.0,0.0,20.5,207487,55.65,4.0,0.623
2021-09-27T18:59:58.000,51.42,16.53,0.0,0.0,20.5,207488,55.68,3.0,0.623
2021-09-27T19:01:58.000,51.45,16.5,0.0,0.0,20.5,207490,55.72,3.0,0.622
2021-09-27T19:02:58.000,51.37,16.55,0.0,0.0,20.5,207491,55.74,3.0,0.622
2021-09-27T19:03:58.000,51.5,18.06,0.0,0.0,20.5,207492,55.75,3.0,0.622
2021-09-27T19:35:01.000,50.09,13.24,0.0,0.0,20.5,207523,55.46,-3.0,0.62
2021-09-27T19:36:01.000,49.34,17.38,0.0,0.0,20.5,207524,55.42,-3.0,0.62
2021-09-27T19:37:01.000,49.98,18.12,0.0,0.0,20.5,207525,55.39,-3.0,0.62
2021-09-27T19:40:02.000,49.15,13.62,0.0,0.0,20.5,207528,55.27,-4.0,0.62
2021-09-27T19:41:02.000,48.88,18.09,0.0,0.0,20.5,207529,55.22,-4.0,0.62
2021-09-27T19:42:02.000,49.67,18.55,0.0,0.0,20.5,207530,55.18,-4.0,0.62
2021-09-27T20:04:03.000,40.48,19.3,0.0,0.0,20.5,207552,53.81,-8.0,0.618
2021-09-27T20:05:03.000,40.13,19.04,0.0,0.0,20.5,207553,53.73,-8.0,0.618
2021-09-27T20:06:03.000,39.84,19.73,0.0,0.0,20.5,207554,53.65,-8.0,0.618
2021-09-27T20:08:04.000,39.81,20.25,0.0,0.0,20.5,207556,53.48,-8.0,0.618
2021-09-27T20:09:04.000,39.77,20.39,0.0,0.0,20.5,207557,53.4,-9.0,0.618
2021-09-27T20:10:04.000,39.82,20.54,0.0,0.0,20.5,207558,53.31,-9.0,0.618
2021-09-27T20:12:04.000,41.55,22.87,0.0,0.0,20.5,207560,53.14,-9.0,0.618
2021-09-27T20:14:04.000,41.58,20.56,0.0,0.0,20.5,207562,52.96,-9.0,0.618
2021-09-27T20:15:04.000,41.17,20.01,0.0,0.0,20.5,207563,52.87,-10.0,0.618
2021-09-27T20:16:04.000,40.78,20.26,0.0,0.0,20.5,207564,52.77,-10.0,0.618
2021-09-27T20:26:05.000,38.55,19.98,0.0,0.0,20.5,207574,51.77,-11.0,0.617
2021-09-27T20:27:06.000,38.09,20.01,0.0,0.0,20.5,207575,51.66,-12.0,0.617
2021-09-27T20:28:06.000,37.72,20.17,0.0,0.0,20.5,207576,51.55,-12.0,0.617
2021-09-27T20:31:07.000,36.87,20.16,0.0,0.0,20.5,207579,51.22,-12.0,0.617
2021-09-27T20:33:07.000,36.44,20.1,0.0,0.0,20.5,207581,51.0,-13.0,0.617
2021-09-27T20:34:07.000,36.29,20.22,0.0,0.0,20.5,207582,50.88,-13.0,0.617
2021-09-27T20:35:07.000,36.17,20.32,0.0,0.0,20.5,207583,50.76,-13.0,0.617
2021-09-27T20:37:07.000,35.97,19.98,0.0,0.0,20.5,207585,50.53,-13.0,0.616
2021-09-27T20:38:07.000,35.83,20.11,0.0,0.0,20.5,207586,50.41,-13.0,0.616
2021-09-27T20:39:07.000,35.74,20.02,0.0,0.0,20.5,207587,50.29,-13.0,0.616
2021-09-27T20:42:07.000,35.5,20.06,0.0,0.0,20.5,207590,49.92,-14.0,0.616
2021-09-27T20:43:07.000,35.41,19.93,0.0,0.0,20.5,207591,49.8,-14.0,0.616
2021-09-27T20:44:07.000,35.28,19.73,0.0,0.0,20.5,207592,49.68,-14.0,0.616
2021-09-27T20:45:07.000,35.22,19.92,0.0,0.0,20.5,207593,49.55,-14.0,0.616
2021-09-27T20:46:08.000,35.14,19.85,0.0,0.0,20.5,207594,49.42,-15.0,0.616
2021-09-27T20:48:08.000,35.23,20.33,0.0,0.0,20.5,207596,49.16,-15.0,0.616
2021-09-27T20:49:08.000,35.25,19.91,0.0,0.0,20.5,207597,49.03,-15.0,0.616
2021-09-27T20:50:08.000,35.27,19.89,0.0,0.0,20.5,207598,48.9,-15.0,0.616
2021-09-27T21:13:09.000,40.51,22.82,0.0,0.0,20.5,207621,45.65,-18.0,0.614
2021-09-27T21:14:09.000,41.97,23.22,0.0,0.0,20.5,207622,45.5,-19.0,0.614
2021-09-27T21:15:10.000,42.96,21.89,0.0,0.0,20.5,207623,45.34,-19.0,0.614
2021-09-27T21:17:09.000,43.22,19.95,0.0,0.0,20.5,207625,45.04,-19.0,0.614
2021-09-27T21:18:10.000,43.86,21.21,0.0,0.0,20.5,207626,44.88,-19.0,0.614
2021-09-27T21:19:10.000,43.9,18.6,0.0,0.0,20.5,207627,44.73,-19.0,0.614
2021-09-27T21:20:10.000,43.61,18.61,0.0,0.0,20.5,207628,44.57,-19.0,0.614
2021-09-27T21:21:10.000,43.27,18.23,0.0,0.0,20.5,207629,44.42,-20.0,0.614
2021-09-27T21:22:10.000,42.77,17.89,0.0,0.0,20.5,207630,44.26,-20.0,0.614
2021-09-27T21:24:10.000,41.33,17.0,0.0,0.0,20.5,207632,43.94,-20.0,0.613
2021-09-27T21:25:10.000,40.85,18.18,0.0,0.0,20.5,207633,43.79,-20.0,0.613
2021-09-27T21:26:10.000,40.57,18.72,0.0,0.0,20.5,207634,43.63,-20.0,0.613
2021-09-27T21:28:11.000,39.9,19.6,0.0,0.0,20.5,207636,43.3,-21.0,0.613
2021-09-27T21:29:11.000,39.66,19.53,0.0,0.0,20.5,207637,43.14,-21.0,0.613
2021-09-27T21:30:11.000,39.43,19.9,0.0,0.0,20.5,207638,42.98,-21.0,0.613
2021-09-27T21:32:11.000,38.96,20.17,0.0,0.0,20.5,207640,42.65,-21.0,0.613
2021-09-27T21:33:12.000,38.81,20.3,0.0,0.0,20.5,207641,42.49,-21.0,0.613
2021-09-27T21:34:11.000,38.65,20.45,0.0,0.0,20.5,207642,42.33,-21.0,0.613
2021-09-27T21:36:11.000,38.27,20.42,0.0,0.0,20.5,207644,42.0,-22.0,0.613
2021-09-27T21:37:12.000,38.0,20.6,0.0,0.0,20.5,207645,41.83,-22.0,0.613
2021-09-27T21:38:12.000,37.71,20.35,0.0,0.0,20.5,207646,41.66,-22.0,0.612
2021-09-27T21:40:12.000,37.16,20.63,0.0,0.0,20.5,207648,41.33,-22.0,0.612
2021-09-27T21:41:12.000,36.8,20.15,0.0,0.0,20.5,207649,41.16,-22.0,0.612
2021-09-27T21:42:12.000,36.52,20.28,0.0,0.0,20.5,207650,40.99,-22.0,0.612
2021-09-27T21:54:13.000,33.7,19.58,0.0,0.0,20.5,207662,38.92,-24.0,0.611
2021-09-27T21:55:13.000,33.55,19.63,0.0,0.0,20.5,207663,38.74,-24.0,0.611
2021-09-27T21:56:13.000,33.44,19.67,0.0,0.0,20.5,207664,38.57,-24.0,0.611
2021-09-27T21:58:13.000,33.31,19.57,0.0,0.0,20.5,207666,38.21,-24.0,0.611
2021-09-27T21:59:13.000,33.26,19.54,0.0,0.0,20.5,207667,38.04,-24.0,0.611
2021-09-27T22:00:13.000,33.17,19.45,0.0,0.0,20.5,207668,37.86,-25.0,0.611
2021-09-27T22:17:16.000,33.66,19.64,0.0,0.0,20.5,207684,34.76,-26.0,0.61
2021-09-27T22:18:16.000,33.78,19.41,0.0,0.0,20.5,207685,34.58,-26.0,0.61
2021-09-27T22:19:16.000,33.8,19.14,0.0,0.0,20.5,207686,34.39,-27.0,0.61
2021-09-27T22:31:19.000,34.54,19.26,0.0,0.0,20.5,207698,32.13,-28.0,0.609
2021-09-27T22:32:19.000,34.53,19.13,0.0,0.0,20.5,207699,31.94,-28.0,0.609
2021-09-27T22:33:19.000,34.44,19.06,0.0,0.0,20.5,207700,31.75,-28.0,0.609
2021-09-27T22:35:19.000,34.32,19.22,0.0,0.0,20.5,207702,31.37,-28.0,0.609
2021-09-27T22:36:20.000,34.25,19.27,0.0,0.0,20.5,207703,31.18,-28.0,0.609
2021-09-27T22:37:20.000,34.18,19.1,0.0,0.0,20.5,207704,30.98,-28.0,0.609
2021-09-27T22:57:22.000,33.98,18.37,0.0,0.0,20.5,207724,27.09,-30.0,0.607
2021-09-27T22:58:22.000,34.05,18.37,0.0,0.0,20.5,207725,26.9,-30.0,0.607
2021-09-27T22:59:22.000,34.13,18.28,0.0,0.0,20.5,207726,26.7,-30.0,0.607
2021-09-27T23:02:23.000,34.15,15.17,0.0,0.0,20.5,207729,26.1,-30.0,0.607
2021-09-27T23:03:23.000,34.14,14.44,0.0,0.0,20.5,207730,25.91,-30.0,0.607
2021-09-27T23:04:23.000,34.03,13.21,0.0,0.0,20.5,207731,25.71,-31.0,0.607
2021-09-27T23:16:23.000,32.61,10.52,0.0,0.0,20.5,207743,23.31,-31.0,0.606
2021-09-27T23:17:23.000,32.46,10.16,0.0,0.0,20.5,207744,23.11,-31.0,0.606
2021-09-27T23:18:23.000,32.39,10.11,0.0,0.0,20.5,207745,22.91,-31.0,0.606
2021-09-27T23:20:30.000,32.28,10.25,0.0,0.0,20.5,207747,22.48,-32.0,0.606
2021-09-27T23:21:30.000,32.24,10.63,0.0,0.0,20.5,207748,22.28,-32.0,0.606
2021-09-27T23:22:30.000,32.21,10.92,0.0,0.0,20.5,207749,22.08,-32.0,0.606
2021-09-27T23:36:32.000,32.09,18.02,0.0,0.0,20.5,207763,19.23,-32.0,0.605
2021-09-27T23:37:32.000,32.16,18.04,0.0,0.0,20.5,207764,19.03,-32.0,0.605
2021-09-27T23:38:32.000,32.24,18.18,0.0,0.0,20.5,207765,18.82,-32.0,0.605
2021-09-27T23:40:33.000,32.45,18.23,0.0,0.0,20.5,207767,18.41,-33.0,0.605
2021-09-27T23:41:33.000,32.56,18.24,0.0,0.0,20.5,207768,18.2,-33.0,0.605
2021-09-27T23:42:33.000,32.64,17.97,0.0,0.0,20.5,207769,18.0,-33.0,0.605
2021-09-27T23:55:33.000,32.74,12.7,0.0,0.0,20.5,207782,15.32,-33.0,0.604
2021-09-27T23:56:34.000,32.61,11.6,0.0,0.0,20.5,207783,15.11,-33.0,0.604
2021-09-27T23:57:34.000,32.49,10.59,0.0,0.0,20.5,207784,14.9,-33.0,0.604
2021-09-27T23:59:34.000,32.23,9.7,0.0,0.0,20.5,207786,14.49,-33.0,0.603
2021-09-28T00:00:34.000,32.09,9.54,0.0,0.0,20.5,207787,14.28,-33.0,0.603
2021-09-28T00:01:34.000,31.96,9.47,0.0,0.0,20.5,207788,14.08,-33.0,0.603
2021-09-28T00:25:36.000,30.11,8.81,0.0,0.0,20.5,207812,9.06,-33.0,0.602
