Downloads/jupyter/ECSV/stars19/stars19_2020-07.ecsv
# %ECSV 1.0
# ---
# datatype:
# - {name: time, datatype: string}
# - {name: Enclosure Temperature, unit: deg_C, datatype: float64}
# - {name: Sky Temperature, unit: deg_C, datatype: float64}
# - {name: Frequency, unit: Hz, datatype: float64}
# - {name: MSAS, unit: mag / arcsec2, datatype: float64}
# - {name: ZP, datatype: float64}
# - {name: Sequence Number, datatype: int64}
# - {name: Sun Alt, unit: deg, datatype: float64}
# - {name: Moon Alt, unit: deg, datatype: float64}
# - {name: Moon Illumination, datatype: float64}
# delimiter: ','
# meta: !!omap
# - ida:
#     Data supplier: {affiliation: null, observer: null}
#     Device type: TESS-W
#     Field of view: 17.0
#     Filters per channel: None
#     Instrument ID: stars19
#     License: ODbL 1.0 http://opendatacommons.org/licenses/odbl/summary/
#     Local timezone: America/Phoenix
#     Location name: {country: '- Tucson', place: Tucson, region: United States, sub_region: Arizona, town: Pima County}
#     Measurement direction per channel: {azimuth: 0.0, zenital: 0.0}
#     Moving / Fixed look direction: FIXED
#     Moving / Stationary position: STATIONARY
#     Number of channels: 1
#     Number of fields per line: 8
#     Number of header lines: 35
#     Position: {height: 0.0, latitude: 32.223877, longitude: -110.767532}
#     TESS MAC address: 18:FE:34:CF:EC:06
#     TESS cover offset value: 0.0
#     TESS firmware version: '1.0'
#     TESS zero point: 20.5
#     Time Synchronization: timestamp added by MQTT subscriber
#     URL: http://www.darksky.org/NSBM/sdf1.0.pdf
# - __serialized_columns__:
#     Enclosure Temperature:
#       __class__: astropy.units.quantity.Quantity
#       unit: &id001 !astropy.units.Unit {unit: deg_C}
#       value: !astropy.table.SerializedColumn {name: Enclosure Temperature}
#     Frequency:
#       __class__: astropy.units.quantity.Quantity
#       unit: !astropy.units.Unit {unit: Hz}
#       value: !astropy.table.SerializedColumn {name: Frequency}
#     MSAS:
#       __class__: astropy.units.quantity.Quantity
#       unit: !astropy.units.Unit {unit: mag / arcsec2}
#       value: !astropy.table.SerializedColumn {name: MSAS}
#     Moon Alt:
#       __class__: astropy.units.quantity.Quantity
#       unit: &id002 !astropy.units.Unit {unit: deg}
#       value: !astropy.table.SerializedColumn {name: Moon Alt}
#     Sky Temperature:
#       __class__: astropy.units.quantity.Quantity
#       unit: *id001
#       value: !astropy.table.SerializedColumn {name: Sky Temperature}
#     Sun Alt:
#       __class__: astropy.units.quantity.Quantity
#       unit: *id002
#       value: !astropy.table.SerializedColumn {name: Sun Alt}
#     time:
#       __class__: astropy.time.core.Time
#       format: isot
#       in_subfmt: '*'
#       out_subfmt: '*'
#       precision: 3
#       scale: utc
#       value: !astropy.table.SerializedColumn {name: time}
# schema: astropy-2.0
time,Enclosure Temperature,Sky Temperature,Frequency,MSAS,ZP,Sequence Number,Sun Alt,Moon Alt,Moon Illumination
[from data line 12416]
2020-07-17T23:26:32.000,44.55,22.06,0.0,0.0,20.5,118906,36.45,6.0,0.085
2020-07-17T23:27:32.000,44.58,22.08,0.0,0.0,20.5,118907,36.24,6.0,0.085
2020-07-17T23:28:32.000,44.59,21.92,0.0,0.0,20.5,118908,36.03,6.0,0.085
2020-07-17T23:29:32.000,44.58,21.9,13.01,0.07,20.5,118909,35.82,6.0,0.085
2020-07-17T23:30:32.000,44.58,22.02,0.0,0.0,20.5,118910,35.61,6.0,0.085
2020-07-17T23:31:33.000,44.59,22.33,0.0,0.0,20.5,118911,35.39,5.0,0.085
2020-07-17T23:32:33.000,44.65,22.19,0.0,0.0,20.5,118912,35.18,5.0,0.085
2020-07-17T23:33:33.000,44.66,22.23,0.0,0.0,20.5,118913,34.97,5.0,0.085
2020-07-17T23:34:34.000,44.68,21.99,0.0,0.0,20.5,118914,34.76,5.0,0.085
2020-07-17T23:35:34.000,44.66,22.1,0.0,0.0,20.5,118915,34.54,5.0,0.085
2020-07-17T23:38:34.000,44.71,22.31,0.0,0.0,20.5,118918,33.91,4.0,0.085
2020-07-17T23:41:34.000,44.74,21.73,0.0,0.0,20.5,118921,33.28,3.0,0.085
2020-07-17T23:49:35.000,44.19,22.33,0.0,0.0,20.5,118929,31.59,2.0,0.084
2020-07-17T23:50:35.000,44.19,22.24,0.0,0.0,20.5,118930,31.38,2.0,0.084
2020-07-17T23:51:36.000,44.22,22.26,0.0,0.0,20.5,118931,31.17,2.0,0.084
2020-07-18T00:03:37.000,44.54,22.05,0.0,0.0,20.5,118943,28.65,-1.0,0.084
2020-07-18T00:04:37.000,44.51,21.99,0.0,0.0,20.5,118944,28.44,-1.0,0.084
2020-07-18T00:05:38.000,44.41,21.53,0.0,0.0,20.5,118945,28.22,-1.0,0.084
2020-07-18T00:07:38.000,44.29,21.79,0.0,0.0,20.5,118947,27.81,-1.0,0.084
2020-07-18T00:10:38.000,44.14,21.9,0.0,0.0,20.5,118950,27.18,-2.0,0.083
2020-07-18T00:11:38.000,44.09,21.79,0.0,0.0,20.5,118951,26.97,-2.0,0.083
2020-07-18T00:13:39.000,44.0,21.62,0.0,0.0,20.5,118953,26.55,-2.0,0.083
2020-07-18T00:15:39.000,43.64,21.19,0.0,0.0,20.5,118955,26.13,-3.0,0.083
2020-07-18T00:17:39.000,43.33,21.38,0.0,0.0,20.5,118957,25.71,-3.0,0.083
2020-07-18T00:19:40.000,43.24,21.34,0.0,0.0,20.5,118959,25.29,-3.0,0.083
2020-07-18T00:20:40.000,43.09,20.98,0.0,0.0,20.5,118960,25.08,-4.0,0.083
2020-07-18T00:21:41.000,42.99,21.14,0.0,0.0,20.5,118961,24.87,-4.0,0.083
2020-07-18T00:42:45.000,41.52,21.75,0.0,0.0,20.5,118982,20.5,-8.0,0.082
2020-07-18T00:43:45.000,41.43,21.72,0.0,0.0,20.5,118983,20.3,-8.0,0.082
2020-07-18T00:44:46.000,41.37,21.75,0.0,0.0,20.5,118984,20.09,-8.0,0.082
2020-07-18T00:46:46.000,41.29,21.56,0.0,0.0,20.5,118986,19.67,-8.0,0.082
2020-07-18T00:47:47.000,41.25,21.19,0.0,0.0,20.5,118987,19.46,-8.0,0.082
2020-07-18T00:48:47.000,41.18,20.91,0.0,0.0,20.5,118988,19.26,-9.0,0.082
2020-07-18T00:49:47.000,41.11,20.63,0.0,0.0,20.5,118989,19.05,-9.0,0.082
2020-07-18T00:50:47.000,41.01,20.34,0.0,0.0,20.5,118990,18.85,-9.0,0.082
2020-07-18T00:51:47.000,40.98,20.35,0.0,0.0,20.5,118991,18.64,-9.0,0.082
2020-07-18T00:53:47.000,40.94,19.72,0.0,0.0,20.5,118993,18.23,-9.0,0.082
2020-07-18T00:54:48.000,40.89,19.66,0.0,0.0,20.5,118994,18.02,-10.0,0.082
2020-07-18T00:56:48.000,40.81,19.5,0.0,0.0,20.5,118996,17.61,-10.0,0.082
2020-07-18T01:01:49.000,40.52,19.01,0.0,0.0,20.5,119001,16.58,-11.0,0.081
2020-07-18T01:02:49.000,40.48,19.13,0.0,0.0,20.5,119002,16.38,-11.0,0.081
2020-07-18T01:03:49.000,40.47,19.03,0.0,0.0,20.5,119003,16.17,-11.0,0.081
2020-07-18T01:12:52.000,40.33,19.42,0.0,0.0,20.5,119012,14.33,-13.0,0.081
2020-07-18T01:13:52.000,40.33,20.03,0.0,0.0,20.5,119013,14.12,-13.0,0.081
2020-07-18T01:14:52.000,40.33,20.69,0.0,0.0,20.5,119014,13.92,-13.0,0.081
2020-07-18T01:16:53.000,40.39,21.64,0.0,0.0,20.5,119016,13.51,-13.0,0.081
2020-07-18T01:17:53.000,40.4,21.54,0.0,0.0,20.5,119017,13.31,-13.0,0.081
2020-07-18T01:18:53.000,40.32,21.07,0.0,0.0,20.5,119018,13.11,-14.0,0.081
2020-07-18T01:21:54.000,40.12,21.1,0.0,0.0,20.5,119021,12.5,-14.0,0.081
2020-07-18T01:22:54.000,40.08,21.06,0.0,0.0,20.5,119022,12.29,-14.0,0.081
2020-07-18T01:23:55.000,39.96,20.79,0.0,0.0,20.5,119023,12.09,-14.0,0.081
2020-07-18T01:37:00.000,38.75,19.92,0.0,0.0,20.5,119036,9.46,-16.0,0.08
2020-07-18T01:38:00.000,38.75,19.77,0.0,0.0,20.5,119037,9.26,-17.0,0.08
2020-07-18T01:39:01.000,38.71,19.6,0.0,0.0,20.5,119038,9.05,-17.0,0.08
2020-07-18T01:40:01.000,38.69,20.89,592.39,0.16,20.5,119039,8.85,-17.0,0.08
2020-07-18T01:41:01.000,38.67,19.61,0.0,0.0,20.5,119040,8.65,-17.0,0.08
2020-07-18T01:42:01.000,38.7,19.4,0.0,0.0,20.5,119041,8.45,-17.0,0.08
2020-07-18T01:43:01.000,38.66,19.27,0.0,0.0,20.5,119042,8.26,-17.0,0.08
2020-07-18T01:52:03.000,38.59,18.73,0.0,0.0,20.5,119051,6.46,-19.0,0.079
2020-07-18T01:53:04.000,38.58,18.69,0.0,0.0,20.5,119052,6.26,-19.0,0.079
2020-07-18T01:54:04.000,38.56,18.7,0.0,0.0,20.5,119053,6.06,-19.0,0.079
2020-07-18T01:59:04.000,38.48,18.95,0.0,0.0,20.5,119058,5.08,-20.0,0.079
2020-07-18T02:04:05.000,38.38,18.68,0.0,0.0,20.5,119063,4.09,-20.0,0.079
2020-07-18T02:05:05.000,38.33,18.52,0.0,0.0,20.5,119064,3.9,-21.0,0.079
2020-07-18T02:06:06.000,38.28,18.48,0.0,0.0,20.5,119065,3.7,-21.0,0.079
2020-07-18T02:20:08.000,37.74,16.99,0.0,0.0,20.5,119079,0.97,-23.0,0.078
2020-07-18T02:21:08.000,37.7,16.94,0.0,0.0,20.5,119080,0.78,-23.0,0.078
2020-07-18T02:22:09.000,37.66,16.93,0.0,0.0,20.5,119081,0.59,-23.0,0.078
2020-07-18T02:24:10.000,37.6,17.41,0.0,0.0,20.5,119083,0.2,-23.0,0.078
2020-07-18T02:25:10.000,37.57,17.55,0.0,0.0,20.5,119084,0.01,-23.0,0.078
2020-07-18T02:26:10.000,37.55,17.75,0.0,0.0,20.5,119085,-0.18,-23.0,0.078
2020-07-18T02:27:10.000,37.5,17.9,0.0,0.0,20.5,119086,-0.38,-24.0,0.078
2020-07-18T02:28:10.000,37.48,18.23,0.0,0.0,20.5,119087,-0.57,-24.0,0.078
2020-07-18T02:29:10.000,37.48,18.44,0.0,0.0,20.5,119088,-0.76,-24.0,0.078
2020-07-18T02:31:10.000,37.48,19.12,0.54,0.18,20.5,119090,-1.14,-24.0,0.078
2020-07-18T02:32:10.000,37.5,19.61,42804.29,5.68,20.5,119091,-1.33,-24.0,0.078
2020-07-18T02:33:10.000,37.5,20.31,58643.93,8.46,20.5,119092,-1.52,-24.0,0.078
2020-07-18T02:34:11.000,37.49,21.19,53638.5,8.56,20.5,119093,-1.71,-24.0,0.078
2020-07-18T02:35:11.000,37.52,22.13,47164.91,8.7,20.5,119094,-1.9,-25.0,0.078
2020-07-18T02:36:11.000,37.56,22.68,40475.59,8.86,20.5,119095,-2.09,-25.0,0.078
2020-07-18T02:37:11.000,37.6,23.14,35101.46,9.02,20.5,119096,-2.28,-25.0,0.078
2020-07-18T02:38:11.000,37.65,23.37,30356.09,9.18,20.5,119097,-2.47,-25.0,0.078
2020-07-18T02:39:11.000,37.66,23.41,25107.1,9.52,20.5,119098,-2.66,-25.0,0.078
2020-07-18T02:40:11.000,37.67,23.42,21463.44,9.55,20.5,119099,-2.85,-25.0,0.078
2020-07-18T02:41:11.000,37.67,23.37,17898.36,9.75,20.5,119100,-3.04,-25.0,0.077
2020-07-18T02:42:11.000,37.69,23.49,14575.07,9.97,20.5,119101,-3.22,-25.0,0.077
2020-07-18T02:46:12.000,37.73,23.61,6617.46,10.83,20.5,119105,-3.98,-26.0,0.077
2020-07-18T02:47:12.000,37.74,23.38,5355.71,11.06,20.5,119106,-4.16,-26.0,0.077
2020-07-18T03:00:13.000,37.82,22.67,286.22,14.24,20.5,119119,-6.57,-28.0,0.077
2020-07-18T03:01:14.000,37.83,22.46,227.89,14.49,20.5,119120,-6.76,-28.0,0.077
2020-07-18T03:02:14.000,37.83,22.4,182.67,14.73,20.5,119121,-6.94,-28.0,0.077
2020-07-18T03:05:15.000,37.87,22.98,103.3,15.35,20.5,119124,-7.49,-28.0,0.077
2020-07-18T03:06:15.000,37.86,23.06,88.92,15.51,20.5,119125,-7.68,-28.0,0.077
2020-07-18T03:07:15.000,37.81,22.72,77.89,15.65,20.5,119126,-7.86,-28.0,0.076
2020-07-18T03:08:15.000,37.73,22.67,69.09,15.78,20.5,119127,-8.04,-28.0,0.076
2020-07-18T03:09:16.000,37.69,22.28,61.77,15.9,20.5,119128,-8.22,-29.0,0.076
2020-07-18T03:20:18.000,36.85,18.1,6.99,18.27,20.5,119139,-10.2,-30.0,0.076
2020-07-18T03:21:18.000,36.85,18.38,6.22,18.4,20.5,119140,-10.38,-30.0,0.076
2020-07-18T03:22:18.000,36.81,18.26,5.71,18.49,20.5,119141,-10.56,-30.0,0.076
2020-07-18T03:23:19.000,36.78,18.32,5.4,18.55,20.5,119142,-10.74,-30.0,0.076
2020-07-18T03:24:19.000,36.76,18.59,5.15,18.6,20.5,119143,-10.91,-30.0,0.076
2020-07-18T03:25:19.000,36.7,18.79,4.92,18.65,20.5,119144,-11.09,-30.0,0.076
2020-07-18T04:01:22.000,35.65,17.29,3.52,19.01,20.5,119180,-17.21,-33.0,0.074
2020-07-18T04:07:23.000,35.77,19.26,9.38,17.95,20.5,119186,-18.19,-33.0,0.074
2020-07-18T04:08:24.000,35.69,19.4,9.85,17.9,20.5,119187,-18.35,-34.0,0.074
2020-07-18T04:09:24.000,35.65,19.98,10.1,17.87,20.5,119188,-18.51,-34.0,0.074
2020-07-18T04:10:24.000,35.7,20.39,10.51,17.83,20.5,119189,-18.67,-34.0,0.074
2020-07-18T04:11:25.000,35.72,20.57,11.37,17.74,20.5,119190,-18.83,-34.0,0.074
2020-07-18T04:12:25.000,35.75,20.81,12.44,17.64,20.5,119191,-18.99,-34.0,0.074
2020-07-18T04:13:25.000,35.74,20.79,13.0,17.59,20.5,119192,-19.15,-34.0,0.074
2020-07-18T04:14:25.000,35.71,20.58,13.06,17.59,20.5,119193,-19.3,-34.0,0.074
2020-07-18T04:15:25.000,35.68,20.59,12.81,17.61,20.5,119194,-19.46,-34.0,0.074
2020-07-18T04:16:25.000,35.69,20.6,12.39,17.65,20.5,119195,-19.62,-34.0,0.074
2020-07-18T04:17:26.000,35.66,20.48,11.93,17.69,20.5,119196,-19.78,-34.0,0.074
2020-07-18T04:18:26.000,35.71,20.6,11.33,17.75,20.5,119197,-19.93,-34.0,0.074
2020-07-18T04:19:26.000,35.66,20.13,10.57,17.82,20.5,119198,-20.09,-34.0,0.074
2020-07-18T04:20:27.000,35.63,20.27,9.92,17.89,20.5,119199,-20.24,-34.0,0.074
2020-07-18T04:21:27.000,35.65,20.26,9.57,17.93,20.5,119200,-20.4,-34.0,0.074
2020-07-18T04:22:27.000,35.65,20.27,9.22,17.97,20.5,119201,-20.55,-34.0,0.074
2020-07-18T04:23:28.000,35.66,20.1,8.86,18.01,20.5,119202,-20.71,-34.0,0.074
2020-07-18T04:24:28.000,35.63,19.99,8.59,18.05,20.5,119203,-20.86,-34.0,0.074
2020-07-18T04:25:28.000,35.59,19.98,8.5,18.06,20.5,119204,-21.01,-34.0,0.074
2020-07-18T04:26:28.000,35.59,20.2,9.17,17.98,20.5,119205,-21.17,-34.0,0.073
2020-07-18T04:27:28.000,35.59,20.59,11.5,17.73,20.5,119206,-21.32,-35.0,0.073
2020-07-18T04:28:29.000,35.64,21.32,13.59,17.55,20.5,119207,-21.47,-35.0,0.073
2020-07-18T04:29:29.000,35.72,21.45,14.27,17.49,20.5,119208,-21.62,-35.0,0.073
2020-07-18T04:30:29.000,35.74,21.5,14.16,17.5,20.5,119209,-21.77,-35.0,0.073
2020-07-18T04:31:29.000,35.72,21.19,13.41,17.56,20.5,119210,-21.92,-35.0,0.073
2020-07-18T04:32:30.000,35.7,21.3,12.04,17.68,20.5,119211,-22.07,-35.0,0.073
2020-07-18T04:33:30.000,35.6,21.04,10.32,17.85,20.5,119212,-22.22,-35.0,0.073
2020-07-18T04:34:30.000,35.74,20.58,8.41,18.07,20.5,119213,-22.37,-35.0,0.073
2020-07-18T04:35:30.000,35.69,19.98,7.16,18.24,20.5,119214,-22.52,-35.0,0.073
2020-07-18T04:36:30.000,35.64,20.1,6.66,18.32,20.5,119215,-22.66,-35.0,0.073
2020-07-18T04:37:31.000,35.62,20.11,7.12,18.25,20.5,119216,-22.81,-35.0,0.073
2020-07-18T04:38:31.000,35.59,20.26,8.09,18.11,20.5,119217,-22.96,-35.0,0.073
2020-07-18T04:39:31.000,35.57,20.61,9.17,17.89,20.5,119218,-23.1,-35.0,0.073
2020-07-18T04:40:32.000,35.54,20.81,9.98,17.88,20.5,119219,-23.25,-35.0,0.073
2020-07-18T04:41:32.000,35.6,21.02,10.23,17.86,20.5,119220,-23.39,-35.0,0.073
2020-07-18T04:42:32.000,35.59,20.97,9.99,17.88,20.5,119221,-23.54,-35.0,0.073
2020-07-18T04:43:32.000,35.61,21.03,9.44,17.94,20.5,119222,-23.68,-35.0,0.073
2020-07-18T04:44:32.000,35.63,21.09,8.98,18.0,20.5,119223,-23.82,-35.0,0.073
2020-07-18T04:45:33.000,35.62,20.96,8.84,18.01,20.5,119224,-23.97,-35.0,0.073
2020-07-18T04:46:33.000,35.6,20.99,8.93,18.0,20.5,119225,-24.11,-35.0,0.073
2020-07-18T04:47:33.000,35.61,21.11,9.07,17.99,20.5,119226,-24.25,-35.0,0.073
2020-07-18T04:48:33.000,35.65,21.2,9.16,17.98,20.5,119227,-24.39,-35.0,0.073
2020-07-18T04:49:34.000,35.69,21.1,9.0,17.99,20.5,119228,-24.53,-35.0,0.073
2020-07-18T04:50:34.000,35.68,20.95,8.57,18.05,20.5,119229,-24.67,-35.0,0.073
2020-07-18T04:51:34.000,35.69,20.81,8.06,18.11,20.5,119230,-24.81,-35.0,0.073
2020-07-18T05:01:35.000,35.81,20.77,7.19,18.24,20.5,119240,-26.17,-35.0,0.072
2020-07-18T05:02:35.000,35.85,20.66,7.38,18.21,20.5,119241,-26.3,-35.0,0.072
2020-07-18T05:03:35.000,35.87,20.48,7.79,18.15,20.5,119242,-26.43,-35.0,0.072
2020-07-18T05:04:36.000,35.88,20.27,8.12,18.11,20.5,119243,-26.56,-36.0,0.072
2020-07-18T05:05:37.000,35.87,20.1,8.29,18.08,20.5,119244,-26.7,-36.0,0.072
2020-07-18T05:06:36.000,35.84,19.97,8.28,18.09,20.5,119245,-26.82,-36.0,0.072
2020-07-18T05:21:38.000,35.26,16.69,2.45,19.41,20.5,119260,-28.69,-36.0,0.071
2020-07-18T05:22:39.000,35.21,16.98,3.08,19.16,20.5,119261,-28.81,-36.0,0.071
2020-07-18T05:23:39.000,35.11,17.58,4.23,18.82,20.5,119262,-28.93,-36.0,0.071
2020-07-18T05:24:39.000,35.08,18.31,5.51,18.53,20.5,119263,-29.05,-36.0,0.071
2020-07-18T05:26:40.000,35.03,19.83,7.73,18.16,20.5,119265,-29.28,-35.0,0.071
2020-07-18T05:27:40.000,35.05,20.34,8.75,18.03,20.5,119266,-29.4,-35.0,0.071
2020-07-18T05:28:40.000,35.07,20.71,9.62,17.92,20.5,119267,-29.51,-35.0,0.071
2020-07-18T05:29:40.000,35.1,20.87,9.72,17.91,20.5,119268,-29.63,-35.0,0.071
2020-07-18T05:30:41.000,35.09,20.74,9.16,17.98,20.5,119269,-29.74,-35.0,0.071
2020-07-18T05:31:41.000,35.11,20.71,8.47,18.06,20.5,119270,-29.85,-35.0,0.071
2020-07-18T05:32:41.000,35.12,20.75,8.11,18.11,20.5,119271,-29.96,-35.0,0.071
2020-07-18T05:33:41.000,35.17,20.87,8.86,18.01,20.5,119272,-30.08,-35.0,0.071
2020-07-18T05:34:41.000,35.14,21.03,10.63,17.82,20.5,119273,-30.19,-35.0,0.071
2020-07-18T05:36:47.000,35.17,21.43,13.54,17.55,20.5,119275,-30.41,-35.0,0.071
2020-07-18T05:37:47.000,35.17,21.44,14.1,17.51,20.5,119276,-30.52,-35.0,0.071
2020-07-18T05:47:49.000,35.23,21.64,16.99,17.3,20.5,119286,-31.56,-35.0,0.07
2020-07-18T05:48:49.000,35.25,21.7,17.07,17.3,20.5,119287,-31.66,-35.0,0.07
2020-07-18T05:49:49.000,35.26,21.67,17.12,17.3,20.5,119288,-31.76,-35.0,0.07
2020-07-18T05:50:49.000,35.22,21.47,17.12,17.3,20.5,119289,-31.85,-35.0,0.07
2020-07-18T05:51:50.000,35.19,21.55,17.09,17.3,20.5,119290,-31.95,-35.0,0.07
2020-07-18T05:52:50.000,35.19,21.55,17.05,17.3,20.5,119291,-32.05,-35.0,0.07
2020-07-18T05:53:50.000,35.19,21.43,16.96,17.31,20.5,119292,-32.14,-35.0,0.07
2020-07-18T05:54:50.000,35.16,21.4,16.87,17.31,20.5,119293,-32.24,-35.0,0.07
2020-07-18T05:55:51.000,35.14,21.33,16.71,17.32,20.5,119294,-32.33,-35.0,0.07
2020-07-18T05:56:51.000,35.12,21.43,16.57,17.33,20.5,119295,-32.43,-35.0,0.07
2020-07-18T05:57:51.000,35.12,21.4,16.5,17.34,20.5,119296,-32.52,-35.0,0.07
2020-07-18T05:58:52.000,35.06,21.26,16.62,17.33,20.5,119297,-32.61,-35.0,0.07
2020-07-18T06:01:53.000,34.91,21.24,16.71,17.32,20.5,119300,-32.88,-34.0,0.07
2020-07-18T06:02:53.000,34.93,21.29,16.06,17.37,20.5,119301,-32.96,-34.0,0.07
2020-07-18T06:03:53.000,34.92,21.19,14.84,17.45,20.5,119302,-33.05,-34.0,0.07
2020-07-18T06:04:54.000,34.91,21.14,13.4,17.56,20.5,119303,-33.14,-34.0,0.07
2020-07-18T06:05:54.000,34.91,21.09,11.95,17.69,20.5,119304,-33.22,-34.0,0.07
2020-07-18T06:06:54.000,34.91,21.07,10.93,17.78,20.5,119305,-33.31,-34.0,0.07
2020-07-18T06:07:54.000,34.93,21.0,10.29,17.85,20.5,119306,-33.39,-34.0,0.07
2020-07-18T06:08:54.000,34.9,20.86,9.95,17.89,20.5,119307,-33.47,-34.0,0.07
2020-07-18T06:09:55.000,34.89,20.73,9.62,17.92,20.5,119308,-33.55,-34.0,0.07
2020-07-18T06:10:55.000,34.89,20.63,8.99,18.0,20.5,119309,-33.63,-34.0,0.07
2020-07-18T06:11:55.000,34.89,20.42,8.01,18.12,20.5,119310,-33.71,-34.0,0.07
2020-07-18T06:12:55.000,34.86,20.03,6.88,18.29,20.5,119311,-33.79,-34.0,0.07
2020-07-18T06:13:55.000,34.82,20.04,5.88,18.46,20.5,119312,-33.87,-34.0,0.069
2020-07-18T06:15:56.000,34.71,19.61,5.06,18.62,20.5,119314,-34.02,-34.0,0.069
2020-07-18T06:16:56.000,34.7,19.67,5.18,18.59,20.5,119315,-34.1,-34.0,0.069
2020-07-18T06:17:56.000,34.68,19.67,5.51,18.53,20.5,119316,-34.17,-34.0,0.069
2020-07-18T06:18:56.000,34.68,19.65,5.64,18.5,20.5,119317,-34.24,-34.0,0.069
2020-07-18T06:19:57.000,34.69,19.51,5.38,18.55,20.5,119318,-34.32,-34.0,0.069
2020-07-18T06:20:57.000,34.69,19.21,4.86,18.66,20.5,119319,-34.39,-33.0,0.069
2020-07-18T06:21:57.000,34.64,18.68,4.29,18.8,20.5,119320,-34.46,-33.0,0.069
2020-07-18T06:22:58.000,34.59,18.23,3.7,18.96,20.5,119321,-34.53,-33.0,0.069
2020-07-18T06:23:58.000,34.55,17.78,3.19,19.12,20.5,119322,-34.6,-33.0,0.069
2020-07-18T06:24:58.000,34.52,17.27,2.79,19.27,20.5,119323,-34.66,-33.0,0.069
2020-07-18T06:25:58.000,34.48,16.88,2.46,19.4,20.5,119324,-34.73,-33.0,0.069
2020-07-18T06:26:58.000,34.44,16.64,2.19,19.53,20.5,119325,-34.79,-33.0,0.069
2020-07-18T06:27:59.000,34.37,16.23,2.0,19.63,20.5,119326,-34.86,-33.0,0.069
2020-07-18T06:28:59.000,34.32,16.12,1.86,19.7,20.5,119327,-34.92,-33.0,0.069
2020-07-18T06:30:59.000,34.27,15.83,1.73,19.79,20.5,119329,-35.05,-33.0,0.069
2020-07-18T06:32:00.000,34.24,15.71,1.75,19.77,20.5,119330,-35.11,-33.0,0.069
