Downloads/jupyter/ECSV/stars19/stars19_2024-04.ecsv
# %ECSV 1.0
# ---
# datatype:
# - {name: time, datatype: string}
# - {name: Enclosure Temperature, unit: deg_C, datatype: float64}
# - {name: Sky Temperature, unit: deg_C, datatype: float64}
# - {name: Frequency, unit: Hz, datatype: float64}
# - {name: MSAS, unit: mag / arcsec2, datatype: float64}
# - {name: ZP, datatype: float64}
# - {name: Sequence Number, datatype: int64}
# - {name: Sun Alt, unit: deg, datatype: float64}
# - {name: Moon Alt, unit: deg, datatype: float64}
# - {name: Moon Illumination, datatype: float64}
# delimiter: ','
# meta: !!omap
# - ida:
#     Data supplier: {affiliation: null, observer: null}
#     Device type: TESS-W
#     Field of view: 17.0
#     Filters per channel: None
#     Instrument ID: stars19
#     License: ODbL 1.0 http://opendatacommons.org/licenses/odbl/summary/
#     Local timezone: America/Phoenix
#     Location name: {country: '- Tucson', place: Tucson, region: United States, sub_region: Arizona, town: Pima County}
#     Measurement direction per channel: {azimuth: 0.0, zenital: 0.0}
#     Moving / Fixed look direction: FIXED
#     Moving / Stationary position: STATIONARY
#     Number of channels: 1
#     Number of fields per line: 8
#     Number of header lines: 35
#     Position: {height: 0.0, latitude: 32.223877, longitude: -110.767532}
#     TESS MAC address: 18:FE:34:CF:EC:06
#     TESS cover offset value: 0.0
#     TESS firmware version: '1.0'
#     TESS zero point: 20.38
#     Time Synchronization: timestamp added by MQTT subscriber
#     URL: http://www.darksky.org/NSBM/sdf1.0.pdf
# - __serialized_columns__:
#     Enclosure Temperature:
#       __class__: astropy.units.quantity.Quantity
#       unit: &id001 !astropy.units.Unit {unit: deg_C}
#       value: !astropy.table.SerializedColumn {name: Enclosure Temperature}
#     Frequency:
#       __class__: astropy.units.quantity.Quantity
#       unit: !astropy.units.Unit {unit: Hz}
#       value: !astropy.table.SerializedColumn {name: Frequency}
#     MSAS:
#       __class__: astropy.units.quantity.Quantity
#       unit: !astropy.units.Unit {unit: mag / arcsec2}
#       value: !astropy.table.SerializedColumn {name: MSAS}
#     Moon Alt:
#       __class__: astropy.units.quantity.Quantity
#       unit: &id002 !astropy.units.Unit {unit: deg}
#       value: !astropy.table.SerializedColumn {name: Moon Alt}
#     Sky Temperature:
#       __class__: astropy.units.quantity.Quantity
#       unit: *id001
#       value: !astropy.table.SerializedColumn {name: Sky Temperature}
#     Sun Alt:
#       __class__: astropy.units.quantity.Quantity
#       unit: *id002
#       value: !astropy.table.SerializedColumn {name: Sun Alt}
#     time:
#       __class__: astropy.time.core.Time
#       format: isot
#       in_subfmt: '*'
#       out_subfmt: '*'
#       precision: 3
#       scale: utc
#       value: !astropy.table.SerializedColumn {name: time}
# schema: astropy-2.0
time,Enclosure Temperature,Sky Temperature,Frequency,MSAS,ZP,Sequence Number,Sun Alt,Moon Alt,Moon Illumination
[from data line 8489]
2024-04-11T11:15:10.000,13.47,-10.25,1.14,20.24,20.38,277436,-21.48,-31.0,0.102
2024-04-11T11:16:10.000,13.33,-10.68,1.14,20.24,20.38,277437,-21.29,-31.0,0.102
2024-04-11T11:17:10.000,13.32,-10.06,1.14,20.24,20.38,277438,-21.1,-31.0,0.102
2024-04-11T11:18:10.000,13.41,-9.95,1.14,20.24,20.38,277439,-20.91,-31.0,0.102
2024-04-11T11:19:10.000,13.37,-10.28,1.14,20.24,20.38,277440,-20.72,-31.0,0.102
2024-04-11T11:21:11.000,13.22,-10.24,1.15,20.23,20.38,277442,-20.33,-31.0,0.102
2024-04-11T11:22:17.000,13.23,-10.28,1.15,20.23,20.38,277443,-20.12,-31.0,0.102
2024-04-11T11:23:16.000,13.23,-10.17,1.15,20.23,20.38,277444,-19.93,-31.0,0.102
2024-04-11T11:24:17.000,13.23,-10.17,1.15,20.23,20.38,277445,-19.73,-30.0,0.102
2024-04-11T11:25:17.000,13.22,-10.12,1.15,20.23,20.38,277446,-19.54,-30.0,0.102
2024-04-11T11:26:17.000,13.23,-10.19,1.15,20.23,20.38,277447,-19.35,-30.0,0.102
2024-04-11T11:27:17.000,13.21,-10.24,1.15,20.23,20.38,277448,-19.15,-30.0,0.102
2024-04-11T11:28:18.000,13.16,-10.29,1.15,20.22,20.38,277449,-18.96,-30.0,0.102
2024-04-11T11:29:18.000,13.11,-10.46,1.16,20.22,20.38,277450,-18.76,-30.0,0.102
2024-04-11T11:30:18.000,13.12,-10.18,1.16,20.22,20.38,277451,-18.57,-30.0,0.102
2024-04-11T11:31:18.000,13.08,-10.26,1.16,20.22,20.38,277452,-18.38,-30.0,0.102
2024-04-11T11:32:18.000,13.08,-10.23,1.16,20.22,20.38,277453,-18.18,-30.0,0.102
2024-04-11T11:33:18.000,13.05,-10.28,1.16,20.22,20.38,277454,-17.99,-30.0,0.102
2024-04-11T11:34:18.000,13.01,-10.37,1.16,20.22,20.38,277455,-17.79,-29.0,0.102
2024-04-11T11:35:19.000,12.97,-10.45,1.16,20.22,20.38,277456,-17.59,-29.0,0.103
2024-04-11T11:36:18.000,12.88,-10.51,1.16,20.21,20.38,277457,-17.4,-29.0,0.103
2024-04-11T11:37:19.000,12.78,-10.6,1.17,20.21,20.38,277458,-17.2,-29.0,0.103
2024-04-11T11:38:19.000,12.72,-10.57,1.17,20.21,20.38,277459,-17.01,-29.0,0.103
2024-04-11T11:39:19.000,12.64,-10.59,1.17,20.21,20.38,277460,-16.81,-29.0,0.103
2024-04-11T11:40:19.000,12.59,-10.49,1.17,20.21,20.38,277461,-16.61,-29.0,0.103
2024-04-11T11:41:19.000,12.58,-10.47,1.18,20.2,20.38,277462,-16.42,-29.0,0.103
2024-04-11T11:42:20.000,12.56,-10.53,1.18,20.2,20.38,277463,-16.22,-29.0,0.103
2024-04-11T11:43:19.000,12.54,-10.39,1.19,20.19,20.38,277464,-16.02,-29.0,0.103
2024-04-11T11:44:19.000,12.56,-10.33,1.19,20.19,20.38,277465,-15.83,-28.0,0.103
2024-04-11T11:45:19.000,12.58,-10.33,1.2,20.19,20.38,277466,-15.63,-28.0,0.103
2024-04-11T11:46:20.000,12.58,-10.73,1.2,20.18,20.38,277467,-15.43,-28.0,0.103
2024-04-11T11:47:20.000,12.55,-10.64,1.21,20.17,20.38,277468,-15.23,-28.0,0.103
2024-04-11T11:49:20.000,12.63,-10.44,1.23,20.16,20.38,277470,-14.83,-28.0,0.103
2024-04-11T11:50:20.000,12.64,-10.55,1.24,20.14,20.38,277471,-14.63,-28.0,0.103
2024-04-11T11:51:20.000,12.62,-10.59,1.26,20.13,20.38,277472,-14.44,-28.0,0.103
2024-04-11T11:52:20.000,12.65,-10.33,1.28,20.12,20.38,277473,-14.24,-28.0,0.103
2024-04-11T11:53:20.000,12.75,-10.23,1.3,20.1,20.38,277474,-14.04,-27.0,0.103
2024-04-11T11:54:20.000,12.82,-10.25,1.32,20.08,20.38,277475,-13.84,-27.0,0.103
2024-04-11T11:55:20.000,12.89,-10.12,1.35,20.05,20.38,277476,-13.64,-27.0,0.104
2024-04-11T11:56:20.000,12.96,-10.11,1.39,20.02,20.38,277477,-13.44,-27.0,0.104
2024-04-11T11:57:20.000,13.03,-10.13,1.43,19.99,20.38,277478,-13.24,-27.0,0.104
2024-04-11T11:58:20.000,13.04,-10.31,1.48,19.95,20.38,277479,-13.04,-27.0,0.104
2024-04-11T11:59:21.000,13.06,-10.2,1.55,19.9,20.38,277480,-12.84,-27.0,0.104
2024-04-11T12:00:21.000,13.11,-10.21,1.63,19.85,20.38,277481,-12.64,-27.0,0.104
2024-04-11T12:01:21.000,13.15,-10.16,1.73,19.79,20.38,277482,-12.44,-27.0,0.104
2024-04-11T12:02:21.000,13.21,-10.11,1.85,19.71,20.38,277483,-12.24,-26.0,0.104
2024-04-11T12:04:21.000,13.25,-10.23,2.15,19.55,20.38,277485,-11.83,-26.0,0.104
2024-04-11T12:06:23.000,13.3,-10.09,2.69,19.31,20.38,277487,-11.42,-26.0,0.104
2024-04-11T12:07:23.000,13.32,-10.16,4.55,18.94,20.38,277488,-11.22,-26.0,0.104
2024-04-11T12:08:23.000,13.36,-10.03,3.26,19.1,20.38,277489,-11.02,-26.0,0.104
2024-04-11T12:09:23.000,13.37,-10.13,3.7,18.96,20.38,277490,-10.82,-26.0,0.104
2024-04-11T12:11:24.000,13.35,-10.33,4.87,18.66,20.38,277492,-10.41,-25.0,0.104
2024-04-11T12:12:24.000,13.33,-10.16,5.65,18.5,20.38,277493,-10.21,-25.0,0.104
2024-04-11T12:13:25.000,13.36,-10.1,6.62,18.33,20.38,277494,-10.0,-25.0,0.104
2024-04-11T12:14:25.000,13.36,-10.16,7.79,18.15,20.38,277495,-9.8,-25.0,0.104
2024-04-11T12:15:25.000,13.4,-9.98,9.15,17.98,20.38,277496,-9.6,-25.0,0.104
2024-04-11T12:16:26.000,13.45,-9.85,10.88,17.79,20.38,277497,-9.39,-25.0,0.105
2024-04-11T12:17:26.000,13.5,-9.8,13.08,17.59,20.38,277498,-9.19,-25.0,0.105
2024-04-11T12:18:26.000,13.55,-9.85,15.57,17.4,20.38,277499,-8.99,-25.0,0.105
2024-04-11T12:19:26.000,13.57,-9.86,18.77,17.2,20.38,277500,-8.78,-24.0,0.105
2024-04-11T12:20:27.000,13.62,-9.75,22.66,16.99,20.38,277501,-8.58,-24.0,0.105
2024-04-11T12:21:27.000,13.71,-9.67,27.82,16.77,20.38,277502,-8.37,-24.0,0.105
2024-04-11T12:22:27.000,13.71,-9.95,34.15,16.55,20.38,277503,-8.17,-24.0,0.105
2024-04-11T12:23:27.000,13.7,-9.88,41.96,16.33,20.38,277504,-7.96,-24.0,0.105
2024-04-11T12:24:27.000,13.71,-9.82,50.2,16.13,20.38,277505,-7.76,-24.0,0.105
2024-04-11T12:25:27.000,13.75,-9.9,64.91,15.85,20.38,277506,-7.56,-24.0,0.105
2024-04-11T12:26:27.000,13.72,-9.99,81.89,15.6,20.38,277507,-7.35,-24.0,0.105
2024-04-11T12:27:28.000,13.62,-10.21,104.09,15.34,20.38,277508,-7.14,-23.0,0.105
2024-04-11T12:28:28.000,13.57,-10.17,133.02,15.07,20.38,277509,-6.94,-23.0,0.105
2024-04-11T12:29:28.000,13.57,-10.03,170.22,14.81,20.38,277510,-6.73,-23.0,0.105
2024-04-11T12:30:28.000,13.55,-10.08,218.96,14.53,20.38,277511,-6.53,-23.0,0.105
2024-04-11T12:31:28.000,13.48,-10.35,281.91,14.26,20.38,277512,-6.32,-23.0,0.105
2024-04-11T12:32:28.000,13.37,-10.47,363.01,13.98,20.38,277513,-6.12,-23.0,0.105
2024-04-11T12:33:29.000,13.29,-10.48,467.75,13.71,20.38,277514,-5.91,-23.0,0.105
2024-04-11T12:34:29.000,13.23,-10.39,603.58,13.43,20.38,277515,-5.71,-22.0,0.105
2024-04-11T12:35:29.000,13.21,-10.35,780.13,13.15,20.38,277516,-5.5,-22.0,0.105
2024-04-11T12:36:29.000,13.24,-10.13,1007.37,12.87,20.38,277517,-5.29,-22.0,0.106
2024-04-11T12:37:29.000,13.28,-10.41,1299.03,12.6,20.38,277518,-5.09,-22.0,0.106
2024-04-11T12:38:29.000,13.24,-10.52,1676.47,12.32,20.38,277519,-4.88,-22.0,0.106
2024-04-11T12:39:29.000,13.16,-10.74,2160.2,12.05,20.38,277520,-4.68,-22.0,0.106
2024-04-11T12:40:29.000,13.05,-11.02,2771.96,11.78,20.38,277521,-4.47,-22.0,0.106
2024-04-11T12:42:32.000,12.87,-10.95,4520.2,11.24,20.38,277523,-4.05,-21.0,0.106
2024-04-11T12:43:31.000,12.9,-10.95,5761.93,10.98,20.38,277524,-3.84,-21.0,0.106
2024-04-11T12:44:31.000,12.87,-11.0,7260.67,10.73,20.38,277525,-3.64,-21.0,0.106
2024-04-11T12:45:31.000,12.78,-11.44,9077.76,10.49,20.38,277526,-3.43,-21.0,0.106
2024-04-11T12:46:31.000,12.56,-11.77,11274.29,10.25,20.38,277527,-3.22,-21.0,0.106
2024-04-11T12:47:32.000,12.51,-11.17,13888.83,10.03,20.38,277528,-3.01,-21.0,0.106
2024-04-11T12:48:32.000,12.54,-11.08,16994.67,9.81,20.38,277529,-2.81,-21.0,0.106
2024-04-11T12:49:32.000,12.54,-11.24,20612.4,9.6,20.38,277530,-2.6,-20.0,0.106
2024-04-11T12:50:32.000,12.44,-11.59,24487.22,9.47,20.38,277531,-2.39,-20.0,0.106
2024-04-11T12:51:32.000,12.34,-11.46,29541.55,9.21,20.38,277532,-2.19,-20.0,0.106
2024-04-11T12:52:32.000,12.35,-11.19,34929.08,9.02,20.38,277533,-1.98,-20.0,0.106
2024-04-11T12:53:32.000,12.36,-11.06,40940.41,8.85,20.38,277534,-1.77,-20.0,0.106
2024-04-11T12:54:32.000,12.39,-11.12,47655.69,8.69,20.38,277535,-1.56,-20.0,0.106
2024-04-11T12:55:32.000,12.37,-11.12,55044.09,8.53,20.38,277536,-1.36,-20.0,0.106
2024-04-11T12:57:32.000,12.47,-10.86,0.0,0.0,20.38,277538,-0.94,-19.0,0.107
2024-04-11T12:58:32.000,12.45,-11.25,0.0,0.0,20.38,277539,-0.73,-19.0,0.107
2024-04-11T12:59:34.000,12.35,-11.28,0.0,0.0,20.38,277540,-0.52,-19.0,0.107
2024-04-11T13:10:41.000,12.25,-10.89,0.0,0.0,20.38,277551,1.8,-17.0,0.107
2024-04-11T13:11:43.000,12.2,-10.93,0.0,0.0,20.38,277552,2.02,-17.0,0.107
2024-04-11T13:12:43.000,12.15,-10.94,0.0,0.0,20.38,277553,2.23,-17.0,0.107
2024-04-11T13:14:44.000,12.09,-10.8,0.0,0.0,20.38,277555,2.65,-17.0,0.107
2024-04-11T13:15:44.000,12.08,-10.78,0.0,0.0,20.38,277556,2.86,-17.0,0.107
2024-04-11T13:16:44.000,12.1,-10.69,0.0,0.0,20.38,277557,3.07,-16.0,0.108
2024-04-11T13:19:44.000,12.16,-10.57,0.0,0.0,20.38,277560,3.7,-16.0,0.108
2024-04-11T13:20:46.000,12.18,-10.54,0.0,0.0,20.38,277561,3.91,-16.0,0.108
2024-04-11T13:21:46.000,12.2,-10.47,0.0,0.0,20.38,277562,4.12,-16.0,0.108
2024-04-11T13:22:46.000,12.27,-10.39,0.12,0.1,20.38,277563,4.33,-15.0,0.108
2024-04-11T13:23:46.000,12.31,-10.44,0.0,0.0,20.38,277564,4.54,-15.0,0.108
2024-04-11T13:24:46.000,12.26,-10.63,0.0,0.0,20.38,277565,4.75,-15.0,0.108
2024-04-11T13:25:46.000,12.24,-10.64,0.23,0.09,20.38,277566,4.96,-15.0,0.108
2024-04-11T13:26:47.000,12.26,-10.26,0.0,0.0,20.38,277567,5.18,-15.0,0.108
2024-04-11T13:27:47.000,12.37,-10.06,0.21,0.09,20.38,277568,5.39,-15.0,0.108
2024-04-11T13:30:47.000,12.55,-9.98,0.0,0.0,20.38,277571,6.02,-14.0,0.108
2024-04-11T13:34:48.000,12.75,-9.86,0.0,0.0,20.38,277575,6.86,-14.0,0.108
2024-04-11T13:35:48.000,12.81,-9.84,0.0,0.0,20.38,277576,7.07,-13.0,0.108
2024-04-11T13:36:48.000,12.89,-9.61,0.0,0.0,20.38,277577,7.28,-13.0,0.108
2024-04-11T13:37:49.000,12.99,-9.65,0.0,0.0,20.38,277578,7.5,-13.0,0.109
2024-04-11T13:38:49.000,13.08,-9.44,0.0,0.0,20.38,277579,7.71,-13.0,0.109
2024-04-11T13:41:49.000,13.3,-9.39,0.0,0.0,20.38,277582,8.34,-12.0,0.109
2024-04-11T13:42:50.000,13.36,-9.5,0.0,0.0,20.38,277583,8.55,-12.0,0.109
2024-04-11T13:43:51.000,13.43,-9.26,0.0,0.0,20.38,277584,8.77,-12.0,0.109
2024-04-11T14:15:57.000,15.39,-7.76,0.0,0.0,20.38,277616,15.56,-7.0,0.11
2024-04-11T14:16:57.000,15.41,-7.66,0.0,0.0,20.38,277617,15.77,-7.0,0.11
2024-04-11T14:17:57.000,15.44,-7.63,0.0,0.0,20.38,277618,15.98,-6.0,0.111
2024-04-11T14:19:58.000,15.41,-7.6,0.0,0.0,20.38,277620,16.41,-6.0,0.111
2024-04-11T14:20:58.000,15.45,-7.43,0.0,0.0,20.38,277621,16.62,-6.0,0.111
2024-04-11T14:21:58.000,15.49,-7.31,0.0,0.0,20.38,277622,16.83,-6.0,0.111
2024-04-11T14:23:58.000,15.59,-7.23,0.0,0.0,20.38,277624,17.25,-5.0,0.111
2024-04-11T14:24:58.000,15.64,-7.08,0.0,0.0,20.38,277625,17.46,-5.0,0.111
2024-04-11T14:25:58.000,15.69,-7.0,0.0,0.0,20.38,277626,17.68,-5.0,0.111
2024-04-11T14:27:58.000,15.89,-6.66,0.0,0.0,20.38,277628,18.1,-5.0,0.111
2024-04-11T14:28:58.000,16.01,-6.5,0.0,0.0,20.38,277629,18.31,-5.0,0.111
2024-04-11T14:30:58.000,16.25,-6.11,0.0,0.0,20.38,277631,18.73,-4.0,0.111
2024-04-11T14:31:58.000,16.37,-6.11,0.0,0.0,20.38,277632,18.95,-4.0,0.111
2024-04-11T14:32:59.000,16.46,-5.96,0.0,0.0,20.38,277633,19.16,-4.0,0.111
2024-04-11T15:54:14.000,23.16,5.95,0.0,0.0,20.38,277714,36.18,11.0,0.115
2024-04-11T15:55:14.000,23.29,6.15,0.0,0.0,20.38,277715,36.38,11.0,0.115
2024-04-11T15:56:14.000,23.46,6.38,0.0,0.0,20.38,277716,36.59,12.0,0.116
2024-04-11T15:58:14.000,23.75,6.5,0.0,0.0,20.38,277718,37.0,12.0,0.116
2024-04-11T15:59:16.000,23.8,6.39,0.0,0.0,20.38,277719,37.21,12.0,0.116
2024-04-11T16:00:16.000,23.88,6.55,0.0,0.0,20.38,277720,37.41,12.0,0.116
2024-04-11T16:48:25.000,37.21,13.36,0.0,0.0,20.38,277768,47.01,22.0,0.118
2024-04-11T16:49:26.000,37.31,13.98,0.0,0.0,20.38,277769,47.2,22.0,0.118
2024-04-11T16:50:26.000,37.64,14.66,0.0,0.0,20.38,277770,47.4,22.0,0.118
2024-04-11T16:52:26.000,38.02,14.2,0.0,0.0,20.38,277772,47.78,23.0,0.118
2024-04-11T16:53:26.000,38.27,14.62,0.0,0.0,20.38,277773,47.97,23.0,0.118
2024-04-11T16:54:26.000,38.38,14.11,0.0,0.0,20.38,277774,48.16,23.0,0.118
2024-04-11T17:12:34.000,39.54,13.14,0.0,0.0,20.38,277792,51.55,27.0,0.119
2024-04-11T17:13:34.000,39.36,13.3,0.0,0.0,20.38,277793,51.73,27.0,0.119
2024-04-11T17:14:35.000,39.21,13.12,0.0,0.0,20.38,277794,51.91,27.0,0.12
2024-04-11T17:16:35.000,39.06,12.37,0.0,0.0,20.38,277796,52.28,27.0,0.12
2024-04-11T17:17:35.000,38.77,13.15,0.0,0.0,20.38,277797,52.46,28.0,0.12
2024-04-11T17:18:35.000,38.8,13.28,0.0,0.0,20.38,277798,52.64,28.0,0.12
2024-04-11T17:53:41.000,41.55,13.62,0.0,0.0,20.38,277833,58.52,35.0,0.122
2024-04-11T17:54:42.000,41.44,14.61,0.0,0.0,20.38,277834,58.68,35.0,0.122
2024-04-11T17:55:42.000,41.6,14.08,0.0,0.0,20.38,277835,58.83,35.0,0.122
2024-04-11T17:59:43.000,42.1,16.32,0.0,0.0,20.38,277839,59.43,36.0,0.122
2024-04-11T18:00:43.000,42.3,15.58,0.0,0.0,20.38,277840,59.58,36.0,0.122
2024-04-11T18:01:43.000,42.57,16.4,0.0,0.0,20.38,277841,59.73,37.0,0.122
2024-04-11T19:03:55.000,45.88,14.48,0.0,0.0,20.38,277903,66.03,49.0,0.125
2024-04-11T19:04:55.000,45.98,15.19,0.0,0.0,20.38,277904,66.08,50.0,0.125
2024-04-11T19:05:57.000,45.77,13.38,0.0,0.0,20.38,277905,66.12,50.0,0.125
2024-04-11T19:08:57.000,44.83,13.26,0.0,0.0,20.38,277908,66.23,50.0,0.125
2024-04-11T19:09:57.000,44.87,14.58,0.0,0.0,20.38,277909,66.26,51.0,0.126
2024-04-11T19:10:57.000,44.92,13.59,0.0,0.0,20.38,277910,66.3,51.0,0.126
2024-04-11T19:25:59.000,47.64,14.03,0.0,0.0,20.38,277925,66.49,54.0,0.126
2024-04-11T19:26:59.000,47.47,14.13,0.0,0.0,20.38,277926,66.48,54.0,0.126
2024-04-11T19:27:59.000,47.31,13.26,0.0,0.0,20.38,277927,66.47,54.0,0.126
2024-04-11T19:29:59.000,46.96,13.09,0.0,0.0,20.38,277929,66.45,55.0,0.127
2024-04-11T19:31:00.000,46.47,12.81,0.0,0.0,20.38,277930,66.43,55.0,0.127
2024-04-11T19:32:00.000,46.3,12.8,0.0,0.0,20.38,277931,66.42,55.0,0.127
2024-04-11T19:40:01.000,46.69,14.6,0.0,0.0,20.38,277939,66.2,57.0,0.127
2024-04-11T19:41:01.000,46.84,13.69,0.0,0.0,20.38,277940,66.16,57.0,0.127
2024-04-11T19:42:01.000,47.12,14.39,0.0,0.0,20.38,277941,66.12,57.0,0.127
2024-04-11T19:45:01.000,47.82,13.36,0.0,0.0,20.38,277944,65.99,58.0,0.127
2024-04-11T19:46:01.000,47.61,14.16,0.0,0.0,20.38,277945,65.94,58.0,0.127
2024-04-11T19:47:01.000,47.91,14.86,0.0,0.0,20.38,277946,65.89,58.0,0.127
2024-04-11T19:51:01.000,48.47,13.89,0.0,0.0,20.38,277950,65.67,59.0,0.128
2024-04-11T19:52:01.000,48.49,14.53,0.0,0.0,20.38,277951,65.61,59.0,0.128
2024-04-11T19:53:01.000,48.78,15.09,0.0,0.0,20.38,277952,65.55,60.0,0.128
2024-04-11T19:55:01.000,48.65,13.5,0.0,0.0,20.38,277954,65.41,60.0,0.128
2024-04-11T19:56:02.000,48.74,15.06,0.0,0.0,20.38,277955,65.34,60.0,0.128
2024-04-11T19:59:02.000,48.56,13.55,0.0,0.0,20.38,277958,65.13,61.0,0.128
2024-04-11T20:00:03.000,48.72,14.38,0.0,0.0,20.38,277959,65.05,61.0,0.128
2024-04-11T20:01:03.000,48.83,14.23,0.0,0.0,20.38,277960,64.97,61.0,0.128
2024-04-11T20:11:09.000,46.83,12.77,0.0,0.0,20.38,277970,64.07,63.0,0.129
2024-04-11T20:12:09.000,47.19,13.86,0.0,0.0,20.38,277971,63.97,63.0,0.129
2024-04-11T20:13:10.000,47.52,13.4,0.0,0.0,20.38,277972,63.87,64.0,0.129
2024-04-11T20:15:10.000,47.33,12.33,0.0,0.0,20.38,277974,63.67,64.0,0.129
2024-04-11T20:16:10.000,47.08,12.4,0.0,0.0,20.38,277975,63.56,64.0,0.129
2024-04-11T20:20:12.000,46.94,14.17,0.0,0.0,20.38,277979,63.12,65.0,0.129
2024-04-11T20:21:12.000,47.29,13.92,0.0,0.0,20.38,277980,63.01,65.0,0.129
2024-04-11T20:22:12.000,47.43,13.59,0.0,0.0,20.38,277981,62.89,66.0,0.129
2024-04-11T20:24:19.000,48.03,14.34,0.0,0.0,20.38,277983,62.65,66.0,0.129
2024-04-11T20:25:19.000,48.36,14.43,0.0,0.0,20.38,277984,62.53,66.0,0.129
2024-04-11T20:26:19.000,48.64,13.92,0.0,0.0,20.38,277985,62.41,66.0,0.13
2024-04-11T20:41:23.000,46.15,11.44,0.0,0.0,20.38,278000,60.43,69.0,0.13
2024-04-11T20:42:24.000,46.31,11.59,0.0,0.0,20.38,278001,60.29,70.0,0.13
2024-04-11T20:43:24.000,46.56,13.08,0.0,0.0,20.38,278002,60.15,70.0,0.13
2024-04-11T20:45:24.000,47.28,13.71,0.0,0.0,20.38,278004,59.86,70.0,0.131
2024-04-11T20:46:24.000,47.52,13.13,0.0,0.0,20.38,278005,59.71,70.0,0.131
2024-04-11T20:47:25.000,47.56,13.16,0.0,0.0,20.38,278006,59.56,71.0,0.131
2024-04-11T20:57:27.000,46.81,12.23,0.0,0.0,20.38,278016,58.04,73.0,0.131
2024-04-11T20:58:28.000,46.73,11.65,0.0,0.0,20.38,278017,57.88,73.0,0.131
2024-04-11T20:59:29.000,46.91,11.95,0.0,0.0,20.38,278018,57.72,73.0,0.131
2024-04-11T21:01:28.000,46.91,12.25,0.0,0.0,20.38,278020,57.4,73.0,0.131
2024-04-11T21:02:28.000,46.57,9.37,0.0,0.0,20.38,278021,57.24,74.0,0.131
