Downloads/jupyter/ECSV/stars19/stars19_2020-12.ecsv
# %ECSV 1.0
# ---
# datatype:
# - {name: time, datatype: string}
# - {name: Enclosure Temperature, unit: deg_C, datatype: float64}
# - {name: Sky Temperature, unit: deg_C, datatype: float64}
# - {name: Frequency, unit: Hz, datatype: float64}
# - {name: MSAS, unit: mag / arcsec2, datatype: float64}
# - {name: ZP, datatype: float64}
# - {name: Sequence Number, datatype: int64}
# - {name: Sun Alt, unit: deg, datatype: float64}
# - {name: Moon Alt, unit: deg, datatype: float64}
# - {name: Moon Illumination, datatype: float64}
# delimiter: ','
# meta: !!omap
# - ida:
#     Data supplier: {affiliation: null, observer: null}
#     Device type: TESS-W
#     Field of view: 17.0
#     Filters per channel: None
#     Instrument ID: stars19
#     License: ODbL 1.0 http://opendatacommons.org/licenses/odbl/summary/
#     Local timezone: America/Phoenix
#     Location name: {country: '- Tucson', place: Tucson, region: United States, sub_region: Arizona, town: Pima County}
#     Measurement direction per channel: {azimuth: 0.0, zenital: 0.0}
#     Moving / Fixed look direction: FIXED
#     Moving / Stationary position: STATIONARY
#     Number of channels: 1
#     Number of fields per line: 8
#     Number of header lines: 35
#     Position: {height: 0.0, latitude: 32.223877, longitude: -110.767532}
#     TESS MAC address: 18:FE:34:CF:EC:06
#     TESS cover offset value: 0.0
#     TESS firmware version: '1.0'
#     TESS zero point: 20.5
#     Time Synchronization: timestamp added by MQTT subscriber
#     URL: http://www.darksky.org/NSBM/sdf1.0.pdf
# - __serialized_columns__:
#     Enclosure Temperature:
#       __class__: astropy.units.quantity.Quantity
#       unit: &id001 !astropy.units.Unit {unit: deg_C}
#       value: !astropy.table.SerializedColumn {name: Enclosure Temperature}
#     Frequency:
#       __class__: astropy.units.quantity.Quantity
#       unit: !astropy.units.Unit {unit: Hz}
#       value: !astropy.table.SerializedColumn {name: Frequency}
#     MSAS:
#       __class__: astropy.units.quantity.Quantity
#       unit: !astropy.units.Unit {unit: mag / arcsec2}
#       value: !astropy.table.SerializedColumn {name: MSAS}
#     Moon Alt:
#       __class__: astropy.units.quantity.Quantity
#       unit: &id002 !astropy.units.Unit {unit: deg}
#       value: !astropy.table.SerializedColumn {name: Moon Alt}
#     Sky Temperature:
#       __class__: astropy.units.quantity.Quantity
#       unit: *id001
#       value: !astropy.table.SerializedColumn {name: Sky Temperature}
#     Sun Alt:
#       __class__: astropy.units.quantity.Quantity
#       unit: *id002
#       value: !astropy.table.SerializedColumn {name: Sun Alt}
#     time:
#       __class__: astropy.time.core.Time
#       format: isot
#       in_subfmt: '*'
#       out_subfmt: '*'
#       precision: 3
#       scale: utc
#       value: !astropy.table.SerializedColumn {name: time}
# schema: astropy-2.0
time,Enclosure Temperature,Sky Temperature,Frequency,MSAS,ZP,Sequence Number,Sun Alt,Moon Alt,Moon Illumination
[from data line 26751]
2020-12-28T15:30:49.000,20.98,5.25,0.0,0.0,20.5,184753,11.28,-24.0,0.978
2020-12-28T15:31:50.000,21.05,5.63,0.0,0.0,20.5,184754,11.45,-24.0,0.978
2020-12-28T15:32:50.000,21.11,5.52,0.0,0.0,20.5,184755,11.62,-24.0,0.978
2020-12-28T15:33:50.000,21.12,5.32,0.0,0.0,20.5,184756,11.78,-24.0,0.978
2020-12-28T15:34:50.000,21.12,5.07,0.0,0.0,20.5,184757,11.95,-24.0,0.978
2020-12-28T15:35:50.000,21.14,4.88,0.0,0.0,20.5,184758,12.12,-24.0,0.978
2020-12-28T15:36:50.000,21.16,4.81,0.0,0.0,20.5,184759,12.29,-24.0,0.978
2020-12-28T15:37:50.000,21.24,4.86,0.0,0.0,20.5,184760,12.45,-25.0,0.978
2020-12-28T15:38:50.000,21.28,4.82,0.0,0.0,20.5,184761,12.62,-25.0,0.978
2020-12-28T15:39:50.000,21.33,5.09,0.0,0.0,20.5,184762,12.79,-25.0,0.978
2020-12-28T15:40:51.000,21.43,5.16,0.0,0.0,20.5,184763,12.95,-25.0,0.978
2020-12-28T15:41:51.000,21.52,5.32,0.0,0.0,20.5,184764,13.12,-25.0,0.978
2020-12-28T15:42:51.000,21.6,5.51,0.0,0.0,20.5,184765,13.28,-25.0,0.978
2020-12-28T15:43:51.000,21.57,5.34,0.0,0.0,20.5,184766,13.45,-25.0,0.978
2020-12-28T15:44:51.000,21.49,5.66,0.0,0.0,20.5,184767,13.61,-25.0,0.978
2020-12-28T15:45:51.000,21.47,6.21,0.0,0.0,20.5,184768,13.78,-26.0,0.978
2020-12-28T15:46:51.000,21.56,6.48,0.0,0.0,20.5,184769,13.94,-26.0,0.978
2020-12-28T15:47:51.000,21.64,6.55,0.0,0.0,20.5,184770,14.1,-26.0,0.978
2020-12-28T15:48:51.000,21.73,6.65,0.0,0.0,20.5,184771,14.26,-26.0,0.978
2020-12-28T15:49:51.000,21.77,6.59,0.0,0.0,20.5,184772,14.43,-26.0,0.978
2020-12-28T15:50:51.000,21.81,6.88,0.0,0.0,20.5,184773,14.59,-26.0,0.978
2020-12-28T15:51:51.000,21.93,7.25,0.0,0.0,20.5,184774,14.75,-26.0,0.978
2020-12-28T15:52:52.000,22.01,7.43,0.0,0.0,20.5,184775,14.91,-26.0,0.978
2020-12-28T15:53:51.000,22.07,7.52,0.0,0.0,20.5,184776,15.07,-26.0,0.978
2020-12-28T15:54:51.000,21.98,7.08,0.0,0.0,20.5,184777,15.23,-27.0,0.978
2020-12-28T15:55:52.000,22.0,7.43,0.0,0.0,20.5,184778,15.39,-27.0,0.978
2020-12-28T15:56:52.000,22.12,7.45,0.0,0.0,20.5,184779,15.55,-27.0,0.978
2020-12-28T15:57:52.000,22.18,7.27,0.0,0.0,20.5,184780,15.71,-27.0,0.978
2020-12-28T15:58:52.000,22.22,7.38,0.0,0.0,20.5,184781,15.87,-27.0,0.978
2020-12-28T15:59:52.000,22.29,7.51,0.0,0.0,20.5,184782,16.03,-27.0,0.978
2020-12-28T16:00:52.000,22.4,7.86,0.0,0.0,20.5,184783,16.18,-27.0,0.978
2020-12-28T16:01:52.000,22.59,8.0,0.0,0.0,20.5,184784,16.34,-27.0,0.979
2020-12-28T16:02:52.000,22.73,8.13,0.0,0.0,20.5,184785,16.5,-28.0,0.979
2020-12-28T16:03:52.000,22.76,8.12,0.0,0.0,20.5,184786,16.65,-28.0,0.979
2020-12-28T16:04:52.000,22.84,8.38,0.0,0.0,20.5,184787,16.81,-28.0,0.979
2020-12-28T16:05:52.000,22.86,8.28,0.0,0.0,20.5,184788,16.97,-28.0,0.979
2020-12-28T16:06:52.000,22.99,8.51,0.0,0.0,20.5,184789,17.12,-28.0,0.979
2020-12-28T16:07:52.000,23.13,8.16,0.0,0.0,20.5,184790,17.27,-28.0,0.979
2020-12-28T16:08:52.000,23.1,7.77,0.0,0.0,20.5,184791,17.43,-28.0,0.979
2020-12-28T16:09:52.000,23.17,8.3,0.0,0.0,20.5,184792,17.58,-28.0,0.979
2020-12-28T16:10:52.000,23.31,8.43,0.0,0.0,20.5,184793,17.74,-28.0,0.979
2020-12-28T16:11:53.000,23.45,8.88,0.0,0.0,20.5,184794,17.89,-28.0,0.979
2020-12-28T16:12:53.000,23.57,8.8,0.0,0.0,20.5,184795,18.04,-29.0,0.979
2020-12-28T16:13:53.000,23.68,9.05,0.0,0.0,20.5,184796,18.19,-29.0,0.979
2020-12-28T16:14:53.000,23.84,9.1,0.0,0.0,20.5,184797,18.35,-29.0,0.979
2020-12-28T16:15:53.000,23.99,9.11,0.0,0.0,20.5,184798,18.5,-29.0,0.979
2020-12-28T16:16:53.000,24.11,8.98,0.0,0.0,20.5,184799,18.65,-29.0,0.979
2020-12-28T16:17:53.000,24.23,8.66,0.0,0.0,20.5,184800,18.8,-29.0,0.979
2020-12-28T16:18:53.000,24.21,8.65,0.0,0.0,20.5,184801,18.95,-29.0,0.979
2020-12-28T16:19:53.000,24.34,8.92,0.0,0.0,20.5,184802,19.09,-29.0,0.979
2020-12-28T16:20:53.000,24.46,9.19,0.0,0.0,20.5,184803,19.24,-29.0,0.979
2020-12-28T16:21:53.000,24.56,9.1,0.0,0.0,20.5,184804,19.39,-29.0,0.979
2020-12-28T16:22:53.000,24.61,9.05,0.0,0.0,20.5,184805,19.54,-30.0,0.979
2020-12-28T16:23:53.000,24.64,9.14,0.0,0.0,20.5,184806,19.68,-30.0,0.979
2020-12-28T16:24:53.000,24.71,9.38,0.0,0.0,20.5,184807,19.83,-30.0,0.979
2020-12-28T16:25:53.000,24.9,9.52,0.0,0.0,20.5,184808,19.98,-30.0,0.979
2020-12-28T16:26:53.000,25.0,9.13,0.0,0.0,20.5,184809,20.12,-30.0,0.979
2020-12-28T16:27:54.000,24.95,8.2,0.0,0.0,20.5,184810,20.27,-30.0,0.979
2020-12-28T16:28:54.000,24.91,8.31,0.0,0.0,20.5,184811,20.41,-30.0,0.979
2020-12-28T16:29:54.000,24.9,8.03,0.0,0.0,20.5,184812,20.56,-30.0,0.979
2020-12-28T16:30:54.000,24.87,7.96,0.0,0.0,20.5,184813,20.7,-30.0,0.979
2020-12-28T16:31:54.000,24.95,7.73,0.0,0.0,20.5,184814,20.84,-30.0,0.979
2020-12-28T16:32:54.000,24.99,6.92,0.0,0.0,20.5,184815,20.99,-30.0,0.979
2020-12-28T16:33:54.000,24.98,5.97,0.0,0.0,20.5,184816,21.13,-31.0,0.979
2020-12-28T16:34:54.000,24.96,5.38,0.0,0.0,20.5,184817,21.27,-31.0,0.979
2020-12-28T16:35:54.000,24.93,4.27,0.0,0.0,20.5,184818,21.41,-31.0,0.979
2020-12-28T16:36:54.000,24.82,3.05,0.0,0.0,20.5,184819,21.55,-31.0,0.979
2020-12-28T16:37:54.000,24.71,2.34,0.0,0.0,20.5,184820,21.69,-31.0,0.979
2020-12-28T16:38:54.000,24.64,1.83,0.0,0.0,20.5,184821,21.83,-31.0,0.979
2020-12-28T16:39:54.000,24.61,1.44,0.0,0.0,20.5,184822,21.97,-31.0,0.979
2020-12-28T16:40:55.000,24.57,1.53,0.0,0.0,20.5,184823,22.11,-31.0,0.979
2020-12-28T16:41:54.000,24.52,1.02,0.0,0.0,20.5,184824,22.24,-31.0,0.979
2020-12-28T16:42:54.000,24.44,0.7,0.0,0.0,20.5,184825,22.38,-31.0,0.979
2020-12-28T16:43:54.000,24.32,0.06,0.0,0.0,20.5,184826,22.51,-31.0,0.979
2020-12-28T16:44:55.000,24.17,-0.45,0.0,0.0,20.5,184827,22.65,-32.0,0.979
2020-12-28T16:45:55.000,23.93,-0.88,0.0,0.0,20.5,184828,22.79,-32.0,0.979
2020-12-28T16:46:55.000,23.68,-0.97,0.0,0.0,20.5,184829,22.92,-32.0,0.979
2020-12-28T16:47:55.000,23.54,-0.75,0.0,0.0,20.5,184830,23.06,-32.0,0.979
2020-12-28T16:48:55.000,23.41,-0.77,0.0,0.0,20.5,184831,23.19,-32.0,0.979
2020-12-28T16:49:55.000,23.36,-0.31,0.0,0.0,20.5,184832,23.32,-32.0,0.979
2020-12-28T16:50:55.000,23.35,-0.16,0.0,0.0,20.5,184833,23.45,-32.0,0.979
2020-12-28T16:51:55.000,23.34,-0.32,0.0,0.0,20.5,184834,23.59,-32.0,0.979
2020-12-28T16:53:55.000,23.11,-0.4,0.0,0.0,20.5,184836,23.85,-32.0,0.98
2020-12-28T16:54:55.000,23.01,-0.56,0.0,0.0,20.5,184837,23.98,-32.0,0.98
2020-12-28T16:55:55.000,22.95,-0.33,0.0,0.0,20.5,184838,24.11,-32.0,0.98
2020-12-28T16:56:55.000,22.94,-0.17,0.0,0.0,20.5,184839,24.23,-32.0,0.98
2020-12-28T16:57:55.000,22.96,-0.06,0.0,0.0,20.5,184840,24.36,-32.0,0.98
2020-12-28T16:58:55.000,22.89,-0.29,0.0,0.0,20.5,184841,24.49,-33.0,0.98
2020-12-28T16:59:55.000,22.86,0.06,0.0,0.0,20.5,184842,24.62,-33.0,0.98
2020-12-28T17:00:56.000,22.93,0.49,0.0,0.0,20.5,184843,24.75,-33.0,0.98
2020-12-28T17:01:56.000,23.07,0.72,0.0,0.0,20.5,184844,24.87,-33.0,0.98
2020-12-28T17:02:56.000,23.06,0.37,0.0,0.0,20.5,184845,25.0,-33.0,0.98
2020-12-28T17:03:56.000,23.05,0.52,0.0,0.0,20.5,184846,25.12,-33.0,0.98
2020-12-28T17:04:56.000,23.09,0.76,0.0,0.0,20.5,184847,25.24,-33.0,0.98
2020-12-28T17:05:56.000,23.19,1.06,0.0,0.0,20.5,184848,25.37,-33.0,0.98
2020-12-28T17:06:56.000,23.27,1.1,0.0,0.0,20.5,184849,25.49,-33.0,0.98
2020-12-28T17:07:56.000,23.4,1.5,0.0,0.0,20.5,184850,25.61,-33.0,0.98
2020-12-28T17:08:56.000,23.56,1.57,0.0,0.0,20.5,184851,25.73,-33.0,0.98
2020-12-28T17:09:56.000,23.56,1.13,0.0,0.0,20.5,184852,25.85,-33.0,0.98
2020-12-28T17:10:56.000,23.5,1.03,0.0,0.0,20.5,184853,25.97,-33.0,0.98
2020-12-28T17:11:56.000,23.5,1.29,0.0,0.0,20.5,184854,26.09,-33.0,0.98
2020-12-28T17:12:56.000,23.55,1.48,0.0,0.0,20.5,184855,26.21,-33.0,0.98
2020-12-28T17:13:56.000,23.67,1.87,0.0,0.0,20.5,184856,26.33,-33.0,0.98
2020-12-28T17:14:56.000,23.76,1.82,0.0,0.0,20.5,184857,26.44,-34.0,0.98
2020-12-28T17:15:56.000,23.79,1.82,0.0,0.0,20.5,184858,26.56,-34.0,0.98
2020-12-28T17:16:57.000,23.85,1.9,0.0,0.0,20.5,184859,26.68,-34.0,0.98
2020-12-28T17:17:57.000,23.9,1.91,0.0,0.0,20.5,184860,26.79,-34.0,0.98
2020-12-28T17:18:57.000,23.91,1.77,0.0,0.0,20.5,184861,26.91,-34.0,0.98
2020-12-28T17:19:57.000,23.9,1.89,0.0,0.0,20.5,184862,27.02,-34.0,0.98
2020-12-28T17:20:57.000,23.98,2.34,0.0,0.0,20.5,184863,27.13,-34.0,0.98
2020-12-28T17:21:57.000,24.07,2.14,0.0,0.0,20.5,184864,27.24,-34.0,0.98
2020-12-28T17:22:57.000,24.12,2.35,0.0,0.0,20.5,184865,27.36,-34.0,0.98
2020-12-28T17:23:57.000,24.16,2.28,0.0,0.0,20.5,184866,27.47,-34.0,0.98
2020-12-28T17:24:57.000,24.26,2.58,0.0,0.0,20.5,184867,27.58,-34.0,0.98
2020-12-28T17:25:57.000,24.36,2.63,0.0,0.0,20.5,184868,27.69,-34.0,0.98
2020-12-28T17:26:57.000,24.44,2.48,0.0,0.0,20.5,184869,27.79,-34.0,0.98
2020-12-28T17:27:57.000,24.47,2.57,0.0,0.0,20.5,184870,27.9,-34.0,0.98
2020-12-28T17:28:57.000,24.48,2.41,0.0,0.0,20.5,184871,28.01,-34.0,0.98
2020-12-28T17:29:57.000,24.5,2.52,0.0,0.0,20.5,184872,28.12,-34.0,0.98
2020-12-28T17:30:57.000,24.58,2.8,0.0,0.0,20.5,184873,28.22,-34.0,0.98
2020-12-28T17:31:57.000,24.57,2.48,0.0,0.0,20.5,184874,28.33,-34.0,0.98
2020-12-28T17:32:57.000,24.68,3.24,0.0,0.0,20.5,184875,28.43,-34.0,0.98
2020-12-28T17:33:58.000,24.84,3.11,0.0,0.0,20.5,184876,28.53,-34.0,0.98
2020-12-28T17:34:58.000,24.92,2.94,0.0,0.0,20.5,184877,28.64,-34.0,0.98
2020-12-28T17:35:58.000,24.95,2.74,0.0,0.0,20.5,184878,28.74,-35.0,0.98
2020-12-28T17:36:58.000,24.95,2.61,0.0,0.0,20.5,184879,28.84,-35.0,0.98
2020-12-28T17:37:58.000,24.94,2.63,0.0,0.0,20.5,184880,28.94,-35.0,0.98
2020-12-28T17:38:58.000,24.96,2.93,0.0,0.0,20.5,184881,29.04,-35.0,0.98
2020-12-28T17:41:04.000,25.34,3.63,0.0,0.0,20.5,184883,29.25,-35.0,0.98
2020-12-28T17:42:04.000,25.54,3.77,0.0,0.0,20.5,184884,29.34,-35.0,0.98
2020-12-28T17:43:04.000,25.75,3.92,0.0,0.0,20.5,184885,29.44,-35.0,0.98
2020-12-28T17:44:04.000,25.9,3.97,0.0,0.0,20.5,184886,29.54,-35.0,0.98
2020-12-28T17:45:04.000,26.13,4.12,0.0,0.0,20.5,184887,29.63,-35.0,0.981
2020-12-28T17:46:04.000,26.24,4.1,0.0,0.0,20.5,184888,29.72,-35.0,0.981
2020-12-28T17:47:04.000,26.35,3.83,0.0,0.0,20.5,184889,29.82,-35.0,0.981
2020-12-28T17:48:04.000,26.25,3.67,0.0,0.0,20.5,184890,29.91,-35.0,0.981
2020-12-28T17:49:04.000,26.38,4.37,0.0,0.0,20.5,184891,30.0,-35.0,0.981
2020-12-28T17:50:04.000,26.39,3.97,0.0,0.0,20.5,184892,30.09,-35.0,0.981
2020-12-28T17:51:04.000,26.46,4.27,0.0,0.0,20.5,184893,30.18,-35.0,0.981
2020-12-28T17:52:04.000,26.68,5.32,0.0,0.0,20.5,184894,30.27,-35.0,0.981
2020-12-28T17:53:05.000,27.41,6.84,0.0,0.0,20.5,184895,30.36,-35.0,0.981
2020-12-28T17:54:05.000,28.46,7.9,0.0,0.0,20.5,184896,30.45,-35.0,0.981
2020-12-28T17:55:05.000,29.5,7.92,0.0,0.0,20.5,184897,30.54,-35.0,0.981
2020-12-28T17:56:05.000,30.24,8.39,0.0,0.0,20.5,184898,30.62,-35.0,0.981
2020-12-28T17:57:05.000,31.01,7.78,0.0,0.0,20.5,184899,30.71,-35.0,0.981
2020-12-28T17:58:05.000,31.0,6.61,0.0,0.0,20.5,184900,30.79,-35.0,0.981
2020-12-28T17:59:05.000,31.1,6.96,0.0,0.0,20.5,184901,30.87,-35.0,0.981
2020-12-28T18:00:05.000,31.32,7.03,0.0,0.0,20.5,184902,30.96,-35.0,0.981
2020-12-28T18:01:05.000,31.18,5.73,0.0,0.0,20.5,184903,31.04,-35.0,0.981
2020-12-28T18:02:05.000,30.96,6.11,0.0,0.0,20.5,184904,31.12,-35.0,0.981
2020-12-28T18:03:05.000,30.84,6.7,0.0,0.0,20.5,184905,31.2,-35.0,0.981
2020-12-28T18:04:05.000,30.91,7.27,0.0,0.0,20.5,184906,31.28,-35.0,0.981
2020-12-28T18:05:05.000,31.4,9.05,0.0,0.0,20.5,184907,31.36,-35.0,0.981
2020-12-28T18:06:05.000,32.25,9.47,0.0,0.0,20.5,184908,31.43,-35.0,0.981
2020-12-28T18:07:05.000,32.81,8.33,0.0,0.0,20.5,184909,31.51,-35.0,0.981
2020-12-28T18:08:05.000,32.8,7.39,0.0,0.0,20.5,184910,31.59,-35.0,0.981
2020-12-28T18:09:05.000,32.7,7.3,0.0,0.0,20.5,184911,31.66,-35.0,0.981
2020-12-28T18:10:05.000,32.46,6.61,0.0,0.0,20.5,184912,31.73,-35.0,0.981
2020-12-28T18:11:06.000,31.99,6.41,0.0,0.0,20.5,184913,31.81,-35.0,0.981
2020-12-28T18:12:06.000,31.74,6.7,0.0,0.0,20.5,184914,31.88,-35.0,0.981
2020-12-28T18:13:06.000,31.51,7.16,0.0,0.0,20.5,184915,31.95,-35.0,0.981
2020-12-28T18:14:06.000,31.73,8.41,0.0,0.0,20.5,184916,32.02,-35.0,0.981
2020-12-28T18:15:06.000,31.78,7.73,0.0,0.0,20.5,184917,32.09,-35.0,0.981
2020-12-28T18:16:06.000,31.6,7.39,0.0,0.0,20.5,184918,32.16,-35.0,0.981
2020-12-28T18:17:06.000,31.46,7.62,0.0,0.0,20.5,184919,32.23,-35.0,0.981
2020-12-28T18:18:06.000,31.78,8.39,0.0,0.0,20.5,184920,32.29,-35.0,0.981
2020-12-28T18:19:06.000,32.16,7.67,0.0,0.0,20.5,184921,32.36,-35.0,0.981
2020-12-28T18:20:06.000,32.33,7.05,0.0,0.0,20.5,184922,32.42,-35.0,0.981
2020-12-28T18:21:06.000,32.21,5.78,0.0,0.0,20.5,184923,32.49,-35.0,0.981
2020-12-28T18:22:06.000,32.02,5.84,0.0,0.0,20.5,184924,32.55,-35.0,0.981
2020-12-28T18:23:06.000,32.12,6.1,0.0,0.0,20.5,184925,32.61,-35.0,0.981
2020-12-28T18:24:06.000,32.33,6.14,0.0,0.0,20.5,184926,32.67,-35.0,0.981
2020-12-28T18:25:06.000,32.37,5.45,0.0,0.0,20.5,184927,32.73,-35.0,0.981
2020-12-28T18:26:06.000,32.38,5.69,0.0,0.0,20.5,184928,32.79,-35.0,0.981
2020-12-28T18:27:07.000,32.56,5.77,0.0,0.0,20.5,184929,32.85,-35.0,0.981
2020-12-28T18:28:07.000,32.38,4.59,0.0,0.0,20.5,184930,32.91,-35.0,0.981
2020-12-28T18:29:07.000,32.18,5.02,0.0,0.0,20.5,184931,32.97,-35.0,0.981
2020-12-28T18:30:07.000,32.1,4.67,0.0,0.0,20.5,184932,33.02,-35.0,0.981
2020-12-28T18:31:07.000,31.89,4.98,0.0,0.0,20.5,184933,33.08,-35.0,0.981
2020-12-28T18:32:07.000,31.94,5.78,0.0,0.0,20.5,184934,33.13,-35.0,0.981
2020-12-28T18:33:07.000,31.72,4.62,0.0,0.0,20.5,184935,33.18,-35.0,0.981
2020-12-28T18:34:07.000,31.3,4.41,0.0,0.0,20.5,184936,33.23,-35.0,0.981
2020-12-28T18:35:07.000,30.94,4.73,0.0,0.0,20.5,184937,33.28,-35.0,0.981
2020-12-28T18:36:07.000,30.79,5.39,0.0,0.0,20.5,184938,33.33,-35.0,0.981
2020-12-28T18:37:07.000,30.72,5.09,0.0,0.0,20.5,184939,33.38,-35.0,0.981
2020-12-28T18:38:07.000,30.59,4.94,0.0,0.0,20.5,184940,33.43,-35.0,0.981
2020-12-28T18:39:07.000,30.45,4.91,0.0,0.0,20.5,184941,33.48,-35.0,0.982
2020-12-28T18:41:07.000,30.8,6.31,0.0,0.0,20.5,184943,33.57,-35.0,0.982
2020-12-28T18:42:07.000,31.29,6.96,0.0,0.0,20.5,184944,33.61,-35.0,0.982
2020-12-28T18:43:08.000,31.86,6.91,0.0,0.0,20.5,184945,33.66,-35.0,0.982
2020-12-28T18:44:08.000,32.19,6.62,0.0,0.0,20.5,184946,33.7,-35.0,0.982
2020-12-28T18:45:08.000,32.27,5.95,0.0,0.0,20.5,184947,33.74,-35.0,0.982
2020-12-28T18:46:08.000,32.24,6.05,0.0,0.0,20.5,184948,33.78,-35.0,0.982
2020-12-28T18:48:08.000,32.13,6.11,0.0,0.0,20.5,184950,33.86,-35.0,0.982
2020-12-28T18:49:08.000,32.36,6.84,0.0,0.0,20.5,184951,33.89,-35.0,0.982
2020-12-28T18:50:08.000,32.53,6.97,0.0,0.0,20.5,184952,33.93,-35.0,0.982
2020-12-28T18:51:08.000,32.69,6.44,0.0,0.0,20.5,184953,33.96,-35.0,0.982
2020-12-28T18:52:08.000,32.5,5.52,0.0,0.0,20.5,184954,34.0,-35.0,0.982
2020-12-28T18:53:09.000,32.29,6.23,0.0,0.0,20.5,184955,34.03,-34.0,0.982
2020-12-28T18:54:08.000,32.05,5.25,0.0,0.0,20.5,184956,34.06,-34.0,0.982
2020-12-28T18:55:08.000,31.59,5.28,0.0,0.0,20.5,184957,34.09,-34.0,0.982
2020-12-28T18:56:08.000,31.17,5.21,0.0,0.0,20.5,184958,34.12,-34.0,0.982
2020-12-28T18:57:08.000,30.84,5.03,0.0,0.0,20.5,184959,34.15,-34.0,0.982
2020-12-28T18:58:08.000,30.45,5.1,0.0,0.0,20.5,184960,34.18,-34.0,0.982
2020-12-28T18:59:09.000,30.13,4.83,0.0,0.0,20.5,184961,34.21,-34.0,0.982
2020-12-28T19:00:09.000,29.79,4.97,0.0,0.0,20.5,184962,34.23,-34.0,0.982
2020-12-28T19:01:09.000,29.52,4.69,0.0,0.0,20.5,184963,34.26,-34.0,0.982
2020-12-28T19:02:09.000,29.24,5.16,0.0,0.0,20.5,184964,34.28,-34.0,0.982
2020-12-28T19:03:09.000,29.08,4.89,0.0,0.0,20.5,184965,34.31,-34.0,0.982
2020-12-28T19:04:09.000,28.87,5.21,0.0,0.0,20.5,184966,34.33,-34.0,0.982
2020-12-28T19:05:09.000,28.81,5.94,0.0,0.0,20.5,184967,34.35,-34.0,0.982
2020-12-28T19:06:09.000,29.05,6.51,0.0,0.0,20.5,184968,34.37,-34.0,0.982
2020-12-28T19:07:09.000,29.17,6.22,0.0,0.0,20.5,184969,34.39,-34.0,0.982
2020-12-28T19:08:09.000,29.22,5.88,0.0,0.0,20.5,184970,34.4,-34.0,0.982
2020-12-28T19:09:09.000,29.2,5.91,0.0,0.0,20.5,184971,34.42,-34.0,0.982
2020-12-28T19:10:09.000,29.13,5.64,0.0,0.0,20.5,184972,34.44,-34.0,0.982
2020-12-28T19:11:09.000,29.1,6.02,0.0,0.0,20.5,184973,34.45,-34.0,0.982
2020-12-28T19:12:09.000,28.99,5.7,0.0,0.0,20.5,184974,34.47,-34.0,0.982
2020-12-28T19:13:09.000,28.98,6.26,0.0,0.0,20.5,184975,34.48,-34.0,0.982
