Downloads/jupyter/ECSV/stars19/stars19_2022-05.ecsv
# %ECSV 1.0
# ---
# datatype:
# - {name: time, datatype: string}
# - {name: Enclosure Temperature, unit: deg_C, datatype: float64}
# - {name: Sky Temperature, unit: deg_C, datatype: float64}
# - {name: Frequency, unit: Hz, datatype: float64}
# - {name: MSAS, unit: mag / arcsec2, datatype: float64}
# - {name: ZP, datatype: float64}
# - {name: Sequence Number, datatype: int64}
# - {name: Sun Alt, unit: deg, datatype: float64}
# - {name: Moon Alt, unit: deg, datatype: float64}
# - {name: Moon Illumination, datatype: float64}
# delimiter: ','
# meta: !!omap
# - ida:
#     Data supplier: {affiliation: null, observer: null}
#     Device type: TESS-W
#     Field of view: 17.0
#     Filters per channel: None
#     Instrument ID: stars19
#     License: ODbL 1.0 http://opendatacommons.org/licenses/odbl/summary/
#     Local timezone: America/Phoenix
#     Location name: {country: '- Tucson', place: Tucson, region: United States, sub_region: Arizona, town: Pima County}
#     Measurement direction per channel: {azimuth: 0.0, zenital: 0.0}
#     Moving / Fixed look direction: FIXED
#     Moving / Stationary position: STATIONARY
#     Number of channels: 1
#     Number of fields per line: 8
#     Number of header lines: 35
#     Position: {height: 0.0, latitude: 32.223877, longitude: -110.767532}
#     TESS MAC address: 18:FE:34:CF:EC:06
#     TESS cover offset value: 0.0
#     TESS firmware version: '1.0'
#     TESS zero point: 20.5
#     Time Synchronization: timestamp added by MQTT subscriber
#     URL: http://www.darksky.org/NSBM/sdf1.0.pdf
# - __serialized_columns__:
#     Enclosure Temperature:
#       __class__: astropy.units.quantity.Quantity
#       unit: &id001 !astropy.units.Unit {unit: deg_C}
#       value: !astropy.table.SerializedColumn {name: Enclosure Temperature}
#     Frequency:
#       __class__: astropy.units.quantity.Quantity
#       unit: !astropy.units.Unit {unit: Hz}
#       value: !astropy.table.SerializedColumn {name: Frequency}
#     MSAS:
#       __class__: astropy.units.quantity.Quantity
#       unit: !astropy.units.Unit {unit: mag / arcsec2}
#       value: !astropy.table.SerializedColumn {name: MSAS}
#     Moon Alt:
#       __class__: astropy.units.quantity.Quantity
#       unit: &id002 !astropy.units.Unit {unit: deg}
#       value: !astropy.table.SerializedColumn {name: Moon Alt}
#     Sky Temperature:
#       __class__: astropy.units.quantity.Quantity
#       unit: *id001
#       value: !astropy.table.SerializedColumn {name: Sky Temperature}
#     Sun Alt:
#       __class__: astropy.units.quantity.Quantity
#       unit: *id002
#       value: !astropy.table.SerializedColumn {name: Sun Alt}
#     time:
#       __class__: astropy.time.core.Time
#       format: isot
#       in_subfmt: '*'
#       out_subfmt: '*'
#       precision: 3
#       scale: utc
#       value: !astropy.table.SerializedColumn {name: time}
# schema: astropy-2.0
time,Enclosure Temperature,Sky Temperature,Frequency,MSAS,ZP,Sequence Number,Sun Alt,Moon Alt,Moon Illumination
[from data line 14276]
2022-05-19T03:47:59.000,32.17,3.29,1.45,19.98,20.5,136535,-17.47,-21.0,0.874
2022-05-19T03:48:59.000,32.11,3.24,1.45,19.98,20.5,136536,-17.64,-21.0,0.873
2022-05-19T03:49:59.000,32.1,3.31,1.43,19.99,20.5,136537,-17.8,-21.0,0.873
2022-05-19T03:50:59.000,32.1,3.39,1.43,19.99,20.5,136538,-17.97,-21.0,0.873
2022-05-19T03:51:59.000,32.1,3.31,1.43,19.99,20.5,136539,-18.13,-20.0,0.873
2022-05-19T03:52:59.000,32.08,3.25,1.42,20.0,20.5,136540,-18.3,-20.0,0.873
2022-05-19T03:53:59.000,32.08,3.31,1.46,19.97,20.5,136541,-18.46,-20.0,0.873
2022-05-19T03:54:59.000,32.09,3.27,1.49,19.95,20.5,136542,-18.62,-20.0,0.873
2022-05-19T03:55:59.000,32.09,3.27,1.52,19.93,20.5,136543,-18.79,-20.0,0.873
2022-05-19T03:56:59.000,32.09,3.23,1.43,19.99,20.5,136544,-18.95,-19.0,0.873
2022-05-19T03:58:00.000,32.11,3.29,1.42,20.0,20.5,136545,-19.12,-19.0,0.873
2022-05-19T03:59:00.000,32.12,3.29,1.47,19.96,20.5,136546,-19.28,-19.0,0.873
2022-05-19T04:00:00.000,32.15,3.29,1.41,20.01,20.5,136547,-19.44,-19.0,0.873
2022-05-19T04:01:00.000,32.2,3.31,1.44,19.99,20.5,136548,-19.6,-19.0,0.873
2022-05-19T04:02:00.000,32.22,3.18,1.38,20.03,20.5,136549,-19.76,-19.0,0.873
2022-05-19T04:03:00.000,32.24,3.17,1.38,20.03,20.5,136550,-19.92,-18.0,0.873
2022-05-19T04:04:00.000,32.23,2.85,1.38,20.03,20.5,136551,-20.08,-18.0,0.873
2022-05-19T04:05:01.000,32.07,2.43,1.38,20.03,20.5,136552,-20.24,-18.0,0.873
2022-05-19T04:07:01.000,31.96,2.71,1.52,19.92,20.5,136554,-20.56,-18.0,0.872
2022-05-19T04:08:01.000,31.95,2.92,1.4,20.02,20.5,136555,-20.72,-17.0,0.872
2022-05-19T04:09:01.000,31.97,3.04,1.4,20.02,20.5,136556,-20.88,-17.0,0.872
2022-05-19T04:10:01.000,31.95,2.97,1.4,20.01,20.5,136557,-21.03,-17.0,0.872
2022-05-19T04:11:02.000,31.96,3.12,1.44,19.99,20.5,136558,-21.19,-17.0,0.872
2022-05-19T04:12:02.000,31.91,2.93,1.44,19.98,20.5,136559,-21.35,-17.0,0.872
2022-05-19T04:13:02.000,31.86,3.05,1.45,19.98,20.5,136560,-21.5,-16.0,0.872
2022-05-19T04:14:02.000,31.79,2.96,1.41,20.01,20.5,136561,-21.66,-16.0,0.872
2022-05-19T04:15:03.000,31.73,3.0,1.4,20.01,20.5,136562,-21.82,-16.0,0.872
2022-05-19T04:16:03.000,31.7,3.19,1.41,20.01,20.5,136563,-21.97,-16.0,0.872
2022-05-19T04:17:03.000,31.69,3.16,1.42,20.0,20.5,136564,-22.12,-16.0,0.872
2022-05-19T04:18:03.000,31.62,3.15,1.42,20.0,20.5,136565,-22.28,-16.0,0.872
2022-05-19T04:19:03.000,31.55,3.16,1.42,20.0,20.5,136566,-22.43,-15.0,0.872
2022-05-19T04:20:03.000,31.51,3.27,1.42,20.0,20.5,136567,-22.58,-15.0,0.872
2022-05-19T04:21:03.000,31.4,3.2,1.42,20.0,20.5,136568,-22.73,-15.0,0.872
2022-05-19T04:22:03.000,31.27,3.28,1.43,19.99,20.5,136569,-22.88,-15.0,0.872
2022-05-19T04:24:03.000,31.15,3.45,1.43,19.99,20.5,136571,-23.19,-14.0,0.872
2022-05-19T04:25:04.000,31.08,3.58,1.43,19.99,20.5,136572,-23.34,-14.0,0.871
2022-05-19T04:26:04.000,30.99,3.54,1.43,19.99,20.5,136573,-23.49,-14.0,0.871
2022-05-19T04:28:04.000,30.92,3.69,1.43,19.99,20.5,136575,-23.78,-14.0,0.871
2022-05-19T04:29:04.000,30.88,3.84,1.47,19.96,20.5,136576,-23.93,-13.0,0.871
2022-05-19T04:30:04.000,30.88,3.88,1.47,19.96,20.5,136577,-24.08,-13.0,0.871
2022-05-19T04:31:05.000,30.84,3.87,1.48,19.96,20.5,136578,-24.23,-13.0,0.871
2022-05-19T04:33:11.000,30.81,3.96,1.43,19.99,20.5,136580,-24.53,-13.0,0.871
2022-05-19T04:35:11.000,30.82,3.98,1.43,19.99,20.5,136582,-24.82,-12.0,0.871
2022-05-19T04:36:11.000,30.82,3.93,1.43,20.0,20.5,136583,-24.97,-12.0,0.871
2022-05-19T04:37:11.000,30.81,3.98,1.42,20.0,20.5,136584,-25.11,-12.0,0.871
2022-05-19T04:38:11.000,30.83,4.05,1.42,20.0,20.5,136585,-25.25,-12.0,0.871
2022-05-19T04:41:12.000,30.87,4.14,1.41,20.0,20.5,136588,-25.68,-11.0,0.871
2022-05-19T04:42:12.000,30.89,4.21,1.46,19.97,20.5,136589,-25.82,-11.0,0.871
2022-05-19T04:43:12.000,30.93,4.3,1.53,19.93,20.5,136590,-25.96,-11.0,0.87
2022-05-19T04:44:12.000,30.96,4.34,1.41,20.01,20.5,136591,-26.1,-11.0,0.87
2022-05-19T04:45:12.000,30.94,4.23,1.41,20.01,20.5,136592,-26.24,-11.0,0.87
2022-05-19T04:47:12.000,30.98,4.4,1.45,19.98,20.5,136594,-26.51,-10.0,0.87
2022-05-19T04:48:12.000,30.96,4.23,1.45,19.98,20.5,136595,-26.65,-10.0,0.87
2022-05-19T04:49:12.000,30.97,4.31,1.41,20.01,20.5,136596,-26.78,-10.0,0.87
2022-05-19T04:50:12.000,30.91,4.12,1.41,20.01,20.5,136597,-26.92,-10.0,0.87
2022-05-19T04:51:12.000,30.86,4.32,1.42,20.0,20.5,136598,-27.06,-9.0,0.87
2022-05-19T04:52:13.000,30.81,4.25,1.42,20.0,20.5,136599,-27.19,-9.0,0.87
2022-05-19T04:54:18.000,30.73,4.3,1.42,20.0,20.5,136601,-27.47,-9.0,0.87
2022-05-19T04:55:18.000,30.7,4.5,1.42,20.0,20.5,136602,-27.6,-9.0,0.87
2022-05-19T04:56:18.000,30.73,4.53,1.42,20.0,20.5,136603,-27.73,-9.0,0.87
2022-05-19T04:57:18.000,30.67,4.36,1.42,20.0,20.5,136604,-27.86,-8.0,0.87
2022-05-19T04:58:18.000,30.65,4.48,1.43,19.99,20.5,136605,-28.0,-8.0,0.87
2022-05-19T04:59:19.000,30.65,4.45,1.46,19.97,20.5,136606,-28.13,-8.0,0.87
2022-05-19T05:00:18.000,30.62,4.45,1.46,19.97,20.5,136607,-28.25,-8.0,0.869
2022-05-19T05:01:18.000,30.63,4.5,1.44,19.98,20.5,136608,-28.38,-8.0,0.869
2022-05-19T05:02:19.000,30.61,4.32,1.41,20.01,20.5,136609,-28.51,-7.0,0.869
2022-05-19T05:03:19.000,30.57,4.31,1.41,20.01,20.5,136610,-28.64,-7.0,0.869
2022-05-19T05:04:19.000,30.56,4.34,1.42,20.0,20.5,136611,-28.77,-7.0,0.869
2022-05-19T05:06:25.000,30.55,4.33,1.45,19.98,20.5,136613,-29.03,-7.0,0.869
2022-05-19T05:07:25.000,30.52,4.38,1.43,19.99,20.5,136614,-29.15,-7.0,0.869
2022-05-19T05:08:25.000,30.54,4.5,1.4,20.02,20.5,136615,-29.28,-6.0,0.869
2022-05-19T05:09:25.000,30.57,4.45,1.39,20.02,20.5,136616,-29.4,-6.0,0.869
2022-05-19T05:10:25.000,30.57,4.4,1.39,20.02,20.5,136617,-29.52,-6.0,0.869
2022-05-19T05:11:25.000,30.56,4.29,1.4,20.02,20.5,136618,-29.65,-6.0,0.869
2022-05-19T05:12:25.000,30.52,4.39,1.39,20.02,20.5,136619,-29.77,-6.0,0.869
2022-05-19T05:13:26.000,30.51,4.34,1.39,20.02,20.5,136620,-29.89,-5.0,0.869
2022-05-19T05:14:26.000,30.51,4.45,1.39,20.02,20.5,136621,-30.01,-5.0,0.869
2022-05-19T05:15:26.000,30.49,4.3,1.38,20.03,20.5,136622,-30.13,-5.0,0.869
2022-05-19T05:16:26.000,30.47,4.44,1.34,20.06,20.5,136623,-30.25,-5.0,0.869
2022-05-19T05:17:26.000,30.49,4.35,1.34,20.06,20.5,136624,-30.36,-5.0,0.869
2022-05-19T05:18:26.000,30.5,4.43,1.34,20.06,20.5,136625,-30.48,-5.0,0.868
2022-05-19T05:19:26.000,30.52,4.38,1.34,20.07,20.5,136626,-30.6,-4.0,0.868
2022-05-19T05:20:26.000,30.52,4.23,1.33,20.07,20.5,136627,-30.71,-4.0,0.868
2022-05-19T05:21:26.000,30.45,4.07,1.33,20.07,20.5,136628,-30.83,-4.0,0.868
2022-05-19T05:22:27.000,30.38,4.17,1.33,20.07,20.5,136629,-30.94,-4.0,0.868
2022-05-19T05:23:26.000,30.38,4.21,1.33,20.07,20.5,136630,-31.05,-4.0,0.868
2022-05-19T05:24:27.000,30.36,4.21,1.35,20.06,20.5,136631,-31.17,-4.0,0.868
2022-05-19T05:25:27.000,30.35,4.29,1.38,20.03,20.5,136632,-31.28,-3.0,0.868
2022-05-19T05:26:27.000,30.37,4.34,1.38,20.03,20.5,136633,-31.39,-3.0,0.868
2022-05-19T05:27:27.000,30.38,4.31,1.37,20.04,20.5,136634,-31.5,-3.0,0.868
2022-05-19T05:28:27.000,30.33,4.09,1.34,20.06,20.5,136635,-31.61,-3.0,0.868
2022-05-19T05:29:27.000,30.3,4.13,1.34,20.06,20.5,136636,-31.72,-3.0,0.868
2022-05-19T05:30:27.000,30.29,4.23,1.34,20.06,20.5,136637,-31.82,-3.0,0.868
2022-05-19T05:35:28.000,30.28,4.14,1.35,20.05,20.5,136642,-32.35,-2.0,0.867
2022-05-19T05:36:28.000,30.21,3.83,1.35,20.05,20.5,136643,-32.45,-1.0,0.867
2022-05-19T05:37:28.000,30.1,3.96,1.36,20.05,20.5,136644,-32.56,-1.0,0.867
2022-05-19T05:38:28.000,30.09,4.07,1.36,20.04,20.5,136645,-32.66,-1.0,0.867
2022-05-19T05:39:29.000,30.08,4.14,1.37,20.04,20.5,136646,-32.76,-1.0,0.867
2022-05-19T05:40:29.000,30.06,4.13,1.38,20.03,20.5,136647,-32.86,-1.0,0.867
2022-05-19T05:41:29.000,30.02,4.13,1.38,20.03,20.5,136648,-32.96,-1.0,0.867
2022-05-19T05:42:29.000,29.99,4.16,1.39,20.02,20.5,136649,-33.06,-0.0,0.867
2022-05-19T05:43:30.000,29.99,4.23,1.4,20.02,20.5,136650,-33.15,-0.0,0.867
2022-05-19T05:44:29.000,29.94,4.06,1.41,20.01,20.5,136651,-33.25,-0.0,0.867
2022-05-19T05:45:29.000,29.85,4.07,1.42,20.0,20.5,136652,-33.34,0.0,0.867
2022-05-19T05:46:29.000,29.84,4.18,1.44,19.98,20.5,136653,-33.44,0.0,0.867
2022-05-19T05:47:29.000,29.8,4.2,1.48,19.96,20.5,136654,-33.53,0.0,0.867
2022-05-19T05:48:29.000,29.8,4.23,1.48,19.95,20.5,136655,-33.62,1.0,0.867
2022-05-19T05:49:30.000,29.81,4.3,1.48,19.95,20.5,136656,-33.72,1.0,0.867
2022-05-19T05:50:30.000,29.73,4.11,1.46,19.97,20.5,136657,-33.81,1.0,0.867
2022-05-19T05:51:30.000,29.76,4.42,1.47,19.96,20.5,136658,-33.9,1.0,0.867
2022-05-19T05:52:30.000,29.78,4.29,1.48,19.95,20.5,136659,-33.99,1.0,0.867
2022-05-19T05:53:31.000,29.76,4.29,1.49,19.95,20.5,136660,-34.08,1.0,0.866
2022-05-19T05:54:31.000,29.74,4.33,1.49,19.95,20.5,136661,-34.17,2.0,0.866
2022-05-19T05:55:31.000,29.78,4.4,1.5,19.94,20.5,136662,-34.25,2.0,0.866
2022-05-19T05:56:31.000,29.81,4.28,1.51,19.93,20.5,136663,-34.34,2.0,0.866
2022-05-19T05:57:31.000,29.8,4.24,1.52,19.92,20.5,136664,-34.42,2.0,0.866
2022-05-19T05:58:31.000,29.81,4.25,1.53,19.92,20.5,136665,-34.51,2.0,0.866
2022-05-19T05:59:31.000,29.83,4.27,1.54,19.91,20.5,136666,-34.59,2.0,0.866
2022-05-19T06:00:31.000,29.83,4.17,1.55,19.9,20.5,136667,-34.67,3.0,0.866
2022-05-19T06:01:31.000,29.81,4.11,1.55,19.91,20.5,136668,-34.75,3.0,0.866
2022-05-19T06:02:31.000,29.76,3.99,1.56,19.9,20.5,136669,-34.83,3.0,0.866
2022-05-19T06:03:31.000,29.7,4.02,1.57,19.89,20.5,136670,-34.91,3.0,0.866
2022-05-19T06:04:32.000,29.67,4.13,1.58,19.88,20.5,136671,-34.99,3.0,0.866
2022-05-19T06:05:33.000,29.65,4.14,1.59,19.88,20.5,136672,-35.07,3.0,0.866
2022-05-19T06:07:33.000,29.63,4.17,1.65,19.83,20.5,136674,-35.22,4.0,0.866
2022-05-19T06:08:32.000,29.61,4.03,1.66,19.83,20.5,136675,-35.3,4.0,0.866
2022-05-19T06:09:32.000,29.59,4.05,1.66,19.83,20.5,136676,-35.37,4.0,0.866
2022-05-19T06:10:33.000,29.55,3.98,1.63,19.85,20.5,136677,-35.44,4.0,0.865
2022-05-19T06:11:33.000,29.57,4.07,1.64,19.84,20.5,136678,-35.52,4.0,0.865
2022-05-19T06:12:33.000,29.5,3.78,1.65,19.84,20.5,136679,-35.59,5.0,0.865
2022-05-19T06:13:33.000,29.45,3.87,1.66,19.83,20.5,136680,-35.66,5.0,0.865
2022-05-19T06:14:33.000,29.48,4.01,1.67,19.83,20.5,136681,-35.73,5.0,0.865
2022-05-19T06:15:33.000,29.5,3.89,1.67,19.82,20.5,136682,-35.79,5.0,0.865
2022-05-19T06:16:33.000,29.42,3.69,1.68,19.81,20.5,136683,-35.86,5.0,0.865
2022-05-19T06:18:33.000,29.34,3.84,1.71,19.8,20.5,136685,-35.99,6.0,0.865
2022-05-19T06:19:33.000,29.32,3.79,1.71,19.8,20.5,136686,-36.06,6.0,0.865
2022-05-19T06:21:33.000,29.33,3.92,1.73,19.79,20.5,136688,-36.18,6.0,0.865
2022-05-19T06:24:33.000,29.29,3.76,1.75,19.77,20.5,136691,-36.36,6.0,0.865
2022-05-19T06:25:33.000,29.27,3.7,1.75,19.77,20.5,136692,-36.42,7.0,0.865
2022-05-19T06:27:34.000,29.15,3.7,1.78,19.75,20.5,136694,-36.53,7.0,0.865
2022-05-19T06:29:34.000,29.15,3.75,1.82,19.73,20.5,136696,-36.64,7.0,0.864
2022-05-19T06:31:35.000,29.12,3.61,1.78,19.75,20.5,136698,-36.75,8.0,0.864
2022-05-19T06:32:35.000,29.13,3.69,1.78,19.75,20.5,136699,-36.8,8.0,0.864
2022-05-19T06:33:35.000,29.13,3.66,1.79,19.75,20.5,136700,-36.85,8.0,0.864
2022-05-19T06:34:35.000,29.12,3.64,1.8,19.74,20.5,136701,-36.9,8.0,0.864
2022-05-19T06:36:35.000,29.12,3.69,1.81,19.73,20.5,136703,-36.99,8.0,0.864
2022-05-19T06:37:36.000,29.12,3.63,1.82,19.73,20.5,136704,-37.04,9.0,0.864
2022-05-19T06:38:36.000,29.08,3.47,1.83,19.72,20.5,136705,-37.08,9.0,0.864
2022-05-19T06:39:36.000,29.07,3.55,1.84,19.72,20.5,136706,-37.13,9.0,0.864
2022-05-19T06:40:36.000,29.04,3.44,1.85,19.71,20.5,136707,-37.17,9.0,0.864
2022-05-19T06:41:36.000,29.0,3.52,1.85,19.71,20.5,136708,-37.21,9.0,0.864
2022-05-19T06:42:36.000,28.98,3.49,1.86,19.71,20.5,136709,-37.25,9.0,0.864
2022-05-19T06:43:36.000,28.97,3.62,1.86,19.7,20.5,136710,-37.29,9.0,0.864
2022-05-19T06:44:36.000,28.98,3.6,1.87,19.7,20.5,136711,-37.33,10.0,0.864
2022-05-19T06:45:36.000,28.96,3.54,1.87,19.7,20.5,136712,-37.37,10.0,0.863
2022-05-19T06:46:36.000,28.94,3.51,1.88,19.69,20.5,136713,-37.4,10.0,0.863
2022-05-19T06:47:36.000,28.9,3.26,1.89,19.69,20.5,136714,-37.44,10.0,0.863
2022-05-19T06:48:36.000,28.81,3.46,1.89,19.69,20.5,136715,-37.47,10.0,0.863
2022-05-19T06:49:36.000,28.85,3.57,1.9,19.68,20.5,136716,-37.51,10.0,0.863
2022-05-19T06:50:36.000,28.87,3.47,1.9,19.68,20.5,136717,-37.54,11.0,0.863
2022-05-19T06:51:36.000,28.89,3.48,1.91,19.68,20.5,136718,-37.57,11.0,0.863
2022-05-19T06:52:36.000,28.87,3.33,1.94,19.66,20.5,136719,-37.6,11.0,0.863
2022-05-19T06:53:37.000,28.81,3.32,1.96,19.65,20.5,136720,-37.63,11.0,0.863
2022-05-19T06:54:38.000,28.84,3.44,1.97,19.65,20.5,136721,-37.66,11.0,0.863
2022-05-19T06:55:38.000,28.82,3.38,1.96,19.65,20.5,136722,-37.68,11.0,0.863
2022-05-19T06:56:38.000,28.8,3.35,1.94,19.66,20.5,136723,-37.71,11.0,0.863
2022-05-19T06:57:38.000,28.8,3.29,1.95,19.66,20.5,136724,-37.73,12.0,0.863
2022-05-19T06:58:38.000,28.78,3.21,1.96,19.65,20.5,136725,-37.76,12.0,0.863
2022-05-19T06:59:38.000,28.76,3.28,1.97,19.64,20.5,136726,-37.78,12.0,0.863
2022-05-19T07:00:38.000,28.78,3.32,1.98,19.64,20.5,136727,-37.8,12.0,0.863
2022-05-19T07:01:38.000,28.78,3.25,1.98,19.64,20.5,136728,-37.82,12.0,0.863
2022-05-19T07:02:38.000,28.75,3.16,1.99,19.63,20.5,136729,-37.84,12.0,0.863
2022-05-19T07:03:38.000,28.72,3.18,2.0,19.63,20.5,136730,-37.86,12.0,0.862
2022-05-19T07:04:38.000,28.67,3.01,2.02,19.62,20.5,136731,-37.87,13.0,0.862
2022-05-19T07:05:39.000,28.57,2.9,2.03,19.61,20.5,136732,-37.89,13.0,0.862
2022-05-19T07:06:39.000,28.54,3.1,2.05,19.6,20.5,136733,-37.9,13.0,0.862
2022-05-19T07:10:39.000,28.49,2.98,2.11,19.57,20.5,136737,-37.95,13.0,0.862
2022-05-19T07:11:39.000,28.44,2.89,2.13,19.56,20.5,136738,-37.96,14.0,0.862
2022-05-19T07:13:39.000,28.32,2.84,2.16,19.54,20.5,136740,-37.98,14.0,0.862
2022-05-19T07:14:39.000,28.28,2.89,2.18,19.53,20.5,136741,-37.98,14.0,0.862
2022-05-19T07:22:40.000,28.11,2.91,2.33,19.46,20.5,136749,-37.99,15.0,0.861
2022-05-19T07:24:40.000,28.04,2.8,2.37,19.44,20.5,136751,-37.98,15.0,0.861
2022-05-19T07:26:40.000,28.01,2.73,2.41,19.42,20.5,136753,-37.97,16.0,0.861
2022-05-19T07:28:40.000,27.92,2.7,2.42,19.42,20.5,136755,-37.95,16.0,0.861
2022-05-19T07:29:40.000,27.93,2.66,2.42,19.42,20.5,136756,-37.94,16.0,0.861
2022-05-19T07:31:47.000,27.84,2.56,2.46,19.4,20.5,136758,-37.91,16.0,0.861
2022-05-19T07:32:48.000,27.8,2.62,2.46,19.4,20.5,136759,-37.9,16.0,0.861
2022-05-19T07:33:48.000,27.78,2.5,2.48,19.39,20.5,136760,-37.88,17.0,0.861
2022-05-19T07:34:48.000,27.72,2.44,2.53,19.37,20.5,136761,-37.86,17.0,0.861
2022-05-19T07:35:48.000,27.66,2.31,2.53,19.37,20.5,136762,-37.85,17.0,0.861
2022-05-19T07:36:48.000,27.57,2.29,2.55,19.36,20.5,136763,-37.83,17.0,0.861
2022-05-19T07:37:48.000,27.53,2.34,2.57,19.35,20.5,136764,-37.81,17.0,0.86
2022-05-19T07:38:49.000,27.5,2.31,2.58,19.35,20.5,136765,-37.79,17.0,0.86
2022-05-19T07:39:49.000,27.47,2.33,2.61,19.34,20.5,136766,-37.77,17.0,0.86
2022-05-19T07:40:49.000,27.45,2.38,2.63,19.33,20.5,136767,-37.74,18.0,0.86
2022-05-19T07:41:49.000,27.43,2.31,2.66,19.32,20.5,136768,-37.72,18.0,0.86
2022-05-19T07:42:49.000,27.42,2.4,2.66,19.32,20.5,136769,-37.69,18.0,0.86
2022-05-19T07:43:49.000,27.4,2.36,2.7,19.3,20.5,136770,-37.67,18.0,0.86
2022-05-19T07:44:49.000,27.39,2.34,2.72,19.29,20.5,136771,-37.64,18.0,0.86
2022-05-19T07:45:49.000,27.37,2.32,2.75,19.28,20.5,136772,-37.61,18.0,0.86
2022-05-19T07:46:49.000,27.36,2.36,2.8,19.26,20.5,136773,-37.58,18.0,0.86
2022-05-19T07:47:50.000,27.36,2.4,2.81,19.26,20.5,136774,-37.55,18.0,0.86
2022-05-19T07:48:50.000,27.36,2.36,2.79,19.27,20.5,136775,-37.52,19.0,0.86
2022-05-19T07:49:50.000,27.35,2.34,2.8,19.26,20.5,136776,-37.49,19.0,0.86
2022-05-19T07:50:50.000,27.36,2.34,2.8,19.26,20.5,136777,-37.45,19.0,0.86
2022-05-19T07:51:50.000,27.36,2.32,2.82,19.26,20.5,136778,-37.42,19.0,0.86
2022-05-19T07:53:57.000,27.36,2.29,2.85,19.24,20.5,136780,-37.34,19.0,0.86
2022-05-19T07:54:57.000,27.32,2.09,2.86,19.24,20.5,136781,-37.3,19.0,0.859
2022-05-19T07:55:57.000,27.25,2.1,2.88,19.23,20.5,136782,-37.26,19.0,0.859
2022-05-19T07:56:57.000,27.21,2.11,2.89,19.23,20.5,136783,-37.22,20.0,0.859
2022-05-19T07:57:57.000,27.18,2.09,2.91,19.22,20.5,136784,-37.18,20.0,0.859
