Downloads/jupyter/ECSV/stars19/stars19_2020-08.ecsv
# %ECSV 1.0
# ---
# datatype:
# - {name: time, datatype: string}
# - {name: Enclosure Temperature, unit: deg_C, datatype: float64}
# - {name: Sky Temperature, unit: deg_C, datatype: float64}
# - {name: Frequency, unit: Hz, datatype: float64}
# - {name: MSAS, unit: mag / arcsec2, datatype: float64}
# - {name: ZP, datatype: float64}
# - {name: Sequence Number, datatype: int64}
# - {name: Sun Alt, unit: deg, datatype: float64}
# - {name: Moon Alt, unit: deg, datatype: float64}
# - {name: Moon Illumination, datatype: float64}
# delimiter: ','
# meta: !!omap
# - ida:
#     Data supplier: {affiliation: null, observer: null}
#     Device type: TESS-W
#     Field of view: 17.0
#     Filters per channel: None
#     Instrument ID: stars19
#     License: ODbL 1.0 http://opendatacommons.org/licenses/odbl/summary/
#     Local timezone: America/Phoenix
#     Location name: {country: '- Tucson', place: Tucson, region: United States, sub_region: Arizona, town: Pima County}
#     Measurement direction per channel: {azimuth: 0.0, zenital: 0.0}
#     Moving / Fixed look direction: FIXED
#     Moving / Stationary position: STATIONARY
#     Number of channels: 1
#     Number of fields per line: 8
#     Number of header lines: 35
#     Position: {height: 0.0, latitude: 32.223877, longitude: -110.767532}
#     TESS MAC address: 18:FE:34:CF:EC:06
#     TESS cover offset value: 0.0
#     TESS firmware version: '1.0'
#     TESS zero point: 20.5
#     Time Synchronization: timestamp added by MQTT subscriber
#     URL: http://www.darksky.org/NSBM/sdf1.0.pdf
# - __serialized_columns__:
#     Enclosure Temperature:
#       __class__: astropy.units.quantity.Quantity
#       unit: &id001 !astropy.units.Unit {unit: deg_C}
#       value: !astropy.table.SerializedColumn {name: Enclosure Temperature}
#     Frequency:
#       __class__: astropy.units.quantity.Quantity
#       unit: !astropy.units.Unit {unit: Hz}
#       value: !astropy.table.SerializedColumn {name: Frequency}
#     MSAS:
#       __class__: astropy.units.quantity.Quantity
#       unit: !astropy.units.Unit {unit: mag / arcsec2}
#       value: !astropy.table.SerializedColumn {name: MSAS}
#     Moon Alt:
#       __class__: astropy.units.quantity.Quantity
#       unit: &id002 !astropy.units.Unit {unit: deg}
#       value: !astropy.table.SerializedColumn {name: Moon Alt}
#     Sky Temperature:
#       __class__: astropy.units.quantity.Quantity
#       unit: *id001
#       value: !astropy.table.SerializedColumn {name: Sky Temperature}
#     Sun Alt:
#       __class__: astropy.units.quantity.Quantity
#       unit: *id002
#       value: !astropy.table.SerializedColumn {name: Sun Alt}
#     time:
#       __class__: astropy.time.core.Time
#       format: isot
#       in_subfmt: '*'
#       out_subfmt: '*'
#       precision: 3
#       scale: utc
#       value: !astropy.table.SerializedColumn {name: time}
# schema: astropy-2.0
time,Enclosure Temperature,Sky Temperature,Frequency,MSAS,ZP,Sequence Number,Sun Alt,Moon Alt,Moon Illumination
[from data line 15740]
2020-08-22T04:13:46.000,33.28,14.84,1.9,19.69,20.5,1610,-26.52,-2.0,0.131
2020-08-22T04:14:46.000,33.29,14.91,1.89,19.69,20.5,1611,-26.69,-2.0,0.131
2020-08-22T04:15:47.000,33.29,14.93,1.89,19.69,20.5,1612,-26.87,-2.0,0.131
2020-08-22T04:16:47.000,33.29,14.9,1.89,19.69,20.5,1613,-27.04,-2.0,0.131
2020-08-22T04:19:47.000,33.28,14.91,1.89,19.69,20.5,1616,-27.55,-3.0,0.131
2020-08-22T04:20:48.000,33.28,14.86,1.89,19.69,20.5,1617,-27.72,-3.0,0.132
2020-08-22T04:21:48.000,33.28,14.88,1.89,19.69,20.5,1618,-27.89,-4.0,0.132
2020-08-22T04:22:48.000,33.28,14.93,1.89,19.69,20.5,1619,-28.06,-4.0,0.132
2020-08-22T04:23:48.000,33.28,14.89,1.88,19.69,20.5,1620,-28.23,-4.0,0.132
2020-08-22T04:24:48.000,33.29,14.93,1.88,19.69,20.5,1621,-28.4,-4.0,0.132
2020-08-22T04:26:48.000,33.32,14.92,1.88,19.69,20.5,1623,-28.73,-5.0,0.132
2020-08-22T04:27:49.000,33.32,14.81,1.88,19.69,20.5,1624,-28.9,-5.0,0.132
2020-08-22T04:28:49.000,33.32,14.81,1.88,19.69,20.5,1625,-29.06,-5.0,0.132
2020-08-22T04:29:49.000,33.32,14.78,1.88,19.69,20.5,1626,-29.23,-5.0,0.132
2020-08-22T04:30:49.000,33.31,14.75,1.88,19.69,20.5,1627,-29.39,-5.0,0.132
2020-08-22T04:31:50.000,33.27,14.63,2.83,19.4,20.5,1628,-29.56,-6.0,0.132
2020-08-22T04:32:50.000,33.23,14.63,8.24,18.2,20.5,1629,-29.73,-6.0,0.132
2020-08-22T04:33:50.000,33.2,14.65,1.86,19.71,20.5,1630,-29.89,-6.0,0.132
2020-08-22T04:34:50.000,33.19,14.65,1.86,19.71,20.5,1631,-30.05,-6.0,0.132
2020-08-22T04:35:50.000,33.19,14.62,1.86,19.71,20.5,1632,-30.21,-6.0,0.132
2020-08-22T04:41:51.000,33.07,14.48,1.86,19.7,20.5,1638,-31.18,-8.0,0.133
2020-08-22T04:42:51.000,33.1,14.56,1.95,19.66,20.5,1639,-31.34,-8.0,0.133
2020-08-22T04:45:52.000,33.04,14.38,1.89,19.69,20.5,1642,-31.82,-8.0,0.133
2020-08-22T04:50:52.000,32.95,14.46,1.89,19.69,20.5,1647,-32.59,-10.0,0.133
2020-08-22T04:51:52.000,32.94,14.42,1.89,19.69,20.5,1648,-32.75,-10.0,0.133
2020-08-22T04:52:53.000,32.92,14.41,1.89,19.69,20.5,1649,-32.9,-10.0,0.133
2020-08-22T04:53:53.000,32.91,14.42,1.89,19.69,20.5,1650,-33.06,-10.0,0.133
2020-08-22T04:54:53.000,32.88,14.37,1.89,19.69,20.5,1651,-33.21,-10.0,0.133
2020-08-22T04:55:53.000,32.87,14.31,1.89,19.69,20.5,1652,-33.36,-11.0,0.133
2020-08-22T04:56:54.000,32.87,14.27,1.89,19.69,20.5,1653,-33.51,-11.0,0.134
2020-08-22T04:57:53.000,32.83,14.12,1.89,19.69,20.5,1654,-33.66,-11.0,0.134
2020-08-22T04:58:54.000,32.79,14.1,1.9,19.69,20.5,1655,-33.81,-11.0,0.134
2020-08-22T04:59:54.000,32.79,14.14,1.89,19.69,20.5,1656,-33.96,-11.0,0.134
2020-08-22T05:00:54.000,32.79,14.16,1.89,19.69,20.5,1657,-34.11,-12.0,0.134
2020-08-22T05:01:54.000,32.78,14.14,1.88,19.69,20.5,1658,-34.26,-12.0,0.134
2020-08-22T05:02:54.000,32.77,14.17,1.88,19.7,20.5,1659,-34.41,-12.0,0.134
2020-08-22T05:03:55.000,32.76,14.14,1.88,19.69,20.5,1660,-34.56,-12.0,0.134
2020-08-22T05:04:55.000,32.73,14.15,1.88,19.69,20.5,1661,-34.7,-12.0,0.134
2020-08-22T05:05:56.000,32.68,14.07,1.88,19.69,20.5,1662,-34.85,-13.0,0.134
2020-08-22T05:06:57.000,32.62,14.07,1.88,19.69,20.5,1663,-35.0,-13.0,0.134
2020-08-22T05:07:57.000,32.6,14.2,1.88,19.69,20.5,1664,-35.14,-13.0,0.134
2020-08-22T05:08:57.000,32.58,14.11,1.88,19.69,20.5,1665,-35.28,-13.0,0.134
2020-08-22T05:10:57.000,32.5,14.2,1.89,19.69,20.5,1667,-35.57,-14.0,0.134
2020-08-22T05:11:58.000,32.49,14.17,1.89,19.69,20.5,1668,-35.71,-14.0,0.134
2020-08-22T05:12:57.000,32.46,14.19,1.88,19.69,20.5,1669,-35.85,-14.0,0.134
2020-08-22T05:13:58.000,32.43,14.23,1.88,19.69,20.5,1670,-35.99,-14.0,0.135
2020-08-22T05:14:58.000,32.42,14.22,1.88,19.69,20.5,1671,-36.13,-14.0,0.135
2020-08-22T05:15:58.000,32.41,14.26,1.87,19.7,20.5,1672,-36.27,-15.0,0.135
2020-08-22T05:16:58.000,32.41,14.32,1.86,19.71,20.5,1673,-36.41,-15.0,0.135
2020-08-22T05:17:58.000,32.41,14.3,1.86,19.71,20.5,1674,-36.55,-15.0,0.135
2020-08-22T05:18:59.000,32.37,14.24,1.85,19.71,20.5,1675,-36.68,-15.0,0.135
2020-08-22T05:19:59.000,32.35,14.29,1.85,19.71,20.5,1676,-36.82,-15.0,0.135
2020-08-22T05:20:59.000,32.37,14.27,1.85,19.71,20.5,1677,-36.95,-16.0,0.135
2020-08-22T05:21:59.000,32.38,14.32,1.86,19.71,20.5,1678,-37.09,-16.0,0.135
2020-08-22T05:23:00.000,32.37,14.2,1.86,19.7,20.5,1679,-37.22,-16.0,0.135
2020-08-22T05:24:00.000,32.35,14.27,1.87,19.7,20.5,1680,-37.36,-16.0,0.135
2020-08-22T05:26:00.000,32.31,14.23,1.88,19.69,20.5,1682,-37.62,-17.0,0.135
2020-08-22T05:27:00.000,32.31,14.29,1.87,19.7,20.5,1683,-37.75,-17.0,0.135
2020-08-22T05:28:01.000,32.28,14.21,1.87,19.7,20.5,1684,-37.88,-17.0,0.135
2020-08-22T05:29:00.000,32.27,14.27,1.87,19.7,20.5,1685,-38.01,-17.0,0.135
2020-08-22T05:30:01.000,32.23,14.29,1.87,19.7,20.5,1686,-38.14,-17.0,0.135
2020-08-22T05:31:01.000,32.24,14.3,1.87,19.7,20.5,1687,-38.27,-18.0,0.135
2020-08-22T05:32:01.000,32.24,14.33,1.87,19.7,20.5,1688,-38.39,-18.0,0.136
2020-08-22T05:33:01.000,32.19,14.18,1.87,19.7,20.5,1689,-38.52,-18.0,0.136
2020-08-22T05:34:01.000,32.19,14.25,1.87,19.7,20.5,1690,-38.65,-18.0,0.136
2020-08-22T05:35:02.000,32.18,14.2,1.87,19.7,20.5,1691,-38.77,-18.0,0.136
2020-08-22T05:36:02.000,32.18,14.31,1.88,19.69,20.5,1692,-38.9,-19.0,0.136
2020-08-22T05:37:02.000,32.2,14.36,1.9,19.68,20.5,1693,-39.02,-19.0,0.136
2020-08-22T05:38:02.000,32.21,14.4,1.94,19.66,20.5,1694,-39.14,-19.0,0.136
2020-08-22T05:39:02.000,32.21,14.54,1.99,19.64,20.5,1695,-39.26,-19.0,0.136
2020-08-22T05:40:03.000,32.21,14.65,2.05,19.6,20.5,1696,-39.38,-20.0,0.136
2020-08-22T05:41:03.000,32.19,14.81,2.1,19.57,20.5,1697,-39.5,-20.0,0.136
2020-08-22T05:42:03.000,32.17,14.97,2.16,19.54,20.5,1698,-39.62,-20.0,0.136
2020-08-22T05:43:03.000,32.16,15.1,2.24,19.51,20.5,1699,-39.74,-20.0,0.136
2020-08-22T05:44:03.000,32.19,15.28,2.27,19.49,20.5,1700,-39.85,-20.0,0.136
2020-08-22T05:45:03.000,32.21,15.34,2.31,19.47,20.5,1701,-39.97,-21.0,0.136
2020-08-22T05:46:04.000,32.22,15.37,2.39,19.43,20.5,1702,-40.09,-21.0,0.136
2020-08-22T05:47:04.000,32.23,15.46,2.46,19.4,20.5,1703,-40.2,-21.0,0.136
2020-08-22T05:48:04.000,32.24,15.49,2.55,19.36,20.5,1704,-40.31,-21.0,0.136
2020-08-22T05:49:04.000,32.23,15.49,2.64,19.32,20.5,1705,-40.43,-21.0,0.137
2020-08-22T05:50:05.000,32.25,15.57,2.81,19.26,20.5,1706,-40.54,-22.0,0.137
2020-08-22T05:51:05.000,32.25,15.45,3.08,19.16,20.5,1707,-40.65,-22.0,0.137
2020-08-22T05:52:05.000,32.24,15.26,3.22,19.11,20.5,1708,-40.76,-22.0,0.137
2020-08-22T05:53:06.000,32.25,15.22,2.96,19.2,20.5,1709,-40.87,-22.0,0.137
2020-08-22T05:54:06.000,32.26,15.03,2.57,19.36,20.5,1710,-40.98,-22.0,0.137
2020-08-22T05:55:06.000,32.26,14.87,2.29,19.48,20.5,1711,-41.08,-23.0,0.137
2020-08-22T05:56:06.000,32.26,14.67,2.2,19.53,20.5,1712,-41.19,-23.0,0.137
2020-08-22T05:57:06.000,32.25,14.53,2.2,19.53,20.5,1713,-41.3,-23.0,0.137
2020-08-22T05:58:07.000,32.23,14.39,2.18,19.53,20.5,1714,-41.4,-23.0,0.137
2020-08-22T05:59:07.000,32.21,14.38,2.13,19.56,20.5,1715,-41.5,-23.0,0.137
2020-08-22T06:02:07.000,32.15,14.29,2.06,19.6,20.5,1718,-41.81,-24.0,0.137
2020-08-22T06:03:08.000,32.12,14.2,2.04,19.61,20.5,1719,-41.91,-24.0,0.137
2020-08-22T06:05:08.000,32.09,14.2,2.02,19.61,20.5,1721,-42.1,-25.0,0.137
2020-08-22T06:12:09.000,31.91,14.22,2.06,19.59,20.5,1728,-42.76,-26.0,0.138
2020-08-22T06:13:09.000,31.92,14.16,2.06,19.59,20.5,1729,-42.85,-26.0,0.138
2020-08-22T06:14:09.000,31.91,14.2,2.07,19.59,20.5,1730,-42.93,-26.0,0.138
2020-08-22T06:15:10.000,31.92,14.31,2.07,19.59,20.5,1731,-43.02,-26.0,0.138
2020-08-22T06:16:10.000,31.93,14.29,2.08,19.58,20.5,1732,-43.11,-27.0,0.138
2020-08-22T06:17:10.000,31.93,14.31,2.09,19.58,20.5,1733,-43.19,-27.0,0.138
2020-08-22T06:18:10.000,31.9,14.26,2.09,19.58,20.5,1734,-43.28,-27.0,0.138
2020-08-22T06:19:10.000,31.91,14.37,2.11,19.57,20.5,1735,-43.36,-27.0,0.138
2020-08-22T06:20:10.000,31.91,14.35,2.09,19.58,20.5,1736,-43.44,-27.0,0.138
2020-08-22T06:21:10.000,31.91,14.38,2.1,19.57,20.5,1737,-43.52,-28.0,0.138
2020-08-22T06:22:10.000,31.92,14.35,2.1,19.57,20.5,1738,-43.6,-28.0,0.138
2020-08-22T06:23:11.000,31.92,14.29,2.11,19.57,20.5,1739,-43.68,-28.0,0.138
2020-08-22T06:25:11.000,31.88,14.21,2.14,19.55,20.5,1741,-43.83,-28.0,0.139
2020-08-22T06:26:11.000,31.87,14.06,2.13,19.56,20.5,1742,-43.91,-29.0,0.139
2020-08-22T06:27:11.000,31.83,14.0,2.14,19.56,20.5,1743,-43.98,-29.0,0.139
2020-08-22T06:28:12.000,31.82,14.03,2.14,19.56,20.5,1744,-44.05,-29.0,0.139
2020-08-22T06:29:12.000,31.78,13.97,2.18,19.54,20.5,1745,-44.13,-29.0,0.139
2020-08-22T06:31:12.000,31.74,13.79,2.09,19.58,20.5,1747,-44.27,-30.0,0.139
2020-08-22T06:32:13.000,31.71,13.77,2.06,19.6,20.5,1748,-44.33,-30.0,0.139
2020-08-22T06:33:12.000,31.7,13.72,2.01,19.62,20.5,1749,-44.4,-30.0,0.139
2020-08-22T06:34:13.000,31.68,13.67,1.98,19.64,20.5,1750,-44.47,-30.0,0.139
2020-08-22T06:35:13.000,31.66,13.6,1.97,19.65,20.5,1751,-44.53,-30.0,0.139
2020-08-22T06:36:13.000,31.63,13.58,1.96,19.65,20.5,1752,-44.6,-31.0,0.139
2020-08-22T06:37:14.000,31.62,13.58,1.95,19.65,20.5,1753,-44.66,-31.0,0.139
2020-08-22T06:38:13.000,31.62,13.54,1.95,19.66,20.5,1754,-44.72,-31.0,0.139
2020-08-22T06:42:15.000,31.51,13.36,1.93,19.67,20.5,1758,-44.95,-32.0,0.14
2020-08-22T06:43:15.000,31.49,13.34,1.93,19.67,20.5,1759,-45.01,-32.0,0.14
2020-08-22T06:44:15.000,31.45,13.35,1.94,19.66,20.5,1760,-45.06,-32.0,0.14
2020-08-22T06:47:15.000,31.42,13.3,1.93,19.67,20.5,1763,-45.22,-33.0,0.14
2020-08-22T06:49:16.000,31.38,13.25,1.92,19.67,20.5,1765,-45.31,-33.0,0.14
2020-08-22T06:50:16.000,31.37,13.28,1.92,19.67,20.5,1766,-45.36,-33.0,0.14
2020-08-22T06:52:16.000,31.33,13.28,1.92,19.67,20.5,1768,-45.45,-34.0,0.14
2020-08-22T06:53:17.000,31.34,13.32,1.92,19.67,20.5,1769,-45.49,-34.0,0.14
2020-08-22T06:54:17.000,31.3,13.23,1.93,19.67,20.5,1770,-45.53,-34.0,0.14
2020-08-22T07:09:18.000,31.04,13.32,1.9,19.68,20.5,1785,-46.01,-37.0,0.141
2020-08-22T07:11:18.000,31.01,13.47,1.95,19.65,20.5,1787,-46.05,-37.0,0.141
2020-08-22T07:15:19.000,31.0,13.74,2.03,19.61,20.5,1791,-46.11,-38.0,0.141
2020-08-22T07:16:19.000,31.01,13.84,2.06,19.6,20.5,1792,-46.13,-38.0,0.141
2020-08-22T07:17:19.000,30.99,13.93,2.09,19.58,20.5,1793,-46.14,-38.0,0.142
2020-08-22T07:18:20.000,31.01,14.06,2.12,19.57,20.5,1794,-46.15,-38.0,0.142
2020-08-22T07:19:20.000,31.03,14.08,2.16,19.54,20.5,1795,-46.16,-39.0,0.142
2020-08-22T07:20:20.000,31.05,14.28,2.27,19.49,20.5,1796,-46.17,-39.0,0.142
2020-08-22T07:31:21.000,31.12,14.82,2.7,19.3,20.5,1807,-46.17,-41.0,0.142
2020-08-22T07:36:21.000,31.16,15.84,2.65,19.32,20.5,1812,-46.12,-42.0,0.143
2020-08-22T07:39:21.000,31.19,16.6,3.78,18.94,20.5,1815,-46.07,-42.0,0.143
2020-08-22T07:45:22.000,31.4,18.11,5.83,18.47,20.5,1821,-45.95,-43.0,0.143
2020-08-22T07:47:23.000,31.44,18.33,5.66,18.5,20.5,1823,-45.89,-44.0,0.143
2020-08-22T07:48:23.000,31.49,18.52,5.8,18.47,20.5,1824,-45.87,-44.0,0.143
2020-08-22T07:49:23.000,31.52,18.56,6.06,18.42,20.5,1825,-45.84,-44.0,0.143
2020-08-22T07:53:23.000,31.6,18.57,8.19,18.1,20.5,1829,-45.71,-45.0,0.144
2020-08-22T07:55:23.000,31.61,18.37,8.25,18.09,20.5,1831,-45.63,-45.0,0.144
2020-08-22T07:56:24.000,31.58,18.15,8.01,18.12,20.5,1832,-45.59,-45.0,0.144
2020-08-22T07:57:24.000,31.57,18.1,7.67,18.17,20.5,1833,-45.55,-45.0,0.144
2020-08-22T07:58:24.000,31.6,18.03,7.3,18.22,20.5,1834,-45.51,-45.0,0.144
2020-08-22T08:08:26.000,31.65,17.87,6.33,18.38,20.5,1844,-45.03,-47.0,0.145
2020-08-22T08:09:27.000,31.62,17.59,6.67,18.32,20.5,1845,-44.98,-47.0,0.145
2020-08-22T08:10:27.000,31.63,17.45,6.75,18.31,20.5,1846,-44.92,-47.0,0.145
2020-08-22T08:11:27.000,31.62,17.01,6.61,18.33,20.5,1847,-44.87,-48.0,0.145
2020-08-22T08:12:27.000,31.55,16.41,6.02,18.43,20.5,1848,-44.81,-48.0,0.145
2020-08-22T08:13:27.000,31.51,15.99,5.18,18.6,20.5,1849,-44.75,-48.0,0.145
2020-08-22T08:14:28.000,31.51,15.61,4.35,18.78,20.5,1850,-44.69,-48.0,0.145
2020-08-22T08:15:28.000,31.46,15.04,3.52,19.01,20.5,1851,-44.62,-48.0,0.145
2020-08-22T08:16:28.000,31.39,14.6,2.84,19.25,20.5,1852,-44.56,-48.0,0.145
2020-08-22T08:17:28.000,31.36,14.42,2.43,19.42,20.5,1853,-44.5,-49.0,0.145
2020-08-22T08:18:28.000,31.3,14.18,2.21,19.52,20.5,1854,-44.43,-49.0,0.145
2020-08-22T08:19:28.000,31.27,14.19,2.1,19.57,20.5,1855,-44.37,-49.0,0.145
2020-08-22T08:20:29.000,31.25,14.06,2.06,19.59,20.5,1856,-44.3,-49.0,0.145
2020-08-22T08:21:29.000,31.24,14.09,2.01,19.62,20.5,1857,-44.23,-49.0,0.145
2020-08-22T08:23:29.000,31.2,14.07,1.93,19.66,20.5,1859,-44.09,-49.0,0.145
2020-08-22T08:24:30.000,31.17,14.09,1.91,19.68,20.5,1860,-44.01,-50.0,0.145
2020-08-22T08:27:30.000,31.06,14.29,1.87,19.7,20.5,1863,-43.79,-50.0,0.146
2020-08-22T08:29:31.000,31.06,14.41,1.88,19.7,20.5,1865,-43.64,-50.0,0.146
2020-08-22T08:30:31.000,31.05,14.38,1.88,19.69,20.5,1866,-43.56,-50.0,0.146
2020-08-22T08:31:31.000,31.05,14.28,1.88,19.7,20.5,1867,-43.48,-51.0,0.146
2020-08-22T08:32:31.000,31.04,14.24,1.86,19.71,20.5,1868,-43.4,-51.0,0.146
2020-08-22T08:33:32.000,31.04,14.06,1.84,19.72,20.5,1869,-43.31,-51.0,0.146
2020-08-22T08:34:32.000,31.01,14.06,1.84,19.72,20.5,1870,-43.23,-51.0,0.146
2020-08-22T08:35:32.000,31.01,14.15,1.84,19.72,20.5,1871,-43.15,-51.0,0.146
2020-08-22T08:36:32.000,31.02,14.19,1.83,19.72,20.5,1872,-43.06,-51.0,0.146
2020-08-22T08:37:32.000,30.97,13.88,1.83,19.73,20.5,1873,-42.97,-51.0,0.146
2020-08-22T08:38:33.000,30.93,13.99,1.82,19.73,20.5,1874,-42.89,-52.0,0.146
2020-08-22T08:39:33.000,30.89,13.8,1.81,19.73,20.5,1875,-42.8,-52.0,0.146
2020-08-22T08:40:33.000,30.87,13.99,1.81,19.73,20.5,1876,-42.71,-52.0,0.146
2020-08-22T08:41:33.000,30.87,13.88,1.81,19.73,20.5,1877,-42.62,-52.0,0.146
2020-08-22T08:43:34.000,30.81,13.85,1.81,19.73,20.5,1879,-42.43,-52.0,0.147
2020-08-22T08:44:34.000,30.75,13.85,1.81,19.74,20.5,1880,-42.34,-52.0,0.147
2020-08-22T08:45:34.000,30.74,13.94,1.81,19.74,20.5,1881,-42.24,-53.0,0.147
2020-08-22T08:46:34.000,30.73,13.92,1.8,19.74,20.5,1882,-42.15,-53.0,0.147
2020-08-22T08:47:35.000,30.69,13.72,1.8,19.74,20.5,1883,-42.05,-53.0,0.147
2020-08-22T08:48:34.000,30.67,13.91,1.81,19.73,20.5,1884,-41.95,-53.0,0.147
2020-08-22T08:49:35.000,30.67,13.89,1.83,19.73,20.5,1885,-41.85,-53.0,0.147
2020-08-22T08:50:35.000,30.66,13.87,1.85,19.71,20.5,1886,-41.75,-53.0,0.147
2020-08-22T08:51:35.000,30.68,13.91,1.91,19.68,20.5,1887,-41.65,-53.0,0.147
2020-08-22T08:52:36.000,30.69,14.01,2.02,19.61,20.5,1888,-41.55,-53.0,0.147
2020-08-22T08:53:36.000,30.69,13.94,2.07,19.59,20.5,1889,-41.45,-54.0,0.147
2020-08-22T08:54:36.000,30.67,13.91,2.01,19.62,20.5,1890,-41.34,-54.0,0.147
2020-08-22T08:55:36.000,30.67,13.95,1.94,19.66,20.5,1891,-41.24,-54.0,0.147
2020-08-22T08:56:36.000,30.67,13.88,1.93,19.67,20.5,1892,-41.13,-54.0,0.147
2020-08-22T08:57:36.000,30.67,13.91,1.92,19.67,20.5,1893,-41.03,-54.0,0.147
2020-08-22T08:58:36.000,30.68,13.9,1.92,19.67,20.5,1894,-40.92,-54.0,0.147
2020-08-22T08:59:37.000,30.7,13.92,1.9,19.68,20.5,1895,-40.81,-54.0,0.148
2020-08-22T09:00:37.000,30.71,13.91,1.89,19.69,20.5,1896,-40.7,-54.0,0.148
2020-08-22T09:12:39.000,30.63,14.0,1.99,19.63,20.5,1908,-39.32,-56.0,0.148
2020-08-22T09:13:39.000,30.61,14.08,2.03,19.61,20.5,1909,-39.2,-56.0,0.148
2020-08-22T09:14:39.000,30.64,14.23,2.07,19.59,20.5,1910,-39.08,-56.0,0.148
2020-08-22T09:15:39.000,30.65,14.03,2.08,19.58,20.5,1911,-38.95,-56.0,0.148
2020-08-22T09:16:39.000,30.63,13.99,2.08,19.58,20.5,1912,-38.83,-56.0,0.149
2020-08-22T09:17:39.000,30.6,13.77,2.03,19.61,20.5,1913,-38.71,-56.0,0.149
2020-08-22T09:18:40.000,30.58,13.83,1.95,19.65,20.5,1914,-38.58,-56.0,0.149
2020-08-22T09:19:40.000,30.57,13.74,1.9,19.69,20.5,1915,-38.45,-57.0,0.149
2020-08-22T09:20:40.000,30.56,13.73,1.88,19.69,20.5,1916,-38.33,-57.0,0.149
2020-08-22T09:22:41.000,30.52,13.67,1.89,19.69,20.5,1918,-38.07,-57.0,0.149
2020-08-22T09:23:41.000,30.55,13.82,1.87,19.7,20.5,1919,-37.94,-57.0,0.149
2020-08-22T09:24:41.000,30.58,13.73,1.84,19.72,20.5,1920,-37.81,-57.0,0.149
2020-08-22T09:25:41.000,30.52,13.42,1.83,19.73,20.5,1921,-37.68,-57.0,0.149
2020-08-22T09:26:41.000,30.51,13.61,1.82,19.73,20.5,1922,-37.55,-57.0,0.149
2020-08-22T09:27:42.000,30.5,13.56,1.81,19.74,20.5,1923,-37.42,-57.0,0.149
2020-08-22T09:28:42.000,30.51,13.62,1.8,19.74,20.5,1924,-37.29,-57.0,0.149
