Downloads/jupyter/ECSV/stars19/stars19_2020-02.ecsv
# %ECSV 1.0
# ---
# datatype:
# - {name: time, datatype: string}
# - {name: Enclosure Temperature, unit: deg_C, datatype: float64}
# - {name: Sky Temperature, unit: deg_C, datatype: float64}
# - {name: Frequency, unit: Hz, datatype: float64}
# - {name: MSAS, unit: mag / arcsec2, datatype: float64}
# - {name: ZP, datatype: float64}
# - {name: Sequence Number, datatype: int64}
# - {name: Sun Alt, unit: deg, datatype: float64}
# - {name: Moon Alt, unit: deg, datatype: float64}
# - {name: Moon Illumination, datatype: float64}
# delimiter: ','
# meta: !!omap
# - ida:
#     Data supplier: {affiliation: null, observer: null}
#     Device type: TESS-W
#     Field of view: 17.0
#     Filters per channel: None
#     Instrument ID: stars19
#     License: ODbL 1.0 http://opendatacommons.org/licenses/odbl/summary/
#     Local timezone: America/Phoenix
#     Location name: {country: '- Tucson', place: Tucson, region: United States, sub_region: Arizona, town: Pima County}
#     Measurement direction per channel: {azimuth: 0.0, zenital: 0.0}
#     Moving / Fixed look direction: FIXED
#     Moving / Stationary position: STATIONARY
#     Number of channels: 1
#     Number of fields per line: 8
#     Number of header lines: 35
#     Position: {height: 0.0, latitude: 32.223877, longitude: -110.767532}
#     TESS MAC address: 18:FE:34:CF:EC:06
#     TESS cover offset value: 0.0
#     TESS firmware version: '1.0'
#     TESS zero point: 20.5
#     Time Synchronization: timestamp added by MQTT subscriber
#     URL: http://www.darksky.org/NSBM/sdf1.0.pdf
# - __serialized_columns__:
#     Enclosure Temperature:
#       __class__: astropy.units.quantity.Quantity
#       unit: &id001 !astropy.units.Unit {unit: deg_C}
#       value: !astropy.table.SerializedColumn {name: Enclosure Temperature}
#     Frequency:
#       __class__: astropy.units.quantity.Quantity
#       unit: !astropy.units.Unit {unit: Hz}
#       value: !astropy.table.SerializedColumn {name: Frequency}
#     MSAS:
#       __class__: astropy.units.quantity.Quantity
#       unit: !astropy.units.Unit {unit: mag / arcsec2}
#       value: !astropy.table.SerializedColumn {name: MSAS}
#     Moon Alt:
#       __class__: astropy.units.quantity.Quantity
#       unit: &id002 !astropy.units.Unit {unit: deg}
#       value: !astropy.table.SerializedColumn {name: Moon Alt}
#     Sky Temperature:
#       __class__: astropy.units.quantity.Quantity
#       unit: *id001
#       value: !astropy.table.SerializedColumn {name: Sky Temperature}
#     Sun Alt:
#       __class__: astropy.units.quantity.Quantity
#       unit: *id002
#       value: !astropy.table.SerializedColumn {name: Sun Alt}
#     time:
#       __class__: astropy.time.core.Time
#       format: isot
#       in_subfmt: '*'
#       out_subfmt: '*'
#       precision: 3
#       scale: utc
#       value: !astropy.table.SerializedColumn {name: time}
# schema: astropy-2.0
time,Enclosure Temperature,Sky Temperature,Frequency,MSAS,ZP,Sequence Number,Sun Alt,Moon Alt,Moon Illumination
[from data line 13262]
2020-02-15T15:31:38.000,9.84,-13.47,0.0,0.0,20.5,295924,16.13,31.0,0.532
2020-02-15T15:32:39.000,9.9,-13.34,0.0,0.0,20.5,295925,16.32,31.0,0.532
2020-02-15T15:36:39.000,10.16,-13.27,0.0,0.0,20.5,295929,17.07,30.0,0.532
2020-02-15T15:37:40.000,10.22,-13.23,0.0,0.0,20.5,295930,17.26,30.0,0.532
2020-02-15T15:38:40.000,10.26,-13.22,0.0,0.0,20.5,295931,17.45,30.0,0.532
2020-02-15T15:45:41.000,10.67,-12.88,0.0,0.0,20.5,295938,18.75,29.0,0.531
2020-02-15T15:46:41.000,10.75,-12.74,0.0,0.0,20.5,295939,18.94,29.0,0.531
2020-02-15T15:47:41.000,10.85,-12.61,0.0,0.0,20.5,295940,19.12,28.0,0.531
2020-02-15T16:00:46.000,11.91,-11.6,0.0,0.0,20.5,295953,21.5,26.0,0.53
2020-02-15T16:01:46.000,11.98,-11.6,0.0,0.0,20.5,295954,21.68,26.0,0.53
2020-02-15T16:02:47.000,12.01,-11.6,0.0,0.0,20.5,295955,21.86,26.0,0.53
2020-02-15T16:06:48.000,12.32,-11.13,0.0,0.0,20.5,295959,22.58,26.0,0.53
2020-02-15T16:10:48.000,12.55,-10.64,0.0,0.0,20.5,295963,23.29,25.0,0.529
2020-02-15T16:11:48.000,12.63,-10.57,0.0,0.0,20.5,295964,23.46,25.0,0.529
2020-02-15T16:12:49.000,12.69,-10.54,0.0,0.0,20.5,295965,23.64,25.0,0.529
2020-02-15T16:13:49.000,12.76,-10.37,0.0,0.0,20.5,295966,23.82,24.0,0.529
2020-02-15T16:16:50.000,12.89,-10.26,0.0,0.0,20.5,295969,24.34,24.0,0.529
2020-02-15T16:21:51.000,13.46,-9.42,0.0,0.0,20.5,295974,25.21,23.0,0.529
2020-02-15T16:29:52.000,14.46,-8.7,0.0,0.0,20.5,295982,26.57,22.0,0.528
2020-02-15T16:30:52.000,14.54,-8.41,0.0,0.0,20.5,295983,26.74,22.0,0.528
2020-02-15T16:31:53.000,14.62,-8.46,0.0,0.0,20.5,295984,26.91,21.0,0.528
2020-02-15T16:32:53.000,14.71,-8.14,0.0,0.0,20.5,295985,27.08,21.0,0.528
2020-02-15T16:35:54.000,15.06,-7.55,0.0,0.0,20.5,295988,27.58,21.0,0.527
2020-02-15T16:36:54.000,15.22,-7.42,0.0,0.0,20.5,295989,27.75,21.0,0.527
2020-02-15T16:37:54.000,15.35,-7.25,0.0,0.0,20.5,295990,27.91,20.0,0.527
2020-02-15T16:43:56.000,16.15,-6.41,0.0,0.0,20.5,295996,28.9,19.0,0.527
2020-02-15T16:44:56.000,16.22,-6.22,0.0,0.0,20.5,295997,29.06,19.0,0.527
2020-02-15T16:45:56.000,16.38,-5.92,0.0,0.0,20.5,295998,29.22,19.0,0.527
2020-02-15T16:47:57.000,16.73,-5.57,0.0,0.0,20.5,296000,29.54,19.0,0.527
2020-02-15T16:48:57.000,16.75,-5.93,0.0,0.0,20.5,296001,29.7,19.0,0.526
2020-02-15T16:49:58.000,16.85,-5.36,0.0,0.0,20.5,296002,29.87,18.0,0.526
2020-02-15T16:59:00.000,18.49,-3.84,0.0,0.0,20.5,296011,31.28,17.0,0.526
2020-02-15T17:00:00.000,18.63,-3.82,0.0,0.0,20.5,296012,31.43,17.0,0.526
2020-02-15T17:01:00.000,18.83,-3.47,0.0,0.0,20.5,296013,31.58,16.0,0.526
2020-02-15T17:03:01.000,19.06,-3.65,0.0,0.0,20.5,296015,31.89,16.0,0.525
2020-02-15T17:04:01.000,19.17,-3.27,0.0,0.0,20.5,296016,32.04,16.0,0.525
2020-02-15T17:05:01.000,19.33,-3.18,0.0,0.0,20.5,296017,32.19,16.0,0.525
2020-02-15T17:10:02.000,20.29,-2.73,0.0,0.0,20.5,296022,32.94,15.0,0.525
2020-02-15T17:11:03.000,20.5,-2.4,0.0,0.0,20.5,296023,33.09,15.0,0.525
2020-02-15T17:12:03.000,20.65,-2.5,0.0,0.0,20.5,296024,33.24,14.0,0.525
2020-02-15T17:38:05.000,32.87,2.82,0.0,0.0,20.5,296050,36.82,10.0,0.523
2020-02-15T17:39:06.000,33.25,1.68,0.0,0.0,20.5,296051,36.95,10.0,0.523
2020-02-15T17:48:08.000,37.1,2.6,0.0,0.0,20.5,296060,38.07,8.0,0.522
2020-02-15T17:49:08.000,37.41,3.53,0.0,0.0,20.5,296061,38.19,8.0,0.522
2020-02-15T17:50:08.000,37.88,3.38,0.0,0.0,20.5,296062,38.3,7.0,0.522
2020-02-15T17:51:09.000,38.08,2.67,0.0,0.0,20.5,296063,38.43,7.0,0.522
2020-02-15T17:52:09.000,38.37,3.14,0.0,0.0,20.5,296064,38.54,7.0,0.522
2020-02-15T17:54:10.000,38.53,2.61,0.0,0.0,20.5,296066,38.78,7.0,0.521
2020-02-15T17:55:10.000,38.8,3.11,0.0,0.0,20.5,296067,38.89,7.0,0.521
2020-02-15T17:56:10.000,39.25,3.49,0.0,0.0,20.5,296068,39.01,6.0,0.521
2020-02-15T18:14:15.000,40.94,3.5,0.0,0.0,20.5,296086,40.91,3.0,0.52
2020-02-15T18:15:16.000,41.3,3.2,0.0,0.0,20.5,296087,41.01,3.0,0.52
2020-02-15T18:16:16.000,41.64,3.54,0.0,0.0,20.5,296088,41.1,2.0,0.52
2020-02-15T18:18:16.000,41.52,3.28,0.0,0.0,20.5,296090,41.29,2.0,0.52
2020-02-15T18:19:17.000,41.79,3.31,0.0,0.0,20.5,296091,41.39,2.0,0.52
2020-02-15T18:20:17.000,42.04,3.79,0.0,0.0,20.5,296092,41.48,2.0,0.519
2020-02-15T18:22:17.000,42.88,3.66,0.0,0.0,20.5,296094,41.66,1.0,0.519
2020-02-15T18:23:17.000,43.09,3.63,0.0,0.0,20.5,296095,41.75,1.0,0.519
2020-02-15T18:24:18.000,43.21,3.58,0.0,0.0,20.5,296096,41.83,1.0,0.519
2020-02-15T18:26:18.000,43.53,3.1,0.0,0.0,20.5,296098,42.01,1.0,0.519
2020-02-15T18:27:19.000,43.69,3.63,0.0,0.0,20.5,296099,42.09,0.0,0.519
2020-02-15T18:28:19.000,43.75,3.58,0.0,0.0,20.5,296100,42.17,0.0,0.519
2020-02-15T18:30:20.000,43.83,3.35,0.0,0.0,20.5,296102,42.34,-0.0,0.519
2020-02-15T18:31:20.000,44.0,3.63,0.0,0.0,20.5,296103,42.42,-0.0,0.519
2020-02-15T18:32:20.000,44.1,3.29,0.0,0.0,20.5,296104,42.5,-1.0,0.519
2020-02-15T18:49:26.000,44.94,3.56,0.0,0.0,20.5,296121,43.68,-4.0,0.517
2020-02-15T18:50:26.000,45.0,3.55,0.0,0.0,20.5,296122,43.74,-4.0,0.517
2020-02-15T18:51:26.000,45.11,3.8,0.0,0.0,20.5,296123,43.79,-4.0,0.517
2020-02-15T18:53:26.000,45.39,3.19,0.0,0.0,20.5,296125,43.9,-5.0,0.517
2020-02-15T18:54:27.000,45.19,2.61,0.0,0.0,20.5,296126,43.96,-5.0,0.517
2020-02-15T18:55:27.000,44.91,3.01,0.0,0.0,20.5,296127,44.01,-5.0,0.517
2020-02-15T18:59:29.000,45.19,3.95,0.0,0.0,20.5,296131,44.21,-6.0,0.516
2020-02-15T19:00:29.000,45.21,3.43,0.0,0.0,20.5,296132,44.26,-6.0,0.516
2020-02-15T19:01:29.000,44.97,2.94,0.0,0.0,20.5,296133,44.31,-6.0,0.516
2020-02-15T19:03:30.000,44.66,2.39,0.0,0.0,20.5,296135,44.39,-7.0,0.516
2020-02-15T19:05:30.000,44.57,3.58,0.0,0.0,20.5,296137,44.48,-7.0,0.516
2020-02-15T19:06:30.000,44.53,3.26,0.0,0.0,20.5,296138,44.52,-7.0,0.516
2020-02-15T19:08:30.000,44.62,3.91,0.0,0.0,20.5,296140,44.59,-8.0,0.516
2020-02-15T19:09:31.000,44.81,3.01,0.0,0.0,20.5,296141,44.63,-8.0,0.516
2020-02-15T19:10:31.000,44.72,3.07,0.0,0.0,20.5,296142,44.66,-8.0,0.516
2020-02-15T19:11:31.000,44.72,2.84,0.0,0.0,20.5,296143,44.7,-8.0,0.516
2020-02-15T19:12:32.000,44.91,3.84,0.0,0.0,20.5,296144,44.73,-9.0,0.515
2020-02-15T19:13:33.000,45.1,3.1,0.0,0.0,20.5,296145,44.76,-9.0,0.515
2020-02-15T19:17:34.000,45.84,3.85,0.0,0.0,20.5,296149,44.87,-10.0,0.515
2020-02-15T19:18:34.000,45.91,3.28,0.0,0.0,20.5,296150,44.9,-10.0,0.515
2020-02-15T19:19:34.000,45.84,2.72,0.0,0.0,20.5,296151,44.92,-10.0,0.515
2020-02-15T19:27:37.000,46.32,2.78,0.0,0.0,20.5,296159,45.06,-12.0,0.514
2020-02-15T19:28:37.000,46.31,2.73,0.0,0.0,20.5,296160,45.07,-12.0,0.514
2020-02-15T19:29:37.000,46.21,2.7,0.0,0.0,20.5,296161,45.08,-12.0,0.514
2020-02-15T19:32:38.000,45.68,2.98,0.0,0.0,20.5,296164,45.11,-13.0,0.514
2020-02-15T19:33:38.000,45.6,2.05,0.0,0.0,20.5,296165,45.11,-13.0,0.514
2020-02-15T19:34:38.000,45.58,3.45,0.0,0.0,20.5,296166,45.12,-13.0,0.514
2020-02-15T19:35:38.000,45.8,3.58,0.0,0.0,20.5,296167,45.12,-13.0,0.514
2020-02-15T19:37:39.000,45.63,2.23,0.0,0.0,20.5,296169,45.12,-14.0,0.514
2020-02-15T19:38:39.000,45.36,1.87,0.0,0.0,20.5,296170,45.12,-14.0,0.513
2020-02-15T19:39:40.000,45.36,2.7,0.0,0.0,20.5,296171,45.12,-14.0,0.513
2020-02-15T19:40:40.000,45.4,2.32,0.0,0.0,20.5,296172,45.11,-14.0,0.513
2020-02-15T19:43:40.000,45.06,1.36,0.0,0.0,20.5,296175,45.09,-15.0,0.513
2020-02-15T19:44:41.000,44.85,1.71,0.0,0.0,20.5,296176,45.09,-15.0,0.513
2020-02-15T19:45:41.000,44.85,1.96,0.0,0.0,20.5,296177,45.08,-15.0,0.513
2020-02-15T20:19:50.000,45.84,1.02,0.0,0.0,20.5,296211,43.98,-22.0,0.51
2020-02-15T20:20:51.000,46.0,1.09,0.0,0.0,20.5,296212,43.93,-22.0,0.51
2020-02-15T20:21:51.000,46.09,1.06,0.0,0.0,20.5,296213,43.88,-23.0,0.51
2020-02-15T20:23:52.000,46.08,0.89,0.0,0.0,20.5,296215,43.76,-23.0,0.51
2020-02-15T20:24:52.000,46.14,0.86,0.0,0.0,20.5,296216,43.7,-23.0,0.51
2020-02-15T20:25:53.000,46.13,0.62,0.0,0.0,20.5,296217,43.64,-23.0,0.51
2020-02-15T20:41:57.000,44.22,0.85,0.0,0.0,20.5,296233,42.53,-27.0,0.509
2020-02-15T20:42:57.000,44.49,0.74,0.0,0.0,20.5,296234,42.46,-27.0,0.509
2020-02-15T20:43:57.000,44.64,0.55,0.0,0.0,20.5,296235,42.38,-27.0,0.508
2020-02-15T20:47:02.000,45.24,0.83,0.0,0.0,20.5,296238,42.12,-28.0,0.508
2020-02-15T20:48:02.000,45.48,0.56,0.0,0.0,20.5,296239,42.04,-28.0,0.508
2020-02-15T20:49:02.000,45.59,0.16,0.0,0.0,20.5,296240,41.96,-28.0,0.508
2020-02-15T20:50:03.000,45.42,-0.83,0.0,0.0,20.5,296241,41.87,-28.0,0.508
2020-02-15T20:51:03.000,45.33,-0.27,0.0,0.0,20.5,296242,41.78,-28.0,0.508
2020-02-15T20:52:04.000,45.14,-0.91,0.0,0.0,20.5,296243,41.69,-29.0,0.508
2020-02-15T20:55:07.000,45.25,0.0,0.0,0.0,20.5,296246,41.42,-29.0,0.508
2020-02-15T20:56:07.000,45.2,-0.64,0.0,0.0,20.5,296247,41.33,-29.0,0.507
2020-02-15T20:57:08.000,45.19,-0.18,0.0,0.0,20.5,296248,41.23,-30.0,0.507
2020-02-15T21:02:11.000,44.89,-0.56,0.0,0.0,20.5,296253,40.75,-31.0,0.507
2020-02-15T21:03:12.000,44.73,-1.11,0.0,0.0,20.5,296254,40.65,-31.0,0.507
2020-02-15T21:04:12.000,44.72,-0.3,0.0,0.0,20.5,296255,40.55,-31.0,0.507
2020-02-15T21:08:13.000,44.31,-0.81,0.0,0.0,20.5,296259,40.13,-32.0,0.507
2020-02-15T21:09:14.000,44.37,-0.1,0.0,0.0,20.5,296260,40.03,-32.0,0.506
2020-02-15T21:10:15.000,44.47,-0.83,0.0,0.0,20.5,296261,39.92,-32.0,0.506
2020-02-15T21:11:15.000,44.43,-1.44,0.0,0.0,20.5,296262,39.81,-33.0,0.506
2020-02-15T21:12:16.000,44.34,-0.89,0.0,0.0,20.5,296263,39.7,-33.0,0.506
2020-02-15T21:14:17.000,44.52,-1.15,0.0,0.0,20.5,296265,39.49,-33.0,0.506
2020-02-15T21:16:17.000,44.59,-0.96,0.0,0.0,20.5,296267,39.26,-34.0,0.506
2020-02-15T21:21:19.000,44.95,-1.22,0.0,0.0,20.5,296272,38.69,-35.0,0.506
2020-02-15T21:22:19.000,44.95,-1.59,0.0,0.0,20.5,296273,38.58,-35.0,0.505
2020-02-15T21:23:20.000,44.7,-1.95,0.0,0.0,20.5,296274,38.46,-35.0,0.505
2020-02-15T21:29:24.000,45.08,-1.75,0.0,0.0,20.5,296280,37.73,-36.0,0.505
2020-02-15T21:30:25.000,44.89,-2.05,0.0,0.0,20.5,296281,37.6,-36.0,0.505
2020-02-15T21:31:25.000,44.76,-1.75,0.0,0.0,20.5,296282,37.48,-37.0,0.505
2020-02-15T21:33:26.000,44.38,-2.56,0.0,0.0,20.5,296284,37.23,-37.0,0.505
2020-02-15T21:34:27.000,44.0,-2.51,0.0,0.0,20.5,296285,37.1,-37.0,0.505
2020-02-15T21:35:27.000,43.52,-3.67,0.0,0.0,20.5,296286,36.97,-37.0,0.504
2020-02-15T21:39:30.000,42.13,-1.38,0.0,0.0,20.5,296290,36.45,-38.0,0.504
2020-02-15T21:40:30.000,42.25,-1.49,0.0,0.0,20.5,296291,36.32,-39.0,0.504
2020-02-15T21:41:30.000,42.43,-1.26,0.0,0.0,20.5,296292,36.19,-39.0,0.504
2020-02-15T21:43:30.000,42.64,-2.56,0.0,0.0,20.5,296294,35.92,-39.0,0.504
2020-02-15T21:44:31.000,42.45,-2.13,0.0,0.0,20.5,296295,35.79,-39.0,0.504
2020-02-15T21:45:31.000,42.56,-1.44,0.0,0.0,20.5,296296,35.65,-40.0,0.504
2020-02-15T22:01:46.000,43.17,-1.71,0.0,0.0,20.5,296312,33.37,-43.0,0.502
2020-02-15T22:02:47.000,43.18,-2.03,0.0,0.0,20.5,296313,33.23,-43.0,0.502
2020-02-15T22:03:48.000,42.94,-2.93,0.0,0.0,20.5,296314,33.08,-43.0,0.502
2020-02-15T22:05:48.000,42.49,-2.77,0.0,0.0,20.5,296316,32.78,-44.0,0.502
2020-02-15T22:06:48.000,42.35,-2.9,0.0,0.0,20.5,296317,32.63,-44.0,0.502
2020-02-15T22:10:50.000,41.8,-2.9,0.0,0.0,20.5,296321,32.03,-45.0,0.502
2020-02-15T22:11:50.000,41.29,-4.12,0.0,0.0,20.5,296322,31.88,-45.0,0.502
2020-02-15T22:12:50.000,40.17,-6.71,0.0,0.0,20.5,296323,31.73,-45.0,0.502
2020-02-15T22:14:57.000,37.94,-6.04,0.0,0.0,20.5,296325,31.4,-45.0,0.501
2020-02-15T22:15:57.000,36.9,-5.43,0.0,0.0,20.5,296326,31.25,-46.0,0.501
2020-02-15T22:16:58.000,36.23,-4.75,0.0,0.0,20.5,296327,31.09,-46.0,0.501
2020-02-15T22:31:05.000,30.42,-3.97,0.0,0.0,20.5,296341,28.86,-49.0,0.5
2020-02-15T22:32:06.000,30.3,-3.67,0.0,0.0,20.5,296342,28.69,-49.0,0.5
2020-02-15T22:33:06.000,30.23,-3.53,0.0,0.0,20.5,296343,28.53,-49.0,0.5
2020-02-15T22:35:08.000,29.92,-4.25,0.0,0.0,20.5,296345,28.2,-49.0,0.5
2020-02-15T22:36:08.000,29.77,-3.9,0.0,0.0,20.5,296346,28.03,-50.0,0.5
2020-02-15T22:37:09.000,29.63,-4.15,0.0,0.0,20.5,296347,27.86,-50.0,0.5
2020-02-15T22:39:10.000,29.3,-4.42,0.0,0.0,20.5,296349,27.53,-50.0,0.5
2020-02-15T22:40:11.000,29.14,-4.31,0.0,0.0,20.5,296350,27.36,-50.0,0.5
2020-02-15T22:41:12.000,29.08,-4.12,0.0,0.0,20.5,296351,27.19,-51.0,0.499
2020-02-15T22:44:13.000,28.64,-4.25,0.0,0.0,20.5,296354,26.69,-51.0,0.499
2020-02-15T22:45:13.000,28.49,-4.42,0.0,0.0,20.5,296355,26.52,-51.0,0.499
2020-02-15T22:46:14.000,28.4,-4.06,0.0,0.0,20.5,296356,26.35,-52.0,0.499
2020-02-15T22:47:15.000,28.36,-3.86,0.0,0.0,20.5,296357,26.18,-52.0,0.499
2020-02-15T22:48:15.000,28.31,-3.84,0.0,0.0,20.5,296358,26.01,-52.0,0.499
2020-02-15T22:49:16.000,28.26,-3.81,0.0,0.0,20.5,296359,25.83,-52.0,0.499
2020-02-15T22:52:17.000,28.05,-3.82,0.0,0.0,20.5,296362,25.32,-53.0,0.499
2020-02-15T22:53:18.000,28.0,-3.84,0.0,0.0,20.5,296363,25.14,-53.0,0.499
2020-02-15T22:54:18.000,27.92,-3.91,0.0,0.0,20.5,296364,24.97,-53.0,0.498
2020-02-15T22:55:19.000,27.79,-4.09,0.0,0.0,20.5,296365,24.8,-53.0,0.498
2020-02-15T22:58:20.000,27.67,-3.7,0.0,0.0,20.5,296368,24.27,-54.0,0.498
2020-02-15T22:59:21.000,27.57,-4.32,0.0,0.0,20.5,296369,24.1,-54.0,0.498
2020-02-15T23:00:21.000,27.48,-3.73,0.0,0.0,20.5,296370,23.92,-54.0,0.498
2020-02-15T23:02:22.000,27.39,-3.59,0.0,0.0,20.5,296372,23.57,-55.0,0.498
2020-02-15T23:03:23.000,27.39,-3.58,0.0,0.0,20.5,296373,23.39,-55.0,0.498
2020-02-15T23:04:24.000,27.35,-3.69,0.0,0.0,20.5,296374,23.21,-55.0,0.498
2020-02-15T23:08:25.000,27.23,-3.73,0.0,0.0,20.5,296378,22.5,-56.0,0.497
2020-02-15T23:09:25.000,27.22,-3.52,0.0,0.0,20.5,296379,22.32,-56.0,0.497
2020-02-15T23:10:26.000,27.26,-3.24,0.0,0.0,20.5,296380,22.14,-56.0,0.497
2020-02-15T23:11:26.000,27.27,-3.48,0.0,0.0,20.5,296381,21.96,-57.0,0.497
2020-02-15T23:12:27.000,27.22,-3.57,0.0,0.0,20.5,296382,21.78,-57.0,0.497
2020-02-15T23:14:27.000,27.16,-3.6,0.0,0.0,20.5,296384,21.42,-57.0,0.497
2020-02-15T23:15:28.000,27.16,-3.59,0.0,0.0,20.5,296385,21.24,-57.0,0.497
2020-02-15T23:19:29.000,26.8,-4.18,0.0,0.0,20.5,296389,20.51,-58.0,0.497
2020-02-15T23:20:30.000,26.73,-4.01,0.0,0.0,20.5,296390,20.32,-58.0,0.496
2020-02-15T23:21:30.000,26.67,-3.81,0.0,0.0,20.5,296391,20.14,-58.0,0.496
2020-02-15T23:23:31.000,26.61,-3.92,0.0,0.0,20.5,296393,19.77,-59.0,0.496
2020-02-15T23:24:32.000,26.59,-3.59,0.0,0.0,20.5,296394,19.59,-59.0,0.496
2020-02-15T23:25:33.000,26.59,-3.84,0.0,0.0,20.5,296395,19.4,-59.0,0.496
2020-02-15T23:27:33.000,26.48,-3.79,0.0,0.0,20.5,296397,19.03,-60.0,0.496
2020-02-15T23:28:34.000,26.4,-4.13,0.0,0.0,20.5,296398,18.85,-60.0,0.496
2020-02-15T23:29:36.000,26.3,-4.23,0.0,0.0,20.5,296399,18.66,-60.0,0.496
2020-02-15T23:35:40.000,26.09,-3.7,0.0,0.0,20.5,296405,17.53,-61.0,0.495
2020-02-15T23:36:40.000,26.07,-3.81,0.0,0.0,20.5,296406,17.34,-61.0,0.495
2020-02-15T23:37:41.000,26.05,-3.87,0.0,0.0,20.5,296407,17.15,-61.0,0.495
2020-02-15T23:39:42.000,25.91,-4.17,0.0,0.0,20.5,296409,16.77,-62.0,0.495
2020-02-15T23:40:43.000,25.89,-3.71,0.0,0.0,20.5,296410,16.58,-62.0,0.495
2020-02-15T23:42:44.000,25.81,-3.94,0.0,0.0,20.5,296412,16.2,-62.0,0.495
2020-02-15T23:43:44.000,25.73,-4.12,0.0,0.0,20.5,296413,16.01,-63.0,0.495
2020-02-15T23:44:45.000,25.7,-4.1,0.0,0.0,20.5,296414,15.82,-63.0,0.495
2020-02-15T23:49:48.000,25.43,-4.16,0.0,0.0,20.5,296419,14.86,-64.0,0.494
2020-02-15T23:50:48.000,25.38,-4.13,0.0,0.0,20.5,296420,14.67,-64.0,0.494
2020-02-15T23:51:49.000,25.4,-4.07,0.0,0.0,20.5,296421,14.48,-64.0,0.494
2020-02-15T23:56:52.000,25.31,-4.3,0.0,0.0,20.5,296426,13.51,-65.0,0.494
2020-02-15T23:57:53.000,25.28,-4.23,0.0,0.0,20.5,296427,13.32,-65.0,0.494
2020-02-15T23:58:54.000,25.29,-4.15,0.0,0.0,20.5,296428,13.12,-65.0,0.494
2020-02-16T00:00:54.000,25.26,-4.11,0.0,0.0,20.5,296430,12.74,-66.0,0.493
2020-02-16T00:02:56.000,25.24,-4.29,0.0,0.0,20.5,296432,12.34,-66.0,0.493
2020-02-16T00:03:56.000,25.19,-4.46,0.0,0.0,20.5,296433,12.15,-66.0,0.493
2020-02-16T00:04:57.000,25.12,-4.39,0.0,0.0,20.5,296434,11.95,-66.0,0.493
2020-02-16T00:11:00.000,24.9,-4.52,0.0,0.0,20.5,296440,10.77,-67.0,0.493
2020-02-16T00:12:00.000,24.83,-4.5,0.0,0.0,20.5,296441,10.58,-67.0,0.492
2020-02-16T00:13:01.000,24.81,-4.35,0.0,0.0,20.5,296442,10.38,-67.0,0.492
2020-02-16T00:17:03.000,24.54,-4.93,0.0,0.0,20.5,296446,9.59,-68.0,0.492
2020-02-16T00:18:03.000,24.48,-4.77,0.0,0.0,20.5,296447,9.39,-68.0,0.492
2020-02-16T00:19:04.000,24.45,-4.69,0.0,0.0,20.5,296448,9.19,-68.0,0.492
