Downloads/jupyter/ECSV/stars19/stars19_2024-02.ecsv
# %ECSV 1.0
# ---
# datatype:
# - {name: time, datatype: string}
# - {name: Enclosure Temperature, unit: deg_C, datatype: float64}
# - {name: Sky Temperature, unit: deg_C, datatype: float64}
# - {name: Frequency, unit: Hz, datatype: float64}
# - {name: MSAS, unit: mag / arcsec2, datatype: float64}
# - {name: ZP, datatype: float64}
# - {name: Sequence Number, datatype: int64}
# - {name: Sun Alt, unit: deg, datatype: float64}
# - {name: Moon Alt, unit: deg, datatype: float64}
# - {name: Moon Illumination, datatype: float64}
# delimiter: ','
# meta: !!omap
# - ida:
#     Data supplier: {affiliation: null, observer: null}
#     Device type: TESS-W
#     Field of view: 17.0
#     Filters per channel: None
#     Instrument ID: stars19
#     License: ODbL 1.0 http://opendatacommons.org/licenses/odbl/summary/
#     Local timezone: America/Phoenix
#     Location name: {country: '- Tucson', place: Tucson, region: United States, sub_region: Arizona, town: Pima County}
#     Measurement direction per channel: {azimuth: 0.0, zenital: 0.0}
#     Moving / Fixed look direction: FIXED
#     Moving / Stationary position: STATIONARY
#     Number of channels: 1
#     Number of fields per line: 8
#     Number of header lines: 35
#     Position: {height: 0.0, latitude: 32.223877, longitude: -110.767532}
#     TESS MAC address: 18:FE:34:CF:EC:06
#     TESS cover offset value: 0.0
#     TESS firmware version: '1.0'
#     TESS zero point: 20.38
#     Time Synchronization: timestamp added by MQTT subscriber
#     URL: http://www.darksky.org/NSBM/sdf1.0.pdf
# - __serialized_columns__:
#     Enclosure Temperature:
#       __class__: astropy.units.quantity.Quantity
#       unit: &id001 !astropy.units.Unit {unit: deg_C}
#       value: !astropy.table.SerializedColumn {name: Enclosure Temperature}
#     Frequency:
#       __class__: astropy.units.quantity.Quantity
#       unit: !astropy.units.Unit {unit: Hz}
#       value: !astropy.table.SerializedColumn {name: Frequency}
#     MSAS:
#       __class__: astropy.units.quantity.Quantity
#       unit: !astropy.units.Unit {unit: mag / arcsec2}
#       value: !astropy.table.SerializedColumn {name: MSAS}
#     Moon Alt:
#       __class__: astropy.units.quantity.Quantity
#       unit: &id002 !astropy.units.Unit {unit: deg}
#       value: !astropy.table.SerializedColumn {name: Moon Alt}
#     Sky Temperature:
#       __class__: astropy.units.quantity.Quantity
#       unit: *id001
#       value: !astropy.table.SerializedColumn {name: Sky Temperature}
#     Sun Alt:
#       __class__: astropy.units.quantity.Quantity
#       unit: *id002
#       value: !astropy.table.SerializedColumn {name: Sun Alt}
#     time:
#       __class__: astropy.time.core.Time
#       format: isot
#       in_subfmt: '*'
#       out_subfmt: '*'
#       precision: 3
#       scale: utc
#       value: !astropy.table.SerializedColumn {name: time}
# schema: astropy-2.0
time,Enclosure Temperature,Sky Temperature,Frequency,MSAS,ZP,Sequence Number,Sun Alt,Moon Alt,Moon Illumination
[from data line 24668]
2024-02-29T07:34:42.000,11.85,-1.77,4.51,18.75,20.38,216980,-65.52,24.0,0.808
2024-02-29T07:35:42.000,11.88,-1.68,6.16,18.41,20.38,216981,-65.52,24.0,0.808
2024-02-29T07:36:43.000,11.97,-1.66,7.81,18.15,20.38,216982,-65.52,25.0,0.808
2024-02-29T07:37:43.000,12.06,-2.36,5.99,18.44,20.38,216983,-65.51,25.0,0.808
2024-02-29T07:38:43.000,12.11,-3.44,3.65,18.98,20.38,216984,-65.51,25.0,0.808
2024-02-29T07:39:43.000,12.04,-4.39,2.83,19.25,20.38,216985,-65.5,25.0,0.808
2024-02-29T07:40:43.000,12.03,-4.83,2.71,19.3,20.38,216986,-65.49,25.0,0.808
2024-02-29T07:41:43.000,11.98,-5.3,2.33,19.46,20.38,216987,-65.48,25.0,0.808
2024-02-29T07:42:43.000,11.95,-5.82,2.22,19.51,20.38,216988,-65.46,26.0,0.808
2024-02-29T07:43:43.000,11.95,-6.06,2.5,19.39,20.38,216989,-65.44,26.0,0.808
2024-02-29T07:44:43.000,11.95,-5.9,3.16,19.13,20.38,216990,-65.42,26.0,0.808
2024-02-29T07:45:44.000,11.98,-3.96,5.37,18.59,20.38,216991,-65.4,26.0,0.808
2024-02-29T07:46:44.000,12.01,-1.6,9.24,17.97,20.38,216992,-65.38,26.0,0.808
2024-02-29T07:47:44.000,12.06,0.36,11.06,17.78,20.38,216993,-65.35,26.0,0.808
2024-02-29T07:48:44.000,12.14,1.49,13.08,17.59,20.38,216994,-65.32,27.0,0.808
2024-02-29T07:49:44.000,12.19,1.59,13.14,17.58,20.38,216995,-65.29,27.0,0.808
2024-02-29T07:50:44.000,12.2,1.19,10.86,17.79,20.38,216996,-65.26,27.0,0.808
2024-02-29T07:51:44.000,12.21,0.85,8.64,18.04,20.38,216997,-65.23,27.0,0.808
2024-02-29T07:52:44.000,12.28,1.48,9.09,17.99,20.38,216998,-65.19,27.0,0.808
2024-02-29T07:53:44.000,12.4,2.41,12.98,17.6,20.38,216999,-65.15,27.0,0.807
2024-02-29T07:54:44.000,12.48,2.69,14.31,17.49,20.38,217000,-65.11,27.0,0.807
2024-02-29T07:55:44.000,12.49,2.56,13.22,17.58,20.38,217001,-65.07,28.0,0.807
2024-02-29T07:56:45.000,12.51,2.38,13.43,17.56,20.38,217002,-65.02,28.0,0.807
2024-02-29T07:57:46.000,12.58,2.46,13.57,17.55,20.38,217003,-64.97,28.0,0.807
2024-02-29T07:58:46.000,12.68,2.54,13.82,17.53,20.38,217004,-64.92,28.0,0.807
2024-02-29T07:59:46.000,12.77,2.55,12.3,17.66,20.38,217005,-64.87,28.0,0.807
2024-02-29T08:00:46.000,12.8,2.21,12.0,17.68,20.38,217006,-64.82,28.0,0.807
2024-02-29T08:01:46.000,12.8,1.94,10.97,17.78,20.38,217007,-64.76,29.0,0.807
2024-02-29T08:03:46.000,12.87,2.14,11.82,17.7,20.38,217009,-64.65,29.0,0.807
2024-02-29T08:04:46.000,12.87,2.26,14.67,17.47,20.38,217010,-64.58,29.0,0.807
2024-02-29T08:05:46.000,12.85,2.19,14.39,17.49,20.38,217011,-64.52,29.0,0.807
2024-02-29T08:06:46.000,12.82,2.16,14.43,17.48,20.38,217012,-64.46,29.0,0.807
2024-02-29T08:07:46.000,12.82,2.12,13.49,17.56,20.38,217013,-64.39,29.0,0.807
2024-02-29T08:08:46.000,12.79,2.05,13.98,17.52,20.38,217014,-64.32,30.0,0.807
2024-02-29T08:09:46.000,12.77,2.15,13.35,17.57,20.38,217015,-64.25,30.0,0.807
2024-02-29T08:10:47.000,12.8,2.24,14.31,17.49,20.38,217016,-64.17,30.0,0.807
2024-02-29T08:12:48.000,12.87,2.26,15.09,17.43,20.38,217018,-64.02,30.0,0.806
2024-02-29T08:13:48.000,12.9,2.24,15.08,17.43,20.38,217019,-63.94,30.0,0.806
2024-02-29T08:14:48.000,12.83,1.91,14.34,17.49,20.38,217020,-63.86,30.0,0.806
2024-02-29T08:16:48.000,12.91,1.89,12.14,17.67,20.38,217022,-63.69,31.0,0.806
2024-02-29T08:17:48.000,12.98,1.53,11.76,17.63,20.38,217023,-63.61,31.0,0.806
2024-02-29T08:18:48.000,12.99,1.17,11.34,17.74,20.38,217024,-63.52,31.0,0.806
2024-02-29T08:19:48.000,12.97,0.84,11.38,17.74,20.38,217025,-63.43,31.0,0.806
2024-02-29T08:20:48.000,13.0,0.64,10.14,17.87,20.38,217026,-63.34,31.0,0.806
2024-02-29T08:21:48.000,12.98,0.19,8.41,18.07,20.38,217027,-63.25,31.0,0.806
2024-02-29T08:22:48.000,12.95,0.08,7.54,18.19,20.38,217028,-63.15,32.0,0.806
2024-02-29T08:23:48.000,13.0,-0.13,7.2,18.24,20.38,217029,-63.06,32.0,0.806
2024-02-29T08:24:49.000,13.0,-0.62,6.68,18.32,20.38,217030,-62.96,32.0,0.806
2024-02-29T08:25:49.000,13.02,-1.49,5.59,18.51,20.38,217031,-62.86,32.0,0.806
2024-02-29T08:26:49.000,13.01,-2.28,4.85,18.67,20.38,217032,-62.76,32.0,0.806
2024-02-29T08:27:49.000,12.93,-2.89,5.33,18.56,20.38,217033,-62.65,32.0,0.806
2024-02-29T08:28:49.000,12.85,-3.08,6.36,18.37,20.38,217034,-62.55,32.0,0.806
2024-02-29T08:29:49.000,12.74,-3.32,6.49,18.35,20.38,217035,-62.44,33.0,0.806
2024-02-29T08:30:49.000,12.68,-3.57,5.45,18.54,20.38,217036,-62.34,33.0,0.806
2024-02-29T08:31:49.000,12.65,-4.09,5.1,18.61,20.38,217037,-62.23,33.0,0.805
2024-02-29T08:32:49.000,12.59,-4.82,5.52,18.53,20.38,217038,-62.12,33.0,0.805
2024-02-29T08:33:49.000,12.5,-5.44,6.21,18.4,20.38,217039,-62.01,33.0,0.805
2024-02-29T08:34:49.000,12.43,-5.6,6.52,18.34,20.38,217040,-61.89,33.0,0.805
2024-02-29T08:36:49.000,12.35,-5.91,5.94,18.45,20.38,217042,-61.66,33.0,0.805
2024-02-29T08:37:49.000,12.32,-6.06,5.02,18.63,20.38,217043,-61.54,34.0,0.805
2024-02-29T08:38:49.000,12.32,-6.37,4.03,18.87,20.38,217044,-61.42,34.0,0.805
2024-02-29T08:39:49.000,12.29,-6.83,3.16,19.13,20.38,217045,-61.3,34.0,0.805
2024-02-29T08:40:50.000,12.26,-7.07,2.58,19.35,20.38,217046,-61.18,34.0,0.805
2024-02-29T08:41:50.000,12.28,-7.19,2.33,19.46,20.38,217047,-61.06,34.0,0.805
2024-02-29T08:42:50.000,12.27,-7.46,2.31,19.47,20.38,217048,-60.93,34.0,0.805
2024-02-29T08:43:50.000,12.23,-7.36,2.86,19.25,20.38,217049,-60.81,34.0,0.805
2024-02-29T08:44:50.000,12.2,-6.68,4.84,18.67,20.38,217050,-60.68,34.0,0.805
2024-02-29T08:45:50.000,12.18,-5.95,5.33,18.56,20.38,217051,-60.55,35.0,0.805
2024-02-29T08:46:50.000,12.15,-5.78,4.36,18.79,20.38,217052,-60.42,35.0,0.805
2024-02-29T08:47:50.000,12.13,-5.95,3.16,19.13,20.38,217053,-60.29,35.0,0.805
2024-02-29T08:48:50.000,12.11,-6.16,3.03,19.18,20.38,217054,-60.16,35.0,0.805
2024-02-29T08:49:50.000,12.12,-6.38,2.89,19.23,20.38,217055,-60.03,35.0,0.805
2024-02-29T08:50:50.000,12.13,-6.72,2.69,19.3,20.38,217056,-59.89,35.0,0.804
2024-02-29T08:51:50.000,12.17,-6.92,2.82,19.25,20.38,217057,-59.75,35.0,0.804
2024-02-29T08:52:50.000,12.2,-7.25,3.22,19.11,20.38,217058,-59.62,35.0,0.804
2024-02-29T08:53:50.000,12.22,-7.65,3.41,19.05,20.38,217059,-59.48,36.0,0.804
2024-02-29T08:54:50.000,12.28,-7.83,3.13,19.14,20.38,217060,-59.34,36.0,0.804
2024-02-29T08:55:50.000,12.32,-8.0,3.31,19.08,20.38,217061,-59.2,36.0,0.804
2024-02-29T08:56:51.000,12.35,-8.27,3.19,19.12,20.38,217062,-59.06,36.0,0.804
2024-02-29T08:57:51.000,12.39,-8.61,2.86,19.24,20.38,217063,-58.91,36.0,0.804
2024-02-29T08:58:51.000,12.41,-8.82,2.83,19.25,20.38,217064,-58.77,36.0,0.804
2024-02-29T08:59:51.000,12.41,-8.96,3.13,19.14,20.38,217065,-58.63,36.0,0.804
2024-02-29T09:00:51.000,12.37,-9.1,3.03,19.18,20.38,217066,-58.48,36.0,0.804
2024-02-29T09:01:51.000,12.3,-9.26,2.93,19.21,20.38,217067,-58.33,36.0,0.804
2024-02-29T09:02:51.000,12.21,-9.39,2.86,19.24,20.38,217068,-58.19,37.0,0.804
2024-02-29T09:03:51.000,12.11,-9.51,2.83,19.25,20.38,217069,-58.04,37.0,0.804
2024-02-29T09:04:51.000,12.0,-9.46,2.84,19.25,20.38,217070,-57.89,37.0,0.804
2024-02-29T09:05:51.000,11.95,-9.41,2.87,19.24,20.38,217071,-57.74,37.0,0.804
2024-02-29T09:06:51.000,11.92,-9.36,2.85,19.24,20.38,217072,-57.59,37.0,0.804
2024-02-29T09:07:51.000,11.88,-9.31,2.87,19.24,20.38,217073,-57.43,37.0,0.804
2024-02-29T09:08:51.000,11.86,-9.32,2.84,19.25,20.38,217074,-57.28,37.0,0.804
2024-02-29T09:09:51.000,11.86,-9.38,2.83,19.25,20.38,217075,-57.13,37.0,0.803
2024-02-29T09:10:52.000,11.88,-9.25,2.81,19.26,20.38,217076,-56.97,37.0,0.803
2024-02-29T09:11:52.000,11.91,-9.38,2.81,19.26,20.38,217077,-56.81,38.0,0.803
2024-02-29T09:12:53.000,11.88,-9.48,2.81,19.26,20.38,217078,-56.65,38.0,0.803
2024-02-29T09:13:53.000,11.85,-9.59,2.81,19.26,20.38,217079,-56.49,38.0,0.803
2024-02-29T09:14:53.000,11.81,-9.68,2.82,19.25,20.38,217080,-56.34,38.0,0.803
2024-02-29T09:15:53.000,11.73,-9.86,2.85,19.24,20.38,217081,-56.18,38.0,0.803
2024-02-29T09:16:53.000,11.66,-9.73,2.85,19.24,20.38,217082,-56.02,38.0,0.803
2024-02-29T09:17:53.000,11.69,-9.48,2.84,19.25,20.38,217083,-55.86,38.0,0.803
2024-02-29T09:18:53.000,11.74,-9.45,2.87,19.24,20.38,217084,-55.69,38.0,0.803
2024-02-29T09:19:54.000,11.77,-9.47,2.92,19.22,20.38,217085,-55.53,38.0,0.803
2024-02-29T09:20:54.000,11.77,-9.49,2.93,19.21,20.38,217086,-55.36,38.0,0.803
2024-02-29T09:21:54.000,11.78,-9.52,2.93,19.21,20.38,217087,-55.2,39.0,0.803
2024-02-29T09:22:54.000,11.74,-9.76,2.94,19.21,20.38,217088,-55.04,39.0,0.803
2024-02-29T09:23:54.000,11.65,-9.9,3.0,19.19,20.38,217089,-54.87,39.0,0.803
2024-02-29T09:24:54.000,11.58,-9.88,3.06,19.16,20.38,217090,-54.7,39.0,0.803
2024-02-29T09:25:54.000,11.45,-10.13,3.03,19.18,20.38,217091,-54.54,39.0,0.803
2024-02-29T09:26:54.000,11.38,-10.02,3.02,19.18,20.38,217092,-54.37,39.0,0.803
2024-02-29T09:27:54.000,11.33,-9.96,3.03,19.18,20.38,217093,-54.2,39.0,0.802
2024-02-29T09:28:55.000,11.3,-9.81,3.09,19.15,20.38,217094,-54.03,39.0,0.802
2024-02-29T09:29:55.000,11.28,-9.52,3.46,19.03,20.38,217095,-53.86,39.0,0.802
2024-02-29T09:30:55.000,11.26,-8.75,4.66,18.71,20.38,217096,-53.69,39.0,0.802
2024-02-29T09:31:55.000,11.33,-7.81,5.44,18.54,20.38,217097,-53.51,39.0,0.802
2024-02-29T09:32:55.000,11.39,-7.49,5.63,18.5,20.38,217098,-53.34,39.0,0.802
2024-02-29T09:33:55.000,11.4,-7.49,5.82,18.47,20.38,217099,-53.17,40.0,0.802
2024-02-29T09:34:55.000,11.43,-8.11,5.33,18.56,20.38,217100,-53.0,40.0,0.802
2024-02-29T09:35:56.000,11.43,-8.75,4.09,18.85,20.38,217101,-52.82,40.0,0.802
2024-02-29T09:36:56.000,11.45,-9.33,3.4,19.05,20.38,217102,-52.65,40.0,0.802
2024-02-29T09:37:56.000,11.41,-9.54,3.03,19.18,20.38,217103,-52.47,40.0,0.802
2024-02-29T09:38:56.000,11.4,-9.34,3.01,19.18,20.38,217104,-52.29,40.0,0.802
2024-02-29T09:39:56.000,11.42,-9.27,3.04,19.17,20.38,217105,-52.12,40.0,0.802
2024-02-29T09:40:56.000,11.41,-9.22,3.1,19.15,20.38,217106,-51.94,40.0,0.802
2024-02-29T09:41:56.000,11.35,-9.15,3.16,19.13,20.38,217107,-51.76,40.0,0.802
2024-02-29T09:42:56.000,11.38,-8.95,3.19,19.12,20.38,217108,-51.59,40.0,0.802
2024-02-29T09:43:57.000,11.41,-8.98,3.2,19.12,20.38,217109,-51.4,40.0,0.802
2024-02-29T09:45:57.000,11.4,-9.38,3.21,19.12,20.38,217111,-51.05,41.0,0.802
2024-02-29T09:46:57.000,11.42,-9.42,3.18,19.12,20.38,217112,-50.87,41.0,0.801
2024-02-29T09:47:57.000,11.44,-9.51,2.88,19.23,20.38,217113,-50.69,41.0,0.801
2024-02-29T09:48:57.000,11.45,-9.75,2.93,19.22,20.38,217114,-50.5,41.0,0.801
2024-02-29T09:49:57.000,11.35,-10.07,3.09,19.15,20.38,217115,-50.32,41.0,0.801
2024-02-29T09:50:57.000,11.26,-10.12,3.08,19.16,20.38,217116,-50.14,41.0,0.801
2024-02-29T09:51:57.000,11.22,-9.95,3.06,19.17,20.38,217117,-49.96,41.0,0.801
2024-02-29T09:52:57.000,11.18,-9.97,3.04,19.17,20.38,217118,-49.77,41.0,0.801
2024-02-29T09:53:57.000,11.14,-9.95,3.02,19.18,20.38,217119,-49.59,41.0,0.801
2024-02-29T09:54:57.000,11.19,-9.61,3.0,19.19,20.38,217120,-49.41,41.0,0.801
2024-02-29T09:55:57.000,11.26,-9.62,2.97,19.2,20.38,217121,-49.22,41.0,0.801
2024-02-29T09:56:58.000,11.31,-9.61,2.94,19.21,20.38,217122,-49.03,41.0,0.801
2024-02-29T09:57:57.000,11.29,-10.06,2.94,19.21,20.38,217123,-48.85,41.0,0.801
2024-02-29T09:58:58.000,11.26,-9.94,2.94,19.21,20.38,217124,-48.66,41.0,0.801
2024-02-29T09:59:58.000,11.25,-9.9,2.95,19.21,20.38,217125,-48.48,41.0,0.801
2024-02-29T10:00:58.000,11.24,-9.95,2.93,19.21,20.38,217126,-48.29,41.0,0.801
2024-02-29T10:01:58.000,11.24,-9.92,2.92,19.22,20.38,217127,-48.1,42.0,0.801
2024-02-29T10:02:58.000,11.21,-10.02,2.9,19.22,20.38,217128,-47.91,42.0,0.801
2024-02-29T10:03:58.000,11.14,-10.26,2.88,19.23,20.38,217129,-47.73,42.0,0.801
2024-02-29T10:04:58.000,11.1,-10.16,2.86,19.24,20.38,217130,-47.54,42.0,0.801
2024-02-29T10:05:58.000,11.11,-9.96,2.89,19.23,20.38,217131,-47.35,42.0,0.8
2024-02-29T10:06:58.000,11.11,-10.16,2.9,19.23,20.38,217132,-47.16,42.0,0.8
2024-02-29T10:07:58.000,11.01,-10.3,2.89,19.23,20.38,217133,-46.97,42.0,0.8
2024-02-29T10:08:58.000,10.98,-10.15,2.89,19.23,20.38,217134,-46.78,42.0,0.8
2024-02-29T10:09:58.000,10.96,-10.18,2.89,19.23,20.38,217135,-46.59,42.0,0.8
2024-02-29T10:10:59.000,11.02,-9.86,2.9,19.23,20.38,217136,-46.4,42.0,0.8
2024-02-29T10:11:59.000,11.07,-9.96,2.92,19.21,20.38,217137,-46.21,42.0,0.8
2024-02-29T10:13:00.000,11.09,-9.88,2.93,19.21,20.38,217138,-46.01,42.0,0.8
2024-02-29T10:14:00.000,11.1,-10.11,2.93,19.21,20.38,217139,-45.82,42.0,0.8
2024-02-29T10:15:00.000,11.03,-10.3,2.93,19.21,20.38,217140,-45.63,42.0,0.8
2024-02-29T10:16:00.000,10.96,-10.36,2.93,19.21,20.38,217141,-45.43,42.0,0.8
2024-02-29T10:17:00.000,10.92,-10.31,2.92,19.22,20.38,217142,-45.24,42.0,0.8
2024-02-29T10:18:00.000,10.88,-10.36,2.9,19.22,20.38,217143,-45.05,42.0,0.8
2024-02-29T10:20:06.000,10.93,-10.0,2.87,19.23,20.38,217145,-44.64,42.0,0.8
2024-02-29T10:21:05.000,10.96,-10.06,2.88,19.23,20.38,217146,-44.45,42.0,0.8
2024-02-29T10:22:06.000,10.98,-9.99,2.89,19.23,20.38,217147,-44.25,42.0,0.8
2024-02-29T10:23:06.000,11.02,-9.94,2.9,19.22,20.38,217148,-44.06,42.0,0.8
2024-02-29T10:24:06.000,11.05,-9.9,2.92,19.22,20.38,217149,-43.86,42.0,0.799
2024-02-29T10:25:06.000,11.03,-9.91,2.94,19.21,20.38,217150,-43.67,42.0,0.799
2024-02-29T10:26:07.000,11.01,-9.86,2.95,19.2,20.38,217151,-43.47,42.0,0.799
2024-02-29T10:27:06.000,11.0,-9.71,3.01,19.18,20.38,217152,-43.28,43.0,0.799
2024-02-29T10:28:06.000,11.0,-9.56,3.06,19.16,20.38,217153,-43.08,43.0,0.799
2024-02-29T10:29:07.000,11.01,-9.41,3.15,19.13,20.38,217154,-42.88,43.0,0.799
2024-02-29T10:30:07.000,11.06,-9.04,3.44,19.04,20.38,217155,-42.68,43.0,0.799
2024-02-29T10:31:07.000,11.07,-9.18,4.72,18.72,20.38,217156,-42.49,43.0,0.799
2024-02-29T10:32:07.000,11.08,-9.35,4.39,18.79,20.38,217157,-42.29,43.0,0.799
2024-02-29T10:34:07.000,10.94,-10.23,3.05,19.17,20.38,217159,-41.89,43.0,0.799
2024-02-29T10:35:07.000,10.88,-10.09,2.86,19.24,20.38,217160,-41.69,43.0,0.799
2024-02-29T10:36:08.000,10.83,-10.23,3.02,19.18,20.38,217161,-41.49,43.0,0.799
2024-02-29T10:37:08.000,10.76,-10.2,3.02,19.18,20.38,217162,-41.29,43.0,0.799
2024-02-29T10:38:07.000,10.76,-10.22,3.01,19.18,20.38,217163,-41.1,43.0,0.799
2024-02-29T10:39:07.000,10.75,-10.17,2.99,19.19,20.38,217164,-40.9,43.0,0.799
2024-02-29T10:40:08.000,10.75,-10.28,2.98,19.19,20.38,217165,-40.7,43.0,0.799
2024-02-29T10:41:08.000,10.72,-10.24,3.0,19.19,20.38,217166,-40.5,43.0,0.799
2024-02-29T10:42:08.000,10.76,-10.09,3.01,19.18,20.38,217167,-40.3,43.0,0.799
2024-02-29T10:43:08.000,10.78,-10.07,3.01,19.18,20.38,217168,-40.1,43.0,0.798
2024-02-29T10:44:08.000,10.81,-10.18,2.99,19.19,20.38,217169,-39.9,43.0,0.798
2024-02-29T10:45:08.000,10.79,-10.24,2.99,19.19,20.38,217170,-39.7,43.0,0.798
2024-02-29T10:46:08.000,10.78,-10.21,2.97,19.2,20.38,217171,-39.49,43.0,0.798
2024-02-29T10:47:08.000,10.82,-10.04,2.95,19.21,20.38,217172,-39.29,43.0,0.798
2024-02-29T10:48:08.000,10.88,-10.01,2.93,19.21,20.38,217173,-39.09,43.0,0.798
2024-02-29T10:49:08.000,10.89,-10.09,2.93,19.21,20.38,217174,-38.89,43.0,0.798
2024-02-29T10:50:08.000,10.91,-10.06,2.94,19.21,20.38,217175,-38.69,43.0,0.798
2024-02-29T10:51:08.000,10.89,-10.14,2.95,19.2,20.38,217176,-38.49,43.0,0.798
2024-02-29T10:52:08.000,10.87,-10.16,2.95,19.21,20.38,217177,-38.29,43.0,0.798
2024-02-29T10:53:08.000,10.87,-10.17,2.93,19.21,20.38,217178,-38.08,43.0,0.798
2024-02-29T10:54:09.000,10.86,-10.18,2.93,19.21,20.38,217179,-37.88,43.0,0.798
2024-02-29T10:55:08.000,10.84,-10.27,2.93,19.21,20.38,217180,-37.68,43.0,0.798
2024-02-29T10:56:09.000,10.81,-10.23,2.92,19.22,20.38,217181,-37.47,43.0,0.798
2024-02-29T10:57:09.000,10.83,-10.22,2.87,19.24,20.38,217182,-37.27,43.0,0.798
2024-02-29T10:58:09.000,10.86,-10.2,2.83,19.25,20.38,217183,-37.07,43.0,0.798
2024-02-29T10:59:09.000,10.89,-10.19,2.83,19.25,20.38,217184,-36.86,43.0,0.798
2024-02-29T11:00:09.000,10.92,-10.14,2.85,19.24,20.38,217185,-36.66,43.0,0.798
2024-02-29T11:01:09.000,10.95,-10.19,2.83,19.25,20.38,217186,-36.45,43.0,0.798
2024-02-29T11:02:09.000,10.96,-10.21,2.79,19.26,20.38,217187,-36.25,43.0,0.797
2024-02-29T11:03:09.000,10.95,-10.4,2.77,19.28,20.38,217188,-36.05,43.0,0.797
2024-02-29T11:04:09.000,10.92,-10.42,2.75,19.28,20.38,217189,-35.84,43.0,0.797
2024-02-29T11:05:09.000,10.92,-10.35,2.72,19.29,20.38,217190,-35.64,43.0,0.797
2024-02-29T11:06:09.000,10.94,-10.38,2.74,19.29,20.38,217191,-35.43,43.0,0.797
