Downloads/jupyter/ECSV/stars19/stars19_2020-11.ecsv
# %ECSV 1.0
# ---
# datatype:
# - {name: time, datatype: string}
# - {name: Enclosure Temperature, unit: deg_C, datatype: float64}
# - {name: Sky Temperature, unit: deg_C, datatype: float64}
# - {name: Frequency, unit: Hz, datatype: float64}
# - {name: MSAS, unit: mag / arcsec2, datatype: float64}
# - {name: ZP, datatype: float64}
# - {name: Sequence Number, datatype: int64}
# - {name: Sun Alt, unit: deg, datatype: float64}
# - {name: Moon Alt, unit: deg, datatype: float64}
# - {name: Moon Illumination, datatype: float64}
# delimiter: ','
# meta: !!omap
# - ida:
#     Data supplier: {affiliation: null, observer: null}
#     Device type: TESS-W
#     Field of view: 17.0
#     Filters per channel: None
#     Instrument ID: stars19
#     License: ODbL 1.0 http://opendatacommons.org/licenses/odbl/summary/
#     Local timezone: America/Phoenix
#     Location name: {country: '- Tucson', place: Tucson, region: United States, sub_region: Arizona, town: Pima County}
#     Measurement direction per channel: {azimuth: 0.0, zenital: 0.0}
#     Moving / Fixed look direction: FIXED
#     Moving / Stationary position: STATIONARY
#     Number of channels: 1
#     Number of fields per line: 8
#     Number of header lines: 35
#     Position: {height: 0.0, latitude: 32.223877, longitude: -110.767532}
#     TESS MAC address: 18:FE:34:CF:EC:06
#     TESS cover offset value: 0.0
#     TESS firmware version: '1.0'
#     TESS zero point: 20.5
#     Time Synchronization: timestamp added by MQTT subscriber
#     URL: http://www.darksky.org/NSBM/sdf1.0.pdf
# - __serialized_columns__:
#     Enclosure Temperature:
#       __class__: astropy.units.quantity.Quantity
#       unit: &id001 !astropy.units.Unit {unit: deg_C}
#       value: !astropy.table.SerializedColumn {name: Enclosure Temperature}
#     Frequency:
#       __class__: astropy.units.quantity.Quantity
#       unit: !astropy.units.Unit {unit: Hz}
#       value: !astropy.table.SerializedColumn {name: Frequency}
#     MSAS:
#       __class__: astropy.units.quantity.Quantity
#       unit: !astropy.units.Unit {unit: mag / arcsec2}
#       value: !astropy.table.SerializedColumn {name: MSAS}
#     Moon Alt:
#       __class__: astropy.units.quantity.Quantity
#       unit: &id002 !astropy.units.Unit {unit: deg}
#       value: !astropy.table.SerializedColumn {name: Moon Alt}
#     Sky Temperature:
#       __class__: astropy.units.quantity.Quantity
#       unit: *id001
#       value: !astropy.table.SerializedColumn {name: Sky Temperature}
#     Sun Alt:
#       __class__: astropy.units.quantity.Quantity
#       unit: *id002
#       value: !astropy.table.SerializedColumn {name: Sun Alt}
#     time:
#       __class__: astropy.time.core.Time
#       format: isot
#       in_subfmt: '*'
#       out_subfmt: '*'
#       precision: 3
#       scale: utc
#       value: !astropy.table.SerializedColumn {name: time}
# schema: astropy-2.0
time,Enclosure Temperature,Sky Temperature,Frequency,MSAS,ZP,Sequence Number,Sun Alt,Moon Alt,Moon Illumination
[from data line 22912]
2020-11-28T04:01:40.000,10.46,-11.64,17.33,17.28,20.5,140953,-46.73,60.0,0.955
2020-11-28T04:02:40.000,10.45,-11.71,17.14,17.29,20.5,140954,-46.94,60.0,0.955
2020-11-28T04:03:40.000,10.42,-11.76,17.07,17.3,20.5,140955,-47.15,61.0,0.955
2020-11-28T04:04:40.000,10.43,-11.61,17.38,17.28,20.5,140956,-47.36,61.0,0.955
2020-11-28T04:05:40.000,10.43,-11.76,18.12,17.23,20.5,140957,-47.57,61.0,0.955
2020-11-28T04:06:40.000,10.4,-11.7,18.53,17.21,20.5,140958,-47.78,61.0,0.955
2020-11-28T04:07:40.000,10.42,-11.61,18.66,17.2,20.5,140959,-48.0,61.0,0.955
2020-11-28T04:08:40.000,10.43,-11.65,19.01,17.18,20.5,140960,-48.21,61.0,0.955
2020-11-28T04:09:40.000,10.45,-11.64,19.41,17.16,20.5,140961,-48.42,62.0,0.955
2020-11-28T04:10:40.000,10.44,-11.68,19.77,17.14,20.5,140962,-48.63,62.0,0.955
2020-11-28T04:11:40.000,10.43,-11.68,19.87,17.13,20.5,140963,-48.84,62.0,0.955
2020-11-28T04:12:40.000,10.42,-11.72,20.04,17.13,20.5,140964,-49.05,62.0,0.955
2020-11-28T04:41:42.000,10.02,-12.07,28.17,16.76,20.5,140993,-55.15,66.0,0.956
2020-11-28T04:55:43.000,10.31,-12.2,30.19,16.68,20.5,141007,-58.07,68.0,0.956
2020-11-28T05:00:43.000,10.03,-12.3,33.63,16.56,20.5,141012,-59.11,68.0,0.957
2020-11-28T05:02:43.000,10.24,-12.45,33.86,16.56,20.5,141014,-59.52,68.0,0.957
2020-11-28T05:03:43.000,10.48,-12.46,33.89,16.56,20.5,141015,-59.73,69.0,0.957
2020-11-28T05:05:44.000,10.63,-12.37,33.73,16.56,20.5,141017,-60.14,69.0,0.957
2020-11-28T05:07:44.000,10.53,-12.45,33.89,16.56,20.5,141019,-60.55,69.0,0.957
2020-11-28T05:08:44.000,10.43,-12.46,34.05,16.55,20.5,141020,-60.76,69.0,0.957
2020-11-28T05:09:44.000,10.34,-12.41,34.12,16.55,20.5,141021,-60.96,69.0,0.957
2020-11-28T05:10:44.000,10.27,-12.3,34.03,16.55,20.5,141022,-61.17,69.0,0.957
2020-11-28T05:11:44.000,10.22,-12.26,33.8,16.56,20.5,141023,-61.37,69.0,0.957
2020-11-28T05:12:44.000,10.18,-12.22,33.69,16.56,20.5,141024,-61.58,69.0,0.957
2020-11-28T05:13:44.000,10.1,-12.33,33.48,16.57,20.5,141025,-61.78,69.0,0.957
2020-11-28T05:14:44.000,10.04,-12.29,33.36,16.57,20.5,141026,-61.98,69.0,0.957
2020-11-28T05:15:44.000,9.99,-12.44,33.2,16.58,20.5,141027,-62.19,69.0,0.957
2020-11-28T05:16:44.000,10.28,-12.46,33.3,16.57,20.5,141028,-62.39,69.0,0.957
2020-11-28T05:17:44.000,10.65,-12.42,33.32,16.57,20.5,141029,-62.59,70.0,0.957
2020-11-28T05:18:44.000,10.87,-12.34,33.18,16.58,20.5,141030,-62.8,70.0,0.957
2020-11-28T05:19:44.000,10.92,-12.3,33.04,16.58,20.5,141031,-63.0,70.0,0.957
2020-11-28T05:20:44.000,10.87,-12.34,32.93,16.59,20.5,141032,-63.2,70.0,0.957
2020-11-28T05:21:44.000,10.79,-12.3,32.81,16.59,20.5,141033,-63.4,70.0,0.957
2020-11-28T05:22:45.000,10.7,-12.28,32.78,16.59,20.5,141034,-63.61,70.0,0.957
2020-11-28T05:23:45.000,10.59,-12.29,32.85,16.59,20.5,141035,-63.81,70.0,0.957
2020-11-28T05:24:45.000,10.49,-12.19,33.03,16.58,20.5,141036,-64.01,70.0,0.957
2020-11-28T05:25:45.000,10.36,-12.43,33.18,16.58,20.5,141037,-64.21,70.0,0.957
2020-11-28T05:26:45.000,10.2,-12.49,33.24,16.58,20.5,141038,-64.41,70.0,0.957
2020-11-28T05:27:46.000,10.08,-12.36,33.29,16.57,20.5,141039,-64.62,70.0,0.957
2020-11-28T05:28:46.000,10.02,-12.34,33.27,16.57,20.5,141040,-64.82,70.0,0.957
2020-11-28T05:29:46.000,9.95,-13.04,33.1,16.58,20.5,141041,-65.02,70.0,0.957
2020-11-28T05:30:46.000,10.47,-12.63,33.02,16.58,20.5,141042,-65.22,70.0,0.957
2020-11-28T05:31:46.000,11.01,-12.58,32.95,16.59,20.5,141043,-65.42,70.0,0.957
2020-11-28T05:32:46.000,11.26,-12.61,32.85,16.59,20.5,141044,-65.61,70.0,0.957
2020-11-28T05:33:46.000,11.32,-12.54,32.69,16.59,20.5,141045,-65.81,70.0,0.957
2020-11-28T05:34:46.000,11.27,-12.53,32.82,16.59,20.5,141046,-66.01,70.0,0.957
2020-11-28T05:35:46.000,11.13,-12.46,32.44,16.6,20.5,141047,-66.21,70.0,0.957
2020-11-28T05:36:46.000,11.0,-12.48,32.26,16.61,20.5,141048,-66.4,70.0,0.957
2020-11-28T05:37:46.000,10.86,-12.45,32.04,16.62,20.5,141049,-66.6,70.0,0.958
2020-11-28T05:39:47.000,10.52,-12.54,31.34,16.64,20.5,141051,-67.0,70.0,0.958
2020-11-28T05:40:47.000,10.39,-12.5,31.01,16.65,20.5,141052,-67.19,70.0,0.958
2020-11-28T05:41:47.000,10.27,-12.51,30.74,16.66,20.5,141053,-67.39,70.0,0.958
2020-11-28T05:42:47.000,10.14,-12.48,30.54,16.67,20.5,141054,-67.58,70.0,0.958
2020-11-28T05:43:47.000,10.05,-12.44,30.32,16.68,20.5,141055,-67.77,70.0,0.958
2020-11-28T05:44:48.000,9.99,-12.53,30.14,16.68,20.5,141056,-67.97,70.0,0.958
2020-11-28T05:45:48.000,10.22,-12.73,29.96,16.69,20.5,141057,-68.16,70.0,0.958
2020-11-28T05:46:48.000,10.53,-12.74,29.79,16.69,20.5,141058,-68.36,70.0,0.958
2020-11-28T05:47:48.000,10.68,-12.64,29.76,16.7,20.5,141059,-68.55,70.0,0.958
2020-11-28T05:48:48.000,10.74,-12.48,29.42,16.71,20.5,141060,-68.74,70.0,0.958
2020-11-28T05:49:48.000,10.68,-12.57,29.11,16.72,20.5,141061,-68.93,70.0,0.958
2020-11-28T05:50:48.000,10.59,-12.55,28.82,16.73,20.5,141062,-69.12,70.0,0.958
2020-11-28T05:51:48.000,10.41,-12.92,28.56,16.74,20.5,141063,-69.31,70.0,0.958
2020-11-28T05:52:48.000,10.22,-12.69,28.31,16.75,20.5,141064,-69.5,70.0,0.958
2020-11-28T05:53:48.000,10.13,-12.47,28.07,16.76,20.5,141065,-69.69,70.0,0.958
2020-11-28T05:54:48.000,10.0,-12.65,27.88,16.77,20.5,141066,-69.87,70.0,0.958
2020-11-28T05:55:49.000,10.12,-12.88,27.72,16.77,20.5,141067,-70.06,70.0,0.958
2020-11-28T05:56:49.000,10.51,-12.7,27.6,16.78,20.5,141068,-70.25,70.0,0.958
2020-11-28T05:57:49.000,10.74,-12.73,27.43,16.78,20.5,141069,-70.43,70.0,0.958
2020-11-28T05:58:49.000,10.79,-12.71,27.32,16.79,20.5,141070,-70.62,70.0,0.958
2020-11-28T05:59:49.000,10.71,-13.0,27.23,16.79,20.5,141071,-70.8,70.0,0.958
2020-11-28T06:00:49.000,10.5,-13.16,27.15,16.8,20.5,141072,-70.98,70.0,0.958
2020-11-28T06:01:49.000,10.24,-13.27,27.14,16.8,20.5,141073,-71.17,69.0,0.958
2020-11-28T06:02:49.000,10.03,-13.1,27.13,16.8,20.5,141074,-71.35,69.0,0.958
2020-11-28T06:03:49.000,9.98,-13.28,27.14,16.8,20.5,141075,-71.53,69.0,0.958
2020-11-28T06:04:49.000,10.4,-13.26,27.25,16.79,20.5,141076,-71.71,69.0,0.958
2020-11-28T06:05:49.000,10.85,-12.99,27.36,16.79,20.5,141077,-71.89,69.0,0.958
2020-11-28T06:06:49.000,11.05,-13.16,27.47,16.78,20.5,141078,-72.06,69.0,0.958
2020-11-28T06:07:49.000,11.06,-12.97,27.53,16.79,20.5,141079,-72.24,69.0,0.958
2020-11-28T06:08:49.000,10.95,-13.11,27.74,16.77,20.5,141080,-72.42,69.0,0.958
2020-11-28T06:09:49.000,10.77,-13.17,27.9,16.77,20.5,141081,-72.59,69.0,0.958
2020-11-28T06:11:49.000,10.44,-13.06,28.25,16.75,20.5,141083,-72.94,69.0,0.958
2020-11-28T06:12:49.000,10.22,-13.01,28.47,16.74,20.5,141084,-73.11,69.0,0.958
2020-11-28T06:13:49.000,10.11,-12.88,28.74,16.73,20.5,141085,-73.28,69.0,0.958
2020-11-28T06:14:50.000,9.97,-13.04,29.02,16.72,20.5,141086,-73.45,69.0,0.958
2020-11-28T06:15:50.000,10.18,-13.03,29.44,16.71,20.5,141087,-73.61,68.0,0.959
2020-11-28T06:16:50.000,10.56,-13.11,29.82,16.69,20.5,141088,-73.78,68.0,0.959
2020-11-28T06:17:50.000,10.74,-13.22,29.94,16.69,20.5,141089,-73.95,68.0,0.959
2020-11-28T06:18:50.000,10.76,-13.14,29.91,16.69,20.5,141090,-74.11,68.0,0.959
2020-11-28T06:19:50.000,10.72,-13.12,29.81,16.69,20.5,141091,-74.27,68.0,0.959
2020-11-28T06:20:50.000,10.57,-13.16,29.6,16.7,20.5,141092,-74.43,68.0,0.959
2020-11-28T06:21:50.000,10.42,-13.19,29.36,16.71,20.5,141093,-74.59,68.0,0.959
2020-11-28T06:22:50.000,10.26,-13.18,29.05,16.72,20.5,141094,-74.75,68.0,0.959
2020-11-28T06:23:50.000,10.12,-13.2,28.88,16.73,20.5,141095,-74.9,68.0,0.959
2020-11-28T06:24:50.000,9.97,-13.19,28.48,16.74,20.5,141096,-75.06,68.0,0.959
2020-11-28T06:26:50.000,10.41,-13.58,27.86,16.77,20.5,141098,-75.36,67.0,0.959
2020-11-28T06:27:50.000,10.63,-13.41,27.58,16.78,20.5,141099,-75.51,67.0,0.959
2020-11-28T06:28:50.000,10.63,-13.37,27.32,16.79,20.5,141100,-75.66,67.0,0.959
2020-11-28T06:29:50.000,10.59,-13.1,27.07,16.8,20.5,141101,-75.8,67.0,0.959
2020-11-28T06:30:51.000,10.48,-13.32,26.82,16.81,20.5,141102,-75.95,67.0,0.959
2020-11-28T06:31:51.000,10.32,-13.34,26.56,16.82,20.5,141103,-76.09,67.0,0.959
2020-11-28T06:32:51.000,10.15,-13.28,26.29,16.83,20.5,141104,-76.22,67.0,0.959
2020-11-28T06:33:51.000,9.97,-13.33,26.22,16.83,20.5,141105,-76.36,67.0,0.959
2020-11-28T06:34:51.000,10.12,-13.44,26.09,16.84,20.5,141106,-76.49,66.0,0.959
2020-11-28T06:35:51.000,10.51,-13.5,25.97,16.84,20.5,141107,-76.63,66.0,0.959
2020-11-28T06:36:51.000,10.75,-13.56,25.76,16.85,20.5,141108,-76.76,66.0,0.959
2020-11-28T06:37:51.000,10.64,-13.73,25.53,16.86,20.5,141109,-76.88,66.0,0.959
2020-11-28T06:38:51.000,10.54,-13.05,25.39,16.87,20.5,141110,-77.01,66.0,0.959
2020-11-28T06:39:51.000,10.4,-13.05,25.34,16.87,20.5,141111,-77.13,66.0,0.959
2020-11-28T06:40:51.000,10.24,-13.08,25.36,16.87,20.5,141112,-77.25,66.0,0.959
2020-11-28T06:42:51.000,9.93,-13.29,25.47,16.86,20.5,141114,-77.48,65.0,0.959
2020-11-28T06:43:51.000,10.29,-13.41,25.57,16.86,20.5,141115,-77.59,65.0,0.959
2020-11-28T06:44:51.000,10.72,-13.29,25.66,16.86,20.5,141116,-77.69,65.0,0.959
2020-11-28T06:45:51.000,10.91,-13.18,25.72,16.85,20.5,141117,-77.8,65.0,0.959
2020-11-28T06:46:52.000,10.91,-13.09,25.78,16.85,20.5,141118,-77.9,65.0,0.959
2020-11-28T06:47:52.000,10.8,-13.31,25.86,16.85,20.5,141119,-78.0,65.0,0.959
2020-11-28T06:51:52.000,9.96,-13.33,26.93,16.8,20.5,141123,-78.35,64.0,0.959
2020-11-28T06:52:52.000,10.25,-13.49,27.66,16.78,20.5,141124,-78.43,64.0,0.959
2020-11-28T06:53:52.000,10.62,-13.39,28.43,16.75,20.5,141125,-78.51,64.0,0.96
2020-11-28T06:54:52.000,10.76,-13.44,29.25,16.71,20.5,141126,-78.58,64.0,0.96
2020-11-28T06:55:52.000,10.76,-13.34,29.99,16.69,20.5,141127,-78.65,64.0,0.96
2020-11-28T07:02:53.000,10.78,-13.5,32.06,16.62,20.5,141134,-79.02,63.0,0.96
2020-11-28T07:05:53.000,10.75,-13.42,32.3,16.61,20.5,141137,-79.11,62.0,0.96
2020-11-28T07:41:55.000,10.11,-13.66,23.45,16.95,20.5,141173,-77.19,56.0,0.961
2020-11-28T07:59:56.000,9.96,-14.16,3.93,18.9,20.5,141191,-74.67,53.0,0.961
2020-11-28T08:03:56.000,10.64,-13.91,3.88,18.91,20.5,141195,-74.03,52.0,0.961
2020-11-28T08:08:57.000,10.66,-14.28,3.82,18.92,20.5,141200,-73.19,51.0,0.961
2020-11-28T08:09:57.000,10.91,-14.09,3.82,18.92,20.5,141201,-73.02,51.0,0.961
2020-11-28T08:10:57.000,10.9,-13.99,3.79,18.93,20.5,141202,-72.85,50.0,0.961
2020-11-28T08:11:57.000,10.76,-13.9,3.79,18.93,20.5,141203,-72.68,50.0,0.962
2020-11-28T08:12:57.000,10.5,-14.13,3.79,18.93,20.5,141204,-72.5,50.0,0.962
2020-11-28T08:13:57.000,10.14,-13.98,3.77,18.94,20.5,141205,-72.33,50.0,0.962
2020-11-28T08:14:57.000,9.9,-14.01,3.77,18.94,20.5,141206,-72.15,50.0,0.962
2020-11-28T08:15:57.000,10.14,-14.25,3.76,18.94,20.5,141207,-71.97,50.0,0.962
2020-11-28T08:16:57.000,10.63,-14.24,3.75,18.94,20.5,141208,-71.8,49.0,0.962
2020-11-28T08:17:57.000,10.76,-14.57,3.74,18.95,20.5,141209,-71.62,49.0,0.962
2020-11-28T08:18:57.000,10.69,-14.09,3.73,18.95,20.5,141210,-71.44,49.0,0.962
2020-11-28T08:19:57.000,10.53,-13.94,3.72,18.95,20.5,141211,-71.26,49.0,0.962
2020-11-28T08:20:57.000,10.34,-13.84,3.71,18.96,20.5,141212,-71.07,49.0,0.962
2020-11-28T08:21:57.000,10.12,-13.93,3.7,18.96,20.5,141213,-70.89,48.0,0.962
2020-11-28T08:22:57.000,9.88,-14.06,3.7,18.96,20.5,141214,-70.71,48.0,0.962
2020-11-28T08:23:57.000,10.17,-14.33,3.7,18.96,20.5,141215,-70.53,48.0,0.962
2020-11-28T08:24:58.000,10.65,-14.32,3.69,18.96,20.5,141216,-70.34,48.0,0.962
2020-11-28T08:25:58.000,10.83,-14.03,3.67,18.97,20.5,141217,-70.15,48.0,0.962
2020-11-28T08:26:58.000,10.83,-13.94,3.65,18.97,20.5,141218,-69.97,47.0,0.962
2020-11-28T08:27:58.000,10.63,-14.22,3.66,18.97,20.5,141219,-69.78,47.0,0.962
2020-11-28T08:28:58.000,10.3,-14.21,3.66,18.97,20.5,141220,-69.59,47.0,0.962
2020-11-28T08:29:58.000,10.0,-14.13,3.65,18.98,20.5,141221,-69.4,47.0,0.962
2020-11-28T08:30:58.000,9.91,-14.22,3.64,18.98,20.5,141222,-69.21,47.0,0.962
2020-11-28T08:31:58.000,10.4,-14.17,3.62,18.98,20.5,141223,-69.02,46.0,0.962
2020-11-28T08:32:58.000,10.83,-14.2,3.61,18.98,20.5,141224,-68.83,46.0,0.962
2020-11-28T08:33:58.000,10.91,-14.22,3.61,18.99,20.5,141225,-68.64,46.0,0.962
2020-11-28T08:34:58.000,10.8,-14.13,3.59,18.99,20.5,141226,-68.45,46.0,0.962
2020-11-28T08:35:58.000,10.58,-14.21,3.6,18.99,20.5,141227,-68.26,46.0,0.962
2020-11-28T08:36:58.000,10.28,-14.25,3.6,18.99,20.5,141228,-68.07,45.0,0.962
2020-11-28T08:37:58.000,9.97,-14.06,3.59,18.99,20.5,141229,-67.87,45.0,0.962
2020-11-28T08:38:58.000,9.92,-14.31,3.58,18.99,20.5,141230,-67.68,45.0,0.962
2020-11-28T08:39:58.000,10.38,-14.46,3.56,19.0,20.5,141231,-67.49,45.0,0.962
2020-11-28T08:40:58.000,10.76,-14.27,3.55,19.0,20.5,141232,-67.29,45.0,0.962
2020-11-28T08:42:59.000,10.71,-14.29,3.54,19.01,20.5,141234,-66.9,44.0,0.962
2020-11-28T08:44:59.000,10.09,-14.43,3.53,19.01,20.5,141236,-66.51,44.0,0.962
2020-11-28T08:45:59.000,9.9,-14.13,3.52,19.01,20.5,141237,-66.31,44.0,0.962
2020-11-28T08:46:59.000,10.23,-14.34,3.51,19.02,20.5,141238,-66.11,43.0,0.962
2020-11-28T08:47:59.000,10.67,-14.22,3.5,19.02,20.5,141239,-65.91,43.0,0.962
2020-11-28T08:48:59.000,10.86,-14.26,3.5,19.02,20.5,141240,-65.72,43.0,0.962
2020-11-28T08:49:59.000,10.73,-14.58,3.49,19.02,20.5,141241,-65.52,43.0,0.962
2020-11-28T08:50:59.000,10.39,-14.63,3.49,19.02,20.5,141242,-65.32,43.0,0.962
2020-11-28T08:51:59.000,10.07,-14.27,3.48,19.03,20.5,141243,-65.12,42.0,0.963
2020-11-28T08:52:59.000,9.85,-14.44,3.47,19.03,20.5,141244,-64.92,42.0,0.963
2020-11-28T08:53:59.000,10.21,-14.71,3.46,19.03,20.5,141245,-64.72,42.0,0.963
2020-11-28T08:54:59.000,10.61,-15.27,3.46,19.03,20.5,141246,-64.52,42.0,0.963
2020-11-28T08:55:59.000,10.7,-14.52,3.45,19.04,20.5,141247,-64.32,42.0,0.963
2020-11-28T08:56:59.000,10.7,-14.3,3.44,19.04,20.5,141248,-64.12,41.0,0.963
2020-11-28T08:58:00.000,10.35,-15.18,3.44,19.04,20.5,141249,-63.92,41.0,0.963
2020-11-28T08:59:00.000,9.97,-14.42,3.43,19.04,20.5,141250,-63.71,41.0,0.963
2020-11-28T09:00:00.000,10.0,-14.37,3.42,19.04,20.5,141251,-63.51,41.0,0.963
2020-11-28T09:01:00.000,10.43,-14.84,3.41,19.05,20.5,141252,-63.31,41.0,0.963
2020-11-28T09:02:00.000,10.44,-15.58,3.4,19.05,20.5,141253,-63.11,40.0,0.963
2020-11-28T09:04:00.000,10.11,-14.41,3.39,19.05,20.5,141255,-62.7,40.0,0.963
2020-11-28T09:05:00.000,9.96,-14.32,3.39,19.06,20.5,141256,-62.5,40.0,0.963
2020-11-28T09:06:00.000,10.12,-14.46,3.37,19.06,20.5,141257,-62.3,40.0,0.963
2020-11-28T09:07:00.000,10.47,-14.59,3.36,19.06,20.5,141258,-62.09,39.0,0.963
2020-11-28T09:08:00.000,10.52,-14.6,3.36,19.07,20.5,141259,-61.89,39.0,0.963
2020-11-28T09:09:00.000,10.44,-14.19,3.35,19.07,20.5,141260,-61.69,39.0,0.963
2020-11-28T09:10:00.000,10.31,-14.25,3.34,19.07,20.5,141261,-61.48,39.0,0.963
2020-11-28T09:11:00.000,10.0,-14.44,3.33,19.07,20.5,141262,-61.28,39.0,0.963
2020-11-28T09:12:00.000,9.92,-14.49,3.32,19.08,20.5,141263,-61.07,38.0,0.963
2020-11-28T09:13:00.000,10.36,-14.58,3.31,19.08,20.5,141264,-60.87,38.0,0.963
2020-11-28T09:14:00.000,10.71,-14.5,3.3,19.08,20.5,141265,-60.66,38.0,0.963
2020-11-28T09:15:01.000,10.78,-14.38,3.29,19.09,20.5,141266,-60.45,38.0,0.963
2020-11-28T09:16:01.000,10.54,-14.73,3.28,19.09,20.5,141267,-60.25,38.0,0.963
2020-11-28T09:17:01.000,10.14,-14.73,3.28,19.09,20.5,141268,-60.04,37.0,0.963
2020-11-28T09:18:01.000,9.9,-14.36,3.27,19.09,20.5,141269,-59.84,37.0,0.963
2020-11-28T09:19:01.000,10.17,-14.79,3.26,19.1,20.5,141270,-59.63,37.0,0.963
2020-11-28T09:20:01.000,10.45,-15.18,3.26,19.1,20.5,141271,-59.42,37.0,0.963
2020-11-28T09:21:01.000,10.54,-14.61,3.25,19.1,20.5,141272,-59.22,37.0,0.963
2020-11-28T09:22:01.000,10.49,-14.27,3.24,19.1,20.5,141273,-59.01,36.0,0.963
2020-11-28T09:23:01.000,10.31,-14.11,3.23,19.11,20.5,141274,-58.81,36.0,0.963
2020-11-28T09:24:01.000,10.1,-14.06,3.22,19.11,20.5,141275,-58.6,36.0,0.963
2020-11-28T09:25:01.000,9.88,-14.27,3.22,19.11,20.5,141276,-58.39,36.0,0.963
2020-11-28T09:26:01.000,10.12,-14.61,3.21,19.11,20.5,141277,-58.18,35.0,0.963
2020-11-28T09:27:01.000,10.66,-14.51,3.21,19.12,20.5,141278,-57.98,35.0,0.963
2020-11-28T09:28:01.000,10.89,-14.82,3.2,19.12,20.5,141279,-57.77,35.0,0.963
2020-11-28T09:29:01.000,10.79,-14.6,3.19,19.12,20.5,141280,-57.56,35.0,0.963
2020-11-28T09:30:01.000,10.64,-14.39,3.19,19.12,20.5,141281,-57.35,35.0,0.963
