Downloads/jupyter/ECSV/stars19/stars19_2024-08.ecsv
# %ECSV 1.0
# ---
# datatype:
# - {name: time, datatype: string}
# - {name: Enclosure Temperature, unit: deg_C, datatype: float64}
# - {name: Sky Temperature, unit: deg_C, datatype: float64}
# - {name: Frequency, unit: Hz, datatype: float64}
# - {name: MSAS, unit: mag / arcsec2, datatype: float64}
# - {name: ZP, datatype: float64}
# - {name: Sequence Number, datatype: int64}
# - {name: Sun Alt, unit: deg, datatype: float64}
# - {name: Moon Alt, unit: deg, datatype: float64}
# - {name: Moon Illumination, datatype: float64}
# delimiter: ','
# meta: !!omap
# - ida:
#     Data supplier: {affiliation: null, observer: null}
#     Device type: TESS-W
#     Field of view: 17.0
#     Filters per channel: None
#     Instrument ID: stars19
#     License: ODbL 1.0 http://opendatacommons.org/licenses/odbl/summary/
#     Local timezone: America/Phoenix
#     Location name: {country: United States, place: Tucson, region: Arizona, sub_region: Pima County, town: Tucson}
#     Measurement direction per channel: {azimuth: 0.0, zenital: 0.0}
#     Moving / Fixed look direction: FIXED
#     Moving / Stationary position: STATIONARY
#     Number of channels: 1
#     Number of fields per line: 8
#     Number of header lines: 35
#     Position: {height: 0.0, latitude: 32.223877, longitude: -110.767532}
#     TESS MAC address: 18:FE:34:CF:EC:06
#     TESS cover offset value: 0.0
#     TESS firmware version: '1.0'
#     TESS zero point: 20.38
#     Time Synchronization: timestamp added by MQTT subscriber
#     URL: http://www.darksky.org/NSBM/sdf1.0.pdf
# - __serialized_columns__:
#     Enclosure Temperature:
#       __class__: astropy.units.quantity.Quantity
#       unit: &id001 !astropy.units.Unit {unit: deg_C}
#       value: !astropy.table.SerializedColumn {name: Enclosure Temperature}
#     Frequency:
#       __class__: astropy.units.quantity.Quantity
#       unit: !astropy.units.Unit {unit: Hz}
#       value: !astropy.table.SerializedColumn {name: Frequency}
#     MSAS:
#       __class__: astropy.units.quantity.Quantity
#       unit: !astropy.units.Unit {unit: mag / arcsec2}
#       value: !astropy.table.SerializedColumn {name: MSAS}
#     Moon Alt:
#       __class__: astropy.units.quantity.Quantity
#       unit: &id002 !astropy.units.Unit {unit: deg}
#       value: !astropy.table.SerializedColumn {name: Moon Alt}
#     Sky Temperature:
#       __class__: astropy.units.quantity.Quantity
#       unit: *id001
#       value: !astropy.table.SerializedColumn {name: Sky Temperature}
#     Sun Alt:
#       __class__: astropy.units.quantity.Quantity
#       unit: *id002
#       value: !astropy.table.SerializedColumn {name: Sun Alt}
#     time:
#       __class__: astropy.time.core.Time
#       format: isot
#       in_subfmt: '*'
#       out_subfmt: '*'
#       precision: 3
#       scale: utc
#       value: !astropy.table.SerializedColumn {name: time}
# schema: astropy-2.0
time,Enclosure Temperature,Sky Temperature,Frequency,MSAS,ZP,Sequence Number,Sun Alt,Moon Alt,Moon Illumination
[from data line 6442]
2024-08-09T11:34:11.000,24.94,14.58,10.58,17.82,20.38,156000,-14.25,-62.0,0.217
2024-08-09T11:35:11.000,24.93,14.38,10.15,17.86,20.38,156001,-14.07,-62.0,0.217
2024-08-09T11:36:11.000,24.86,14.27,9.92,17.89,20.38,156002,-13.88,-62.0,0.217
2024-08-09T11:37:12.000,24.84,14.4,10.41,17.84,20.38,156003,-13.7,-62.0,0.217
2024-08-09T11:38:12.000,24.86,14.51,10.65,17.81,20.38,156004,-13.51,-62.0,0.217
2024-08-09T11:39:12.000,24.86,14.46,10.54,17.82,20.38,156005,-13.33,-62.0,0.217
2024-08-09T11:40:12.000,24.85,14.5,10.14,17.87,20.38,156006,-13.14,-62.0,0.217
2024-08-09T11:41:13.000,24.9,14.48,9.78,17.9,20.38,156007,-12.95,-62.0,0.217
2024-08-09T11:42:13.000,24.94,14.56,9.42,17.94,20.38,156008,-12.76,-62.0,0.218
2024-08-09T11:43:13.000,24.96,14.58,9.59,17.93,20.38,156009,-12.58,-62.0,0.218
2024-08-09T11:44:13.000,24.99,14.75,9.98,17.88,20.38,156010,-12.39,-61.0,0.218
2024-08-09T11:45:13.000,25.0,14.84,10.7,17.81,20.38,156011,-12.2,-61.0,0.218
2024-08-09T11:46:14.000,25.03,15.08,11.66,17.71,20.38,156012,-12.01,-61.0,0.218
2024-08-09T11:47:14.000,25.08,15.31,12.44,17.64,20.38,156013,-11.82,-61.0,0.218
2024-08-09T11:48:14.000,25.09,15.36,13.41,17.56,20.38,156014,-11.64,-61.0,0.218
2024-08-09T11:49:14.000,25.08,15.38,14.31,17.49,20.38,156015,-11.45,-61.0,0.218
2024-08-09T11:50:14.000,25.11,15.65,14.82,17.45,20.38,156016,-11.26,-61.0,0.218
2024-08-09T11:51:15.000,25.15,15.63,15.48,17.41,20.38,156017,-11.07,-61.0,0.218
2024-08-09T11:52:15.000,25.14,15.48,15.71,17.39,20.38,156018,-10.88,-61.0,0.218
2024-08-09T11:53:15.000,25.14,15.51,16.36,17.35,20.38,156019,-10.69,-61.0,0.218
2024-08-09T11:54:15.000,25.15,15.39,16.85,17.31,20.38,156020,-10.5,-61.0,0.218
2024-08-09T11:55:16.000,25.13,15.26,17.07,17.3,20.38,156021,-10.31,-60.0,0.218
2024-08-09T11:56:16.000,25.15,15.46,16.97,17.31,20.38,156022,-10.12,-60.0,0.218
2024-08-09T12:02:17.000,25.02,15.27,25.73,16.85,20.38,156028,-8.97,-60.0,0.219
2024-08-09T12:03:17.000,25.07,15.3,26.84,16.81,20.38,156029,-8.77,-60.0,0.219
2024-08-09T12:04:17.000,25.09,15.35,30.32,16.68,20.38,156030,-8.58,-59.0,0.219
2024-08-09T12:05:18.000,25.11,15.29,35.43,16.51,20.38,156031,-8.39,-59.0,0.219
2024-08-09T12:06:18.000,25.12,15.29,40.41,16.36,20.38,156032,-8.19,-59.0,0.219
2024-08-09T12:07:18.000,25.12,15.27,46.24,16.22,20.38,156033,-8.0,-59.0,0.219
2024-08-09T12:08:18.000,25.12,15.34,53.02,16.07,20.38,156034,-7.81,-59.0,0.219
2024-08-09T12:09:18.000,25.12,15.31,65.59,15.84,20.38,156035,-7.62,-59.0,0.219
2024-08-09T12:10:19.000,25.12,15.26,90.45,15.49,20.38,156036,-7.42,-59.0,0.219
2024-08-09T12:11:19.000,25.13,15.22,107.19,15.31,20.38,156037,-7.23,-59.0,0.219
2024-08-09T12:12:19.000,25.13,15.13,134.11,15.07,20.38,156038,-7.03,-59.0,0.219
2024-08-09T12:13:19.000,25.15,15.12,171.37,14.8,20.38,156039,-6.84,-58.0,0.219
2024-08-09T12:14:20.000,25.11,14.97,200.79,14.63,20.38,156040,-6.64,-58.0,0.219
2024-08-09T12:15:20.000,25.08,14.98,271.89,14.3,20.38,156041,-6.45,-58.0,0.219
2024-08-09T12:17:20.000,25.13,14.97,376.51,13.95,20.38,156043,-6.06,-58.0,0.219
2024-08-09T12:18:20.000,25.17,15.04,582.45,13.47,20.38,156044,-5.86,-58.0,0.219
2024-08-09T12:30:22.000,25.49,14.74,12934.02,10.1,20.38,156056,-3.5,-56.0,0.22
2024-08-09T12:31:22.000,25.54,14.87,15412.13,9.91,20.38,156057,-3.3,-56.0,0.22
2024-08-09T12:33:22.000,25.53,14.82,20447.62,9.6,20.38,156059,-2.91,-56.0,0.22
2024-08-09T12:34:23.000,25.57,14.91,24146.18,9.42,20.38,156060,-2.71,-56.0,0.22
2024-08-09T12:39:23.000,25.54,14.36,58186.14,8.47,20.38,156065,-1.71,-55.0,0.221
2024-08-09T12:40:23.000,25.46,14.13,9960.93,1.3,20.38,156066,-1.51,-55.0,0.221
2024-08-09T12:41:24.000,25.38,14.1,0.0,0.0,20.38,156067,-1.31,-55.0,0.221
2024-08-09T12:48:25.000,25.47,14.06,0.0,0.0,20.38,156074,0.09,-54.0,0.221
2024-08-09T12:49:25.000,25.49,14.09,0.0,0.0,20.38,156075,0.29,-53.0,0.221
2024-08-09T12:50:25.000,25.49,14.2,0.0,0.0,20.38,156076,0.49,-53.0,0.221
2024-08-09T13:09:29.000,25.56,14.7,0.0,0.0,20.38,156095,4.35,-50.0,0.222
2024-08-09T13:10:29.000,25.57,14.84,0.0,0.0,20.38,156096,4.55,-50.0,0.222
2024-08-09T13:11:30.000,25.61,14.9,0.0,0.0,20.38,156097,4.76,-50.0,0.222
2024-08-09T13:20:31.000,25.52,14.9,0.0,0.0,20.38,156106,6.6,-48.0,0.223
2024-08-09T13:21:31.000,25.52,14.84,0.0,0.0,20.38,156107,6.81,-48.0,0.223
2024-08-09T13:22:31.000,25.54,14.92,0.0,0.0,20.38,156108,7.01,-48.0,0.223
2024-08-09T13:23:31.000,25.54,14.89,0.0,0.0,20.38,156109,7.22,-48.0,0.223
2024-08-09T13:24:31.000,25.53,14.92,0.0,0.0,20.38,156110,7.42,-48.0,0.223
2024-08-09T13:33:33.000,25.66,14.65,0.0,0.0,20.38,156119,9.28,-46.0,0.224
2024-08-09T13:34:33.000,25.64,14.67,0.0,0.0,20.38,156120,9.49,-46.0,0.224
2024-08-09T13:35:33.000,25.64,14.77,0.0,0.0,20.38,156121,9.69,-46.0,0.224
2024-08-09T13:41:34.000,26.01,15.46,0.0,0.0,20.38,156127,10.94,-45.0,0.224
2024-08-09T13:42:34.000,26.07,15.52,0.0,0.0,20.38,156128,11.14,-44.0,0.224
2024-08-09T13:43:35.000,26.16,15.59,0.0,0.0,20.38,156129,11.36,-44.0,0.224
2024-08-09T13:45:35.000,26.23,15.51,0.0,0.0,20.38,156131,11.77,-44.0,0.224
2024-08-09T13:46:35.000,26.25,15.51,0.0,0.0,20.38,156132,11.98,-44.0,0.224
2024-08-09T13:47:36.000,26.27,15.49,0.0,0.0,20.38,156133,12.19,-43.0,0.224
2024-08-09T14:10:41.000,27.18,15.68,0.0,0.0,20.38,156156,17.0,-39.0,0.226
2024-08-09T14:11:41.000,27.2,15.62,0.0,0.0,20.38,156157,17.21,-39.0,0.226
2024-08-09T14:12:41.000,27.24,15.69,0.0,0.0,20.38,156158,17.42,-39.0,0.226
2024-08-09T14:18:42.000,27.51,15.62,0.0,0.0,20.38,156164,18.68,-38.0,0.226
2024-08-09T14:26:42.000,27.87,15.62,0.0,0.0,20.38,156172,20.36,-36.0,0.227
2024-08-09T14:34:43.000,28.52,15.85,0.0,0.0,20.38,156180,22.05,-35.0,0.227
2024-08-09T14:35:43.000,28.47,15.44,0.0,0.0,20.38,156181,22.26,-34.0,0.227
2024-08-09T14:36:43.000,28.46,15.93,0.0,0.0,20.38,156182,22.47,-34.0,0.227
2024-08-09T14:48:46.000,29.45,17.37,0.0,0.0,20.38,156194,25.01,-32.0,0.228
2024-08-09T14:49:46.000,29.63,17.42,0.0,0.0,20.38,156195,25.22,-32.0,0.228
2024-08-09T14:50:46.000,29.8,17.53,0.0,0.0,20.38,156196,25.43,-31.0,0.228
2024-08-09T14:55:48.000,30.3,17.29,0.0,0.0,20.38,156201,26.5,-30.0,0.228
2024-08-09T14:59:49.000,30.54,16.11,0.0,0.0,20.38,156205,27.35,-30.0,0.228
2024-08-09T15:04:49.000,30.39,14.09,0.0,0.0,20.38,156210,28.4,-29.0,0.229
2024-08-09T15:05:50.000,30.3,13.96,0.0,0.0,20.38,156211,28.62,-28.0,0.229
2024-08-09T15:06:50.000,30.37,14.25,0.0,0.0,20.38,156212,28.83,-28.0,0.229
2024-08-09T15:28:54.000,30.61,17.07,0.0,0.0,20.38,156234,33.49,-24.0,0.23
2024-08-09T15:29:55.000,30.71,17.44,0.0,0.0,20.38,156235,33.71,-24.0,0.23
2024-08-09T15:30:55.000,30.81,17.54,0.0,0.0,20.38,156236,33.92,-23.0,0.23
2024-08-09T15:32:55.000,30.99,18.5,0.0,0.0,20.38,156238,34.34,-23.0,0.23
2024-08-09T15:33:56.000,30.96,17.85,0.0,0.0,20.38,156239,34.56,-23.0,0.23
2024-08-09T15:34:56.000,30.85,18.5,0.0,0.0,20.38,156240,34.77,-23.0,0.23
2024-08-09T15:39:57.000,30.89,19.91,0.0,0.0,20.38,156245,35.83,-22.0,0.231
2024-08-09T15:40:57.000,30.8,19.05,0.0,0.0,20.38,156246,36.04,-21.0,0.231
2024-08-09T15:41:57.000,30.63,19.36,0.0,0.0,20.38,156247,36.25,-21.0,0.231
2024-08-09T15:49:58.000,31.04,20.27,0.0,0.0,20.38,156255,37.94,-20.0,0.231
2024-08-09T15:50:59.000,31.22,20.83,0.0,0.0,20.38,156256,38.15,-19.0,0.231
2024-08-09T15:51:59.000,31.43,20.87,0.0,0.0,20.38,156257,38.36,-19.0,0.231
2024-08-09T15:52:59.000,31.55,20.88,0.0,0.0,20.38,156258,38.57,-19.0,0.231
2024-08-09T15:53:59.000,31.67,20.88,0.0,0.0,20.38,156259,38.78,-19.0,0.231
2024-08-09T15:55:01.000,31.6,20.43,0.0,0.0,20.38,156260,39.0,-19.0,0.231
2024-08-09T16:00:02.000,31.87,20.32,0.0,0.0,20.38,156265,40.06,-18.0,0.232
2024-08-09T16:01:02.000,31.71,20.23,0.0,0.0,20.38,156266,40.27,-17.0,0.232
2024-08-09T16:02:02.000,31.59,20.05,0.0,0.0,20.38,156267,40.47,-17.0,0.232
2024-08-09T16:04:03.000,31.21,19.7,0.0,0.0,20.38,156269,40.9,-17.0,0.232
2024-08-09T16:05:03.000,31.31,20.48,0.0,0.0,20.38,156270,41.11,-17.0,0.232
2024-08-09T16:06:03.000,31.38,20.26,0.0,0.0,20.38,156271,41.32,-16.0,0.232
2024-08-09T16:10:04.000,31.53,20.08,0.0,0.0,20.38,156275,42.16,-16.0,0.232
2024-08-09T16:11:04.000,31.6,20.26,0.0,0.0,20.38,156276,42.37,-15.0,0.232
2024-08-09T16:18:06.000,31.62,20.28,0.0,0.0,20.38,156283,43.84,-14.0,0.233
2024-08-09T16:19:06.000,31.71,20.35,0.0,0.0,20.38,156284,44.05,-14.0,0.233
2024-08-09T16:20:06.000,31.69,20.18,0.0,0.0,20.38,156285,44.25,-13.0,0.233
2024-08-09T16:29:08.000,33.0,20.75,0.0,0.0,20.38,156294,46.13,-12.0,0.233
2024-08-09T16:30:09.000,33.05,21.11,0.0,0.0,20.38,156295,46.34,-11.0,0.233
2024-08-09T16:31:09.000,33.28,21.47,0.0,0.0,20.38,156296,46.55,-11.0,0.233
2024-08-09T16:35:10.000,34.2,21.44,0.0,0.0,20.38,156300,47.38,-10.0,0.234
2024-08-09T16:36:10.000,34.36,21.42,0.0,0.0,20.38,156301,47.58,-10.0,0.234
2024-08-09T16:37:10.000,34.49,21.38,0.0,0.0,20.38,156302,47.79,-10.0,0.234
2024-08-09T16:45:12.000,36.67,22.06,0.0,0.0,20.38,156310,49.44,-8.0,0.234
2024-08-09T16:46:12.000,37.07,22.7,0.0,0.0,20.38,156311,49.65,-8.0,0.234
2024-08-09T16:47:13.000,37.14,21.88,0.0,0.0,20.38,156312,49.85,-8.0,0.234
2024-08-09T16:54:13.000,38.87,23.89,0.0,0.0,20.38,156319,51.28,-7.0,0.235
2024-08-09T16:56:14.000,39.74,23.01,0.0,0.0,20.38,156321,51.69,-6.0,0.235
2024-08-09T16:57:14.000,39.84,21.7,0.0,0.0,20.38,156322,51.89,-6.0,0.235
2024-08-09T16:58:14.000,39.98,21.87,0.0,0.0,20.38,156323,52.09,-6.0,0.235
2024-08-09T17:01:15.000,40.7,22.12,0.0,0.0,20.38,156326,52.7,-5.0,0.235
2024-08-09T17:02:15.000,40.99,22.65,0.0,0.0,20.38,156327,52.9,-5.0,0.235
2024-08-09T17:03:15.000,41.35,23.27,0.0,0.0,20.38,156328,53.1,-5.0,0.235
2024-08-09T17:13:16.000,44.41,25.3,0.0,0.0,20.38,156338,55.1,-3.0,0.236
2024-08-09T17:14:17.000,44.81,25.43,0.0,0.0,20.38,156339,55.3,-2.0,0.236
2024-08-09T17:15:17.000,45.07,25.22,0.0,0.0,20.38,156340,55.5,-2.0,0.236
2024-08-09T17:36:21.000,48.22,26.51,0.0,0.0,20.38,156361,59.58,2.0,0.237
2024-08-09T17:37:22.000,48.15,25.8,0.0,0.0,20.38,156362,59.77,2.0,0.237
2024-08-09T17:38:22.000,48.01,25.98,0.0,0.0,20.38,156363,59.96,2.0,0.237
2024-08-09T17:40:22.000,48.13,26.72,0.0,0.0,20.38,156365,60.33,3.0,0.237
2024-08-09T17:41:22.000,48.25,26.23,0.0,0.0,20.38,156366,60.52,3.0,0.237
2024-08-09T17:42:23.000,48.06,25.56,0.0,0.0,20.38,156367,60.71,3.0,0.237
2024-08-09T17:48:24.000,46.82,24.75,0.0,0.0,20.38,156373,61.82,4.0,0.238
2024-08-09T17:49:24.000,46.92,25.69,0.0,0.0,20.38,156374,62.0,5.0,0.238
2024-08-09T17:50:24.000,47.06,25.98,0.0,0.0,20.38,156375,62.18,5.0,0.238
2024-08-09T17:52:25.000,47.18,25.91,0.0,0.0,20.38,156377,62.55,5.0,0.238
2024-08-09T17:53:25.000,47.31,26.01,0.0,0.0,20.38,156378,62.72,5.0,0.238
2024-08-09T17:54:25.000,47.53,26.18,0.0,0.0,20.38,156379,62.9,6.0,0.238
2024-08-09T17:56:28.000,47.73,25.97,0.0,0.0,20.38,156381,63.27,6.0,0.238
2024-08-09T17:57:28.000,47.82,26.37,0.0,0.0,20.38,156382,63.44,6.0,0.238
2024-08-09T17:58:28.000,48.02,26.38,0.0,0.0,20.38,156383,63.62,6.0,0.238
2024-08-09T18:00:28.000,48.09,26.12,0.0,0.0,20.38,156385,63.97,7.0,0.238
2024-08-09T18:01:29.000,47.99,25.6,0.0,0.0,20.38,156386,64.15,7.0,0.238
2024-08-09T18:02:29.000,47.75,25.44,0.0,0.0,20.38,156387,64.32,7.0,0.238
2024-08-09T18:03:29.000,47.67,25.64,0.0,0.0,20.38,156388,64.49,7.0,0.239
2024-08-09T18:04:29.000,47.91,26.48,0.0,0.0,20.38,156389,64.66,8.0,0.239
2024-08-09T18:05:30.000,48.21,27.05,0.0,0.0,20.38,156390,64.83,8.0,0.239
2024-08-09T18:12:31.000,48.89,26.67,0.0,0.0,20.38,156397,66.0,9.0,0.239
2024-08-09T18:13:31.000,49.03,26.4,0.0,0.0,20.38,156398,66.16,9.0,0.239
2024-08-09T18:14:31.000,49.03,26.63,0.0,0.0,20.38,156399,66.33,10.0,0.239
2024-08-09T18:20:33.000,49.6,27.01,0.0,0.0,20.38,156405,67.28,11.0,0.239
2024-08-09T18:21:33.000,49.38,25.87,0.0,0.0,20.38,156406,67.43,11.0,0.24
2024-08-09T18:22:33.000,49.14,25.91,0.0,0.0,20.38,156407,67.58,11.0,0.24
2024-08-09T18:24:33.000,49.1,26.3,0.0,0.0,20.38,156409,67.88,12.0,0.24
2024-08-09T18:25:34.000,49.2,26.55,0.0,0.0,20.38,156410,68.03,12.0,0.24
2024-08-09T18:26:34.000,49.29,26.81,0.0,0.0,20.38,156411,68.18,12.0,0.24
2024-08-09T18:28:34.000,49.62,26.91,0.0,0.0,20.38,156413,68.47,12.0,0.24
2024-08-09T18:29:35.000,49.48,26.07,0.0,0.0,20.38,156414,68.61,13.0,0.24
2024-08-09T18:30:35.000,49.43,26.45,0.0,0.0,20.38,156415,68.75,13.0,0.24
2024-08-09T18:33:35.000,49.86,27.68,0.0,0.0,20.38,156418,69.17,13.0,0.24
2024-08-09T18:39:36.000,48.23,25.81,0.0,0.0,20.38,156424,69.96,14.0,0.241
2024-08-09T18:40:37.000,47.65,24.72,0.0,0.0,20.38,156425,70.08,15.0,0.241
2024-08-09T18:44:37.000,45.7,24.23,0.0,0.0,20.38,156429,70.56,15.0,0.241
2024-08-09T18:45:38.000,45.34,24.03,0.0,0.0,20.38,156430,70.68,16.0,0.241
2024-08-09T18:46:38.000,44.98,24.37,0.0,0.0,20.38,156431,70.79,16.0,0.241
2024-08-09T18:57:40.000,43.2,23.84,0.0,0.0,20.38,156442,71.9,18.0,0.242
2024-08-09T18:58:40.000,43.12,24.33,0.0,0.0,20.38,156443,71.99,18.0,0.242
2024-08-09T18:59:40.000,43.04,24.08,0.0,0.0,20.38,156444,72.07,18.0,0.242
2024-08-09T19:03:41.000,42.56,23.86,0.0,0.0,20.38,156448,72.38,19.0,0.242
2024-08-09T19:04:41.000,42.41,23.77,0.0,0.0,20.38,156449,72.46,19.0,0.242
2024-08-09T19:05:41.000,42.24,23.84,0.0,0.0,20.38,156450,72.52,19.0,0.242
2024-08-09T19:27:50.000,41.71,25.54,0.0,0.0,20.38,156472,73.31,24.0,0.243
2024-08-09T19:28:50.000,42.0,24.88,0.0,0.0,20.38,156473,73.31,24.0,0.243
2024-08-09T19:29:50.000,42.09,23.32,0.0,0.0,20.38,156474,73.3,24.0,0.243
2024-08-09T19:33:51.000,44.79,28.8,0.0,0.0,20.38,156478,73.26,25.0,0.244
2024-08-09T19:34:51.000,45.55,28.35,0.0,0.0,20.38,156479,73.24,25.0,0.244
2024-08-09T19:35:51.000,46.32,29.21,0.0,0.0,20.38,156480,73.22,25.0,0.244
2024-08-09T19:38:52.000,48.25,29.64,0.0,0.0,20.38,156483,73.14,26.0,0.244
2024-08-09T19:39:52.000,48.71,29.17,0.0,0.0,20.38,156484,73.1,26.0,0.244
2024-08-09T19:40:53.000,49.21,30.0,0.0,0.0,20.38,156485,73.07,26.0,0.244
2024-08-09T19:44:54.000,48.89,23.64,0.0,0.0,20.38,156489,72.89,27.0,0.244
2024-08-09T19:45:54.000,48.37,24.56,0.0,0.0,20.38,156490,72.84,27.0,0.244
2024-08-09T19:46:55.000,48.31,25.21,0.0,0.0,20.38,156491,72.78,27.0,0.244
2024-08-09T19:49:55.000,47.77,25.5,0.0,0.0,20.38,156494,72.61,28.0,0.245
2024-08-09T19:50:55.000,47.77,24.42,0.0,0.0,20.38,156495,72.54,28.0,0.245
2024-08-09T19:51:56.000,47.28,23.14,0.0,0.0,20.38,156496,72.47,28.0,0.245
2024-08-09T19:53:56.000,46.87,25.38,0.0,0.0,20.38,156498,72.33,28.0,0.245
2024-08-09T19:54:56.000,47.02,25.11,0.0,0.0,20.38,156499,72.25,28.0,0.245
2024-08-09T19:55:56.000,47.71,28.79,0.0,0.0,20.38,156500,72.17,29.0,0.245
2024-08-09T19:57:57.000,47.91,23.61,0.0,0.0,20.38,156502,72.01,29.0,0.245
2024-08-09T20:00:58.000,49.11,29.37,0.0,0.0,20.38,156505,71.74,29.0,0.245
2024-08-09T20:01:58.000,49.23,26.77,0.0,0.0,20.38,156506,71.65,30.0,0.245
2024-08-09T20:02:58.000,48.87,25.75,0.0,0.0,20.38,156507,71.55,30.0,0.245
2024-08-09T20:03:58.000,49.05,27.27,0.0,0.0,20.38,156508,71.45,30.0,0.245
2024-08-09T20:05:59.000,49.11,25.89,0.0,0.0,20.38,156510,71.25,30.0,0.245
2024-08-09T20:07:00.000,48.93,25.7,0.0,0.0,20.38,156511,71.14,30.0,0.245
2024-08-09T20:08:00.000,48.8,25.5,0.0,0.0,20.38,156512,71.04,31.0,0.246
2024-08-09T20:20:03.000,49.68,26.44,0.0,0.0,20.38,156524,69.59,33.0,0.246
2024-08-09T20:21:03.000,49.62,26.66,0.0,0.0,20.38,156525,69.46,33.0,0.246
2024-08-09T20:22:03.000,49.68,26.77,0.0,0.0,20.38,156526,69.33,33.0,0.246
2024-08-09T20:34:05.000,46.55,23.47,0.0,0.0,20.38,156538,67.61,35.0,0.247
2024-08-09T20:35:05.000,46.34,23.27,0.0,0.0,20.38,156539,67.46,35.0,0.247
2024-08-09T20:36:05.000,46.09,23.51,0.0,0.0,20.38,156540,67.3,35.0,0.247
2024-08-09T20:37:06.000,45.94,23.65,0.0,0.0,20.38,156541,67.15,35.0,0.247
2024-08-09T20:38:06.000,45.77,23.54,0.0,0.0,20.38,156542,66.99,35.0,0.247
2024-08-09T20:40:06.000,45.39,23.13,0.0,0.0,20.38,156544,66.68,36.0,0.247
2024-08-09T20:41:06.000,45.63,26.82,0.0,0.0,20.38,156545,66.52,36.0,0.247
2024-08-09T20:42:07.000,46.86,29.11,0.0,0.0,20.38,156546,66.36,36.0,0.247
2024-08-09T20:52:09.000,50.75,28.43,0.0,0.0,20.38,156556,64.69,38.0,0.248
2024-08-09T20:53:09.000,51.19,28.99,0.0,0.0,20.38,156557,64.52,38.0,0.248
2024-08-09T20:54:10.000,51.34,27.33,0.0,0.0,20.38,156558,64.35,38.0,0.248
