Downloads/jupyter/ECSV/stars19/stars19_2021-03.ecsv
# %ECSV 1.0
# ---
# datatype:
# - {name: time, datatype: string}
# - {name: Enclosure Temperature, unit: deg_C, datatype: float64}
# - {name: Sky Temperature, unit: deg_C, datatype: float64}
# - {name: Frequency, unit: Hz, datatype: float64}
# - {name: MSAS, unit: mag / arcsec2, datatype: float64}
# - {name: ZP, datatype: float64}
# - {name: Sequence Number, datatype: int64}
# - {name: Sun Alt, unit: deg, datatype: float64}
# - {name: Moon Alt, unit: deg, datatype: float64}
# - {name: Moon Illumination, datatype: float64}
# delimiter: ','
# meta: !!omap
# - ida:
#     Data supplier: {affiliation: null, observer: null}
#     Device type: TESS-W
#     Field of view: 17.0
#     Filters per channel: None
#     Instrument ID: stars19
#     License: ODbL 1.0 http://opendatacommons.org/licenses/odbl/summary/
#     Local timezone: America/Phoenix
#     Location name: {country: '- Tucson', place: Tucson, region: United States, sub_region: Arizona, town: Pima County}
#     Measurement direction per channel: {azimuth: 0.0, zenital: 0.0}
#     Moving / Fixed look direction: FIXED
#     Moving / Stationary position: STATIONARY
#     Number of channels: 1
#     Number of fields per line: 8
#     Number of header lines: 35
#     Position: {height: 0.0, latitude: 32.223877, longitude: -110.767532}
#     TESS MAC address: 18:FE:34:CF:EC:06
#     TESS cover offset value: 0.0
#     TESS firmware version: '1.0'
#     TESS zero point: 20.5
#     Time Synchronization: timestamp added by MQTT subscriber
#     URL: http://www.darksky.org/NSBM/sdf1.0.pdf
# - __serialized_columns__:
#     Enclosure Temperature:
#       __class__: astropy.units.quantity.Quantity
#       unit: &id001 !astropy.units.Unit {unit: deg_C}
#       value: !astropy.table.SerializedColumn {name: Enclosure Temperature}
#     Frequency:
#       __class__: astropy.units.quantity.Quantity
#       unit: !astropy.units.Unit {unit: Hz}
#       value: !astropy.table.SerializedColumn {name: Frequency}
#     MSAS:
#       __class__: astropy.units.quantity.Quantity
#       unit: !astropy.units.Unit {unit: mag / arcsec2}
#       value: !astropy.table.SerializedColumn {name: MSAS}
#     Moon Alt:
#       __class__: astropy.units.quantity.Quantity
#       unit: &id002 !astropy.units.Unit {unit: deg}
#       value: !astropy.table.SerializedColumn {name: Moon Alt}
#     Sky Temperature:
#       __class__: astropy.units.quantity.Quantity
#       unit: *id001
#       value: !astropy.table.SerializedColumn {name: Sky Temperature}
#     Sun Alt:
#       __class__: astropy.units.quantity.Quantity
#       unit: *id002
#       value: !astropy.table.SerializedColumn {name: Sun Alt}
#     time:
#       __class__: astropy.time.core.Time
#       format: isot
#       in_subfmt: '*'
#       out_subfmt: '*'
#       precision: 3
#       scale: utc
#       value: !astropy.table.SerializedColumn {name: time}
# schema: astropy-2.0
time,Enclosure Temperature,Sky Temperature,Frequency,MSAS,ZP,Sequence Number,Sun Alt,Moon Alt,Moon Illumination
[from data line 4491]
2021-03-06T08:32:22.000,15.71,-9.18,1.03,20.35,20.5,54701,-60.06,-3.0,0.468
2021-03-06T08:33:23.000,15.69,-9.1,1.02,20.35,20.5,54702,-59.95,-3.0,0.468
2021-03-06T08:34:24.000,15.69,-8.93,1.02,20.35,20.5,54703,-59.84,-3.0,0.468
2021-03-06T08:35:24.000,15.73,-8.95,1.02,20.35,20.5,54704,-59.73,-3.0,0.468
2021-03-06T08:36:24.000,15.76,-9.02,1.02,20.35,20.5,54705,-59.62,-3.0,0.468
2021-03-06T08:37:24.000,15.76,-9.01,1.02,20.36,20.5,54706,-59.51,-2.0,0.468
2021-03-06T08:39:24.000,15.84,-8.9,1.03,20.35,20.5,54708,-59.28,-2.0,0.468
2021-03-06T08:43:25.000,15.99,-8.85,1.03,20.34,20.5,54712,-58.8,-1.0,0.467
2021-03-06T08:44:25.000,16.01,-8.91,1.04,20.34,20.5,54713,-58.68,-1.0,0.467
2021-03-06T08:45:26.000,16.03,-8.92,1.04,20.34,20.5,54714,-58.55,-1.0,0.467
2021-03-06T08:46:26.000,16.02,-8.95,1.04,20.34,20.5,54715,-58.43,-1.0,0.467
2021-03-06T08:47:26.000,16.02,-9.01,1.04,20.34,20.5,54716,-58.3,-1.0,0.467
2021-03-06T08:49:26.000,15.96,-9.29,1.05,20.33,20.5,54718,-58.05,-0.0,0.467
2021-03-06T08:50:27.000,15.94,-9.2,1.05,20.33,20.5,54719,-57.92,-0.0,0.467
2021-03-06T08:52:27.000,15.87,-9.25,1.05,20.32,20.5,54721,-57.66,0.0,0.467
2021-03-06T08:53:27.000,15.84,-9.18,1.06,20.32,20.5,54722,-57.53,0.0,0.467
2021-03-06T08:54:27.000,15.82,-9.17,1.08,20.3,20.5,54723,-57.39,1.0,0.467
2021-03-06T08:55:28.000,15.82,-9.13,1.07,20.3,20.5,54724,-57.26,1.0,0.466
2021-03-06T08:58:28.000,15.79,-9.12,1.08,20.3,20.5,54727,-56.84,1.0,0.466
2021-03-06T09:01:29.000,15.76,-9.13,1.09,20.29,20.5,54730,-56.42,2.0,0.466
2021-03-06T09:03:29.000,15.71,-9.29,1.09,20.28,20.5,54732,-56.14,2.0,0.466
2021-03-06T09:05:30.000,15.69,-9.21,1.1,20.28,20.5,54734,-55.85,3.0,0.466
2021-03-06T09:07:34.000,15.67,-9.35,1.11,20.27,20.5,54736,-55.54,3.0,0.466
2021-03-06T09:08:35.000,15.62,-9.43,1.11,20.27,20.5,54737,-55.39,3.0,0.465
2021-03-06T09:09:35.000,15.55,-9.49,1.11,20.27,20.5,54738,-55.24,3.0,0.465
2021-03-06T09:10:35.000,15.51,-9.45,1.11,20.26,20.5,54739,-55.09,3.0,0.465
2021-03-06T09:11:36.000,15.5,-9.42,1.11,20.26,20.5,54740,-54.94,4.0,0.465
2021-03-06T09:12:36.000,15.45,-9.42,1.12,20.26,20.5,54741,-54.79,4.0,0.465
2021-03-06T09:13:36.000,15.39,-9.46,1.12,20.26,20.5,54742,-54.64,4.0,0.465
2021-03-06T09:14:36.000,15.37,-9.39,1.12,20.26,20.5,54743,-54.48,4.0,0.465
2021-03-06T09:15:36.000,15.34,-9.4,1.12,20.25,20.5,54744,-54.33,4.0,0.465
2021-03-06T09:17:37.000,15.28,-9.41,1.13,20.25,20.5,54746,-54.01,5.0,0.465
2021-03-06T09:18:37.000,15.23,-9.38,1.13,20.25,20.5,54747,-53.86,5.0,0.465
2021-03-06T09:19:37.000,15.22,-9.32,1.13,20.25,20.5,54748,-53.7,5.0,0.465
2021-03-06T09:20:37.000,15.18,-9.3,1.13,20.25,20.5,54749,-53.54,5.0,0.465
2021-03-06T09:21:38.000,15.16,-9.38,1.13,20.24,20.5,54750,-53.38,5.0,0.464
2021-03-06T09:22:38.000,15.13,-9.44,1.14,20.24,20.5,54751,-53.22,6.0,0.464
2021-03-06T09:23:38.000,15.1,-9.42,1.14,20.24,20.5,54752,-53.06,6.0,0.464
2021-03-06T09:24:38.000,15.09,-9.49,1.14,20.24,20.5,54753,-52.9,6.0,0.464
2021-03-06T09:25:39.000,15.05,-9.42,1.14,20.24,20.5,54754,-52.73,6.0,0.464
2021-03-06T09:26:39.000,15.0,-9.49,1.14,20.23,20.5,54755,-52.57,6.0,0.464
2021-03-06T09:27:39.000,14.98,-9.42,1.14,20.23,20.5,54756,-52.41,6.0,0.464
2021-03-06T09:28:39.000,14.96,-9.58,1.15,20.23,20.5,54757,-52.24,7.0,0.464
2021-03-06T09:29:39.000,14.94,-9.62,1.15,20.23,20.5,54758,-52.08,7.0,0.464
2021-03-06T09:30:40.000,14.9,-9.64,1.15,20.23,20.5,54759,-51.91,7.0,0.464
2021-03-06T09:31:40.000,14.86,-9.61,1.15,20.23,20.5,54760,-51.74,7.0,0.464
2021-03-06T09:34:40.000,14.83,-9.39,1.15,20.22,20.5,54763,-51.24,8.0,0.463
2021-03-06T09:37:41.000,14.76,-9.4,1.16,20.22,20.5,54766,-50.73,8.0,0.463
2021-03-06T09:55:42.000,14.46,-9.48,1.18,20.2,20.5,54784,-47.56,11.0,0.462
2021-03-06T10:03:43.000,14.43,-9.3,1.2,20.18,20.5,54792,-46.09,12.0,0.461
2021-03-06T10:05:43.000,14.43,-9.42,1.21,20.18,20.5,54794,-45.72,13.0,0.461
2021-03-06T10:06:44.000,14.34,-9.66,1.21,20.18,20.5,54795,-45.54,13.0,0.461
2021-03-06T10:11:45.000,14.08,-9.8,1.22,20.16,20.5,54800,-44.6,14.0,0.461
2021-03-06T10:12:45.000,14.07,-9.63,1.22,20.16,20.5,54801,-44.41,14.0,0.46
2021-03-06T10:13:45.000,14.06,-9.57,1.23,20.16,20.5,54802,-44.22,14.0,0.46
2021-03-06T10:14:45.000,14.06,-9.54,1.23,20.16,20.5,54803,-44.03,14.0,0.46
2021-03-06T10:15:45.000,14.06,-9.46,1.23,20.16,20.5,54804,-43.84,14.0,0.46
2021-03-06T10:18:53.000,14.05,-9.51,1.24,20.15,20.5,54807,-43.25,15.0,0.46
2021-03-06T10:20:53.000,13.84,-10.22,1.25,20.14,20.5,54809,-42.87,15.0,0.46
2021-03-06T10:21:54.000,13.79,-9.99,1.25,20.14,20.5,54810,-42.67,15.0,0.46
2021-03-06T10:22:54.000,13.82,-9.98,1.25,20.14,20.5,54811,-42.48,15.0,0.46
2021-03-06T10:23:54.000,13.82,-9.87,1.25,20.13,20.5,54812,-42.29,15.0,0.46
2021-03-06T10:24:54.000,13.79,-9.92,1.26,20.13,20.5,54813,-42.1,15.0,0.46
2021-03-06T10:25:55.000,13.75,-9.85,1.26,20.13,20.5,54814,-41.9,16.0,0.459
2021-03-06T10:26:55.000,13.73,-9.66,1.26,20.13,20.5,54815,-41.71,16.0,0.459
2021-03-06T10:27:55.000,13.74,-9.53,1.26,20.12,20.5,54816,-41.52,16.0,0.459
2021-03-06T10:28:55.000,13.77,-9.36,1.27,20.12,20.5,54817,-41.32,16.0,0.459
2021-03-06T10:29:55.000,13.79,-9.51,1.27,20.12,20.5,54818,-41.13,16.0,0.459
2021-03-06T10:30:56.000,13.82,-9.45,1.28,20.12,20.5,54819,-40.93,16.0,0.459
2021-03-06T10:31:56.000,13.88,-9.44,1.28,20.11,20.5,54820,-40.74,17.0,0.459
2021-03-06T10:32:56.000,13.91,-9.47,1.28,20.11,20.5,54821,-40.54,17.0,0.459
2021-03-06T10:34:56.000,13.97,-9.52,1.29,20.11,20.5,54823,-40.15,17.0,0.459
2021-03-06T10:35:56.000,14.0,-9.41,1.29,20.11,20.5,54824,-39.96,17.0,0.459
2021-03-06T10:36:56.000,14.03,-9.39,1.29,20.1,20.5,54825,-39.76,17.0,0.459
2021-03-06T10:37:57.000,14.03,-9.51,1.29,20.1,20.5,54826,-39.56,17.0,0.459
2021-03-06T10:38:57.000,14.04,-9.53,1.3,20.1,20.5,54827,-39.36,18.0,0.458
2021-03-06T10:39:57.000,14.03,-9.62,1.3,20.1,20.5,54828,-39.17,18.0,0.458
2021-03-06T10:40:57.000,14.01,-9.62,1.3,20.1,20.5,54829,-38.97,18.0,0.458
2021-03-06T10:41:57.000,13.98,-9.85,1.3,20.09,20.5,54830,-38.77,18.0,0.458
2021-03-06T10:42:57.000,13.94,-9.89,1.3,20.09,20.5,54831,-38.58,18.0,0.458
2021-03-06T10:43:58.000,13.88,-10.03,1.31,20.09,20.5,54832,-38.37,18.0,0.458
2021-03-06T10:44:58.000,13.83,-9.93,1.31,20.09,20.5,54833,-38.18,18.0,0.458
2021-03-06T10:45:58.000,13.79,-9.97,1.31,20.09,20.5,54834,-37.98,19.0,0.458
2021-03-06T10:46:58.000,13.75,-10.04,1.32,20.08,20.5,54835,-37.78,19.0,0.458
2021-03-06T10:47:58.000,13.72,-10.02,1.32,20.08,20.5,54836,-37.58,19.0,0.458
2021-03-06T10:48:59.000,13.7,-10.0,1.32,20.08,20.5,54837,-37.38,19.0,0.458
2021-03-06T10:49:59.000,13.7,-9.91,1.33,20.07,20.5,54838,-37.18,19.0,0.458
2021-03-06T10:50:59.000,13.65,-10.02,1.33,20.07,20.5,54839,-36.98,19.0,0.457
2021-03-06T10:51:59.000,13.6,-10.1,1.33,20.07,20.5,54840,-36.78,19.0,0.457
2021-03-06T10:52:59.000,13.56,-10.11,1.33,20.07,20.5,54841,-36.58,19.0,0.457
2021-03-06T10:54:00.000,13.54,-10.1,1.34,20.07,20.5,54842,-36.38,20.0,0.457
2021-03-06T10:55:00.000,13.55,-10.08,1.34,20.06,20.5,54843,-36.18,20.0,0.457
2021-03-06T10:56:00.000,13.55,-10.2,1.34,20.06,20.5,54844,-35.98,20.0,0.457
2021-03-06T10:57:00.000,13.54,-10.2,1.34,20.06,20.5,54845,-35.77,20.0,0.457
2021-03-06T10:58:01.000,13.5,-10.29,1.35,20.06,20.5,54846,-35.57,20.0,0.457
2021-03-06T10:59:01.000,13.44,-10.18,1.35,20.06,20.5,54847,-35.37,20.0,0.457
2021-03-06T11:00:01.000,13.43,-10.05,1.35,20.06,20.5,54848,-35.17,20.0,0.457
2021-03-06T11:01:02.000,13.44,-10.03,1.35,20.05,20.5,54849,-34.96,21.0,0.457
2021-03-06T11:02:03.000,13.41,-10.05,1.35,20.05,20.5,54850,-34.76,21.0,0.457
2021-03-06T11:03:03.000,13.38,-10.08,1.36,20.05,20.5,54851,-34.55,21.0,0.457
2021-03-06T11:04:03.000,13.35,-10.16,1.36,20.05,20.5,54852,-34.35,21.0,0.456
2021-03-06T11:10:03.000,13.15,-10.54,1.37,20.04,20.5,54858,-33.14,22.0,0.456
2021-03-06T11:16:05.000,13.06,-10.13,1.39,20.03,20.5,54864,-31.9,23.0,0.456
2021-03-06T11:17:05.000,13.08,-10.12,1.38,20.03,20.5,54865,-31.7,23.0,0.455
2021-03-06T11:19:05.000,13.06,-10.43,1.39,20.02,20.5,54867,-31.29,23.0,0.455
2021-03-06T11:25:07.000,12.9,-10.51,1.41,20.01,20.5,54873,-30.05,24.0,0.455
2021-03-06T11:31:07.000,12.87,-10.5,1.44,19.98,20.5,54879,-28.81,24.0,0.454
2021-03-06T11:34:08.000,12.79,-10.59,1.47,19.96,20.5,54882,-28.19,25.0,0.454
2021-03-06T11:35:08.000,12.78,-10.53,1.47,19.96,20.5,54883,-27.98,25.0,0.454
2021-03-06T11:36:09.000,12.76,-10.47,1.48,19.96,20.5,54884,-27.77,25.0,0.454
2021-03-06T11:37:09.000,12.74,-10.54,1.48,19.95,20.5,54885,-27.57,25.0,0.454
2021-03-06T11:38:09.000,12.68,-10.7,1.49,19.95,20.5,54886,-27.36,25.0,0.454
2021-03-06T11:39:09.000,12.67,-10.46,1.49,19.95,20.5,54887,-27.15,25.0,0.454
2021-03-06T11:45:10.000,12.64,-10.6,1.49,19.95,20.5,54893,-25.9,26.0,0.453
2021-03-06T11:46:10.000,12.58,-10.98,1.49,19.95,20.5,54894,-25.69,26.0,0.453
2021-03-06T11:47:10.000,12.45,-11.08,1.49,19.94,20.5,54895,-25.48,26.0,0.453
2021-03-06T11:48:11.000,12.42,-10.7,1.5,19.94,20.5,54896,-25.27,26.0,0.453
2021-03-06T11:49:11.000,12.43,-10.52,1.5,19.94,20.5,54897,-25.06,26.0,0.453
2021-03-06T11:50:11.000,12.46,-10.43,1.5,19.94,20.5,54898,-24.85,26.0,0.453
2021-03-06T11:51:11.000,12.45,-10.58,1.5,19.94,20.5,54899,-24.65,26.0,0.453
2021-03-06T11:52:12.000,12.39,-10.72,1.5,19.94,20.5,54900,-24.43,27.0,0.453
2021-03-06T11:53:12.000,12.41,-10.51,1.5,19.94,20.5,54901,-24.22,27.0,0.453
2021-03-06T11:54:12.000,12.41,-10.65,1.5,19.94,20.5,54902,-24.02,27.0,0.453
2021-03-06T11:55:12.000,12.37,-10.71,1.5,19.94,20.5,54903,-23.81,27.0,0.453
2021-03-06T11:56:12.000,12.37,-10.66,1.5,19.94,20.5,54904,-23.6,27.0,0.452
2021-03-06T11:57:13.000,12.37,-10.49,1.51,19.94,20.5,54905,-23.38,27.0,0.452
2021-03-06T11:58:13.000,12.37,-10.61,1.51,19.93,20.5,54906,-23.18,27.0,0.452
2021-03-06T11:59:13.000,12.38,-10.65,1.51,19.93,20.5,54907,-22.97,27.0,0.452
2021-03-06T12:00:14.000,12.37,-10.72,1.51,19.93,20.5,54908,-22.75,27.0,0.452
2021-03-06T12:01:14.000,12.36,-10.66,1.5,19.94,20.5,54909,-22.54,27.0,0.452
2021-03-06T12:02:14.000,12.36,-10.64,1.51,19.94,20.5,54910,-22.33,28.0,0.452
2021-03-06T12:03:15.000,12.36,-10.58,1.51,19.94,20.5,54911,-22.12,28.0,0.452
2021-03-06T12:04:15.000,12.35,-10.73,1.5,19.94,20.5,54912,-21.91,28.0,0.452
2021-03-06T12:05:15.000,12.32,-10.71,1.51,19.94,20.5,54913,-21.7,28.0,0.452
2021-03-06T12:06:15.000,12.29,-10.92,1.51,19.94,20.5,54914,-21.49,28.0,0.452
2021-03-06T12:07:16.000,12.27,-10.95,1.5,19.94,20.5,54915,-21.28,28.0,0.452
2021-03-06T12:12:17.000,12.19,-10.68,1.51,19.93,20.5,54920,-20.22,29.0,0.451
2021-03-06T12:13:17.000,12.19,-10.73,1.51,19.93,20.5,54921,-20.01,29.0,0.451
2021-03-06T12:14:17.000,12.18,-10.83,1.51,19.93,20.5,54922,-19.8,29.0,0.451
2021-03-06T12:15:17.000,12.18,-10.83,1.51,19.93,20.5,54923,-19.59,29.0,0.451
2021-03-06T12:16:17.000,12.16,-10.93,1.51,19.93,20.5,54924,-19.38,29.0,0.451
2021-03-06T12:17:18.000,12.14,-10.88,1.51,19.93,20.5,54925,-19.17,29.0,0.451
2021-03-06T12:23:19.000,12.04,-10.75,1.52,19.93,20.5,54931,-17.9,29.0,0.45
2021-03-06T12:25:19.000,12.02,-10.82,1.52,19.93,20.5,54933,-17.48,30.0,0.45
2021-03-06T12:26:19.000,11.97,-10.88,1.52,19.92,20.5,54934,-17.27,30.0,0.45
2021-03-06T12:27:19.000,11.97,-10.72,1.56,19.9,20.5,54935,-17.06,30.0,0.45
2021-03-06T12:28:20.000,12.01,-10.62,1.64,19.84,20.5,54936,-16.84,30.0,0.45
2021-03-06T12:29:20.000,12.04,-10.71,1.66,19.83,20.5,54937,-16.63,30.0,0.45
2021-03-06T12:30:20.000,12.01,-10.93,1.66,19.83,20.5,54938,-16.42,30.0,0.45
2021-03-06T12:31:20.000,11.97,-10.91,1.67,19.83,20.5,54939,-16.21,30.0,0.45
2021-03-06T12:32:20.000,11.96,-10.95,1.67,19.82,20.5,54940,-16.0,30.0,0.45
2021-03-06T12:33:21.000,11.93,-11.03,1.68,19.82,20.5,54941,-15.78,30.0,0.45
2021-03-06T12:34:21.000,11.84,-11.2,1.68,19.82,20.5,54942,-15.57,30.0,0.449
2021-03-06T12:40:22.000,11.76,-10.89,1.76,19.76,20.5,54948,-14.3,31.0,0.449
2021-03-06T12:41:22.000,11.78,-11.0,1.79,19.75,20.5,54949,-14.09,31.0,0.449
2021-03-06T12:42:22.000,11.71,-11.21,1.82,19.73,20.5,54950,-13.88,31.0,0.449
2021-03-06T12:43:22.000,11.72,-11.1,1.86,19.71,20.5,54951,-13.66,31.0,0.449
2021-03-06T12:44:22.000,11.73,-11.07,1.91,19.68,20.5,54952,-13.45,31.0,0.449
2021-03-06T12:45:22.000,11.73,-11.01,1.97,19.64,20.5,54953,-13.24,31.0,0.449
2021-03-06T12:47:22.000,11.68,-10.92,2.1,19.57,20.5,54955,-12.82,31.0,0.448
2021-03-06T12:58:23.000,11.85,-10.81,5.43,18.54,20.5,54966,-10.49,32.0,0.448
2021-03-06T12:59:24.000,11.86,-10.84,6.24,18.39,20.5,54967,-10.27,32.0,0.448
2021-03-06T13:00:24.000,11.86,-10.88,7.25,18.23,20.5,54968,-10.06,32.0,0.447
2021-03-06T13:01:24.000,11.83,-11.01,8.42,18.07,20.5,54969,-9.85,32.0,0.447
2021-03-06T13:02:25.000,11.8,-10.94,9.96,17.89,20.5,54970,-9.63,32.0,0.447
2021-03-06T13:03:25.000,11.81,-10.9,11.73,17.71,20.5,54971,-9.42,32.0,0.447
2021-03-06T13:04:25.000,11.8,-10.87,14.0,17.52,20.5,54972,-9.21,32.0,0.447
2021-03-06T13:08:26.000,11.79,-10.96,30.58,16.67,20.5,54976,-8.36,32.0,0.447
2021-03-06T13:09:27.000,11.78,-10.94,37.91,16.44,20.5,54977,-8.14,32.0,0.447
2021-03-06T13:10:27.000,11.78,-10.94,46.22,16.22,20.5,54978,-7.93,32.0,0.447
2021-03-06T13:11:27.000,11.78,-10.84,58.91,15.96,20.5,54979,-7.72,32.0,0.447
2021-03-06T13:12:28.000,11.82,-10.79,75.02,15.69,20.5,54980,-7.51,32.0,0.447
2021-03-06T13:13:28.000,11.82,-10.95,96.22,15.42,20.5,54981,-7.29,32.0,0.446
2021-03-06T13:14:28.000,11.78,-11.0,124.38,15.15,20.5,54982,-7.08,32.0,0.446
2021-03-06T13:17:29.000,11.74,-10.98,274.63,14.29,20.5,54985,-6.44,32.0,0.446
2021-03-06T13:18:29.000,11.75,-11.02,359.6,13.99,20.5,54986,-6.23,33.0,0.446
2021-03-06T13:19:29.000,11.75,-11.05,470.81,13.7,20.5,54987,-6.02,33.0,0.446
2021-03-06T13:20:30.000,11.74,-10.92,615.1,13.41,20.5,54988,-5.81,33.0,0.446
2021-03-06T13:21:30.000,11.74,-10.83,806.15,13.12,20.5,54989,-5.6,33.0,0.446
2021-03-06T13:22:30.000,11.74,-10.8,1055.35,12.82,20.5,54990,-5.38,33.0,0.446
2021-03-06T13:23:30.000,11.74,-10.93,1379.27,12.53,20.5,54991,-5.17,33.0,0.446
2021-03-06T13:24:31.000,11.74,-10.9,1800.88,12.24,20.5,54992,-4.96,33.0,0.446
2021-03-06T13:25:31.000,11.75,-10.81,2349.16,11.96,20.5,54993,-4.75,33.0,0.446
2021-03-06T13:26:31.000,11.77,-10.73,3063.76,11.67,20.5,54994,-4.54,33.0,0.445
2021-03-06T13:27:31.000,11.78,-10.7,3980.4,11.38,20.5,54995,-4.32,33.0,0.445
2021-03-06T13:28:31.000,11.78,-10.82,5148.02,11.1,20.5,54996,-4.11,33.0,0.445
2021-03-06T13:30:32.000,11.77,-10.94,8426.71,10.57,20.5,54998,-3.69,33.0,0.445
2021-03-06T13:31:32.000,11.75,-10.94,10663.33,10.31,20.5,54999,-3.48,33.0,0.445
2021-03-06T13:32:32.000,11.74,-10.99,13357.69,10.07,20.5,55000,-3.26,33.0,0.445
2021-03-06T13:33:32.000,11.75,-10.84,16573.87,9.83,20.5,55001,-3.05,33.0,0.445
2021-03-06T13:34:33.000,11.76,-10.92,20357.51,9.61,20.5,55002,-2.84,33.0,0.445
2021-03-06T13:35:33.000,11.77,-10.92,24226.31,9.56,20.5,55003,-2.63,33.0,0.445
2021-03-06T13:36:33.000,11.77,-10.87,29861.66,9.19,20.5,55004,-2.42,33.0,0.445
2021-03-06T13:37:33.000,11.78,-10.79,35222.15,9.09,20.5,55005,-2.21,33.0,0.445
2021-03-06T13:38:34.000,11.83,-10.67,42147.67,8.82,20.5,55006,-1.99,33.0,0.445
2021-03-06T13:39:34.000,11.88,-10.67,49482.31,8.64,20.5,55007,-1.78,33.0,0.444
2021-03-06T13:40:34.000,11.92,-10.63,57560.02,8.48,20.5,55008,-1.57,33.0,0.444
2021-03-06T13:41:34.000,11.93,-10.53,21832.84,2.88,20.5,55009,-1.36,33.0,0.444
2021-03-06T13:42:34.000,11.97,-10.63,0.0,0.0,20.5,55010,-1.15,33.0,0.444
2021-03-06T13:43:35.000,12.01,-10.45,0.0,0.0,20.5,55011,-0.93,33.0,0.444
2021-03-06T13:44:35.000,12.08,-10.51,0.0,0.0,20.5,55012,-0.72,33.0,0.444
2021-03-06T13:45:35.000,12.13,-10.54,0.0,0.0,20.5,55013,-0.51,33.0,0.444
2021-03-06T13:48:35.000,12.22,-10.48,0.0,0.0,20.5,55016,0.12,33.0,0.444
2021-03-06T13:51:36.000,12.24,-10.53,0.0,0.0,20.5,55019,0.75,33.0,0.444
2021-03-06T13:52:36.000,12.25,-10.48,0.0,0.0,20.5,55020,0.96,33.0,0.443
2021-03-06T13:53:36.000,12.25,-10.53,0.0,0.0,20.5,55021,1.17,33.0,0.443
2021-03-06T13:55:37.000,12.33,-10.36,0.0,0.0,20.5,55023,1.59,33.0,0.443
2021-03-06T13:56:37.000,12.35,-10.39,0.0,0.0,20.5,55024,1.8,33.0,0.443
2021-03-06T13:57:37.000,12.41,-10.32,0.0,0.0,20.5,55025,2.01,33.0,0.443
2021-03-06T14:00:38.000,12.5,-10.32,0.0,0.0,20.5,55028,2.65,33.0,0.443
