Downloads/jupyter/ECSV/stars19/stars19_2019-10.ecsv
# %ECSV 1.0
# ---
# datatype:
# - {name: time, datatype: string}
# - {name: Enclosure Temperature, unit: deg_C, datatype: float64}
# - {name: Sky Temperature, unit: deg_C, datatype: float64}
# - {name: Frequency, unit: Hz, datatype: float64}
# - {name: MSAS, unit: mag / arcsec2, datatype: float64}
# - {name: ZP, datatype: float64}
# - {name: Sequence Number, datatype: int64}
# - {name: Sun Alt, unit: deg, datatype: float64}
# - {name: Moon Alt, unit: deg, datatype: float64}
# - {name: Moon Illumination, datatype: float64}
# delimiter: ','
# meta: !!omap
# - ida:
#     Data supplier: {affiliation: null, observer: null}
#     Device type: TESS-W
#     Field of view: 17.0
#     Filters per channel: None
#     Instrument ID: stars19
#     License: ODbL 1.0 http://opendatacommons.org/licenses/odbl/summary/
#     Local timezone: America/Phoenix
#     Location name: {country: '- Tucson', place: Tucson, region: United States, sub_region: Arizona, town: Pima County}
#     Measurement direction per channel: {azimuth: 0.0, zenital: 0.0}
#     Moving / Fixed look direction: FIXED
#     Moving / Stationary position: STATIONARY
#     Number of channels: 1
#     Number of fields per line: 8
#     Number of header lines: 35
#     Position: {height: 0.0, latitude: 32.223877, longitude: -110.767532}
#     TESS MAC address: 18:FE:34:CF:EC:06
#     TESS cover offset value: 0.0
#     TESS firmware version: '1.0'
#     TESS zero point: 20.5
#     Time Synchronization: timestamp added by MQTT subscriber
#     URL: http://www.darksky.org/NSBM/sdf1.0.pdf
# - __serialized_columns__:
#     Enclosure Temperature:
#       __class__: astropy.units.quantity.Quantity
#       unit: &id001 !astropy.units.Unit {unit: deg_C}
#       value: !astropy.table.SerializedColumn {name: Enclosure Temperature}
#     Frequency:
#       __class__: astropy.units.quantity.Quantity
#       unit: !astropy.units.Unit {unit: Hz}
#       value: !astropy.table.SerializedColumn {name: Frequency}
#     MSAS:
#       __class__: astropy.units.quantity.Quantity
#       unit: !astropy.units.Unit {unit: mag / arcsec2}
#       value: !astropy.table.SerializedColumn {name: MSAS}
#     Moon Alt:
#       __class__: astropy.units.quantity.Quantity
#       unit: &id002 !astropy.units.Unit {unit: deg}
#       value: !astropy.table.SerializedColumn {name: Moon Alt}
#     Sky Temperature:
#       __class__: astropy.units.quantity.Quantity
#       unit: *id001
#       value: !astropy.table.SerializedColumn {name: Sky Temperature}
#     Sun Alt:
#       __class__: astropy.units.quantity.Quantity
#       unit: *id002
#       value: !astropy.table.SerializedColumn {name: Sun Alt}
#     time:
#       __class__: astropy.time.core.Time
#       format: isot
#       in_subfmt: '*'
#       out_subfmt: '*'
#       precision: 3
#       scale: utc
#       value: !astropy.table.SerializedColumn {name: time}
# schema: astropy-2.0
time,Enclosure Temperature,Sky Temperature,Frequency,MSAS,ZP,Sequence Number,Sun Alt,Moon Alt,Moon Illumination
[from data line 19166]
2019-10-23T03:26:24.000,22.96,-2.2,1.6,19.87,20.5,130534,-35.23,-40.0,0.322
2019-10-23T03:27:25.000,22.94,-2.21,1.59,19.88,20.5,130535,-35.45,-40.0,0.322
2019-10-23T03:28:26.000,22.91,-2.3,1.58,19.88,20.5,130536,-35.66,-40.0,0.322
2019-10-23T03:29:26.000,22.88,-2.32,1.58,19.88,20.5,130537,-35.87,-40.0,0.322
2019-10-23T03:30:26.000,22.85,-2.28,1.56,19.89,20.5,130538,-36.08,-40.0,0.322
2019-10-23T03:31:26.000,22.84,-2.23,1.55,19.9,20.5,130539,-36.28,-40.0,0.322
2019-10-23T03:32:27.000,22.83,-2.23,1.55,19.91,20.5,130540,-36.5,-40.0,0.322
2019-10-23T03:33:27.000,22.82,-2.28,1.55,19.91,20.5,130541,-36.7,-40.0,0.322
2019-10-23T03:34:27.000,22.81,-2.3,1.54,19.91,20.5,130542,-36.91,-40.0,0.322
2019-10-23T03:35:27.000,22.76,-2.35,1.54,19.91,20.5,130543,-37.12,-40.0,0.322
2019-10-23T03:36:27.000,22.72,-2.36,1.54,19.91,20.5,130544,-37.33,-40.0,0.322
2019-10-23T03:37:27.000,22.7,-2.41,1.54,19.91,20.5,130545,-37.54,-40.0,0.322
2019-10-23T03:38:28.000,22.71,-2.38,1.54,19.91,20.5,130546,-37.75,-40.0,0.322
2019-10-23T03:39:28.000,22.65,-2.86,1.54,19.91,20.5,130547,-37.95,-40.0,0.321
2019-10-23T03:40:28.000,22.49,-2.89,1.53,19.92,20.5,130548,-38.16,-40.0,0.321
2019-10-23T03:41:28.000,22.42,-2.59,1.53,19.92,20.5,130549,-38.37,-40.0,0.321
2019-10-23T03:42:28.000,22.46,-2.48,1.53,19.92,20.5,130550,-38.58,-40.0,0.321
2019-10-23T03:43:29.000,22.46,-2.54,1.52,19.92,20.5,130551,-38.79,-39.0,0.321
2019-10-23T03:44:29.000,22.44,-2.66,1.53,19.92,20.5,130552,-38.99,-39.0,0.321
2019-10-23T03:45:30.000,22.39,-2.77,1.53,19.92,20.5,130553,-39.2,-39.0,0.321
2019-10-23T03:46:30.000,22.28,-3.0,1.52,19.92,20.5,130554,-39.41,-39.0,0.321
2019-10-23T03:47:30.000,22.21,-2.8,1.52,19.93,20.5,130555,-39.62,-39.0,0.321
2019-10-23T03:48:30.000,22.17,-2.77,1.52,19.93,20.5,130556,-39.82,-39.0,0.321
2019-10-23T03:49:30.000,22.13,-2.74,1.52,19.93,20.5,130557,-40.03,-39.0,0.321
2019-10-23T03:50:31.000,22.07,-2.74,1.52,19.93,20.5,130558,-40.24,-39.0,0.321
2019-10-23T03:51:31.000,22.04,-2.68,1.52,19.93,20.5,130559,-40.44,-39.0,0.321
2019-10-23T03:52:32.000,22.01,-2.84,1.52,19.93,20.5,130560,-40.65,-39.0,0.32
2019-10-23T03:53:32.000,21.93,-3.0,1.52,19.93,20.5,130561,-40.86,-39.0,0.32
2019-10-23T03:54:32.000,21.86,-2.95,1.52,19.93,20.5,130562,-41.06,-39.0,0.32
2019-10-23T03:55:32.000,21.81,-2.86,1.51,19.93,20.5,130563,-41.27,-39.0,0.32
2019-10-23T03:56:32.000,21.82,-2.8,1.52,19.93,20.5,130564,-41.48,-39.0,0.32
2019-10-23T03:57:32.000,21.82,-2.84,1.52,19.93,20.5,130565,-41.68,-39.0,0.32
2019-10-23T03:58:32.000,21.77,-3.14,1.52,19.93,20.5,130566,-41.88,-39.0,0.32
2019-10-23T03:59:33.000,21.73,-2.97,1.51,19.93,20.5,130567,-42.09,-39.0,0.32
2019-10-23T04:00:33.000,21.66,-3.13,1.51,19.93,20.5,130568,-42.3,-38.0,0.32
2019-10-23T04:01:33.000,21.61,-3.02,1.51,19.93,20.5,130569,-42.5,-38.0,0.32
2019-10-23T04:02:33.000,21.6,-2.91,1.51,19.93,20.5,130570,-42.71,-38.0,0.32
2019-10-23T04:03:34.000,21.61,-3.03,1.51,19.93,20.5,130571,-42.91,-38.0,0.32
2019-10-23T04:04:34.000,21.63,-2.86,1.51,19.93,20.5,130572,-43.12,-38.0,0.32
2019-10-23T04:05:35.000,21.65,-3.08,1.5,19.94,20.5,130573,-43.32,-38.0,0.32
2019-10-23T04:06:35.000,21.64,-2.89,1.5,19.94,20.5,130574,-43.53,-38.0,0.319
2019-10-23T04:07:36.000,21.69,-2.88,1.5,19.94,20.5,130575,-43.73,-38.0,0.319
2019-10-23T04:08:36.000,21.7,-2.93,1.5,19.94,20.5,130576,-43.94,-38.0,0.319
2019-10-23T04:09:36.000,21.73,-2.85,1.49,19.95,20.5,130577,-44.14,-38.0,0.319
2019-10-23T04:10:38.000,21.74,-2.95,1.49,19.95,20.5,130578,-44.35,-38.0,0.319
2019-10-23T04:12:39.000,21.7,-2.91,1.49,19.95,20.5,130580,-44.76,-38.0,0.319
2019-10-23T04:13:39.000,21.7,-2.97,1.49,19.95,20.5,130581,-44.96,-38.0,0.319
2019-10-23T04:15:40.000,21.69,-2.96,1.48,19.95,20.5,130583,-45.36,-37.0,0.319
2019-10-23T04:17:41.000,21.71,-2.96,1.48,19.96,20.5,130585,-45.77,-37.0,0.319
2019-10-23T04:18:41.000,21.7,-2.94,1.47,19.96,20.5,130586,-45.97,-37.0,0.319
2019-10-23T04:26:42.000,21.73,-2.95,1.47,19.96,20.5,130594,-47.57,-36.0,0.318
2019-10-23T04:27:42.000,21.73,-2.93,1.47,19.96,20.5,130595,-47.77,-36.0,0.318
2019-10-23T04:28:42.000,21.73,-2.92,1.47,19.96,20.5,130596,-47.97,-36.0,0.318
2019-10-23T04:29:43.000,21.74,-2.84,1.46,19.97,20.5,130597,-48.17,-36.0,0.318
2019-10-23T04:30:44.000,21.73,-2.95,1.46,19.97,20.5,130598,-48.37,-36.0,0.318
2019-10-23T04:31:44.000,21.73,-2.94,1.46,19.97,20.5,130599,-48.57,-36.0,0.318
2019-10-23T04:33:44.000,21.7,-3.04,1.46,19.97,20.5,130601,-48.96,-36.0,0.317
2019-10-23T04:34:45.000,21.68,-3.13,1.46,19.97,20.5,130602,-49.16,-36.0,0.317
2019-10-23T04:35:45.000,21.66,-3.04,1.46,19.97,20.5,130603,-49.35,-36.0,0.317
2019-10-23T04:36:45.000,21.63,-3.18,1.46,19.97,20.5,130604,-49.55,-36.0,0.317
2019-10-23T04:37:45.000,21.62,-3.0,1.45,19.97,20.5,130605,-49.75,-35.0,0.317
2019-10-23T04:38:45.000,21.64,-2.93,1.46,19.97,20.5,130606,-49.94,-35.0,0.317
2019-10-23T04:39:45.000,21.65,-2.95,1.45,19.97,20.5,130607,-50.14,-35.0,0.317
2019-10-23T04:40:46.000,21.64,-3.02,1.45,19.98,20.5,130608,-50.33,-35.0,0.317
2019-10-23T04:41:46.000,21.63,-3.04,1.45,19.98,20.5,130609,-50.53,-35.0,0.317
2019-10-23T04:42:46.000,21.63,-2.94,1.45,19.98,20.5,130610,-50.72,-35.0,0.317
2019-10-23T04:44:47.000,21.62,-3.07,1.44,19.98,20.5,130612,-51.11,-35.0,0.317
2019-10-23T04:45:46.000,21.62,-2.94,1.44,19.98,20.5,130613,-51.3,-35.0,0.316
2019-10-23T04:46:47.000,21.62,-2.99,1.44,19.99,20.5,130614,-51.5,-35.0,0.316
2019-10-23T04:47:47.000,21.63,-2.96,1.43,19.99,20.5,130615,-51.69,-34.0,0.316
2019-10-23T04:48:47.000,21.63,-2.94,1.43,19.99,20.5,130616,-51.88,-34.0,0.316
2019-10-23T04:49:47.000,21.63,-2.99,1.43,19.99,20.5,130617,-52.07,-34.0,0.316
2019-10-23T04:50:48.000,21.63,-3.0,1.43,20.0,20.5,130618,-52.26,-34.0,0.316
2019-10-23T04:51:48.000,21.63,-2.99,1.42,20.0,20.5,130619,-52.45,-34.0,0.316
2019-10-23T04:52:48.000,21.62,-3.03,1.42,20.0,20.5,130620,-52.64,-34.0,0.316
2019-10-23T04:53:48.000,21.62,-3.03,1.42,20.0,20.5,130621,-52.83,-34.0,0.316
2019-10-23T04:54:48.000,21.59,-3.18,1.42,20.0,20.5,130622,-53.02,-34.0,0.316
2019-10-23T04:55:48.000,21.58,-3.16,1.42,20.0,20.5,130623,-53.21,-34.0,0.316
2019-10-23T04:56:48.000,21.58,-3.12,1.42,20.0,20.5,130624,-53.4,-33.0,0.316
2019-10-23T04:57:49.000,21.58,-3.1,1.42,20.0,20.5,130625,-53.59,-33.0,0.316
2019-10-23T04:58:49.000,21.57,-3.17,1.41,20.01,20.5,130626,-53.78,-33.0,0.316
2019-10-23T04:59:49.000,21.54,-3.14,1.41,20.01,20.5,130627,-53.96,-33.0,0.315
2019-10-23T05:00:49.000,21.52,-3.13,1.4,20.01,20.5,130628,-54.15,-33.0,0.315
2019-10-23T05:01:49.000,21.54,-3.04,1.39,20.02,20.5,130629,-54.34,-33.0,0.315
2019-10-23T05:02:49.000,21.54,-3.1,1.39,20.02,20.5,130630,-54.52,-33.0,0.315
2019-10-23T05:03:49.000,21.52,-3.13,1.39,20.02,20.5,130631,-54.71,-33.0,0.315
2019-10-23T05:04:50.000,21.53,-3.09,1.39,20.02,20.5,130632,-54.89,-33.0,0.315
2019-10-23T05:05:50.000,21.53,-3.12,1.38,20.03,20.5,130633,-55.08,-32.0,0.315
2019-10-23T05:06:50.000,21.51,-3.1,1.38,20.03,20.5,130634,-55.26,-32.0,0.315
2019-10-23T05:11:51.000,21.5,-3.2,1.38,20.03,20.5,130639,-56.17,-32.0,0.315
2019-10-23T05:12:51.000,21.47,-3.38,1.36,20.04,20.5,130640,-56.35,-32.0,0.314
2019-10-23T05:13:51.000,21.45,-3.19,1.36,20.05,20.5,130641,-56.53,-31.0,0.314
2019-10-23T05:14:52.000,21.45,-3.23,1.36,20.05,20.5,130642,-56.71,-31.0,0.314
2019-10-23T05:15:52.000,21.43,-3.2,1.32,20.08,20.5,130643,-56.89,-31.0,0.314
2019-10-23T05:16:53.000,21.45,-3.13,1.29,20.1,20.5,130644,-57.07,-31.0,0.314
2019-10-23T05:17:52.000,21.43,-3.19,1.27,20.12,20.5,130645,-57.24,-31.0,0.314
2019-10-23T05:18:53.000,21.42,-3.22,1.27,20.12,20.5,130646,-57.42,-31.0,0.314
2019-10-23T05:19:53.000,21.42,-3.14,1.26,20.13,20.5,130647,-57.6,-31.0,0.314
2019-10-23T05:20:53.000,21.4,-3.2,1.26,20.13,20.5,130648,-57.77,-31.0,0.314
2019-10-23T05:22:55.000,21.4,-3.25,1.25,20.14,20.5,130650,-58.13,-30.0,0.314
2019-10-23T05:23:56.000,21.42,-3.2,1.25,20.14,20.5,130651,-58.3,-30.0,0.314
2019-10-23T05:24:56.000,21.41,-3.22,1.25,20.14,20.5,130652,-58.48,-30.0,0.314
2019-10-23T05:25:57.000,21.4,-3.24,1.25,20.14,20.5,130653,-58.65,-30.0,0.314
2019-10-23T05:26:57.000,21.38,-3.21,1.25,20.14,20.5,130654,-58.82,-30.0,0.313
2019-10-23T05:27:57.000,21.37,-3.32,1.24,20.14,20.5,130655,-58.99,-30.0,0.313
2019-10-23T05:28:57.000,21.38,-3.25,1.24,20.14,20.5,130656,-59.16,-29.0,0.313
2019-10-23T05:29:57.000,21.38,-3.25,1.24,20.14,20.5,130657,-59.33,-29.0,0.313
2019-10-23T05:30:57.000,21.42,-3.21,1.23,20.15,20.5,130658,-59.5,-29.0,0.313
2019-10-23T05:31:58.000,21.37,-3.43,1.23,20.16,20.5,130659,-59.67,-29.0,0.313
2019-10-23T05:32:58.000,21.36,-3.27,1.23,20.16,20.5,130660,-59.83,-29.0,0.313
2019-10-23T05:33:58.000,21.36,-3.28,1.23,20.16,20.5,130661,-60.0,-29.0,0.313
2019-10-23T05:34:59.000,21.33,-3.24,1.22,20.16,20.5,130662,-60.16,-29.0,0.313
2019-10-23T05:35:59.000,21.35,-3.24,1.22,20.16,20.5,130663,-60.33,-29.0,0.313
2019-10-23T05:36:59.000,21.32,-3.25,1.22,20.16,20.5,130664,-60.49,-28.0,0.313
2019-10-23T05:38:00.000,21.32,-3.18,1.22,20.16,20.5,130665,-60.65,-28.0,0.313
2019-10-23T05:40:00.000,21.32,-3.26,1.22,20.17,20.5,130667,-60.97,-28.0,0.312
2019-10-23T05:45:01.000,21.28,-3.38,1.21,20.17,20.5,130672,-61.76,-27.0,0.312
2019-10-23T05:46:02.000,21.3,-3.33,1.21,20.17,20.5,130673,-61.92,-27.0,0.312
2019-10-23T05:47:02.000,21.28,-3.38,1.21,20.17,20.5,130674,-62.07,-27.0,0.312
2019-10-23T05:48:02.000,21.31,-3.3,1.21,20.17,20.5,130675,-62.22,-27.0,0.312
2019-10-23T05:49:02.000,21.33,-3.32,1.21,20.17,20.5,130676,-62.37,-27.0,0.312
2019-10-23T05:50:02.000,21.32,-3.36,1.21,20.17,20.5,130677,-62.52,-27.0,0.312
2019-10-23T05:51:03.000,21.32,-3.4,1.21,20.17,20.5,130678,-62.67,-26.0,0.312
2019-10-23T05:52:03.000,21.29,-3.49,1.21,20.17,20.5,130679,-62.82,-26.0,0.312
2019-10-23T05:53:03.000,21.28,-3.52,1.22,20.17,20.5,130680,-62.97,-26.0,0.311
2019-10-23T05:55:03.000,21.23,-3.59,1.21,20.17,20.5,130682,-63.26,-26.0,0.311
2019-10-23T05:56:04.000,21.18,-3.63,1.21,20.17,20.5,130683,-63.4,-26.0,0.311
2019-10-23T05:57:05.000,21.15,-3.56,1.21,20.17,20.5,130684,-63.55,-26.0,0.311
2019-10-23T05:58:05.000,21.14,-3.66,1.21,20.18,20.5,130685,-63.69,-25.0,0.311
2019-10-23T05:59:05.000,21.1,-3.72,1.21,20.18,20.5,130686,-63.83,-25.0,0.311
2019-10-23T06:00:05.000,21.09,-3.65,1.2,20.18,20.5,130687,-63.96,-25.0,0.311
2019-10-23T06:01:05.000,21.08,-3.69,1.2,20.18,20.5,130688,-64.1,-25.0,0.311
2019-10-23T06:02:06.000,21.06,-3.72,1.18,20.2,20.5,130689,-64.24,-25.0,0.311
2019-10-23T06:03:06.000,20.99,-3.87,1.18,20.2,20.5,130690,-64.37,-25.0,0.311
2019-10-23T06:04:06.000,20.94,-3.91,1.17,20.21,20.5,130691,-64.5,-25.0,0.311
2019-10-23T06:05:07.000,20.89,-3.92,1.17,20.21,20.5,130692,-64.64,-24.0,0.311
2019-10-23T06:06:07.000,20.87,-3.73,1.17,20.21,20.5,130693,-64.77,-24.0,0.311
2019-10-23T06:12:08.000,20.59,-3.85,1.17,20.21,20.5,130699,-65.51,-23.0,0.31
2019-10-23T06:13:09.000,20.56,-3.95,1.17,20.21,20.5,130700,-65.64,-23.0,0.31
2019-10-23T06:14:09.000,20.54,-3.9,1.17,20.21,20.5,130701,-65.75,-23.0,0.31
2019-10-23T06:15:09.000,20.54,-4.02,1.17,20.21,20.5,130702,-65.87,-23.0,0.31
2019-10-23T06:16:10.000,20.52,-4.07,1.17,20.21,20.5,130703,-65.98,-23.0,0.31
2019-10-23T06:17:10.000,20.48,-4.17,1.17,20.21,20.5,130704,-66.1,-23.0,0.31
2019-10-23T06:18:10.000,20.42,-4.25,1.17,20.21,20.5,130705,-66.21,-22.0,0.31
2019-10-23T06:19:11.000,20.39,-4.23,1.17,20.21,20.5,130706,-66.32,-22.0,0.31
2019-10-23T06:20:11.000,20.36,-4.27,1.17,20.21,20.5,130707,-66.43,-22.0,0.309
2019-10-23T06:21:11.000,20.3,-4.41,1.16,20.21,20.5,130708,-66.53,-22.0,0.309
2019-10-23T06:22:11.000,20.23,-4.38,1.17,20.21,20.5,130709,-66.64,-22.0,0.309
2019-10-23T06:23:12.000,20.21,-4.42,1.16,20.22,20.5,130710,-66.74,-22.0,0.309
2019-10-23T06:24:11.000,20.12,-4.66,1.16,20.22,20.5,130711,-66.84,-21.0,0.309
2019-10-23T06:27:12.000,19.89,-4.62,1.16,20.22,20.5,130714,-67.13,-21.0,0.309
2019-10-23T06:28:13.000,19.83,-4.56,1.16,20.22,20.5,130715,-67.22,-21.0,0.309
2019-10-23T06:29:14.000,19.82,-4.42,1.16,20.22,20.5,130716,-67.31,-21.0,0.309
2019-10-23T06:30:14.000,19.8,-4.46,1.16,20.22,20.5,130717,-67.4,-20.0,0.309
2019-10-23T06:31:14.000,19.71,-4.69,1.15,20.23,20.5,130718,-67.49,-20.0,0.309
2019-10-23T06:32:15.000,19.66,-4.54,1.15,20.23,20.5,130719,-67.57,-20.0,0.309
2019-10-23T06:33:15.000,19.67,-4.44,1.15,20.22,20.5,130720,-67.66,-20.0,0.308
2019-10-23T06:35:20.000,19.56,-4.44,1.16,20.22,20.5,130722,-67.82,-20.0,0.308
2019-10-23T06:36:20.000,19.55,-4.65,1.15,20.22,20.5,130723,-67.9,-19.0,0.308
2019-10-23T06:37:21.000,19.51,-4.76,1.15,20.22,20.5,130724,-67.97,-19.0,0.308
2019-10-23T06:38:21.000,19.4,-4.9,1.15,20.23,20.5,130725,-68.04,-19.0,0.308
2019-10-23T06:39:21.000,19.38,-4.6,1.15,20.23,20.5,130726,-68.11,-19.0,0.308
2019-10-23T06:40:23.000,19.41,-4.52,1.15,20.23,20.5,130727,-68.18,-19.0,0.308
2019-10-23T06:41:24.000,19.34,-4.86,1.15,20.23,20.5,130728,-68.25,-19.0,0.308
2019-10-23T06:42:24.000,19.28,-4.68,1.15,20.23,20.5,130729,-68.31,-18.0,0.308
2019-10-23T06:43:26.000,19.3,-4.65,1.15,20.23,20.5,130730,-68.37,-18.0,0.308
2019-10-23T06:44:26.000,19.3,-4.66,1.15,20.23,20.5,130731,-68.43,-18.0,0.308
2019-10-23T06:45:27.000,19.31,-4.6,1.15,20.23,20.5,130732,-68.49,-18.0,0.308
2019-10-23T06:46:27.000,19.3,-4.67,1.15,20.23,20.5,130733,-68.54,-18.0,0.308
2019-10-23T06:47:28.000,19.21,-4.8,1.15,20.23,20.5,130734,-68.59,-18.0,0.307
2019-10-23T06:48:28.000,19.23,-4.59,1.15,20.23,20.5,130735,-68.64,-17.0,0.307
2019-10-23T06:49:28.000,19.23,-4.61,1.15,20.23,20.5,130736,-68.69,-17.0,0.307
2019-10-23T06:50:28.000,19.23,-4.71,1.15,20.23,20.5,130737,-68.73,-17.0,0.307
2019-10-23T06:51:29.000,19.21,-4.66,1.15,20.23,20.5,130738,-68.77,-17.0,0.307
2019-10-23T06:52:30.000,19.2,-4.77,1.15,20.23,20.5,130739,-68.81,-17.0,0.307
2019-10-23T06:53:30.000,19.2,-4.71,1.15,20.23,20.5,130740,-68.85,-17.0,0.307
2019-10-23T06:54:30.000,19.18,-4.72,1.15,20.23,20.5,130741,-68.88,-16.0,0.307
2019-10-23T06:56:32.000,19.18,-4.73,1.15,20.22,20.5,130743,-68.95,-16.0,0.307
2019-10-23T06:58:33.000,19.15,-4.77,1.16,20.22,20.5,130745,-69.0,-16.0,0.307
2019-10-23T06:59:33.000,19.15,-4.74,1.15,20.22,20.5,130746,-69.02,-16.0,0.307
2019-10-23T07:00:33.000,19.13,-4.91,1.15,20.23,20.5,130747,-69.04,-15.0,0.306
2019-10-23T07:01:34.000,19.07,-5.02,1.14,20.24,20.5,130748,-69.05,-15.0,0.306
2019-10-23T07:02:34.000,19.05,-4.9,1.13,20.24,20.5,130749,-69.07,-15.0,0.306
2019-10-23T07:03:35.000,19.03,-4.89,1.13,20.24,20.5,130750,-69.08,-15.0,0.306
2019-10-23T07:05:36.000,19.01,-4.87,1.13,20.24,20.5,130752,-69.09,-15.0,0.306
2019-10-23T07:06:37.000,19.0,-4.89,1.13,20.24,20.5,130753,-69.1,-14.0,0.306
2019-10-23T07:07:37.000,18.96,-5.07,1.14,20.24,20.5,130754,-69.1,-14.0,0.306
2019-10-23T07:08:37.000,18.94,-4.94,1.14,20.24,20.5,130755,-69.1,-14.0,0.306
2019-10-23T07:09:37.000,18.92,-5.07,1.14,20.24,20.5,130756,-69.09,-14.0,0.306
2019-10-23T07:10:37.000,18.87,-5.17,1.14,20.24,20.5,130757,-69.09,-14.0,0.306
2019-10-23T07:11:37.000,18.84,-5.09,1.14,20.24,20.5,130758,-69.08,-14.0,0.306
2019-10-23T07:12:37.000,18.84,-5.06,1.14,20.24,20.5,130759,-69.07,-13.0,0.306
2019-10-23T07:13:38.000,18.84,-5.09,1.14,20.24,20.5,130760,-69.05,-13.0,0.306
2019-10-23T07:14:39.000,18.8,-5.18,1.13,20.24,20.5,130761,-69.03,-13.0,0.305
2019-10-23T07:15:40.000,18.76,-5.18,1.13,20.25,20.5,130762,-69.01,-13.0,0.305
2019-10-23T07:16:40.000,18.72,-5.19,1.13,20.25,20.5,130763,-68.99,-13.0,0.305
2019-10-23T07:17:40.000,18.7,-5.27,1.13,20.25,20.5,130764,-68.97,-12.0,0.305
2019-10-23T07:18:41.000,18.66,-5.4,1.13,20.25,20.5,130765,-68.94,-12.0,0.305
2019-10-23T07:21:41.000,18.53,-5.45,1.13,20.24,20.5,130768,-68.85,-12.0,0.305
2019-10-23T07:22:41.000,18.46,-5.53,1.13,20.25,20.5,130769,-68.81,-12.0,0.305
2019-10-23T07:23:42.000,18.41,-5.44,1.13,20.25,20.5,130770,-68.77,-11.0,0.305
2019-10-23T07:24:42.000,18.39,-5.34,1.12,20.25,20.5,130771,-68.73,-11.0,0.305
2019-10-23T07:27:43.000,18.3,-5.61,1.12,20.25,20.5,130774,-68.59,-11.0,0.304
2019-10-23T07:28:43.000,18.26,-5.51,1.12,20.26,20.5,130775,-68.54,-10.0,0.304
2019-10-23T07:29:44.000,18.24,-5.47,1.12,20.25,20.5,130776,-68.48,-10.0,0.304
2019-10-23T07:30:44.000,18.2,-5.58,1.12,20.26,20.5,130777,-68.43,-10.0,0.304
