Downloads/jupyter/ECSV/stars19/stars19_2023-04.ecsv
# %ECSV 1.0
# ---
# datatype:
# - {name: time, datatype: string}
# - {name: Enclosure Temperature, unit: deg_C, datatype: float64}
# - {name: Sky Temperature, unit: deg_C, datatype: float64}
# - {name: Frequency, unit: Hz, datatype: float64}
# - {name: MSAS, unit: mag / arcsec2, datatype: float64}
# - {name: ZP, datatype: float64}
# - {name: Sequence Number, datatype: int64}
# - {name: Sun Alt, unit: deg, datatype: float64}
# - {name: Moon Alt, unit: deg, datatype: float64}
# - {name: Moon Illumination, datatype: float64}
# delimiter: ','
# meta: !!omap
# - ida:
#     Data supplier: {affiliation: null, observer: null}
#     Device type: TESS-W
#     Field of view: 17.0
#     Filters per channel: None
#     Instrument ID: stars19
#     License: ODbL 1.0 http://opendatacommons.org/licenses/odbl/summary/
#     Local timezone: America/Phoenix
#     Location name: {country: '- Tucson', place: Tucson, region: United States, sub_region: Arizona, town: Pima County}
#     Measurement direction per channel: {azimuth: 0.0, zenital: 0.0}
#     Moving / Fixed look direction: FIXED
#     Moving / Stationary position: STATIONARY
#     Number of channels: 1
#     Number of fields per line: 8
#     Number of header lines: 35
#     Position: {height: 0.0, latitude: 32.223877, longitude: -110.767532}
#     TESS MAC address: 18:FE:34:CF:EC:06
#     TESS cover offset value: 0.0
#     TESS firmware version: '1.0'
#     TESS zero point: 20.38
#     Time Synchronization: timestamp added by MQTT subscriber
#     URL: http://www.darksky.org/NSBM/sdf1.0.pdf
# - __serialized_columns__:
#     Enclosure Temperature:
#       __class__: astropy.units.quantity.Quantity
#       unit: &id001 !astropy.units.Unit {unit: deg_C}
#       value: !astropy.table.SerializedColumn {name: Enclosure Temperature}
#     Frequency:
#       __class__: astropy.units.quantity.Quantity
#       unit: !astropy.units.Unit {unit: Hz}
#       value: !astropy.table.SerializedColumn {name: Frequency}
#     MSAS:
#       __class__: astropy.units.quantity.Quantity
#       unit: !astropy.units.Unit {unit: mag / arcsec2}
#       value: !astropy.table.SerializedColumn {name: MSAS}
#     Moon Alt:
#       __class__: astropy.units.quantity.Quantity
#       unit: &id002 !astropy.units.Unit {unit: deg}
#       value: !astropy.table.SerializedColumn {name: Moon Alt}
#     Sky Temperature:
#       __class__: astropy.units.quantity.Quantity
#       unit: *id001
#       value: !astropy.table.SerializedColumn {name: Sky Temperature}
#     Sun Alt:
#       __class__: astropy.units.quantity.Quantity
#       unit: *id002
#       value: !astropy.table.SerializedColumn {name: Sun Alt}
#     time:
#       __class__: astropy.time.core.Time
#       format: isot
#       in_subfmt: '*'
#       out_subfmt: '*'
#       precision: 3
#       scale: utc
#       value: !astropy.table.SerializedColumn {name: time}
# schema: astropy-2.0
time,Enclosure Temperature,Sky Temperature,Frequency,MSAS,ZP,Sequence Number,Sun Alt,Moon Alt,Moon Illumination
[from data line 12670]
2023-04-16T10:24:57.000,17.08,-7.78,1.13,20.25,20.38,139761,-29.35,-8.0,0.176
2023-04-16T10:25:57.000,17.08,-7.76,1.13,20.25,20.38,139762,-29.18,-8.0,0.176
2023-04-16T10:26:57.000,17.09,-7.77,1.13,20.25,20.38,139763,-29.01,-8.0,0.176
2023-04-16T10:27:57.000,17.09,-7.79,1.13,20.25,20.38,139764,-28.84,-8.0,0.175
2023-04-16T10:28:57.000,17.09,-7.95,1.13,20.25,20.38,139765,-28.67,-8.0,0.175
2023-04-16T10:29:57.000,17.04,-7.91,1.13,20.24,20.38,139766,-28.49,-7.0,0.175
2023-04-16T10:30:57.000,17.04,-7.88,1.13,20.24,20.38,139767,-28.32,-7.0,0.175
2023-04-16T10:31:57.000,17.0,-8.0,1.13,20.24,20.38,139768,-28.15,-7.0,0.175
2023-04-16T10:32:57.000,16.94,-8.05,1.13,20.24,20.38,139769,-27.97,-7.0,0.175
2023-04-16T10:33:57.000,16.91,-8.01,1.13,20.24,20.38,139770,-27.8,-7.0,0.175
2023-04-16T10:34:58.000,16.87,-8.04,1.13,20.24,20.38,139771,-27.62,-6.0,0.175
2023-04-16T10:35:58.000,16.83,-8.04,1.13,20.24,20.38,139772,-27.45,-6.0,0.175
2023-04-16T10:36:58.000,16.83,-7.91,1.14,20.24,20.38,139773,-27.27,-6.0,0.175
2023-04-16T10:37:59.000,16.83,-7.9,1.13,20.24,20.38,139774,-27.09,-6.0,0.175
2023-04-16T10:38:58.000,16.85,-7.86,1.13,20.24,20.38,139775,-26.92,-6.0,0.175
2023-04-16T10:39:58.000,16.87,-7.76,1.13,20.24,20.38,139776,-26.74,-5.0,0.175
2023-04-16T10:40:59.000,16.89,-7.8,1.14,20.24,20.38,139777,-26.56,-5.0,0.175
2023-04-16T10:41:59.000,16.91,-7.79,1.14,20.24,20.38,139778,-26.38,-5.0,0.175
2023-04-16T10:43:00.000,16.93,-7.78,1.14,20.24,20.38,139779,-26.2,-5.0,0.175
2023-04-16T10:43:59.000,16.94,-7.83,1.14,20.24,20.38,139780,-26.03,-5.0,0.174
2023-04-16T10:44:59.000,16.96,-7.75,1.14,20.24,20.38,139781,-25.85,-4.0,0.174
2023-04-16T10:46:01.000,16.98,-7.83,1.14,20.24,20.38,139782,-25.67,-4.0,0.174
2023-04-16T10:47:00.000,16.98,-7.86,1.14,20.24,20.38,139783,-25.49,-4.0,0.174
2023-04-16T10:48:00.000,16.97,-7.91,1.14,20.24,20.38,139784,-25.31,-4.0,0.174
2023-04-16T10:49:00.000,16.95,-7.88,1.14,20.24,20.38,139785,-25.13,-4.0,0.174
2023-04-16T10:50:02.000,16.97,-7.8,1.14,20.24,20.38,139786,-24.94,-3.0,0.174
2023-04-16T10:51:02.000,16.97,-7.84,1.14,20.24,20.38,139787,-24.76,-3.0,0.174
2023-04-16T10:52:02.000,16.98,-7.83,1.14,20.24,20.38,139788,-24.58,-3.0,0.174
2023-04-16T10:53:02.000,16.97,-7.76,1.14,20.24,20.38,139789,-24.4,-3.0,0.174
2023-04-16T10:54:02.000,16.97,-7.82,1.14,20.24,20.38,139790,-24.22,-2.0,0.174
2023-04-16T10:55:03.000,16.99,-7.77,1.14,20.24,20.38,139791,-24.03,-2.0,0.174
2023-04-16T10:56:03.000,16.97,-7.88,1.14,20.24,20.38,139792,-23.85,-2.0,0.174
2023-04-16T10:57:03.000,16.93,-7.92,1.14,20.24,20.38,139793,-23.67,-2.0,0.174
2023-04-16T10:58:05.000,16.91,-7.85,1.14,20.24,20.38,139794,-23.48,-2.0,0.174
2023-04-16T10:59:05.000,16.89,-7.92,1.14,20.23,20.38,139795,-23.29,-1.0,0.174
2023-04-16T11:00:05.000,16.86,-7.95,1.14,20.23,20.38,139796,-23.11,-1.0,0.173
2023-04-16T11:01:05.000,16.83,-7.89,1.14,20.23,20.38,139797,-22.93,-1.0,0.173
2023-04-16T11:02:05.000,16.81,-7.9,1.14,20.23,20.38,139798,-22.74,-1.0,0.173
2023-04-16T11:03:05.000,16.81,-7.82,1.14,20.23,20.38,139799,-22.56,-1.0,0.173
2023-04-16T11:04:05.000,16.79,-7.93,1.15,20.23,20.38,139800,-22.37,-0.0,0.173
2023-04-16T11:05:05.000,16.8,-7.79,1.15,20.23,20.38,139801,-22.19,-0.0,0.173
2023-04-16T11:06:05.000,16.81,-7.88,1.15,20.23,20.38,139802,-22.0,-0.0,0.173
2023-04-16T11:07:06.000,16.83,-7.8,1.15,20.23,20.38,139803,-21.81,0.0,0.173
2023-04-16T11:08:06.000,16.85,-7.88,1.15,20.23,20.38,139804,-21.63,0.0,0.173
2023-04-16T11:09:06.000,16.78,-8.18,1.15,20.23,20.38,139805,-21.44,1.0,0.173
2023-04-16T11:10:06.000,16.73,-7.97,1.15,20.23,20.38,139806,-21.25,1.0,0.173
2023-04-16T11:11:06.000,16.77,-7.89,1.15,20.23,20.38,139807,-21.06,1.0,0.173
2023-04-16T11:12:06.000,16.82,-7.78,1.15,20.23,20.38,139808,-20.88,1.0,0.173
2023-04-16T11:13:06.000,16.86,-7.84,1.15,20.22,20.38,139809,-20.69,1.0,0.173
2023-04-16T11:14:06.000,16.88,-7.94,1.16,20.22,20.38,139810,-20.5,1.0,0.173
2023-04-16T11:15:06.000,16.87,-7.98,1.16,20.22,20.38,139811,-20.31,2.0,0.173
2023-04-16T11:16:06.000,16.84,-8.05,1.16,20.22,20.38,139812,-20.12,2.0,0.173
2023-04-16T11:17:07.000,16.77,-8.21,1.16,20.22,20.38,139813,-19.93,2.0,0.172
2023-04-16T11:18:07.000,16.69,-8.24,1.16,20.22,20.38,139814,-19.74,2.0,0.172
2023-04-16T11:19:07.000,16.62,-8.22,1.17,20.21,20.38,139815,-19.55,2.0,0.172
2023-04-16T11:20:08.000,16.56,-8.22,1.17,20.21,20.38,139816,-19.36,3.0,0.172
2023-04-16T11:21:07.000,16.49,-8.27,1.17,20.21,20.38,139817,-19.17,3.0,0.172
2023-04-16T11:22:07.000,16.41,-8.23,1.17,20.21,20.38,139818,-18.98,3.0,0.172
2023-04-16T11:23:08.000,16.39,-8.14,1.17,20.21,20.38,139819,-18.79,3.0,0.172
2023-04-16T11:24:08.000,16.36,-8.21,1.17,20.21,20.38,139820,-18.6,3.0,0.172
2023-04-16T11:25:08.000,16.31,-8.18,1.17,20.21,20.38,139821,-18.41,4.0,0.172
2023-04-16T11:26:08.000,16.25,-8.23,1.17,20.21,20.38,139822,-18.22,4.0,0.172
2023-04-16T11:27:08.000,16.22,-8.2,1.18,20.2,20.38,139823,-18.02,4.0,0.172
2023-04-16T11:28:08.000,16.19,-8.23,1.18,20.2,20.38,139824,-17.83,4.0,0.172
2023-04-16T11:29:08.000,16.18,-8.19,1.18,20.2,20.38,139825,-17.64,4.0,0.172
2023-04-16T11:30:08.000,16.18,-8.25,1.18,20.2,20.38,139826,-17.45,5.0,0.172
2023-04-16T11:31:08.000,16.15,-8.3,1.18,20.2,20.38,139827,-17.26,5.0,0.172
2023-04-16T11:32:08.000,16.07,-8.38,1.18,20.2,20.38,139828,-17.06,5.0,0.172
2023-04-16T11:33:08.000,16.01,-8.41,1.18,20.2,20.38,139829,-16.87,5.0,0.171
2023-04-16T11:34:08.000,15.93,-8.42,1.19,20.19,20.38,139830,-16.68,5.0,0.171
2023-04-16T11:35:09.000,15.92,-8.28,1.19,20.19,20.38,139831,-16.48,6.0,0.171
2023-04-16T11:36:09.000,15.98,-8.19,1.19,20.19,20.38,139832,-16.29,6.0,0.171
2023-04-16T11:37:10.000,16.0,-8.39,1.2,20.18,20.38,139833,-16.09,6.0,0.171
2023-04-16T11:38:10.000,15.96,-8.5,1.2,20.18,20.38,139834,-15.89,6.0,0.171
2023-04-16T11:39:10.000,15.99,-8.27,1.21,20.17,20.38,139835,-15.7,6.0,0.171
2023-04-16T11:41:10.000,16.08,-8.09,1.22,20.16,20.38,139837,-15.31,7.0,0.171
2023-04-16T11:42:10.000,16.13,-8.08,1.23,20.15,20.38,139838,-15.11,7.0,0.171
2023-04-16T11:43:11.000,16.16,-8.22,1.24,20.14,20.38,139839,-14.92,7.0,0.171
2023-04-16T11:44:10.000,16.13,-8.3,1.25,20.14,20.38,139840,-14.72,7.0,0.171
2023-04-16T11:45:11.000,16.13,-8.3,1.27,20.12,20.38,139841,-14.52,8.0,0.171
2023-04-16T11:46:11.000,16.13,-8.33,1.29,20.11,20.38,139842,-14.33,8.0,0.171
2023-04-16T11:47:11.000,16.08,-8.36,1.31,20.09,20.38,139843,-14.13,8.0,0.171
2023-04-16T11:48:11.000,16.06,-8.33,1.33,20.07,20.38,139844,-13.93,8.0,0.171
2023-04-16T11:50:18.000,16.11,-8.31,1.4,20.02,20.38,139846,-13.52,9.0,0.17
2023-04-16T11:51:19.000,16.1,-8.42,1.44,19.98,20.38,139847,-13.32,9.0,0.17
2023-04-16T11:52:20.000,16.06,-8.44,1.5,19.94,20.38,139848,-13.12,9.0,0.17
2023-04-16T11:53:19.000,16.05,-8.36,1.56,19.9,20.38,139849,-12.92,9.0,0.17
2023-04-16T11:54:19.000,16.05,-8.36,1.63,19.85,20.38,139850,-12.72,9.0,0.17
2023-04-16T11:55:21.000,16.03,-8.41,1.72,19.79,20.38,139851,-12.52,10.0,0.17
2023-04-16T11:56:21.000,16.03,-8.41,1.83,19.72,20.38,139852,-12.32,10.0,0.17
2023-04-16T11:58:22.000,15.95,-8.7,2.14,19.56,20.38,139854,-11.92,10.0,0.17
2023-04-16T12:01:22.000,15.75,-8.7,2.84,19.25,20.38,139857,-11.33,11.0,0.17
2023-04-16T12:03:22.000,15.65,-8.72,3.59,18.99,20.38,139859,-10.93,11.0,0.17
2023-04-16T12:17:25.000,15.15,-8.64,38.02,16.43,20.38,139873,-8.11,14.0,0.169
2023-04-16T12:18:25.000,15.18,-8.6,46.29,16.22,20.38,139874,-7.9,14.0,0.169
2023-04-16T12:20:26.000,15.16,-8.78,74.3,15.71,20.38,139876,-7.5,14.0,0.169
2023-04-16T12:21:25.000,15.17,-8.74,94.56,15.44,20.38,139877,-7.3,14.0,0.169
2023-04-16T12:23:26.000,15.13,-8.73,154.55,14.91,20.38,139879,-6.89,15.0,0.168
2023-04-16T12:24:26.000,15.07,-8.85,198.34,14.64,20.38,139880,-6.68,15.0,0.168
2023-04-16T12:25:26.000,15.01,-8.83,255.33,14.37,20.38,139881,-6.48,15.0,0.168
2023-04-16T12:26:26.000,14.99,-8.8,328.99,14.09,20.38,139882,-6.28,15.0,0.168
2023-04-16T12:27:26.000,14.95,-8.85,423.62,13.82,20.38,139883,-6.08,16.0,0.168
2023-04-16T12:28:26.000,14.9,-8.89,545.53,13.54,20.38,139884,-5.87,16.0,0.168
2023-04-16T12:30:26.000,14.78,-8.85,904.13,12.99,20.38,139886,-5.46,16.0,0.168
2023-04-16T12:31:26.000,14.75,-8.82,1163.17,12.72,20.38,139887,-5.26,16.0,0.168
2023-04-16T12:32:26.000,14.74,-8.8,1494.45,12.45,20.38,139888,-5.06,17.0,0.168
2023-04-16T12:33:26.000,14.74,-8.81,1923.29,12.17,20.38,139889,-4.85,17.0,0.168
2023-04-16T12:34:26.000,14.77,-8.75,2474.4,11.9,20.38,139890,-4.65,17.0,0.168
2023-04-16T12:35:27.000,14.77,-8.81,3179.16,11.63,20.38,139891,-4.44,17.0,0.168
2023-04-16T12:36:27.000,14.8,-8.77,4076.91,11.36,20.38,139892,-4.24,17.0,0.168
2023-04-16T12:37:28.000,14.79,-8.99,5196.43,11.09,20.38,139893,-4.03,17.0,0.168
2023-04-16T12:38:28.000,14.78,-8.9,6593.63,10.83,20.38,139894,-3.82,18.0,0.167
2023-04-16T12:39:28.000,14.79,-8.76,8316.2,10.58,20.38,139895,-3.62,18.0,0.167
2023-04-16T12:40:30.000,14.83,-8.7,10380.22,10.34,20.38,139896,-3.41,18.0,0.167
2023-04-16T12:41:31.000,14.82,-8.86,12895.27,10.11,20.38,139897,-3.2,18.0,0.167
2023-04-16T12:42:30.000,14.76,-9.08,15848.58,9.88,20.38,139898,-2.99,18.0,0.167
2023-04-16T12:43:30.000,14.8,-8.69,19289.02,9.67,20.38,139899,-2.79,19.0,0.167
2023-04-16T12:44:30.000,14.84,-8.8,23268.52,9.46,20.38,139900,-2.58,19.0,0.167
2023-04-16T12:45:31.000,14.88,-8.79,27507.15,9.37,20.38,139901,-2.37,19.0,0.167
2023-04-16T12:46:30.000,14.98,-8.65,32598.96,9.18,20.38,139902,-2.17,19.0,0.167
2023-04-16T12:47:30.000,15.04,-8.57,38801.82,8.91,20.38,139903,-1.97,19.0,0.167
2023-04-16T12:48:31.000,15.12,-8.67,45287.89,8.74,20.38,139904,-1.76,19.0,0.167
2023-04-16T12:49:31.000,15.16,-8.62,52423.82,8.58,20.38,139905,-1.55,20.0,0.167
2023-04-16T12:50:32.000,15.19,-8.71,60292.25,8.43,20.38,139906,-1.34,20.0,0.167
2023-04-16T12:51:33.000,15.19,-8.81,3595.4,0.46,20.38,139907,-1.13,20.0,0.167
2023-04-16T12:52:32.000,15.19,-8.71,0.0,0.0,20.38,139908,-0.93,20.0,0.167
2023-04-16T12:53:32.000,15.22,-8.83,0.0,0.0,20.38,139909,-0.72,20.0,0.167
2023-04-16T12:54:33.000,15.16,-9.24,0.0,0.0,20.38,139910,-0.51,21.0,0.167
2023-04-16T12:55:33.000,15.1,-9.18,0.11,0.2,20.38,139911,-0.3,21.0,0.166
2023-04-16T12:56:33.000,15.12,-8.98,0.0,0.0,20.38,139912,-0.1,21.0,0.166
2023-04-16T12:57:34.000,15.18,-8.91,0.0,0.0,20.38,139913,0.11,21.0,0.166
2023-04-16T12:58:35.000,15.25,-8.8,0.3,0.17,20.38,139914,0.32,21.0,0.166
2023-04-16T12:59:34.000,15.27,-8.93,0.0,0.0,20.38,139915,0.53,21.0,0.166
2023-04-16T13:00:35.000,15.24,-8.93,0.0,0.0,20.38,139916,0.74,22.0,0.166
2023-04-16T13:01:35.000,15.26,-8.91,0.0,0.0,20.38,139917,0.95,22.0,0.166
2023-04-16T13:09:35.000,15.14,-8.92,0.0,0.0,20.38,139925,2.61,23.0,0.166
2023-04-16T13:10:35.000,15.15,-8.94,0.0,0.0,20.38,139926,2.82,23.0,0.166
2023-04-16T13:11:35.000,15.1,-9.07,0.0,0.0,20.38,139927,3.02,24.0,0.165
2023-04-16T13:13:35.000,14.96,-9.02,0.0,0.0,20.38,139929,3.44,24.0,0.165
2023-04-16T13:14:35.000,14.96,-8.87,0.43,0.19,20.38,139930,3.65,24.0,0.165
2023-04-16T13:15:35.000,14.97,-8.81,0.0,0.0,20.38,139931,3.86,24.0,0.165
2023-04-16T13:16:35.000,14.95,-8.91,0.0,0.0,20.38,139932,4.07,24.0,0.165
2023-04-16T13:17:36.000,14.9,-8.93,0.23,0.09,20.38,139933,4.28,25.0,0.165
2023-04-16T13:18:36.000,14.82,-9.05,0.0,0.0,20.38,139934,4.49,25.0,0.165
2023-04-16T13:19:36.000,14.78,-8.95,0.0,0.0,20.38,139935,4.7,25.0,0.165
2023-04-16T13:20:36.000,14.76,-8.95,0.0,0.0,20.38,139936,4.91,25.0,0.165
2023-04-16T13:54:43.000,15.19,-8.84,0.0,0.0,20.38,139970,12.08,31.0,0.163
2023-04-16T13:55:43.000,15.3,-8.53,0.0,0.0,20.38,139971,12.29,31.0,0.163
2023-04-16T13:56:43.000,15.36,-8.57,0.0,0.0,20.38,139972,12.5,31.0,0.163
2023-04-16T13:58:44.000,15.46,-8.58,0.0,0.0,20.38,139974,12.92,31.0,0.163
2023-04-16T13:59:44.000,15.51,-8.49,0.0,0.0,20.38,139975,13.14,31.0,0.163
2023-04-16T14:00:44.000,15.57,-8.43,0.0,0.0,20.38,139976,13.35,32.0,0.163
2023-04-16T14:41:52.000,17.51,-5.76,0.0,0.0,20.38,140017,22.05,37.0,0.16
2023-04-16T14:42:52.000,17.61,-5.62,0.0,0.0,20.38,140018,22.26,37.0,0.16
2023-04-16T14:43:52.000,17.7,-5.58,0.0,0.0,20.38,140019,22.47,38.0,0.16
2023-04-16T14:45:52.000,17.9,-5.25,0.0,0.0,20.38,140021,22.89,38.0,0.16
2023-04-16T14:46:52.000,17.99,-5.34,0.0,0.0,20.38,140022,23.11,38.0,0.16
2023-04-16T14:47:52.000,18.04,-5.25,0.0,0.0,20.38,140023,23.32,38.0,0.16
2023-04-16T14:48:52.000,18.11,-5.17,0.0,0.0,20.38,140024,23.53,38.0,0.16
2023-04-16T14:50:54.000,18.27,-4.84,0.0,0.0,20.38,140026,23.96,38.0,0.16
2023-04-16T14:51:55.000,18.35,-4.72,0.0,0.0,20.38,140027,24.17,38.0,0.159
2023-04-16T14:52:55.000,18.43,-4.68,0.0,0.0,20.38,140028,24.39,39.0,0.159
2023-04-16T15:06:57.000,19.38,-3.24,0.0,0.0,20.38,140042,27.35,40.0,0.159
2023-04-16T15:07:57.000,19.44,-3.02,0.0,0.0,20.38,140043,27.56,40.0,0.159
2023-04-16T15:08:58.000,19.53,-2.76,0.0,0.0,20.38,140044,27.77,40.0,0.158
2023-04-16T15:10:58.000,19.73,-2.37,0.0,0.0,20.38,140046,28.19,41.0,0.158
2023-04-16T15:11:58.000,19.87,-2.23,0.0,0.0,20.38,140047,28.4,41.0,0.158
2023-04-16T15:12:58.000,20.01,-2.03,0.0,0.0,20.38,140048,28.61,41.0,0.158
2023-04-16T15:36:02.000,22.29,0.43,0.0,0.0,20.38,140071,33.45,43.0,0.157
2023-04-16T15:37:02.000,22.41,0.76,0.0,0.0,20.38,140072,33.66,43.0,0.157
2023-04-16T15:38:03.000,22.55,0.71,0.0,0.0,20.38,140073,33.87,43.0,0.157
2023-04-16T15:40:05.000,22.8,0.96,0.0,0.0,20.38,140075,34.3,43.0,0.157
2023-04-16T15:41:05.000,22.91,0.97,0.0,0.0,20.38,140076,34.5,43.0,0.157
2023-04-16T15:42:06.000,22.97,0.9,0.0,0.0,20.38,140077,34.72,43.0,0.156
2023-04-16T16:00:10.000,24.81,2.72,0.0,0.0,20.38,140095,38.46,44.0,0.155
2023-04-16T16:01:10.000,24.9,2.46,0.0,0.0,20.38,140096,38.66,45.0,0.155
2023-04-16T16:02:10.000,24.85,2.5,0.0,0.0,20.38,140097,38.87,45.0,0.155
2023-04-16T16:04:11.000,25.06,2.99,0.0,0.0,20.38,140099,39.28,45.0,0.155
2023-04-16T16:05:10.000,25.21,3.17,0.0,0.0,20.38,140100,39.48,45.0,0.155
2023-04-16T16:07:10.000,25.57,4.0,0.0,0.0,20.38,140102,39.89,45.0,0.155
2023-04-16T16:08:11.000,26.04,5.26,0.0,0.0,20.38,140103,40.1,45.0,0.155
2023-04-16T16:09:11.000,26.66,6.47,0.0,0.0,20.38,140104,40.31,45.0,0.155
2023-04-16T16:17:12.000,31.35,7.64,0.0,0.0,20.38,140112,41.94,45.0,0.154
2023-04-16T16:18:13.000,31.6,7.15,0.0,0.0,20.38,140113,42.14,45.0,0.154
2023-04-16T16:19:13.000,31.84,7.03,0.0,0.0,20.38,140114,42.35,45.0,0.154
2023-04-16T16:21:13.000,32.59,7.96,0.0,0.0,20.38,140116,42.75,45.0,0.154
2023-04-16T16:22:13.000,33.03,7.64,0.0,0.0,20.38,140117,42.95,45.0,0.154
2023-04-16T16:23:13.000,33.27,7.75,0.0,0.0,20.38,140118,43.15,45.0,0.154
2023-04-16T16:41:17.000,37.98,8.89,0.0,0.0,20.38,140136,46.76,46.0,0.153
2023-04-16T16:42:17.000,38.14,8.35,0.0,0.0,20.38,140137,46.96,46.0,0.153
2023-04-16T16:43:17.000,38.23,8.69,0.0,0.0,20.38,140138,47.15,46.0,0.153
2023-04-16T16:45:17.000,38.81,9.3,0.0,0.0,20.38,140140,47.54,46.0,0.153
2023-04-16T16:46:17.000,39.12,9.42,0.0,0.0,20.38,140141,47.74,46.0,0.153
2023-04-16T16:47:18.000,39.23,8.95,0.0,0.0,20.38,140142,47.94,46.0,0.153
2023-04-16T16:51:19.000,39.54,8.89,0.0,0.0,20.38,140146,48.72,46.0,0.152
2023-04-16T16:52:21.000,39.76,9.07,0.0,0.0,20.38,140147,48.92,46.0,0.152
2023-04-16T16:53:20.000,39.83,9.13,0.0,0.0,20.38,140148,49.11,46.0,0.152
2023-04-16T16:55:22.000,40.19,9.71,0.0,0.0,20.38,140150,49.5,45.0,0.152
2023-04-16T16:56:21.000,40.36,9.34,0.0,0.0,20.38,140151,49.69,45.0,0.152
2023-04-16T16:57:22.000,40.58,9.92,0.0,0.0,20.38,140152,49.89,45.0,0.152
2023-04-16T17:37:27.000,44.83,10.97,0.0,0.0,20.38,140192,57.2,44.0,0.15
2023-04-16T17:38:27.000,44.99,10.68,0.0,0.0,20.38,140193,57.37,44.0,0.15
2023-04-16T17:39:27.000,45.02,10.63,0.0,0.0,20.38,140194,57.54,44.0,0.15
2023-04-16T17:41:28.000,45.25,10.73,0.0,0.0,20.38,140196,57.88,44.0,0.15
2023-04-16T17:42:28.000,45.24,10.46,0.0,0.0,20.38,140197,58.05,43.0,0.149
2023-04-16T17:43:28.000,45.31,10.7,0.0,0.0,20.38,140198,58.21,43.0,0.149
2023-04-16T17:49:29.000,46.31,11.33,0.0,0.0,20.38,140204,59.2,43.0,0.149
2023-04-16T17:50:30.000,46.33,10.53,0.0,0.0,20.38,140205,59.36,43.0,0.149
2023-04-16T17:51:31.000,46.13,10.15,0.0,0.0,20.38,140206,59.53,43.0,0.149
2023-04-16T17:53:32.000,45.93,10.26,0.0,0.0,20.38,140208,59.85,43.0,0.149
