Downloads/jupyter/ECSV/stars19/stars19_2022-06.ecsv
# %ECSV 1.0
# ---
# datatype:
# - {name: time, datatype: string}
# - {name: Enclosure Temperature, unit: deg_C, datatype: float64}
# - {name: Sky Temperature, unit: deg_C, datatype: float64}
# - {name: Frequency, unit: Hz, datatype: float64}
# - {name: MSAS, unit: mag / arcsec2, datatype: float64}
# - {name: ZP, datatype: float64}
# - {name: Sequence Number, datatype: int64}
# - {name: Sun Alt, unit: deg, datatype: float64}
# - {name: Moon Alt, unit: deg, datatype: float64}
# - {name: Moon Illumination, datatype: float64}
# delimiter: ','
# meta: !!omap
# - ida:
#     Data supplier: {affiliation: null, observer: null}
#     Device type: TESS-W
#     Field of view: 17.0
#     Filters per channel: None
#     Instrument ID: stars19
#     License: ODbL 1.0 http://opendatacommons.org/licenses/odbl/summary/
#     Local timezone: America/Phoenix
#     Location name: {country: '- Tucson', place: Tucson, region: United States, sub_region: Arizona, town: Pima County}
#     Measurement direction per channel: {azimuth: 0.0, zenital: 0.0}
#     Moving / Fixed look direction: FIXED
#     Moving / Stationary position: STATIONARY
#     Number of channels: 1
#     Number of fields per line: 8
#     Number of header lines: 35
#     Position: {height: 0.0, latitude: 32.223877, longitude: -110.767532}
#     TESS MAC address: 18:FE:34:CF:EC:06
#     TESS cover offset value: 0.0
#     TESS firmware version: '1.0'
#     TESS zero point: 20.5
#     Time Synchronization: timestamp added by MQTT subscriber
#     URL: http://www.darksky.org/NSBM/sdf1.0.pdf
# - __serialized_columns__:
#     Enclosure Temperature:
#       __class__: astropy.units.quantity.Quantity
#       unit: &id001 !astropy.units.Unit {unit: deg_C}
#       value: !astropy.table.SerializedColumn {name: Enclosure Temperature}
#     Frequency:
#       __class__: astropy.units.quantity.Quantity
#       unit: !astropy.units.Unit {unit: Hz}
#       value: !astropy.table.SerializedColumn {name: Frequency}
#     MSAS:
#       __class__: astropy.units.quantity.Quantity
#       unit: !astropy.units.Unit {unit: mag / arcsec2}
#       value: !astropy.table.SerializedColumn {name: MSAS}
#     Moon Alt:
#       __class__: astropy.units.quantity.Quantity
#       unit: &id002 !astropy.units.Unit {unit: deg}
#       value: !astropy.table.SerializedColumn {name: Moon Alt}
#     Sky Temperature:
#       __class__: astropy.units.quantity.Quantity
#       unit: *id001
#       value: !astropy.table.SerializedColumn {name: Sky Temperature}
#     Sun Alt:
#       __class__: astropy.units.quantity.Quantity
#       unit: *id002
#       value: !astropy.table.SerializedColumn {name: Sun Alt}
#     time:
#       __class__: astropy.time.core.Time
#       format: isot
#       in_subfmt: '*'
#       out_subfmt: '*'
#       precision: 3
#       scale: utc
#       value: !astropy.table.SerializedColumn {name: time}
# schema: astropy-2.0
time,Enclosure Temperature,Sky Temperature,Frequency,MSAS,ZP,Sequence Number,Sun Alt,Moon Alt,Moon Illumination
[from data line 3632]
2022-06-05T08:56:16.000,28.24,2.26,1.13,20.25,20.5,161177,-30.73,-22.0,0.286
2022-06-05T08:57:16.000,28.21,1.98,1.13,20.25,20.5,161178,-30.64,-23.0,0.286
2022-06-05T08:58:20.000,28.16,1.98,1.13,20.25,20.5,161179,-30.54,-23.0,0.286
2022-06-05T08:59:20.000,28.1,1.99,1.16,20.22,20.5,161180,-30.44,-23.0,0.286
2022-06-05T09:00:21.000,28.08,2.08,1.17,20.21,20.5,161181,-30.35,-23.0,0.286
2022-06-05T09:01:21.000,28.06,2.02,1.17,20.21,20.5,161182,-30.25,-23.0,0.286
2022-06-05T09:02:22.000,28.04,2.01,1.14,20.24,20.5,161183,-30.16,-23.0,0.286
2022-06-05T09:03:22.000,28.05,2.1,1.13,20.25,20.5,161184,-30.06,-23.0,0.287
2022-06-05T09:05:28.000,28.07,1.99,1.13,20.25,20.5,161186,-29.85,-24.0,0.287
2022-06-05T09:06:28.000,28.02,1.83,1.13,20.25,20.5,161187,-29.75,-24.0,0.287
2022-06-05T09:07:28.000,27.97,1.89,1.13,20.25,20.5,161188,-29.66,-24.0,0.287
2022-06-05T09:08:29.000,27.95,1.78,1.13,20.25,20.5,161189,-29.55,-24.0,0.287
2022-06-05T09:09:29.000,27.92,1.77,1.13,20.25,20.5,161190,-29.45,-24.0,0.287
2022-06-05T09:10:28.000,27.9,1.78,1.13,20.25,20.5,161191,-29.35,-24.0,0.287
2022-06-05T09:11:29.000,27.9,1.79,1.13,20.25,20.5,161192,-29.25,-25.0,0.287
2022-06-05T09:12:29.000,27.86,1.55,1.13,20.25,20.5,161193,-29.14,-25.0,0.287
2022-06-05T09:13:29.000,27.8,1.57,1.13,20.25,20.5,161194,-29.04,-25.0,0.287
2022-06-05T09:14:29.000,27.73,1.43,1.13,20.25,20.5,161195,-28.93,-25.0,0.287
2022-06-05T09:15:29.000,27.66,1.47,1.13,20.25,20.5,161196,-28.83,-25.0,0.287
2022-06-05T09:16:29.000,27.57,1.41,1.13,20.25,20.5,161197,-28.72,-25.0,0.287
2022-06-05T09:17:29.000,27.5,1.28,1.13,20.25,20.5,161198,-28.61,-25.0,0.287
2022-06-05T09:18:29.000,27.4,1.39,1.13,20.25,20.5,161199,-28.5,-26.0,0.287
2022-06-05T09:19:29.000,27.37,1.51,1.13,20.25,20.5,161200,-28.4,-26.0,0.288
2022-06-05T09:20:29.000,27.36,1.51,1.13,20.25,20.5,161201,-28.29,-26.0,0.288
2022-06-05T09:21:29.000,27.36,1.45,1.13,20.25,20.5,161202,-28.18,-26.0,0.288
2022-06-05T09:22:30.000,27.36,1.47,1.13,20.25,20.5,161203,-28.06,-26.0,0.288
2022-06-05T09:23:30.000,27.36,1.45,1.13,20.25,20.5,161204,-27.95,-26.0,0.288
2022-06-05T09:24:30.000,27.38,1.44,1.13,20.25,20.5,161205,-27.84,-26.0,0.288
2022-06-05T09:25:30.000,27.36,1.29,1.13,20.25,20.5,161206,-27.73,-27.0,0.288
2022-06-05T09:26:30.000,27.33,1.27,1.13,20.25,20.5,161207,-27.61,-27.0,0.288
2022-06-05T09:27:30.000,27.33,1.33,1.13,20.25,20.5,161208,-27.5,-27.0,0.288
2022-06-05T09:28:30.000,27.32,1.25,1.12,20.26,20.5,161209,-27.38,-27.0,0.288
2022-06-05T09:29:30.000,27.29,1.27,1.12,20.25,20.5,161210,-27.27,-27.0,0.288
2022-06-05T09:30:30.000,27.25,1.26,1.12,20.26,20.5,161211,-27.15,-27.0,0.288
2022-06-05T09:31:30.000,27.22,1.22,1.12,20.26,20.5,161212,-27.03,-27.0,0.288
2022-06-05T09:32:30.000,27.2,1.27,1.12,20.26,20.5,161213,-26.91,-28.0,0.288
2022-06-05T09:33:30.000,27.18,1.22,1.12,20.26,20.5,161214,-26.79,-28.0,0.288
2022-06-05T09:34:31.000,27.18,1.22,1.12,20.26,20.5,161215,-26.67,-28.0,0.288
2022-06-05T09:35:30.000,27.14,1.09,1.12,20.25,20.5,161216,-26.55,-28.0,0.288
2022-06-05T09:36:31.000,27.1,1.14,1.13,20.25,20.5,161217,-26.43,-28.0,0.289
2022-06-05T09:37:31.000,27.08,1.19,1.13,20.25,20.5,161218,-26.31,-28.0,0.289
2022-06-05T09:38:31.000,27.06,1.13,1.13,20.24,20.5,161219,-26.19,-28.0,0.289
2022-06-05T09:39:31.000,27.04,1.16,1.14,20.24,20.5,161220,-26.07,-28.0,0.289
2022-06-05T09:40:31.000,27.0,1.05,1.14,20.24,20.5,161221,-25.94,-29.0,0.289
2022-06-05T09:42:32.000,26.94,1.02,1.14,20.24,20.5,161223,-25.69,-29.0,0.289
2022-06-05T09:43:32.000,26.89,0.93,1.13,20.24,20.5,161224,-25.57,-29.0,0.289
2022-06-05T09:44:32.000,26.88,1.03,1.13,20.24,20.5,161225,-25.44,-29.0,0.289
2022-06-05T09:45:32.000,26.89,1.03,1.13,20.24,20.5,161226,-25.31,-29.0,0.289
2022-06-05T09:46:32.000,26.9,1.0,1.13,20.25,20.5,161227,-25.19,-29.0,0.289
2022-06-05T09:47:32.000,26.92,1.03,1.13,20.25,20.5,161228,-25.06,-29.0,0.289
2022-06-05T09:48:32.000,26.92,0.92,1.13,20.24,20.5,161229,-24.93,-30.0,0.289
2022-06-05T09:49:32.000,26.89,0.75,1.14,20.24,20.5,161230,-24.8,-30.0,0.289
2022-06-05T09:50:32.000,26.85,0.69,1.14,20.24,20.5,161231,-24.67,-30.0,0.289
2022-06-05T09:51:32.000,26.77,0.62,1.15,20.23,20.5,161232,-24.54,-30.0,0.289
2022-06-05T09:52:32.000,26.7,0.69,1.15,20.23,20.5,161233,-24.41,-30.0,0.29
2022-06-05T09:54:32.000,26.61,0.69,1.14,20.24,20.5,161235,-24.14,-30.0,0.29
2022-06-05T09:56:33.000,26.57,0.69,1.14,20.24,20.5,161237,-23.88,-31.0,0.29
2022-06-05T09:57:33.000,26.54,0.63,1.14,20.23,20.5,161238,-23.74,-31.0,0.29
2022-06-05T09:58:33.000,26.51,0.58,1.14,20.24,20.5,161239,-23.61,-31.0,0.29
2022-06-05T09:59:33.000,26.48,0.64,1.18,20.2,20.5,161240,-23.47,-31.0,0.29
2022-06-05T10:00:33.000,26.45,0.55,1.18,20.2,20.5,161241,-23.34,-31.0,0.29
2022-06-05T10:01:33.000,26.42,0.54,1.18,20.2,20.5,161242,-23.2,-31.0,0.29
2022-06-05T10:02:33.000,26.42,0.58,1.14,20.24,20.5,161243,-23.06,-31.0,0.29
2022-06-05T10:05:39.000,26.41,0.48,1.14,20.24,20.5,161246,-22.64,-32.0,0.29
2022-06-05T10:06:39.000,26.38,0.45,1.14,20.23,20.5,161247,-22.5,-32.0,0.29
2022-06-05T10:07:39.000,26.37,0.52,1.15,20.23,20.5,161248,-22.36,-32.0,0.29
2022-06-05T10:08:39.000,26.37,0.42,1.16,20.22,20.5,161249,-22.22,-32.0,0.291
2022-06-05T10:09:39.000,26.36,0.44,1.16,20.22,20.5,161250,-22.08,-32.0,0.291
2022-06-05T10:10:39.000,26.38,0.39,1.17,20.21,20.5,161251,-21.93,-32.0,0.291
2022-06-05T10:12:39.000,26.36,0.14,1.17,20.21,20.5,161253,-21.65,-32.0,0.291
2022-06-05T10:13:39.000,26.33,0.1,1.17,20.21,20.5,161254,-21.51,-32.0,0.291
2022-06-05T10:14:40.000,26.3,0.14,1.17,20.21,20.5,161255,-21.36,-33.0,0.291
2022-06-05T10:15:39.000,26.31,0.14,1.16,20.22,20.5,161256,-21.22,-33.0,0.291
2022-06-05T10:16:40.000,26.33,0.02,1.16,20.22,20.5,161257,-21.07,-33.0,0.291
2022-06-05T10:17:40.000,26.31,-0.27,1.16,20.22,20.5,161258,-20.93,-33.0,0.291
2022-06-05T10:18:40.000,26.26,-0.34,1.16,20.22,20.5,161259,-20.78,-33.0,0.291
2022-06-05T10:19:40.000,26.27,-0.28,1.16,20.22,20.5,161260,-20.64,-33.0,0.291
2022-06-05T10:20:40.000,26.24,-0.39,1.16,20.22,20.5,161261,-20.49,-33.0,0.291
2022-06-05T10:21:40.000,26.24,-0.27,1.15,20.23,20.5,161262,-20.34,-33.0,0.291
2022-06-05T10:22:40.000,26.25,-0.29,1.15,20.23,20.5,161263,-20.19,-33.0,0.291
2022-06-05T10:23:40.000,26.25,-0.33,1.14,20.23,20.5,161264,-20.05,-33.0,0.291
2022-06-05T10:24:40.000,26.25,-0.37,1.14,20.24,20.5,161265,-19.9,-34.0,0.291
2022-06-05T10:25:40.000,26.23,-0.43,1.14,20.24,20.5,161266,-19.75,-34.0,0.292
2022-06-05T10:26:40.000,26.15,-0.66,1.14,20.24,20.5,161267,-19.6,-34.0,0.292
2022-06-05T10:27:41.000,26.08,-0.43,1.14,20.24,20.5,161268,-19.45,-34.0,0.292
2022-06-05T10:28:40.000,26.05,-0.43,1.14,20.24,20.5,161269,-19.3,-34.0,0.292
2022-06-05T10:29:41.000,26.01,-0.47,1.13,20.25,20.5,161270,-19.15,-34.0,0.292
2022-06-05T10:30:41.000,25.98,-0.39,1.13,20.25,20.5,161271,-18.99,-34.0,0.292
2022-06-05T10:31:41.000,25.98,-0.36,1.13,20.25,20.5,161272,-18.84,-34.0,0.292
2022-06-05T10:32:41.000,25.97,-0.33,1.13,20.24,20.5,161273,-18.69,-34.0,0.292
2022-06-05T10:33:41.000,25.97,-0.28,1.13,20.24,20.5,161274,-18.54,-34.0,0.292
2022-06-05T10:34:41.000,25.98,-0.29,1.37,20.12,20.5,161275,-18.38,-34.0,0.292
2022-06-05T10:35:41.000,25.99,-0.38,1.26,20.16,20.5,161276,-18.23,-35.0,0.292
2022-06-05T10:36:41.000,26.0,-0.41,1.14,20.24,20.5,161277,-18.07,-35.0,0.292
2022-06-05T10:37:41.000,26.0,-0.55,1.14,20.24,20.5,161278,-17.92,-35.0,0.292
2022-06-05T10:38:41.000,25.95,-0.64,1.14,20.24,20.5,161279,-17.76,-35.0,0.292
2022-06-05T10:39:41.000,25.95,-0.62,1.14,20.24,20.5,161280,-17.61,-35.0,0.292
2022-06-05T10:40:41.000,25.98,-0.59,1.13,20.24,20.5,161281,-17.45,-35.0,0.292
2022-06-05T10:41:42.000,26.01,-0.63,1.13,20.25,20.5,161282,-17.29,-35.0,0.293
2022-06-05T10:42:41.000,26.02,-0.64,1.13,20.25,20.5,161283,-17.14,-35.0,0.293
2022-06-05T10:43:42.000,26.03,-0.65,1.13,20.25,20.5,161284,-16.98,-35.0,0.293
2022-06-05T10:44:42.000,26.03,-0.73,1.13,20.25,20.5,161285,-16.82,-35.0,0.293
2022-06-05T10:45:42.000,25.98,-0.94,1.13,20.25,20.5,161286,-16.66,-35.0,0.293
2022-06-05T10:46:42.000,25.94,-0.8,1.13,20.25,20.5,161287,-16.5,-36.0,0.293
2022-06-05T10:47:42.000,25.89,-0.7,1.13,20.25,20.5,161288,-16.35,-36.0,0.293
2022-06-05T10:48:42.000,25.88,-0.69,1.13,20.24,20.5,161289,-16.19,-36.0,0.293
2022-06-05T10:49:42.000,25.88,-0.69,1.13,20.25,20.5,161290,-16.03,-36.0,0.293
2022-06-05T10:50:42.000,25.86,-0.83,1.13,20.24,20.5,161291,-15.87,-36.0,0.293
2022-06-05T10:51:42.000,25.78,-0.85,1.13,20.24,20.5,161292,-15.7,-36.0,0.293
2022-06-05T10:52:42.000,25.74,-0.76,1.14,20.24,20.5,161293,-15.54,-36.0,0.293
2022-06-05T10:53:43.000,25.73,-0.7,1.14,20.24,20.5,161294,-15.38,-36.0,0.293
2022-06-05T10:54:43.000,25.71,-0.71,1.14,20.24,20.5,161295,-15.22,-36.0,0.293
2022-06-05T10:55:43.000,25.7,-0.72,1.14,20.24,20.5,161296,-15.05,-36.0,0.293
2022-06-05T10:56:43.000,25.66,-0.85,1.15,20.23,20.5,161297,-14.89,-36.0,0.293
2022-06-05T10:57:44.000,25.62,-0.78,1.15,20.23,20.5,161298,-14.73,-36.0,0.294
2022-06-05T10:58:44.000,25.55,-0.93,1.16,20.22,20.5,161299,-14.56,-36.0,0.294
2022-06-05T11:00:45.000,25.52,-0.83,1.17,20.21,20.5,161301,-14.23,-37.0,0.294
2022-06-05T11:01:50.000,25.52,-0.71,1.18,20.2,20.5,161302,-14.05,-37.0,0.294
2022-06-05T11:02:50.000,25.54,-0.78,1.19,20.19,20.5,161303,-13.89,-37.0,0.294
2022-06-05T11:03:50.000,25.54,-0.82,1.2,20.18,20.5,161304,-13.72,-37.0,0.294
2022-06-05T11:04:50.000,25.54,-0.88,1.22,20.17,20.5,161305,-13.56,-37.0,0.294
2022-06-05T11:05:50.000,25.55,-0.84,1.24,20.15,20.5,161306,-13.39,-37.0,0.294
2022-06-05T11:06:50.000,25.56,-0.97,1.26,20.13,20.5,161307,-13.22,-37.0,0.294
2022-06-05T11:07:50.000,25.56,-0.98,1.29,20.11,20.5,161308,-13.05,-37.0,0.294
2022-06-05T11:08:50.000,25.54,-1.03,1.32,20.08,20.5,161309,-12.89,-37.0,0.294
2022-06-05T11:09:50.000,25.52,-1.1,1.35,20.05,20.5,161310,-12.72,-37.0,0.294
2022-06-05T11:11:56.000,25.46,-1.16,1.45,19.98,20.5,161312,-12.37,-37.0,0.294
2022-06-05T11:12:57.000,25.41,-1.03,1.51,19.93,20.5,161313,-12.19,-37.0,0.294
2022-06-05T11:13:56.000,25.41,-1.03,1.58,19.88,20.5,161314,-12.03,-37.0,0.295
2022-06-05T11:14:57.000,25.4,-1.02,1.66,19.83,20.5,161315,-11.85,-37.0,0.295
2022-06-05T11:15:57.000,25.44,-1.02,1.75,19.77,20.5,161316,-11.68,-37.0,0.295
2022-06-05T11:16:57.000,25.4,-1.11,1.87,19.7,20.5,161317,-11.51,-38.0,0.295
2022-06-05T11:17:57.000,25.38,-1.08,1.99,19.63,20.5,161318,-11.34,-38.0,0.295
2022-06-05T11:18:57.000,25.38,-1.02,2.13,19.56,20.5,161319,-11.17,-38.0,0.295
2022-06-05T11:19:57.000,25.37,-1.01,2.31,19.47,20.5,161320,-11.0,-38.0,0.295
2022-06-05T11:20:57.000,25.36,-1.04,2.52,19.38,20.5,161321,-10.83,-38.0,0.295
2022-06-05T11:21:57.000,25.35,-1.02,2.75,19.28,20.5,161322,-10.66,-38.0,0.295
2022-06-05T11:22:57.000,25.34,-1.01,3.04,19.17,20.5,161323,-10.48,-38.0,0.295
2022-06-05T11:23:57.000,25.34,-1.0,3.38,19.06,20.5,161324,-10.31,-38.0,0.295
2022-06-05T11:24:57.000,25.3,-1.07,3.78,18.94,20.5,161325,-10.14,-38.0,0.295
2022-06-05T11:25:57.000,25.29,-1.0,4.25,18.81,20.5,161326,-9.97,-38.0,0.295
2022-06-05T11:26:57.000,25.25,-1.05,4.81,18.68,20.5,161327,-9.79,-38.0,0.295
2022-06-05T11:27:58.000,25.18,-1.06,5.47,18.54,20.5,161328,-9.61,-38.0,0.295
2022-06-05T11:28:58.000,25.15,-0.96,6.28,18.39,20.5,161329,-9.44,-38.0,0.295
2022-06-05T11:29:58.000,25.12,-1.02,7.21,18.24,20.5,161330,-9.27,-38.0,0.295
2022-06-05T11:30:58.000,25.09,-1.09,8.36,18.08,20.5,161331,-9.09,-38.0,0.296
2022-06-05T11:31:58.000,25.04,-1.03,9.74,17.91,20.5,161332,-8.92,-38.0,0.296
2022-06-05T11:32:58.000,25.02,-1.02,11.41,17.74,20.5,161333,-8.74,-38.0,0.296
2022-06-05T11:33:58.000,25.0,-0.91,13.62,17.55,20.5,161334,-8.56,-38.0,0.296
2022-06-05T11:34:58.000,24.99,-0.97,16.15,17.36,20.5,161335,-8.39,-38.0,0.296
2022-06-05T11:35:58.000,24.97,-0.9,19.3,17.17,20.5,161336,-8.21,-38.0,0.296
2022-06-05T11:36:59.000,24.94,-0.99,23.4,16.96,20.5,161337,-8.03,-38.0,0.296
2022-06-05T11:37:58.000,24.91,-0.93,28.59,16.74,20.5,161338,-7.86,-38.0,0.296
2022-06-05T11:39:59.000,24.88,-0.89,43.41,16.29,20.5,161340,-7.5,-38.0,0.296
2022-06-05T11:40:59.000,24.85,-0.88,53.12,16.07,20.5,161341,-7.32,-39.0,0.296
2022-06-05T11:41:59.000,24.82,-0.89,67.84,15.8,20.5,161342,-7.14,-39.0,0.296
2022-06-05T11:42:59.000,24.8,-0.93,85.95,15.55,20.5,161343,-6.96,-39.0,0.296
2022-06-05T11:43:59.000,24.79,-0.86,109.15,15.29,20.5,161344,-6.78,-39.0,0.296
2022-06-05T11:44:59.000,24.8,-0.83,138.58,15.03,20.5,161345,-6.61,-39.0,0.296
2022-06-05T11:45:59.000,24.79,-0.94,176.29,14.77,20.5,161346,-6.43,-39.0,0.296
2022-06-05T11:47:59.000,24.79,-0.88,283.08,14.25,20.5,161348,-6.07,-39.0,0.297
2022-06-05T11:48:59.000,24.78,-1.02,356.97,14.0,20.5,161349,-5.89,-39.0,0.297
2022-06-05T11:49:59.000,24.77,-0.96,449.19,13.75,20.5,161350,-5.7,-39.0,0.297
2022-06-05T11:50:59.000,24.76,-0.99,563.08,13.51,20.5,161351,-5.52,-39.0,0.297
2022-06-05T11:51:59.000,24.76,-0.98,703.91,13.26,20.5,161352,-5.34,-39.0,0.297
2022-06-05T11:52:59.000,24.77,-0.9,877.42,13.02,20.5,161353,-5.16,-39.0,0.297
2022-06-05T11:54:00.000,24.78,-0.94,1089.21,12.79,20.5,161354,-4.98,-39.0,0.297
2022-06-05T11:56:06.000,24.77,-0.93,1696.29,12.31,20.5,161356,-4.59,-39.0,0.297
2022-06-05T11:57:06.000,24.77,-1.02,2092.85,12.08,20.5,161357,-4.41,-39.0,0.297
2022-06-05T11:58:06.000,24.72,-1.41,2572.36,11.86,20.5,161358,-4.23,-39.0,0.297
2022-06-05T11:59:06.000,24.64,-1.43,3155.8,11.63,20.5,161359,-4.05,-39.0,0.297
2022-06-05T12:00:06.000,24.58,-1.49,3866.73,11.41,20.5,161360,-3.86,-39.0,0.297
2022-06-05T12:02:07.000,24.58,-1.44,5806.88,10.97,20.5,161362,-3.49,-39.0,0.297
2022-06-05T12:03:07.000,24.64,-1.27,7120.44,10.75,20.5,161363,-3.31,-39.0,0.298
2022-06-05T12:04:07.000,24.62,-1.56,8657.75,10.54,20.5,161364,-3.12,-39.0,0.298
2022-06-05T12:05:07.000,24.59,-1.62,10400.24,10.34,20.5,161365,-2.94,-39.0,0.298
2022-06-05T12:06:07.000,24.6,-1.53,12391.96,10.15,20.5,161366,-2.75,-39.0,0.298
2022-06-05T12:07:07.000,24.58,-1.7,14666.13,9.97,20.5,161367,-2.57,-39.0,0.298
2022-06-05T12:08:08.000,24.57,-1.64,17207.51,9.79,20.5,161368,-2.38,-39.0,0.298
2022-06-05T12:09:08.000,24.59,-1.55,20013.84,9.63,20.5,161369,-2.19,-39.0,0.298
2022-06-05T12:10:08.000,24.59,-1.69,23128.92,9.47,20.5,161370,-2.01,-39.0,0.298
2022-06-05T12:11:08.000,24.56,-1.75,26304.85,9.39,20.5,161371,-1.82,-39.0,0.298
2022-06-05T12:12:08.000,24.48,-1.89,30477.62,9.17,20.5,161372,-1.64,-39.0,0.298
2022-06-05T12:13:08.000,24.47,-1.83,34806.4,9.03,20.5,161373,-1.45,-39.0,0.298
2022-06-05T12:14:08.000,24.45,-1.83,39610.83,8.89,20.5,161374,-1.26,-39.0,0.298
2022-06-05T12:15:08.000,24.44,-1.92,44951.07,8.75,20.5,161375,-1.07,-39.0,0.298
2022-06-05T12:16:08.000,24.42,-1.94,50826.63,8.62,20.5,161376,-0.89,-39.0,0.298
2022-06-05T12:17:08.000,24.4,-2.02,57163.93,8.49,20.5,161377,-0.7,-39.0,0.298
2022-06-05T12:18:08.000,24.38,-2.01,40419.75,5.4,20.5,161378,-0.51,-39.0,0.298
2022-06-05T12:19:08.000,24.34,-2.16,0.44,0.18,20.5,161379,-0.32,-39.0,0.299
2022-06-05T12:21:08.000,24.23,-2.21,0.0,0.0,20.5,161381,0.05,-39.0,0.299
2022-06-05T12:22:09.000,24.18,-2.21,0.0,0.0,20.5,161382,0.24,-39.0,0.299
2022-06-05T12:23:09.000,24.15,-2.21,0.0,0.0,20.5,161383,0.43,-39.0,0.299
2022-06-05T12:45:10.000,23.61,-1.89,0.0,0.0,20.5,161405,4.64,-38.0,0.3
2022-06-05T12:46:10.000,23.61,-2.2,0.0,0.0,20.5,161406,4.84,-38.0,0.3
2022-06-05T12:47:10.000,23.57,-2.1,0.0,0.0,20.5,161407,5.03,-38.0,0.3
2022-06-05T12:48:10.000,23.58,-2.0,0.44,0.19,20.5,161408,5.23,-38.0,0.3
2022-06-05T12:49:11.000,23.61,-2.0,0.0,0.0,20.5,161409,5.42,-38.0,0.3
2022-06-05T12:50:11.000,23.57,-2.27,0.19,0.09,20.5,161410,5.62,-38.0,0.3
2022-06-05T12:51:10.000,23.58,-2.01,0.12,0.09,20.5,161411,5.81,-38.0,0.301
2022-06-05T12:52:10.000,23.6,-2.02,0.0,0.0,20.5,161412,6.0,-38.0,0.301
2022-06-05T12:53:11.000,23.59,-2.07,0.0,0.0,20.5,161413,6.2,-38.0,0.301
2022-06-05T12:54:11.000,23.59,-2.17,0.0,0.0,20.5,161414,6.4,-38.0,0.301
2022-06-05T12:59:13.000,23.43,-1.93,0.0,0.0,20.5,161419,7.38,-38.0,0.301
2022-06-05T13:00:13.000,23.52,-1.89,0.0,0.0,20.5,161420,7.58,-38.0,0.301
2022-06-05T13:01:13.000,23.59,-1.9,0.0,0.0,20.5,161421,7.77,-38.0,0.301
