Downloads/jupyter/ECSV/stars19/stars19_2020-01.ecsv
# %ECSV 1.0
# ---
# datatype:
# - {name: time, datatype: string}
# - {name: Enclosure Temperature, unit: deg_C, datatype: float64}
# - {name: Sky Temperature, unit: deg_C, datatype: float64}
# - {name: Frequency, unit: Hz, datatype: float64}
# - {name: MSAS, unit: mag / arcsec2, datatype: float64}
# - {name: ZP, datatype: float64}
# - {name: Sequence Number, datatype: int64}
# - {name: Sun Alt, unit: deg, datatype: float64}
# - {name: Moon Alt, unit: deg, datatype: float64}
# - {name: Moon Illumination, datatype: float64}
# delimiter: ','
# meta: !!omap
# - ida:
#     Data supplier: {affiliation: null, observer: null}
#     Device type: TESS-W
#     Field of view: 17.0
#     Filters per channel: None
#     Instrument ID: stars19
#     License: ODbL 1.0 http://opendatacommons.org/licenses/odbl/summary/
#     Local timezone: America/Phoenix
#     Location name: {country: '- Tucson', place: Tucson, region: United States, sub_region: Arizona, town: Pima County}
#     Measurement direction per channel: {azimuth: 0.0, zenital: 0.0}
#     Moving / Fixed look direction: FIXED
#     Moving / Stationary position: STATIONARY
#     Number of channels: 1
#     Number of fields per line: 8
#     Number of header lines: 35
#     Position: {height: 0.0, latitude: 32.223877, longitude: -110.767532}
#     TESS MAC address: 18:FE:34:CF:EC:06
#     TESS cover offset value: 0.0
#     TESS firmware version: '1.0'
#     TESS zero point: 20.5
#     Time Synchronization: timestamp added by MQTT subscriber
#     URL: http://www.darksky.org/NSBM/sdf1.0.pdf
# - __serialized_columns__:
#     Enclosure Temperature:
#       __class__: astropy.units.quantity.Quantity
#       unit: &id001 !astropy.units.Unit {unit: deg_C}
#       value: !astropy.table.SerializedColumn {name: Enclosure Temperature}
#     Frequency:
#       __class__: astropy.units.quantity.Quantity
#       unit: !astropy.units.Unit {unit: Hz}
#       value: !astropy.table.SerializedColumn {name: Frequency}
#     MSAS:
#       __class__: astropy.units.quantity.Quantity
#       unit: !astropy.units.Unit {unit: mag / arcsec2}
#       value: !astropy.table.SerializedColumn {name: MSAS}
#     Moon Alt:
#       __class__: astropy.units.quantity.Quantity
#       unit: &id002 !astropy.units.Unit {unit: deg}
#       value: !astropy.table.SerializedColumn {name: Moon Alt}
#     Sky Temperature:
#       __class__: astropy.units.quantity.Quantity
#       unit: *id001
#       value: !astropy.table.SerializedColumn {name: Sky Temperature}
#     Sun Alt:
#       __class__: astropy.units.quantity.Quantity
#       unit: *id002
#       value: !astropy.table.SerializedColumn {name: Sun Alt}
#     time:
#       __class__: astropy.time.core.Time
#       format: isot
#       in_subfmt: '*'
#       out_subfmt: '*'
#       precision: 3
#       scale: utc
#       value: !astropy.table.SerializedColumn {name: time}
# schema: astropy-2.0
time,Enclosure Temperature,Sky Temperature,Frequency,MSAS,ZP,Sequence Number,Sun Alt,Moon Alt,Moon Illumination
[from data line 3141]
2020-01-04T13:04:08.000,9.87,-16.28,0.89,20.5,20.5,235641,-16.66,-48.0,0.628
2020-01-04T13:05:08.000,9.78,-16.39,0.9,20.5,20.5,235642,-16.45,-48.0,0.628
2020-01-04T13:07:09.000,10.79,-16.56,0.9,20.49,20.5,235644,-16.05,-48.0,0.628
2020-01-04T13:08:09.000,10.97,-16.21,0.91,20.49,20.5,235645,-15.84,-48.0,0.629
2020-01-04T13:09:09.000,10.9,-16.12,0.91,20.48,20.5,235646,-15.64,-48.0,0.629
2020-01-04T13:10:09.000,10.65,-16.16,0.92,20.47,20.5,235647,-15.44,-49.0,0.629
2020-01-04T13:11:09.000,10.29,-16.03,0.94,20.45,20.5,235648,-15.24,-49.0,0.629
2020-01-04T13:12:10.000,9.86,-16.37,0.95,20.44,20.5,235649,-15.03,-49.0,0.629
2020-01-04T13:14:10.000,10.23,-16.78,0.98,20.4,20.5,235651,-14.63,-49.0,0.629
2020-01-04T13:15:11.000,10.83,-16.55,1.0,20.38,20.5,235652,-14.43,-49.0,0.629
2020-01-04T13:16:11.000,11.06,-16.5,1.02,20.35,20.5,235653,-14.23,-49.0,0.629
2020-01-04T13:17:11.000,10.97,-16.3,1.05,20.32,20.5,235654,-14.02,-49.0,0.629
2020-01-04T13:18:12.000,10.69,-16.4,1.09,20.28,20.5,235655,-13.82,-49.0,0.629
2020-01-04T13:19:12.000,10.15,-16.65,1.14,20.24,20.5,235656,-13.62,-49.0,0.629
2020-01-04T13:20:12.000,9.77,-16.63,1.19,20.19,20.5,235657,-13.42,-49.0,0.629
2020-01-04T13:21:12.000,9.92,-16.88,1.27,20.12,20.5,235658,-13.22,-49.0,0.629
2020-01-04T13:22:13.000,10.53,-16.85,1.35,20.05,20.5,235659,-13.02,-50.0,0.629
2020-01-04T13:23:13.000,10.9,-16.74,1.45,19.97,20.5,235660,-12.82,-50.0,0.63
2020-01-04T13:24:14.000,10.89,-16.74,1.57,19.89,20.5,235661,-12.61,-50.0,0.63
2020-01-04T13:27:14.000,9.72,-16.56,2.13,19.56,20.5,235664,-12.01,-50.0,0.63
2020-01-04T13:28:15.000,9.91,-16.8,2.4,19.43,20.5,235665,-11.81,-50.0,0.63
2020-01-04T13:29:15.000,10.5,-16.69,2.75,19.28,20.5,235666,-11.61,-50.0,0.63
2020-01-04T13:30:15.000,10.86,-16.51,3.18,19.12,20.5,235667,-11.41,-50.0,0.63
2020-01-04T13:31:15.000,10.85,-16.26,3.69,18.96,20.5,235668,-11.21,-50.0,0.63
2020-01-04T13:32:15.000,10.62,-16.2,4.28,18.8,20.5,235669,-11.01,-50.0,0.63
2020-01-04T13:33:16.000,10.28,-15.94,5.03,18.63,20.5,235670,-10.81,-50.0,0.63
2020-01-04T13:42:17.000,10.25,-16.58,22.77,16.99,20.5,235679,-9.03,-51.0,0.631
2020-01-04T13:43:17.000,10.57,-16.66,26.41,16.83,20.5,235680,-8.83,-51.0,0.631
2020-01-04T13:44:17.000,10.52,-16.57,30.95,16.65,20.5,235681,-8.64,-51.0,0.631
2020-01-04T13:45:17.000,10.32,-16.06,36.13,16.49,20.5,235682,-8.44,-51.0,0.631
2020-01-04T13:46:18.000,9.98,-15.99,42.32,16.31,20.5,235683,-8.24,-51.0,0.631
2020-01-04T13:47:18.000,9.81,-16.23,48.76,16.16,20.5,235684,-8.04,-51.0,0.631
2020-01-04T13:48:18.000,10.23,-16.34,59.18,15.95,20.5,235685,-7.85,-51.0,0.631
2020-01-04T13:49:19.000,10.64,-16.45,71.69,15.74,20.5,235686,-7.65,-51.0,0.631
2020-01-04T13:50:19.000,10.55,-16.89,87.7,15.52,20.5,235687,-7.45,-51.0,0.631
2020-01-04T13:51:19.000,10.19,-16.77,108.45,15.29,20.5,235688,-7.26,-51.0,0.631
2020-01-04T13:52:19.000,9.89,-16.39,135.39,15.05,20.5,235689,-7.06,-51.0,0.631
2020-01-04T13:56:20.000,10.31,-16.83,344.67,14.04,20.5,235693,-6.28,-51.0,0.632
2020-01-04T13:58:20.000,9.55,-16.13,564.76,13.5,20.5,235695,-5.89,-51.0,0.632
2020-01-04T14:00:21.000,8.88,-16.09,939.33,12.95,20.5,235697,-5.5,-52.0,0.632
2020-01-04T14:01:22.000,8.6,-15.88,1216.67,12.67,20.5,235698,-5.3,-52.0,0.632
2020-01-04T14:03:23.000,7.94,-16.05,2049.42,12.1,20.5,235700,-4.91,-52.0,0.632
2020-01-04T14:07:23.000,6.82,-16.02,5520.16,11.03,20.5,235704,-4.14,-52.0,0.632
2020-01-04T14:08:23.000,6.65,-15.95,6936.44,10.78,20.5,235705,-3.94,-52.0,0.632
2020-01-04T14:09:24.000,6.5,-15.95,8662.44,10.54,20.5,235706,-3.75,-52.0,0.632
2020-01-04T14:10:24.000,6.36,-15.9,10711.78,10.31,20.5,235707,-3.56,-52.0,0.633
2020-01-04T14:11:24.000,6.24,-16.0,13126.76,10.09,20.5,235708,-3.36,-52.0,0.633
2020-01-04T14:12:24.000,6.06,-16.1,15951.38,9.87,20.5,235709,-3.17,-52.0,0.633
2020-01-04T14:13:24.000,5.9,-16.1,19184.25,9.67,20.5,235710,-2.98,-52.0,0.633
2020-01-04T14:15:25.000,5.68,-15.95,26229.69,9.55,20.5,235712,-2.6,-52.0,0.633
2020-01-04T14:16:25.000,5.6,-15.97,31929.89,9.12,20.5,235713,-2.4,-52.0,0.633
2020-01-04T14:17:25.000,5.51,-16.11,37271.23,8.95,20.5,235714,-2.21,-52.0,0.633
2020-01-04T14:18:26.000,5.4,-16.13,43147.78,8.79,20.5,235715,-2.02,-52.0,0.633
2020-01-04T14:19:26.000,5.3,-16.06,49564.4,8.64,20.5,235716,-1.83,-52.0,0.633
2020-01-04T14:20:26.000,5.23,-15.98,56272.09,8.5,20.5,235717,-1.64,-52.0,0.633
2020-01-04T14:21:26.000,5.14,-16.19,45702.11,6.16,20.5,235718,-1.45,-52.0,0.633
2020-01-04T14:22:27.000,4.95,-16.57,0.0,0.0,20.5,235719,-1.26,-52.0,0.633
2020-01-04T14:23:27.000,4.82,-16.34,0.0,0.0,20.5,235720,-1.07,-52.0,0.633
2020-01-04T14:24:27.000,4.78,-16.12,0.0,0.0,20.5,235721,-0.88,-52.0,0.633
2020-01-04T14:39:31.000,4.65,-15.77,0.0,0.0,20.5,235736,1.95,-52.0,0.634
2020-01-04T14:40:31.000,4.66,-16.0,0.0,0.0,20.5,235737,2.13,-52.0,0.634
2020-01-04T14:41:31.000,4.65,-15.73,0.0,0.0,20.5,235738,2.32,-52.0,0.635
2020-01-04T14:45:32.000,4.63,-15.83,0.0,0.0,20.5,235742,3.06,-51.0,0.635
2020-01-04T14:46:32.000,4.64,-16.0,0.0,0.0,20.5,235743,3.24,-51.0,0.635
2020-01-04T14:47:33.000,4.57,-16.36,0.0,0.0,20.5,235744,3.43,-51.0,0.635
2020-01-04T14:48:33.000,4.56,-16.05,0.0,0.0,20.5,235745,3.61,-51.0,0.635
2020-01-04T14:49:33.000,4.6,-15.89,0.0,0.0,20.5,235746,3.8,-51.0,0.635
2020-01-04T14:50:34.000,4.61,-16.13,0.0,0.0,20.5,235747,3.98,-51.0,0.635
2020-01-04T14:51:34.000,4.62,-16.03,0.36,0.18,20.5,235748,4.17,-51.0,0.635
2020-01-04T14:52:34.000,4.64,-15.95,0.13,0.09,20.5,235749,4.35,-51.0,0.635
2020-01-04T14:53:35.000,4.7,-15.93,0.0,0.0,20.5,235750,4.53,-51.0,0.635
2020-01-04T14:54:35.000,4.73,-16.05,0.0,0.0,20.5,235751,4.72,-51.0,0.635
2020-01-04T14:55:35.000,4.74,-16.04,0.0,0.0,20.5,235752,4.9,-51.0,0.635
2020-01-04T15:01:38.000,4.75,-16.02,0.0,0.0,20.5,235758,5.99,-51.0,0.636
2020-01-04T15:02:38.000,4.76,-15.94,0.0,0.0,20.5,235759,6.17,-51.0,0.636
2020-01-04T15:03:38.000,4.77,-15.97,0.0,0.0,20.5,235760,6.35,-51.0,0.636
2020-01-04T15:07:39.000,4.88,-15.84,0.21,0.1,20.5,235764,7.07,-50.0,0.636
2020-01-04T15:08:39.000,4.89,-15.81,0.0,0.0,20.5,235765,7.25,-50.0,0.636
2020-01-04T15:09:40.000,4.93,-15.8,0.0,0.0,20.5,235766,7.43,-50.0,0.636
2020-01-04T15:10:40.000,4.96,-15.75,0.0,0.0,20.5,235767,7.6,-50.0,0.636
2020-01-04T15:17:41.000,5.1,-15.64,0.0,0.0,20.5,235774,8.84,-50.0,0.637
2020-01-04T15:18:42.000,5.18,-15.53,0.0,0.0,20.5,235775,9.02,-50.0,0.637
2020-01-04T15:19:42.000,5.26,-15.5,0.0,0.0,20.5,235776,9.19,-50.0,0.637
2020-01-04T15:26:49.000,5.74,-15.14,0.0,0.0,20.5,235783,10.43,-49.0,0.637
2020-01-04T15:27:50.000,5.81,-15.13,0.0,0.0,20.5,235784,10.6,-49.0,0.638
2020-01-04T15:28:50.000,5.85,-15.15,0.0,0.0,20.5,235785,10.77,-49.0,0.638
2020-01-04T15:33:51.000,6.17,-14.85,0.0,0.0,20.5,235790,11.63,-48.0,0.638
2020-01-04T15:34:51.000,6.21,-14.95,0.0,0.0,20.5,235791,11.8,-48.0,0.638
2020-01-04T15:35:51.000,6.29,-14.81,0.0,0.0,20.5,235792,11.97,-48.0,0.638
2020-01-04T15:39:52.000,6.54,-14.72,0.0,0.0,20.5,235796,12.65,-48.0,0.638
2020-01-04T15:40:52.000,6.59,-14.66,0.0,0.0,20.5,235797,12.81,-48.0,0.638
2020-01-04T15:41:53.000,6.66,-14.72,0.0,0.0,20.5,235798,12.98,-48.0,0.638
2020-01-04T15:47:54.000,7.02,-14.47,0.0,0.0,20.5,235804,13.98,-47.0,0.639
2020-01-04T15:48:54.000,7.06,-14.45,0.0,0.0,20.5,235805,14.15,-47.0,0.639
2020-01-04T15:49:55.000,7.11,-14.32,0.0,0.0,20.5,235806,14.31,-47.0,0.639
2020-01-04T15:50:55.000,7.19,-10.82,97.67,0.36,20.5,235807,14.48,-47.0,0.639
2020-01-04T15:51:55.000,7.56,-12.58,489.56,0.18,20.5,235808,14.64,-47.0,0.639
2020-01-04T15:52:56.000,7.68,-14.86,0.0,0.0,20.5,235809,14.8,-46.0,0.639
2020-01-04T15:53:56.000,7.74,-14.82,0.0,0.0,20.5,235810,14.97,-46.0,0.639
2020-01-04T15:54:57.000,7.78,-14.77,0.0,0.0,20.5,235811,15.13,-46.0,0.639
2020-01-04T15:58:59.000,7.98,-14.6,0.0,0.0,20.5,235815,15.78,-46.0,0.64
2020-01-04T15:59:59.000,8.02,-14.49,0.0,0.0,20.5,235816,15.94,-46.0,0.64
2020-01-04T16:00:59.000,8.06,-14.48,0.0,0.0,20.5,235817,16.1,-46.0,0.64
2020-01-04T16:03:02.000,8.15,-14.2,0.0,0.0,20.5,235819,16.43,-45.0,0.64
2020-01-04T16:04:02.000,8.23,-14.1,0.0,0.0,20.5,235820,16.59,-45.0,0.64
2020-01-04T16:05:02.000,8.3,-13.97,0.0,0.0,20.5,235821,16.74,-45.0,0.64
2020-01-04T16:12:03.000,8.89,-13.38,0.0,0.0,20.5,235828,17.84,-44.0,0.64
2020-01-04T16:13:04.000,8.99,-13.25,0.0,0.0,20.5,235829,18.0,-44.0,0.64
2020-01-04T16:14:04.000,9.06,-13.2,0.0,0.0,20.5,235830,18.15,-44.0,0.641
2020-01-04T16:16:04.000,9.25,-13.0,0.0,0.0,20.5,235832,18.46,-44.0,0.641
2020-01-04T16:19:05.000,9.56,-12.54,0.0,0.0,20.5,235835,18.91,-43.0,0.641
2020-01-04T16:20:05.000,9.65,-12.49,0.0,0.0,20.5,235836,19.07,-43.0,0.641
2020-01-04T16:21:05.000,9.7,-12.48,0.0,0.0,20.5,235837,19.22,-43.0,0.641
2020-01-04T16:24:06.000,9.91,-12.01,0.0,0.0,20.5,235840,19.67,-43.0,0.641
2020-01-04T16:25:07.000,10.0,-11.92,0.0,0.0,20.5,235841,19.82,-42.0,0.641
2020-01-04T16:26:07.000,10.08,-11.78,0.0,0.0,20.5,235842,19.97,-42.0,0.641
2020-01-04T16:27:07.000,10.15,-11.67,0.0,0.0,20.5,235843,20.11,-42.0,0.641
2020-01-04T16:28:07.000,10.27,-11.55,0.0,0.0,20.5,235844,20.26,-42.0,0.641
2020-01-04T16:31:08.000,10.63,-11.12,0.0,0.0,20.5,235847,20.7,-42.0,0.642
2020-01-04T16:35:09.000,11.08,-10.59,0.0,0.0,20.5,235851,21.28,-41.0,0.642
2020-01-04T16:36:10.000,11.24,-10.53,0.0,0.0,20.5,235852,21.43,-41.0,0.642
2020-01-04T16:38:10.000,11.49,-10.24,0.0,0.0,20.5,235854,21.71,-41.0,0.642
2020-01-04T16:39:10.000,11.64,-10.15,0.0,0.0,20.5,235855,21.85,-41.0,0.642
2020-01-04T16:40:11.000,11.72,-10.28,0.0,0.0,20.5,235856,22.0,-40.0,0.642
2020-01-04T17:00:16.000,13.73,-8.39,0.0,0.0,20.5,235876,24.71,-37.0,0.643
2020-01-04T17:01:16.000,13.79,-8.15,0.0,0.0,20.5,235877,24.83,-37.0,0.644
2020-01-04T17:02:16.000,13.92,-7.85,0.0,0.0,20.5,235878,24.96,-37.0,0.644
2020-01-04T17:05:18.000,14.11,-7.94,0.0,0.0,20.5,235881,25.35,-37.0,0.644
2020-01-04T17:06:18.000,14.11,-7.74,0.0,0.0,20.5,235882,25.47,-36.0,0.644
2020-01-04T17:07:18.000,14.15,-7.75,0.0,0.0,20.5,235883,25.6,-36.0,0.644
2020-01-04T17:09:19.000,14.13,-7.78,0.0,0.0,20.5,235885,25.85,-36.0,0.644
2020-01-04T17:10:19.000,14.2,-7.47,0.0,0.0,20.5,235886,25.97,-36.0,0.644
2020-01-04T17:11:19.000,14.38,-7.08,0.0,0.0,20.5,235887,26.09,-36.0,0.644
2020-01-04T17:13:20.000,14.77,-6.49,0.0,0.0,20.5,235889,26.34,-35.0,0.644
2020-01-04T17:14:20.000,15.01,-6.32,0.0,0.0,20.5,235890,26.46,-35.0,0.644
2020-01-04T17:15:20.000,15.22,-6.42,0.0,0.0,20.5,235891,26.58,-35.0,0.644
2020-01-04T17:17:21.000,15.47,-6.15,0.0,0.0,20.5,235893,26.82,-35.0,0.645
2020-01-04T17:18:21.000,15.63,-5.86,0.0,0.0,20.5,235894,26.93,-34.0,0.645
2020-01-04T17:19:22.000,15.84,-5.64,0.0,0.0,20.5,235895,27.05,-34.0,0.645
2020-01-04T17:26:23.000,16.96,-4.72,0.0,0.0,20.5,235902,27.85,-33.0,0.645
2020-01-04T17:27:23.000,17.19,-4.36,0.0,0.0,20.5,235903,27.96,-33.0,0.645
2020-01-04T17:28:24.000,17.32,-4.72,0.0,0.0,20.5,235904,28.08,-33.0,0.645
2020-01-04T17:31:24.000,17.9,-3.98,0.0,0.0,20.5,235907,28.4,-32.0,0.645
2020-01-04T17:32:24.000,18.02,-4.24,0.0,0.0,20.5,235908,28.51,-32.0,0.646
2020-01-04T17:33:25.000,18.15,-3.8,0.0,0.0,20.5,235909,28.62,-32.0,0.646
2020-01-04T17:34:26.000,18.39,-3.55,0.0,0.0,20.5,235910,28.73,-32.0,0.646
2020-01-04T17:35:26.000,18.7,-3.28,0.0,0.0,20.5,235911,28.83,-31.0,0.646
2020-01-04T17:36:26.000,18.91,-3.55,0.0,0.0,20.5,235912,28.94,-31.0,0.646
2020-01-04T17:38:27.000,19.41,-2.74,0.0,0.0,20.5,235914,29.15,-31.0,0.646
2020-01-04T17:47:28.000,20.4,-2.91,0.0,0.0,20.5,235923,30.04,-29.0,0.647
2020-01-04T17:48:28.000,20.49,-2.3,0.0,0.0,20.5,235924,30.14,-29.0,0.647
2020-01-04T17:49:28.000,20.75,-2.21,0.0,0.0,20.5,235925,30.23,-29.0,0.647
2020-01-04T17:50:28.000,20.89,-2.34,0.0,0.0,20.5,235926,30.32,-29.0,0.647
2020-01-04T17:51:28.000,21.1,-1.93,0.0,0.0,20.5,235927,30.42,-29.0,0.647
2020-01-04T17:53:29.000,21.64,-1.02,0.0,0.0,20.5,235929,30.6,-28.0,0.647
2020-01-04T17:54:30.000,22.33,-0.18,0.0,0.0,20.5,235930,30.69,-28.0,0.647
2020-01-04T17:55:30.000,23.45,1.2,0.0,0.0,20.5,235931,30.78,-28.0,0.647
2020-01-04T17:57:30.000,25.43,0.92,0.0,0.0,20.5,235933,30.96,-28.0,0.647
2020-01-04T17:58:30.000,26.11,0.28,0.0,0.0,20.5,235934,31.05,-27.0,0.647
2020-01-04T17:59:30.000,26.61,0.41,0.0,0.0,20.5,235935,31.13,-27.0,0.647
2020-01-04T18:11:32.000,32.53,0.99,0.0,0.0,20.5,235947,32.1,-25.0,0.648
2020-01-04T18:14:32.000,33.11,-0.94,0.0,0.0,20.5,235950,32.33,-24.0,0.648
2020-01-04T18:15:34.000,32.74,-0.95,0.0,0.0,20.5,235951,32.4,-24.0,0.648
2020-01-04T18:16:34.000,32.53,-0.38,0.0,0.0,20.5,235952,32.47,-24.0,0.648
2020-01-04T18:21:35.000,32.77,0.71,0.0,0.0,20.5,235957,32.82,-23.0,0.649
2020-01-04T18:22:35.000,33.26,1.65,0.0,0.0,20.5,235958,32.88,-23.0,0.649
2020-01-04T18:23:35.000,33.55,0.71,0.0,0.0,20.5,235959,32.95,-23.0,0.649
2020-01-04T18:25:36.000,34.21,1.07,0.0,0.0,20.5,235961,33.07,-22.0,0.649
2020-01-04T18:26:36.000,34.61,1.85,0.0,0.0,20.5,235962,33.14,-22.0,0.649
2020-01-04T18:29:37.000,35.43,2.16,0.0,0.0,20.5,235965,33.32,-22.0,0.649
2020-01-04T18:30:37.000,35.73,1.14,0.0,0.0,20.5,235966,33.38,-21.0,0.649
2020-01-04T18:31:37.000,35.99,2.0,0.0,0.0,20.5,235967,33.43,-21.0,0.649
2020-01-04T18:39:39.000,37.04,1.55,0.0,0.0,20.5,235975,33.86,-20.0,0.65
2020-01-04T18:40:39.000,37.22,1.69,0.0,0.0,20.5,235976,33.91,-20.0,0.65
2020-01-04T18:41:39.000,37.5,1.79,0.0,0.0,20.5,235977,33.96,-19.0,0.65
2020-01-04T18:44:40.000,38.26,2.04,0.0,0.0,20.5,235980,34.1,-19.0,0.65
2020-01-04T18:45:40.000,38.43,1.93,0.0,0.0,20.5,235981,34.14,-19.0,0.65
2020-01-04T18:46:40.000,38.6,2.27,0.0,0.0,20.5,235982,34.18,-18.0,0.65
2020-01-04T18:54:45.000,38.85,1.92,0.0,0.0,20.5,235990,34.49,-17.0,0.651
2020-01-04T18:55:46.000,38.8,0.86,0.0,0.0,20.5,235991,34.53,-17.0,0.651
2020-01-04T18:56:46.000,38.49,1.25,0.0,0.0,20.5,235992,34.56,-16.0,0.651
2020-01-04T18:59:47.000,38.69,1.55,0.0,0.0,20.5,235995,34.65,-16.0,0.651
2020-01-04T19:01:48.000,39.32,1.96,0.0,0.0,20.5,235997,34.71,-15.0,0.651
2020-01-04T19:02:49.000,39.34,1.55,0.0,0.0,20.5,235998,34.73,-15.0,0.651
2020-01-04T19:04:49.000,39.05,0.63,0.0,0.0,20.5,236000,34.78,-15.0,0.651
2020-01-04T19:08:50.000,39.2,1.85,0.0,0.0,20.5,236004,34.87,-14.0,0.652
2020-01-04T19:09:50.000,39.31,1.53,0.0,0.0,20.5,236005,34.89,-14.0,0.652
2020-01-04T19:10:51.000,39.25,0.58,0.0,0.0,20.5,236006,34.91,-14.0,0.652
2020-01-04T19:11:51.000,39.14,1.34,0.0,0.0,20.5,236007,34.93,-13.0,0.652
2020-01-04T19:12:51.000,39.39,2.0,0.0,0.0,20.5,236008,34.94,-13.0,0.652
2020-01-04T19:14:51.000,39.51,0.78,0.0,0.0,20.5,236010,34.97,-13.0,0.652
2020-01-04T19:15:52.000,39.36,0.52,0.0,0.0,20.5,236011,34.99,-13.0,0.652
2020-01-04T19:16:52.000,39.32,0.83,0.0,0.0,20.5,236012,35.0,-12.0,0.652
2020-01-04T19:22:53.000,40.07,1.18,0.0,0.0,20.5,236018,35.05,-11.0,0.653
2020-01-04T19:23:54.000,40.38,2.28,0.0,0.0,20.5,236019,35.05,-11.0,0.653
2020-01-04T19:24:54.000,40.82,2.06,0.0,0.0,20.5,236020,35.06,-11.0,0.653
2020-01-04T19:28:55.000,41.03,2.18,0.0,0.0,20.5,236024,35.06,-10.0,0.653
2020-01-04T19:29:55.000,41.46,2.5,0.0,0.0,20.5,236025,35.06,-10.0,0.653
2020-01-04T19:30:56.000,41.7,1.87,0.0,0.0,20.5,236026,35.06,-10.0,0.653
2020-01-04T19:34:57.000,41.74,0.81,0.0,0.0,20.5,236030,35.04,-9.0,0.653
2020-01-04T19:35:57.000,41.65,1.41,0.0,0.0,20.5,236031,35.03,-9.0,0.653
2020-01-04T19:36:57.000,41.63,1.31,0.0,0.0,20.5,236032,35.02,-8.0,0.654
2020-01-04T19:39:58.000,41.99,1.48,0.0,0.0,20.5,236035,34.99,-8.0,0.654
2020-01-04T19:40:59.000,41.9,1.2,0.0,0.0,20.5,236036,34.97,-8.0,0.654
2020-01-04T19:41:59.000,41.75,1.07,0.0,0.0,20.5,236037,34.96,-7.0,0.654
2020-01-04T19:45:00.000,42.15,1.74,0.0,0.0,20.5,236040,34.91,-7.0,0.654
2020-01-04T19:46:00.000,42.26,1.57,0.0,0.0,20.5,236041,34.89,-7.0,0.654
2020-01-04T19:47:00.000,42.16,1.56,0.0,0.0,20.5,236042,34.88,-6.0,0.654
2020-01-04T19:50:01.000,42.05,1.17,0.0,0.0,20.5,236045,34.81,-6.0,0.654
2020-01-04T19:51:01.000,42.03,1.44,0.0,0.0,20.5,236046,34.79,-6.0,0.654
2020-01-04T19:52:02.000,41.94,0.99,0.0,0.0,20.5,236047,34.76,-5.0,0.654
2020-01-04T19:54:04.000,41.93,0.91,0.0,0.0,20.5,236049,34.71,-5.0,0.655
2020-01-04T19:55:04.000,41.84,0.54,0.0,0.0,20.5,236050,34.68,-5.0,0.655
2020-01-04T19:56:05.000,41.28,-0.22,0.0,0.0,20.5,236051,34.65,-5.0,0.655
