Downloads/jupyter/ECSV/stars19/stars19_2022-05.ecsv
# %ECSV 1.0
# ---
# datatype:
# - {name: time, datatype: string}
# - {name: Enclosure Temperature, unit: deg_C, datatype: float64}
# - {name: Sky Temperature, unit: deg_C, datatype: float64}
# - {name: Frequency, unit: Hz, datatype: float64}
# - {name: MSAS, unit: mag / arcsec2, datatype: float64}
# - {name: ZP, datatype: float64}
# - {name: Sequence Number, datatype: int64}
# - {name: Sun Alt, unit: deg, datatype: float64}
# - {name: Moon Alt, unit: deg, datatype: float64}
# - {name: Moon Illumination, datatype: float64}
# delimiter: ','
# meta: !!omap
# - ida:
#     Data supplier: {affiliation: null, observer: null}
#     Device type: TESS-W
#     Field of view: 17.0
#     Filters per channel: None
#     Instrument ID: stars19
#     License: ODbL 1.0 http://opendatacommons.org/licenses/odbl/summary/
#     Local timezone: America/Phoenix
#     Location name: {country: '- Tucson', place: Tucson, region: United States, sub_region: Arizona, town: Pima County}
#     Measurement direction per channel: {azimuth: 0.0, zenital: 0.0}
#     Moving / Fixed look direction: FIXED
#     Moving / Stationary position: STATIONARY
#     Number of channels: 1
#     Number of fields per line: 8
#     Number of header lines: 35
#     Position: {height: 0.0, latitude: 32.223877, longitude: -110.767532}
#     TESS MAC address: 18:FE:34:CF:EC:06
#     TESS cover offset value: 0.0
#     TESS firmware version: '1.0'
#     TESS zero point: 20.5
#     Time Synchronization: timestamp added by MQTT subscriber
#     URL: http://www.darksky.org/NSBM/sdf1.0.pdf
# - __serialized_columns__:
#     Enclosure Temperature:
#       __class__: astropy.units.quantity.Quantity
#       unit: &id001 !astropy.units.Unit {unit: deg_C}
#       value: !astropy.table.SerializedColumn {name: Enclosure Temperature}
#     Frequency:
#       __class__: astropy.units.quantity.Quantity
#       unit: !astropy.units.Unit {unit: Hz}
#       value: !astropy.table.SerializedColumn {name: Frequency}
#     MSAS:
#       __class__: astropy.units.quantity.Quantity
#       unit: !astropy.units.Unit {unit: mag / arcsec2}
#       value: !astropy.table.SerializedColumn {name: MSAS}
#     Moon Alt:
#       __class__: astropy.units.quantity.Quantity
#       unit: &id002 !astropy.units.Unit {unit: deg}
#       value: !astropy.table.SerializedColumn {name: Moon Alt}
#     Sky Temperature:
#       __class__: astropy.units.quantity.Quantity
#       unit: *id001
#       value: !astropy.table.SerializedColumn {name: Sky Temperature}
#     Sun Alt:
#       __class__: astropy.units.quantity.Quantity
#       unit: *id002
#       value: !astropy.table.SerializedColumn {name: Sun Alt}
#     time:
#       __class__: astropy.time.core.Time
#       format: isot
#       in_subfmt: '*'
#       out_subfmt: '*'
#       precision: 3
#       scale: utc
#       value: !astropy.table.SerializedColumn {name: time}
# schema: astropy-2.0
time,Enclosure Temperature,Sky Temperature,Frequency,MSAS,ZP,Sequence Number,Sun Alt,Moon Alt,Moon Illumination
[from data line 6385]
2022-05-09T03:05:08.000,28.91,-2.63,30.21,16.68,20.5,122172,-11.55,69.0,0.512
2022-05-09T03:06:09.000,28.85,-2.55,31.04,16.65,20.5,122173,-11.74,69.0,0.513
2022-05-09T03:07:09.000,28.8,-2.65,31.95,16.62,20.5,122174,-11.92,69.0,0.513
2022-05-09T03:08:09.000,28.74,-2.84,32.65,16.6,20.5,122175,-12.1,69.0,0.513
2022-05-09T03:09:09.000,28.71,-2.77,33.23,16.58,20.5,122176,-12.29,68.0,0.513
2022-05-09T03:10:09.000,28.71,-2.75,33.62,16.56,20.5,122177,-12.47,68.0,0.513
2022-05-09T03:11:10.000,28.64,-2.88,33.91,16.55,20.5,122178,-12.66,68.0,0.513
2022-05-09T03:12:10.000,28.63,-2.62,33.98,16.55,20.5,122179,-12.84,68.0,0.513
2022-05-09T03:13:10.000,28.61,-2.68,34.11,16.55,20.5,122180,-13.02,68.0,0.513
2022-05-09T03:14:10.000,28.59,-2.63,34.12,16.55,20.5,122181,-13.2,67.0,0.513
2022-05-09T03:15:10.000,28.58,-2.68,34.1,16.55,20.5,122182,-13.38,67.0,0.513
2022-05-09T03:16:10.000,28.58,-2.62,34.13,16.55,20.5,122183,-13.57,67.0,0.513
2022-05-09T03:17:11.000,28.57,-2.6,33.98,16.55,20.5,122184,-13.75,67.0,0.513
2022-05-09T03:18:11.000,28.55,-2.64,33.89,16.55,20.5,122185,-13.93,67.0,0.513
2022-05-09T03:19:11.000,28.56,-2.57,33.78,16.56,20.5,122186,-14.11,66.0,0.513
2022-05-09T03:20:11.000,28.57,-2.59,33.56,16.57,20.5,122187,-14.29,66.0,0.513
2022-05-09T03:21:11.000,28.54,-2.64,33.22,16.58,20.5,122188,-14.47,66.0,0.514
2022-05-09T03:22:12.000,28.5,-2.59,32.83,16.59,20.5,122189,-14.65,66.0,0.514
2022-05-09T03:24:12.000,28.51,-2.63,31.97,16.62,20.5,122191,-15.01,66.0,0.514
2022-05-09T03:25:12.000,28.48,-2.72,31.32,16.64,20.5,122192,-15.19,65.0,0.514
2022-05-09T03:26:12.000,28.46,-2.66,30.69,16.66,20.5,122193,-15.37,65.0,0.514
2022-05-09T03:27:13.000,28.44,-2.62,29.88,16.69,20.5,122194,-15.55,65.0,0.514
2022-05-09T03:28:13.000,28.46,-2.53,29.01,16.72,20.5,122195,-15.73,65.0,0.514
2022-05-09T03:29:13.000,28.42,-2.71,28.03,16.76,20.5,122196,-15.91,65.0,0.514
2022-05-09T03:30:13.000,28.39,-2.67,26.66,16.82,20.5,122197,-16.08,64.0,0.514
2022-05-09T03:31:13.000,28.38,-2.67,24.98,16.89,20.5,122198,-16.26,64.0,0.514
2022-05-09T03:34:14.000,28.3,-2.65,19.1,17.18,20.5,122201,-16.79,64.0,0.514
2022-05-09T03:35:14.000,28.31,-2.52,17.04,17.3,20.5,122202,-16.96,63.0,0.515
2022-05-09T03:36:15.000,28.3,-2.64,15.03,17.44,20.5,122203,-17.14,63.0,0.515
2022-05-09T03:38:15.000,28.23,-2.83,11.16,17.76,20.5,122205,-17.49,63.0,0.515
2022-05-09T03:40:15.000,28.19,-2.68,7.81,18.16,20.5,122207,-17.84,62.0,0.515
2022-05-09T03:42:16.000,28.13,-2.88,2.07,19.59,20.5,122209,-18.19,62.0,0.515
2022-05-09T03:43:16.000,28.09,-2.82,2.03,19.61,20.5,122210,-18.36,62.0,0.515
2022-05-09T03:45:17.000,28.04,-2.9,2.02,19.62,20.5,122212,-18.71,61.0,0.515
2022-05-09T03:46:18.000,28.04,-2.61,2.01,19.62,20.5,122213,-18.88,61.0,0.515
2022-05-09T03:47:18.000,28.08,-2.61,2.0,19.63,20.5,122214,-19.05,61.0,0.515
2022-05-09T03:48:18.000,28.08,-2.67,2.0,19.63,20.5,122215,-19.22,61.0,0.515
2022-05-09T03:49:18.000,28.07,-2.86,1.99,19.63,20.5,122216,-19.39,61.0,0.515
2022-05-09T03:50:18.000,28.07,-2.67,1.99,19.64,20.5,122217,-19.56,60.0,0.516
2022-05-09T03:51:18.000,28.06,-2.89,2.0,19.63,20.5,122218,-19.73,60.0,0.516
2022-05-09T03:52:19.000,28.04,-2.81,2.01,19.62,20.5,122219,-19.9,60.0,0.516
2022-05-09T03:53:19.000,28.05,-2.76,2.0,19.62,20.5,122220,-20.07,60.0,0.516
2022-05-09T03:54:19.000,28.02,-2.76,1.98,19.64,20.5,122221,-20.24,60.0,0.516
2022-05-09T03:55:19.000,28.03,-2.78,1.94,19.66,20.5,122222,-20.4,59.0,0.516
2022-05-09T03:56:20.000,27.99,-2.86,1.93,19.66,20.5,122223,-20.57,59.0,0.516
2022-05-09T03:57:20.000,27.94,-2.7,1.93,19.67,20.5,122224,-20.74,59.0,0.516
2022-05-09T04:03:28.000,27.88,-2.81,1.92,19.67,20.5,122230,-21.76,58.0,0.516
2022-05-09T04:04:28.000,27.82,-3.03,1.91,19.67,20.5,122231,-21.92,58.0,0.517
2022-05-09T04:07:28.000,27.73,-2.8,1.91,19.68,20.5,122234,-22.41,57.0,0.517
2022-05-09T04:08:29.000,27.74,-2.91,1.91,19.68,20.5,122235,-22.57,57.0,0.517
2022-05-09T04:09:29.000,27.72,-2.94,1.9,19.68,20.5,122236,-22.73,57.0,0.517
2022-05-09T04:11:35.000,27.71,-2.97,1.9,19.68,20.5,122238,-23.07,56.0,0.517
2022-05-09T04:12:35.000,27.63,-3.13,1.89,19.69,20.5,122239,-23.23,56.0,0.517
2022-05-09T04:13:35.000,27.62,-2.91,1.92,19.67,20.5,122240,-23.39,56.0,0.517
2022-05-09T04:14:35.000,27.61,-2.97,1.89,19.69,20.5,122241,-23.55,56.0,0.517
2022-05-09T04:15:35.000,27.56,-3.03,1.88,19.7,20.5,122242,-23.71,55.0,0.517
2022-05-09T04:16:36.000,27.54,-2.97,1.87,19.7,20.5,122243,-23.87,55.0,0.517
2022-05-09T04:17:36.000,27.53,-3.08,1.86,19.71,20.5,122244,-24.03,55.0,0.517
2022-05-09T04:18:36.000,27.5,-3.07,1.85,19.71,20.5,122245,-24.18,55.0,0.517
2022-05-09T04:19:36.000,27.51,-3.03,1.84,19.72,20.5,122246,-24.34,55.0,0.518
2022-05-09T04:20:36.000,27.54,-3.05,1.84,19.72,20.5,122247,-24.5,54.0,0.518
2022-05-09T04:21:36.000,27.55,-3.04,1.83,19.72,20.5,122248,-24.65,54.0,0.518
2022-05-09T04:22:36.000,27.54,-3.16,1.83,19.72,20.5,122249,-24.81,54.0,0.518
2022-05-09T04:23:36.000,27.52,-3.12,1.82,19.73,20.5,122250,-24.96,54.0,0.518
2022-05-09T04:24:36.000,27.5,-3.09,1.82,19.73,20.5,122251,-25.12,54.0,0.518
2022-05-09T04:25:36.000,27.49,-3.13,1.85,19.71,20.5,122252,-25.27,53.0,0.518
2022-05-09T04:26:37.000,27.4,-3.31,1.86,19.71,20.5,122253,-25.43,53.0,0.518
2022-05-09T04:27:37.000,27.34,-3.04,1.85,19.71,20.5,122254,-25.58,53.0,0.518
2022-05-09T04:28:37.000,27.35,-2.88,1.82,19.73,20.5,122255,-25.73,53.0,0.518
2022-05-09T04:29:37.000,27.34,-2.85,1.8,19.74,20.5,122256,-25.88,52.0,0.518
2022-05-09T04:30:37.000,27.29,-2.93,1.79,19.75,20.5,122257,-26.04,52.0,0.518
2022-05-09T04:31:37.000,27.23,-2.84,1.79,19.75,20.5,122258,-26.19,52.0,0.518
2022-05-09T04:32:38.000,27.17,-2.97,1.78,19.75,20.5,122259,-26.34,52.0,0.518
2022-05-09T04:33:38.000,27.07,-2.95,1.78,19.75,20.5,122260,-26.49,52.0,0.519
2022-05-09T04:34:38.000,27.0,-2.91,1.88,19.7,20.5,122261,-26.64,51.0,0.519
2022-05-09T04:35:39.000,26.94,-2.78,1.77,19.76,20.5,122262,-26.79,51.0,0.519
2022-05-09T04:37:40.000,26.91,-2.76,1.76,19.77,20.5,122264,-27.09,51.0,0.519
2022-05-09T04:38:40.000,26.86,-2.77,1.75,19.77,20.5,122265,-27.23,51.0,0.519
2022-05-09T04:39:40.000,26.78,-2.8,1.75,19.77,20.5,122266,-27.38,50.0,0.519
2022-05-09T04:43:41.000,26.7,-2.68,1.73,19.78,20.5,122270,-27.96,50.0,0.519
2022-05-09T04:44:41.000,26.67,-2.82,1.73,19.79,20.5,122271,-28.1,49.0,0.519
2022-05-09T04:45:41.000,26.6,-2.77,1.72,19.79,20.5,122272,-28.25,49.0,0.519
2022-05-09T04:46:43.000,26.6,-2.62,1.72,19.79,20.5,122273,-28.39,49.0,0.519
2022-05-09T04:47:43.000,26.58,-2.7,1.71,19.79,20.5,122274,-28.53,49.0,0.519
2022-05-09T04:48:43.000,26.54,-2.71,1.71,19.8,20.5,122275,-28.67,49.0,0.52
2022-05-09T04:49:44.000,26.54,-2.58,1.71,19.8,20.5,122276,-28.82,48.0,0.52
2022-05-09T04:50:43.000,26.53,-2.6,1.7,19.8,20.5,122277,-28.95,48.0,0.52
2022-05-09T04:51:43.000,26.5,-2.76,1.7,19.8,20.5,122278,-29.09,48.0,0.52
2022-05-09T04:52:44.000,26.45,-2.68,1.7,19.81,20.5,122279,-29.23,48.0,0.52
2022-05-09T04:53:44.000,26.42,-2.7,1.69,19.81,20.5,122280,-29.37,48.0,0.52
2022-05-09T04:54:44.000,26.41,-2.72,1.69,19.81,20.5,122281,-29.51,47.0,0.52
2022-05-09T04:55:50.000,26.37,-2.67,1.69,19.81,20.5,122282,-29.66,47.0,0.52
2022-05-09T04:56:50.000,26.4,-2.48,1.69,19.81,20.5,122283,-29.8,47.0,0.52
2022-05-09T04:57:51.000,26.39,-2.59,1.69,19.81,20.5,122284,-29.93,47.0,0.52
2022-05-09T05:01:52.000,26.5,-2.61,1.68,19.82,20.5,122288,-30.47,46.0,0.52
2022-05-09T05:02:51.000,26.52,-2.53,1.68,19.82,20.5,122289,-30.6,46.0,0.521
2022-05-09T05:04:52.000,26.51,-2.83,1.67,19.82,20.5,122291,-30.86,45.0,0.521
2022-05-09T05:05:52.000,26.54,-2.76,1.67,19.83,20.5,122292,-30.99,45.0,0.521
2022-05-09T05:08:53.000,26.52,-2.84,1.66,19.83,20.5,122295,-31.38,44.0,0.521
2022-05-09T05:09:53.000,26.51,-2.87,1.66,19.83,20.5,122296,-31.51,44.0,0.521
2022-05-09T05:11:54.000,26.51,-2.94,1.65,19.83,20.5,122298,-31.76,44.0,0.521
2022-05-09T05:12:54.000,26.52,-2.78,1.65,19.83,20.5,122299,-31.89,44.0,0.521
2022-05-09T05:13:55.000,26.53,-2.89,1.69,19.81,20.5,122300,-32.01,43.0,0.521
2022-05-09T05:14:55.000,26.55,-2.79,1.68,19.81,20.5,122301,-32.14,43.0,0.521
2022-05-09T05:15:55.000,26.55,-2.95,1.68,19.82,20.5,122302,-32.26,43.0,0.521
2022-05-09T05:16:55.000,26.51,-2.95,1.63,19.85,20.5,122303,-32.38,43.0,0.521
2022-05-09T05:17:56.000,26.46,-3.16,1.63,19.85,20.5,122304,-32.51,42.0,0.522
2022-05-09T05:18:56.000,26.39,-3.0,1.62,19.85,20.5,122305,-32.63,42.0,0.522
2022-05-09T05:19:56.000,26.4,-2.95,1.62,19.86,20.5,122306,-32.75,42.0,0.522
2022-05-09T05:20:56.000,26.4,-2.91,1.62,19.86,20.5,122307,-32.86,42.0,0.522
2022-05-09T05:21:56.000,26.43,-2.93,1.62,19.86,20.5,122308,-32.98,42.0,0.522
2022-05-09T05:22:57.000,26.42,-2.98,1.61,19.86,20.5,122309,-33.1,41.0,0.522
2022-05-09T05:23:57.000,26.42,-3.01,1.61,19.86,20.5,122310,-33.22,41.0,0.522
2022-05-09T05:24:57.000,26.42,-3.08,1.61,19.86,20.5,122311,-33.34,41.0,0.522
2022-05-09T05:25:57.000,26.42,-3.13,1.61,19.86,20.5,122312,-33.45,41.0,0.522
2022-05-09T05:26:58.000,26.39,-3.29,1.61,19.86,20.5,122313,-33.57,41.0,0.522
2022-05-09T05:27:58.000,26.35,-3.28,1.61,19.86,20.5,122314,-33.68,40.0,0.522
2022-05-09T05:45:05.000,25.64,-4.1,1.57,19.89,20.5,122331,-35.5,37.0,0.523
2022-05-09T05:47:10.000,25.51,-3.87,1.56,19.89,20.5,122333,-35.71,36.0,0.524
2022-05-09T05:48:11.000,25.46,-3.94,1.56,19.9,20.5,122334,-35.81,36.0,0.524
2022-05-09T05:49:11.000,25.39,-4.01,1.55,19.9,20.5,122335,-35.9,36.0,0.524
2022-05-09T05:50:11.000,25.32,-4.03,1.55,19.9,20.5,122336,-36.0,36.0,0.524
2022-05-09T05:51:11.000,25.23,-4.06,1.55,19.9,20.5,122337,-36.09,36.0,0.524
2022-05-09T05:52:11.000,25.18,-3.98,1.55,19.91,20.5,122338,-36.18,35.0,0.524
2022-05-09T05:53:12.000,25.12,-3.95,1.55,19.9,20.5,122339,-36.28,35.0,0.524
2022-05-09T05:54:12.000,25.08,-3.95,1.55,19.91,20.5,122340,-36.37,35.0,0.524
2022-05-09T05:55:12.000,24.97,-4.06,1.55,19.91,20.5,122341,-36.46,35.0,0.524
2022-05-09T05:56:14.000,24.98,-3.85,1.55,19.91,20.5,122342,-36.55,35.0,0.524
2022-05-09T05:57:15.000,24.95,-3.89,1.54,19.91,20.5,122343,-36.64,34.0,0.524
2022-05-09T05:58:15.000,24.95,-3.87,1.54,19.91,20.5,122344,-36.73,34.0,0.524
2022-05-09T06:02:16.000,24.92,-3.84,1.52,19.93,20.5,122348,-37.07,33.0,0.525
2022-05-09T06:08:16.000,24.95,-3.87,1.51,19.93,20.5,122354,-37.56,32.0,0.525
2022-05-09T06:09:17.000,24.95,-3.94,1.5,19.94,20.5,122355,-37.64,32.0,0.525
2022-05-09T06:10:17.000,24.93,-4.01,1.5,19.94,20.5,122356,-37.71,32.0,0.525
2022-05-09T06:11:18.000,24.92,-3.99,1.5,19.94,20.5,122357,-37.79,31.0,0.525
2022-05-09T06:12:18.000,24.9,-4.02,1.5,19.94,20.5,122358,-37.86,31.0,0.525
2022-05-09T06:13:18.000,24.84,-4.25,1.49,19.95,20.5,122359,-37.94,31.0,0.525
2022-05-09T06:14:18.000,24.77,-4.19,1.48,19.96,20.5,122360,-38.01,31.0,0.525
2022-05-09T06:15:18.000,24.77,-4.08,1.47,19.96,20.5,122361,-38.08,31.0,0.525
2022-05-09T06:16:19.000,24.75,-4.19,1.47,19.96,20.5,122362,-38.15,30.0,0.526
2022-05-09T06:17:19.000,24.76,-4.04,1.47,19.96,20.5,122363,-38.22,30.0,0.526
2022-05-09T06:18:18.000,24.76,-4.14,1.47,19.96,20.5,122364,-38.29,30.0,0.526
2022-05-09T06:19:18.000,24.75,-4.19,1.47,19.96,20.5,122365,-38.35,30.0,0.526
2022-05-09T06:20:18.000,24.73,-4.26,1.47,19.96,20.5,122366,-38.42,30.0,0.526
2022-05-09T06:21:18.000,24.71,-4.33,1.47,19.96,20.5,122367,-38.49,29.0,0.526
2022-05-09T06:22:19.000,24.75,-4.27,1.46,19.97,20.5,122368,-38.55,29.0,0.526
2022-05-09T06:23:19.000,24.74,-4.36,1.45,19.98,20.5,122369,-38.61,29.0,0.526
2022-05-09T06:24:19.000,24.73,-4.35,1.41,20.01,20.5,122370,-38.68,29.0,0.526
2022-05-09T06:25:19.000,24.7,-4.28,1.4,20.01,20.5,122371,-38.74,28.0,0.526
2022-05-09T06:26:19.000,24.69,-4.16,1.4,20.01,20.5,122372,-38.8,28.0,0.526
2022-05-09T06:27:19.000,24.64,-4.34,1.4,20.01,20.5,122373,-38.86,28.0,0.526
2022-05-09T06:28:19.000,24.58,-4.27,1.4,20.02,20.5,122374,-38.91,28.0,0.526
2022-05-09T06:29:20.000,24.53,-4.26,1.39,20.02,20.5,122375,-38.97,28.0,0.526
2022-05-09T06:30:20.000,24.52,-4.19,1.4,20.02,20.5,122376,-39.03,27.0,0.526
2022-05-09T06:32:20.000,24.46,-4.4,1.39,20.02,20.5,122378,-39.14,27.0,0.527
2022-05-09T06:33:21.000,24.43,-4.49,1.39,20.02,20.5,122379,-39.19,27.0,0.527
2022-05-09T06:34:20.000,24.38,-4.48,1.39,20.02,20.5,122380,-39.24,27.0,0.527
2022-05-09T06:35:21.000,24.28,-4.64,1.38,20.03,20.5,122381,-39.29,26.0,0.527
2022-05-09T06:36:22.000,24.22,-4.56,1.38,20.03,20.5,122382,-39.34,26.0,0.527
2022-05-09T06:37:22.000,24.16,-4.51,1.38,20.03,20.5,122383,-39.39,26.0,0.527
2022-05-09T06:38:22.000,24.08,-4.66,1.38,20.03,20.5,122384,-39.44,26.0,0.527
2022-05-09T06:39:22.000,24.06,-4.45,1.38,20.03,20.5,122385,-39.48,26.0,0.527
2022-05-09T06:40:22.000,24.03,-4.48,1.37,20.03,20.5,122386,-39.53,25.0,0.527
2022-05-09T06:41:23.000,23.99,-4.51,1.37,20.04,20.5,122387,-39.57,25.0,0.527
2022-05-09T06:42:23.000,23.97,-4.43,1.37,20.04,20.5,122388,-39.61,25.0,0.527
2022-05-09T06:43:24.000,23.91,-4.67,1.37,20.04,20.5,122389,-39.66,25.0,0.527
2022-05-09T06:44:24.000,23.82,-4.61,1.37,20.04,20.5,122390,-39.7,25.0,0.527
2022-05-09T06:45:24.000,23.86,-4.52,1.37,20.04,20.5,122391,-39.74,24.0,0.528
2022-05-09T06:46:25.000,23.84,-4.72,1.37,20.04,20.5,122392,-39.78,24.0,0.528
2022-05-09T06:47:25.000,23.81,-4.69,1.36,20.04,20.5,122393,-39.81,24.0,0.528
2022-05-09T06:48:25.000,23.77,-4.71,1.36,20.04,20.5,122394,-39.85,24.0,0.528
2022-05-09T06:49:26.000,23.75,-4.68,1.37,20.04,20.5,122395,-39.88,24.0,0.528
2022-05-09T06:50:26.000,23.74,-4.64,1.36,20.04,20.5,122396,-39.92,23.0,0.528
2022-05-09T06:51:26.000,23.75,-4.62,1.36,20.05,20.5,122397,-39.95,23.0,0.528
2022-05-09T06:52:26.000,23.75,-4.63,1.36,20.05,20.5,122398,-39.98,23.0,0.528
2022-05-09T06:53:26.000,23.75,-4.69,1.35,20.05,20.5,122399,-40.01,23.0,0.528
2022-05-09T06:54:27.000,23.71,-4.75,1.35,20.05,20.5,122400,-40.04,22.0,0.528
2022-05-09T06:55:27.000,23.66,-4.77,1.35,20.05,20.5,122401,-40.07,22.0,0.528
2022-05-09T06:56:28.000,23.67,-4.68,1.35,20.05,20.5,122402,-40.1,22.0,0.528
2022-05-09T06:59:30.000,23.47,-5.01,1.35,20.06,20.5,122405,-40.17,21.0,0.528
2022-05-09T07:00:30.000,23.44,-4.79,1.34,20.06,20.5,122406,-40.19,21.0,0.529
2022-05-09T07:01:31.000,23.45,-4.74,1.33,20.07,20.5,122407,-40.22,21.0,0.529
2022-05-09T07:02:30.000,23.44,-4.74,1.33,20.07,20.5,122408,-40.24,21.0,0.529
2022-05-09T07:03:31.000,23.5,-4.66,1.32,20.08,20.5,122409,-40.25,21.0,0.529
2022-05-09T07:04:31.000,23.52,-4.67,1.32,20.08,20.5,122410,-40.27,20.0,0.529
2022-05-09T07:05:31.000,23.51,-4.88,1.32,20.08,20.5,122411,-40.29,20.0,0.529
2022-05-09T07:06:31.000,23.52,-4.71,1.32,20.08,20.5,122412,-40.3,20.0,0.529
2022-05-09T07:07:31.000,23.54,-4.71,1.32,20.08,20.5,122413,-40.32,20.0,0.529
2022-05-09T07:08:31.000,23.57,-4.77,1.31,20.09,20.5,122414,-40.33,20.0,0.529
2022-05-09T07:09:33.000,23.56,-4.91,1.31,20.09,20.5,122415,-40.34,19.0,0.529
2022-05-09T07:10:39.000,23.46,-5.11,1.3,20.09,20.5,122416,-40.36,19.0,0.529
2022-05-09T07:11:39.000,23.4,-5.03,1.3,20.09,20.5,122417,-40.37,19.0,0.529
2022-05-09T07:12:39.000,23.36,-5.04,1.3,20.1,20.5,122418,-40.37,19.0,0.529
2022-05-09T07:30:42.000,22.79,-5.21,1.25,20.14,20.5,122436,-40.33,15.0,0.531
2022-05-09T07:31:42.000,22.76,-5.33,1.25,20.14,20.5,122437,-40.31,15.0,0.531
2022-05-09T07:32:42.000,22.7,-5.39,1.25,20.14,20.5,122438,-40.3,15.0,0.531
2022-05-09T07:33:43.000,22.68,-5.24,1.25,20.14,20.5,122439,-40.28,14.0,0.531
2022-05-09T07:34:43.000,22.67,-5.29,1.25,20.14,20.5,122440,-40.26,14.0,0.531
2022-05-09T07:35:43.000,22.67,-5.28,1.24,20.14,20.5,122441,-40.25,14.0,0.531
2022-05-09T07:36:44.000,22.67,-5.34,1.24,20.15,20.5,122442,-40.23,14.0,0.531
2022-05-09T07:37:44.000,22.65,-5.45,1.24,20.15,20.5,122443,-40.21,14.0,0.531
2022-05-09T07:38:44.000,22.68,-5.34,1.24,20.15,20.5,122444,-40.18,13.0,0.531
2022-05-09T07:39:44.000,22.68,-5.38,1.23,20.15,20.5,122445,-40.16,13.0,0.531
2022-05-09T07:40:45.000,22.67,-5.32,1.23,20.15,20.5,122446,-40.14,13.0,0.531
2022-05-09T07:41:45.000,22.66,-5.27,1.23,20.16,20.5,122447,-40.11,13.0,0.531
2022-05-09T07:42:45.000,22.6,-5.41,1.23,20.16,20.5,122448,-40.09,13.0,0.531
2022-05-09T07:43:45.000,22.59,-5.16,1.22,20.16,20.5,122449,-40.06,12.0,0.531
2022-05-09T07:44:46.000,22.59,-5.19,1.22,20.17,20.5,122450,-40.03,12.0,0.532
