Downloads/jupyter/ECSV/stars19/stars19_2023-01.ecsv
# %ECSV 1.0
# ---
# datatype:
# - {name: time, datatype: string}
# - {name: Enclosure Temperature, unit: deg_C, datatype: float64}
# - {name: Sky Temperature, unit: deg_C, datatype: float64}
# - {name: Frequency, unit: Hz, datatype: float64}
# - {name: MSAS, unit: mag / arcsec2, datatype: float64}
# - {name: ZP, datatype: float64}
# - {name: Sequence Number, datatype: int64}
# - {name: Sun Alt, unit: deg, datatype: float64}
# - {name: Moon Alt, unit: deg, datatype: float64}
# - {name: Moon Illumination, datatype: float64}
# delimiter: ','
# meta: !!omap
# - ida:
#     Data supplier: {affiliation: null, observer: null}
#     Device type: TESS-W
#     Field of view: 17.0
#     Filters per channel: UV/IR-cut
#     Instrument ID: stars19
#     License: ODbL 1.0 http://opendatacommons.org/licenses/odbl/summary/
#     Local timezone: America/Phoenix
#     Location name: {country: '- Tucson', place: Tucson, region: United States, sub_region: Arizona, town: Pima County}
#     Measurement direction per channel: {azimuth: 0.0, zenital: 0.0}
#     Moving / Fixed look direction: FIXED
#     Moving / Stationary position: STATIONARY
#     Number of channels: 1
#     Number of fields per line: 8
#     Number of header lines: 35
#     Position: {height: 0.0, latitude: 32.223877, longitude: -110.767532}
#     TESS MAC address: 18:FE:34:CF:EC:06
#     TESS cover offset value: 0.0
#     TESS firmware version: '1.0'
#     TESS zero point: 20.38
#     Time Synchronization: timestamp added by MQTT subscriber
#     URL: http://www.darksky.org/NSBM/sdf1.0.pdf
# - __serialized_columns__:
#     Enclosure Temperature:
#       __class__: astropy.units.quantity.Quantity
#       unit: &id001 !astropy.units.Unit {unit: deg_C}
#       value: !astropy.table.SerializedColumn {name: Enclosure Temperature}
#     Frequency:
#       __class__: astropy.units.quantity.Quantity
#       unit: !astropy.units.Unit {unit: Hz}
#       value: !astropy.table.SerializedColumn {name: Frequency}
#     MSAS:
#       __class__: astropy.units.quantity.Quantity
#       unit: !astropy.units.Unit {unit: mag / arcsec2}
#       value: !astropy.table.SerializedColumn {name: MSAS}
#     Moon Alt:
#       __class__: astropy.units.quantity.Quantity
#       unit: &id002 !astropy.units.Unit {unit: deg}
#       value: !astropy.table.SerializedColumn {name: Moon Alt}
#     Sky Temperature:
#       __class__: astropy.units.quantity.Quantity
#       unit: *id001
#       value: !astropy.table.SerializedColumn {name: Sky Temperature}
#     Sun Alt:
#       __class__: astropy.units.quantity.Quantity
#       unit: *id002
#       value: !astropy.table.SerializedColumn {name: Sun Alt}
#     time:
#       __class__: astropy.time.core.Time
#       format: isot
#       in_subfmt: '*'
#       out_subfmt: '*'
#       precision: 3
#       scale: utc
#       value: !astropy.table.SerializedColumn {name: time}
# schema: astropy-2.0
time,Enclosure Temperature,Sky Temperature,Frequency,MSAS,ZP,Sequence Number,Sun Alt,Moon Alt,Moon Illumination
[from data line 15990]
2023-01-18T13:02:07.000,10.21,-8.06,14.51,17.48,20.38,13872,-17.14,16.0,0.158
2023-01-18T13:03:07.000,10.69,-9.62,12.73,17.62,20.38,13873,-16.94,17.0,0.158
2023-01-18T13:04:08.000,10.63,-11.84,5.64,18.57,20.38,13874,-16.73,17.0,0.157
2023-01-18T13:05:08.000,10.23,-13.0,3.52,19.02,20.38,13875,-16.52,17.0,0.157
2023-01-18T13:06:09.000,9.93,-12.37,6.31,18.39,20.38,13876,-16.32,17.0,0.157
2023-01-18T13:07:09.000,10.36,-11.5,7.11,18.25,20.38,13877,-16.11,17.0,0.157
2023-01-18T13:08:09.000,10.74,-11.34,4.93,18.66,20.38,13878,-15.91,17.0,0.157
2023-01-18T13:09:09.000,10.57,-10.58,4.23,18.81,20.38,13879,-15.7,17.0,0.157
2023-01-18T13:10:10.000,10.19,-10.81,3.9,18.91,20.38,13880,-15.49,18.0,0.157
2023-01-18T13:11:10.000,9.89,-11.21,3.11,19.15,20.38,13881,-15.29,18.0,0.157
2023-01-18T13:13:11.000,10.94,-10.54,6.99,18.27,20.38,13883,-14.88,18.0,0.157
2023-01-18T13:14:11.000,10.75,-10.18,7.64,18.17,20.38,13884,-14.67,18.0,0.157
2023-01-18T13:15:11.000,10.32,-9.58,7.55,18.19,20.38,13885,-14.47,18.0,0.157
2023-01-18T13:16:12.000,9.89,-8.93,5.49,18.54,20.38,13886,-14.26,18.0,0.157
2023-01-18T13:17:12.000,10.34,-7.47,4.56,18.74,20.38,13887,-14.06,18.0,0.157
2023-01-18T13:18:12.000,10.84,-6.93,6.32,18.38,20.38,13888,-13.85,19.0,0.157
2023-01-18T13:19:12.000,10.72,-5.8,9.67,17.93,20.38,13889,-13.65,19.0,0.157
2023-01-18T13:20:12.000,10.33,-4.98,14.1,17.51,20.38,13890,-13.45,19.0,0.157
2023-01-18T13:21:12.000,9.93,-4.99,14.13,17.51,20.38,13891,-13.24,19.0,0.156
2023-01-18T13:22:12.000,10.18,-5.34,10.92,17.79,20.38,13892,-13.04,19.0,0.156
2023-01-18T13:23:12.000,10.71,-7.04,7.41,18.21,20.38,13893,-12.84,19.0,0.156
2023-01-18T13:26:13.000,9.92,-7.93,8.35,18.11,20.38,13896,-12.23,20.0,0.156
2023-01-18T13:32:15.000,10.76,-4.11,17.18,17.29,20.38,13902,-11.01,20.0,0.156
2023-01-18T13:33:15.000,10.68,-5.56,16.67,17.33,20.38,13903,-10.8,21.0,0.156
2023-01-18T13:34:15.000,10.18,-7.04,15.14,17.43,20.38,13904,-10.6,21.0,0.156
2023-01-18T13:35:15.000,9.88,-7.68,10.86,17.8,20.38,13905,-10.4,21.0,0.156
2023-01-18T13:36:16.000,10.55,-8.46,9.74,17.91,20.38,13906,-10.2,21.0,0.156
2023-01-18T13:37:17.000,10.78,-11.44,12.26,17.66,20.38,13907,-9.99,21.0,0.156
2023-01-18T13:38:18.000,10.47,-14.3,11.99,17.68,20.38,13908,-9.79,21.0,0.155
2023-01-18T13:39:18.000,10.01,-16.1,10.53,17.82,20.38,13909,-9.59,21.0,0.155
2023-01-18T13:40:18.000,9.99,-16.09,11.71,17.71,20.38,13910,-9.39,21.0,0.155
2023-01-18T13:41:19.000,10.67,-16.6,13.88,17.53,20.38,13911,-9.18,22.0,0.155
2023-01-18T13:42:19.000,10.71,-17.53,16.8,17.32,20.38,13912,-8.98,22.0,0.155
2023-01-18T13:44:25.000,9.82,-17.8,24.98,16.89,20.38,13914,-8.56,22.0,0.155
2023-01-18T13:45:26.000,10.27,-17.12,30.37,16.68,20.38,13915,-8.36,22.0,0.155
2023-01-18T13:46:26.000,10.75,-17.59,37.37,16.45,20.38,13916,-8.16,22.0,0.155
2023-01-18T13:47:31.000,10.6,-18.07,45.31,16.24,20.38,13917,-7.94,22.0,0.155
2023-01-18T13:48:32.000,10.08,-18.17,57.71,15.98,20.38,13918,-7.74,22.0,0.155
2023-01-18T13:49:32.000,9.92,-17.43,72.02,15.74,20.38,13919,-7.54,23.0,0.155
2023-01-18T13:50:31.000,10.52,-17.27,90.63,15.49,20.38,13920,-7.34,23.0,0.155
2023-01-18T13:51:32.000,10.68,-17.98,114.77,15.23,20.38,13921,-7.14,23.0,0.155
2023-01-18T13:52:32.000,10.35,-18.34,145.67,14.97,20.38,13922,-6.94,23.0,0.155
2023-01-18T13:53:33.000,9.9,-18.19,186.65,14.71,20.38,13923,-6.74,23.0,0.155
2023-01-18T13:54:33.000,10.23,-17.36,239.6,14.43,20.38,13924,-6.54,23.0,0.155
2023-01-18T13:55:33.000,10.67,-17.71,308.04,14.16,20.38,13925,-6.34,23.0,0.154
2023-01-18T13:56:34.000,10.51,-18.22,396.07,13.89,20.38,13926,-6.14,23.0,0.154
2023-01-18T13:57:34.000,10.08,-18.34,510.29,13.61,20.38,13927,-5.94,23.0,0.154
2023-01-18T13:58:34.000,9.57,-18.37,656.47,13.34,20.38,13928,-5.75,24.0,0.154
2023-01-18T13:59:34.000,9.11,-18.28,844.31,13.07,20.38,13929,-5.55,24.0,0.154
2023-01-18T14:00:34.000,8.7,-18.11,1086.0,12.79,20.38,13930,-5.35,24.0,0.154
2023-01-18T14:01:35.000,8.34,-18.13,1392.92,12.52,20.38,13931,-5.15,24.0,0.154
2023-01-18T14:02:35.000,8.03,-17.95,1785.71,12.25,20.38,13932,-4.95,24.0,0.154
2023-01-18T14:03:35.000,7.72,-18.1,2287.53,11.98,20.38,13933,-4.75,24.0,0.154
2023-01-18T14:05:40.000,7.24,-17.85,3802.37,11.43,20.38,13935,-4.34,24.0,0.154
2023-01-18T14:06:41.000,7.07,-17.66,4847.49,11.17,20.38,13936,-4.14,24.0,0.154
2023-01-18T14:07:41.000,6.91,-17.77,6140.07,10.91,20.38,13937,-3.95,25.0,0.154
2023-01-18T14:08:42.000,6.8,-17.51,7716.2,10.66,20.38,13938,-3.75,25.0,0.154
2023-01-18T14:09:42.000,6.72,-17.56,9584.31,10.43,20.38,13939,-3.55,25.0,0.154
2023-01-18T14:10:42.000,6.64,-17.6,11783.07,10.2,20.38,13940,-3.36,25.0,0.154
2023-01-18T14:11:42.000,6.55,-17.56,14338.79,9.99,20.38,13941,-3.16,25.0,0.154
2023-01-18T14:12:43.000,6.49,-17.57,17278.4,9.79,20.38,13942,-2.96,25.0,0.153
2023-01-18T14:13:43.000,6.39,-17.66,20660.51,9.59,20.38,13943,-2.77,25.0,0.153
2023-01-18T14:14:43.000,6.32,-17.6,24514.58,9.41,20.38,13944,-2.57,25.0,0.153
2023-01-18T14:15:43.000,6.29,-17.49,28870.45,9.23,20.38,13945,-2.38,25.0,0.153
2023-01-18T14:16:44.000,6.26,-17.46,33776.58,9.06,20.38,13946,-2.18,25.0,0.153
2023-01-18T14:17:44.000,6.24,-17.39,39232.0,8.9,20.38,13947,-1.98,26.0,0.153
2023-01-18T14:19:49.000,6.21,-17.25,51981.12,8.59,20.38,13949,-1.58,26.0,0.153
2023-01-18T14:20:49.000,6.16,-17.25,59050.11,8.45,20.38,13950,-1.38,26.0,0.153
2023-01-18T14:23:50.000,6.01,-17.26,0.0,0.0,20.38,13953,-0.8,26.0,0.153
2023-01-18T14:24:51.000,6.01,-17.08,0.0,0.0,20.38,13954,-0.6,26.0,0.153
2023-01-18T14:25:51.000,6.0,-17.02,0.0,0.0,20.38,13955,-0.41,26.0,0.153
2023-01-18T14:32:53.000,6.08,-16.11,0.0,0.0,20.38,13962,0.94,27.0,0.152
2023-01-18T14:33:53.000,6.07,-16.38,0.0,0.0,20.38,13963,1.13,27.0,0.152
2023-01-18T14:34:54.000,6.03,-16.25,0.0,0.0,20.38,13964,1.33,27.0,0.152
2023-01-18T14:36:54.000,6.0,-16.3,0.0,0.0,20.38,13966,1.71,27.0,0.152
2023-01-18T14:37:54.000,5.99,-16.18,0.0,0.0,20.38,13967,1.9,27.0,0.152
2023-01-18T14:38:54.000,5.98,-15.81,0.0,0.0,20.38,13968,2.09,28.0,0.152
2023-01-18T14:39:54.000,5.99,-15.63,0.0,0.0,20.38,13969,2.28,28.0,0.152
2023-01-18T14:45:01.000,6.02,-10.34,0.0,0.0,20.38,13974,3.25,28.0,0.152
2023-01-18T14:46:01.000,6.05,-9.77,0.0,0.0,20.38,13975,3.44,28.0,0.152
2023-01-18T14:47:01.000,6.06,-9.72,0.0,0.0,20.38,13976,3.63,28.0,0.151
2023-01-18T14:49:02.000,6.1,-9.83,0.0,0.0,20.38,13978,4.01,28.0,0.151
2023-01-18T14:50:02.000,6.13,-9.54,0.0,0.0,20.38,13979,4.19,28.0,0.151
2023-01-18T14:51:02.000,6.17,-9.31,0.0,0.0,20.38,13980,4.38,28.0,0.151
2023-01-18T14:53:08.000,6.21,-10.16,0.0,0.0,20.38,13982,4.77,29.0,0.151
2023-01-18T14:54:08.000,6.21,-10.2,0.0,0.0,20.38,13983,4.96,29.0,0.151
2023-01-18T14:55:08.000,6.24,-10.02,0.0,0.0,20.38,13984,5.15,29.0,0.151
2023-01-18T15:00:11.000,6.35,-11.0,0.0,0.0,20.38,13989,6.08,29.0,0.151
2023-01-18T15:01:11.000,6.37,-12.08,0.0,0.0,20.38,13990,6.27,29.0,0.151
2023-01-18T15:02:11.000,6.38,-13.2,0.0,0.0,20.38,13991,6.45,29.0,0.151
2023-01-18T15:05:12.000,6.43,-15.46,0.0,0.0,20.38,13994,7.01,29.0,0.15
2023-01-18T15:06:12.000,6.45,-15.65,0.0,0.0,20.38,13995,7.19,30.0,0.15
2023-01-18T15:07:13.000,6.5,-15.9,0.0,0.0,20.38,13996,7.38,30.0,0.15
2023-01-18T15:09:13.000,6.51,-16.58,0.0,0.0,20.38,13998,7.75,30.0,0.15
2023-01-18T15:10:13.000,6.49,-16.7,0.0,0.0,20.38,13999,7.93,30.0,0.15
2023-01-18T15:11:13.000,6.49,-16.8,0.0,0.0,20.38,14000,8.11,30.0,0.15
2023-01-18T15:12:14.000,6.51,-16.78,0.14,0.1,20.38,14001,8.3,30.0,0.15
2023-01-18T15:13:14.000,6.52,-16.87,0.0,0.0,20.38,14002,8.48,30.0,0.15
2023-01-18T15:14:15.000,6.52,-16.89,0.0,0.0,20.38,14003,8.66,30.0,0.15
2023-01-18T15:15:15.000,6.53,-16.94,0.0,0.0,20.38,14004,8.84,30.0,0.15
2023-01-18T15:18:15.000,6.38,-17.12,0.0,0.0,20.38,14007,9.39,30.0,0.15
2023-01-18T15:19:16.000,6.34,-17.07,0.0,0.0,20.38,14008,9.57,30.0,0.15
2023-01-18T15:20:16.000,6.35,-16.97,0.0,0.0,20.38,14009,9.75,30.0,0.15
2023-01-18T15:21:16.000,6.36,-17.0,0.0,0.0,20.38,14010,9.93,30.0,0.149
2023-01-18T15:23:16.000,6.44,-16.82,0.0,0.0,20.38,14012,10.29,30.0,0.149
2023-01-18T15:25:22.000,6.53,-15.7,0.0,0.0,20.38,14014,10.66,31.0,0.149
2023-01-18T15:26:22.000,6.57,-14.12,0.0,0.0,20.38,14015,10.84,31.0,0.149
2023-01-18T15:28:22.000,6.73,-11.22,0.0,0.0,20.38,14017,11.19,31.0,0.149
2023-01-18T15:29:22.000,6.8,-10.27,0.0,0.0,20.38,14018,11.37,31.0,0.149
2023-01-18T15:30:22.000,6.84,-10.0,0.0,0.0,20.38,14019,11.55,31.0,0.149
2023-01-18T15:33:24.000,7.03,-14.91,0.0,0.0,20.38,14022,12.08,31.0,0.149
2023-01-18T15:34:24.000,7.03,-15.95,0.0,0.0,20.38,14023,12.26,31.0,0.149
2023-01-18T15:35:24.000,7.07,-16.13,0.0,0.0,20.38,14024,12.43,31.0,0.149
2023-01-18T15:38:36.000,7.1,-15.6,0.0,0.0,20.38,14027,12.99,31.0,0.148
2023-01-18T15:40:43.000,7.18,-15.79,0.0,0.0,20.38,14029,13.36,31.0,0.148
2023-01-18T15:41:43.000,7.19,-15.78,0.0,0.0,20.38,14030,13.53,31.0,0.148
2023-01-18T15:42:43.000,7.22,-15.48,0.0,0.0,20.38,14031,13.7,31.0,0.148
2023-01-18T15:45:44.000,7.51,-9.82,0.0,0.0,20.38,14034,14.22,31.0,0.148
2023-01-18T15:46:44.000,7.6,-7.88,0.0,0.0,20.38,14035,14.39,31.0,0.148
2023-01-18T15:47:45.000,7.67,-6.88,0.0,0.0,20.38,14036,14.56,31.0,0.148
2023-01-18T15:49:45.000,7.95,-6.85,0.0,0.0,20.38,14038,14.9,31.0,0.148
2023-01-18T15:50:45.000,8.05,-7.18,0.0,0.0,20.38,14039,15.07,31.0,0.148
2023-01-18T15:51:45.000,8.12,-7.46,0.0,0.0,20.38,14040,15.24,31.0,0.148
2023-01-18T15:53:47.000,8.24,-7.11,0.0,0.0,20.38,14042,15.59,32.0,0.148
2023-01-18T15:54:47.000,8.28,-7.49,0.0,0.0,20.38,14043,15.76,32.0,0.148
2023-01-18T15:55:47.000,8.34,-6.9,0.0,0.0,20.38,14044,15.92,32.0,0.147
2023-01-18T15:58:53.000,8.69,-5.26,0.0,0.0,20.38,14047,16.44,32.0,0.147
2023-01-18T16:02:54.000,8.97,-7.78,0.0,0.0,20.38,14051,17.11,32.0,0.147
2023-01-18T16:06:05.000,9.12,-10.28,0.0,0.0,20.38,14054,17.63,32.0,0.147
2023-01-18T16:07:05.000,9.09,-11.36,0.0,0.0,20.38,14055,17.79,32.0,0.147
2023-01-18T16:08:06.000,9.09,-12.23,0.0,0.0,20.38,14056,17.96,32.0,0.147
2023-01-18T16:13:08.000,9.18,-13.28,0.0,0.0,20.38,14061,18.77,32.0,0.147
2023-01-18T16:14:08.000,9.22,-13.41,0.0,0.0,20.38,14062,18.93,32.0,0.146
2023-01-18T16:15:08.000,9.26,-13.3,0.0,0.0,20.38,14063,19.09,32.0,0.146
2023-01-18T16:18:08.000,9.53,-13.06,0.0,0.0,20.38,14066,19.57,32.0,0.146
2023-01-18T16:19:10.000,9.58,-12.43,0.0,0.0,20.38,14067,19.73,32.0,0.146
2023-01-18T16:20:10.000,9.7,-11.6,0.0,0.0,20.38,14068,19.89,32.0,0.146
2023-01-18T16:21:10.000,9.71,-11.51,0.0,0.0,20.38,14069,20.05,32.0,0.146
2023-01-18T16:29:11.000,10.33,-9.64,0.0,0.0,20.38,14077,21.29,32.0,0.146
2023-01-18T16:32:16.000,10.67,-7.23,0.0,0.0,20.38,14080,21.76,32.0,0.145
2023-01-18T16:35:17.000,11.02,-4.42,0.0,0.0,20.38,14083,22.21,32.0,0.145
2023-01-18T16:37:18.000,11.33,-2.74,0.0,0.0,20.38,14085,22.52,32.0,0.145
2023-01-18T16:38:18.000,11.55,-1.74,0.0,0.0,20.38,14086,22.66,32.0,0.145
2023-01-18T16:39:19.000,11.73,-1.15,0.0,0.0,20.38,14087,22.82,32.0,0.145
2023-01-18T16:40:20.000,11.82,-0.58,0.0,0.0,20.38,14088,22.97,31.0,0.145
2023-01-18T16:42:20.000,12.09,0.49,0.0,0.0,20.38,14090,23.26,31.0,0.145
2023-01-18T16:44:26.000,12.17,0.93,0.0,0.0,20.38,14092,23.57,31.0,0.145
2023-01-18T16:45:26.000,12.18,0.74,0.0,0.0,20.38,14093,23.71,31.0,0.145
2023-01-18T16:46:26.000,12.03,0.2,0.0,0.0,20.38,14094,23.86,31.0,0.145
2023-01-18T16:48:33.000,11.85,-0.27,0.0,0.0,20.38,14096,24.16,31.0,0.144
2023-01-18T16:49:32.000,11.79,-0.16,0.0,0.0,20.38,14097,24.3,31.0,0.144
2023-01-18T16:50:33.000,11.77,-0.75,0.0,0.0,20.38,14098,24.45,31.0,0.144
2023-01-18T16:51:33.000,11.71,-1.35,0.0,0.0,20.38,14099,24.59,31.0,0.144
2023-01-18T16:52:33.000,11.75,-1.93,0.0,0.0,20.38,14100,24.73,31.0,0.144
2023-01-18T16:55:34.000,11.57,-5.61,0.0,0.0,20.38,14103,25.15,31.0,0.144
2023-01-18T16:56:34.000,11.61,-6.83,0.0,0.0,20.38,14104,25.29,31.0,0.144
2023-01-18T16:57:34.000,11.7,-7.72,0.0,0.0,20.38,14105,25.43,31.0,0.144
2023-01-18T17:00:35.000,11.59,-10.67,0.0,0.0,20.38,14108,25.84,31.0,0.144
2023-01-18T17:01:35.000,11.52,-11.2,0.0,0.0,20.38,14109,25.98,31.0,0.144
2023-01-18T17:02:35.000,11.46,-11.45,0.0,0.0,20.38,14110,26.11,31.0,0.144
2023-01-18T17:04:36.000,11.63,-10.46,0.0,0.0,20.38,14112,26.38,31.0,0.144
2023-01-18T17:06:42.000,11.78,-9.61,0.0,0.0,20.38,14114,26.66,31.0,0.143
2023-01-18T17:07:42.000,11.82,-9.67,0.0,0.0,20.38,14115,26.8,31.0,0.143
2023-01-18T17:08:42.000,11.84,-10.04,0.0,0.0,20.38,14116,26.93,31.0,0.143
2023-01-18T17:12:44.000,11.96,-9.88,0.0,0.0,20.38,14120,27.45,30.0,0.143
2023-01-18T17:13:44.000,12.11,-9.52,0.0,0.0,20.38,14121,27.58,30.0,0.143
2023-01-18T17:14:44.000,12.22,-9.51,0.0,0.0,20.38,14122,27.71,30.0,0.143
2023-01-18T17:16:44.000,12.17,-9.69,0.0,0.0,20.38,14124,27.96,30.0,0.143
2023-01-18T17:18:50.000,12.44,-9.14,0.0,0.0,20.38,14126,28.23,30.0,0.143
2023-01-18T17:19:50.000,12.61,-8.8,0.0,0.0,20.38,14127,28.35,30.0,0.143
2023-01-18T17:20:50.000,12.7,-8.85,0.0,0.0,20.38,14128,28.47,30.0,0.143
2023-01-18T17:25:50.000,13.03,-8.05,0.0,0.0,20.38,14133,29.08,30.0,0.142
2023-01-18T17:26:51.000,13.09,-8.43,0.0,0.0,20.38,14134,29.2,30.0,0.142
2023-01-18T17:27:51.000,13.09,-8.18,0.0,0.0,20.38,14135,29.32,29.0,0.142
2023-01-18T17:31:52.000,13.49,-7.68,0.0,0.0,20.38,14139,29.79,29.0,0.142
2023-01-18T17:32:52.000,13.5,-7.77,0.0,0.0,20.38,14140,29.91,29.0,0.142
2023-01-18T17:33:53.000,13.54,-7.55,0.0,0.0,20.38,14141,30.02,29.0,0.142
2023-01-18T17:37:53.000,13.73,-7.34,0.0,0.0,20.38,14145,30.47,29.0,0.142
2023-01-18T17:38:54.000,13.84,-7.19,0.0,0.0,20.38,14146,30.59,29.0,0.142
2023-01-18T17:39:54.000,13.96,-7.17,0.0,0.0,20.38,14147,30.7,29.0,0.142
2023-01-18T17:42:01.000,14.12,-6.95,0.0,0.0,20.38,14149,30.93,28.0,0.141
2023-01-18T17:43:01.000,14.12,-7.31,0.0,0.0,20.38,14150,31.03,28.0,0.141
2023-01-18T17:44:02.000,14.07,-7.42,0.0,0.0,20.38,14151,31.14,28.0,0.141
2023-01-18T17:45:02.000,13.95,-7.58,0.0,0.0,20.38,14152,31.25,28.0,0.141
2023-01-18T17:50:02.000,14.22,-7.33,0.0,0.0,20.38,14157,31.77,28.0,0.141
2023-01-18T17:51:02.000,14.09,-7.58,0.0,0.0,20.38,14158,31.87,28.0,0.141
2023-01-18T17:54:14.000,14.27,-6.5,0.0,0.0,20.38,14161,32.19,28.0,0.141
2023-01-18T17:55:14.000,14.51,-5.93,0.0,0.0,20.38,14162,32.29,27.0,0.141
2023-01-18T17:56:15.000,15.07,-3.84,0.0,0.0,20.38,14163,32.38,27.0,0.141
2023-01-18T18:00:16.000,17.76,-3.02,0.0,0.0,20.38,14167,32.77,27.0,0.14
2023-01-18T18:01:17.000,18.26,-3.08,0.0,0.0,20.38,14168,32.86,27.0,0.14
2023-01-18T18:02:17.000,18.6,-3.41,0.0,0.0,20.38,14169,32.95,27.0,0.14
2023-01-18T18:06:23.000,20.31,-3.13,0.0,0.0,20.38,14173,33.32,26.0,0.14
2023-01-18T18:07:23.000,20.76,-2.59,0.0,0.0,20.38,14174,33.41,26.0,0.14
2023-01-18T18:08:24.000,21.34,-2.25,0.0,0.0,20.38,14175,33.5,26.0,0.14
2023-01-18T18:16:26.000,23.13,-2.92,0.0,0.0,20.38,14183,34.16,25.0,0.139
2023-01-18T18:17:26.000,23.2,-3.79,0.0,0.0,20.38,14184,34.24,25.0,0.139
2023-01-18T18:18:26.000,23.39,-2.75,0.0,0.0,20.38,14185,34.32,25.0,0.139
2023-01-18T18:20:26.000,23.57,-4.16,0.0,0.0,20.38,14187,34.47,25.0,0.139
2023-01-18T18:23:26.000,23.38,-2.95,0.0,0.0,20.38,14190,34.69,25.0,0.139
2023-01-18T18:24:27.000,23.7,-3.24,0.0,0.0,20.38,14191,34.76,25.0,0.139
2023-01-18T18:25:27.000,23.66,-3.8,0.0,0.0,20.38,14192,34.84,25.0,0.139
2023-01-18T18:33:28.000,25.55,-2.13,0.0,0.0,20.38,14200,35.37,24.0,0.139
2023-01-18T18:34:28.000,25.87,-2.29,0.0,0.0,20.38,14201,35.43,24.0,0.138
2023-01-18T18:35:28.000,26.28,-1.65,0.0,0.0,20.38,14202,35.5,23.0,0.138
2023-01-18T18:38:41.000,26.58,-3.07,0.0,0.0,20.38,14205,35.69,23.0,0.138
2023-01-18T18:40:47.000,26.4,-3.25,0.0,0.0,20.38,14207,35.81,23.0,0.138
2023-01-18T18:41:48.000,26.2,-4.94,0.0,0.0,20.38,14208,35.86,23.0,0.138
2023-01-18T18:42:48.000,25.67,-4.44,0.0,0.0,20.38,14209,35.92,23.0,0.138
2023-01-18T18:43:49.000,25.5,-3.68,0.0,0.0,20.38,14210,35.97,23.0,0.138
2023-01-18T18:44:48.000,25.55,-2.57,0.0,0.0,20.38,14211,36.02,22.0,0.138
2023-01-18T18:46:49.000,25.68,-2.3,0.0,0.0,20.38,14213,36.12,22.0,0.138
2023-01-18T18:47:49.000,26.02,-1.92,0.0,0.0,20.38,14214,36.17,22.0,0.138
2023-01-18T18:48:49.000,26.21,-2.55,0.0,0.0,20.38,14215,36.22,22.0,0.138
2023-01-18T18:49:49.000,26.36,-2.96,0.0,0.0,20.38,14216,36.27,22.0,0.138
2023-01-18T18:50:50.000,26.36,-3.28,0.0,0.0,20.38,14217,36.32,22.0,0.138
