Downloads/jupyter/ECSV/stars19/stars19_2024-03.ecsv
# %ECSV 1.0
# ---
# datatype:
# - {name: time, datatype: string}
# - {name: Enclosure Temperature, unit: deg_C, datatype: float64}
# - {name: Sky Temperature, unit: deg_C, datatype: float64}
# - {name: Frequency, unit: Hz, datatype: float64}
# - {name: MSAS, unit: mag / arcsec2, datatype: float64}
# - {name: ZP, datatype: float64}
# - {name: Sequence Number, datatype: int64}
# - {name: Sun Alt, unit: deg, datatype: float64}
# - {name: Moon Alt, unit: deg, datatype: float64}
# - {name: Moon Illumination, datatype: float64}
# delimiter: ','
# meta: !!omap
# - ida:
#     Data supplier: {affiliation: null, observer: null}
#     Device type: TESS-W
#     Field of view: 17.0
#     Filters per channel: None
#     Instrument ID: stars19
#     License: ODbL 1.0 http://opendatacommons.org/licenses/odbl/summary/
#     Local timezone: America/Phoenix
#     Location name: {country: '- Tucson', place: Tucson, region: United States, sub_region: Arizona, town: Pima County}
#     Measurement direction per channel: {azimuth: 0.0, zenital: 0.0}
#     Moving / Fixed look direction: FIXED
#     Moving / Stationary position: STATIONARY
#     Number of channels: 1
#     Number of fields per line: 8
#     Number of header lines: 35
#     Position: {height: 0.0, latitude: 32.223877, longitude: -110.767532}
#     TESS MAC address: 18:FE:34:CF:EC:06
#     TESS cover offset value: 0.0
#     TESS firmware version: '1.0'
#     TESS zero point: 20.38
#     Time Synchronization: timestamp added by MQTT subscriber
#     URL: http://www.darksky.org/NSBM/sdf1.0.pdf
# - __serialized_columns__:
#     Enclosure Temperature:
#       __class__: astropy.units.quantity.Quantity
#       unit: &id001 !astropy.units.Unit {unit: deg_C}
#       value: !astropy.table.SerializedColumn {name: Enclosure Temperature}
#     Frequency:
#       __class__: astropy.units.quantity.Quantity
#       unit: !astropy.units.Unit {unit: Hz}
#       value: !astropy.table.SerializedColumn {name: Frequency}
#     MSAS:
#       __class__: astropy.units.quantity.Quantity
#       unit: !astropy.units.Unit {unit: mag / arcsec2}
#       value: !astropy.table.SerializedColumn {name: MSAS}
#     Moon Alt:
#       __class__: astropy.units.quantity.Quantity
#       unit: &id002 !astropy.units.Unit {unit: deg}
#       value: !astropy.table.SerializedColumn {name: Moon Alt}
#     Sky Temperature:
#       __class__: astropy.units.quantity.Quantity
#       unit: *id001
#       value: !astropy.table.SerializedColumn {name: Sky Temperature}
#     Sun Alt:
#       __class__: astropy.units.quantity.Quantity
#       unit: *id002
#       value: !astropy.table.SerializedColumn {name: Sun Alt}
#     time:
#       __class__: astropy.time.core.Time
#       format: isot
#       in_subfmt: '*'
#       out_subfmt: '*'
#       precision: 3
#       scale: utc
#       value: !astropy.table.SerializedColumn {name: time}
# schema: astropy-2.0
time,Enclosure Temperature,Sky Temperature,Frequency,MSAS,ZP,Sequence Number,Sun Alt,Moon Alt,Moon Illumination
[from data line 18616]
2024-03-23T12:01:05.000,17.43,2.14,17.13,17.3,20.38,250242,-17.81,8.0,0.971
2024-03-23T12:02:05.000,17.29,1.92,17.22,17.29,20.38,250243,-17.6,8.0,0.971
2024-03-23T12:03:05.000,17.15,1.9,17.13,17.23,20.38,250244,-17.4,8.0,0.971
2024-03-23T12:04:05.000,17.08,1.88,17.03,17.3,20.38,250245,-17.19,8.0,0.971
2024-03-23T12:05:05.000,17.12,2.45,16.74,17.32,20.38,250246,-16.98,7.0,0.971
2024-03-23T12:06:05.000,17.21,2.49,16.14,17.36,20.38,250247,-16.78,7.0,0.971
2024-03-23T12:07:06.000,17.27,2.51,15.89,17.38,20.38,250248,-16.57,7.0,0.971
2024-03-23T12:08:06.000,17.3,2.51,16.31,17.35,20.38,250249,-16.36,7.0,0.971
2024-03-23T12:09:06.000,17.38,2.67,16.61,17.33,20.38,250250,-16.15,7.0,0.971
2024-03-23T12:10:06.000,17.41,2.68,16.35,17.35,20.38,250251,-15.95,6.0,0.971
2024-03-23T12:11:06.000,17.45,2.69,16.19,17.36,20.38,250252,-15.74,6.0,0.971
2024-03-23T12:12:06.000,17.46,2.62,15.92,17.37,20.38,250253,-15.53,6.0,0.971
2024-03-23T12:13:06.000,17.44,2.57,15.93,17.37,20.38,250254,-15.32,6.0,0.971
2024-03-23T12:14:06.000,17.41,2.63,16.12,17.36,20.38,250255,-15.12,6.0,0.972
2024-03-23T12:15:06.000,17.38,2.57,16.13,17.36,20.38,250256,-14.91,5.0,0.972
2024-03-23T12:16:06.000,17.37,2.7,15.99,17.37,20.38,250257,-14.7,5.0,0.972
2024-03-23T12:17:06.000,17.4,2.73,16.01,17.37,20.38,250258,-14.49,5.0,0.972
2024-03-23T12:18:07.000,17.41,2.74,16.08,17.36,20.38,250259,-14.28,5.0,0.972
2024-03-23T12:19:07.000,17.45,2.81,16.37,17.35,20.38,250260,-14.08,5.0,0.972
2024-03-23T12:20:07.000,17.45,2.77,16.39,17.34,20.38,250261,-13.87,4.0,0.972
2024-03-23T12:21:07.000,17.44,2.75,15.88,17.38,20.38,250262,-13.66,4.0,0.972
2024-03-23T12:22:07.000,17.38,2.59,15.49,17.41,20.38,250263,-13.45,4.0,0.972
2024-03-23T12:23:07.000,17.32,2.58,15.23,17.42,20.38,250264,-13.24,4.0,0.972
2024-03-23T12:24:07.000,17.28,2.45,15.15,17.43,20.38,250265,-13.03,4.0,0.972
2024-03-23T12:25:07.000,17.21,2.59,15.39,17.41,20.38,250266,-12.83,3.0,0.972
2024-03-23T12:26:07.000,17.23,2.69,15.47,17.41,20.38,250267,-12.62,3.0,0.972
2024-03-23T12:27:07.000,17.26,2.79,15.24,17.42,20.38,250268,-12.41,3.0,0.972
2024-03-23T12:28:07.000,17.31,2.84,14.97,17.44,20.38,250269,-12.2,3.0,0.972
2024-03-23T12:29:08.000,17.39,2.9,14.53,17.47,20.38,250270,-11.99,3.0,0.972
2024-03-23T12:30:07.000,17.45,2.86,14.32,17.49,20.38,250271,-11.78,2.0,0.972
2024-03-23T12:31:08.000,17.51,2.8,14.94,17.44,20.38,250272,-11.57,2.0,0.972
2024-03-23T12:32:07.000,17.55,2.86,15.71,17.39,20.38,250273,-11.36,2.0,0.972
2024-03-23T12:33:08.000,17.52,2.63,16.12,17.36,20.38,250274,-11.15,2.0,0.972
2024-03-23T12:34:08.000,17.41,2.48,16.84,17.31,20.38,250275,-10.94,1.0,0.972
2024-03-23T12:36:08.000,17.34,2.88,17.6,17.27,20.38,250277,-10.52,1.0,0.972
2024-03-23T12:37:08.000,17.41,2.91,18.11,17.24,20.38,250278,-10.31,1.0,0.972
2024-03-23T12:38:08.000,17.41,2.86,18.37,17.22,20.38,250279,-10.1,1.0,0.972
2024-03-23T12:39:08.000,17.41,2.88,18.86,17.19,20.38,250280,-9.89,0.0,0.972
2024-03-23T12:41:08.000,17.45,2.85,20.34,17.11,20.38,250282,-9.47,0.0,0.972
2024-03-23T12:42:08.000,17.46,2.77,21.64,17.04,20.38,250283,-9.27,-0.0,0.972
2024-03-23T12:44:08.000,17.28,2.31,24.62,16.9,20.38,250285,-8.85,-1.0,0.972
2024-03-23T12:45:09.000,17.17,2.48,26.23,16.83,20.38,250286,-8.63,-1.0,0.972
2024-03-23T12:47:09.000,17.16,2.75,30.85,16.66,20.38,250288,-8.21,-1.0,0.972
2024-03-23T12:49:09.000,17.24,2.85,42.45,16.31,20.38,250290,-7.79,-2.0,0.972
2024-03-23T12:51:09.000,17.28,2.67,59.7,15.94,20.38,250292,-7.37,-2.0,0.972
2024-03-23T12:54:09.000,17.17,2.42,136.81,15.04,20.38,250295,-6.74,-3.0,0.972
2024-03-23T12:55:10.000,17.13,2.47,162.94,14.85,20.38,250296,-6.52,-3.0,0.972
2024-03-23T12:56:10.000,17.11,2.54,196.85,14.65,20.38,250297,-6.31,-3.0,0.972
2024-03-23T12:57:10.000,17.11,2.59,242.36,14.42,20.38,250298,-6.1,-3.0,0.972
2024-03-23T12:58:10.000,17.11,2.63,298.11,14.2,20.38,250299,-5.89,-3.0,0.972
2024-03-23T12:59:10.000,17.11,2.63,393.55,13.9,20.38,250300,-5.68,-4.0,0.972
2024-03-23T13:00:10.000,17.1,2.65,529.06,13.58,20.38,250301,-5.47,-4.0,0.973
2024-03-23T13:01:12.000,17.1,2.72,699.48,13.27,20.38,250302,-5.25,-4.0,0.973
2024-03-23T13:02:12.000,17.1,2.8,894.37,13.0,20.38,250303,-5.04,-4.0,0.973
2024-03-23T13:03:13.000,17.08,2.83,1098.18,12.78,20.38,250304,-4.83,-4.0,0.973
2024-03-23T13:11:13.000,17.34,3.05,9312.33,10.46,20.38,250312,-3.14,-6.0,0.973
2024-03-23T13:12:13.000,17.31,3.03,11765.57,10.21,20.38,250313,-2.93,-6.0,0.973
2024-03-23T13:14:13.000,17.36,3.13,16640.82,9.89,20.38,250315,-2.5,-7.0,0.973
2024-03-23T13:15:13.000,17.4,3.09,19813.73,9.64,20.38,250316,-2.29,-7.0,0.973
2024-03-23T13:16:13.000,17.4,2.92,23634.29,9.45,20.38,250317,-2.08,-7.0,0.973
2024-03-23T13:17:13.000,17.35,2.87,26371.3,9.39,20.38,250318,-1.87,-7.0,0.973
2024-03-23T13:22:13.000,17.43,3.18,41424.79,8.84,20.38,250323,-0.81,-8.0,0.973
2024-03-23T13:29:14.000,17.56,3.12,0.0,0.0,20.38,250330,0.67,-10.0,0.973
2024-03-23T13:31:14.000,17.62,3.21,0.0,0.0,20.38,250332,1.09,-10.0,0.973
2024-03-23T13:32:14.000,17.69,3.32,0.0,0.0,20.38,250333,1.31,-10.0,0.973
2024-03-23T13:33:14.000,17.75,3.25,0.0,0.0,20.38,250334,1.52,-10.0,0.973
2024-03-23T13:34:14.000,17.75,3.17,0.0,0.0,20.38,250335,1.73,-11.0,0.973
2024-03-23T13:36:14.000,17.6,2.93,0.0,0.0,20.38,250337,2.15,-11.0,0.973
2024-03-23T13:37:14.000,17.55,2.93,0.0,0.0,20.38,250338,2.36,-11.0,0.973
2024-03-23T13:39:14.000,17.53,2.8,0.0,0.0,20.38,250340,2.79,-12.0,0.973
2024-03-23T13:40:15.000,17.58,2.77,0.0,0.0,20.38,250341,3.0,-12.0,0.973
2024-03-23T13:44:15.000,17.58,2.21,0.1,0.09,20.38,250345,3.85,-13.0,0.973
2024-03-23T13:47:15.000,17.5,2.74,0.0,0.0,20.38,250348,4.49,-13.0,0.974
2024-03-23T13:51:15.000,17.62,2.56,0.0,0.0,20.38,250352,5.33,-14.0,0.974
2024-03-23T13:53:15.000,17.52,2.31,0.0,0.0,20.38,250354,5.75,-14.0,0.974
2024-03-23T13:54:16.000,17.49,2.35,0.0,0.0,20.38,250355,5.97,-15.0,0.974
2024-03-23T13:59:16.000,17.61,2.54,0.0,0.0,20.38,250360,7.03,-16.0,0.974
2024-03-23T14:03:16.000,17.81,2.73,0.0,0.0,20.38,250364,7.87,-16.0,0.974
2024-03-23T14:07:17.000,18.05,2.87,0.0,0.0,20.38,250368,8.72,-17.0,0.974
2024-03-23T14:09:16.000,18.09,2.77,0.0,0.0,20.38,250370,9.14,-18.0,0.974
2024-03-23T14:10:17.000,18.11,2.79,0.0,0.0,20.38,250371,9.35,-18.0,0.974
2024-03-23T14:11:17.000,18.12,2.84,0.0,0.0,20.38,250372,9.57,-18.0,0.974
2024-03-23T14:22:18.000,18.1,3.24,0.0,0.0,20.38,250383,11.89,-20.0,0.974
2024-03-23T14:23:18.000,18.2,3.17,0.0,0.0,20.38,250384,12.1,-20.0,0.974
2024-03-23T14:24:18.000,18.23,3.0,0.0,0.0,20.38,250385,12.31,-20.0,0.974
2024-03-23T14:26:18.000,18.27,3.05,0.0,0.0,20.38,250387,12.73,-21.0,0.974
2024-03-23T14:27:18.000,18.32,3.35,0.0,0.0,20.38,250388,12.94,-21.0,0.974
2024-03-23T14:28:18.000,18.42,3.25,0.0,0.0,20.38,250389,13.15,-21.0,0.974
2024-03-23T14:45:19.000,18.44,3.27,0.0,0.0,20.38,250406,16.72,-24.0,0.975
2024-03-23T14:46:20.000,18.46,3.32,0.0,0.0,20.38,250407,16.93,-25.0,0.975
2024-03-23T14:47:20.000,18.48,3.31,0.0,0.0,20.38,250408,17.14,-25.0,0.975
2024-03-23T14:49:20.000,18.6,3.28,0.0,0.0,20.38,250410,17.56,-25.0,0.975
2024-03-23T14:50:20.000,18.47,2.84,0.0,0.0,20.38,250411,17.76,-25.0,0.975
2024-03-23T14:51:20.000,18.4,3.06,0.0,0.0,20.38,250412,17.97,-25.0,0.975
2024-03-23T15:01:20.000,19.0,3.86,0.0,0.0,20.38,250422,20.05,-27.0,0.975
2024-03-23T15:02:20.000,19.13,4.16,0.0,0.0,20.38,250423,20.26,-27.0,0.975
2024-03-23T15:03:21.000,19.18,4.09,0.0,0.0,20.38,250424,20.47,-28.0,0.975
2024-03-23T15:05:21.000,19.42,4.4,0.0,0.0,20.38,250426,20.88,-28.0,0.975
2024-03-23T15:06:21.000,19.49,4.22,0.0,0.0,20.38,250427,21.09,-28.0,0.975
2024-03-23T15:07:22.000,19.55,4.32,0.0,0.0,20.38,250428,21.3,-28.0,0.975
2024-03-23T15:29:23.000,21.13,4.98,0.0,0.0,20.38,250450,25.82,-32.0,0.976
2024-03-23T15:30:24.000,21.2,5.19,0.0,0.0,20.38,250451,26.03,-32.0,0.976
2024-03-23T15:31:24.000,21.33,5.36,0.0,0.0,20.38,250452,26.23,-32.0,0.976
2024-03-23T15:33:24.000,21.61,5.35,0.0,0.0,20.38,250454,26.64,-33.0,0.976
2024-03-23T15:34:24.000,21.6,4.88,0.0,0.0,20.38,250455,26.84,-33.0,0.976
2024-03-23T15:35:24.000,21.49,4.72,0.0,0.0,20.38,250456,27.04,-33.0,0.976
2024-03-23T15:43:25.000,21.5,5.05,0.0,0.0,20.38,250464,28.66,-34.0,0.976
2024-03-23T15:44:25.000,21.32,4.92,0.0,0.0,20.38,250465,28.86,-35.0,0.976
2024-03-23T15:45:25.000,21.31,5.21,0.0,0.0,20.38,250466,29.06,-35.0,0.976
2024-03-23T15:46:25.000,21.43,5.89,127.96,0.06,20.38,250467,29.26,-35.0,0.976
2024-03-23T15:47:25.000,21.4,4.93,0.0,0.0,20.38,250468,29.47,-35.0,0.976
2024-03-23T15:48:25.000,21.35,4.67,0.0,0.0,20.38,250469,29.67,-35.0,0.976
2024-03-23T15:53:26.000,21.81,5.44,0.0,0.0,20.38,250474,30.67,-36.0,0.976
2024-03-23T15:54:26.000,21.86,5.71,0.0,0.0,20.38,250475,30.87,-36.0,0.976
2024-03-23T15:55:26.000,21.95,5.64,0.0,0.0,20.38,250476,31.06,-36.0,0.976
2024-03-23T16:28:29.000,23.46,6.55,0.0,0.0,20.38,250509,37.49,-41.0,0.977
2024-03-23T16:29:29.000,23.59,6.85,0.0,0.0,20.38,250510,37.68,-41.0,0.977
2024-03-23T16:30:29.000,23.72,7.03,0.0,0.0,20.38,250511,37.87,-42.0,0.977
2024-03-23T16:32:29.000,23.91,6.73,0.0,0.0,20.38,250513,38.24,-42.0,0.977
2024-03-23T16:33:29.000,23.99,5.96,0.0,0.0,20.38,250514,38.43,-42.0,0.977
2024-03-23T16:34:29.000,24.2,6.04,0.0,0.0,20.38,250515,38.62,-42.0,0.977
2024-03-23T16:54:30.000,26.97,9.0,0.0,0.0,20.38,250535,42.29,-45.0,0.977
2024-03-23T16:55:30.000,27.24,9.7,0.0,0.0,20.38,250536,42.47,-45.0,0.977
2024-03-23T16:56:31.000,27.55,10.18,0.0,0.0,20.38,250537,42.65,-45.0,0.977
2024-03-23T16:58:31.000,27.9,10.45,0.0,0.0,20.38,250539,43.0,-45.0,0.977
2024-03-23T16:59:31.000,27.91,10.18,0.0,0.0,20.38,250540,43.18,-45.0,0.977
2024-03-23T17:00:32.000,27.77,10.05,0.0,0.0,20.38,250541,43.36,-45.0,0.977
2024-03-23T17:03:33.000,27.86,10.22,0.0,0.0,20.38,250544,43.89,-46.0,0.977
2024-03-23T17:04:32.000,27.98,10.4,0.0,0.0,20.38,250545,44.06,-46.0,0.977
2024-03-23T17:05:32.000,28.22,10.46,0.0,0.0,20.38,250546,44.23,-46.0,0.978
2024-03-23T17:07:33.000,28.21,9.09,0.0,0.0,20.38,250548,44.58,-46.0,0.978
2024-03-23T17:08:33.000,28.12,9.54,0.0,0.0,20.38,250549,44.75,-46.0,0.978
2024-03-23T17:09:33.000,28.29,10.01,0.0,0.0,20.38,250550,44.93,-46.0,0.978
2024-03-23T17:54:36.000,31.94,13.06,0.0,0.0,20.38,250595,51.97,-50.0,0.978
2024-03-23T17:55:36.000,32.12,13.41,0.0,0.0,20.38,250596,52.1,-50.0,0.978
2024-03-23T17:56:36.000,32.25,13.48,0.0,0.0,20.38,250597,52.24,-50.0,0.978
2024-03-23T17:58:37.000,31.88,12.03,0.0,0.0,20.38,250599,52.51,-50.0,0.979
2024-03-23T17:59:37.000,31.92,12.76,0.0,0.0,20.38,250600,52.65,-50.0,0.979
2024-03-23T18:00:37.000,32.09,13.03,0.0,0.0,20.38,250601,52.78,-50.0,0.979
2024-03-23T18:01:37.000,32.3,13.19,0.0,0.0,20.38,250602,52.91,-50.0,0.979
2024-03-23T18:02:37.000,32.45,13.34,0.0,0.0,20.38,250603,53.04,-50.0,0.979
2024-03-23T18:03:37.000,32.37,12.91,0.0,0.0,20.38,250604,53.17,-50.0,0.979
2024-03-23T18:05:37.000,32.16,12.79,0.0,0.0,20.38,250606,53.43,-50.0,0.979
2024-03-23T18:07:38.000,32.37,13.92,0.0,0.0,20.38,250608,53.68,-50.0,0.979
2024-03-23T18:08:38.000,32.63,14.03,0.0,0.0,20.38,250609,53.81,-50.0,0.979
2024-03-23T18:09:38.000,32.58,13.09,0.0,0.0,20.38,250610,53.93,-51.0,0.979
2024-03-23T18:58:44.000,31.79,13.14,0.0,0.0,20.38,250659,58.38,-51.0,0.98
2024-03-23T18:59:44.000,31.63,13.05,0.0,0.0,20.38,250660,58.44,-51.0,0.98
2024-03-23T19:00:48.000,31.41,12.96,0.0,0.0,20.38,250661,58.49,-51.0,0.98
2024-03-23T19:03:48.000,32.02,14.57,0.0,0.0,20.38,250664,58.64,-50.0,0.98
2024-03-23T19:04:48.000,32.46,15.55,0.0,0.0,20.38,250665,58.68,-50.0,0.98
2024-03-23T19:05:48.000,33.1,15.51,0.0,0.0,20.38,250666,58.72,-50.0,0.98
2024-03-23T19:07:48.000,33.91,15.01,0.0,0.0,20.38,250668,58.8,-50.0,0.98
2024-03-23T19:08:48.000,34.13,14.53,0.0,0.0,20.38,250669,58.84,-50.0,0.98
2024-03-23T19:09:48.000,34.32,14.88,0.0,0.0,20.38,250670,58.88,-50.0,0.98
2024-03-23T19:11:48.000,33.85,13.03,0.0,0.0,20.38,250672,58.95,-50.0,0.98
2024-03-23T19:12:48.000,33.38,12.35,0.0,0.0,20.38,250673,58.98,-50.0,0.98
2024-03-23T19:13:48.000,33.06,12.87,0.0,0.0,20.38,250674,59.01,-50.0,0.98
2024-03-23T19:45:51.000,33.88,13.02,0.0,0.0,20.38,250706,58.99,-48.0,0.981
2024-03-23T19:46:51.000,33.83,13.58,0.0,0.0,20.38,250707,58.96,-48.0,0.981
2024-03-23T19:47:51.000,33.95,13.52,0.0,0.0,20.38,250708,58.93,-48.0,0.981
2024-03-23T19:49:51.000,33.57,12.67,0.0,0.0,20.38,250710,58.86,-47.0,0.981
2024-03-23T19:50:51.000,33.45,12.68,0.0,0.0,20.38,250711,58.82,-47.0,0.981
2024-03-23T19:51:51.000,33.28,12.4,0.0,0.0,20.38,250712,58.78,-47.0,0.981
2024-03-23T20:03:57.000,32.25,12.68,0.0,0.0,20.38,250724,58.18,-46.0,0.981
2024-03-23T20:04:57.000,32.41,12.8,0.0,0.0,20.38,250725,58.12,-46.0,0.981
2024-03-23T20:05:57.000,32.53,13.05,0.0,0.0,20.38,250726,58.05,-46.0,0.981
2024-03-23T20:08:02.000,32.63,12.55,0.0,0.0,20.38,250728,57.92,-46.0,0.981
2024-03-23T20:09:01.000,32.49,12.5,0.0,0.0,20.38,250729,57.85,-45.0,0.981
2024-03-23T20:10:02.000,32.34,12.07,0.0,0.0,20.38,250730,57.78,-45.0,0.981
2024-03-23T20:27:03.000,31.52,12.91,0.0,0.0,20.38,250747,56.38,-43.0,0.981
2024-03-23T20:28:03.000,31.64,12.86,0.0,0.0,20.38,250748,56.28,-43.0,0.981
2024-03-23T20:29:03.000,31.59,12.28,0.0,0.0,20.38,250749,56.19,-43.0,0.981
2024-03-23T20:31:03.000,31.51,12.39,0.0,0.0,20.38,250751,55.99,-43.0,0.981
2024-03-23T20:32:03.000,31.4,11.98,0.0,0.0,20.38,250752,55.89,-43.0,0.981
2024-03-23T20:33:03.000,31.24,11.99,0.0,0.0,20.38,250753,55.78,-43.0,0.981
2024-03-23T20:50:04.000,30.11,11.41,0.0,0.0,20.38,250770,53.85,-40.0,0.982
2024-03-23T20:51:04.000,30.07,11.41,0.0,0.0,20.38,250771,53.73,-40.0,0.982
2024-03-23T20:52:04.000,30.0,11.17,0.0,0.0,20.38,250772,53.6,-40.0,0.982
2024-03-23T20:54:05.000,30.11,11.75,0.0,0.0,20.38,250774,53.35,-40.0,0.982
2024-03-23T20:55:05.000,30.16,11.39,0.0,0.0,20.38,250775,53.22,-40.0,0.982
2024-03-23T20:56:05.000,30.07,11.01,0.0,0.0,20.38,250776,53.09,-39.0,0.982
2024-03-23T20:57:05.000,30.0,11.07,0.0,0.0,20.38,250777,52.96,-39.0,0.982
2024-03-23T20:58:05.000,29.88,11.03,0.0,0.0,20.38,250778,52.83,-39.0,0.982
2024-03-23T21:00:05.000,30.02,11.37,0.0,0.0,20.38,250780,52.56,-39.0,0.982
2024-03-23T21:01:10.000,30.04,11.2,0.0,0.0,20.38,250781,52.42,-39.0,0.982
2024-03-23T21:02:10.000,30.13,11.48,0.0,0.0,20.38,250782,52.28,-39.0,0.982
2024-03-23T21:51:17.000,29.61,10.7,0.0,0.0,20.38,250831,44.63,-31.0,0.983
2024-03-23T21:52:17.000,29.49,10.4,0.0,0.0,20.38,250832,44.46,-30.0,0.983
2024-03-23T21:53:17.000,29.38,10.31,0.0,0.0,20.38,250833,44.28,-30.0,0.983
2024-03-23T21:55:17.000,29.38,10.84,0.0,0.0,20.38,250835,43.93,-30.0,0.983
2024-03-23T21:56:17.000,29.48,10.77,0.0,0.0,20.38,250836,43.76,-30.0,0.983
2024-03-23T21:57:17.000,29.61,11.0,0.0,0.0,20.38,250837,43.58,-30.0,0.983
2024-03-23T22:07:19.000,29.58,10.88,0.0,0.0,20.38,250847,41.8,-28.0,0.983
2024-03-23T22:08:18.000,29.48,10.34,0.0,0.0,20.38,250848,41.62,-28.0,0.983
2024-03-23T22:09:18.000,29.31,10.11,0.0,0.0,20.38,250849,41.44,-27.0,0.983
2024-03-23T22:11:19.000,28.99,9.84,0.0,0.0,20.38,250851,41.08,-27.0,0.983
2024-03-23T22:13:19.000,28.64,9.8,0.0,0.0,20.38,250853,40.71,-27.0,0.983
2024-03-23T22:14:19.000,28.46,10.14,0.0,0.0,20.38,250854,40.53,-27.0,0.983
2024-03-23T22:15:19.000,28.51,10.37,0.0,0.0,20.38,250855,40.34,-26.0,0.983
2024-03-23T23:04:23.000,27.54,8.24,0.0,0.0,20.38,250904,30.93,-17.0,0.984
2024-03-23T23:05:23.000,27.49,8.49,0.0,0.0,20.38,250905,30.73,-17.0,0.984
2024-03-23T23:06:24.000,27.41,8.53,0.0,0.0,20.38,250906,30.53,-17.0,0.984
2024-03-23T23:08:24.000,27.56,8.68,0.0,0.0,20.38,250908,30.13,-16.0,0.984
2024-03-23T23:12:24.000,27.67,8.39,0.0,0.0,20.38,250912,29.33,-16.0,0.984
2024-03-23T23:13:24.000,27.59,8.63,0.0,0.0,20.38,250913,29.13,-15.0,0.984
2024-03-23T23:14:24.000,27.46,8.32,0.0,0.0,20.38,250914,28.93,-15.0,0.984
2024-03-23T23:18:25.000,27.35,9.12,0.0,0.0,20.38,250918,28.12,-15.0,0.984
2024-03-23T23:19:25.000,27.38,9.03,0.0,0.0,20.38,250919,27.92,-14.0,0.984
2024-03-23T23:20:25.000,27.38,8.99,0.0,0.0,20.38,250920,27.72,-14.0,0.984
2024-03-23T23:21:25.000,27.39,9.09,0.0,0.0,20.38,250921,27.51,-14.0,0.984
2024-03-23T23:22:25.000,27.33,8.56,0.0,0.0,20.38,250922,27.31,-14.0,0.984
2024-03-23T23:24:25.000,27.21,8.24,0.0,0.0,20.38,250924,26.91,-13.0,0.984
