Downloads/jupyter/ECSV/stars19/stars19_2023-01.ecsv
# %ECSV 1.0
# ---
# datatype:
# - {name: time, datatype: string}
# - {name: Enclosure Temperature, unit: deg_C, datatype: float64}
# - {name: Sky Temperature, unit: deg_C, datatype: float64}
# - {name: Frequency, unit: Hz, datatype: float64}
# - {name: MSAS, unit: mag / arcsec2, datatype: float64}
# - {name: ZP, datatype: float64}
# - {name: Sequence Number, datatype: int64}
# - {name: Sun Alt, unit: deg, datatype: float64}
# - {name: Moon Alt, unit: deg, datatype: float64}
# - {name: Moon Illumination, datatype: float64}
# delimiter: ','
# meta: !!omap
# - ida:
#     Data supplier: {affiliation: null, observer: null}
#     Device type: TESS-W
#     Field of view: 17.0
#     Filters per channel: UV/IR-cut
#     Instrument ID: stars19
#     License: ODbL 1.0 http://opendatacommons.org/licenses/odbl/summary/
#     Local timezone: America/Phoenix
#     Location name: {country: '- Tucson', place: Tucson, region: United States, sub_region: Arizona, town: Pima County}
#     Measurement direction per channel: {azimuth: 0.0, zenital: 0.0}
#     Moving / Fixed look direction: FIXED
#     Moving / Stationary position: STATIONARY
#     Number of channels: 1
#     Number of fields per line: 8
#     Number of header lines: 35
#     Position: {height: 0.0, latitude: 32.223877, longitude: -110.767532}
#     TESS MAC address: 18:FE:34:CF:EC:06
#     TESS cover offset value: 0.0
#     TESS firmware version: '1.0'
#     TESS zero point: 20.38
#     Time Synchronization: timestamp added by MQTT subscriber
#     URL: http://www.darksky.org/NSBM/sdf1.0.pdf
# - __serialized_columns__:
#     Enclosure Temperature:
#       __class__: astropy.units.quantity.Quantity
#       unit: &id001 !astropy.units.Unit {unit: deg_C}
#       value: !astropy.table.SerializedColumn {name: Enclosure Temperature}
#     Frequency:
#       __class__: astropy.units.quantity.Quantity
#       unit: !astropy.units.Unit {unit: Hz}
#       value: !astropy.table.SerializedColumn {name: Frequency}
#     MSAS:
#       __class__: astropy.units.quantity.Quantity
#       unit: !astropy.units.Unit {unit: mag / arcsec2}
#       value: !astropy.table.SerializedColumn {name: MSAS}
#     Moon Alt:
#       __class__: astropy.units.quantity.Quantity
#       unit: &id002 !astropy.units.Unit {unit: deg}
#       value: !astropy.table.SerializedColumn {name: Moon Alt}
#     Sky Temperature:
#       __class__: astropy.units.quantity.Quantity
#       unit: *id001
#       value: !astropy.table.SerializedColumn {name: Sky Temperature}
#     Sun Alt:
#       __class__: astropy.units.quantity.Quantity
#       unit: *id002
#       value: !astropy.table.SerializedColumn {name: Sun Alt}
#     time:
#       __class__: astropy.time.core.Time
#       format: isot
#       in_subfmt: '*'
#       out_subfmt: '*'
#       precision: 3
#       scale: utc
#       value: !astropy.table.SerializedColumn {name: time}
# schema: astropy-2.0
time,Enclosure Temperature,Sky Temperature,Frequency,MSAS,ZP,Sequence Number,Sun Alt,Moon Alt,Moon Illumination
[from data line 8528]
2023-01-10T06:10:43.000,12.48,-12.09,3.44,19.04,20.38,2084,-69.59,35.0,0.905
2023-01-10T06:11:43.000,12.41,-12.19,3.41,19.05,20.38,2085,-69.78,35.0,0.905
2023-01-10T06:12:43.000,12.32,-12.24,3.44,19.04,20.38,2086,-69.97,36.0,0.905
2023-01-10T06:13:44.000,12.29,-12.09,3.45,19.04,20.38,2087,-70.16,36.0,0.905
2023-01-10T06:14:44.000,12.31,-12.04,3.39,19.05,20.38,2088,-70.35,36.0,0.905
2023-01-10T06:15:44.000,12.35,-11.96,3.34,19.07,20.38,2089,-70.54,36.0,0.904
2023-01-10T06:16:44.000,12.37,-12.19,3.33,19.07,20.38,2090,-70.73,37.0,0.904
2023-01-10T06:17:45.000,12.38,-12.24,3.3,19.08,20.38,2091,-70.92,37.0,0.904
2023-01-10T06:18:45.000,12.38,-12.27,3.31,19.08,20.38,2092,-71.1,37.0,0.904
2023-01-10T06:20:45.000,12.3,-12.39,3.28,19.09,20.38,2094,-71.47,37.0,0.904
2023-01-10T06:24:46.000,12.25,-12.59,3.3,19.08,20.38,2098,-72.21,38.0,0.904
2023-01-10T06:25:46.000,12.13,-12.62,3.31,19.08,20.38,2099,-72.39,38.0,0.904
2023-01-10T06:26:46.000,12.02,-12.48,3.37,19.06,20.38,2100,-72.57,39.0,0.904
2023-01-10T06:28:51.000,12.01,-12.21,4.61,18.72,20.38,2102,-72.94,39.0,0.904
2023-01-10T06:29:52.000,11.99,-12.34,4.84,18.67,20.38,2103,-73.12,39.0,0.904
2023-01-10T06:30:52.000,11.97,-12.23,4.84,18.67,20.38,2104,-73.3,39.0,0.904
2023-01-10T06:31:52.000,12.04,-11.98,4.84,18.67,20.38,2105,-73.47,40.0,0.904
2023-01-10T06:33:59.000,12.16,-12.05,4.85,18.67,20.38,2107,-73.84,40.0,0.904
2023-01-10T06:34:59.000,12.18,-12.06,4.85,18.67,20.38,2108,-74.01,40.0,0.904
2023-01-10T06:35:59.000,12.19,-12.05,4.86,18.66,20.38,2109,-74.18,40.0,0.904
2023-01-10T06:39:00.000,12.28,-12.0,5.0,18.63,20.38,2112,-74.68,41.0,0.904
2023-01-10T06:42:01.000,12.39,-11.97,5.1,18.61,20.38,2115,-75.17,42.0,0.903
2023-01-10T06:49:08.000,12.35,-11.93,5.92,18.45,20.38,2122,-76.27,43.0,0.903
2023-01-10T06:50:08.000,12.32,-12.15,6.17,18.4,20.38,2123,-76.41,43.0,0.903
2023-01-10T06:51:09.000,12.25,-12.22,6.26,18.39,20.38,2124,-76.56,44.0,0.903
2023-01-10T06:52:09.000,12.23,-11.98,6.31,18.38,20.38,2125,-76.7,44.0,0.903
2023-01-10T06:53:09.000,12.27,-11.92,6.44,18.36,20.38,2126,-76.84,44.0,0.903
2023-01-10T06:55:10.000,12.32,-11.81,6.56,18.34,20.38,2128,-77.12,44.0,0.903
2023-01-10T06:57:10.000,12.34,-11.74,7.09,18.25,20.38,2130,-77.38,45.0,0.903
2023-01-10T07:00:10.000,12.41,-11.72,7.25,18.23,20.38,2133,-77.76,45.0,0.903
2023-01-10T07:01:10.000,12.41,-11.75,7.05,18.26,20.38,2134,-77.88,46.0,0.903
2023-01-10T07:02:10.000,12.41,-11.73,6.96,18.27,20.38,2135,-78.0,46.0,0.903
2023-01-10T07:03:10.000,12.4,-11.77,6.87,18.29,20.38,2136,-78.11,46.0,0.903
2023-01-10T07:05:11.000,12.41,-11.74,6.93,18.28,20.38,2138,-78.33,46.0,0.903
2023-01-10T07:06:11.000,12.35,-11.86,6.97,18.27,20.38,2139,-78.44,47.0,0.903
2023-01-10T07:07:11.000,12.3,-11.83,6.9,18.28,20.38,2140,-78.54,47.0,0.902
2023-01-10T07:08:11.000,12.31,-11.67,7.02,18.26,20.38,2141,-78.64,47.0,0.902
2023-01-10T07:09:11.000,12.32,-11.7,7.12,18.25,20.38,2142,-78.73,47.0,0.902
2023-01-10T07:10:11.000,12.27,-11.79,7.47,18.2,20.38,2143,-78.82,47.0,0.902
2023-01-10T07:12:12.000,12.17,-11.68,8.21,18.09,20.38,2145,-78.99,48.0,0.902
2023-01-10T07:14:12.000,12.11,-11.75,9.39,17.95,20.38,2147,-79.15,48.0,0.902
2023-01-10T07:15:13.000,12.03,-11.7,9.68,17.92,20.38,2148,-79.22,48.0,0.902
2023-01-10T07:18:13.000,11.99,-11.24,10.28,17.85,20.38,2151,-79.41,49.0,0.902
2023-01-10T07:20:19.000,12.14,-11.16,10.54,17.82,20.38,2153,-79.52,50.0,0.902
2023-01-10T07:21:20.000,12.14,-11.26,10.39,17.84,20.38,2154,-79.56,50.0,0.902
2023-01-10T07:22:21.000,12.16,-11.24,10.61,17.82,20.38,2155,-79.6,50.0,0.902
2023-01-10T07:23:22.000,12.16,-11.42,10.93,17.78,20.38,2156,-79.64,50.0,0.902
2023-01-10T07:24:22.000,12.08,-11.56,11.18,17.76,20.38,2157,-79.67,50.0,0.902
2023-01-10T07:25:22.000,12.01,-11.44,12.02,17.68,20.38,2158,-79.7,51.0,0.902
2023-01-10T07:27:27.000,12.01,-11.31,13.62,17.54,20.38,2160,-79.74,51.0,0.902
2023-01-10T07:28:28.000,12.01,-11.29,13.73,17.54,20.38,2161,-79.75,51.0,0.902
2023-01-10T07:29:28.000,12.03,-11.3,13.76,17.53,20.38,2162,-79.76,51.0,0.902
2023-01-10T07:30:28.000,12.04,-11.39,13.89,17.52,20.38,2163,-79.76,52.0,0.902
2023-01-10T07:31:29.000,12.01,-11.48,13.91,17.52,20.38,2164,-79.75,52.0,0.902
2023-01-10T07:35:41.000,12.1,-11.59,15.17,17.43,20.38,2168,-79.69,53.0,0.901
2023-01-10T07:37:47.000,11.93,-11.78,15.84,17.38,20.38,2170,-79.63,53.0,0.901
2023-01-10T07:38:49.000,11.93,-11.62,16.68,17.32,20.38,2171,-79.59,53.0,0.901
2023-01-10T07:39:49.000,11.84,-12.1,17.08,17.3,20.38,2172,-79.55,53.0,0.901
2023-01-10T07:40:49.000,11.71,-11.96,17.22,17.29,20.38,2173,-79.5,54.0,0.901
2023-01-10T07:41:50.000,11.7,-11.62,17.71,17.26,20.38,2174,-79.45,54.0,0.901
2023-01-10T07:42:51.000,11.75,-11.76,18.06,17.24,20.38,2175,-79.39,54.0,0.901
2023-01-10T07:43:51.000,11.61,-12.21,17.89,17.25,20.38,2176,-79.33,54.0,0.901
2023-01-10T07:44:51.000,11.49,-12.05,17.09,17.3,20.38,2177,-79.26,54.0,0.901
2023-01-10T07:45:51.000,11.49,-11.89,16.34,17.35,20.38,2178,-79.2,55.0,0.901
2023-01-10T07:46:51.000,11.54,-11.88,16.54,17.33,20.38,2179,-79.12,55.0,0.901
2023-01-10T07:47:51.000,11.6,-11.8,17.03,17.3,20.38,2180,-79.05,55.0,0.901
2023-01-10T07:48:51.000,11.68,-11.65,17.82,17.25,20.38,2181,-78.97,55.0,0.901
2023-01-10T07:49:51.000,11.74,-11.64,18.06,17.24,20.38,2182,-78.88,55.0,0.901
2023-01-10T07:50:51.000,11.77,-11.58,18.23,17.23,20.38,2183,-78.79,56.0,0.901
2023-01-10T07:51:51.000,11.75,-11.67,18.69,17.2,20.38,2184,-78.7,56.0,0.901
2023-01-10T07:52:52.000,11.67,-11.59,19.07,17.18,20.38,2185,-78.6,56.0,0.901
2023-01-10T07:54:58.000,11.71,-11.36,19.16,17.17,20.38,2187,-78.39,56.0,0.901
2023-01-10T07:55:58.000,11.57,-11.44,19.83,17.14,20.38,2188,-78.29,57.0,0.901
2023-01-10T07:56:58.000,11.45,-11.27,19.93,17.13,20.38,2189,-78.18,57.0,0.901
2023-01-10T07:57:58.000,11.41,-10.9,20.88,17.08,20.38,2190,-78.07,57.0,0.901
2023-01-10T07:58:58.000,11.45,-10.56,21.37,17.06,20.38,2191,-77.95,57.0,0.9
2023-01-10T07:59:58.000,11.49,-10.56,20.98,17.08,20.38,2192,-77.83,57.0,0.9
2023-01-10T08:00:59.000,11.47,-10.56,20.84,17.08,20.38,2193,-77.71,58.0,0.9
2023-01-10T08:01:58.000,11.47,-10.36,19.91,17.13,20.38,2194,-77.59,58.0,0.9
2023-01-10T08:02:59.000,11.54,-10.13,18.99,17.18,20.38,2195,-77.46,58.0,0.9
2023-01-10T08:05:01.000,11.47,-10.72,19.69,17.14,20.38,2197,-77.19,58.0,0.9
2023-01-10T08:09:02.000,11.52,-10.4,20.75,17.09,20.38,2201,-76.64,59.0,0.9
2023-01-10T08:10:02.000,11.54,-10.63,20.39,17.11,20.38,2202,-76.49,59.0,0.9
2023-01-10T08:11:02.000,11.37,-11.01,20.82,17.08,20.38,2203,-76.35,59.0,0.9
2023-01-10T08:12:02.000,11.22,-10.79,22.18,17.02,20.38,2204,-76.2,60.0,0.9
2023-01-10T08:16:02.000,10.97,-10.12,22.78,16.99,20.38,2208,-75.59,60.0,0.9
2023-01-10T08:17:03.000,11.09,-9.64,22.84,16.98,20.38,2209,-75.43,61.0,0.9
2023-01-10T08:18:03.000,11.1,-10.64,22.56,17.0,20.38,2210,-75.27,61.0,0.9
2023-01-10T08:19:03.000,10.96,-10.7,22.31,17.01,20.38,2211,-75.11,61.0,0.9
2023-01-10T08:20:04.000,10.86,-10.71,22.62,16.99,20.38,2212,-74.95,61.0,0.9
2023-01-10T08:22:10.000,10.73,-10.56,23.39,16.96,20.38,2214,-74.61,62.0,0.9
2023-01-10T08:23:09.000,10.66,-10.56,23.38,16.96,20.38,2215,-74.44,62.0,0.9
2023-01-10T08:24:10.000,10.69,-10.17,24.05,16.93,20.38,2216,-74.27,62.0,0.9
2023-01-10T08:26:10.000,10.73,-10.49,24.86,16.89,20.38,2218,-73.93,62.0,0.899
2023-01-10T08:27:10.000,10.69,-10.35,24.51,16.91,20.38,2219,-73.76,63.0,0.899
2023-01-10T08:28:10.000,10.64,-10.52,24.37,16.91,20.38,2220,-73.59,63.0,0.899
2023-01-10T08:29:10.000,10.62,-10.34,24.04,16.93,20.38,2221,-73.41,63.0,0.899
2023-01-10T08:31:10.000,10.72,-9.89,23.63,16.95,20.38,2223,-73.06,63.0,0.899
2023-01-10T08:34:17.000,10.62,-9.96,26.49,16.82,20.38,2226,-72.51,64.0,0.899
2023-01-10T08:35:17.000,10.58,-9.67,26.7,16.81,20.38,2227,-72.33,64.0,0.899
2023-01-10T08:36:17.000,10.63,-9.54,26.69,16.81,20.38,2228,-72.15,64.0,0.899
2023-01-10T08:37:18.000,10.69,-9.45,26.41,16.83,20.38,2229,-71.96,64.0,0.899
2023-01-10T08:38:18.000,10.73,-9.38,26.4,16.83,20.38,2230,-71.78,64.0,0.899
2023-01-10T08:39:18.000,10.78,-9.45,26.38,16.83,20.38,2231,-71.6,65.0,0.899
2023-01-10T08:40:19.000,10.82,-9.42,26.18,16.83,20.38,2232,-71.41,65.0,0.899
2023-01-10T08:41:21.000,10.88,-9.43,26.51,16.82,20.38,2233,-71.22,65.0,0.899
2023-01-10T08:42:22.000,10.87,-9.48,26.69,16.81,20.38,2234,-71.03,65.0,0.899
2023-01-10T08:43:21.000,10.85,-9.36,26.61,16.82,20.38,2235,-70.85,65.0,0.899
2023-01-10T08:44:22.000,10.95,-9.3,27.0,16.8,20.38,2236,-70.66,66.0,0.899
2023-01-10T08:45:22.000,11.01,-9.24,26.81,16.81,20.38,2237,-70.47,66.0,0.899
2023-01-10T08:46:22.000,11.06,-9.39,26.44,16.82,20.38,2238,-70.28,66.0,0.899
2023-01-10T08:47:23.000,11.05,-9.4,26.42,16.83,20.38,2239,-70.09,66.0,0.899
2023-01-10T08:48:23.000,11.07,-9.24,27.07,16.8,20.38,2240,-69.9,66.0,0.899
2023-01-10T08:53:23.000,11.06,-9.32,29.21,16.72,20.38,2245,-68.94,67.0,0.898
2023-01-10T08:54:24.000,11.03,-9.37,29.73,16.7,20.38,2246,-68.74,67.0,0.898
2023-01-10T08:55:24.000,10.95,-9.33,29.86,16.69,20.38,2247,-68.55,67.0,0.898
2023-01-10T08:56:24.000,10.93,-9.21,29.14,16.72,20.38,2248,-68.35,68.0,0.898
2023-01-10T08:57:25.000,10.98,-8.94,29.16,16.72,20.38,2249,-68.15,68.0,0.898
2023-01-10T08:58:25.000,11.06,-8.94,29.4,16.71,20.38,2250,-67.96,68.0,0.898
2023-01-10T08:59:25.000,11.05,-9.12,29.55,16.7,20.38,2251,-67.76,68.0,0.898
2023-01-10T09:00:25.000,11.01,-9.05,29.8,16.69,20.38,2252,-67.56,68.0,0.898
2023-01-10T09:01:25.000,11.08,-8.76,29.92,16.69,20.38,2253,-67.37,68.0,0.898
2023-01-10T09:02:26.000,11.13,-8.92,30.2,16.68,20.38,2254,-67.17,68.0,0.898
2023-01-10T09:03:26.000,11.12,-9.06,30.86,16.66,20.38,2255,-66.97,69.0,0.898
2023-01-10T09:04:27.000,11.07,-9.19,31.03,16.65,20.38,2256,-66.77,69.0,0.898
2023-01-10T09:05:27.000,11.07,-8.85,31.1,16.65,20.38,2257,-66.57,69.0,0.898
2023-01-10T09:06:27.000,11.15,-8.7,30.07,16.68,20.38,2258,-66.37,69.0,0.898
2023-01-10T09:07:28.000,11.14,-9.11,29.28,16.71,20.38,2259,-66.17,69.0,0.898
2023-01-10T09:08:28.000,11.14,-9.04,28.43,16.75,20.38,2260,-65.97,69.0,0.898
2023-01-10T09:11:28.000,11.08,-9.61,28.72,16.73,20.38,2263,-65.37,70.0,0.898
2023-01-10T09:14:28.000,11.13,-10.5,29.79,16.7,20.38,2266,-64.76,70.0,0.898
2023-01-10T09:18:28.000,11.14,-10.59,31.66,16.63,20.38,2270,-63.95,71.0,0.897
2023-01-10T09:19:29.000,11.13,-10.46,31.22,16.64,20.38,2271,-63.75,71.0,0.897
2023-01-10T09:20:29.000,11.02,-11.07,32.56,16.6,20.38,2272,-63.54,71.0,0.897
2023-01-10T09:21:29.000,10.9,-10.86,33.85,16.56,20.38,2273,-63.34,71.0,0.897
2023-01-10T09:22:30.000,10.83,-10.89,33.83,16.56,20.38,2274,-63.13,71.0,0.897
2023-01-10T09:23:30.000,10.71,-11.07,31.87,16.62,20.38,2275,-62.93,71.0,0.897
2023-01-10T09:24:30.000,10.62,-10.86,30.89,16.66,20.38,2276,-62.73,72.0,0.897
2023-01-10T09:26:35.000,10.71,-10.56,35.9,16.49,20.38,2278,-62.3,72.0,0.897
2023-01-10T09:28:40.000,10.6,-10.41,37.51,16.44,20.38,2280,-61.87,72.0,0.897
2023-01-10T09:29:40.000,10.56,-10.38,37.42,16.45,20.38,2281,-61.67,72.0,0.897
2023-01-10T09:30:40.000,10.55,-10.17,38.92,16.4,20.38,2282,-61.46,72.0,0.897
2023-01-10T09:31:41.000,10.58,-10.18,38.37,16.42,20.38,2283,-61.25,72.0,0.897
2023-01-10T09:34:52.000,10.65,-10.66,42.97,16.3,20.38,2286,-60.6,73.0,0.897
2023-01-10T09:36:53.000,10.61,-10.92,43.85,16.28,20.38,2288,-60.18,73.0,0.897
2023-01-10T09:37:53.000,10.51,-11.38,43.6,16.28,20.38,2289,-59.97,73.0,0.897
2023-01-10T09:38:53.000,10.42,-11.11,45.08,16.25,20.38,2290,-59.77,73.0,0.897
2023-01-10T09:39:54.000,10.45,-10.7,46.46,16.21,20.38,2291,-59.56,73.0,0.897
2023-01-10T09:40:54.000,10.45,-10.76,46.58,16.21,20.38,2292,-59.35,73.0,0.896
2023-01-10T09:41:55.000,10.45,-10.64,44.24,16.27,20.38,2293,-59.14,73.0,0.896
2023-01-10T09:42:55.000,10.39,-10.93,48.52,16.17,20.38,2294,-58.93,73.0,0.896
2023-01-10T09:43:55.000,10.29,-10.8,47.36,16.19,20.38,2295,-58.72,73.0,0.896
2023-01-10T09:44:55.000,10.37,-10.4,53.34,16.06,20.38,2296,-58.51,74.0,0.896
2023-01-10T09:45:55.000,10.39,-10.59,56.8,16.0,20.38,2297,-58.31,74.0,0.896
2023-01-10T09:49:02.000,10.51,-10.52,57.96,15.97,20.38,2300,-57.66,74.0,0.896
2023-01-10T09:50:02.000,10.44,-10.61,61.87,15.9,20.38,2301,-57.45,74.0,0.896
2023-01-10T09:51:03.000,10.4,-10.57,58.7,15.96,20.38,2302,-57.24,74.0,0.896
2023-01-10T09:54:04.000,10.43,-10.38,60.45,15.93,20.38,2305,-56.61,74.0,0.896
2023-01-10T09:55:04.000,10.45,-10.44,65.16,15.85,20.38,2306,-56.4,74.0,0.896
2023-01-10T09:57:10.000,10.24,-10.78,64.0,15.87,20.38,2308,-55.96,74.0,0.896
2023-01-10T09:58:10.000,10.25,-10.36,64.39,15.86,20.38,2309,-55.75,74.0,0.896
2023-01-10T09:59:10.000,10.27,-10.63,62.75,15.89,20.38,2310,-55.54,74.0,0.896
2023-01-10T10:04:11.000,10.88,-9.73,65.27,15.84,20.38,2315,-54.49,74.0,0.896
2023-01-10T10:05:11.000,11.17,-10.04,64.71,15.85,20.38,2316,-54.28,74.0,0.896
2023-01-10T10:06:11.000,11.1,-10.44,59.31,15.95,20.38,2317,-54.07,74.0,0.895
2023-01-10T10:07:12.000,10.97,-10.23,64.18,15.86,20.38,2318,-53.85,74.0,0.895
2023-01-10T10:08:12.000,10.87,-10.13,61.68,15.9,20.38,2319,-53.64,74.0,0.895
2023-01-10T10:09:12.000,10.78,-10.06,64.48,15.86,20.38,2320,-53.43,74.0,0.895
2023-01-10T10:10:12.000,10.71,-10.16,65.91,15.83,20.38,2321,-53.22,74.0,0.895
2023-01-10T10:11:13.000,10.64,-10.12,70.47,15.76,20.38,2322,-53.01,74.0,0.895
2023-01-10T10:12:13.000,10.66,-10.17,71.45,15.75,20.38,2323,-52.8,74.0,0.895
2023-01-10T10:13:13.000,10.63,-10.36,72.07,15.74,20.38,2324,-52.59,74.0,0.895
2023-01-10T10:14:13.000,10.62,-10.33,70.61,15.76,20.38,2325,-52.38,74.0,0.895
2023-01-10T10:15:14.000,10.64,-10.31,71.19,15.75,20.38,2326,-52.16,74.0,0.895
2023-01-10T10:16:19.000,10.65,-10.29,71.07,15.75,20.38,2327,-51.94,74.0,0.895
2023-01-10T10:17:19.000,10.7,-10.13,63.04,15.88,20.38,2328,-51.72,74.0,0.895
2023-01-10T10:18:19.000,10.72,-10.13,61.0,15.92,20.38,2329,-51.51,74.0,0.895
2023-01-10T10:20:25.000,10.61,-10.29,71.56,15.74,20.38,2331,-51.07,74.0,0.895
2023-01-10T10:21:25.000,10.59,-10.11,70.75,15.76,20.38,2332,-50.86,74.0,0.895
2023-01-10T10:28:37.000,10.61,-11.08,76.8,15.67,20.38,2339,-49.34,74.0,0.895
2023-01-10T10:29:37.000,10.6,-11.2,75.91,15.68,20.38,2340,-49.13,74.0,0.895
2023-01-10T10:31:37.000,10.7,-11.45,78.18,15.65,20.38,2342,-48.71,74.0,0.894
2023-01-10T10:33:44.000,10.71,-11.76,77.76,15.65,20.38,2344,-48.26,73.0,0.894
2023-01-10T10:34:44.000,10.71,-11.93,74.67,15.7,20.38,2345,-48.05,73.0,0.894
2023-01-10T10:35:44.000,10.7,-12.1,76.25,15.67,20.38,2346,-47.84,73.0,0.894
2023-01-10T10:37:50.000,10.56,-12.48,77.84,15.65,20.38,2348,-47.39,73.0,0.894
2023-01-10T10:38:50.000,10.46,-12.62,77.11,15.66,20.38,2349,-47.18,73.0,0.894
2023-01-10T10:39:50.000,10.43,-12.43,78.09,15.65,20.38,2350,-46.97,73.0,0.894
2023-01-10T10:40:50.000,10.49,-12.6,74.18,15.7,20.38,2351,-46.76,73.0,0.894
2023-01-10T10:41:50.000,10.35,-13.08,73.43,15.72,20.38,2352,-46.55,73.0,0.894
2023-01-10T10:42:50.000,10.26,-12.82,74.29,15.7,20.38,2353,-46.34,73.0,0.894
2023-01-10T10:43:50.000,10.26,-12.77,71.55,15.74,20.38,2354,-46.13,73.0,0.894
2023-01-10T10:44:50.000,10.21,-12.78,71.8,15.74,20.38,2355,-45.91,72.0,0.894
2023-01-10T10:45:50.000,10.22,-12.5,70.43,15.76,20.38,2356,-45.7,72.0,0.894
2023-01-10T10:46:51.000,10.24,-12.73,69.43,15.78,20.38,2357,-45.49,72.0,0.894
2023-01-10T10:48:51.000,10.16,-12.85,65.82,15.83,20.38,2359,-45.06,72.0,0.894
2023-01-10T10:49:52.000,10.18,-12.69,65.53,15.84,20.38,2360,-44.85,72.0,0.894
2023-01-10T10:50:52.000,10.23,-12.62,63.7,15.87,20.38,2361,-44.64,72.0,0.894
2023-01-10T10:51:52.000,10.31,-12.64,61.75,15.9,20.38,2362,-44.43,72.0,0.894
2023-01-10T10:52:52.000,10.36,-12.79,60.93,15.92,20.38,2363,-44.22,72.0,0.894
2023-01-10T10:54:58.000,10.24,-13.09,56.4,16.0,20.38,2365,-43.77,71.0,0.894
2023-01-10T10:55:58.000,10.21,-12.97,56.23,16.01,20.38,2366,-43.56,71.0,0.893
2023-01-10T10:56:59.000,10.25,-12.84,54.18,16.05,20.38,2367,-43.34,71.0,0.893
2023-01-10T10:57:58.000,10.3,-12.76,52.28,16.08,20.38,2368,-43.14,71.0,0.893
2023-01-10T10:58:58.000,10.34,-12.78,49.56,16.14,20.38,2369,-42.93,71.0,0.893
2023-01-10T10:59:59.000,10.36,-12.73,48.2,16.17,20.38,2370,-42.71,71.0,0.893
2023-01-10T11:00:59.000,10.39,-12.6,46.4,16.21,20.38,2371,-42.5,71.0,0.893
