Downloads/jupyter/ECSV/stars19/stars19_2021-07.ecsv
# %ECSV 1.0
# ---
# datatype:
# - {name: time, datatype: string}
# - {name: Enclosure Temperature, unit: deg_C, datatype: float64}
# - {name: Sky Temperature, unit: deg_C, datatype: float64}
# - {name: Frequency, unit: Hz, datatype: float64}
# - {name: MSAS, unit: mag / arcsec2, datatype: float64}
# - {name: ZP, datatype: float64}
# - {name: Sequence Number, datatype: int64}
# - {name: Sun Alt, unit: deg, datatype: float64}
# - {name: Moon Alt, unit: deg, datatype: float64}
# - {name: Moon Illumination, datatype: float64}
# delimiter: ','
# meta: !!omap
# - ida:
#     Data supplier: {affiliation: null, observer: null}
#     Device type: TESS-W
#     Field of view: 17.0
#     Filters per channel: None
#     Instrument ID: stars19
#     License: ODbL 1.0 http://opendatacommons.org/licenses/odbl/summary/
#     Local timezone: America/Phoenix
#     Location name: {country: '- Tucson', place: Tucson, region: United States, sub_region: Arizona, town: Pima County}
#     Measurement direction per channel: {azimuth: 0.0, zenital: 0.0}
#     Moving / Fixed look direction: FIXED
#     Moving / Stationary position: STATIONARY
#     Number of channels: 1
#     Number of fields per line: 8
#     Number of header lines: 35
#     Position: {height: 0.0, latitude: 32.223877, longitude: -110.767532}
#     TESS MAC address: 18:FE:34:CF:EC:06
#     TESS cover offset value: 0.0
#     TESS firmware version: '1.0'
#     TESS zero point: 20.5
#     Time Synchronization: timestamp added by MQTT subscriber
#     URL: http://www.darksky.org/NSBM/sdf1.0.pdf
# - __serialized_columns__:
#     Enclosure Temperature:
#       __class__: astropy.units.quantity.Quantity
#       unit: &id001 !astropy.units.Unit {unit: deg_C}
#       value: !astropy.table.SerializedColumn {name: Enclosure Temperature}
#     Frequency:
#       __class__: astropy.units.quantity.Quantity
#       unit: !astropy.units.Unit {unit: Hz}
#       value: !astropy.table.SerializedColumn {name: Frequency}
#     MSAS:
#       __class__: astropy.units.quantity.Quantity
#       unit: !astropy.units.Unit {unit: mag / arcsec2}
#       value: !astropy.table.SerializedColumn {name: MSAS}
#     Moon Alt:
#       __class__: astropy.units.quantity.Quantity
#       unit: &id002 !astropy.units.Unit {unit: deg}
#       value: !astropy.table.SerializedColumn {name: Moon Alt}
#     Sky Temperature:
#       __class__: astropy.units.quantity.Quantity
#       unit: *id001
#       value: !astropy.table.SerializedColumn {name: Sky Temperature}
#     Sun Alt:
#       __class__: astropy.units.quantity.Quantity
#       unit: *id002
#       value: !astropy.table.SerializedColumn {name: Sun Alt}
#     time:
#       __class__: astropy.time.core.Time
#       format: isot
#       in_subfmt: '*'
#       out_subfmt: '*'
#       precision: 3
#       scale: utc
#       value: !astropy.table.SerializedColumn {name: time}
# schema: astropy-2.0
time,Enclosure Temperature,Sky Temperature,Frequency,MSAS,ZP,Sequence Number,Sun Alt,Moon Alt,Moon Illumination
[from data line 6450]
2021-07-09T11:51:45.000,31.01,14.29,176.34,14.77,20.5,93103,-6.78,-1.0,0.004
2021-07-09T11:52:45.000,30.99,14.3,221.36,14.52,20.5,93104,-6.6,-1.0,0.004
2021-07-09T11:53:45.000,30.98,14.26,277.98,14.27,20.5,93105,-6.42,-1.0,0.004
2021-07-09T11:54:49.000,30.95,14.21,348.61,14.03,20.5,93106,-6.22,-0.0,0.004
2021-07-09T11:55:49.000,30.91,14.17,442.95,13.77,20.5,93107,-6.04,-0.0,0.004
2021-07-09T12:02:50.000,30.81,14.24,2217.18,12.02,20.5,93114,-4.77,1.0,0.004
2021-07-09T12:03:50.000,30.81,14.17,2786.89,11.77,20.5,93115,-4.59,1.0,0.004
2021-07-09T12:04:50.000,30.8,14.12,3489.66,11.53,20.5,93116,-4.4,1.0,0.004
2021-07-09T12:06:51.000,30.77,14.11,5433.69,11.04,20.5,93118,-4.03,2.0,0.004
2021-07-09T12:07:51.000,30.74,14.12,6752.56,10.81,20.5,93119,-3.85,2.0,0.003
2021-07-09T12:08:51.000,30.74,14.1,8368.53,10.58,20.5,93120,-3.66,2.0,0.003
2021-07-09T12:09:52.000,30.72,14.09,10294.72,10.35,20.5,93121,-3.48,2.0,0.003
2021-07-09T12:10:52.000,30.7,14.1,12553.27,10.13,20.5,93122,-3.29,2.0,0.003
2021-07-09T12:11:52.000,30.7,14.08,15175.78,9.93,20.5,93123,-3.11,3.0,0.003
2021-07-09T12:18:53.000,30.57,14.1,45473.09,8.74,20.5,93130,-1.8,4.0,0.003
2021-07-09T12:19:53.000,30.57,14.11,51733.25,8.6,20.5,93131,-1.61,4.0,0.003
2021-07-09T12:20:53.000,30.57,14.11,58469.71,8.46,20.5,93132,-1.43,4.0,0.003
2021-07-09T12:21:57.000,30.57,14.02,26107.47,3.44,20.5,93133,-1.23,5.0,0.003
2021-07-09T12:30:58.000,30.53,14.11,0.0,0.0,20.5,93142,0.47,6.0,0.003
2021-07-09T12:31:58.000,30.53,14.08,0.0,0.0,20.5,93143,0.66,6.0,0.003
2021-07-09T12:34:58.000,30.58,14.2,0.0,0.0,20.5,93146,1.23,7.0,0.003
2021-07-09T12:40:59.000,30.67,14.11,0.0,0.0,20.5,93152,2.38,8.0,0.003
2021-07-09T12:41:59.000,30.69,14.09,0.0,0.0,20.5,93153,2.57,8.0,0.003
2021-07-09T12:44:59.000,30.74,14.13,0.0,0.0,20.5,93156,3.15,9.0,0.003
2021-07-09T12:49:00.000,30.76,14.14,0.0,0.0,20.5,93160,3.92,9.0,0.003
2021-07-09T12:50:00.000,30.77,14.16,0.0,0.0,20.5,93161,4.12,10.0,0.003
2021-07-09T12:51:01.000,30.8,14.2,0.0,0.0,20.5,93162,4.31,10.0,0.003
2021-07-09T12:52:01.000,30.83,14.26,0.0,0.0,20.5,93163,4.51,10.0,0.003
2021-07-09T12:53:01.000,30.85,14.22,0.0,0.0,20.5,93164,4.7,10.0,0.003
2021-07-09T12:54:01.000,30.87,14.24,0.11,0.09,20.5,93165,4.9,10.0,0.003
2021-07-09T12:55:02.000,30.88,14.26,0.0,0.0,20.5,93166,5.09,11.0,0.003
2021-07-09T12:56:02.000,30.9,14.26,0.0,0.0,20.5,93167,5.29,11.0,0.003
2021-07-09T12:57:02.000,30.89,14.15,0.0,0.0,20.5,93168,5.48,11.0,0.003
2021-07-09T13:16:08.000,32.14,15.2,0.0,0.0,20.5,93187,9.23,15.0,0.003
2021-07-09T13:17:08.000,32.32,15.14,0.0,0.0,20.5,93188,9.43,15.0,0.003
2021-07-09T13:18:08.000,32.42,15.08,0.0,0.0,20.5,93189,9.63,15.0,0.003
2021-07-09T13:26:09.000,32.51,14.99,0.0,0.0,20.5,93197,11.22,17.0,0.003
2021-07-09T13:27:09.000,32.53,15.18,0.0,0.0,20.5,93198,11.42,17.0,0.003
2021-07-09T13:28:09.000,32.51,15.23,0.0,0.0,20.5,93199,11.62,17.0,0.003
2021-07-09T13:34:11.000,32.67,15.7,0.0,0.0,20.5,93205,12.83,18.0,0.003
2021-07-09T13:35:11.000,32.71,15.76,0.0,0.0,20.5,93206,13.03,18.0,0.003
2021-07-09T13:36:11.000,32.76,15.81,0.0,0.0,20.5,93207,13.23,19.0,0.003
2021-07-09T13:38:11.000,32.85,15.88,0.0,0.0,20.5,93209,13.63,19.0,0.003
2021-07-09T13:39:12.000,32.92,16.09,0.0,0.0,20.5,93210,13.84,19.0,0.003
2021-07-09T13:40:12.000,33.0,16.09,0.0,0.0,20.5,93211,14.04,19.0,0.003
2021-07-09T13:42:12.000,33.1,16.08,0.0,0.0,20.5,93213,14.44,20.0,0.003
2021-07-09T13:43:12.000,33.17,16.29,0.0,0.0,20.5,93214,14.64,20.0,0.003
2021-07-09T13:44:13.000,33.24,16.28,0.0,0.0,20.5,93215,14.85,20.0,0.003
2021-07-09T13:48:13.000,33.39,16.32,0.0,0.0,20.5,93219,15.66,21.0,0.003
2021-07-09T13:49:14.000,33.43,16.33,0.0,0.0,20.5,93220,15.86,21.0,0.003
2021-07-09T13:50:14.000,33.47,16.53,0.0,0.0,20.5,93221,16.07,21.0,0.003
2021-07-09T13:52:15.000,33.64,16.57,0.0,0.0,20.5,93223,16.47,22.0,0.003
2021-07-09T13:53:15.000,33.73,16.69,0.0,0.0,20.5,93224,16.68,22.0,0.003
2021-07-09T13:54:15.000,33.82,16.64,0.0,0.0,20.5,93225,16.88,22.0,0.003
2021-07-09T13:55:15.000,33.83,16.5,0.0,0.0,20.5,93226,17.08,22.0,0.003
2021-07-09T13:57:16.000,33.9,16.65,0.0,0.0,20.5,93228,17.49,23.0,0.003
2021-07-09T13:58:16.000,33.92,16.76,0.0,0.0,20.5,93229,17.7,23.0,0.003
2021-07-09T13:59:16.000,34.02,16.94,0.0,0.0,20.5,93230,17.9,23.0,0.003
2021-07-09T14:09:17.000,34.36,17.05,0.0,0.0,20.5,93240,19.95,25.0,0.003
2021-07-09T14:10:18.000,34.39,17.12,0.0,0.0,20.5,93241,20.16,25.0,0.003
2021-07-09T14:11:18.000,34.41,17.14,0.0,0.0,20.5,93242,20.36,25.0,0.003
2021-07-09T14:13:19.000,34.53,17.32,0.0,0.0,20.5,93244,20.77,26.0,0.003
2021-07-09T14:14:19.000,34.6,17.44,0.0,0.0,20.5,93245,20.98,26.0,0.003
2021-07-09T14:15:19.000,34.61,17.23,0.0,0.0,20.5,93246,21.18,26.0,0.003
2021-07-09T14:23:21.000,34.9,17.66,0.0,0.0,20.5,93254,22.84,28.0,0.003
2021-07-09T14:24:21.000,34.91,17.63,0.0,0.0,20.5,93255,23.04,28.0,0.003
2021-07-09T14:25:21.000,34.97,17.92,0.0,0.0,20.5,93256,23.25,28.0,0.003
2021-07-09T14:27:22.000,35.18,18.1,0.0,0.0,20.5,93258,23.67,29.0,0.003
2021-07-09T14:34:22.000,35.47,18.55,0.0,0.0,20.5,93265,25.12,30.0,0.003
2021-07-09T14:38:23.000,35.95,18.81,0.0,0.0,20.5,93269,25.95,31.0,0.003
2021-07-09T14:39:23.000,35.99,18.74,0.0,0.0,20.5,93270,26.16,31.0,0.003
2021-07-09T14:40:24.000,36.08,18.92,0.0,0.0,20.5,93271,26.37,31.0,0.003
2021-07-09T14:42:24.000,36.31,19.22,0.0,0.0,20.5,93273,26.78,32.0,0.002
2021-07-09T14:43:24.000,36.43,19.3,0.0,0.0,20.5,93274,26.99,32.0,0.002
2021-07-09T14:44:25.000,36.55,19.4,0.0,0.0,20.5,93275,27.2,32.0,0.002
2021-07-09T14:50:26.000,37.02,19.85,0.0,0.0,20.5,93281,28.45,33.0,0.002
2021-07-09T14:51:26.000,37.14,19.99,0.0,0.0,20.5,93282,28.66,33.0,0.002
2021-07-09T14:52:27.000,37.26,19.96,0.0,0.0,20.5,93283,28.88,34.0,0.002
2021-07-09T14:54:27.000,37.41,20.04,0.0,0.0,20.5,93285,29.29,34.0,0.002
2021-07-09T14:55:28.000,37.49,19.99,0.0,0.0,20.5,93286,29.5,34.0,0.002
2021-07-09T14:57:29.000,37.58,20.07,0.0,0.0,20.5,93288,29.93,35.0,0.002
2021-07-09T14:58:29.000,37.68,20.35,0.0,0.0,20.5,93289,30.13,35.0,0.002
2021-07-09T14:59:29.000,37.81,20.5,0.0,0.0,20.5,93290,30.34,35.0,0.002
2021-07-09T15:03:30.000,38.32,20.62,0.0,0.0,20.5,93294,31.18,36.0,0.002
2021-07-09T15:04:30.000,38.43,20.78,0.0,0.0,20.5,93295,31.39,36.0,0.002
2021-07-09T15:05:30.000,38.55,20.71,0.0,0.0,20.5,93296,31.6,36.0,0.002
2021-07-09T15:08:31.000,38.53,20.87,0.0,0.0,20.5,93299,32.23,37.0,0.002
2021-07-09T15:09:31.000,38.57,20.69,0.0,0.0,20.5,93300,32.44,37.0,0.002
2021-07-09T15:10:31.000,38.63,20.83,0.0,0.0,20.5,93301,32.65,37.0,0.002
2021-07-09T15:15:32.000,39.18,21.32,0.0,0.0,20.5,93306,33.71,38.0,0.002
2021-07-09T15:16:33.000,39.31,21.23,0.0,0.0,20.5,93307,33.92,39.0,0.002
2021-07-09T15:17:33.000,39.46,21.5,0.0,0.0,20.5,93308,34.13,39.0,0.002
2021-07-09T15:19:33.000,39.6,21.11,0.0,0.0,20.5,93310,34.55,39.0,0.002
2021-07-09T15:20:33.000,39.68,21.41,0.0,0.0,20.5,93311,34.76,39.0,0.002
2021-07-09T15:21:34.000,39.78,21.33,0.0,0.0,20.5,93312,34.97,40.0,0.002
2021-07-09T15:31:36.000,45.2,24.65,0.0,0.0,20.5,93322,37.09,42.0,0.002
2021-07-09T15:32:36.000,45.97,24.93,0.0,0.0,20.5,93323,37.3,42.0,0.002
2021-07-09T15:33:36.000,46.7,24.8,0.0,0.0,20.5,93324,37.51,42.0,0.002
2021-07-09T15:37:37.000,49.04,25.03,0.0,0.0,20.5,93328,38.35,43.0,0.002
2021-07-09T15:38:37.000,49.36,24.47,0.0,0.0,20.5,93329,38.56,43.0,0.002
2021-07-09T15:39:37.000,49.58,24.69,0.0,0.0,20.5,93330,38.78,43.0,0.002
2021-07-09T15:48:39.000,51.27,25.0,0.0,0.0,20.5,93339,40.68,45.0,0.002
2021-07-09T15:49:40.000,51.52,25.06,0.0,0.0,20.5,93340,40.9,45.0,0.002
2021-07-09T15:50:40.000,51.85,25.43,0.0,0.0,20.5,93341,41.11,46.0,0.002
2021-07-09T15:54:41.000,52.76,24.88,0.0,0.0,20.5,93345,41.96,46.0,0.002
2021-07-09T15:55:41.000,52.99,25.61,0.0,0.0,20.5,93346,42.17,47.0,0.002
2021-07-09T15:56:41.000,53.29,25.36,0.0,0.0,20.5,93347,42.38,47.0,0.002
2021-07-09T16:05:43.000,54.75,25.31,0.0,0.0,20.5,93356,44.29,49.0,0.002
2021-07-09T16:06:44.000,54.87,25.72,0.0,0.0,20.5,93357,44.5,49.0,0.002
2021-07-09T16:07:44.000,55.14,26.15,0.0,0.0,20.5,93358,44.72,49.0,0.002
2021-07-09T16:13:45.000,56.27,26.23,0.0,0.0,20.5,93364,45.99,50.0,0.002
2021-07-09T16:14:45.000,56.41,26.17,0.0,0.0,20.5,93365,46.2,50.0,0.002
2021-07-09T16:15:45.000,56.36,25.74,0.0,0.0,20.5,93366,46.41,51.0,0.002
2021-07-09T16:16:45.000,56.26,25.55,0.0,0.0,20.5,93367,46.62,51.0,0.002
2021-07-09T16:17:45.000,56.16,25.89,0.0,0.0,20.5,93368,46.83,51.0,0.002
2021-07-09T16:18:46.000,56.25,26.64,0.0,0.0,20.5,93369,47.05,51.0,0.002
2021-07-09T16:20:46.000,56.6,26.76,0.0,0.0,20.5,93371,47.47,52.0,0.002
2021-07-09T16:21:46.000,56.62,26.17,0.0,0.0,20.5,93372,47.68,52.0,0.002
2021-07-09T16:22:46.000,56.55,25.53,0.0,0.0,20.5,93373,47.89,52.0,0.002
2021-07-09T16:32:48.000,57.96,26.79,0.0,0.0,20.5,93383,50.01,54.0,0.002
2021-07-09T16:33:48.000,58.01,26.81,0.0,0.0,20.5,93384,50.22,54.0,0.002
2021-07-09T16:34:49.000,57.9,26.11,0.0,0.0,20.5,93385,50.44,55.0,0.002
2021-07-09T16:36:49.000,58.01,26.71,0.0,0.0,20.5,93387,50.86,55.0,0.002
2021-07-09T16:37:49.000,58.11,26.86,0.0,0.0,20.5,93388,51.07,55.0,0.002
2021-07-09T16:38:50.000,58.11,26.58,0.0,0.0,20.5,93389,51.29,55.0,0.002
2021-07-09T16:39:50.000,58.4,27.36,0.0,0.0,20.5,93390,51.5,56.0,0.002
2021-07-09T16:40:50.000,58.73,27.62,0.0,0.0,20.5,93391,51.71,56.0,0.002
2021-07-09T17:05:58.000,59.67,27.29,0.0,0.0,20.5,93416,56.99,61.0,0.002
2021-07-09T17:06:58.000,59.76,27.38,0.0,0.0,20.5,93417,57.2,61.0,0.002
2021-07-09T17:07:58.000,59.81,27.47,0.0,0.0,20.5,93418,57.41,61.0,0.002
2021-07-09T17:10:04.000,60.13,27.13,0.0,0.0,20.5,93420,57.85,62.0,0.002
2021-07-09T17:11:04.000,60.16,27.36,0.0,0.0,20.5,93421,58.05,62.0,0.002
2021-07-09T17:12:04.000,59.94,26.65,0.0,0.0,20.5,93422,58.26,62.0,0.002
2021-07-09T17:30:08.000,61.46,27.08,0.0,0.0,20.5,93440,62.01,66.0,0.002
2021-07-09T17:31:08.000,61.3,27.11,0.0,0.0,20.5,93441,62.21,66.0,0.002
2021-07-09T17:32:09.000,61.19,27.1,0.0,0.0,20.5,93442,62.42,66.0,0.002
2021-07-09T17:49:10.000,61.83,27.51,0.0,0.0,20.5,93459,65.88,70.0,0.002
2021-07-09T17:50:10.000,61.76,27.67,0.0,0.0,20.5,93460,66.08,70.0,0.002
2021-07-09T17:52:16.000,61.92,27.17,0.0,0.0,20.5,93462,66.5,71.0,0.002
2021-07-09T17:56:17.000,62.3,27.41,0.0,0.0,20.5,93466,67.3,71.0,0.002
2021-07-09T17:57:18.000,62.27,27.84,0.0,0.0,20.5,93467,67.5,72.0,0.002
2021-07-09T17:58:18.000,62.25,27.73,0.0,0.0,20.5,93468,67.7,72.0,0.002
2021-07-09T18:03:19.000,61.44,27.66,0.0,0.0,20.5,93473,68.68,73.0,0.002
2021-07-09T18:04:19.000,61.27,27.65,0.0,0.0,20.5,93474,68.88,73.0,0.002
2021-07-09T18:05:19.000,61.28,28.22,0.0,0.0,20.5,93475,69.07,73.0,0.002
2021-07-09T18:10:20.000,61.81,28.68,0.0,0.0,20.5,93480,70.04,74.0,0.002
2021-07-09T18:11:20.000,61.97,28.03,0.0,0.0,20.5,93481,70.23,74.0,0.002
2021-07-09T18:13:20.000,61.95,28.5,0.0,0.0,20.5,93483,70.61,75.0,0.002
2021-07-09T18:14:21.000,62.22,28.61,0.0,0.0,20.5,93484,70.81,75.0,0.001
2021-07-09T18:15:21.000,62.14,27.68,0.0,0.0,20.5,93485,70.99,75.0,0.001
2021-07-09T18:23:22.000,62.28,27.6,0.0,0.0,20.5,93493,72.48,77.0,0.001
2021-07-09T18:24:22.000,62.19,27.8,0.0,0.0,20.5,93494,72.66,77.0,0.001
2021-07-09T18:25:22.000,62.33,28.66,0.0,0.0,20.5,93495,72.84,77.0,0.001
2021-07-09T18:36:25.000,62.78,28.16,0.0,0.0,20.5,93506,74.77,79.0,0.001
2021-07-09T18:37:25.000,62.91,28.23,0.0,0.0,20.5,93507,74.93,79.0,0.001
2021-07-09T18:38:25.000,63.06,28.59,0.0,0.0,20.5,93508,75.1,79.0,0.001
2021-07-09T18:41:25.000,63.27,27.72,0.0,0.0,20.5,93511,75.58,80.0,0.001
2021-07-09T19:25:29.000,64.84,28.15,0.0,0.0,20.5,93555,80.01,83.0,0.001
2021-07-09T19:26:29.000,64.73,28.1,0.0,0.0,20.5,93556,80.02,83.0,0.001
2021-07-09T19:27:29.000,64.72,28.35,0.0,0.0,20.5,93557,80.03,83.0,0.001
2021-07-09T19:31:30.000,65.0,28.0,0.0,0.0,20.5,93561,80.01,83.0,0.001
2021-07-09T19:32:30.000,65.09,28.64,0.0,0.0,20.5,93562,79.99,82.0,0.001
2021-07-09T19:33:30.000,65.26,28.72,0.0,0.0,20.5,93563,79.97,82.0,0.001
2021-07-09T19:44:32.000,64.6,28.0,0.0,0.0,20.5,93574,79.41,81.0,0.001
2021-07-09T19:45:32.000,64.69,28.12,0.0,0.0,20.5,93575,79.33,81.0,0.001
2021-07-09T19:46:32.000,64.87,28.92,0.0,0.0,20.5,93576,79.25,81.0,0.001
2021-07-09T19:54:39.000,64.63,27.12,0.0,0.0,20.5,93584,78.45,80.0,0.001
2021-07-09T19:55:40.000,64.38,27.17,0.0,0.0,20.5,93585,78.34,79.0,0.001
2021-07-09T19:56:40.000,64.47,28.64,0.0,0.0,20.5,93586,78.22,79.0,0.001
2021-07-09T20:00:40.000,64.78,27.51,0.0,0.0,20.5,93590,77.73,79.0,0.001
2021-07-09T20:01:41.000,64.66,27.38,0.0,0.0,20.5,93591,77.59,78.0,0.001
2021-07-09T20:04:41.000,64.25,27.5,0.0,0.0,20.5,93594,77.19,78.0,0.001
2021-07-09T20:05:41.000,64.17,27.51,0.0,0.0,20.5,93595,77.05,78.0,0.001
2021-07-09T20:06:42.000,64.34,28.27,0.0,0.0,20.5,93596,76.9,77.0,0.001
2021-07-09T20:07:42.000,64.39,27.36,0.0,0.0,20.5,93597,76.76,77.0,0.001
2021-07-09T20:08:42.000,64.41,28.71,0.0,0.0,20.5,93598,76.61,77.0,0.001
2021-07-09T20:09:42.000,64.56,28.17,0.0,0.0,20.5,93599,76.46,77.0,0.001
2021-07-09T20:11:43.000,64.77,28.24,0.0,0.0,20.5,93601,76.15,77.0,0.001
2021-07-09T20:25:44.000,65.19,27.94,0.0,0.0,20.5,93615,73.85,74.0,0.001
2021-07-09T20:26:44.000,65.07,27.54,0.0,0.0,20.5,93616,73.67,74.0,0.001
2021-07-09T20:27:44.000,65.01,27.68,0.0,0.0,20.5,93617,73.49,74.0,0.001
2021-07-09T20:47:48.000,64.98,29.35,0.0,0.0,20.5,93637,69.78,70.0,0.001
2021-07-09T20:48:48.000,65.26,29.37,0.0,0.0,20.5,93638,69.59,69.0,0.001
2021-07-09T20:49:48.000,65.5,28.98,0.0,0.0,20.5,93639,69.39,69.0,0.001
2021-07-09T20:51:49.000,65.44,29.18,0.0,0.0,20.5,93641,69.0,69.0,0.001
2021-07-09T20:52:49.000,65.61,29.04,0.0,0.0,20.5,93642,68.81,69.0,0.001
2021-07-09T20:53:49.000,65.59,28.2,0.0,0.0,20.5,93643,68.61,68.0,0.001
2021-07-09T20:59:50.000,64.9,27.92,0.0,0.0,20.5,93649,67.43,67.0,0.001
2021-07-09T21:00:51.000,64.58,28.55,0.0,0.0,20.5,93650,67.23,67.0,0.001
2021-07-09T21:01:51.000,64.62,29.44,0.0,0.0,20.5,93651,67.03,67.0,0.001
2021-07-09T21:04:51.000,64.38,28.8,0.0,0.0,20.5,93654,66.43,66.0,0.001
2021-07-09T21:05:51.000,64.28,28.16,0.0,0.0,20.5,93655,66.23,66.0,0.001
2021-07-09T21:06:51.000,64.29,28.95,0.0,0.0,20.5,93656,66.03,66.0,0.001
2021-07-09T21:14:54.000,60.57,23.54,0.0,0.0,20.5,93664,64.4,64.0,0.001
2021-07-09T21:15:54.000,59.05,23.67,0.0,0.0,20.5,93665,64.2,64.0,0.001
2021-07-09T21:16:54.000,57.91,24.17,0.0,0.0,20.5,93666,64.0,64.0,0.001
2021-07-09T21:18:55.000,55.97,23.86,0.0,0.0,20.5,93668,63.58,63.0,0.001
2021-07-09T21:19:55.000,55.14,24.21,0.0,0.0,20.5,93669,63.38,63.0,0.001
2021-07-09T21:20:55.000,54.49,24.49,0.0,0.0,20.5,93670,63.18,63.0,0.001
2021-07-09T21:28:57.000,51.74,25.78,0.0,0.0,20.5,93678,61.53,61.0,0.001
2021-07-09T21:29:57.000,51.52,25.7,0.0,0.0,20.5,93679,61.32,61.0,0.001
2021-07-09T21:30:57.000,51.36,25.96,0.0,0.0,20.5,93680,61.11,61.0,0.001
2021-07-09T21:42:59.000,49.81,26.01,0.0,0.0,20.5,93692,58.62,58.0,0.001
2021-07-09T21:43:59.000,49.72,25.96,0.0,0.0,20.5,93693,58.41,58.0,0.001
2021-07-09T21:44:59.000,49.68,26.13,0.0,0.0,20.5,93694,58.2,58.0,0.001
2021-07-09T22:05:04.000,48.43,26.24,0.0,0.0,20.5,93714,53.99,54.0,0.001
2021-07-09T22:06:04.000,48.49,26.25,0.0,0.0,20.5,93715,53.78,53.0,0.001
2021-07-09T22:07:04.000,48.48,26.14,0.0,0.0,20.5,93716,53.57,53.0,0.001
2021-07-09T22:11:05.000,48.3,25.3,0.0,0.0,20.5,93720,52.73,52.0,0.001
2021-07-09T22:12:05.000,48.0,25.47,0.0,0.0,20.5,93721,52.52,52.0,0.001
2021-07-09T22:13:05.000,48.04,26.62,0.0,0.0,20.5,93722,52.3,52.0,0.001
2021-07-09T22:28:09.000,48.28,27.12,0.0,0.0,20.5,93737,49.12,49.0,0.001
2021-07-09T22:29:09.000,48.31,26.42,0.0,0.0,20.5,93738,48.91,49.0,0.001
2021-07-09T22:30:09.000,48.32,26.67,0.0,0.0,20.5,93739,48.7,48.0,0.001
2021-07-09T22:37:10.000,48.28,26.55,0.0,0.0,20.5,93746,47.22,47.0,0.001
2021-07-09T22:38:10.000,48.23,26.73,0.0,0.0,20.5,93747,47.01,47.0,0.001
2021-07-09T22:39:11.000,48.25,26.74,0.0,0.0,20.5,93748,46.79,47.0,0.001
2021-07-09T22:41:11.000,48.22,26.57,0.0,0.0,20.5,93750,46.37,46.0,0.001
2021-07-09T22:42:12.000,48.17,26.88,0.0,0.0,20.5,93751,46.15,46.0,0.001
2021-07-09T22:43:12.000,48.18,26.86,0.0,0.0,20.5,93752,45.94,46.0,0.001
2021-07-09T22:46:12.000,48.22,27.04,0.0,0.0,20.5,93755,45.31,45.0,0.001
