Downloads/jupyter/ECSV/stars19/stars19_2021-10.ecsv
# %ECSV 1.0
# ---
# datatype:
# - {name: time, datatype: string}
# - {name: Enclosure Temperature, unit: deg_C, datatype: float64}
# - {name: Sky Temperature, unit: deg_C, datatype: float64}
# - {name: Frequency, unit: Hz, datatype: float64}
# - {name: MSAS, unit: mag / arcsec2, datatype: float64}
# - {name: ZP, datatype: float64}
# - {name: Sequence Number, datatype: int64}
# - {name: Sun Alt, unit: deg, datatype: float64}
# - {name: Moon Alt, unit: deg, datatype: float64}
# - {name: Moon Illumination, datatype: float64}
# delimiter: ','
# meta: !!omap
# - ida:
#     Data supplier: {affiliation: null, observer: null}
#     Device type: TESS-W
#     Field of view: 17.0
#     Filters per channel: None
#     Instrument ID: stars19
#     License: ODbL 1.0 http://opendatacommons.org/licenses/odbl/summary/
#     Local timezone: America/Phoenix
#     Location name: {country: '- Tucson', place: Tucson, region: United States, sub_region: Arizona, town: Pima County}
#     Measurement direction per channel: {azimuth: 0.0, zenital: 0.0}
#     Moving / Fixed look direction: FIXED
#     Moving / Stationary position: STATIONARY
#     Number of channels: 1
#     Number of fields per line: 8
#     Number of header lines: 35
#     Position: {height: 0.0, latitude: 32.223877, longitude: -110.767532}
#     TESS MAC address: 18:FE:34:CF:EC:06
#     TESS cover offset value: 0.0
#     TESS firmware version: '1.0'
#     TESS zero point: 20.5
#     Time Synchronization: timestamp added by MQTT subscriber
#     URL: http://www.darksky.org/NSBM/sdf1.0.pdf
# - __serialized_columns__:
#     Enclosure Temperature:
#       __class__: astropy.units.quantity.Quantity
#       unit: &id001 !astropy.units.Unit {unit: deg_C}
#       value: !astropy.table.SerializedColumn {name: Enclosure Temperature}
#     Frequency:
#       __class__: astropy.units.quantity.Quantity
#       unit: !astropy.units.Unit {unit: Hz}
#       value: !astropy.table.SerializedColumn {name: Frequency}
#     MSAS:
#       __class__: astropy.units.quantity.Quantity
#       unit: !astropy.units.Unit {unit: mag / arcsec2}
#       value: !astropy.table.SerializedColumn {name: MSAS}
#     Moon Alt:
#       __class__: astropy.units.quantity.Quantity
#       unit: &id002 !astropy.units.Unit {unit: deg}
#       value: !astropy.table.SerializedColumn {name: Moon Alt}
#     Sky Temperature:
#       __class__: astropy.units.quantity.Quantity
#       unit: *id001
#       value: !astropy.table.SerializedColumn {name: Sky Temperature}
#     Sun Alt:
#       __class__: astropy.units.quantity.Quantity
#       unit: *id002
#       value: !astropy.table.SerializedColumn {name: Sun Alt}
#     time:
#       __class__: astropy.time.core.Time
#       format: isot
#       in_subfmt: '*'
#       out_subfmt: '*'
#       precision: 3
#       scale: utc
#       value: !astropy.table.SerializedColumn {name: time}
# schema: astropy-2.0
time,Enclosure Temperature,Sky Temperature,Frequency,MSAS,ZP,Sequence Number,Sun Alt,Moon Alt,Moon Illumination
[from data line 15455]
2021-10-18T12:56:58.000,16.31,-3.18,56.86,16.0,20.5,237275,-7.56,-18.0,0.956
2021-10-18T12:57:58.000,16.32,-3.12,72.23,15.74,20.5,237276,-7.35,-18.0,0.956
2021-10-18T12:58:58.000,16.33,-3.07,92.11,15.47,20.5,237277,-7.14,-18.0,0.956
2021-10-18T12:59:58.000,16.35,-3.11,118.05,15.2,20.5,237278,-6.93,-18.0,0.956
2021-10-18T13:01:58.000,16.26,-3.49,196.04,14.65,20.5,237280,-6.52,-19.0,0.956
2021-10-18T13:03:58.000,16.27,-3.47,328.9,14.09,20.5,237282,-6.1,-19.0,0.956
2021-10-18T13:04:58.000,16.27,-3.74,425.69,13.81,20.5,237283,-5.89,-19.0,0.956
2021-10-18T13:05:59.000,16.23,-3.63,552.89,13.53,20.5,237284,-5.67,-19.0,0.956
2021-10-18T13:06:59.000,16.22,-3.51,718.76,13.24,20.5,237285,-5.47,-20.0,0.956
2021-10-18T13:07:59.000,16.21,-3.33,934.58,12.96,20.5,237286,-5.26,-20.0,0.956
2021-10-18T13:08:59.000,16.23,-3.16,1218.91,12.67,20.5,237287,-5.05,-20.0,0.956
2021-10-18T13:09:59.000,16.24,-3.12,1588.38,12.38,20.5,237288,-4.84,-20.0,0.956
2021-10-18T13:10:59.000,16.24,-3.22,2063.89,12.1,20.5,237289,-4.63,-20.0,0.957
2021-10-18T13:11:59.000,16.23,-3.12,2682.33,11.81,20.5,237290,-4.42,-21.0,0.957
2021-10-18T13:12:59.000,16.26,-3.06,3481.73,11.53,20.5,237291,-4.21,-21.0,0.957
2021-10-18T13:13:59.000,16.26,-3.14,4510.89,11.25,20.5,237292,-4.0,-21.0,0.957
2021-10-18T13:14:59.000,16.27,-3.14,5825.08,10.97,20.5,237293,-3.79,-21.0,0.957
2021-10-18T13:15:59.000,16.27,-3.21,7494.74,10.7,20.5,237294,-3.58,-21.0,0.957
2021-10-18T13:16:59.000,16.26,-3.24,9596.49,10.43,20.5,237295,-3.38,-22.0,0.957
2021-10-18T13:17:59.000,16.25,-3.33,12161.39,10.17,20.5,237296,-3.17,-22.0,0.957
2021-10-18T13:19:00.000,16.23,-3.55,15243.16,9.92,20.5,237297,-2.96,-22.0,0.957
2021-10-18T13:20:00.000,16.2,-3.47,18824.04,9.7,20.5,237298,-2.75,-22.0,0.957
2021-10-18T13:21:00.000,16.18,-3.41,22826.67,9.49,20.5,237299,-2.54,-22.0,0.957
2021-10-18T13:22:00.000,16.15,-3.34,27348.72,9.29,20.5,237300,-2.33,-23.0,0.957
2021-10-18T13:23:00.000,16.13,-3.38,32143.0,9.2,20.5,237301,-2.12,-23.0,0.957
2021-10-18T13:24:00.000,16.09,-3.36,38417.0,8.92,20.5,237302,-1.92,-23.0,0.957
2021-10-18T13:25:00.000,16.05,-3.4,45066.29,8.75,20.5,237303,-1.71,-23.0,0.957
2021-10-18T13:26:00.000,16.01,-3.38,52439.8,8.58,20.5,237304,-1.5,-23.0,0.957
2021-10-18T13:28:01.000,15.93,-3.37,1442.67,0.19,20.5,237306,-1.08,-24.0,0.957
2021-10-18T13:30:03.000,15.94,-3.19,0.0,0.0,20.5,237308,-0.66,-24.0,0.957
2021-10-18T13:31:03.000,15.91,-3.22,0.0,0.0,20.5,237309,-0.45,-24.0,0.957
2021-10-18T13:32:03.000,15.9,-3.36,0.0,0.0,20.5,237310,-0.24,-25.0,0.957
2021-10-18T13:33:03.000,15.87,-3.54,0.0,0.0,20.5,237311,-0.04,-25.0,0.957
2021-10-18T13:34:03.000,15.84,-3.37,0.0,0.0,20.5,237312,0.17,-25.0,0.957
2021-10-18T13:36:03.000,15.81,-3.42,0.0,0.0,20.5,237314,0.58,-25.0,0.957
2021-10-18T13:37:03.000,15.81,-3.19,0.0,0.0,20.5,237315,0.79,-26.0,0.957
2021-10-18T13:38:03.000,15.83,-3.23,0.0,0.0,20.5,237316,1.0,-26.0,0.957
2021-10-18T13:47:04.000,15.91,-2.9,0.0,0.0,20.5,237325,2.85,-28.0,0.958
2021-10-18T13:48:05.000,15.98,-2.95,0.0,0.0,20.5,237326,3.06,-28.0,0.958
2021-10-18T13:49:05.000,16.0,-2.9,0.0,0.0,20.5,237327,3.27,-28.0,0.958
2021-10-18T13:50:05.000,16.0,-2.93,0.13,0.1,20.5,237328,3.47,-28.0,0.958
2021-10-18T13:51:05.000,16.02,-2.84,0.0,0.0,20.5,237329,3.68,-28.0,0.958
2021-10-18T13:52:05.000,16.04,-2.79,0.0,0.0,20.5,237330,3.88,-29.0,0.958
2021-10-18T13:53:05.000,16.05,-2.8,0.0,0.0,20.5,237331,4.09,-29.0,0.958
2021-10-18T13:54:05.000,16.09,-2.78,0.0,0.0,20.5,237332,4.29,-29.0,0.958
2021-10-18T13:55:05.000,16.08,-2.91,0.17,0.09,20.5,237333,4.5,-29.0,0.958
2021-10-18T13:56:05.000,16.11,-2.87,0.0,0.0,20.5,237334,4.7,-29.0,0.958
2021-10-18T13:57:05.000,16.1,-2.89,0.0,0.0,20.5,237335,4.91,-29.0,0.958
2021-10-18T13:58:06.000,16.09,-2.86,0.0,0.0,20.5,237336,5.11,-30.0,0.958
2021-10-18T14:05:06.000,16.3,-2.64,0.0,0.0,20.5,237343,6.54,-31.0,0.958
2021-10-18T14:06:06.000,16.34,-2.63,0.0,0.0,20.5,237344,6.74,-31.0,0.958
2021-10-18T14:07:06.000,16.37,-2.51,0.0,0.0,20.5,237345,6.95,-31.0,0.958
2021-10-18T14:09:07.000,16.47,-2.41,0.0,0.0,20.5,237347,7.36,-32.0,0.958
2021-10-18T14:11:07.000,16.56,-2.53,0.0,0.0,20.5,237349,7.76,-32.0,0.958
2021-10-18T14:12:07.000,16.58,-2.7,0.0,0.0,20.5,237350,7.96,-32.0,0.958
2021-10-18T14:13:07.000,16.61,-2.59,0.0,0.0,20.5,237351,8.16,-33.0,0.958
2021-10-18T14:19:07.000,16.6,-2.74,0.0,0.0,20.5,237357,9.37,-34.0,0.958
2021-10-18T14:20:07.000,16.62,-2.68,0.0,0.0,20.5,237358,9.58,-34.0,0.958
2021-10-18T14:21:08.000,16.65,-2.66,0.0,0.0,20.5,237359,9.78,-34.0,0.958
2021-10-18T14:23:08.000,16.67,-2.72,0.0,0.0,20.5,237361,10.18,-34.0,0.959
2021-10-18T14:24:08.000,16.66,-2.79,0.0,0.0,20.5,237362,10.38,-35.0,0.959
2021-10-18T14:25:08.000,16.62,-2.74,0.0,0.0,20.5,237363,10.58,-35.0,0.959
2021-10-18T14:26:08.000,16.63,-2.59,0.0,0.0,20.5,237364,10.78,-35.0,0.959
2021-10-18T14:27:08.000,16.68,-2.68,0.0,0.0,20.5,237365,10.98,-35.0,0.959
2021-10-18T14:31:14.000,16.81,-2.53,0.0,0.0,20.5,237369,11.8,-36.0,0.959
2021-10-18T14:32:14.000,16.87,-2.51,0.0,0.0,20.5,237370,12.0,-36.0,0.959
2021-10-18T14:33:14.000,16.91,-2.53,0.0,0.0,20.5,237371,12.19,-36.0,0.959
2021-10-18T14:38:14.000,17.09,-2.52,0.0,0.0,20.5,237376,13.19,-37.0,0.959
2021-10-18T14:39:15.000,17.11,-2.4,0.0,0.0,20.5,237377,13.39,-37.0,0.959
2021-10-18T14:40:15.000,17.13,-2.31,0.0,0.0,20.5,237378,13.58,-38.0,0.959
2021-10-18T14:43:19.000,17.14,-2.04,0.0,0.0,20.5,237381,14.19,-38.0,0.959
2021-10-18T14:44:18.000,17.2,-2.08,0.0,0.0,20.5,237382,14.38,-38.0,0.959
2021-10-18T14:45:19.000,17.26,-2.05,0.0,0.0,20.5,237383,14.58,-39.0,0.959
2021-10-18T14:51:19.000,17.54,-1.77,0.0,0.0,20.5,237389,15.75,-40.0,0.959
2021-10-18T14:52:19.000,17.56,-1.68,0.0,0.0,20.5,237390,15.95,-40.0,0.959
2021-10-18T14:53:19.000,17.62,-1.55,0.0,0.0,20.5,237391,16.14,-40.0,0.959
2021-10-18T14:55:20.000,17.76,-1.53,0.0,0.0,20.5,237393,16.53,-40.0,0.959
2021-10-18T14:56:20.000,17.84,-1.38,0.0,0.0,20.5,237394,16.73,-41.0,0.959
2021-10-18T14:57:20.000,17.93,-1.33,0.0,0.0,20.5,237395,16.92,-41.0,0.959
2021-10-18T14:58:20.000,17.97,-1.39,0.0,0.0,20.5,237396,17.11,-41.0,0.96
2021-10-18T14:59:20.000,18.06,-1.21,0.0,0.0,20.5,237397,17.31,-41.0,0.96
2021-10-18T15:01:20.000,18.28,-1.32,0.0,0.0,20.5,237399,17.69,-41.0,0.96
2021-10-18T15:03:20.000,18.42,-1.24,0.0,0.0,20.5,237401,18.08,-42.0,0.96
2021-10-18T15:04:20.000,18.45,-1.07,0.0,0.0,20.5,237402,18.27,-42.0,0.96
2021-10-18T15:05:20.000,18.53,-0.95,0.0,0.0,20.5,237403,18.46,-42.0,0.96
2021-10-18T15:07:20.000,18.69,-0.7,0.0,0.0,20.5,237405,18.84,-43.0,0.96
2021-10-18T15:08:21.000,18.82,-0.67,0.0,0.0,20.5,237406,19.04,-43.0,0.96
2021-10-18T15:09:21.000,18.94,-0.62,0.0,0.0,20.5,237407,19.23,-43.0,0.96
2021-10-18T15:11:21.000,19.14,-0.61,0.0,0.0,20.5,237409,19.61,-43.0,0.96
2021-10-18T15:15:21.000,19.48,1.8,0.0,0.0,20.5,237413,20.37,-44.0,0.96
2021-10-18T15:16:21.000,19.64,2.03,0.0,0.0,20.5,237414,20.55,-44.0,0.96
2021-10-18T15:18:22.000,19.9,0.5,0.0,0.0,20.5,237416,20.93,-44.0,0.96
2021-10-18T15:25:25.000,20.39,0.8,0.0,0.0,20.5,237423,22.25,-46.0,0.96
2021-10-18T15:26:27.000,20.52,0.91,0.0,0.0,20.5,237424,22.44,-46.0,0.96
2021-10-18T15:27:27.000,20.62,1.21,0.0,0.0,20.5,237425,22.63,-46.0,0.96
2021-10-18T17:08:38.000,44.4,14.99,0.0,0.0,20.5,237526,39.14,-59.0,0.963
2021-10-18T17:09:38.000,44.9,15.43,0.0,0.0,20.5,237527,39.27,-59.0,0.963
2021-10-18T17:10:38.000,45.33,14.88,0.0,0.0,20.5,237528,39.41,-59.0,0.963
2021-10-18T17:12:39.000,45.82,14.64,0.0,0.0,20.5,237530,39.67,-59.0,0.963
2021-10-18T17:13:39.000,46.2,15.46,0.0,0.0,20.5,237531,39.8,-59.0,0.963
2021-10-18T17:14:39.000,46.48,14.58,0.0,0.0,20.5,237532,39.93,-59.0,0.963
2021-10-18T17:25:40.000,47.77,14.25,0.0,0.0,20.5,237543,41.3,-60.0,0.963
2021-10-18T17:26:40.000,47.53,14.43,0.0,0.0,20.5,237544,41.42,-60.0,0.963
2021-10-18T17:27:40.000,47.54,14.92,0.0,0.0,20.5,237545,41.54,-60.0,0.964
2021-10-18T17:29:40.000,47.86,15.47,0.0,0.0,20.5,237547,41.77,-60.0,0.964
2021-10-18T17:30:40.000,48.23,16.01,0.0,0.0,20.5,237548,41.89,-60.0,0.964
2021-10-18T17:31:40.000,48.67,16.16,0.0,0.0,20.5,237549,42.0,-60.0,0.964
2021-10-18T18:09:43.000,50.9,16.41,0.0,0.0,20.5,237587,45.63,-60.0,0.965
2021-10-18T18:10:43.000,51.06,16.29,0.0,0.0,20.5,237588,45.71,-60.0,0.965
2021-10-18T18:11:44.000,51.3,16.39,0.0,0.0,20.5,237589,45.78,-60.0,0.965
2021-10-18T18:13:44.000,51.81,16.26,0.0,0.0,20.5,237591,45.92,-60.0,0.965
2021-10-18T18:17:45.000,51.52,15.56,0.0,0.0,20.5,237595,46.2,-60.0,0.965
2021-10-18T18:25:45.000,49.96,15.22,0.0,0.0,20.5,237603,46.68,-60.0,0.965
2021-10-18T18:26:45.000,50.03,15.83,0.0,0.0,20.5,237604,46.74,-60.0,0.965
2021-10-18T18:27:45.000,50.22,15.56,0.0,0.0,20.5,237605,46.79,-60.0,0.965
2021-10-18T18:32:45.000,50.61,16.13,0.0,0.0,20.5,237610,47.04,-59.0,0.965
2021-10-18T18:33:46.000,50.98,16.58,0.0,0.0,20.5,237611,47.09,-59.0,0.965
2021-10-18T18:35:46.000,51.2,15.45,0.0,0.0,20.5,237613,47.17,-59.0,0.965
2021-10-18T18:36:46.000,51.31,15.81,0.0,0.0,20.5,237614,47.22,-59.0,0.965
2021-10-18T18:37:46.000,51.39,15.15,0.0,0.0,20.5,237615,47.26,-59.0,0.965
2021-10-18T18:38:46.000,51.23,15.5,0.0,0.0,20.5,237616,47.3,-59.0,0.965
2021-10-18T18:39:46.000,51.52,16.31,0.0,0.0,20.5,237617,47.34,-59.0,0.965
2021-10-18T18:41:46.000,51.26,14.77,0.0,0.0,20.5,237619,47.41,-59.0,0.965
2021-10-18T18:42:46.000,51.55,16.51,0.0,0.0,20.5,237620,47.44,-59.0,0.965
2021-10-18T18:43:46.000,51.91,16.29,0.0,0.0,20.5,237621,47.48,-59.0,0.965
2021-10-18T18:53:48.000,54.21,16.65,0.0,0.0,20.5,237631,47.73,-58.0,0.966
2021-10-18T18:54:47.000,54.25,16.44,0.0,0.0,20.5,237632,47.75,-58.0,0.966
2021-10-18T18:55:47.000,54.09,15.68,0.0,0.0,20.5,237633,47.77,-57.0,0.966
2021-10-18T18:57:48.000,54.07,16.04,0.0,0.0,20.5,237635,47.8,-57.0,0.966
2021-10-18T18:58:48.000,53.94,16.2,0.0,0.0,20.5,237636,47.81,-57.0,0.966
2021-10-18T18:59:48.000,54.04,16.85,0.0,0.0,20.5,237637,47.83,-57.0,0.966
2021-10-18T19:11:50.000,53.64,16.49,0.0,0.0,20.5,237649,47.86,-56.0,0.966
2021-10-18T19:12:50.000,53.48,16.28,0.0,0.0,20.5,237650,47.85,-56.0,0.966
2021-10-18T19:13:50.000,53.28,16.1,0.0,0.0,20.5,237651,47.85,-55.0,0.966
2021-10-18T19:15:50.000,53.05,16.03,0.0,0.0,20.5,237653,47.83,-55.0,0.966
2021-10-18T19:16:51.000,52.66,15.32,0.0,0.0,20.5,237654,47.82,-55.0,0.966
2021-10-18T19:17:50.000,52.17,14.81,0.0,0.0,20.5,237655,47.8,-55.0,0.966
2021-10-18T19:26:52.000,51.84,15.72,0.0,0.0,20.5,237664,47.63,-54.0,0.967
2021-10-18T19:27:52.000,51.95,15.71,0.0,0.0,20.5,237665,47.6,-54.0,0.967
2021-10-18T19:28:52.000,52.24,16.52,0.0,0.0,20.5,237666,47.57,-54.0,0.967
2021-10-18T19:30:52.000,52.15,14.51,0.0,0.0,20.5,237668,47.52,-53.0,0.967
2021-10-18T19:31:52.000,52.21,16.02,0.0,0.0,20.5,237669,47.48,-53.0,0.967
2021-10-18T19:32:52.000,52.46,15.8,0.0,0.0,20.5,237670,47.45,-53.0,0.967
2021-10-18T20:15:55.000,49.74,14.87,0.0,0.0,20.5,237713,44.85,-46.0,0.968
2021-10-18T20:16:55.000,50.0,14.9,0.0,0.0,20.5,237714,44.76,-46.0,0.968
2021-10-18T20:17:55.000,50.28,14.9,0.0,0.0,20.5,237715,44.67,-46.0,0.968
2021-10-18T20:19:55.000,49.96,12.97,0.0,0.0,20.5,237717,44.49,-46.0,0.968
2021-10-18T20:20:55.000,49.67,13.34,0.0,0.0,20.5,237718,44.4,-46.0,0.968
2021-10-18T20:21:55.000,49.47,13.25,0.0,0.0,20.5,237719,44.31,-45.0,0.968
2021-10-18T20:25:56.000,49.86,14.5,0.0,0.0,20.5,237723,43.93,-45.0,0.968
2021-10-18T20:26:56.000,49.95,14.89,0.0,0.0,20.5,237724,43.84,-45.0,0.968
2021-10-18T20:27:56.000,50.11,14.54,0.0,0.0,20.5,237725,43.74,-44.0,0.968
2021-10-18T20:29:56.000,50.38,14.43,0.0,0.0,20.5,237727,43.54,-44.0,0.968
2021-10-18T20:30:56.000,50.4,13.97,0.0,0.0,20.5,237728,43.44,-44.0,0.968
2021-10-18T20:32:56.000,50.1,13.71,0.0,0.0,20.5,237730,43.23,-44.0,0.968
2021-10-18T20:33:56.000,50.11,13.64,0.0,0.0,20.5,237731,43.13,-43.0,0.968
2021-10-18T20:34:56.000,49.93,12.7,0.0,0.0,20.5,237732,43.02,-43.0,0.968
2021-10-18T20:51:03.000,49.89,14.01,0.0,0.0,20.5,237748,41.2,-40.0,0.969
2021-10-18T20:52:04.000,49.81,13.18,0.0,0.0,20.5,237749,41.07,-40.0,0.969
2021-10-18T20:53:04.000,49.78,14.19,0.0,0.0,20.5,237750,40.95,-40.0,0.969
2021-10-18T20:55:05.000,49.62,12.38,0.0,0.0,20.5,237752,40.71,-40.0,0.969
2021-10-18T20:56:05.000,49.32,12.81,0.0,0.0,20.5,237753,40.58,-39.0,0.969
2021-10-18T20:57:07.000,49.07,12.66,0.0,0.0,20.5,237754,40.45,-39.0,0.969
2021-10-18T20:58:07.000,48.98,13.21,0.0,0.0,20.5,237755,40.33,-39.0,0.969
2021-10-18T21:00:07.000,48.44,11.95,0.0,0.0,20.5,237757,40.07,-39.0,0.969
2021-10-18T21:01:07.000,48.31,12.26,0.0,0.0,20.5,237758,39.94,-39.0,0.969
2021-10-18T21:02:07.000,48.24,12.1,0.0,0.0,20.5,237759,39.81,-38.0,0.969
2021-10-18T21:17:31.000,46.63,12.71,0.0,0.0,20.5,237774,37.73,-35.0,0.969
2021-10-18T21:18:31.000,46.71,11.34,0.0,0.0,20.5,237775,37.58,-35.0,0.969
2021-10-18T21:19:31.000,46.61,11.16,0.0,0.0,20.5,237776,37.44,-35.0,0.969
2021-10-18T21:21:31.000,46.29,11.19,0.0,0.0,20.5,237778,37.16,-35.0,0.969
2021-10-18T21:22:31.000,46.27,11.11,0.0,0.0,20.5,237779,37.01,-34.0,0.969
2021-10-18T21:23:32.000,46.28,11.12,0.0,0.0,20.5,237780,36.86,-34.0,0.969
2021-10-18T21:29:35.000,45.84,12.12,0.0,0.0,20.5,237786,35.97,-33.0,0.97
2021-10-18T21:30:35.000,46.13,12.07,0.0,0.0,20.5,237787,35.82,-33.0,0.97
2021-10-18T21:31:35.000,46.19,11.09,0.0,0.0,20.5,237788,35.67,-33.0,0.97
2021-10-18T21:33:40.000,45.89,10.84,0.0,0.0,20.5,237790,35.36,-32.0,0.97
2021-10-18T21:35:42.000,45.6,10.62,0.0,0.0,20.5,237792,35.05,-32.0,0.97
2021-10-18T21:36:42.000,45.29,9.72,0.0,0.0,20.5,237793,34.9,-32.0,0.97
2021-10-18T21:38:42.000,42.89,6.9,0.0,0.0,20.5,237795,34.59,-31.0,0.97
2021-10-18T21:39:42.000,41.65,7.2,0.0,0.0,20.5,237796,34.43,-31.0,0.97
2021-10-18T21:40:42.000,40.57,6.95,0.0,0.0,20.5,237797,34.28,-31.0,0.97
2021-10-18T21:44:42.000,38.1,8.08,0.0,0.0,20.5,237801,33.65,-30.0,0.97
2021-10-18T21:45:43.000,37.56,8.19,0.0,0.0,20.5,237802,33.49,-30.0,0.97
2021-10-18T21:46:43.000,37.22,8.44,0.0,0.0,20.5,237803,33.33,-30.0,0.97
2021-10-18T21:48:43.000,36.8,9.18,0.0,0.0,20.5,237805,33.01,-29.0,0.97
2021-10-18T21:49:43.000,36.46,8.39,0.0,0.0,20.5,237806,32.85,-29.0,0.97
2021-10-18T21:50:43.000,36.22,8.85,0.0,0.0,20.5,237807,32.69,-29.0,0.97
2021-10-18T21:51:43.000,35.96,8.72,0.0,0.0,20.5,237808,32.52,-29.0,0.97
2021-10-18T21:52:43.000,35.79,9.02,0.0,0.0,20.5,237809,32.36,-29.0,0.97
2021-10-18T21:54:44.000,35.41,8.31,0.0,0.0,20.5,237811,32.03,-28.0,0.97
2021-10-18T21:56:45.000,34.9,8.37,0.0,0.0,20.5,237813,31.7,-28.0,0.97
2021-10-18T21:58:45.000,34.59,8.59,0.0,0.0,20.5,237815,31.37,-27.0,0.97
2021-10-18T21:59:45.000,34.49,8.52,0.0,0.0,20.5,237816,31.21,-27.0,0.97
2021-10-18T22:00:45.000,34.43,8.77,0.0,0.0,20.5,237817,31.04,-27.0,0.97
2021-10-18T22:01:45.000,34.32,8.58,0.0,0.0,20.5,237818,30.87,-27.0,0.97
2021-10-18T22:04:45.000,34.01,8.99,0.0,0.0,20.5,237821,30.37,-26.0,0.97
2021-10-18T22:05:46.000,33.97,8.99,0.0,0.0,20.5,237822,30.2,-26.0,0.97
2021-10-18T22:07:46.000,33.85,8.92,0.0,0.0,20.5,237824,29.86,-26.0,0.97
2021-10-18T22:08:46.000,33.81,8.8,0.0,0.0,20.5,237825,29.69,-25.0,0.97
2021-10-18T22:09:46.000,33.77,8.66,0.0,0.0,20.5,237826,29.52,-25.0,0.97
2021-10-18T22:10:46.000,33.77,9.02,0.0,0.0,20.5,237827,29.35,-25.0,0.971
2021-10-18T22:11:46.000,33.8,8.92,0.0,0.0,20.5,237828,29.18,-25.0,0.971
2021-10-18T22:12:47.000,33.76,8.75,0.0,0.0,20.5,237829,29.0,-25.0,0.971
2021-10-18T22:15:47.000,33.57,8.7,0.0,0.0,20.5,237832,28.48,-24.0,0.971
2021-10-18T22:18:47.000,33.43,8.62,0.0,0.0,20.5,237835,27.96,-23.0,0.971
2021-10-18T22:19:47.000,33.39,9.02,0.0,0.0,20.5,237836,27.79,-23.0,0.971
2021-10-18T22:20:48.000,33.41,9.21,0.0,0.0,20.5,237837,27.61,-23.0,0.971
2021-10-18T22:22:48.000,33.34,8.96,0.0,0.0,20.5,237839,27.26,-23.0,0.971
2021-10-18T22:24:48.000,33.32,8.91,0.0,0.0,20.5,237841,26.91,-22.0,0.971
2021-10-18T22:25:48.000,33.29,8.76,0.0,0.0,20.5,237842,26.73,-22.0,0.971
2021-10-18T22:27:48.000,33.11,8.45,0.0,0.0,20.5,237844,26.37,-22.0,0.971
2021-10-18T22:33:49.000,32.96,8.36,0.0,0.0,20.5,237850,25.29,-20.0,0.971
2021-10-18T22:36:49.000,32.92,8.43,0.0,0.0,20.5,237853,24.75,-20.0,0.971
2021-10-18T22:43:49.000,32.96,8.95,0.0,0.0,20.5,237860,23.47,-18.0,0.971
2021-10-18T22:44:49.000,32.94,8.96,0.0,0.0,20.5,237861,23.29,-18.0,0.971
