Downloads/jupyter/ECSV/stars19/stars19_2024-08.ecsv
# %ECSV 1.0
# ---
# datatype:
# - {name: time, datatype: string}
# - {name: Enclosure Temperature, unit: deg_C, datatype: float64}
# - {name: Sky Temperature, unit: deg_C, datatype: float64}
# - {name: Frequency, unit: Hz, datatype: float64}
# - {name: MSAS, unit: mag / arcsec2, datatype: float64}
# - {name: ZP, datatype: float64}
# - {name: Sequence Number, datatype: int64}
# - {name: Sun Alt, unit: deg, datatype: float64}
# - {name: Moon Alt, unit: deg, datatype: float64}
# - {name: Moon Illumination, datatype: float64}
# delimiter: ','
# meta: !!omap
# - ida:
#     Data supplier: {affiliation: null, observer: null}
#     Device type: TESS-W
#     Field of view: 17.0
#     Filters per channel: None
#     Instrument ID: stars19
#     License: ODbL 1.0 http://opendatacommons.org/licenses/odbl/summary/
#     Local timezone: America/Phoenix
#     Location name: {country: United States, place: Tucson, region: Arizona, sub_region: Pima County, town: Tucson}
#     Measurement direction per channel: {azimuth: 0.0, zenital: 0.0}
#     Moving / Fixed look direction: FIXED
#     Moving / Stationary position: STATIONARY
#     Number of channels: 1
#     Number of fields per line: 8
#     Number of header lines: 35
#     Position: {height: 0.0, latitude: 32.223877, longitude: -110.767532}
#     TESS MAC address: 18:FE:34:CF:EC:06
#     TESS cover offset value: 0.0
#     TESS firmware version: '1.0'
#     TESS zero point: 20.38
#     Time Synchronization: timestamp added by MQTT subscriber
#     URL: http://www.darksky.org/NSBM/sdf1.0.pdf
# - __serialized_columns__:
#     Enclosure Temperature:
#       __class__: astropy.units.quantity.Quantity
#       unit: &id001 !astropy.units.Unit {unit: deg_C}
#       value: !astropy.table.SerializedColumn {name: Enclosure Temperature}
#     Frequency:
#       __class__: astropy.units.quantity.Quantity
#       unit: !astropy.units.Unit {unit: Hz}
#       value: !astropy.table.SerializedColumn {name: Frequency}
#     MSAS:
#       __class__: astropy.units.quantity.Quantity
#       unit: !astropy.units.Unit {unit: mag / arcsec2}
#       value: !astropy.table.SerializedColumn {name: MSAS}
#     Moon Alt:
#       __class__: astropy.units.quantity.Quantity
#       unit: &id002 !astropy.units.Unit {unit: deg}
#       value: !astropy.table.SerializedColumn {name: Moon Alt}
#     Sky Temperature:
#       __class__: astropy.units.quantity.Quantity
#       unit: *id001
#       value: !astropy.table.SerializedColumn {name: Sky Temperature}
#     Sun Alt:
#       __class__: astropy.units.quantity.Quantity
#       unit: *id002
#       value: !astropy.table.SerializedColumn {name: Sun Alt}
#     time:
#       __class__: astropy.time.core.Time
#       format: isot
#       in_subfmt: '*'
#       out_subfmt: '*'
#       precision: 3
#       scale: utc
#       value: !astropy.table.SerializedColumn {name: time}
# schema: astropy-2.0
time,Enclosure Temperature,Sky Temperature,Frequency,MSAS,ZP,Sequence Number,Sun Alt,Moon Alt,Moon Illumination
[from data line 14375]
2024-08-20T09:18:36.000,27.85,10.72,10.07,17.87,20.38,171645,-38.08,42.0,0.994
2024-08-20T09:19:37.000,27.85,10.74,9.91,17.89,20.38,171646,-37.96,42.0,0.994
2024-08-20T09:20:37.000,27.85,10.66,9.72,17.91,20.38,171647,-37.83,42.0,0.994
2024-08-20T09:21:37.000,27.81,10.71,9.67,17.92,20.38,171648,-37.71,42.0,0.994
2024-08-20T09:22:38.000,27.82,10.71,9.69,17.91,20.38,171649,-37.58,42.0,0.994
2024-08-20T09:23:38.000,27.87,10.81,9.52,17.93,20.38,171650,-37.45,41.0,0.994
2024-08-20T09:24:38.000,27.88,10.74,9.32,17.96,20.38,171651,-37.32,41.0,0.994
2024-08-20T09:25:38.000,27.89,10.81,9.24,17.97,20.38,171652,-37.19,41.0,0.994
2024-08-20T09:26:39.000,27.9,10.8,9.12,17.98,20.38,171653,-37.06,41.0,0.994
2024-08-20T09:27:39.000,27.92,10.75,8.97,18.0,20.38,171654,-36.93,41.0,0.994
2024-08-20T09:28:39.000,27.89,10.65,8.79,18.02,20.38,171655,-36.8,41.0,0.994
2024-08-20T09:29:39.000,27.9,10.74,8.57,18.05,20.38,171656,-36.67,41.0,0.994
2024-08-20T09:30:39.000,27.88,10.45,8.42,18.07,20.38,171657,-36.54,41.0,0.994
2024-08-20T09:31:40.000,27.85,10.43,8.24,18.09,20.38,171658,-36.4,41.0,0.994
2024-08-20T09:32:40.000,27.84,10.34,8.0,18.12,20.38,171659,-36.27,41.0,0.994
2024-08-20T09:33:40.000,27.79,10.06,7.78,18.15,20.38,171660,-36.14,40.0,0.994
2024-08-20T09:34:40.000,27.64,9.89,7.57,18.18,20.38,171661,-36.0,40.0,0.994
2024-08-20T09:40:41.000,27.53,9.87,7.31,18.22,20.38,171667,-35.17,40.0,0.994
2024-08-20T09:41:41.000,27.39,9.63,7.38,18.21,20.38,171668,-35.03,40.0,0.994
2024-08-20T09:42:42.000,27.35,9.73,7.36,18.21,20.38,171669,-34.89,40.0,0.994
2024-08-20T09:43:42.000,27.21,9.48,7.26,18.23,20.38,171670,-34.75,39.0,0.994
2024-08-20T09:44:42.000,27.09,9.45,7.18,18.24,20.38,171671,-34.61,39.0,0.993
2024-08-20T09:45:42.000,27.01,9.71,7.19,18.24,20.38,171672,-34.46,39.0,0.993
2024-08-20T09:46:42.000,26.97,9.65,7.06,18.26,20.38,171673,-34.32,39.0,0.993
2024-08-20T09:47:43.000,26.91,9.62,6.98,18.27,20.38,171674,-34.17,39.0,0.993
2024-08-20T09:48:43.000,26.9,9.59,6.98,18.27,20.38,171675,-34.03,39.0,0.993
2024-08-20T09:49:43.000,26.88,9.71,6.92,18.28,20.38,171676,-33.88,39.0,0.993
2024-08-20T09:50:43.000,26.9,9.64,6.92,18.28,20.38,171677,-33.74,39.0,0.993
2024-08-20T09:54:44.000,26.87,9.51,6.85,18.29,20.38,171681,-33.15,38.0,0.993
2024-08-20T09:55:44.000,26.87,9.69,6.9,18.28,20.38,171682,-33.0,38.0,0.993
2024-08-20T09:56:45.000,26.87,9.61,6.85,18.29,20.38,171683,-32.84,38.0,0.993
2024-08-20T09:57:45.000,26.87,9.64,6.84,18.29,20.38,171684,-32.69,38.0,0.993
2024-08-20T09:58:45.000,26.89,9.76,6.78,18.3,20.38,171685,-32.54,38.0,0.993
2024-08-20T09:59:46.000,26.84,9.52,6.78,18.3,20.38,171686,-32.39,38.0,0.993
2024-08-20T10:00:46.000,26.85,9.61,6.73,18.31,20.38,171687,-32.24,38.0,0.993
2024-08-20T10:01:46.000,26.84,9.7,6.73,18.31,20.38,171688,-32.08,37.0,0.993
2024-08-20T10:02:46.000,26.87,9.74,6.73,18.31,20.38,171689,-31.93,37.0,0.993
2024-08-20T10:03:46.000,26.78,9.3,6.66,18.32,20.38,171690,-31.78,37.0,0.993
2024-08-20T10:04:47.000,26.71,9.65,6.64,18.32,20.38,171691,-31.62,37.0,0.993
2024-08-20T10:05:47.000,26.72,9.62,6.61,18.33,20.38,171692,-31.47,37.0,0.993
2024-08-20T10:06:47.000,26.76,9.82,6.53,18.34,20.38,171693,-31.31,37.0,0.993
2024-08-20T10:07:48.000,26.76,9.65,6.5,18.35,20.38,171694,-31.15,37.0,0.993
2024-08-20T10:11:49.000,26.83,9.69,6.35,18.37,20.38,171698,-30.52,36.0,0.993
2024-08-20T10:12:49.000,26.7,9.14,6.32,18.38,20.38,171699,-30.36,36.0,0.993
2024-08-20T10:13:49.000,26.6,9.33,6.38,18.37,20.38,171700,-30.2,36.0,0.993
2024-08-20T10:14:49.000,26.57,9.47,6.34,18.37,20.38,171701,-30.04,36.0,0.993
2024-08-20T10:15:49.000,26.66,9.64,6.31,18.38,20.38,171702,-29.88,36.0,0.993
2024-08-20T10:16:49.000,26.56,9.1,6.26,18.39,20.38,171703,-29.72,35.0,0.993
2024-08-20T10:17:50.000,26.57,9.55,6.27,18.39,20.38,171704,-29.56,35.0,0.993
2024-08-20T10:18:51.000,26.66,9.7,6.23,18.39,20.38,171705,-29.39,35.0,0.993
2024-08-20T10:19:51.000,26.66,9.28,6.19,18.4,20.38,171706,-29.23,35.0,0.993
2024-08-20T10:20:51.000,26.57,9.41,6.15,18.41,20.38,171707,-29.07,35.0,0.993
2024-08-20T10:21:51.000,26.57,9.33,6.11,18.42,20.38,171708,-28.9,35.0,0.993
2024-08-20T10:22:52.000,26.5,9.21,6.04,18.43,20.38,171709,-28.74,35.0,0.993
2024-08-20T10:23:52.000,26.4,9.01,5.98,18.44,20.38,171710,-28.57,35.0,0.993
2024-08-20T10:24:52.000,26.33,9.27,5.95,18.44,20.38,171711,-28.41,34.0,0.993
2024-08-20T10:25:52.000,26.35,9.57,5.91,18.45,20.38,171712,-28.24,34.0,0.993
2024-08-20T10:30:54.000,26.29,9.49,5.67,18.5,20.38,171717,-27.41,34.0,0.993
2024-08-20T10:31:54.000,26.37,9.65,5.66,18.5,20.38,171718,-27.24,33.0,0.993
2024-08-20T10:32:55.000,26.43,9.51,5.62,18.51,20.38,171719,-27.07,33.0,0.993
2024-08-20T10:33:55.000,26.5,9.57,5.61,18.51,20.38,171720,-26.9,33.0,0.993
2024-08-20T10:34:55.000,26.52,9.47,5.58,18.51,20.38,171721,-26.73,33.0,0.993
2024-08-20T10:35:55.000,26.55,9.48,5.55,18.52,20.38,171722,-26.56,33.0,0.993
2024-08-20T10:36:55.000,26.55,9.28,5.52,18.53,20.38,171723,-26.39,33.0,0.993
2024-08-20T10:37:56.000,26.48,9.39,5.49,18.53,20.38,171724,-26.21,33.0,0.993
2024-08-20T10:38:56.000,26.53,9.49,5.46,18.54,20.38,171725,-26.04,32.0,0.993
2024-08-20T10:39:56.000,26.59,9.54,5.42,18.54,20.38,171726,-25.87,32.0,0.993
2024-08-20T10:40:56.000,26.63,9.52,5.39,18.55,20.38,171727,-25.7,32.0,0.993
2024-08-20T10:41:56.000,26.62,9.44,5.35,18.56,20.38,171728,-25.53,32.0,0.993
2024-08-20T10:42:57.000,26.62,9.57,5.32,18.56,20.38,171729,-25.35,32.0,0.993
2024-08-20T10:43:57.000,26.64,9.55,5.29,18.57,20.38,171730,-25.18,32.0,0.993
2024-08-20T10:44:57.000,26.64,9.47,5.25,18.58,20.38,171731,-25.01,32.0,0.993
2024-08-20T10:45:57.000,26.64,9.4,5.22,18.59,20.38,171732,-24.83,31.0,0.993
2024-08-20T10:46:58.000,26.62,9.48,5.18,18.59,20.38,171733,-24.65,31.0,0.993
2024-08-20T10:47:58.000,26.59,9.31,4.93,18.65,20.38,171734,-24.48,31.0,0.993
2024-08-20T10:49:58.000,26.36,9.15,4.01,18.87,20.38,171736,-24.13,31.0,0.993
2024-08-20T10:50:58.000,26.35,9.37,3.98,18.88,20.38,171737,-23.95,31.0,0.993
2024-08-20T10:51:59.000,26.4,9.36,3.97,18.88,20.38,171738,-23.77,30.0,0.993
2024-08-20T10:52:59.000,26.42,9.44,3.95,18.89,20.38,171739,-23.6,30.0,0.993
2024-08-20T10:53:59.000,26.48,9.53,3.94,18.89,20.38,171740,-23.42,30.0,0.993
2024-08-20T10:54:59.000,26.51,9.41,3.93,18.9,20.38,171741,-23.24,30.0,0.993
2024-08-20T10:55:59.000,26.51,9.42,3.91,18.9,20.38,171742,-23.07,30.0,0.993
2024-08-20T10:57:00.000,26.54,9.6,3.9,18.9,20.38,171743,-22.89,30.0,0.993
2024-08-20T10:58:01.000,26.56,9.51,3.89,18.9,20.38,171744,-22.7,30.0,0.993
2024-08-20T10:59:01.000,26.53,9.31,3.89,18.91,20.38,171745,-22.52,29.0,0.993
2024-08-20T11:00:01.000,26.45,9.28,3.88,18.91,20.38,171746,-22.35,29.0,0.992
2024-08-20T11:01:01.000,26.42,9.55,3.88,18.91,20.38,171747,-22.17,29.0,0.992
2024-08-20T11:02:01.000,26.45,9.47,3.88,18.91,20.38,171748,-21.99,29.0,0.992
2024-08-20T11:03:01.000,26.38,9.37,3.86,18.91,20.38,171749,-21.81,29.0,0.992
2024-08-20T11:04:02.000,26.41,9.62,3.85,18.92,20.38,171750,-21.62,29.0,0.992
2024-08-20T11:05:01.000,26.4,9.43,3.84,18.92,20.38,171751,-21.44,28.0,0.992
2024-08-20T11:06:02.000,26.41,9.54,3.82,18.92,20.38,171752,-21.26,28.0,0.992
2024-08-20T11:07:02.000,26.42,9.47,3.82,18.93,20.38,171753,-21.08,28.0,0.992
2024-08-20T11:08:02.000,26.46,9.54,3.8,18.93,20.38,171754,-20.9,28.0,0.992
2024-08-20T11:09:03.000,26.48,9.48,3.8,18.93,20.38,171755,-20.71,28.0,0.992
2024-08-20T11:10:03.000,26.5,9.52,3.8,18.93,20.38,171756,-20.53,28.0,0.992
2024-08-20T11:11:03.000,26.55,9.67,3.79,18.93,20.38,171757,-20.35,27.0,0.992
2024-08-20T11:12:03.000,26.59,9.62,3.79,18.93,20.38,171758,-20.16,27.0,0.992
2024-08-20T11:13:03.000,26.55,9.43,3.78,18.94,20.38,171759,-19.98,27.0,0.992
2024-08-20T11:14:04.000,26.5,9.52,3.77,18.94,20.38,171760,-19.79,27.0,0.992
2024-08-20T11:15:04.000,26.57,9.75,3.76,18.94,20.38,171761,-19.61,27.0,0.992
2024-08-20T11:33:06.000,26.84,9.86,3.62,18.98,20.38,171779,-16.24,24.0,0.992
2024-08-20T11:34:06.000,26.87,9.97,3.6,18.99,20.38,171780,-16.05,24.0,0.992
2024-08-20T11:35:06.000,26.93,9.97,3.59,18.99,20.38,171781,-15.86,23.0,0.992
2024-08-20T11:36:06.000,26.97,9.96,3.58,18.99,20.38,171782,-15.67,23.0,0.992
2024-08-20T11:37:06.000,26.96,9.94,3.58,19.0,20.38,171783,-15.48,23.0,0.992
2024-08-20T11:39:07.000,26.97,10.01,3.57,19.0,20.38,171785,-15.09,23.0,0.992
2024-08-20T11:40:07.000,27.04,10.11,3.57,19.0,20.38,171786,-14.9,23.0,0.992
2024-08-20T11:41:07.000,27.08,10.08,3.57,19.0,20.38,171787,-14.71,22.0,0.992
2024-08-20T11:42:08.000,27.1,10.04,3.57,19.0,20.38,171788,-14.52,22.0,0.992
2024-08-20T11:43:08.000,27.12,10.1,3.57,19.0,20.38,171789,-14.32,22.0,0.992
2024-08-20T11:44:08.000,27.14,10.09,3.58,19.0,20.38,171790,-14.13,22.0,0.992
2024-08-20T11:45:08.000,27.16,10.07,3.59,18.99,20.38,171791,-13.94,22.0,0.992
2024-08-20T11:46:08.000,27.19,10.08,3.61,18.99,20.38,171792,-13.75,22.0,0.992
2024-08-20T11:47:09.000,27.18,10.01,3.63,18.98,20.38,171793,-13.55,21.0,0.992
2024-08-20T11:55:09.000,27.27,10.17,4.28,18.8,20.38,171801,-12.0,20.0,0.992
2024-08-20T11:56:10.000,27.27,10.15,4.48,18.75,20.38,171802,-11.8,20.0,0.992
2024-08-20T11:57:10.000,27.28,10.28,5.04,18.64,20.38,171803,-11.61,20.0,0.992
2024-08-20T11:58:10.000,27.31,10.33,4.92,18.65,20.38,171804,-11.41,19.0,0.992
2024-08-20T11:59:10.000,27.32,10.26,5.23,18.58,20.38,171805,-11.22,19.0,0.992
2024-08-20T12:00:11.000,27.34,10.32,5.61,18.51,20.38,171806,-11.02,19.0,0.992
2024-08-20T12:01:11.000,27.35,10.38,6.11,18.41,20.38,171807,-10.82,19.0,0.992
2024-08-20T12:02:11.000,27.39,10.44,6.65,18.32,20.38,171808,-10.63,19.0,0.992
2024-08-20T12:03:11.000,27.43,10.5,7.31,18.22,20.38,171809,-10.43,19.0,0.992
2024-08-20T12:04:11.000,27.49,10.45,8.16,18.1,20.38,171810,-10.23,18.0,0.992
2024-08-20T12:05:12.000,27.5,10.5,9.18,17.97,20.38,171811,-10.03,18.0,0.992
2024-08-20T12:06:12.000,27.53,10.47,10.42,17.84,20.38,171812,-9.84,18.0,0.992
2024-08-20T12:07:12.000,27.53,10.34,11.89,17.69,20.38,171813,-9.64,18.0,0.992
2024-08-20T12:08:12.000,27.53,10.49,13.68,17.54,20.38,171814,-9.44,18.0,0.992
2024-08-20T12:09:12.000,27.56,10.47,16.04,17.37,20.38,171815,-9.24,17.0,0.992
2024-08-20T12:10:13.000,27.57,10.45,18.81,17.19,20.38,171816,-9.04,17.0,0.991
2024-08-20T12:11:13.000,27.58,10.51,22.13,17.02,20.38,171817,-8.84,17.0,0.991
2024-08-20T12:12:13.000,27.59,10.45,26.27,16.83,20.38,171818,-8.65,17.0,0.991
2024-08-20T12:13:13.000,27.59,10.39,31.32,16.64,20.38,171819,-8.45,17.0,0.991
2024-08-20T12:14:13.000,27.58,10.34,38.0,16.43,20.38,171820,-8.25,17.0,0.991
2024-08-20T12:15:14.000,27.57,10.36,45.9,16.23,20.38,171821,-8.05,16.0,0.991
2024-08-20T12:16:14.000,27.58,10.44,56.41,16.0,20.38,171822,-7.85,16.0,0.991
2024-08-20T12:17:14.000,27.58,10.46,69.8,15.77,20.38,171823,-7.65,16.0,0.991
2024-08-20T12:18:14.000,27.6,10.49,87.45,15.53,20.38,171824,-7.45,16.0,0.991
2024-08-20T12:19:15.000,27.62,10.46,110.38,15.28,20.38,171825,-7.25,16.0,0.991
2024-08-20T12:20:15.000,27.63,10.46,140.56,15.01,20.38,171826,-7.05,15.0,0.991
2024-08-20T12:21:15.000,27.62,10.44,179.91,14.75,20.38,171827,-6.85,15.0,0.991
2024-08-20T12:22:15.000,27.65,10.48,231.29,14.47,20.38,171828,-6.65,15.0,0.991
2024-08-20T12:23:15.000,27.59,10.27,296.72,14.2,20.38,171829,-6.45,15.0,0.991
2024-08-20T12:24:16.000,27.57,10.46,378.94,13.94,20.38,171830,-6.25,15.0,0.991
2024-08-20T12:25:16.000,27.57,10.46,483.76,13.67,20.38,171831,-6.05,15.0,0.991
2024-08-20T12:26:16.000,27.57,10.41,618.07,13.41,20.38,171832,-5.84,14.0,0.991
2024-08-20T12:27:16.000,27.54,10.35,791.13,13.14,20.38,171833,-5.64,14.0,0.991
2024-08-20T12:28:16.000,27.56,10.55,1014.4,12.87,20.38,171834,-5.44,14.0,0.991
2024-08-20T12:29:17.000,27.6,10.48,1303.09,12.6,20.38,171835,-5.24,14.0,0.991
2024-08-20T12:30:17.000,27.57,10.37,1677.09,12.32,20.38,171836,-5.04,14.0,0.991
2024-08-20T12:31:17.000,27.55,10.41,2153.28,12.05,20.38,171837,-4.84,13.0,0.991
2024-08-20T12:32:17.000,27.55,10.38,2761.36,11.78,20.38,171838,-4.63,13.0,0.991
2024-08-20T12:33:18.000,27.54,10.39,3532.9,11.51,20.38,171839,-4.43,13.0,0.991
2024-08-20T12:34:18.000,27.55,10.48,4506.87,11.25,20.38,171840,-4.23,13.0,0.991
2024-08-20T12:35:18.000,27.57,10.48,5725.53,10.99,20.38,171841,-4.03,13.0,0.991
2024-08-20T12:36:18.000,27.57,10.53,7209.55,10.74,20.38,171842,-3.82,12.0,0.991
2024-08-20T12:37:18.000,27.58,10.55,9003.38,10.5,20.38,171843,-3.62,12.0,0.991
2024-08-20T12:39:19.000,27.66,10.49,13669.91,10.04,20.38,171845,-3.21,12.0,0.991
2024-08-20T12:40:19.000,27.62,10.45,16625.17,9.83,20.38,171846,-3.01,12.0,0.991
2024-08-20T12:41:19.000,27.59,10.41,20053.02,9.63,20.38,171847,-2.81,12.0,0.991
2024-08-20T12:42:19.000,27.58,10.52,23979.82,9.43,20.38,171848,-2.61,11.0,0.991
2024-08-20T12:43:19.000,27.58,10.45,28084.63,9.33,20.38,171849,-2.4,11.0,0.991
2024-08-20T12:44:19.000,27.62,10.55,32949.73,9.16,20.38,171850,-2.2,11.0,0.991
2024-08-20T12:45:19.000,27.66,10.51,38814.62,8.91,20.38,171851,-2.0,11.0,0.991
2024-08-20T12:46:19.000,27.66,10.51,44841.23,8.75,20.38,171852,-1.79,11.0,0.991
2024-08-20T12:47:19.000,27.68,10.47,51385.12,8.6,20.38,171853,-1.59,10.0,0.991
2024-08-20T12:48:19.000,27.67,10.4,58513.89,8.46,20.38,171854,-1.38,10.0,0.991
2024-08-20T12:49:19.000,27.63,10.47,22163.26,2.92,20.38,171855,-1.18,10.0,0.991
2024-08-20T12:50:19.000,27.64,10.45,0.0,0.0,20.38,171856,-0.98,10.0,0.991
2024-08-20T12:51:20.000,27.65,10.52,0.0,0.0,20.38,171857,-0.77,10.0,0.991
2024-08-20T12:52:20.000,27.68,10.61,0.0,0.0,20.38,171858,-0.56,9.0,0.991
2024-08-20T13:07:23.000,27.93,10.46,0.0,0.0,20.38,171873,2.53,7.0,0.991
2024-08-20T13:08:23.000,27.92,10.64,0.0,0.0,20.38,171874,2.73,6.0,0.991
2024-08-20T13:09:24.000,27.92,10.39,0.0,0.0,20.38,171875,2.94,6.0,0.991
2024-08-20T13:18:25.000,27.86,10.51,0.0,0.0,20.38,171884,4.81,4.0,0.99
2024-08-20T13:19:25.000,27.84,10.43,0.21,0.09,20.38,171885,5.01,4.0,0.99
2024-08-20T13:20:25.000,27.83,10.52,0.0,0.0,20.38,171886,5.22,4.0,0.99
2024-08-20T13:21:25.000,27.83,10.52,0.0,0.0,20.38,171887,5.43,4.0,0.99
2024-08-20T13:22:25.000,27.81,10.43,0.0,0.0,20.38,171888,5.64,4.0,0.99
2024-08-20T13:23:26.000,27.73,10.32,0.0,0.0,20.38,171889,5.85,3.0,0.99
2024-08-20T13:24:26.000,27.73,10.52,0.0,0.0,20.38,171890,6.05,3.0,0.99
2024-08-20T13:25:26.000,27.83,10.73,0.0,0.0,20.38,171891,6.26,3.0,0.99
2024-08-20T13:26:26.000,27.86,10.6,0.32,0.19,20.38,171892,6.47,3.0,0.99
2024-08-20T13:27:27.000,27.87,10.7,0.0,0.0,20.38,171893,6.68,3.0,0.99
2024-08-20T13:28:27.000,27.94,10.86,0.0,0.0,20.38,171894,6.89,2.0,0.99
2024-08-20T13:29:27.000,27.95,10.79,0.31,0.19,20.38,171895,7.1,2.0,0.99
2024-08-20T13:30:27.000,28.02,11.01,0.0,0.0,20.38,171896,7.31,2.0,0.99
2024-08-20T13:31:27.000,28.04,10.83,0.0,0.0,20.38,171897,7.52,2.0,0.99
2024-08-20T13:32:28.000,28.03,10.98,0.26,0.1,20.38,171898,7.73,2.0,0.99
2024-08-20T13:33:28.000,28.03,10.92,0.0,0.0,20.38,171899,7.94,1.0,0.99
2024-08-20T13:34:28.000,28.06,11.04,0.0,0.0,20.38,171900,8.14,1.0,0.99
2024-08-20T13:35:28.000,28.1,11.04,0.0,0.0,20.38,171901,8.35,1.0,0.99
2024-08-20T13:42:30.000,28.29,10.92,0.0,0.0,20.38,171908,9.82,-0.0,0.99
2024-08-20T13:43:30.000,28.21,10.8,0.0,0.0,20.38,171909,10.03,-0.0,0.99
2024-08-20T13:44:30.000,28.15,10.9,0.0,0.0,20.38,171910,10.24,-1.0,0.99
2024-08-20T13:48:31.000,28.23,11.11,0.0,0.0,20.38,171914,11.08,-1.0,0.99
2024-08-20T13:49:31.000,28.13,11.2,0.0,0.0,20.38,171915,11.29,-2.0,0.99
2024-08-20T13:50:31.000,28.17,11.48,0.0,0.0,20.38,171916,11.5,-2.0,0.99
2024-08-20T13:56:33.000,28.37,11.93,0.0,0.0,20.38,171922,12.77,-3.0,0.99
2024-08-20T13:57:34.000,28.4,12.08,0.0,0.0,20.38,171923,12.98,-3.0,0.99
2024-08-20T13:58:34.000,28.47,12.1,0.0,0.0,20.38,171924,13.19,-3.0,0.99
2024-08-20T14:02:35.000,28.69,12.02,0.0,0.0,20.38,171928,14.04,-4.0,0.99
2024-08-20T14:03:35.000,28.76,12.1,0.0,0.0,20.38,171929,14.25,-4.0,0.99
2024-08-20T14:04:35.000,28.84,12.18,0.0,0.0,20.38,171930,14.46,-5.0,0.99
2024-08-20T14:13:37.000,28.82,12.13,0.0,0.0,20.38,171939,16.36,-6.0,0.99
2024-08-20T14:14:37.000,28.82,12.1,0.0,0.0,20.38,171940,16.57,-7.0,0.99
2024-08-20T14:15:37.000,28.81,12.21,0.0,0.0,20.38,171941,16.78,-7.0,0.99
