Downloads/jupyter/ECSV/stars19/stars19_2023-06.ecsv
# %ECSV 1.0
# ---
# datatype:
# - {name: time, datatype: string}
# - {name: Enclosure Temperature, unit: deg_C, datatype: float64}
# - {name: Sky Temperature, unit: deg_C, datatype: float64}
# - {name: Frequency, unit: Hz, datatype: float64}
# - {name: MSAS, unit: mag / arcsec2, datatype: float64}
# - {name: ZP, datatype: float64}
# - {name: Sequence Number, datatype: int64}
# - {name: Sun Alt, unit: deg, datatype: float64}
# - {name: Moon Alt, unit: deg, datatype: float64}
# - {name: Moon Illumination, datatype: float64}
# delimiter: ','
# meta: !!omap
# - ida:
#     Data supplier: {affiliation: null, observer: null}
#     Device type: TESS-W
#     Field of view: 17.0
#     Filters per channel: None
#     Instrument ID: stars19
#     License: ODbL 1.0 http://opendatacommons.org/licenses/odbl/summary/
#     Local timezone: America/Phoenix
#     Location name: {country: '- Tucson', place: Tucson, region: United States, sub_region: Arizona, town: Pima County}
#     Measurement direction per channel: {azimuth: 0.0, zenital: 0.0}
#     Moving / Fixed look direction: FIXED
#     Moving / Stationary position: STATIONARY
#     Number of channels: 1
#     Number of fields per line: 8
#     Number of header lines: 35
#     Position: {height: 0.0, latitude: 32.223877, longitude: -110.767532}
#     TESS MAC address: 18:FE:34:CF:EC:06
#     TESS cover offset value: 0.0
#     TESS firmware version: '1.0'
#     TESS zero point: 20.38
#     Time Synchronization: timestamp added by MQTT subscriber
#     URL: http://www.darksky.org/NSBM/sdf1.0.pdf
# - __serialized_columns__:
#     Enclosure Temperature:
#       __class__: astropy.units.quantity.Quantity
#       unit: &id001 !astropy.units.Unit {unit: deg_C}
#       value: !astropy.table.SerializedColumn {name: Enclosure Temperature}
#     Frequency:
#       __class__: astropy.units.quantity.Quantity
#       unit: !astropy.units.Unit {unit: Hz}
#       value: !astropy.table.SerializedColumn {name: Frequency}
#     MSAS:
#       __class__: astropy.units.quantity.Quantity
#       unit: !astropy.units.Unit {unit: mag / arcsec2}
#       value: !astropy.table.SerializedColumn {name: MSAS}
#     Moon Alt:
#       __class__: astropy.units.quantity.Quantity
#       unit: &id002 !astropy.units.Unit {unit: deg}
#       value: !astropy.table.SerializedColumn {name: Moon Alt}
#     Sky Temperature:
#       __class__: astropy.units.quantity.Quantity
#       unit: *id001
#       value: !astropy.table.SerializedColumn {name: Sky Temperature}
#     Sun Alt:
#       __class__: astropy.units.quantity.Quantity
#       unit: *id002
#       value: !astropy.table.SerializedColumn {name: Sun Alt}
#     time:
#       __class__: astropy.time.core.Time
#       format: isot
#       in_subfmt: '*'
#       out_subfmt: '*'
#       precision: 3
#       scale: utc
#       value: !astropy.table.SerializedColumn {name: time}
# schema: astropy-2.0
time,Enclosure Temperature,Sky Temperature,Frequency,MSAS,ZP,Sequence Number,Sun Alt,Moon Alt,Moon Illumination
[from data line 9065]
2023-06-13T03:51:42.000,29.35,2.25,1.61,19.87,20.38,2133,-15.06,-50.0,0.251
2023-06-13T03:52:42.000,29.33,2.28,1.6,19.87,20.38,2134,-15.22,-50.0,0.251
2023-06-13T03:53:43.000,29.33,2.25,1.59,19.88,20.38,2135,-15.38,-50.0,0.251
2023-06-13T03:54:43.000,29.28,2.16,1.58,19.88,20.38,2136,-15.54,-50.0,0.251
2023-06-13T03:55:43.000,29.24,2.18,1.58,19.88,20.38,2137,-15.7,-50.0,0.251
2023-06-13T03:56:43.000,29.21,2.23,1.58,19.89,20.38,2138,-15.86,-50.0,0.251
2023-06-13T03:57:44.000,29.2,2.29,1.57,19.89,20.38,2139,-16.02,-50.0,0.251
2023-06-13T03:58:43.000,29.19,2.24,1.53,19.92,20.38,2140,-16.17,-50.0,0.251
2023-06-13T03:59:46.000,29.16,2.24,1.5,19.94,20.38,2141,-16.34,-50.0,0.251
2023-06-13T04:00:47.000,29.15,2.22,1.55,19.9,20.38,2142,-16.5,-50.0,0.251
2023-06-13T04:01:46.000,29.12,2.22,1.55,19.9,20.38,2143,-16.65,-50.0,0.251
2023-06-13T04:02:47.000,29.12,2.29,1.55,19.9,20.38,2144,-16.81,-50.0,0.251
2023-06-13T04:03:47.000,29.11,2.22,1.55,19.91,20.38,2145,-16.97,-49.0,0.251
2023-06-13T04:05:47.000,29.0,2.16,1.54,19.91,20.38,2147,-17.28,-49.0,0.251
2023-06-13T04:06:47.000,28.99,2.18,1.54,19.91,20.38,2148,-17.43,-49.0,0.25
2023-06-13T04:07:47.000,28.95,2.09,1.54,19.91,20.38,2149,-17.58,-49.0,0.25
2023-06-13T04:08:47.000,28.91,2.14,1.54,19.91,20.38,2150,-17.74,-49.0,0.25
2023-06-13T04:09:47.000,28.9,2.19,1.54,19.91,20.38,2151,-17.89,-49.0,0.25
2023-06-13T04:10:47.000,28.87,2.17,1.54,19.91,20.38,2152,-18.04,-49.0,0.25
2023-06-13T04:11:47.000,28.83,2.16,1.54,19.91,20.38,2153,-18.19,-49.0,0.25
2023-06-13T04:13:47.000,28.77,2.13,1.54,19.91,20.38,2155,-18.5,-49.0,0.25
2023-06-13T04:16:47.000,28.67,2.16,1.53,19.92,20.38,2158,-18.95,-49.0,0.25
2023-06-13T04:17:49.000,28.68,2.22,1.53,19.92,20.38,2159,-19.1,-49.0,0.25
2023-06-13T04:18:48.000,28.68,2.23,1.54,19.91,20.38,2160,-19.25,-48.0,0.25
2023-06-13T04:19:49.000,28.66,2.19,1.54,19.91,20.38,2161,-19.4,-48.0,0.25
2023-06-13T04:20:49.000,28.64,2.27,1.54,19.91,20.38,2162,-19.54,-48.0,0.25
2023-06-13T04:21:49.000,28.64,2.21,1.54,19.91,20.38,2163,-19.69,-48.0,0.25
2023-06-13T04:22:49.000,28.62,2.36,1.54,19.91,20.38,2164,-19.84,-48.0,0.249
2023-06-13T04:23:49.000,28.62,2.3,1.54,19.91,20.38,2165,-19.98,-48.0,0.249
2023-06-13T04:24:49.000,28.59,2.29,1.54,19.91,20.38,2166,-20.13,-48.0,0.249
2023-06-13T04:25:49.000,28.59,2.3,1.54,19.91,20.38,2167,-20.27,-48.0,0.249
2023-06-13T04:26:49.000,28.58,2.32,1.54,19.91,20.38,2168,-20.42,-48.0,0.249
2023-06-13T04:27:50.000,28.6,2.37,1.54,19.91,20.38,2169,-20.56,-48.0,0.249
2023-06-13T04:28:50.000,28.6,2.29,1.54,19.91,20.38,2170,-20.71,-48.0,0.249
2023-06-13T04:29:50.000,28.58,2.29,1.54,19.91,20.38,2171,-20.85,-48.0,0.249
2023-06-13T04:30:50.000,28.58,2.29,1.53,19.92,20.38,2172,-20.99,-47.0,0.249
2023-06-13T04:31:50.000,28.59,2.36,1.53,19.92,20.38,2173,-21.13,-47.0,0.249
2023-06-13T04:32:50.000,28.59,2.33,1.53,19.92,20.38,2174,-21.28,-47.0,0.249
2023-06-13T04:33:50.000,28.62,2.37,1.51,19.93,20.38,2175,-21.42,-47.0,0.249
2023-06-13T04:34:50.000,28.62,2.35,1.53,19.92,20.38,2176,-21.56,-47.0,0.249
2023-06-13T04:36:50.000,28.62,2.24,1.51,19.94,20.38,2178,-21.84,-47.0,0.249
2023-06-13T04:37:50.000,28.61,2.35,1.46,19.97,20.38,2179,-21.97,-47.0,0.248
2023-06-13T04:38:50.000,28.64,2.39,1.46,19.97,20.38,2180,-22.11,-47.0,0.248
2023-06-13T04:39:51.000,28.68,2.42,1.46,19.97,20.38,2181,-22.25,-47.0,0.248
2023-06-13T04:40:51.000,28.68,2.32,1.45,19.97,20.38,2182,-22.39,-46.0,0.248
2023-06-13T04:41:50.000,28.64,2.2,1.45,19.97,20.38,2183,-22.52,-46.0,0.248
2023-06-13T04:42:53.000,28.59,2.23,1.44,19.98,20.38,2184,-22.67,-46.0,0.248
2023-06-13T04:51:54.000,28.43,2.16,1.43,19.99,20.38,2193,-23.86,-45.0,0.248
2023-06-13T04:52:53.000,28.44,2.24,1.46,19.97,20.38,2194,-23.99,-45.0,0.247
2023-06-13T04:53:53.000,28.44,2.16,1.43,19.99,20.38,2195,-24.12,-45.0,0.247
2023-06-13T04:54:53.000,28.47,2.21,1.43,19.99,20.38,2196,-24.25,-45.0,0.247
2023-06-13T04:55:54.000,28.52,2.21,1.43,19.99,20.38,2197,-24.38,-45.0,0.247
2023-06-13T04:56:54.000,28.56,2.24,1.43,19.99,20.38,2198,-24.51,-45.0,0.247
2023-06-13T04:57:54.000,28.6,2.22,1.43,19.99,20.38,2199,-24.63,-45.0,0.247
2023-06-13T04:58:54.000,28.6,2.09,1.43,19.99,20.38,2200,-24.76,-44.0,0.247
2023-06-13T04:59:54.000,28.57,2.02,1.43,19.99,20.38,2201,-24.89,-44.0,0.247
2023-06-13T05:00:55.000,28.5,1.84,1.43,19.99,20.38,2202,-25.01,-44.0,0.247
2023-06-13T05:01:55.000,28.42,1.81,1.42,20.0,20.38,2203,-25.14,-44.0,0.247
2023-06-13T05:02:56.000,28.34,1.81,1.42,20.0,20.38,2204,-25.26,-44.0,0.247
2023-06-13T05:03:55.000,28.27,1.79,1.42,20.0,20.38,2205,-25.38,-44.0,0.247
2023-06-13T05:04:56.000,28.21,1.76,1.41,20.0,20.38,2206,-25.51,-44.0,0.247
2023-06-13T05:05:57.000,28.16,1.76,1.41,20.0,20.38,2207,-25.63,-44.0,0.247
2023-06-13T05:06:56.000,28.11,1.72,1.42,20.0,20.38,2208,-25.75,-44.0,0.247
2023-06-13T05:07:56.000,28.02,1.54,1.41,20.0,20.38,2209,-25.87,-43.0,0.246
2023-06-13T05:08:56.000,27.95,1.56,1.41,20.0,20.38,2210,-25.99,-43.0,0.246
2023-06-13T05:09:56.000,27.91,1.69,1.41,20.0,20.38,2211,-26.11,-43.0,0.246
2023-06-13T05:10:56.000,27.86,1.58,1.41,20.0,20.38,2212,-26.23,-43.0,0.246
2023-06-13T05:11:57.000,27.82,1.72,1.41,20.0,20.38,2213,-26.35,-43.0,0.246
2023-06-13T05:12:57.000,27.75,1.72,1.42,20.0,20.38,2214,-26.46,-43.0,0.246
2023-06-13T05:13:57.000,27.75,1.74,1.42,20.0,20.38,2215,-26.58,-43.0,0.246
2023-06-13T05:14:57.000,27.74,1.73,1.42,20.0,20.38,2216,-26.7,-43.0,0.246
2023-06-13T05:15:58.000,27.67,1.51,1.38,20.03,20.38,2217,-26.81,-42.0,0.246
2023-06-13T05:18:00.000,27.55,1.74,1.37,20.04,20.38,2219,-27.05,-42.0,0.246
2023-06-13T05:19:00.000,27.52,1.55,1.37,20.04,20.38,2220,-27.16,-42.0,0.246
2023-06-13T05:20:00.000,27.43,1.37,1.37,20.04,20.38,2221,-27.27,-42.0,0.246
2023-06-13T05:22:00.000,27.34,1.34,1.37,20.04,20.38,2223,-27.49,-42.0,0.246
2023-06-13T05:23:01.000,27.3,1.47,1.37,20.04,20.38,2224,-27.6,-41.0,0.246
2023-06-13T05:24:01.000,27.28,1.52,1.36,20.04,20.38,2225,-27.71,-41.0,0.245
2023-06-13T05:25:02.000,27.27,1.51,1.36,20.04,20.38,2226,-27.82,-41.0,0.245
2023-06-13T05:26:01.000,27.25,1.56,1.36,20.04,20.38,2227,-27.93,-41.0,0.245
2023-06-13T05:27:01.000,27.23,1.49,1.39,20.02,20.38,2228,-28.04,-41.0,0.245
2023-06-13T05:28:02.000,27.21,1.61,1.43,19.99,20.38,2229,-28.15,-41.0,0.245
2023-06-13T05:29:02.000,27.22,1.6,1.43,19.99,20.38,2230,-28.25,-41.0,0.245
2023-06-13T05:30:02.000,27.2,1.45,1.43,19.99,20.38,2231,-28.36,-40.0,0.245
2023-06-13T05:31:02.000,27.16,1.5,1.42,20.0,20.38,2232,-28.46,-40.0,0.245
2023-06-13T05:32:02.000,27.13,1.51,1.39,20.02,20.38,2233,-28.56,-40.0,0.245
2023-06-13T05:33:02.000,27.09,1.51,1.42,20.0,20.38,2234,-28.67,-40.0,0.245
2023-06-13T05:34:02.000,27.07,1.52,1.42,20.0,20.38,2235,-28.77,-40.0,0.245
2023-06-13T05:35:02.000,27.05,1.51,1.4,20.01,20.38,2236,-28.87,-40.0,0.245
2023-06-13T05:36:03.000,27.05,1.53,1.41,20.01,20.38,2237,-28.97,-40.0,0.245
2023-06-13T05:37:03.000,27.05,1.53,1.42,20.0,20.38,2238,-29.07,-39.0,0.245
2023-06-13T05:38:03.000,27.08,1.59,1.42,20.0,20.38,2239,-29.17,-39.0,0.245
2023-06-13T05:40:04.000,27.16,1.57,1.35,20.06,20.38,2241,-29.37,-39.0,0.244
2023-06-13T05:41:06.000,27.14,1.44,1.34,20.06,20.38,2242,-29.47,-39.0,0.244
2023-06-13T05:42:06.000,27.13,1.46,1.34,20.06,20.38,2243,-29.56,-39.0,0.244
2023-06-13T05:43:07.000,27.07,1.3,1.34,20.06,20.38,2244,-29.66,-39.0,0.244
2023-06-13T05:44:06.000,27.0,1.21,1.34,20.06,20.38,2245,-29.75,-38.0,0.244
2023-06-13T05:45:07.000,26.9,1.16,1.34,20.06,20.38,2246,-29.85,-38.0,0.244
2023-06-13T05:46:07.000,26.83,1.06,1.34,20.06,20.38,2247,-29.94,-38.0,0.244
2023-06-13T05:47:07.000,26.72,1.17,1.34,20.06,20.38,2248,-30.03,-38.0,0.244
2023-06-13T05:48:07.000,26.71,1.24,1.34,20.07,20.38,2249,-30.12,-38.0,0.244
2023-06-13T05:49:07.000,26.7,1.22,1.33,20.07,20.38,2250,-30.21,-38.0,0.244
2023-06-13T05:50:07.000,26.7,1.31,1.34,20.07,20.38,2251,-30.3,-38.0,0.244
2023-06-13T05:51:07.000,26.72,1.2,1.34,20.07,20.38,2252,-30.39,-37.0,0.244
2023-06-13T05:52:07.000,26.74,1.22,1.34,20.07,20.38,2253,-30.48,-37.0,0.244
2023-06-13T05:53:07.000,26.74,1.16,1.33,20.07,20.38,2254,-30.56,-37.0,0.244
2023-06-13T05:54:07.000,26.73,1.11,1.33,20.07,20.38,2255,-30.65,-37.0,0.243
2023-06-13T05:55:07.000,26.64,0.99,1.33,20.07,20.38,2256,-30.73,-37.0,0.243
2023-06-13T05:56:07.000,26.63,1.09,1.33,20.07,20.38,2257,-30.82,-37.0,0.243
2023-06-13T05:57:07.000,26.6,1.02,1.33,20.07,20.38,2258,-30.9,-36.0,0.243
2023-06-13T05:58:07.000,26.57,0.97,1.33,20.07,20.38,2259,-30.98,-36.0,0.243
2023-06-13T05:59:07.000,26.56,1.12,1.33,20.07,20.38,2260,-31.06,-36.0,0.243
2023-06-13T06:00:08.000,26.55,1.08,1.33,20.07,20.38,2261,-31.15,-36.0,0.243
2023-06-13T06:01:08.000,26.56,1.04,1.33,20.07,20.38,2262,-31.23,-36.0,0.243
2023-06-13T06:02:08.000,26.56,1.01,1.33,20.07,20.38,2263,-31.31,-36.0,0.243
2023-06-13T06:04:08.000,26.6,1.03,1.33,20.07,20.38,2265,-31.46,-35.0,0.243
2023-06-13T06:05:09.000,26.6,0.98,1.33,20.07,20.38,2266,-31.54,-35.0,0.243
2023-06-13T06:06:10.000,26.59,0.84,1.33,20.07,20.38,2267,-31.62,-35.0,0.243
2023-06-13T06:07:10.000,26.56,0.85,1.33,20.07,20.38,2268,-31.69,-35.0,0.243
2023-06-13T06:09:10.000,26.48,0.86,1.32,20.07,20.38,2270,-31.84,-35.0,0.243
2023-06-13T06:10:10.000,26.45,0.67,1.32,20.08,20.38,2271,-31.91,-34.0,0.242
2023-06-13T06:11:10.000,26.38,0.63,1.32,20.08,20.38,2272,-31.98,-34.0,0.242
2023-06-13T06:12:10.000,26.38,0.74,1.32,20.08,20.38,2273,-32.05,-34.0,0.242
2023-06-13T06:13:10.000,26.37,0.61,1.32,20.08,20.38,2274,-32.12,-34.0,0.242
2023-06-13T06:14:10.000,26.32,0.65,1.32,20.08,20.38,2275,-32.19,-34.0,0.242
2023-06-13T06:15:10.000,26.32,0.63,1.32,20.08,20.38,2276,-32.26,-34.0,0.242
2023-06-13T06:16:10.000,26.31,0.62,1.32,20.08,20.38,2277,-32.32,-33.0,0.242
2023-06-13T06:17:10.000,26.3,0.59,1.32,20.08,20.38,2278,-32.39,-33.0,0.242
2023-06-13T06:18:10.000,26.25,0.51,1.32,20.08,20.38,2279,-32.45,-33.0,0.242
2023-06-13T06:19:10.000,26.22,0.44,1.32,20.08,20.38,2280,-32.52,-33.0,0.242
2023-06-13T06:21:11.000,26.19,0.6,1.32,20.08,20.38,2282,-32.64,-33.0,0.242
2023-06-13T06:22:12.000,26.2,0.65,1.32,20.08,20.38,2283,-32.7,-32.0,0.242
2023-06-13T06:23:13.000,26.21,0.65,1.32,20.08,20.38,2284,-32.77,-32.0,0.242
2023-06-13T06:24:13.000,26.21,0.64,1.33,20.07,20.38,2285,-32.82,-32.0,0.242
2023-06-13T06:25:13.000,26.19,0.53,1.33,20.07,20.38,2286,-32.88,-32.0,0.241
2023-06-13T06:26:13.000,26.17,0.53,1.33,20.07,20.38,2287,-32.94,-32.0,0.241
2023-06-13T06:27:13.000,26.13,0.42,1.33,20.07,20.38,2288,-33.0,-32.0,0.241
2023-06-13T06:28:13.000,26.07,0.45,1.33,20.07,20.38,2289,-33.05,-31.0,0.241
2023-06-13T06:29:13.000,26.05,0.43,1.33,20.07,20.38,2290,-33.11,-31.0,0.241
2023-06-13T06:30:13.000,25.99,0.31,1.33,20.07,20.38,2291,-33.16,-31.0,0.241
2023-06-13T06:31:13.000,25.95,0.42,1.32,20.07,20.38,2292,-33.21,-31.0,0.241
2023-06-13T06:32:13.000,25.9,0.27,1.32,20.08,20.38,2293,-33.26,-31.0,0.241
2023-06-13T06:33:14.000,25.88,0.35,1.32,20.08,20.38,2294,-33.32,-31.0,0.241
2023-06-13T06:34:13.000,25.84,0.26,1.32,20.08,20.38,2295,-33.36,-30.0,0.241
2023-06-13T06:35:14.000,25.84,0.38,1.34,20.06,20.38,2296,-33.41,-30.0,0.241
2023-06-13T06:36:14.000,25.83,0.24,1.37,20.04,20.38,2297,-33.46,-30.0,0.241
2023-06-13T06:37:16.000,25.81,0.32,1.4,20.02,20.38,2298,-33.51,-30.0,0.241
2023-06-13T06:38:15.000,25.82,0.35,1.39,20.02,20.38,2299,-33.55,-30.0,0.241
2023-06-13T06:39:15.000,25.79,0.25,1.39,20.02,20.38,2300,-33.6,-29.0,0.241
2023-06-13T06:40:16.000,25.77,0.21,1.39,20.02,20.38,2301,-33.64,-29.0,0.241
2023-06-13T06:41:16.000,25.74,0.23,1.34,20.07,20.38,2302,-33.69,-29.0,0.24
2023-06-13T06:42:16.000,25.7,0.23,1.32,20.08,20.38,2303,-33.73,-29.0,0.24
2023-06-13T06:43:17.000,25.64,0.06,1.35,20.05,20.38,2304,-33.77,-29.0,0.24
2023-06-13T06:44:16.000,25.6,0.14,1.39,20.02,20.38,2305,-33.81,-29.0,0.24
2023-06-13T06:45:16.000,25.56,0.17,1.39,20.02,20.38,2306,-33.85,-28.0,0.24
2023-06-13T06:46:17.000,25.51,0.11,1.39,20.02,20.38,2307,-33.89,-28.0,0.24
2023-06-13T06:47:17.000,25.48,0.11,1.39,20.02,20.38,2308,-33.92,-28.0,0.24
2023-06-13T06:48:17.000,25.42,0.03,1.39,20.02,20.38,2309,-33.96,-28.0,0.24
2023-06-13T06:49:18.000,25.34,-0.02,1.39,20.02,20.38,2310,-34.0,-28.0,0.24
2023-06-13T06:50:18.000,25.3,0.05,1.4,20.02,20.38,2311,-34.03,-28.0,0.24
2023-06-13T06:51:19.000,25.26,0.03,1.39,20.02,20.38,2312,-34.06,-27.0,0.24
2023-06-13T06:52:19.000,25.22,0.06,1.33,20.07,20.38,2313,-34.09,-27.0,0.24
2023-06-13T06:53:20.000,25.18,-0.02,1.33,20.07,20.38,2314,-34.13,-27.0,0.24
2023-06-13T06:54:20.000,25.12,-0.05,1.39,20.03,20.38,2315,-34.16,-27.0,0.24
2023-06-13T06:55:20.000,25.07,-0.03,1.25,20.14,20.38,2316,-34.18,-27.0,0.24
2023-06-13T06:56:20.000,25.02,-0.04,1.24,20.15,20.38,2317,-34.21,-26.0,0.239
2023-06-13T06:57:20.000,24.98,-0.06,1.24,20.15,20.38,2318,-34.24,-26.0,0.239
2023-06-13T06:58:20.000,24.94,-0.05,1.22,20.16,20.38,2319,-34.26,-26.0,0.239
2023-06-13T06:59:20.000,24.91,-0.03,1.23,20.15,20.38,2320,-34.29,-26.0,0.239
2023-06-13T07:00:22.000,24.87,-0.07,1.23,20.15,20.38,2321,-34.31,-26.0,0.239
2023-06-13T07:01:21.000,24.84,-0.04,1.22,20.17,20.38,2322,-34.34,-26.0,0.239
2023-06-13T07:02:22.000,24.83,-0.02,1.21,20.17,20.38,2323,-34.36,-25.0,0.239
2023-06-13T07:03:22.000,24.82,-0.05,1.22,20.17,20.38,2324,-34.38,-25.0,0.239
2023-06-13T07:04:23.000,24.82,0.02,1.21,20.17,20.38,2325,-34.4,-25.0,0.239
2023-06-13T07:09:24.000,24.84,-0.02,1.21,20.17,20.38,2330,-34.48,-24.0,0.239
2023-06-13T07:10:25.000,24.85,0.0,1.21,20.17,20.38,2331,-34.5,-24.0,0.239
2023-06-13T07:11:25.000,24.84,-0.04,1.21,20.17,20.38,2332,-34.51,-24.0,0.238
2023-06-13T07:12:25.000,24.89,0.08,1.21,20.17,20.38,2333,-34.52,-24.0,0.238
2023-06-13T07:13:25.000,24.94,0.02,1.21,20.17,20.38,2334,-34.53,-23.0,0.238
2023-06-13T07:14:25.000,24.95,-0.17,1.19,20.19,20.38,2335,-34.54,-23.0,0.238
2023-06-13T07:15:25.000,24.87,-0.5,1.14,20.23,20.38,2336,-34.55,-23.0,0.238
2023-06-13T07:16:25.000,24.89,-0.21,1.14,20.23,20.38,2337,-34.56,-23.0,0.238
2023-06-13T07:17:26.000,24.88,-0.37,1.14,20.23,20.38,2338,-34.56,-23.0,0.238
2023-06-13T07:18:25.000,24.87,-0.36,1.14,20.23,20.38,2339,-34.57,-22.0,0.238
2023-06-13T07:19:26.000,24.82,-0.44,1.15,20.23,20.38,2340,-34.57,-22.0,0.238
2023-06-13T07:20:26.000,24.84,-0.21,1.15,20.23,20.38,2341,-34.57,-22.0,0.238
2023-06-13T07:21:26.000,24.91,-0.16,1.15,20.23,20.38,2342,-34.58,-22.0,0.238
2023-06-13T07:22:26.000,24.88,-0.35,1.15,20.23,20.38,2343,-34.58,-22.0,0.238
2023-06-13T07:23:26.000,24.83,-0.31,1.16,20.22,20.38,2344,-34.58,-21.0,0.238
2023-06-13T07:24:26.000,24.79,-0.3,1.22,20.17,20.38,2345,-34.58,-21.0,0.238
2023-06-13T07:25:26.000,24.77,-0.24,1.22,20.17,20.38,2346,-34.57,-21.0,0.238
2023-06-13T07:26:26.000,24.74,-0.28,1.22,20.17,20.38,2347,-34.57,-21.0,0.238
2023-06-13T07:27:26.000,24.67,-0.34,1.22,20.17,20.38,2348,-34.57,-21.0,0.237
2023-06-13T07:28:26.000,24.62,-0.31,1.22,20.17,20.38,2349,-34.56,-21.0,0.237
2023-06-13T07:29:26.000,24.61,-0.19,1.22,20.17,20.38,2350,-34.56,-20.0,0.237
2023-06-13T07:30:26.000,24.61,-0.2,1.22,20.16,20.38,2351,-34.55,-20.0,0.237
2023-06-13T07:31:26.000,24.57,-0.31,1.24,20.15,20.38,2352,-34.54,-20.0,0.237
2023-06-13T07:32:27.000,24.5,-0.3,1.23,20.16,20.38,2353,-34.53,-20.0,0.237
2023-06-13T07:33:27.000,24.45,-0.29,1.22,20.17,20.38,2354,-34.52,-20.0,0.237
2023-06-13T07:34:27.000,24.41,-0.25,1.22,20.17,20.38,2355,-34.51,-19.0,0.237
2023-06-13T07:35:27.000,24.39,-0.27,1.22,20.17,20.38,2356,-34.5,-19.0,0.237
2023-06-13T07:36:28.000,24.35,-0.29,1.21,20.17,20.38,2357,-34.48,-19.0,0.237
2023-06-13T07:37:27.000,24.31,-0.38,1.21,20.17,20.38,2358,-34.47,-19.0,0.237
2023-06-13T07:38:27.000,24.26,-0.34,1.21,20.17,20.38,2359,-34.46,-19.0,0.237
2023-06-13T07:39:28.000,24.24,-0.35,1.21,20.17,20.38,2360,-34.44,-18.0,0.237
2023-06-13T07:40:28.000,24.22,-0.39,1.21,20.17,20.38,2361,-34.42,-18.0,0.237
2023-06-13T07:41:28.000,24.19,-0.39,1.21,20.17,20.38,2362,-34.4,-18.0,0.237
2023-06-13T07:42:29.000,24.16,-0.44,1.21,20.17,20.38,2363,-34.38,-18.0,0.237
2023-06-13T07:43:29.000,24.13,-0.41,1.21,20.17,20.38,2364,-34.36,-18.0,0.236
2023-06-13T07:44:29.000,24.12,-0.43,1.21,20.17,20.38,2365,-34.34,-17.0,0.236
