Downloads/jupyter/ECSV/stars19/stars19_2023-06.ecsv
# %ECSV 1.0
# ---
# datatype:
# - {name: time, datatype: string}
# - {name: Enclosure Temperature, unit: deg_C, datatype: float64}
# - {name: Sky Temperature, unit: deg_C, datatype: float64}
# - {name: Frequency, unit: Hz, datatype: float64}
# - {name: MSAS, unit: mag / arcsec2, datatype: float64}
# - {name: ZP, datatype: float64}
# - {name: Sequence Number, datatype: int64}
# - {name: Sun Alt, unit: deg, datatype: float64}
# - {name: Moon Alt, unit: deg, datatype: float64}
# - {name: Moon Illumination, datatype: float64}
# delimiter: ','
# meta: !!omap
# - ida:
#     Data supplier: {affiliation: null, observer: null}
#     Device type: TESS-W
#     Field of view: 17.0
#     Filters per channel: None
#     Instrument ID: stars19
#     License: ODbL 1.0 http://opendatacommons.org/licenses/odbl/summary/
#     Local timezone: America/Phoenix
#     Location name: {country: '- Tucson', place: Tucson, region: United States, sub_region: Arizona, town: Pima County}
#     Measurement direction per channel: {azimuth: 0.0, zenital: 0.0}
#     Moving / Fixed look direction: FIXED
#     Moving / Stationary position: STATIONARY
#     Number of channels: 1
#     Number of fields per line: 8
#     Number of header lines: 35
#     Position: {height: 0.0, latitude: 32.223877, longitude: -110.767532}
#     TESS MAC address: 18:FE:34:CF:EC:06
#     TESS cover offset value: 0.0
#     TESS firmware version: '1.0'
#     TESS zero point: 20.38
#     Time Synchronization: timestamp added by MQTT subscriber
#     URL: http://www.darksky.org/NSBM/sdf1.0.pdf
# - __serialized_columns__:
#     Enclosure Temperature:
#       __class__: astropy.units.quantity.Quantity
#       unit: &id001 !astropy.units.Unit {unit: deg_C}
#       value: !astropy.table.SerializedColumn {name: Enclosure Temperature}
#     Frequency:
#       __class__: astropy.units.quantity.Quantity
#       unit: !astropy.units.Unit {unit: Hz}
#       value: !astropy.table.SerializedColumn {name: Frequency}
#     MSAS:
#       __class__: astropy.units.quantity.Quantity
#       unit: !astropy.units.Unit {unit: mag / arcsec2}
#       value: !astropy.table.SerializedColumn {name: MSAS}
#     Moon Alt:
#       __class__: astropy.units.quantity.Quantity
#       unit: &id002 !astropy.units.Unit {unit: deg}
#       value: !astropy.table.SerializedColumn {name: Moon Alt}
#     Sky Temperature:
#       __class__: astropy.units.quantity.Quantity
#       unit: *id001
#       value: !astropy.table.SerializedColumn {name: Sky Temperature}
#     Sun Alt:
#       __class__: astropy.units.quantity.Quantity
#       unit: *id002
#       value: !astropy.table.SerializedColumn {name: Sun Alt}
#     time:
#       __class__: astropy.time.core.Time
#       format: isot
#       in_subfmt: '*'
#       out_subfmt: '*'
#       precision: 3
#       scale: utc
#       value: !astropy.table.SerializedColumn {name: time}
# schema: astropy-2.0
time,Enclosure Temperature,Sky Temperature,Frequency,MSAS,ZP,Sequence Number,Sun Alt,Moon Alt,Moon Illumination
[from data line 20810]
2023-06-29T03:02:57.000,37.61,12.43,469.89,13.7,20.38,25034,-6.16,41.0,0.771
2023-06-29T03:03:57.000,37.56,12.42,376.11,13.94,20.38,25035,-6.34,41.0,0.771
2023-06-29T03:04:57.000,37.55,12.49,301.24,14.18,20.38,25036,-6.51,41.0,0.771
2023-06-29T03:05:58.000,37.51,12.35,241.75,14.42,20.38,25037,-6.69,41.0,0.771
2023-06-29T03:06:58.000,37.48,12.4,194.52,14.66,20.38,25038,-6.87,41.0,0.771
2023-06-29T03:07:58.000,37.46,12.41,156.72,14.89,20.38,25039,-7.05,41.0,0.771
2023-06-29T03:08:58.000,37.44,12.38,126.9,15.12,20.38,25040,-7.22,41.0,0.771
2023-06-29T03:09:58.000,37.4,12.23,103.39,15.35,20.38,25041,-7.4,41.0,0.771
2023-06-29T03:10:58.000,37.34,12.27,84.45,15.57,20.38,25042,-7.58,42.0,0.771
2023-06-29T03:11:58.000,37.34,12.29,69.64,15.77,20.38,25043,-7.75,42.0,0.771
2023-06-29T03:12:58.000,37.34,12.31,57.93,15.97,20.38,25044,-7.93,42.0,0.771
2023-06-29T03:13:58.000,37.32,12.22,47.69,16.18,20.38,25045,-8.1,42.0,0.771
2023-06-29T03:14:58.000,37.27,12.12,41.22,16.34,20.38,25046,-8.28,42.0,0.771
2023-06-29T03:15:58.000,37.24,12.17,34.91,16.52,20.38,25047,-8.45,42.0,0.771
2023-06-29T03:16:58.000,37.22,12.17,29.8,16.7,20.38,25048,-8.63,42.0,0.771
2023-06-29T03:17:58.000,37.2,12.17,25.87,16.85,20.38,25049,-8.8,42.0,0.772
2023-06-29T03:18:58.000,37.21,12.11,22.44,17.0,20.38,25050,-8.98,42.0,0.772
2023-06-29T03:19:59.000,37.2,12.09,19.65,17.15,20.38,25051,-9.15,42.0,0.772
2023-06-29T03:20:59.000,37.18,12.08,17.32,17.28,20.38,25052,-9.32,42.0,0.772
2023-06-29T03:21:59.000,37.19,12.09,15.33,17.42,20.38,25053,-9.5,42.0,0.772
2023-06-29T03:22:59.000,37.15,11.93,13.78,17.53,20.38,25054,-9.67,42.0,0.772
2023-06-29T03:23:59.000,37.09,11.91,12.34,17.65,20.38,25055,-9.84,42.0,0.772
2023-06-29T03:24:59.000,37.05,11.94,11.12,17.77,20.38,25056,-10.01,42.0,0.772
2023-06-29T03:26:00.000,37.03,11.96,10.12,17.87,20.38,25057,-10.19,42.0,0.772
2023-06-29T03:27:00.000,37.01,11.85,9.27,17.96,20.38,25058,-10.36,42.0,0.772
2023-06-29T03:28:00.000,37.0,11.92,8.58,18.05,20.38,25059,-10.53,42.0,0.772
2023-06-29T03:29:00.000,37.0,11.88,7.94,18.13,20.38,25060,-10.7,42.0,0.772
2023-06-29T03:30:00.000,36.99,11.84,7.39,18.21,20.38,25061,-10.87,42.0,0.772
2023-06-29T03:31:00.000,36.99,11.86,6.95,18.28,20.38,25062,-11.04,42.0,0.772
2023-06-29T03:33:02.000,36.94,11.73,6.24,18.39,20.38,25064,-11.38,41.0,0.772
2023-06-29T03:34:02.000,36.91,11.68,5.99,18.44,20.38,25065,-11.55,41.0,0.773
2023-06-29T03:35:02.000,36.88,11.63,5.7,18.49,20.38,25066,-11.72,41.0,0.773
2023-06-29T03:36:02.000,36.85,11.6,5.48,18.53,20.38,25067,-11.89,41.0,0.773
2023-06-29T03:37:02.000,36.83,11.56,5.3,18.57,20.38,25068,-12.06,41.0,0.773
2023-06-29T03:38:04.000,36.8,11.51,5.14,18.6,20.38,25069,-12.23,41.0,0.773
2023-06-29T03:39:04.000,36.78,11.56,5.0,18.63,20.38,25070,-12.39,41.0,0.773
2023-06-29T03:40:05.000,36.76,11.5,4.89,18.66,20.38,25071,-12.56,41.0,0.773
2023-06-29T03:41:05.000,36.76,11.51,4.78,18.68,20.38,25072,-12.73,41.0,0.773
2023-06-29T03:42:05.000,36.75,11.5,4.7,18.7,20.38,25073,-12.9,41.0,0.773
2023-06-29T03:43:05.000,36.71,11.41,4.61,18.72,20.38,25074,-13.06,41.0,0.773
2023-06-29T03:44:05.000,36.67,11.28,4.54,18.74,20.38,25075,-13.23,41.0,0.773
2023-06-29T03:45:05.000,36.63,11.34,4.48,18.75,20.38,25076,-13.39,41.0,0.773
2023-06-29T03:46:05.000,36.61,11.28,4.42,18.77,20.38,25077,-13.55,41.0,0.773
2023-06-29T03:47:05.000,36.56,11.25,4.35,18.78,20.38,25078,-13.72,41.0,0.773
2023-06-29T03:48:05.000,36.5,11.17,4.33,18.79,20.38,25079,-13.88,41.0,0.773
2023-06-29T03:49:05.000,36.46,11.22,4.3,18.8,20.38,25080,-14.04,41.0,0.773
2023-06-29T03:50:06.000,36.44,11.21,4.26,18.81,20.38,25081,-14.21,41.0,0.774
2023-06-29T03:51:08.000,36.44,11.23,4.24,18.81,20.38,25082,-14.38,41.0,0.774
2023-06-29T03:52:08.000,36.44,11.25,4.29,18.8,20.38,25083,-14.54,41.0,0.774
2023-06-29T03:53:08.000,36.47,11.24,4.2,18.82,20.38,25084,-14.7,41.0,0.774
2023-06-29T03:55:08.000,36.46,11.12,4.18,18.83,20.38,25086,-15.02,41.0,0.774
2023-06-29T03:56:08.000,36.39,11.01,4.18,18.83,20.38,25087,-15.18,41.0,0.774
2023-06-29T03:58:09.000,36.31,11.06,4.11,18.85,20.38,25089,-15.5,41.0,0.774
2023-06-29T03:59:09.000,36.3,11.07,4.1,18.85,20.38,25090,-15.66,41.0,0.774
2023-06-29T04:00:09.000,36.3,11.05,4.13,18.84,20.38,25091,-15.82,41.0,0.774
2023-06-29T04:02:09.000,36.31,11.1,4.14,18.84,20.38,25093,-16.14,41.0,0.774
2023-06-29T04:03:09.000,36.3,11.04,4.1,18.85,20.38,25094,-16.29,41.0,0.774
2023-06-29T04:04:10.000,36.27,10.98,4.06,18.86,20.38,25095,-16.45,41.0,0.774
2023-06-29T04:05:09.000,36.26,11.03,4.05,18.86,20.38,25096,-16.61,40.0,0.774
2023-06-29T04:06:10.000,36.25,10.98,4.03,18.87,20.38,25097,-16.77,40.0,0.775
2023-06-29T04:07:10.000,36.21,10.97,4.02,18.87,20.38,25098,-16.92,40.0,0.775
2023-06-29T04:08:10.000,36.19,10.96,4.01,18.87,20.38,25099,-17.08,40.0,0.775
2023-06-29T04:09:10.000,36.15,10.92,3.99,18.88,20.38,25100,-17.23,40.0,0.775
2023-06-29T04:10:10.000,36.13,10.92,3.98,18.88,20.38,25101,-17.38,40.0,0.775
2023-06-29T04:11:10.000,36.12,10.93,3.96,18.89,20.38,25102,-17.54,40.0,0.775
2023-06-29T04:12:10.000,36.11,10.92,3.94,18.89,20.38,25103,-17.69,40.0,0.775
2023-06-29T04:13:10.000,36.11,10.91,3.93,18.89,20.38,25104,-17.84,40.0,0.775
2023-06-29T04:14:10.000,36.11,10.9,3.89,18.9,20.38,25105,-18.0,40.0,0.775
2023-06-29T04:15:10.000,36.1,10.81,3.87,18.91,20.38,25106,-18.15,40.0,0.775
2023-06-29T04:16:10.000,36.08,10.84,3.85,18.92,20.38,25107,-18.3,40.0,0.775
2023-06-29T04:17:11.000,36.08,10.83,3.83,18.92,20.38,25108,-18.45,40.0,0.775
2023-06-29T04:18:12.000,36.08,10.83,3.82,18.92,20.38,25109,-18.61,40.0,0.775
2023-06-29T04:19:13.000,36.09,10.88,3.8,18.93,20.38,25110,-18.76,40.0,0.775
2023-06-29T04:20:14.000,36.12,10.89,3.79,18.93,20.38,25111,-18.91,40.0,0.775
2023-06-29T04:21:14.000,36.15,10.84,3.79,18.93,20.38,25112,-19.06,40.0,0.775
2023-06-29T04:22:15.000,36.16,10.81,3.79,18.93,20.38,25113,-19.21,40.0,0.775
2023-06-29T04:23:15.000,36.17,10.76,3.78,18.94,20.38,25114,-19.36,39.0,0.776
2023-06-29T04:24:15.000,36.2,10.77,3.79,18.93,20.38,25115,-19.51,39.0,0.776
2023-06-29T04:30:17.000,36.04,10.24,3.73,18.95,20.38,25121,-20.38,39.0,0.776
2023-06-29T04:31:17.000,35.9,10.05,3.72,18.95,20.38,25122,-20.53,39.0,0.776
2023-06-29T04:32:18.000,35.78,10.0,3.71,18.96,20.38,25123,-20.67,39.0,0.776
2023-06-29T04:33:17.000,35.67,9.89,3.69,18.96,20.38,25124,-20.81,39.0,0.776
2023-06-29T04:34:18.000,35.57,9.94,3.69,18.96,20.38,25125,-20.96,39.0,0.776
2023-06-29T04:35:18.000,35.51,9.93,3.69,18.96,20.38,25126,-21.1,39.0,0.776
2023-06-29T04:36:18.000,35.48,10.02,3.69,18.96,20.38,25127,-21.24,38.0,0.776
2023-06-29T04:37:18.000,35.43,9.86,3.69,18.96,20.38,25128,-21.38,38.0,0.776
2023-06-29T04:38:19.000,35.4,9.84,3.69,18.96,20.38,25129,-21.53,38.0,0.776
2023-06-29T04:39:19.000,35.32,9.7,3.68,18.97,20.38,25130,-21.66,38.0,0.777
2023-06-29T04:41:19.000,35.21,9.7,3.66,18.97,20.38,25132,-21.94,38.0,0.777
2023-06-29T04:42:19.000,35.06,9.49,3.65,18.98,20.38,25133,-22.08,38.0,0.777
2023-06-29T04:43:19.000,34.99,9.7,3.64,18.98,20.38,25134,-22.22,38.0,0.777
2023-06-29T04:44:19.000,35.0,9.74,3.64,18.98,20.38,25135,-22.35,38.0,0.777
2023-06-29T04:45:19.000,34.95,9.62,3.63,18.98,20.38,25136,-22.49,38.0,0.777
2023-06-29T04:46:19.000,34.91,9.58,3.63,18.98,20.38,25137,-22.63,38.0,0.777
2023-06-29T04:47:19.000,34.91,9.7,3.67,18.97,20.38,25138,-22.76,38.0,0.777
2023-06-29T04:48:19.000,34.92,9.66,3.63,18.98,20.38,25139,-22.9,37.0,0.777
2023-06-29T04:49:19.000,34.89,9.56,3.61,18.99,20.38,25140,-23.03,37.0,0.777
2023-06-29T04:50:20.000,34.89,9.64,3.59,18.99,20.38,25141,-23.17,37.0,0.777
2023-06-29T04:51:21.000,34.87,9.54,3.61,18.99,20.38,25142,-23.3,37.0,0.777
2023-06-29T04:52:21.000,34.86,9.58,3.7,18.96,20.38,25143,-23.43,37.0,0.777
2023-06-29T04:53:21.000,34.83,9.47,3.58,19.0,20.38,25144,-23.57,37.0,0.777
2023-06-29T04:54:21.000,34.84,9.64,3.57,19.0,20.38,25145,-23.7,37.0,0.777
2023-06-29T04:56:21.000,34.72,9.56,3.55,19.0,20.38,25147,-23.96,37.0,0.778
2023-06-29T04:57:21.000,34.74,9.69,3.54,19.01,20.38,25148,-24.09,37.0,0.778
2023-06-29T04:58:21.000,34.75,9.63,3.54,19.01,20.38,25149,-24.21,36.0,0.778
2023-06-29T04:59:21.000,34.74,9.48,3.53,19.01,20.38,25150,-24.34,36.0,0.778
2023-06-29T05:00:21.000,34.71,9.47,3.53,19.01,20.38,25151,-24.47,36.0,0.778
2023-06-29T05:01:21.000,34.64,9.3,3.51,19.02,20.38,25152,-24.6,36.0,0.778
2023-06-29T05:02:22.000,34.56,9.31,3.5,19.02,20.38,25153,-24.72,36.0,0.778
2023-06-29T05:03:22.000,34.54,9.47,3.49,19.02,20.38,25154,-24.85,36.0,0.778
2023-06-29T05:04:22.000,34.53,9.5,3.48,19.03,20.38,25155,-24.98,36.0,0.778
2023-06-29T05:05:22.000,34.53,9.49,3.47,19.03,20.38,25156,-25.1,36.0,0.778
2023-06-29T05:06:22.000,34.53,9.49,3.46,19.03,20.38,25157,-25.22,36.0,0.778
2023-06-29T05:07:22.000,34.5,9.31,3.44,19.04,20.38,25158,-25.35,36.0,0.778
2023-06-29T05:08:23.000,34.45,9.44,3.43,19.04,20.38,25159,-25.47,35.0,0.778
2023-06-29T05:09:23.000,34.44,9.43,3.42,19.05,20.38,25160,-25.59,35.0,0.778
2023-06-29T05:10:24.000,34.38,9.4,3.41,19.05,20.38,25161,-25.72,35.0,0.778
2023-06-29T05:11:24.000,34.33,9.42,3.39,19.05,20.38,25162,-25.84,35.0,0.779
2023-06-29T05:12:24.000,34.28,9.44,3.39,19.06,20.38,25163,-25.96,35.0,0.779
2023-06-29T05:13:24.000,34.26,9.4,3.38,19.06,20.38,25164,-26.07,35.0,0.779
2023-06-29T05:14:24.000,34.27,9.47,3.37,19.06,20.38,25165,-26.19,35.0,0.779
2023-06-29T05:15:24.000,34.31,9.41,3.36,19.07,20.38,25166,-26.31,35.0,0.779
2023-06-29T05:16:24.000,34.23,9.1,3.33,19.07,20.38,25167,-26.43,35.0,0.779
2023-06-29T05:17:24.000,34.18,9.17,3.33,19.07,20.38,25168,-26.54,34.0,0.779
2023-06-29T05:18:25.000,34.17,9.18,3.32,19.08,20.38,25169,-26.66,34.0,0.779
2023-06-29T05:20:27.000,34.17,9.19,3.3,19.08,20.38,25171,-26.89,34.0,0.779
2023-06-29T05:22:26.000,34.17,9.22,3.2,19.12,20.38,25173,-27.12,34.0,0.779
2023-06-29T05:23:26.000,34.11,9.02,3.28,19.09,20.38,25174,-27.23,34.0,0.779
2023-06-29T05:24:26.000,34.06,8.96,3.28,19.09,20.38,25175,-27.34,34.0,0.779
2023-06-29T05:25:27.000,34.02,8.96,3.29,19.09,20.38,25176,-27.46,34.0,0.779
2023-06-29T05:26:27.000,34.01,9.09,3.3,19.08,20.38,25177,-27.57,33.0,0.779
2023-06-29T05:27:27.000,33.99,8.87,3.3,19.08,20.38,25178,-27.67,33.0,0.78
2023-06-29T05:28:27.000,33.96,9.02,3.3,19.08,20.38,25179,-27.78,33.0,0.78
2023-06-29T05:29:27.000,33.93,8.86,3.3,19.08,20.38,25180,-27.89,33.0,0.78
2023-06-29T05:30:27.000,33.94,9.09,3.3,19.08,20.38,25181,-28.0,33.0,0.78
2023-06-29T05:31:28.000,33.94,8.96,3.3,19.08,20.38,25182,-28.11,33.0,0.78
2023-06-29T05:32:29.000,33.92,9.05,3.31,19.08,20.38,25183,-28.21,33.0,0.78
2023-06-29T05:33:29.000,33.93,9.08,3.33,19.08,20.38,25184,-28.32,33.0,0.78
2023-06-29T05:34:29.000,33.95,9.15,3.35,19.07,20.38,25185,-28.42,32.0,0.78
2023-06-29T05:35:29.000,33.95,9.18,3.36,19.06,20.38,25186,-28.53,32.0,0.78
2023-06-29T05:36:29.000,33.9,9.05,3.38,19.06,20.38,25187,-28.63,32.0,0.78
2023-06-29T05:37:29.000,33.87,9.11,3.45,19.03,20.38,25188,-28.73,32.0,0.78
2023-06-29T05:38:38.000,33.87,9.22,3.68,18.97,20.38,25189,-28.85,32.0,0.78
2023-06-29T05:39:37.000,33.86,9.16,4.11,18.85,20.38,25190,-28.95,32.0,0.78
2023-06-29T05:40:37.000,33.81,8.95,3.98,18.88,20.38,25191,-29.04,32.0,0.78
2023-06-29T05:41:37.000,33.76,9.13,3.75,18.94,20.38,25192,-29.14,31.0,0.78
2023-06-29T05:42:38.000,33.72,9.04,3.82,18.93,20.38,25193,-29.24,31.0,0.78
2023-06-29T05:43:38.000,33.71,9.09,3.92,18.9,20.38,25194,-29.34,31.0,0.78
2023-06-29T05:44:38.000,33.66,8.79,3.58,19.0,20.38,25195,-29.44,31.0,0.781
2023-06-29T05:45:38.000,33.63,8.92,3.52,19.01,20.38,25196,-29.53,31.0,0.781
2023-06-29T05:46:38.000,33.63,8.9,3.49,19.02,20.38,25197,-29.63,31.0,0.781
2023-06-29T05:47:38.000,33.64,8.84,3.3,19.08,20.38,25198,-29.72,31.0,0.781
2023-06-29T05:48:38.000,33.62,8.76,3.18,19.12,20.38,25199,-29.81,31.0,0.781
2023-06-29T05:50:39.000,33.61,8.64,3.15,19.14,20.38,25201,-30.0,30.0,0.781
2023-06-29T05:51:40.000,33.54,8.52,3.15,19.13,20.38,25202,-30.09,30.0,0.781
2023-06-29T05:52:40.000,33.48,8.45,3.2,19.12,20.38,25203,-30.18,30.0,0.781
2023-06-29T05:53:40.000,33.43,8.45,3.1,19.15,20.38,25204,-30.27,30.0,0.781
2023-06-29T05:54:40.000,33.37,8.37,3.08,19.16,20.38,25205,-30.36,30.0,0.781
2023-06-29T05:55:41.000,33.32,8.35,3.07,19.16,20.38,25206,-30.45,30.0,0.781
2023-06-29T05:56:41.000,33.28,8.35,3.05,19.17,20.38,25207,-30.53,29.0,0.781
2023-06-29T05:57:41.000,33.23,8.4,3.04,19.17,20.38,25208,-30.62,29.0,0.781
2023-06-29T05:59:41.000,33.17,8.34,3.0,19.19,20.38,25210,-30.79,29.0,0.781
2023-06-29T06:00:41.000,33.15,8.34,3.07,19.16,20.38,25211,-30.87,29.0,0.782
2023-06-29T06:01:41.000,33.11,8.24,2.98,19.19,20.38,25212,-30.95,29.0,0.782
2023-06-29T06:02:41.000,33.08,8.28,2.98,19.2,20.38,25213,-31.04,29.0,0.782
2023-06-29T06:03:41.000,33.0,8.09,2.97,19.2,20.38,25214,-31.12,28.0,0.782
2023-06-29T06:04:42.000,32.93,8.11,2.96,19.2,20.38,25215,-31.2,28.0,0.782
2023-06-29T06:05:42.000,32.87,8.16,2.95,19.2,20.38,25216,-31.28,28.0,0.782
2023-06-29T06:06:42.000,32.85,8.12,2.95,19.21,20.38,25217,-31.36,28.0,0.782
2023-06-29T06:07:42.000,32.83,8.23,2.94,19.21,20.38,25218,-31.43,28.0,0.782
2023-06-29T06:08:42.000,32.83,8.24,2.93,19.21,20.38,25219,-31.51,28.0,0.782
2023-06-29T06:09:42.000,32.82,8.16,2.92,19.22,20.38,25220,-31.58,28.0,0.782
2023-06-29T06:10:42.000,32.79,8.23,2.92,19.22,20.38,25221,-31.66,27.0,0.782
2023-06-29T06:12:44.000,32.77,8.28,2.91,19.22,20.38,25223,-31.81,27.0,0.782
2023-06-29T06:13:44.000,32.78,8.21,2.91,19.22,20.38,25224,-31.88,27.0,0.782
2023-06-29T06:14:45.000,32.75,8.23,2.9,19.22,20.38,25225,-31.95,27.0,0.782
2023-06-29T06:15:45.000,32.76,8.26,2.88,19.23,20.38,25226,-32.02,27.0,0.782
2023-06-29T06:16:45.000,32.7,8.2,2.85,19.24,20.38,25227,-32.09,26.0,0.783
2023-06-29T06:17:45.000,32.68,8.24,2.75,19.28,20.38,25228,-32.16,26.0,0.783
2023-06-29T06:18:46.000,32.64,7.99,2.65,19.32,20.38,25229,-32.23,26.0,0.783
2023-06-29T06:19:46.000,32.5,7.9,2.63,19.33,20.38,25230,-32.29,26.0,0.783
2023-06-29T06:20:47.000,32.46,7.93,2.63,19.33,20.38,25231,-32.36,26.0,0.783
2023-06-29T06:21:46.000,32.36,7.79,2.62,19.34,20.38,25232,-32.42,26.0,0.783
2023-06-29T06:22:46.000,32.27,7.8,2.63,19.33,20.38,25233,-32.49,26.0,0.783
2023-06-29T06:23:47.000,32.26,7.94,2.63,19.33,20.38,25234,-32.55,25.0,0.783
2023-06-29T06:24:47.000,32.25,8.03,2.63,19.33,20.38,25235,-32.61,25.0,0.783
2023-06-29T06:25:47.000,32.24,7.98,2.6,19.34,20.38,25236,-32.68,25.0,0.783
2023-06-29T06:26:47.000,32.22,8.04,2.61,19.34,20.38,25237,-32.74,25.0,0.783
2023-06-29T06:27:47.000,32.24,8.09,2.58,19.35,20.38,25238,-32.79,25.0,0.783
2023-06-29T06:28:47.000,32.24,8.17,2.58,19.35,20.38,25239,-32.85,25.0,0.783
2023-06-29T06:29:48.000,32.25,8.09,2.6,19.34,20.38,25240,-32.91,24.0,0.783
2023-06-29T06:31:49.000,32.22,8.25,2.39,19.44,20.38,25242,-33.02,24.0,0.783
2023-06-29T06:32:49.000,32.22,8.15,2.36,19.45,20.38,25243,-33.08,24.0,0.784
2023-06-29T06:33:49.000,32.21,8.17,2.35,19.45,20.38,25244,-33.13,24.0,0.784
2023-06-29T06:34:49.000,32.18,8.03,2.35,19.45,20.38,25245,-33.18,24.0,0.784
2023-06-29T06:35:49.000,32.19,8.24,2.37,19.44,20.38,25246,-33.23,24.0,0.784
2023-06-29T06:36:49.000,32.22,8.21,2.35,19.45,20.38,25247,-33.28,23.0,0.784
2023-06-29T06:38:51.000,32.2,8.07,2.34,19.46,20.38,25249,-33.38,23.0,0.784
2023-06-29T06:40:51.000,32.22,8.07,2.32,19.47,20.38,25251,-33.48,23.0,0.784
2023-06-29T06:41:51.000,32.24,8.11,2.3,19.48,20.38,25252,-33.52,23.0,0.784
2023-06-29T06:42:51.000,32.25,8.02,2.3,19.47,20.38,25253,-33.57,22.0,0.784
2023-06-29T06:43:51.000,32.24,8.04,2.3,19.48,20.38,25254,-33.61,22.0,0.784
2023-06-29T06:44:51.000,32.23,7.92,2.3,19.47,20.38,25255,-33.66,22.0,0.784
2023-06-29T06:45:51.000,32.21,7.9,2.3,19.48,20.38,25256,-33.7,22.0,0.784
2023-06-29T06:46:52.000,32.19,7.84,2.28,19.48,20.38,25257,-33.74,22.0,0.784
2023-06-29T06:47:52.000,32.2,7.97,2.28,19.49,20.38,25258,-33.78,22.0,0.784
2023-06-29T06:48:52.000,32.23,7.93,2.26,19.49,20.38,25259,-33.82,21.0,0.784
2023-06-29T06:49:52.000,32.21,7.7,2.28,19.48,20.38,25260,-33.85,21.0,0.785
2023-06-29T06:50:52.000,32.12,7.53,2.27,19.49,20.38,25261,-33.89,21.0,0.785
2023-06-29T06:51:52.000,32.07,7.6,2.26,19.5,20.38,25262,-33.93,21.0,0.785
2023-06-29T06:53:52.000,32.06,7.71,2.23,19.51,20.38,25264,-34.0,21.0,0.785
