Downloads/jupyter/ECSV/stars19/stars19_2019-12.ecsv
# %ECSV 1.0
# ---
# datatype:
# - {name: time, datatype: string}
# - {name: Enclosure Temperature, unit: deg_C, datatype: float64}
# - {name: Sky Temperature, unit: deg_C, datatype: float64}
# - {name: Frequency, unit: Hz, datatype: float64}
# - {name: MSAS, unit: mag / arcsec2, datatype: float64}
# - {name: ZP, datatype: float64}
# - {name: Sequence Number, datatype: int64}
# - {name: Sun Alt, unit: deg, datatype: float64}
# - {name: Moon Alt, unit: deg, datatype: float64}
# - {name: Moon Illumination, datatype: float64}
# delimiter: ','
# meta: !!omap
# - ida:
#     Data supplier: {affiliation: null, observer: null}
#     Device type: TESS-W
#     Field of view: 17.0
#     Filters per channel: None
#     Instrument ID: stars19
#     License: ODbL 1.0 http://opendatacommons.org/licenses/odbl/summary/
#     Local timezone: America/Phoenix
#     Location name: {country: '- Tucson', place: Tucson, region: United States, sub_region: Arizona, town: Pima County}
#     Measurement direction per channel: {azimuth: 0.0, zenital: 0.0}
#     Moving / Fixed look direction: FIXED
#     Moving / Stationary position: STATIONARY
#     Number of channels: 1
#     Number of fields per line: 8
#     Number of header lines: 35
#     Position: {height: 0.0, latitude: 32.223877, longitude: -110.767532}
#     TESS MAC address: 18:FE:34:CF:EC:06
#     TESS cover offset value: 0.0
#     TESS firmware version: '1.0'
#     TESS zero point: 20.5
#     Time Synchronization: timestamp added by MQTT subscriber
#     URL: http://www.darksky.org/NSBM/sdf1.0.pdf
# - __serialized_columns__:
#     Enclosure Temperature:
#       __class__: astropy.units.quantity.Quantity
#       unit: &id001 !astropy.units.Unit {unit: deg_C}
#       value: !astropy.table.SerializedColumn {name: Enclosure Temperature}
#     Frequency:
#       __class__: astropy.units.quantity.Quantity
#       unit: !astropy.units.Unit {unit: Hz}
#       value: !astropy.table.SerializedColumn {name: Frequency}
#     MSAS:
#       __class__: astropy.units.quantity.Quantity
#       unit: !astropy.units.Unit {unit: mag / arcsec2}
#       value: !astropy.table.SerializedColumn {name: MSAS}
#     Moon Alt:
#       __class__: astropy.units.quantity.Quantity
#       unit: &id002 !astropy.units.Unit {unit: deg}
#       value: !astropy.table.SerializedColumn {name: Moon Alt}
#     Sky Temperature:
#       __class__: astropy.units.quantity.Quantity
#       unit: *id001
#       value: !astropy.table.SerializedColumn {name: Sky Temperature}
#     Sun Alt:
#       __class__: astropy.units.quantity.Quantity
#       unit: *id002
#       value: !astropy.table.SerializedColumn {name: Sun Alt}
#     time:
#       __class__: astropy.time.core.Time
#       format: isot
#       in_subfmt: '*'
#       out_subfmt: '*'
#       precision: 3
#       scale: utc
#       value: !astropy.table.SerializedColumn {name: time}
# schema: astropy-2.0
time,Enclosure Temperature,Sky Temperature,Frequency,MSAS,ZP,Sequence Number,Sun Alt,Moon Alt,Moon Illumination
[from data line 209]
2019-12-01T05:04:14.000,10.74,-14.95,1.31,20.09,20.5,186469,-59.84,-10.0,0.221
2019-12-01T05:05:15.000,10.93,-15.0,1.29,20.1,20.5,186470,-60.05,-10.0,0.221
2019-12-01T05:06:14.000,10.94,-14.87,1.32,20.08,20.5,186471,-60.25,-11.0,0.221
2019-12-01T05:07:15.000,10.83,-14.99,1.34,20.06,20.5,186472,-60.46,-11.0,0.221
2019-12-01T05:08:15.000,10.66,-14.69,1.33,20.07,20.5,186473,-60.67,-11.0,0.221
2019-12-01T05:09:15.000,10.51,-14.73,1.31,20.09,20.5,186474,-60.87,-11.0,0.221
2019-12-01T05:10:15.000,10.32,-14.72,1.28,20.11,20.5,186475,-61.08,-11.0,0.221
2019-12-01T05:11:15.000,10.15,-14.69,1.29,20.11,20.5,186476,-61.28,-11.0,0.221
2019-12-01T05:12:15.000,9.98,-14.79,1.29,20.1,20.5,186477,-61.49,-12.0,0.221
2019-12-01T05:13:16.000,10.05,-14.98,1.28,20.12,20.5,186478,-61.7,-12.0,0.221
2019-12-01T05:16:17.000,10.92,-15.29,1.21,20.18,20.5,186481,-62.32,-12.0,0.222
2019-12-01T05:17:16.000,10.83,-15.19,1.24,20.15,20.5,186482,-62.52,-13.0,0.222
2019-12-01T05:18:17.000,10.65,-15.25,1.24,20.14,20.5,186483,-62.72,-13.0,0.222
2019-12-01T05:19:17.000,10.44,-15.07,1.26,20.13,20.5,186484,-62.93,-13.0,0.222
2019-12-01T05:20:17.000,10.21,-14.92,1.38,20.03,20.5,186485,-63.13,-13.0,0.222
2019-12-01T05:21:18.000,10.0,-14.79,1.42,20.0,20.5,186486,-63.34,-13.0,0.222
2019-12-01T05:22:19.000,10.01,-14.83,1.44,19.98,20.5,186487,-63.54,-14.0,0.222
2019-12-01T05:23:19.000,10.43,-14.83,1.48,19.95,20.5,186488,-63.75,-14.0,0.222
2019-12-01T05:24:19.000,10.72,-14.88,1.46,19.97,20.5,186489,-63.95,-14.0,0.222
2019-12-01T05:25:19.000,10.78,-14.7,1.4,20.01,20.5,186490,-64.15,-14.0,0.222
2019-12-01T05:26:19.000,10.72,-14.77,1.34,20.06,20.5,186491,-64.35,-14.0,0.222
2019-12-01T05:27:19.000,10.6,-14.71,1.28,20.11,20.5,186492,-64.55,-15.0,0.222
2019-12-01T05:28:20.000,10.46,-14.8,1.23,20.15,20.5,186493,-64.76,-15.0,0.222
2019-12-01T05:29:20.000,10.3,-14.84,1.21,20.17,20.5,186494,-64.96,-15.0,0.222
2019-12-01T05:30:20.000,10.13,-14.82,1.19,20.19,20.5,186495,-65.16,-15.0,0.222
2019-12-01T05:31:20.000,9.95,-15.03,1.16,20.22,20.5,186496,-65.36,-15.0,0.222
2019-12-01T05:32:20.000,10.16,-15.24,1.13,20.25,20.5,186497,-65.56,-16.0,0.222
2019-12-01T05:35:21.000,10.9,-15.24,1.21,20.18,20.5,186500,-66.16,-16.0,0.223
2019-12-01T05:36:21.000,10.84,-15.0,1.36,20.05,20.5,186501,-66.36,-16.0,0.223
2019-12-01T05:37:21.000,10.59,-15.26,1.26,20.13,20.5,186502,-66.56,-17.0,0.223
2019-12-01T05:38:21.000,10.4,-14.84,1.22,20.16,20.5,186503,-66.76,-17.0,0.223
2019-12-01T05:39:21.000,10.24,-14.72,1.21,20.17,20.5,186504,-66.95,-17.0,0.223
2019-12-01T05:40:22.000,10.03,-14.94,1.19,20.19,20.5,186505,-67.15,-17.0,0.223
2019-12-01T05:41:22.000,9.98,-15.05,1.17,20.21,20.5,186506,-67.35,-17.0,0.223
2019-12-01T05:42:22.000,10.34,-15.62,1.16,20.22,20.5,186507,-67.55,-18.0,0.223
2019-12-01T05:43:22.000,10.53,-15.62,1.18,20.2,20.5,186508,-67.74,-18.0,0.223
2019-12-01T05:44:22.000,10.62,-15.19,1.21,20.18,20.5,186509,-67.94,-18.0,0.223
2019-12-01T05:45:22.000,10.58,-15.22,1.19,20.19,20.5,186510,-68.13,-18.0,0.223
2019-12-01T05:46:22.000,10.36,-15.39,1.21,20.17,20.5,186511,-68.33,-18.0,0.223
2019-12-01T05:47:22.000,10.08,-15.53,1.2,20.18,20.5,186512,-68.52,-18.0,0.223
2019-12-01T05:48:22.000,10.0,-15.12,1.16,20.22,20.5,186513,-68.71,-19.0,0.223
2019-12-01T05:49:23.000,10.45,-15.21,1.14,20.24,20.5,186514,-68.91,-19.0,0.223
2019-12-01T05:50:23.000,10.79,-15.33,1.12,20.26,20.5,186515,-69.1,-19.0,0.224
2019-12-01T05:51:23.000,10.87,-15.34,1.1,20.28,20.5,186516,-69.29,-19.0,0.224
2019-12-01T05:52:24.000,10.83,-15.12,1.1,20.28,20.5,186517,-69.48,-19.0,0.224
2019-12-01T05:53:25.000,10.64,-15.36,1.09,20.28,20.5,186518,-69.68,-20.0,0.224
2019-12-01T05:54:25.000,10.45,-15.29,1.09,20.28,20.5,186519,-69.87,-20.0,0.224
2019-12-01T05:55:25.000,10.15,-15.6,1.09,20.28,20.5,186520,-70.06,-20.0,0.224
2019-12-01T05:56:25.000,9.92,-15.3,1.09,20.28,20.5,186521,-70.24,-20.0,0.224
2019-12-01T05:57:25.000,10.17,-15.37,1.1,20.28,20.5,186522,-70.43,-20.0,0.224
2019-12-01T05:58:25.000,10.58,-15.8,1.1,20.28,20.5,186523,-70.62,-21.0,0.224
2019-12-01T05:59:25.000,10.76,-15.47,1.1,20.28,20.5,186524,-70.81,-21.0,0.224
2019-12-01T06:00:25.000,10.77,-15.86,1.1,20.28,20.5,186525,-70.99,-21.0,0.224
2019-12-01T06:05:27.000,10.06,-15.87,1.09,20.28,20.5,186530,-71.91,-22.0,0.224
2019-12-01T06:11:27.000,10.23,-15.17,1.12,20.26,20.5,186536,-72.98,-23.0,0.225
2019-12-01T06:16:28.000,10.98,-15.47,1.11,20.27,20.5,186541,-73.84,-24.0,0.225
2019-12-01T06:17:28.000,11.06,-15.44,1.12,20.26,20.5,186542,-74.01,-24.0,0.225
2019-12-01T06:18:29.000,10.97,-15.46,1.13,20.24,20.5,186543,-74.18,-25.0,0.225
2019-12-01T06:19:29.000,10.81,-15.42,1.13,20.25,20.5,186544,-74.35,-25.0,0.225
2019-12-01T06:20:30.000,10.58,-15.58,1.1,20.27,20.5,186545,-74.51,-25.0,0.225
2019-12-01T06:21:30.000,10.34,-15.65,1.09,20.28,20.5,186546,-74.68,-25.0,0.225
2019-12-01T06:22:30.000,10.04,-16.01,1.09,20.29,20.5,186547,-74.84,-25.0,0.225
2019-12-01T06:23:30.000,9.9,-15.95,1.09,20.29,20.5,186548,-75.0,-26.0,0.225
2019-12-01T06:24:30.000,10.35,-16.22,1.09,20.29,20.5,186549,-75.16,-26.0,0.225
2019-12-01T06:25:30.000,10.8,-16.1,1.09,20.29,20.5,186550,-75.31,-26.0,0.226
2019-12-01T06:26:30.000,10.88,-16.53,1.1,20.28,20.5,186551,-75.47,-26.0,0.226
2019-12-01T06:27:31.000,10.75,-16.3,1.11,20.27,20.5,186552,-75.62,-26.0,0.226
2019-12-01T06:28:31.000,10.48,-16.32,1.14,20.24,20.5,186553,-75.78,-27.0,0.226
2019-12-01T06:29:31.000,10.17,-16.21,1.14,20.24,20.5,186554,-75.92,-27.0,0.226
2019-12-01T06:30:32.000,9.95,-15.96,1.13,20.25,20.5,186555,-76.07,-27.0,0.226
2019-12-01T06:31:32.000,10.15,-16.03,1.13,20.25,20.5,186556,-76.22,-27.0,0.226
2019-12-01T06:32:32.000,10.57,-16.07,1.13,20.25,20.5,186557,-76.36,-27.0,0.226
2019-12-01T06:33:32.000,10.71,-16.12,1.13,20.25,20.5,186558,-76.5,-28.0,0.226
2019-12-01T06:34:33.000,10.69,-15.85,1.11,20.27,20.5,186559,-76.65,-28.0,0.226
2019-12-01T06:35:33.000,10.61,-15.65,1.09,20.29,20.5,186560,-76.78,-28.0,0.226
2019-12-01T06:36:33.000,10.4,-16.01,1.08,20.3,20.5,186561,-76.92,-28.0,0.226
2019-12-01T06:37:33.000,10.2,-15.64,1.07,20.31,20.5,186562,-77.05,-28.0,0.226
2019-12-01T06:38:33.000,9.92,-16.26,1.07,20.31,20.5,186563,-77.18,-29.0,0.226
2019-12-01T06:39:33.000,9.94,-16.25,1.07,20.31,20.5,186564,-77.31,-29.0,0.226
2019-12-01T06:42:34.000,11.17,-16.02,1.08,20.3,20.5,186567,-77.67,-29.0,0.227
2019-12-01T06:48:34.000,9.96,-15.8,1.13,20.25,20.5,186573,-78.32,-31.0,0.227
2019-12-01T06:49:35.000,10.4,-16.0,1.11,20.26,20.5,186574,-78.42,-31.0,0.227
2019-12-01T06:50:35.000,10.8,-15.92,1.1,20.27,20.5,186575,-78.52,-31.0,0.227
2019-12-01T06:51:35.000,10.88,-16.09,1.11,20.27,20.5,186576,-78.61,-31.0,0.227
2019-12-01T06:52:36.000,10.83,-15.88,1.11,20.27,20.5,186577,-78.69,-31.0,0.227
2019-12-01T06:53:36.000,10.63,-16.0,1.09,20.28,20.5,186578,-78.78,-32.0,0.227
2019-12-01T06:54:36.000,10.35,-16.21,1.08,20.3,20.5,186579,-78.85,-32.0,0.227
2019-12-01T06:55:36.000,10.03,-15.95,1.08,20.3,20.5,186580,-78.93,-32.0,0.227
2019-12-01T06:56:37.000,9.93,-16.31,1.08,20.29,20.5,186581,-79.0,-32.0,0.227
2019-12-01T06:57:36.000,10.21,-16.97,1.07,20.3,20.5,186582,-79.07,-32.0,0.227
2019-12-01T06:58:36.000,10.64,-16.13,1.08,20.29,20.5,186583,-79.13,-33.0,0.227
2019-12-01T06:59:36.000,10.85,-16.15,1.09,20.29,20.5,186584,-79.19,-33.0,0.228
2019-12-01T07:00:37.000,10.81,-16.14,1.09,20.29,20.5,186585,-79.24,-33.0,0.228
2019-12-01T07:03:38.000,10.25,-15.9,1.06,20.32,20.5,186588,-79.38,-34.0,0.228
2019-12-01T07:04:38.000,10.0,-15.91,1.05,20.33,20.5,186589,-79.41,-34.0,0.228
2019-12-01T07:05:38.000,9.97,-16.03,1.05,20.33,20.5,186590,-79.45,-34.0,0.228
2019-12-01T07:06:39.000,10.38,-16.3,1.02,20.35,20.5,186591,-79.47,-34.0,0.228
2019-12-01T07:07:39.000,10.7,-16.27,0.99,20.39,20.5,186592,-79.5,-34.0,0.228
2019-12-01T07:08:39.000,10.77,-16.09,0.98,20.4,20.5,186593,-79.51,-35.0,0.228
2019-12-01T07:09:39.000,10.65,-16.29,0.98,20.4,20.5,186594,-79.53,-35.0,0.228
2019-12-01T07:10:39.000,10.42,-16.21,0.98,20.4,20.5,186595,-79.54,-35.0,0.228
2019-12-01T07:11:39.000,10.13,-16.36,0.98,20.4,20.5,186596,-79.54,-35.0,0.228
2019-12-01T07:12:39.000,9.86,-16.35,0.98,20.4,20.5,186597,-79.54,-35.0,0.228
2019-12-01T07:13:39.000,10.17,-16.48,0.98,20.4,20.5,186598,-79.53,-36.0,0.228
2019-12-01T07:14:39.000,10.7,-16.33,0.98,20.41,20.5,186599,-79.52,-36.0,0.228
2019-12-01T07:15:40.000,10.99,-16.18,0.97,20.41,20.5,186600,-79.51,-36.0,0.228
2019-12-01T07:16:40.000,10.98,-16.31,0.97,20.41,20.5,186601,-79.49,-36.0,0.229
2019-12-01T07:17:41.000,10.9,-15.95,0.97,20.41,20.5,186602,-79.46,-36.0,0.229
2019-12-01T07:21:41.000,9.95,-15.9,0.97,20.41,20.5,186606,-79.32,-37.0,0.229
2019-12-01T07:29:42.000,10.02,-16.79,0.97,20.42,20.5,186614,-78.82,-39.0,0.229
2019-12-01T07:30:42.000,10.61,-16.89,0.96,20.42,20.5,186615,-78.74,-39.0,0.229
2019-12-01T07:33:42.000,10.87,-16.67,0.97,20.42,20.5,186618,-78.48,-40.0,0.23
2019-12-01T07:37:42.000,9.96,-16.36,0.96,20.42,20.5,186622,-78.07,-41.0,0.23
2019-12-01T07:39:43.000,10.71,-16.35,0.98,20.41,20.5,186624,-77.85,-41.0,0.23
2019-12-01T07:40:43.000,10.84,-16.34,0.99,20.39,20.5,186625,-77.74,-41.0,0.23
2019-12-01T07:41:43.000,10.74,-16.26,0.98,20.41,20.5,186626,-77.62,-41.0,0.23
2019-12-01T07:42:43.000,10.5,-16.45,0.97,20.42,20.5,186627,-77.5,-42.0,0.23
2019-12-01T07:43:43.000,10.19,-16.42,0.96,20.42,20.5,186628,-77.38,-42.0,0.23
2019-12-01T07:44:43.000,9.91,-16.3,0.97,20.42,20.5,186629,-77.25,-42.0,0.23
2019-12-01T07:45:44.000,10.18,-16.44,0.96,20.42,20.5,186630,-77.12,-42.0,0.23
2019-12-01T07:46:44.000,10.7,-16.38,0.96,20.42,20.5,186631,-76.99,-42.0,0.23
2019-12-01T07:47:44.000,10.92,-16.6,0.96,20.42,20.5,186632,-76.86,-43.0,0.23
2019-12-01T07:49:44.000,10.54,-16.31,0.96,20.42,20.5,186634,-76.59,-43.0,0.23
2019-12-01T07:56:45.000,10.76,-16.42,0.96,20.42,20.5,186641,-75.56,-44.0,0.231
2019-12-01T07:57:45.000,10.67,-16.17,0.96,20.42,20.5,186642,-75.41,-45.0,0.231
2019-12-01T07:58:46.000,10.48,-16.23,0.97,20.42,20.5,186643,-75.25,-45.0,0.231
2019-12-01T07:59:45.000,10.2,-16.32,0.97,20.42,20.5,186644,-75.09,-45.0,0.231
2019-12-01T08:00:46.000,9.89,-16.32,0.97,20.42,20.5,186645,-74.93,-45.0,0.231
2019-12-01T08:01:46.000,10.13,-16.33,0.97,20.42,20.5,186646,-74.77,-45.0,0.231
2019-12-01T08:02:46.000,10.63,-16.29,0.97,20.42,20.5,186647,-74.61,-46.0,0.231
2019-12-01T08:03:47.000,10.92,-16.17,0.97,20.42,20.5,186648,-74.44,-46.0,0.231
2019-12-01T08:05:47.000,10.79,-16.16,0.97,20.42,20.5,186650,-74.11,-46.0,0.231
2019-12-01T08:06:47.000,10.55,-16.14,0.97,20.42,20.5,186651,-73.94,-46.0,0.231
2019-12-01T08:18:49.000,10.29,-16.52,0.97,20.41,20.5,186663,-71.84,-49.0,0.232
2019-12-01T08:20:49.000,10.81,-16.29,0.98,20.41,20.5,186665,-71.47,-49.0,0.232
2019-12-01T08:21:49.000,10.74,-16.27,0.98,20.4,20.5,186666,-71.29,-49.0,0.232
2019-12-01T08:22:49.000,10.56,-16.15,0.98,20.4,20.5,186667,-71.11,-50.0,0.232
2019-12-01T08:23:49.000,10.32,-16.12,0.98,20.4,20.5,186668,-70.92,-50.0,0.232
2019-12-01T08:24:49.000,10.04,-16.15,0.98,20.4,20.5,186669,-70.73,-50.0,0.232
2019-12-01T08:25:50.000,9.91,-16.17,0.98,20.4,20.5,186670,-70.55,-50.0,0.233
2019-12-01T08:31:51.000,10.23,-16.2,0.98,20.4,20.5,186676,-69.41,-51.0,0.233
2019-12-01T08:32:51.000,9.93,-16.21,0.98,20.4,20.5,186677,-69.22,-52.0,0.233
2019-12-01T08:33:51.000,9.93,-16.52,0.98,20.4,20.5,186678,-69.03,-52.0,0.233
2019-12-01T08:34:52.000,10.45,-16.66,0.98,20.4,20.5,186679,-68.83,-52.0,0.233
2019-12-01T08:35:52.000,10.91,-16.35,0.98,20.4,20.5,186680,-68.64,-52.0,0.233
2019-12-01T08:36:52.000,11.08,-16.29,0.98,20.4,20.5,186681,-68.45,-52.0,0.233
2019-12-01T08:37:52.000,10.97,-16.38,0.98,20.4,20.5,186682,-68.25,-53.0,0.233
2019-12-01T08:38:52.000,10.7,-16.38,0.98,20.4,20.5,186683,-68.06,-53.0,0.233
2019-12-01T08:39:52.000,10.35,-16.21,0.98,20.4,20.5,186684,-67.86,-53.0,0.233
2019-12-01T08:40:52.000,10.06,-16.2,0.98,20.4,20.5,186685,-67.67,-53.0,0.233
2019-12-01T08:42:52.000,10.3,-16.23,0.98,20.4,20.5,186687,-67.28,-54.0,0.234
2019-12-01T08:43:53.000,10.72,-16.26,0.98,20.4,20.5,186688,-67.08,-54.0,0.234
2019-12-01T08:44:53.000,10.84,-16.25,0.98,20.4,20.5,186689,-66.88,-54.0,0.234
2019-12-01T08:45:53.000,10.69,-16.48,0.98,20.4,20.5,186690,-66.68,-54.0,0.234
2019-12-01T08:46:53.000,10.43,-16.17,0.98,20.4,20.5,186691,-66.48,-54.0,0.234
2019-12-01T08:47:53.000,10.11,-16.22,0.98,20.4,20.5,186692,-66.28,-55.0,0.234
2019-12-01T08:48:53.000,9.9,-16.06,0.98,20.4,20.5,186693,-66.09,-55.0,0.234
2019-12-01T08:49:53.000,10.18,-16.58,0.98,20.4,20.5,186694,-65.89,-55.0,0.234
2019-12-01T08:50:54.000,10.52,-16.64,0.98,20.4,20.5,186695,-65.68,-55.0,0.234
2019-12-01T08:51:54.000,10.71,-16.17,0.98,20.4,20.5,186696,-65.48,-55.0,0.234
2019-12-01T08:52:55.000,10.68,-15.98,0.98,20.4,20.5,186697,-65.28,-56.0,0.234
2019-12-01T08:53:55.000,10.48,-16.06,0.98,20.4,20.5,186698,-65.08,-56.0,0.234
2019-12-01T08:54:55.000,10.15,-16.3,0.98,20.4,20.5,186699,-64.88,-56.0,0.234
2019-12-01T08:57:56.000,10.66,-16.34,0.98,20.4,20.5,186702,-64.27,-57.0,0.234
2019-12-01T09:00:57.000,10.97,-16.34,0.98,20.4,20.5,186705,-63.66,-57.0,0.235
2019-12-01T09:01:57.000,10.71,-16.06,0.98,20.4,20.5,186706,-63.46,-57.0,0.235
2019-12-01T09:02:57.000,10.41,-16.09,0.98,20.41,20.5,186707,-63.26,-58.0,0.235
2019-12-01T09:03:57.000,10.01,-16.27,0.97,20.41,20.5,186708,-63.05,-58.0,0.235
2019-12-01T09:04:57.000,9.94,-16.14,0.97,20.41,20.5,186709,-62.85,-58.0,0.235
2019-12-01T09:05:58.000,10.34,-16.56,0.97,20.41,20.5,186710,-62.64,-58.0,0.235
2019-12-01T09:06:58.000,10.62,-16.43,0.97,20.42,20.5,186711,-62.44,-58.0,0.235
2019-12-01T09:07:58.000,10.73,-16.26,0.97,20.42,20.5,186712,-62.24,-59.0,0.235
2019-12-01T09:08:58.000,10.6,-16.37,0.97,20.42,20.5,186713,-62.03,-59.0,0.235
2019-12-01T09:09:58.000,10.4,-16.03,0.97,20.42,20.5,186714,-61.83,-59.0,0.235
2019-12-01T09:10:58.000,10.16,-16.08,0.97,20.42,20.5,186715,-61.62,-59.0,0.235
2019-12-01T09:11:58.000,9.91,-16.27,0.97,20.42,20.5,186716,-61.42,-59.0,0.235
2019-12-01T09:12:58.000,9.93,-16.96,0.96,20.42,20.5,186717,-61.21,-60.0,0.235
2019-12-01T09:13:59.000,10.46,-17.24,0.96,20.42,20.5,186718,-61.0,-60.0,0.235
2019-12-01T09:14:59.000,10.8,-16.79,0.96,20.42,20.5,186719,-60.8,-60.0,0.235
2019-12-01T09:35:00.000,10.62,-16.76,0.95,20.43,20.5,186739,-56.65,-64.0,0.237
2019-12-01T09:38:02.000,10.1,-16.89,0.95,20.44,20.5,186742,-56.01,-64.0,0.237
2019-12-01T09:39:02.000,10.6,-17.25,0.95,20.44,20.5,186743,-55.8,-65.0,0.237
2019-12-01T09:40:02.000,10.88,-16.76,0.95,20.44,20.5,186744,-55.59,-65.0,0.237
2019-12-01T09:41:03.000,10.85,-16.82,0.95,20.44,20.5,186745,-55.38,-65.0,0.237
2019-12-01T09:42:03.000,10.57,-17.28,0.95,20.44,20.5,186746,-55.17,-65.0,0.237
2019-12-01T09:43:03.000,10.11,-17.1,0.95,20.44,20.5,186747,-54.96,-65.0,0.237
2019-12-01T09:44:03.000,9.83,-16.91,0.95,20.44,20.5,186748,-54.75,-66.0,0.237
2019-12-01T09:45:08.000,10.1,-17.18,0.95,20.44,20.5,186749,-54.53,-66.0,0.237
2019-12-01T09:46:08.000,10.74,-17.22,0.95,20.44,20.5,186750,-54.32,-66.0,0.237
2019-12-01T09:47:08.000,10.92,-17.28,0.95,20.44,20.5,186751,-54.11,-66.0,0.237
2019-12-01T09:48:09.000,10.83,-16.99,0.95,20.44,20.5,186752,-53.89,-66.0,0.237
2019-12-01T09:49:09.000,10.53,-17.18,0.95,20.44,20.5,186753,-53.68,-66.0,0.237
2019-12-01T09:50:09.000,10.12,-16.95,0.94,20.44,20.5,186754,-53.47,-67.0,0.237
2019-12-01T09:51:09.000,9.93,-16.61,0.94,20.44,20.5,186755,-53.26,-67.0,0.238
2019-12-01T09:52:09.000,10.2,-16.87,0.94,20.45,20.5,186756,-53.05,-67.0,0.238
2019-12-01T09:53:10.000,10.57,-17.12,0.94,20.45,20.5,186757,-52.84,-67.0,0.238
2019-12-01T09:54:10.000,10.55,-17.05,0.94,20.45,20.5,186758,-52.63,-67.0,0.238
2019-12-01T09:55:10.000,10.37,-17.03,0.94,20.45,20.5,186759,-52.42,-68.0,0.238
2019-12-01T09:56:10.000,10.17,-16.39,0.94,20.45,20.5,186760,-52.21,-68.0,0.238
2019-12-01T09:57:10.000,9.9,-16.56,0.94,20.45,20.5,186761,-52.0,-68.0,0.238
2019-12-01T09:58:10.000,9.97,-16.77,0.94,20.45,20.5,186762,-51.79,-68.0,0.238
2019-12-01T09:59:11.000,10.53,-16.65,0.94,20.45,20.5,186763,-51.57,-68.0,0.238
2019-12-01T10:00:11.000,10.89,-16.75,0.93,20.45,20.5,186764,-51.36,-68.0,0.238
