Downloads/jupyter/ECSV/stars19/stars19_2021-05.ecsv
# %ECSV 1.0
# ---
# datatype:
# - {name: time, datatype: string}
# - {name: Enclosure Temperature, unit: deg_C, datatype: float64}
# - {name: Sky Temperature, unit: deg_C, datatype: float64}
# - {name: Frequency, unit: Hz, datatype: float64}
# - {name: MSAS, unit: mag / arcsec2, datatype: float64}
# - {name: ZP, datatype: float64}
# - {name: Sequence Number, datatype: int64}
# - {name: Sun Alt, unit: deg, datatype: float64}
# - {name: Moon Alt, unit: deg, datatype: float64}
# - {name: Moon Illumination, datatype: float64}
# delimiter: ','
# meta: !!omap
# - ida:
#     Data supplier: {affiliation: null, observer: null}
#     Device type: TESS-W
#     Field of view: 17.0
#     Filters per channel: None
#     Instrument ID: stars19
#     License: ODbL 1.0 http://opendatacommons.org/licenses/odbl/summary/
#     Local timezone: America/Phoenix
#     Location name: {country: '- Tucson', place: Tucson, region: United States, sub_region: Arizona, town: Pima County}
#     Measurement direction per channel: {azimuth: 0.0, zenital: 0.0}
#     Moving / Fixed look direction: FIXED
#     Moving / Stationary position: STATIONARY
#     Number of channels: 1
#     Number of fields per line: 8
#     Number of header lines: 35
#     Position: {height: 0.0, latitude: 32.223877, longitude: -110.767532}
#     TESS MAC address: 18:FE:34:CF:EC:06
#     TESS cover offset value: 0.0
#     TESS firmware version: '1.0'
#     TESS zero point: 20.5
#     Time Synchronization: timestamp added by MQTT subscriber
#     URL: http://www.darksky.org/NSBM/sdf1.0.pdf
# - __serialized_columns__:
#     Enclosure Temperature:
#       __class__: astropy.units.quantity.Quantity
#       unit: &id001 !astropy.units.Unit {unit: deg_C}
#       value: !astropy.table.SerializedColumn {name: Enclosure Temperature}
#     Frequency:
#       __class__: astropy.units.quantity.Quantity
#       unit: !astropy.units.Unit {unit: Hz}
#       value: !astropy.table.SerializedColumn {name: Frequency}
#     MSAS:
#       __class__: astropy.units.quantity.Quantity
#       unit: !astropy.units.Unit {unit: mag / arcsec2}
#       value: !astropy.table.SerializedColumn {name: MSAS}
#     Moon Alt:
#       __class__: astropy.units.quantity.Quantity
#       unit: &id002 !astropy.units.Unit {unit: deg}
#       value: !astropy.table.SerializedColumn {name: Moon Alt}
#     Sky Temperature:
#       __class__: astropy.units.quantity.Quantity
#       unit: *id001
#       value: !astropy.table.SerializedColumn {name: Sky Temperature}
#     Sun Alt:
#       __class__: astropy.units.quantity.Quantity
#       unit: *id002
#       value: !astropy.table.SerializedColumn {name: Sun Alt}
#     time:
#       __class__: astropy.time.core.Time
#       format: isot
#       in_subfmt: '*'
#       out_subfmt: '*'
#       precision: 3
#       scale: utc
#       value: !astropy.table.SerializedColumn {name: time}
# schema: astropy-2.0
time,Enclosure Temperature,Sky Temperature,Frequency,MSAS,ZP,Sequence Number,Sun Alt,Moon Alt,Moon Illumination
[from data line 10451]
2021-05-16T03:56:56.000,29.39,4.84,1.54,19.91,20.5,15408,-19.4,22.0,0.165
2021-05-16T03:57:57.000,29.34,4.83,1.54,19.91,20.5,15409,-19.57,22.0,0.165
2021-05-16T03:58:57.000,29.31,4.78,1.54,19.91,20.5,15410,-19.73,22.0,0.165
2021-05-16T03:59:57.000,29.28,4.74,1.54,19.91,20.5,15411,-19.89,22.0,0.165
2021-05-16T04:00:58.000,29.26,4.8,1.54,19.91,20.5,15412,-20.06,21.0,0.165
2021-05-16T04:01:58.000,29.25,4.71,1.53,19.92,20.5,15413,-20.22,21.0,0.165
2021-05-16T04:02:58.000,29.24,4.77,1.53,19.92,20.5,15414,-20.38,21.0,0.165
2021-05-16T04:03:59.000,29.22,4.73,1.52,19.92,20.5,15415,-20.54,21.0,0.165
2021-05-16T04:04:59.000,29.19,4.72,1.52,19.92,20.5,15416,-20.7,21.0,0.165
2021-05-16T04:05:59.000,29.18,4.74,1.53,19.92,20.5,15417,-20.86,20.0,0.165
2021-05-16T04:06:59.000,29.17,4.71,1.53,19.92,20.5,15418,-21.02,20.0,0.165
2021-05-16T04:08:00.000,29.16,4.67,1.53,19.92,20.5,15419,-21.19,20.0,0.165
2021-05-16T04:10:01.000,29.11,4.58,1.52,19.92,20.5,15421,-21.5,20.0,0.166
2021-05-16T04:11:01.000,29.09,4.53,1.53,19.92,20.5,15422,-21.66,19.0,0.166
2021-05-16T04:12:02.000,29.04,4.45,1.56,19.9,20.5,15423,-21.82,19.0,0.166
2021-05-16T04:13:02.000,29.0,4.44,1.55,19.9,20.5,15424,-21.98,19.0,0.166
2021-05-16T04:14:02.000,28.98,4.5,1.55,19.91,20.5,15425,-22.13,19.0,0.166
2021-05-16T04:15:02.000,28.98,4.47,1.56,19.9,20.5,15426,-22.29,19.0,0.166
2021-05-16T04:16:02.000,28.96,4.42,1.58,19.89,20.5,15427,-22.45,18.0,0.166
2021-05-16T04:17:03.000,28.93,4.36,1.58,19.89,20.5,15428,-22.6,18.0,0.166
2021-05-16T04:18:03.000,28.91,4.3,1.58,19.88,20.5,15429,-22.76,18.0,0.166
2021-05-16T04:19:04.000,28.87,4.27,1.58,19.88,20.5,15430,-22.91,18.0,0.166
2021-05-16T04:20:04.000,28.82,4.23,1.57,19.89,20.5,15431,-23.07,18.0,0.166
2021-05-16T04:21:05.000,28.78,4.21,1.57,19.89,20.5,15432,-23.22,17.0,0.166
2021-05-16T04:22:05.000,28.76,4.2,1.59,19.87,20.5,15433,-23.37,17.0,0.166
2021-05-16T04:23:06.000,28.73,4.16,1.59,19.88,20.5,15434,-23.53,17.0,0.166
2021-05-16T04:25:06.000,28.67,4.09,1.59,19.88,20.5,15436,-23.83,17.0,0.166
2021-05-16T04:26:07.000,28.63,4.04,1.62,19.86,20.5,15437,-23.98,16.0,0.166
2021-05-16T04:27:07.000,28.6,4.06,1.62,19.86,20.5,15438,-24.13,16.0,0.166
2021-05-16T04:28:07.000,28.58,4.04,1.62,19.86,20.5,15439,-24.28,16.0,0.166
2021-05-16T04:29:08.000,28.57,4.01,1.62,19.86,20.5,15440,-24.43,16.0,0.166
2021-05-16T04:30:08.000,28.57,4.02,1.62,19.86,20.5,15441,-24.58,16.0,0.167
2021-05-16T04:31:09.000,28.54,3.93,1.62,19.86,20.5,15442,-24.73,16.0,0.167
2021-05-16T04:32:09.000,28.51,3.9,1.62,19.86,20.5,15443,-24.88,15.0,0.167
2021-05-16T04:33:11.000,28.47,3.89,1.62,19.86,20.5,15444,-25.03,15.0,0.167
2021-05-16T04:34:11.000,28.44,3.87,1.62,19.86,20.5,15445,-25.18,15.0,0.167
2021-05-16T04:35:11.000,28.41,3.82,1.62,19.86,20.5,15446,-25.32,15.0,0.167
2021-05-16T04:36:12.000,28.38,3.74,1.63,19.85,20.5,15447,-25.47,15.0,0.167
2021-05-16T04:37:12.000,28.38,3.79,1.63,19.85,20.5,15448,-25.61,14.0,0.167
2021-05-16T04:38:12.000,28.36,3.75,1.61,19.86,20.5,15449,-25.76,14.0,0.167
2021-05-16T04:39:14.000,28.35,3.7,1.6,19.87,20.5,15450,-25.9,14.0,0.167
2021-05-16T04:40:14.000,28.29,3.58,1.59,19.88,20.5,15451,-26.05,14.0,0.167
2021-05-16T04:41:14.000,28.27,3.64,1.59,19.88,20.5,15452,-26.19,14.0,0.167
2021-05-16T04:46:15.000,28.19,3.31,1.57,19.89,20.5,15457,-26.89,13.0,0.167
2021-05-16T04:47:16.000,28.18,3.29,1.58,19.89,20.5,15458,-27.03,12.0,0.167
2021-05-16T04:48:16.000,28.15,3.23,1.57,19.89,20.5,15459,-27.17,12.0,0.167
2021-05-16T04:49:16.000,28.1,3.09,1.57,19.89,20.5,15460,-27.31,12.0,0.167
2021-05-16T04:50:16.000,28.07,3.05,1.57,19.89,20.5,15461,-27.44,12.0,0.168
2021-05-16T04:51:16.000,28.07,3.14,1.57,19.89,20.5,15462,-27.58,12.0,0.168
2021-05-16T04:52:17.000,28.05,3.13,1.56,19.9,20.5,15463,-27.72,11.0,0.168
2021-05-16T04:53:17.000,28.04,3.05,1.55,19.9,20.5,15464,-27.85,11.0,0.168
2021-05-16T04:54:17.000,28.02,2.96,1.55,19.9,20.5,15465,-27.99,11.0,0.168
2021-05-16T04:57:18.000,27.9,2.73,1.53,19.92,20.5,15468,-28.39,11.0,0.168
2021-05-16T04:58:18.000,27.87,2.67,1.51,19.93,20.5,15469,-28.52,10.0,0.168
2021-05-16T04:59:18.000,27.83,2.63,1.5,19.94,20.5,15470,-28.65,10.0,0.168
2021-05-16T05:00:18.000,27.82,2.6,1.51,19.93,20.5,15471,-28.78,10.0,0.168
2021-05-16T05:01:18.000,27.78,2.58,1.5,19.94,20.5,15472,-28.91,10.0,0.168
2021-05-16T05:02:19.000,27.75,2.5,1.49,19.95,20.5,15473,-29.04,10.0,0.168
2021-05-16T05:04:20.000,27.68,2.45,1.48,19.95,20.5,15475,-29.3,9.0,0.168
2021-05-16T05:07:20.000,27.55,2.13,1.48,19.96,20.5,15478,-29.68,9.0,0.168
2021-05-16T05:09:21.000,27.47,2.12,1.46,19.97,20.5,15480,-29.93,8.0,0.169
2021-05-16T05:10:21.000,27.43,2.03,1.46,19.97,20.5,15481,-30.05,8.0,0.169
2021-05-16T05:11:21.000,27.38,1.89,1.47,19.97,20.5,15482,-30.17,8.0,0.169
2021-05-16T05:12:22.000,27.33,1.79,1.46,19.97,20.5,15483,-30.3,8.0,0.169
2021-05-16T05:13:22.000,27.29,1.72,1.45,19.97,20.5,15484,-30.42,8.0,0.169
2021-05-16T05:15:22.000,27.16,1.6,1.44,19.99,20.5,15486,-30.66,7.0,0.169
2021-05-16T05:16:22.000,27.13,1.62,1.39,20.03,20.5,15487,-30.78,7.0,0.169
2021-05-16T05:17:23.000,27.08,1.5,1.38,20.03,20.5,15488,-30.9,7.0,0.169
2021-05-16T05:18:23.000,27.02,1.44,1.37,20.04,20.5,15489,-31.02,7.0,0.169
2021-05-16T05:19:24.000,26.97,1.36,1.37,20.03,20.5,15490,-31.14,6.0,0.169
2021-05-16T05:20:24.000,26.94,1.29,1.37,20.04,20.5,15491,-31.25,6.0,0.169
2021-05-16T05:21:24.000,26.89,1.19,1.36,20.05,20.5,15492,-31.37,6.0,0.169
2021-05-16T05:23:25.000,26.8,1.16,1.35,20.05,20.5,15494,-31.6,6.0,0.169
2021-05-16T05:24:25.000,26.76,1.02,1.35,20.05,20.5,15495,-31.71,5.0,0.169
2021-05-16T05:29:26.000,26.62,0.89,1.3,20.1,20.5,15500,-32.27,5.0,0.17
2021-05-16T05:30:26.000,26.6,0.82,1.29,20.1,20.5,15501,-32.38,4.0,0.17
2021-05-16T05:31:26.000,26.58,0.75,1.28,20.11,20.5,15502,-32.48,4.0,0.17
2021-05-16T05:32:26.000,26.56,0.75,1.28,20.11,20.5,15503,-32.59,4.0,0.17
2021-05-16T05:34:27.000,26.4,0.24,1.27,20.12,20.5,15505,-32.81,4.0,0.17
2021-05-16T05:35:27.000,26.35,0.43,1.27,20.12,20.5,15506,-32.91,3.0,0.17
2021-05-16T05:36:28.000,26.32,0.45,1.26,20.13,20.5,15507,-33.02,3.0,0.17
2021-05-16T05:37:27.000,26.28,0.48,1.26,20.13,20.5,15508,-33.12,3.0,0.17
2021-05-16T05:38:28.000,26.24,0.47,1.26,20.13,20.5,15509,-33.22,3.0,0.17
2021-05-16T05:39:28.000,26.2,0.42,1.26,20.13,20.5,15510,-33.32,3.0,0.17
2021-05-16T05:41:28.000,26.14,0.39,1.25,20.13,20.5,15512,-33.52,2.0,0.17
2021-05-16T05:43:28.000,26.08,0.3,1.25,20.14,20.5,15514,-33.72,2.0,0.17
2021-05-16T05:47:29.000,25.95,0.21,1.24,20.14,20.5,15518,-34.1,1.0,0.17
2021-05-16T05:48:30.000,25.91,0.1,1.24,20.14,20.5,15519,-34.2,1.0,0.171
2021-05-16T05:49:30.000,25.85,-0.07,1.24,20.14,20.5,15520,-34.29,1.0,0.171
2021-05-16T05:50:31.000,25.8,0.0,1.24,20.14,20.5,15521,-34.38,1.0,0.171
2021-05-16T05:52:31.000,25.7,0.12,1.24,20.15,20.5,15523,-34.57,0.0,0.171
2021-05-16T05:53:32.000,25.68,0.15,1.24,20.15,20.5,15524,-34.66,0.0,0.171
2021-05-16T05:54:32.000,25.67,0.06,1.23,20.15,20.5,15525,-34.74,0.0,0.171
2021-05-16T05:55:32.000,25.64,-0.08,1.23,20.15,20.5,15526,-34.83,-0.0,0.171
2021-05-16T05:56:32.000,25.61,-0.16,1.23,20.16,20.5,15527,-34.92,-0.0,0.171
2021-05-16T05:57:32.000,25.53,-0.3,1.23,20.16,20.5,15528,-35.0,-0.0,0.171
2021-05-16T05:59:33.000,25.46,-0.25,1.22,20.16,20.5,15530,-35.17,-1.0,0.171
2021-05-16T06:00:33.000,25.42,-0.22,1.22,20.17,20.5,15531,-35.26,-1.0,0.171
2021-05-16T06:01:33.000,25.4,-0.21,1.21,20.17,20.5,15532,-35.34,-1.0,0.171
2021-05-16T06:02:36.000,25.37,-0.24,1.21,20.18,20.5,15533,-35.42,-1.0,0.171
2021-05-16T06:04:36.000,25.34,-0.18,1.21,20.18,20.5,15535,-35.58,-2.0,0.171
2021-05-16T06:05:37.000,25.29,-0.32,1.2,20.18,20.5,15536,-35.66,-2.0,0.171
2021-05-16T06:06:37.000,25.26,-0.4,1.2,20.18,20.5,15537,-35.74,-2.0,0.171
2021-05-16T06:07:38.000,25.2,-0.44,1.2,20.18,20.5,15538,-35.82,-2.0,0.171
2021-05-16T06:08:38.000,25.17,-0.4,1.2,20.18,20.5,15539,-35.89,-2.0,0.172
2021-05-16T06:09:38.000,25.15,-0.35,1.2,20.19,20.5,15540,-35.97,-3.0,0.172
2021-05-16T06:10:38.000,25.14,-0.36,1.19,20.19,20.5,15541,-36.04,-3.0,0.172
2021-05-16T06:12:39.000,25.12,-0.39,1.19,20.2,20.5,15543,-36.19,-3.0,0.172
2021-05-16T06:13:40.000,25.11,-0.41,1.19,20.19,20.5,15544,-36.26,-3.0,0.172
2021-05-16T06:15:45.000,25.01,-0.6,1.19,20.19,20.5,15546,-36.4,-4.0,0.172
2021-05-16T06:16:45.000,24.95,-0.7,1.18,20.2,20.5,15547,-36.47,-4.0,0.172
2021-05-16T06:17:46.000,24.9,-0.73,1.18,20.2,20.5,15548,-36.54,-4.0,0.172
2021-05-16T06:21:47.000,24.77,-0.78,1.18,20.2,20.5,15552,-36.79,-5.0,0.172
2021-05-16T06:23:47.000,24.64,-1.1,1.17,20.21,20.5,15554,-36.92,-5.0,0.172
2021-05-16T06:24:47.000,24.58,-1.12,1.16,20.22,20.5,15555,-36.97,-5.0,0.172
2021-05-16T06:25:47.000,24.52,-0.93,1.15,20.23,20.5,15556,-37.03,-5.0,0.172
2021-05-16T06:26:47.000,24.48,-1.0,1.15,20.23,20.5,15557,-37.09,-6.0,0.172
2021-05-16T06:29:48.000,24.37,-1.01,1.16,20.22,20.5,15560,-37.26,-6.0,0.173
2021-05-16T06:30:48.000,24.31,-1.13,1.15,20.22,20.5,15561,-37.31,-6.0,0.173
2021-05-16T06:31:49.000,24.3,-1.08,1.15,20.23,20.5,15562,-37.36,-6.0,0.173
2021-05-16T06:32:49.000,24.28,-1.09,1.15,20.23,20.5,15563,-37.41,-7.0,0.173
2021-05-16T06:33:49.000,24.26,-1.09,1.16,20.22,20.5,15564,-37.46,-7.0,0.173
2021-05-16T06:34:50.000,24.24,-1.03,1.15,20.23,20.5,15565,-37.51,-7.0,0.173
2021-05-16T06:35:50.000,24.23,-1.06,1.15,20.23,20.5,15566,-37.56,-7.0,0.173
2021-05-16T06:38:51.000,24.17,-0.97,1.14,20.24,20.5,15569,-37.7,-8.0,0.173
2021-05-16T06:39:51.000,24.13,-1.25,1.14,20.24,20.5,15570,-37.75,-8.0,0.173
2021-05-16T06:40:51.000,24.05,-1.42,1.14,20.24,20.5,15571,-37.79,-8.0,0.173
2021-05-16T06:41:52.000,23.98,-1.32,1.14,20.24,20.5,15572,-37.83,-8.0,0.173
2021-05-16T06:42:52.000,23.94,-1.29,1.13,20.24,20.5,15573,-37.87,-8.0,0.173
2021-05-16T06:43:52.000,23.94,-1.16,1.13,20.24,20.5,15574,-37.91,-8.0,0.173
2021-05-16T06:44:52.000,23.94,-1.2,1.13,20.25,20.5,15575,-37.95,-9.0,0.173
2021-05-16T06:45:53.000,23.9,-1.3,1.13,20.25,20.5,15576,-37.99,-9.0,0.173
2021-05-16T06:46:53.000,23.87,-1.33,1.12,20.26,20.5,15577,-38.02,-9.0,0.173
2021-05-16T06:47:53.000,23.86,-1.21,1.12,20.26,20.5,15578,-38.06,-9.0,0.174
2021-05-16T06:48:53.000,23.84,-1.31,1.13,20.25,20.5,15579,-38.09,-9.0,0.174
2021-05-16T06:49:54.000,23.77,-1.36,1.14,20.24,20.5,15580,-38.13,-9.0,0.174
2021-05-16T06:50:54.000,23.74,-1.45,1.14,20.23,20.5,15581,-38.16,-10.0,0.174
2021-05-16T06:51:55.000,23.68,-1.62,1.14,20.24,20.5,15582,-38.19,-10.0,0.174
2021-05-16T07:02:57.000,23.22,-1.52,1.08,20.3,20.5,15593,-38.46,-11.0,0.174
2021-05-16T07:03:58.000,23.22,-1.47,1.08,20.3,20.5,15594,-38.48,-12.0,0.174
2021-05-16T07:04:58.000,23.21,-1.7,1.07,20.3,20.5,15595,-38.49,-12.0,0.174
2021-05-16T07:05:58.000,23.16,-1.8,1.07,20.31,20.5,15596,-38.51,-12.0,0.174
2021-05-16T07:06:59.000,23.1,-1.79,1.07,20.31,20.5,15597,-38.52,-12.0,0.175
2021-05-16T07:07:59.000,23.07,-1.85,1.07,20.3,20.5,15598,-38.53,-12.0,0.175
2021-05-16T07:08:59.000,23.01,-1.88,1.07,20.31,20.5,15599,-38.55,-12.0,0.175
2021-05-16T07:09:59.000,23.01,-1.56,1.07,20.31,20.5,15600,-38.56,-13.0,0.175
2021-05-16T07:13:06.000,22.92,-1.81,1.06,20.31,20.5,15603,-38.58,-13.0,0.175
2021-05-16T07:14:07.000,22.92,-1.68,1.06,20.31,20.5,15604,-38.59,-13.0,0.175
2021-05-16T07:15:07.000,22.91,-1.66,1.06,20.32,20.5,15605,-38.6,-13.0,0.175
2021-05-16T07:16:07.000,22.9,-1.65,1.06,20.31,20.5,15606,-38.6,-13.0,0.175
2021-05-16T07:22:08.000,22.84,-1.99,1.06,20.32,20.5,15612,-38.6,-14.0,0.175
2021-05-16T07:23:08.000,22.83,-1.98,1.06,20.32,20.5,15613,-38.6,-15.0,0.175
2021-05-16T07:24:08.000,22.82,-1.96,1.06,20.32,20.5,15614,-38.59,-15.0,0.175
2021-05-16T07:25:08.000,22.81,-1.96,1.06,20.32,20.5,15615,-38.59,-15.0,0.175
2021-05-16T07:27:09.000,22.76,-2.23,1.05,20.32,20.5,15617,-38.57,-15.0,0.176
2021-05-16T07:28:09.000,22.73,-2.05,1.06,20.32,20.5,15618,-38.56,-15.0,0.176
2021-05-16T07:29:09.000,22.72,-2.12,1.06,20.32,20.5,15619,-38.55,-15.0,0.176
2021-05-16T07:30:10.000,22.72,-2.13,1.05,20.32,20.5,15620,-38.54,-16.0,0.176
2021-05-16T07:31:10.000,22.71,-2.2,1.05,20.33,20.5,15621,-38.53,-16.0,0.176
2021-05-16T07:34:16.000,22.66,-2.37,1.06,20.32,20.5,15624,-38.48,-16.0,0.176
2021-05-16T07:35:17.000,22.64,-2.28,1.06,20.31,20.5,15625,-38.46,-16.0,0.176
2021-05-16T07:36:17.000,22.62,-2.28,1.06,20.31,20.5,15626,-38.45,-16.0,0.176
2021-05-16T07:37:17.000,22.58,-2.3,1.06,20.31,20.5,15627,-38.43,-17.0,0.176
2021-05-16T07:38:17.000,22.58,-2.21,1.06,20.32,20.5,15628,-38.41,-17.0,0.176
2021-05-16T07:39:18.000,22.58,-2.21,1.06,20.32,20.5,15629,-38.38,-17.0,0.176
2021-05-16T07:41:18.000,22.54,-2.45,1.06,20.32,20.5,15631,-38.34,-17.0,0.176
2021-05-16T07:45:19.000,22.5,-2.65,1.05,20.32,20.5,15635,-38.23,-18.0,0.177
2021-05-16T07:46:19.000,22.45,-2.73,1.05,20.32,20.5,15636,-38.2,-18.0,0.177
2021-05-16T07:47:19.000,22.39,-2.76,1.05,20.33,20.5,15637,-38.17,-18.0,0.177
2021-05-16T07:48:19.000,22.37,-2.81,1.05,20.33,20.5,15638,-38.14,-18.0,0.177
2021-05-16T07:49:19.000,22.35,-2.84,1.04,20.33,20.5,15639,-38.11,-18.0,0.177
2021-05-16T07:50:20.000,22.32,-2.89,1.04,20.34,20.5,15640,-38.07,-18.0,0.177
2021-05-16T07:51:21.000,22.29,-2.96,1.04,20.34,20.5,15641,-38.04,-19.0,0.177
2021-05-16T07:52:21.000,22.24,-3.04,1.04,20.34,20.5,15642,-38.0,-19.0,0.177
2021-05-16T07:53:21.000,22.19,-2.94,1.04,20.34,20.5,15643,-37.96,-19.0,0.177
2021-05-16T07:54:21.000,22.17,-2.99,1.04,20.34,20.5,15644,-37.93,-19.0,0.177
2021-05-16T07:55:21.000,22.12,-3.12,1.04,20.34,20.5,15645,-37.89,-19.0,0.177
2021-05-16T07:56:22.000,22.05,-3.05,1.04,20.34,20.5,15646,-37.85,-19.0,0.177
2021-05-16T07:57:22.000,22.0,-3.07,1.04,20.34,20.5,15647,-37.8,-19.0,0.177
2021-05-16T08:03:25.000,21.89,-3.14,1.03,20.35,20.5,15653,-37.53,-20.0,0.177
2021-05-16T08:04:25.000,21.86,-3.22,1.03,20.35,20.5,15654,-37.48,-20.0,0.178
2021-05-16T08:05:26.000,21.84,-3.16,1.03,20.35,20.5,15655,-37.43,-20.0,0.178
2021-05-16T08:06:26.000,21.82,-3.22,1.03,20.35,20.5,15656,-37.38,-21.0,0.178
2021-05-16T08:07:26.000,21.8,-3.23,1.03,20.35,20.5,15657,-37.33,-21.0,0.178
2021-05-16T08:08:27.000,21.77,-3.3,1.03,20.35,20.5,15658,-37.28,-21.0,0.178
2021-05-16T08:12:28.000,21.63,-3.43,1.03,20.35,20.5,15662,-37.05,-21.0,0.178
2021-05-16T08:14:30.000,21.56,-3.52,1.03,20.35,20.5,15664,-36.94,-22.0,0.178
2021-05-16T08:15:31.000,21.54,-3.5,1.03,20.35,20.5,15665,-36.87,-22.0,0.178
2021-05-16T08:16:31.000,21.52,-3.57,1.03,20.35,20.5,15666,-36.81,-22.0,0.178
2021-05-16T08:17:31.000,21.49,-3.6,1.03,20.35,20.5,15667,-36.75,-22.0,0.178
2021-05-16T08:18:32.000,21.47,-3.58,1.03,20.35,20.5,15668,-36.69,-22.0,0.178
2021-05-16T08:19:32.000,21.46,-3.57,1.03,20.35,20.5,15669,-36.62,-22.0,0.178
2021-05-16T08:20:32.000,21.42,-3.7,1.03,20.35,20.5,15670,-36.56,-22.0,0.178
2021-05-16T08:24:39.000,21.32,-3.67,1.02,20.36,20.5,15674,-36.28,-23.0,0.179
2021-05-16T08:26:40.000,21.25,-3.85,1.03,20.35,20.5,15676,-36.14,-23.0,0.179
2021-05-16T08:27:40.000,21.21,-3.8,1.03,20.35,20.5,15677,-36.06,-23.0,0.179
2021-05-16T08:28:40.000,21.17,-3.79,1.03,20.35,20.5,15678,-35.99,-23.0,0.179
2021-05-16T08:30:41.000,21.13,-3.84,1.03,20.35,20.5,15680,-35.84,-24.0,0.179
2021-05-16T08:31:41.000,21.09,-3.96,1.03,20.35,20.5,15681,-35.76,-24.0,0.179
2021-05-16T08:32:41.000,21.06,-4.01,1.03,20.35,20.5,15682,-35.69,-24.0,0.179
2021-05-16T08:33:43.000,21.04,-3.98,1.03,20.35,20.5,15683,-35.61,-24.0,0.179
2021-05-16T08:34:43.000,20.99,-4.09,1.03,20.35,20.5,15684,-35.53,-24.0,0.179
2021-05-16T08:35:43.000,20.95,-4.11,1.02,20.35,20.5,15685,-35.45,-24.0,0.179
2021-05-16T08:36:44.000,20.92,-4.12,1.02,20.36,20.5,15686,-35.37,-24.0,0.179
2021-05-16T08:37:44.000,20.89,-4.19,1.02,20.36,20.5,15687,-35.28,-24.0,0.179
2021-05-16T08:38:44.000,20.87,-4.17,1.02,20.36,20.5,15688,-35.2,-25.0,0.179
2021-05-16T08:39:44.000,20.82,-4.32,1.02,20.36,20.5,15689,-35.12,-25.0,0.179
2021-05-16T08:41:45.000,20.74,-4.46,1.02,20.36,20.5,15691,-34.95,-25.0,0.179
2021-05-16T08:42:45.000,20.69,-4.46,1.01,20.37,20.5,15692,-34.86,-25.0,0.18
2021-05-16T08:43:45.000,20.65,-4.38,1.01,20.36,20.5,15693,-34.77,-25.0,0.18
2021-05-16T08:44:46.000,20.64,-4.37,1.02,20.36,20.5,15694,-34.68,-25.0,0.18
