Downloads/jupyter/ECSV/stars19/stars19_2022-07.ecsv
# %ECSV 1.0
# ---
# datatype:
# - {name: time, datatype: string}
# - {name: Enclosure Temperature, unit: deg_C, datatype: float64}
# - {name: Sky Temperature, unit: deg_C, datatype: float64}
# - {name: Frequency, unit: Hz, datatype: float64}
# - {name: MSAS, unit: mag / arcsec2, datatype: float64}
# - {name: ZP, datatype: float64}
# - {name: Sequence Number, datatype: int64}
# - {name: Sun Alt, unit: deg, datatype: float64}
# - {name: Moon Alt, unit: deg, datatype: float64}
# - {name: Moon Illumination, datatype: float64}
# delimiter: ','
# meta: !!omap
# - ida:
#     Data supplier: {affiliation: null, observer: null}
#     Device type: TESS-W
#     Field of view: 17.0
#     Filters per channel: None
#     Instrument ID: stars19
#     License: ODbL 1.0 http://opendatacommons.org/licenses/odbl/summary/
#     Local timezone: America/Phoenix
#     Location name: {country: '- Tucson', place: Tucson, region: United States, sub_region: Arizona, town: Pima County}
#     Measurement direction per channel: {azimuth: 0.0, zenital: 0.0}
#     Moving / Fixed look direction: FIXED
#     Moving / Stationary position: STATIONARY
#     Number of channels: 1
#     Number of fields per line: 8
#     Number of header lines: 35
#     Position: {height: 0.0, latitude: 32.223877, longitude: -110.767532}
#     TESS MAC address: 18:FE:34:CF:EC:06
#     TESS cover offset value: 0.0
#     TESS firmware version: '1.0'
#     TESS zero point: 20.5
#     Time Synchronization: timestamp added by MQTT subscriber
#     URL: http://www.darksky.org/NSBM/sdf1.0.pdf
# - __serialized_columns__:
#     Enclosure Temperature:
#       __class__: astropy.units.quantity.Quantity
#       unit: &id001 !astropy.units.Unit {unit: deg_C}
#       value: !astropy.table.SerializedColumn {name: Enclosure Temperature}
#     Frequency:
#       __class__: astropy.units.quantity.Quantity
#       unit: !astropy.units.Unit {unit: Hz}
#       value: !astropy.table.SerializedColumn {name: Frequency}
#     MSAS:
#       __class__: astropy.units.quantity.Quantity
#       unit: !astropy.units.Unit {unit: mag / arcsec2}
#       value: !astropy.table.SerializedColumn {name: MSAS}
#     Moon Alt:
#       __class__: astropy.units.quantity.Quantity
#       unit: &id002 !astropy.units.Unit {unit: deg}
#       value: !astropy.table.SerializedColumn {name: Moon Alt}
#     Sky Temperature:
#       __class__: astropy.units.quantity.Quantity
#       unit: *id001
#       value: !astropy.table.SerializedColumn {name: Sky Temperature}
#     Sun Alt:
#       __class__: astropy.units.quantity.Quantity
#       unit: *id002
#       value: !astropy.table.SerializedColumn {name: Sun Alt}
#     time:
#       __class__: astropy.time.core.Time
#       format: isot
#       in_subfmt: '*'
#       out_subfmt: '*'
#       precision: 3
#       scale: utc
#       value: !astropy.table.SerializedColumn {name: time}
# schema: astropy-2.0
time,Enclosure Temperature,Sky Temperature,Frequency,MSAS,ZP,Sequence Number,Sun Alt,Moon Alt,Moon Illumination
[from data line 16573]
2022-07-22T04:18:52.000,38.06,20.95,13.23,17.58,20.5,227030,-20.46,-34.0,0.346
2022-07-22T04:19:52.000,38.03,20.84,13.2,17.58,20.5,227031,-20.62,-34.0,0.346
2022-07-22T04:20:52.000,38.01,20.85,13.21,17.58,20.5,227032,-20.77,-34.0,0.346
2022-07-22T04:21:52.000,37.95,20.83,13.22,17.58,20.5,227033,-20.93,-34.0,0.345
2022-07-22T04:22:52.000,37.94,20.87,13.29,17.57,20.5,227034,-21.08,-34.0,0.345
2022-07-22T04:23:53.000,37.9,20.77,13.3,17.57,20.5,227035,-21.24,-34.0,0.345
2022-07-22T04:24:53.000,37.88,20.87,13.32,17.57,20.5,227036,-21.39,-34.0,0.345
2022-07-22T04:25:53.000,37.88,20.83,13.35,17.57,20.5,227037,-21.55,-34.0,0.345
2022-07-22T04:26:53.000,37.88,20.92,13.33,17.57,20.5,227038,-21.7,-34.0,0.345
2022-07-22T04:27:53.000,37.84,20.79,13.3,17.57,20.5,227039,-21.85,-33.0,0.345
2022-07-22T04:28:54.000,37.81,20.9,13.31,17.57,20.5,227040,-22.01,-33.0,0.345
2022-07-22T04:29:54.000,37.81,20.94,13.28,17.57,20.5,227041,-22.16,-33.0,0.345
2022-07-22T04:30:54.000,37.79,20.91,13.19,17.58,20.5,227042,-22.31,-33.0,0.345
2022-07-22T04:31:54.000,37.8,20.97,13.22,17.58,20.5,227043,-22.46,-33.0,0.345
2022-07-22T04:32:54.000,37.82,21.06,13.42,17.56,20.5,227044,-22.61,-33.0,0.345
2022-07-22T04:33:55.000,37.78,20.94,13.35,17.57,20.5,227045,-22.76,-33.0,0.345
2022-07-22T04:34:55.000,37.77,20.98,13.37,17.56,20.5,227046,-22.91,-33.0,0.345
2022-07-22T04:40:56.000,37.88,21.03,13.68,17.54,20.5,227052,-23.8,-32.0,0.344
2022-07-22T04:43:02.000,37.9,20.99,13.75,17.53,20.5,227054,-24.1,-32.0,0.344
2022-07-22T04:47:03.000,37.98,21.04,13.53,17.55,20.5,227058,-24.68,-31.0,0.344
2022-07-22T04:48:03.000,37.98,20.94,13.42,17.56,20.5,227059,-24.82,-31.0,0.344
2022-07-22T04:51:05.000,37.93,20.88,12.98,17.6,20.5,227062,-25.25,-30.0,0.344
2022-07-22T04:52:05.000,37.92,20.92,12.76,17.62,20.5,227063,-25.39,-30.0,0.343
2022-07-22T04:53:06.000,37.91,20.88,12.53,17.64,20.5,227064,-25.53,-30.0,0.343
2022-07-22T04:54:06.000,37.92,21.12,12.18,17.67,20.5,227065,-25.67,-30.0,0.343
2022-07-22T04:55:06.000,37.97,21.03,11.91,17.69,20.5,227066,-25.8,-30.0,0.343
2022-07-22T05:05:13.000,37.97,21.15,11.32,17.75,20.5,227076,-27.17,-28.0,0.343
2022-07-22T05:14:15.000,37.98,21.01,10.35,17.84,20.5,227085,-28.33,-27.0,0.342
2022-07-22T05:15:16.000,37.97,20.93,10.27,17.85,20.5,227086,-28.45,-27.0,0.342
2022-07-22T05:16:16.000,37.92,20.88,10.05,17.87,20.5,227087,-28.58,-27.0,0.342
2022-07-22T05:17:16.000,37.92,20.96,9.92,17.89,20.5,227088,-28.7,-27.0,0.342
2022-07-22T05:18:16.000,37.93,20.98,9.69,17.91,20.5,227089,-28.83,-27.0,0.342
2022-07-22T05:19:16.000,37.97,20.97,9.44,17.94,20.5,227090,-28.95,-26.0,0.342
2022-07-22T05:20:17.000,37.99,20.87,9.25,17.96,20.5,227091,-29.07,-26.0,0.342
2022-07-22T05:21:17.000,38.02,20.82,9.13,17.98,20.5,227092,-29.19,-26.0,0.342
2022-07-22T05:22:17.000,38.01,20.66,9.04,17.99,20.5,227093,-29.31,-26.0,0.342
2022-07-22T05:23:17.000,38.03,20.66,8.97,18.0,20.5,227094,-29.43,-26.0,0.341
2022-07-22T05:24:18.000,38.05,20.62,8.91,18.01,20.5,227095,-29.55,-26.0,0.341
2022-07-22T05:26:18.000,38.04,20.47,8.82,18.02,20.5,227097,-29.79,-25.0,0.341
2022-07-22T05:27:18.000,38.02,20.36,8.82,18.02,20.5,227098,-29.91,-25.0,0.341
2022-07-22T05:31:19.000,38.04,20.58,8.78,18.02,20.5,227102,-30.37,-25.0,0.341
2022-07-22T05:32:19.000,38.06,20.63,8.78,18.02,20.5,227103,-30.48,-24.0,0.341
2022-07-22T05:33:19.000,38.06,20.61,8.83,18.02,20.5,227104,-30.59,-24.0,0.341
2022-07-22T05:36:20.000,38.21,20.74,8.82,18.02,20.5,227107,-30.93,-24.0,0.341
2022-07-22T05:39:20.000,38.22,20.62,8.95,18.0,20.5,227110,-31.26,-23.0,0.34
2022-07-22T05:40:21.000,38.25,20.6,9.04,17.99,20.5,227111,-31.36,-23.0,0.34
2022-07-22T05:41:22.000,38.25,20.58,9.11,17.98,20.5,227112,-31.47,-23.0,0.34
2022-07-22T05:42:24.000,38.27,20.62,9.15,17.98,20.5,227113,-31.58,-23.0,0.34
2022-07-22T05:43:24.000,38.27,20.52,9.17,17.97,20.5,227114,-31.69,-23.0,0.34
2022-07-22T05:44:24.000,38.22,20.43,9.19,17.97,20.5,227115,-31.79,-22.0,0.34
2022-07-22T05:45:24.000,38.2,20.43,9.2,17.97,20.5,227116,-31.89,-22.0,0.34
2022-07-22T05:46:25.000,38.21,20.43,9.21,17.97,20.5,227117,-32.0,-22.0,0.34
2022-07-22T05:47:25.000,38.21,20.38,9.19,17.97,20.5,227118,-32.1,-22.0,0.34
2022-07-22T05:48:26.000,38.18,20.26,9.15,17.98,20.5,227119,-32.2,-22.0,0.34
2022-07-22T05:49:26.000,38.12,20.24,9.1,17.98,20.5,227120,-32.3,-22.0,0.34
2022-07-22T05:51:27.000,38.06,20.22,9.03,17.99,20.5,227122,-32.5,-21.0,0.34
2022-07-22T05:52:28.000,38.04,20.21,9.03,17.99,20.5,227123,-32.6,-21.0,0.34
2022-07-22T05:53:28.000,38.02,20.19,9.02,17.99,20.5,227124,-32.69,-21.0,0.34
2022-07-22T05:54:28.000,37.97,20.02,9.03,17.99,20.5,227125,-32.79,-21.0,0.339
2022-07-22T05:55:29.000,37.89,20.06,9.05,17.99,20.5,227126,-32.89,-21.0,0.339
2022-07-22T05:56:29.000,37.86,20.04,9.06,17.99,20.5,227127,-32.98,-20.0,0.339
2022-07-22T05:57:29.000,37.79,19.95,9.09,17.98,20.5,227128,-33.07,-20.0,0.339
2022-07-22T05:58:29.000,37.72,20.05,9.12,17.98,20.5,227129,-33.17,-20.0,0.339
2022-07-22T05:59:30.000,37.69,20.11,9.14,17.98,20.5,227130,-33.26,-20.0,0.339
2022-07-22T06:00:30.000,37.71,20.13,9.15,17.98,20.5,227131,-33.35,-20.0,0.339
2022-07-22T06:01:30.000,37.67,19.95,9.17,17.97,20.5,227132,-33.44,-20.0,0.339
2022-07-22T06:02:31.000,37.57,19.94,9.21,17.97,20.5,227133,-33.53,-19.0,0.339
2022-07-22T06:03:31.000,37.54,20.09,9.27,17.96,20.5,227134,-33.62,-19.0,0.339
2022-07-22T06:04:31.000,37.48,19.91,9.33,17.96,20.5,227135,-33.7,-19.0,0.339
2022-07-22T06:05:31.000,37.43,19.95,9.37,17.95,20.5,227136,-33.79,-19.0,0.339
2022-07-22T06:06:31.000,37.36,19.86,9.43,17.94,20.5,227137,-33.88,-19.0,0.339
2022-07-22T06:07:32.000,37.32,20.11,9.46,17.94,20.5,227138,-33.96,-19.0,0.339
2022-07-22T06:08:32.000,37.31,19.97,9.5,17.94,20.5,227139,-34.05,-18.0,0.339
2022-07-22T06:09:32.000,37.3,20.09,9.54,17.93,20.5,227140,-34.13,-18.0,0.338
2022-07-22T06:10:32.000,37.3,20.1,9.6,17.92,20.5,227141,-34.21,-18.0,0.338
2022-07-22T06:11:33.000,37.26,20.01,9.65,17.92,20.5,227142,-34.29,-18.0,0.338
2022-07-22T06:14:40.000,37.2,20.22,9.85,17.9,20.5,227145,-34.54,-17.0,0.338
2022-07-22T06:15:41.000,37.22,20.35,9.89,17.89,20.5,227146,-34.62,-17.0,0.338
2022-07-22T06:16:41.000,37.22,20.18,9.91,17.89,20.5,227147,-34.69,-17.0,0.338
2022-07-22T06:17:41.000,37.2,20.16,9.9,17.89,20.5,227148,-34.77,-17.0,0.338
2022-07-22T06:18:41.000,37.2,20.3,9.87,17.89,20.5,227149,-34.84,-17.0,0.338
2022-07-22T06:19:42.000,37.22,20.36,9.84,17.9,20.5,227150,-34.92,-17.0,0.338
2022-07-22T06:20:42.000,37.23,20.27,9.78,17.9,20.5,227151,-34.99,-16.0,0.338
2022-07-22T06:21:42.000,37.22,20.18,9.71,17.91,20.5,227152,-35.06,-16.0,0.338
2022-07-22T06:22:42.000,37.15,20.11,9.65,17.92,20.5,227153,-35.13,-16.0,0.338
2022-07-22T06:28:43.000,36.82,20.11,8.84,18.01,20.5,227159,-35.53,-15.0,0.337
2022-07-22T06:29:43.000,36.84,20.08,8.75,18.02,20.5,227160,-35.6,-15.0,0.337
2022-07-22T06:30:43.000,36.78,19.9,8.62,18.04,20.5,227161,-35.66,-15.0,0.337
2022-07-22T06:31:44.000,36.74,20.04,8.47,18.06,20.5,227162,-35.72,-14.0,0.337
2022-07-22T06:32:44.000,36.76,20.08,8.39,18.07,20.5,227163,-35.78,-14.0,0.337
2022-07-22T06:33:44.000,36.76,19.97,8.17,18.1,20.5,227164,-35.84,-14.0,0.337
2022-07-22T06:34:44.000,36.77,20.02,8.04,18.12,20.5,227165,-35.9,-14.0,0.337
2022-07-22T06:37:44.000,36.64,20.01,7.9,18.14,20.5,227168,-36.07,-13.0,0.337
2022-07-22T06:40:45.000,36.56,19.85,7.98,18.12,20.5,227171,-36.23,-13.0,0.336
2022-07-22T06:41:45.000,36.51,19.79,8.11,18.11,20.5,227172,-36.28,-13.0,0.336
2022-07-22T06:42:47.000,36.51,19.79,8.23,18.09,20.5,227173,-36.34,-12.0,0.336
2022-07-22T06:43:47.000,36.49,19.82,8.31,18.08,20.5,227174,-36.39,-12.0,0.336
2022-07-22T06:44:47.000,36.45,19.81,8.33,18.08,20.5,227175,-36.43,-12.0,0.336
2022-07-22T06:46:53.000,36.38,19.84,8.54,18.05,20.5,227177,-36.53,-12.0,0.336
2022-07-22T06:47:54.000,36.36,19.95,8.67,18.04,20.5,227178,-36.58,-12.0,0.336
2022-07-22T06:48:54.000,36.36,19.96,8.78,18.02,20.5,227179,-36.62,-11.0,0.336
2022-07-22T06:49:54.000,36.4,20.08,8.86,18.01,20.5,227180,-36.67,-11.0,0.336
2022-07-22T06:50:55.000,36.44,20.11,8.94,18.0,20.5,227181,-36.71,-11.0,0.336
2022-07-22T06:51:55.000,36.42,20.06,9.04,17.99,20.5,227182,-36.75,-11.0,0.336
2022-07-22T06:52:55.000,36.4,20.03,9.12,17.98,20.5,227183,-36.79,-11.0,0.336
2022-07-22T06:55:59.000,36.31,20.17,9.24,17.97,20.5,227186,-36.91,-10.0,0.336
2022-07-22T06:58:00.000,36.31,20.23,9.27,17.96,20.5,227188,-36.98,-10.0,0.335
2022-07-22T06:59:00.000,36.3,20.2,9.26,17.96,20.5,227189,-37.01,-9.0,0.335
2022-07-22T07:00:01.000,36.33,20.28,9.25,17.96,20.5,227190,-37.04,-9.0,0.335
2022-07-22T07:01:01.000,36.32,20.25,9.11,17.98,20.5,227191,-37.08,-9.0,0.335
2022-07-22T07:02:01.000,36.34,20.27,9.03,17.99,20.5,227192,-37.11,-9.0,0.335
2022-07-22T07:03:01.000,36.31,20.13,8.99,18.0,20.5,227193,-37.14,-9.0,0.335
2022-07-22T07:04:01.000,36.32,20.32,8.94,18.0,20.5,227194,-37.16,-9.0,0.335
2022-07-22T07:05:02.000,36.3,20.16,8.91,18.01,20.5,227195,-37.19,-8.0,0.335
2022-07-22T07:06:02.000,36.27,20.23,8.88,18.01,20.5,227196,-37.22,-8.0,0.335
2022-07-22T07:07:03.000,36.32,20.41,8.83,18.02,20.5,227197,-37.24,-8.0,0.335
2022-07-22T07:08:03.000,36.34,20.31,8.81,18.02,20.5,227198,-37.27,-8.0,0.335
2022-07-22T07:09:03.000,36.38,20.4,8.77,18.02,20.5,227199,-37.29,-8.0,0.335
2022-07-22T07:10:03.000,36.45,20.49,8.79,18.02,20.5,227200,-37.31,-7.0,0.335
2022-07-22T07:11:03.000,36.5,20.52,8.79,18.02,20.5,227201,-37.33,-7.0,0.335
2022-07-22T07:12:04.000,36.56,20.55,8.77,18.02,20.5,227202,-37.35,-7.0,0.334
2022-07-22T07:13:04.000,36.6,20.52,8.74,18.03,20.5,227203,-37.37,-7.0,0.334
2022-07-22T07:14:05.000,36.63,20.54,8.7,18.03,20.5,227204,-37.39,-7.0,0.334
2022-07-22T07:15:05.000,36.65,20.58,8.63,18.04,20.5,227205,-37.41,-6.0,0.334
2022-07-22T07:17:06.000,36.62,20.42,8.45,18.06,20.5,227207,-37.44,-6.0,0.334
2022-07-22T07:18:06.000,36.68,20.66,8.33,18.08,20.5,227208,-37.45,-6.0,0.334
2022-07-22T07:19:06.000,36.76,20.65,8.24,18.09,20.5,227209,-37.46,-6.0,0.334
2022-07-22T07:20:07.000,36.79,20.58,8.1,18.11,20.5,227210,-37.47,-6.0,0.334
2022-07-22T07:21:07.000,36.84,20.64,7.98,18.12,20.5,227211,-37.48,-5.0,0.334
2022-07-22T07:22:07.000,36.91,20.66,7.82,18.15,20.5,227212,-37.49,-5.0,0.334
2022-07-22T07:23:07.000,36.97,20.61,7.7,18.16,20.5,227213,-37.5,-5.0,0.334
2022-07-22T07:24:07.000,37.0,20.55,7.66,18.17,20.5,227214,-37.51,-5.0,0.334
2022-07-22T07:25:08.000,37.04,20.56,7.5,18.19,20.5,227215,-37.51,-5.0,0.334
2022-07-22T07:26:08.000,37.07,20.53,7.42,18.2,20.5,227216,-37.52,-4.0,0.334
2022-07-22T07:27:08.000,37.11,20.53,7.37,18.21,20.5,227217,-37.52,-4.0,0.334
2022-07-22T07:28:08.000,37.12,20.44,7.2,18.24,20.5,227218,-37.52,-4.0,0.333
2022-07-22T07:29:08.000,37.1,20.31,7.09,18.25,20.5,227219,-37.52,-4.0,0.333
2022-07-22T07:30:09.000,37.08,20.37,7.0,18.27,20.5,227220,-37.52,-4.0,0.333
2022-07-22T07:31:09.000,37.1,20.45,6.93,18.28,20.5,227221,-37.52,-3.0,0.333
2022-07-22T07:32:09.000,37.14,20.4,6.75,18.31,20.5,227222,-37.52,-3.0,0.333
2022-07-22T07:33:09.000,37.16,20.25,6.65,18.32,20.5,227223,-37.52,-3.0,0.333
2022-07-22T07:34:09.000,37.16,20.2,6.52,18.34,20.5,227224,-37.51,-3.0,0.333
2022-07-22T07:35:10.000,37.14,20.07,6.35,18.37,20.5,227225,-37.51,-3.0,0.333
2022-07-22T07:36:10.000,37.12,19.96,6.21,18.4,20.5,227226,-37.5,-2.0,0.333
2022-07-22T07:37:10.000,37.12,19.97,6.02,18.43,20.5,227227,-37.49,-2.0,0.333
2022-07-22T07:38:10.000,37.12,19.85,5.77,18.48,20.5,227228,-37.48,-2.0,0.333
2022-07-22T07:40:16.000,37.02,19.58,5.34,18.56,20.5,227230,-37.46,-2.0,0.333
2022-07-22T07:41:16.000,36.98,19.42,5.08,18.62,20.5,227231,-37.45,-2.0,0.333
2022-07-22T07:42:18.000,36.89,19.23,4.82,18.67,20.5,227232,-37.44,-1.0,0.333
2022-07-22T07:43:18.000,36.84,19.25,4.56,18.73,20.5,227233,-37.42,-1.0,0.332
2022-07-22T07:44:18.000,36.81,19.09,4.32,18.79,20.5,227234,-37.41,-1.0,0.332
2022-07-22T07:46:19.000,36.7,18.87,3.91,18.9,20.5,227236,-37.37,-1.0,0.332
2022-07-22T07:47:19.000,36.74,18.85,3.72,18.95,20.5,227237,-37.35,-0.0,0.332
2022-07-22T07:48:19.000,36.76,18.68,3.54,19.01,20.5,227238,-37.33,-0.0,0.332
2022-07-22T07:49:19.000,36.73,18.45,3.36,19.06,20.5,227239,-37.31,0.0,0.332
2022-07-22T07:50:19.000,36.68,18.31,3.19,19.12,20.5,227240,-37.29,0.0,0.332
2022-07-22T07:55:21.000,36.67,17.63,2.48,19.39,20.5,227245,-37.16,1.0,0.332
2022-07-22T08:03:22.000,36.48,17.17,2.09,19.58,20.5,227253,-36.91,3.0,0.331
2022-07-22T08:06:22.000,36.48,17.05,2.07,19.59,20.5,227256,-36.79,3.0,0.331
2022-07-22T08:07:23.000,36.48,17.01,2.06,19.59,20.5,227257,-36.75,4.0,0.331
2022-07-22T08:08:23.000,36.48,16.94,2.06,19.6,20.5,227258,-36.71,4.0,0.331
2022-07-22T08:10:23.000,36.47,16.9,2.06,19.59,20.5,227260,-36.63,4.0,0.331
2022-07-22T08:11:23.000,36.46,16.97,2.07,19.59,20.5,227261,-36.58,4.0,0.331
2022-07-22T08:12:24.000,36.44,16.92,2.08,19.58,20.5,227262,-36.54,5.0,0.331
2022-07-22T08:13:24.000,36.42,16.9,2.09,19.58,20.5,227263,-36.49,5.0,0.331
2022-07-22T08:14:24.000,36.43,17.04,2.09,19.58,20.5,227264,-36.44,5.0,0.33
2022-07-22T08:17:25.000,36.42,16.93,2.11,19.57,20.5,227267,-36.29,6.0,0.33
2022-07-22T08:20:25.000,36.3,17.09,2.14,19.55,20.5,227270,-36.14,6.0,0.33
2022-07-22T08:21:26.000,36.29,17.03,2.17,19.54,20.5,227271,-36.08,6.0,0.33
2022-07-22T08:22:26.000,36.25,17.03,2.19,19.53,20.5,227272,-36.03,7.0,0.33
2022-07-22T08:39:27.000,35.71,17.23,2.79,19.27,20.5,227289,-34.93,10.0,0.329
2022-07-22T08:40:28.000,35.71,17.19,2.81,19.26,20.5,227290,-34.86,10.0,0.329
2022-07-22T08:41:29.000,35.67,17.17,2.83,19.25,20.5,227291,-34.78,10.0,0.329
2022-07-22T08:42:30.000,35.65,17.18,2.85,19.24,20.5,227292,-34.71,11.0,0.329
2022-07-22T08:43:30.000,35.63,17.16,2.89,19.23,20.5,227293,-34.63,11.0,0.329
2022-07-22T08:45:31.000,35.57,17.19,2.92,19.21,20.5,227295,-34.47,11.0,0.329
2022-07-22T08:46:32.000,35.57,17.15,2.93,19.21,20.5,227296,-34.39,11.0,0.328
2022-07-22T08:47:32.000,35.53,17.05,2.94,19.21,20.5,227297,-34.31,12.0,0.328
2022-07-22T08:49:33.000,35.4,17.1,2.94,19.21,20.5,227299,-34.15,12.0,0.328
2022-07-22T08:51:40.000,35.42,17.09,2.96,19.2,20.5,227301,-33.98,12.0,0.328
2022-07-22T08:52:41.000,35.41,17.1,2.97,19.2,20.5,227302,-33.89,13.0,0.328
2022-07-22T08:53:41.000,35.41,17.14,3.0,19.19,20.5,227303,-33.81,13.0,0.328
2022-07-22T08:54:41.000,35.44,17.2,3.02,19.18,20.5,227304,-33.72,13.0,0.328
2022-07-22T08:55:42.000,35.46,17.21,3.05,19.17,20.5,227305,-33.63,13.0,0.328
2022-07-22T08:56:42.000,35.44,17.21,3.08,19.16,20.5,227306,-33.54,13.0,0.328
2022-07-22T08:57:42.000,35.43,17.27,3.12,19.14,20.5,227307,-33.45,14.0,0.328
2022-07-22T08:58:42.000,35.41,17.33,3.21,19.11,20.5,227308,-33.37,14.0,0.328
2022-07-22T08:59:43.000,35.41,17.58,3.36,19.06,20.5,227309,-33.27,14.0,0.328
2022-07-22T09:00:43.000,35.4,17.78,3.68,18.97,20.5,227310,-33.18,14.0,0.328
2022-07-22T09:01:43.000,35.4,18.04,4.17,18.83,20.5,227311,-33.09,14.0,0.327
2022-07-22T09:04:43.000,35.28,18.43,5.78,18.47,20.5,227314,-32.81,15.0,0.327
2022-07-22T09:07:44.000,35.27,19.03,6.61,18.33,20.5,227317,-32.52,16.0,0.327
2022-07-22T09:13:45.000,35.28,19.31,7.2,18.24,20.5,227323,-31.92,17.0,0.327
2022-07-22T09:14:45.000,35.27,19.34,7.17,18.15,20.5,227324,-31.81,17.0,0.327
2022-07-22T09:15:46.000,35.3,19.38,7.0,18.27,20.5,227325,-31.71,17.0,0.327
2022-07-22T09:16:46.000,35.31,19.1,6.73,18.31,20.5,227326,-31.6,18.0,0.327
2022-07-22T09:17:46.000,35.3,18.89,6.32,18.38,20.5,227327,-31.5,18.0,0.326
2022-07-22T09:18:46.000,35.3,18.79,5.9,18.45,20.5,227328,-31.39,18.0,0.326
2022-07-22T09:19:47.000,35.29,18.7,5.57,18.52,20.5,227329,-31.28,18.0,0.326
2022-07-22T09:20:47.000,35.3,18.59,5.27,18.58,20.5,227330,-31.17,18.0,0.326
2022-07-22T09:21:47.000,35.3,18.44,5.02,18.63,20.5,227331,-31.07,19.0,0.326
2022-07-22T09:22:48.000,35.29,18.41,4.73,18.69,20.5,227332,-30.96,19.0,0.326
2022-07-22T09:25:48.000,35.28,18.15,4.14,18.84,20.5,227335,-30.62,19.0,0.326
2022-07-22T09:28:48.000,35.19,18.09,3.93,18.89,20.5,227338,-30.28,20.0,0.326
2022-07-22T09:31:49.000,35.1,18.11,4.1,18.85,20.5,227341,-29.94,21.0,0.326
2022-07-22T09:32:49.000,35.08,18.34,4.61,18.72,20.5,227342,-29.82,21.0,0.326
2022-07-22T09:33:49.000,35.08,18.47,4.88,18.66,20.5,227343,-29.7,21.0,0.325
