Downloads/jupyter/ECSV/stars19/stars19_2023-05.ecsv
# %ECSV 1.0
# ---
# datatype:
# - {name: time, datatype: string}
# - {name: Enclosure Temperature, unit: deg_C, datatype: float64}
# - {name: Sky Temperature, unit: deg_C, datatype: float64}
# - {name: Frequency, unit: Hz, datatype: float64}
# - {name: MSAS, unit: mag / arcsec2, datatype: float64}
# - {name: ZP, datatype: float64}
# - {name: Sequence Number, datatype: int64}
# - {name: Sun Alt, unit: deg, datatype: float64}
# - {name: Moon Alt, unit: deg, datatype: float64}
# - {name: Moon Illumination, datatype: float64}
# delimiter: ','
# meta: !!omap
# - ida:
#     Data supplier: {affiliation: null, observer: null}
#     Device type: TESS-W
#     Field of view: 17.0
#     Filters per channel: None
#     Instrument ID: stars19
#     License: ODbL 1.0 http://opendatacommons.org/licenses/odbl/summary/
#     Local timezone: America/Phoenix
#     Location name: {country: '- Tucson', place: Tucson, region: United States, sub_region: Arizona, town: Pima County}
#     Measurement direction per channel: {azimuth: 0.0, zenital: 0.0}
#     Moving / Fixed look direction: FIXED
#     Moving / Stationary position: STATIONARY
#     Number of channels: 1
#     Number of fields per line: 8
#     Number of header lines: 35
#     Position: {height: 0.0, latitude: 32.223877, longitude: -110.767532}
#     TESS MAC address: 18:FE:34:CF:EC:06
#     TESS cover offset value: 0.0
#     TESS firmware version: '1.0'
#     TESS zero point: 20.38
#     Time Synchronization: timestamp added by MQTT subscriber
#     URL: http://www.darksky.org/NSBM/sdf1.0.pdf
# - __serialized_columns__:
#     Enclosure Temperature:
#       __class__: astropy.units.quantity.Quantity
#       unit: &id001 !astropy.units.Unit {unit: deg_C}
#       value: !astropy.table.SerializedColumn {name: Enclosure Temperature}
#     Frequency:
#       __class__: astropy.units.quantity.Quantity
#       unit: !astropy.units.Unit {unit: Hz}
#       value: !astropy.table.SerializedColumn {name: Frequency}
#     MSAS:
#       __class__: astropy.units.quantity.Quantity
#       unit: !astropy.units.Unit {unit: mag / arcsec2}
#       value: !astropy.table.SerializedColumn {name: MSAS}
#     Moon Alt:
#       __class__: astropy.units.quantity.Quantity
#       unit: &id002 !astropy.units.Unit {unit: deg}
#       value: !astropy.table.SerializedColumn {name: Moon Alt}
#     Sky Temperature:
#       __class__: astropy.units.quantity.Quantity
#       unit: *id001
#       value: !astropy.table.SerializedColumn {name: Sky Temperature}
#     Sun Alt:
#       __class__: astropy.units.quantity.Quantity
#       unit: *id002
#       value: !astropy.table.SerializedColumn {name: Sun Alt}
#     time:
#       __class__: astropy.time.core.Time
#       format: isot
#       in_subfmt: '*'
#       out_subfmt: '*'
#       precision: 3
#       scale: utc
#       value: !astropy.table.SerializedColumn {name: time}
# schema: astropy-2.0
time,Enclosure Temperature,Sky Temperature,Frequency,MSAS,ZP,Sequence Number,Sun Alt,Moon Alt,Moon Illumination
[from data line 11706]
2023-05-16T07:12:43.000,28.54,9.0,1.91,19.68,20.38,182588,-38.69,-40.0,0.128
2023-05-16T07:13:42.000,28.52,9.07,1.79,19.75,20.38,182589,-38.7,-40.0,0.128
2023-05-16T07:14:42.000,28.42,9.09,1.74,19.78,20.38,182590,-38.71,-40.0,0.128
2023-05-16T07:15:43.000,28.38,9.23,1.79,19.75,20.38,182591,-38.71,-39.0,0.128
2023-05-16T07:16:43.000,28.42,9.6,1.86,19.71,20.38,182592,-38.71,-39.0,0.128
2023-05-16T07:17:44.000,28.42,9.73,1.97,19.64,20.38,182593,-38.72,-39.0,0.128
2023-05-16T07:18:46.000,28.42,9.82,2.05,19.6,20.38,182594,-38.72,-39.0,0.128
2023-05-16T07:19:46.000,28.43,10.08,2.06,19.6,20.38,182595,-38.72,-39.0,0.128
2023-05-16T07:21:47.000,28.68,10.91,2.37,19.44,20.38,182597,-38.71,-38.0,0.127
2023-05-16T07:22:47.000,28.73,11.31,3.01,19.19,20.38,182598,-38.71,-38.0,0.127
2023-05-16T07:23:48.000,28.79,11.95,3.86,18.92,20.38,182599,-38.71,-38.0,0.127
2023-05-16T07:24:48.000,28.82,12.23,4.62,18.72,20.38,182600,-38.7,-38.0,0.127
2023-05-16T07:25:49.000,28.77,12.39,5.52,18.53,20.38,182601,-38.69,-38.0,0.127
2023-05-16T07:26:50.000,28.79,12.69,6.72,18.31,20.38,182602,-38.69,-38.0,0.127
2023-05-16T07:27:52.000,28.79,12.77,8.0,18.12,20.38,182603,-38.68,-37.0,0.127
2023-05-16T07:28:53.000,28.77,13.04,9.09,17.98,20.38,182604,-38.67,-37.0,0.127
2023-05-16T07:29:54.000,28.74,13.39,9.88,17.89,20.38,182605,-38.65,-37.0,0.127
2023-05-16T07:30:54.000,28.78,13.8,10.44,17.83,20.38,182606,-38.64,-37.0,0.127
2023-05-16T07:31:54.000,28.82,14.04,10.9,17.79,20.38,182607,-38.63,-37.0,0.127
2023-05-16T07:32:54.000,28.85,14.21,11.29,17.75,20.38,182608,-38.61,-36.0,0.127
2023-05-16T07:33:55.000,28.86,14.27,11.53,17.73,20.38,182609,-38.6,-36.0,0.127
2023-05-16T07:34:56.000,28.85,14.23,11.54,17.72,20.38,182610,-38.58,-36.0,0.127
2023-05-16T07:35:57.000,28.82,14.21,11.5,17.73,20.38,182611,-38.56,-36.0,0.127
2023-05-16T07:36:58.000,28.8,14.19,11.5,17.73,20.38,182612,-38.54,-36.0,0.127
2023-05-16T07:38:58.000,28.85,14.38,11.55,17.72,20.38,182614,-38.5,-35.0,0.127
2023-05-16T07:39:58.000,28.88,14.28,11.59,17.72,20.38,182615,-38.48,-35.0,0.126
2023-05-16T07:40:58.000,28.88,14.34,11.65,17.71,20.38,182616,-38.45,-35.0,0.126
2023-05-16T07:41:58.000,28.9,14.38,11.75,17.71,20.38,182617,-38.43,-35.0,0.126
2023-05-16T07:42:58.000,28.93,14.54,11.73,17.71,20.38,182618,-38.4,-35.0,0.126
2023-05-16T07:44:58.000,29.0,14.62,11.3,17.75,20.38,182620,-38.35,-34.0,0.126
2023-05-16T07:45:58.000,29.03,14.61,11.0,17.78,20.38,182621,-38.32,-34.0,0.126
2023-05-16T07:46:58.000,29.04,14.67,10.8,17.8,20.38,182622,-38.29,-34.0,0.126
2023-05-16T07:47:58.000,29.07,14.72,10.67,17.81,20.38,182623,-38.26,-34.0,0.126
2023-05-16T07:48:58.000,29.05,14.62,10.62,17.81,20.38,182624,-38.23,-34.0,0.126
2023-05-16T07:49:59.000,29.07,14.74,10.72,17.8,20.38,182625,-38.19,-33.0,0.126
2023-05-16T07:50:59.000,29.08,14.7,10.98,17.78,20.38,182626,-38.16,-33.0,0.126
2023-05-16T07:51:59.000,29.07,14.66,11.34,17.74,20.38,182627,-38.12,-33.0,0.126
2023-05-16T07:52:59.000,29.03,14.66,11.62,17.72,20.38,182628,-38.09,-33.0,0.126
2023-05-16T07:53:59.000,29.01,14.79,11.76,17.7,20.38,182629,-38.05,-33.0,0.126
2023-05-16T07:54:59.000,29.04,14.84,11.86,17.7,20.38,182630,-38.01,-33.0,0.126
2023-05-16T07:55:59.000,29.07,14.89,11.81,17.7,20.38,182631,-37.97,-32.0,0.126
2023-05-16T07:56:59.000,29.11,14.83,11.59,17.72,20.38,182632,-37.93,-32.0,0.126
2023-05-16T07:57:59.000,29.15,14.76,11.29,17.75,20.38,182633,-37.89,-32.0,0.126
2023-05-16T07:58:59.000,29.15,14.59,10.97,17.78,20.38,182634,-37.84,-32.0,0.126
2023-05-16T08:01:00.000,29.15,14.68,10.53,17.82,20.38,182636,-37.75,-31.0,0.125
2023-05-16T08:02:00.000,29.15,14.71,10.58,17.82,20.38,182637,-37.71,-31.0,0.125
2023-05-16T08:03:00.000,29.14,14.74,10.8,17.8,20.38,182638,-37.66,-31.0,0.125
2023-05-16T08:04:00.000,29.12,14.75,11.04,17.77,20.38,182639,-37.61,-31.0,0.125
2023-05-16T08:05:00.000,29.08,14.73,11.26,17.75,20.38,182640,-37.56,-31.0,0.125
2023-05-16T08:06:00.000,29.04,14.69,11.36,17.74,20.38,182641,-37.51,-31.0,0.125
2023-05-16T08:07:00.000,28.97,14.62,11.34,17.74,20.38,182642,-37.46,-30.0,0.125
2023-05-16T08:08:00.000,28.94,14.59,11.22,17.76,20.38,182643,-37.41,-30.0,0.125
2023-05-16T08:09:00.000,28.91,14.59,11.05,17.77,20.38,182644,-37.35,-30.0,0.125
2023-05-16T08:10:02.000,28.89,14.54,10.85,17.79,20.38,182645,-37.3,-30.0,0.125
2023-05-16T08:11:01.000,28.9,14.57,10.67,17.81,20.38,182646,-37.24,-30.0,0.125
2023-05-16T08:12:01.000,28.92,14.55,10.61,17.82,20.38,182647,-37.19,-29.0,0.125
2023-05-16T08:13:03.000,28.94,14.49,10.72,17.8,20.38,182648,-37.13,-29.0,0.125
2023-05-16T08:14:03.000,28.83,14.16,11.09,17.77,20.38,182649,-37.07,-29.0,0.125
2023-05-16T08:15:03.000,28.81,14.48,11.64,17.72,20.38,182650,-37.01,-29.0,0.125
2023-05-16T08:17:04.000,28.93,14.7,12.65,17.62,20.38,182652,-36.88,-28.0,0.125
2023-05-16T08:18:03.000,28.91,14.43,12.6,17.63,20.38,182653,-36.82,-28.0,0.125
2023-05-16T08:19:05.000,28.85,14.65,12.66,17.62,20.38,182654,-36.76,-28.0,0.124
2023-05-16T08:20:06.000,28.85,14.65,12.83,17.61,20.38,182655,-36.69,-28.0,0.124
2023-05-16T08:21:06.000,28.87,14.68,12.8,17.62,20.38,182656,-36.62,-28.0,0.124
2023-05-16T08:22:06.000,28.81,14.72,12.54,17.63,20.38,182657,-36.56,-28.0,0.124
2023-05-16T08:23:06.000,28.82,14.74,11.94,17.69,20.38,182658,-36.49,-27.0,0.124
2023-05-16T08:25:07.000,28.74,14.49,11.04,17.77,20.38,182660,-36.35,-27.0,0.124
2023-05-16T08:26:07.000,28.75,14.75,11.41,17.74,20.38,182661,-36.28,-27.0,0.124
2023-05-16T08:27:07.000,28.72,14.59,11.98,17.68,20.38,182662,-36.21,-27.0,0.124
2023-05-16T08:28:09.000,28.64,14.45,11.91,17.69,20.38,182663,-36.13,-26.0,0.124
2023-05-16T08:29:09.000,28.59,14.45,11.7,17.71,20.38,182664,-36.06,-26.0,0.124
2023-05-16T08:30:09.000,28.62,14.76,11.51,17.73,20.38,182665,-35.98,-26.0,0.124
2023-05-16T08:31:09.000,28.68,14.66,11.34,17.74,20.38,182666,-35.91,-26.0,0.124
2023-05-16T08:32:09.000,28.64,14.59,10.97,17.78,20.38,182667,-35.83,-26.0,0.124
2023-05-16T08:33:09.000,28.56,14.29,10.82,17.79,20.38,182668,-35.75,-25.0,0.124
2023-05-16T08:34:09.000,28.46,14.54,10.81,17.8,20.38,182669,-35.68,-25.0,0.124
2023-05-16T08:35:10.000,28.46,14.65,10.83,17.79,20.38,182670,-35.6,-25.0,0.124
2023-05-16T08:36:10.000,28.45,14.77,11.08,17.77,20.38,182671,-35.51,-25.0,0.124
2023-05-16T08:37:11.000,28.42,14.6,11.11,17.77,20.38,182672,-35.43,-25.0,0.124
2023-05-16T08:38:11.000,28.35,14.67,10.88,17.79,20.38,182673,-35.35,-24.0,0.123
2023-05-16T08:39:11.000,28.28,14.61,10.61,17.82,20.38,182674,-35.27,-24.0,0.123
2023-05-16T08:40:11.000,28.26,14.69,10.37,17.84,20.38,182675,-35.18,-24.0,0.123
2023-05-16T08:41:11.000,28.24,14.57,10.2,17.86,20.38,182676,-35.1,-24.0,0.123
2023-05-16T08:42:11.000,28.12,14.32,9.88,17.89,20.38,182677,-35.01,-24.0,0.123
2023-05-16T08:43:11.000,28.11,14.48,9.2,17.97,20.38,182678,-34.93,-24.0,0.123
2023-05-16T08:44:11.000,28.09,14.3,8.63,18.04,20.38,182679,-34.84,-23.0,0.123
2023-05-16T08:45:11.000,28.1,14.22,8.53,18.05,20.38,182680,-34.75,-23.0,0.123
2023-05-16T08:46:11.000,28.15,14.25,8.58,18.05,20.38,182681,-34.66,-23.0,0.123
2023-05-16T08:47:11.000,28.2,14.19,8.75,18.02,20.38,182682,-34.57,-23.0,0.123
2023-05-16T08:48:11.000,28.19,14.03,9.49,17.94,20.38,182683,-34.48,-23.0,0.123
2023-05-16T08:49:11.000,28.2,14.18,10.37,17.84,20.38,182684,-34.39,-22.0,0.123
2023-05-16T08:50:12.000,28.22,14.16,10.61,17.82,20.38,182685,-34.29,-22.0,0.123
2023-05-16T08:51:12.000,28.21,14.18,10.4,17.84,20.38,182686,-34.2,-22.0,0.123
2023-05-16T08:52:12.000,28.18,14.11,10.49,17.83,20.38,182687,-34.1,-22.0,0.123
2023-05-16T08:53:12.000,28.08,14.3,11.17,17.76,20.38,182688,-34.01,-22.0,0.123
2023-05-16T08:54:12.000,28.03,14.34,11.69,17.71,20.38,182689,-33.91,-21.0,0.123
2023-05-16T08:55:12.000,27.93,14.33,11.78,17.7,20.38,182690,-33.81,-21.0,0.123
2023-05-16T08:56:12.000,27.89,14.56,11.85,17.7,20.38,182691,-33.71,-21.0,0.123
2023-05-16T08:57:12.000,27.93,14.73,12.52,17.64,20.38,182692,-33.62,-21.0,0.123
2023-05-16T08:58:12.000,27.97,14.82,13.38,17.56,20.38,182693,-33.52,-21.0,0.122
2023-05-16T08:59:12.000,28.03,14.87,13.96,17.52,20.38,182694,-33.42,-20.0,0.122
2023-05-16T09:00:12.000,28.1,14.93,13.96,17.52,20.38,182695,-33.31,-20.0,0.122
2023-05-16T09:01:12.000,28.18,14.95,13.51,17.55,20.38,182696,-33.21,-20.0,0.122
2023-05-16T09:02:12.000,28.24,14.79,12.73,17.62,20.38,182697,-33.11,-20.0,0.122
2023-05-16T09:03:12.000,28.26,14.55,11.66,17.71,20.38,182698,-33.0,-20.0,0.122
2023-05-16T09:04:12.000,28.28,14.57,10.72,17.81,20.38,182699,-32.9,-19.0,0.122
2023-05-16T09:05:12.000,28.29,14.27,9.85,17.9,20.38,182700,-32.79,-19.0,0.122
2023-05-16T09:06:12.000,28.24,13.91,8.9,18.01,20.38,182701,-32.69,-19.0,0.122
2023-05-16T09:07:12.000,28.17,13.77,8.04,18.12,20.38,182702,-32.58,-19.0,0.122
2023-05-16T09:08:13.000,28.06,13.38,7.64,18.17,20.38,182703,-32.47,-19.0,0.122
2023-05-16T09:09:13.000,28.06,13.31,7.4,18.21,20.38,182704,-32.36,-18.0,0.122
2023-05-16T09:10:14.000,28.04,13.16,7.12,18.25,20.38,182705,-32.25,-18.0,0.122
2023-05-16T09:11:13.000,27.98,12.59,7.0,18.27,20.38,182706,-32.14,-18.0,0.122
2023-05-16T09:12:13.000,27.84,12.23,7.22,18.23,20.38,182707,-32.03,-18.0,0.122
2023-05-16T09:13:14.000,27.73,12.1,7.55,18.18,20.38,182708,-31.92,-18.0,0.122
2023-05-16T09:14:14.000,27.66,12.05,7.93,18.13,20.38,182709,-31.8,-17.0,0.122
2023-05-16T09:15:14.000,27.56,11.88,8.04,18.12,20.38,182710,-31.69,-17.0,0.122
2023-05-16T09:16:14.000,27.54,11.91,7.95,18.13,20.38,182711,-31.58,-17.0,0.122
2023-05-16T09:18:16.000,27.53,11.34,6.88,18.29,20.38,182713,-31.34,-17.0,0.121
2023-05-16T09:19:17.000,27.43,11.14,6.83,18.29,20.38,182714,-31.22,-16.0,0.121
2023-05-16T09:20:18.000,27.36,11.2,7.05,18.26,20.38,182715,-31.1,-16.0,0.121
2023-05-16T09:21:17.000,27.4,11.3,7.01,18.27,20.38,182716,-30.99,-16.0,0.121
2023-05-16T09:22:17.000,27.5,11.48,6.65,18.32,20.38,182717,-30.87,-16.0,0.121
2023-05-16T09:23:19.000,27.55,11.29,6.28,18.38,20.38,182718,-30.75,-16.0,0.121
2023-05-16T09:24:18.000,27.54,11.24,6.29,18.38,20.38,182719,-30.63,-15.0,0.121
2023-05-16T09:25:19.000,27.6,11.24,6.29,18.38,20.38,182720,-30.5,-15.0,0.121
2023-05-16T09:26:19.000,27.59,10.92,5.91,18.45,20.38,182721,-30.38,-15.0,0.121
2023-05-16T09:27:19.000,27.59,10.87,5.46,18.54,20.38,182722,-30.26,-15.0,0.121
2023-05-16T09:28:20.000,27.61,10.8,5.18,18.59,20.38,182723,-30.14,-15.0,0.121
2023-05-16T09:29:20.000,27.65,10.73,5.07,18.62,20.38,182724,-30.01,-14.0,0.121
2023-05-16T09:30:20.000,27.65,10.77,4.91,18.65,20.38,182725,-29.89,-14.0,0.121
2023-05-16T09:31:20.000,27.65,10.85,4.98,18.64,20.38,182726,-29.76,-14.0,0.121
2023-05-16T09:32:20.000,27.66,10.9,5.17,18.6,20.38,182727,-29.64,-14.0,0.121
2023-05-16T09:33:20.000,27.63,10.93,5.66,18.5,20.38,182728,-29.51,-14.0,0.121
2023-05-16T09:34:20.000,27.57,10.82,6.1,18.42,20.38,182729,-29.38,-13.0,0.121
2023-05-16T09:35:21.000,27.51,10.93,5.61,18.51,20.38,182730,-29.25,-13.0,0.121
2023-05-16T09:36:22.000,27.5,10.99,4.91,18.65,20.38,182731,-29.12,-13.0,0.121
2023-05-16T09:37:22.000,27.49,10.98,4.55,18.73,20.38,182732,-28.99,-13.0,0.12
2023-05-16T09:38:22.000,27.47,11.02,4.52,18.74,20.38,182733,-28.86,-13.0,0.12
2023-05-16T09:39:22.000,27.49,10.98,4.7,18.7,20.38,182734,-28.73,-12.0,0.12
2023-05-16T09:40:23.000,27.5,10.96,4.73,18.69,20.38,182735,-28.6,-12.0,0.12
2023-05-16T09:41:23.000,27.48,10.76,4.8,18.68,20.38,182736,-28.47,-12.0,0.12
2023-05-16T09:42:23.000,27.43,10.72,5.31,18.57,20.38,182737,-28.34,-12.0,0.12
2023-05-16T09:43:23.000,27.44,10.62,5.93,18.45,20.38,182738,-28.2,-12.0,0.12
2023-05-16T09:44:23.000,27.48,10.43,5.82,18.47,20.38,182739,-28.07,-11.0,0.12
2023-05-16T09:45:23.000,27.49,9.97,5.33,18.56,20.38,182740,-27.93,-11.0,0.12
2023-05-16T09:46:23.000,27.46,9.5,4.69,18.7,20.38,182741,-27.8,-11.0,0.12
2023-05-16T09:47:23.000,27.4,9.03,3.77,18.94,20.38,182742,-27.66,-11.0,0.12
2023-05-16T09:48:23.000,27.31,8.49,2.98,19.2,20.38,182743,-27.53,-11.0,0.12
2023-05-16T09:49:23.000,27.27,8.22,2.49,19.39,20.38,182744,-27.39,-10.0,0.12
2023-05-16T09:50:23.000,27.26,7.84,2.25,19.5,20.38,182745,-27.25,-10.0,0.12
2023-05-16T09:51:23.000,27.27,7.58,2.11,19.57,20.38,182746,-27.12,-10.0,0.12
2023-05-16T09:52:23.000,27.31,7.4,2.04,19.6,20.38,182747,-26.98,-10.0,0.12
2023-05-16T09:53:23.000,27.32,7.27,2.03,19.61,20.38,182748,-26.84,-10.0,0.12
2023-05-16T09:54:23.000,27.31,7.15,2.03,19.61,20.38,182749,-26.7,-9.0,0.12
2023-05-16T09:55:23.000,27.27,7.13,2.02,19.62,20.38,182750,-26.56,-9.0,0.12
2023-05-16T09:56:23.000,27.25,7.15,2.05,19.6,20.38,182751,-26.42,-9.0,0.12
2023-05-16T09:57:24.000,27.25,7.29,2.14,19.55,20.38,182752,-26.27,-9.0,0.119
2023-05-16T09:58:24.000,27.23,7.21,2.36,19.45,20.38,182753,-26.13,-9.0,0.119
2023-05-16T09:59:24.000,27.2,7.4,2.59,19.35,20.38,182754,-25.99,-8.0,0.119
2023-05-16T10:00:24.000,27.19,7.46,2.51,19.38,20.38,182755,-25.84,-8.0,0.119
2023-05-16T10:01:24.000,27.18,7.49,2.39,19.43,20.38,182756,-25.7,-8.0,0.119
2023-05-16T10:02:24.000,27.16,7.29,2.28,19.49,20.38,182757,-25.56,-8.0,0.119
2023-05-16T10:03:24.000,27.15,7.09,2.13,19.56,20.38,182758,-25.41,-8.0,0.119
2023-05-16T10:04:24.000,27.11,6.98,1.96,19.65,20.38,182759,-25.27,-7.0,0.119
2023-05-16T10:05:24.000,27.08,6.85,1.87,19.7,20.38,182760,-25.12,-7.0,0.119
2023-05-16T10:06:24.000,27.07,6.82,1.86,19.71,20.38,182761,-24.97,-7.0,0.119
2023-05-16T10:07:25.000,27.06,6.9,1.83,19.72,20.38,182762,-24.82,-7.0,0.119
2023-05-16T10:08:26.000,27.07,7.0,1.79,19.75,20.38,182763,-24.67,-6.0,0.119
2023-05-16T10:09:25.000,27.05,6.86,1.74,19.78,20.38,182764,-24.53,-6.0,0.119
2023-05-16T10:10:27.000,26.97,6.72,1.66,19.83,20.38,182765,-24.37,-6.0,0.119
2023-05-16T10:11:26.000,26.95,6.72,1.61,19.86,20.38,182766,-24.23,-6.0,0.119
2023-05-16T10:12:26.000,26.97,6.68,1.6,19.87,20.38,182767,-24.08,-6.0,0.119
2023-05-16T10:13:28.000,27.01,6.47,1.58,19.88,20.38,182768,-23.92,-5.0,0.119
2023-05-16T10:14:27.000,27.0,6.24,1.52,19.92,20.38,182769,-23.77,-5.0,0.119
2023-05-16T10:15:27.000,27.01,6.07,1.48,19.96,20.38,182770,-23.62,-5.0,0.119
2023-05-16T10:16:27.000,27.02,5.96,1.48,19.95,20.38,182771,-23.47,-5.0,0.119
2023-05-16T10:17:28.000,27.01,5.82,1.52,19.92,20.38,182772,-23.31,-5.0,0.118
2023-05-16T10:18:28.000,26.93,5.6,1.54,19.91,20.38,182773,-23.16,-4.0,0.118
2023-05-16T10:19:29.000,26.9,5.51,1.46,19.97,20.38,182774,-23.01,-4.0,0.118
2023-05-16T10:20:30.000,26.88,5.42,1.36,20.05,20.38,182775,-22.85,-4.0,0.118
2023-05-16T10:21:29.000,26.79,5.15,1.31,20.08,20.38,182776,-22.7,-4.0,0.118
2023-05-16T10:22:29.000,26.72,5.03,1.29,20.1,20.38,182777,-22.54,-4.0,0.118
2023-05-16T10:23:30.000,26.61,4.76,1.27,20.12,20.38,182778,-22.38,-3.0,0.118
2023-05-16T10:24:30.000,26.56,4.84,1.26,20.13,20.38,182779,-22.23,-3.0,0.118
2023-05-16T10:25:30.000,26.53,4.97,1.26,20.13,20.38,182780,-22.07,-3.0,0.118
2023-05-16T10:26:36.000,26.53,4.98,1.25,20.13,20.38,182781,-21.9,-3.0,0.118
2023-05-16T10:27:38.000,26.51,5.01,1.25,20.14,20.38,182782,-21.74,-3.0,0.118
2023-05-16T10:28:37.000,26.43,4.6,1.25,20.14,20.38,182783,-21.58,-2.0,0.118
2023-05-16T10:29:38.000,26.28,4.55,1.25,20.14,20.38,182784,-21.42,-2.0,0.118
2023-05-16T10:30:38.000,26.17,4.56,1.25,20.14,20.38,182785,-21.26,-2.0,0.118
2023-05-16T10:31:38.000,26.11,4.74,1.25,20.14,20.38,182786,-21.1,-2.0,0.118
2023-05-16T10:32:38.000,26.05,4.6,1.25,20.14,20.38,182787,-20.94,-2.0,0.118
2023-05-16T10:33:38.000,26.02,4.87,1.25,20.14,20.38,182788,-20.78,-1.0,0.118
2023-05-16T10:34:38.000,26.06,4.99,1.25,20.14,20.38,182789,-20.62,-1.0,0.118
2023-05-16T10:35:39.000,26.09,4.98,1.25,20.14,20.38,182790,-20.46,-1.0,0.118
2023-05-16T10:36:40.000,26.09,4.82,1.25,20.14,20.38,182791,-20.3,-1.0,0.118
2023-05-16T10:37:40.000,26.04,4.78,1.25,20.13,20.38,182792,-20.13,-0.0,0.117
2023-05-16T10:38:40.000,25.99,4.71,1.28,20.12,20.38,182793,-19.97,-0.0,0.117
2023-05-16T10:39:41.000,25.92,4.64,1.26,20.13,20.38,182794,-19.81,-0.0,0.117
2023-05-16T10:40:41.000,25.82,4.48,1.26,20.13,20.38,182795,-19.64,0.0,0.117
2023-05-16T10:41:41.000,25.72,4.49,1.25,20.13,20.38,182796,-19.48,0.0,0.117
2023-05-16T10:42:41.000,25.67,4.52,1.25,20.14,20.38,182797,-19.31,1.0,0.117
2023-05-16T10:43:41.000,25.64,4.47,1.25,20.14,20.38,182798,-19.15,1.0,0.117
