Downloads/jupyter/ECSV/stars19/stars19_2023-07.ecsv
# %ECSV 1.0
# ---
# datatype:
# - {name: time, datatype: string}
# - {name: Enclosure Temperature, unit: deg_C, datatype: float64}
# - {name: Sky Temperature, unit: deg_C, datatype: float64}
# - {name: Frequency, unit: Hz, datatype: float64}
# - {name: MSAS, unit: mag / arcsec2, datatype: float64}
# - {name: ZP, datatype: float64}
# - {name: Sequence Number, datatype: int64}
# - {name: Sun Alt, unit: deg, datatype: float64}
# - {name: Moon Alt, unit: deg, datatype: float64}
# - {name: Moon Illumination, datatype: float64}
# delimiter: ','
# meta: !!omap
# - ida:
#     Data supplier: {affiliation: null, observer: null}
#     Device type: TESS-W
#     Field of view: 17.0
#     Filters per channel: None
#     Instrument ID: stars19
#     License: ODbL 1.0 http://opendatacommons.org/licenses/odbl/summary/
#     Local timezone: America/Phoenix
#     Location name: {country: '- Tucson', place: Tucson, region: United States, sub_region: Arizona, town: Pima County}
#     Measurement direction per channel: {azimuth: 0.0, zenital: 0.0}
#     Moving / Fixed look direction: FIXED
#     Moving / Stationary position: STATIONARY
#     Number of channels: 1
#     Number of fields per line: 8
#     Number of header lines: 35
#     Position: {height: 0.0, latitude: 32.223877, longitude: -110.767532}
#     TESS MAC address: 18:FE:34:CF:EC:06
#     TESS cover offset value: 0.0
#     TESS firmware version: '1.0'
#     TESS zero point: 20.38
#     Time Synchronization: timestamp added by MQTT subscriber
#     URL: http://www.darksky.org/NSBM/sdf1.0.pdf
# - __serialized_columns__:
#     Enclosure Temperature:
#       __class__: astropy.units.quantity.Quantity
#       unit: &id001 !astropy.units.Unit {unit: deg_C}
#       value: !astropy.table.SerializedColumn {name: Enclosure Temperature}
#     Frequency:
#       __class__: astropy.units.quantity.Quantity
#       unit: !astropy.units.Unit {unit: Hz}
#       value: !astropy.table.SerializedColumn {name: Frequency}
#     MSAS:
#       __class__: astropy.units.quantity.Quantity
#       unit: !astropy.units.Unit {unit: mag / arcsec2}
#       value: !astropy.table.SerializedColumn {name: MSAS}
#     Moon Alt:
#       __class__: astropy.units.quantity.Quantity
#       unit: &id002 !astropy.units.Unit {unit: deg}
#       value: !astropy.table.SerializedColumn {name: Moon Alt}
#     Sky Temperature:
#       __class__: astropy.units.quantity.Quantity
#       unit: *id001
#       value: !astropy.table.SerializedColumn {name: Sky Temperature}
#     Sun Alt:
#       __class__: astropy.units.quantity.Quantity
#       unit: *id002
#       value: !astropy.table.SerializedColumn {name: Sun Alt}
#     time:
#       __class__: astropy.time.core.Time
#       format: isot
#       in_subfmt: '*'
#       out_subfmt: '*'
#       precision: 3
#       scale: utc
#       value: !astropy.table.SerializedColumn {name: time}
# schema: astropy-2.0
time,Enclosure Temperature,Sky Temperature,Frequency,MSAS,ZP,Sequence Number,Sun Alt,Moon Alt,Moon Illumination
[from data line 15212]
2023-07-24T05:01:36.000,31.54,14.32,6.09,18.42,20.38,4587,-26.97,10.0,0.334
2023-07-24T05:02:37.000,31.58,14.3,5.92,18.45,20.38,4588,-27.11,10.0,0.334
2023-07-24T05:03:37.000,31.6,14.23,5.73,18.48,20.38,4589,-27.24,10.0,0.335
2023-07-24T05:04:37.000,31.66,14.32,5.6,18.51,20.38,4590,-27.37,9.0,0.335
2023-07-24T05:05:38.000,31.73,14.16,5.47,18.53,20.38,4591,-27.51,9.0,0.335
2023-07-24T05:06:38.000,31.66,13.9,5.38,18.55,20.38,4592,-27.64,9.0,0.335
2023-07-24T05:07:40.000,31.63,13.84,5.3,18.57,20.38,4593,-27.78,9.0,0.335
2023-07-24T05:08:40.000,31.66,13.94,5.23,18.58,20.38,4594,-27.91,9.0,0.335
2023-07-24T05:09:40.000,31.61,13.9,5.18,18.6,20.38,4595,-28.04,8.0,0.335
2023-07-24T05:10:42.000,31.68,14.06,5.12,18.61,20.38,4596,-28.17,8.0,0.335
2023-07-24T05:11:42.000,31.73,14.01,5.06,18.62,20.38,4597,-28.3,8.0,0.335
2023-07-24T05:12:42.000,31.75,13.95,4.98,18.64,20.38,4598,-28.42,8.0,0.335
2023-07-24T05:13:46.000,31.77,13.88,4.89,18.66,20.38,4599,-28.56,7.0,0.335
2023-07-24T05:14:46.000,31.78,13.9,4.82,18.67,20.38,4600,-28.69,7.0,0.335
2023-07-24T05:15:46.000,31.8,13.83,4.71,18.7,20.38,4601,-28.81,7.0,0.335
2023-07-24T05:16:47.000,31.82,13.76,4.6,18.72,20.38,4602,-28.94,7.0,0.335
2023-07-24T05:17:47.000,31.78,13.64,4.49,18.75,20.38,4603,-29.06,7.0,0.335
2023-07-24T05:18:47.000,31.85,13.79,4.38,18.78,20.38,4604,-29.19,6.0,0.336
2023-07-24T05:20:48.000,31.87,13.54,4.16,18.83,20.38,4606,-29.43,6.0,0.336
2023-07-24T05:21:48.000,31.87,13.41,4.05,18.86,20.38,4607,-29.56,6.0,0.336
2023-07-24T05:22:48.000,31.91,13.61,3.94,18.89,20.38,4608,-29.68,6.0,0.336
2023-07-24T05:23:49.000,31.95,13.51,3.84,18.92,20.38,4609,-29.8,5.0,0.336
2023-07-24T05:25:49.000,31.99,13.4,3.7,18.96,20.38,4611,-30.04,5.0,0.336
2023-07-24T05:26:49.000,31.99,13.34,3.61,18.99,20.38,4612,-30.15,5.0,0.336
2023-07-24T05:27:50.000,32.03,13.35,3.56,19.0,20.38,4613,-30.27,5.0,0.336
2023-07-24T05:28:50.000,32.07,13.34,3.53,19.01,20.38,4614,-30.39,4.0,0.336
2023-07-24T05:29:51.000,32.11,13.34,3.5,19.02,20.38,4615,-30.51,4.0,0.336
2023-07-24T05:30:51.000,32.12,13.29,3.46,19.03,20.38,4616,-30.62,4.0,0.336
2023-07-24T05:31:52.000,32.14,13.3,3.42,19.04,20.38,4617,-30.74,4.0,0.336
2023-07-24T05:32:52.000,32.16,13.27,3.39,19.05,20.38,4618,-30.85,4.0,0.336
2023-07-24T05:33:52.000,32.21,13.29,3.36,19.06,20.38,4619,-30.96,3.0,0.336
2023-07-24T05:34:52.000,32.23,13.24,3.33,19.07,20.38,4620,-31.08,3.0,0.337
2023-07-24T05:35:53.000,32.22,13.13,3.3,19.08,20.38,4621,-31.19,3.0,0.337
2023-07-24T05:36:53.000,32.14,12.82,3.26,19.1,20.38,4622,-31.3,3.0,0.337
2023-07-24T05:37:53.000,32.01,12.68,3.23,19.11,20.38,4623,-31.41,2.0,0.337
2023-07-24T05:38:53.000,31.91,12.65,3.18,19.12,20.38,4624,-31.52,2.0,0.337
2023-07-24T05:39:53.000,31.88,12.76,3.13,19.14,20.38,4625,-31.63,2.0,0.337
2023-07-24T05:40:53.000,31.89,12.9,3.08,19.16,20.38,4626,-31.73,2.0,0.337
2023-07-24T05:41:53.000,31.93,13.01,3.03,19.18,20.38,4627,-31.84,2.0,0.337
2023-07-24T05:42:54.000,31.98,12.97,2.98,19.2,20.38,4628,-31.95,1.0,0.337
2023-07-24T05:43:53.000,32.02,12.95,2.93,19.21,20.38,4629,-32.05,1.0,0.337
2023-07-24T05:44:54.000,32.04,12.89,2.91,19.22,20.38,4630,-32.16,1.0,0.337
2023-07-24T05:45:54.000,32.05,12.82,2.87,19.24,20.38,4631,-32.26,1.0,0.337
2023-07-24T05:46:54.000,32.04,12.78,2.84,19.25,20.38,4632,-32.36,1.0,0.337
2023-07-24T05:47:54.000,32.03,12.73,2.83,19.25,20.38,4633,-32.46,0.0,0.337
2023-07-24T05:48:54.000,32.0,12.65,2.8,19.26,20.38,4634,-32.57,0.0,0.337
2023-07-24T05:49:54.000,31.94,12.57,2.8,19.26,20.38,4635,-32.67,-0.0,0.338
2023-07-24T05:50:55.000,31.91,12.63,2.79,19.27,20.38,4636,-32.77,-0.0,0.338
2023-07-24T05:51:55.000,31.91,12.67,2.76,19.28,20.38,4637,-32.86,-0.0,0.338
2023-07-24T05:52:55.000,31.88,12.6,2.77,19.27,20.38,4638,-32.96,-1.0,0.338
2023-07-24T05:53:55.000,31.88,12.65,2.74,19.28,20.38,4639,-33.06,-1.0,0.338
2023-07-24T05:54:55.000,31.91,12.73,2.74,19.29,20.38,4640,-33.16,-1.0,0.338
2023-07-24T05:55:55.000,31.95,12.74,2.74,19.28,20.38,4641,-33.25,-1.0,0.338
2023-07-24T05:56:55.000,31.95,12.52,2.74,19.29,20.38,4642,-33.34,-1.0,0.338
2023-07-24T05:57:56.000,31.88,12.32,2.7,19.3,20.38,4643,-33.44,-2.0,0.338
2023-07-24T05:59:56.000,31.88,12.53,2.7,19.3,20.38,4645,-33.62,-2.0,0.338
2023-07-24T06:00:57.000,31.89,12.53,2.67,19.31,20.38,4646,-33.72,-2.0,0.338
2023-07-24T06:01:57.000,31.87,12.35,2.66,19.32,20.38,4647,-33.81,-3.0,0.338
2023-07-24T06:02:57.000,31.82,12.37,2.64,19.32,20.38,4648,-33.89,-3.0,0.338
2023-07-24T06:03:57.000,31.82,12.46,2.62,19.33,20.38,4649,-33.98,-3.0,0.338
2023-07-24T06:04:57.000,31.81,12.37,2.61,19.34,20.38,4650,-34.07,-3.0,0.338
2023-07-24T06:05:57.000,31.79,12.34,2.6,19.34,20.38,4651,-34.16,-3.0,0.339
2023-07-24T06:06:57.000,31.78,12.38,2.57,19.35,20.38,4652,-34.24,-4.0,0.339
2023-07-24T06:07:59.000,31.76,12.2,2.56,19.36,20.38,4653,-34.33,-4.0,0.339
2023-07-24T06:08:59.000,31.72,12.15,2.55,19.36,20.38,4654,-34.41,-4.0,0.339
2023-07-24T06:10:00.000,31.65,11.94,2.54,19.37,20.38,4655,-34.5,-4.0,0.339
2023-07-24T06:11:00.000,31.59,12.06,2.51,19.38,20.38,4656,-34.58,-4.0,0.339
2023-07-24T06:12:00.000,31.57,11.99,2.5,19.39,20.38,4657,-34.66,-5.0,0.339
2023-07-24T06:13:01.000,31.51,11.9,2.51,19.38,20.38,4658,-34.74,-5.0,0.339
2023-07-24T06:14:02.000,31.43,11.65,2.49,19.39,20.38,4659,-34.82,-5.0,0.339
2023-07-24T06:15:01.000,31.41,11.88,2.49,19.39,20.38,4660,-34.9,-5.0,0.339
2023-07-24T06:16:02.000,31.39,11.66,2.49,19.39,20.38,4661,-34.98,-5.0,0.339
2023-07-24T06:17:03.000,31.38,11.9,2.46,19.4,20.38,4662,-35.05,-6.0,0.339
2023-07-24T06:18:03.000,31.4,11.83,2.45,19.41,20.38,4663,-35.13,-6.0,0.339
2023-07-24T06:19:03.000,31.38,11.74,2.44,19.41,20.38,4664,-35.2,-6.0,0.339
2023-07-24T06:20:04.000,31.34,11.63,2.43,19.42,20.38,4665,-35.28,-6.0,0.339
2023-07-24T06:21:05.000,31.28,11.64,2.43,19.42,20.38,4666,-35.35,-6.0,0.34
2023-07-24T06:25:05.000,31.22,11.71,2.35,19.45,20.38,4670,-35.63,-7.0,0.34
2023-07-24T06:26:06.000,31.2,11.63,2.33,19.46,20.38,4671,-35.7,-8.0,0.34
2023-07-24T06:27:06.000,31.19,11.68,2.32,19.47,20.38,4672,-35.77,-8.0,0.34
2023-07-24T06:28:06.000,31.19,11.72,2.3,19.48,20.38,4673,-35.83,-8.0,0.34
2023-07-24T06:29:07.000,31.16,11.66,2.28,19.49,20.38,4674,-35.9,-8.0,0.34
2023-07-24T06:30:07.000,31.12,11.52,2.25,19.5,20.38,4675,-35.96,-8.0,0.34
2023-07-24T06:31:07.000,31.07,11.5,2.25,19.5,20.38,4676,-36.03,-9.0,0.34
2023-07-24T06:32:07.000,31.06,11.59,2.23,19.51,20.38,4677,-36.09,-9.0,0.34
2023-07-24T06:33:07.000,31.01,11.37,2.22,19.51,20.38,4678,-36.15,-9.0,0.34
2023-07-24T06:34:07.000,30.98,11.46,2.2,19.52,20.38,4679,-36.21,-9.0,0.34
2023-07-24T06:35:07.000,30.93,11.37,2.21,19.52,20.38,4680,-36.27,-9.0,0.34
2023-07-24T06:36:08.000,30.84,11.2,2.21,19.52,20.38,4681,-36.33,-10.0,0.34
2023-07-24T06:37:08.000,30.81,11.44,2.21,19.52,20.38,4682,-36.38,-10.0,0.341
2023-07-24T06:38:08.000,30.81,11.4,2.21,19.52,20.38,4683,-36.44,-10.0,0.341
2023-07-24T06:39:08.000,30.82,11.43,2.2,19.53,20.38,4684,-36.49,-10.0,0.341
2023-07-24T06:40:09.000,30.81,11.46,2.18,19.53,20.38,4685,-36.55,-10.0,0.341
2023-07-24T06:52:11.000,30.48,11.02,2.13,19.56,20.38,4697,-37.11,-13.0,0.342
2023-07-24T06:53:11.000,30.42,11.15,2.1,19.58,20.38,4698,-37.15,-13.0,0.342
2023-07-24T06:54:12.000,30.41,11.16,2.09,19.58,20.38,4699,-37.19,-13.0,0.342
2023-07-24T06:55:12.000,30.46,11.4,2.08,19.58,20.38,4700,-37.23,-14.0,0.342
2023-07-24T06:56:12.000,30.5,11.33,2.07,19.59,20.38,4701,-37.27,-14.0,0.342
2023-07-24T06:57:12.000,30.52,11.3,2.06,19.6,20.38,4702,-37.3,-14.0,0.342
2023-07-24T06:58:12.000,30.52,11.25,2.04,19.6,20.38,4703,-37.34,-14.0,0.342
2023-07-24T06:59:13.000,30.49,11.04,2.03,19.61,20.38,4704,-37.37,-14.0,0.342
2023-07-24T07:00:13.000,30.4,10.98,2.01,19.62,20.38,4705,-37.41,-15.0,0.342
2023-07-24T07:01:13.000,30.4,11.24,1.97,19.64,20.38,4706,-37.44,-15.0,0.342
2023-07-24T07:02:14.000,30.45,11.3,1.96,19.65,20.38,4707,-37.47,-15.0,0.342
2023-07-24T07:03:15.000,30.5,11.38,1.94,19.66,20.38,4708,-37.5,-15.0,0.342
2023-07-24T07:04:15.000,30.53,11.36,1.93,19.67,20.38,4709,-37.53,-15.0,0.342
2023-07-24T07:05:15.000,30.56,11.37,1.92,19.67,20.38,4710,-37.55,-16.0,0.342
2023-07-24T07:06:15.000,30.55,11.2,1.91,19.68,20.38,4711,-37.58,-16.0,0.342
2023-07-24T07:07:19.000,30.56,11.31,1.9,19.68,20.38,4712,-37.61,-16.0,0.342
2023-07-24T07:08:19.000,30.6,11.33,1.9,19.68,20.38,4713,-37.63,-16.0,0.343
2023-07-24T07:09:20.000,30.6,11.25,1.89,19.69,20.38,4714,-37.65,-16.0,0.343
2023-07-24T07:10:21.000,30.57,11.21,1.87,19.7,20.38,4715,-37.68,-17.0,0.343
2023-07-24T07:11:22.000,30.6,11.29,1.85,19.71,20.38,4716,-37.7,-17.0,0.343
2023-07-24T07:12:22.000,30.61,11.19,1.84,19.72,20.38,4717,-37.72,-17.0,0.343
2023-07-24T07:13:24.000,30.6,11.19,1.82,19.73,20.38,4718,-37.74,-17.0,0.343
2023-07-24T07:14:24.000,30.59,11.01,1.8,19.74,20.38,4719,-37.75,-18.0,0.343
2023-07-24T07:15:24.000,30.52,10.92,1.79,19.75,20.38,4720,-37.77,-18.0,0.343
2023-07-24T07:16:26.000,30.44,10.84,1.77,19.76,20.38,4721,-37.78,-18.0,0.343
2023-07-24T07:17:26.000,30.37,10.81,1.75,19.77,20.38,4722,-37.8,-18.0,0.343
2023-07-24T07:18:26.000,30.33,10.87,1.74,19.78,20.38,4723,-37.81,-18.0,0.343
2023-07-24T07:19:27.000,30.24,10.54,1.73,19.78,20.38,4724,-37.82,-19.0,0.343
2023-07-24T07:20:28.000,30.11,10.69,1.72,19.79,20.38,4725,-37.83,-19.0,0.343
2023-07-24T07:21:28.000,30.07,10.69,1.7,19.8,20.38,4726,-37.84,-19.0,0.343
2023-07-24T07:22:28.000,30.03,10.67,1.69,19.81,20.38,4727,-37.85,-19.0,0.343
2023-07-24T07:23:29.000,29.98,10.71,1.67,19.82,20.38,4728,-37.86,-19.0,0.344
2023-07-24T07:24:29.000,30.0,10.87,1.65,19.83,20.38,4729,-37.87,-20.0,0.344
2023-07-24T07:25:29.000,30.02,10.87,1.64,19.84,20.38,4730,-37.87,-20.0,0.344
2023-07-24T07:26:29.000,30.0,10.62,1.62,19.86,20.38,4731,-37.88,-20.0,0.344
2023-07-24T07:27:30.000,29.93,10.55,1.6,19.87,20.38,4732,-37.88,-20.0,0.344
2023-07-24T07:28:29.000,29.88,10.59,1.59,19.88,20.38,4733,-37.88,-20.0,0.344
2023-07-24T07:29:30.000,29.87,10.62,1.57,19.89,20.38,4734,-37.88,-21.0,0.344
2023-07-24T07:30:30.000,29.81,10.43,1.56,19.9,20.38,4735,-37.88,-21.0,0.344
2023-07-24T07:31:30.000,29.83,10.79,1.55,19.91,20.38,4736,-37.88,-21.0,0.344
2023-07-24T07:32:30.000,29.85,10.76,1.54,19.91,20.38,4737,-37.88,-21.0,0.344
2023-07-24T07:33:30.000,29.88,10.72,1.6,19.87,20.38,4738,-37.87,-21.0,0.344
2023-07-24T07:34:30.000,29.87,10.78,1.74,19.78,20.38,4739,-37.87,-22.0,0.344
2023-07-24T07:35:30.000,29.87,10.65,1.72,19.79,20.38,4740,-37.86,-22.0,0.344
2023-07-24T07:36:30.000,29.85,10.72,1.59,19.88,20.38,4741,-37.86,-22.0,0.344
2023-07-24T07:37:30.000,29.87,10.66,1.51,19.93,20.38,4742,-37.85,-22.0,0.344
2023-07-24T07:38:31.000,29.85,10.53,1.49,19.95,20.38,4743,-37.84,-22.0,0.344
2023-07-24T07:39:31.000,29.87,10.64,1.47,19.96,20.38,4744,-37.83,-23.0,0.345
2023-07-24T07:40:32.000,29.92,10.69,1.46,19.97,20.38,4745,-37.82,-23.0,0.345
2023-07-24T07:41:32.000,29.98,10.79,1.45,19.98,20.38,4746,-37.81,-23.0,0.345
2023-07-24T07:42:32.000,30.07,10.8,1.44,19.99,20.38,4747,-37.79,-23.0,0.345
2023-07-24T07:43:33.000,30.05,10.53,1.43,19.99,20.38,4748,-37.78,-23.0,0.345
2023-07-24T07:44:33.000,29.96,10.4,1.42,20.0,20.38,4749,-37.76,-24.0,0.345
2023-07-24T07:45:33.000,29.97,10.56,1.41,20.01,20.38,4750,-37.75,-24.0,0.345
2023-07-24T07:46:33.000,29.92,10.4,1.4,20.02,20.38,4751,-37.73,-24.0,0.345
2023-07-24T07:47:33.000,29.91,10.5,1.39,20.03,20.38,4752,-37.71,-24.0,0.345
2023-07-24T07:48:34.000,29.92,10.62,1.37,20.03,20.38,4753,-37.69,-24.0,0.345
2023-07-24T07:49:34.000,29.94,10.56,1.37,20.04,20.38,4754,-37.67,-25.0,0.345
2023-07-24T07:50:34.000,29.96,10.74,1.36,20.05,20.38,4755,-37.64,-25.0,0.345
2023-07-24T07:51:35.000,30.01,10.7,1.35,20.06,20.38,4756,-37.62,-25.0,0.345
2023-07-24T07:53:35.000,30.07,10.63,1.33,20.07,20.38,4758,-37.57,-26.0,0.345
2023-07-24T07:54:35.000,30.08,10.56,1.32,20.07,20.38,4759,-37.54,-26.0,0.346
2023-07-24T07:55:35.000,30.06,10.53,1.32,20.08,20.38,4760,-37.52,-26.0,0.346
2023-07-24T07:56:36.000,30.0,10.3,1.31,20.08,20.38,4761,-37.49,-26.0,0.346
2023-07-24T07:57:36.000,29.94,10.36,1.31,20.09,20.38,4762,-37.46,-26.0,0.346
2023-07-24T07:58:36.000,29.97,10.65,1.3,20.09,20.38,4763,-37.43,-27.0,0.346
2023-07-24T07:59:36.000,30.03,10.64,1.3,20.1,20.38,4764,-37.4,-27.0,0.346
2023-07-24T08:00:36.000,30.07,10.66,1.29,20.1,20.38,4765,-37.36,-27.0,0.346
2023-07-24T08:01:36.000,30.12,10.64,1.29,20.11,20.38,4766,-37.33,-27.0,0.346
2023-07-24T08:02:38.000,30.13,10.62,1.28,20.11,20.38,4767,-37.29,-27.0,0.346
2023-07-24T08:03:38.000,30.15,10.63,1.28,20.11,20.38,4768,-37.26,-28.0,0.346
2023-07-24T08:04:38.000,30.16,10.64,1.28,20.11,20.38,4769,-37.22,-28.0,0.346
2023-07-24T08:05:38.000,30.17,10.65,1.28,20.11,20.38,4770,-37.18,-28.0,0.346
2023-07-24T08:06:39.000,30.19,10.65,1.28,20.12,20.38,4771,-37.14,-28.0,0.346
2023-07-24T08:07:41.000,30.2,10.64,1.27,20.12,20.38,4772,-37.1,-28.0,0.346
2023-07-24T08:08:41.000,30.21,10.56,1.26,20.13,20.38,4773,-37.06,-29.0,0.346
2023-07-24T08:09:42.000,30.21,10.6,1.25,20.14,20.38,4774,-37.01,-29.0,0.346
2023-07-24T08:12:43.000,30.23,10.55,1.24,20.15,20.38,4777,-36.88,-29.0,0.347
2023-07-24T08:13:45.000,30.24,10.62,1.23,20.15,20.38,4778,-36.83,-30.0,0.347
2023-07-24T08:14:45.000,30.23,10.44,1.23,20.15,20.38,4779,-36.78,-30.0,0.347
2023-07-24T08:15:45.000,30.14,10.23,1.23,20.16,20.38,4780,-36.73,-30.0,0.347
2023-07-24T08:16:47.000,29.99,10.16,1.23,20.16,20.38,4781,-36.68,-30.0,0.347
2023-07-24T08:17:47.000,29.95,10.43,1.22,20.16,20.38,4782,-36.63,-30.0,0.347
2023-07-24T08:18:47.000,29.99,10.6,1.23,20.16,20.38,4783,-36.58,-31.0,0.347
2023-07-24T08:19:48.000,30.01,10.55,1.24,20.15,20.38,4784,-36.52,-31.0,0.347
2023-07-24T08:20:49.000,30.01,10.5,1.23,20.15,20.38,4785,-36.47,-31.0,0.347
2023-07-24T08:21:50.000,29.99,10.5,1.23,20.16,20.38,4786,-36.41,-31.0,0.347
2023-07-24T08:22:50.000,29.98,10.56,1.22,20.17,20.38,4787,-36.36,-31.0,0.347
2023-07-24T08:23:50.000,29.98,10.52,1.22,20.17,20.38,4788,-36.3,-32.0,0.347
2023-07-24T08:24:50.000,29.99,10.65,1.22,20.17,20.38,4789,-36.24,-32.0,0.347
2023-07-24T08:25:50.000,30.02,10.73,1.22,20.16,20.38,4790,-36.18,-32.0,0.348
2023-07-24T08:26:50.000,30.05,10.75,1.22,20.16,20.38,4791,-36.12,-32.0,0.348
2023-07-24T08:27:51.000,30.05,10.76,1.22,20.16,20.38,4792,-36.06,-32.0,0.348
2023-07-24T08:28:51.000,30.09,10.85,1.22,20.16,20.38,4793,-36.0,-33.0,0.348
2023-07-24T08:29:52.000,30.08,10.75,1.22,20.16,20.38,4794,-35.93,-33.0,0.348
2023-07-24T08:30:52.000,30.07,10.76,1.22,20.16,20.38,4795,-35.87,-33.0,0.348
2023-07-24T08:31:52.000,30.06,10.69,1.22,20.16,20.38,4796,-35.8,-33.0,0.348
2023-07-24T08:32:52.000,29.98,10.31,1.22,20.16,20.38,4797,-35.74,-33.0,0.348
2023-07-24T08:33:53.000,29.92,10.56,1.22,20.17,20.38,4798,-35.67,-34.0,0.348
2023-07-24T08:34:53.000,29.96,10.68,1.21,20.17,20.38,4799,-35.6,-34.0,0.348
2023-07-24T08:35:53.000,29.99,10.72,1.21,20.17,20.38,4800,-35.53,-34.0,0.348
2023-07-24T08:36:53.000,30.01,10.68,1.21,20.17,20.38,4801,-35.46,-34.0,0.348
2023-07-24T08:37:53.000,30.0,10.62,1.21,20.17,20.38,4802,-35.39,-34.0,0.348
2023-07-24T08:38:54.000,29.99,10.67,1.21,20.17,20.38,4803,-35.32,-35.0,0.348
2023-07-24T08:39:54.000,30.01,10.75,1.21,20.17,20.38,4804,-35.25,-35.0,0.348
2023-07-24T08:40:54.000,30.04,10.75,1.21,20.17,20.38,4805,-35.17,-35.0,0.349
2023-07-24T08:41:54.000,30.04,10.72,1.2,20.18,20.38,4806,-35.1,-35.0,0.349
2023-07-24T08:42:54.000,30.08,10.73,1.2,20.18,20.38,4807,-35.02,-35.0,0.349
2023-07-24T08:43:55.000,30.1,10.61,1.2,20.19,20.38,4808,-34.94,-36.0,0.349
2023-07-24T08:44:55.000,30.08,10.51,1.19,20.19,20.38,4809,-34.87,-36.0,0.349
2023-07-24T08:45:55.000,30.01,10.31,1.18,20.2,20.38,4810,-34.79,-36.0,0.349
2023-07-24T08:46:55.000,29.92,10.18,1.18,20.2,20.38,4811,-34.71,-36.0,0.349
2023-07-24T08:47:55.000,29.81,10.11,1.18,20.2,20.38,4812,-34.63,-36.0,0.349
2023-07-24T08:48:55.000,29.7,10.09,1.18,20.2,20.38,4813,-34.55,-36.0,0.349
2023-07-24T08:49:56.000,29.65,10.23,1.18,20.2,20.38,4814,-34.46,-37.0,0.349
2023-07-24T08:50:56.000,29.64,10.25,1.18,20.2,20.38,4815,-34.38,-37.0,0.349
2023-07-24T08:51:56.000,29.64,10.24,1.17,20.21,20.38,4816,-34.29,-37.0,0.349
2023-07-24T08:52:57.000,29.56,9.89,1.17,20.21,20.38,4817,-34.21,-37.0,0.349
