Downloads/jupyter/ECSV/stars19/stars19_2022-09.ecsv
# %ECSV 1.0
# ---
# datatype:
# - {name: time, datatype: string}
# - {name: Enclosure Temperature, unit: deg_C, datatype: float64}
# - {name: Sky Temperature, unit: deg_C, datatype: float64}
# - {name: Frequency, unit: Hz, datatype: float64}
# - {name: MSAS, unit: mag / arcsec2, datatype: float64}
# - {name: ZP, datatype: float64}
# - {name: Sequence Number, datatype: int64}
# - {name: Sun Alt, unit: deg, datatype: float64}
# - {name: Moon Alt, unit: deg, datatype: float64}
# - {name: Moon Illumination, datatype: float64}
# delimiter: ','
# meta: !!omap
# - ida:
#     Data supplier: {affiliation: null, observer: null}
#     Device type: TESS-W
#     Field of view: 17.0
#     Filters per channel: None
#     Instrument ID: stars19
#     License: ODbL 1.0 http://opendatacommons.org/licenses/odbl/summary/
#     Local timezone: America/Phoenix
#     Location name: {country: '- Tucson', place: Tucson, region: United States, sub_region: Arizona, town: Pima County}
#     Measurement direction per channel: {azimuth: 0.0, zenital: 0.0}
#     Moving / Fixed look direction: FIXED
#     Moving / Stationary position: STATIONARY
#     Number of channels: 1
#     Number of fields per line: 8
#     Number of header lines: 35
#     Position: {height: 0.0, latitude: 32.223877, longitude: -110.767532}
#     TESS MAC address: 18:FE:34:CF:EC:06
#     TESS cover offset value: 0.0
#     TESS firmware version: '1.0'
#     TESS zero point: 20.5
#     Time Synchronization: timestamp added by MQTT subscriber
#     URL: http://www.darksky.org/NSBM/sdf1.0.pdf
# - __serialized_columns__:
#     Enclosure Temperature:
#       __class__: astropy.units.quantity.Quantity
#       unit: &id001 !astropy.units.Unit {unit: deg_C}
#       value: !astropy.table.SerializedColumn {name: Enclosure Temperature}
#     Frequency:
#       __class__: astropy.units.quantity.Quantity
#       unit: !astropy.units.Unit {unit: Hz}
#       value: !astropy.table.SerializedColumn {name: Frequency}
#     MSAS:
#       __class__: astropy.units.quantity.Quantity
#       unit: !astropy.units.Unit {unit: mag / arcsec2}
#       value: !astropy.table.SerializedColumn {name: MSAS}
#     Moon Alt:
#       __class__: astropy.units.quantity.Quantity
#       unit: &id002 !astropy.units.Unit {unit: deg}
#       value: !astropy.table.SerializedColumn {name: Moon Alt}
#     Sky Temperature:
#       __class__: astropy.units.quantity.Quantity
#       unit: *id001
#       value: !astropy.table.SerializedColumn {name: Sky Temperature}
#     Sun Alt:
#       __class__: astropy.units.quantity.Quantity
#       unit: *id002
#       value: !astropy.table.SerializedColumn {name: Sun Alt}
#     time:
#       __class__: astropy.time.core.Time
#       format: isot
#       in_subfmt: '*'
#       out_subfmt: '*'
#       precision: 3
#       scale: utc
#       value: !astropy.table.SerializedColumn {name: time}
# schema: astropy-2.0
time,Enclosure Temperature,Sky Temperature,Frequency,MSAS,ZP,Sequence Number,Sun Alt,Moon Alt,Moon Illumination
[from data line 8250]
2022-09-10T22:18:25.000,41.74,19.77,0.0,0.0,20.5,11433,40.05,-47.0,0.995
2022-09-10T22:20:37.000,41.84,19.82,0.0,0.0,20.5,11435,39.63,-47.0,0.995
2022-09-10T22:21:37.000,41.76,20.12,0.0,0.0,20.5,11436,39.43,-47.0,0.995
2022-09-10T22:22:37.000,41.65,20.05,0.0,0.0,20.5,11437,39.24,-46.0,0.995
2022-09-10T22:26:37.000,41.53,21.34,0.0,0.0,20.5,11441,38.45,-46.0,0.995
2022-09-10T22:27:37.000,41.62,21.04,0.0,0.0,20.5,11442,38.26,-46.0,0.995
2022-09-10T22:28:37.000,41.71,20.9,0.0,0.0,20.5,11443,38.06,-45.0,0.995
2022-09-10T22:30:38.000,41.86,20.92,0.0,0.0,20.5,11445,37.66,-45.0,0.995
2022-09-10T22:31:38.000,41.81,20.44,0.0,0.0,20.5,11446,37.47,-45.0,0.995
2022-09-10T22:32:38.000,41.7,20.56,0.0,0.0,20.5,11447,37.27,-45.0,0.995
2022-09-10T22:37:38.000,41.49,19.83,0.0,0.0,20.5,11452,36.28,-44.0,0.995
2022-09-10T22:38:38.000,41.52,19.59,0.0,0.0,20.5,11453,36.08,-44.0,0.995
2022-09-10T22:39:39.000,41.54,19.97,0.0,0.0,20.5,11454,35.88,-43.0,0.995
2022-09-10T22:42:39.000,41.62,21.0,0.0,0.0,20.5,11457,35.28,-43.0,0.995
2022-09-10T22:44:39.000,41.49,22.02,0.0,0.0,20.5,11459,34.88,-42.0,0.995
2022-09-10T22:49:40.000,41.11,20.88,0.0,0.0,20.5,11464,33.87,-41.0,0.995
2022-09-10T22:50:40.000,40.67,19.9,0.0,0.0,20.5,11465,33.67,-41.0,0.995
2022-09-10T22:52:40.000,40.79,20.67,0.0,0.0,20.5,11467,33.26,-41.0,0.995
2022-09-10T22:53:41.000,40.88,20.49,0.0,0.0,20.5,11468,33.06,-41.0,0.995
2022-09-10T22:54:41.000,40.91,20.19,0.0,0.0,20.5,11469,32.86,-41.0,0.995
2022-09-10T23:09:43.000,41.08,20.27,0.0,0.0,20.5,11484,29.79,-38.0,0.995
2022-09-10T23:10:43.000,41.03,19.97,0.0,0.0,20.5,11485,29.59,-37.0,0.995
2022-09-10T23:11:43.000,41.03,19.86,0.0,0.0,20.5,11486,29.38,-37.0,0.995
2022-09-10T23:18:43.000,40.61,19.63,0.0,0.0,20.5,11493,27.94,-36.0,0.995
2022-09-10T23:20:49.000,40.79,19.72,0.0,0.0,20.5,11495,27.51,-35.0,0.995
2022-09-10T23:21:49.000,40.82,19.44,0.0,0.0,20.5,11496,27.3,-35.0,0.995
2022-09-10T23:22:50.000,40.83,19.7,0.0,0.0,20.5,11497,27.09,-35.0,0.995
2022-09-10T23:33:51.000,39.78,18.91,0.0,0.0,20.5,11508,24.81,-33.0,0.995
2022-09-10T23:34:51.000,39.74,19.65,0.0,0.0,20.5,11509,24.6,-33.0,0.995
2022-09-10T23:35:52.000,39.83,19.84,0.0,0.0,20.5,11510,24.39,-33.0,0.995
2022-09-10T23:37:52.000,39.78,19.5,0.0,0.0,20.5,11512,23.97,-32.0,0.995
2022-09-10T23:40:52.000,39.86,20.39,0.0,0.0,20.5,11515,23.35,-32.0,0.995
2022-09-10T23:44:53.000,39.63,20.42,0.0,0.0,20.5,11519,22.51,-31.0,0.995
2022-09-10T23:46:58.000,39.76,20.86,0.0,0.0,20.5,11521,22.07,-30.0,0.994
2022-09-10T23:47:59.000,39.84,21.19,0.0,0.0,20.5,11522,21.86,-30.0,0.994
2022-09-10T23:48:59.000,39.91,20.98,0.0,0.0,20.5,11523,21.65,-30.0,0.994
2022-09-10T23:57:00.000,40.31,20.38,0.0,0.0,20.5,11531,19.97,-28.0,0.994
2022-09-10T23:58:00.000,40.25,20.3,0.0,0.0,20.5,11532,19.76,-28.0,0.994
2022-09-10T23:59:00.000,40.21,19.92,0.0,0.0,20.5,11533,19.55,-28.0,0.994
2022-09-11T00:01:06.000,39.93,19.31,0.0,0.0,20.5,11535,19.11,-27.0,0.994
2022-09-11T00:02:06.000,39.84,19.26,0.0,0.0,20.5,11536,18.9,-27.0,0.994
2022-09-11T00:03:06.000,39.82,19.27,0.0,0.0,20.5,11537,18.69,-27.0,0.994
2022-09-11T00:04:06.000,39.75,19.18,0.0,0.0,20.5,11538,18.48,-27.0,0.994
2022-09-11T00:05:06.000,39.68,19.21,0.0,0.0,20.5,11539,18.27,-27.0,0.994
2022-09-11T00:06:06.000,39.68,19.19,0.0,0.0,20.5,11540,18.05,-26.0,0.994
2022-09-11T00:08:06.000,39.38,18.62,0.0,0.0,20.5,11542,17.63,-26.0,0.994
2022-09-11T00:09:06.000,39.17,18.57,0.0,0.0,20.5,11543,17.42,-26.0,0.994
2022-09-11T00:11:07.000,39.12,19.03,0.0,0.0,20.5,11545,17.0,-25.0,0.994
2022-09-11T00:12:07.000,39.08,19.02,0.0,0.0,20.5,11546,16.79,-25.0,0.994
2022-09-11T00:13:07.000,39.06,18.89,0.0,0.0,20.5,11547,16.58,-25.0,0.994
2022-09-11T00:14:07.000,38.96,18.79,0.0,0.0,20.5,11548,16.37,-25.0,0.994
2022-09-11T00:15:07.000,38.89,18.66,0.0,0.0,20.5,11549,16.15,-25.0,0.994
2022-09-11T00:17:07.000,38.59,18.43,0.0,0.0,20.5,11551,15.73,-24.0,0.994
2022-09-11T00:18:07.000,38.53,18.5,0.0,0.0,20.5,11552,15.52,-24.0,0.994
2022-09-11T00:20:08.000,38.39,18.13,0.0,0.0,20.5,11554,15.1,-24.0,0.994
2022-09-11T00:21:08.000,38.25,18.0,0.0,0.0,20.5,11555,14.88,-23.0,0.994
2022-09-11T00:22:08.000,38.13,18.1,0.0,0.0,20.5,11556,14.67,-23.0,0.994
2022-09-11T00:58:19.000,36.99,17.75,0.0,0.0,20.5,11592,7.02,-16.0,0.994
2022-09-11T00:59:18.000,36.95,17.77,0.0,0.0,20.5,11593,6.81,-16.0,0.994
2022-09-11T01:00:18.000,36.92,18.06,0.0,0.0,20.5,11594,6.6,-15.0,0.994
2022-09-11T01:02:19.000,36.97,18.76,0.0,0.0,20.5,11596,6.17,-15.0,0.994
2022-09-11T01:04:25.000,37.03,19.47,0.0,0.0,20.5,11598,5.73,-15.0,0.994
2022-09-11T01:05:25.000,36.98,19.61,0.0,0.0,20.5,11599,5.52,-14.0,0.994
2022-09-11T01:06:25.000,36.91,19.66,0.0,0.0,20.5,11600,5.3,-14.0,0.994
2022-09-11T01:10:31.000,36.51,17.46,0.0,0.0,20.5,11604,4.44,-13.0,0.994
2022-09-11T01:11:31.000,36.33,17.29,0.0,0.0,20.5,11605,4.23,-13.0,0.994
2022-09-11T01:12:31.000,36.2,17.35,0.0,0.0,20.5,11606,4.01,-13.0,0.994
2022-09-11T01:18:37.000,35.9,17.41,0.11,0.1,20.5,11612,2.73,-12.0,0.993
2022-09-11T01:21:37.000,35.57,16.77,0.0,0.0,20.5,11615,2.09,-11.0,0.993
2022-09-11T01:24:38.000,35.25,16.6,0.0,0.0,20.5,11618,1.45,-10.0,0.993
2022-09-11T01:27:38.000,34.91,16.56,0.0,0.0,20.5,11621,0.82,-10.0,0.993
2022-09-11T01:29:39.000,34.69,16.39,0.0,0.0,20.5,11623,0.4,-9.0,0.993
2022-09-11T01:30:39.000,34.54,16.25,0.0,0.0,20.5,11624,0.19,-9.0,0.993
2022-09-11T01:31:39.000,34.44,16.51,0.0,0.0,20.5,11625,-0.02,-9.0,0.993
2022-09-11T01:33:39.000,34.41,16.72,0.0,0.0,20.5,11627,-0.45,-9.0,0.993
2022-09-11T01:34:39.000,34.38,16.48,0.0,0.0,20.5,11628,-0.66,-8.0,0.993
2022-09-11T01:35:39.000,34.28,16.44,0.0,0.0,20.5,11629,-0.87,-8.0,0.993
2022-09-11T01:36:39.000,34.22,16.51,5090.83,0.66,20.5,11630,-1.08,-8.0,0.993
2022-09-11T01:37:39.000,34.18,16.58,61342.55,8.41,20.5,11631,-1.29,-8.0,0.993
2022-09-11T01:41:39.000,33.89,16.59,46582.05,8.71,20.5,11635,-2.13,-7.0,0.993
2022-09-11T01:42:40.000,33.87,16.58,40149.16,8.87,20.5,11636,-2.34,-7.0,0.993
2022-09-11T01:43:40.000,33.83,16.59,31540.09,9.14,20.5,11637,-2.55,-6.0,0.993
2022-09-11T01:44:40.000,33.77,16.52,25619.4,9.51,20.5,11638,-2.76,-6.0,0.993
2022-09-11T01:45:41.000,33.69,16.53,22717.6,9.49,20.5,11639,-2.98,-6.0,0.993
2022-09-11T01:46:41.000,33.68,16.7,19496.27,9.66,20.5,11640,-3.19,-6.0,0.993
2022-09-11T01:47:41.000,33.65,16.6,16584.52,9.83,20.5,11641,-3.4,-6.0,0.993
2022-09-11T01:48:41.000,33.58,16.59,14000.96,10.02,20.5,11642,-3.61,-5.0,0.993
2022-09-11T01:49:41.000,33.53,16.72,11680.78,10.21,20.5,11643,-3.82,-5.0,0.993
2022-09-11T01:51:41.000,33.54,16.7,7911.08,10.64,20.5,11645,-4.24,-5.0,0.993
2022-09-11T01:52:42.000,33.5,16.69,6402.8,10.87,20.5,11646,-4.45,-5.0,0.993
2022-09-11T01:53:42.000,33.45,16.65,5007.96,11.13,20.5,11647,-4.66,-4.0,0.993
2022-09-11T01:54:42.000,33.38,16.71,3779.96,11.44,20.5,11648,-4.87,-4.0,0.993
2022-09-11T01:55:42.000,33.34,16.68,2830.13,11.75,20.5,11649,-5.08,-4.0,0.993
2022-09-11T01:56:42.000,33.31,16.63,2139.17,12.06,20.5,11650,-5.29,-4.0,0.993
2022-09-11T01:57:42.000,33.24,16.6,1632.45,12.35,20.5,11651,-5.49,-4.0,0.993
2022-09-11T01:58:43.000,33.25,16.76,1243.82,12.65,20.5,11652,-5.71,-3.0,0.993
2022-09-11T01:59:43.000,33.24,16.49,952.42,12.94,20.5,11653,-5.92,-3.0,0.993
2022-09-11T02:00:43.000,33.21,16.6,743.33,13.2,20.5,11654,-6.12,-3.0,0.993
2022-09-11T02:02:43.000,33.16,16.45,477.58,13.68,20.5,11656,-6.54,-3.0,0.993
2022-09-11T02:03:43.000,33.18,16.47,380.76,13.93,20.5,11657,-6.75,-2.0,0.993
2022-09-11T02:04:43.000,33.17,16.43,299.93,14.19,20.5,11658,-6.96,-2.0,0.993
2022-09-11T02:05:43.000,33.16,16.27,232.91,14.47,20.5,11659,-7.17,-2.0,0.993
2022-09-11T02:06:43.000,33.12,16.19,181.03,14.74,20.5,11660,-7.38,-2.0,0.993
2022-09-11T02:07:45.000,33.12,16.21,142.95,14.99,20.5,11661,-7.59,-1.0,0.993
2022-09-11T02:08:45.000,33.13,16.16,114.49,15.24,20.5,11662,-7.8,-1.0,0.993
2022-09-11T02:09:45.000,33.08,15.92,92.45,15.47,20.5,11663,-8.01,-1.0,0.993
2022-09-11T02:10:45.000,32.99,15.75,73.98,15.71,20.5,11664,-8.22,-1.0,0.993
2022-09-11T02:11:45.000,32.9,15.74,58.95,15.96,20.5,11665,-8.42,-1.0,0.993
2022-09-11T02:12:46.000,32.87,15.76,46.41,16.22,20.5,11666,-8.64,-0.0,0.993
2022-09-11T02:13:46.000,32.85,15.76,37.94,16.43,20.5,11667,-8.84,-0.0,0.993
2022-09-11T02:18:47.000,32.75,15.46,15.21,17.43,20.5,11672,-9.88,1.0,0.993
2022-09-11T02:20:47.000,32.7,15.52,11.18,17.76,20.5,11674,-10.3,1.0,0.993
2022-09-11T02:21:47.000,32.68,15.39,9.84,17.9,20.5,11675,-10.5,1.0,0.993
2022-09-11T02:22:47.000,32.65,15.43,8.93,18.0,20.5,11676,-10.71,2.0,0.993
2022-09-11T02:23:47.000,32.62,15.41,8.41,18.07,20.5,11677,-10.92,2.0,0.993
2022-09-11T02:24:48.000,32.58,15.44,8.3,18.08,20.5,11678,-11.13,2.0,0.993
2022-09-11T02:25:47.000,32.57,15.52,8.53,18.05,20.5,11679,-11.33,2.0,0.993
2022-09-11T02:26:47.000,32.57,15.61,9.07,17.99,20.5,11680,-11.54,2.0,0.993
2022-09-11T02:27:47.000,32.61,15.8,9.66,17.92,20.5,11681,-11.74,3.0,0.993
2022-09-11T02:30:48.000,32.62,15.78,10.48,17.83,20.5,11684,-12.36,3.0,0.993
2022-09-11T02:32:48.000,32.58,15.88,10.41,17.84,20.5,11686,-12.78,4.0,0.993
2022-09-11T02:35:48.000,32.46,16.02,10.71,17.81,20.5,11689,-13.39,4.0,0.993
2022-09-11T02:36:49.000,32.42,16.0,10.97,17.78,20.5,11690,-13.6,4.0,0.993
2022-09-11T02:37:48.000,32.39,16.22,11.27,17.75,20.5,11691,-13.8,5.0,0.993
2022-09-11T02:38:49.000,32.41,16.27,11.59,17.72,20.5,11692,-14.01,5.0,0.993
2022-09-11T02:39:49.000,32.4,16.53,11.88,17.69,20.5,11693,-14.21,5.0,0.993
2022-09-11T02:40:49.000,32.41,16.37,12.13,17.67,20.5,11694,-14.42,5.0,0.993
2022-09-11T02:42:49.000,32.35,16.33,12.61,17.63,20.5,11696,-14.83,6.0,0.992
2022-09-11T02:43:50.000,32.33,16.44,12.79,17.61,20.5,11697,-15.03,6.0,0.992
2022-09-11T02:44:50.000,32.32,16.43,12.92,17.6,20.5,11698,-15.24,6.0,0.992
2022-09-11T02:45:51.000,32.31,16.53,12.92,17.6,20.5,11699,-15.45,6.0,0.992
2022-09-11T02:46:50.000,32.33,16.6,12.84,17.61,20.5,11700,-15.65,7.0,0.992
2022-09-11T02:51:51.000,32.48,16.66,11.85,17.7,20.5,11705,-16.67,8.0,0.992
2022-09-11T02:52:51.000,32.49,16.55,11.69,17.71,20.5,11706,-16.87,8.0,0.992
2022-09-11T02:53:51.000,32.42,16.31,11.2,17.76,20.5,11707,-17.07,8.0,0.992
2022-09-11T02:56:51.000,32.41,16.61,10.68,17.81,20.5,11710,-17.68,9.0,0.992
2022-09-11T03:00:51.000,32.44,16.46,10.74,17.8,20.5,11714,-18.48,9.0,0.992
2022-09-11T03:02:51.000,32.49,16.38,11.1,17.77,20.5,11716,-18.89,10.0,0.992
2022-09-11T03:04:52.000,32.47,16.25,10.75,17.8,20.5,11718,-19.29,10.0,0.992
2022-09-11T03:07:58.000,32.46,16.2,8.42,18.07,20.5,11721,-19.91,11.0,0.992
2022-09-11T03:08:58.000,32.45,16.07,7.88,18.14,20.5,11722,-20.11,11.0,0.992
2022-09-11T03:09:58.000,32.49,16.28,7.75,18.16,20.5,11723,-20.31,11.0,0.992
2022-09-11T03:10:58.000,32.53,16.23,8.03,18.12,20.5,11724,-20.51,11.0,0.992
2022-09-11T03:13:04.000,32.64,16.3,8.7,18.03,20.5,11726,-20.93,12.0,0.992
2022-09-11T03:14:04.000,32.67,16.17,9.03,17.99,20.5,11727,-21.13,12.0,0.992
2022-09-11T03:15:04.000,32.67,16.15,9.22,17.97,20.5,11728,-21.33,12.0,0.992
2022-09-11T03:16:04.000,32.72,16.23,9.39,17.95,20.5,11729,-21.52,12.0,0.992
2022-09-11T03:17:05.000,32.78,16.12,9.32,17.96,20.5,11730,-21.73,13.0,0.992
2022-09-11T03:20:06.000,32.8,15.58,8.43,18.07,20.5,11733,-22.32,13.0,0.992
2022-09-11T03:21:05.000,32.73,15.61,8.45,18.06,20.5,11734,-22.52,13.0,0.992
2022-09-11T03:25:06.000,32.79,15.26,9.55,17.93,20.5,11738,-23.31,14.0,0.992
2022-09-11T03:26:06.000,32.69,15.06,9.92,17.89,20.5,11739,-23.5,15.0,0.992
2022-09-11T03:29:07.000,32.64,14.8,9.78,17.9,20.5,11742,-24.09,15.0,0.992
2022-09-11T03:30:07.000,32.51,14.52,8.77,18.02,20.5,11743,-24.29,15.0,0.992
2022-09-11T03:31:07.000,32.52,14.72,7.48,18.2,20.5,11744,-24.48,16.0,0.992
2022-09-11T03:32:07.000,32.54,14.72,6.21,18.4,20.5,11745,-24.68,16.0,0.992
2022-09-11T03:33:07.000,32.59,14.68,5.07,18.62,20.5,11746,-24.87,16.0,0.992
2022-09-11T03:34:07.000,32.6,14.48,4.23,18.82,20.5,11747,-25.07,16.0,0.992
2022-09-11T03:35:07.000,32.61,14.38,3.63,18.98,20.5,11748,-25.26,16.0,0.992
2022-09-11T03:36:07.000,32.59,14.35,3.3,19.08,20.5,11749,-25.45,17.0,0.992
2022-09-11T03:37:07.000,32.6,14.43,3.25,19.1,20.5,11750,-25.65,17.0,0.992
2022-09-11T03:38:07.000,32.59,14.42,3.17,19.13,20.5,11751,-25.84,17.0,0.992
2022-09-11T03:39:08.000,32.56,14.42,3.28,19.09,20.5,11752,-26.04,17.0,0.992
2022-09-11T03:40:08.000,32.57,14.61,3.68,18.97,20.5,11753,-26.23,17.0,0.992
2022-09-11T03:41:08.000,32.57,14.54,3.88,18.91,20.5,11754,-26.42,18.0,0.992
2022-09-11T03:42:08.000,32.56,14.44,3.53,19.01,20.5,11755,-26.61,18.0,0.992
2022-09-11T03:43:08.000,32.56,14.56,3.09,19.16,20.5,11756,-26.81,18.0,0.992
2022-09-11T03:45:14.000,32.59,14.33,3.15,19.13,20.5,11758,-27.21,18.0,0.992
2022-09-11T03:46:14.000,32.47,13.97,3.08,19.16,20.5,11759,-27.4,19.0,0.992
2022-09-11T03:47:14.000,32.39,13.96,2.98,19.19,20.5,11760,-27.59,19.0,0.992
2022-09-11T03:48:14.000,32.33,14.09,3.11,19.15,20.5,11761,-27.78,19.0,0.992
2022-09-11T03:49:15.000,32.32,14.15,3.35,19.07,20.5,11762,-27.97,19.0,0.992
2022-09-11T03:50:15.000,32.32,14.24,3.68,18.97,20.5,11763,-28.16,19.0,0.992
2022-09-11T03:51:15.000,32.34,14.32,3.83,18.92,20.5,11764,-28.35,20.0,0.992
2022-09-11T03:53:15.000,32.41,14.32,4.53,18.74,20.5,11766,-28.73,20.0,0.992
2022-09-11T03:54:15.000,32.44,14.43,4.94,18.65,20.5,11767,-28.92,20.0,0.992
2022-09-11T03:56:15.000,32.46,14.45,7.85,18.14,20.5,11769,-29.3,20.0,0.992
2022-09-11T03:57:15.000,32.43,14.38,8.9,18.01,20.5,11770,-29.48,21.0,0.992
2022-09-11T03:58:19.000,32.41,14.57,8.73,18.03,20.5,11771,-29.68,21.0,0.992
2022-09-11T03:59:19.000,32.31,14.48,8.53,18.05,20.5,11772,-29.87,21.0,0.992
2022-09-11T04:00:19.000,32.29,14.87,9.11,17.98,20.5,11773,-30.06,21.0,0.991
2022-09-11T04:01:20.000,32.29,14.89,9.81,17.9,20.5,11774,-30.25,21.0,0.991
2022-09-11T04:02:20.000,32.32,15.05,9.81,17.9,20.5,11775,-30.43,22.0,0.991
2022-09-11T04:04:25.000,32.4,15.01,9.94,17.89,20.5,11777,-30.82,22.0,0.991
2022-09-11T04:05:26.000,32.4,14.93,8.9,18.01,20.5,11778,-31.01,22.0,0.991
2022-09-11T04:06:26.000,32.41,14.95,9.42,17.95,20.5,11779,-31.19,22.0,0.991
2022-09-11T04:07:26.000,32.42,15.04,10.3,17.85,20.5,11780,-31.38,23.0,0.991
2022-09-11T04:08:26.000,32.46,15.16,10.3,17.85,20.5,11781,-31.56,23.0,0.991
2022-09-11T04:09:26.000,32.46,15.19,10.38,17.84,20.5,11782,-31.74,23.0,0.991
2022-09-11T04:10:26.000,32.41,15.24,11.27,17.75,20.5,11783,-31.93,23.0,0.991
2022-09-11T04:11:26.000,32.26,14.92,11.88,17.69,20.5,11784,-32.11,23.0,0.991
2022-09-11T04:12:27.000,32.08,15.17,11.77,17.7,20.5,11785,-32.29,24.0,0.991
2022-09-11T04:13:27.000,32.03,15.59,12.47,17.64,20.5,11786,-32.48,24.0,0.991
2022-09-11T04:14:27.000,31.96,15.54,13.23,17.58,20.5,11787,-32.66,24.0,0.991
2022-09-11T04:16:27.000,31.83,15.58,14.23,17.5,20.5,11789,-33.02,24.0,0.991
2022-09-11T04:20:34.000,31.75,16.02,14.33,17.49,20.5,11793,-33.76,25.0,0.991
2022-09-11T04:21:34.000,31.76,16.05,15.46,17.41,20.5,11794,-33.94,25.0,0.991
2022-09-11T04:22:34.000,31.69,15.78,15.83,17.38,20.5,11795,-34.12,26.0,0.991
2022-09-11T04:23:34.000,31.65,15.95,16.63,17.33,20.5,11796,-34.29,26.0,0.991
2022-09-11T04:24:34.000,31.68,16.01,15.77,17.39,20.5,11797,-34.47,26.0,0.991
2022-09-11T04:25:34.000,31.72,15.86,15.74,17.39,20.5,11798,-34.65,26.0,0.991
2022-09-11T04:26:34.000,31.72,15.72,15.04,17.44,20.5,11799,-34.83,26.0,0.991
2022-09-11T04:27:34.000,31.73,15.47,14.87,17.45,20.5,11800,-35.0,27.0,0.991
2022-09-11T04:28:35.000,31.72,15.5,15.31,17.42,20.5,11801,-35.18,27.0,0.991
2022-09-11T04:29:35.000,31.79,15.51,14.81,17.45,20.5,11802,-35.36,27.0,0.991
2022-09-11T04:30:34.000,31.84,15.48,14.72,17.46,20.5,11803,-35.53,27.0,0.991
2022-09-11T04:31:35.000,31.88,15.44,12.13,17.67,20.5,11804,-35.7,27.0,0.991
2022-09-11T04:32:35.000,31.93,15.47,10.27,17.85,20.5,11805,-35.88,28.0,0.991
2022-09-11T04:33:35.000,31.9,15.31,10.6,17.82,20.5,11806,-36.05,28.0,0.991
2022-09-11T04:34:35.000,31.85,15.43,11.19,17.76,20.5,11807,-36.23,28.0,0.991
2022-09-11T04:35:35.000,31.79,15.41,12.55,17.63,20.5,11808,-36.4,28.0,0.991
2022-09-11T04:36:35.000,31.78,15.69,13.03,17.59,20.5,11809,-36.57,28.0,0.991
2022-09-11T04:37:35.000,31.79,15.73,11.99,17.68,20.5,11810,-36.74,28.0,0.991
