Downloads/jupyter/ECSV/stars19/stars19_2021-05.ecsv
# %ECSV 1.0
# ---
# datatype:
# - {name: time, datatype: string}
# - {name: Enclosure Temperature, unit: deg_C, datatype: float64}
# - {name: Sky Temperature, unit: deg_C, datatype: float64}
# - {name: Frequency, unit: Hz, datatype: float64}
# - {name: MSAS, unit: mag / arcsec2, datatype: float64}
# - {name: ZP, datatype: float64}
# - {name: Sequence Number, datatype: int64}
# - {name: Sun Alt, unit: deg, datatype: float64}
# - {name: Moon Alt, unit: deg, datatype: float64}
# - {name: Moon Illumination, datatype: float64}
# delimiter: ','
# meta: !!omap
# - ida:
#     Data supplier: {affiliation: null, observer: null}
#     Device type: TESS-W
#     Field of view: 17.0
#     Filters per channel: None
#     Instrument ID: stars19
#     License: ODbL 1.0 http://opendatacommons.org/licenses/odbl/summary/
#     Local timezone: America/Phoenix
#     Location name: {country: '- Tucson', place: Tucson, region: United States, sub_region: Arizona, town: Pima County}
#     Measurement direction per channel: {azimuth: 0.0, zenital: 0.0}
#     Moving / Fixed look direction: FIXED
#     Moving / Stationary position: STATIONARY
#     Number of channels: 1
#     Number of fields per line: 8
#     Number of header lines: 35
#     Position: {height: 0.0, latitude: 32.223877, longitude: -110.767532}
#     TESS MAC address: 18:FE:34:CF:EC:06
#     TESS cover offset value: 0.0
#     TESS firmware version: '1.0'
#     TESS zero point: 20.5
#     Time Synchronization: timestamp added by MQTT subscriber
#     URL: http://www.darksky.org/NSBM/sdf1.0.pdf
# - __serialized_columns__:
#     Enclosure Temperature:
#       __class__: astropy.units.quantity.Quantity
#       unit: &id001 !astropy.units.Unit {unit: deg_C}
#       value: !astropy.table.SerializedColumn {name: Enclosure Temperature}
#     Frequency:
#       __class__: astropy.units.quantity.Quantity
#       unit: !astropy.units.Unit {unit: Hz}
#       value: !astropy.table.SerializedColumn {name: Frequency}
#     MSAS:
#       __class__: astropy.units.quantity.Quantity
#       unit: !astropy.units.Unit {unit: mag / arcsec2}
#       value: !astropy.table.SerializedColumn {name: MSAS}
#     Moon Alt:
#       __class__: astropy.units.quantity.Quantity
#       unit: &id002 !astropy.units.Unit {unit: deg}
#       value: !astropy.table.SerializedColumn {name: Moon Alt}
#     Sky Temperature:
#       __class__: astropy.units.quantity.Quantity
#       unit: *id001
#       value: !astropy.table.SerializedColumn {name: Sky Temperature}
#     Sun Alt:
#       __class__: astropy.units.quantity.Quantity
#       unit: *id002
#       value: !astropy.table.SerializedColumn {name: Sun Alt}
#     time:
#       __class__: astropy.time.core.Time
#       format: isot
#       in_subfmt: '*'
#       out_subfmt: '*'
#       precision: 3
#       scale: utc
#       value: !astropy.table.SerializedColumn {name: time}
# schema: astropy-2.0
time,Enclosure Temperature,Sky Temperature,Frequency,MSAS,ZP,Sequence Number,Sun Alt,Moon Alt,Moon Illumination
[from data line 18041]
2021-05-26T05:41:58.000,27.74,2.67,10.78,17.8,20.5,29826,-31.68,33.0,0.999
2021-05-26T05:42:59.000,27.71,2.53,10.39,17.84,20.5,29827,-31.77,33.0,0.999
2021-05-26T05:48:01.000,27.57,2.19,12.14,17.67,20.5,29832,-32.24,34.0,0.999
2021-05-26T05:49:02.000,27.53,2.13,13.13,17.58,20.5,29833,-32.34,34.0,0.999
2021-05-26T05:50:02.000,27.49,2.07,13.76,17.53,20.5,29834,-32.43,34.0,0.999
2021-05-26T05:51:03.000,27.42,2.04,14.34,17.49,20.5,29835,-32.52,34.0,0.999
2021-05-26T05:52:03.000,27.38,2.03,14.54,17.47,20.5,29836,-32.6,34.0,0.999
2021-05-26T05:53:03.000,27.34,1.99,14.76,17.46,20.5,29837,-32.69,34.0,0.999
2021-05-26T05:54:04.000,27.32,2.03,14.78,17.46,20.5,29838,-32.78,34.0,0.999
2021-05-26T05:55:05.000,27.29,2.06,15.23,17.42,20.5,29839,-32.87,34.0,0.999
2021-05-26T05:56:05.000,27.27,2.13,15.55,17.4,20.5,29840,-32.95,34.0,0.999
2021-05-26T05:57:05.000,27.24,2.13,15.24,17.42,20.5,29841,-33.03,34.0,0.999
2021-05-26T05:58:05.000,27.2,2.19,15.3,17.42,20.5,29842,-33.12,35.0,0.999
2021-05-26T05:59:06.000,27.18,2.2,15.06,17.44,20.5,29843,-33.2,35.0,0.999
2021-05-26T06:00:06.000,27.15,2.21,14.85,17.45,20.5,29844,-33.28,35.0,0.999
2021-05-26T06:01:06.000,27.1,2.19,15.04,17.44,20.5,29845,-33.36,35.0,0.999
2021-05-26T06:02:06.000,27.07,2.2,15.33,17.42,20.5,29846,-33.44,35.0,0.999
2021-05-26T06:03:07.000,27.03,2.2,15.49,17.41,20.5,29847,-33.52,35.0,0.999
2021-05-26T06:04:08.000,26.97,2.11,15.38,17.41,20.5,29848,-33.6,35.0,0.999
2021-05-26T06:05:08.000,26.92,2.11,14.81,17.45,20.5,29849,-33.68,35.0,0.999
2021-05-26T06:06:09.000,26.9,2.07,14.76,17.46,20.5,29850,-33.75,35.0,0.999
2021-05-26T06:07:09.000,26.87,2.04,13.97,17.52,20.5,29851,-33.83,35.0,0.999
2021-05-26T06:08:09.000,26.84,2.01,13.25,17.58,20.5,29852,-33.9,35.0,0.999
2021-05-26T06:09:10.000,26.8,1.87,12.57,17.63,20.5,29853,-33.97,35.0,0.999
2021-05-26T06:12:13.000,26.67,1.72,12.61,17.63,20.5,29856,-34.19,35.0,0.999
2021-05-26T06:13:15.000,26.6,1.65,12.9,17.6,20.5,29857,-34.26,35.0,0.999
2021-05-26T06:14:16.000,26.56,1.65,12.34,17.65,20.5,29858,-34.33,36.0,0.999
2021-05-26T06:15:16.000,26.52,1.59,12.74,17.62,20.5,29859,-34.4,36.0,0.999
2021-05-26T06:16:17.000,26.46,1.52,12.89,17.6,20.5,29860,-34.47,36.0,0.999
2021-05-26T06:17:17.000,26.41,1.46,12.96,17.6,20.5,29861,-34.53,36.0,0.999
2021-05-26T06:19:24.000,26.29,1.33,13.25,17.57,20.5,29863,-34.67,36.0,0.999
2021-05-26T06:21:26.000,26.18,1.2,12.89,17.6,20.5,29865,-34.79,36.0,0.999
2021-05-26T06:23:27.000,26.11,1.06,12.66,17.62,20.5,29867,-34.91,36.0,0.999
2021-05-26T06:24:28.000,26.06,1.03,12.88,17.6,20.5,29868,-34.97,36.0,0.999
2021-05-26T06:25:28.000,26.02,0.96,13.01,17.59,20.5,29869,-35.03,36.0,0.999
2021-05-26T06:26:28.000,25.97,0.94,13.03,17.59,20.5,29870,-35.08,36.0,0.999
2021-05-26T06:27:29.000,25.92,0.94,13.17,17.58,20.5,29871,-35.14,36.0,0.999
2021-05-26T06:28:35.000,25.87,0.89,13.24,17.58,20.5,29872,-35.2,36.0,0.999
2021-05-26T06:30:36.000,25.78,0.86,13.24,17.58,20.5,29874,-35.31,36.0,0.999
2021-05-26T06:31:36.000,25.71,0.87,13.29,17.57,20.5,29875,-35.36,36.0,0.999
2021-05-26T06:32:37.000,25.67,0.84,13.29,17.57,20.5,29876,-35.41,36.0,0.999
2021-05-26T06:33:39.000,25.64,0.84,13.36,17.57,20.5,29877,-35.46,36.0,0.999
2021-05-26T06:35:40.000,25.58,0.82,13.34,17.57,20.5,29879,-35.56,36.0,0.999
2021-05-26T06:37:43.000,25.48,0.75,13.32,17.57,20.5,29881,-35.65,36.0,0.999
2021-05-26T06:38:44.000,25.43,0.7,13.61,17.55,20.5,29882,-35.69,37.0,0.999
2021-05-26T06:39:44.000,25.39,0.73,14.06,17.51,20.5,29883,-35.74,37.0,0.999
2021-05-26T06:40:44.000,25.37,0.7,14.26,17.49,20.5,29884,-35.78,37.0,0.999
2021-05-26T06:41:45.000,25.35,0.69,14.29,17.49,20.5,29885,-35.82,37.0,0.999
2021-05-26T06:42:45.000,25.33,0.66,14.1,17.51,20.5,29886,-35.86,37.0,0.999
2021-05-26T06:43:46.000,25.31,0.68,14.31,17.49,20.5,29887,-35.9,37.0,0.999
2021-05-26T06:44:47.000,25.29,0.63,14.63,17.47,20.5,29888,-35.94,37.0,0.999
2021-05-26T06:45:48.000,25.26,0.64,14.88,17.45,20.5,29889,-35.98,37.0,0.999
2021-05-26T06:46:50.000,25.25,0.7,15.23,17.42,20.5,29890,-36.01,37.0,0.999
2021-05-26T06:47:50.000,25.21,0.58,15.75,17.39,20.5,29891,-36.05,37.0,0.999
2021-05-26T06:48:51.000,25.18,0.56,15.26,17.42,20.5,29892,-36.08,37.0,0.999
2021-05-26T06:49:52.000,25.15,0.55,14.81,17.45,20.5,29893,-36.11,37.0,0.999
2021-05-26T06:50:58.000,25.11,0.48,14.66,17.46,20.5,29894,-36.15,37.0,0.999
2021-05-26T06:51:58.000,25.07,0.46,14.44,17.48,20.5,29895,-36.18,37.0,0.999
2021-05-26T06:52:58.000,25.0,0.42,14.28,17.49,20.5,29896,-36.21,37.0,0.999
2021-05-26T06:53:59.000,24.97,0.4,14.2,17.5,20.5,29897,-36.24,37.0,0.999
2021-05-26T06:54:59.000,24.93,0.36,14.13,17.5,20.5,29898,-36.26,37.0,0.999
2021-05-26T06:55:59.000,24.91,0.33,14.21,17.5,20.5,29899,-36.29,37.0,0.999
2021-05-26T06:57:00.000,24.86,0.31,14.37,17.49,20.5,29900,-36.32,37.0,0.999
2021-05-26T06:58:00.000,24.82,0.32,14.54,17.47,20.5,29901,-36.34,37.0,0.999
2021-05-26T06:59:00.000,24.81,0.37,14.61,17.47,20.5,29902,-36.36,37.0,0.999
2021-05-26T07:00:01.000,24.79,0.31,14.7,17.46,20.5,29903,-36.39,37.0,0.999
2021-05-26T07:04:02.000,24.71,0.23,14.78,17.46,20.5,29907,-36.46,37.0,0.999
2021-05-26T07:05:02.000,24.68,0.2,14.57,17.47,20.5,29908,-36.48,37.0,1.0
2021-05-26T07:06:02.000,24.65,0.16,14.33,17.49,20.5,29909,-36.49,37.0,1.0
2021-05-26T07:07:03.000,24.61,0.14,14.01,17.51,20.5,29910,-36.51,37.0,1.0
2021-05-26T07:09:09.000,24.52,0.1,13.68,17.54,20.5,29912,-36.54,37.0,1.0
2021-05-26T07:10:12.000,24.47,0.09,13.54,17.55,20.5,29913,-36.55,37.0,1.0
2021-05-26T07:14:13.000,24.3,0.12,14.21,17.5,20.5,29917,-36.58,37.0,1.0
2021-05-26T07:18:15.000,24.25,0.15,14.46,17.48,20.5,29921,-36.6,37.0,1.0
2021-05-26T07:19:15.000,24.24,0.15,14.48,17.48,20.5,29922,-36.6,37.0,1.0
2021-05-26T07:20:16.000,24.22,0.15,14.34,17.49,20.5,29923,-36.6,37.0,1.0
2021-05-26T07:23:17.000,24.19,0.2,13.83,17.53,20.5,29926,-36.59,37.0,1.0
2021-05-26T07:24:17.000,24.19,0.22,13.46,17.56,20.5,29927,-36.59,37.0,1.0
2021-05-26T07:25:17.000,24.19,0.2,13.11,17.59,20.5,29928,-36.58,37.0,1.0
2021-05-26T07:26:18.000,24.2,0.17,12.97,17.6,20.5,29929,-36.58,37.0,1.0
2021-05-26T07:29:19.000,24.18,0.08,12.87,17.61,20.5,29932,-36.55,37.0,1.0
2021-05-26T07:30:19.000,24.18,0.07,13.06,17.59,20.5,29933,-36.54,37.0,1.0
2021-05-26T07:31:19.000,24.17,0.05,12.93,17.6,20.5,29934,-36.53,37.0,1.0
2021-05-26T07:32:19.000,24.16,-0.01,13.08,17.59,20.5,29935,-36.52,37.0,1.0
2021-05-26T07:33:20.000,24.14,-0.02,13.06,17.59,20.5,29936,-36.5,37.0,1.0
2021-05-26T07:34:20.000,24.13,-0.04,13.11,17.59,20.5,29937,-36.49,37.0,1.0
2021-05-26T07:35:21.000,24.13,-0.01,12.63,17.63,20.5,29938,-36.47,37.0,1.0
2021-05-26T07:36:21.000,24.12,-0.04,12.74,17.62,20.5,29939,-36.46,37.0,1.0
2021-05-26T07:37:22.000,24.09,-0.01,13.0,17.6,20.5,29940,-36.44,37.0,1.0
2021-05-26T07:38:22.000,24.06,-0.04,13.21,17.58,20.5,29941,-36.42,36.0,1.0
2021-05-26T07:39:23.000,24.04,-0.06,12.79,17.61,20.5,29942,-36.4,36.0,1.0
2021-05-26T07:40:23.000,24.02,-0.06,12.54,17.63,20.5,29943,-36.38,36.0,1.0
2021-05-26T07:41:23.000,23.98,-0.06,12.42,17.64,20.5,29944,-36.36,36.0,1.0
2021-05-26T07:42:24.000,23.97,-0.03,11.97,17.69,20.5,29945,-36.33,36.0,1.0
2021-05-26T07:43:24.000,23.97,0.07,11.7,17.71,20.5,29946,-36.31,36.0,1.0
2021-05-26T07:44:25.000,23.96,0.08,12.34,17.65,20.5,29947,-36.28,36.0,1.0
2021-05-26T07:45:26.000,23.94,0.07,12.59,17.63,20.5,29948,-36.25,36.0,1.0
2021-05-26T07:46:27.000,23.93,0.11,13.13,17.58,20.5,29949,-36.23,36.0,1.0
2021-05-26T07:47:27.000,23.93,0.15,13.74,17.54,20.5,29950,-36.2,36.0,1.0
2021-05-26T07:48:27.000,23.91,0.17,13.87,17.52,20.5,29951,-36.17,36.0,1.0
2021-05-26T07:49:27.000,23.91,0.18,13.88,17.52,20.5,29952,-36.14,36.0,1.0
2021-05-26T07:50:27.000,23.9,0.15,13.88,17.52,20.5,29953,-36.11,36.0,1.0
2021-05-26T07:51:28.000,23.9,0.16,13.84,17.53,20.5,29954,-36.07,36.0,1.0
2021-05-26T07:52:29.000,23.9,0.17,13.66,17.54,20.5,29955,-36.04,36.0,1.0
2021-05-26T07:53:29.000,23.92,0.24,13.08,17.59,20.5,29956,-36.0,36.0,1.0
2021-05-26T07:54:29.000,23.91,0.12,12.12,17.67,20.5,29957,-35.97,36.0,1.0
2021-05-26T07:55:30.000,23.92,0.16,11.28,17.75,20.5,29958,-35.93,36.0,1.0
2021-05-26T07:56:30.000,23.91,0.18,11.24,17.75,20.5,29959,-35.89,36.0,1.0
2021-05-26T07:58:30.000,23.92,0.29,12.04,17.68,20.5,29961,-35.81,36.0,1.0
2021-05-26T07:59:30.000,23.93,0.32,12.37,17.65,20.5,29962,-35.77,36.0,1.0
2021-05-26T08:00:31.000,23.93,0.4,11.49,17.73,20.5,29963,-35.73,36.0,1.0
2021-05-26T08:01:31.000,23.91,0.47,12.26,17.66,20.5,29964,-35.68,35.0,1.0
2021-05-26T08:04:32.000,23.9,0.89,16.11,17.36,20.5,29967,-35.55,35.0,1.0
2021-05-26T08:05:33.000,23.89,0.96,15.0,17.44,20.5,29968,-35.5,35.0,1.0
2021-05-26T08:06:33.000,23.89,1.03,13.88,17.52,20.5,29969,-35.45,35.0,1.0
2021-05-26T08:07:33.000,23.88,1.11,12.91,17.6,20.5,29970,-35.4,35.0,1.0
2021-05-26T08:08:33.000,23.89,1.19,13.82,17.53,20.5,29971,-35.35,35.0,1.0
2021-05-26T08:09:34.000,23.88,1.24,13.86,17.53,20.5,29972,-35.3,35.0,1.0
2021-05-26T08:13:35.000,23.9,1.78,20.95,17.08,20.5,29976,-35.08,35.0,1.0
2021-05-26T08:14:35.000,23.89,1.96,23.28,16.96,20.5,29977,-35.03,35.0,1.0
2021-05-26T08:20:37.000,23.86,3.19,37.19,16.45,20.5,29983,-34.67,34.0,1.0
2021-05-26T08:21:37.000,23.83,3.15,38.9,16.41,20.5,29984,-34.6,34.0,1.0
2021-05-26T08:26:38.000,23.72,2.05,23.91,16.94,20.5,29989,-34.27,34.0,1.0
2021-05-26T08:27:39.000,23.69,1.78,19.66,17.15,20.5,29990,-34.2,34.0,1.0
2021-05-26T08:28:39.000,23.67,1.53,17.75,17.26,20.5,29991,-34.13,34.0,1.0
2021-05-26T08:29:39.000,23.63,1.43,20.84,17.09,20.5,29992,-34.06,34.0,1.0
2021-05-26T08:30:40.000,23.61,1.42,24.28,16.92,20.5,29993,-33.99,34.0,1.0
2021-05-26T08:31:40.000,23.59,1.46,24.08,16.93,20.5,29994,-33.92,33.0,1.0
2021-05-26T08:32:41.000,23.58,1.57,24.32,16.92,20.5,29995,-33.84,33.0,1.0
2021-05-26T08:33:41.000,23.58,1.84,27.28,16.79,20.5,29996,-33.77,33.0,1.0
2021-05-26T08:34:41.000,23.56,2.01,29.39,16.71,20.5,29997,-33.69,33.0,1.0
2021-05-26T08:35:41.000,23.56,2.3,28.89,16.73,20.5,29998,-33.62,33.0,1.0
2021-05-26T08:36:42.000,23.57,2.48,33.19,16.58,20.5,29999,-33.54,33.0,1.0
2021-05-26T08:37:42.000,23.57,2.69,35.58,16.5,20.5,30000,-33.46,33.0,1.0
2021-05-26T08:38:42.000,23.49,2.74,33.72,16.56,20.5,30001,-33.38,33.0,1.0
2021-05-26T08:39:43.000,23.57,2.93,34.97,16.52,20.5,30002,-33.3,33.0,1.0
2021-05-26T08:40:43.000,23.58,2.94,35.3,16.51,20.5,30003,-33.22,33.0,1.0
2021-05-26T08:41:43.000,23.59,2.88,35.6,16.5,20.5,30004,-33.14,33.0,1.0
2021-05-26T08:42:44.000,23.59,2.89,32.03,16.62,20.5,30005,-33.05,33.0,1.0
2021-05-26T08:43:44.000,23.59,2.82,28.87,16.73,20.5,30006,-32.97,32.0,1.0
2021-05-26T08:44:45.000,23.59,2.67,27.14,16.8,20.5,30007,-32.88,32.0,1.0
2021-05-26T08:45:45.000,23.58,2.57,24.47,16.91,20.5,30008,-32.8,32.0,1.0
2021-05-26T08:47:46.000,23.58,2.25,20.19,17.12,20.5,30010,-32.62,32.0,1.0
2021-05-26T08:48:47.000,23.56,2.08,18.66,17.2,20.5,30011,-32.53,32.0,1.0
2021-05-26T08:49:48.000,23.54,2.05,16.78,17.32,20.5,30012,-32.44,32.0,1.0
2021-05-26T08:50:50.000,23.53,2.03,15.47,17.41,20.5,30013,-32.35,32.0,1.0
2021-05-26T08:51:50.000,23.52,2.01,15.36,17.41,20.5,30014,-32.26,32.0,1.0
2021-05-26T08:52:50.000,23.49,2.11,16.28,17.35,20.5,30015,-32.17,32.0,1.0
2021-05-26T08:53:50.000,23.49,2.23,17.4,17.28,20.5,30016,-32.08,31.0,1.0
2021-05-26T08:54:55.000,23.49,2.32,19.53,17.15,20.5,30017,-31.98,31.0,1.0
2021-05-26T08:55:55.000,23.46,2.5,22.52,17.0,20.5,30018,-31.88,31.0,1.0
2021-05-26T08:56:55.000,23.44,2.59,22.95,16.98,20.5,30019,-31.79,31.0,1.0
2021-05-26T08:57:55.000,23.43,2.82,22.0,17.02,20.5,30020,-31.69,31.0,1.0
2021-05-26T09:02:57.000,23.43,4.4,34.65,16.53,20.5,30025,-31.2,31.0,1.0
2021-05-26T09:03:57.000,23.44,4.78,34.68,16.53,20.5,30026,-31.1,30.0,1.0
2021-05-26T09:07:59.000,23.5,5.41,40.87,16.35,20.5,30030,-30.68,30.0,1.0
2021-05-26T09:08:59.000,23.53,5.53,40.09,16.37,20.5,30031,-30.58,30.0,1.0
2021-05-26T09:09:59.000,23.54,5.29,37.84,16.44,20.5,30032,-30.47,30.0,1.0
2021-05-26T09:11:00.000,23.53,5.1,36.45,16.48,20.5,30033,-30.37,30.0,1.0
2021-05-26T09:12:00.000,23.51,4.97,38.13,16.43,20.5,30034,-30.26,30.0,1.0
2021-05-26T09:13:00.000,23.5,4.89,37.55,16.44,20.5,30035,-30.15,29.0,1.0
2021-05-26T09:14:00.000,23.47,4.91,33.98,16.55,20.5,30036,-30.04,29.0,1.0
2021-05-26T09:15:01.000,23.5,4.95,34.75,16.53,20.5,30037,-29.93,29.0,1.0
2021-05-26T09:16:01.000,23.5,4.81,37.58,16.44,20.5,30038,-29.82,29.0,1.0
2021-05-26T09:17:01.000,23.5,4.75,39.91,16.38,20.5,30039,-29.71,29.0,1.0
2021-05-26T09:18:02.000,23.5,4.74,37.05,16.46,20.5,30040,-29.6,29.0,1.0
2021-05-26T09:22:03.000,23.54,4.11,25.06,16.88,20.5,30044,-29.14,28.0,1.0
2021-05-26T09:23:03.000,23.54,4.0,23.33,16.96,20.5,30045,-29.03,28.0,1.0
2021-05-26T09:24:04.000,23.53,4.17,23.05,16.97,20.5,30046,-28.91,28.0,1.0
2021-05-26T09:25:04.000,23.53,4.52,22.93,16.98,20.5,30047,-28.8,28.0,1.0
2021-05-26T09:26:04.000,23.53,4.84,24.7,16.9,20.5,30048,-28.68,28.0,1.0
2021-05-26T09:27:05.000,23.5,5.33,26.82,16.81,20.5,30049,-28.56,28.0,1.0
2021-05-26T09:28:05.000,23.5,5.78,27.65,16.72,20.5,30050,-28.44,28.0,1.0
2021-05-26T09:29:06.000,23.54,6.23,28.17,16.76,20.5,30051,-28.32,28.0,1.0
2021-05-26T09:30:06.000,23.57,6.4,28.79,16.73,20.5,30052,-28.2,27.0,1.0
2021-05-26T09:33:07.000,23.64,6.89,27.88,16.77,20.5,30055,-27.83,27.0,1.0
2021-05-26T09:34:08.000,23.67,6.95,28.45,16.74,20.5,30056,-27.71,27.0,1.0
2021-05-26T09:35:09.000,23.67,7.08,28.74,16.73,20.5,30057,-27.58,27.0,1.0
2021-05-26T09:36:09.000,23.7,7.34,28.99,16.72,20.5,30058,-27.46,27.0,1.0
2021-05-26T09:37:09.000,23.71,7.37,29.44,16.71,20.5,30059,-27.33,27.0,1.0
2021-05-26T09:38:10.000,23.71,7.29,30.2,16.68,20.5,30060,-27.21,26.0,1.0
2021-05-26T09:39:10.000,23.69,7.09,30.77,16.66,20.5,30061,-27.08,26.0,1.0
2021-05-26T09:40:11.000,23.69,6.89,30.69,16.66,20.5,30062,-26.95,26.0,1.0
2021-05-26T09:41:11.000,23.68,6.41,29.36,16.71,20.5,30063,-26.82,26.0,1.0
2021-05-26T09:47:12.000,23.49,3.09,14.89,17.45,20.5,30069,-26.05,25.0,1.0
2021-05-26T09:48:13.000,23.42,2.74,15.06,17.44,20.5,30070,-25.91,25.0,1.0
2021-05-26T09:49:13.000,23.39,2.76,12.87,17.61,20.5,30071,-25.78,25.0,1.0
2021-05-26T09:50:14.000,23.36,2.52,10.29,17.85,20.5,30072,-25.64,25.0,1.0
2021-05-26T09:51:15.000,23.33,2.54,8.74,18.03,20.5,30073,-25.51,25.0,1.0
2021-05-26T09:52:15.000,23.28,2.52,7.9,18.14,20.5,30074,-25.37,25.0,1.0
2021-05-26T09:53:15.000,23.26,2.82,7.49,18.19,20.5,30075,-25.24,24.0,1.0
2021-05-26T09:54:15.000,23.25,2.9,7.46,18.2,20.5,30076,-25.1,24.0,1.0
2021-05-26T09:55:16.000,23.23,2.96,7.82,18.15,20.5,30077,-24.97,24.0,1.0
2021-05-26T09:56:17.000,23.22,3.08,7.97,18.13,20.5,30078,-24.83,24.0,1.0
2021-05-26T09:57:17.000,23.22,3.22,7.92,18.13,20.5,30079,-24.69,24.0,1.0
2021-05-26T09:58:18.000,23.21,3.26,8.51,18.06,20.5,30080,-24.55,24.0,1.0
2021-05-26T09:59:19.000,23.19,3.26,8.78,18.02,20.5,30081,-24.41,24.0,1.0
2021-05-26T10:00:19.000,23.18,3.29,8.31,18.08,20.5,30082,-24.27,24.0,1.0
2021-05-26T10:01:19.000,23.18,3.11,8.04,18.12,20.5,30083,-24.13,23.0,1.0
2021-05-26T10:02:20.000,23.17,3.04,7.98,18.13,20.5,30084,-23.99,23.0,1.0
2021-05-26T10:03:20.000,23.15,3.05,8.09,18.11,20.5,30085,-23.85,23.0,1.0
2021-05-26T10:04:21.000,23.11,3.18,9.12,17.98,20.5,30086,-23.7,23.0,1.0
2021-05-26T10:05:21.000,23.05,3.21,10.29,17.85,20.5,30087,-23.56,23.0,1.0
2021-05-26T10:06:21.000,22.98,3.55,10.06,17.87,20.5,30088,-23.42,23.0,1.0
2021-05-26T10:08:27.000,22.94,4.1,9.88,17.89,20.5,30090,-23.12,22.0,1.0
2021-05-26T10:09:27.000,22.94,4.24,9.32,17.96,20.5,30091,-22.97,22.0,1.0
2021-05-26T10:10:28.000,22.94,4.38,8.94,18.0,20.5,30092,-22.83,22.0,1.0
2021-05-26T10:11:28.000,22.95,4.48,8.17,18.1,20.5,30093,-22.68,22.0,1.0
2021-05-26T10:12:29.000,22.93,4.49,7.54,18.19,20.5,30094,-22.53,22.0,1.0
2021-05-26T10:13:29.000,22.92,4.49,7.33,18.22,20.5,30095,-22.39,22.0,1.0
2021-05-26T10:14:30.000,22.93,4.4,7.05,18.26,20.5,30096,-22.24,21.0,1.0
2021-05-26T10:15:30.000,22.93,4.34,6.59,18.33,20.5,30097,-22.09,21.0,1.0
2021-05-26T10:16:30.000,22.94,4.12,6.23,18.39,20.5,30098,-21.94,21.0,1.0
2021-05-26T10:17:30.000,22.95,4.04,6.04,18.43,20.5,30099,-21.8,21.0,1.0
2021-05-26T10:18:30.000,22.95,3.79,5.88,18.46,20.5,30100,-21.65,21.0,1.0
