Downloads/jupyter/ECSV/stars19/stars19_2020-03.ecsv
# %ECSV 1.0
# ---
# datatype:
# - {name: time, datatype: string}
# - {name: Enclosure Temperature, unit: deg_C, datatype: float64}
# - {name: Sky Temperature, unit: deg_C, datatype: float64}
# - {name: Frequency, unit: Hz, datatype: float64}
# - {name: MSAS, unit: mag / arcsec2, datatype: float64}
# - {name: ZP, datatype: float64}
# - {name: Sequence Number, datatype: int64}
# - {name: Sun Alt, unit: deg, datatype: float64}
# - {name: Moon Alt, unit: deg, datatype: float64}
# - {name: Moon Illumination, datatype: float64}
# delimiter: ','
# meta: !!omap
# - ida:
#     Data supplier: {affiliation: null, observer: null}
#     Device type: TESS-W
#     Field of view: 17.0
#     Filters per channel: None
#     Instrument ID: stars19
#     License: ODbL 1.0 http://opendatacommons.org/licenses/odbl/summary/
#     Local timezone: America/Phoenix
#     Location name: {country: '- Tucson', place: Tucson, region: United States, sub_region: Arizona, town: Pima County}
#     Measurement direction per channel: {azimuth: 0.0, zenital: 0.0}
#     Moving / Fixed look direction: FIXED
#     Moving / Stationary position: STATIONARY
#     Number of channels: 1
#     Number of fields per line: 8
#     Number of header lines: 35
#     Position: {height: 0.0, latitude: 32.223877, longitude: -110.767532}
#     TESS MAC address: 18:FE:34:CF:EC:06
#     TESS cover offset value: 0.0
#     TESS firmware version: '1.0'
#     TESS zero point: 20.5
#     Time Synchronization: timestamp added by MQTT subscriber
#     URL: http://www.darksky.org/NSBM/sdf1.0.pdf
# - __serialized_columns__:
#     Enclosure Temperature:
#       __class__: astropy.units.quantity.Quantity
#       unit: &id001 !astropy.units.Unit {unit: deg_C}
#       value: !astropy.table.SerializedColumn {name: Enclosure Temperature}
#     Frequency:
#       __class__: astropy.units.quantity.Quantity
#       unit: !astropy.units.Unit {unit: Hz}
#       value: !astropy.table.SerializedColumn {name: Frequency}
#     MSAS:
#       __class__: astropy.units.quantity.Quantity
#       unit: !astropy.units.Unit {unit: mag / arcsec2}
#       value: !astropy.table.SerializedColumn {name: MSAS}
#     Moon Alt:
#       __class__: astropy.units.quantity.Quantity
#       unit: &id002 !astropy.units.Unit {unit: deg}
#       value: !astropy.table.SerializedColumn {name: Moon Alt}
#     Sky Temperature:
#       __class__: astropy.units.quantity.Quantity
#       unit: *id001
#       value: !astropy.table.SerializedColumn {name: Sky Temperature}
#     Sun Alt:
#       __class__: astropy.units.quantity.Quantity
#       unit: *id002
#       value: !astropy.table.SerializedColumn {name: Sun Alt}
#     time:
#       __class__: astropy.time.core.Time
#       format: isot
#       in_subfmt: '*'
#       out_subfmt: '*'
#       precision: 3
#       scale: utc
#       value: !astropy.table.SerializedColumn {name: time}
# schema: astropy-2.0
time,Enclosure Temperature,Sky Temperature,Frequency,MSAS,ZP,Sequence Number,Sun Alt,Moon Alt,Moon Illumination
[from data line 9117]
2020-03-11T20:27:01.000,33.95,17.36,0.0,0.0,20.5,332025,52.24,-59.0,0.931
2020-03-11T20:28:01.000,33.71,17.22,0.0,0.0,20.5,332026,52.16,-59.0,0.931
2020-03-11T20:37:04.000,32.25,17.28,0.0,0.0,20.5,332035,51.37,-60.0,0.931
2020-03-11T20:38:04.000,32.19,17.54,0.0,0.0,20.5,332036,51.27,-60.0,0.931
2020-03-11T20:39:04.000,32.2,17.53,0.0,0.0,20.5,332037,51.18,-60.0,0.931
2020-03-11T20:42:05.000,32.12,17.43,0.0,0.0,20.5,332040,50.88,-60.0,0.931
2020-03-11T20:51:06.000,31.39,17.34,0.0,0.0,20.5,332049,49.94,-61.0,0.93
2020-03-11T20:52:06.000,31.32,17.24,0.0,0.0,20.5,332050,49.83,-61.0,0.93
2020-03-11T20:53:07.000,31.15,17.02,0.0,0.0,20.5,332051,49.72,-61.0,0.93
2020-03-11T20:58:14.000,30.73,17.22,0.0,0.0,20.5,332056,49.13,-61.0,0.93
2020-03-11T20:59:14.000,30.6,17.15,0.0,0.0,20.5,332057,49.01,-61.0,0.93
2020-03-11T21:00:15.000,30.52,17.17,0.0,0.0,20.5,332058,48.89,-61.0,0.93
2020-03-11T21:03:16.000,30.37,17.41,0.0,0.0,20.5,332061,48.53,-62.0,0.93
2020-03-11T21:04:16.000,30.36,17.26,0.0,0.0,20.5,332062,48.41,-62.0,0.93
2020-03-11T21:06:16.000,30.32,17.02,0.0,0.0,20.5,332064,48.16,-62.0,0.93
2020-03-11T21:07:17.000,30.24,17.15,0.0,0.0,20.5,332065,48.03,-62.0,0.93
2020-03-11T21:08:17.000,30.28,17.52,0.0,0.0,20.5,332066,47.9,-62.0,0.929
2020-03-11T21:12:18.000,30.15,17.03,0.0,0.0,20.5,332070,47.38,-62.0,0.929
2020-03-11T21:13:19.000,30.01,16.95,0.0,0.0,20.5,332071,47.25,-62.0,0.929
2020-03-11T21:14:19.000,29.96,17.17,0.0,0.0,20.5,332072,47.12,-62.0,0.929
2020-03-11T21:16:20.000,29.82,17.15,0.0,0.0,20.5,332074,46.85,-62.0,0.929
2020-03-11T21:17:20.000,29.77,17.12,0.0,0.0,20.5,332075,46.71,-62.0,0.929
2020-03-11T21:18:20.000,29.77,17.15,0.0,0.0,20.5,332076,46.58,-62.0,0.929
2020-03-11T21:21:20.000,29.97,17.31,0.0,0.0,20.5,332079,46.17,-62.0,0.929
2020-03-11T21:22:20.000,30.11,17.34,0.0,0.0,20.5,332080,46.03,-62.0,0.929
2020-03-11T21:23:20.000,30.2,17.28,0.0,0.0,20.5,332081,45.89,-62.0,0.929
2020-03-11T21:27:22.000,30.16,16.64,0.0,0.0,20.5,332085,45.31,-63.0,0.929
2020-03-11T21:28:22.000,30.08,16.73,0.0,0.0,20.5,332086,45.17,-63.0,0.929
2020-03-11T21:29:22.000,30.04,16.85,0.0,0.0,20.5,332087,45.02,-63.0,0.929
2020-03-11T21:46:28.000,30.76,17.16,0.0,0.0,20.5,332104,42.43,-62.0,0.928
2020-03-11T21:47:28.000,30.85,17.27,0.0,0.0,20.5,332105,42.28,-62.0,0.928
2020-03-11T21:48:29.000,30.77,16.8,0.0,0.0,20.5,332106,42.12,-62.0,0.928
2020-03-11T21:52:29.000,30.4,16.89,0.0,0.0,20.5,332110,41.48,-62.0,0.928
2020-03-11T21:53:30.000,30.3,16.85,0.0,0.0,20.5,332111,41.31,-62.0,0.928
2020-03-11T21:54:30.000,30.34,17.14,0.0,0.0,20.5,332112,41.15,-62.0,0.927
2020-03-11T21:59:31.000,29.91,16.52,0.0,0.0,20.5,332117,40.33,-62.0,0.927
2020-03-11T22:00:31.000,29.72,16.55,0.0,0.0,20.5,332118,40.16,-62.0,0.927
2020-03-11T22:01:32.000,29.65,16.77,0.0,0.0,20.5,332119,39.99,-62.0,0.927
2020-03-11T22:04:32.000,29.59,16.9,0.0,0.0,20.5,332122,39.49,-62.0,0.927
2020-03-11T22:05:32.000,29.51,16.69,0.0,0.0,20.5,332123,39.32,-62.0,0.927
2020-03-11T22:08:33.000,29.34,16.63,0.0,0.0,20.5,332126,38.81,-62.0,0.927
2020-03-11T22:09:33.000,29.35,16.68,0.0,0.0,20.5,332127,38.64,-62.0,0.927
2020-03-11T22:10:34.000,29.32,16.49,0.0,0.0,20.5,332128,38.47,-62.0,0.927
2020-03-11T22:17:36.000,28.95,16.63,0.0,0.0,20.5,332135,37.25,-61.0,0.926
2020-03-11T22:18:36.000,28.93,16.53,0.0,0.0,20.5,332136,37.08,-61.0,0.926
2020-03-11T22:19:36.000,28.94,16.35,0.0,0.0,20.5,332137,36.9,-61.0,0.926
2020-03-11T22:22:37.000,28.9,16.41,0.0,0.0,20.5,332140,36.37,-61.0,0.926
2020-03-11T22:23:37.000,28.74,16.24,0.0,0.0,20.5,332141,36.2,-61.0,0.926
2020-03-11T22:24:37.000,28.62,16.45,0.0,0.0,20.5,332142,36.02,-61.0,0.926
2020-03-11T22:27:38.000,28.28,16.15,0.0,0.0,20.5,332145,35.48,-60.0,0.926
2020-03-11T22:28:38.000,28.22,16.38,0.0,0.0,20.5,332146,35.3,-60.0,0.926
2020-03-11T22:29:38.000,28.21,16.41,0.0,0.0,20.5,332147,35.12,-60.0,0.926
2020-03-11T22:33:39.000,28.21,16.62,0.0,0.0,20.5,332151,34.4,-60.0,0.926
2020-03-11T22:34:40.000,28.24,16.23,0.0,0.0,20.5,332152,34.21,-60.0,0.926
2020-03-11T22:35:40.000,28.24,15.97,0.0,0.0,20.5,332153,34.03,-60.0,0.926
2020-03-11T22:49:44.000,28.16,16.36,0.0,0.0,20.5,332167,31.43,-58.0,0.925
2020-03-11T22:50:45.000,28.14,16.2,0.0,0.0,20.5,332168,31.24,-58.0,0.925
2020-03-11T22:51:45.000,28.02,16.19,0.0,0.0,20.5,332169,31.05,-58.0,0.925
2020-03-11T22:56:46.000,27.95,16.03,0.0,0.0,20.5,332174,30.1,-57.0,0.925
2020-03-11T22:57:46.000,27.96,16.24,0.0,0.0,20.5,332175,29.91,-57.0,0.925
2020-03-11T22:59:47.000,27.78,15.39,0.0,0.0,20.5,332177,29.53,-57.0,0.925
2020-03-11T23:00:47.000,27.59,15.5,0.0,0.0,20.5,332178,29.34,-57.0,0.925
2020-03-11T23:01:48.000,27.58,16.07,0.0,0.0,20.5,332179,29.15,-57.0,0.925
2020-03-11T23:18:53.000,27.64,16.27,0.0,0.0,20.5,332196,25.84,-54.0,0.924
2020-03-11T23:19:53.000,27.63,16.22,0.0,0.0,20.5,332197,25.65,-54.0,0.924
2020-03-11T23:20:53.000,27.63,16.16,0.0,0.0,20.5,332198,25.45,-54.0,0.924
2020-03-11T23:28:54.000,27.17,15.29,0.0,0.0,20.5,332206,23.87,-53.0,0.923
2020-03-11T23:29:54.000,27.14,15.35,0.0,0.0,20.5,332207,23.68,-53.0,0.923
2020-03-11T23:30:54.000,27.16,15.47,0.0,0.0,20.5,332208,23.48,-53.0,0.923
2020-03-11T23:32:55.000,27.39,15.65,0.0,0.0,20.5,332210,23.08,-52.0,0.923
2020-03-11T23:33:55.000,27.55,15.76,0.0,0.0,20.5,332211,22.88,-52.0,0.923
2020-03-11T23:34:56.000,27.6,15.55,0.0,0.0,20.5,332212,22.68,-52.0,0.923
2020-03-11T23:36:56.000,27.75,15.98,0.0,0.0,20.5,332214,22.28,-52.0,0.923
2020-03-11T23:37:56.000,27.78,15.95,0.0,0.0,20.5,332215,22.08,-51.0,0.923
2020-03-11T23:38:57.000,27.78,15.92,0.0,0.0,20.5,332216,21.87,-51.0,0.923
2020-03-11T23:49:00.000,27.94,16.29,0.0,0.0,20.5,332226,19.86,-50.0,0.922
2020-03-11T23:50:00.000,27.88,16.17,0.0,0.0,20.5,332227,19.65,-50.0,0.922
2020-03-11T23:51:00.000,27.86,16.25,0.0,0.0,20.5,332228,19.45,-49.0,0.922
2020-03-11T23:53:01.000,27.98,15.85,0.0,0.0,20.5,332230,19.04,-49.0,0.922
2020-03-11T23:55:01.000,28.17,15.15,0.0,0.0,20.5,332232,18.64,-49.0,0.922
2020-03-11T23:56:02.000,28.23,14.57,0.0,0.0,20.5,332233,18.43,-49.0,0.922
2020-03-11T23:58:02.000,28.29,12.64,0.0,0.0,20.5,332235,18.03,-48.0,0.922
2020-03-11T23:59:03.000,28.28,12.16,0.0,0.0,20.5,332236,17.82,-48.0,0.922
2020-03-12T00:00:03.000,28.31,11.98,0.0,0.0,20.5,332237,17.62,-48.0,0.922
2020-03-12T00:02:04.000,28.36,12.14,0.0,0.0,20.5,332239,17.21,-48.0,0.922
2020-03-12T00:03:04.000,28.4,11.85,0.0,0.0,20.5,332240,17.0,-47.0,0.922
2020-03-12T00:04:05.000,28.4,11.08,0.0,0.0,20.5,332241,16.79,-47.0,0.922
2020-03-12T00:06:05.000,28.42,10.09,0.0,0.0,20.5,332243,16.39,-47.0,0.922
2020-03-12T00:07:05.000,28.39,10.04,0.0,0.0,20.5,332244,16.18,-47.0,0.922
2020-03-12T00:08:05.000,28.35,9.41,0.0,0.0,20.5,332245,15.98,-47.0,0.922
2020-03-12T00:40:14.000,26.51,9.65,0.0,0.0,20.5,332277,9.33,-41.0,0.92
2020-03-12T00:41:14.000,26.43,9.49,0.0,0.0,20.5,332278,9.13,-41.0,0.92
2020-03-12T00:42:15.000,26.38,9.68,0.0,0.0,20.5,332279,8.91,-40.0,0.92
2020-03-12T00:44:15.000,26.26,9.57,0.0,0.0,20.5,332281,8.5,-40.0,0.92
2020-03-12T00:45:16.000,26.2,9.66,0.0,0.0,20.5,332282,8.28,-40.0,0.92
2020-03-12T00:46:16.000,26.16,9.84,0.0,0.0,20.5,332283,8.08,-40.0,0.92
2020-03-12T00:55:19.000,25.96,8.78,0.0,0.0,20.5,332292,6.18,-38.0,0.919
2020-03-12T00:56:19.000,25.95,8.59,0.0,0.0,20.5,332293,5.97,-38.0,0.919
2020-03-12T00:57:19.000,25.95,8.25,0.0,0.0,20.5,332294,5.76,-38.0,0.919
2020-03-12T00:59:20.000,25.84,7.57,0.0,0.0,20.5,332296,5.34,-37.0,0.919
2020-03-12T01:00:20.000,25.79,7.35,0.0,0.0,20.5,332297,5.13,-37.0,0.919
2020-03-12T01:01:20.000,25.74,7.39,0.0,0.0,20.5,332298,4.92,-37.0,0.919
2020-03-12T01:11:22.000,25.24,7.73,0.0,0.0,20.5,332308,2.81,-35.0,0.919
2020-03-12T01:12:22.000,25.16,7.59,0.22,0.09,20.5,332309,2.6,-35.0,0.919
2020-03-12T01:13:22.000,25.1,7.57,0.0,0.0,20.5,332310,2.39,-35.0,0.919
2020-03-12T01:14:23.000,25.05,7.6,0.0,0.0,20.5,332311,2.18,-34.0,0.919
2020-03-12T01:15:23.000,25.0,7.64,0.0,0.0,20.5,332312,1.97,-34.0,0.919
2020-03-12T01:17:23.000,24.95,7.83,0.0,0.0,20.5,332314,1.55,-34.0,0.918
2020-03-12T01:18:23.000,24.93,7.97,0.0,0.0,20.5,332315,1.34,-34.0,0.918
2020-03-12T01:19:24.000,24.93,8.07,0.0,0.0,20.5,332316,1.12,-33.0,0.918
2020-03-12T01:26:25.000,24.76,8.06,0.0,0.0,20.5,332323,-0.36,-32.0,0.918
2020-03-12T01:27:25.000,24.74,8.08,0.0,0.0,20.5,332324,-0.57,-32.0,0.918
2020-03-12T01:28:25.000,24.71,7.98,0.0,0.0,20.5,332325,-0.78,-32.0,0.918
2020-03-12T01:29:25.000,24.64,7.78,0.0,0.0,20.5,332326,-0.99,-32.0,0.918
2020-03-12T01:30:26.000,24.56,7.47,17043.64,2.23,20.5,332327,-1.2,-31.0,0.918
2020-03-12T01:31:27.000,24.44,7.32,58887.3,8.46,20.5,332328,-1.42,-31.0,0.918
2020-03-12T01:32:27.000,24.41,7.08,51114.75,8.61,20.5,332329,-1.63,-31.0,0.918
2020-03-12T01:36:28.000,24.18,5.9,24605.6,9.55,20.5,332333,-2.48,-30.0,0.918
2020-03-12T01:38:29.000,24.06,5.36,16651.35,9.83,20.5,332335,-2.91,-30.0,0.917
2020-03-12T01:39:29.000,23.96,5.36,13090.78,10.09,20.5,332336,-3.12,-30.0,0.917
2020-03-12T01:40:30.000,23.92,5.34,10278.71,10.35,20.5,332337,-3.33,-29.0,0.917
2020-03-12T01:41:30.000,23.89,5.4,8092.31,10.61,20.5,332338,-3.54,-29.0,0.917
2020-03-12T01:42:30.000,23.83,5.41,6430.53,10.86,20.5,332339,-3.75,-29.0,0.917
2020-03-12T01:43:30.000,23.8,5.53,5212.56,11.09,20.5,332340,-3.97,-29.0,0.917
2020-03-12T01:44:31.000,23.77,5.5,4328.9,11.29,20.5,332341,-4.18,-29.0,0.917
2020-03-12T01:45:31.000,23.72,5.22,3460.49,11.53,20.5,332342,-4.39,-28.0,0.917
2020-03-12T01:46:31.000,23.68,5.29,2625.73,11.84,20.5,332343,-4.6,-28.0,0.917
2020-03-12T01:47:32.000,23.67,5.12,1924.69,12.17,20.5,332344,-4.82,-28.0,0.917
2020-03-12T01:58:33.000,23.14,4.18,88.59,15.51,20.5,332355,-7.15,-26.0,0.917
2020-03-12T02:00:34.000,23.01,4.64,51.29,16.11,20.5,332357,-7.57,-25.0,0.916
2020-03-12T02:01:34.000,22.98,5.05,42.98,16.3,20.5,332358,-7.78,-25.0,0.916
2020-03-12T02:07:35.000,22.76,4.02,15.27,17.43,20.5,332364,-9.06,-24.0,0.916
2020-03-12T02:08:35.000,22.69,3.48,10.88,17.79,20.5,332365,-9.27,-24.0,0.916
2020-03-12T02:09:35.000,22.65,3.14,8.38,18.08,20.5,332366,-9.48,-24.0,0.916
2020-03-12T02:10:35.000,22.6,2.91,6.81,18.3,20.5,332367,-9.69,-23.0,0.916
2020-03-12T02:11:36.000,22.55,2.76,5.75,18.48,20.5,332368,-9.9,-23.0,0.916
2020-03-12T02:12:36.000,22.49,2.88,5.04,18.63,20.5,332369,-10.11,-23.0,0.916
2020-03-12T02:13:37.000,22.41,2.96,4.39,18.77,20.5,332370,-10.33,-23.0,0.916
2020-03-12T02:14:37.000,22.39,3.05,3.91,18.9,20.5,332371,-10.54,-23.0,0.916
2020-03-12T02:15:37.000,22.35,2.86,3.5,19.02,20.5,332372,-10.75,-22.0,0.916
2020-03-12T02:16:38.000,22.33,2.93,3.2,19.12,20.5,332373,-10.97,-22.0,0.916
2020-03-12T02:17:38.000,22.33,2.94,2.87,19.24,20.5,332374,-11.18,-22.0,0.916
2020-03-12T02:18:38.000,22.33,3.02,2.59,19.35,20.5,332375,-11.39,-22.0,0.916
2020-03-12T02:19:39.000,22.33,3.03,2.51,19.38,20.5,332376,-11.6,-22.0,0.916
2020-03-12T02:23:39.000,22.28,3.39,2.4,19.43,20.5,332380,-12.45,-21.0,0.915
2020-03-12T02:25:39.000,22.29,3.31,2.3,19.47,20.5,332382,-12.87,-20.0,0.915
2020-03-12T02:27:40.000,22.31,2.84,1.94,19.66,20.5,332384,-13.29,-20.0,0.915
2020-03-12T02:28:40.000,22.28,2.8,2.01,19.62,20.5,332385,-13.5,-20.0,0.915
2020-03-12T02:29:40.000,22.29,3.11,1.95,19.65,20.5,332386,-13.71,-20.0,0.915
2020-03-12T02:30:40.000,22.29,3.67,2.12,19.57,20.5,332387,-13.92,-19.0,0.915
2020-03-12T02:31:41.000,22.32,4.41,2.32,19.47,20.5,332388,-14.14,-19.0,0.915
2020-03-12T02:32:41.000,22.34,5.17,3.26,19.11,20.5,332389,-14.35,-19.0,0.915
2020-03-12T02:33:42.000,22.36,5.8,5.75,18.5,20.5,332390,-14.56,-19.0,0.915
2020-03-12T02:34:42.000,22.39,6.1,9.96,17.89,20.5,332391,-14.77,-19.0,0.915
2020-03-12T02:35:42.000,22.4,5.81,6.37,18.4,20.5,332392,-14.98,-18.0,0.915
2020-03-12T02:36:42.000,22.4,5.3,3.56,19.0,20.5,332393,-15.19,-18.0,0.915
2020-03-12T02:37:43.000,22.4,4.72,2.66,19.33,20.5,332394,-15.41,-18.0,0.915
2020-03-12T02:38:43.000,22.39,4.18,2.11,19.57,20.5,332395,-15.62,-18.0,0.915
2020-03-12T02:39:43.000,22.37,3.8,2.08,19.59,20.5,332396,-15.83,-18.0,0.915
2020-03-12T02:41:44.000,22.32,3.44,2.74,19.29,20.5,332398,-16.25,-17.0,0.915
2020-03-12T02:42:44.000,22.31,3.46,3.06,19.17,20.5,332399,-16.46,-17.0,0.914
2020-03-12T02:45:45.000,22.29,3.16,2.19,19.53,20.5,332402,-17.09,-16.0,0.914
2020-03-12T02:46:45.000,22.29,3.21,2.08,19.58,20.5,332403,-17.3,-16.0,0.914
2020-03-12T02:47:45.000,22.3,3.17,2.06,19.6,20.5,332404,-17.51,-16.0,0.914
2020-03-12T02:48:45.000,22.31,3.05,2.01,19.62,20.5,332405,-17.72,-16.0,0.914
2020-03-12T02:51:46.000,22.24,2.51,1.93,19.67,20.5,332408,-18.36,-15.0,0.914
2020-03-12T02:52:46.000,22.22,2.52,1.93,19.67,20.5,332409,-18.56,-15.0,0.914
2020-03-12T02:53:46.000,22.19,2.41,1.91,19.67,20.5,332410,-18.77,-15.0,0.914
2020-03-12T02:55:46.000,22.13,2.36,1.87,19.7,20.5,332412,-19.19,-14.0,0.914
2020-03-12T02:56:47.000,22.09,2.3,1.88,19.69,20.5,332413,-19.4,-14.0,0.914
2020-03-12T02:57:47.000,22.05,2.3,1.89,19.69,20.5,332414,-19.61,-14.0,0.914
2020-03-12T02:58:48.000,22.02,2.37,1.96,19.65,20.5,332415,-19.83,-14.0,0.914
2020-03-12T02:59:48.000,22.0,2.49,2.03,19.61,20.5,332416,-20.03,-14.0,0.914
2020-03-12T03:00:49.000,21.96,2.54,2.04,19.6,20.5,332417,-20.25,-13.0,0.914
2020-03-12T03:01:49.000,21.93,2.44,1.99,19.63,20.5,332418,-20.45,-13.0,0.914
2020-03-12T03:02:49.000,21.91,2.32,1.94,19.66,20.5,332419,-20.66,-13.0,0.914
2020-03-12T03:03:49.000,21.88,2.14,1.9,19.68,20.5,332420,-20.87,-13.0,0.914
2020-03-12T03:04:50.000,21.86,2.1,1.89,19.69,20.5,332421,-21.08,-13.0,0.913
2020-03-12T03:05:50.000,21.85,2.16,1.93,19.67,20.5,332422,-21.29,-12.0,0.913
2020-03-12T03:06:50.000,21.84,2.2,2.01,19.62,20.5,332423,-21.5,-12.0,0.913
2020-03-12T03:07:50.000,21.82,2.32,2.26,19.5,20.5,332424,-21.71,-12.0,0.913
2020-03-12T03:08:50.000,21.81,2.55,2.74,19.28,20.5,332425,-21.92,-12.0,0.913
2020-03-12T03:10:50.000,21.8,2.83,2.89,19.23,20.5,332427,-22.33,-11.0,0.913
2020-03-12T03:11:50.000,21.79,3.0,3.19,19.12,20.5,332428,-22.54,-11.0,0.913
2020-03-12T03:19:52.000,21.58,2.56,2.66,19.32,20.5,332436,-24.2,-10.0,0.913
2020-03-12T03:20:52.000,21.53,2.47,2.9,19.23,20.5,332437,-24.41,-9.0,0.913
2020-03-12T03:21:52.000,21.47,2.38,3.01,19.18,20.5,332438,-24.61,-9.0,0.913
2020-03-12T03:22:52.000,21.43,2.34,2.7,19.3,20.5,332439,-24.82,-9.0,0.913
2020-03-12T03:23:52.000,21.37,2.31,2.82,19.26,20.5,332440,-25.03,-9.0,0.913
2020-03-12T03:26:53.000,21.26,2.6,2.8,19.27,20.5,332443,-25.65,-8.0,0.912
2020-03-12T03:27:54.000,21.24,2.76,3.67,18.97,20.5,332444,-25.86,-8.0,0.912
2020-03-12T03:28:54.000,21.24,2.91,3.68,18.96,20.5,332445,-26.06,-8.0,0.912
2020-03-12T03:29:54.000,21.24,2.97,3.49,19.02,20.5,332446,-26.27,-8.0,0.912
2020-03-12T03:30:54.000,21.23,3.11,3.28,19.09,20.5,332447,-26.47,-7.0,0.912
2020-03-12T03:31:55.000,21.23,3.26,3.1,19.15,20.5,332448,-26.68,-7.0,0.912
2020-03-12T03:32:55.000,21.22,3.69,3.47,19.03,20.5,332449,-26.89,-7.0,0.912
2020-03-12T03:33:55.000,21.22,3.98,3.12,19.15,20.5,332450,-27.09,-7.0,0.912
2020-03-12T03:34:56.000,21.23,3.83,2.93,19.21,20.5,332451,-27.3,-7.0,0.912
2020-03-12T03:35:56.000,21.24,3.5,2.79,19.27,20.5,332452,-27.5,-6.0,0.912
2020-03-12T03:36:56.000,21.24,3.29,2.92,19.22,20.5,332453,-27.71,-6.0,0.912
2020-03-12T03:37:56.000,21.21,3.23,3.25,19.1,20.5,332454,-27.91,-6.0,0.912
2020-03-12T03:38:56.000,21.2,3.41,3.29,19.09,20.5,332455,-28.12,-6.0,0.912
2020-03-12T03:39:57.000,21.2,3.67,3.59,19.0,20.5,332456,-28.32,-6.0,0.912
2020-03-12T03:40:57.000,21.19,3.9,4.32,18.79,20.5,332457,-28.53,-5.0,0.912
2020-03-12T03:41:57.000,21.19,4.23,4.78,18.68,20.5,332458,-28.73,-5.0,0.912
2020-03-12T03:42:58.000,21.2,4.45,5.08,18.62,20.5,332459,-28.94,-5.0,0.912
2020-03-12T03:43:58.000,21.16,4.45,5.15,18.6,20.5,332460,-29.14,-5.0,0.912
2020-03-12T03:44:58.000,21.19,4.62,5.24,18.58,20.5,332461,-29.34,-5.0,0.912
2020-03-12T03:45:58.000,21.16,4.75,5.59,18.51,20.5,332462,-29.55,-4.0,0.912
2020-03-12T03:46:59.000,21.16,4.91,5.72,18.49,20.5,332463,-29.75,-4.0,0.911
2020-03-12T03:47:59.000,21.18,4.75,5.69,18.49,20.5,332464,-29.96,-4.0,0.911
2020-03-12T03:48:59.000,21.19,4.96,6.23,18.39,20.5,332465,-30.16,-4.0,0.911
2020-03-12T03:50:00.000,21.23,5.37,6.91,18.28,20.5,332466,-30.36,-4.0,0.911
