Downloads/jupyter/ECSV/stars19/stars19_2020-01.ecsv
# %ECSV 1.0
# ---
# datatype:
# - {name: time, datatype: string}
# - {name: Enclosure Temperature, unit: deg_C, datatype: float64}
# - {name: Sky Temperature, unit: deg_C, datatype: float64}
# - {name: Frequency, unit: Hz, datatype: float64}
# - {name: MSAS, unit: mag / arcsec2, datatype: float64}
# - {name: ZP, datatype: float64}
# - {name: Sequence Number, datatype: int64}
# - {name: Sun Alt, unit: deg, datatype: float64}
# - {name: Moon Alt, unit: deg, datatype: float64}
# - {name: Moon Illumination, datatype: float64}
# delimiter: ','
# meta: !!omap
# - ida:
#     Data supplier: {affiliation: null, observer: null}
#     Device type: TESS-W
#     Field of view: 17.0
#     Filters per channel: None
#     Instrument ID: stars19
#     License: ODbL 1.0 http://opendatacommons.org/licenses/odbl/summary/
#     Local timezone: America/Phoenix
#     Location name: {country: '- Tucson', place: Tucson, region: United States, sub_region: Arizona, town: Pima County}
#     Measurement direction per channel: {azimuth: 0.0, zenital: 0.0}
#     Moving / Fixed look direction: FIXED
#     Moving / Stationary position: STATIONARY
#     Number of channels: 1
#     Number of fields per line: 8
#     Number of header lines: 35
#     Position: {height: 0.0, latitude: 32.223877, longitude: -110.767532}
#     TESS MAC address: 18:FE:34:CF:EC:06
#     TESS cover offset value: 0.0
#     TESS firmware version: '1.0'
#     TESS zero point: 20.5
#     Time Synchronization: timestamp added by MQTT subscriber
#     URL: http://www.darksky.org/NSBM/sdf1.0.pdf
# - __serialized_columns__:
#     Enclosure Temperature:
#       __class__: astropy.units.quantity.Quantity
#       unit: &id001 !astropy.units.Unit {unit: deg_C}
#       value: !astropy.table.SerializedColumn {name: Enclosure Temperature}
#     Frequency:
#       __class__: astropy.units.quantity.Quantity
#       unit: !astropy.units.Unit {unit: Hz}
#       value: !astropy.table.SerializedColumn {name: Frequency}
#     MSAS:
#       __class__: astropy.units.quantity.Quantity
#       unit: !astropy.units.Unit {unit: mag / arcsec2}
#       value: !astropy.table.SerializedColumn {name: MSAS}
#     Moon Alt:
#       __class__: astropy.units.quantity.Quantity
#       unit: &id002 !astropy.units.Unit {unit: deg}
#       value: !astropy.table.SerializedColumn {name: Moon Alt}
#     Sky Temperature:
#       __class__: astropy.units.quantity.Quantity
#       unit: *id001
#       value: !astropy.table.SerializedColumn {name: Sky Temperature}
#     Sun Alt:
#       __class__: astropy.units.quantity.Quantity
#       unit: *id002
#       value: !astropy.table.SerializedColumn {name: Sun Alt}
#     time:
#       __class__: astropy.time.core.Time
#       format: isot
#       in_subfmt: '*'
#       out_subfmt: '*'
#       precision: 3
#       scale: utc
#       value: !astropy.table.SerializedColumn {name: time}
# schema: astropy-2.0
time,Enclosure Temperature,Sky Temperature,Frequency,MSAS,ZP,Sequence Number,Sun Alt,Moon Alt,Moon Illumination
[from data line 20178]
2020-01-23T16:33:46.000,11.7,-10.08,0.0,0.0,20.5,263066,22.57,27.0,0.015
2020-01-23T16:34:46.000,11.72,-9.85,0.0,0.0,20.5,263067,22.72,27.0,0.015
2020-01-23T16:35:46.000,11.81,-9.6,0.0,0.0,20.5,263068,22.87,27.0,0.015
2020-01-23T16:37:46.000,12.03,-9.31,0.0,0.0,20.5,263070,23.18,27.0,0.015
2020-01-23T16:38:47.000,12.17,-9.16,0.0,0.0,20.5,263071,23.33,27.0,0.015
2020-01-23T16:40:48.000,12.41,-8.84,0.0,0.0,20.5,263073,23.64,27.0,0.015
2020-01-23T16:41:48.000,12.54,-8.73,0.0,0.0,20.5,263074,23.79,27.0,0.015
2020-01-23T16:42:48.000,12.67,-8.62,0.0,0.0,20.5,263075,23.93,28.0,0.015
2020-01-23T16:49:50.000,13.42,-7.91,0.0,0.0,20.5,263082,24.97,28.0,0.015
2020-01-23T16:50:50.000,13.5,-7.8,0.0,0.0,20.5,263083,25.11,28.0,0.015
2020-01-23T16:51:51.000,13.56,-7.72,0.0,0.0,20.5,263084,25.26,28.0,0.015
2020-01-23T16:54:51.000,13.87,-7.25,0.0,0.0,20.5,263087,25.69,29.0,0.015
2020-01-23T16:55:52.000,13.96,-7.14,0.0,0.0,20.5,263088,25.83,29.0,0.015
2020-01-23T16:56:52.000,14.08,-6.96,0.0,0.0,20.5,263089,25.98,29.0,0.015
2020-01-23T17:02:53.000,14.71,-6.28,0.0,0.0,20.5,263095,26.81,30.0,0.015
2020-01-23T17:03:54.000,14.8,-5.93,0.0,0.0,20.5,263096,26.95,30.0,0.015
2020-01-23T17:04:54.000,14.94,-5.72,0.0,0.0,20.5,263097,27.09,30.0,0.015
2020-01-23T17:08:00.000,15.46,-5.01,0.0,0.0,20.5,263100,27.51,30.0,0.015
2020-01-23T17:09:00.000,15.67,-4.78,0.0,0.0,20.5,263101,27.64,30.0,0.015
2020-01-23T17:10:01.000,15.85,-4.7,0.0,0.0,20.5,263102,27.78,30.0,0.015
2020-01-23T17:21:04.000,17.22,-3.44,0.0,0.0,20.5,263113,29.21,31.0,0.014
2020-01-23T17:22:04.000,17.36,-3.39,0.0,0.0,20.5,263114,29.34,31.0,0.014
2020-01-23T17:23:05.000,17.41,-3.28,0.0,0.0,20.5,263115,29.47,31.0,0.014
2020-01-23T17:33:06.000,19.19,-2.14,0.0,0.0,20.5,263125,30.68,32.0,0.014
2020-01-23T17:34:07.000,19.35,-2.2,0.0,0.0,20.5,263126,30.8,32.0,0.014
2020-01-23T17:35:07.000,19.47,-2.04,0.0,0.0,20.5,263127,30.92,32.0,0.014
2020-01-23T17:44:08.000,20.83,-1.03,0.0,0.0,20.5,263136,31.93,32.0,0.014
2020-01-23T17:45:08.000,20.99,-1.14,0.0,0.0,20.5,263137,32.04,33.0,0.014
2020-01-23T17:46:09.000,21.14,-0.96,0.0,0.0,20.5,263138,32.15,33.0,0.014
2020-01-23T17:51:11.000,23.81,2.19,0.0,0.0,20.5,263143,32.68,33.0,0.014
2020-01-23T17:52:11.000,24.94,1.94,0.0,0.0,20.5,263144,32.79,33.0,0.014
2020-01-23T17:53:11.000,25.66,1.32,0.0,0.0,20.5,263145,32.89,33.0,0.014
2020-01-23T17:56:12.000,27.98,2.44,0.0,0.0,20.5,263148,33.19,33.0,0.014
2020-01-23T17:57:12.000,28.92,3.1,0.0,0.0,20.5,263149,33.29,33.0,0.014
2020-01-23T17:58:13.000,29.81,3.3,0.0,0.0,20.5,263150,33.39,33.0,0.014
2020-01-23T17:59:13.000,30.69,3.23,0.0,0.0,20.5,263151,33.49,33.0,0.014
2020-01-23T18:00:13.000,31.42,2.94,0.0,0.0,20.5,263152,33.59,33.0,0.014
2020-01-23T18:03:14.000,32.93,2.92,0.0,0.0,20.5,263155,33.87,33.0,0.014
2020-01-23T18:05:15.000,33.15,2.14,0.0,0.0,20.5,263157,34.06,33.0,0.014
2020-01-23T18:08:17.000,33.84,2.87,0.0,0.0,20.5,263160,34.33,33.0,0.014
2020-01-23T18:09:17.000,34.04,2.08,0.0,0.0,20.5,263161,34.42,34.0,0.014
2020-01-23T18:10:17.000,34.26,2.15,0.0,0.0,20.5,263162,34.51,34.0,0.014
2020-01-23T18:11:17.000,34.49,2.98,0.0,0.0,20.5,263163,34.6,34.0,0.014
2020-01-23T18:12:17.000,34.98,2.93,0.0,0.0,20.5,263164,34.68,34.0,0.013
2020-01-23T18:17:19.000,37.25,3.54,0.0,0.0,20.5,263169,35.1,34.0,0.013
2020-01-23T18:18:20.000,37.55,3.3,0.0,0.0,20.5,263170,35.18,34.0,0.013
2020-01-23T18:19:20.000,37.56,2.22,0.0,0.0,20.5,263171,35.26,34.0,0.013
2020-01-23T18:21:21.000,37.71,3.69,0.0,0.0,20.5,263173,35.42,34.0,0.013
2020-01-23T18:22:21.000,38.05,3.41,0.0,0.0,20.5,263174,35.5,34.0,0.013
2020-01-23T18:23:21.000,38.32,3.52,0.0,0.0,20.5,263175,35.57,34.0,0.013
2020-01-23T18:29:22.000,39.15,3.24,0.0,0.0,20.5,263181,36.01,34.0,0.013
2020-01-23T18:30:23.000,39.32,3.39,0.0,0.0,20.5,263182,36.08,34.0,0.013
2020-01-23T18:31:23.000,39.53,3.76,0.0,0.0,20.5,263183,36.15,34.0,0.013
2020-01-23T18:32:24.000,39.63,2.76,0.0,0.0,20.5,263184,36.22,34.0,0.013
2020-01-23T18:33:24.000,39.51,2.59,0.0,0.0,20.5,263185,36.28,34.0,0.013
2020-01-23T18:34:25.000,39.54,3.29,0.0,0.0,20.5,263186,36.35,34.0,0.013
2020-01-23T18:36:25.000,39.49,3.01,0.0,0.0,20.5,263188,36.48,34.0,0.013
2020-01-23T18:37:26.000,39.51,2.69,0.0,0.0,20.5,263189,36.54,34.0,0.013
2020-01-23T18:38:26.000,39.32,2.41,0.0,0.0,20.5,263190,36.6,34.0,0.013
2020-01-23T18:40:27.000,39.57,3.61,0.0,0.0,20.5,263192,36.72,34.0,0.013
2020-01-23T18:41:28.000,39.77,3.21,0.0,0.0,20.5,263193,36.78,34.0,0.013
2020-01-23T18:42:28.000,39.99,3.45,0.0,0.0,20.5,263194,36.84,34.0,0.013
2020-01-23T18:47:29.000,40.33,3.33,0.0,0.0,20.5,263199,37.11,34.0,0.013
2020-01-23T18:48:30.000,40.45,3.36,0.0,0.0,20.5,263200,37.16,34.0,0.013
2020-01-23T18:49:31.000,40.33,2.73,0.0,0.0,20.5,263201,37.21,34.0,0.013
2020-01-23T18:50:31.000,40.36,3.02,0.0,0.0,20.5,263202,37.26,34.0,0.013
2020-01-23T18:51:32.000,40.3,2.87,0.0,0.0,20.5,263203,37.31,34.0,0.013
2020-01-23T18:52:32.000,40.25,3.08,0.0,0.0,20.5,263204,37.36,34.0,0.013
2020-01-23T18:55:34.000,40.15,2.38,0.0,0.0,20.5,263207,37.49,34.0,0.013
2020-01-23T18:56:34.000,40.07,2.49,0.0,0.0,20.5,263208,37.53,34.0,0.013
2020-01-23T18:57:35.000,40.08,2.16,0.0,0.0,20.5,263209,37.58,34.0,0.013
2020-01-23T18:59:35.000,39.94,1.71,0.0,0.0,20.5,263211,37.66,34.0,0.013
2020-01-23T19:02:36.000,40.09,2.82,0.0,0.0,20.5,263214,37.77,34.0,0.013
2020-01-23T19:04:39.000,40.16,1.95,0.0,0.0,20.5,263216,37.84,34.0,0.013
2020-01-23T19:05:40.000,40.12,2.18,0.0,0.0,20.5,263217,37.87,34.0,0.013
2020-01-23T19:06:41.000,40.24,2.66,0.0,0.0,20.5,263218,37.9,34.0,0.013
2020-01-23T19:07:41.000,40.49,2.83,0.0,0.0,20.5,263219,37.93,34.0,0.013
2020-01-23T19:08:42.000,40.41,1.43,0.0,0.0,20.5,263220,37.96,34.0,0.013
2020-01-23T19:09:42.000,40.46,2.64,0.0,0.0,20.5,263221,37.99,34.0,0.013
2020-01-23T19:11:43.000,40.49,2.79,0.0,0.0,20.5,263223,38.05,34.0,0.013
2020-01-23T19:12:43.000,40.68,2.88,0.0,0.0,20.5,263224,38.07,34.0,0.013
2020-01-23T19:13:44.000,40.85,2.4,0.0,0.0,20.5,263225,38.1,34.0,0.013
2020-01-23T19:14:45.000,40.94,2.27,0.0,0.0,20.5,263226,38.12,33.0,0.012
2020-01-23T19:15:45.000,41.07,2.52,0.0,0.0,20.5,263227,38.14,33.0,0.012
2020-01-23T19:17:48.000,41.15,2.14,0.0,0.0,20.5,263229,38.18,33.0,0.012
2020-01-23T19:18:49.000,41.34,2.54,0.0,0.0,20.5,263230,38.2,33.0,0.012
2020-01-23T19:19:49.000,41.46,2.38,0.0,0.0,20.5,263231,38.22,33.0,0.012
2020-01-23T19:27:53.000,42.8,3.14,0.0,0.0,20.5,263239,38.32,33.0,0.012
2020-01-23T19:28:53.000,42.97,2.42,0.0,0.0,20.5,263240,38.33,33.0,0.012
2020-01-23T19:29:54.000,42.88,1.62,0.0,0.0,20.5,263241,38.33,33.0,0.012
2020-01-23T19:31:55.000,42.88,2.23,0.0,0.0,20.5,263243,38.34,33.0,0.012
2020-01-23T19:32:55.000,42.96,2.44,0.0,0.0,20.5,263244,38.34,33.0,0.012
2020-01-23T19:33:56.000,43.13,2.89,0.0,0.0,20.5,263245,38.35,33.0,0.012
2020-01-23T19:34:56.000,43.33,2.94,0.0,0.0,20.5,263246,38.35,33.0,0.012
2020-01-23T19:36:57.000,43.48,2.73,0.0,0.0,20.5,263248,38.34,33.0,0.012
2020-01-23T19:39:58.000,43.51,2.69,0.0,0.0,20.5,263251,38.33,32.0,0.012
2020-01-23T19:40:58.000,43.47,2.83,0.0,0.0,20.5,263252,38.33,32.0,0.012
2020-01-23T19:41:59.000,43.19,2.16,0.0,0.0,20.5,263253,38.32,32.0,0.012
2020-01-23T19:48:03.000,43.0,2.71,0.0,0.0,20.5,263259,38.25,32.0,0.012
2020-01-23T19:49:03.000,43.14,3.07,0.0,0.0,20.5,263260,38.24,32.0,0.012
2020-01-23T19:50:04.000,43.29,2.97,0.0,0.0,20.5,263261,38.22,32.0,0.012
2020-01-23T19:52:06.000,43.24,2.51,0.0,0.0,20.5,263263,38.19,32.0,0.012
2020-01-23T19:53:06.000,43.1,2.11,0.0,0.0,20.5,263264,38.17,32.0,0.012
2020-01-23T19:54:07.000,43.12,2.6,0.0,0.0,20.5,263265,38.14,32.0,0.012
2020-01-23T19:55:07.000,43.09,2.31,0.0,0.0,20.5,263266,38.12,31.0,0.012
2020-01-23T19:58:09.000,42.82,2.47,0.0,0.0,20.5,263269,38.05,31.0,0.012
2020-01-23T19:59:09.000,42.86,2.08,0.0,0.0,20.5,263270,38.02,31.0,0.012
2020-01-23T20:01:11.000,42.62,2.48,0.0,0.0,20.5,263272,37.97,31.0,0.012
2020-01-23T20:02:12.000,42.76,2.09,0.0,0.0,20.5,263273,37.94,31.0,0.012
2020-01-23T20:03:12.000,42.86,2.29,0.0,0.0,20.5,263274,37.91,31.0,0.012
2020-01-23T20:09:18.000,42.82,2.28,0.0,0.0,20.5,263280,37.7,30.0,0.012
2020-01-23T20:10:20.000,42.76,2.33,0.0,0.0,20.5,263281,37.66,30.0,0.012
2020-01-23T20:11:20.000,42.88,2.31,0.0,0.0,20.5,263282,37.62,30.0,0.012
2020-01-23T20:13:21.000,42.88,2.52,0.0,0.0,20.5,263284,37.54,30.0,0.012
2020-01-23T20:16:23.000,42.7,1.94,0.0,0.0,20.5,263287,37.41,30.0,0.012
2020-01-23T20:17:23.000,42.61,1.66,0.0,0.0,20.5,263288,37.36,30.0,0.012
2020-01-23T20:18:24.000,42.53,1.4,0.0,0.0,20.5,263289,37.31,30.0,0.012
2020-01-23T20:22:27.000,42.44,2.09,0.0,0.0,20.5,263293,37.11,29.0,0.011
2020-01-23T20:23:27.000,42.61,2.28,0.0,0.0,20.5,263294,37.06,29.0,0.011
2020-01-23T20:24:28.000,42.77,2.09,0.0,0.0,20.5,263295,37.01,29.0,0.011
2020-01-23T20:27:29.000,42.37,0.96,0.0,0.0,20.5,263298,36.84,29.0,0.011
2020-01-23T20:28:32.000,42.27,1.85,0.0,0.0,20.5,263299,36.78,29.0,0.011
2020-01-23T20:29:32.000,42.21,1.82,0.0,0.0,20.5,263300,36.72,29.0,0.011
2020-01-23T20:30:33.000,42.15,1.66,0.0,0.0,20.5,263301,36.66,29.0,0.011
2020-01-23T20:31:33.000,42.02,1.61,0.0,0.0,20.5,263302,36.6,28.0,0.011
2020-01-23T20:34:35.000,42.17,1.79,0.0,0.0,20.5,263305,36.41,28.0,0.011
2020-01-23T20:36:35.000,42.1,1.45,0.0,0.0,20.5,263307,36.28,28.0,0.011
2020-01-23T20:38:36.000,42.39,1.51,0.0,0.0,20.5,263309,36.15,28.0,0.011
2020-01-23T20:39:37.000,42.35,1.31,0.0,0.0,20.5,263310,36.08,28.0,0.011
2020-01-23T20:40:39.000,42.48,1.71,0.0,0.0,20.5,263311,36.01,28.0,0.011
2020-01-23T20:46:42.000,42.1,1.5,0.0,0.0,20.5,263317,35.57,27.0,0.011
2020-01-23T20:47:43.000,42.17,1.48,0.0,0.0,20.5,263318,35.49,27.0,0.011
2020-01-23T20:48:44.000,42.16,1.04,0.0,0.0,20.5,263319,35.42,27.0,0.011
2020-01-23T20:50:44.000,42.09,1.19,0.0,0.0,20.5,263321,35.26,26.0,0.011
2020-01-23T20:51:45.000,42.18,1.46,0.0,0.0,20.5,263322,35.18,26.0,0.011
2020-01-23T20:52:46.000,42.17,0.86,0.0,0.0,20.5,263323,35.1,26.0,0.011
2020-01-23T20:53:46.000,42.16,1.2,0.0,0.0,20.5,263324,35.01,26.0,0.011
2020-01-23T20:55:47.000,42.24,1.2,0.0,0.0,20.5,263326,34.85,26.0,0.011
2020-01-23T20:56:47.000,42.33,1.08,0.0,0.0,20.5,263327,34.76,26.0,0.011
2020-01-23T21:01:49.000,41.32,0.58,0.0,0.0,20.5,263332,34.32,25.0,0.011
2020-01-23T21:03:49.000,40.96,1.06,0.0,0.0,20.5,263334,34.14,25.0,0.011
2020-01-23T21:04:50.000,40.88,0.54,0.0,0.0,20.5,263335,34.05,25.0,0.011
2020-01-23T21:05:51.000,40.81,0.8,0.0,0.0,20.5,263336,33.96,25.0,0.011
2020-01-23T21:10:54.000,40.64,1.71,0.0,0.0,20.5,263341,33.48,24.0,0.011
2020-01-23T21:11:55.000,40.65,0.29,0.0,0.0,20.5,263342,33.38,24.0,0.011
2020-01-23T21:12:56.000,40.66,0.54,0.0,0.0,20.5,263343,33.28,24.0,0.011
2020-01-23T21:14:56.000,40.39,0.43,0.0,0.0,20.5,263345,33.08,24.0,0.011
2020-01-23T21:15:57.000,40.41,0.69,0.0,0.0,20.5,263346,32.98,23.0,0.011
2020-01-23T21:16:57.000,40.47,0.82,0.0,0.0,20.5,263347,32.87,23.0,0.011
2020-01-23T21:17:58.000,40.44,0.3,0.0,0.0,20.5,263348,32.77,23.0,0.011
2020-01-23T21:19:59.000,40.4,0.04,0.0,0.0,20.5,263350,32.56,23.0,0.011
2020-01-23T21:21:00.000,40.25,-0.07,0.0,0.0,20.5,263351,32.45,23.0,0.011
2020-01-23T21:23:01.000,39.89,-0.64,0.0,0.0,20.5,263353,32.24,23.0,0.011
2020-01-23T21:24:01.000,39.62,-0.31,0.0,0.0,20.5,263354,32.13,22.0,0.011
2020-01-23T21:25:02.000,39.4,-0.35,0.0,0.0,20.5,263355,32.02,22.0,0.011
2020-01-23T21:26:02.000,39.23,0.88,0.0,0.0,20.5,263356,31.91,22.0,0.011
2020-01-23T21:27:03.000,39.12,-0.14,0.0,0.0,20.5,263357,31.8,22.0,0.011
2020-01-23T21:30:04.000,39.05,0.76,0.0,0.0,20.5,263360,31.47,22.0,0.01
2020-01-23T21:31:04.000,39.23,0.65,0.0,0.0,20.5,263361,31.35,21.0,0.01
2020-01-23T21:32:05.000,39.28,0.11,0.0,0.0,20.5,263362,31.24,21.0,0.01
2020-01-23T21:36:07.000,39.47,0.08,0.0,0.0,20.5,263366,30.77,21.0,0.01
2020-01-23T21:37:08.000,39.57,0.19,0.0,0.0,20.5,263367,30.65,21.0,0.01
2020-01-23T21:38:08.000,39.65,0.05,0.0,0.0,20.5,263368,30.53,21.0,0.01
2020-01-23T21:40:09.000,39.86,-0.1,0.0,0.0,20.5,263370,30.29,20.0,0.01
2020-01-23T21:44:09.000,39.41,-0.9,0.0,0.0,20.5,263374,29.81,20.0,0.01
2020-01-23T21:45:09.000,39.32,-0.4,0.0,0.0,20.5,263375,29.69,20.0,0.01
2020-01-23T21:46:10.000,39.28,-0.2,0.0,0.0,20.5,263376,29.56,19.0,0.01
2020-01-23T21:55:11.000,39.24,-0.33,0.0,0.0,20.5,263385,28.41,18.0,0.01
2020-01-23T21:56:11.000,39.37,0.06,0.0,0.0,20.5,263386,28.28,18.0,0.01
2020-01-23T21:57:11.000,39.47,-0.75,0.0,0.0,20.5,263387,28.15,18.0,0.01
2020-01-23T22:01:14.000,39.67,-0.65,0.0,0.0,20.5,263391,27.61,17.0,0.01
2020-01-23T22:02:14.000,39.69,-0.79,0.0,0.0,20.5,263392,27.48,17.0,0.01
2020-01-23T22:03:15.000,39.64,-0.95,0.0,0.0,20.5,263393,27.34,17.0,0.01
2020-01-23T22:04:15.000,39.66,-0.85,0.0,0.0,20.5,263394,27.21,17.0,0.01
2020-01-23T22:06:16.000,39.7,-0.92,0.0,0.0,20.5,263396,26.93,16.0,0.01
2020-01-23T22:07:16.000,39.83,-0.34,0.0,0.0,20.5,263397,26.79,16.0,0.01
2020-01-23T22:08:17.000,39.96,-0.68,0.0,0.0,20.5,263398,26.65,16.0,0.01
2020-01-23T22:09:18.000,39.9,-1.12,0.0,0.0,20.5,263399,26.51,16.0,0.01
2020-01-23T22:10:18.000,39.89,-0.72,0.0,0.0,20.5,263400,26.37,16.0,0.01
2020-01-23T22:12:20.000,39.79,-0.73,0.0,0.0,20.5,263402,26.09,16.0,0.01
2020-01-23T22:14:22.000,39.82,-0.74,0.0,0.0,20.5,263404,25.8,15.0,0.01
2020-01-23T22:15:22.000,39.78,-1.05,0.0,0.0,20.5,263405,25.66,15.0,0.01
2020-01-23T22:17:23.000,39.66,-0.79,0.0,0.0,20.5,263407,25.37,15.0,0.01
2020-01-23T22:18:24.000,39.52,-1.51,0.0,0.0,20.5,263408,25.22,15.0,0.01
2020-01-23T22:19:24.000,38.85,-3.33,0.0,0.0,20.5,263409,25.08,14.0,0.01
2020-01-23T22:20:26.000,37.89,-3.75,0.0,0.0,20.5,263410,24.93,14.0,0.01
2020-01-23T22:21:27.000,36.93,-3.44,0.0,0.0,20.5,263411,24.78,14.0,0.01
2020-01-23T22:23:28.000,35.37,-3.38,0.0,0.0,20.5,263413,24.49,14.0,0.01
2020-01-23T22:24:30.000,34.73,-2.77,0.0,0.0,20.5,263414,24.33,14.0,0.01
2020-01-23T22:25:31.000,34.12,-2.98,0.0,0.0,20.5,263415,24.18,14.0,0.01
2020-01-23T22:39:41.000,29.36,-2.04,0.0,0.0,20.5,263429,22.04,11.0,0.01
2020-01-23T22:40:41.000,29.23,-1.9,0.0,0.0,20.5,263430,21.88,11.0,0.009
2020-01-23T22:41:42.000,29.07,-2.03,0.0,0.0,20.5,263431,21.72,11.0,0.009
2020-01-23T22:43:42.000,28.71,-2.33,0.0,0.0,20.5,263433,21.41,11.0,0.009
2020-01-23T22:44:43.000,28.54,-2.13,0.0,0.0,20.5,263434,21.25,10.0,0.009
2020-01-23T22:46:44.000,28.21,-1.98,0.0,0.0,20.5,263436,20.93,10.0,0.009
2020-01-23T22:47:44.000,28.07,-2.03,0.0,0.0,20.5,263437,20.77,10.0,0.009
2020-01-23T22:48:44.000,27.92,-1.88,0.0,0.0,20.5,263438,20.61,10.0,0.009
2020-01-23T22:50:46.000,27.71,-1.84,0.0,0.0,20.5,263440,20.29,9.0,0.009
2020-01-23T22:51:46.000,27.63,-1.83,0.0,0.0,20.5,263441,20.13,9.0,0.009
2020-01-23T22:52:46.000,27.54,-1.83,0.0,0.0,20.5,263442,19.97,9.0,0.009
2020-01-23T22:53:47.000,27.48,-1.78,0.0,0.0,20.5,263443,19.8,9.0,0.009
2020-01-23T22:55:49.000,27.31,-1.97,0.0,0.0,20.5,263445,19.47,9.0,0.009
2020-01-23T22:56:49.000,27.21,-1.83,0.0,0.0,20.5,263446,19.31,8.0,0.009
2020-01-23T22:57:50.000,27.12,-1.97,0.0,0.0,20.5,263447,19.14,8.0,0.009
2020-01-23T23:09:53.000,26.32,-1.97,0.0,0.0,20.5,263459,17.14,6.0,0.009
2020-01-23T23:10:54.000,26.18,-2.03,0.0,0.0,20.5,263460,16.97,6.0,0.009
2020-01-23T23:11:55.000,26.1,-1.93,0.0,0.0,20.5,263461,16.8,6.0,0.009
2020-01-23T23:15:56.000,26.03,-1.72,0.0,0.0,20.5,263465,16.12,5.0,0.009
2020-01-23T23:19:57.000,25.85,-1.95,0.0,0.0,20.5,263469,15.43,4.0,0.009
2020-01-23T23:20:58.000,25.83,-1.87,0.0,0.0,20.5,263470,15.26,4.0,0.009
2020-01-23T23:21:58.000,25.81,-1.84,0.0,0.0,20.5,263471,15.08,4.0,0.009
2020-01-23T23:30:03.000,25.37,-1.78,0.0,0.0,20.5,263479,13.68,3.0,0.009
2020-01-23T23:31:04.000,25.34,-1.73,0.0,0.0,20.5,263480,13.5,3.0,0.009
2020-01-23T23:32:04.000,25.32,-1.85,0.0,0.0,20.5,263481,13.32,2.0,0.009
2020-01-23T23:35:05.000,25.17,-1.9,0.0,0.0,20.5,263484,12.79,2.0,0.009
2020-01-23T23:36:06.000,25.14,-1.82,0.0,0.0,20.5,263485,12.61,2.0,0.009
2020-01-23T23:37:08.000,25.11,-1.93,0.0,0.0,20.5,263486,12.43,1.0,0.009
2020-01-23T23:38:08.000,25.04,-1.98,0.0,0.0,20.5,263487,12.25,1.0,0.009
2020-01-23T23:39:09.000,24.98,-1.91,0.0,0.0,20.5,263488,12.07,1.0,0.009
2020-01-23T23:41:10.000,24.98,-1.84,0.0,0.0,20.5,263490,11.71,1.0,0.009
