Downloads/jupyter/ECSV/stars19/stars19_2020-09.ecsv
# %ECSV 1.0
# ---
# datatype:
# - {name: time, datatype: string}
# - {name: Enclosure Temperature, unit: deg_C, datatype: float64}
# - {name: Sky Temperature, unit: deg_C, datatype: float64}
# - {name: Frequency, unit: Hz, datatype: float64}
# - {name: MSAS, unit: mag / arcsec2, datatype: float64}
# - {name: ZP, datatype: float64}
# - {name: Sequence Number, datatype: int64}
# - {name: Sun Alt, unit: deg, datatype: float64}
# - {name: Moon Alt, unit: deg, datatype: float64}
# - {name: Moon Illumination, datatype: float64}
# delimiter: ','
# meta: !!omap
# - ida:
#     Data supplier: {affiliation: null, observer: null}
#     Device type: TESS-W
#     Field of view: 17.0
#     Filters per channel: None
#     Instrument ID: stars19
#     License: ODbL 1.0 http://opendatacommons.org/licenses/odbl/summary/
#     Local timezone: America/Phoenix
#     Location name: {country: '- Tucson', place: Tucson, region: United States, sub_region: Arizona, town: Pima County}
#     Measurement direction per channel: {azimuth: 0.0, zenital: 0.0}
#     Moving / Fixed look direction: FIXED
#     Moving / Stationary position: STATIONARY
#     Number of channels: 1
#     Number of fields per line: 8
#     Number of header lines: 35
#     Position: {height: 0.0, latitude: 32.223877, longitude: -110.767532}
#     TESS MAC address: 18:FE:34:CF:EC:06
#     TESS cover offset value: 0.0
#     TESS firmware version: '1.0'
#     TESS zero point: 20.5
#     Time Synchronization: timestamp added by MQTT subscriber
#     URL: http://www.darksky.org/NSBM/sdf1.0.pdf
# - __serialized_columns__:
#     Enclosure Temperature:
#       __class__: astropy.units.quantity.Quantity
#       unit: &id001 !astropy.units.Unit {unit: deg_C}
#       value: !astropy.table.SerializedColumn {name: Enclosure Temperature}
#     Frequency:
#       __class__: astropy.units.quantity.Quantity
#       unit: !astropy.units.Unit {unit: Hz}
#       value: !astropy.table.SerializedColumn {name: Frequency}
#     MSAS:
#       __class__: astropy.units.quantity.Quantity
#       unit: !astropy.units.Unit {unit: mag / arcsec2}
#       value: !astropy.table.SerializedColumn {name: MSAS}
#     Moon Alt:
#       __class__: astropy.units.quantity.Quantity
#       unit: &id002 !astropy.units.Unit {unit: deg}
#       value: !astropy.table.SerializedColumn {name: Moon Alt}
#     Sky Temperature:
#       __class__: astropy.units.quantity.Quantity
#       unit: *id001
#       value: !astropy.table.SerializedColumn {name: Sky Temperature}
#     Sun Alt:
#       __class__: astropy.units.quantity.Quantity
#       unit: *id002
#       value: !astropy.table.SerializedColumn {name: Sun Alt}
#     time:
#       __class__: astropy.time.core.Time
#       format: isot
#       in_subfmt: '*'
#       out_subfmt: '*'
#       precision: 3
#       scale: utc
#       value: !astropy.table.SerializedColumn {name: time}
# schema: astropy-2.0
time,Enclosure Temperature,Sky Temperature,Frequency,MSAS,ZP,Sequence Number,Sun Alt,Moon Alt,Moon Illumination
[from data line 2579]
2020-09-04T09:05:33.000,29.58,9.95,19.9,17.13,20.5,20531,-43.71,55.0,0.955
2020-09-04T09:06:33.000,29.58,10.08,19.91,17.13,20.5,20532,-43.58,55.0,0.955
2020-09-04T09:12:34.000,29.52,9.99,20.48,17.1,20.5,20538,-42.8,55.0,0.955
2020-09-04T09:13:34.000,29.52,9.98,20.6,17.1,20.5,20539,-42.66,55.0,0.955
2020-09-04T09:14:34.000,29.53,10.07,20.72,17.09,20.5,20540,-42.53,55.0,0.955
2020-09-04T09:15:34.000,29.52,10.02,20.85,17.08,20.5,20541,-42.4,55.0,0.955
2020-09-04T09:16:35.000,29.52,10.07,20.94,17.08,20.5,20542,-42.26,55.0,0.955
2020-09-04T09:17:35.000,29.5,9.79,20.98,17.08,20.5,20543,-42.12,55.0,0.955
2020-09-04T09:18:35.000,29.48,9.73,20.94,17.08,20.5,20544,-41.98,55.0,0.955
2020-09-04T09:19:35.000,29.44,9.65,20.85,17.08,20.5,20545,-41.85,55.0,0.955
2020-09-04T09:20:36.000,29.42,9.7,20.81,17.08,20.5,20546,-41.71,55.0,0.955
2020-09-04T09:49:38.000,28.89,8.92,19.71,17.14,20.5,20575,-37.38,53.0,0.954
2020-09-04T09:51:38.000,28.85,8.92,19.17,17.17,20.5,20577,-37.06,53.0,0.954
2020-09-04T09:52:38.000,28.84,8.91,19.04,17.18,20.5,20578,-36.9,53.0,0.954
2020-09-04T09:54:40.000,28.76,8.7,18.83,17.19,20.5,20580,-36.57,53.0,0.954
2020-09-04T09:55:41.000,28.73,8.71,18.68,17.2,20.5,20581,-36.41,53.0,0.954
2020-09-04T09:56:41.000,28.71,8.6,18.5,17.21,20.5,20582,-36.24,53.0,0.954
2020-09-04T09:57:41.000,28.67,8.52,18.35,17.22,20.5,20583,-36.08,53.0,0.954
2020-09-04T09:58:42.000,28.62,8.42,18.15,17.23,20.5,20584,-35.91,53.0,0.954
2020-09-04T09:59:42.000,28.6,8.42,17.93,17.25,20.5,20585,-35.75,53.0,0.954
2020-09-04T10:00:42.000,28.55,8.34,17.68,17.26,20.5,20586,-35.59,53.0,0.954
2020-09-04T10:01:42.000,28.54,8.36,17.29,17.29,20.5,20587,-35.42,52.0,0.953
2020-09-04T10:12:43.000,28.17,8.06,14.56,17.47,20.5,20598,-33.57,51.0,0.953
2020-09-04T10:13:43.000,28.12,8.09,14.42,17.48,20.5,20599,-33.4,51.0,0.953
2020-09-04T10:14:44.000,28.08,8.1,14.27,17.49,20.5,20600,-33.23,51.0,0.953
2020-09-04T10:15:44.000,28.06,8.1,14.15,17.5,20.5,20601,-33.05,51.0,0.953
2020-09-04T10:16:44.000,28.03,8.14,14.0,17.52,20.5,20602,-32.88,51.0,0.953
2020-09-04T10:17:44.000,28.0,8.16,13.81,17.53,20.5,20603,-32.71,51.0,0.953
2020-09-04T10:18:45.000,27.97,8.18,13.58,17.55,20.5,20604,-32.53,51.0,0.953
2020-09-04T10:19:45.000,27.94,8.22,13.36,17.57,20.5,20605,-32.36,51.0,0.953
2020-09-04T10:20:45.000,27.92,8.23,13.17,17.58,20.5,20606,-32.18,51.0,0.953
2020-09-04T10:21:45.000,27.9,8.25,13.08,17.59,20.5,20607,-32.01,50.0,0.953
2020-09-04T10:22:45.000,27.89,8.23,13.06,17.59,20.5,20608,-31.83,50.0,0.953
2020-09-04T10:23:46.000,27.86,8.15,13.04,17.59,20.5,20609,-31.66,50.0,0.953
2020-09-04T10:24:46.000,27.85,8.12,13.03,17.59,20.5,20610,-31.48,50.0,0.953
2020-09-04T10:25:46.000,27.81,8.05,12.98,17.6,20.5,20611,-31.3,50.0,0.953
2020-09-04T10:26:46.000,27.79,8.08,12.92,17.6,20.5,20612,-31.13,50.0,0.953
2020-09-04T10:27:46.000,27.75,7.99,12.8,17.61,20.5,20613,-30.95,50.0,0.953
2020-09-04T10:28:47.000,27.72,7.95,12.65,17.63,20.5,20614,-30.77,50.0,0.953
2020-09-04T10:29:47.000,27.69,8.02,12.36,17.65,20.5,20615,-30.59,49.0,0.953
2020-09-04T10:30:47.000,27.65,7.93,12.19,17.67,20.5,20616,-30.41,49.0,0.953
2020-09-04T10:31:47.000,27.65,8.15,12.0,17.68,20.5,20617,-30.24,49.0,0.953
2020-09-04T10:32:48.000,27.61,7.96,11.79,17.7,20.5,20618,-30.05,49.0,0.953
2020-09-04T10:33:48.000,27.56,7.92,11.55,17.72,20.5,20619,-29.87,49.0,0.953
2020-09-04T10:34:48.000,27.54,8.06,11.38,17.74,20.5,20620,-29.69,49.0,0.953
2020-09-04T10:35:48.000,27.53,7.97,11.25,17.75,20.5,20621,-29.51,49.0,0.953
2020-09-04T10:36:48.000,27.53,8.12,11.07,17.77,20.5,20622,-29.33,49.0,0.953
2020-09-04T10:37:49.000,27.53,8.14,10.94,17.78,20.5,20623,-29.15,48.0,0.952
2020-09-04T10:38:49.000,27.54,8.2,10.68,17.81,20.5,20624,-28.97,48.0,0.952
2020-09-04T10:39:49.000,27.54,8.2,10.45,17.83,20.5,20625,-28.79,48.0,0.952
2020-09-04T10:40:49.000,27.54,8.19,10.22,17.86,20.5,20626,-28.6,48.0,0.952
2020-09-04T10:41:49.000,27.55,8.27,9.99,17.88,20.5,20627,-28.42,48.0,0.952
2020-09-04T10:43:50.000,27.59,8.24,9.6,17.92,20.5,20629,-28.05,48.0,0.952
2020-09-04T10:44:50.000,27.62,8.25,9.48,17.94,20.5,20630,-27.87,48.0,0.952
2020-09-04T10:45:50.000,27.62,8.19,9.33,17.96,20.5,20631,-27.68,47.0,0.952
2020-09-04T10:48:51.000,27.58,7.93,8.68,18.03,20.5,20634,-27.13,47.0,0.952
2020-09-04T10:49:50.000,27.58,7.85,8.39,18.09,20.5,20635,-26.95,47.0,0.952
2020-09-04T10:51:51.000,27.54,7.93,8.09,18.11,20.5,20637,-26.57,47.0,0.952
2020-09-04T11:01:57.000,27.54,8.12,6.94,18.28,20.5,20647,-24.68,45.0,0.952
2020-09-04T11:07:58.000,27.46,8.09,6.57,18.34,20.5,20653,-23.53,44.0,0.952
2020-09-04T11:08:59.000,27.46,8.07,6.51,18.35,20.5,20654,-23.34,44.0,0.952
2020-09-04T11:09:59.000,27.44,8.06,6.55,18.34,20.5,20655,-23.15,44.0,0.952
2020-09-04T11:10:59.000,27.42,8.12,6.49,18.35,20.5,20656,-22.96,44.0,0.952
2020-09-04T11:12:00.000,27.39,8.02,6.48,18.35,20.5,20657,-22.76,44.0,0.952
2020-09-04T11:12:59.000,27.36,8.03,6.44,18.36,20.5,20658,-22.57,44.0,0.952
2020-09-04T11:15:05.000,27.33,7.98,6.37,18.37,20.5,20660,-22.17,43.0,0.951
2020-09-04T11:16:05.000,27.32,8.04,6.34,18.38,20.5,20661,-21.98,43.0,0.951
2020-09-04T11:17:05.000,27.32,8.01,6.32,18.38,20.5,20662,-21.78,43.0,0.951
2020-09-04T11:18:06.000,27.32,7.91,6.32,18.27,20.5,20663,-21.59,43.0,0.951
2020-09-04T11:19:06.000,27.32,7.9,6.37,18.37,20.5,20664,-21.39,43.0,0.951
2020-09-04T11:20:06.000,27.32,7.86,6.31,18.38,20.5,20665,-21.2,42.0,0.951
2020-09-04T11:21:06.000,27.31,7.79,6.32,18.38,20.5,20666,-21.0,42.0,0.951
2020-09-04T11:22:07.000,27.3,7.75,6.25,18.39,20.5,20667,-20.81,42.0,0.951
2020-09-04T11:24:07.000,27.27,7.6,4.3,18.8,20.5,20669,-20.42,42.0,0.951
2020-09-04T11:25:07.000,27.23,7.62,3.71,18.96,20.5,20670,-20.22,42.0,0.951
2020-09-04T11:26:07.000,27.22,7.66,3.69,18.96,20.5,20671,-20.03,41.0,0.951
2020-09-04T11:27:07.000,27.23,7.78,3.67,18.97,20.5,20672,-19.83,41.0,0.951
2020-09-04T11:28:08.000,27.25,7.79,3.67,18.97,20.5,20673,-19.63,41.0,0.951
2020-09-04T11:29:08.000,27.23,7.67,3.65,18.97,20.5,20674,-19.44,41.0,0.951
2020-09-04T11:30:08.000,27.22,7.7,3.64,18.98,20.5,20675,-19.24,41.0,0.951
2020-09-04T11:31:08.000,27.22,7.7,3.64,18.98,20.5,20676,-19.04,41.0,0.951
2020-09-04T11:32:09.000,27.19,7.56,3.64,18.98,20.5,20677,-18.84,40.0,0.951
2020-09-04T11:33:09.000,27.18,7.66,3.61,18.98,20.5,20678,-18.65,40.0,0.951
2020-09-04T11:34:09.000,27.18,7.68,3.61,18.99,20.5,20679,-18.45,40.0,0.951
2020-09-04T11:35:09.000,27.17,7.7,3.59,18.99,20.5,20680,-18.25,40.0,0.951
2020-09-04T11:36:10.000,27.17,7.71,3.59,18.99,20.5,20681,-18.05,40.0,0.951
2020-09-04T11:37:10.000,27.13,7.61,3.58,18.99,20.5,20682,-17.85,40.0,0.951
2020-09-04T11:38:10.000,27.13,7.74,3.58,19.0,20.5,20683,-17.66,39.0,0.951
2020-09-04T11:39:10.000,27.13,7.69,3.56,19.0,20.5,20684,-17.46,39.0,0.951
2020-09-04T11:40:10.000,27.13,7.68,3.55,19.0,20.5,20685,-17.26,39.0,0.951
2020-09-04T11:41:11.000,27.08,7.5,3.54,19.01,20.5,20686,-17.06,39.0,0.951
2020-09-04T11:42:11.000,27.06,7.59,3.53,19.01,20.5,20687,-16.86,39.0,0.951
2020-09-04T11:43:11.000,27.03,7.49,3.52,19.01,20.5,20688,-16.66,39.0,0.951
2020-09-04T11:44:11.000,27.03,7.62,3.51,19.02,20.5,20689,-16.46,38.0,0.951
2020-09-04T11:45:11.000,27.03,7.67,3.51,19.02,20.5,20690,-16.26,38.0,0.951
2020-09-04T11:46:12.000,27.0,7.59,3.5,19.02,20.5,20691,-16.06,38.0,0.951
2020-09-04T11:47:12.000,26.97,7.59,3.49,19.02,20.5,20692,-15.86,38.0,0.951
2020-09-04T11:48:12.000,26.96,7.59,3.49,19.02,20.5,20693,-15.66,38.0,0.951
2020-09-04T11:49:12.000,26.96,7.6,3.48,19.03,20.5,20694,-15.46,38.0,0.95
2020-09-04T11:50:12.000,26.95,7.62,3.48,19.03,20.5,20695,-15.26,37.0,0.95
2020-09-04T11:51:12.000,26.94,7.59,3.52,19.02,20.5,20696,-15.06,37.0,0.95
2020-09-04T11:52:12.000,26.93,7.48,3.49,19.02,20.5,20697,-14.86,37.0,0.95
2020-09-04T11:53:13.000,26.88,7.45,3.5,19.02,20.5,20698,-14.65,37.0,0.95
2020-09-04T11:54:13.000,26.86,7.55,3.51,19.02,20.5,20699,-14.45,37.0,0.95
2020-09-04T11:55:13.000,26.86,7.64,3.51,19.02,20.5,20700,-14.25,37.0,0.95
2020-09-04T11:56:13.000,26.87,7.57,3.53,19.01,20.5,20701,-14.05,36.0,0.95
2020-09-04T11:57:14.000,26.87,7.51,3.55,19.0,20.5,20702,-13.85,36.0,0.95
2020-09-04T11:58:14.000,26.86,7.51,3.58,19.0,20.5,20703,-13.64,36.0,0.95
2020-09-04T11:59:14.000,26.81,7.29,3.61,18.99,20.5,20704,-13.44,36.0,0.95
2020-09-04T12:00:14.000,26.74,7.49,3.66,18.97,20.5,20705,-13.24,36.0,0.95
2020-09-04T12:01:14.000,26.74,7.6,3.72,18.95,20.5,20706,-13.04,35.0,0.95
2020-09-04T12:02:15.000,26.76,7.6,3.78,18.94,20.5,20707,-12.83,35.0,0.95
2020-09-04T12:03:15.000,26.77,7.42,3.87,18.91,20.5,20708,-12.63,35.0,0.95
2020-09-04T12:04:15.000,26.75,7.45,3.98,18.88,20.5,20709,-12.43,35.0,0.95
2020-09-04T12:06:15.000,26.74,7.64,4.28,18.8,20.5,20711,-12.02,35.0,0.95
2020-09-04T12:07:16.000,26.74,7.73,4.48,18.75,20.5,20712,-11.82,34.0,0.95
2020-09-04T12:08:16.000,26.74,7.62,4.73,18.69,20.5,20713,-11.61,34.0,0.95
2020-09-04T12:11:23.000,26.72,7.42,5.81,18.47,20.5,20716,-10.98,34.0,0.95
2020-09-04T12:12:23.000,26.66,7.3,6.44,18.36,20.5,20717,-10.77,33.0,0.95
2020-09-04T12:13:23.000,26.65,7.31,7.16,18.24,20.5,20718,-10.57,33.0,0.95
2020-09-04T12:14:23.000,26.66,7.37,7.99,18.12,20.5,20719,-10.37,33.0,0.95
2020-09-04T12:15:24.000,26.66,7.37,8.97,17.91,20.5,20720,-10.16,33.0,0.95
2020-09-04T12:16:23.000,26.66,7.45,10.31,17.85,20.5,20721,-9.96,33.0,0.95
2020-09-04T12:17:23.000,26.68,7.42,11.84,17.7,20.5,20722,-9.75,33.0,0.95
2020-09-04T12:18:24.000,26.68,7.32,13.82,17.53,20.5,20723,-9.55,32.0,0.95
2020-09-04T12:19:24.000,26.69,7.3,16.05,17.37,20.5,20724,-9.34,32.0,0.95
2020-09-04T12:20:24.000,26.68,7.18,18.97,17.19,20.5,20725,-9.14,32.0,0.95
2020-09-04T12:21:24.000,26.66,7.19,22.37,17.01,20.5,20726,-8.93,32.0,0.95
2020-09-04T12:22:25.000,26.66,7.22,26.69,16.82,20.5,20727,-8.72,32.0,0.95
2020-09-04T12:23:25.000,26.65,7.2,32.18,16.61,20.5,20728,-8.52,31.0,0.95
2020-09-04T12:29:25.000,26.52,6.98,113.96,15.24,20.5,20734,-7.28,30.0,0.949
2020-09-04T12:30:25.000,26.51,7.07,144.5,14.98,20.5,20735,-7.08,30.0,0.949
2020-09-04T12:34:26.000,26.42,7.04,386.52,13.91,20.5,20739,-6.25,29.0,0.949
2020-09-04T12:45:26.000,26.35,6.95,6561.67,10.84,20.5,20750,-3.97,27.0,0.949
2020-09-04T12:46:26.000,26.35,6.95,8433.57,10.57,20.5,20751,-3.76,27.0,0.949
2020-09-04T12:49:26.000,26.31,6.94,17011.17,9.81,20.5,20754,-3.14,27.0,0.949
2020-09-04T12:50:26.000,26.3,7.08,20731.27,9.59,20.5,20755,-2.93,26.0,0.949
2020-09-04T12:53:27.000,26.22,6.97,34531.93,9.04,20.5,20758,-2.3,26.0,0.949
2020-09-04T12:55:27.000,26.19,7.19,48455.08,8.67,20.5,20760,-1.88,25.0,0.949
2020-09-04T13:12:28.000,26.02,6.59,0.0,0.0,20.5,20777,1.68,22.0,0.948
2020-09-04T13:15:29.000,26.04,6.73,0.0,0.0,20.5,20780,2.31,21.0,0.948
2020-09-04T13:18:29.000,26.08,6.41,0.0,0.0,20.5,20783,2.94,21.0,0.948
2020-09-04T13:19:29.000,26.03,6.13,0.0,0.0,20.5,20784,3.15,21.0,0.948
2020-09-04T13:20:29.000,25.98,6.21,0.0,0.0,20.5,20785,3.36,20.0,0.948
2020-09-04T13:21:30.000,25.91,6.03,0.0,0.0,20.5,20786,3.57,20.0,0.948
2020-09-04T13:23:30.000,25.87,6.64,0.0,0.0,20.5,20788,3.99,20.0,0.948
2020-09-04T13:24:31.000,25.93,6.68,0.0,0.0,20.5,20789,4.21,20.0,0.948
2020-09-04T13:25:31.000,25.98,6.56,0.0,0.0,20.5,20790,4.42,19.0,0.948
2020-09-04T13:26:31.000,25.99,6.49,0.0,0.0,20.5,20791,4.63,19.0,0.948
2020-09-04T13:27:31.000,26.03,6.4,0.12,0.09,20.5,20792,4.84,19.0,0.948
2020-09-04T13:28:31.000,26.05,6.29,0.0,0.0,20.5,20793,5.05,19.0,0.948
2020-09-04T13:29:31.000,26.02,6.2,0.0,0.0,20.5,20794,5.26,19.0,0.948
2020-09-04T13:30:32.000,26.02,6.32,0.0,0.0,20.5,20795,5.48,19.0,0.948
2020-09-04T13:43:33.000,26.21,6.81,0.0,0.0,20.5,20808,8.22,16.0,0.947
2020-09-04T13:44:33.000,26.25,6.81,0.0,0.0,20.5,20809,8.43,16.0,0.947
2020-09-04T13:45:33.000,26.29,6.85,0.0,0.0,20.5,20810,8.64,16.0,0.947
2020-09-04T13:49:34.000,26.44,6.94,0.0,0.0,20.5,20814,9.49,15.0,0.947
2020-09-04T13:51:34.000,26.53,6.97,0.0,0.0,20.5,20816,9.91,14.0,0.947
2020-09-04T13:52:35.000,26.58,7.06,0.0,0.0,20.5,20817,10.13,14.0,0.947
2020-09-04T13:53:35.000,26.63,7.06,0.0,0.0,20.5,20818,10.34,14.0,0.947
2020-09-04T13:58:36.000,26.86,7.03,0.0,0.0,20.5,20823,11.4,13.0,0.947
2020-09-04T13:59:37.000,26.9,7.19,0.0,0.0,20.5,20824,11.62,13.0,0.947
2020-09-04T14:00:37.000,26.92,7.08,0.0,0.0,20.5,20825,11.83,12.0,0.947
2020-09-04T14:02:37.000,27.01,7.24,0.0,0.0,20.5,20827,12.25,12.0,0.947
2020-09-04T14:03:37.000,27.09,7.34,0.0,0.0,20.5,20828,12.46,12.0,0.947
2020-09-04T14:04:37.000,27.14,7.33,0.0,0.0,20.5,20829,12.67,12.0,0.947
2020-09-04T14:05:38.000,27.14,7.3,0.0,0.0,20.5,20830,12.89,11.0,0.947
2020-09-04T14:06:38.000,27.21,7.58,0.0,0.0,20.5,20831,13.1,11.0,0.947
2020-09-04T14:18:40.000,27.87,7.81,0.0,0.0,20.5,20843,15.64,9.0,0.946
2020-09-04T14:19:40.000,27.92,7.76,0.0,0.0,20.5,20844,15.85,9.0,0.946
2020-09-04T14:23:40.000,28.1,7.95,0.0,0.0,20.5,20848,16.7,8.0,0.946
2020-09-04T14:29:41.000,28.47,8.25,0.0,0.0,20.5,20854,17.97,7.0,0.946
2020-09-04T14:30:41.000,28.53,8.29,0.0,0.0,20.5,20855,18.18,6.0,0.946
2020-09-04T14:31:41.000,28.57,8.37,0.0,0.0,20.5,20856,18.39,6.0,0.946
2020-09-04T14:57:54.000,30.72,10.69,0.0,0.0,20.5,20882,23.91,1.0,0.945
2020-09-04T14:58:54.000,30.88,10.74,0.0,0.0,20.5,20883,24.12,1.0,0.945
2020-09-04T14:59:54.000,31.03,10.9,0.0,0.0,20.5,20884,24.33,0.0,0.945
2020-09-04T15:02:54.000,31.41,21.55,0.0,0.0,20.5,20887,24.96,-0.0,0.945
2020-09-04T15:11:56.000,32.48,12.5,0.0,0.0,20.5,20896,26.84,-2.0,0.945
2020-09-04T15:12:56.000,32.61,12.59,0.0,0.0,20.5,20897,27.05,-2.0,0.945
2020-09-04T15:13:56.000,32.76,12.92,0.0,0.0,20.5,20898,27.26,-2.0,0.945
2020-09-04T15:35:01.000,35.5,15.6,0.0,0.0,20.5,20919,31.63,-7.0,0.944
2020-09-04T15:36:01.000,35.71,15.83,0.0,0.0,20.5,20920,31.84,-7.0,0.944
2020-09-04T15:37:01.000,35.91,15.78,0.0,0.0,20.5,20921,32.05,-7.0,0.944
2020-09-04T15:41:02.000,36.37,16.17,0.0,0.0,20.5,20925,32.87,-8.0,0.944
2020-09-04T15:42:02.000,36.55,16.4,0.0,0.0,20.5,20926,33.08,-8.0,0.944
2020-09-04T15:43:02.000,36.66,16.29,0.0,0.0,20.5,20927,33.28,-8.0,0.944
2020-09-04T16:21:10.000,49.01,22.03,0.0,0.0,20.5,20965,40.96,-16.0,0.943
2020-09-04T16:22:11.000,49.5,22.95,0.0,0.0,20.5,20966,41.16,-16.0,0.942
2020-09-04T16:23:11.000,49.96,22.59,0.0,0.0,20.5,20967,41.36,-16.0,0.942
2020-09-04T16:26:18.000,51.25,22.5,0.0,0.0,20.5,20970,41.97,-17.0,0.942
2020-09-04T16:27:19.000,51.51,22.45,0.0,0.0,20.5,20971,42.17,-17.0,0.942
2020-09-04T16:28:19.000,51.89,22.94,0.0,0.0,20.5,20972,42.36,-17.0,0.942
2020-09-04T16:34:20.000,53.62,22.83,0.0,0.0,20.5,20978,43.53,-19.0,0.942
2020-09-04T16:35:20.000,53.8,23.07,0.0,0.0,20.5,20979,43.73,-19.0,0.942
2020-09-04T16:36:20.000,54.02,23.29,0.0,0.0,20.5,20980,43.92,-19.0,0.942
2020-09-04T17:01:31.000,57.63,24.8,0.0,0.0,20.5,21005,48.65,-24.0,0.941
2020-09-04T17:02:32.000,58.03,25.14,0.0,0.0,20.5,21006,48.84,-24.0,0.941
2020-09-04T17:03:31.000,58.17,24.32,0.0,0.0,20.5,21007,49.01,-24.0,0.941
2020-09-04T17:05:32.000,58.45,24.79,0.0,0.0,20.5,21009,49.38,-25.0,0.941
2020-09-04T17:06:32.000,58.7,25.21,0.0,0.0,20.5,21010,49.56,-25.0,0.941
2020-09-04T17:07:32.000,58.81,24.04,0.0,0.0,20.5,21011,49.74,-25.0,0.941
2020-09-04T17:24:37.000,61.32,24.96,0.0,0.0,20.5,21028,52.73,-28.0,0.941
2020-09-04T17:25:37.000,61.31,24.63,0.0,0.0,20.5,21029,52.9,-29.0,0.941
2020-09-04T17:26:37.000,61.56,25.37,0.0,0.0,20.5,21030,53.06,-29.0,0.941
2020-09-04T17:29:38.000,61.91,25.04,0.0,0.0,20.5,21033,53.57,-29.0,0.94
2020-09-04T17:31:38.000,62.15,25.11,0.0,0.0,20.5,21035,53.9,-30.0,0.94
2020-09-04T17:33:39.000,61.85,24.06,0.0,0.0,20.5,21037,54.23,-30.0,0.94
2020-09-04T17:34:39.000,61.92,25.46,0.0,0.0,20.5,21038,54.39,-30.0,0.94
2020-09-04T17:35:39.000,62.19,25.84,0.0,0.0,20.5,21039,54.56,-31.0,0.94
2020-09-04T17:36:40.000,62.3,25.16,0.0,0.0,20.5,21040,54.72,-31.0,0.94
2020-09-04T17:39:40.000,62.48,25.36,0.0,0.0,20.5,21043,55.2,-31.0,0.94
2020-09-04T17:40:40.000,62.55,25.59,0.0,0.0,20.5,21044,55.36,-32.0,0.94
2020-09-04T17:41:41.000,62.6,25.22,0.0,0.0,20.5,21045,55.52,-32.0,0.94
2020-09-04T17:59:46.000,63.18,26.2,0.0,0.0,20.5,21063,58.2,-35.0,0.94
2020-09-04T18:00:46.000,63.49,26.1,0.0,0.0,20.5,21064,58.34,-35.0,0.939
2020-09-04T18:01:46.000,63.74,26.34,0.0,0.0,20.5,21065,58.48,-35.0,0.939
