Downloads/jupyter/ECSV/stars19/stars19_2022-06.ecsv
# %ECSV 1.0
# ---
# datatype:
# - {name: time, datatype: string}
# - {name: Enclosure Temperature, unit: deg_C, datatype: float64}
# - {name: Sky Temperature, unit: deg_C, datatype: float64}
# - {name: Frequency, unit: Hz, datatype: float64}
# - {name: MSAS, unit: mag / arcsec2, datatype: float64}
# - {name: ZP, datatype: float64}
# - {name: Sequence Number, datatype: int64}
# - {name: Sun Alt, unit: deg, datatype: float64}
# - {name: Moon Alt, unit: deg, datatype: float64}
# - {name: Moon Illumination, datatype: float64}
# delimiter: ','
# meta: !!omap
# - ida:
#     Data supplier: {affiliation: null, observer: null}
#     Device type: TESS-W
#     Field of view: 17.0
#     Filters per channel: None
#     Instrument ID: stars19
#     License: ODbL 1.0 http://opendatacommons.org/licenses/odbl/summary/
#     Local timezone: America/Phoenix
#     Location name: {country: '- Tucson', place: Tucson, region: United States, sub_region: Arizona, town: Pima County}
#     Measurement direction per channel: {azimuth: 0.0, zenital: 0.0}
#     Moving / Fixed look direction: FIXED
#     Moving / Stationary position: STATIONARY
#     Number of channels: 1
#     Number of fields per line: 8
#     Number of header lines: 35
#     Position: {height: 0.0, latitude: 32.223877, longitude: -110.767532}
#     TESS MAC address: 18:FE:34:CF:EC:06
#     TESS cover offset value: 0.0
#     TESS firmware version: '1.0'
#     TESS zero point: 20.5
#     Time Synchronization: timestamp added by MQTT subscriber
#     URL: http://www.darksky.org/NSBM/sdf1.0.pdf
# - __serialized_columns__:
#     Enclosure Temperature:
#       __class__: astropy.units.quantity.Quantity
#       unit: &id001 !astropy.units.Unit {unit: deg_C}
#       value: !astropy.table.SerializedColumn {name: Enclosure Temperature}
#     Frequency:
#       __class__: astropy.units.quantity.Quantity
#       unit: !astropy.units.Unit {unit: Hz}
#       value: !astropy.table.SerializedColumn {name: Frequency}
#     MSAS:
#       __class__: astropy.units.quantity.Quantity
#       unit: !astropy.units.Unit {unit: mag / arcsec2}
#       value: !astropy.table.SerializedColumn {name: MSAS}
#     Moon Alt:
#       __class__: astropy.units.quantity.Quantity
#       unit: &id002 !astropy.units.Unit {unit: deg}
#       value: !astropy.table.SerializedColumn {name: Moon Alt}
#     Sky Temperature:
#       __class__: astropy.units.quantity.Quantity
#       unit: *id001
#       value: !astropy.table.SerializedColumn {name: Sky Temperature}
#     Sun Alt:
#       __class__: astropy.units.quantity.Quantity
#       unit: *id002
#       value: !astropy.table.SerializedColumn {name: Sun Alt}
#     time:
#       __class__: astropy.time.core.Time
#       format: isot
#       in_subfmt: '*'
#       out_subfmt: '*'
#       precision: 3
#       scale: utc
#       value: !astropy.table.SerializedColumn {name: time}
# schema: astropy-2.0
time,Enclosure Temperature,Sky Temperature,Frequency,MSAS,ZP,Sequence Number,Sun Alt,Moon Alt,Moon Illumination
[from data line 19190]
2022-06-25T10:45:41.000,27.94,12.21,5.17,18.6,20.5,188745,-16.72,11.0,0.118
2022-06-25T10:46:41.000,27.83,12.17,5.43,18.54,20.5,188746,-16.57,12.0,0.118
2022-06-25T10:48:41.000,27.92,12.66,5.72,18.49,20.5,188748,-16.25,12.0,0.118
2022-06-25T10:49:41.000,27.94,12.62,5.9,18.45,20.5,188749,-16.1,12.0,0.118
2022-06-25T10:50:41.000,27.94,12.59,6.16,18.41,20.5,188750,-15.94,12.0,0.118
2022-06-25T10:51:41.000,27.97,12.67,6.44,18.36,20.5,188751,-15.78,13.0,0.118
2022-06-25T10:52:41.000,28.0,12.73,6.71,18.31,20.5,188752,-15.62,13.0,0.118
2022-06-25T10:53:42.000,28.04,12.84,6.91,18.28,20.5,188753,-15.46,13.0,0.118
2022-06-25T10:54:41.000,28.09,12.82,7.03,18.26,20.5,188754,-15.31,13.0,0.118
2022-06-25T10:56:48.000,28.04,12.51,7.33,18.22,20.5,188756,-14.97,14.0,0.118
2022-06-25T10:57:48.000,27.92,12.43,7.32,18.22,20.5,188757,-14.81,14.0,0.118
2022-06-25T10:58:48.000,27.85,12.6,7.2,18.24,20.5,188758,-14.65,14.0,0.118
2022-06-25T10:59:48.000,27.78,12.53,7.09,18.25,20.5,188759,-14.49,14.0,0.117
2022-06-25T11:00:48.000,27.72,12.53,7.19,18.24,20.5,188760,-14.33,14.0,0.117
2022-06-25T11:01:48.000,27.7,12.59,7.36,18.21,20.5,188761,-14.16,15.0,0.117
2022-06-25T11:02:48.000,27.65,12.37,7.5,18.19,20.5,188762,-14.0,15.0,0.117
2022-06-25T11:03:48.000,27.57,12.19,7.69,18.17,20.5,188763,-13.84,15.0,0.117
2022-06-25T11:04:48.000,27.43,11.98,7.73,18.16,20.5,188764,-13.68,15.0,0.117
2022-06-25T11:05:48.000,27.31,12.01,7.69,18.17,20.5,188765,-13.51,15.0,0.117
2022-06-25T11:06:49.000,27.19,12.04,7.67,18.17,20.5,188766,-13.35,16.0,0.117
2022-06-25T11:07:49.000,27.14,12.14,7.56,18.18,20.5,188767,-13.18,16.0,0.117
2022-06-25T11:08:49.000,27.04,11.95,7.56,18.18,20.5,188768,-13.02,16.0,0.117
2022-06-25T11:10:49.000,27.08,12.39,7.74,18.16,20.5,188770,-12.69,16.0,0.117
2022-06-25T11:11:49.000,27.13,12.42,7.74,18.16,20.5,188771,-12.52,17.0,0.117
2022-06-25T11:12:49.000,27.09,12.17,7.71,18.16,20.5,188772,-12.36,17.0,0.117
2022-06-25T11:13:49.000,27.07,12.19,7.66,18.17,20.5,188773,-12.19,17.0,0.117
2022-06-25T11:14:49.000,27.06,12.16,7.7,18.16,20.5,188774,-12.02,17.0,0.117
2022-06-25T11:15:49.000,26.97,11.96,7.83,18.15,20.5,188775,-11.86,17.0,0.117
2022-06-25T11:16:49.000,26.88,11.79,7.97,18.13,20.5,188776,-11.69,18.0,0.117
2022-06-25T11:17:49.000,26.75,11.64,8.11,18.11,20.5,188777,-11.52,18.0,0.117
2022-06-25T11:18:49.000,26.68,11.71,8.28,18.09,20.5,188778,-11.35,18.0,0.117
2022-06-25T11:19:49.000,26.62,11.66,8.31,18.08,20.5,188779,-11.18,18.0,0.117
2022-06-25T11:20:49.000,26.57,11.73,8.44,18.06,20.5,188780,-11.02,18.0,0.117
2022-06-25T11:21:49.000,26.55,11.7,8.7,18.03,20.5,188781,-10.85,19.0,0.117
2022-06-25T11:22:49.000,26.52,11.57,9.02,17.99,20.5,188782,-10.68,19.0,0.116
2022-06-25T11:24:55.000,26.48,11.75,10.14,17.87,20.5,188784,-10.32,19.0,0.116
2022-06-25T11:25:56.000,26.43,11.73,11.14,17.76,20.5,188785,-10.15,20.0,0.116
2022-06-25T11:26:56.000,26.53,12.1,12.37,17.65,20.5,188786,-9.97,20.0,0.116
2022-06-25T11:27:56.000,26.57,11.88,13.6,17.55,20.5,188787,-9.8,20.0,0.116
2022-06-25T11:28:56.000,26.55,11.78,15.06,17.44,20.5,188788,-9.63,20.0,0.116
2022-06-25T11:29:56.000,26.55,11.94,16.46,17.34,20.5,188789,-9.46,20.0,0.116
2022-06-25T11:30:56.000,26.58,12.04,18.19,17.23,20.5,188790,-9.29,21.0,0.116
2022-06-25T11:31:56.000,26.59,11.96,20.12,17.12,20.5,188791,-9.11,21.0,0.116
2022-06-25T11:33:01.000,26.57,11.94,22.18,17.02,20.5,188792,-8.93,21.0,0.116
2022-06-25T11:34:01.000,26.64,12.14,24.91,16.89,20.5,188793,-8.75,21.0,0.116
2022-06-25T11:35:01.000,26.73,12.3,28.36,16.75,20.5,188794,-8.58,21.0,0.116
2022-06-25T11:36:01.000,26.77,12.03,32.78,16.59,20.5,188795,-8.41,22.0,0.116
2022-06-25T11:37:01.000,26.75,12.04,37.84,16.44,20.5,188796,-8.23,22.0,0.116
2022-06-25T11:38:01.000,26.76,11.96,43.42,16.29,20.5,188797,-8.06,22.0,0.116
2022-06-25T11:39:01.000,26.74,12.0,48.73,16.16,20.5,188798,-7.88,22.0,0.116
2022-06-25T11:40:01.000,26.76,12.01,58.62,15.96,20.5,188799,-7.71,22.0,0.116
2022-06-25T11:41:04.000,26.76,11.93,69.36,15.78,20.5,188800,-7.52,23.0,0.116
2022-06-25T11:42:04.000,26.78,11.96,83.2,15.58,20.5,188801,-7.35,23.0,0.116
2022-06-25T11:43:04.000,26.8,12.01,99.87,15.38,20.5,188802,-7.17,23.0,0.116
2022-06-25T11:44:04.000,26.77,11.93,120.2,15.18,20.5,188803,-6.99,23.0,0.116
2022-06-25T11:45:04.000,26.76,11.94,145.17,14.98,20.5,188804,-6.82,23.0,0.116
2022-06-25T11:46:04.000,26.82,12.03,174.49,14.78,20.5,188805,-6.64,24.0,0.115
2022-06-25T11:47:04.000,26.85,11.83,211.48,14.57,20.5,188806,-6.46,24.0,0.115
2022-06-25T11:48:04.000,26.84,11.65,258.49,14.35,20.5,188807,-6.29,24.0,0.115
2022-06-25T11:49:04.000,26.82,11.59,318.07,14.13,20.5,188808,-6.11,24.0,0.115
2022-06-25T11:50:04.000,26.86,11.69,393.24,13.9,20.5,188809,-5.93,24.0,0.115
2022-06-25T11:51:04.000,26.91,11.68,488.58,13.66,20.5,188810,-5.75,25.0,0.115
2022-06-25T11:52:04.000,26.97,11.69,607.57,13.42,20.5,188811,-5.57,25.0,0.115
2022-06-25T11:53:05.000,27.03,11.54,755.1,13.19,20.5,188812,-5.39,25.0,0.115
2022-06-25T11:54:05.000,27.03,11.56,941.09,12.95,20.5,188813,-5.21,25.0,0.115
2022-06-25T11:55:05.000,27.13,11.52,1174.61,12.71,20.5,188814,-5.03,25.0,0.115
2022-06-25T11:56:05.000,27.19,11.47,1471.01,12.46,20.5,188815,-4.85,26.0,0.115
2022-06-25T11:57:05.000,27.27,11.44,1858.27,12.21,20.5,188816,-4.67,26.0,0.115
2022-06-25T11:59:11.000,27.41,11.57,3098.26,11.66,20.5,188818,-4.29,26.0,0.115
2022-06-25T12:00:12.000,27.47,11.63,4016.73,11.37,20.5,188819,-4.11,27.0,0.115
2022-06-25T12:01:12.000,27.5,11.7,5160.07,11.1,20.5,188820,-3.93,27.0,0.115
2022-06-25T12:02:12.000,27.48,11.7,6509.11,10.85,20.5,188821,-3.74,27.0,0.115
2022-06-25T12:03:12.000,27.48,11.91,8059.08,10.62,20.5,188822,-3.56,27.0,0.115
2022-06-25T12:04:12.000,27.54,12.0,9925.98,10.39,20.5,188823,-3.38,27.0,0.115
2022-06-25T12:05:12.000,27.56,11.99,12096.16,10.17,20.5,188824,-3.2,28.0,0.115
2022-06-25T12:06:12.000,27.6,11.97,14500.76,9.98,20.5,188825,-3.02,28.0,0.115
2022-06-25T12:07:12.000,27.6,11.92,17320.24,9.79,20.5,188826,-2.83,28.0,0.115
2022-06-25T12:08:12.000,27.62,12.02,20719.51,9.59,20.5,188827,-2.65,28.0,0.115
2022-06-25T12:09:12.000,27.68,12.01,23885.87,9.66,20.5,188828,-2.47,28.0,0.114
2022-06-25T12:10:12.000,27.66,11.85,29224.97,9.22,20.5,188829,-2.28,29.0,0.114
2022-06-25T12:11:12.000,27.59,12.08,33640.91,9.13,20.5,188830,-2.1,29.0,0.114
2022-06-25T12:12:12.000,27.6,12.41,38860.16,8.91,20.5,188831,-1.91,29.0,0.114
2022-06-25T12:13:12.000,27.64,12.64,43521.6,8.78,20.5,188832,-1.73,29.0,0.114
2022-06-25T12:14:13.000,27.69,12.76,48256.36,8.67,20.5,188833,-1.54,29.0,0.114
2022-06-25T12:15:13.000,27.72,12.85,53563.11,8.56,20.5,188834,-1.36,30.0,0.114
2022-06-25T12:16:13.000,27.71,12.71,59590.18,8.44,20.5,188835,-1.17,30.0,0.114
2022-06-25T12:17:13.000,27.71,12.95,21534.45,2.82,20.5,188836,-0.99,30.0,0.114
2022-06-25T12:18:13.000,27.75,13.02,0.0,0.0,20.5,188837,-0.8,30.0,0.114
2022-06-25T12:19:13.000,27.81,13.04,0.0,0.0,20.5,188838,-0.62,30.0,0.114
2022-06-25T12:20:13.000,27.82,12.96,0.0,0.0,20.5,188839,-0.43,31.0,0.114
2022-06-25T12:29:13.000,27.89,13.05,0.0,0.0,20.5,188848,1.26,33.0,0.114
2022-06-25T12:30:14.000,27.89,13.02,0.0,0.0,20.5,188849,1.45,33.0,0.114
2022-06-25T12:31:14.000,27.87,12.95,0.0,0.0,20.5,188850,1.64,33.0,0.114
2022-06-25T12:33:19.000,27.82,12.65,0.0,0.0,20.5,188852,2.03,33.0,0.113
2022-06-25T12:34:19.000,27.79,12.76,0.0,0.0,20.5,188853,2.22,34.0,0.113
2022-06-25T12:35:19.000,27.79,12.66,0.0,0.0,20.5,188854,2.41,34.0,0.113
2022-06-25T12:36:19.000,27.7,12.46,0.0,0.0,20.5,188855,2.6,34.0,0.113
2022-06-25T12:37:19.000,27.7,12.6,0.0,0.0,20.5,188856,2.79,34.0,0.113
2022-06-25T12:38:19.000,27.65,12.51,0.0,0.0,20.5,188857,2.98,34.0,0.113
2022-06-25T12:40:19.000,27.57,12.4,0.0,0.0,20.5,188859,3.36,35.0,0.113
2022-06-25T12:41:20.000,27.52,12.26,0.0,0.0,20.5,188860,3.55,35.0,0.113
2022-06-25T12:42:20.000,27.5,12.2,0.0,0.0,20.5,188861,3.74,35.0,0.113
2022-06-25T12:53:21.000,27.44,12.51,0.0,0.0,20.5,188872,5.86,38.0,0.113
2022-06-25T12:54:21.000,27.53,12.46,0.0,0.0,20.5,188873,6.05,38.0,0.113
2022-06-25T12:55:21.000,27.63,12.5,0.0,0.0,20.5,188874,6.25,38.0,0.113
2022-06-25T12:57:26.000,27.75,12.36,0.0,0.0,20.5,188876,6.65,38.0,0.112
2022-06-25T12:58:27.000,27.82,12.56,0.0,0.0,20.5,188877,6.85,39.0,0.112
2022-06-25T13:00:28.000,28.01,12.58,0.0,0.0,20.5,188879,7.24,39.0,0.112
2022-06-25T13:01:28.000,28.07,12.47,0.0,0.0,20.5,188880,7.43,39.0,0.112
2022-06-25T13:02:28.000,28.04,12.11,0.0,0.0,20.5,188881,7.63,39.0,0.112
2022-06-25T13:56:32.000,29.06,14.59,0.0,0.0,20.5,188935,18.39,51.0,0.11
2022-06-25T13:57:32.000,29.12,14.54,0.0,0.0,20.5,188936,18.59,51.0,0.11
2022-06-25T13:58:33.000,29.15,14.43,0.0,0.0,20.5,188937,18.8,51.0,0.11
2022-06-25T14:00:38.000,29.2,14.26,0.0,0.0,20.5,188939,19.22,52.0,0.11
2022-06-25T14:01:38.000,29.27,14.27,0.0,0.0,20.5,188940,19.42,52.0,0.11
2022-06-25T14:02:38.000,29.35,14.08,0.0,0.0,20.5,188941,19.63,52.0,0.11
2022-06-25T14:03:38.000,29.38,13.8,0.0,0.0,20.5,188942,19.83,52.0,0.11
2022-06-25T14:05:39.000,29.46,13.37,0.0,0.0,20.5,188944,20.24,53.0,0.11
2022-06-25T14:06:39.000,29.42,13.07,0.0,0.0,20.5,188945,20.44,53.0,0.11
2022-06-25T14:07:39.000,29.5,13.32,0.0,0.0,20.5,188946,20.65,53.0,0.109
2022-06-25T14:22:40.000,30.49,12.66,0.0,0.0,20.5,188961,23.72,56.0,0.109
2022-06-25T14:23:40.000,30.51,12.93,0.0,0.0,20.5,188962,23.93,56.0,0.109
2022-06-25T14:24:40.000,30.55,13.23,0.0,0.0,20.5,188963,24.13,56.0,0.109
2022-06-25T14:26:40.000,30.63,13.32,0.0,0.0,20.5,188965,24.55,57.0,0.109
2022-06-25T14:28:40.000,30.83,13.68,0.0,0.0,20.5,188967,24.96,57.0,0.109
2022-06-25T14:29:40.000,30.92,13.98,0.0,0.0,20.5,188968,25.16,57.0,0.109
2022-06-25T14:30:40.000,31.07,14.38,0.0,0.0,20.5,188969,25.37,58.0,0.109
2022-06-25T14:31:40.000,31.17,14.68,0.0,0.0,20.5,188970,25.58,58.0,0.108
2022-06-25T14:34:47.000,31.55,15.93,0.0,0.0,20.5,188973,26.22,59.0,0.108
2022-06-25T14:35:47.000,31.71,16.42,0.0,0.0,20.5,188974,26.43,59.0,0.108
2022-06-25T14:36:47.000,31.87,16.64,0.0,0.0,20.5,188975,26.63,59.0,0.108
2022-06-25T15:18:51.000,36.12,20.01,0.0,0.0,20.5,189017,35.4,67.0,0.107
2022-06-25T15:19:51.000,36.22,20.0,0.0,0.0,20.5,189018,35.61,67.0,0.106
2022-06-25T15:20:51.000,36.23,19.45,0.0,0.0,20.5,189019,35.82,67.0,0.106
2022-06-25T15:22:51.000,36.03,19.48,0.0,0.0,20.5,189021,36.24,68.0,0.106
2022-06-25T15:24:57.000,36.34,19.89,0.0,0.0,20.5,189023,36.68,68.0,0.106
2022-06-25T15:25:57.000,36.18,18.92,0.0,0.0,20.5,189024,36.89,68.0,0.106
2022-06-25T15:26:57.000,36.05,19.38,0.0,0.0,20.5,189025,37.1,69.0,0.106
2022-06-25T15:39:00.000,36.27,19.87,0.0,0.0,20.5,189037,39.64,71.0,0.106
2022-06-25T15:40:00.000,36.31,18.75,0.0,0.0,20.5,189038,39.85,71.0,0.106
2022-06-25T15:41:00.000,36.2,19.45,0.0,0.0,20.5,189039,40.06,71.0,0.106
2022-06-25T15:43:00.000,36.53,19.43,0.0,0.0,20.5,189041,40.48,71.0,0.106
2022-06-25T15:44:00.000,36.72,20.16,0.0,0.0,20.5,189042,40.69,71.0,0.105
2022-06-25T15:45:00.000,37.25,21.39,0.0,0.0,20.5,189043,40.9,72.0,0.105
2022-06-25T15:55:01.000,37.83,17.86,0.0,0.0,20.5,189053,43.01,73.0,0.105
2022-06-25T15:56:01.000,37.74,17.83,0.0,0.0,20.5,189054,43.23,73.0,0.105
2022-06-25T15:57:02.000,37.8,18.76,0.0,0.0,20.5,189055,43.44,73.0,0.105
2022-06-25T15:59:08.000,38.27,19.74,0.0,0.0,20.5,189057,43.88,74.0,0.105
2022-06-25T16:00:09.000,38.46,19.92,0.0,0.0,20.5,189058,44.1,74.0,0.105
2022-06-25T16:01:09.000,38.53,19.57,0.0,0.0,20.5,189059,44.31,74.0,0.105
2022-06-25T16:03:09.000,38.95,20.86,0.0,0.0,20.5,189061,44.73,74.0,0.105
2022-06-25T16:04:09.000,39.65,22.26,0.0,0.0,20.5,189062,44.94,74.0,0.105
2022-06-25T16:05:09.000,40.46,23.17,0.0,0.0,20.5,189063,45.16,75.0,0.105
2022-06-25T16:26:11.000,42.52,18.01,0.0,0.0,20.5,189084,49.6,77.0,0.104
2022-06-25T16:27:11.000,42.33,18.18,0.0,0.0,20.5,189085,49.81,77.0,0.104
2022-06-25T16:28:11.000,42.27,17.65,0.0,0.0,20.5,189086,50.03,77.0,0.104
2022-06-25T16:30:17.000,41.17,16.34,0.0,0.0,20.5,189088,50.47,77.0,0.104
2022-06-25T16:32:22.000,40.42,16.37,0.0,0.0,20.5,189090,50.91,77.0,0.104
2022-06-25T16:33:23.000,40.11,16.39,0.0,0.0,20.5,189091,51.12,77.0,0.103
2022-06-25T16:34:23.000,40.11,17.31,0.0,0.0,20.5,189092,51.34,77.0,0.103
2022-06-25T17:23:31.000,40.98,23.29,0.0,0.0,20.5,189141,61.66,75.0,0.101
2022-06-25T17:24:31.000,41.07,23.11,0.0,0.0,20.5,189142,61.87,75.0,0.101
2022-06-25T17:25:31.000,41.13,23.08,0.0,0.0,20.5,189143,62.07,75.0,0.101
2022-06-25T17:27:36.000,41.41,23.15,0.0,0.0,20.5,189145,62.51,74.0,0.101
2022-06-25T17:28:36.000,41.39,23.07,0.0,0.0,20.5,189146,62.71,74.0,0.101
2022-06-25T17:29:36.000,41.45,23.31,0.0,0.0,20.5,189147,62.92,74.0,0.101
2022-06-25T17:32:37.000,41.64,23.3,0.0,0.0,20.5,189150,63.55,74.0,0.101
2022-06-25T17:33:38.000,41.65,23.27,0.0,0.0,20.5,189151,63.76,74.0,0.101
2022-06-25T17:34:38.000,41.53,23.05,0.0,0.0,20.5,189152,63.96,73.0,0.101
2022-06-25T17:36:37.000,41.56,23.35,0.0,0.0,20.5,189154,64.37,73.0,0.101
2022-06-25T17:37:37.000,41.38,22.7,0.0,0.0,20.5,189155,64.58,73.0,0.101
2022-06-25T17:38:37.000,41.24,23.26,0.0,0.0,20.5,189156,64.78,73.0,0.101
2022-06-25T18:23:41.000,39.86,22.77,0.0,0.0,20.5,189201,73.68,65.0,0.099
2022-06-25T18:24:42.000,39.85,22.81,0.0,0.0,20.5,189202,73.87,65.0,0.099
2022-06-25T18:25:41.000,39.86,22.8,0.0,0.0,20.5,189203,74.05,65.0,0.099
2022-06-25T18:27:42.000,39.87,22.7,0.0,0.0,20.5,189205,74.42,64.0,0.099
2022-06-25T18:29:42.000,39.92,22.71,0.0,0.0,20.5,189207,74.78,64.0,0.099
2022-06-25T18:30:42.000,39.9,22.81,0.0,0.0,20.5,189208,74.96,64.0,0.099
2022-06-25T18:31:42.000,39.89,22.82,0.0,0.0,20.5,189209,75.14,64.0,0.099
2022-06-25T18:44:43.000,39.86,22.57,0.0,0.0,20.5,189222,77.33,61.0,0.098
2022-06-25T18:45:43.000,39.85,23.03,0.0,0.0,20.5,189223,77.48,61.0,0.098
2022-06-25T18:46:43.000,39.94,23.2,0.0,0.0,20.5,189224,77.64,61.0,0.098
2022-06-25T18:48:44.000,40.08,23.19,0.0,0.0,20.5,189226,77.94,60.0,0.098
2022-06-25T18:49:44.000,40.17,23.28,0.0,0.0,20.5,189227,78.09,60.0,0.098
2022-06-25T18:50:44.000,40.32,23.73,0.0,0.0,20.5,189228,78.24,60.0,0.098
2022-06-25T18:51:44.000,40.58,24.06,0.0,0.0,20.5,189229,78.38,60.0,0.098
2022-06-25T18:52:44.000,40.89,24.85,0.0,0.0,20.5,189230,78.52,59.0,0.098
2022-06-25T18:53:44.000,41.52,26.38,0.0,0.0,20.5,189231,78.66,59.0,0.098
2022-06-25T18:56:44.000,42.8,24.85,0.0,0.0,20.5,189234,79.06,59.0,0.098
2022-06-25T18:57:44.000,42.91,24.27,0.0,0.0,20.5,189235,79.19,58.0,0.098
2022-06-25T18:58:47.000,42.81,23.58,0.0,0.0,20.5,189236,79.32,58.0,0.098
2022-06-25T19:07:48.000,44.22,24.1,0.0,0.0,20.5,189245,80.29,56.0,0.097
2022-06-25T19:08:49.000,44.21,24.21,0.0,0.0,20.5,189246,80.38,56.0,0.097
2022-06-25T19:09:48.000,44.22,24.07,0.0,0.0,20.5,189247,80.47,56.0,0.097
2022-06-25T19:11:49.000,44.44,24.42,0.0,0.0,20.5,189249,80.62,56.0,0.097
2022-06-25T19:12:49.000,44.43,24.25,0.0,0.0,20.5,189250,80.69,55.0,0.097
2022-06-25T19:14:49.000,44.3,23.84,0.0,0.0,20.5,189252,80.82,55.0,0.097
2022-06-25T19:15:49.000,44.25,24.05,0.0,0.0,20.5,189253,80.88,55.0,0.097
2022-06-25T19:16:49.000,44.12,23.68,0.0,0.0,20.5,189254,80.93,55.0,0.097
2022-06-25T19:18:49.000,44.06,24.13,0.0,0.0,20.5,189256,81.01,54.0,0.097
2022-06-25T19:19:49.000,44.0,24.14,0.0,0.0,20.5,189257,81.05,54.0,0.097
2022-06-25T19:20:50.000,43.94,24.22,0.0,0.0,20.5,189258,81.08,54.0,0.097
2022-06-25T19:22:56.000,43.23,22.87,0.0,0.0,20.5,189260,81.12,53.0,0.097
2022-06-25T19:27:02.000,42.41,23.2,0.0,0.0,20.5,189264,81.14,53.0,0.096
2022-06-25T19:28:02.000,42.25,23.4,0.0,0.0,20.5,189265,81.13,52.0,0.096
2022-06-25T19:29:02.000,42.24,24.03,0.0,0.0,20.5,189266,81.12,52.0,0.096
2022-06-25T19:30:02.000,42.14,23.51,0.0,0.0,20.5,189267,81.1,52.0,0.096
2022-06-25T19:32:02.000,41.97,23.28,0.0,0.0,20.5,189269,81.04,52.0,0.096
2022-06-25T19:33:10.000,41.66,23.07,0.0,0.0,20.5,189270,81.0,51.0,0.096
2022-06-25T19:34:17.000,41.39,23.12,0.0,0.0,20.5,189271,80.95,51.0,0.096
2022-06-25T19:55:18.000,40.96,23.72,0.0,0.0,20.5,189292,79.01,47.0,0.095
2022-06-25T19:56:18.000,40.92,23.81,0.0,0.0,20.5,189293,78.88,47.0,0.095
2022-06-25T19:57:18.000,40.8,23.19,0.0,0.0,20.5,189294,78.75,46.0,0.095
2022-06-25T19:59:30.000,40.78,24.32,0.0,0.0,20.5,189296,78.44,46.0,0.095
