Downloads/jupyter/ECSV/stars19/stars19_2022-04.ecsv
# %ECSV 1.0
# ---
# datatype:
# - {name: time, datatype: string}
# - {name: Enclosure Temperature, unit: deg_C, datatype: float64}
# - {name: Sky Temperature, unit: deg_C, datatype: float64}
# - {name: Frequency, unit: Hz, datatype: float64}
# - {name: MSAS, unit: mag / arcsec2, datatype: float64}
# - {name: ZP, datatype: float64}
# - {name: Sequence Number, datatype: int64}
# - {name: Sun Alt, unit: deg, datatype: float64}
# - {name: Moon Alt, unit: deg, datatype: float64}
# - {name: Moon Illumination, datatype: float64}
# delimiter: ','
# meta: !!omap
# - ida:
#     Data supplier: {affiliation: null, observer: null}
#     Device type: TESS-W
#     Field of view: 17.0
#     Filters per channel: None
#     Instrument ID: stars19
#     License: ODbL 1.0 http://opendatacommons.org/licenses/odbl/summary/
#     Local timezone: America/Phoenix
#     Location name: {country: '- Tucson', place: Tucson, region: United States, sub_region: Arizona, town: Pima County}
#     Measurement direction per channel: {azimuth: 0.0, zenital: 0.0}
#     Moving / Fixed look direction: FIXED
#     Moving / Stationary position: STATIONARY
#     Number of channels: 1
#     Number of fields per line: 8
#     Number of header lines: 35
#     Position: {height: 0.0, latitude: 32.223877, longitude: -110.767532}
#     TESS MAC address: 18:FE:34:CF:EC:06
#     TESS cover offset value: 0.0
#     TESS firmware version: '1.0'
#     TESS zero point: 20.5
#     Time Synchronization: timestamp added by MQTT subscriber
#     URL: http://www.darksky.org/NSBM/sdf1.0.pdf
# - __serialized_columns__:
#     Enclosure Temperature:
#       __class__: astropy.units.quantity.Quantity
#       unit: &id001 !astropy.units.Unit {unit: deg_C}
#       value: !astropy.table.SerializedColumn {name: Enclosure Temperature}
#     Frequency:
#       __class__: astropy.units.quantity.Quantity
#       unit: !astropy.units.Unit {unit: Hz}
#       value: !astropy.table.SerializedColumn {name: Frequency}
#     MSAS:
#       __class__: astropy.units.quantity.Quantity
#       unit: !astropy.units.Unit {unit: mag / arcsec2}
#       value: !astropy.table.SerializedColumn {name: MSAS}
#     Moon Alt:
#       __class__: astropy.units.quantity.Quantity
#       unit: &id002 !astropy.units.Unit {unit: deg}
#       value: !astropy.table.SerializedColumn {name: Moon Alt}
#     Sky Temperature:
#       __class__: astropy.units.quantity.Quantity
#       unit: *id001
#       value: !astropy.table.SerializedColumn {name: Sky Temperature}
#     Sun Alt:
#       __class__: astropy.units.quantity.Quantity
#       unit: *id002
#       value: !astropy.table.SerializedColumn {name: Sun Alt}
#     time:
#       __class__: astropy.time.core.Time
#       format: isot
#       in_subfmt: '*'
#       out_subfmt: '*'
#       precision: 3
#       scale: utc
#       value: !astropy.table.SerializedColumn {name: time}
# schema: astropy-2.0
time,Enclosure Temperature,Sky Temperature,Frequency,MSAS,ZP,Sequence Number,Sun Alt,Moon Alt,Moon Illumination
[from data line 861]
2022-04-02T02:02:54.000,29.83,-0.05,1762.07,12.27,20.5,69105,-5.0,3.0,0.008
2022-04-02T02:03:54.000,29.72,-0.29,1361.66,12.55,20.5,69106,-5.21,3.0,0.008
2022-04-02T02:04:54.000,29.56,-0.36,1050.89,12.83,20.5,69107,-5.42,3.0,0.008
2022-04-02T02:05:54.000,29.45,-0.25,809.24,13.11,20.5,69108,-5.63,3.0,0.008
2022-04-02T02:06:55.000,29.4,-0.14,622.98,13.4,20.5,69109,-5.84,2.0,0.008
2022-04-02T02:07:55.000,29.32,-0.26,479.15,13.68,20.5,69110,-6.05,2.0,0.008
2022-04-02T02:13:56.000,29.04,-0.49,101.93,15.36,20.5,69116,-7.3,1.0,0.008
2022-04-02T02:14:56.000,28.98,-0.49,79.46,15.63,20.5,69117,-7.51,1.0,0.008
2022-04-02T02:15:56.000,28.93,-0.63,62.32,15.9,20.5,69118,-7.71,1.0,0.008
2022-04-02T02:16:56.000,28.84,-0.6,47.91,16.18,20.5,69119,-7.92,0.0,0.008
2022-04-02T02:17:57.000,28.75,-0.92,39.64,16.39,20.5,69120,-8.13,0.0,0.008
2022-04-02T02:18:57.000,28.63,-1.09,31.73,16.63,20.5,69121,-8.34,0.0,0.008
2022-04-02T02:19:57.000,28.51,-1.05,25.83,16.85,20.5,69122,-8.55,-0.0,0.008
2022-04-02T02:20:58.000,28.47,-0.96,21.08,17.07,20.5,69123,-8.76,-0.0,0.008
2022-04-02T02:21:58.000,28.45,-0.84,17.37,17.28,20.5,69124,-8.96,-1.0,0.008
2022-04-02T02:22:58.000,28.42,-1.0,14.57,17.47,20.5,69125,-9.17,-1.0,0.008
2022-04-02T02:25:04.000,28.39,-0.93,10.19,17.86,20.5,69127,-9.61,-1.0,0.008
2022-04-02T02:26:04.000,28.34,-0.98,8.6,18.04,20.5,69128,-9.81,-1.0,0.008
2022-04-02T02:28:11.000,28.24,-1.15,6.2,18.4,20.5,69130,-10.25,-2.0,0.008
2022-04-02T02:29:11.000,28.19,-1.1,5.36,18.56,20.5,69131,-10.46,-2.0,0.008
2022-04-02T02:30:11.000,28.12,-1.22,4.69,18.7,20.5,69132,-10.66,-2.0,0.008
2022-04-02T02:31:11.000,28.06,-1.22,4.14,18.84,20.5,69133,-10.87,-2.0,0.008
2022-04-02T02:38:12.000,27.69,-1.37,2.24,19.51,20.5,69140,-12.31,-4.0,0.008
2022-04-02T02:39:12.000,27.61,-1.48,2.12,19.56,20.5,69141,-12.52,-4.0,0.008
2022-04-02T02:42:13.000,27.25,-1.89,1.88,19.69,20.5,69144,-13.13,-5.0,0.008
2022-04-02T02:43:13.000,27.13,-1.79,1.83,19.72,20.5,69145,-13.34,-5.0,0.008
2022-04-02T02:44:13.000,27.06,-1.61,1.78,19.75,20.5,69146,-13.54,-5.0,0.008
2022-04-02T02:45:14.000,27.0,-1.64,1.74,19.78,20.5,69147,-13.75,-5.0,0.008
2022-04-02T02:47:15.000,26.89,-1.81,1.74,19.78,20.5,69149,-14.16,-6.0,0.008
2022-04-02T02:48:15.000,26.81,-1.96,1.67,19.83,20.5,69150,-14.37,-6.0,0.008
2022-04-02T02:49:15.000,26.75,-1.83,1.65,19.84,20.5,69151,-14.57,-6.0,0.008
2022-04-02T02:50:15.000,26.75,-1.76,1.63,19.85,20.5,69152,-14.77,-6.0,0.008
2022-04-02T02:51:15.000,26.74,-1.82,1.62,19.86,20.5,69153,-14.98,-6.0,0.008
2022-04-02T02:52:16.000,26.74,-1.74,1.61,19.86,20.5,69154,-15.18,-7.0,0.008
2022-04-02T02:53:16.000,26.77,-1.7,1.6,19.87,20.5,69155,-15.39,-7.0,0.009
2022-04-02T02:54:16.000,26.8,-1.76,1.59,19.88,20.5,69156,-15.59,-7.0,0.009
2022-04-02T02:55:16.000,26.82,-1.74,1.6,19.87,20.5,69157,-15.79,-7.0,0.009
2022-04-02T02:56:16.000,26.81,-1.98,1.61,19.86,20.5,69158,-16.0,-7.0,0.009
2022-04-02T02:57:17.000,26.72,-2.33,1.6,19.87,20.5,69159,-16.2,-8.0,0.009
2022-04-02T02:58:17.000,26.7,-2.19,1.6,19.87,20.5,69160,-16.4,-8.0,0.009
2022-04-02T02:59:18.000,26.7,-2.11,1.59,19.87,20.5,69161,-16.61,-8.0,0.009
2022-04-02T03:00:19.000,26.71,-2.07,1.59,19.88,20.5,69162,-16.81,-8.0,0.009
2022-04-02T03:01:19.000,26.69,-2.01,1.58,19.88,20.5,69163,-17.02,-8.0,0.009
2022-04-02T03:02:20.000,26.67,-2.11,1.58,19.88,20.5,69164,-17.22,-9.0,0.009
2022-04-02T03:03:20.000,26.64,-2.17,1.58,19.88,20.5,69165,-17.42,-9.0,0.009
2022-04-02T03:04:20.000,26.6,-2.1,1.58,19.88,20.5,69166,-17.62,-9.0,0.009
2022-04-02T03:16:21.000,26.14,-2.83,1.51,19.93,20.5,69178,-20.03,-11.0,0.009
2022-04-02T03:18:22.000,25.87,-2.99,1.54,19.91,20.5,69180,-20.43,-12.0,0.009
2022-04-02T03:19:23.000,25.7,-3.14,1.54,19.91,20.5,69181,-20.63,-12.0,0.009
2022-04-02T03:20:23.000,25.51,-3.17,1.54,19.91,20.5,69182,-20.83,-12.0,0.009
2022-04-02T03:21:23.000,25.38,-3.12,1.54,19.91,20.5,69183,-21.03,-12.0,0.009
2022-04-02T03:22:23.000,25.22,-3.26,1.54,19.91,20.5,69184,-21.23,-13.0,0.009
2022-04-02T03:23:23.000,25.09,-3.18,1.55,19.91,20.5,69185,-21.42,-13.0,0.009
2022-04-02T03:24:25.000,24.97,-3.02,1.54,19.91,20.5,69186,-21.63,-13.0,0.009
2022-04-02T03:25:25.000,24.94,-2.9,1.53,19.92,20.5,69187,-21.83,-13.0,0.009
2022-04-02T03:26:26.000,24.91,-2.84,1.53,19.92,20.5,69188,-22.03,-13.0,0.009
2022-04-02T03:27:26.000,24.8,-3.19,1.53,19.92,20.5,69189,-22.22,-14.0,0.009
2022-04-02T03:28:26.000,24.66,-3.45,1.54,19.91,20.5,69190,-22.42,-14.0,0.009
2022-04-02T03:29:26.000,24.56,-3.29,1.53,19.92,20.5,69191,-22.62,-14.0,0.009
2022-04-02T03:30:27.000,24.49,-3.19,1.53,19.92,20.5,69192,-22.81,-14.0,0.009
2022-04-02T03:31:27.000,24.45,-3.19,1.53,19.92,20.5,69193,-23.01,-14.0,0.009
2022-04-02T03:32:27.000,24.4,-3.19,1.53,19.92,20.5,69194,-23.21,-15.0,0.009
2022-04-02T03:33:27.000,24.35,-3.29,1.53,19.92,20.5,69195,-23.4,-15.0,0.009
2022-04-02T03:34:27.000,24.23,-3.39,1.53,19.92,20.5,69196,-23.6,-15.0,0.009
2022-04-02T03:35:28.000,24.08,-3.52,1.52,19.92,20.5,69197,-23.79,-15.0,0.009
2022-04-02T03:36:28.000,23.94,-3.44,1.52,19.92,20.5,69198,-23.99,-15.0,0.009
2022-04-02T03:37:28.000,23.83,-3.26,1.52,19.92,20.5,69199,-24.18,-16.0,0.009
2022-04-02T03:38:28.000,23.77,-3.07,1.52,19.92,20.5,69200,-24.38,-16.0,0.009
2022-04-02T03:39:28.000,23.78,-3.02,1.52,19.93,20.5,69201,-24.57,-16.0,0.009
2022-04-02T03:40:31.000,23.74,-3.2,1.52,19.93,20.5,69202,-24.78,-16.0,0.009
2022-04-02T03:41:31.000,23.73,-3.11,1.52,19.93,20.5,69203,-24.97,-16.0,0.009
2022-04-02T03:42:32.000,23.71,-3.23,1.52,19.93,20.5,69204,-25.17,-16.0,0.009
2022-04-02T03:43:31.000,23.73,-3.07,1.51,19.93,20.5,69205,-25.35,-17.0,0.009
2022-04-02T03:44:31.000,23.78,-3.05,1.51,19.93,20.5,69206,-25.55,-17.0,0.009
2022-04-02T03:45:32.000,23.87,-2.98,1.51,19.93,20.5,69207,-25.74,-17.0,0.009
2022-04-02T03:46:32.000,23.94,-2.93,1.51,19.93,20.5,69208,-25.94,-17.0,0.009
2022-04-02T03:47:32.000,23.97,-3.2,1.51,19.93,20.5,69209,-26.13,-17.0,0.009
2022-04-02T03:48:32.000,23.91,-3.32,1.57,19.89,20.5,69210,-26.32,-18.0,0.009
2022-04-02T03:49:32.000,23.92,-3.3,1.51,19.93,20.5,69211,-26.51,-18.0,0.009
2022-04-02T03:50:32.000,23.91,-3.41,1.51,19.94,20.5,69212,-26.7,-18.0,0.009
2022-04-02T03:51:33.000,23.9,-3.4,1.51,19.93,20.5,69213,-26.89,-18.0,0.009
2022-04-02T03:52:33.000,23.86,-3.47,1.51,19.94,20.5,69214,-27.08,-18.0,0.009
2022-04-02T03:53:33.000,23.83,-3.4,1.51,19.94,20.5,69215,-27.27,-19.0,0.009
2022-04-02T03:54:34.000,23.73,-3.73,1.5,19.94,20.5,69216,-27.47,-19.0,0.009
2022-04-02T03:55:34.000,23.58,-3.88,1.51,19.94,20.5,69217,-27.66,-19.0,0.009
2022-04-02T03:56:34.000,23.42,-4.05,1.6,19.87,20.5,69218,-27.85,-19.0,0.009
2022-04-02T03:57:34.000,23.24,-4.15,1.64,19.85,20.5,69219,-28.04,-19.0,0.009
2022-04-02T03:58:35.000,23.18,-3.74,1.89,19.72,20.5,69220,-28.23,-20.0,0.009
2022-04-02T03:59:35.000,23.13,-3.79,1.52,19.93,20.5,69221,-28.42,-20.0,0.009
2022-04-02T04:00:35.000,23.06,-3.66,1.5,19.94,20.5,69222,-28.6,-20.0,0.009
2022-04-02T04:01:36.000,23.07,-3.5,1.5,19.94,20.5,69223,-28.79,-20.0,0.009
2022-04-02T04:02:37.000,23.05,-3.54,1.5,19.94,20.5,69224,-28.98,-20.0,0.009
2022-04-02T04:03:37.000,23.05,-3.46,1.5,19.94,20.5,69225,-29.17,-20.0,0.009
2022-04-02T04:04:44.000,23.08,-3.39,1.49,19.94,20.5,69226,-29.38,-21.0,0.009
2022-04-02T04:05:50.000,23.09,-3.65,1.49,19.94,20.5,69227,-29.58,-21.0,0.009
2022-04-02T04:06:51.000,23.05,-3.71,1.51,19.93,20.5,69228,-29.77,-21.0,0.009
2022-04-02T04:07:51.000,23.04,-3.65,1.49,19.95,20.5,69229,-29.96,-21.0,0.009
2022-04-02T04:08:51.000,23.01,-3.75,1.49,19.95,20.5,69230,-30.14,-21.0,0.009
2022-04-02T04:09:51.000,23.0,-3.62,1.5,19.94,20.5,69231,-30.33,-22.0,0.009
2022-04-02T04:10:51.000,23.03,-3.53,1.51,19.94,20.5,69232,-30.51,-22.0,0.01
2022-04-02T04:11:52.000,23.01,-3.76,1.5,19.94,20.5,69233,-30.7,-22.0,0.01
2022-04-02T04:12:52.000,23.01,-3.68,1.5,19.94,20.5,69234,-30.89,-22.0,0.01
2022-04-02T04:13:52.000,22.99,-3.75,1.5,19.94,20.5,69235,-31.07,-22.0,0.01
2022-04-02T04:14:52.000,22.95,-3.87,1.49,19.95,20.5,69236,-31.25,-23.0,0.01
2022-04-02T04:15:52.000,22.85,-4.12,1.49,19.95,20.5,69237,-31.43,-23.0,0.01
2022-04-02T04:16:53.000,22.71,-4.23,1.5,19.94,20.5,69238,-31.62,-23.0,0.01
2022-04-02T04:17:53.000,22.56,-4.24,1.5,19.94,20.5,69239,-31.8,-23.0,0.01
2022-04-02T04:18:54.000,22.46,-4.04,1.5,19.94,20.5,69240,-31.99,-23.0,0.01
2022-04-02T04:19:54.000,22.34,-4.07,1.49,19.95,20.5,69241,-32.17,-23.0,0.01
2022-04-02T04:20:54.000,22.23,-4.02,1.5,19.94,20.5,69242,-32.35,-24.0,0.01
2022-04-02T04:21:55.000,22.16,-3.89,1.5,19.94,20.5,69243,-32.53,-24.0,0.01
2022-04-02T04:22:55.000,22.07,-3.92,1.5,19.94,20.5,69244,-32.71,-24.0,0.01
2022-04-02T04:23:55.000,22.0,-3.91,1.49,19.94,20.5,69245,-32.89,-24.0,0.01
2022-04-02T04:25:55.000,21.92,-3.64,1.49,19.95,20.5,69247,-33.25,-25.0,0.01
2022-04-02T04:26:55.000,21.9,-3.64,1.49,19.95,20.5,69248,-33.43,-25.0,0.01
2022-04-02T04:28:56.000,21.89,-3.58,1.49,19.95,20.5,69250,-33.79,-25.0,0.01
2022-04-02T04:29:56.000,21.87,-3.57,1.52,19.93,20.5,69251,-33.96,-25.0,0.01
2022-04-02T04:30:56.000,21.87,-3.52,1.48,19.96,20.5,69252,-34.14,-25.0,0.01
2022-04-02T04:31:57.000,21.92,-3.42,1.47,19.96,20.5,69253,-34.32,-26.0,0.01
2022-04-02T04:32:57.000,21.94,-3.39,1.47,19.96,20.5,69254,-34.5,-26.0,0.01
2022-04-02T04:33:57.000,21.96,-3.4,1.47,19.96,20.5,69255,-34.67,-26.0,0.01
2022-04-02T04:34:57.000,21.98,-3.33,1.47,19.96,20.5,69256,-34.85,-26.0,0.01
2022-04-02T04:35:57.000,22.01,-3.34,1.47,19.96,20.5,69257,-35.02,-26.0,0.01
2022-04-02T04:36:58.000,22.02,-3.33,1.47,19.96,20.5,69258,-35.2,-27.0,0.01
2022-04-02T04:37:58.000,22.01,-3.39,1.47,19.96,20.5,69259,-35.37,-27.0,0.01
2022-04-02T04:38:59.000,22.02,-3.33,1.47,19.96,20.5,69260,-35.55,-27.0,0.01
2022-04-02T04:48:06.000,22.33,-3.4,1.44,19.98,20.5,69269,-37.1,-29.0,0.01
2022-04-02T04:49:06.000,22.36,-3.31,1.44,19.99,20.5,69270,-37.27,-29.0,0.01
2022-04-02T04:50:06.000,22.37,-3.54,1.44,19.99,20.5,69271,-37.44,-29.0,0.01
2022-04-02T04:51:06.000,22.39,-3.45,1.44,19.99,20.5,69272,-37.61,-29.0,0.01
2022-04-02T04:52:06.000,22.38,-3.56,1.44,19.99,20.5,69273,-37.77,-29.0,0.01
2022-04-02T04:53:07.000,22.42,-3.43,1.44,19.99,20.5,69274,-37.94,-29.0,0.01
2022-04-02T04:54:07.000,22.45,-3.45,1.43,19.99,20.5,69275,-38.11,-30.0,0.01
2022-04-02T04:55:07.000,22.5,-3.39,1.44,19.99,20.5,69276,-38.27,-30.0,0.01
2022-04-02T04:56:07.000,22.52,-3.41,1.45,19.98,20.5,69277,-38.44,-30.0,0.01
2022-04-02T04:57:07.000,22.58,-3.37,1.45,19.98,20.5,69278,-38.6,-30.0,0.01
2022-04-02T04:58:07.000,22.61,-3.45,1.45,19.98,20.5,69279,-38.76,-30.0,0.01
2022-04-02T04:59:08.000,22.66,-3.38,1.44,19.99,20.5,69280,-38.93,-30.0,0.01
2022-04-02T05:00:08.000,22.69,-3.57,1.43,19.99,20.5,69281,-39.09,-31.0,0.01
2022-04-02T05:01:08.000,22.71,-3.63,1.42,20.0,20.5,69282,-39.25,-31.0,0.01
2022-04-02T05:02:09.000,22.71,-3.58,1.42,20.0,20.5,69283,-39.42,-31.0,0.01
2022-04-02T05:03:09.000,22.76,-3.55,1.42,20.0,20.5,69284,-39.58,-31.0,0.01
2022-04-02T05:04:09.000,22.81,-3.55,1.42,20.0,20.5,69285,-39.74,-31.0,0.01
2022-04-02T05:05:11.000,22.84,-3.57,1.42,20.0,20.5,69286,-39.9,-31.0,0.01
2022-04-02T05:06:11.000,22.86,-3.74,1.42,20.0,20.5,69287,-40.06,-32.0,0.01
2022-04-02T05:07:11.000,22.86,-3.74,1.42,20.0,20.5,69288,-40.22,-32.0,0.01
2022-04-02T05:08:11.000,22.86,-3.8,1.41,20.01,20.5,69289,-40.38,-32.0,0.01
2022-04-02T05:09:11.000,22.84,-3.76,1.41,20.01,20.5,69290,-40.53,-32.0,0.01
2022-04-02T05:10:11.000,22.83,-3.93,1.41,20.01,20.5,69291,-40.69,-32.0,0.01
2022-04-02T05:11:11.000,22.83,-3.79,1.41,20.01,20.5,69292,-40.84,-32.0,0.01
2022-04-02T05:12:11.000,22.86,-3.88,1.4,20.01,20.5,69293,-41.0,-33.0,0.01
2022-04-02T05:13:11.000,22.79,-4.14,1.41,20.01,20.5,69294,-41.15,-33.0,0.01
2022-04-02T05:14:12.000,22.82,-3.72,1.41,20.0,20.5,69295,-41.31,-33.0,0.01
2022-04-02T05:15:12.000,22.85,-3.86,1.41,20.01,20.5,69296,-41.46,-33.0,0.01
2022-04-02T05:16:12.000,22.84,-3.91,1.35,20.05,20.5,69297,-41.61,-33.0,0.01
2022-04-02T05:17:12.000,22.85,-3.9,1.34,20.06,20.5,69298,-41.77,-33.0,0.01
2022-04-02T05:18:13.000,22.85,-3.89,1.33,20.07,20.5,69299,-41.92,-34.0,0.01
2022-04-02T05:19:13.000,22.86,-3.92,1.33,20.07,20.5,69300,-42.07,-34.0,0.01
2022-04-02T05:20:13.000,22.83,-4.04,1.33,20.07,20.5,69301,-42.22,-34.0,0.01
2022-04-02T05:21:14.000,22.86,-4.01,1.33,20.07,20.5,69302,-42.37,-34.0,0.01
2022-04-02T05:22:14.000,22.85,-4.24,1.33,20.07,20.5,69303,-42.52,-34.0,0.01
2022-04-02T05:23:15.000,22.73,-4.54,1.41,20.02,20.5,69304,-42.67,-34.0,0.011
2022-04-02T05:24:16.000,22.68,-4.34,1.31,20.09,20.5,69305,-42.82,-35.0,0.011
2022-04-02T05:25:16.000,22.61,-4.58,1.31,20.09,20.5,69306,-42.96,-35.0,0.011
2022-04-02T05:26:16.000,22.51,-4.65,1.31,20.09,20.5,69307,-43.11,-35.0,0.011
2022-04-02T05:27:17.000,22.36,-4.83,1.3,20.09,20.5,69308,-43.25,-35.0,0.011
2022-04-02T05:28:18.000,22.26,-4.66,1.3,20.09,20.5,69309,-43.4,-35.0,0.011
2022-04-02T05:29:18.000,22.22,-4.54,1.3,20.09,20.5,69310,-43.54,-35.0,0.011
2022-04-02T05:30:18.000,22.21,-4.38,1.3,20.09,20.5,69311,-43.68,-36.0,0.011
2022-04-02T05:31:18.000,22.28,-4.35,1.3,20.1,20.5,69312,-43.83,-36.0,0.011
2022-04-02T05:32:18.000,22.32,-4.21,1.29,20.1,20.5,69313,-43.97,-36.0,0.011
2022-04-02T05:33:19.000,22.36,-4.44,1.29,20.1,20.5,69314,-44.11,-36.0,0.011
2022-04-02T05:34:25.000,22.36,-4.59,1.29,20.1,20.5,69315,-44.26,-36.0,0.011
2022-04-02T05:35:26.000,22.33,-4.57,1.29,20.1,20.5,69316,-44.4,-36.0,0.011
2022-04-02T05:36:26.000,22.35,-4.47,1.29,20.1,20.5,69317,-44.54,-37.0,0.011
2022-04-02T05:37:26.000,22.35,-4.51,1.29,20.11,20.5,69318,-44.67,-37.0,0.011
2022-04-02T05:38:27.000,22.37,-4.46,1.29,20.11,20.5,69319,-44.81,-37.0,0.011
2022-04-02T05:39:28.000,22.35,-4.74,1.29,20.11,20.5,69320,-44.95,-37.0,0.011
2022-04-02T05:40:28.000,22.33,-4.81,1.28,20.11,20.5,69321,-45.08,-37.0,0.011
2022-04-02T05:41:28.000,22.27,-4.93,1.28,20.11,20.5,69322,-45.21,-37.0,0.011
2022-04-02T05:42:28.000,22.23,-4.87,1.28,20.11,20.5,69323,-45.35,-37.0,0.011
2022-04-02T05:43:28.000,22.2,-4.86,1.28,20.11,20.5,69324,-45.48,-38.0,0.011
2022-04-02T05:44:29.000,22.2,-4.75,1.28,20.11,20.5,69325,-45.61,-38.0,0.011
2022-04-02T05:45:29.000,22.21,-4.91,1.28,20.12,20.5,69326,-45.74,-38.0,0.011
2022-04-02T05:46:30.000,22.15,-5.11,1.27,20.12,20.5,69327,-45.87,-38.0,0.011
2022-04-02T05:59:32.000,21.25,-5.32,1.25,20.14,20.5,69340,-47.46,-40.0,0.011
2022-04-02T06:00:32.000,21.23,-5.13,1.24,20.14,20.5,69341,-47.57,-40.0,0.011
2022-04-02T06:01:32.000,21.15,-5.38,1.23,20.15,20.5,69342,-47.69,-40.0,0.011
2022-04-02T06:02:33.000,21.09,-5.12,1.23,20.16,20.5,69343,-47.8,-40.0,0.011
2022-04-02T06:03:34.000,21.1,-5.06,1.23,20.16,20.5,69344,-47.91,-41.0,0.011
2022-04-02T06:04:33.000,21.09,-5.21,1.23,20.16,20.5,69345,-48.02,-41.0,0.011
2022-04-02T06:05:34.000,20.99,-5.34,1.23,20.16,20.5,69346,-48.14,-41.0,0.011
2022-04-02T06:06:35.000,20.93,-5.3,1.23,20.16,20.5,69347,-48.25,-41.0,0.011
2022-04-02T06:07:35.000,20.93,-5.17,1.23,20.16,20.5,69348,-48.35,-41.0,0.011
2022-04-02T06:08:35.000,20.92,-5.25,1.23,20.16,20.5,69349,-48.46,-41.0,0.011
2022-04-02T06:12:36.000,20.8,-5.42,1.22,20.16,20.5,69353,-48.88,-42.0,0.011
2022-04-02T06:13:36.000,20.76,-5.53,1.2,20.18,20.5,69354,-48.98,-42.0,0.011
2022-04-02T06:14:36.000,20.71,-5.44,1.19,20.19,20.5,69355,-49.08,-42.0,0.011
2022-04-02T06:15:36.000,20.7,-5.33,1.22,20.17,20.5,69356,-49.18,-42.0,0.011
2022-04-02T06:16:37.000,20.71,-5.14,1.22,20.16,20.5,69357,-49.28,-42.0,0.011
2022-04-02T06:17:37.000,20.75,-5.09,1.22,20.16,20.5,69358,-49.37,-42.0,0.011
2022-04-02T06:18:37.000,20.77,-5.19,1.22,20.16,20.5,69359,-49.47,-43.0,0.011
2022-04-02T06:19:37.000,20.75,-5.24,1.22,20.16,20.5,69360,-49.56,-43.0,0.011
2022-04-02T06:20:38.000,20.75,-5.09,1.22,20.17,20.5,69361,-49.66,-43.0,0.011
2022-04-02T06:21:38.000,20.77,-4.98,1.22,20.17,20.5,69362,-49.75,-43.0,0.011
2022-04-02T06:22:38.000,20.79,-4.96,1.22,20.17,20.5,69363,-49.84,-43.0,0.011
2022-04-02T06:23:39.000,20.84,-4.96,1.21,20.17,20.5,69364,-49.93,-43.0,0.011
2022-04-02T06:24:39.000,20.88,-4.94,1.22,20.17,20.5,69365,-50.02,-43.0,0.011
2022-04-02T06:25:39.000,20.89,-5.02,1.22,20.17,20.5,69366,-50.1,-43.0,0.011
2022-04-02T06:26:39.000,20.91,-5.03,1.22,20.17,20.5,69367,-50.19,-44.0,0.011
