Downloads/jupyter/ECSV/stars19/stars19_2023-03.ecsv
# %ECSV 1.0
# ---
# datatype:
# - {name: time, datatype: string}
# - {name: Enclosure Temperature, unit: deg_C, datatype: float64}
# - {name: Sky Temperature, unit: deg_C, datatype: float64}
# - {name: Frequency, unit: Hz, datatype: float64}
# - {name: MSAS, unit: mag / arcsec2, datatype: float64}
# - {name: ZP, datatype: float64}
# - {name: Sequence Number, datatype: int64}
# - {name: Sun Alt, unit: deg, datatype: float64}
# - {name: Moon Alt, unit: deg, datatype: float64}
# - {name: Moon Illumination, datatype: float64}
# delimiter: ','
# meta: !!omap
# - ida:
#     Data supplier: {affiliation: null, observer: null}
#     Device type: TESS-W
#     Field of view: 17.0
#     Filters per channel: None
#     Instrument ID: stars19
#     License: ODbL 1.0 http://opendatacommons.org/licenses/odbl/summary/
#     Local timezone: America/Phoenix
#     Location name: {country: '- Tucson', place: Tucson, region: United States, sub_region: Arizona, town: Pima County}
#     Measurement direction per channel: {azimuth: 0.0, zenital: 0.0}
#     Moving / Fixed look direction: FIXED
#     Moving / Stationary position: STATIONARY
#     Number of channels: 1
#     Number of fields per line: 8
#     Number of header lines: 35
#     Position: {height: 0.0, latitude: 32.223877, longitude: -110.767532}
#     TESS MAC address: 18:FE:34:CF:EC:06
#     TESS cover offset value: 0.0
#     TESS firmware version: '1.0'
#     TESS zero point: 20.38
#     Time Synchronization: timestamp added by MQTT subscriber
#     URL: http://www.darksky.org/NSBM/sdf1.0.pdf
# - __serialized_columns__:
#     Enclosure Temperature:
#       __class__: astropy.units.quantity.Quantity
#       unit: &id001 !astropy.units.Unit {unit: deg_C}
#       value: !astropy.table.SerializedColumn {name: Enclosure Temperature}
#     Frequency:
#       __class__: astropy.units.quantity.Quantity
#       unit: !astropy.units.Unit {unit: Hz}
#       value: !astropy.table.SerializedColumn {name: Frequency}
#     MSAS:
#       __class__: astropy.units.quantity.Quantity
#       unit: !astropy.units.Unit {unit: mag / arcsec2}
#       value: !astropy.table.SerializedColumn {name: MSAS}
#     Moon Alt:
#       __class__: astropy.units.quantity.Quantity
#       unit: &id002 !astropy.units.Unit {unit: deg}
#       value: !astropy.table.SerializedColumn {name: Moon Alt}
#     Sky Temperature:
#       __class__: astropy.units.quantity.Quantity
#       unit: *id001
#       value: !astropy.table.SerializedColumn {name: Sky Temperature}
#     Sun Alt:
#       __class__: astropy.units.quantity.Quantity
#       unit: *id002
#       value: !astropy.table.SerializedColumn {name: Sun Alt}
#     time:
#       __class__: astropy.time.core.Time
#       format: isot
#       in_subfmt: '*'
#       out_subfmt: '*'
#       precision: 3
#       scale: utc
#       value: !astropy.table.SerializedColumn {name: time}
# schema: astropy-2.0
time,Enclosure Temperature,Sky Temperature,Frequency,MSAS,ZP,Sequence Number,Sun Alt,Moon Alt,Moon Illumination
[from data line 14652]
2023-03-25T21:28:57.000,37.27,-1.5,0.0,0.0,20.38,108871,48.64,68.0,0.202
2023-03-25T21:31:57.000,37.03,-0.4,0.0,0.0,20.38,108874,48.16,69.0,0.202
2023-03-25T21:33:59.000,36.56,-1.45,0.0,0.0,20.38,108876,47.83,69.0,0.203
2023-03-25T21:35:58.000,36.61,-1.23,0.0,0.0,20.38,108878,47.51,70.0,0.203
2023-03-25T21:36:59.000,36.69,-0.9,0.0,0.0,20.38,108879,47.34,70.0,0.203
2023-03-25T21:37:59.000,36.76,-1.03,0.0,0.0,20.38,108880,47.17,70.0,0.203
2023-03-25T21:46:00.000,37.19,-1.62,0.0,0.0,20.38,108888,45.82,72.0,0.203
2023-03-25T21:47:00.000,37.04,-1.42,0.0,0.0,20.38,108889,45.65,72.0,0.203
2023-03-25T21:48:00.000,37.06,-1.0,0.0,0.0,20.38,108890,45.48,72.0,0.203
2023-03-25T21:50:01.000,36.96,-1.37,0.0,0.0,20.38,108892,45.13,72.0,0.204
2023-03-25T21:51:01.000,37.06,-1.23,0.0,0.0,20.38,108893,44.96,72.0,0.204
2023-03-25T21:52:01.000,36.92,-1.74,0.0,0.0,20.38,108894,44.79,73.0,0.204
2023-03-25T22:28:06.000,28.05,-4.86,0.0,0.0,20.38,108930,38.21,78.0,0.206
2023-03-25T22:29:06.000,27.9,-5.06,0.0,0.0,20.38,108931,38.02,78.0,0.206
2023-03-25T22:30:06.000,27.8,-4.89,0.0,0.0,20.38,108932,37.83,78.0,0.206
2023-03-25T22:32:07.000,27.54,-4.93,0.0,0.0,20.38,108934,37.45,78.0,0.206
2023-03-25T22:33:07.000,27.52,-4.72,0.0,0.0,20.38,108935,37.26,79.0,0.206
2023-03-25T22:34:09.000,27.51,-4.82,0.0,0.0,20.38,108936,37.06,79.0,0.206
2023-03-25T23:08:25.000,25.99,-3.62,0.0,0.0,20.38,108970,30.34,79.0,0.208
2023-03-25T23:09:25.000,26.01,-3.86,0.0,0.0,20.38,108971,30.14,79.0,0.208
2023-03-25T23:10:25.000,25.99,-4.13,0.0,0.0,20.38,108972,29.94,79.0,0.208
2023-03-25T23:12:25.000,25.82,-4.2,0.0,0.0,20.38,108974,29.54,79.0,0.208
2023-03-25T23:13:26.000,25.82,-4.09,0.0,0.0,20.38,108975,29.34,79.0,0.208
2023-03-25T23:14:26.000,25.59,-5.06,0.0,0.0,20.38,108976,29.13,79.0,0.208
2023-03-25T23:42:33.000,24.73,-5.03,0.0,0.0,20.38,109004,23.41,76.0,0.21
2023-03-25T23:43:33.000,24.61,-4.88,0.0,0.0,20.38,109005,23.2,75.0,0.21
2023-03-25T23:44:33.000,24.58,-4.52,0.0,0.0,20.38,109006,22.99,75.0,0.21
2023-03-25T23:48:36.000,24.91,-4.24,0.0,0.0,20.38,109010,22.16,75.0,0.21
2023-03-25T23:49:36.000,24.95,-4.17,0.0,0.0,20.38,109011,21.95,74.0,0.211
2023-03-25T23:51:38.000,24.95,-4.74,0.0,0.0,20.38,109013,21.53,74.0,0.211
2023-03-25T23:52:38.000,24.89,-4.73,0.0,0.0,20.38,109014,21.32,74.0,0.211
2023-03-25T23:53:39.000,24.64,-5.29,0.0,0.0,20.38,109015,21.11,74.0,0.211
2023-03-25T23:58:41.000,24.43,-4.81,0.0,0.0,20.38,109020,20.07,73.0,0.211
2023-03-25T23:59:41.000,24.26,-5.28,0.0,0.0,20.38,109021,19.86,73.0,0.211
2023-03-26T00:00:41.000,24.06,-5.15,0.0,0.0,20.38,109022,19.65,73.0,0.211
2023-03-26T00:02:46.000,23.94,-4.95,0.0,0.0,20.38,109024,19.22,72.0,0.211
2023-03-26T00:03:47.000,23.92,-4.99,0.0,0.0,20.38,109025,19.01,72.0,0.211
2023-03-26T00:04:46.000,23.86,-4.7,0.0,0.0,20.38,109026,18.8,72.0,0.211
2023-03-26T00:05:47.000,23.93,-4.45,0.0,0.0,20.38,109027,18.59,72.0,0.211
2023-03-26T00:06:49.000,24.04,-4.49,0.0,0.0,20.38,109028,18.38,72.0,0.212
2023-03-26T00:07:49.000,23.98,-4.95,0.0,0.0,20.38,109029,18.17,71.0,0.212
2023-03-26T00:09:49.000,23.9,-4.78,0.0,0.0,20.38,109031,17.75,71.0,0.212
2023-03-26T00:10:49.000,23.76,-5.36,0.0,0.0,20.38,109032,17.54,71.0,0.212
2023-03-26T00:18:57.000,23.49,-5.32,0.0,0.0,20.38,109040,15.84,69.0,0.212
2023-03-26T00:20:01.000,23.43,-5.31,0.0,0.0,20.38,109041,15.62,69.0,0.212
2023-03-26T00:21:01.000,23.39,-5.23,0.0,0.0,20.38,109042,15.41,69.0,0.212
2023-03-26T00:41:07.000,22.5,-5.71,0.0,0.0,20.38,109062,11.18,65.0,0.214
2023-03-26T00:42:07.000,22.46,-5.71,0.0,0.0,20.38,109063,10.97,65.0,0.214
2023-03-26T00:43:08.000,22.44,-5.9,0.0,0.0,20.38,109064,10.76,65.0,0.214
2023-03-26T00:45:08.000,22.37,-5.62,0.0,0.0,20.38,109066,10.34,64.0,0.214
2023-03-26T00:46:09.000,22.37,-5.83,0.0,0.0,20.38,109067,10.12,64.0,0.214
2023-03-26T00:47:10.000,22.35,-5.88,0.0,0.0,20.38,109068,9.91,64.0,0.214
2023-03-26T00:48:10.000,22.32,-5.76,0.0,0.0,20.38,109069,9.7,64.0,0.214
2023-03-26T00:49:12.000,22.34,-5.69,0.0,0.0,20.38,109070,9.48,63.0,0.214
2023-03-26T00:51:13.000,22.29,-5.96,0.0,0.0,20.38,109072,9.05,63.0,0.214
2023-03-26T00:53:13.000,22.09,-6.5,0.0,0.0,20.38,109074,8.63,63.0,0.214
2023-03-26T00:54:13.000,22.01,-6.19,0.0,0.0,20.38,109075,8.42,62.0,0.214
2023-03-26T00:55:13.000,22.01,-6.21,0.0,0.0,20.38,109076,8.21,62.0,0.214
2023-03-26T00:57:14.000,22.03,-6.11,0.0,0.0,20.38,109078,7.78,62.0,0.215
2023-03-26T00:59:15.000,21.93,-6.43,0.0,0.0,20.38,109080,7.36,61.0,0.215
2023-03-26T01:00:15.000,21.86,-6.71,0.0,0.0,20.38,109081,7.15,61.0,0.215
2023-03-26T01:01:16.000,21.75,-6.72,0.0,0.0,20.38,109082,6.93,61.0,0.215
2023-03-26T01:05:17.000,21.69,-6.8,0.0,0.0,20.38,109086,6.08,60.0,0.215
2023-03-26T01:06:18.000,21.66,-6.72,0.0,0.0,20.38,109087,5.87,60.0,0.215
2023-03-26T01:07:18.000,21.61,-6.92,0.0,0.0,20.38,109088,5.66,60.0,0.215
2023-03-26T01:08:18.000,21.53,-7.02,0.14,0.1,20.38,109089,5.45,60.0,0.215
2023-03-26T01:09:18.000,21.5,-6.91,0.0,0.0,20.38,109090,5.23,59.0,0.215
2023-03-26T01:10:18.000,21.47,-7.04,0.0,0.0,20.38,109091,5.02,59.0,0.215
2023-03-26T01:11:18.000,21.38,-7.36,0.0,0.0,20.38,109092,4.81,59.0,0.215
2023-03-26T01:16:19.000,21.01,-7.36,0.0,0.0,20.38,109097,3.75,58.0,0.216
2023-03-26T01:17:19.000,21.0,-7.36,0.0,0.0,20.38,109098,3.54,58.0,0.216
2023-03-26T01:18:19.000,20.96,-7.33,0.0,0.0,20.38,109099,3.33,58.0,0.216
2023-03-26T01:20:20.000,21.0,-7.3,0.0,0.0,20.38,109101,2.9,57.0,0.216
2023-03-26T01:22:20.000,20.88,-7.63,0.0,0.0,20.38,109103,2.48,57.0,0.216
2023-03-26T01:23:21.000,20.83,-7.53,0.0,0.0,20.38,109104,2.27,57.0,0.216
2023-03-26T01:24:22.000,20.89,-7.34,0.0,0.0,20.38,109105,2.05,56.0,0.216
2023-03-26T01:33:28.000,20.44,-7.87,0.0,0.0,20.38,109114,0.13,54.0,0.217
2023-03-26T01:34:29.000,20.43,-7.91,0.0,0.0,20.38,109115,-0.09,54.0,0.217
2023-03-26T01:35:29.000,20.38,-7.86,0.0,0.0,20.38,109116,-0.3,54.0,0.217
2023-03-26T01:36:29.000,20.29,-8.22,0.27,0.19,20.38,109117,-0.51,54.0,0.217
2023-03-26T01:37:29.000,20.21,-8.1,0.0,0.0,20.38,109118,-0.72,54.0,0.217
2023-03-26T01:38:30.000,20.18,-8.05,0.0,0.0,20.38,109119,-0.94,53.0,0.217
2023-03-26T01:39:30.000,20.18,-8.05,0.0,0.0,20.38,109120,-1.15,53.0,0.217
2023-03-26T01:41:32.000,20.08,-8.24,57976.64,8.47,20.38,109122,-1.58,53.0,0.217
2023-03-26T01:43:33.000,19.94,-8.32,42805.04,8.8,20.38,109124,-2.0,52.0,0.217
2023-03-26T01:44:33.000,19.89,-8.33,35901.54,9.08,20.38,109125,-2.21,52.0,0.217
2023-03-26T01:45:33.000,19.83,-8.45,30524.0,9.17,20.38,109126,-2.42,52.0,0.217
2023-03-26T01:46:33.000,19.83,-8.24,24895.46,9.52,20.38,109127,-2.63,52.0,0.217
2023-03-26T01:47:35.000,19.82,-8.32,21028.73,9.57,20.38,109128,-2.85,52.0,0.218
2023-03-26T01:48:39.000,19.85,-8.22,17148.18,9.8,20.38,109129,-3.08,51.0,0.218
2023-03-26T01:49:39.000,19.83,-8.61,13741.91,10.04,20.38,109130,-3.29,51.0,0.218
2023-03-26T01:50:40.000,19.73,-8.52,11014.96,10.28,20.38,109131,-3.5,51.0,0.218
2023-03-26T01:51:40.000,19.73,-8.37,8768.47,10.53,20.38,109132,-3.71,51.0,0.218
2023-03-26T01:52:40.000,19.73,-8.52,6920.27,10.78,20.38,109133,-3.92,51.0,0.218
2023-03-26T01:53:40.000,19.7,-8.48,5419.87,11.05,20.38,109134,-4.13,50.0,0.218
2023-03-26T01:54:40.000,19.72,-8.45,4228.97,11.32,20.38,109135,-4.34,50.0,0.218
2023-03-26T01:55:40.000,19.7,-8.55,3285.42,11.59,20.38,109136,-4.55,50.0,0.218
2023-03-26T01:56:42.000,19.69,-8.41,2541.71,11.87,20.38,109137,-4.77,50.0,0.218
2023-03-26T01:57:42.000,19.74,-8.35,1953.38,12.16,20.38,109138,-4.98,50.0,0.218
2023-03-26T01:58:42.000,19.78,-8.44,1502.58,12.44,20.38,109139,-5.19,49.0,0.218
2023-03-26T01:59:42.000,19.77,-8.57,1158.09,12.72,20.38,109140,-5.4,49.0,0.218
2023-03-26T02:00:42.000,19.75,-8.58,890.73,13.01,20.38,109141,-5.61,49.0,0.218
2023-03-26T02:01:42.000,19.7,-8.83,684.9,13.29,20.38,109142,-5.82,49.0,0.218
2023-03-26T02:02:43.000,19.71,-8.54,527.24,13.58,20.38,109143,-6.04,48.0,0.218
2023-03-26T02:03:43.000,19.78,-8.43,404.67,13.87,20.38,109144,-6.25,48.0,0.218
2023-03-26T02:04:43.000,19.86,-8.48,310.79,14.15,20.38,109145,-6.46,48.0,0.219
2023-03-26T02:05:44.000,19.91,-8.55,238.58,14.44,20.38,109146,-6.67,48.0,0.219
2023-03-26T02:18:46.000,19.65,-9.06,13.71,17.54,20.38,109159,-9.4,45.0,0.219
2023-03-26T02:19:46.000,19.59,-9.06,11.48,17.73,20.38,109160,-9.61,45.0,0.219
2023-03-26T02:20:47.000,19.53,-9.22,9.78,17.91,20.38,109161,-9.82,45.0,0.219
2023-03-26T02:21:47.000,19.45,-9.2,8.3,18.08,20.38,109162,-10.03,45.0,0.22
2023-03-26T02:22:47.000,19.37,-9.31,7.15,18.24,20.38,109163,-10.24,44.0,0.22
2023-03-26T02:23:49.000,19.32,-9.23,6.23,18.39,20.38,109164,-10.46,44.0,0.22
2023-03-26T02:24:50.000,19.31,-9.22,5.43,18.54,20.38,109165,-10.67,44.0,0.22
2023-03-26T02:25:50.000,19.25,-9.29,4.79,18.68,20.38,109166,-10.88,44.0,0.22
2023-03-26T02:32:53.000,18.84,-9.61,2.62,19.34,20.38,109173,-12.35,42.0,0.22
2023-03-26T02:33:54.000,18.81,-9.58,2.48,19.39,20.38,109174,-12.56,42.0,0.22
2023-03-26T02:34:54.000,18.59,-9.75,2.4,19.43,20.38,109175,-12.76,42.0,0.22
2023-03-26T02:35:54.000,18.64,-9.73,2.39,19.43,20.38,109176,-12.97,42.0,0.22
2023-03-26T02:36:54.000,18.62,-9.56,2.33,19.46,20.38,109177,-13.18,41.0,0.22
2023-03-26T02:37:55.000,18.55,-9.76,2.26,19.49,20.38,109178,-13.39,41.0,0.221
2023-03-26T02:41:55.000,18.46,-9.84,2.02,19.62,20.38,109182,-14.22,40.0,0.221
2023-03-26T02:43:57.000,18.43,-9.72,1.98,19.64,20.38,109184,-14.64,40.0,0.221
2023-03-26T02:44:57.000,18.39,-9.86,1.96,19.65,20.38,109185,-14.85,40.0,0.221
2023-03-26T02:45:58.000,18.35,-9.89,1.94,19.66,20.38,109186,-15.06,40.0,0.221
2023-03-26T02:46:59.000,18.31,-9.92,1.93,19.67,20.38,109187,-15.27,39.0,0.221
2023-03-26T02:47:59.000,18.26,-9.95,1.91,19.68,20.38,109188,-15.47,39.0,0.221
2023-03-26T02:49:00.000,18.22,-9.86,1.91,19.68,20.38,109189,-15.68,39.0,0.221
2023-03-26T02:50:00.000,18.24,-9.77,1.9,19.68,20.38,109190,-15.89,39.0,0.221
2023-03-26T02:51:00.000,18.22,-9.82,1.9,19.69,20.38,109191,-16.09,39.0,0.221
2023-03-26T02:52:02.000,18.18,-9.91,1.89,19.69,20.38,109192,-16.31,38.0,0.221
2023-03-26T02:53:02.000,18.16,-9.9,1.88,19.69,20.38,109193,-16.51,38.0,0.221
2023-03-26T02:54:02.000,18.12,-9.94,1.87,19.7,20.38,109194,-16.72,38.0,0.221
2023-03-26T02:55:02.000,18.08,-9.94,1.87,19.7,20.38,109195,-16.92,38.0,0.222
2023-03-26T02:56:04.000,18.08,-9.83,1.87,19.7,20.38,109196,-17.14,38.0,0.222
2023-03-26T02:57:04.000,18.08,-9.85,1.87,19.7,20.38,109197,-17.34,37.0,0.222
2023-03-26T02:58:04.000,18.1,-9.75,1.86,19.7,20.38,109198,-17.55,37.0,0.222
2023-03-26T02:59:04.000,18.12,-9.83,1.86,19.71,20.38,109199,-17.75,37.0,0.222
2023-03-26T03:00:04.000,18.12,-9.89,1.86,19.71,20.38,109200,-17.96,37.0,0.222
2023-03-26T03:01:04.000,18.11,-9.95,1.86,19.71,20.38,109201,-18.16,37.0,0.222
2023-03-26T03:02:04.000,18.09,-9.97,1.86,19.71,20.38,109202,-18.36,36.0,0.222
2023-03-26T03:03:04.000,18.1,-9.86,1.92,19.67,20.38,109203,-18.57,36.0,0.222
2023-03-26T03:05:11.000,18.1,-10.05,1.96,19.65,20.38,109205,-19.0,36.0,0.222
2023-03-26T03:06:12.000,18.01,-10.11,1.92,19.67,20.38,109206,-19.21,35.0,0.222
2023-03-26T03:08:18.000,17.96,-9.98,1.84,19.72,20.38,109208,-19.64,35.0,0.222
2023-03-26T03:09:18.000,17.94,-10.22,1.83,19.72,20.38,109209,-19.84,35.0,0.222
2023-03-26T03:10:18.000,17.86,-10.19,1.83,19.73,20.38,109210,-20.04,35.0,0.222
2023-03-26T03:11:18.000,17.81,-10.21,1.83,19.73,20.38,109211,-20.25,34.0,0.223
2023-03-26T03:12:18.000,17.77,-10.26,1.82,19.73,20.38,109212,-20.45,34.0,0.223
2023-03-26T03:13:18.000,17.73,-10.22,1.82,19.73,20.38,109213,-20.65,34.0,0.223
2023-03-26T03:14:18.000,17.72,-10.2,2.04,19.62,20.38,109214,-20.85,34.0,0.223
2023-03-26T03:15:19.000,17.65,-10.28,1.79,19.75,20.38,109215,-21.06,34.0,0.223
2023-03-26T03:16:19.000,17.63,-10.23,1.78,19.76,20.38,109216,-21.26,33.0,0.223
2023-03-26T03:17:19.000,17.6,-10.29,1.78,19.76,20.38,109217,-21.46,33.0,0.223
2023-03-26T03:18:19.000,17.57,-10.21,1.8,19.74,20.38,109218,-21.67,33.0,0.223
2023-03-26T03:19:19.000,17.57,-10.25,1.78,19.75,20.38,109219,-21.87,33.0,0.223
2023-03-26T03:20:20.000,17.54,-10.31,1.78,19.75,20.38,109220,-22.07,33.0,0.223
2023-03-26T03:21:20.000,17.49,-10.29,1.78,19.76,20.38,109221,-22.27,32.0,0.223
2023-03-26T03:22:20.000,17.47,-10.38,1.78,19.76,20.38,109222,-22.48,32.0,0.223
2023-03-26T03:23:20.000,17.41,-10.45,1.78,19.76,20.38,109223,-22.68,32.0,0.223
2023-03-26T03:24:22.000,17.36,-10.33,1.78,19.76,20.38,109224,-22.88,32.0,0.223
2023-03-26T03:25:23.000,17.33,-10.36,1.78,19.76,20.38,109225,-23.09,32.0,0.223
2023-03-26T03:26:24.000,17.28,-10.36,1.77,19.76,20.38,109226,-23.29,31.0,0.223
2023-03-26T03:27:23.000,17.29,-10.21,1.77,19.76,20.38,109227,-23.49,31.0,0.223
2023-03-26T03:28:24.000,17.34,-10.11,1.77,19.76,20.38,109228,-23.69,31.0,0.224
2023-03-26T03:29:24.000,17.37,-10.26,1.77,19.76,20.38,109229,-23.89,31.0,0.224
2023-03-26T03:30:24.000,17.36,-10.31,1.77,19.76,20.38,109230,-24.09,31.0,0.224
2023-03-26T03:31:24.000,17.34,-10.36,1.77,19.76,20.38,109231,-24.29,30.0,0.224
2023-03-26T03:32:24.000,17.31,-10.39,1.77,19.76,20.38,109232,-24.49,30.0,0.224
2023-03-26T03:33:25.000,17.3,-10.32,1.77,19.76,20.38,109233,-24.69,30.0,0.224
2023-03-26T03:34:26.000,17.3,-10.29,1.76,19.76,20.38,109234,-24.9,30.0,0.224
2023-03-26T03:35:27.000,17.3,-10.39,1.76,19.76,20.38,109235,-25.1,30.0,0.224
2023-03-26T03:36:27.000,17.29,-10.35,1.76,19.76,20.38,109236,-25.3,29.0,0.224
2023-03-26T03:37:27.000,17.28,-10.31,1.76,19.77,20.38,109237,-25.49,29.0,0.224
2023-03-26T03:38:28.000,17.27,-10.45,1.76,19.77,20.38,109238,-25.7,29.0,0.224
2023-03-26T03:39:28.000,17.2,-10.57,1.76,19.77,20.38,109239,-25.89,29.0,0.224
2023-03-26T03:40:29.000,17.15,-10.53,1.76,19.77,20.38,109240,-26.09,28.0,0.224
2023-03-26T03:41:29.000,17.1,-10.56,1.76,19.77,20.38,109241,-26.29,28.0,0.224
2023-03-26T03:42:29.000,17.08,-10.53,1.75,19.77,20.38,109242,-26.49,28.0,0.224
2023-03-26T03:43:29.000,17.06,-10.56,1.75,19.77,20.38,109243,-26.69,28.0,0.224
2023-03-26T03:44:29.000,17.03,-10.58,1.8,19.74,20.38,109244,-26.88,28.0,0.225
2023-03-26T03:46:30.000,16.94,-10.53,1.76,19.76,20.38,109246,-27.28,27.0,0.225
2023-03-26T03:47:31.000,16.94,-10.52,1.76,19.77,20.38,109247,-27.48,27.0,0.225
2023-03-26T03:48:31.000,16.94,-10.53,1.76,19.77,20.38,109248,-27.67,27.0,0.225
2023-03-26T03:49:32.000,16.93,-10.65,1.75,19.77,20.38,109249,-27.87,27.0,0.225
2023-03-26T03:50:34.000,16.9,-10.63,1.74,19.78,20.38,109250,-28.07,26.0,0.225
2023-03-26T03:51:34.000,16.87,-10.63,1.73,19.78,20.38,109251,-28.27,26.0,0.225
2023-03-26T03:52:34.000,16.85,-10.6,1.74,19.78,20.38,109252,-28.46,26.0,0.225
2023-03-26T03:53:35.000,16.79,-10.7,1.74,19.78,20.38,109253,-28.66,26.0,0.225
2023-03-26T03:54:35.000,16.79,-10.58,1.73,19.78,20.38,109254,-28.86,26.0,0.225
2023-03-26T03:55:35.000,16.77,-10.74,1.73,19.78,20.38,109255,-29.05,25.0,0.225
2023-03-26T03:56:36.000,16.72,-10.79,1.73,19.79,20.38,109256,-29.25,25.0,0.225
2023-03-26T03:57:35.000,16.68,-10.82,1.73,19.79,20.38,109257,-29.44,25.0,0.225
2023-03-26T03:58:36.000,16.62,-10.86,1.73,19.78,20.38,109258,-29.63,25.0,0.225
2023-03-26T03:59:36.000,16.61,-10.78,1.73,19.79,20.38,109259,-29.83,25.0,0.225
2023-03-26T04:00:36.000,16.58,-10.95,1.72,19.79,20.38,109260,-30.02,24.0,0.225
2023-03-26T04:01:36.000,16.55,-11.09,1.72,19.79,20.38,109261,-30.21,24.0,0.226
2023-03-26T04:03:36.000,16.46,-11.08,1.72,19.79,20.38,109263,-30.59,24.0,0.226
2023-03-26T04:04:36.000,16.48,-10.94,1.72,19.79,20.38,109264,-30.79,24.0,0.226
2023-03-26T04:06:46.000,16.45,-11.0,1.71,19.8,20.38,109266,-31.2,23.0,0.226
2023-03-26T04:07:46.000,16.43,-11.02,1.71,19.8,20.38,109267,-31.39,23.0,0.226
2023-03-26T04:08:46.000,16.41,-11.01,1.71,19.8,20.38,109268,-31.58,23.0,0.226
2023-03-26T04:09:47.000,16.4,-11.01,1.71,19.8,20.38,109269,-31.77,23.0,0.226
2023-03-26T04:10:47.000,16.34,-11.35,1.71,19.8,20.38,109270,-31.96,22.0,0.226
2023-03-26T04:11:47.000,16.27,-11.1,1.71,19.8,20.38,109271,-32.15,22.0,0.226
2023-03-26T04:12:47.000,16.29,-11.16,1.71,19.8,20.38,109272,-32.34,22.0,0.226
2023-03-26T04:13:47.000,16.24,-11.13,1.7,19.8,20.38,109273,-32.53,22.0,0.226
2023-03-26T04:14:47.000,16.2,-11.21,1.7,19.8,20.38,109274,-32.72,22.0,0.226
