Downloads/jupyter/ECSV/stars19/stars19_2022-12.ecsv
# %ECSV 1.0
# ---
# datatype:
# - {name: time, datatype: string}
# - {name: Enclosure Temperature, unit: deg_C, datatype: float64}
# - {name: Sky Temperature, unit: deg_C, datatype: float64}
# - {name: Frequency, unit: Hz, datatype: float64}
# - {name: MSAS, unit: mag / arcsec2, datatype: float64}
# - {name: ZP, datatype: float64}
# - {name: Sequence Number, datatype: int64}
# - {name: Sun Alt, unit: deg, datatype: float64}
# - {name: Moon Alt, unit: deg, datatype: float64}
# - {name: Moon Illumination, datatype: float64}
# delimiter: ','
# meta: !!omap
# - ida:
#     Data supplier: {affiliation: null, observer: null}
#     Device type: TESS-W
#     Field of view: 17.0
#     Filters per channel: None
#     Instrument ID: stars19
#     License: ODbL 1.0 http://opendatacommons.org/licenses/odbl/summary/
#     Local timezone: America/Phoenix
#     Location name: {country: '- Tucson', place: Tucson, region: United States, sub_region: Arizona, town: Pima County}
#     Measurement direction per channel: {azimuth: 0.0, zenital: 0.0}
#     Moving / Fixed look direction: FIXED
#     Moving / Stationary position: STATIONARY
#     Number of channels: 1
#     Number of fields per line: 8
#     Number of header lines: 35
#     Position: {height: 0.0, latitude: 32.223877, longitude: -110.767532}
#     TESS MAC address: 18:FE:34:CF:EC:06
#     TESS cover offset value: 0.0
#     TESS firmware version: '1.0'
#     TESS zero point: 20.5
#     Time Synchronization: timestamp added by MQTT subscriber
#     URL: http://www.darksky.org/NSBM/sdf1.0.pdf
# - __serialized_columns__:
#     Enclosure Temperature:
#       __class__: astropy.units.quantity.Quantity
#       unit: &id001 !astropy.units.Unit {unit: deg_C}
#       value: !astropy.table.SerializedColumn {name: Enclosure Temperature}
#     Frequency:
#       __class__: astropy.units.quantity.Quantity
#       unit: !astropy.units.Unit {unit: Hz}
#       value: !astropy.table.SerializedColumn {name: Frequency}
#     MSAS:
#       __class__: astropy.units.quantity.Quantity
#       unit: !astropy.units.Unit {unit: mag / arcsec2}
#       value: !astropy.table.SerializedColumn {name: MSAS}
#     Moon Alt:
#       __class__: astropy.units.quantity.Quantity
#       unit: &id002 !astropy.units.Unit {unit: deg}
#       value: !astropy.table.SerializedColumn {name: Moon Alt}
#     Sky Temperature:
#       __class__: astropy.units.quantity.Quantity
#       unit: *id001
#       value: !astropy.table.SerializedColumn {name: Sky Temperature}
#     Sun Alt:
#       __class__: astropy.units.quantity.Quantity
#       unit: *id002
#       value: !astropy.table.SerializedColumn {name: Sun Alt}
#     time:
#       __class__: astropy.time.core.Time
#       format: isot
#       in_subfmt: '*'
#       out_subfmt: '*'
#       precision: 3
#       scale: utc
#       value: !astropy.table.SerializedColumn {name: time}
# schema: astropy-2.0
time,Enclosure Temperature,Sky Temperature,Frequency,MSAS,ZP,Sequence Number,Sun Alt,Moon Alt,Moon Illumination
[from data line 8784]
2022-12-11T00:22:31.000,22.79,-4.58,59947.57,8.22,20.5,51043,-1.6,-20.0,0.926
2022-12-11T00:23:31.000,22.73,-4.75,54270.87,8.54,20.5,51044,-1.79,-20.0,0.926
2022-12-11T00:24:31.000,22.7,-4.7,47646.5,8.69,20.5,51045,-1.98,-19.0,0.926
2022-12-11T00:25:31.000,22.68,-4.82,41531.96,8.83,20.5,51046,-2.17,-19.0,0.926
2022-12-11T00:26:32.000,22.67,-4.71,35147.83,9.17,20.5,51047,-2.36,-19.0,0.926
2022-12-11T00:27:32.000,22.62,-4.92,30855.09,9.16,20.5,51048,-2.55,-19.0,0.926
2022-12-11T00:28:32.000,22.54,-4.89,25981.7,9.42,20.5,51049,-2.74,-19.0,0.926
2022-12-11T00:30:32.000,22.53,-4.9,18626.78,9.71,20.5,51051,-3.13,-19.0,0.926
2022-12-11T00:31:32.000,22.51,-4.96,15472.78,9.91,20.5,51052,-3.32,-19.0,0.926
2022-12-11T00:32:32.000,22.47,-5.05,12756.83,10.12,20.5,51053,-3.51,-18.0,0.926
2022-12-11T00:33:32.000,22.44,-5.04,10435.15,10.34,20.5,51054,-3.7,-18.0,0.926
2022-12-11T00:34:33.000,22.38,-5.18,8451.27,10.56,20.5,51055,-3.89,-18.0,0.926
2022-12-11T00:35:33.000,22.3,-5.17,6794.04,10.8,20.5,51056,-4.09,-18.0,0.926
2022-12-11T00:37:39.000,22.18,-5.16,4238.79,11.31,20.5,51058,-4.49,-18.0,0.926
2022-12-11T00:38:38.000,22.1,-5.25,3344.36,11.57,20.5,51059,-4.68,-18.0,0.926
2022-12-11T00:39:38.000,21.99,-5.29,2624.11,11.84,20.5,51060,-4.87,-17.0,0.926
2022-12-11T00:40:39.000,21.87,-5.4,2032.81,12.11,20.5,51061,-5.07,-17.0,0.926
2022-12-11T00:41:39.000,21.78,-5.34,1556.0,12.4,20.5,51062,-5.26,-17.0,0.925
2022-12-11T00:42:39.000,21.69,-5.34,1187.78,12.7,20.5,51063,-5.46,-17.0,0.925
2022-12-11T00:43:39.000,21.61,-5.49,910.92,12.98,20.5,51064,-5.65,-17.0,0.925
2022-12-11T00:44:40.000,21.53,-5.45,702.74,13.27,20.5,51065,-5.85,-17.0,0.925
2022-12-11T00:45:39.000,21.48,-5.52,544.51,13.54,20.5,51066,-6.04,-17.0,0.925
2022-12-11T00:46:39.000,21.48,-5.37,424.27,13.81,20.5,51067,-6.23,-17.0,0.925
2022-12-11T00:48:45.000,21.39,-5.44,255.47,14.36,20.5,51069,-6.64,-16.0,0.925
2022-12-11T00:49:45.000,21.33,-5.59,200.99,14.62,20.5,51070,-6.83,-16.0,0.925
2022-12-11T00:50:45.000,21.25,-5.57,159.33,14.88,20.5,51071,-7.03,-16.0,0.925
2022-12-11T00:52:51.000,21.09,-5.7,100.89,15.37,20.5,51073,-7.44,-16.0,0.925
2022-12-11T00:54:57.000,20.92,-5.77,66.22,15.83,20.5,51075,-7.85,-15.0,0.925
2022-12-11T00:55:57.000,20.78,-5.83,55.02,16.03,20.5,51076,-8.05,-15.0,0.925
2022-12-11T00:56:57.000,20.68,-5.86,46.12,16.22,20.5,51077,-8.24,-15.0,0.925
2022-12-11T00:57:57.000,20.57,-5.9,39.33,16.39,20.5,51078,-8.44,-15.0,0.925
2022-12-11T00:58:58.000,20.39,-6.15,33.7,16.56,20.5,51079,-8.64,-15.0,0.925
2022-12-11T00:59:57.000,20.24,-6.07,29.04,16.72,20.5,51080,-8.83,-15.0,0.925
2022-12-11T01:00:58.000,20.07,-6.28,25.54,16.86,20.5,51081,-9.03,-14.0,0.925
2022-12-11T01:01:58.000,19.89,-6.24,22.32,17.01,20.5,51082,-9.23,-14.0,0.925
2022-12-11T01:02:58.000,19.77,-6.2,19.77,17.14,20.5,51083,-9.42,-14.0,0.925
2022-12-11T01:03:58.000,19.62,-6.29,17.72,17.26,20.5,51084,-9.62,-14.0,0.925
2022-12-11T01:04:58.000,19.52,-6.15,15.91,17.38,20.5,51085,-9.82,-14.0,0.925
2022-12-11T01:05:58.000,19.42,-6.29,14.58,17.47,20.5,51086,-10.02,-14.0,0.925
2022-12-11T01:06:58.000,19.31,-6.33,13.54,17.55,20.5,51087,-10.21,-14.0,0.925
2022-12-11T01:07:58.000,19.17,-6.46,12.54,17.63,20.5,51088,-10.41,-13.0,0.925
2022-12-11T01:08:58.000,19.04,-6.41,11.52,17.73,20.5,51089,-10.61,-13.0,0.925
2022-12-11T01:09:58.000,18.96,-6.38,11.1,17.77,20.5,51090,-10.81,-13.0,0.924
2022-12-11T01:10:58.000,18.89,-6.48,10.45,17.83,20.5,51091,-11.0,-13.0,0.924
2022-12-11T01:11:58.000,18.75,-6.58,9.76,17.91,20.5,51092,-11.2,-13.0,0.924
2022-12-11T01:12:58.000,18.67,-6.54,9.39,17.95,20.5,51093,-11.4,-13.0,0.924
2022-12-11T01:13:59.000,18.57,-6.55,9.08,17.98,20.5,51094,-11.6,-13.0,0.924
2022-12-11T01:14:59.000,18.5,-6.51,8.85,18.01,20.5,51095,-11.8,-12.0,0.924
2022-12-11T01:15:59.000,18.39,-6.7,8.66,18.04,20.5,51096,-12.0,-12.0,0.924
2022-12-11T01:16:59.000,18.31,-6.56,8.51,18.06,20.5,51097,-12.2,-12.0,0.924
2022-12-11T01:17:59.000,18.27,-6.56,8.49,18.06,20.5,51098,-12.4,-12.0,0.924
2022-12-11T01:18:59.000,18.21,-6.58,8.28,18.09,20.5,51099,-12.6,-12.0,0.924
2022-12-11T01:19:59.000,18.14,-6.74,8.26,18.09,20.5,51100,-12.8,-12.0,0.924
2022-12-11T01:20:59.000,18.08,-6.62,8.01,18.12,20.5,51101,-13.0,-11.0,0.924
2022-12-11T01:22:01.000,17.98,-6.93,8.0,18.12,20.5,51102,-13.2,-11.0,0.924
2022-12-11T01:23:01.000,17.9,-6.72,8.04,18.12,20.5,51103,-13.4,-11.0,0.924
2022-12-11T01:24:01.000,17.84,-6.74,7.92,18.13,20.5,51104,-13.6,-11.0,0.924
2022-12-11T01:25:01.000,17.8,-6.76,7.79,18.15,20.5,51105,-13.81,-11.0,0.924
2022-12-11T01:26:01.000,17.74,-6.78,7.72,18.16,20.5,51106,-14.01,-11.0,0.924
2022-12-11T01:28:01.000,17.63,-6.78,7.68,18.17,20.5,51108,-14.41,-10.0,0.924
2022-12-11T01:29:01.000,17.6,-6.72,7.71,18.16,20.5,51109,-14.61,-10.0,0.924
2022-12-11T01:30:02.000,17.57,-6.77,7.67,18.17,20.5,51110,-14.81,-10.0,0.924
2022-12-11T01:31:01.000,17.53,-6.78,7.64,18.17,20.5,51111,-15.01,-10.0,0.924
2022-12-11T01:32:01.000,17.51,-6.76,7.58,18.18,20.5,51112,-15.21,-10.0,0.924
2022-12-11T01:33:02.000,17.45,-6.84,7.6,18.18,20.5,51113,-15.42,-10.0,0.924
2022-12-11T01:34:02.000,17.39,-6.89,7.54,18.19,20.5,51114,-15.62,-9.0,0.924
2022-12-11T01:35:02.000,17.35,-6.92,7.59,18.18,20.5,51115,-15.82,-9.0,0.924
2022-12-11T01:36:02.000,17.29,-6.83,7.51,18.19,20.5,51116,-16.02,-9.0,0.924
2022-12-11T01:37:03.000,17.27,-6.89,7.55,18.18,20.5,51117,-16.23,-9.0,0.924
2022-12-11T01:38:03.000,17.25,-6.86,7.56,18.18,20.5,51118,-16.43,-9.0,0.924
2022-12-11T01:39:03.000,17.21,-6.93,7.5,18.19,20.5,51119,-16.63,-9.0,0.923
2022-12-11T01:40:03.000,17.19,-6.94,7.62,18.18,20.5,51120,-16.83,-9.0,0.923
2022-12-11T01:41:03.000,17.13,-7.03,7.61,18.18,20.5,51121,-17.03,-8.0,0.923
2022-12-11T01:42:03.000,17.09,-7.03,7.63,18.17,20.5,51122,-17.24,-8.0,0.923
2022-12-11T01:43:03.000,17.03,-7.12,7.58,18.18,20.5,51123,-17.44,-8.0,0.923
2022-12-11T01:44:04.000,16.97,-7.17,7.61,18.18,20.5,51124,-17.64,-8.0,0.923
2022-12-11T01:45:04.000,16.92,-7.17,7.59,18.18,20.5,51125,-17.85,-8.0,0.923
2022-12-11T01:46:04.000,16.85,-7.29,7.56,18.18,20.5,51126,-18.05,-8.0,0.923
2022-12-11T01:49:22.000,16.76,-7.15,7.59,18.18,20.5,51129,-18.72,-7.0,0.923
2022-12-11T01:50:22.000,16.75,-7.29,7.59,18.18,20.5,51130,-18.92,-7.0,0.923
2022-12-11T01:51:22.000,16.73,-7.29,7.58,18.18,20.5,51131,-19.13,-7.0,0.923
2022-12-11T01:54:24.000,16.61,-7.33,7.62,18.18,20.5,51134,-19.75,-6.0,0.923
2022-12-11T01:56:24.000,16.58,-7.24,7.58,18.18,20.5,51136,-20.15,-6.0,0.923
2022-12-11T02:00:30.000,16.54,-7.34,7.63,18.17,20.5,51140,-20.99,-5.0,0.923
2022-12-11T02:01:30.000,16.53,-7.34,7.68,18.17,20.5,51141,-21.2,-5.0,0.923
2022-12-11T02:02:30.000,16.53,-7.38,7.64,18.17,20.5,51142,-21.4,-5.0,0.923
2022-12-11T02:03:30.000,16.51,-7.38,7.63,18.17,20.5,51143,-21.61,-5.0,0.923
2022-12-11T02:04:30.000,16.54,-7.34,7.68,18.17,20.5,51144,-21.81,-5.0,0.923
2022-12-11T02:05:31.000,16.57,-7.37,7.62,18.17,20.5,51145,-22.02,-4.0,0.923
2022-12-11T02:06:31.000,16.55,-7.5,7.64,18.17,20.5,51146,-22.23,-4.0,0.923
2022-12-11T02:07:36.000,16.51,-7.55,7.64,18.17,20.5,51147,-22.45,-4.0,0.922
2022-12-11T02:08:36.000,16.49,-7.51,7.61,18.18,20.5,51148,-22.65,-4.0,0.922
2022-12-11T02:09:36.000,16.54,-7.42,7.62,18.17,20.5,51149,-22.86,-4.0,0.922
2022-12-11T02:10:36.000,16.54,-7.47,7.67,18.17,20.5,51150,-23.06,-3.0,0.922
2022-12-11T02:11:36.000,16.55,-7.54,7.63,18.17,20.5,51151,-23.27,-3.0,0.922
2022-12-11T02:12:36.000,16.54,-7.57,7.64,18.17,20.5,51152,-23.48,-3.0,0.922
2022-12-11T02:13:36.000,16.54,-7.57,7.61,18.18,20.5,51153,-23.68,-3.0,0.922
2022-12-11T02:14:36.000,16.53,-7.65,7.64,18.17,20.5,51154,-23.89,-3.0,0.922
2022-12-11T02:15:36.000,16.54,-7.55,7.65,18.17,20.5,51155,-24.09,-3.0,0.922
2022-12-11T02:16:36.000,16.57,-7.54,7.7,18.16,20.5,51156,-24.3,-2.0,0.922
2022-12-11T02:17:36.000,16.59,-7.58,7.63,18.17,20.5,51157,-24.51,-2.0,0.922
2022-12-11T02:18:37.000,16.56,-7.85,7.65,18.17,20.5,51158,-24.72,-2.0,0.922
2022-12-11T02:19:37.000,16.5,-7.85,7.66,18.17,20.5,51159,-24.92,-2.0,0.922
2022-12-11T02:20:37.000,16.46,-7.78,7.65,18.17,20.5,51160,-25.13,-2.0,0.922
2022-12-11T02:21:37.000,16.49,-7.75,7.71,18.16,20.5,51161,-25.33,-2.0,0.922
2022-12-11T02:22:37.000,16.46,-7.88,7.72,18.16,20.5,51162,-25.54,-1.0,0.922
2022-12-11T02:23:37.000,16.38,-8.03,7.71,18.16,20.5,51163,-25.75,-1.0,0.922
2022-12-11T02:24:37.000,16.36,-7.8,7.71,18.16,20.5,51164,-25.96,-1.0,0.922
2022-12-11T02:25:37.000,16.35,-7.9,7.71,18.16,20.5,51165,-26.16,-1.0,0.922
2022-12-11T02:26:37.000,16.26,-8.01,7.71,18.16,20.5,51166,-26.37,-1.0,0.922
2022-12-11T02:27:37.000,16.26,-7.76,7.68,18.17,20.5,51167,-26.58,-1.0,0.922
2022-12-11T02:28:37.000,16.27,-7.82,7.71,18.16,20.5,51168,-26.78,-0.0,0.922
2022-12-11T02:29:38.000,16.27,-7.86,7.7,18.16,20.5,51169,-26.99,-0.0,0.922
2022-12-11T02:30:37.000,16.31,-7.81,7.67,18.17,20.5,51170,-27.2,-0.0,0.922
2022-12-11T02:31:38.000,16.35,-7.9,7.68,18.17,20.5,51171,-27.41,0.0,0.922
2022-12-11T02:32:38.000,16.4,-7.8,7.75,18.16,20.5,51172,-27.62,0.0,0.922
2022-12-11T02:33:38.000,16.41,-7.96,7.95,18.13,20.5,51173,-27.82,0.0,0.922
2022-12-11T02:34:38.000,16.47,-7.85,7.81,18.15,20.5,51174,-28.03,1.0,0.922
2022-12-11T02:35:38.000,16.52,-7.9,7.75,18.16,20.5,51175,-28.24,1.0,0.922
2022-12-11T02:37:44.000,16.54,-8.13,7.8,18.15,20.5,51177,-28.68,1.0,0.921
2022-12-11T02:38:44.000,16.55,-8.12,8.14,18.11,20.5,51178,-28.88,1.0,0.921
2022-12-11T02:39:44.000,16.52,-8.3,8.05,18.12,20.5,51179,-29.09,2.0,0.921
2022-12-11T02:42:49.000,16.4,-8.42,7.97,18.13,20.5,51182,-29.73,2.0,0.921
2022-12-11T02:43:49.000,16.39,-8.47,7.97,18.13,20.5,51183,-29.94,2.0,0.921
2022-12-11T02:45:55.000,16.32,-8.6,8.02,18.12,20.5,51185,-30.38,3.0,0.921
2022-12-11T02:46:55.000,16.23,-8.88,8.29,18.08,20.5,51186,-30.59,3.0,0.921
2022-12-11T02:47:55.000,16.14,-8.85,8.62,18.04,20.5,51187,-30.8,3.0,0.921
2022-12-11T02:49:56.000,16.05,-8.75,8.92,18.01,20.5,51189,-31.22,3.0,0.921
2022-12-11T02:50:56.000,16.03,-8.89,8.05,18.12,20.5,51190,-31.43,4.0,0.921
2022-12-11T02:53:02.000,15.97,-8.89,7.99,18.12,20.5,51192,-31.87,4.0,0.921
2022-12-11T02:54:02.000,15.92,-8.91,7.97,18.13,20.5,51193,-32.07,4.0,0.921
2022-12-11T02:55:02.000,15.86,-8.97,7.96,18.13,20.5,51194,-32.28,4.0,0.921
2022-12-11T02:56:02.000,15.84,-9.0,7.99,18.12,20.5,51195,-32.49,4.0,0.921
2022-12-11T02:57:02.000,15.76,-9.07,8.01,18.12,20.5,51196,-32.7,5.0,0.921
2022-12-11T02:58:02.000,15.74,-8.93,8.14,18.1,20.5,51197,-32.91,5.0,0.921
2022-12-11T02:59:02.000,15.73,-8.93,8.04,18.12,20.5,51198,-33.12,5.0,0.921
2022-12-11T03:00:02.000,15.69,-8.89,8.08,18.11,20.5,51199,-33.33,5.0,0.921
2022-12-11T03:01:02.000,15.68,-8.96,8.08,18.11,20.5,51200,-33.54,5.0,0.921
2022-12-11T03:02:03.000,15.67,-8.87,8.13,18.11,20.5,51201,-33.75,6.0,0.921
2022-12-11T03:03:03.000,15.66,-8.84,8.15,18.1,20.5,51202,-33.96,6.0,0.921
2022-12-11T03:06:03.000,15.6,-8.89,8.23,18.09,20.5,51205,-34.59,6.0,0.92
2022-12-11T03:07:04.000,15.61,-8.83,8.31,18.08,20.5,51206,-34.8,6.0,0.92
2022-12-11T03:08:05.000,15.6,-9.01,8.41,18.07,20.5,51207,-35.02,7.0,0.92
2022-12-11T03:09:05.000,15.58,-8.96,8.61,18.04,20.5,51208,-35.23,7.0,0.92
2022-12-11T03:10:05.000,15.6,-8.9,8.67,18.03,20.5,51209,-35.44,7.0,0.92
2022-12-11T03:11:05.000,15.62,-8.89,8.69,18.03,20.5,51210,-35.65,7.0,0.92
2022-12-11T03:12:05.000,15.62,-8.93,8.71,18.03,20.5,51211,-35.86,7.0,0.92
2022-12-11T03:13:05.000,15.56,-9.03,8.65,18.04,20.5,51212,-36.07,8.0,0.92
2022-12-11T03:14:05.000,15.49,-9.14,8.7,18.03,20.5,51213,-36.28,8.0,0.92
2022-12-11T03:15:05.000,15.38,-9.19,8.73,18.03,20.5,51214,-36.49,8.0,0.92
2022-12-11T03:16:05.000,15.27,-9.21,8.81,18.02,20.5,51215,-36.7,8.0,0.92
2022-12-11T03:17:05.000,15.17,-9.19,9.28,17.96,20.5,51216,-36.91,8.0,0.92
2022-12-11T03:18:05.000,15.12,-9.09,9.04,17.99,20.5,51217,-37.12,8.0,0.92
2022-12-11T03:19:05.000,15.11,-8.89,8.78,18.02,20.5,51218,-37.33,9.0,0.92
2022-12-11T03:20:05.000,15.14,-8.88,8.77,18.02,20.5,51219,-37.54,9.0,0.92
2022-12-11T03:21:05.000,15.16,-8.96,8.78,18.02,20.5,51220,-37.75,9.0,0.92
2022-12-11T03:22:06.000,15.15,-9.11,8.78,18.02,20.5,51221,-37.96,9.0,0.92
2022-12-11T03:23:05.000,15.11,-9.1,8.79,18.02,20.5,51222,-38.17,9.0,0.92
2022-12-11T03:24:06.000,15.1,-9.12,9.0,17.99,20.5,51223,-38.39,10.0,0.92
2022-12-11T03:25:06.000,15.1,-9.03,8.82,18.02,20.5,51224,-38.6,10.0,0.92
2022-12-11T03:26:06.000,15.11,-9.16,8.81,18.02,20.5,51225,-38.81,10.0,0.92
2022-12-11T03:27:06.000,15.1,-9.18,8.81,18.02,20.5,51226,-39.02,10.0,0.92
2022-12-11T03:28:06.000,15.05,-9.21,8.87,18.01,20.5,51227,-39.23,10.0,0.92
2022-12-11T03:30:11.000,15.04,-9.16,8.92,18.0,20.5,51229,-39.67,11.0,0.92
2022-12-11T03:31:11.000,15.04,-9.14,8.92,18.0,20.5,51230,-39.88,11.0,0.92
2022-12-11T03:32:11.000,15.05,-9.13,8.94,18.0,20.5,51231,-40.09,11.0,0.92
2022-12-11T03:33:11.000,15.04,-9.2,8.97,18.0,20.5,51232,-40.3,11.0,0.919
2022-12-11T03:34:11.000,15.05,-9.13,8.96,18.0,20.5,51233,-40.51,11.0,0.919
2022-12-11T03:35:11.000,15.02,-9.3,8.99,18.0,20.5,51234,-40.72,12.0,0.919
2022-12-11T03:36:11.000,15.03,-9.17,9.01,17.99,20.5,51235,-40.93,12.0,0.919
2022-12-11T03:38:18.000,15.03,-9.23,9.04,17.99,20.5,51237,-41.38,12.0,0.919
2022-12-11T03:39:18.000,14.98,-9.31,9.06,17.99,20.5,51238,-41.59,12.0,0.919
2022-12-11T03:40:18.000,14.95,-9.38,9.09,17.98,20.5,51239,-41.8,13.0,0.919
2022-12-11T03:41:18.000,14.88,-9.43,9.12,17.98,20.5,51240,-42.01,13.0,0.919
2022-12-11T03:42:18.000,14.81,-9.47,9.13,17.98,20.5,51241,-42.22,13.0,0.919
2022-12-11T03:43:18.000,14.75,-9.54,9.14,17.98,20.5,51242,-42.43,13.0,0.919
2022-12-11T03:44:18.000,14.62,-9.76,9.15,17.98,20.5,51243,-42.65,13.0,0.919
2022-12-11T03:45:18.000,14.55,-9.56,9.18,17.97,20.5,51244,-42.86,14.0,0.919
2022-12-11T03:46:18.000,14.46,-9.61,9.2,17.97,20.5,51245,-43.07,14.0,0.919
2022-12-11T03:47:19.000,14.44,-9.53,9.23,17.97,20.5,51246,-43.28,14.0,0.919
2022-12-11T03:48:20.000,14.42,-9.49,9.26,17.96,20.5,51247,-43.5,14.0,0.919
2022-12-11T03:49:21.000,14.39,-9.68,9.29,17.96,20.5,51248,-43.71,14.0,0.919
2022-12-11T03:50:21.000,14.28,-9.79,9.31,17.96,20.5,51249,-43.92,15.0,0.919
2022-12-11T03:51:21.000,14.27,-9.48,9.34,17.95,20.5,51250,-44.14,15.0,0.919
2022-12-11T03:53:24.000,14.24,-9.44,9.37,17.95,20.5,51252,-44.57,15.0,0.919
2022-12-11T03:54:24.000,14.23,-9.52,9.38,17.95,20.5,51253,-44.78,15.0,0.919
2022-12-11T03:55:25.000,14.21,-9.47,9.41,17.95,20.5,51254,-45.0,15.0,0.919
2022-12-11T03:59:30.000,14.07,-9.69,9.51,17.93,20.5,51258,-45.86,16.0,0.919
2022-12-11T04:00:30.000,14.0,-9.69,9.54,17.93,20.5,51259,-46.07,16.0,0.919
2022-12-11T04:01:30.000,13.94,-9.85,9.58,17.93,20.5,51260,-46.28,17.0,0.918
2022-12-11T04:02:30.000,13.87,-9.78,9.61,17.92,20.5,51261,-46.49,17.0,0.918
2022-12-11T04:03:30.000,13.84,-9.81,9.63,17.92,20.5,51262,-46.7,17.0,0.918
2022-12-11T04:04:30.000,13.83,-9.73,9.63,17.92,20.5,51263,-46.92,17.0,0.918
2022-12-11T04:05:30.000,13.8,-9.89,9.63,17.92,20.5,51264,-47.13,17.0,0.918
2022-12-11T04:06:30.000,13.74,-9.91,9.61,17.92,20.5,51265,-47.34,18.0,0.918
2022-12-11T04:08:35.000,13.77,-9.7,9.65,17.92,20.5,51267,-47.78,18.0,0.918
2022-12-11T04:09:35.000,13.77,-9.72,9.72,17.91,20.5,51268,-47.99,18.0,0.918
2022-12-11T04:10:35.000,13.77,-9.75,9.75,17.91,20.5,51269,-48.2,18.0,0.918
2022-12-11T04:11:35.000,13.75,-9.79,9.75,17.91,20.5,51270,-48.41,19.0,0.918
2022-12-11T04:12:35.000,13.73,-9.8,9.76,17.91,20.5,51271,-48.62,19.0,0.918
2022-12-11T04:13:35.000,13.74,-9.69,9.76,17.91,20.5,51272,-48.84,19.0,0.918
2022-12-11T04:14:35.000,13.75,-9.81,9.75,17.91,20.5,51273,-49.05,19.0,0.918
2022-12-11T04:15:36.000,13.74,-9.76,9.73,17.91,20.5,51274,-49.26,19.0,0.918
2022-12-11T04:16:36.000,13.77,-9.73,9.7,17.91,20.5,51275,-49.47,20.0,0.918
2022-12-11T04:17:36.000,13.75,-9.87,9.86,17.9,20.5,51276,-49.69,20.0,0.918
2022-12-11T04:18:36.000,13.77,-9.78,9.73,17.91,20.5,51277,-49.9,20.0,0.918
2022-12-11T04:19:36.000,13.75,-9.95,9.65,17.92,20.5,51278,-50.11,20.0,0.918
2022-12-11T04:20:36.000,13.68,-9.95,9.67,17.92,20.5,51279,-50.32,20.0,0.918
2022-12-11T04:21:36.000,13.59,-10.09,9.66,17.92,20.5,51280,-50.53,21.0,0.918
2022-12-11T04:22:37.000,13.54,-10.16,9.69,17.91,20.5,51281,-50.75,21.0,0.918
