Downloads/jupyter/ECSV/stars19/stars19_2020-01.ecsv
# %ECSV 1.0
# ---
# datatype:
# - {name: time, datatype: string}
# - {name: Enclosure Temperature, unit: deg_C, datatype: float64}
# - {name: Sky Temperature, unit: deg_C, datatype: float64}
# - {name: Frequency, unit: Hz, datatype: float64}
# - {name: MSAS, unit: mag / arcsec2, datatype: float64}
# - {name: ZP, datatype: float64}
# - {name: Sequence Number, datatype: int64}
# - {name: Sun Alt, unit: deg, datatype: float64}
# - {name: Moon Alt, unit: deg, datatype: float64}
# - {name: Moon Illumination, datatype: float64}
# delimiter: ','
# meta: !!omap
# - ida:
#     Data supplier: {affiliation: null, observer: null}
#     Device type: TESS-W
#     Field of view: 17.0
#     Filters per channel: None
#     Instrument ID: stars19
#     License: ODbL 1.0 http://opendatacommons.org/licenses/odbl/summary/
#     Local timezone: America/Phoenix
#     Location name: {country: '- Tucson', place: Tucson, region: United States, sub_region: Arizona, town: Pima County}
#     Measurement direction per channel: {azimuth: 0.0, zenital: 0.0}
#     Moving / Fixed look direction: FIXED
#     Moving / Stationary position: STATIONARY
#     Number of channels: 1
#     Number of fields per line: 8
#     Number of header lines: 35
#     Position: {height: 0.0, latitude: 32.223877, longitude: -110.767532}
#     TESS MAC address: 18:FE:34:CF:EC:06
#     TESS cover offset value: 0.0
#     TESS firmware version: '1.0'
#     TESS zero point: 20.5
#     Time Synchronization: timestamp added by MQTT subscriber
#     URL: http://www.darksky.org/NSBM/sdf1.0.pdf
# - __serialized_columns__:
#     Enclosure Temperature:
#       __class__: astropy.units.quantity.Quantity
#       unit: &id001 !astropy.units.Unit {unit: deg_C}
#       value: !astropy.table.SerializedColumn {name: Enclosure Temperature}
#     Frequency:
#       __class__: astropy.units.quantity.Quantity
#       unit: !astropy.units.Unit {unit: Hz}
#       value: !astropy.table.SerializedColumn {name: Frequency}
#     MSAS:
#       __class__: astropy.units.quantity.Quantity
#       unit: !astropy.units.Unit {unit: mag / arcsec2}
#       value: !astropy.table.SerializedColumn {name: MSAS}
#     Moon Alt:
#       __class__: astropy.units.quantity.Quantity
#       unit: &id002 !astropy.units.Unit {unit: deg}
#       value: !astropy.table.SerializedColumn {name: Moon Alt}
#     Sky Temperature:
#       __class__: astropy.units.quantity.Quantity
#       unit: *id001
#       value: !astropy.table.SerializedColumn {name: Sky Temperature}
#     Sun Alt:
#       __class__: astropy.units.quantity.Quantity
#       unit: *id002
#       value: !astropy.table.SerializedColumn {name: Sun Alt}
#     time:
#       __class__: astropy.time.core.Time
#       format: isot
#       in_subfmt: '*'
#       out_subfmt: '*'
#       precision: 3
#       scale: utc
#       value: !astropy.table.SerializedColumn {name: time}
# schema: astropy-2.0
time,Enclosure Temperature,Sky Temperature,Frequency,MSAS,ZP,Sequence Number,Sun Alt,Moon Alt,Moon Illumination
[from data line 12800]
2020-01-15T08:26:43.000,13.06,-6.61,9.7,17.91,20.5,251115,-73.61,38.0,0.742
2020-01-15T08:27:43.000,13.08,-6.46,10.13,17.87,20.5,251116,-73.44,38.0,0.742
2020-01-15T08:28:44.000,13.12,-6.24,10.66,17.81,20.5,251117,-73.27,38.0,0.742
2020-01-15T08:29:44.000,13.13,-6.1,10.98,17.78,20.5,251118,-73.11,38.0,0.742
2020-01-15T08:30:44.000,13.12,-6.04,10.84,17.79,20.5,251119,-72.94,39.0,0.742
2020-01-15T08:31:44.000,13.11,-5.75,10.96,17.78,20.5,251120,-72.77,39.0,0.742
2020-01-15T08:37:45.000,13.19,-5.25,11.78,17.7,20.5,251126,-71.72,40.0,0.742
2020-01-15T08:38:45.000,13.2,-5.34,11.6,17.72,20.5,251127,-71.54,40.0,0.742
2020-01-15T08:39:45.000,13.19,-5.39,11.22,17.76,20.5,251128,-71.36,40.0,0.742
2020-01-15T08:40:46.000,13.19,-5.61,10.35,17.84,20.5,251129,-71.18,40.0,0.741
2020-01-15T08:46:48.000,13.19,-4.66,11.57,17.72,20.5,251135,-70.08,42.0,0.741
2020-01-15T08:47:48.000,13.24,-4.5,11.87,17.69,20.5,251136,-69.89,42.0,0.741
2020-01-15T08:48:48.000,13.28,-4.32,11.31,17.75,20.5,251137,-69.71,42.0,0.741
2020-01-15T08:49:48.000,13.35,-4.31,11.74,17.71,20.5,251138,-69.52,42.0,0.741
2020-01-15T08:50:49.000,13.38,-4.33,11.28,17.75,20.5,251139,-69.33,42.0,0.741
2020-01-15T08:52:49.000,13.37,-4.58,10.9,17.79,20.5,251141,-68.95,43.0,0.741
2020-01-15T08:53:50.000,13.38,-4.51,11.18,17.76,20.5,251142,-68.76,43.0,0.741
2020-01-15T08:54:50.000,13.35,-4.42,11.38,17.74,20.5,251143,-68.57,43.0,0.74
2020-01-15T08:55:50.000,13.36,-4.09,12.65,17.63,20.5,251144,-68.38,43.0,0.74
2020-01-15T08:56:50.000,13.38,-3.72,13.2,17.58,20.5,251145,-68.19,43.0,0.74
2020-01-15T08:58:51.000,13.42,-3.15,13.56,17.55,20.5,251147,-67.8,44.0,0.74
2020-01-15T08:59:51.000,13.44,-3.11,13.32,17.57,20.5,251148,-67.61,44.0,0.74
2020-01-15T09:00:51.000,13.48,-3.27,14.85,17.45,20.5,251149,-67.41,44.0,0.74
2020-01-15T09:01:51.000,13.43,-3.28,14.34,17.49,20.5,251150,-67.22,44.0,0.74
2020-01-15T09:02:52.000,13.41,-2.88,14.06,17.51,20.5,251151,-67.02,45.0,0.74
2020-01-15T09:03:52.000,13.47,-2.42,15.14,17.43,20.5,251152,-66.83,45.0,0.74
2020-01-15T09:04:52.000,13.53,-2.04,15.51,17.4,20.5,251153,-66.63,45.0,0.74
2020-01-15T09:05:52.000,13.55,-1.87,15.43,17.41,20.5,251154,-66.44,45.0,0.74
2020-01-15T09:06:52.000,13.58,-1.8,15.42,17.41,20.5,251155,-66.24,45.0,0.74
2020-01-15T09:07:53.000,13.65,-1.73,15.92,17.38,20.5,251156,-66.04,46.0,0.74
2020-01-15T09:08:53.000,13.71,-1.71,16.3,17.35,20.5,251157,-65.84,46.0,0.739
2020-01-15T09:12:54.000,13.75,-1.47,17.36,17.28,20.5,251161,-65.05,46.0,0.739
2020-01-15T09:14:54.000,13.7,-1.73,17.97,17.24,20.5,251163,-64.65,47.0,0.739
2020-01-15T09:15:55.000,13.6,-1.64,17.95,17.25,20.5,251164,-64.45,47.0,0.739
2020-01-15T09:16:55.000,13.57,-1.53,17.46,17.27,20.5,251165,-64.25,47.0,0.739
2020-01-15T09:17:55.000,13.58,-1.36,17.82,17.25,20.5,251166,-64.05,47.0,0.739
2020-01-15T09:18:56.000,13.62,-1.13,17.43,17.28,20.5,251167,-63.84,47.0,0.739
2020-01-15T09:19:56.000,13.61,-1.08,17.54,17.27,20.5,251168,-63.64,48.0,0.739
2020-01-15T09:20:56.000,13.59,-0.94,17.54,17.27,20.5,251169,-63.44,48.0,0.739
2020-01-15T09:21:56.000,13.64,-1.05,17.42,17.28,20.5,251170,-63.24,48.0,0.739
2020-01-15T09:22:57.000,13.69,-1.3,16.9,17.31,20.5,251171,-63.03,48.0,0.738
2020-01-15T09:23:57.000,13.64,-1.82,16.5,17.34,20.5,251172,-62.83,48.0,0.738
2020-01-15T09:24:57.000,13.65,-2.48,15.42,17.41,20.5,251173,-62.63,49.0,0.738
2020-01-15T09:27:58.000,13.39,-5.12,12.77,17.61,20.5,251176,-62.02,49.0,0.738
2020-01-15T09:28:59.000,13.32,-5.43,13.34,17.57,20.5,251177,-61.81,49.0,0.738
2020-01-15T09:29:59.000,13.26,-5.57,13.63,17.54,20.5,251178,-61.61,49.0,0.738
2020-01-15T09:30:59.000,13.26,-5.65,13.25,17.58,20.5,251179,-61.4,50.0,0.738
2020-01-15T09:31:59.000,13.27,-5.79,13.06,17.59,20.5,251180,-61.2,50.0,0.738
2020-01-15T09:33:00.000,13.27,-5.95,10.85,17.79,20.5,251181,-60.99,50.0,0.738
2020-01-15T09:34:00.000,13.32,-6.14,10.66,17.81,20.5,251182,-60.79,50.0,0.738
2020-01-15T09:35:00.000,13.23,-6.75,9.93,17.89,20.5,251183,-60.58,50.0,0.738
2020-01-15T09:36:00.000,13.19,-6.58,9.71,17.91,20.5,251184,-60.38,50.0,0.738
2020-01-15T09:37:00.000,13.12,-6.8,9.64,17.92,20.5,251185,-60.17,51.0,0.737
2020-01-15T09:38:01.000,13.0,-6.37,10.83,17.8,20.5,251186,-59.96,51.0,0.737
2020-01-15T09:39:01.000,12.94,-5.91,12.42,17.65,20.5,251187,-59.76,51.0,0.737
2020-01-15T09:40:01.000,12.93,-5.49,13.55,17.55,20.5,251188,-59.55,51.0,0.737
2020-01-15T09:41:02.000,12.91,-5.03,12.98,17.6,20.5,251189,-59.34,51.0,0.737
2020-01-15T09:42:02.000,12.95,-4.9,12.82,17.61,20.5,251190,-59.14,51.0,0.737
2020-01-15T09:43:02.000,12.95,-4.92,12.89,17.6,20.5,251191,-58.93,52.0,0.737
2020-01-15T09:44:02.000,12.85,-5.46,12.73,17.62,20.5,251192,-58.72,52.0,0.737
2020-01-15T09:45:02.000,12.77,-5.34,11.68,17.71,20.5,251193,-58.52,52.0,0.737
2020-01-15T09:46:03.000,12.69,-5.79,12.88,17.61,20.5,251194,-58.31,52.0,0.737
2020-01-15T09:47:03.000,12.55,-5.97,12.14,17.67,20.5,251195,-58.1,52.0,0.737
2020-01-15T09:48:03.000,12.45,-6.25,11.26,17.75,20.5,251196,-57.89,52.0,0.737
2020-01-15T09:49:03.000,12.36,-6.58,10.62,17.82,20.5,251197,-57.69,53.0,0.737
2020-01-15T09:50:04.000,12.29,-6.92,8.86,18.01,20.5,251198,-57.47,53.0,0.737
2020-01-15T09:51:04.000,12.31,-6.99,8.39,18.07,20.5,251199,-57.27,53.0,0.736
2020-01-15T09:52:04.000,12.35,-7.46,9.02,18.0,20.5,251200,-57.06,53.0,0.736
2020-01-15T09:53:05.000,12.36,-7.94,6.86,18.29,20.5,251201,-56.85,53.0,0.736
2020-01-15T09:54:05.000,12.38,-8.23,8.37,18.08,20.5,251202,-56.64,53.0,0.736
2020-01-15T09:55:05.000,12.39,-8.56,9.03,17.99,20.5,251203,-56.43,53.0,0.736
2020-01-15T09:56:05.000,12.37,-8.87,9.59,17.94,20.5,251204,-56.22,54.0,0.736
2020-01-15T09:57:05.000,12.36,-9.06,9.95,17.89,20.5,251205,-56.02,54.0,0.736
2020-01-15T09:58:06.000,12.32,-9.18,9.05,17.99,20.5,251206,-55.8,54.0,0.736
2020-01-15T09:59:07.000,12.31,-9.28,9.35,17.95,20.5,251207,-55.59,54.0,0.736
2020-01-15T10:00:07.000,12.28,-9.43,9.48,17.94,20.5,251208,-55.38,54.0,0.736
2020-01-15T10:01:07.000,12.23,-9.55,9.6,17.92,20.5,251209,-55.17,54.0,0.736
2020-01-15T10:02:07.000,12.19,-9.66,9.36,17.95,20.5,251210,-54.96,55.0,0.736
2020-01-15T10:09:08.000,11.97,-9.86,9.94,17.89,20.5,251217,-53.5,56.0,0.735
2020-01-15T10:15:09.000,11.68,-10.61,10.0,17.88,20.5,251223,-52.23,56.0,0.735
2020-01-15T10:16:09.000,11.63,-10.73,9.76,17.91,20.5,251224,-52.02,56.0,0.735
2020-01-15T10:17:10.000,11.52,-11.0,8.93,18.0,20.5,251225,-51.81,57.0,0.735
2020-01-15T10:18:10.000,11.46,-10.7,8.82,18.02,20.5,251226,-51.6,57.0,0.735
2020-01-15T10:19:10.000,11.46,-10.7,8.82,18.02,20.5,251227,-51.39,57.0,0.734
2020-01-15T10:20:11.000,11.45,-10.64,8.64,18.04,20.5,251228,-51.18,57.0,0.734
2020-01-15T10:30:12.000,11.4,-8.68,10.12,17.87,20.5,251238,-49.07,58.0,0.734
2020-01-15T10:31:12.000,11.44,-8.15,11.37,17.74,20.5,251239,-48.85,58.0,0.734
2020-01-15T10:32:12.000,11.48,-7.72,12.85,17.61,20.5,251240,-48.64,59.0,0.734
2020-01-15T10:33:13.000,11.52,-7.3,13.36,17.57,20.5,251241,-48.43,59.0,0.733
2020-01-15T10:34:13.000,11.56,-7.0,14.05,17.51,20.5,251242,-48.22,59.0,0.733
2020-01-15T10:37:13.000,11.69,-5.56,17.04,17.3,20.5,251245,-47.59,59.0,0.733
2020-01-15T10:40:14.000,11.79,-3.47,19.4,17.16,20.5,251248,-46.95,59.0,0.733
2020-01-15T10:41:14.000,11.82,-3.09,19.28,17.17,20.5,251249,-46.74,60.0,0.733
2020-01-15T10:42:14.000,11.84,-2.94,18.9,17.19,20.5,251250,-46.53,60.0,0.733
2020-01-15T10:43:14.000,11.81,-3.16,18.34,17.22,20.5,251251,-46.31,60.0,0.733
2020-01-15T10:44:15.000,11.8,-3.11,18.64,17.2,20.5,251252,-46.1,60.0,0.733
2020-01-15T10:45:15.000,11.85,-2.91,19.43,17.16,20.5,251253,-45.89,60.0,0.733
2020-01-15T10:46:15.000,11.95,-2.71,18.89,17.19,20.5,251254,-45.68,60.0,0.733
2020-01-15T10:47:16.000,12.02,-2.5,20.23,17.12,20.5,251255,-45.46,60.0,0.732
2020-01-15T10:48:16.000,12.1,-2.24,20.3,17.11,20.5,251256,-45.25,60.0,0.732
2020-01-15T10:49:16.000,12.15,-2.11,20.24,17.11,20.5,251257,-45.04,60.0,0.732
2020-01-15T10:50:17.000,12.11,-2.31,20.15,17.12,20.5,251258,-44.82,60.0,0.732
2020-01-15T10:58:18.000,12.3,-4.46,16.29,17.36,20.5,251266,-43.13,61.0,0.732
2020-01-15T11:07:19.000,12.07,-7.56,16.78,17.32,20.5,251275,-41.22,62.0,0.731
2020-01-15T11:08:20.000,12.05,-7.59,16.41,17.35,20.5,251276,-41.01,62.0,0.731
2020-01-15T11:10:20.000,11.96,-7.68,17.71,17.26,20.5,251278,-40.58,62.0,0.731
2020-01-15T11:11:20.000,11.88,-7.87,15.74,17.39,20.5,251279,-40.37,62.0,0.731
2020-01-15T11:12:20.000,11.78,-7.96,16.19,17.36,20.5,251280,-40.16,62.0,0.731
2020-01-15T11:13:21.000,11.66,-8.32,13.15,17.58,20.5,251281,-39.95,62.0,0.731
2020-01-15T11:14:21.000,11.63,-8.13,14.98,17.45,20.5,251282,-39.73,62.0,0.731
2020-01-15T11:15:21.000,11.63,-8.36,12.56,17.64,20.5,251283,-39.52,62.0,0.73
2020-01-15T11:16:21.000,11.62,-8.42,10.81,17.8,20.5,251284,-39.31,62.0,0.73
2020-01-15T11:17:21.000,11.61,-8.39,11.93,17.69,20.5,251285,-39.1,62.0,0.73
2020-01-15T11:18:21.000,11.61,-8.15,13.71,17.54,20.5,251286,-38.89,62.0,0.73
2020-01-15T11:19:22.000,11.62,-7.91,16.48,17.34,20.5,251287,-38.67,62.0,0.73
2020-01-15T11:21:22.000,11.63,-7.42,17.79,17.26,20.5,251289,-38.25,63.0,0.73
2020-01-15T11:22:22.000,11.65,-7.1,19.66,17.15,20.5,251290,-38.04,63.0,0.73
2020-01-15T11:23:22.000,11.67,-6.89,21.06,17.07,20.5,251291,-37.83,63.0,0.73
2020-01-15T11:24:23.000,11.68,-6.63,19.02,17.18,20.5,251292,-37.61,63.0,0.73
2020-01-15T11:25:23.000,11.74,-6.49,19.86,17.14,20.5,251293,-37.4,63.0,0.73
2020-01-15T11:26:23.000,11.76,-6.61,19.61,17.15,20.5,251294,-37.19,63.0,0.73
2020-01-15T11:28:23.000,11.79,-6.76,17.16,17.3,20.5,251296,-36.77,63.0,0.73
2020-01-15T11:29:24.000,11.78,-6.82,15.27,17.43,20.5,251297,-36.56,63.0,0.729
2020-01-15T11:31:24.000,11.82,-6.94,14.69,17.46,20.5,251299,-36.13,63.0,0.729
2020-01-15T11:32:24.000,11.85,-7.02,15.48,17.41,20.5,251300,-35.92,63.0,0.729
2020-01-15T11:33:25.000,11.84,-7.14,12.71,17.63,20.5,251301,-35.71,63.0,0.729
2020-01-15T11:34:25.000,11.85,-7.25,14.91,17.46,20.5,251302,-35.5,63.0,0.729
2020-01-15T11:35:25.000,11.86,-7.38,16.55,17.34,20.5,251303,-35.29,63.0,0.729
2020-01-15T11:36:25.000,11.87,-7.65,13.5,17.56,20.5,251304,-35.08,63.0,0.729
2020-01-15T11:38:26.000,11.88,-7.88,14.01,17.52,20.5,251306,-34.65,63.0,0.729
2020-01-15T11:39:26.000,11.87,-7.79,15.06,17.44,20.5,251307,-34.44,63.0,0.729
2020-01-15T11:40:26.000,11.89,-7.54,15.07,17.44,20.5,251308,-34.23,63.0,0.729
2020-01-15T11:41:26.000,11.89,-7.23,16.58,17.33,20.5,251309,-34.02,63.0,0.729
2020-01-15T11:42:26.000,11.92,-6.92,16.9,17.31,20.5,251310,-33.81,63.0,0.729
2020-01-15T11:43:27.000,11.93,-6.78,18.41,17.22,20.5,251311,-33.59,63.0,0.728
2020-01-15T11:45:27.000,11.87,-6.78,18.64,17.21,20.5,251313,-33.17,63.0,0.728
2020-01-15T11:46:28.000,11.83,-6.43,18.4,17.22,20.5,251314,-32.96,63.0,0.728
2020-01-15T11:48:29.000,11.86,-5.91,20.8,17.09,20.5,251316,-32.53,63.0,0.728
2020-01-15T11:49:30.000,11.87,-5.62,22.21,17.02,20.5,251317,-32.32,63.0,0.728
2020-01-15T11:50:30.000,11.89,-5.38,21.44,17.05,20.5,251318,-32.11,63.0,0.728
2020-01-15T11:51:30.000,11.93,-5.21,22.46,17.0,20.5,251319,-31.9,63.0,0.728
2020-01-15T11:52:31.000,11.96,-5.05,22.76,16.99,20.5,251320,-31.69,63.0,0.728
2020-01-15T11:53:31.000,11.98,-4.69,21.98,17.03,20.5,251321,-31.48,63.0,0.728
2020-01-15T11:54:31.000,12.01,-4.26,21.47,17.05,20.5,251322,-31.27,63.0,0.728
2020-01-15T11:55:31.000,12.03,-3.84,22.15,17.02,20.5,251323,-31.06,63.0,0.728
2020-01-15T12:16:35.000,12.1,-4.64,20.2,17.12,20.5,251344,-26.65,62.0,0.726
2020-01-15T12:17:35.000,12.04,-4.92,19.45,17.16,20.5,251345,-26.44,62.0,0.726
2020-01-15T12:19:36.000,12.09,-5.94,16.69,17.33,20.5,251347,-26.02,62.0,0.726
2020-01-15T12:20:36.000,12.06,-6.53,15.96,17.37,20.5,251348,-25.81,62.0,0.726
2020-01-15T12:21:36.000,12.04,-7.14,14.79,17.39,20.5,251349,-25.6,62.0,0.726
2020-01-15T12:22:37.000,12.02,-7.77,15.99,17.37,20.5,251350,-25.39,62.0,0.726
2020-01-15T12:23:37.000,11.97,-8.45,14.7,17.46,20.5,251351,-25.18,61.0,0.726
2020-01-15T12:24:37.000,11.92,-9.05,13.97,17.52,20.5,251352,-24.97,61.0,0.725
2020-01-15T12:25:37.000,11.86,-9.58,13.74,17.54,20.5,251353,-24.76,61.0,0.725
2020-01-15T12:27:38.000,11.67,-10.45,13.8,17.53,20.5,251355,-24.34,61.0,0.725
2020-01-15T12:28:38.000,11.65,-10.69,13.34,17.57,20.5,251356,-24.14,61.0,0.725
2020-01-15T12:29:39.000,11.57,-10.97,13.46,17.56,20.5,251357,-23.92,61.0,0.725
2020-01-15T12:30:39.000,11.5,-11.11,13.13,17.58,20.5,251358,-23.72,61.0,0.725
2020-01-15T12:31:39.000,11.45,-11.27,13.16,17.58,20.5,251359,-23.51,61.0,0.725
2020-01-15T12:33:39.000,11.33,-11.48,12.82,17.61,20.5,251361,-23.09,61.0,0.725
2020-01-15T12:34:40.000,11.3,-11.35,13.19,17.58,20.5,251362,-22.88,61.0,0.725
2020-01-15T12:35:40.000,11.25,-11.38,13.83,17.53,20.5,251363,-22.68,60.0,0.725
2020-01-15T12:36:40.000,11.22,-11.28,14.52,17.48,20.5,251364,-22.47,60.0,0.725
2020-01-15T12:37:40.000,11.16,-11.31,12.99,17.6,20.5,251365,-22.26,60.0,0.725
2020-01-15T12:38:40.000,11.12,-11.29,10.6,17.82,20.5,251366,-22.05,60.0,0.724
2020-01-15T12:39:41.000,11.08,-11.36,11.53,17.73,20.5,251367,-21.84,60.0,0.724
2020-01-15T12:40:41.000,11.06,-11.21,14.14,17.5,20.5,251368,-21.64,60.0,0.724
2020-01-15T12:41:41.000,11.02,-11.17,14.76,17.46,20.5,251369,-21.43,60.0,0.724
2020-01-15T12:42:42.000,11.0,-10.94,14.64,17.47,20.5,251370,-21.22,60.0,0.724
2020-01-15T12:43:42.000,11.0,-10.74,14.47,17.48,20.5,251371,-21.01,60.0,0.724
2020-01-15T12:44:42.000,10.97,-10.52,14.23,17.5,20.5,251372,-20.81,60.0,0.724
2020-01-15T12:45:42.000,10.97,-10.33,15.5,17.41,20.5,251373,-20.6,59.0,0.724
2020-01-15T12:46:43.000,10.94,-10.3,15.0,17.44,20.5,251374,-20.39,59.0,0.724
2020-01-15T12:47:43.000,10.92,-10.27,15.51,17.41,20.5,251375,-20.18,59.0,0.724
2020-01-15T12:48:43.000,10.91,-10.31,15.21,17.43,20.5,251376,-19.98,59.0,0.724
2020-01-15T12:49:43.000,10.9,-10.28,14.43,17.48,20.5,251377,-19.77,59.0,0.724
2020-01-15T12:50:43.000,10.92,-10.33,14.89,17.45,20.5,251378,-19.57,59.0,0.724
2020-01-15T12:51:44.000,10.92,-10.46,14.86,17.45,20.5,251379,-19.36,59.0,0.724
2020-01-15T12:52:44.000,10.93,-10.48,15.34,17.42,20.5,251380,-19.15,59.0,0.723
2020-01-15T12:53:44.000,10.93,-10.42,15.96,17.37,20.5,251381,-18.95,59.0,0.723
2020-01-15T12:54:45.000,10.93,-10.25,15.44,17.41,20.5,251382,-18.74,58.0,0.723
2020-01-15T12:55:45.000,10.95,-10.05,16.74,17.32,20.5,251383,-18.53,58.0,0.723
2020-01-15T12:56:45.000,10.96,-9.88,14.02,17.52,20.5,251384,-18.33,58.0,0.723
2020-01-15T12:57:45.000,10.97,-9.88,14.38,17.49,20.5,251385,-18.12,58.0,0.723
2020-01-15T12:59:46.000,10.96,-9.86,14.99,17.44,20.5,251387,-17.71,58.0,0.723
2020-01-15T13:04:47.000,11.03,-8.88,14.7,17.46,20.5,251392,-16.68,57.0,0.723
2020-01-15T13:05:47.000,11.05,-8.98,14.72,17.47,20.5,251393,-16.48,57.0,0.722
2020-01-15T13:06:48.000,11.06,-9.16,13.88,17.53,20.5,251394,-16.27,57.0,0.722
2020-01-15T13:07:48.000,11.06,-9.24,10.62,17.82,20.5,251395,-16.06,57.0,0.722
2020-01-15T13:08:48.000,11.06,-9.38,10.7,17.83,20.5,251396,-15.86,57.0,0.722
2020-01-15T13:09:48.000,11.04,-9.42,9.45,17.94,20.5,251397,-15.66,56.0,0.722
2020-01-15T13:10:48.000,10.99,-9.35,10.67,17.81,20.5,251398,-15.45,56.0,0.722
2020-01-15T13:11:49.000,10.96,-9.2,12.79,17.62,20.5,251399,-15.25,56.0,0.722
2020-01-15T13:12:49.000,10.92,-8.92,12.34,17.65,20.5,251400,-15.04,56.0,0.722
2020-01-15T13:15:49.000,10.93,-8.35,14.25,17.5,20.5,251403,-14.43,56.0,0.722
2020-01-15T13:18:50.000,10.97,-8.83,10.01,17.88,20.5,251406,-13.82,55.0,0.722
2020-01-15T13:19:50.000,11.01,-8.85,10.21,17.86,20.5,251407,-13.62,55.0,0.721
2020-01-15T13:20:50.000,11.02,-8.84,10.63,17.81,20.5,251408,-13.41,55.0,0.721
2020-01-15T13:21:50.000,11.05,-8.73,9.9,17.89,20.5,251409,-13.21,55.0,0.721
2020-01-15T13:22:51.000,11.05,-8.73,11.28,17.75,20.5,251410,-13.01,55.0,0.721
2020-01-15T13:24:51.000,10.98,-8.88,12.78,17.61,20.5,251412,-12.6,54.0,0.721
2020-01-15T13:25:51.000,10.92,-9.2,11.72,17.71,20.5,251413,-12.4,54.0,0.721
2020-01-15T13:26:51.000,10.9,-9.37,10.31,17.85,20.5,251414,-12.2,54.0,0.721
2020-01-15T13:27:51.000,10.88,-9.56,10.67,17.81,20.5,251415,-12.0,54.0,0.721
2020-01-15T13:28:51.000,10.87,-9.76,9.26,17.97,20.5,251416,-11.79,54.0,0.721
