Downloads/jupyter/ECSV/stars19/stars19_2019-09.ecsv
# %ECSV 1.0
# ---
# datatype:
# - {name: time, datatype: string}
# - {name: Enclosure Temperature, unit: deg_C, datatype: float64}
# - {name: Sky Temperature, unit: deg_C, datatype: float64}
# - {name: Frequency, unit: Hz, datatype: float64}
# - {name: MSAS, unit: mag / arcsec2, datatype: float64}
# - {name: ZP, datatype: float64}
# - {name: Sequence Number, datatype: int64}
# - {name: Sun Alt, unit: deg, datatype: float64}
# - {name: Moon Alt, unit: deg, datatype: float64}
# - {name: Moon Illumination, datatype: float64}
# delimiter: ','
# meta: !!omap
# - ida:
#     Data supplier: {affiliation: null, observer: null}
#     Device type: TESS-W
#     Field of view: 17.0
#     Filters per channel: None
#     Instrument ID: stars19
#     License: ODbL 1.0 http://opendatacommons.org/licenses/odbl/summary/
#     Local timezone: America/Phoenix
#     Location name: {country: '- Tucson', place: Tucson, region: United States, sub_region: Arizona, town: Pima County}
#     Measurement direction per channel: {azimuth: 0.0, zenital: 0.0}
#     Moving / Fixed look direction: FIXED
#     Moving / Stationary position: STATIONARY
#     Number of channels: 1
#     Number of fields per line: 8
#     Number of header lines: 35
#     Position: {height: 0.0, latitude: 32.223877, longitude: -110.767532}
#     TESS MAC address: 18:FE:34:CF:EC:06
#     TESS cover offset value: 0.0
#     TESS firmware version: '1.0'
#     TESS zero point: 20.5
#     Time Synchronization: timestamp added by MQTT subscriber
#     URL: http://www.darksky.org/NSBM/sdf1.0.pdf
# - __serialized_columns__:
#     Enclosure Temperature:
#       __class__: astropy.units.quantity.Quantity
#       unit: &id001 !astropy.units.Unit {unit: deg_C}
#       value: !astropy.table.SerializedColumn {name: Enclosure Temperature}
#     Frequency:
#       __class__: astropy.units.quantity.Quantity
#       unit: !astropy.units.Unit {unit: Hz}
#       value: !astropy.table.SerializedColumn {name: Frequency}
#     MSAS:
#       __class__: astropy.units.quantity.Quantity
#       unit: !astropy.units.Unit {unit: mag / arcsec2}
#       value: !astropy.table.SerializedColumn {name: MSAS}
#     Moon Alt:
#       __class__: astropy.units.quantity.Quantity
#       unit: &id002 !astropy.units.Unit {unit: deg}
#       value: !astropy.table.SerializedColumn {name: Moon Alt}
#     Sky Temperature:
#       __class__: astropy.units.quantity.Quantity
#       unit: *id001
#       value: !astropy.table.SerializedColumn {name: Sky Temperature}
#     Sun Alt:
#       __class__: astropy.units.quantity.Quantity
#       unit: *id002
#       value: !astropy.table.SerializedColumn {name: Sun Alt}
#     time:
#       __class__: astropy.time.core.Time
#       format: isot
#       in_subfmt: '*'
#       out_subfmt: '*'
#       precision: 3
#       scale: utc
#       value: !astropy.table.SerializedColumn {name: time}
# schema: astropy-2.0
time,Enclosure Temperature,Sky Temperature,Frequency,MSAS,ZP,Sequence Number,Sun Alt,Moon Alt,Moon Illumination
[from data line 11172]
2019-09-16T04:26:43.000,28.48,8.4,3.24,19.1,20.5,77608,-36.42,21.0,0.962
2019-09-16T04:27:43.000,28.48,8.32,3.25,19.1,20.5,77609,-36.6,21.0,0.962
2019-09-16T04:28:44.000,28.45,8.25,3.26,19.1,20.5,77610,-36.78,21.0,0.962
2019-09-16T04:29:44.000,28.44,8.32,3.29,19.09,20.5,77611,-36.96,21.0,0.962
2019-09-16T04:30:44.000,28.41,8.24,3.31,19.08,20.5,77612,-37.14,22.0,0.962
2019-09-16T04:31:44.000,28.4,8.33,3.34,19.07,20.5,77613,-37.32,22.0,0.962
2019-09-16T04:32:44.000,28.38,8.29,3.34,19.07,20.5,77614,-37.49,22.0,0.962
2019-09-16T04:33:44.000,28.28,7.93,3.35,19.07,20.5,77615,-37.67,22.0,0.962
2019-09-16T04:34:44.000,28.11,7.89,3.37,19.06,20.5,77616,-37.84,23.0,0.962
2019-09-16T04:35:45.000,28.08,8.16,3.39,19.06,20.5,77617,-38.02,23.0,0.962
2019-09-16T04:36:45.000,28.08,8.25,3.4,19.05,20.5,77618,-38.2,23.0,0.962
2019-09-16T04:37:45.000,28.06,8.17,3.42,19.05,20.5,77619,-38.37,23.0,0.962
2019-09-16T04:38:45.000,28.04,8.19,3.43,19.04,20.5,77620,-38.54,23.0,0.962
2019-09-16T04:39:45.000,28.04,8.16,3.43,19.04,20.5,77621,-38.72,24.0,0.962
2019-09-16T04:40:45.000,28.04,8.22,3.43,19.04,20.5,77622,-38.89,24.0,0.962
2019-09-16T04:41:45.000,28.02,8.06,3.43,19.04,20.5,77623,-39.06,24.0,0.962
2019-09-16T04:42:45.000,27.97,8.07,3.43,19.04,20.5,77624,-39.23,24.0,0.962
2019-09-16T04:43:45.000,27.98,8.18,3.47,19.03,20.5,77625,-39.4,24.0,0.962
2019-09-16T04:44:45.000,27.94,8.02,3.47,19.03,20.5,77626,-39.57,25.0,0.962
2019-09-16T04:45:45.000,27.87,7.97,3.48,19.02,20.5,77627,-39.74,25.0,0.962
2019-09-16T04:46:45.000,27.83,7.97,3.47,19.03,20.5,77628,-39.91,25.0,0.962
2019-09-16T04:47:45.000,27.79,7.96,3.46,19.03,20.5,77629,-40.08,25.0,0.962
2019-09-16T04:48:45.000,27.76,8.03,3.47,19.03,20.5,77630,-40.25,25.0,0.962
2019-09-16T04:50:46.000,27.72,7.99,3.51,19.02,20.5,77632,-40.59,26.0,0.962
2019-09-16T04:51:46.000,27.69,8.03,3.55,19.0,20.5,77633,-40.76,26.0,0.962
2019-09-16T04:52:46.000,27.67,7.98,3.61,18.99,20.5,77634,-40.92,26.0,0.962
2019-09-16T04:53:46.000,27.6,7.95,3.62,18.98,20.5,77635,-41.09,26.0,0.962
2019-09-16T04:54:46.000,27.58,8.08,3.63,18.98,20.5,77636,-41.25,27.0,0.962
2019-09-16T04:55:46.000,27.58,8.05,3.67,18.97,20.5,77637,-41.42,27.0,0.962
2019-09-16T04:56:46.000,27.55,7.97,3.7,18.96,20.5,77638,-41.58,27.0,0.962
2019-09-16T04:57:53.000,27.53,8.01,3.74,18.95,20.5,77639,-41.76,27.0,0.962
2019-09-16T04:58:53.000,27.49,8.0,3.77,18.94,20.5,77640,-41.93,27.0,0.962
2019-09-16T04:59:53.000,27.5,8.03,3.85,18.92,20.5,77641,-42.09,28.0,0.962
2019-09-16T05:00:53.000,27.47,8.02,3.9,18.9,20.5,77642,-42.25,28.0,0.962
2019-09-16T05:01:53.000,27.46,8.06,3.94,18.89,20.5,77643,-42.41,28.0,0.962
2019-09-16T05:02:53.000,27.48,8.1,3.96,18.89,20.5,77644,-42.57,28.0,0.962
2019-09-16T05:04:53.000,27.47,8.15,4.01,18.87,20.5,77646,-42.89,29.0,0.961
2019-09-16T05:05:53.000,27.49,8.14,4.05,18.86,20.5,77647,-43.05,29.0,0.961
2019-09-16T05:06:53.000,27.49,8.09,4.11,18.85,20.5,77648,-43.2,29.0,0.961
2019-09-16T05:07:53.000,27.49,8.07,4.16,18.83,20.5,77649,-43.36,29.0,0.961
2019-09-16T05:08:53.000,27.45,7.97,4.2,18.82,20.5,77650,-43.52,29.0,0.961
2019-09-16T05:09:53.000,27.38,7.86,4.25,18.81,20.5,77651,-43.67,30.0,0.961
2019-09-16T05:10:54.000,27.36,7.88,4.29,18.8,20.5,77652,-43.83,30.0,0.961
2019-09-16T05:11:54.000,27.32,7.88,4.33,18.79,20.5,77653,-43.98,30.0,0.961
2019-09-16T05:12:54.000,27.35,8.04,4.41,18.77,20.5,77654,-44.14,30.0,0.961
2019-09-16T05:13:54.000,27.32,7.9,4.48,18.75,20.5,77655,-44.29,30.0,0.961
2019-09-16T05:14:54.000,27.31,7.99,4.53,18.74,20.5,77656,-44.44,31.0,0.961
2019-09-16T05:15:54.000,27.32,8.03,4.56,18.73,20.5,77657,-44.59,31.0,0.961
2019-09-16T05:16:54.000,27.31,8.03,4.56,18.73,20.5,77658,-44.75,31.0,0.961
2019-09-16T05:17:54.000,27.3,8.07,4.59,18.73,20.5,77659,-44.9,31.0,0.961
2019-09-16T05:18:54.000,27.3,8.03,4.6,18.72,20.5,77660,-45.04,31.0,0.961
2019-09-16T05:19:54.000,27.31,8.17,4.63,18.72,20.5,77661,-45.19,31.0,0.961
2019-09-16T05:20:54.000,27.32,8.08,4.66,18.71,20.5,77662,-45.34,32.0,0.961
2019-09-16T05:21:54.000,27.28,8.06,4.74,18.69,20.5,77663,-45.49,32.0,0.961
2019-09-16T05:22:54.000,27.3,8.22,4.79,18.68,20.5,77664,-45.63,32.0,0.961
2019-09-16T05:23:54.000,27.35,8.29,4.84,18.67,20.5,77665,-45.78,32.0,0.961
2019-09-16T05:24:54.000,27.41,8.35,4.75,18.69,20.5,77666,-45.92,32.0,0.961
2019-09-16T05:25:54.000,27.46,8.29,4.77,18.68,20.5,77667,-46.07,33.0,0.961
2019-09-16T05:26:55.000,27.51,8.28,4.75,18.69,20.5,77668,-46.21,33.0,0.961
2019-09-16T05:27:54.000,27.53,8.23,4.73,18.69,20.5,77669,-46.35,33.0,0.961
2019-09-16T05:28:55.000,27.54,8.09,4.62,18.72,20.5,77670,-46.5,33.0,0.961
2019-09-16T05:29:55.000,27.55,8.18,4.52,18.74,20.5,77671,-46.64,33.0,0.961
2019-09-16T05:31:55.000,27.57,8.02,4.53,18.74,20.5,77673,-46.92,34.0,0.961
2019-09-16T05:32:55.000,27.47,7.7,4.48,18.75,20.5,77674,-47.05,34.0,0.961
2019-09-16T05:33:55.000,27.39,7.81,4.47,18.75,20.5,77675,-47.19,34.0,0.961
2019-09-16T05:34:55.000,27.37,8.0,4.45,18.76,20.5,77676,-47.33,34.0,0.961
2019-09-16T05:35:55.000,27.37,7.99,4.48,18.75,20.5,77677,-47.46,35.0,0.961
2019-09-16T05:36:55.000,27.37,7.96,4.45,18.76,20.5,77678,-47.6,35.0,0.961
2019-09-16T05:37:55.000,27.35,7.98,4.4,18.77,20.5,77679,-47.73,35.0,0.961
2019-09-16T05:38:55.000,27.36,8.13,4.4,18.77,20.5,77680,-47.86,35.0,0.961
2019-09-16T05:39:55.000,27.35,7.99,4.33,18.79,20.5,77681,-48.0,35.0,0.961
2019-09-16T05:40:55.000,27.37,8.16,4.32,18.79,20.5,77682,-48.13,36.0,0.961
2019-09-16T05:41:55.000,27.38,8.14,4.2,18.82,20.5,77683,-48.26,36.0,0.961
2019-09-16T05:42:55.000,27.4,8.16,4.14,18.84,20.5,77684,-48.39,36.0,0.961
2019-09-16T05:43:55.000,27.42,8.21,4.1,18.85,20.5,77685,-48.51,36.0,0.961
2019-09-16T05:44:56.000,27.44,8.17,4.12,18.84,20.5,77686,-48.64,36.0,0.96
2019-09-16T05:45:56.000,27.47,8.1,4.14,18.84,20.5,77687,-48.77,36.0,0.96
2019-09-16T05:46:56.000,27.43,8.03,4.16,18.83,20.5,77688,-48.89,37.0,0.96
2019-09-16T05:47:56.000,27.43,8.07,4.22,18.82,20.5,77689,-49.02,37.0,0.96
2019-09-16T05:48:56.000,27.44,8.08,4.31,18.79,20.5,77690,-49.14,37.0,0.96
2019-09-16T05:49:56.000,27.43,8.06,4.39,18.77,20.5,77691,-49.26,37.0,0.96
2019-09-16T05:51:56.000,27.43,8.11,4.4,18.77,20.5,77693,-49.51,38.0,0.96
2019-09-16T05:52:56.000,27.4,8.07,4.54,18.74,20.5,77694,-49.62,38.0,0.96
2019-09-16T05:54:56.000,27.37,8.07,4.77,18.68,20.5,77696,-49.86,38.0,0.96
2019-09-16T05:55:56.000,27.36,8.09,4.69,18.7,20.5,77697,-49.98,38.0,0.96
2019-09-16T05:56:56.000,27.35,8.04,4.59,18.72,20.5,77698,-50.09,39.0,0.96
2019-09-16T05:57:56.000,27.31,7.82,4.46,18.76,20.5,77699,-50.2,39.0,0.96
2019-09-16T05:58:56.000,27.24,7.87,4.51,18.75,20.5,77700,-50.32,39.0,0.96
2019-09-16T06:00:57.000,27.26,8.04,4.9,18.65,20.5,77702,-50.54,39.0,0.96
2019-09-16T06:01:57.000,27.26,8.06,5.65,18.5,20.5,77703,-50.65,39.0,0.96
2019-09-16T06:02:57.000,27.26,8.03,6.36,18.37,20.5,77704,-50.76,40.0,0.96
2019-09-16T06:03:57.000,27.17,7.79,6.76,18.31,20.5,77705,-50.87,40.0,0.96
2019-09-16T06:04:57.000,27.17,8.13,6.08,18.42,20.5,77706,-50.97,40.0,0.96
2019-09-16T06:05:57.000,27.18,8.11,5.94,18.45,20.5,77707,-51.08,40.0,0.96
2019-09-16T06:06:57.000,27.2,8.21,6.2,18.4,20.5,77708,-51.18,40.0,0.96
2019-09-16T06:07:57.000,27.2,8.17,6.39,18.37,20.5,77709,-51.28,41.0,0.96
2019-09-16T06:08:57.000,27.2,8.21,6.73,18.31,20.5,77710,-51.39,41.0,0.96
2019-09-16T06:09:57.000,27.2,8.24,7.11,18.25,20.5,77711,-51.49,41.0,0.96
2019-09-16T06:10:57.000,27.2,8.14,7.77,18.15,20.5,77712,-51.59,41.0,0.96
2019-09-16T06:11:57.000,27.17,8.21,8.7,18.03,20.5,77713,-51.68,41.0,0.96
2019-09-16T06:12:57.000,27.17,8.23,9.2,17.97,20.5,77714,-51.78,41.0,0.96
2019-09-16T06:13:57.000,27.16,8.3,9.64,17.92,20.5,77715,-51.87,42.0,0.96
2019-09-16T06:14:57.000,27.17,8.38,10.14,17.86,20.5,77716,-51.97,42.0,0.96
2019-09-16T06:15:58.000,27.18,8.45,10.88,17.79,20.5,77717,-52.06,42.0,0.96
2019-09-16T06:16:58.000,27.15,8.37,11.13,17.76,20.5,77718,-52.16,42.0,0.96
2019-09-16T06:17:58.000,27.13,8.46,11.7,17.71,20.5,77719,-52.25,42.0,0.96
2019-09-16T06:18:58.000,27.12,8.51,12.04,17.68,20.5,77720,-52.33,43.0,0.96
2019-09-16T06:19:58.000,27.13,8.58,12.46,17.64,20.5,77721,-52.42,43.0,0.96
2019-09-16T06:20:58.000,27.14,8.58,12.82,17.61,20.5,77722,-52.51,43.0,0.96
2019-09-16T06:21:58.000,27.13,8.51,13.18,17.58,20.5,77723,-52.59,43.0,0.96
2019-09-16T06:22:58.000,27.08,8.46,13.13,17.58,20.5,77724,-52.68,43.0,0.96
2019-09-16T06:23:58.000,26.99,8.34,12.09,17.67,20.5,77725,-52.76,43.0,0.959
2019-09-16T06:24:58.000,26.95,8.53,11.44,17.73,20.5,77726,-52.84,44.0,0.959
2019-09-16T06:25:58.000,27.02,8.62,11.31,17.75,20.5,77727,-52.92,44.0,0.959
2019-09-16T06:26:58.000,27.01,8.28,11.47,17.73,20.5,77728,-53.0,44.0,0.959
2019-09-16T06:27:58.000,26.93,8.32,12.84,17.61,20.5,77729,-53.08,44.0,0.959
2019-09-16T06:28:58.000,26.98,8.5,13.36,17.57,20.5,77730,-53.15,44.0,0.959
2019-09-16T06:29:58.000,27.02,8.4,13.49,17.55,20.5,77731,-53.23,44.0,0.959
2019-09-16T06:30:59.000,27.0,8.23,13.63,17.54,20.5,77732,-53.3,45.0,0.959
2019-09-16T06:31:59.000,26.95,8.08,13.73,17.54,20.5,77733,-53.37,45.0,0.959
2019-09-16T06:32:59.000,26.92,8.11,13.54,17.55,20.5,77734,-53.44,45.0,0.959
2019-09-16T06:33:59.000,26.96,8.19,13.17,17.58,20.5,77735,-53.51,45.0,0.959
2019-09-16T06:34:59.000,26.99,8.1,12.96,17.6,20.5,77736,-53.58,45.0,0.959
2019-09-16T06:36:59.000,27.0,7.99,12.21,17.66,20.5,77738,-53.71,46.0,0.959
2019-09-16T06:37:59.000,26.99,7.9,12.01,17.68,20.5,77739,-53.78,46.0,0.959
2019-09-16T06:39:59.000,26.93,7.69,11.71,17.71,20.5,77741,-53.9,46.0,0.959
2019-09-16T06:40:59.000,26.87,7.63,11.58,17.72,20.5,77742,-53.96,46.0,0.959
2019-09-16T06:41:59.000,26.84,7.6,11.52,17.73,20.5,77743,-54.01,46.0,0.959
2019-09-16T06:42:59.000,26.8,7.59,11.37,17.74,20.5,77744,-54.07,47.0,0.959
2019-09-16T06:43:59.000,26.78,7.53,11.22,17.76,20.5,77745,-54.12,47.0,0.959
2019-09-16T06:44:59.000,26.78,7.62,11.07,17.77,20.5,77746,-54.18,47.0,0.959
2019-09-16T06:45:59.000,26.73,7.43,10.96,17.78,20.5,77747,-54.23,47.0,0.959
2019-09-16T06:46:59.000,26.71,7.54,10.91,17.79,20.5,77748,-54.28,47.0,0.959
2019-09-16T06:48:00.000,26.73,7.65,10.93,17.78,20.5,77749,-54.33,47.0,0.959
2019-09-16T06:49:00.000,26.72,7.48,10.95,17.78,20.5,77750,-54.37,48.0,0.959
2019-09-16T06:50:00.000,26.63,7.33,11.01,17.78,20.5,77751,-54.42,48.0,0.959
2019-09-16T06:51:00.000,26.59,7.63,11.17,17.76,20.5,77752,-54.46,48.0,0.959
2019-09-16T06:52:00.000,26.6,7.7,11.3,17.75,20.5,77753,-54.51,48.0,0.959
2019-09-16T06:53:00.000,26.62,7.79,11.39,17.74,20.5,77754,-54.55,48.0,0.959
2019-09-16T06:54:00.000,26.66,7.79,11.48,17.73,20.5,77755,-54.59,48.0,0.959
2019-09-16T06:55:00.000,26.67,7.76,11.58,17.72,20.5,77756,-54.62,49.0,0.959
2019-09-16T06:56:00.000,26.71,7.87,11.74,17.71,20.5,77757,-54.66,49.0,0.959
2019-09-16T06:57:00.000,26.71,7.79,11.71,17.71,20.5,77758,-54.69,49.0,0.959
2019-09-16T06:58:00.000,26.7,7.73,11.78,17.7,20.5,77759,-54.73,49.0,0.959
2019-09-16T06:59:00.000,26.72,7.86,11.77,17.7,20.5,77760,-54.76,49.0,0.959
2019-09-16T07:00:00.000,26.74,7.81,11.76,17.7,20.5,77761,-54.79,49.0,0.959
2019-09-16T07:01:00.000,26.74,7.77,11.75,17.7,20.5,77762,-54.82,49.0,0.959
2019-09-16T07:02:00.000,26.75,7.76,11.98,17.68,20.5,77763,-54.84,50.0,0.959
2019-09-16T07:03:00.000,26.74,7.75,11.94,17.69,20.5,77764,-54.87,50.0,0.958
2019-09-16T07:04:00.000,26.74,7.67,12.07,17.68,20.5,77765,-54.89,50.0,0.958
2019-09-16T07:05:01.000,26.73,7.76,12.25,17.66,20.5,77766,-54.92,50.0,0.958
2019-09-16T07:06:01.000,26.71,7.73,12.44,17.64,20.5,77767,-54.94,50.0,0.958
2019-09-16T07:07:01.000,26.7,7.81,12.46,17.64,20.5,77768,-54.95,50.0,0.958
2019-09-16T07:08:01.000,26.68,7.7,12.5,17.64,20.5,77769,-54.97,51.0,0.958
2019-09-16T07:09:01.000,26.65,7.73,12.55,17.63,20.5,77770,-54.99,51.0,0.958
2019-09-16T07:10:01.000,26.67,7.91,12.45,17.64,20.5,77771,-55.0,51.0,0.958
2019-09-16T07:11:01.000,26.7,7.89,12.46,17.64,20.5,77772,-55.01,51.0,0.958
2019-09-16T07:12:01.000,26.71,7.88,12.46,17.64,20.5,77773,-55.02,51.0,0.958
2019-09-16T07:13:01.000,26.72,7.83,12.53,17.64,20.5,77774,-55.03,51.0,0.958
2019-09-16T07:15:01.000,26.71,7.75,12.64,17.63,20.5,77776,-55.05,52.0,0.958
2019-09-16T07:16:01.000,26.71,7.72,12.69,17.62,20.5,77777,-55.05,52.0,0.958
2019-09-16T07:17:01.000,26.71,7.67,12.72,17.62,20.5,77778,-55.05,52.0,0.958
2019-09-16T07:18:01.000,26.71,7.65,12.75,17.62,20.5,77779,-55.06,52.0,0.958
2019-09-16T07:19:01.000,26.69,7.55,12.82,17.61,20.5,77780,-55.06,52.0,0.958
2019-09-16T07:20:01.000,26.68,7.6,12.92,17.6,20.5,77781,-55.05,52.0,0.958
2019-09-16T07:21:01.000,26.69,7.58,12.97,17.6,20.5,77782,-55.05,52.0,0.958
2019-09-16T07:22:02.000,26.68,7.54,13.01,17.59,20.5,77783,-55.04,52.0,0.958
2019-09-16T07:23:02.000,26.64,7.4,13.07,17.59,20.5,77784,-55.04,53.0,0.958
2019-09-16T07:24:02.000,26.65,7.54,13.12,17.59,20.5,77785,-55.03,53.0,0.958
2019-09-16T07:25:02.000,26.68,7.55,13.15,17.58,20.5,77786,-55.02,53.0,0.958
2019-09-16T07:26:02.000,26.68,7.51,13.2,17.58,20.5,77787,-55.01,53.0,0.958
2019-09-16T07:27:02.000,26.69,7.47,13.17,17.58,20.5,77788,-54.99,53.0,0.958
2019-09-16T07:28:02.000,26.7,7.46,13.06,17.59,20.5,77789,-54.98,53.0,0.958
2019-09-16T07:29:02.000,26.69,7.44,12.94,17.6,20.5,77790,-54.96,53.0,0.958
2019-09-16T07:30:02.000,26.68,7.4,12.87,17.61,20.5,77791,-54.94,54.0,0.958
2019-09-16T07:32:02.000,26.57,7.39,12.64,17.63,20.5,77793,-54.9,54.0,0.958
2019-09-16T07:33:02.000,26.58,7.49,12.45,17.64,20.5,77794,-54.88,54.0,0.958
2019-09-16T07:34:02.000,26.58,7.43,12.21,17.66,20.5,77795,-54.86,54.0,0.958
2019-09-16T07:35:02.000,26.58,7.32,12.06,17.68,20.5,77796,-54.83,54.0,0.958
2019-09-16T07:36:02.000,26.57,7.26,11.97,17.68,20.5,77797,-54.8,54.0,0.958
2019-09-16T07:37:02.000,26.56,7.16,11.94,17.69,20.5,77798,-54.77,54.0,0.958
2019-09-16T07:38:03.000,26.53,7.17,12.0,17.68,20.5,77799,-54.74,54.0,0.958
2019-09-16T07:39:03.000,26.53,7.18,11.99,17.68,20.5,77800,-54.71,55.0,0.958
2019-09-16T07:40:03.000,26.48,7.14,11.89,17.69,20.5,77801,-54.68,55.0,0.958
2019-09-16T07:41:03.000,26.48,7.23,11.83,17.7,20.5,77802,-54.64,55.0,0.957
2019-09-16T07:42:03.000,26.45,7.21,11.69,17.71,20.5,77803,-54.6,55.0,0.957
2019-09-16T07:44:03.000,26.42,7.11,11.5,17.73,20.5,77805,-54.52,55.0,0.957
2019-09-16T07:45:03.000,26.39,7.02,11.47,17.73,20.5,77806,-54.48,55.0,0.957
2019-09-16T07:49:04.000,26.24,7.12,11.5,17.73,20.5,77810,-54.3,56.0,0.957
2019-09-16T07:50:04.000,26.21,7.14,11.48,17.73,20.5,77811,-54.25,56.0,0.957
2019-09-16T07:51:04.000,26.23,7.23,11.58,17.72,20.5,77812,-54.2,56.0,0.957
2019-09-16T07:52:04.000,26.23,7.23,11.71,17.71,20.5,77813,-54.15,56.0,0.957
2019-09-16T07:53:04.000,26.22,7.13,11.81,17.7,20.5,77814,-54.09,56.0,0.957
2019-09-16T07:54:04.000,26.24,7.15,11.98,17.68,20.5,77815,-54.04,56.0,0.957
2019-09-16T07:55:04.000,26.24,7.12,11.92,17.69,20.5,77816,-53.98,56.0,0.957
2019-09-16T07:56:04.000,26.24,7.14,12.02,17.68,20.5,77817,-53.92,56.0,0.957
2019-09-16T07:57:04.000,26.24,7.01,12.05,17.68,20.5,77818,-53.86,57.0,0.957
2019-09-16T07:58:04.000,26.23,7.06,12.01,17.68,20.5,77819,-53.8,57.0,0.957
2019-09-16T07:59:04.000,26.22,6.94,12.07,17.68,20.5,77820,-53.74,57.0,0.957
2019-09-16T08:00:04.000,26.2,6.98,12.12,17.67,20.5,77821,-53.68,57.0,0.957
2019-09-16T08:01:04.000,26.19,7.01,11.97,17.68,20.5,77822,-53.61,57.0,0.957
2019-09-16T08:02:05.000,26.23,7.04,11.83,17.7,20.5,77823,-53.54,57.0,0.957
2019-09-16T08:03:05.000,26.24,6.92,11.9,17.69,20.5,77824,-53.47,57.0,0.957
2019-09-16T08:04:05.000,26.2,6.91,11.93,17.69,20.5,77825,-53.4,57.0,0.957
2019-09-16T08:05:05.000,26.21,7.02,12.01,17.68,20.5,77826,-53.33,57.0,0.957
2019-09-16T08:06:05.000,26.21,6.94,11.94,17.69,20.5,77827,-53.26,57.0,0.957
2019-09-16T08:07:05.000,26.2,6.92,11.78,17.7,20.5,77828,-53.19,57.0,0.957
2019-09-16T08:08:05.000,26.2,6.91,11.72,17.71,20.5,77829,-53.11,57.0,0.957
2019-09-16T08:09:05.000,26.16,6.8,11.85,17.7,20.5,77830,-53.03,58.0,0.957
2019-09-16T08:10:05.000,26.17,6.91,11.95,17.69,20.5,77831,-52.96,58.0,0.957
2019-09-16T08:11:05.000,26.18,6.82,11.99,17.68,20.5,77832,-52.88,58.0,0.957
2019-09-16T08:12:05.000,26.16,6.81,11.96,17.69,20.5,77833,-52.8,58.0,0.957
2019-09-16T08:13:05.000,26.15,6.75,11.96,17.69,20.5,77834,-52.71,58.0,0.957
