Downloads/jupyter/ECSV/stars19/stars19_2020-05.ecsv
# %ECSV 1.0
# ---
# datatype:
# - {name: time, datatype: string}
# - {name: Enclosure Temperature, unit: deg_C, datatype: float64}
# - {name: Sky Temperature, unit: deg_C, datatype: float64}
# - {name: Frequency, unit: Hz, datatype: float64}
# - {name: MSAS, unit: mag / arcsec2, datatype: float64}
# - {name: ZP, datatype: float64}
# - {name: Sequence Number, datatype: int64}
# - {name: Sun Alt, unit: deg, datatype: float64}
# - {name: Moon Alt, unit: deg, datatype: float64}
# - {name: Moon Illumination, datatype: float64}
# delimiter: ','
# meta: !!omap
# - ida:
#     Data supplier: {affiliation: null, observer: null}
#     Device type: TESS-W
#     Field of view: 17.0
#     Filters per channel: None
#     Instrument ID: stars19
#     License: ODbL 1.0 http://opendatacommons.org/licenses/odbl/summary/
#     Local timezone: America/Phoenix
#     Location name: {country: '- Tucson', place: Tucson, region: United States, sub_region: Arizona, town: Pima County}
#     Measurement direction per channel: {azimuth: 0.0, zenital: 0.0}
#     Moving / Fixed look direction: FIXED
#     Moving / Stationary position: STATIONARY
#     Number of channels: 1
#     Number of fields per line: 8
#     Number of header lines: 35
#     Position: {height: 0.0, latitude: 32.223877, longitude: -110.767532}
#     TESS MAC address: 18:FE:34:CF:EC:06
#     TESS cover offset value: 0.0
#     TESS firmware version: '1.0'
#     TESS zero point: 20.5
#     Time Synchronization: timestamp added by MQTT subscriber
#     URL: http://www.darksky.org/NSBM/sdf1.0.pdf
# - __serialized_columns__:
#     Enclosure Temperature:
#       __class__: astropy.units.quantity.Quantity
#       unit: &id001 !astropy.units.Unit {unit: deg_C}
#       value: !astropy.table.SerializedColumn {name: Enclosure Temperature}
#     Frequency:
#       __class__: astropy.units.quantity.Quantity
#       unit: !astropy.units.Unit {unit: Hz}
#       value: !astropy.table.SerializedColumn {name: Frequency}
#     MSAS:
#       __class__: astropy.units.quantity.Quantity
#       unit: !astropy.units.Unit {unit: mag / arcsec2}
#       value: !astropy.table.SerializedColumn {name: MSAS}
#     Moon Alt:
#       __class__: astropy.units.quantity.Quantity
#       unit: &id002 !astropy.units.Unit {unit: deg}
#       value: !astropy.table.SerializedColumn {name: Moon Alt}
#     Sky Temperature:
#       __class__: astropy.units.quantity.Quantity
#       unit: *id001
#       value: !astropy.table.SerializedColumn {name: Sky Temperature}
#     Sun Alt:
#       __class__: astropy.units.quantity.Quantity
#       unit: *id002
#       value: !astropy.table.SerializedColumn {name: Sun Alt}
#     time:
#       __class__: astropy.time.core.Time
#       format: isot
#       in_subfmt: '*'
#       out_subfmt: '*'
#       precision: 3
#       scale: utc
#       value: !astropy.table.SerializedColumn {name: time}
# schema: astropy-2.0
time,Enclosure Temperature,Sky Temperature,Frequency,MSAS,ZP,Sequence Number,Sun Alt,Moon Alt,Moon Illumination
[from data line 5867]
2020-05-08T19:18:59.000,49.57,21.11,0.0,0.0,20.5,18609,75.15,-69.0,0.973
2020-05-08T19:19:59.000,49.51,21.18,0.0,0.0,20.5,18610,75.15,-69.0,0.973
2020-05-08T19:21:00.000,49.55,21.25,0.0,0.0,20.5,18611,75.14,-69.0,0.973
2020-05-08T19:26:01.000,50.43,22.13,0.0,0.0,20.5,18616,75.08,-70.0,0.973
2020-05-08T19:27:01.000,50.64,22.23,0.0,0.0,20.5,18617,75.05,-70.0,0.973
2020-05-08T19:28:01.000,50.7,22.29,0.0,0.0,20.5,18618,75.03,-70.0,0.973
2020-05-08T19:31:02.000,50.84,23.14,0.0,0.0,20.5,18621,74.92,-71.0,0.973
2020-05-08T19:32:02.000,51.0,22.86,0.0,0.0,20.5,18622,74.88,-71.0,0.973
2020-05-08T19:33:02.000,51.72,26.08,0.0,0.0,20.5,18623,74.84,-71.0,0.973
2020-05-08T19:35:03.000,53.02,22.6,0.0,0.0,20.5,18625,74.74,-71.0,0.973
2020-05-08T19:36:03.000,52.45,21.48,0.0,0.0,20.5,18626,74.69,-71.0,0.973
2020-05-08T19:37:03.000,51.79,21.19,0.0,0.0,20.5,18627,74.63,-72.0,0.973
2020-05-08T19:43:05.000,50.16,22.1,0.0,0.0,20.5,18633,74.23,-73.0,0.973
2020-05-08T19:44:05.000,50.07,21.73,0.0,0.0,20.5,18634,74.15,-73.0,0.973
2020-05-08T19:45:05.000,49.74,21.24,0.0,0.0,20.5,18635,74.07,-73.0,0.973
2020-05-08T19:50:06.000,48.63,20.15,0.0,0.0,20.5,18640,73.63,-74.0,0.973
2020-05-08T19:51:07.000,48.63,20.72,0.0,0.0,20.5,18641,73.53,-74.0,0.973
2020-05-08T19:54:07.000,49.02,21.15,0.0,0.0,20.5,18644,73.22,-74.0,0.973
2020-05-08T19:56:08.000,48.78,20.39,0.0,0.0,20.5,18646,73.01,-74.0,0.972
2020-05-08T19:57:08.000,48.7,20.65,0.0,0.0,20.5,18647,72.9,-75.0,0.972
2020-05-08T19:58:08.000,48.73,20.63,0.0,0.0,20.5,18648,72.78,-75.0,0.972
2020-05-08T20:01:10.000,48.76,21.07,0.0,0.0,20.5,18651,72.43,-75.0,0.972
2020-05-08T20:03:10.000,48.68,20.51,0.0,0.0,20.5,18653,72.18,-75.0,0.972
2020-05-08T20:05:10.000,48.49,20.79,0.0,0.0,20.5,18655,71.93,-75.0,0.972
2020-05-08T20:06:11.000,48.7,21.34,0.0,0.0,20.5,18656,71.8,-76.0,0.972
2020-05-08T20:07:11.000,49.36,22.9,0.0,0.0,20.5,18657,71.67,-76.0,0.972
2020-05-08T20:11:12.000,52.52,24.65,0.0,0.0,20.5,18661,71.12,-76.0,0.972
2020-05-08T20:12:13.000,54.25,23.92,0.0,0.0,20.5,18662,70.98,-76.0,0.972
2020-05-08T20:13:13.000,55.66,23.74,0.0,0.0,20.5,18663,70.84,-76.0,0.972
2020-05-08T20:15:13.000,57.65,23.03,0.0,0.0,20.5,18665,70.55,-77.0,0.972
2020-05-08T20:16:14.000,58.57,22.12,0.0,0.0,20.5,18666,70.4,-77.0,0.972
2020-05-08T20:17:14.000,58.91,21.01,0.0,0.0,20.5,18667,70.25,-77.0,0.972
2020-05-08T20:28:16.000,60.68,23.16,0.0,0.0,20.5,18678,68.53,-77.0,0.972
2020-05-08T20:29:17.000,61.21,22.39,0.0,0.0,20.5,18679,68.36,-77.0,0.972
2020-05-08T20:30:17.000,61.29,21.92,0.0,0.0,20.5,18680,68.2,-78.0,0.972
2020-05-08T20:33:18.000,62.36,22.75,0.0,0.0,20.5,18683,67.7,-78.0,0.971
2020-05-08T20:34:18.000,62.76,23.75,0.0,0.0,20.5,18684,67.53,-78.0,0.971
2020-05-08T20:35:18.000,63.22,23.38,0.0,0.0,20.5,18685,67.36,-78.0,0.971
2020-05-08T20:36:18.000,63.18,22.62,0.0,0.0,20.5,18686,67.19,-78.0,0.971
2020-05-08T20:37:18.000,63.25,22.69,0.0,0.0,20.5,18687,67.02,-78.0,0.971
2020-05-08T20:38:19.000,62.34,19.6,0.0,0.0,20.5,18688,66.84,-78.0,0.971
2020-05-08T20:40:19.000,59.23,18.3,0.0,0.0,20.5,18690,66.49,-78.0,0.971
2020-05-08T20:41:19.000,58.86,22.64,0.0,0.0,20.5,18691,66.32,-78.0,0.971
2020-05-08T20:42:19.000,59.18,22.57,0.0,0.0,20.5,18692,66.14,-78.0,0.971
2020-05-08T20:51:21.000,52.83,21.23,0.0,0.0,20.5,18701,64.52,-78.0,0.971
2020-05-08T20:52:21.000,52.15,20.71,0.0,0.0,20.5,18702,64.34,-78.0,0.971
2020-05-08T20:54:21.000,51.1,21.71,0.0,0.0,20.5,18704,63.97,-78.0,0.971
2020-05-08T20:55:21.000,50.57,21.07,0.0,0.0,20.5,18705,63.78,-77.0,0.971
2020-05-08T20:58:22.000,49.37,21.72,0.0,0.0,20.5,18708,63.22,-77.0,0.971
2020-05-08T20:59:23.000,48.93,21.62,0.0,0.0,20.5,18709,63.03,-77.0,0.971
2020-05-08T21:00:23.000,48.55,22.02,0.0,0.0,20.5,18710,62.84,-77.0,0.971
2020-05-08T21:02:24.000,47.68,21.59,0.0,0.0,20.5,18712,62.46,-77.0,0.971
2020-05-08T21:03:24.000,47.07,21.18,0.0,0.0,20.5,18713,62.27,-77.0,0.971
2020-05-08T21:04:24.000,46.54,21.55,0.0,0.0,20.5,18714,62.08,-77.0,0.971
2020-05-08T21:05:24.000,45.99,21.24,0.0,0.0,20.5,18715,61.89,-77.0,0.971
2020-05-08T21:06:25.000,45.56,21.81,0.0,0.0,20.5,18716,61.7,-77.0,0.971
2020-05-08T21:13:26.000,42.6,22.19,0.0,0.0,20.5,18723,60.34,-76.0,0.97
2020-05-08T21:14:26.000,42.54,22.29,0.0,0.0,20.5,18724,60.15,-76.0,0.97
2020-05-08T21:20:27.000,41.52,21.46,0.0,0.0,20.5,18730,58.97,-75.0,0.97
2020-05-08T21:21:27.000,41.15,21.59,0.0,0.0,20.5,18731,58.77,-75.0,0.97
2020-05-08T21:22:27.000,41.04,22.01,0.0,0.0,20.5,18732,58.58,-75.0,0.97
2020-05-08T21:28:28.000,40.23,21.8,0.0,0.0,20.5,18738,57.38,-74.0,0.97
2020-05-08T21:29:29.000,40.3,22.2,0.0,0.0,20.5,18739,57.18,-74.0,0.97
2020-05-08T21:30:29.000,40.21,21.66,0.0,0.0,20.5,18740,56.98,-74.0,0.97
2020-05-08T21:34:30.000,40.48,22.42,0.0,0.0,20.5,18744,56.17,-74.0,0.97
2020-05-08T21:35:31.000,40.67,22.38,0.0,0.0,20.5,18745,55.97,-73.0,0.97
2020-05-08T21:38:31.000,41.25,22.38,0.0,0.0,20.5,18748,55.36,-73.0,0.97
2020-05-08T21:55:33.000,43.71,21.96,0.0,0.0,20.5,18765,51.88,-70.0,0.969
2020-05-08T21:56:33.000,43.78,21.89,0.0,0.0,20.5,18766,51.68,-70.0,0.969
2020-05-08T21:57:34.000,43.84,22.14,0.0,0.0,20.5,18767,51.47,-70.0,0.969
2020-05-08T21:58:34.000,43.86,21.71,0.0,0.0,20.5,18768,51.26,-70.0,0.969
2020-05-08T22:00:35.000,43.79,21.54,0.0,0.0,20.5,18770,50.85,-69.0,0.969
2020-05-08T22:02:36.000,43.76,21.34,0.0,0.0,20.5,18772,50.43,-69.0,0.969
2020-05-08T22:03:36.000,43.77,21.23,0.0,0.0,20.5,18773,50.22,-69.0,0.969
2020-05-08T22:04:36.000,43.68,20.99,0.0,0.0,20.5,18774,50.02,-69.0,0.969
2020-05-08T22:30:42.000,43.69,15.98,0.0,0.0,20.5,18800,44.57,-64.0,0.968
2020-05-08T22:31:42.000,43.52,15.4,0.0,0.0,20.5,18801,44.36,-64.0,0.968
2020-05-08T22:32:42.000,43.26,14.97,0.0,0.0,20.5,18802,44.15,-64.0,0.968
2020-05-08T22:35:43.000,42.64,14.55,0.0,0.0,20.5,18805,43.52,-63.0,0.968
2020-05-08T22:40:44.000,41.42,14.23,0.0,0.0,20.5,18810,42.46,-62.0,0.968
2020-05-08T22:41:44.000,41.26,15.13,0.0,0.0,20.5,18811,42.25,-62.0,0.968
2020-05-08T22:44:44.000,40.74,14.77,0.0,0.0,20.5,18814,41.62,-61.0,0.968
2020-05-08T22:47:45.000,40.33,15.23,0.0,0.0,20.5,18817,40.99,-61.0,0.968
2020-05-08T22:48:45.000,40.18,15.58,0.0,0.0,20.5,18818,40.78,-61.0,0.968
2020-05-08T22:49:46.000,40.01,15.68,0.0,0.0,20.5,18819,40.56,-60.0,0.968
2020-05-08T22:51:46.000,39.76,16.42,0.0,0.0,20.5,18821,40.14,-60.0,0.968
2020-05-08T22:52:46.000,39.7,16.59,0.0,0.0,20.5,18822,39.93,-60.0,0.968
2020-05-08T22:53:46.000,39.72,17.18,0.0,0.0,20.5,18823,39.72,-60.0,0.968
2020-05-08T22:58:47.000,39.56,18.08,0.0,0.0,20.5,18828,38.66,-59.0,0.967
2020-05-08T22:59:48.000,39.4,18.15,0.0,0.0,20.5,18829,38.44,-59.0,0.967
2020-05-08T23:00:48.000,39.4,18.83,0.0,0.0,20.5,18830,38.23,-58.0,0.967
2020-05-08T23:01:49.000,39.37,18.71,0.0,0.0,20.5,18831,38.02,-58.0,0.967
2020-05-08T23:02:49.000,39.35,19.2,0.0,0.0,20.5,18832,37.81,-58.0,0.967
2020-05-08T23:07:50.000,39.53,19.49,0.0,0.0,20.5,18837,36.75,-57.0,0.967
2020-05-08T23:08:50.000,39.54,19.53,0.0,0.0,20.5,18838,36.54,-57.0,0.967
2020-05-08T23:10:51.000,39.5,19.28,0.0,0.0,20.5,18840,36.11,-56.0,0.967
2020-05-08T23:11:51.000,39.46,19.73,0.0,0.0,20.5,18841,35.9,-56.0,0.967
2020-05-08T23:12:51.000,39.45,19.53,0.0,0.0,20.5,18842,35.69,-56.0,0.967
2020-05-08T23:25:54.000,38.98,18.86,0.0,0.0,20.5,18855,32.93,-53.0,0.967
2020-05-08T23:26:54.000,38.87,18.52,0.0,0.0,20.5,18856,32.72,-53.0,0.967
2020-05-08T23:27:54.000,38.75,18.46,0.0,0.0,20.5,18857,32.51,-53.0,0.967
2020-05-08T23:35:55.000,38.44,18.76,0.0,0.0,20.5,18865,30.81,-51.0,0.966
2020-05-08T23:38:56.000,38.1,18.68,0.0,0.0,20.5,18868,30.17,-51.0,0.966
2020-05-08T23:39:56.000,38.08,19.18,0.0,0.0,20.5,18869,29.96,-51.0,0.966
2020-05-08T23:40:56.000,38.08,19.05,0.0,0.0,20.5,18870,29.75,-50.0,0.966
2020-05-08T23:41:57.000,38.06,19.06,0.0,0.0,20.5,18871,29.54,-50.0,0.966
2020-05-08T23:42:57.000,37.99,19.01,0.0,0.0,20.5,18872,29.33,-50.0,0.966
2020-05-08T23:44:58.000,37.77,19.07,0.0,0.0,20.5,18874,28.9,-50.0,0.966
2020-05-08T23:45:58.000,37.71,19.17,0.0,0.0,20.5,18875,28.69,-49.0,0.966
2020-05-08T23:46:58.000,37.62,19.13,0.0,0.0,20.5,18876,28.48,-49.0,0.966
2020-05-08T23:47:58.000,37.56,19.29,0.0,0.0,20.5,18877,28.27,-49.0,0.966
2020-05-08T23:49:59.000,37.41,19.35,0.0,0.0,20.5,18879,27.84,-49.0,0.966
2020-05-08T23:50:59.000,37.37,19.45,0.0,0.0,20.5,18880,27.63,-48.0,0.966
2020-05-08T23:51:59.000,37.35,19.48,0.0,0.0,20.5,18881,27.42,-48.0,0.966
2020-05-08T23:52:59.000,37.31,19.47,0.0,0.0,20.5,18882,27.21,-48.0,0.966
2020-05-08T23:54:00.000,37.3,19.53,0.0,0.0,20.5,18883,26.99,-48.0,0.966
2020-05-08T23:55:00.000,37.23,19.38,0.0,0.0,20.5,18884,26.78,-48.0,0.966
2020-05-08T23:58:00.000,37.27,19.6,0.0,0.0,20.5,18887,26.15,-47.0,0.966
2020-05-09T00:01:01.000,37.32,19.73,0.0,0.0,20.5,18890,25.52,-46.0,0.966
2020-05-09T00:02:02.000,37.35,19.63,0.0,0.0,20.5,18891,25.3,-46.0,0.966
2020-05-09T00:03:02.000,37.38,19.62,0.0,0.0,20.5,18892,25.09,-46.0,0.966
2020-05-09T00:15:04.000,37.29,18.74,0.0,0.0,20.5,18904,22.56,-44.0,0.965
2020-05-09T00:16:05.000,37.29,18.78,0.0,0.0,20.5,18905,22.35,-43.0,0.965
2020-05-09T00:17:05.000,37.3,18.76,0.0,0.0,20.5,18906,22.14,-43.0,0.965
2020-05-09T00:19:05.000,37.17,18.13,0.0,0.0,20.5,18908,21.72,-43.0,0.965
2020-05-09T00:20:05.000,37.08,18.25,0.0,0.0,20.5,18909,21.51,-43.0,0.965
2020-05-09T00:21:06.000,37.06,18.3,0.0,0.0,20.5,18910,21.3,-42.0,0.965
2020-05-09T00:30:08.000,36.77,17.72,0.0,0.0,20.5,18919,19.41,-41.0,0.965
2020-05-09T00:31:09.000,36.71,17.79,0.0,0.0,20.5,18920,19.2,-40.0,0.965
2020-05-09T00:32:09.000,36.67,17.73,0.0,0.0,20.5,18921,18.99,-40.0,0.965
2020-05-09T00:38:10.000,36.4,17.65,0.0,0.0,20.5,18927,17.73,-39.0,0.965
2020-05-09T00:39:10.000,36.33,17.8,0.0,0.0,20.5,18928,17.52,-39.0,0.965
2020-05-09T00:40:10.000,36.33,17.92,0.0,0.0,20.5,18929,17.32,-39.0,0.964
2020-05-09T00:52:13.000,36.26,18.84,0.0,0.0,20.5,18941,14.81,-36.0,0.964
2020-05-09T00:53:13.000,36.21,18.94,0.0,0.0,20.5,18942,14.61,-36.0,0.964
2020-05-09T00:54:13.000,36.16,19.01,0.0,0.0,20.5,18943,14.4,-36.0,0.964
2020-05-09T00:56:14.000,36.13,19.07,0.0,0.0,20.5,18945,13.98,-35.0,0.964
2020-05-09T00:58:16.000,36.06,19.14,0.0,0.0,20.5,18947,13.56,-35.0,0.964
2020-05-09T00:59:16.000,36.04,19.22,0.0,0.0,20.5,18948,13.35,-35.0,0.964
2020-05-09T01:00:17.000,35.99,19.15,0.0,0.0,20.5,18949,13.15,-35.0,0.964
2020-05-09T01:01:17.000,35.92,19.05,0.0,0.0,20.5,18950,12.94,-34.0,0.964
2020-05-09T01:02:18.000,35.87,19.13,0.0,0.0,20.5,18951,12.73,-34.0,0.964
2020-05-09T01:08:18.000,35.69,19.28,0.0,0.0,20.5,18957,11.49,-33.0,0.964
2020-05-09T01:09:19.000,35.63,19.28,0.0,0.0,20.5,18958,11.28,-33.0,0.964
2020-05-09T01:10:19.000,35.58,19.29,0.0,0.0,20.5,18959,11.08,-33.0,0.964
2020-05-09T01:27:23.000,35.19,19.67,0.0,0.0,20.5,18976,7.59,-29.0,0.963
2020-05-09T01:28:24.000,35.2,19.7,0.0,0.0,20.5,18977,7.38,-29.0,0.963
2020-05-09T01:29:24.000,35.22,19.7,0.0,0.0,20.5,18978,7.18,-29.0,0.963
2020-05-09T01:30:24.000,35.22,19.62,0.12,0.1,20.5,18979,6.98,-29.0,0.963
2020-05-09T01:32:24.000,35.15,19.4,0.0,0.0,20.5,18981,6.57,-28.0,0.963
2020-05-09T01:33:24.000,35.14,19.48,0.0,0.0,20.5,18982,6.37,-28.0,0.963
2020-05-09T01:34:24.000,35.17,19.39,0.0,0.0,20.5,18983,6.17,-28.0,0.963
2020-05-09T01:38:25.000,35.25,19.18,0.0,0.0,20.5,18987,5.36,-27.0,0.963
2020-05-09T01:39:25.000,35.25,19.2,0.0,0.0,20.5,18988,5.15,-27.0,0.963
2020-05-09T01:40:26.000,35.25,19.18,0.0,0.0,20.5,18989,4.95,-27.0,0.963
2020-05-09T01:41:26.000,35.24,19.18,0.0,0.0,20.5,18990,4.75,-26.0,0.963
2020-05-09T01:42:26.000,35.23,19.08,0.0,0.0,20.5,18991,4.55,-26.0,0.963
2020-05-09T01:43:26.000,35.19,18.98,0.0,0.0,20.5,18992,4.34,-26.0,0.963
2020-05-09T01:49:28.000,34.93,19.21,0.0,0.0,20.5,18998,3.13,-25.0,0.962
2020-05-09T01:50:28.000,34.88,19.22,0.0,0.0,20.5,18999,2.93,-25.0,0.962
2020-05-09T01:51:28.000,34.84,19.19,0.0,0.0,20.5,19000,2.73,-24.0,0.962
2020-05-09T02:06:33.000,34.29,18.79,0.0,0.0,20.5,19015,-0.26,-21.0,0.962
2020-05-09T02:07:33.000,34.3,18.78,0.0,0.0,20.5,19016,-0.46,-21.0,0.962
2020-05-09T02:08:34.000,34.3,18.43,0.0,0.0,20.5,19017,-0.66,-21.0,0.962
2020-05-09T02:10:34.000,34.16,17.88,0.0,0.0,20.5,19019,-1.06,-21.0,0.962
2020-05-09T02:12:34.000,34.01,17.32,0.0,0.0,20.5,19021,-1.45,-20.0,0.962
2020-05-09T02:13:35.000,33.96,16.99,29405.37,3.96,20.5,19022,-1.65,-20.0,0.962
2020-05-09T02:14:35.000,33.89,16.81,54648.55,8.54,20.5,19023,-1.84,-20.0,0.962
2020-05-09T02:15:35.000,33.91,16.5,45454.43,8.74,20.5,19024,-2.04,-20.0,0.962
2020-05-09T02:16:35.000,33.92,16.16,37009.69,8.96,20.5,19025,-2.24,-19.0,0.962
2020-05-09T02:17:36.000,33.89,15.57,29842.04,9.19,20.5,19026,-2.43,-19.0,0.962
2020-05-09T02:18:36.000,33.83,15.31,24876.54,9.39,20.5,19027,-2.63,-19.0,0.962
2020-05-09T02:19:36.000,33.78,14.95,21201.24,9.57,20.5,19028,-2.82,-19.0,0.961
2020-05-09T02:20:36.000,33.71,14.8,18119.48,9.74,20.5,19029,-3.02,-19.0,0.961
2020-05-09T02:21:36.000,33.68,14.64,15232.38,9.92,20.5,19030,-3.21,-19.0,0.961
2020-05-09T02:22:37.000,33.65,14.52,12449.93,10.14,20.5,19031,-3.41,-18.0,0.961
2020-05-09T02:23:37.000,33.61,14.42,10072.85,10.37,20.5,19032,-3.61,-18.0,0.961
2020-05-09T02:24:37.000,33.56,14.33,8169.02,10.6,20.5,19033,-3.8,-18.0,0.961
2020-05-09T02:25:37.000,33.54,14.22,6648.56,10.83,20.5,19034,-3.99,-18.0,0.961
2020-05-09T02:26:37.000,33.51,13.9,5452.61,11.04,20.5,19035,-4.19,-18.0,0.961
2020-05-09T02:27:38.000,33.46,13.79,4439.71,11.26,20.5,19036,-4.38,-17.0,0.961
2020-05-09T02:28:37.000,33.45,13.62,3557.19,11.5,20.5,19037,-4.57,-17.0,0.961
2020-05-09T02:29:38.000,33.44,13.38,2827.78,11.75,20.5,19038,-4.77,-17.0,0.961
2020-05-09T02:30:38.000,33.41,13.05,2237.0,12.01,20.5,19039,-4.96,-17.0,0.961
2020-05-09T02:31:39.000,33.35,12.71,1769.64,12.26,20.5,19040,-5.16,-17.0,0.961
2020-05-09T02:38:40.000,33.01,11.75,303.84,14.18,20.5,19047,-6.51,-15.0,0.961
2020-05-09T02:41:40.000,32.85,11.71,167.08,14.82,20.5,19050,-7.08,-15.0,0.961
2020-05-09T02:42:40.000,32.82,11.74,135.78,15.05,20.5,19051,-7.27,-14.0,0.961
2020-05-09T02:43:41.000,32.8,11.82,110.27,15.28,20.5,19052,-7.46,-14.0,0.961
2020-05-09T02:44:41.000,32.79,11.89,89.21,15.51,20.5,19053,-7.65,-14.0,0.961
2020-05-09T02:45:41.000,32.77,11.93,72.95,15.72,20.5,19054,-7.84,-14.0,0.961
2020-05-09T02:46:41.000,32.74,12.11,61.27,15.91,20.5,19055,-8.03,-14.0,0.961
2020-05-09T02:47:41.000,32.73,12.28,49.82,16.14,20.5,19056,-8.22,-13.0,0.961
2020-05-09T02:49:41.000,32.65,12.32,35.1,16.52,20.5,19058,-8.6,-13.0,0.961
2020-05-09T02:50:42.000,32.62,12.33,28.49,16.75,20.5,19059,-8.79,-13.0,0.961
2020-05-09T02:51:42.000,32.59,12.3,22.91,16.98,20.5,19060,-8.97,-13.0,0.96
2020-05-09T02:52:42.000,32.57,12.22,18.41,17.22,20.5,19061,-9.16,-12.0,0.96
2020-05-09T02:53:42.000,32.56,12.17,15.06,17.44,20.5,19062,-9.35,-12.0,0.96
2020-05-09T02:54:43.000,32.56,12.1,12.8,17.61,20.5,19063,-9.54,-12.0,0.96
2020-05-09T02:55:43.000,32.54,12.06,11.12,17.77,20.5,19064,-9.73,-12.0,0.96
2020-05-09T02:56:43.000,32.51,11.93,9.9,17.89,20.5,19065,-9.91,-12.0,0.96
2020-05-09T02:57:43.000,32.5,11.81,8.83,18.02,20.5,19066,-10.1,-12.0,0.96
2020-05-09T02:58:44.000,32.47,11.66,7.88,18.14,20.5,19067,-10.29,-11.0,0.96
2020-05-09T02:59:44.000,32.43,11.43,7.0,18.27,20.5,19068,-10.48,-11.0,0.96
2020-05-09T03:00:45.000,32.37,11.29,6.32,18.38,20.5,19069,-10.66,-11.0,0.96
2020-05-09T03:01:45.000,32.31,11.24,5.73,18.49,20.5,19070,-10.85,-11.0,0.96
2020-05-09T03:02:45.000,32.29,11.18,5.35,18.56,20.5,19071,-11.03,-11.0,0.96
2020-05-09T03:03:45.000,32.27,11.11,5.66,18.51,20.5,19072,-11.22,-10.0,0.96
2020-05-09T03:04:46.000,32.25,11.07,4.66,18.71,20.5,19073,-11.41,-10.0,0.96
2020-05-09T03:05:46.000,32.22,10.99,4.3,18.8,20.5,19074,-11.59,-10.0,0.96
2020-05-09T03:06:46.000,32.19,10.99,4.0,18.88,20.5,19075,-11.77,-10.0,0.96
2020-05-09T03:07:47.000,32.15,10.98,3.85,18.92,20.5,19076,-11.96,-10.0,0.96
2020-05-09T03:08:47.000,32.13,11.01,3.56,19.0,20.5,19077,-12.14,-9.0,0.96
2020-05-09T03:09:47.000,32.1,10.94,3.49,19.02,20.5,19078,-12.33,-9.0,0.96
2020-05-09T03:10:47.000,32.09,10.85,3.36,19.06,20.5,19079,-12.51,-9.0,0.96
2020-05-09T03:11:47.000,32.05,10.66,3.23,19.11,20.5,19080,-12.69,-9.0,0.96
2020-05-09T03:12:48.000,32.01,10.52,3.06,19.16,20.5,19081,-12.88,-9.0,0.96
