Downloads/jupyter/ECSV/stars19/stars19_2020-07.ecsv
# %ECSV 1.0
# ---
# datatype:
# - {name: time, datatype: string}
# - {name: Enclosure Temperature, unit: deg_C, datatype: float64}
# - {name: Sky Temperature, unit: deg_C, datatype: float64}
# - {name: Frequency, unit: Hz, datatype: float64}
# - {name: MSAS, unit: mag / arcsec2, datatype: float64}
# - {name: ZP, datatype: float64}
# - {name: Sequence Number, datatype: int64}
# - {name: Sun Alt, unit: deg, datatype: float64}
# - {name: Moon Alt, unit: deg, datatype: float64}
# - {name: Moon Illumination, datatype: float64}
# delimiter: ','
# meta: !!omap
# - ida:
#     Data supplier: {affiliation: null, observer: null}
#     Device type: TESS-W
#     Field of view: 17.0
#     Filters per channel: None
#     Instrument ID: stars19
#     License: ODbL 1.0 http://opendatacommons.org/licenses/odbl/summary/
#     Local timezone: America/Phoenix
#     Location name: {country: '- Tucson', place: Tucson, region: United States, sub_region: Arizona, town: Pima County}
#     Measurement direction per channel: {azimuth: 0.0, zenital: 0.0}
#     Moving / Fixed look direction: FIXED
#     Moving / Stationary position: STATIONARY
#     Number of channels: 1
#     Number of fields per line: 8
#     Number of header lines: 35
#     Position: {height: 0.0, latitude: 32.223877, longitude: -110.767532}
#     TESS MAC address: 18:FE:34:CF:EC:06
#     TESS cover offset value: 0.0
#     TESS firmware version: '1.0'
#     TESS zero point: 20.5
#     Time Synchronization: timestamp added by MQTT subscriber
#     URL: http://www.darksky.org/NSBM/sdf1.0.pdf
# - __serialized_columns__:
#     Enclosure Temperature:
#       __class__: astropy.units.quantity.Quantity
#       unit: &id001 !astropy.units.Unit {unit: deg_C}
#       value: !astropy.table.SerializedColumn {name: Enclosure Temperature}
#     Frequency:
#       __class__: astropy.units.quantity.Quantity
#       unit: !astropy.units.Unit {unit: Hz}
#       value: !astropy.table.SerializedColumn {name: Frequency}
#     MSAS:
#       __class__: astropy.units.quantity.Quantity
#       unit: !astropy.units.Unit {unit: mag / arcsec2}
#       value: !astropy.table.SerializedColumn {name: MSAS}
#     Moon Alt:
#       __class__: astropy.units.quantity.Quantity
#       unit: &id002 !astropy.units.Unit {unit: deg}
#       value: !astropy.table.SerializedColumn {name: Moon Alt}
#     Sky Temperature:
#       __class__: astropy.units.quantity.Quantity
#       unit: *id001
#       value: !astropy.table.SerializedColumn {name: Sky Temperature}
#     Sun Alt:
#       __class__: astropy.units.quantity.Quantity
#       unit: *id002
#       value: !astropy.table.SerializedColumn {name: Sun Alt}
#     time:
#       __class__: astropy.time.core.Time
#       format: isot
#       in_subfmt: '*'
#       out_subfmt: '*'
#       precision: 3
#       scale: utc
#       value: !astropy.table.SerializedColumn {name: time}
# schema: astropy-2.0
time,Enclosure Temperature,Sky Temperature,Frequency,MSAS,ZP,Sequence Number,Sun Alt,Moon Alt,Moon Illumination
[from data line 10708]
2020-07-15T14:56:03.000,37.17,15.93,0.0,0.0,20.5,115533,29.08,73.0,0.258
2020-07-15T14:57:03.000,37.09,15.89,0.0,0.0,20.5,115534,29.29,73.0,0.258
2020-07-15T14:58:03.000,37.05,15.97,0.0,0.0,20.5,115535,29.5,73.0,0.258
2020-07-15T14:59:03.000,37.07,15.98,0.0,0.0,20.5,115536,29.71,73.0,0.258
2020-07-15T15:00:03.000,37.09,15.97,0.0,0.0,20.5,115537,29.92,73.0,0.258
2020-07-15T15:01:03.000,37.12,15.85,0.0,0.0,20.5,115538,30.13,73.0,0.258
2020-07-15T15:03:04.000,37.28,16.38,0.0,0.0,20.5,115540,30.55,73.0,0.258
2020-07-15T15:04:05.000,37.46,16.59,0.0,0.0,20.5,115541,30.76,73.0,0.258
2020-07-15T15:05:05.000,37.66,16.62,0.0,0.0,20.5,115542,30.97,73.0,0.258
2020-07-15T15:13:06.000,38.76,17.59,0.0,0.0,20.5,115550,32.66,73.0,0.257
2020-07-15T15:14:06.000,38.87,17.43,0.0,0.0,20.5,115551,32.87,73.0,0.257
2020-07-15T15:15:07.000,38.95,17.59,0.0,0.0,20.5,115552,33.08,73.0,0.257
2020-07-15T15:19:07.000,39.19,18.12,0.0,0.0,20.5,115556,33.92,73.0,0.257
2020-07-15T15:20:08.000,39.35,18.16,0.0,0.0,20.5,115557,34.14,73.0,0.257
2020-07-15T15:21:08.000,39.38,17.87,0.0,0.0,20.5,115558,34.35,73.0,0.257
2020-07-15T15:22:08.000,39.43,18.32,0.0,0.0,20.5,115559,34.56,73.0,0.257
2020-07-15T15:23:08.000,39.53,18.3,0.0,0.0,20.5,115560,34.77,73.0,0.256
2020-07-15T15:24:08.000,39.67,18.63,0.0,0.0,20.5,115561,34.98,73.0,0.256
2020-07-15T15:32:09.000,40.96,20.51,0.0,0.0,20.5,115569,36.67,72.0,0.256
2020-07-15T15:34:09.000,43.08,21.65,0.0,0.0,20.5,115571,37.09,72.0,0.256
2020-07-15T15:35:09.000,44.09,21.8,0.0,0.0,20.5,115572,37.3,72.0,0.256
2020-07-15T15:36:09.000,44.99,21.81,0.0,0.0,20.5,115573,37.51,72.0,0.256
2020-07-15T15:40:10.000,45.92,21.5,0.0,0.0,20.5,115577,38.36,72.0,0.255
2020-07-15T15:41:10.000,46.66,22.25,0.0,0.0,20.5,115578,38.57,72.0,0.255
2020-07-15T15:42:10.000,47.4,21.85,0.0,0.0,20.5,115579,38.78,72.0,0.255
2020-07-15T15:48:11.000,50.26,21.67,0.0,0.0,20.5,115585,40.05,71.0,0.255
2020-07-15T15:49:11.000,50.44,21.82,0.0,0.0,20.5,115586,40.27,71.0,0.255
2020-07-15T15:50:12.000,50.88,22.53,0.0,0.0,20.5,115587,40.48,71.0,0.255
2020-07-15T15:52:12.000,51.63,22.41,0.0,0.0,20.5,115589,40.9,71.0,0.255
2020-07-15T15:53:13.000,51.9,22.43,0.0,0.0,20.5,115590,41.12,71.0,0.255
2020-07-15T15:54:13.000,52.15,22.13,0.0,0.0,20.5,115591,41.33,71.0,0.255
2020-07-15T15:55:13.000,52.26,22.04,0.0,0.0,20.5,115592,41.54,71.0,0.255
2020-07-15T15:56:14.000,52.37,22.24,0.0,0.0,20.5,115593,41.76,70.0,0.255
2020-07-15T15:58:14.000,52.86,22.48,0.0,0.0,20.5,115595,42.18,70.0,0.254
2020-07-15T15:59:15.000,53.08,22.83,0.0,0.0,20.5,115596,42.39,70.0,0.254
2020-07-15T16:00:15.000,53.23,22.53,0.0,0.0,20.5,115597,42.61,70.0,0.254
2020-07-15T16:02:15.000,53.65,22.59,0.0,0.0,20.5,115599,43.03,70.0,0.254
2020-07-15T16:03:15.000,53.89,23.01,0.0,0.0,20.5,115600,43.24,70.0,0.254
2020-07-15T16:04:16.000,54.16,23.09,0.0,0.0,20.5,115601,43.45,70.0,0.254
2020-07-15T16:27:21.000,54.61,21.93,0.0,0.0,20.5,115624,48.33,66.0,0.253
2020-07-15T16:28:22.000,54.56,22.59,0.0,0.0,20.5,115625,48.55,66.0,0.253
2020-07-15T16:29:22.000,54.68,23.36,0.0,0.0,20.5,115626,48.76,66.0,0.253
2020-07-15T16:31:23.000,55.53,23.66,0.0,0.0,20.5,115628,49.18,66.0,0.252
2020-07-15T16:32:23.000,55.82,23.94,0.0,0.0,20.5,115629,49.39,65.0,0.252
2020-07-15T16:33:23.000,56.24,24.6,0.0,0.0,20.5,115630,49.6,65.0,0.252
2020-07-15T16:34:23.000,56.61,24.04,0.0,0.0,20.5,115631,49.82,65.0,0.252
2020-07-15T16:35:23.000,56.8,24.02,0.0,0.0,20.5,115632,50.03,65.0,0.252
2020-07-15T16:36:24.000,56.98,24.18,0.0,0.0,20.5,115633,50.24,65.0,0.252
2020-07-15T16:38:24.000,57.4,23.87,0.0,0.0,20.5,115635,50.66,64.0,0.252
2020-07-15T16:40:25.000,56.95,22.69,0.0,0.0,20.5,115637,51.09,64.0,0.252
2020-07-15T16:41:25.000,56.79,23.1,0.0,0.0,20.5,115638,51.3,64.0,0.252
2020-07-15T16:42:25.000,56.9,24.26,0.0,0.0,20.5,115639,51.51,64.0,0.252
2020-07-15T16:43:25.000,57.2,24.56,0.0,0.0,20.5,115640,51.72,64.0,0.252
2020-07-15T16:44:25.000,57.42,24.18,0.0,0.0,20.5,115641,51.93,63.0,0.252
2020-07-15T16:46:26.000,57.85,24.3,0.0,0.0,20.5,115643,52.35,63.0,0.252
2020-07-15T16:47:26.000,57.99,24.27,0.0,0.0,20.5,115644,52.56,63.0,0.251
2020-07-15T16:48:26.000,58.24,24.24,0.0,0.0,20.5,115645,52.77,63.0,0.251
2020-07-15T17:02:31.000,58.83,23.66,0.0,0.0,20.5,115659,55.72,60.0,0.251
2020-07-15T17:03:31.000,58.63,23.4,0.0,0.0,20.5,115660,55.93,60.0,0.251
2020-07-15T17:04:31.000,58.32,22.7,0.0,0.0,20.5,115661,56.14,60.0,0.25
2020-07-15T17:06:31.000,58.71,24.28,0.0,0.0,20.5,115663,56.55,60.0,0.25
2020-07-15T17:07:32.000,58.98,24.48,0.0,0.0,20.5,115664,56.77,59.0,0.25
2020-07-15T17:08:32.000,59.27,24.62,0.0,0.0,20.5,115665,56.97,59.0,0.25
2020-07-15T17:11:32.000,59.37,23.67,0.0,0.0,20.5,115668,57.6,59.0,0.25
2020-07-15T17:12:33.000,59.26,23.6,0.0,0.0,20.5,115669,57.81,58.0,0.25
2020-07-15T17:13:34.000,59.17,23.77,0.0,0.0,20.5,115670,58.02,58.0,0.25
2020-07-15T17:15:34.000,59.14,24.16,0.0,0.0,20.5,115672,58.43,58.0,0.25
2020-07-15T17:17:34.000,59.14,23.97,0.0,0.0,20.5,115674,58.85,57.0,0.25
2020-07-15T17:20:36.000,59.55,24.38,0.0,0.0,20.5,115677,59.47,57.0,0.25
2020-07-15T17:21:37.000,59.74,24.93,0.0,0.0,20.5,115678,59.68,57.0,0.249
2020-07-15T17:24:37.000,59.71,23.53,0.0,0.0,20.5,115681,60.3,56.0,0.249
2020-07-15T17:25:37.000,59.78,24.38,0.0,0.0,20.5,115682,60.51,56.0,0.249
2020-07-15T17:26:38.000,59.71,23.87,0.0,0.0,20.5,115683,60.71,56.0,0.249
2020-07-15T17:27:38.000,59.94,24.78,0.0,0.0,20.5,115684,60.92,56.0,0.249
2020-07-15T17:28:38.000,60.2,24.34,0.0,0.0,20.5,115685,61.12,55.0,0.249
2020-07-15T17:31:39.000,60.01,24.65,0.0,0.0,20.5,115688,61.74,55.0,0.249
2020-07-15T17:33:39.000,60.48,24.87,0.0,0.0,20.5,115690,62.15,54.0,0.249
2020-07-15T17:39:40.000,61.45,24.11,0.0,0.0,20.5,115696,63.37,53.0,0.248
2020-07-15T17:40:41.000,61.4,24.1,0.0,0.0,20.5,115697,63.57,53.0,0.248
2020-07-15T17:41:41.000,61.22,24.09,0.0,0.0,20.5,115698,63.77,53.0,0.248
2020-07-15T17:42:41.000,61.21,24.34,0.0,0.0,20.5,115699,63.98,53.0,0.248
2020-07-15T17:43:42.000,61.31,24.72,0.0,0.0,20.5,115700,64.18,52.0,0.248
2020-07-15T17:47:42.000,61.61,24.97,0.0,0.0,20.5,115704,64.98,52.0,0.248
2020-07-15T17:48:43.000,61.73,24.98,0.0,0.0,20.5,115705,65.18,51.0,0.248
2020-07-15T17:49:43.000,62.03,25.69,0.0,0.0,20.5,115706,65.38,51.0,0.248
2020-07-15T17:50:43.000,62.42,25.64,0.0,0.0,20.5,115707,65.58,51.0,0.248
2020-07-15T17:56:44.000,62.52,24.83,0.0,0.0,20.5,115713,66.77,50.0,0.247
2020-07-15T17:57:45.000,62.36,24.38,0.0,0.0,20.5,115714,66.96,50.0,0.247
2020-07-15T17:59:45.000,62.76,25.85,0.0,0.0,20.5,115716,67.35,49.0,0.247
2020-07-15T18:01:46.000,62.87,25.06,0.0,0.0,20.5,115718,67.75,49.0,0.247
2020-07-15T18:02:46.000,63.09,25.56,0.0,0.0,20.5,115719,67.94,49.0,0.247
2020-07-15T18:03:46.000,63.24,25.46,0.0,0.0,20.5,115720,68.13,48.0,0.247
2020-07-15T18:05:47.000,63.16,25.23,0.0,0.0,20.5,115722,68.52,48.0,0.247
2020-07-15T18:06:47.000,62.94,24.73,0.0,0.0,20.5,115723,68.71,48.0,0.247
2020-07-15T18:07:48.000,62.62,24.24,0.0,0.0,20.5,115724,68.9,48.0,0.247
2020-07-15T18:19:50.000,63.24,25.43,0.0,0.0,20.5,115736,71.14,45.0,0.246
2020-07-15T18:20:50.000,63.24,24.88,0.0,0.0,20.5,115737,71.32,45.0,0.246
2020-07-15T18:21:50.000,63.03,24.31,0.0,0.0,20.5,115738,71.5,45.0,0.246
2020-07-15T18:34:54.000,62.19,25.16,0.0,0.0,20.5,115751,73.76,42.0,0.245
2020-07-15T18:35:55.000,62.45,25.84,0.0,0.0,20.5,115752,73.93,42.0,0.245
2020-07-15T18:36:55.000,62.75,25.66,0.0,0.0,20.5,115753,74.09,42.0,0.245
2020-07-15T18:39:55.000,62.91,24.66,0.0,0.0,20.5,115756,74.57,41.0,0.245
2020-07-15T18:41:55.000,62.85,25.16,0.0,0.0,20.5,115758,74.88,41.0,0.245
2020-07-15T18:43:56.000,62.93,25.73,0.0,0.0,20.5,115760,75.19,40.0,0.245
2020-07-15T18:44:56.000,63.06,25.48,0.0,0.0,20.5,115761,75.34,40.0,0.245
2020-07-15T18:46:57.000,62.97,24.99,0.0,0.0,20.5,115763,75.64,40.0,0.244
2020-07-15T18:47:57.000,62.81,25.03,0.0,0.0,20.5,115764,75.78,39.0,0.244
2020-07-15T18:48:57.000,62.72,25.04,0.0,0.0,20.5,115765,75.92,39.0,0.244
2020-07-15T18:49:58.000,62.53,24.5,0.0,0.0,20.5,115766,76.07,39.0,0.244
2020-07-15T18:50:58.000,62.45,24.66,0.0,0.0,20.5,115767,76.2,39.0,0.244
2020-07-15T18:55:59.000,63.44,25.88,0.0,0.0,20.5,115772,76.86,38.0,0.244
2020-07-15T18:57:00.000,63.75,26.18,0.0,0.0,20.5,115773,76.99,38.0,0.244
2020-07-15T18:58:00.000,63.91,25.46,0.0,0.0,20.5,115774,77.11,37.0,0.244
2020-07-15T19:04:02.000,63.87,25.13,0.0,0.0,20.5,115780,77.78,36.0,0.243
2020-07-15T19:05:02.000,63.63,24.56,0.0,0.0,20.5,115781,77.88,36.0,0.243
2020-07-15T19:06:03.000,63.03,22.53,0.0,0.0,20.5,115782,77.97,36.0,0.243
2020-07-15T19:08:03.000,62.21,25.24,0.0,0.0,20.5,115784,78.16,35.0,0.243
2020-07-15T19:09:03.000,62.33,24.85,0.0,0.0,20.5,115785,78.24,35.0,0.243
2020-07-15T19:10:04.000,62.37,25.06,0.0,0.0,20.5,115786,78.33,35.0,0.243
2020-07-15T19:12:04.000,62.42,24.87,0.0,0.0,20.5,115788,78.48,35.0,0.243
2020-07-15T19:13:04.000,62.38,24.97,0.0,0.0,20.5,115789,78.55,34.0,0.243
2020-07-15T19:14:04.000,62.78,26.15,0.0,0.0,20.5,115790,78.62,34.0,0.243
2020-07-15T19:15:05.000,62.91,25.06,0.0,0.0,20.5,115791,78.69,34.0,0.243
2020-07-15T19:17:05.000,63.13,25.69,0.0,0.0,20.5,115793,78.8,33.0,0.243
2020-07-15T19:19:05.000,63.55,25.43,0.0,0.0,20.5,115795,78.9,33.0,0.243
2020-07-15T19:24:06.000,63.09,24.23,0.0,0.0,20.5,115800,79.07,32.0,0.242
2020-07-15T19:25:07.000,62.22,23.29,0.0,0.0,20.5,115801,79.09,32.0,0.242
2020-07-15T19:26:07.000,61.14,22.94,0.0,0.0,20.5,115802,79.1,32.0,0.242
2020-07-15T19:33:10.000,62.49,27.14,0.0,0.0,20.5,115809,79.09,30.0,0.242
2020-07-15T19:34:10.000,62.86,26.91,0.0,0.0,20.5,115810,79.07,30.0,0.242
2020-07-15T19:35:10.000,62.82,25.69,0.0,0.0,20.5,115811,79.04,30.0,0.242
2020-07-15T19:38:11.000,61.18,24.27,0.0,0.0,20.5,115814,78.94,29.0,0.241
2020-07-15T19:39:12.000,60.13,22.39,0.0,0.0,20.5,115815,78.9,29.0,0.241
2020-07-15T19:52:14.000,59.66,26.06,0.0,0.0,20.5,115828,77.97,26.0,0.241
2020-07-15T19:53:14.000,60.43,27.51,0.0,0.0,20.5,115829,77.87,26.0,0.241
2020-07-15T19:54:14.000,61.32,27.57,0.0,0.0,20.5,115830,77.77,26.0,0.241
2020-07-15T20:19:22.000,49.28,25.67,0.0,0.0,20.5,115855,74.4,21.0,0.239
2020-07-15T20:20:22.000,49.09,25.78,0.0,0.0,20.5,115856,74.24,21.0,0.239
2020-07-15T20:21:22.000,48.97,25.85,0.0,0.0,20.5,115857,74.08,20.0,0.239
2020-07-15T20:23:23.000,48.82,25.98,0.0,0.0,20.5,115859,73.75,20.0,0.239
2020-07-15T20:24:23.000,48.89,26.37,0.0,0.0,20.5,115860,73.58,20.0,0.239
2020-07-15T20:28:25.000,49.37,27.03,0.0,0.0,20.5,115864,72.9,19.0,0.239
2020-07-15T20:29:24.000,49.46,26.86,0.0,0.0,20.5,115865,72.73,19.0,0.238
2020-07-15T20:30:24.000,49.57,27.03,0.0,0.0,20.5,115866,72.56,18.0,0.238
2020-07-15T20:35:26.000,48.59,26.14,0.0,0.0,20.5,115871,71.67,17.0,0.238
2020-07-15T20:36:26.000,48.36,25.82,0.0,0.0,20.5,115872,71.49,17.0,0.238
2020-07-15T20:37:26.000,48.24,26.48,0.0,0.0,20.5,115873,71.31,17.0,0.238
2020-07-15T20:39:27.000,48.07,25.98,0.0,0.0,20.5,115875,70.95,17.0,0.238
2020-07-15T20:40:27.000,47.9,26.1,0.0,0.0,20.5,115876,70.77,16.0,0.238
2020-07-15T20:41:27.000,47.76,26.33,0.0,0.0,20.5,115877,70.58,16.0,0.238
2020-07-15T20:43:28.000,47.33,25.97,0.0,0.0,20.5,115879,70.21,16.0,0.238
2020-07-15T20:44:29.000,47.17,25.83,0.0,0.0,20.5,115880,70.02,16.0,0.238
2020-07-15T20:45:36.000,46.95,26.06,0.0,0.0,20.5,115881,69.81,15.0,0.238
2020-07-15T20:47:35.000,46.36,25.64,0.0,0.0,20.5,115883,69.44,15.0,0.237
2020-07-15T20:48:36.000,46.19,25.83,0.0,0.0,20.5,115884,69.25,15.0,0.237
2020-07-15T20:49:36.000,46.07,25.98,0.0,0.0,20.5,115885,69.06,15.0,0.237
2020-07-15T20:53:37.000,45.69,25.88,0.0,0.0,20.5,115889,68.29,14.0,0.237
2020-07-15T20:55:37.000,45.42,25.96,0.0,0.0,20.5,115891,67.91,13.0,0.237
2020-07-15T20:57:37.000,45.26,25.9,0.0,0.0,20.5,115893,67.52,13.0,0.237
2020-07-15T20:58:37.000,45.18,26.1,0.0,0.0,20.5,115894,67.33,13.0,0.237
2020-07-15T20:59:38.000,45.08,25.83,0.0,0.0,20.5,115895,67.13,13.0,0.237
2020-07-15T21:00:38.000,44.92,25.89,0.0,0.0,20.5,115896,66.93,12.0,0.237
2020-07-15T21:02:38.000,44.42,25.76,0.0,0.0,20.5,115898,66.54,12.0,0.237
2020-07-15T21:03:39.000,44.16,25.21,0.0,0.0,20.5,115899,66.34,12.0,0.236
2020-07-15T21:04:39.000,43.74,24.82,0.0,0.0,20.5,115900,66.14,12.0,0.236
2020-07-15T21:07:41.000,42.7,24.34,0.0,0.0,20.5,115903,65.54,11.0,0.236
2020-07-15T21:08:41.000,42.35,24.64,0.0,0.0,20.5,115904,65.35,11.0,0.236
2020-07-15T21:09:42.000,41.99,24.71,0.0,0.0,20.5,115905,65.14,11.0,0.236
2020-07-15T21:13:42.000,41.73,25.47,0.0,0.0,20.5,115909,64.34,10.0,0.236
2020-07-15T21:16:43.000,41.35,25.89,0.0,0.0,20.5,115912,63.74,9.0,0.236
2020-07-15T21:28:44.000,39.5,25.63,0.0,0.0,20.5,115924,61.3,7.0,0.235
2020-07-15T21:29:44.000,39.5,25.67,0.0,0.0,20.5,115925,61.09,7.0,0.235
2020-07-15T21:30:45.000,39.37,24.4,0.0,0.0,20.5,115926,60.88,6.0,0.235
2020-07-15T21:37:46.000,38.79,24.71,0.0,0.0,20.5,115933,59.44,5.0,0.235
2020-07-15T21:38:46.000,38.62,24.88,0.0,0.0,20.5,115934,59.24,5.0,0.234
2020-07-15T21:39:47.000,38.5,24.8,0.0,0.0,20.5,115935,59.03,5.0,0.234
2020-07-15T21:41:48.000,38.06,22.93,0.0,0.0,20.5,115937,58.61,4.0,0.234
2020-07-15T21:44:49.000,37.41,22.79,0.0,0.0,20.5,115940,57.98,4.0,0.234
2020-07-15T21:45:49.000,37.54,24.27,0.0,0.0,20.5,115941,57.78,3.0,0.234
2020-07-15T21:46:49.000,37.71,24.27,0.0,0.0,20.5,115942,57.57,3.0,0.234
2020-07-15T21:49:50.000,34.6,23.22,0.0,0.0,20.5,115945,56.94,3.0,0.234
2020-07-15T21:50:50.000,32.76,22.0,0.0,0.0,20.5,115946,56.73,2.0,0.234
2020-07-15T21:51:51.000,31.71,22.94,0.0,0.0,20.5,115947,56.52,2.0,0.234
2020-07-15T21:53:52.000,31.59,23.56,0.0,0.0,20.5,115949,56.1,2.0,0.234
2020-07-15T21:56:53.000,31.53,20.13,0.0,0.0,20.5,115952,55.47,1.0,0.233
2020-07-15T21:57:53.000,31.68,19.55,0.0,0.0,20.5,115953,55.26,1.0,0.233
2020-07-15T21:58:53.000,32.0,21.75,0.0,0.0,20.5,115954,55.05,1.0,0.233
2020-07-15T22:01:54.000,31.35,22.59,0.0,0.0,20.5,115957,54.42,0.0,0.233
2020-07-15T22:02:55.000,31.87,23.27,0.0,0.0,20.5,115958,54.21,0.0,0.233
2020-07-15T22:03:55.000,32.4,22.98,0.0,0.0,20.5,115959,54.0,-0.0,0.233
2020-07-15T22:06:56.000,32.41,22.64,0.0,0.0,20.5,115962,53.37,-1.0,0.233
2020-07-15T22:07:56.000,32.54,22.58,0.0,0.0,20.5,115963,53.16,-1.0,0.233
2020-07-15T22:08:57.000,32.68,22.74,0.0,0.0,20.5,115964,52.94,-1.0,0.233
2020-07-15T22:09:58.000,32.97,22.52,0.0,0.0,20.5,115965,52.73,-1.0,0.233
2020-07-15T22:10:58.000,33.1,22.67,0.0,0.0,20.5,115966,52.52,-1.0,0.233
2020-07-15T22:13:00.000,33.59,22.64,0.0,0.0,20.5,115968,52.09,-2.0,0.232
2020-07-15T22:14:00.000,33.55,22.65,0.0,0.0,20.5,115969,51.88,-2.0,0.232
2020-07-15T22:15:00.000,33.57,21.89,0.0,0.0,20.5,115970,51.67,-2.0,0.232
2020-07-15T22:16:01.000,33.56,22.45,0.0,0.0,20.5,115971,51.46,-2.0,0.232
2020-07-15T22:17:01.000,33.54,21.42,0.0,0.0,20.5,115972,51.25,-3.0,0.232
2020-07-15T22:18:01.000,32.81,22.26,0.0,0.0,20.5,115973,51.04,-3.0,0.232
2020-07-15T22:21:03.000,32.24,21.55,0.0,0.0,20.5,115976,50.4,-3.0,0.232
2020-07-15T22:22:03.000,32.4,21.9,0.0,0.0,20.5,115977,50.19,-4.0,0.232
2020-07-15T22:24:04.000,32.35,22.72,0.0,0.0,20.5,115979,49.76,-4.0,0.232
2020-07-15T22:25:05.000,32.93,22.6,0.0,0.0,20.5,115980,49.55,-4.0,0.232
2020-07-15T22:26:05.000,33.41,22.5,0.0,0.0,20.5,115981,49.34,-4.0,0.232
2020-07-15T22:28:06.000,33.55,21.12,0.0,0.0,20.5,115983,48.91,-5.0,0.232
2020-07-15T22:29:07.000,32.92,19.39,0.0,0.0,20.5,115984,48.7,-5.0,0.232
2020-07-15T22:30:07.000,33.02,22.23,0.0,0.0,20.5,115985,48.49,-5.0,0.231
2020-07-15T22:34:08.000,34.34,22.1,0.0,0.0,20.5,115989,47.64,-6.0,0.231
2020-07-15T22:35:09.000,34.59,22.24,0.0,0.0,20.5,115990,47.42,-6.0,0.231
2020-07-15T22:36:10.000,34.65,21.46,0.0,0.0,20.5,115991,47.21,-6.0,0.231
2020-07-15T22:38:11.000,34.52,21.11,0.0,0.0,20.5,115993,46.78,-7.0,0.231
2020-07-15T22:40:11.000,34.6,21.6,0.0,0.0,20.5,115995,46.36,-7.0,0.231
2020-07-15T22:41:12.000,34.79,21.62,0.0,0.0,20.5,115996,46.14,-7.0,0.231
2020-07-15T22:43:14.000,35.11,21.56,0.0,0.0,20.5,115998,45.71,-7.0,0.231
2020-07-15T22:44:14.000,35.14,21.27,0.0,0.0,20.5,115999,45.5,-8.0,0.231
2020-07-15T22:47:15.000,35.24,21.5,0.0,0.0,20.5,116002,44.87,-8.0,0.231
2020-07-15T22:48:16.000,35.34,21.41,0.0,0.0,20.5,116003,44.65,-8.0,0.23
2020-07-15T22:49:17.000,35.37,21.21,0.0,0.0,20.5,116004,44.44,-9.0,0.23
