Downloads/jupyter/ECSV/stars19/stars19_2021-12.ecsv
# %ECSV 1.0
# ---
# datatype:
# - {name: time, datatype: string}
# - {name: Enclosure Temperature, unit: deg_C, datatype: float64}
# - {name: Sky Temperature, unit: deg_C, datatype: float64}
# - {name: Frequency, unit: Hz, datatype: float64}
# - {name: MSAS, unit: mag / arcsec2, datatype: float64}
# - {name: ZP, datatype: float64}
# - {name: Sequence Number, datatype: int64}
# - {name: Sun Alt, unit: deg, datatype: float64}
# - {name: Moon Alt, unit: deg, datatype: float64}
# - {name: Moon Illumination, datatype: float64}
# delimiter: ','
# meta: !!omap
# - ida:
#     Data supplier: {affiliation: null, observer: null}
#     Device type: TESS-W
#     Field of view: 17.0
#     Filters per channel: None
#     Instrument ID: stars19
#     License: ODbL 1.0 http://opendatacommons.org/licenses/odbl/summary/
#     Local timezone: America/Phoenix
#     Location name: {country: '- Tucson', place: Tucson, region: United States, sub_region: Arizona, town: Pima County}
#     Measurement direction per channel: {azimuth: 0.0, zenital: 0.0}
#     Moving / Fixed look direction: FIXED
#     Moving / Stationary position: STATIONARY
#     Number of channels: 1
#     Number of fields per line: 8
#     Number of header lines: 35
#     Position: {height: 0.0, latitude: 32.223877, longitude: -110.767532}
#     TESS MAC address: 18:FE:34:CF:EC:06
#     TESS cover offset value: 0.0
#     TESS firmware version: '1.0'
#     TESS zero point: 20.5
#     Time Synchronization: timestamp added by MQTT subscriber
#     URL: http://www.darksky.org/NSBM/sdf1.0.pdf
# - __serialized_columns__:
#     Enclosure Temperature:
#       __class__: astropy.units.quantity.Quantity
#       unit: &id001 !astropy.units.Unit {unit: deg_C}
#       value: !astropy.table.SerializedColumn {name: Enclosure Temperature}
#     Frequency:
#       __class__: astropy.units.quantity.Quantity
#       unit: !astropy.units.Unit {unit: Hz}
#       value: !astropy.table.SerializedColumn {name: Frequency}
#     MSAS:
#       __class__: astropy.units.quantity.Quantity
#       unit: !astropy.units.Unit {unit: mag / arcsec2}
#       value: !astropy.table.SerializedColumn {name: MSAS}
#     Moon Alt:
#       __class__: astropy.units.quantity.Quantity
#       unit: &id002 !astropy.units.Unit {unit: deg}
#       value: !astropy.table.SerializedColumn {name: Moon Alt}
#     Sky Temperature:
#       __class__: astropy.units.quantity.Quantity
#       unit: *id001
#       value: !astropy.table.SerializedColumn {name: Sky Temperature}
#     Sun Alt:
#       __class__: astropy.units.quantity.Quantity
#       unit: *id002
#       value: !astropy.table.SerializedColumn {name: Sun Alt}
#     time:
#       __class__: astropy.time.core.Time
#       format: isot
#       in_subfmt: '*'
#       out_subfmt: '*'
#       precision: 3
#       scale: utc
#       value: !astropy.table.SerializedColumn {name: time}
# schema: astropy-2.0
time,Enclosure Temperature,Sky Temperature,Frequency,MSAS,ZP,Sequence Number,Sun Alt,Moon Alt,Moon Illumination
[from data line 1051]
2021-12-02T01:44:26.000,23.72,2.13,1.65,19.84,20.5,301140,-17.99,-41.0,0.075
2021-12-02T01:45:26.000,23.69,2.02,1.65,19.84,20.5,301141,-18.19,-41.0,0.075
2021-12-02T01:46:26.000,23.69,2.06,1.66,19.83,20.5,301142,-18.4,-41.0,0.075
2021-12-02T01:47:26.000,23.69,2.03,1.65,19.83,20.5,301143,-18.6,-41.0,0.075
2021-12-02T01:48:26.000,23.7,2.04,1.66,19.83,20.5,301144,-18.81,-41.0,0.075
2021-12-02T01:49:26.000,23.66,2.05,1.65,19.83,20.5,301145,-19.01,-42.0,0.075
2021-12-02T01:50:26.000,23.69,2.07,1.65,19.84,20.5,301146,-19.22,-42.0,0.075
2021-12-02T01:51:26.000,23.64,1.93,1.65,19.83,20.5,301147,-19.42,-42.0,0.075
2021-12-02T01:52:27.000,23.61,2.03,1.65,19.84,20.5,301148,-19.63,-42.0,0.075
2021-12-02T01:53:27.000,23.59,1.9,1.65,19.83,20.5,301149,-19.84,-42.0,0.075
2021-12-02T01:54:27.000,23.56,1.94,1.65,19.83,20.5,301150,-20.04,-43.0,0.074
2021-12-02T01:55:27.000,23.57,1.92,1.65,19.83,20.5,301151,-20.25,-43.0,0.074
2021-12-02T01:56:27.000,23.51,1.85,1.65,19.84,20.5,301152,-20.45,-43.0,0.074
2021-12-02T01:57:27.000,23.52,2.0,1.65,19.84,20.5,301153,-20.66,-43.0,0.074
2021-12-02T01:58:27.000,23.49,1.72,1.64,19.84,20.5,301154,-20.86,-43.0,0.074
2021-12-02T01:59:27.000,23.48,2.0,1.64,19.84,20.5,301155,-21.07,-44.0,0.074
2021-12-02T02:00:27.000,23.45,1.78,1.64,19.84,20.5,301156,-21.27,-44.0,0.074
2021-12-02T02:01:27.000,23.41,1.67,1.64,19.84,20.5,301157,-21.48,-44.0,0.074
2021-12-02T02:02:27.000,23.38,1.76,1.64,19.84,20.5,301158,-21.69,-44.0,0.074
2021-12-02T02:03:27.000,23.4,1.73,1.64,19.84,20.5,301159,-21.89,-44.0,0.074
2021-12-02T02:04:27.000,23.37,1.73,1.64,19.84,20.5,301160,-22.1,-45.0,0.074
2021-12-02T02:05:28.000,23.4,1.8,1.64,19.84,20.5,301161,-22.31,-45.0,0.074
2021-12-02T02:06:28.000,23.41,1.89,1.64,19.84,20.5,301162,-22.51,-45.0,0.074
2021-12-02T02:07:28.000,23.38,1.58,1.64,19.84,20.5,301163,-22.72,-45.0,0.074
2021-12-02T02:08:28.000,23.3,1.49,1.79,19.77,20.5,301164,-22.93,-45.0,0.074
2021-12-02T02:10:28.000,23.23,1.61,1.67,19.82,20.5,301166,-23.34,-46.0,0.074
2021-12-02T02:11:28.000,23.24,1.52,1.72,19.8,20.5,301167,-23.55,-46.0,0.074
2021-12-02T02:12:28.000,23.23,1.59,1.66,19.83,20.5,301168,-23.75,-46.0,0.074
2021-12-02T02:13:29.000,23.27,1.74,1.66,19.83,20.5,301169,-23.97,-46.0,0.074
2021-12-02T02:14:29.000,23.24,1.43,1.65,19.84,20.5,301170,-24.17,-47.0,0.074
2021-12-02T02:15:29.000,23.23,1.63,1.65,19.84,20.5,301171,-24.38,-47.0,0.074
2021-12-02T02:16:29.000,23.23,1.51,1.65,19.84,20.5,301172,-24.59,-47.0,0.074
2021-12-02T02:17:29.000,23.24,1.56,1.64,19.84,20.5,301173,-24.79,-47.0,0.073
2021-12-02T02:18:29.000,23.24,1.52,1.64,19.84,20.5,301174,-25.0,-47.0,0.073
2021-12-02T02:19:29.000,23.23,1.62,1.64,19.84,20.5,301175,-25.21,-48.0,0.073
2021-12-02T02:20:29.000,23.21,1.53,1.64,19.84,20.5,301176,-25.42,-48.0,0.073
2021-12-02T02:21:29.000,23.18,1.41,1.63,19.85,20.5,301177,-25.62,-48.0,0.073
2021-12-02T02:22:29.000,23.15,1.45,1.63,19.85,20.5,301178,-25.83,-48.0,0.073
2021-12-02T02:23:29.000,23.07,1.33,1.64,19.85,20.5,301179,-26.04,-48.0,0.073
2021-12-02T02:24:29.000,23.06,1.38,1.64,19.85,20.5,301180,-26.25,-49.0,0.073
2021-12-02T02:25:29.000,23.06,1.47,1.63,19.85,20.5,301181,-26.46,-49.0,0.073
2021-12-02T02:26:29.000,23.05,1.52,1.65,19.84,20.5,301182,-26.66,-49.0,0.073
2021-12-02T02:27:29.000,23.03,1.37,1.63,19.85,20.5,301183,-26.87,-49.0,0.073
2021-12-02T02:28:29.000,22.99,1.34,1.63,19.85,20.5,301184,-27.08,-49.0,0.073
2021-12-02T02:29:30.000,22.97,1.41,1.63,19.85,20.5,301185,-27.29,-50.0,0.073
2021-12-02T02:30:30.000,22.94,1.37,1.62,19.85,20.5,301186,-27.5,-50.0,0.073
2021-12-02T02:31:30.000,22.91,1.27,1.62,19.86,20.5,301187,-27.71,-50.0,0.073
2021-12-02T02:32:30.000,22.9,1.41,1.62,19.86,20.5,301188,-27.92,-50.0,0.073
2021-12-02T02:33:30.000,22.92,1.52,1.62,19.86,20.5,301189,-28.13,-50.0,0.073
2021-12-02T02:34:30.000,22.93,1.41,1.62,19.86,20.5,301190,-28.33,-50.0,0.073
2021-12-02T02:35:30.000,22.88,1.33,1.62,19.86,20.5,301191,-28.54,-51.0,0.073
2021-12-02T02:36:30.000,22.87,1.35,1.61,19.86,20.5,301192,-28.75,-51.0,0.073
2021-12-02T02:37:30.000,22.82,1.35,1.62,19.86,20.5,301193,-28.96,-51.0,0.073
2021-12-02T02:38:30.000,22.83,1.27,1.62,19.86,20.5,301194,-29.17,-51.0,0.073
2021-12-02T02:39:30.000,22.77,1.22,1.62,19.86,20.5,301195,-29.38,-51.0,0.073
2021-12-02T02:40:30.000,22.74,1.23,1.61,19.86,20.5,301196,-29.59,-52.0,0.072
2021-12-02T02:41:30.000,22.72,1.28,1.61,19.86,20.5,301197,-29.8,-52.0,0.072
2021-12-02T02:42:30.000,22.73,1.36,1.61,19.86,20.5,301198,-30.01,-52.0,0.072
2021-12-02T02:43:30.000,22.73,1.24,1.71,19.81,20.5,301199,-30.21,-52.0,0.072
2021-12-02T02:44:30.000,22.73,1.35,1.62,19.86,20.5,301200,-30.42,-52.0,0.072
2021-12-02T02:45:31.000,22.73,1.26,1.61,19.86,20.5,301201,-30.64,-53.0,0.072
2021-12-02T02:46:31.000,22.74,1.33,1.61,19.86,20.5,301202,-30.85,-53.0,0.072
2021-12-02T02:47:31.000,22.73,1.15,1.61,19.86,20.5,301203,-31.06,-53.0,0.072
2021-12-02T02:48:31.000,22.72,1.25,1.61,19.86,20.5,301204,-31.27,-53.0,0.072
2021-12-02T02:49:31.000,22.67,0.99,1.61,19.86,20.5,301205,-31.48,-53.0,0.072
2021-12-02T02:50:31.000,22.62,1.18,1.61,19.86,20.5,301206,-31.68,-54.0,0.072
2021-12-02T02:51:31.000,22.64,1.19,1.61,19.86,20.5,301207,-31.89,-54.0,0.072
2021-12-02T02:52:31.000,22.65,1.22,1.6,19.87,20.5,301208,-32.1,-54.0,0.072
2021-12-02T02:53:31.000,22.64,1.19,1.6,19.87,20.5,301209,-32.31,-54.0,0.072
2021-12-02T02:54:31.000,22.63,1.17,1.6,19.87,20.5,301210,-32.52,-54.0,0.072
2021-12-02T02:55:31.000,22.61,1.18,1.6,19.87,20.5,301211,-32.73,-54.0,0.072
2021-12-02T02:56:31.000,22.62,1.31,1.61,19.87,20.5,301212,-32.94,-55.0,0.072
2021-12-02T02:57:31.000,22.66,1.23,1.61,19.87,20.5,301213,-33.15,-55.0,0.072
2021-12-02T02:58:36.000,22.62,1.19,1.6,19.87,20.5,301214,-33.38,-55.0,0.072
2021-12-02T02:59:36.000,22.55,0.95,1.61,19.87,20.5,301215,-33.59,-55.0,0.072
2021-12-02T03:00:36.000,22.52,1.16,1.6,19.87,20.5,301216,-33.8,-55.0,0.072
2021-12-02T03:01:36.000,22.54,1.24,1.6,19.87,20.5,301217,-34.01,-56.0,0.072
2021-12-02T03:02:36.000,22.56,1.33,1.59,19.88,20.5,301218,-34.22,-56.0,0.071
2021-12-02T03:03:36.000,22.59,1.31,1.68,19.82,20.5,301219,-34.43,-56.0,0.071
2021-12-02T03:04:36.000,22.61,1.35,1.64,19.84,20.5,301220,-34.64,-56.0,0.071
2021-12-02T03:05:36.000,22.62,1.24,1.58,19.88,20.5,301221,-34.85,-56.0,0.071
2021-12-02T03:06:36.000,22.58,1.22,1.58,19.88,20.5,301222,-35.06,-56.0,0.071
2021-12-02T03:07:36.000,22.58,1.21,1.58,19.88,20.5,301223,-35.27,-57.0,0.071
2021-12-02T03:08:36.000,22.55,1.22,1.58,19.88,20.5,301224,-35.48,-57.0,0.071
2021-12-02T03:09:37.000,22.56,1.18,1.58,19.88,20.5,301225,-35.7,-57.0,0.071
2021-12-02T03:10:37.000,22.56,1.28,1.58,19.88,20.5,301226,-35.91,-57.0,0.071
2021-12-02T03:11:37.000,22.56,1.18,1.58,19.89,20.5,301227,-36.12,-57.0,0.071
2021-12-02T03:12:37.000,22.53,1.3,1.58,19.89,20.5,301228,-36.33,-58.0,0.071
2021-12-02T03:13:37.000,22.55,1.33,1.58,19.89,20.5,301229,-36.54,-58.0,0.071
2021-12-02T03:14:37.000,22.6,1.4,1.58,19.89,20.5,301230,-36.75,-58.0,0.071
2021-12-02T03:15:37.000,22.64,1.37,1.56,19.9,20.5,301231,-36.96,-58.0,0.071
2021-12-02T03:16:37.000,22.66,1.37,1.53,19.92,20.5,301232,-37.17,-58.0,0.071
2021-12-02T03:17:37.000,22.67,1.35,1.52,19.92,20.5,301233,-37.38,-58.0,0.071
2021-12-02T03:18:37.000,22.68,1.43,1.52,19.92,20.5,301234,-37.6,-59.0,0.071
2021-12-02T03:19:37.000,22.69,1.37,1.52,19.93,20.5,301235,-37.81,-59.0,0.071
2021-12-02T03:20:37.000,22.66,1.3,1.52,19.93,20.5,301236,-38.02,-59.0,0.071
2021-12-02T03:21:37.000,22.61,1.28,1.52,19.93,20.5,301237,-38.23,-59.0,0.071
2021-12-02T03:22:37.000,22.6,1.36,1.52,19.93,20.5,301238,-38.44,-59.0,0.071
2021-12-02T03:23:37.000,22.6,1.42,1.52,19.93,20.5,301239,-38.65,-59.0,0.071
2021-12-02T03:24:37.000,22.62,1.4,1.51,19.93,20.5,301240,-38.86,-60.0,0.071
2021-12-02T03:25:37.000,22.63,1.39,1.51,19.93,20.5,301241,-39.07,-60.0,0.071
2021-12-02T03:26:37.000,22.61,1.31,1.51,19.93,20.5,301242,-39.28,-60.0,0.07
2021-12-02T03:27:38.000,22.58,1.24,1.51,19.93,20.5,301243,-39.5,-60.0,0.07
2021-12-02T03:28:38.000,22.54,1.13,1.51,19.93,20.5,301244,-39.71,-60.0,0.07
2021-12-02T03:29:38.000,22.47,0.95,1.51,19.93,20.5,301245,-39.92,-60.0,0.07
2021-12-02T03:30:38.000,22.4,1.11,1.51,19.94,20.5,301246,-40.13,-61.0,0.07
2021-12-02T03:31:38.000,22.42,1.16,1.5,19.94,20.5,301247,-40.34,-61.0,0.07
2021-12-02T03:32:38.000,22.47,1.21,1.5,19.94,20.5,301248,-40.55,-61.0,0.07
2021-12-02T03:33:38.000,22.47,1.26,1.5,19.94,20.5,301249,-40.77,-61.0,0.07
2021-12-02T03:34:39.000,22.47,1.24,1.5,19.94,20.5,301250,-40.98,-61.0,0.07
2021-12-02T03:35:38.000,22.46,1.23,1.5,19.94,20.5,301251,-41.19,-61.0,0.07
2021-12-02T03:36:38.000,22.44,1.12,1.5,19.94,20.5,301252,-41.4,-62.0,0.07
2021-12-02T03:37:39.000,22.4,1.11,1.49,19.94,20.5,301253,-41.61,-62.0,0.07
2021-12-02T03:38:39.000,22.36,1.09,1.49,19.94,20.5,301254,-41.83,-62.0,0.07
2021-12-02T03:39:39.000,22.35,1.09,1.49,19.94,20.5,301255,-42.04,-62.0,0.07
2021-12-02T03:40:39.000,22.32,0.96,1.49,19.94,20.5,301256,-42.25,-62.0,0.07
2021-12-02T03:41:39.000,22.29,0.99,1.49,19.94,20.5,301257,-42.46,-62.0,0.07
2021-12-02T03:42:39.000,22.26,0.96,1.49,19.95,20.5,301258,-42.67,-63.0,0.07
2021-12-02T03:43:39.000,22.21,0.93,1.49,19.94,20.5,301259,-42.88,-63.0,0.07
2021-12-02T03:44:39.000,22.17,0.93,1.49,19.95,20.5,301260,-43.09,-63.0,0.07
2021-12-02T03:45:39.000,22.11,0.83,1.49,19.95,20.5,301261,-43.31,-63.0,0.07
2021-12-02T03:46:39.000,22.09,0.84,1.49,19.95,20.5,301262,-43.52,-63.0,0.07
2021-12-02T03:47:39.000,22.05,0.84,1.48,19.95,20.5,301263,-43.73,-63.0,0.07
2021-12-02T03:48:39.000,22.02,0.81,1.49,19.95,20.5,301264,-43.94,-64.0,0.07
2021-12-02T03:49:39.000,21.99,0.76,1.48,19.95,20.5,301265,-44.15,-64.0,0.069
2021-12-02T03:50:39.000,21.96,0.68,1.53,19.92,20.5,301266,-44.36,-64.0,0.069
2021-12-02T03:51:39.000,21.93,0.71,1.52,19.93,20.5,301267,-44.57,-64.0,0.069
2021-12-02T03:52:40.000,21.91,0.67,1.51,19.93,20.5,301268,-44.79,-64.0,0.069
2021-12-02T03:53:40.000,21.83,0.5,1.51,19.94,20.5,301269,-45.0,-64.0,0.069
2021-12-02T03:54:40.000,21.78,0.58,1.5,19.94,20.5,301270,-45.21,-64.0,0.069
2021-12-02T03:55:40.000,21.76,0.62,1.5,19.94,20.5,301271,-45.42,-65.0,0.069
2021-12-02T03:56:40.000,21.7,0.48,1.5,19.94,20.5,301272,-45.64,-65.0,0.069
2021-12-02T03:57:40.000,21.65,0.5,1.5,19.94,20.5,301273,-45.85,-65.0,0.069
2021-12-02T03:58:40.000,21.61,0.39,1.5,19.94,20.5,301274,-46.06,-65.0,0.069
2021-12-02T03:59:40.000,21.52,0.21,1.5,19.94,20.5,301275,-46.27,-65.0,0.069
2021-12-02T04:00:40.000,21.46,0.38,1.5,19.94,20.5,301276,-46.48,-65.0,0.069
2021-12-02T04:01:40.000,21.44,0.46,1.5,19.94,20.5,301277,-46.69,-65.0,0.069
2021-12-02T04:02:40.000,21.41,0.36,1.5,19.94,20.5,301278,-46.9,-66.0,0.069
2021-12-02T04:03:40.000,21.41,0.44,1.51,19.93,20.5,301279,-47.12,-66.0,0.069
2021-12-02T04:04:40.000,21.37,0.41,1.5,19.94,20.5,301280,-47.33,-66.0,0.069
2021-12-02T04:05:40.000,21.33,0.34,1.45,19.97,20.5,301281,-47.54,-66.0,0.069
2021-12-02T04:06:40.000,21.28,0.34,1.45,19.97,20.5,301282,-47.75,-66.0,0.069
2021-12-02T04:07:40.000,21.26,0.39,1.45,19.98,20.5,301283,-47.96,-66.0,0.069
2021-12-02T04:08:40.000,21.23,0.44,1.45,19.98,20.5,301284,-48.17,-66.0,0.069
2021-12-02T04:09:41.000,21.22,0.42,1.45,19.98,20.5,301285,-48.39,-67.0,0.069
2021-12-02T04:10:41.000,21.15,0.43,1.44,19.98,20.5,301286,-48.6,-67.0,0.069
2021-12-02T04:11:41.000,21.14,0.53,1.44,19.98,20.5,301287,-48.81,-67.0,0.069
2021-12-02T04:12:41.000,21.11,0.5,1.44,19.98,20.5,301288,-49.02,-67.0,0.068
2021-12-02T04:13:41.000,21.1,0.47,1.44,19.98,20.5,301289,-49.23,-67.0,0.068
2021-12-02T04:14:41.000,21.06,0.54,1.44,19.98,20.5,301290,-49.44,-67.0,0.068
2021-12-02T04:15:41.000,21.05,0.39,1.44,19.99,20.5,301291,-49.65,-67.0,0.068
2021-12-02T04:16:41.000,20.97,0.29,1.44,19.99,20.5,301292,-49.87,-67.0,0.068
2021-12-02T04:17:41.000,20.96,0.23,1.43,19.99,20.5,301293,-50.08,-68.0,0.068
2021-12-02T04:18:41.000,20.9,0.22,1.43,19.99,20.5,301294,-50.29,-68.0,0.068
2021-12-02T04:19:41.000,20.85,-0.03,1.43,19.99,20.5,301295,-50.5,-68.0,0.068
2021-12-02T04:20:41.000,20.74,-0.08,1.43,19.99,20.5,301296,-50.71,-68.0,0.068
2021-12-02T04:21:41.000,20.71,0.08,1.48,19.95,20.5,301297,-50.92,-68.0,0.068
2021-12-02T04:22:41.000,20.67,-0.02,1.43,19.99,20.5,301298,-51.13,-68.0,0.068
2021-12-02T04:23:41.000,20.64,0.07,1.43,20.0,20.5,301299,-51.34,-68.0,0.068
2021-12-02T04:24:41.000,20.64,0.09,1.42,20.0,20.5,301300,-51.55,-68.0,0.068
2021-12-02T04:25:41.000,20.61,-0.08,1.42,20.0,20.5,301301,-51.76,-68.0,0.068
2021-12-02T04:26:42.000,20.6,-0.01,1.42,20.0,20.5,301302,-51.98,-69.0,0.068
2021-12-02T04:27:42.000,20.6,-0.14,1.42,20.0,20.5,301303,-52.19,-69.0,0.068
2021-12-02T04:28:42.000,20.57,-0.24,1.42,20.0,20.5,301304,-52.4,-69.0,0.068
2021-12-02T04:29:42.000,20.55,-0.29,1.42,20.0,20.5,301305,-52.61,-69.0,0.068
2021-12-02T04:30:42.000,20.54,-0.27,1.42,20.0,20.5,301306,-52.82,-69.0,0.068
2021-12-02T04:31:42.000,20.52,-0.31,1.42,20.0,20.5,301307,-53.03,-69.0,0.068
2021-12-02T04:33:42.000,20.45,-0.37,1.41,20.01,20.5,301309,-53.45,-69.0,0.068
2021-12-02T04:34:42.000,20.36,-0.72,1.41,20.01,20.5,301310,-53.66,-69.0,0.068
2021-12-02T04:35:42.000,20.25,-0.62,1.41,20.01,20.5,301311,-53.87,-69.0,0.068
2021-12-02T04:36:42.000,20.23,-0.38,1.41,20.01,20.5,301312,-54.08,-70.0,0.067
2021-12-02T04:37:42.000,20.23,-0.27,1.4,20.01,20.5,301313,-54.29,-70.0,0.067
2021-12-02T04:38:42.000,20.24,-0.33,1.4,20.01,20.5,301314,-54.5,-70.0,0.067
2021-12-02T04:39:42.000,20.22,-0.5,1.4,20.01,20.5,301315,-54.71,-70.0,0.067
2021-12-02T04:40:42.000,20.19,-0.36,1.4,20.01,20.5,301316,-54.92,-70.0,0.067
2021-12-02T04:41:42.000,20.2,-0.27,1.4,20.01,20.5,301317,-55.13,-70.0,0.067
2021-12-02T04:42:43.000,20.22,-0.29,1.4,20.02,20.5,301318,-55.34,-70.0,0.067
2021-12-02T04:43:43.000,20.22,-0.34,1.4,20.02,20.5,301319,-55.55,-70.0,0.067
2021-12-02T04:44:43.000,20.21,-0.47,1.4,20.02,20.5,301320,-55.76,-70.0,0.067
2021-12-02T04:45:43.000,20.11,-0.69,1.4,20.02,20.5,301321,-55.97,-70.0,0.067
2021-12-02T04:46:43.000,20.07,-0.68,1.39,20.02,20.5,301322,-56.18,-70.0,0.067
2021-12-02T04:47:43.000,20.06,-0.61,1.39,20.03,20.5,301323,-56.39,-70.0,0.067
2021-12-02T04:48:43.000,20.04,-0.7,1.39,20.03,20.5,301324,-56.6,-70.0,0.067
2021-12-02T04:49:43.000,19.99,-0.84,1.39,20.03,20.5,301325,-56.81,-71.0,0.067
2021-12-02T04:50:43.000,19.92,-0.76,1.38,20.03,20.5,301326,-57.02,-71.0,0.067
2021-12-02T04:51:43.000,19.86,-0.73,1.38,20.03,20.5,301327,-57.23,-71.0,0.067
2021-12-02T04:52:43.000,19.86,-0.6,1.38,20.03,20.5,301328,-57.43,-71.0,0.067
2021-12-02T04:53:43.000,19.85,-0.68,1.38,20.03,20.5,301329,-57.64,-71.0,0.067
2021-12-02T04:54:43.000,19.84,-0.63,1.38,20.03,20.5,301330,-57.85,-71.0,0.067
2021-12-02T04:55:43.000,19.79,-0.77,1.38,20.03,20.5,301331,-58.06,-71.0,0.067
2021-12-02T04:56:43.000,19.7,-0.82,1.38,20.03,20.5,301332,-58.27,-71.0,0.067
2021-12-02T04:57:43.000,19.7,-0.75,1.38,20.03,20.5,301333,-58.48,-71.0,0.067
2021-12-02T04:58:44.000,19.67,-0.77,1.38,20.03,20.5,301334,-58.69,-71.0,0.067
2021-12-02T04:59:44.000,19.65,-0.71,1.38,20.03,20.5,301335,-58.9,-71.0,0.067
2021-12-02T05:00:44.000,19.61,-0.73,1.37,20.04,20.5,301336,-59.1,-71.0,0.066
2021-12-02T05:01:44.000,19.58,-0.88,1.36,20.04,20.5,301337,-59.31,-71.0,0.066
2021-12-02T05:02:44.000,19.56,-0.73,1.36,20.04,20.5,301338,-59.52,-71.0,0.066
2021-12-02T05:03:44.000,19.56,-0.76,1.36,20.05,20.5,301339,-59.72,-71.0,0.066
2021-12-02T05:04:44.000,19.54,-0.73,1.36,20.05,20.5,301340,-59.93,-71.0,0.066
2021-12-02T05:05:44.000,19.53,-0.67,1.36,20.05,20.5,301341,-60.14,-71.0,0.066
2021-12-02T05:06:44.000,19.54,-0.64,1.35,20.05,20.5,301342,-60.35,-71.0,0.066
2021-12-02T05:07:44.000,19.52,-0.73,1.36,20.05,20.5,301343,-60.55,-71.0,0.066
2021-12-02T05:09:50.000,19.49,-0.67,1.35,20.05,20.5,301345,-60.99,-71.0,0.066
2021-12-02T05:10:50.000,19.49,-0.69,1.35,20.05,20.5,301346,-61.19,-71.0,0.066
2021-12-02T05:11:50.000,19.5,-0.64,1.35,20.05,20.5,301347,-61.4,-71.0,0.066
2021-12-02T05:12:50.000,19.49,-0.73,1.35,20.05,20.5,301348,-61.6,-71.0,0.066
2021-12-02T05:13:50.000,19.45,-0.95,1.35,20.05,20.5,301349,-61.81,-71.0,0.066
2021-12-02T05:14:50.000,19.41,-0.93,1.35,20.05,20.5,301350,-62.01,-71.0,0.066
