Downloads/jupyter/ECSV/stars19/stars19_2024-06.ecsv
# %ECSV 1.0
# ---
# datatype:
# - {name: time, datatype: string}
# - {name: Enclosure Temperature, unit: deg_C, datatype: float64}
# - {name: Sky Temperature, unit: deg_C, datatype: float64}
# - {name: Frequency, unit: Hz, datatype: float64}
# - {name: MSAS, unit: mag / arcsec2, datatype: float64}
# - {name: ZP, datatype: float64}
# - {name: Sequence Number, datatype: int64}
# - {name: Sun Alt, unit: deg, datatype: float64}
# - {name: Moon Alt, unit: deg, datatype: float64}
# - {name: Moon Illumination, datatype: float64}
# delimiter: ','
# meta: !!omap
# - ida:
#     Data supplier: {affiliation: null, observer: null}
#     Device type: TESS-W
#     Field of view: 17.0
#     Filters per channel: None
#     Instrument ID: stars19
#     License: ODbL 1.0 http://opendatacommons.org/licenses/odbl/summary/
#     Local timezone: America/Phoenix
#     Location name: {country: '- Tucson', place: Tucson, region: United States, sub_region: Arizona, town: Pima County}
#     Measurement direction per channel: {azimuth: 0.0, zenital: 0.0}
#     Moving / Fixed look direction: FIXED
#     Moving / Stationary position: STATIONARY
#     Number of channels: 1
#     Number of fields per line: 8
#     Number of header lines: 35
#     Position: {height: 0.0, latitude: 32.223877, longitude: -110.767532}
#     TESS MAC address: 18:FE:34:CF:EC:06
#     TESS cover offset value: 0.0
#     TESS firmware version: '1.0'
#     TESS zero point: 20.38
#     Time Synchronization: timestamp added by MQTT subscriber
#     URL: http://www.darksky.org/NSBM/sdf1.0.pdf
# - __serialized_columns__:
#     Enclosure Temperature:
#       __class__: astropy.units.quantity.Quantity
#       unit: &id001 !astropy.units.Unit {unit: deg_C}
#       value: !astropy.table.SerializedColumn {name: Enclosure Temperature}
#     Frequency:
#       __class__: astropy.units.quantity.Quantity
#       unit: !astropy.units.Unit {unit: Hz}
#       value: !astropy.table.SerializedColumn {name: Frequency}
#     MSAS:
#       __class__: astropy.units.quantity.Quantity
#       unit: !astropy.units.Unit {unit: mag / arcsec2}
#       value: !astropy.table.SerializedColumn {name: MSAS}
#     Moon Alt:
#       __class__: astropy.units.quantity.Quantity
#       unit: &id002 !astropy.units.Unit {unit: deg}
#       value: !astropy.table.SerializedColumn {name: Moon Alt}
#     Sky Temperature:
#       __class__: astropy.units.quantity.Quantity
#       unit: *id001
#       value: !astropy.table.SerializedColumn {name: Sky Temperature}
#     Sun Alt:
#       __class__: astropy.units.quantity.Quantity
#       unit: *id002
#       value: !astropy.table.SerializedColumn {name: Sun Alt}
#     time:
#       __class__: astropy.time.core.Time
#       format: isot
#       in_subfmt: '*'
#       out_subfmt: '*'
#       precision: 3
#       scale: utc
#       value: !astropy.table.SerializedColumn {name: time}
# schema: astropy-2.0
time,Enclosure Temperature,Sky Temperature,Frequency,MSAS,ZP,Sequence Number,Sun Alt,Moon Alt,Moon Illumination
[from data line 11986]
2024-06-15T16:45:00.000,49.05,20.32,0.0,0.0,20.38,77570,54.0,-48.0,0.639
2024-06-15T16:46:00.000,49.16,20.23,0.0,0.0,20.38,77571,54.21,-48.0,0.639
2024-06-15T16:47:00.000,49.28,20.38,0.0,0.0,20.38,77572,54.42,-47.0,0.64
2024-06-15T16:54:04.000,49.89,20.55,0.0,0.0,20.38,77579,55.91,-46.0,0.64
2024-06-15T16:55:05.000,49.81,20.38,0.0,0.0,20.38,77580,56.13,-46.0,0.64
2024-06-15T16:56:06.000,49.91,20.95,0.0,0.0,20.38,77581,56.34,-46.0,0.64
2024-06-15T16:58:06.000,49.71,19.78,0.0,0.0,20.38,77583,56.76,-46.0,0.64
2024-06-15T16:59:07.000,49.43,20.17,0.0,0.0,20.38,77584,56.97,-45.0,0.64
2024-06-15T17:00:08.000,49.7,21.28,0.0,0.0,20.38,77585,57.19,-45.0,0.64
2024-06-15T17:14:12.000,51.58,22.47,0.0,0.0,20.38,77599,60.14,-43.0,0.641
2024-06-15T17:15:12.000,51.61,21.38,0.0,0.0,20.38,77600,60.34,-43.0,0.641
2024-06-15T17:16:13.000,51.78,21.94,0.0,0.0,20.38,77601,60.56,-42.0,0.641
2024-06-15T17:18:14.000,51.98,22.03,0.0,0.0,20.38,77603,60.98,-42.0,0.642
2024-06-15T17:19:14.000,51.97,21.29,0.0,0.0,20.38,77604,61.19,-42.0,0.642
2024-06-15T17:20:16.000,51.86,21.3,0.0,0.0,20.38,77605,61.4,-42.0,0.642
2024-06-15T17:23:17.000,51.89,21.71,0.0,0.0,20.38,77608,62.03,-41.0,0.642
2024-06-15T17:24:18.000,51.9,21.28,0.0,0.0,20.38,77609,62.24,-41.0,0.642
2024-06-15T17:25:18.000,52.04,22.18,0.0,0.0,20.38,77610,62.45,-41.0,0.642
2024-06-15T17:28:19.000,52.18,21.66,0.0,0.0,20.38,77613,63.07,-40.0,0.642
2024-06-15T17:29:20.000,51.91,20.8,0.0,0.0,20.38,77614,63.28,-40.0,0.642
2024-06-15T17:30:20.000,51.78,21.1,0.0,0.0,20.38,77615,63.49,-40.0,0.642
2024-06-15T17:41:25.000,52.19,22.06,0.0,0.0,20.38,77626,65.77,-38.0,0.643
2024-06-15T17:42:25.000,52.17,21.49,0.0,0.0,20.38,77627,65.97,-38.0,0.643
2024-06-15T17:43:25.000,51.96,20.96,0.0,0.0,20.38,77628,66.17,-37.0,0.643
2024-06-15T17:45:26.000,52.39,22.47,0.0,0.0,20.38,77630,66.58,-37.0,0.643
2024-06-15T17:47:27.000,52.36,22.18,0.0,0.0,20.38,77632,66.99,-37.0,0.643
2024-06-15T17:48:28.000,52.7,22.26,0.0,0.0,20.38,77633,67.2,-36.0,0.643
2024-06-15T17:49:29.000,52.82,22.17,0.0,0.0,20.38,77634,67.4,-36.0,0.644
2024-06-15T17:50:29.000,53.0,22.37,0.0,0.0,20.38,77635,67.61,-36.0,0.644
2024-06-15T17:54:30.000,53.05,22.13,0.0,0.0,20.38,77639,68.41,-35.0,0.644
2024-06-15T17:56:31.000,53.2,21.9,0.0,0.0,20.38,77641,68.82,-35.0,0.644
2024-06-15T17:57:31.000,53.31,22.62,0.0,0.0,20.38,77642,69.02,-35.0,0.644
2024-06-15T17:58:32.000,53.43,22.18,0.0,0.0,20.38,77643,69.22,-34.0,0.644
2024-06-15T17:59:33.000,53.5,22.5,0.0,0.0,20.38,77644,69.42,-34.0,0.644
2024-06-15T18:00:33.000,53.59,22.11,0.0,0.0,20.38,77645,69.62,-34.0,0.644
2024-06-15T18:01:34.000,53.41,21.53,0.0,0.0,20.38,77646,69.82,-34.0,0.644
2024-06-15T18:03:35.000,53.01,21.33,0.0,0.0,20.38,77648,70.22,-33.0,0.644
2024-06-15T18:04:35.000,53.01,21.45,0.0,0.0,20.38,77649,70.41,-33.0,0.644
2024-06-15T18:05:35.000,52.75,20.88,0.0,0.0,20.38,77650,70.61,-33.0,0.645
2024-06-15T18:11:38.000,53.64,22.09,0.0,0.0,20.38,77656,71.78,-32.0,0.645
2024-06-15T18:12:38.000,53.45,21.49,0.0,0.0,20.38,77657,71.98,-32.0,0.645
2024-06-15T18:13:38.000,53.49,22.04,0.0,0.0,20.38,77658,72.17,-32.0,0.645
2024-06-15T18:15:39.000,53.5,21.79,0.0,0.0,20.38,77660,72.55,-31.0,0.645
2024-06-15T18:16:40.000,53.51,21.85,0.0,0.0,20.38,77661,72.74,-31.0,0.645
2024-06-15T18:17:40.000,53.57,21.95,0.0,0.0,20.38,77662,72.93,-31.0,0.645
2024-06-15T18:35:47.000,54.07,22.07,0.0,0.0,20.38,77680,76.19,-27.0,0.646
2024-06-15T18:36:47.000,54.3,22.56,0.0,0.0,20.38,77681,76.35,-27.0,0.646
2024-06-15T18:37:47.000,54.51,22.82,0.0,0.0,20.38,77682,76.52,-27.0,0.647
2024-06-15T18:42:49.000,54.7,22.09,0.0,0.0,20.38,77687,77.33,-26.0,0.647
2024-06-15T18:43:50.000,54.8,22.14,0.0,0.0,20.38,77688,77.49,-26.0,0.647
2024-06-15T18:44:50.000,54.72,21.71,0.0,0.0,20.38,77689,77.65,-25.0,0.647
2024-06-15T18:54:55.000,54.18,22.06,0.0,0.0,20.38,77699,79.08,-23.0,0.648
2024-06-15T18:55:56.000,54.47,22.59,0.0,0.0,20.38,77700,79.21,-23.0,0.648
2024-06-15T18:56:56.000,54.55,21.86,0.0,0.0,20.38,77701,79.33,-23.0,0.648
2024-06-15T18:58:57.000,54.46,21.71,0.0,0.0,20.38,77703,79.57,-23.0,0.648
2024-06-15T18:59:58.000,54.32,21.23,0.0,0.0,20.38,77704,79.69,-22.0,0.648
2024-06-15T19:00:59.000,54.14,20.91,0.0,0.0,20.38,77705,79.8,-22.0,0.648
2024-06-15T19:01:59.000,53.93,21.1,0.0,0.0,20.38,77706,79.91,-22.0,0.648
2024-06-15T19:02:59.000,53.95,21.54,0.0,0.0,20.38,77707,80.01,-22.0,0.648
2024-06-15T19:04:00.000,54.09,21.92,0.0,0.0,20.38,77708,80.11,-22.0,0.648
2024-06-15T19:09:04.000,54.13,21.82,0.0,0.0,20.38,77713,80.55,-21.0,0.649
2024-06-15T19:10:04.000,54.25,21.85,0.0,0.0,20.38,77714,80.62,-20.0,0.649
2024-06-15T19:11:05.000,54.28,21.93,0.0,0.0,20.38,77715,80.69,-20.0,0.649
2024-06-15T19:13:05.000,54.46,21.85,0.0,0.0,20.38,77717,80.82,-20.0,0.649
2024-06-15T19:14:05.000,54.49,21.58,0.0,0.0,20.38,77718,80.87,-20.0,0.649
2024-06-15T19:15:06.000,54.19,20.56,0.0,0.0,20.38,77719,80.92,-19.0,0.649
2024-06-15T19:27:17.000,55.17,21.56,0.0,0.0,20.38,77731,81.09,-17.0,0.65
2024-06-15T19:28:18.000,55.17,21.42,0.0,0.0,20.38,77732,81.07,-17.0,0.65
2024-06-15T19:29:18.000,55.34,21.72,0.0,0.0,20.38,77733,81.04,-16.0,0.65
2024-06-15T19:31:24.000,55.2,19.64,0.0,0.0,20.38,77735,80.97,-16.0,0.65
2024-06-15T19:32:24.000,54.78,20.86,0.0,0.0,20.38,77736,80.92,-16.0,0.65
2024-06-15T19:33:25.000,55.18,21.56,0.0,0.0,20.38,77737,80.87,-16.0,0.65
2024-06-15T19:40:30.000,55.97,21.07,0.0,0.0,20.38,77744,80.39,-14.0,0.651
2024-06-15T19:41:30.000,56.26,21.97,0.0,0.0,20.38,77745,80.3,-14.0,0.651
2024-06-15T19:42:30.000,56.54,22.29,0.0,0.0,20.38,77746,80.21,-14.0,0.651
2024-06-15T19:44:33.000,56.41,21.1,0.0,0.0,20.38,77748,80.01,-13.0,0.651
2024-06-15T19:45:33.000,56.44,21.38,0.0,0.0,20.38,77749,79.91,-13.0,0.651
2024-06-15T19:46:34.000,56.35,21.1,0.0,0.0,20.38,77750,79.8,-13.0,0.651
2024-06-15T19:47:34.000,56.2,20.65,0.0,0.0,20.38,77751,79.69,-13.0,0.651
2024-06-15T19:48:35.000,56.24,21.32,0.0,0.0,20.38,77752,79.57,-13.0,0.651
2024-06-15T19:49:35.000,56.22,20.74,0.0,0.0,20.38,77753,79.45,-12.0,0.651
2024-06-15T19:53:41.000,56.15,20.18,0.0,0.0,20.38,77757,78.94,-12.0,0.651
2024-06-15T19:54:42.000,56.03,20.67,0.0,0.0,20.38,77758,78.8,-11.0,0.651
2024-06-15T19:55:42.000,55.96,20.05,0.0,0.0,20.38,77759,78.67,-11.0,0.651
2024-06-15T20:01:49.000,56.21,21.11,0.0,0.0,20.38,77765,77.78,-10.0,0.652
2024-06-15T20:02:49.000,56.09,20.59,0.0,0.0,20.38,77766,77.63,-10.0,0.652
2024-06-15T20:03:50.000,55.95,20.58,0.0,0.0,20.38,77767,77.47,-9.0,0.652
2024-06-15T20:05:52.000,55.67,20.71,0.0,0.0,20.38,77769,77.15,-9.0,0.652
2024-06-15T20:12:53.000,56.73,21.27,0.0,0.0,20.38,77776,75.99,-8.0,0.653
2024-06-15T20:13:53.000,57.11,22.34,0.0,0.0,20.38,77777,75.82,-7.0,0.653
2024-06-15T20:14:54.000,57.3,21.14,0.0,0.0,20.38,77778,75.65,-7.0,0.653
2024-06-15T20:18:57.000,56.29,20.43,0.0,0.0,20.38,77782,74.93,-6.0,0.653
2024-06-15T20:19:58.000,56.48,21.16,0.0,0.0,20.38,77783,74.75,-6.0,0.653
2024-06-15T20:20:58.000,56.39,20.66,0.0,0.0,20.38,77784,74.57,-6.0,0.653
2024-06-15T20:22:59.000,56.84,21.85,0.0,0.0,20.38,77786,74.21,-6.0,0.653
2024-06-15T20:23:59.000,57.0,21.72,0.0,0.0,20.38,77787,74.02,-5.0,0.653
2024-06-15T20:24:59.000,57.02,21.34,0.0,0.0,20.38,77788,73.84,-5.0,0.653
2024-06-15T20:35:03.000,56.09,20.69,0.0,0.0,20.38,77798,71.95,-3.0,0.654
2024-06-15T20:36:03.000,56.25,21.05,0.0,0.0,20.38,77799,71.75,-3.0,0.654
2024-06-15T20:37:04.000,56.59,22.21,0.0,0.0,20.38,77800,71.56,-3.0,0.654
2024-06-15T20:39:06.000,56.84,21.56,0.0,0.0,20.38,77802,71.17,-2.0,0.654
2024-06-15T20:40:10.000,57.07,21.92,0.0,0.0,20.38,77803,70.96,-2.0,0.654
2024-06-15T20:41:11.000,57.21,21.56,0.0,0.0,20.38,77804,70.76,-2.0,0.654
2024-06-15T21:04:21.000,56.78,21.78,0.0,0.0,20.38,77827,66.13,3.0,0.656
2024-06-15T21:05:21.000,56.92,22.53,0.0,0.0,20.38,77828,65.92,3.0,0.656
2024-06-15T21:06:22.000,57.12,21.9,0.0,0.0,20.38,77829,65.71,3.0,0.656
2024-06-15T21:08:41.000,56.75,21.6,0.0,0.0,20.38,77831,65.24,4.0,0.656
2024-06-15T21:09:41.000,56.79,22.06,0.0,0.0,20.38,77832,65.04,4.0,0.656
2024-06-15T21:10:41.000,56.65,20.81,0.0,0.0,20.38,77833,64.83,4.0,0.656
2024-06-15T21:11:41.000,56.45,21.6,0.0,0.0,20.38,77834,64.62,4.0,0.656
2024-06-15T21:12:42.000,56.64,22.26,0.0,0.0,20.38,77835,64.42,5.0,0.656
2024-06-15T21:13:42.000,56.79,22.53,0.0,0.0,20.38,77836,64.21,5.0,0.656
2024-06-15T21:15:42.000,56.74,21.65,0.0,0.0,20.38,77838,63.8,5.0,0.657
2024-06-15T21:16:43.000,56.52,20.21,0.0,0.0,20.38,77839,63.59,5.0,0.657
2024-06-15T21:17:43.000,55.99,20.43,0.0,0.0,20.38,77840,63.38,6.0,0.657
2024-06-15T21:20:44.000,56.29,22.3,0.0,0.0,20.38,77843,62.76,6.0,0.657
2024-06-15T21:21:44.000,56.46,22.15,0.0,0.0,20.38,77844,62.55,6.0,0.657
2024-06-15T21:25:47.000,55.26,20.59,0.0,0.0,20.38,77848,61.71,7.0,0.657
2024-06-15T21:26:47.000,55.17,21.65,0.0,0.0,20.38,77849,61.5,7.0,0.657
2024-06-15T21:27:47.000,55.53,22.35,0.0,0.0,20.38,77850,61.29,8.0,0.657
2024-06-15T21:30:48.000,53.84,16.69,0.0,0.0,20.38,77853,60.66,8.0,0.657
2024-06-15T21:31:48.000,53.13,16.67,0.0,0.0,20.38,77854,60.46,8.0,0.658
2024-06-15T21:32:48.000,52.45,16.25,0.0,0.0,20.38,77855,60.25,9.0,0.658
2024-06-15T21:36:49.000,50.79,17.39,0.0,0.0,20.38,77859,59.41,9.0,0.658
2024-06-15T21:37:51.000,50.39,16.58,0.0,0.0,20.38,77860,59.19,10.0,0.658
2024-06-15T21:38:51.000,50.04,16.67,0.0,0.0,20.38,77861,58.98,10.0,0.658
2024-06-15T21:39:52.000,49.79,17.19,0.0,0.0,20.38,77862,58.77,10.0,0.658
2024-06-15T21:41:52.000,49.51,17.39,0.0,0.0,20.38,77864,58.35,10.0,0.658
2024-06-15T21:42:53.000,49.46,17.77,0.0,0.0,20.38,77865,58.14,11.0,0.658
2024-06-15T21:43:53.000,49.35,17.36,0.0,0.0,20.38,77866,57.93,11.0,0.658
2024-06-15T21:51:55.000,47.9,16.32,0.0,0.0,20.38,77874,56.24,12.0,0.659
2024-06-15T21:52:56.000,47.44,16.33,0.0,0.0,20.38,77875,56.02,13.0,0.659
2024-06-15T21:53:57.000,47.2,16.6,0.0,0.0,20.38,77876,55.81,13.0,0.659
2024-06-15T21:56:59.000,47.37,17.86,0.0,0.0,20.38,77879,55.17,13.0,0.659
2024-06-15T21:57:59.000,47.41,18.09,0.0,0.0,20.38,77880,54.96,14.0,0.659
2024-06-15T21:59:00.000,47.56,18.32,0.0,0.0,20.38,77881,54.75,14.0,0.659
2024-06-15T22:01:02.000,47.73,18.06,0.0,0.0,20.38,77883,54.32,14.0,0.659
2024-06-15T22:02:02.000,47.56,17.62,0.0,0.0,20.38,77884,54.11,14.0,0.659
2024-06-15T22:03:03.000,47.43,17.94,0.0,0.0,20.38,77885,53.89,15.0,0.659
2024-06-15T22:04:03.000,47.48,18.54,0.0,0.0,20.38,77886,53.68,15.0,0.66
2024-06-15T22:05:03.000,47.52,18.41,0.0,0.0,20.38,77887,53.47,15.0,0.66
2024-06-15T22:06:04.000,47.54,18.54,0.0,0.0,20.38,77888,53.26,15.0,0.66
2024-06-15T22:10:04.000,47.3,17.69,0.0,0.0,20.38,77892,52.41,16.0,0.66
2024-06-15T22:15:06.000,46.92,17.86,0.0,0.0,20.38,77897,51.35,17.0,0.66
2024-06-15T22:16:06.000,46.96,17.92,0.0,0.0,20.38,77898,51.14,17.0,0.66
2024-06-15T22:17:07.000,46.98,17.74,0.0,0.0,20.38,77899,50.92,17.0,0.66
2024-06-15T22:29:13.000,46.58,18.51,0.0,0.0,20.38,77911,48.36,20.0,0.661
2024-06-15T22:30:13.000,46.56,18.58,0.0,0.0,20.38,77912,48.15,20.0,0.661
2024-06-15T22:31:13.000,46.57,18.51,0.0,0.0,20.38,77913,47.94,20.0,0.661
2024-06-15T22:34:14.000,46.69,18.56,0.0,0.0,20.38,77916,47.3,21.0,0.661
2024-06-15T22:35:14.000,46.63,18.22,0.0,0.0,20.38,77917,47.09,21.0,0.661
2024-06-15T22:36:14.000,46.57,18.44,0.0,0.0,20.38,77918,46.88,21.0,0.662
2024-06-15T22:39:16.000,46.61,18.47,0.0,0.0,20.38,77921,46.24,21.0,0.662
2024-06-15T22:40:16.000,46.57,18.61,0.0,0.0,20.38,77922,46.03,22.0,0.662
2024-06-15T22:41:16.000,46.47,18.29,0.0,0.0,20.38,77923,45.82,22.0,0.662
2024-06-15T22:43:17.000,46.39,18.22,0.0,0.0,20.38,77925,45.39,22.0,0.662
2024-06-15T22:46:17.000,46.4,18.84,0.0,0.0,20.38,77928,44.76,23.0,0.662
2024-06-15T22:47:19.000,46.31,18.33,0.0,0.0,20.38,77929,44.54,23.0,0.662
2024-06-15T22:48:19.000,46.15,18.45,0.0,0.0,20.38,77930,44.33,23.0,0.662
2024-06-15T22:58:24.000,46.03,18.92,0.0,0.0,20.38,77940,42.2,25.0,0.663
2024-06-15T22:59:25.000,46.05,18.92,0.0,0.0,20.38,77941,41.98,25.0,0.663
2024-06-15T23:00:25.000,46.06,18.87,0.0,0.0,20.38,77942,41.77,25.0,0.663
2024-06-15T23:03:26.000,46.01,18.55,0.0,0.0,20.38,77945,41.14,26.0,0.663
2024-06-15T23:04:27.000,45.95,18.31,0.0,0.0,20.38,77946,40.92,26.0,0.663
2024-06-15T23:05:27.000,45.89,18.33,0.0,0.0,20.38,77947,40.71,26.0,0.663
2024-06-15T23:51:50.000,45.37,18.49,0.0,0.0,20.38,77993,30.98,34.0,0.666
2024-06-15T23:52:51.000,45.37,18.55,0.0,0.0,20.38,77994,30.77,35.0,0.666
2024-06-15T23:53:51.000,45.4,18.51,0.0,0.0,20.38,77995,30.56,35.0,0.666
2024-06-15T23:55:52.000,45.27,17.98,0.0,0.0,20.38,77997,30.14,35.0,0.667
2024-06-15T23:56:52.000,45.19,17.98,0.0,0.0,20.38,77998,29.93,35.0,0.667
2024-06-15T23:57:52.000,45.09,18.04,0.0,0.0,20.38,77999,29.72,35.0,0.667
2024-06-15T23:59:54.000,44.97,17.79,0.0,0.0,20.38,78001,29.3,36.0,0.667
2024-06-16T00:00:54.000,44.86,17.71,0.0,0.0,20.38,78002,29.09,36.0,0.667
2024-06-16T00:02:55.000,44.78,17.9,0.0,0.0,20.38,78004,28.67,36.0,0.667
2024-06-16T00:03:55.000,44.81,18.04,0.0,0.0,20.38,78005,28.47,36.0,0.667
2024-06-16T00:04:55.000,44.8,17.69,0.0,0.0,20.38,78006,28.26,37.0,0.667
2024-06-16T00:08:56.000,44.76,17.52,0.0,0.0,20.38,78010,27.43,37.0,0.667
2024-06-16T00:09:56.000,44.71,17.58,0.0,0.0,20.38,78011,27.22,37.0,0.667
2024-06-16T00:10:57.000,44.78,18.15,0.0,0.0,20.38,78012,27.01,37.0,0.667
2024-06-16T00:12:57.000,44.92,18.06,0.0,0.0,20.38,78014,26.59,38.0,0.668
2024-06-16T00:13:57.000,44.89,17.87,0.0,0.0,20.38,78015,26.39,38.0,0.668
2024-06-16T00:14:57.000,44.79,17.55,0.0,0.0,20.38,78016,26.18,38.0,0.668
2024-06-16T00:16:58.000,44.61,17.5,0.0,0.0,20.38,78018,25.76,38.0,0.668
2024-06-16T00:17:58.000,44.55,17.86,0.0,0.0,20.38,78019,25.56,39.0,0.668
2024-06-16T00:18:59.000,44.54,17.87,0.0,0.0,20.38,78020,25.35,39.0,0.668
2024-06-16T00:22:00.000,44.42,17.59,0.0,0.0,20.38,78023,24.73,39.0,0.668
2024-06-16T00:26:01.000,44.28,17.73,0.0,0.0,20.38,78027,23.9,40.0,0.668
2024-06-16T00:31:02.000,44.21,17.94,0.0,0.0,20.38,78032,22.87,40.0,0.669
2024-06-16T00:32:03.000,44.28,17.98,0.0,0.0,20.38,78033,22.66,41.0,0.669
2024-06-16T00:33:03.000,44.28,17.78,0.0,0.0,20.38,78034,22.46,41.0,0.669
2024-06-16T01:11:20.000,43.15,16.39,0.0,0.0,20.38,78072,14.69,46.0,0.671
2024-06-16T01:12:20.000,43.07,16.36,0.0,0.0,20.38,78073,14.49,46.0,0.671
2024-06-16T01:13:21.000,42.97,16.4,0.0,0.0,20.38,78074,14.29,46.0,0.671
2024-06-16T01:15:22.000,42.89,16.5,0.0,0.0,20.38,78076,13.89,46.0,0.671
2024-06-16T01:16:22.000,42.89,16.45,0.0,0.0,20.38,78077,13.69,46.0,0.672
2024-06-16T01:17:22.000,42.94,16.52,0.0,0.0,20.38,78078,13.49,46.0,0.672
2024-06-16T01:18:23.000,42.91,16.31,0.0,0.0,20.38,78079,13.28,46.0,0.672
2024-06-16T01:19:23.000,42.89,16.18,0.0,0.0,20.38,78080,13.08,46.0,0.672
2024-06-16T01:22:24.000,42.79,16.13,0.0,0.0,20.38,78083,12.48,47.0,0.672
2024-06-16T01:23:24.000,42.77,16.09,0.0,0.0,20.38,78084,12.29,47.0,0.672
2024-06-16T01:24:25.000,42.77,16.24,0.0,0.0,20.38,78085,12.08,47.0,0.672
2024-06-16T01:30:27.000,42.62,15.93,0.0,0.0,20.38,78091,10.89,47.0,0.672
2024-06-16T01:31:27.000,42.6,16.03,0.0,0.0,20.38,78092,10.69,48.0,0.672
2024-06-16T01:32:28.000,42.57,15.88,0.0,0.0,20.38,78093,10.49,48.0,0.673
2024-06-16T01:34:28.000,42.42,15.8,0.0,0.0,20.38,78095,10.1,48.0,0.673
2024-06-16T01:35:29.000,42.37,15.68,0.0,0.0,20.38,78096,9.9,48.0,0.673
2024-06-16T01:36:29.000,42.28,15.62,0.0,0.0,20.38,78097,9.7,48.0,0.673
2024-06-16T01:55:38.000,41.33,14.67,0.0,0.0,20.38,78116,5.97,49.0,0.674
2024-06-16T01:56:38.000,41.28,14.72,0.0,0.0,20.38,78117,5.77,49.0,0.674
2024-06-16T01:57:39.000,41.26,14.74,0.0,0.0,20.38,78118,5.58,49.0,0.674
2024-06-16T01:58:39.000,41.3,14.75,0.21,0.09,20.38,78119,5.38,49.0,0.674
2024-06-16T01:59:40.000,41.28,14.58,0.0,0.0,20.38,78120,5.19,50.0,0.674
2024-06-16T02:00:40.000,41.28,14.64,0.0,0.0,20.38,78121,4.99,50.0,0.674
2024-06-16T02:01:40.000,41.32,14.65,0.0,0.0,20.38,78122,4.8,50.0,0.674
2024-06-16T02:03:41.000,41.29,14.31,0.0,0.0,20.38,78124,4.42,50.0,0.674
2024-06-16T02:04:41.000,41.25,14.39,0.0,0.0,20.38,78125,4.22,50.0,0.675
2024-06-16T02:05:41.000,41.28,14.39,0.0,0.0,20.38,78126,4.03,50.0,0.675
2024-06-16T02:06:41.000,41.23,14.23,0.25,0.09,20.38,78127,3.84,50.0,0.675
