Downloads/jupyter/ECSV/stars19/stars19_2021-02.ecsv
# %ECSV 1.0
# ---
# datatype:
# - {name: time, datatype: string}
# - {name: Enclosure Temperature, unit: deg_C, datatype: float64}
# - {name: Sky Temperature, unit: deg_C, datatype: float64}
# - {name: Frequency, unit: Hz, datatype: float64}
# - {name: MSAS, unit: mag / arcsec2, datatype: float64}
# - {name: ZP, datatype: float64}
# - {name: Sequence Number, datatype: int64}
# - {name: Sun Alt, unit: deg, datatype: float64}
# - {name: Moon Alt, unit: deg, datatype: float64}
# - {name: Moon Illumination, datatype: float64}
# delimiter: ','
# meta: !!omap
# - ida:
#     Data supplier: {affiliation: null, observer: null}
#     Device type: TESS-W
#     Field of view: 17.0
#     Filters per channel: None
#     Instrument ID: stars19
#     License: ODbL 1.0 http://opendatacommons.org/licenses/odbl/summary/
#     Local timezone: America/Phoenix
#     Location name: {country: '- Tucson', place: Tucson, region: United States, sub_region: Arizona, town: Pima County}
#     Measurement direction per channel: {azimuth: 0.0, zenital: 0.0}
#     Moving / Fixed look direction: FIXED
#     Moving / Stationary position: STATIONARY
#     Number of channels: 1
#     Number of fields per line: 8
#     Number of header lines: 35
#     Position: {height: 0.0, latitude: 32.223877, longitude: -110.767532}
#     TESS MAC address: 18:FE:34:CF:EC:06
#     TESS cover offset value: 0.0
#     TESS firmware version: '1.0'
#     TESS zero point: 20.5
#     Time Synchronization: timestamp added by MQTT subscriber
#     URL: http://www.darksky.org/NSBM/sdf1.0.pdf
# - __serialized_columns__:
#     Enclosure Temperature:
#       __class__: astropy.units.quantity.Quantity
#       unit: &id001 !astropy.units.Unit {unit: deg_C}
#       value: !astropy.table.SerializedColumn {name: Enclosure Temperature}
#     Frequency:
#       __class__: astropy.units.quantity.Quantity
#       unit: !astropy.units.Unit {unit: Hz}
#       value: !astropy.table.SerializedColumn {name: Frequency}
#     MSAS:
#       __class__: astropy.units.quantity.Quantity
#       unit: !astropy.units.Unit {unit: mag / arcsec2}
#       value: !astropy.table.SerializedColumn {name: MSAS}
#     Moon Alt:
#       __class__: astropy.units.quantity.Quantity
#       unit: &id002 !astropy.units.Unit {unit: deg}
#       value: !astropy.table.SerializedColumn {name: Moon Alt}
#     Sky Temperature:
#       __class__: astropy.units.quantity.Quantity
#       unit: *id001
#       value: !astropy.table.SerializedColumn {name: Sky Temperature}
#     Sun Alt:
#       __class__: astropy.units.quantity.Quantity
#       unit: *id002
#       value: !astropy.table.SerializedColumn {name: Sun Alt}
#     time:
#       __class__: astropy.time.core.Time
#       format: isot
#       in_subfmt: '*'
#       out_subfmt: '*'
#       precision: 3
#       scale: utc
#       value: !astropy.table.SerializedColumn {name: time}
# schema: astropy-2.0
time,Enclosure Temperature,Sky Temperature,Frequency,MSAS,ZP,Sequence Number,Sun Alt,Moon Alt,Moon Illumination
[from data line 6683]
2021-02-08T09:30:58.000,10.25,-13.57,0.97,20.42,20.5,17539,-58.85,-28.0,0.132
2021-02-08T09:31:58.000,10.25,-13.47,0.97,20.42,20.5,17540,-58.66,-28.0,0.132
2021-02-08T09:32:58.000,10.27,-13.47,0.97,20.41,20.5,17541,-58.47,-27.0,0.132
2021-02-08T09:33:58.000,10.27,-13.43,0.97,20.41,20.5,17542,-58.28,-27.0,0.132
2021-02-08T09:34:58.000,10.28,-13.3,0.97,20.41,20.5,17543,-58.09,-27.0,0.132
2021-02-08T09:37:58.000,10.24,-13.43,0.97,20.41,20.5,17546,-57.52,-26.0,0.132
2021-02-08T09:38:58.000,10.26,-13.45,0.97,20.41,20.5,17547,-57.33,-26.0,0.132
2021-02-08T09:42:59.000,10.12,-13.67,0.97,20.42,20.5,17551,-56.55,-25.0,0.132
2021-02-08T09:47:59.000,10.09,-13.51,0.97,20.42,20.5,17556,-55.58,-25.0,0.131
2021-02-08T09:51:00.000,10.05,-13.55,0.96,20.42,20.5,17559,-54.99,-24.0,0.131
2021-02-08T09:58:01.000,10.45,-13.56,0.96,20.42,20.5,17566,-53.6,-23.0,0.131
2021-02-08T09:59:02.000,10.42,-13.56,0.96,20.42,20.5,17567,-53.4,-22.0,0.131
2021-02-08T10:00:01.000,10.38,-13.55,0.96,20.42,20.5,17568,-53.21,-22.0,0.131
2021-02-08T10:01:01.000,10.33,-13.5,0.96,20.42,20.5,17569,-53.01,-22.0,0.131
2021-02-08T10:02:01.000,10.28,-13.51,0.96,20.42,20.5,17570,-52.81,-22.0,0.131
2021-02-08T10:03:01.000,10.22,-13.57,0.96,20.43,20.5,17571,-52.61,-22.0,0.131
2021-02-08T10:04:02.000,10.16,-13.55,0.96,20.42,20.5,17572,-52.4,-21.0,0.131
2021-02-08T10:07:02.000,10.0,-13.64,0.96,20.42,20.5,17575,-51.8,-21.0,0.13
2021-02-08T10:08:02.000,10.33,-13.66,0.96,20.42,20.5,17576,-51.6,-21.0,0.13
2021-02-08T10:09:02.000,10.67,-13.66,0.96,20.42,20.5,17577,-51.4,-20.0,0.13
2021-02-08T10:10:02.000,10.84,-13.67,0.96,20.43,20.5,17578,-51.2,-20.0,0.13
2021-02-08T10:11:02.000,10.91,-13.54,0.96,20.43,20.5,17579,-51.0,-20.0,0.13
2021-02-08T10:13:02.000,10.88,-13.6,0.96,20.42,20.5,17581,-50.59,-20.0,0.13
2021-02-08T10:14:02.000,10.73,-13.74,0.96,20.42,20.5,17582,-50.39,-19.0,0.13
2021-02-08T10:15:03.000,10.57,-13.74,0.96,20.43,20.5,17583,-50.18,-19.0,0.13
2021-02-08T10:16:04.000,10.43,-13.76,0.96,20.43,20.5,17584,-49.98,-19.0,0.13
2021-02-08T10:17:04.000,10.32,-13.67,0.96,20.42,20.5,17585,-49.77,-19.0,0.13
2021-02-08T10:18:04.000,10.22,-13.67,0.96,20.43,20.5,17586,-49.57,-19.0,0.13
2021-02-08T10:19:04.000,10.17,-13.53,0.96,20.43,20.5,17587,-49.36,-19.0,0.13
2021-02-08T10:20:04.000,10.12,-13.5,0.96,20.43,20.5,17588,-49.16,-18.0,0.13
2021-02-08T10:21:04.000,10.1,-13.42,0.96,20.42,20.5,17589,-48.96,-18.0,0.13
2021-02-08T10:22:04.000,10.09,-13.46,0.96,20.42,20.5,17590,-48.75,-18.0,0.13
2021-02-08T10:23:04.000,10.06,-13.54,0.96,20.42,20.5,17591,-48.55,-18.0,0.13
2021-02-08T10:24:04.000,9.99,-13.69,0.96,20.42,20.5,17592,-48.34,-18.0,0.13
2021-02-08T10:25:04.000,10.2,-13.85,0.96,20.42,20.5,17593,-48.14,-17.0,0.13
2021-02-08T10:26:04.000,10.54,-13.81,0.96,20.43,20.5,17594,-47.93,-17.0,0.13
2021-02-08T10:27:05.000,10.79,-13.72,0.96,20.43,20.5,17595,-47.72,-17.0,0.129
2021-02-08T10:28:05.000,10.9,-13.72,0.96,20.43,20.5,17596,-47.52,-17.0,0.129
2021-02-08T10:29:05.000,10.86,-13.78,0.96,20.42,20.5,17597,-47.31,-17.0,0.129
2021-02-08T10:30:05.000,10.79,-13.67,0.96,20.42,20.5,17598,-47.11,-16.0,0.129
2021-02-08T10:31:06.000,10.73,-13.63,0.96,20.42,20.5,17599,-46.9,-16.0,0.129
2021-02-08T10:32:06.000,10.64,-13.68,0.96,20.42,20.5,17600,-46.69,-16.0,0.129
2021-02-08T10:34:06.000,10.46,-13.77,0.96,20.42,20.5,17602,-46.28,-16.0,0.129
2021-02-08T10:35:06.000,10.38,-13.67,0.96,20.43,20.5,17603,-46.07,-15.0,0.129
2021-02-08T10:38:07.000,10.17,-13.82,0.99,20.39,20.5,17606,-45.45,-15.0,0.129
2021-02-08T10:39:07.000,10.08,-13.84,0.97,20.41,20.5,17607,-45.24,-15.0,0.129
2021-02-08T10:41:07.000,10.0,-13.87,0.97,20.41,20.5,17609,-44.83,-14.0,0.129
2021-02-08T10:43:07.000,10.54,-14.02,0.97,20.41,20.5,17611,-44.41,-14.0,0.129
2021-02-08T10:44:07.000,10.71,-13.92,0.97,20.41,20.5,17612,-44.21,-14.0,0.129
2021-02-08T10:45:07.000,10.77,-13.88,0.97,20.41,20.5,17613,-44.0,-14.0,0.129
2021-02-08T10:47:07.000,10.68,-13.84,0.97,20.41,20.5,17615,-43.58,-13.0,0.128
2021-02-08T10:48:07.000,10.58,-13.95,0.96,20.43,20.5,17616,-43.37,-13.0,0.128
2021-02-08T10:50:07.000,10.27,-13.91,0.96,20.42,20.5,17618,-42.96,-13.0,0.128
2021-02-08T10:51:08.000,10.18,-13.84,0.96,20.42,20.5,17619,-42.75,-12.0,0.128
2021-02-08T10:52:08.000,10.09,-13.81,0.96,20.42,20.5,17620,-42.54,-12.0,0.128
2021-02-08T10:53:08.000,10.04,-13.79,0.96,20.43,20.5,17621,-42.33,-12.0,0.128
2021-02-08T10:54:08.000,10.0,-13.9,0.96,20.42,20.5,17622,-42.12,-12.0,0.128
2021-02-08T10:55:09.000,10.23,-14.24,0.96,20.42,20.5,17623,-41.91,-12.0,0.128
2021-02-08T10:56:08.000,10.51,-14.06,0.96,20.42,20.5,17624,-41.7,-12.0,0.128
2021-02-08T10:57:09.000,10.67,-14.07,0.96,20.42,20.5,17625,-41.49,-11.0,0.128
2021-02-08T10:58:09.000,10.7,-14.04,0.96,20.42,20.5,17626,-41.28,-11.0,0.128
2021-02-08T10:59:09.000,10.62,-14.32,0.96,20.42,20.5,17627,-41.07,-11.0,0.128
2021-02-08T11:00:09.000,10.44,-14.26,0.96,20.42,20.5,17628,-40.86,-11.0,0.128
2021-02-08T11:01:09.000,10.35,-14.05,0.96,20.42,20.5,17629,-40.65,-11.0,0.128
2021-02-08T11:02:09.000,10.25,-14.16,0.96,20.42,20.5,17630,-40.44,-10.0,0.128
2021-02-08T11:03:09.000,10.14,-14.14,0.96,20.42,20.5,17631,-40.23,-10.0,0.128
2021-02-08T11:04:09.000,10.05,-14.08,0.96,20.42,20.5,17632,-40.02,-10.0,0.128
2021-02-08T11:05:09.000,9.99,-14.15,0.96,20.42,20.5,17633,-39.81,-10.0,0.127
2021-02-08T11:06:09.000,10.26,-14.65,0.96,20.42,20.5,17634,-39.6,-10.0,0.127
2021-02-08T11:07:09.000,10.57,-14.32,0.96,20.42,20.5,17635,-39.39,-9.0,0.127
2021-02-08T11:08:10.000,10.75,-14.15,0.97,20.42,20.5,17636,-39.18,-9.0,0.127
2021-02-08T11:10:10.000,10.69,-14.36,0.97,20.42,20.5,17638,-38.76,-9.0,0.127
2021-02-08T11:13:10.000,10.34,-14.22,0.97,20.41,20.5,17641,-38.13,-8.0,0.127
2021-02-08T11:14:11.000,10.22,-14.3,0.97,20.41,20.5,17642,-37.92,-8.0,0.127
2021-02-08T11:15:11.000,10.05,-14.36,0.97,20.41,20.5,17643,-37.71,-8.0,0.127
2021-02-08T11:16:12.000,10.0,-14.24,0.97,20.42,20.5,17644,-37.49,-8.0,0.127
2021-02-08T11:17:12.000,10.25,-14.47,0.97,20.42,20.5,17645,-37.28,-8.0,0.127
2021-02-08T11:18:12.000,10.55,-14.35,0.97,20.42,20.5,17646,-37.07,-7.0,0.127
2021-02-08T11:19:12.000,10.69,-14.3,0.97,20.42,20.5,17647,-36.86,-7.0,0.127
2021-02-08T11:20:12.000,10.69,-14.44,0.97,20.42,20.5,17648,-36.65,-7.0,0.127
2021-02-08T11:21:12.000,10.57,-14.47,0.97,20.42,20.5,17649,-36.44,-7.0,0.127
2021-02-08T11:22:12.000,10.47,-14.38,0.97,20.41,20.5,17650,-36.23,-7.0,0.127
2021-02-08T11:23:12.000,10.33,-14.39,0.97,20.41,20.5,17651,-36.02,-7.0,0.127
2021-02-08T11:24:13.000,10.19,-14.34,0.97,20.41,20.5,17652,-35.8,-6.0,0.127
2021-02-08T11:25:13.000,10.06,-14.28,0.98,20.4,20.5,17653,-35.59,-6.0,0.126
2021-02-08T11:26:13.000,9.98,-14.28,1.0,20.38,20.5,17654,-35.38,-6.0,0.126
2021-02-08T11:27:13.000,10.16,-14.49,0.99,20.39,20.5,17655,-35.17,-6.0,0.126
2021-02-08T11:28:13.000,10.54,-14.45,1.0,20.39,20.5,17656,-34.96,-6.0,0.126
2021-02-08T11:29:13.000,10.75,-14.46,1.0,20.38,20.5,17657,-34.75,-5.0,0.126
2021-02-08T11:32:13.000,10.58,-14.3,1.0,20.38,20.5,17660,-34.11,-5.0,0.126
2021-02-08T11:33:14.000,10.49,-14.4,1.0,20.39,20.5,17661,-33.9,-5.0,0.126
2021-02-08T11:34:14.000,10.37,-14.46,0.99,20.39,20.5,17662,-33.69,-5.0,0.126
2021-02-08T11:35:14.000,10.24,-14.4,1.0,20.39,20.5,17663,-33.48,-4.0,0.126
2021-02-08T11:36:14.000,10.11,-14.36,1.0,20.38,20.5,17664,-33.27,-4.0,0.126
2021-02-08T11:37:14.000,10.0,-14.47,1.0,20.38,20.5,17665,-33.05,-4.0,0.126
2021-02-08T11:38:14.000,10.02,-14.79,1.0,20.39,20.5,17666,-32.84,-4.0,0.126
2021-02-08T11:39:14.000,10.51,-14.69,0.99,20.39,20.5,17667,-32.63,-4.0,0.126
2021-02-08T11:40:14.000,10.87,-14.7,1.0,20.38,20.5,17668,-32.42,-3.0,0.126
2021-02-08T11:41:14.000,11.03,-14.53,1.0,20.38,20.5,17669,-32.21,-3.0,0.126
2021-02-08T11:42:14.000,11.05,-14.54,1.0,20.38,20.5,17670,-32.0,-3.0,0.126
2021-02-08T11:43:15.000,10.97,-14.47,1.0,20.38,20.5,17671,-31.78,-3.0,0.126
2021-02-08T11:44:14.000,10.84,-14.45,1.0,20.38,20.5,17672,-31.57,-3.0,0.125
2021-02-08T11:45:14.000,10.69,-14.48,1.0,20.38,20.5,17673,-31.36,-3.0,0.125
2021-02-08T11:46:15.000,10.51,-14.6,1.0,20.38,20.5,17674,-31.15,-2.0,0.125
2021-02-08T11:47:15.000,10.34,-14.55,0.99,20.4,20.5,17675,-30.94,-2.0,0.125
2021-02-08T11:48:15.000,10.17,-14.68,0.97,20.41,20.5,17676,-30.73,-2.0,0.125
2021-02-08T11:49:16.000,10.0,-14.62,0.97,20.41,20.5,17677,-30.51,-2.0,0.125
2021-02-08T11:50:15.000,10.06,-14.81,0.97,20.41,20.5,17678,-30.3,-2.0,0.125
2021-02-08T11:51:15.000,10.46,-15.0,0.97,20.41,20.5,17679,-30.09,-1.0,0.125
2021-02-08T11:52:16.000,10.68,-15.06,0.97,20.41,20.5,17680,-29.88,-1.0,0.125
2021-02-08T11:53:16.000,10.7,-14.89,0.97,20.41,20.5,17681,-29.66,-1.0,0.125
2021-02-08T11:54:16.000,10.62,-14.99,0.97,20.41,20.5,17682,-29.45,-1.0,0.125
2021-02-08T11:55:16.000,10.45,-14.77,0.98,20.41,20.5,17683,-29.24,-1.0,0.125
2021-02-08T11:56:16.000,10.26,-15.16,0.97,20.41,20.5,17684,-29.03,-1.0,0.125
2021-02-08T11:57:16.000,10.08,-14.77,0.97,20.41,20.5,17685,-28.82,-0.0,0.125
2021-02-08T11:58:16.000,9.99,-14.66,0.97,20.41,20.5,17686,-28.61,-0.0,0.125
2021-02-08T11:59:16.000,10.13,-14.82,0.97,20.41,20.5,17687,-28.39,-0.0,0.125
2021-02-08T12:00:21.000,10.48,-14.99,0.97,20.41,20.5,17688,-28.17,0.0,0.125
2021-02-08T12:01:21.000,10.62,-14.86,0.98,20.41,20.5,17689,-27.95,0.0,0.125
2021-02-08T12:02:21.000,10.63,-14.78,0.98,20.4,20.5,17690,-27.74,0.0,0.125
2021-02-08T12:03:21.000,10.55,-14.73,0.98,20.4,20.5,17691,-27.53,1.0,0.125
2021-02-08T12:04:21.000,10.41,-14.68,0.98,20.4,20.5,17692,-27.32,1.0,0.124
2021-02-08T12:05:21.000,10.25,-14.68,0.98,20.4,20.5,17693,-27.11,1.0,0.124
2021-02-08T12:06:22.000,10.08,-14.66,1.0,20.38,20.5,17694,-26.89,1.0,0.124
2021-02-08T12:07:21.000,10.01,-14.56,1.05,20.33,20.5,17695,-26.68,1.0,0.124
2021-02-08T12:08:22.000,10.27,-14.69,4.67,19.64,20.5,17696,-26.47,1.0,0.124
2021-02-08T12:09:22.000,10.45,-14.74,0.99,20.39,20.5,17697,-26.26,2.0,0.124
2021-02-08T12:10:23.000,10.49,-14.62,0.99,20.39,20.5,17698,-26.04,2.0,0.124
2021-02-08T12:11:23.000,10.41,-14.69,0.99,20.39,20.5,17699,-25.83,2.0,0.124
2021-02-08T12:12:23.000,10.32,-14.56,0.99,20.39,20.5,17700,-25.62,2.0,0.124
2021-02-08T12:13:23.000,10.19,-14.58,0.99,20.39,20.5,17701,-25.41,2.0,0.124
2021-02-08T12:14:23.000,10.07,-14.49,1.0,20.38,20.5,17702,-25.2,3.0,0.124
2021-02-08T12:15:23.000,9.97,-14.55,2.11,19.58,20.5,17703,-24.99,3.0,0.124
2021-02-08T12:16:23.000,10.18,-14.67,4.12,19.41,20.5,17704,-24.77,3.0,0.124
2021-02-08T12:17:23.000,10.6,-14.59,1.0,20.38,20.5,17705,-24.56,3.0,0.124
2021-02-08T12:18:23.000,10.75,-14.71,1.0,20.38,20.5,17706,-24.35,3.0,0.124
2021-02-08T12:19:23.000,10.8,-14.49,1.0,20.38,20.5,17707,-24.14,3.0,0.124
2021-02-08T12:20:23.000,10.74,-14.58,1.0,20.38,20.5,17708,-23.93,4.0,0.124
2021-02-08T12:21:24.000,10.62,-14.55,1.0,20.38,20.5,17709,-23.71,4.0,0.124
2021-02-08T12:22:24.000,10.51,-14.45,1.0,20.38,20.5,17710,-23.5,4.0,0.124
2021-02-08T12:23:24.000,10.37,-14.48,1.0,20.38,20.5,17711,-23.29,4.0,0.123
2021-02-08T12:24:24.000,10.22,-14.57,1.0,20.38,20.5,17712,-23.08,4.0,0.123
2021-02-08T12:25:24.000,9.99,-14.8,1.0,20.38,20.5,17713,-22.87,4.0,0.123
2021-02-08T12:26:24.000,10.06,-14.72,1.0,20.38,20.5,17714,-22.66,5.0,0.123
2021-02-08T12:27:24.000,10.54,-14.85,1.0,20.37,20.5,17715,-22.45,5.0,0.123
2021-02-08T12:28:24.000,10.81,-14.82,1.0,20.37,20.5,17716,-22.24,5.0,0.123
2021-02-08T12:29:24.000,10.93,-14.75,1.01,20.37,20.5,17717,-22.02,5.0,0.123
2021-02-08T12:30:24.000,10.82,-14.88,1.01,20.37,20.5,17718,-21.81,5.0,0.123
2021-02-08T12:31:24.000,10.74,-14.54,1.01,20.37,20.5,17719,-21.6,5.0,0.123
2021-02-08T12:32:24.000,10.62,-14.64,1.01,20.37,20.5,17720,-21.39,6.0,0.123
2021-02-08T12:33:25.000,10.42,-14.85,1.01,20.37,20.5,17721,-21.18,6.0,0.123
2021-02-08T12:34:25.000,10.15,-14.75,1.01,20.37,20.5,17722,-20.97,6.0,0.123
2021-02-08T12:35:25.000,10.01,-14.51,1.01,20.37,20.5,17723,-20.76,6.0,0.123
2021-02-08T12:36:25.000,10.06,-14.53,1.01,20.37,20.5,17724,-20.54,6.0,0.123
2021-02-08T12:37:25.000,10.31,-14.63,1.01,20.37,20.5,17725,-20.33,6.0,0.123
2021-02-08T12:38:25.000,10.44,-14.54,1.01,20.37,20.5,17726,-20.12,7.0,0.123
2021-02-08T12:39:26.000,10.52,-14.41,1.02,20.36,20.5,17727,-19.91,7.0,0.123
2021-02-08T12:40:26.000,10.48,-14.43,1.02,20.36,20.5,17728,-19.7,7.0,0.123
2021-02-08T12:41:26.000,10.4,-14.41,1.02,20.36,20.5,17729,-19.49,7.0,0.123
2021-02-08T12:42:26.000,10.3,-14.36,1.02,20.36,20.5,17730,-19.28,7.0,0.123
2021-02-08T12:43:26.000,10.2,-14.35,1.02,20.36,20.5,17731,-19.07,7.0,0.122
2021-02-08T12:44:26.000,10.09,-14.36,1.06,20.32,20.5,17732,-18.86,8.0,0.122
2021-02-08T12:45:26.000,9.98,-14.37,1.06,20.31,20.5,17733,-18.65,8.0,0.122
2021-02-08T12:46:26.000,10.11,-14.59,1.07,20.31,20.5,17734,-18.44,8.0,0.122
2021-02-08T12:47:27.000,10.44,-14.53,1.07,20.31,20.5,17735,-18.22,8.0,0.122
2021-02-08T12:48:26.000,10.67,-14.37,1.07,20.31,20.5,17736,-18.01,8.0,0.122
2021-02-08T12:49:26.000,10.73,-14.5,1.07,20.3,20.5,17737,-17.8,8.0,0.122
2021-02-08T12:50:26.000,10.68,-14.45,1.07,20.31,20.5,17738,-17.59,9.0,0.122
2021-02-08T12:51:27.000,10.58,-14.23,1.07,20.31,20.5,17739,-17.38,9.0,0.122
2021-02-08T12:52:27.000,10.49,-14.25,1.07,20.31,20.5,17740,-17.17,9.0,0.122
2021-02-08T12:53:27.000,10.38,-14.26,1.07,20.31,20.5,17741,-16.96,9.0,0.122
2021-02-08T12:54:27.000,10.24,-14.25,1.07,20.31,20.5,17742,-16.75,9.0,0.122
2021-02-08T12:55:27.000,10.1,-14.33,1.07,20.3,20.5,17743,-16.54,9.0,0.122
2021-02-08T12:56:28.000,9.97,-14.33,1.08,20.3,20.5,17744,-16.33,9.0,0.122
2021-02-08T12:57:28.000,10.1,-14.63,1.08,20.3,20.5,17745,-16.12,10.0,0.122
2021-02-08T12:58:28.000,10.56,-14.78,1.09,20.29,20.5,17746,-15.91,10.0,0.122
2021-02-08T12:59:28.000,10.82,-14.72,1.09,20.29,20.5,17747,-15.7,10.0,0.122
2021-02-08T13:00:28.000,10.9,-14.6,1.09,20.28,20.5,17748,-15.49,10.0,0.122
2021-02-08T13:01:28.000,10.89,-14.38,1.1,20.28,20.5,17749,-15.28,10.0,0.122
2021-02-08T13:02:28.000,10.85,-14.27,1.11,20.27,20.5,17750,-15.07,10.0,0.122
2021-02-08T13:03:28.000,10.72,-14.42,1.12,20.25,20.5,17751,-14.86,11.0,0.121
2021-02-08T13:04:28.000,10.5,-14.55,1.14,20.24,20.5,17752,-14.65,11.0,0.121
2021-02-08T13:05:28.000,10.32,-14.39,1.16,20.22,20.5,17753,-14.44,11.0,0.121
2021-02-08T13:06:28.000,10.16,-14.41,1.18,20.2,20.5,17754,-14.23,11.0,0.121
2021-02-08T13:07:29.000,10.03,-14.32,1.2,20.18,20.5,17755,-14.02,11.0,0.121
2021-02-08T13:08:29.000,10.01,-14.45,1.23,20.16,20.5,17756,-13.81,11.0,0.121
2021-02-08T13:09:29.000,10.31,-14.85,1.26,20.13,20.5,17757,-13.6,12.0,0.121
2021-02-08T13:10:29.000,10.53,-14.89,1.31,20.09,20.5,17758,-13.39,12.0,0.121
2021-02-08T13:11:29.000,10.58,-14.76,1.36,20.05,20.5,17759,-13.18,12.0,0.121
2021-02-08T13:12:29.000,10.52,-14.71,1.42,20.0,20.5,17760,-12.98,12.0,0.121
2021-02-08T13:13:29.000,10.42,-14.55,1.5,19.94,20.5,17761,-12.77,12.0,0.121
2021-02-08T13:14:29.000,10.3,-14.49,1.59,19.87,20.5,17762,-12.56,12.0,0.121
2021-02-08T13:15:29.000,10.17,-14.47,1.71,19.8,20.5,17763,-12.35,12.0,0.121
2021-02-08T13:16:29.000,10.0,-14.57,1.85,19.71,20.5,17764,-12.14,13.0,0.121
2021-02-08T13:17:29.000,9.98,-14.96,2.01,19.62,20.5,17765,-11.93,13.0,0.121
2021-02-08T13:18:29.000,10.46,-14.98,2.2,19.53,20.5,17766,-11.72,13.0,0.121
2021-02-08T13:19:29.000,10.87,-14.9,2.44,19.41,20.5,17767,-11.52,13.0,0.121
2021-02-08T13:20:30.000,11.03,-14.83,2.75,19.28,20.5,17768,-11.31,13.0,0.121
2021-02-08T13:21:29.000,11.02,-14.71,3.1,19.15,20.5,17769,-11.1,13.0,0.121
2021-02-08T13:22:30.000,10.94,-14.59,3.54,19.01,20.5,17770,-10.89,14.0,0.12
2021-02-08T13:23:30.000,10.79,-14.58,4.07,18.86,20.5,17771,-10.68,14.0,0.12
2021-02-08T13:27:31.000,10.02,-14.44,7.61,18.18,20.5,17775,-9.85,14.0,0.12
2021-02-08T13:28:31.000,10.04,-14.51,8.94,18.0,20.5,17776,-9.64,14.0,0.12
2021-02-08T13:29:32.000,10.38,-14.66,10.68,17.81,20.5,17777,-9.43,15.0,0.12
2021-02-08T13:30:32.000,10.6,-14.52,12.8,17.61,20.5,17778,-9.22,15.0,0.12
2021-02-08T13:35:32.000,10.12,-14.45,33.94,16.56,20.5,17783,-8.19,15.0,0.12
2021-02-08T13:37:32.000,10.06,-14.84,51.11,16.11,20.5,17785,-7.77,16.0,0.12
2021-02-08T13:38:32.000,10.52,-14.77,66.7,15.82,20.5,17786,-7.57,16.0,0.12
2021-02-08T13:41:33.000,10.89,-14.55,140.65,15.01,20.5,17789,-6.95,16.0,0.12
