Downloads/jupyter/ECSV/stars19/stars19_2019-08.ecsv
# %ECSV 1.0
# ---
# datatype:
# - {name: time, datatype: string}
# - {name: Enclosure Temperature, unit: deg_C, datatype: float64}
# - {name: Sky Temperature, unit: deg_C, datatype: float64}
# - {name: Frequency, unit: Hz, datatype: float64}
# - {name: MSAS, unit: mag / arcsec2, datatype: float64}
# - {name: ZP, datatype: float64}
# - {name: Sequence Number, datatype: int64}
# - {name: Sun Alt, unit: deg, datatype: float64}
# - {name: Moon Alt, unit: deg, datatype: float64}
# - {name: Moon Illumination, datatype: float64}
# delimiter: ','
# meta: !!omap
# - ida:
#     Data supplier: {affiliation: null, observer: null}
#     Device type: TESS-W
#     Field of view: 17.0
#     Filters per channel: None
#     Instrument ID: stars19
#     License: ODbL 1.0 http://opendatacommons.org/licenses/odbl/summary/
#     Local timezone: America/Phoenix
#     Location name: {country: '- Tucson', place: Tucson, region: United States, sub_region: Arizona, town: Pima County}
#     Measurement direction per channel: {azimuth: 0.0, zenital: 0.0}
#     Moving / Fixed look direction: FIXED
#     Moving / Stationary position: STATIONARY
#     Number of channels: 1
#     Number of fields per line: 8
#     Number of header lines: 35
#     Position: {height: 0.0, latitude: 32.223877, longitude: -110.767532}
#     TESS MAC address: 18:FE:34:CF:EC:06
#     TESS cover offset value: 0.0
#     TESS firmware version: '1.0'
#     TESS zero point: 20.5
#     Time Synchronization: timestamp added by MQTT subscriber
#     URL: http://www.darksky.org/NSBM/sdf1.0.pdf
# - __serialized_columns__:
#     Enclosure Temperature:
#       __class__: astropy.units.quantity.Quantity
#       unit: &id001 !astropy.units.Unit {unit: deg_C}
#       value: !astropy.table.SerializedColumn {name: Enclosure Temperature}
#     Frequency:
#       __class__: astropy.units.quantity.Quantity
#       unit: !astropy.units.Unit {unit: Hz}
#       value: !astropy.table.SerializedColumn {name: Frequency}
#     MSAS:
#       __class__: astropy.units.quantity.Quantity
#       unit: !astropy.units.Unit {unit: mag / arcsec2}
#       value: !astropy.table.SerializedColumn {name: MSAS}
#     Moon Alt:
#       __class__: astropy.units.quantity.Quantity
#       unit: &id002 !astropy.units.Unit {unit: deg}
#       value: !astropy.table.SerializedColumn {name: Moon Alt}
#     Sky Temperature:
#       __class__: astropy.units.quantity.Quantity
#       unit: *id001
#       value: !astropy.table.SerializedColumn {name: Sky Temperature}
#     Sun Alt:
#       __class__: astropy.units.quantity.Quantity
#       unit: *id002
#       value: !astropy.table.SerializedColumn {name: Sun Alt}
#     time:
#       __class__: astropy.time.core.Time
#       format: isot
#       in_subfmt: '*'
#       out_subfmt: '*'
#       precision: 3
#       scale: utc
#       value: !astropy.table.SerializedColumn {name: time}
# schema: astropy-2.0
time,Enclosure Temperature,Sky Temperature,Frequency,MSAS,ZP,Sequence Number,Sun Alt,Moon Alt,Moon Illumination
[from data line 8668]
2019-08-17T01:58:50.000,38.07,20.5,0.0,0.0,20.5,34543,0.69,-15.0,0.977
2019-08-17T01:59:50.000,38.02,20.19,0.0,0.0,20.5,34544,0.49,-15.0,0.977
2019-08-17T02:00:50.000,37.96,19.81,0.0,0.0,20.5,34545,0.28,-15.0,0.977
2019-08-17T02:06:53.000,37.49,17.06,0.0,0.0,20.5,34551,-0.95,-14.0,0.977
2019-08-17T02:07:53.000,37.4,16.76,0.0,0.0,20.5,34552,-1.15,-13.0,0.977
2019-08-17T02:08:53.000,37.33,16.61,0.0,0.0,20.5,34553,-1.35,-13.0,0.977
2019-08-17T02:09:54.000,37.32,16.51,32686.76,4.38,20.5,34554,-1.56,-13.0,0.977
2019-08-17T02:10:54.000,37.24,16.23,55575.29,8.6,20.5,34555,-1.76,-13.0,0.977
2019-08-17T02:11:55.000,37.18,16.16,48992.42,8.66,20.5,34556,-1.96,-13.0,0.977
2019-08-17T02:12:55.000,37.14,16.28,42746.27,8.8,20.5,34557,-2.17,-12.0,0.977
2019-08-17T02:13:56.000,37.12,16.46,37210.73,8.95,20.5,34558,-2.37,-12.0,0.977
2019-08-17T02:14:56.000,37.12,16.63,31976.22,9.12,20.5,34559,-2.57,-12.0,0.977
2019-08-17T02:15:57.000,37.11,16.71,25653.26,9.69,20.5,34560,-2.78,-12.0,0.977
2019-08-17T02:16:57.000,37.11,16.82,22842.6,9.48,20.5,34561,-2.98,-11.0,0.977
2019-08-17T02:17:58.000,37.09,16.92,19069.4,9.68,20.5,34562,-3.18,-11.0,0.977
2019-08-17T02:18:58.000,37.08,16.95,15819.07,9.88,20.5,34563,-3.38,-11.0,0.976
2019-08-17T02:19:59.000,37.1,17.03,13082.62,10.09,20.5,34564,-3.59,-11.0,0.976
2019-08-17T02:20:59.000,37.08,16.91,10787.02,10.3,20.5,34565,-3.79,-11.0,0.976
2019-08-17T02:21:59.000,37.06,16.74,8679.27,10.54,20.5,34566,-3.99,-10.0,0.976
2019-08-17T02:23:00.000,37.05,16.38,6763.64,10.81,20.5,34567,-4.19,-10.0,0.976
2019-08-17T02:24:00.000,37.02,16.07,5181.84,11.1,20.5,34568,-4.39,-10.0,0.976
2019-08-17T02:25:01.000,37.0,15.65,3948.96,11.39,20.5,34569,-4.6,-10.0,0.976
2019-08-17T02:27:02.000,36.88,15.56,2275.69,11.99,20.5,34571,-5.0,-9.0,0.976
2019-08-17T02:28:02.000,36.81,15.52,1726.64,12.29,20.5,34572,-5.2,-9.0,0.976
2019-08-17T02:29:03.000,36.76,15.79,1302.84,12.6,20.5,34573,-5.4,-9.0,0.976
2019-08-17T02:30:03.000,36.68,15.94,1015.24,12.87,20.5,34574,-5.6,-9.0,0.976
2019-08-17T02:31:09.000,36.62,16.2,811.98,13.11,20.5,34575,-5.82,-9.0,0.976
2019-08-17T02:32:09.000,36.55,16.48,635.27,13.38,20.5,34576,-6.02,-8.0,0.976
2019-08-17T02:33:09.000,36.52,16.78,504.56,13.63,20.5,34577,-6.22,-8.0,0.976
2019-08-17T02:34:10.000,36.5,17.01,397.89,13.88,20.5,34578,-6.42,-8.0,0.976
2019-08-17T02:35:10.000,36.42,17.13,325.78,14.1,20.5,34579,-6.62,-8.0,0.976
2019-08-17T02:36:11.000,36.35,17.45,280.7,14.26,20.5,34580,-6.82,-8.0,0.976
2019-08-17T02:38:11.000,36.27,17.99,202.2,14.62,20.5,34582,-7.21,-7.0,0.976
2019-08-17T02:39:12.000,36.26,18.07,160.53,14.87,20.5,34583,-7.41,-7.0,0.976
2019-08-17T02:40:12.000,36.22,18.03,125.64,15.14,20.5,34584,-7.61,-7.0,0.976
2019-08-17T02:41:12.000,36.17,18.03,98.45,15.4,20.5,34585,-7.81,-7.0,0.976
2019-08-17T02:42:12.000,36.14,18.07,79.32,15.63,20.5,34586,-8.01,-6.0,0.976
2019-08-17T02:43:13.000,36.14,17.96,65.48,15.84,20.5,34587,-8.21,-6.0,0.976
2019-08-17T02:44:13.000,36.1,17.52,52.64,16.08,20.5,34588,-8.4,-6.0,0.976
2019-08-17T02:45:13.000,36.03,17.56,43.97,16.27,20.5,34589,-8.6,-6.0,0.976
2019-08-17T02:46:14.000,36.01,17.76,36.36,16.48,20.5,34590,-8.8,-6.0,0.976
2019-08-17T02:47:15.000,36.04,18.12,31.37,16.64,20.5,34591,-9.0,-5.0,0.976
2019-08-17T02:48:15.000,36.04,18.41,28.34,16.75,20.5,34592,-9.19,-5.0,0.976
2019-08-17T02:50:16.000,35.98,19.03,26.43,16.83,20.5,34594,-9.59,-5.0,0.976
2019-08-17T02:51:16.000,35.95,19.28,24.5,16.91,20.5,34595,-9.78,-4.0,0.976
2019-08-17T02:54:17.000,35.94,18.75,16.52,17.34,20.5,34598,-10.37,-4.0,0.976
2019-08-17T02:55:18.000,35.92,18.29,14.08,17.51,20.5,34599,-10.57,-4.0,0.976
2019-08-17T02:56:18.000,35.87,17.79,12.01,17.68,20.5,34600,-10.76,-3.0,0.976
2019-08-17T02:57:19.000,35.81,17.64,10.38,17.84,20.5,34601,-10.96,-3.0,0.976
2019-08-17T02:58:19.000,35.79,17.37,8.43,18.07,20.5,34602,-11.15,-3.0,0.976
2019-08-17T02:59:20.000,35.75,17.13,7.04,18.26,20.5,34603,-11.35,-3.0,0.976
2019-08-17T03:01:21.000,35.61,17.11,6.72,18.31,20.5,34605,-11.74,-2.0,0.976
2019-08-17T03:02:21.000,35.59,17.34,7.31,18.22,20.5,34606,-11.93,-2.0,0.976
2019-08-17T03:03:21.000,35.56,17.38,8.1,18.11,20.5,34607,-12.12,-2.0,0.976
2019-08-17T03:04:22.000,35.55,17.44,8.12,18.11,20.5,34608,-12.32,-2.0,0.976
2019-08-17T03:05:22.000,35.53,17.26,7.66,18.17,20.5,34609,-12.51,-2.0,0.976
2019-08-17T03:06:23.000,35.46,17.12,7.15,18.24,20.5,34610,-12.7,-1.0,0.976
2019-08-17T03:07:23.000,35.41,17.07,6.72,18.31,20.5,34611,-12.9,-1.0,0.976
2019-08-17T03:08:23.000,35.34,17.2,6.17,18.41,20.5,34612,-13.09,-1.0,0.976
2019-08-17T03:09:24.000,35.28,17.56,5.52,18.53,20.5,34613,-13.28,-1.0,0.975
2019-08-17T03:10:25.000,35.28,18.08,5.34,18.56,20.5,34614,-13.47,-1.0,0.975
2019-08-17T03:11:25.000,35.27,18.46,5.67,18.5,20.5,34615,-13.66,-0.0,0.975
2019-08-17T03:12:26.000,35.29,18.88,6.2,18.4,20.5,34616,-13.86,-0.0,0.975
2019-08-17T03:13:26.000,35.28,19.26,7.25,18.23,20.5,34617,-14.05,-0.0,0.975
2019-08-17T03:14:27.000,35.27,19.51,8.62,18.04,20.5,34618,-14.24,0.0,0.975
2019-08-17T03:15:27.000,35.26,19.57,9.21,17.97,20.5,34619,-14.43,0.0,0.975
2019-08-17T03:16:28.000,35.29,19.93,9.32,17.96,20.5,34620,-14.62,1.0,0.975
2019-08-17T03:17:28.000,35.37,20.2,10.31,17.85,20.5,34621,-14.81,1.0,0.975
2019-08-17T03:18:29.000,35.41,20.45,11.14,17.76,20.5,34622,-15.0,1.0,0.975
2019-08-17T03:19:29.000,35.36,20.36,11.52,17.73,20.5,34623,-15.19,1.0,0.975
2019-08-17T03:20:29.000,35.38,20.82,11.98,17.68,20.5,34624,-15.38,1.0,0.975
2019-08-17T03:21:29.000,35.39,20.6,11.99,17.68,20.5,34625,-15.57,2.0,0.975
2019-08-17T03:22:30.000,35.36,20.71,10.72,17.81,20.5,34626,-15.76,2.0,0.975
2019-08-17T03:23:31.000,35.43,20.52,9.38,17.95,20.5,34627,-15.95,2.0,0.975
2019-08-17T03:24:31.000,35.46,20.38,9.58,17.93,20.5,34628,-16.14,2.0,0.975
2019-08-17T03:25:31.000,35.47,20.15,10.08,17.87,20.5,34629,-16.32,2.0,0.975
2019-08-17T03:26:32.000,35.5,20.17,9.96,17.88,20.5,34630,-16.51,3.0,0.975
2019-08-17T03:27:32.000,35.54,20.11,9.75,17.91,20.5,34631,-16.7,3.0,0.975
2019-08-17T03:28:32.000,35.55,19.99,9.71,17.91,20.5,34632,-16.88,3.0,0.975
2019-08-17T03:29:33.000,35.56,19.95,9.68,17.91,20.5,34633,-17.07,3.0,0.975
2019-08-17T03:30:33.000,35.5,19.8,10.11,17.87,20.5,34634,-17.26,3.0,0.975
2019-08-17T03:31:34.000,35.47,19.85,11.15,17.76,20.5,34635,-17.45,4.0,0.975
2019-08-17T03:32:34.000,35.45,19.91,12.7,17.62,20.5,34636,-17.63,4.0,0.975
2019-08-17T03:33:35.000,35.47,20.11,14.5,17.48,20.5,34637,-17.82,4.0,0.975
2019-08-17T03:34:36.000,35.47,20.52,16.46,17.34,20.5,34638,-18.0,4.0,0.975
2019-08-17T03:35:36.000,35.49,20.94,17.83,17.25,20.5,34639,-18.19,4.0,0.975
2019-08-17T03:36:37.000,35.54,21.18,18.08,17.24,20.5,34640,-18.37,5.0,0.975
2019-08-17T03:37:38.000,35.54,21.24,18.19,17.23,20.5,34641,-18.56,5.0,0.975
2019-08-17T03:38:38.000,35.54,21.45,19.17,17.17,20.5,34642,-18.74,5.0,0.975
2019-08-17T03:39:38.000,35.54,21.51,20.34,17.11,20.5,34643,-18.93,5.0,0.975
2019-08-17T03:40:39.000,35.54,21.76,21.34,17.06,20.5,34644,-19.11,5.0,0.975
2019-08-17T03:41:39.000,35.55,21.78,21.96,17.03,20.5,34645,-19.29,6.0,0.975
2019-08-17T03:42:40.000,35.46,21.76,22.34,17.01,20.5,34646,-19.48,6.0,0.975
2019-08-17T03:43:40.000,35.43,22.0,22.74,16.99,20.5,34647,-19.66,6.0,0.975
2019-08-17T03:45:41.000,35.37,22.15,23.31,16.96,20.5,34649,-20.02,6.0,0.975
2019-08-17T03:46:41.000,35.32,22.19,23.31,16.96,20.5,34650,-20.2,7.0,0.975
2019-08-17T03:47:43.000,35.27,22.27,23.22,16.97,20.5,34651,-20.39,7.0,0.975
2019-08-17T03:48:43.000,35.24,22.32,23.18,16.97,20.5,34652,-20.57,7.0,0.975
2019-08-17T03:50:45.000,35.29,22.66,23.07,16.97,20.5,34654,-20.93,7.0,0.975
2019-08-17T03:51:46.000,35.26,22.82,22.85,16.98,20.5,34655,-21.11,8.0,0.975
2019-08-17T03:52:46.000,35.25,23.0,22.39,17.0,20.5,34656,-21.29,8.0,0.975
2019-08-17T03:53:46.000,35.14,22.13,22.0,17.02,20.5,34657,-21.47,8.0,0.975
2019-08-17T03:54:47.000,32.8,16.24,21.31,17.06,20.5,34658,-21.65,8.0,0.975
2019-08-17T03:58:48.000,27.77,18.24,19.96,17.13,20.5,34662,-22.36,9.0,0.974
2019-08-17T03:59:49.000,27.37,18.75,20.08,17.12,20.5,34663,-22.54,9.0,0.974
2019-08-17T04:01:56.000,27.5,20.68,20.38,17.11,20.5,34665,-22.91,10.0,0.974
2019-08-17T04:02:56.000,27.58,20.82,20.54,17.1,20.5,34666,-23.08,10.0,0.974
2019-08-17T04:03:57.000,27.6,20.85,20.64,17.09,20.5,34667,-23.26,10.0,0.974
2019-08-17T04:04:57.000,27.67,21.11,20.51,17.1,20.5,34668,-23.43,10.0,0.974
2019-08-17T04:05:58.000,27.79,21.41,20.44,17.1,20.5,34669,-23.61,10.0,0.974
2019-08-17T04:06:58.000,27.88,21.45,20.44,17.1,20.5,34670,-23.78,11.0,0.974
2019-08-17T04:07:59.000,27.95,21.46,20.53,17.1,20.5,34671,-23.95,11.0,0.974
2019-08-17T04:09:00.000,28.02,21.43,20.73,17.09,20.5,34672,-24.13,11.0,0.974
2019-08-17T04:10:00.000,28.1,21.47,21.11,17.07,20.5,34673,-24.3,11.0,0.974
2019-08-17T04:11:01.000,28.21,21.47,21.55,17.05,20.5,34674,-24.47,11.0,0.974
2019-08-17T04:13:02.000,28.49,21.58,21.86,17.03,20.5,34676,-24.82,12.0,0.974
2019-08-17T04:14:02.000,28.67,21.59,21.81,17.03,20.5,34677,-24.99,12.0,0.974
2019-08-17T04:15:02.000,28.89,21.63,21.77,17.04,20.5,34678,-25.16,12.0,0.974
2019-08-17T04:16:03.000,29.17,21.67,21.69,17.04,20.5,34679,-25.33,12.0,0.974
2019-08-17T04:17:04.000,29.45,21.7,21.66,17.04,20.5,34680,-25.5,13.0,0.974
2019-08-17T04:18:04.000,29.68,21.76,21.74,17.04,20.5,34681,-25.67,13.0,0.974
2019-08-17T04:19:09.000,29.89,21.8,21.93,17.03,20.5,34682,-25.85,13.0,0.974
2019-08-17T04:22:10.000,30.6,20.94,22.57,17.0,20.5,34685,-26.35,14.0,0.974
2019-08-17T04:23:10.000,30.55,20.38,22.24,17.01,20.5,34686,-26.52,14.0,0.974
2019-08-17T04:24:11.000,30.62,20.64,21.67,17.04,20.5,34687,-26.69,14.0,0.974
2019-08-17T04:25:12.000,30.79,21.36,21.07,17.07,20.5,34688,-26.85,14.0,0.974
2019-08-17T04:26:12.000,30.92,21.38,20.59,17.1,20.5,34689,-27.02,14.0,0.974
2019-08-17T04:27:15.000,31.0,21.39,20.43,17.1,20.5,34690,-27.19,14.0,0.974
2019-08-17T04:29:16.000,30.95,20.16,21.11,17.07,20.5,34692,-27.52,15.0,0.974
2019-08-17T04:30:16.000,30.07,19.16,21.74,17.04,20.5,34693,-27.68,15.0,0.974
2019-08-17T04:31:17.000,30.14,20.52,22.01,17.02,20.5,34694,-27.85,15.0,0.974
2019-08-17T04:34:20.000,30.48,20.79,21.59,17.04,20.5,34697,-28.34,16.0,0.974
2019-08-17T04:35:21.000,30.33,20.16,21.35,17.06,20.5,34698,-28.5,16.0,0.974
2019-08-17T04:36:21.000,30.47,20.94,21.16,17.07,20.5,34699,-28.66,16.0,0.974
2019-08-17T04:37:22.000,30.83,21.35,21.07,17.07,20.5,34700,-28.82,16.0,0.974
2019-08-17T04:40:23.000,31.63,21.41,20.64,17.09,20.5,34703,-29.3,17.0,0.974
2019-08-17T04:41:24.000,31.83,21.35,20.5,17.1,20.5,34704,-29.46,17.0,0.974
2019-08-17T04:42:25.000,32.01,21.41,20.54,17.1,20.5,34705,-29.62,17.0,0.974
2019-08-17T04:43:25.000,32.2,21.39,20.72,17.09,20.5,34706,-29.77,18.0,0.974
2019-08-17T04:44:26.000,32.38,21.37,20.97,17.08,20.5,34707,-29.93,18.0,0.974
2019-08-17T04:45:26.000,32.53,21.39,21.27,17.06,20.5,34708,-30.09,18.0,0.974
2019-08-17T04:46:27.000,32.66,21.41,21.26,17.06,20.5,34709,-30.24,18.0,0.974
2019-08-17T04:47:27.000,32.76,21.32,20.92,17.08,20.5,34710,-30.4,18.0,0.973
2019-08-17T04:48:28.000,32.8,21.28,20.34,17.11,20.5,34711,-30.55,18.0,0.973
2019-08-17T04:49:28.000,32.86,21.35,19.86,17.14,20.5,34712,-30.7,19.0,0.973
2019-08-17T04:50:29.000,32.95,21.4,19.79,17.14,20.5,34713,-30.86,19.0,0.973
2019-08-17T04:52:29.000,33.13,21.39,20.14,17.12,20.5,34715,-31.16,19.0,0.973
2019-08-17T04:53:30.000,33.17,21.4,20.41,17.11,20.5,34716,-31.31,19.0,0.973
2019-08-17T04:54:30.000,33.22,21.37,20.46,17.1,20.5,34717,-31.46,20.0,0.973
2019-08-17T04:55:31.000,33.24,21.34,20.43,17.1,20.5,34718,-31.61,20.0,0.973
2019-08-17T04:56:32.000,33.3,21.48,20.4,17.11,20.5,34719,-31.76,20.0,0.973
2019-08-17T04:57:32.000,33.35,21.4,20.42,17.1,20.5,34720,-31.91,20.0,0.973
2019-08-17T04:58:32.000,33.33,21.26,20.09,17.12,20.5,34721,-32.06,20.0,0.973
2019-08-17T04:59:33.000,33.35,21.39,19.86,17.13,20.5,34722,-32.21,21.0,0.973
2019-08-17T05:00:33.000,33.36,21.4,19.8,17.14,20.5,34723,-32.35,21.0,0.973
2019-08-17T05:01:33.000,33.41,21.5,19.79,17.14,20.5,34724,-32.5,21.0,0.973
2019-08-17T05:02:33.000,33.48,21.51,19.88,17.13,20.5,34725,-32.64,21.0,0.973
2019-08-17T05:03:33.000,33.49,21.5,20.04,17.13,20.5,34726,-32.79,21.0,0.973
2019-08-17T05:04:35.000,33.56,21.49,20.47,17.1,20.5,34727,-32.94,21.0,0.973
2019-08-17T05:05:35.000,33.59,21.43,20.89,17.08,20.5,34728,-33.08,22.0,0.973
2019-08-17T05:06:36.000,33.63,21.5,21.11,17.07,20.5,34729,-33.22,22.0,0.973
2019-08-17T05:07:36.000,33.69,21.54,21.11,17.07,20.5,34730,-33.36,22.0,0.973
2019-08-17T05:08:37.000,33.77,21.46,20.9,17.08,20.5,34731,-33.51,22.0,0.973
2019-08-17T05:09:38.000,33.78,21.38,20.69,17.09,20.5,34732,-33.65,22.0,0.973
2019-08-17T05:10:39.000,33.75,21.39,20.66,17.09,20.5,34733,-33.79,23.0,0.973
2019-08-17T05:11:39.000,33.82,21.47,20.82,17.08,20.5,34734,-33.93,23.0,0.973
2019-08-17T05:12:40.000,33.85,21.45,21.08,17.07,20.5,34735,-34.07,23.0,0.973
2019-08-17T05:13:40.000,33.88,21.39,21.44,17.05,20.5,34736,-34.21,23.0,0.973
2019-08-17T05:14:41.000,33.91,21.44,21.82,16.97,20.5,34737,-34.35,23.0,0.973
2019-08-17T05:15:41.000,33.9,21.21,21.87,17.03,20.5,34738,-34.48,23.0,0.973
2019-08-17T05:16:42.000,33.87,21.38,21.65,17.04,20.5,34739,-34.62,24.0,0.973
2019-08-17T05:17:42.000,33.93,21.43,21.74,17.04,20.5,34740,-34.76,24.0,0.973
2019-08-17T05:18:43.000,33.96,21.41,21.58,17.04,20.5,34741,-34.89,24.0,0.973
2019-08-17T05:19:43.000,33.95,21.2,21.49,17.05,20.5,34742,-35.03,24.0,0.973
2019-08-17T05:20:44.000,33.87,21.23,21.63,17.04,20.5,34743,-35.16,24.0,0.973
2019-08-17T05:21:44.000,33.87,21.29,21.76,16.97,20.5,34744,-35.29,24.0,0.973
2019-08-17T05:23:45.000,33.82,21.21,22.32,17.01,20.5,34746,-35.56,25.0,0.973
2019-08-17T05:24:45.000,33.81,21.44,22.33,17.01,20.5,34747,-35.68,25.0,0.973
2019-08-17T05:25:46.000,33.83,21.41,22.3,17.01,20.5,34748,-35.82,25.0,0.973
2019-08-17T05:26:47.000,33.85,21.47,22.32,17.01,20.5,34749,-35.95,25.0,0.973
2019-08-17T05:27:47.000,33.87,21.45,22.31,17.01,20.5,34750,-36.07,26.0,0.973
2019-08-17T05:28:47.000,33.89,21.44,22.26,17.01,20.5,34751,-36.2,26.0,0.973
2019-08-17T05:29:48.000,33.91,21.44,22.16,17.02,20.5,34752,-36.33,26.0,0.973
2019-08-17T05:30:48.000,33.91,21.38,22.04,17.02,20.5,34753,-36.45,26.0,0.973
2019-08-17T05:31:49.000,33.91,21.46,21.95,17.03,20.5,34754,-36.58,26.0,0.973
2019-08-17T05:32:49.000,33.92,21.4,21.85,17.03,20.5,34755,-36.7,26.0,0.973
2019-08-17T05:33:50.000,33.9,21.39,21.69,17.04,20.5,34756,-36.83,27.0,0.973
2019-08-17T05:34:50.000,33.94,21.51,21.58,17.05,20.5,34757,-36.95,27.0,0.972
2019-08-17T05:35:51.000,33.93,21.35,21.59,17.04,20.5,34758,-37.07,27.0,0.972
2019-08-17T05:36:51.000,33.93,21.45,21.99,17.02,20.5,34759,-37.19,27.0,0.972
2019-08-17T05:37:51.000,33.97,21.45,22.53,17.0,20.5,34760,-37.31,27.0,0.972
2019-08-17T05:39:52.000,34.01,21.38,23.02,16.97,20.5,34762,-37.55,28.0,0.972
2019-08-17T05:40:53.000,34.03,21.42,23.06,16.97,20.5,34763,-37.67,28.0,0.972
2019-08-17T05:42:54.000,34.04,21.31,23.51,16.95,20.5,34765,-37.9,28.0,0.972
2019-08-17T05:43:54.000,34.0,21.21,23.38,16.96,20.5,34766,-38.02,28.0,0.972
2019-08-17T05:44:55.000,33.93,21.26,23.06,16.97,20.5,34767,-38.13,28.0,0.972
2019-08-17T05:45:55.000,33.9,21.26,22.55,17.0,20.5,34768,-38.24,29.0,0.972
2019-08-17T05:46:56.000,33.88,21.38,22.02,17.02,20.5,34769,-38.36,29.0,0.972
2019-08-17T05:47:56.000,33.9,21.4,21.56,17.05,20.5,34770,-38.47,29.0,0.972
2019-08-17T05:48:56.000,33.9,21.33,21.2,17.06,20.5,34771,-38.58,29.0,0.972
2019-08-17T05:49:57.000,33.9,21.35,20.86,17.08,20.5,34772,-38.69,29.0,0.972
2019-08-17T05:50:58.000,33.89,21.29,20.55,17.1,20.5,34773,-38.8,29.0,0.972
2019-08-17T05:51:58.000,33.85,21.2,20.27,17.11,20.5,34774,-38.91,30.0,0.972
2019-08-17T05:52:58.000,33.85,21.35,20.03,17.13,20.5,34775,-39.01,30.0,0.972
2019-08-17T05:53:58.000,33.83,21.26,19.81,17.14,20.5,34776,-39.12,30.0,0.972
2019-08-17T05:54:59.000,33.8,21.28,19.9,17.13,20.5,34777,-39.23,30.0,0.972
2019-08-17T05:56:59.000,33.82,21.44,19.83,17.14,20.5,34779,-39.43,30.0,0.972
2019-08-17T05:58:00.000,33.8,21.41,20.09,17.12,20.5,34780,-39.54,31.0,0.972
2019-08-17T05:59:00.000,33.78,21.48,20.11,17.12,20.5,34781,-39.64,31.0,0.972
2019-08-17T06:00:01.000,33.69,21.37,20.36,17.11,20.5,34782,-39.74,31.0,0.972
