Downloads/jupyter/ECSV/stars19/stars19_2021-08.ecsv
# %ECSV 1.0
# ---
# datatype:
# - {name: time, datatype: string}
# - {name: Enclosure Temperature, unit: deg_C, datatype: float64}
# - {name: Sky Temperature, unit: deg_C, datatype: float64}
# - {name: Frequency, unit: Hz, datatype: float64}
# - {name: MSAS, unit: mag / arcsec2, datatype: float64}
# - {name: ZP, datatype: float64}
# - {name: Sequence Number, datatype: int64}
# - {name: Sun Alt, unit: deg, datatype: float64}
# - {name: Moon Alt, unit: deg, datatype: float64}
# - {name: Moon Illumination, datatype: float64}
# delimiter: ','
# meta: !!omap
# - ida:
#     Data supplier: {affiliation: null, observer: null}
#     Device type: TESS-W
#     Field of view: 17.0
#     Filters per channel: None
#     Instrument ID: stars19
#     License: ODbL 1.0 http://opendatacommons.org/licenses/odbl/summary/
#     Local timezone: America/Phoenix
#     Location name: {country: '- Tucson', place: Tucson, region: United States, sub_region: Arizona, town: Pima County}
#     Measurement direction per channel: {azimuth: 0.0, zenital: 0.0}
#     Moving / Fixed look direction: FIXED
#     Moving / Stationary position: STATIONARY
#     Number of channels: 1
#     Number of fields per line: 8
#     Number of header lines: 35
#     Position: {height: 0.0, latitude: 32.223877, longitude: -110.767532}
#     TESS MAC address: 18:FE:34:CF:EC:06
#     TESS cover offset value: 0.0
#     TESS firmware version: '1.0'
#     TESS zero point: 20.5
#     Time Synchronization: timestamp added by MQTT subscriber
#     URL: http://www.darksky.org/NSBM/sdf1.0.pdf
# - __serialized_columns__:
#     Enclosure Temperature:
#       __class__: astropy.units.quantity.Quantity
#       unit: &id001 !astropy.units.Unit {unit: deg_C}
#       value: !astropy.table.SerializedColumn {name: Enclosure Temperature}
#     Frequency:
#       __class__: astropy.units.quantity.Quantity
#       unit: !astropy.units.Unit {unit: Hz}
#       value: !astropy.table.SerializedColumn {name: Frequency}
#     MSAS:
#       __class__: astropy.units.quantity.Quantity
#       unit: !astropy.units.Unit {unit: mag / arcsec2}
#       value: !astropy.table.SerializedColumn {name: MSAS}
#     Moon Alt:
#       __class__: astropy.units.quantity.Quantity
#       unit: &id002 !astropy.units.Unit {unit: deg}
#       value: !astropy.table.SerializedColumn {name: Moon Alt}
#     Sky Temperature:
#       __class__: astropy.units.quantity.Quantity
#       unit: *id001
#       value: !astropy.table.SerializedColumn {name: Sky Temperature}
#     Sun Alt:
#       __class__: astropy.units.quantity.Quantity
#       unit: *id002
#       value: !astropy.table.SerializedColumn {name: Sun Alt}
#     time:
#       __class__: astropy.time.core.Time
#       format: isot
#       in_subfmt: '*'
#       out_subfmt: '*'
#       precision: 3
#       scale: utc
#       value: !astropy.table.SerializedColumn {name: time}
# schema: astropy-2.0
time,Enclosure Temperature,Sky Temperature,Frequency,MSAS,ZP,Sequence Number,Sun Alt,Moon Alt,Moon Illumination
[from data line 23680]
2021-08-29T15:49:06.000,36.13,18.12,0.0,0.0,20.5,165747,35.38,46.0,0.562
2021-08-29T15:50:06.000,36.24,18.08,0.0,0.0,20.5,165748,35.59,45.0,0.562
2021-08-29T15:51:06.000,36.32,18.24,0.0,0.0,20.5,165749,35.79,45.0,0.562
2021-08-29T15:52:06.000,36.46,18.38,0.0,0.0,20.5,165750,36.0,45.0,0.562
2021-08-29T15:55:07.000,36.83,18.49,0.0,0.0,20.5,165753,36.62,44.0,0.561
2021-08-29T15:56:07.000,36.94,18.59,0.0,0.0,20.5,165754,36.83,44.0,0.561
2021-08-29T15:57:08.000,37.05,18.73,0.0,0.0,20.5,165755,37.04,44.0,0.561
2021-08-29T15:58:08.000,37.19,18.85,0.0,0.0,20.5,165756,37.24,44.0,0.561
2021-08-29T15:59:08.000,37.32,18.94,0.0,0.0,20.5,165757,37.45,43.0,0.561
2021-08-29T16:00:09.000,37.39,18.73,0.0,0.0,20.5,165758,37.65,43.0,0.561
2021-08-29T16:20:24.000,49.28,23.3,0.0,0.0,20.5,165777,41.76,39.0,0.56
2021-08-29T16:21:25.000,49.68,23.59,0.0,0.0,20.5,165778,41.97,39.0,0.56
2021-08-29T16:22:25.000,50.18,23.89,0.0,0.0,20.5,165779,42.17,39.0,0.56
2021-08-29T16:23:25.000,50.7,24.02,0.0,0.0,20.5,165780,42.37,38.0,0.56
2021-08-29T16:24:26.000,51.19,24.01,0.0,0.0,20.5,165781,42.57,38.0,0.56
2021-08-29T16:25:26.000,51.57,23.84,0.0,0.0,20.5,165782,42.77,38.0,0.559
2021-08-29T16:34:27.000,53.51,23.65,0.0,0.0,20.5,165791,44.56,36.0,0.559
2021-08-29T16:35:27.000,53.64,24.16,0.0,0.0,20.5,165792,44.76,36.0,0.559
2021-08-29T16:36:27.000,53.82,24.25,0.0,0.0,20.5,165793,44.95,36.0,0.559
2021-08-29T16:37:28.000,54.17,24.7,0.0,0.0,20.5,165794,45.15,36.0,0.559
2021-08-29T16:38:28.000,54.52,24.88,0.0,0.0,20.5,165795,45.35,35.0,0.559
2021-08-29T16:39:28.000,54.9,24.91,0.0,0.0,20.5,165796,45.55,35.0,0.559
2021-08-29T16:41:28.000,55.57,25.07,0.0,0.0,20.5,165798,45.94,35.0,0.558
2021-08-29T16:42:29.000,55.6,24.2,0.0,0.0,20.5,165799,46.14,35.0,0.558
2021-08-29T16:43:29.000,55.78,25.11,0.0,0.0,20.5,165800,46.33,34.0,0.558
2021-08-29T16:44:29.000,55.98,24.97,0.0,0.0,20.5,165801,46.53,34.0,0.558
2021-08-29T16:45:29.000,56.16,24.91,0.0,0.0,20.5,165802,46.72,34.0,0.558
2021-08-29T16:46:30.000,56.33,24.95,0.0,0.0,20.5,165803,46.92,34.0,0.558
2021-08-29T16:47:30.000,56.58,25.16,0.0,0.0,20.5,165804,47.11,33.0,0.558
2021-08-29T16:48:30.000,56.59,23.92,0.0,0.0,20.5,165805,47.3,33.0,0.558
2021-08-29T16:49:30.000,56.31,23.73,0.0,0.0,20.5,165806,47.5,33.0,0.558
2021-08-29T16:50:30.000,56.17,24.44,0.0,0.0,20.5,165807,47.69,33.0,0.558
2021-08-29T16:51:31.000,56.23,24.59,0.0,0.0,20.5,165808,47.88,33.0,0.558
2021-08-29T16:57:35.000,56.96,24.46,0.0,0.0,20.5,165814,49.04,31.0,0.557
2021-08-29T16:58:35.000,56.84,24.39,0.0,0.0,20.5,165815,49.23,31.0,0.557
2021-08-29T16:59:36.000,56.88,25.04,0.0,0.0,20.5,165816,49.42,31.0,0.557
2021-08-29T17:00:36.000,56.88,24.76,0.0,0.0,20.5,165817,49.61,31.0,0.557
2021-08-29T17:01:37.000,56.92,24.57,0.0,0.0,20.5,165818,49.8,31.0,0.557
2021-08-29T17:02:37.000,56.95,25.04,0.0,0.0,20.5,165819,49.99,30.0,0.557
2021-08-29T17:03:37.000,57.01,24.8,0.0,0.0,20.5,165820,50.18,30.0,0.557
2021-08-29T17:04:37.000,57.07,25.2,0.0,0.0,20.5,165821,50.37,30.0,0.557
2021-08-29T17:05:38.000,57.29,25.63,0.0,0.0,20.5,165822,50.56,30.0,0.557
2021-08-29T17:06:38.000,57.57,25.39,0.0,0.0,20.5,165823,50.74,30.0,0.557
2021-08-29T17:07:38.000,57.64,25.16,0.0,0.0,20.5,165824,50.93,29.0,0.557
2021-08-29T17:09:38.000,57.64,25.15,0.0,0.0,20.5,165826,51.3,29.0,0.557
2021-08-29T17:19:40.000,59.19,25.9,0.0,0.0,20.5,165836,53.12,27.0,0.556
2021-08-29T17:20:40.000,59.43,26.27,0.0,0.0,20.5,165837,53.3,27.0,0.556
2021-08-29T17:22:40.000,59.53,25.55,0.0,0.0,20.5,165839,53.66,26.0,0.556
2021-08-29T17:23:40.000,59.55,25.61,0.0,0.0,20.5,165840,53.84,26.0,0.556
2021-08-29T17:24:40.000,59.65,26.19,0.0,0.0,20.5,165841,54.01,26.0,0.556
2021-08-29T17:25:41.000,59.91,26.34,0.0,0.0,20.5,165842,54.19,26.0,0.556
2021-08-29T17:26:41.000,60.02,25.76,0.0,0.0,20.5,165843,54.37,25.0,0.555
2021-08-29T17:27:41.000,60.11,26.38,0.0,0.0,20.5,165844,54.54,25.0,0.555
2021-08-29T17:28:41.000,60.29,26.23,0.0,0.0,20.5,165845,54.72,25.0,0.555
2021-08-29T17:29:42.000,60.4,26.25,0.0,0.0,20.5,165846,54.89,25.0,0.555
2021-08-29T17:32:42.000,60.27,25.69,0.0,0.0,20.5,165849,55.41,24.0,0.555
2021-08-29T17:33:42.000,60.3,25.8,0.0,0.0,20.5,165850,55.58,24.0,0.555
2021-08-29T17:34:43.000,60.45,25.9,0.0,0.0,20.5,165851,55.76,24.0,0.555
2021-08-29T17:36:43.000,60.39,25.94,0.0,0.0,20.5,165853,56.09,23.0,0.555
2021-08-29T17:37:43.000,60.57,25.97,0.0,0.0,20.5,165854,56.26,23.0,0.555
2021-08-29T17:38:43.000,60.6,25.54,0.0,0.0,20.5,165855,56.43,23.0,0.555
2021-08-29T17:39:44.000,60.79,26.6,0.0,0.0,20.5,165856,56.6,23.0,0.555
2021-08-29T17:40:44.000,61.07,26.43,0.0,0.0,20.5,165857,56.77,23.0,0.555
2021-08-29T17:41:44.000,61.13,26.12,0.0,0.0,20.5,165858,56.93,22.0,0.554
2021-08-29T17:42:44.000,61.16,25.6,0.0,0.0,20.5,165859,57.1,22.0,0.554
2021-08-29T17:43:44.000,61.08,26.24,0.0,0.0,20.5,165860,57.26,22.0,0.554
2021-08-29T17:44:45.000,61.28,26.38,0.0,0.0,20.5,165861,57.42,22.0,0.554
2021-08-29T17:45:45.000,61.4,26.27,0.0,0.0,20.5,165862,57.59,22.0,0.554
2021-08-29T17:46:45.000,61.58,26.44,0.0,0.0,20.5,165863,57.75,21.0,0.554
2021-08-29T17:47:45.000,61.78,26.33,0.0,0.0,20.5,165864,57.91,21.0,0.554
2021-08-29T17:48:46.000,61.88,26.41,0.0,0.0,20.5,165865,58.07,21.0,0.554
2021-08-29T17:49:46.000,62.04,26.43,0.0,0.0,20.5,165866,58.23,21.0,0.554
2021-08-29T17:50:46.000,62.2,26.74,0.0,0.0,20.5,165867,58.39,21.0,0.554
2021-08-29T17:51:46.000,62.31,26.01,0.0,0.0,20.5,165868,58.54,20.0,0.554
2021-08-29T17:52:46.000,62.38,26.21,0.0,0.0,20.5,165869,58.7,20.0,0.554
2021-08-29T17:53:47.000,62.42,26.2,0.0,0.0,20.5,165870,58.86,20.0,0.554
2021-08-29T17:54:47.000,62.54,26.31,0.0,0.0,20.5,165871,59.01,20.0,0.554
2021-08-29T17:55:47.000,62.69,26.39,0.0,0.0,20.5,165872,59.16,20.0,0.554
2021-08-29T17:56:47.000,62.8,26.38,0.0,0.0,20.5,165873,59.32,19.0,0.554
2021-08-29T17:58:48.000,63.04,26.3,0.0,0.0,20.5,165875,59.62,19.0,0.553
2021-08-29T17:59:48.000,63.07,26.08,0.0,0.0,20.5,165876,59.77,19.0,0.553
2021-08-29T18:00:48.000,63.12,26.36,0.0,0.0,20.5,165877,59.92,19.0,0.553
2021-08-29T18:01:49.000,63.05,25.38,0.0,0.0,20.5,165878,60.07,18.0,0.553
2021-08-29T18:02:49.000,62.91,26.07,0.0,0.0,20.5,165879,60.21,18.0,0.553
2021-08-29T18:03:50.000,62.86,25.73,0.0,0.0,20.5,165880,60.36,18.0,0.553
2021-08-29T18:04:50.000,62.65,25.88,0.0,0.0,20.5,165881,60.5,18.0,0.553
2021-08-29T18:05:50.000,62.77,26.3,0.0,0.0,20.5,165882,60.65,18.0,0.553
2021-08-29T18:06:50.000,62.85,26.32,0.0,0.0,20.5,165883,60.79,17.0,0.553
2021-08-29T18:09:51.000,63.22,26.24,0.0,0.0,20.5,165886,61.21,17.0,0.553
2021-08-29T18:15:52.000,63.51,27.22,0.0,0.0,20.5,165892,62.01,16.0,0.552
2021-08-29T18:16:52.000,63.83,27.15,0.0,0.0,20.5,165893,62.14,15.0,0.552
2021-08-29T18:17:52.000,63.92,26.54,0.0,0.0,20.5,165894,62.27,15.0,0.552
2021-08-29T18:18:52.000,63.91,25.87,0.0,0.0,20.5,165895,62.4,15.0,0.552
2021-08-29T18:19:53.000,63.65,25.35,0.0,0.0,20.5,165896,62.52,15.0,0.552
2021-08-29T18:20:53.000,63.5,25.88,0.0,0.0,20.5,165897,62.65,15.0,0.552
2021-08-29T18:21:53.000,63.56,26.18,0.0,0.0,20.5,165898,62.77,14.0,0.552
2021-08-29T18:25:55.000,63.73,26.35,0.0,0.0,20.5,165902,63.25,14.0,0.552
2021-08-29T18:26:55.000,63.85,25.75,0.0,0.0,20.5,165903,63.36,13.0,0.552
2021-08-29T18:27:55.000,63.54,24.72,0.0,0.0,20.5,165904,63.48,13.0,0.551
2021-08-29T18:28:55.000,63.2,25.3,0.0,0.0,20.5,165905,63.59,13.0,0.551
2021-08-29T18:29:55.000,63.09,25.85,0.0,0.0,20.5,165906,63.7,13.0,0.551
2021-08-29T18:30:55.000,63.1,26.16,0.0,0.0,20.5,165907,63.81,13.0,0.551
2021-08-29T18:31:56.000,63.27,26.36,0.0,0.0,20.5,165908,63.92,12.0,0.551
2021-08-29T18:32:56.000,63.46,26.43,0.0,0.0,20.5,165909,64.02,12.0,0.551
2021-08-29T18:33:56.000,63.57,26.21,0.0,0.0,20.5,165910,64.13,12.0,0.551
2021-08-29T18:34:57.000,63.64,26.54,0.0,0.0,20.5,165911,64.23,12.0,0.551
2021-08-29T18:35:57.000,63.74,26.27,0.0,0.0,20.5,165912,64.33,12.0,0.551
2021-08-29T18:37:57.000,63.84,26.31,0.0,0.0,20.5,165914,64.53,11.0,0.551
2021-08-29T18:38:57.000,63.85,26.16,0.0,0.0,20.5,165915,64.62,11.0,0.551
2021-08-29T18:39:58.000,63.98,26.75,0.0,0.0,20.5,165916,64.72,11.0,0.551
2021-08-29T18:40:58.000,64.23,26.91,0.0,0.0,20.5,165917,64.81,11.0,0.551
2021-08-29T18:41:58.000,64.26,26.46,0.0,0.0,20.5,165918,64.9,10.0,0.551
2021-08-29T18:43:58.000,64.47,26.62,0.0,0.0,20.5,165920,65.08,10.0,0.55
2021-08-29T18:44:59.000,64.45,26.12,0.0,0.0,20.5,165921,65.16,10.0,0.55
2021-08-29T18:45:59.000,64.32,26.09,0.0,0.0,20.5,165922,65.24,10.0,0.55
2021-08-29T18:46:59.000,64.27,26.35,0.0,0.0,20.5,165923,65.33,9.0,0.55
2021-08-29T18:47:59.000,64.16,25.91,0.0,0.0,20.5,165924,65.4,9.0,0.55
2021-08-29T18:48:59.000,64.15,26.59,0.0,0.0,20.5,165925,65.48,9.0,0.55
2021-08-29T18:53:00.000,64.35,26.11,0.0,0.0,20.5,165929,65.77,8.0,0.55
2021-08-29T18:58:07.000,64.2,26.27,0.0,0.0,20.5,165934,66.09,7.0,0.55
2021-08-29T18:59:07.000,64.37,26.71,0.0,0.0,20.5,165935,66.15,7.0,0.549
2021-08-29T19:00:08.000,64.63,27.14,0.0,0.0,20.5,165936,66.2,7.0,0.549
2021-08-29T19:01:08.000,64.79,26.8,0.0,0.0,20.5,165937,66.26,7.0,0.549
2021-08-29T19:02:08.000,65.01,26.9,0.0,0.0,20.5,165938,66.31,6.0,0.549
2021-08-29T19:03:08.000,65.09,26.7,0.0,0.0,20.5,165939,66.35,6.0,0.549
2021-08-29T19:04:09.000,65.01,25.92,0.0,0.0,20.5,165940,66.4,6.0,0.549
2021-08-29T19:05:09.000,64.95,26.5,0.0,0.0,20.5,165941,66.44,6.0,0.549
2021-08-29T19:06:09.000,64.94,26.68,0.0,0.0,20.5,165942,66.48,6.0,0.549
2021-08-29T19:07:09.000,64.89,26.22,0.0,0.0,20.5,165943,66.52,6.0,0.549
2021-08-29T19:08:10.000,64.79,26.05,0.0,0.0,20.5,165944,66.56,5.0,0.549
2021-08-29T19:09:10.000,64.76,26.52,0.0,0.0,20.5,165945,66.6,5.0,0.549
2021-08-29T19:10:10.000,64.73,26.2,0.0,0.0,20.5,165946,66.63,5.0,0.549
2021-08-29T19:11:10.000,64.69,26.36,0.0,0.0,20.5,165947,66.66,5.0,0.549
2021-08-29T19:20:12.000,64.59,26.67,0.0,0.0,20.5,165956,66.83,3.0,0.548
2021-08-29T19:21:12.000,64.7,26.66,0.0,0.0,20.5,165957,66.83,3.0,0.548
2021-08-29T19:22:12.000,64.7,26.18,0.0,0.0,20.5,165958,66.84,3.0,0.548
2021-08-29T19:23:12.000,64.64,26.34,0.0,0.0,20.5,165959,66.84,2.0,0.548
2021-08-29T19:24:13.000,64.77,26.79,0.0,0.0,20.5,165960,66.84,2.0,0.548
2021-08-29T19:28:14.000,64.76,26.89,0.0,0.0,20.5,165964,66.82,2.0,0.548
2021-08-29T19:29:14.000,64.82,26.3,0.0,0.0,20.5,165965,66.8,1.0,0.547
2021-08-29T19:30:14.000,64.85,26.65,0.0,0.0,20.5,165966,66.79,1.0,0.547
2021-08-29T19:31:15.000,64.88,26.57,0.0,0.0,20.5,165967,66.77,1.0,0.547
2021-08-29T19:32:15.000,64.96,26.66,0.0,0.0,20.5,165968,66.76,1.0,0.547
2021-08-29T19:33:15.000,65.0,26.63,0.0,0.0,20.5,165969,66.73,1.0,0.547
2021-08-29T19:34:15.000,65.07,26.84,0.0,0.0,20.5,165970,66.71,0.0,0.547
2021-08-29T19:35:15.000,65.1,26.59,0.0,0.0,20.5,165971,66.69,0.0,0.547
2021-08-29T19:36:16.000,65.07,26.36,0.0,0.0,20.5,165972,66.66,0.0,0.547
2021-08-29T19:37:16.000,64.96,26.45,0.0,0.0,20.5,165973,66.63,-0.0,0.547
2021-08-29T19:38:16.000,65.01,27.26,0.0,0.0,20.5,165974,66.6,-0.0,0.547
2021-08-29T19:39:16.000,65.08,26.81,0.0,0.0,20.5,165975,66.56,-1.0,0.547
2021-08-29T19:40:16.000,64.97,26.75,0.0,0.0,20.5,165976,66.52,-1.0,0.547
2021-08-29T19:47:17.000,65.26,27.8,0.0,0.0,20.5,165983,66.21,-2.0,0.546
2021-08-29T19:48:18.000,65.34,27.97,0.0,0.0,20.5,165984,66.15,-2.0,0.546
2021-08-29T19:49:18.000,65.42,27.84,0.0,0.0,20.5,165985,66.09,-2.0,0.546
2021-08-29T19:50:18.000,65.44,27.35,0.0,0.0,20.5,165986,66.04,-3.0,0.546
2021-08-29T19:51:18.000,65.4,26.88,0.0,0.0,20.5,165987,65.97,-3.0,0.546
2021-08-29T19:52:19.000,65.26,26.73,0.0,0.0,20.5,165988,65.91,-3.0,0.546
2021-08-29T19:53:19.000,65.21,26.43,0.0,0.0,20.5,165989,65.85,-3.0,0.546
2021-08-29T19:54:19.000,65.27,26.55,0.0,0.0,20.5,165990,65.78,-3.0,0.546
2021-08-29T19:55:19.000,65.13,25.62,0.0,0.0,20.5,165991,65.71,-4.0,0.546
2021-08-29T19:56:19.000,64.97,25.95,0.0,0.0,20.5,165992,65.64,-4.0,0.546
2021-08-29T19:58:20.000,64.7,25.31,0.0,0.0,20.5,165994,65.49,-4.0,0.546
2021-08-29T19:59:20.000,64.67,25.98,0.0,0.0,20.5,165995,65.41,-4.0,0.546
2021-08-29T20:01:25.000,64.52,25.37,0.0,0.0,20.5,165997,65.25,-5.0,0.545
2021-08-29T20:02:26.000,64.63,26.35,0.0,0.0,20.5,165998,65.16,-5.0,0.545
2021-08-29T20:03:26.000,64.76,26.26,0.0,0.0,20.5,165999,65.08,-5.0,0.545
2021-08-29T20:04:26.000,64.87,25.74,0.0,0.0,20.5,166000,64.99,-5.0,0.545
2021-08-29T20:08:30.000,64.63,26.09,0.0,0.0,20.5,166004,64.62,-6.0,0.545
2021-08-29T20:09:30.000,64.71,26.07,0.0,0.0,20.5,166005,64.53,-6.0,0.545
2021-08-29T20:10:30.000,64.63,25.89,0.0,0.0,20.5,166006,64.43,-6.0,0.545
2021-08-29T20:11:30.000,64.6,26.23,0.0,0.0,20.5,166007,64.33,-6.0,0.545
2021-08-29T20:12:31.000,64.65,26.84,0.0,0.0,20.5,166008,64.23,-7.0,0.545
2021-08-29T20:13:31.000,64.88,27.34,0.0,0.0,20.5,166009,64.13,-7.0,0.545
2021-08-29T20:14:31.000,64.93,26.24,0.0,0.0,20.5,166010,64.02,-7.0,0.545
2021-08-29T20:15:32.000,64.84,26.59,0.0,0.0,20.5,166011,63.91,-7.0,0.544
2021-08-29T20:16:32.000,64.81,26.21,0.0,0.0,20.5,166012,63.81,-7.0,0.544
2021-08-29T20:17:32.000,64.63,26.43,0.0,0.0,20.5,166013,63.7,-8.0,0.544
2021-08-29T20:24:34.000,65.4,25.46,0.0,0.0,20.5,166020,62.89,-9.0,0.544
2021-08-29T20:25:34.000,65.25,25.74,0.0,0.0,20.5,166021,62.77,-9.0,0.544
2021-08-29T20:27:35.000,64.67,25.56,0.0,0.0,20.5,166023,62.52,-9.0,0.544
2021-08-29T20:28:54.000,64.75,26.15,0.0,0.0,20.5,166024,62.35,-10.0,0.544
2021-08-29T20:29:54.000,64.7,26.06,0.0,0.0,20.5,166025,62.23,-10.0,0.544
2021-08-29T20:30:54.000,64.72,26.68,0.0,0.0,20.5,166026,62.1,-10.0,0.543
2021-08-29T20:31:55.000,64.81,26.47,0.0,0.0,20.5,166027,61.97,-10.0,0.543
2021-08-29T20:32:55.000,64.7,26.09,0.0,0.0,20.5,166028,61.84,-10.0,0.543
2021-08-29T20:33:55.000,64.55,25.39,0.0,0.0,20.5,166029,61.7,-10.0,0.543
2021-08-29T20:34:55.000,63.28,21.82,0.0,0.0,20.5,166030,61.57,-11.0,0.543
2021-08-29T20:38:56.000,57.78,26.0,0.0,0.0,20.5,166034,61.02,-11.0,0.543
2021-08-29T20:40:57.000,59.34,24.62,0.0,0.0,20.5,166036,60.74,-12.0,0.543
2021-08-29T20:41:57.000,60.02,25.53,0.0,0.0,20.5,166037,60.6,-12.0,0.543
2021-08-29T20:42:57.000,60.65,25.64,0.0,0.0,20.5,166038,60.45,-12.0,0.543
2021-08-29T20:43:57.000,61.1,25.42,0.0,0.0,20.5,166039,60.31,-12.0,0.543
2021-08-29T20:44:57.000,61.52,25.55,0.0,0.0,20.5,166040,60.16,-12.0,0.543
2021-08-29T20:45:58.000,61.99,26.03,0.0,0.0,20.5,166041,60.02,-12.0,0.542
2021-08-29T20:46:58.000,62.27,25.2,0.0,0.0,20.5,166042,59.87,-13.0,0.542
2021-08-29T20:47:58.000,62.37,25.52,0.0,0.0,20.5,166043,59.72,-13.0,0.542
2021-08-29T20:48:58.000,62.58,26.23,0.0,0.0,20.5,166044,59.57,-13.0,0.542
2021-08-29T20:49:58.000,62.9,26.55,0.0,0.0,20.5,166045,59.42,-13.0,0.542
2021-08-29T20:50:59.000,62.93,25.92,0.0,0.0,20.5,166046,59.27,-13.0,0.542
2021-08-29T20:51:59.000,63.09,27.11,0.0,0.0,20.5,166047,59.11,-13.0,0.542
2021-08-29T20:52:59.000,63.35,27.25,0.0,0.0,20.5,166048,58.96,-14.0,0.542
2021-08-29T20:53:59.000,63.56,26.87,0.0,0.0,20.5,166049,58.81,-14.0,0.542
2021-08-29T20:54:59.000,63.12,23.79,0.0,0.0,20.5,166050,58.65,-14.0,0.542
2021-08-29T20:56:00.000,61.36,21.79,0.0,0.0,20.5,166051,58.49,-14.0,0.542
2021-08-29T20:58:06.000,57.95,22.95,0.0,0.0,20.5,166053,58.16,-15.0,0.542
2021-08-29T20:59:06.000,58.08,27.57,0.0,0.0,20.5,166054,58.0,-15.0,0.542
2021-08-29T21:00:06.000,59.13,27.94,0.0,0.0,20.5,166055,57.84,-15.0,0.542
2021-08-29T21:01:06.000,60.11,27.58,0.0,0.0,20.5,166056,57.68,-15.0,0.541
2021-08-29T21:02:07.000,61.0,27.31,0.0,0.0,20.5,166057,57.52,-15.0,0.541
2021-08-29T21:03:07.000,61.62,27.02,0.0,0.0,20.5,166058,57.35,-15.0,0.541
2021-08-29T21:04:07.000,62.24,27.09,0.0,0.0,20.5,166059,57.19,-15.0,0.541
2021-08-29T21:05:08.000,62.65,26.72,0.0,0.0,20.5,166060,57.02,-16.0,0.541
2021-08-29T21:06:08.000,62.78,25.59,0.0,0.0,20.5,166061,56.86,-16.0,0.541
2021-08-29T21:07:08.000,62.88,26.22,0.0,0.0,20.5,166062,56.69,-16.0,0.541
2021-08-29T21:08:08.000,62.95,25.22,0.0,0.0,20.5,166063,56.53,-16.0,0.541
2021-08-29T21:13:09.000,59.93,21.09,0.0,0.0,20.5,166068,55.68,-17.0,0.541
2021-08-29T21:22:10.000,56.83,26.23,0.0,0.0,20.5,166077,54.12,-18.0,0.54
2021-08-29T21:26:11.000,57.81,21.06,0.0,0.0,20.5,166081,53.41,-19.0,0.54
2021-08-29T21:27:11.000,56.53,21.31,0.0,0.0,20.5,166082,53.23,-19.0,0.54
