Downloads/jupyter/ECSV/stars19/stars19_2023-08.ecsv
# %ECSV 1.0
# ---
# datatype:
# - {name: time, datatype: string}
# - {name: Enclosure Temperature, unit: deg_C, datatype: float64}
# - {name: Sky Temperature, unit: deg_C, datatype: float64}
# - {name: Frequency, unit: Hz, datatype: float64}
# - {name: MSAS, unit: mag / arcsec2, datatype: float64}
# - {name: ZP, datatype: float64}
# - {name: Sequence Number, datatype: int64}
# - {name: Sun Alt, unit: deg, datatype: float64}
# - {name: Moon Alt, unit: deg, datatype: float64}
# - {name: Moon Illumination, datatype: float64}
# delimiter: ','
# meta: !!omap
# - ida:
#     Data supplier: {affiliation: null, observer: null}
#     Device type: TESS-W
#     Field of view: 17.0
#     Filters per channel: None
#     Instrument ID: stars19
#     License: ODbL 1.0 http://opendatacommons.org/licenses/odbl/summary/
#     Local timezone: America/Phoenix
#     Location name: {country: '- Tucson', place: Tucson, region: United States, sub_region: Arizona, town: Pima County}
#     Measurement direction per channel: {azimuth: 0.0, zenital: 0.0}
#     Moving / Fixed look direction: FIXED
#     Moving / Stationary position: STATIONARY
#     Number of channels: 1
#     Number of fields per line: 8
#     Number of header lines: 35
#     Position: {height: 0.0, latitude: 32.223877, longitude: -110.767532}
#     TESS MAC address: 18:FE:34:CF:EC:06
#     TESS cover offset value: 0.0
#     TESS firmware version: '1.0'
#     TESS zero point: 20.38
#     Time Synchronization: timestamp added by MQTT subscriber
#     URL: http://www.darksky.org/NSBM/sdf1.0.pdf
# - __serialized_columns__:
#     Enclosure Temperature:
#       __class__: astropy.units.quantity.Quantity
#       unit: &id001 !astropy.units.Unit {unit: deg_C}
#       value: !astropy.table.SerializedColumn {name: Enclosure Temperature}
#     Frequency:
#       __class__: astropy.units.quantity.Quantity
#       unit: !astropy.units.Unit {unit: Hz}
#       value: !astropy.table.SerializedColumn {name: Frequency}
#     MSAS:
#       __class__: astropy.units.quantity.Quantity
#       unit: !astropy.units.Unit {unit: mag / arcsec2}
#       value: !astropy.table.SerializedColumn {name: MSAS}
#     Moon Alt:
#       __class__: astropy.units.quantity.Quantity
#       unit: &id002 !astropy.units.Unit {unit: deg}
#       value: !astropy.table.SerializedColumn {name: Moon Alt}
#     Sky Temperature:
#       __class__: astropy.units.quantity.Quantity
#       unit: *id001
#       value: !astropy.table.SerializedColumn {name: Sky Temperature}
#     Sun Alt:
#       __class__: astropy.units.quantity.Quantity
#       unit: *id002
#       value: !astropy.table.SerializedColumn {name: Sun Alt}
#     time:
#       __class__: astropy.time.core.Time
#       format: isot
#       in_subfmt: '*'
#       out_subfmt: '*'
#       precision: 3
#       scale: utc
#       value: !astropy.table.SerializedColumn {name: time}
# schema: astropy-2.0
time,Enclosure Temperature,Sky Temperature,Frequency,MSAS,ZP,Sequence Number,Sun Alt,Moon Alt,Moon Illumination
[from data line 4456]
2023-08-06T13:03:42.000,29.48,8.93,0.0,0.0,20.38,23638,3.65,58.0,0.703
2023-08-06T13:06:45.000,29.6,9.26,0.0,0.0,20.38,23641,4.27,57.0,0.702
2023-08-06T13:07:46.000,29.59,8.99,0.0,0.0,20.38,23642,4.47,57.0,0.702
2023-08-06T13:08:47.000,29.52,9.13,0.0,0.0,20.38,23643,4.68,57.0,0.702
2023-08-06T13:11:47.000,29.67,9.49,0.0,0.0,20.38,23646,5.28,56.0,0.702
2023-08-06T13:12:47.000,29.64,9.22,0.0,0.0,20.38,23647,5.49,56.0,0.702
2023-08-06T13:13:48.000,29.6,9.26,0.0,0.0,20.38,23648,5.69,56.0,0.702
2023-08-06T13:17:49.000,29.51,9.53,0.21,0.1,20.38,23652,6.51,56.0,0.702
2023-08-06T13:18:49.000,29.51,9.42,0.0,0.0,20.38,23653,6.71,55.0,0.702
2023-08-06T13:19:49.000,29.51,9.49,0.0,0.0,20.38,23654,6.92,55.0,0.702
2023-08-06T13:20:50.000,29.55,9.7,0.0,0.0,20.38,23655,7.13,55.0,0.701
2023-08-06T13:23:50.000,29.84,10.03,0.0,0.0,20.38,23658,7.74,55.0,0.701
2023-08-06T13:24:50.000,29.92,9.95,0.0,0.0,20.38,23659,7.94,54.0,0.701
2023-08-06T13:25:51.000,29.99,10.09,0.0,0.0,20.38,23660,8.15,54.0,0.701
2023-08-06T13:27:51.000,30.1,10.14,0.0,0.0,20.38,23662,8.56,54.0,0.701
2023-08-06T13:28:51.000,30.14,10.14,0.0,0.0,20.38,23663,8.76,54.0,0.701
2023-08-06T13:29:51.000,30.18,10.19,0.0,0.0,20.38,23664,8.97,54.0,0.701
2023-08-06T13:33:52.000,30.26,10.24,0.0,0.0,20.38,23668,9.79,53.0,0.701
2023-08-06T13:34:53.000,30.25,10.3,0.0,0.0,20.38,23669,10.0,53.0,0.7
2023-08-06T13:35:53.000,30.32,10.5,0.0,0.0,20.38,23670,10.21,53.0,0.7
2023-08-06T13:37:53.000,30.35,10.48,0.0,0.0,20.38,23672,10.62,52.0,0.7
2023-08-06T13:38:53.000,30.42,10.66,0.0,0.0,20.38,23673,10.83,52.0,0.7
2023-08-06T13:39:53.000,30.45,10.58,0.0,0.0,20.38,23674,11.03,52.0,0.7
2023-08-06T14:01:01.000,31.13,11.62,0.0,0.0,20.38,23695,15.41,48.0,0.699
2023-08-06T14:02:01.000,31.16,11.56,0.0,0.0,20.38,23696,15.62,48.0,0.698
2023-08-06T14:03:02.000,31.23,11.85,0.0,0.0,20.38,23697,15.83,48.0,0.698
2023-08-06T14:05:02.000,31.41,12.03,0.0,0.0,20.38,23699,16.25,48.0,0.698
2023-08-06T14:06:02.000,31.51,12.05,0.0,0.0,20.38,23700,16.45,48.0,0.698
2023-08-06T14:07:03.000,31.58,12.06,0.0,0.0,20.38,23701,16.67,47.0,0.698
2023-08-06T14:12:05.000,31.76,12.35,0.0,0.0,20.38,23706,17.72,46.0,0.698
2023-08-06T14:13:05.000,31.77,12.28,0.0,0.0,20.38,23707,17.92,46.0,0.698
2023-08-06T14:14:05.000,31.74,12.27,0.0,0.0,20.38,23708,18.13,46.0,0.698
2023-08-06T14:16:06.000,31.77,12.55,0.0,0.0,20.38,23710,18.56,46.0,0.697
2023-08-06T14:17:07.000,31.82,12.56,0.0,0.0,20.38,23711,18.77,46.0,0.697
2023-08-06T14:18:07.000,31.9,12.89,0.0,0.0,20.38,23712,18.98,45.0,0.697
2023-08-06T14:19:07.000,32.03,13.0,0.0,0.0,20.38,23713,19.19,45.0,0.697
2023-08-06T14:26:09.000,32.33,13.29,0.0,0.0,20.38,23720,20.66,44.0,0.697
2023-08-06T14:27:09.000,32.42,13.6,0.0,0.0,20.38,23721,20.87,44.0,0.697
2023-08-06T14:28:09.000,32.45,13.48,0.0,0.0,20.38,23722,21.08,43.0,0.697
2023-08-06T14:29:09.000,32.51,13.75,0.0,0.0,20.38,23723,21.29,43.0,0.697
2023-08-06T14:30:09.000,32.53,13.51,0.0,0.0,20.38,23724,21.5,43.0,0.696
2023-08-06T14:38:11.000,33.19,14.73,0.0,0.0,20.38,23732,23.19,42.0,0.696
2023-08-06T14:40:11.000,33.25,14.83,0.0,0.0,20.38,23734,23.61,41.0,0.696
2023-08-06T14:41:11.000,33.27,14.91,0.0,0.0,20.38,23735,23.82,41.0,0.696
2023-08-06T14:42:12.000,33.24,14.78,0.0,0.0,20.38,23736,24.03,41.0,0.696
2023-08-06T14:43:12.000,33.18,14.88,0.0,0.0,20.38,23737,24.24,41.0,0.696
2023-08-06T14:44:12.000,33.18,15.04,0.0,0.0,20.38,23738,24.46,40.0,0.695
2023-08-06T14:46:13.000,33.2,15.3,0.0,0.0,20.38,23740,24.88,40.0,0.695
2023-08-06T14:47:13.000,33.23,15.38,0.0,0.0,20.38,23741,25.09,40.0,0.695
2023-08-06T14:48:14.000,33.26,15.54,0.0,0.0,20.38,23742,25.31,40.0,0.695
2023-08-06T14:52:15.000,33.37,15.85,0.0,0.0,20.38,23746,26.15,39.0,0.695
2023-08-06T14:53:15.000,33.42,16.18,0.0,0.0,20.38,23747,26.36,39.0,0.695
2023-08-06T14:54:15.000,33.51,16.39,0.0,0.0,20.38,23748,26.57,38.0,0.695
2023-08-06T14:56:15.000,33.66,16.56,0.0,0.0,20.38,23750,27.0,38.0,0.695
2023-08-06T14:57:15.000,33.74,16.67,0.0,0.0,20.38,23751,27.21,38.0,0.695
2023-08-06T14:58:15.000,33.78,16.71,0.0,0.0,20.38,23752,27.42,38.0,0.694
2023-08-06T15:20:27.000,34.82,18.83,0.0,0.0,20.38,23774,32.11,33.0,0.693
2023-08-06T15:21:27.000,34.79,18.66,0.0,0.0,20.38,23775,32.32,33.0,0.693
2023-08-06T15:22:27.000,34.73,18.52,0.0,0.0,20.38,23776,32.53,33.0,0.693
2023-08-06T15:24:28.000,34.63,18.57,0.0,0.0,20.38,23778,32.96,33.0,0.693
2023-08-06T15:25:28.000,34.66,18.87,0.0,0.0,20.38,23779,33.17,32.0,0.692
2023-08-06T15:27:29.000,34.76,18.82,0.0,0.0,20.38,23781,33.6,32.0,0.692
2023-08-06T15:28:28.000,34.83,18.94,0.0,0.0,20.38,23782,33.8,32.0,0.692
2023-08-06T15:29:29.000,34.88,19.01,0.0,0.0,20.38,23783,34.02,32.0,0.692
2023-08-06T15:33:30.000,35.2,19.09,0.0,0.0,20.38,23787,34.87,31.0,0.692
2023-08-06T15:34:30.000,35.19,19.13,0.0,0.0,20.38,23788,35.08,31.0,0.692
2023-08-06T15:35:31.000,35.22,19.37,0.0,0.0,20.38,23789,35.29,30.0,0.692
2023-08-06T15:38:32.000,35.46,19.68,0.0,0.0,20.38,23792,35.93,30.0,0.692
2023-08-06T15:39:32.000,35.47,19.57,0.0,0.0,20.38,23793,36.14,30.0,0.691
2023-08-06T15:40:32.000,35.49,19.72,0.0,0.0,20.38,23794,36.35,29.0,0.691
2023-08-06T15:55:36.000,38.11,23.42,0.0,0.0,20.38,23809,39.53,26.0,0.69
2023-08-06T15:56:36.000,38.52,23.54,0.0,0.0,20.38,23810,39.74,26.0,0.69
2023-08-06T15:57:37.000,38.97,23.84,0.0,0.0,20.38,23811,39.96,26.0,0.69
2023-08-06T16:00:37.000,40.15,24.19,0.0,0.0,20.38,23814,40.59,25.0,0.69
2023-08-06T16:01:38.000,40.45,23.83,0.0,0.0,20.38,23815,40.8,25.0,0.69
2023-08-06T16:02:40.000,40.69,23.88,0.0,0.0,20.38,23816,41.02,25.0,0.69
2023-08-06T16:10:43.000,42.66,24.2,0.0,0.0,20.38,23824,42.71,23.0,0.689
2023-08-06T16:11:43.000,43.03,24.81,0.0,0.0,20.38,23825,42.92,23.0,0.689
2023-08-06T16:12:43.000,43.41,24.86,0.0,0.0,20.38,23826,43.13,23.0,0.689
2023-08-06T16:14:43.000,43.83,23.57,0.0,0.0,20.38,23828,43.55,22.0,0.689
2023-08-06T16:15:44.000,43.84,24.14,0.0,0.0,20.38,23829,43.76,22.0,0.689
2023-08-06T16:16:44.000,44.18,24.93,0.0,0.0,20.38,23830,43.97,22.0,0.689
2023-08-06T16:18:45.000,44.63,24.21,0.0,0.0,20.38,23832,44.4,22.0,0.689
2023-08-06T16:19:46.000,44.89,25.05,0.0,0.0,20.38,23833,44.61,21.0,0.689
2023-08-06T16:20:47.000,45.11,25.1,0.0,0.0,20.38,23834,44.82,21.0,0.688
2023-08-06T16:44:51.000,47.87,24.9,0.0,0.0,20.38,23858,49.82,16.0,0.687
2023-08-06T16:45:52.000,47.78,25.07,0.0,0.0,20.38,23859,50.03,16.0,0.687
2023-08-06T16:46:52.000,48.02,26.2,0.0,0.0,20.38,23860,50.24,16.0,0.687
2023-08-06T16:48:52.000,48.2,25.5,0.0,0.0,20.38,23862,50.65,15.0,0.686
2023-08-06T16:49:52.000,48.15,25.27,0.0,0.0,20.38,23863,50.85,15.0,0.686
2023-08-06T16:50:55.000,48.14,25.65,0.0,0.0,20.38,23864,51.07,15.0,0.686
2023-08-06T16:54:56.000,48.1,25.88,0.0,0.0,20.38,23868,51.89,14.0,0.686
2023-08-06T16:55:56.000,48.24,25.79,0.0,0.0,20.38,23869,52.1,14.0,0.686
2023-08-06T16:56:56.000,48.49,26.64,0.0,0.0,20.38,23870,52.3,14.0,0.686
2023-08-06T16:59:57.000,49.06,26.54,0.0,0.0,20.38,23873,52.91,13.0,0.686
2023-08-06T17:00:57.000,49.24,26.32,0.0,0.0,20.38,23874,53.12,13.0,0.686
2023-08-06T17:01:57.000,49.34,25.78,0.0,0.0,20.38,23875,53.32,13.0,0.685
2023-08-06T17:12:02.000,49.1,26.06,0.0,0.0,20.38,23885,55.35,11.0,0.685
2023-08-06T17:13:03.000,49.29,26.5,0.0,0.0,20.38,23886,55.56,11.0,0.685
2023-08-06T17:14:03.000,49.46,26.66,0.0,0.0,20.38,23887,55.76,10.0,0.685
2023-08-06T17:16:06.000,50.05,26.96,0.0,0.0,20.38,23889,56.17,10.0,0.684
2023-08-06T17:17:06.000,50.25,26.83,0.0,0.0,20.38,23890,56.37,10.0,0.684
2023-08-06T17:18:06.000,50.01,25.68,0.0,0.0,20.38,23891,56.57,10.0,0.684
2023-08-06T17:19:06.000,49.92,26.11,0.0,0.0,20.38,23892,56.76,9.0,0.684
2023-08-06T17:20:08.000,50.02,26.75,0.0,0.0,20.38,23893,56.97,9.0,0.684
2023-08-06T17:22:08.000,50.32,26.85,0.0,0.0,20.38,23895,57.36,9.0,0.684
2023-08-06T17:23:08.000,50.65,27.48,0.0,0.0,20.38,23896,57.56,9.0,0.684
2023-08-06T17:24:08.000,50.99,27.45,0.0,0.0,20.38,23897,57.76,8.0,0.684
2023-08-06T18:10:22.000,52.04,26.43,0.0,0.0,20.38,23943,66.33,-1.0,0.681
2023-08-06T18:11:23.000,52.15,27.17,0.0,0.0,20.38,23944,66.5,-1.0,0.68
2023-08-06T18:12:23.000,52.13,26.37,0.0,0.0,20.38,23945,66.67,-1.0,0.68
2023-08-06T18:15:23.000,52.42,27.13,0.0,0.0,20.38,23948,67.17,-2.0,0.68
2023-08-06T18:16:24.000,52.19,25.46,0.0,0.0,20.38,23949,67.34,-2.0,0.68
2023-08-06T18:17:25.000,52.16,26.84,0.0,0.0,20.38,23950,67.5,-2.0,0.68
2023-08-06T18:20:26.000,53.07,27.32,0.0,0.0,20.38,23953,67.99,-3.0,0.68
2023-08-06T18:21:26.000,53.3,27.35,0.0,0.0,20.38,23954,68.15,-3.0,0.68
2023-08-06T18:22:27.000,53.46,27.49,0.0,0.0,20.38,23955,68.31,-3.0,0.68
2023-08-06T18:25:27.000,53.21,27.34,0.0,0.0,20.38,23958,68.77,-4.0,0.679
2023-08-06T18:27:27.000,53.5,27.22,0.0,0.0,20.38,23960,69.08,-4.0,0.679
2023-08-06T18:28:27.000,53.69,27.48,0.0,0.0,20.38,23961,69.23,-5.0,0.679
2023-08-06T18:31:27.000,53.86,26.74,0.0,0.0,20.38,23964,69.67,-5.0,0.679
2023-08-06T18:32:34.000,53.72,26.41,0.0,0.0,20.38,23965,69.83,-5.0,0.679
2023-08-06T18:33:34.000,53.64,26.63,0.0,0.0,20.38,23966,69.97,-6.0,0.679
2023-08-06T18:43:38.000,53.39,25.93,0.0,0.0,20.38,23976,71.31,-8.0,0.678
2023-08-06T18:44:38.000,53.77,27.1,0.0,0.0,20.38,23977,71.43,-8.0,0.678
2023-08-06T18:45:38.000,53.84,26.61,0.0,0.0,20.38,23978,71.56,-8.0,0.678
2023-08-06T18:47:38.000,54.14,26.94,0.0,0.0,20.38,23980,71.79,-8.0,0.678
2023-08-06T18:48:39.000,54.16,26.31,0.0,0.0,20.38,23981,71.91,-8.0,0.678
2023-08-06T18:49:39.000,54.02,26.28,0.0,0.0,20.38,23982,72.02,-9.0,0.678
2023-08-06T18:52:41.000,53.91,26.31,0.0,0.0,20.38,23985,72.35,-9.0,0.677
2023-08-06T18:53:41.000,54.08,27.18,0.0,0.0,20.38,23986,72.46,-9.0,0.677
2023-08-06T18:54:41.000,54.2,26.71,0.0,0.0,20.38,23987,72.56,-10.0,0.677
2023-08-06T19:04:45.000,53.55,25.84,0.0,0.0,20.38,23997,73.45,-12.0,0.677
2023-08-06T19:05:46.000,53.31,25.39,0.0,0.0,20.38,23998,73.52,-12.0,0.676
2023-08-06T19:06:47.000,53.15,25.98,0.0,0.0,20.38,23999,73.59,-12.0,0.676
2023-08-06T19:08:48.000,53.05,26.01,0.0,0.0,20.38,24001,73.73,-12.0,0.676
2023-08-06T19:09:48.000,53.13,26.69,0.0,0.0,20.38,24002,73.79,-13.0,0.676
2023-08-06T19:10:49.000,53.53,27.4,0.0,0.0,20.38,24003,73.85,-13.0,0.676
2023-08-06T19:11:49.000,53.55,26.11,0.0,0.0,20.38,24004,73.9,-13.0,0.676
2023-08-06T19:12:50.000,53.41,25.54,0.0,0.0,20.38,24005,73.96,-13.0,0.676
2023-08-06T19:13:49.000,53.15,25.74,0.0,0.0,20.38,24006,74.01,-13.0,0.676
2023-08-06T19:16:51.000,53.13,26.46,0.0,0.0,20.38,24009,74.14,-14.0,0.676
2023-08-06T19:17:51.000,53.29,26.49,0.0,0.0,20.38,24010,74.18,-14.0,0.676
2023-08-06T19:18:51.000,53.34,26.33,0.0,0.0,20.38,24011,74.21,-14.0,0.676
2023-08-06T19:24:54.000,53.07,25.84,0.0,0.0,20.38,24017,74.35,-15.0,0.675
2023-08-06T19:25:54.000,53.27,26.57,0.0,0.0,20.38,24018,74.36,-16.0,0.675
2023-08-06T19:26:54.000,53.44,26.21,0.0,0.0,20.38,24019,74.37,-16.0,0.675
2023-08-06T19:28:55.000,53.63,26.67,0.0,0.0,20.38,24021,74.38,-16.0,0.675
2023-08-06T19:29:55.000,53.83,26.71,0.0,0.0,20.38,24022,74.38,-16.0,0.675
2023-08-06T19:30:55.000,53.94,26.46,0.0,0.0,20.38,24023,74.37,-17.0,0.675
2023-08-06T19:31:55.000,54.1,26.8,0.0,0.0,20.38,24024,74.36,-17.0,0.675
2023-08-06T19:36:56.000,54.26,25.51,0.0,0.0,20.38,24029,74.27,-18.0,0.674
2023-08-06T19:37:57.000,53.92,24.85,0.0,0.0,20.38,24030,74.24,-18.0,0.674
2023-08-06T19:38:57.000,53.58,25.6,0.0,0.0,20.38,24031,74.21,-18.0,0.674
2023-08-06T19:39:57.000,53.5,25.67,0.0,0.0,20.38,24032,74.18,-18.0,0.674
2023-08-06T19:40:57.000,53.55,26.04,0.0,0.0,20.38,24033,74.14,-18.0,0.674
2023-08-06T19:41:58.000,53.4,25.36,0.0,0.0,20.38,24034,74.1,-19.0,0.674
2023-08-06T19:43:59.000,53.22,25.19,0.0,0.0,20.38,24036,74.01,-19.0,0.674
2023-08-06T19:44:59.000,53.2,25.66,0.0,0.0,20.38,24037,73.96,-19.0,0.674
2023-08-06T19:45:59.000,53.33,26.01,0.0,0.0,20.38,24038,73.91,-19.0,0.674
2023-08-06T19:49:00.000,52.99,24.87,0.0,0.0,20.38,24041,73.73,-20.0,0.673
2023-08-06T19:50:00.000,52.95,25.51,0.0,0.0,20.38,24042,73.66,-20.0,0.673
2023-08-06T19:51:02.000,53.15,26.15,0.0,0.0,20.38,24043,73.59,-20.0,0.673
2023-08-06T19:54:02.000,53.12,25.3,0.0,0.0,20.38,24046,73.37,-21.0,0.673
2023-08-06T19:57:04.000,53.67,25.7,0.0,0.0,20.38,24049,73.13,-21.0,0.673
2023-08-06T19:58:04.000,53.74,25.88,0.0,0.0,20.38,24050,73.04,-22.0,0.673
2023-08-06T19:59:05.000,53.73,25.28,0.0,0.0,20.38,24051,72.95,-22.0,0.673
2023-08-06T20:05:06.000,53.77,25.51,0.0,0.0,20.38,24057,72.36,-23.0,0.672
2023-08-06T20:06:06.000,53.54,24.7,0.0,0.0,20.38,24058,72.25,-23.0,0.672
2023-08-06T20:07:08.000,53.57,25.7,0.0,0.0,20.38,24059,72.14,-23.0,0.672
2023-08-06T20:09:08.000,53.83,25.93,0.0,0.0,20.38,24061,71.92,-24.0,0.672
2023-08-06T20:10:10.000,54.13,26.61,0.0,0.0,20.38,24062,71.8,-24.0,0.672
2023-08-06T20:11:10.000,54.41,26.22,0.0,0.0,20.38,24063,71.68,-24.0,0.672
2023-08-06T20:21:13.000,54.23,25.62,0.0,0.0,20.38,24073,70.4,-26.0,0.671
2023-08-06T20:22:13.000,54.32,26.28,0.0,0.0,20.38,24074,70.26,-26.0,0.671
2023-08-06T20:23:13.000,54.69,26.85,0.0,0.0,20.38,24075,70.12,-26.0,0.671
2023-08-06T20:26:14.000,54.29,24.55,0.0,0.0,20.38,24078,69.69,-27.0,0.671
2023-08-06T20:27:14.000,53.88,24.33,0.0,0.0,20.38,24079,69.54,-27.0,0.671
2023-08-06T20:28:14.000,53.8,25.41,0.0,0.0,20.38,24080,69.4,-27.0,0.67
2023-08-06T20:33:15.000,53.95,25.32,0.0,0.0,20.38,24085,68.64,-28.0,0.67
2023-08-06T20:34:15.000,53.89,24.64,0.0,0.0,20.38,24086,68.49,-28.0,0.67
2023-08-06T20:35:15.000,53.85,25.07,0.0,0.0,20.38,24087,68.33,-28.0,0.67
2023-08-06T20:38:17.000,53.65,25.31,0.0,0.0,20.38,24090,67.85,-29.0,0.67
2023-08-06T20:39:18.000,53.92,25.92,0.0,0.0,20.38,24091,67.69,-29.0,0.67
2023-08-06T20:40:18.000,54.08,25.87,0.0,0.0,20.38,24092,67.52,-29.0,0.67
2023-08-06T21:08:30.000,53.4,25.29,0.0,0.0,20.38,24120,62.59,-33.0,0.668
2023-08-06T21:09:30.000,53.47,25.09,0.0,0.0,20.38,24121,62.4,-34.0,0.667
2023-08-06T21:10:31.000,53.56,25.5,0.0,0.0,20.38,24122,62.21,-34.0,0.667
2023-08-06T21:13:31.000,53.55,25.47,0.0,0.0,20.38,24125,61.65,-34.0,0.667
2023-08-06T21:16:32.000,53.39,25.11,0.0,0.0,20.38,24128,61.08,-35.0,0.667
2023-08-06T21:17:32.000,53.56,25.86,0.0,0.0,20.38,24129,60.89,-35.0,0.667
2023-08-06T21:18:32.000,53.86,25.85,0.0,0.0,20.38,24130,60.7,-35.0,0.667
2023-08-06T21:20:33.000,53.83,25.8,0.0,0.0,20.38,24132,60.31,-35.0,0.667
2023-08-06T21:21:33.000,54.03,25.66,0.0,0.0,20.38,24133,60.12,-35.0,0.667
2023-08-06T21:22:33.000,53.95,24.78,0.0,0.0,20.38,24134,59.93,-36.0,0.666
2023-08-06T21:25:33.000,53.81,25.48,0.0,0.0,20.38,24137,59.35,-36.0,0.666
2023-08-06T21:28:34.000,53.86,25.03,0.0,0.0,20.38,24140,58.76,-36.0,0.666
2023-08-06T21:30:34.000,53.7,25.25,0.0,0.0,20.38,24142,58.37,-37.0,0.666
2023-08-06T21:32:35.000,53.59,24.87,0.0,0.0,20.38,24144,57.98,-37.0,0.666
2023-08-06T21:35:35.000,53.37,24.93,0.0,0.0,20.38,24147,57.39,-37.0,0.666
2023-08-06T21:37:38.000,53.55,25.5,0.0,0.0,20.38,24149,56.98,-38.0,0.665
2023-08-06T21:38:39.000,53.7,25.76,0.0,0.0,20.38,24150,56.78,-38.0,0.665
2023-08-06T21:39:40.000,53.71,25.01,0.0,0.0,20.38,24151,56.58,-38.0,0.665
2023-08-06T21:41:41.000,53.8,25.23,0.0,0.0,20.38,24153,56.17,-38.0,0.665
2023-08-06T21:42:42.000,53.63,25.11,0.0,0.0,20.38,24154,55.97,-38.0,0.665
2023-08-06T21:43:42.000,53.23,23.24,0.0,0.0,20.38,24155,55.77,-39.0,0.665
2023-08-06T22:11:51.000,46.03,22.13,0.0,0.0,20.38,24183,50.05,-42.0,0.663
2023-08-06T22:12:51.000,46.04,22.36,0.0,0.0,20.38,24184,49.84,-42.0,0.663
2023-08-06T22:13:51.000,46.01,22.05,0.0,0.0,20.38,24185,49.64,-42.0,0.663
2023-08-06T22:17:52.000,45.78,22.3,0.0,0.0,20.38,24189,48.81,-43.0,0.662
2023-08-06T22:18:52.000,45.81,22.21,0.0,0.0,20.38,24190,48.6,-43.0,0.662
2023-08-06T22:21:53.000,45.75,21.88,0.0,0.0,20.38,24193,47.97,-43.0,0.662
2023-08-06T22:22:54.000,45.72,22.03,0.0,0.0,20.38,24194,47.76,-43.0,0.662
2023-08-06T22:27:55.000,45.73,22.05,0.0,0.0,20.38,24199,46.72,-44.0,0.662
2023-08-06T22:28:55.000,45.75,22.73,0.0,0.0,20.38,24200,46.51,-44.0,0.662
2023-08-06T22:29:55.000,45.75,22.3,0.0,0.0,20.38,24201,46.3,-44.0,0.662
2023-08-06T22:30:55.000,45.78,22.59,0.0,0.0,20.38,24202,46.09,-44.0,0.661
2023-08-06T22:31:57.000,45.77,22.31,0.0,0.0,20.38,24203,45.88,-44.0,0.661
