Downloads/jupyter/ECSV/stars19/stars19_2023-04.ecsv
# %ECSV 1.0
# ---
# datatype:
# - {name: time, datatype: string}
# - {name: Enclosure Temperature, unit: deg_C, datatype: float64}
# - {name: Sky Temperature, unit: deg_C, datatype: float64}
# - {name: Frequency, unit: Hz, datatype: float64}
# - {name: MSAS, unit: mag / arcsec2, datatype: float64}
# - {name: ZP, datatype: float64}
# - {name: Sequence Number, datatype: int64}
# - {name: Sun Alt, unit: deg, datatype: float64}
# - {name: Moon Alt, unit: deg, datatype: float64}
# - {name: Moon Illumination, datatype: float64}
# delimiter: ','
# meta: !!omap
# - ida:
#     Data supplier: {affiliation: null, observer: null}
#     Device type: TESS-W
#     Field of view: 17.0
#     Filters per channel: None
#     Instrument ID: stars19
#     License: ODbL 1.0 http://opendatacommons.org/licenses/odbl/summary/
#     Local timezone: America/Phoenix
#     Location name: {country: '- Tucson', place: Tucson, region: United States, sub_region: Arizona, town: Pima County}
#     Measurement direction per channel: {azimuth: 0.0, zenital: 0.0}
#     Moving / Fixed look direction: FIXED
#     Moving / Stationary position: STATIONARY
#     Number of channels: 1
#     Number of fields per line: 8
#     Number of header lines: 35
#     Position: {height: 0.0, latitude: 32.223877, longitude: -110.767532}
#     TESS MAC address: 18:FE:34:CF:EC:06
#     TESS cover offset value: 0.0
#     TESS firmware version: '1.0'
#     TESS zero point: 20.38
#     Time Synchronization: timestamp added by MQTT subscriber
#     URL: http://www.darksky.org/NSBM/sdf1.0.pdf
# - __serialized_columns__:
#     Enclosure Temperature:
#       __class__: astropy.units.quantity.Quantity
#       unit: &id001 !astropy.units.Unit {unit: deg_C}
#       value: !astropy.table.SerializedColumn {name: Enclosure Temperature}
#     Frequency:
#       __class__: astropy.units.quantity.Quantity
#       unit: !astropy.units.Unit {unit: Hz}
#       value: !astropy.table.SerializedColumn {name: Frequency}
#     MSAS:
#       __class__: astropy.units.quantity.Quantity
#       unit: !astropy.units.Unit {unit: mag / arcsec2}
#       value: !astropy.table.SerializedColumn {name: MSAS}
#     Moon Alt:
#       __class__: astropy.units.quantity.Quantity
#       unit: &id002 !astropy.units.Unit {unit: deg}
#       value: !astropy.table.SerializedColumn {name: Moon Alt}
#     Sky Temperature:
#       __class__: astropy.units.quantity.Quantity
#       unit: *id001
#       value: !astropy.table.SerializedColumn {name: Sky Temperature}
#     Sun Alt:
#       __class__: astropy.units.quantity.Quantity
#       unit: *id002
#       value: !astropy.table.SerializedColumn {name: Sun Alt}
#     time:
#       __class__: astropy.time.core.Time
#       format: isot
#       in_subfmt: '*'
#       out_subfmt: '*'
#       precision: 3
#       scale: utc
#       value: !astropy.table.SerializedColumn {name: time}
# schema: astropy-2.0
time,Enclosure Temperature,Sky Temperature,Frequency,MSAS,ZP,Sequence Number,Sun Alt,Moon Alt,Moon Illumination
[from data line 11840]
2023-04-15T09:30:12.000,16.54,-8.22,1.12,20.26,20.38,138273,-38.23,-12.0,0.277
2023-04-15T09:31:22.000,16.54,-8.37,1.12,20.26,20.38,138274,-38.07,-11.0,0.276
2023-04-15T09:32:22.000,16.55,-8.28,1.12,20.26,20.38,138275,-37.93,-11.0,0.276
2023-04-15T09:33:22.000,16.56,-8.28,1.12,20.26,20.38,138276,-37.78,-11.0,0.276
2023-04-15T09:34:22.000,16.55,-8.47,1.12,20.26,20.38,138277,-37.64,-11.0,0.276
2023-04-15T09:35:22.000,16.55,-8.41,1.12,20.26,20.38,138278,-37.5,-11.0,0.276
2023-04-15T09:36:24.000,16.55,-8.47,1.12,20.26,20.38,138279,-37.35,-10.0,0.276
2023-04-15T09:37:24.000,16.55,-8.46,1.12,20.26,20.38,138280,-37.21,-10.0,0.276
2023-04-15T09:38:25.000,16.5,-8.72,1.12,20.26,20.38,138281,-37.06,-10.0,0.276
2023-04-15T09:39:24.000,16.44,-8.63,1.12,20.26,20.38,138282,-36.91,-10.0,0.276
2023-04-15T09:40:25.000,16.41,-8.56,1.21,20.17,20.38,138283,-36.77,-10.0,0.276
2023-04-15T09:41:26.000,16.39,-8.57,1.22,20.17,20.38,138284,-36.62,-10.0,0.276
2023-04-15T09:42:26.000,16.38,-8.63,1.22,20.17,20.38,138285,-36.47,-9.0,0.276
2023-04-15T09:43:26.000,16.38,-8.47,1.13,20.24,20.38,138286,-36.32,-9.0,0.276
2023-04-15T09:44:26.000,16.39,-8.6,1.12,20.26,20.38,138287,-36.17,-9.0,0.275
2023-04-15T09:45:26.000,16.34,-8.7,1.12,20.25,20.38,138288,-36.02,-9.0,0.275
2023-04-15T09:46:26.000,16.28,-8.71,1.12,20.26,20.38,138289,-35.87,-9.0,0.275
2023-04-15T09:47:28.000,16.31,-8.51,1.12,20.26,20.38,138290,-35.71,-8.0,0.275
2023-04-15T09:48:27.000,16.31,-8.56,1.12,20.25,20.38,138291,-35.56,-8.0,0.275
2023-04-15T09:49:27.000,16.28,-8.69,1.12,20.26,20.38,138292,-35.41,-8.0,0.275
2023-04-15T09:50:28.000,16.22,-8.75,1.12,20.25,20.38,138293,-35.26,-8.0,0.275
2023-04-15T09:51:28.000,16.18,-8.76,1.13,20.25,20.38,138294,-35.1,-8.0,0.275
2023-04-15T09:52:28.000,16.14,-8.84,1.12,20.25,20.38,138295,-34.95,-7.0,0.275
2023-04-15T09:53:28.000,16.05,-8.79,1.12,20.26,20.38,138296,-34.79,-7.0,0.275
2023-04-15T09:54:29.000,16.07,-8.58,1.12,20.25,20.38,138297,-34.64,-7.0,0.275
2023-04-15T09:55:28.000,16.13,-8.51,1.12,20.25,20.38,138298,-34.48,-7.0,0.275
2023-04-15T09:56:28.000,16.15,-8.62,1.12,20.25,20.38,138299,-34.33,-7.0,0.275
2023-04-15T09:57:29.000,16.11,-8.78,1.13,20.25,20.38,138300,-34.17,-6.0,0.275
2023-04-15T09:58:30.000,16.08,-8.81,1.12,20.25,20.38,138301,-34.01,-6.0,0.274
2023-04-15T10:00:30.000,15.99,-8.94,1.13,20.25,20.38,138303,-33.69,-6.0,0.274
2023-04-15T10:01:30.000,15.89,-9.09,1.13,20.25,20.38,138304,-33.53,-6.0,0.274
2023-04-15T10:02:30.000,15.79,-9.14,1.13,20.25,20.38,138305,-33.37,-5.0,0.274
2023-04-15T10:03:30.000,15.69,-9.1,1.13,20.25,20.38,138306,-33.21,-5.0,0.274
2023-04-15T10:04:30.000,15.67,-9.01,1.13,20.25,20.38,138307,-33.05,-5.0,0.274
2023-04-15T10:05:30.000,15.65,-8.95,1.13,20.25,20.38,138308,-32.89,-5.0,0.274
2023-04-15T10:07:31.000,15.65,-8.87,1.13,20.25,20.38,138310,-32.56,-4.0,0.274
2023-04-15T10:08:31.000,15.66,-8.85,1.13,20.25,20.38,138311,-32.4,-4.0,0.274
2023-04-15T10:09:31.000,15.69,-8.89,1.13,20.25,20.38,138312,-32.24,-4.0,0.274
2023-04-15T10:10:31.000,15.63,-9.11,1.13,20.25,20.38,138313,-32.07,-4.0,0.274
2023-04-15T10:11:31.000,15.57,-9.06,1.13,20.25,20.38,138314,-31.91,-4.0,0.274
2023-04-15T10:12:31.000,15.56,-8.93,1.13,20.25,20.38,138315,-31.74,-3.0,0.273
2023-04-15T10:14:31.000,15.55,-8.98,1.13,20.25,20.38,138317,-31.41,-3.0,0.273
2023-04-15T10:15:31.000,15.52,-8.95,1.13,20.25,20.38,138318,-31.24,-3.0,0.273
2023-04-15T10:16:31.000,15.54,-9.01,1.13,20.25,20.38,138319,-31.08,-3.0,0.273
2023-04-15T10:17:31.000,15.47,-9.24,1.13,20.25,20.38,138320,-30.91,-3.0,0.273
2023-04-15T10:18:31.000,15.38,-9.4,1.13,20.25,20.38,138321,-30.74,-2.0,0.273
2023-04-15T10:19:31.000,15.29,-9.32,1.13,20.25,20.38,138322,-30.57,-2.0,0.273
2023-04-15T10:20:32.000,15.28,-9.08,1.13,20.25,20.38,138323,-30.4,-2.0,0.273
2023-04-15T10:21:33.000,15.3,-9.02,1.13,20.25,20.38,138324,-30.23,-2.0,0.273
2023-04-15T10:31:33.000,15.17,-9.45,1.14,20.23,20.38,138334,-28.51,0.0,0.272
2023-04-15T10:34:35.000,15.01,-9.56,1.15,20.23,20.38,138337,-27.98,1.0,0.272
2023-04-15T10:35:35.000,14.99,-9.6,1.15,20.23,20.38,138338,-27.81,1.0,0.272
2023-04-15T10:36:36.000,14.93,-9.69,1.15,20.22,20.38,138339,-27.63,1.0,0.272
2023-04-15T10:37:35.000,14.92,-9.49,1.15,20.22,20.38,138340,-27.45,1.0,0.272
2023-04-15T10:38:36.000,14.92,-9.48,1.16,20.22,20.38,138341,-27.27,2.0,0.272
2023-04-15T10:39:36.000,14.93,-9.52,1.16,20.22,20.38,138342,-27.1,2.0,0.271
2023-04-15T10:40:36.000,14.89,-9.64,1.16,20.22,20.38,138343,-26.92,2.0,0.271
2023-04-15T10:41:36.000,14.85,-9.63,1.16,20.22,20.38,138344,-26.74,2.0,0.271
2023-04-15T10:42:36.000,14.81,-9.72,1.16,20.22,20.38,138345,-26.56,2.0,0.271
2023-04-15T10:43:36.000,14.77,-9.68,1.16,20.21,20.38,138346,-26.39,2.0,0.271
2023-04-15T10:44:36.000,14.77,-9.72,1.17,20.21,20.38,138347,-26.21,3.0,0.271
2023-04-15T10:45:36.000,14.66,-9.89,1.17,20.21,20.38,138348,-26.03,3.0,0.271
2023-04-15T10:46:36.000,14.62,-9.84,1.17,20.21,20.38,138349,-25.85,3.0,0.271
2023-04-15T10:47:36.000,14.63,-9.6,1.17,20.21,20.38,138350,-25.67,3.0,0.271
2023-04-15T10:48:36.000,14.61,-9.73,1.17,20.21,20.38,138351,-25.49,3.0,0.271
2023-04-15T10:49:36.000,14.64,-9.59,1.17,20.21,20.38,138352,-25.31,4.0,0.271
2023-04-15T10:50:36.000,14.65,-9.55,1.18,20.2,20.38,138353,-25.13,4.0,0.271
2023-04-15T10:51:37.000,14.68,-9.53,1.18,20.2,20.38,138354,-24.94,4.0,0.271
2023-04-15T10:52:37.000,14.68,-9.64,1.18,20.2,20.38,138355,-24.76,4.0,0.271
2023-04-15T10:53:37.000,14.62,-9.98,1.18,20.2,20.38,138356,-24.58,4.0,0.27
2023-04-15T10:54:38.000,14.49,-10.13,1.18,20.2,20.38,138357,-24.39,5.0,0.27
2023-04-15T10:55:37.000,14.38,-10.04,1.18,20.2,20.38,138358,-24.21,5.0,0.27
2023-04-15T10:56:38.000,14.4,-9.74,1.19,20.2,20.38,138359,-24.03,5.0,0.27
2023-04-15T10:57:39.000,14.4,-9.78,1.19,20.19,20.38,138360,-23.84,5.0,0.27
2023-04-15T10:58:39.000,14.41,-9.68,1.19,20.19,20.38,138361,-23.66,5.0,0.27
2023-04-15T10:59:40.000,14.44,-9.63,1.19,20.19,20.38,138362,-23.47,5.0,0.27
2023-04-15T11:00:40.000,14.46,-9.61,1.19,20.19,20.38,138363,-23.28,6.0,0.27
2023-04-15T11:01:40.000,14.47,-9.72,1.19,20.19,20.38,138364,-23.1,6.0,0.27
2023-04-15T11:02:40.000,14.46,-9.67,1.2,20.19,20.38,138365,-22.91,6.0,0.27
2023-04-15T11:03:40.000,14.47,-9.69,1.2,20.18,20.38,138366,-22.73,6.0,0.27
2023-04-15T11:04:40.000,14.42,-9.95,1.2,20.18,20.38,138367,-22.54,6.0,0.27
2023-04-15T11:05:40.000,14.41,-9.74,1.2,20.18,20.38,138368,-22.36,7.0,0.27
2023-04-15T11:06:42.000,14.41,-9.75,1.2,20.18,20.38,138369,-22.16,7.0,0.27
2023-04-15T11:07:43.000,14.41,-9.62,1.2,20.18,20.38,138370,-21.97,7.0,0.269
2023-04-15T11:08:42.000,14.45,-9.55,1.22,20.16,20.38,138371,-21.79,7.0,0.269
2023-04-15T11:10:42.000,14.5,-9.54,1.31,20.09,20.38,138373,-21.42,7.0,0.269
2023-04-15T11:11:43.000,14.56,-9.51,1.3,20.1,20.38,138374,-21.22,8.0,0.269
2023-04-15T11:12:42.000,14.59,-9.62,1.21,20.17,20.38,138375,-21.04,8.0,0.269
2023-04-15T11:13:42.000,14.59,-9.58,1.21,20.17,20.38,138376,-20.85,8.0,0.269
2023-04-15T11:14:43.000,14.6,-9.66,1.21,20.17,20.38,138377,-20.66,8.0,0.269
2023-04-15T11:15:43.000,14.61,-9.63,1.21,20.17,20.38,138378,-20.47,8.0,0.269
2023-04-15T11:16:44.000,14.6,-9.69,1.21,20.17,20.38,138379,-20.28,9.0,0.269
2023-04-15T11:17:43.000,14.61,-9.69,1.21,20.17,20.38,138380,-20.09,9.0,0.269
2023-04-15T11:18:43.000,14.62,-9.69,1.21,20.17,20.38,138381,-19.9,9.0,0.269
2023-04-15T11:19:43.000,14.6,-9.85,1.21,20.17,20.38,138382,-19.71,9.0,0.269
2023-04-15T11:20:45.000,14.6,-9.65,1.22,20.17,20.38,138383,-19.51,9.0,0.269
2023-04-15T11:21:45.000,14.61,-9.73,1.22,20.17,20.38,138384,-19.32,9.0,0.268
2023-04-15T11:22:45.000,14.57,-9.85,1.22,20.17,20.38,138385,-19.13,10.0,0.268
2023-04-15T11:23:45.000,14.55,-9.9,1.22,20.16,20.38,138386,-18.94,10.0,0.268
2023-04-15T11:24:45.000,14.56,-9.59,1.22,20.16,20.38,138387,-18.75,10.0,0.268
2023-04-15T11:25:45.000,14.58,-9.73,1.22,20.16,20.38,138388,-18.56,10.0,0.268
2023-04-15T11:26:45.000,14.59,-9.61,1.23,20.16,20.38,138389,-18.37,10.0,0.268
2023-04-15T11:27:45.000,14.56,-9.84,1.23,20.16,20.38,138390,-18.17,11.0,0.268
2023-04-15T11:28:45.000,14.56,-9.75,1.23,20.16,20.38,138391,-17.98,11.0,0.268
2023-04-15T11:29:45.000,14.57,-9.66,1.23,20.15,20.38,138392,-17.79,11.0,0.268
2023-04-15T11:30:45.000,14.58,-9.62,1.23,20.15,20.38,138393,-17.6,11.0,0.268
2023-04-15T11:31:46.000,14.61,-9.51,1.23,20.15,20.38,138394,-17.4,11.0,0.268
2023-04-15T11:32:45.000,14.63,-9.53,1.25,20.14,20.38,138395,-17.21,11.0,0.268
2023-04-15T11:33:45.000,14.65,-9.52,1.25,20.14,20.38,138396,-17.02,12.0,0.268
2023-04-15T11:34:47.000,14.65,-9.65,1.24,20.14,20.38,138397,-16.82,12.0,0.268
2023-04-15T11:35:46.000,14.64,-9.69,1.24,20.14,20.38,138398,-16.63,12.0,0.267
2023-04-15T11:36:48.000,14.63,-9.65,1.25,20.14,20.38,138399,-16.42,12.0,0.267
2023-04-15T11:37:47.000,14.61,-9.77,1.25,20.14,20.38,138400,-16.23,12.0,0.267
2023-04-15T11:38:47.000,14.6,-9.7,1.25,20.13,20.38,138401,-16.04,12.0,0.267
2023-04-15T11:39:47.000,14.58,-9.69,1.26,20.13,20.38,138402,-15.84,13.0,0.267
2023-04-15T11:40:49.000,14.59,-9.63,1.27,20.12,20.38,138403,-15.64,13.0,0.267
2023-04-15T11:41:49.000,14.59,-9.66,1.28,20.11,20.38,138404,-15.45,13.0,0.267
2023-04-15T11:42:49.000,14.6,-9.65,1.29,20.1,20.38,138405,-15.25,13.0,0.267
2023-04-15T11:44:50.000,14.6,-9.73,1.31,20.09,20.38,138407,-14.85,14.0,0.267
2023-04-15T11:45:49.000,14.57,-9.7,1.32,20.08,20.38,138408,-14.66,14.0,0.267
2023-04-15T11:46:49.000,14.6,-9.6,1.37,20.04,20.38,138409,-14.47,14.0,0.267
2023-04-15T11:47:49.000,14.57,-9.77,1.42,20.0,20.38,138410,-14.27,14.0,0.267
2023-04-15T11:48:50.000,14.58,-9.59,1.37,20.04,20.38,138411,-14.07,14.0,0.267
2023-04-15T11:49:50.000,14.59,-9.67,1.4,20.02,20.38,138412,-13.87,14.0,0.266
2023-04-15T11:50:50.000,14.57,-9.65,1.42,20.0,20.38,138413,-13.67,15.0,0.266
2023-04-15T11:51:50.000,14.58,-9.7,1.46,19.97,20.38,138414,-13.48,15.0,0.266
2023-04-15T11:52:50.000,14.58,-9.65,1.5,19.94,20.38,138415,-13.28,15.0,0.266
2023-04-15T11:53:50.000,14.6,-9.66,1.55,19.9,20.38,138416,-13.08,15.0,0.266
2023-04-15T11:54:50.000,14.6,-9.68,1.61,19.86,20.38,138417,-12.88,15.0,0.266
2023-04-15T11:55:50.000,14.6,-9.7,1.69,19.81,20.38,138418,-12.68,15.0,0.266
2023-04-15T11:56:50.000,14.6,-9.65,1.77,19.76,20.38,138419,-12.48,16.0,0.266
2023-04-15T11:57:53.000,14.6,-9.73,1.88,19.7,20.38,138420,-12.28,16.0,0.266
2023-04-15T11:58:54.000,14.59,-9.73,2.01,19.62,20.38,138421,-12.07,16.0,0.266
2023-04-15T11:59:54.000,14.59,-9.69,2.18,19.54,20.38,138422,-11.87,16.0,0.266
2023-04-15T12:00:54.000,14.56,-9.87,2.36,19.45,20.38,138423,-11.68,16.0,0.266
2023-04-15T12:01:54.000,14.55,-9.74,2.58,19.35,20.38,138424,-11.48,16.0,0.266
2023-04-15T12:02:54.000,14.51,-9.93,2.86,19.24,20.38,138425,-11.28,17.0,0.266
2023-04-15T12:03:54.000,14.5,-9.77,3.17,19.13,20.38,138426,-11.08,17.0,0.265
2023-04-15T12:04:54.000,14.49,-9.83,3.55,19.0,20.38,138427,-10.88,17.0,0.265
2023-04-15T12:05:54.000,14.49,-9.76,4.02,18.87,20.38,138428,-10.68,17.0,0.265
2023-04-15T12:06:55.000,14.48,-9.74,4.59,18.73,20.38,138429,-10.47,17.0,0.265
2023-04-15T12:07:56.000,14.45,-9.86,5.29,18.57,20.38,138430,-10.27,17.0,0.265
2023-04-15T12:08:56.000,14.37,-9.76,6.14,18.41,20.38,138431,-10.07,18.0,0.265
2023-04-15T12:09:56.000,14.38,-9.59,7.18,18.24,20.38,138432,-9.87,18.0,0.265
2023-04-15T12:10:57.000,14.41,-9.64,8.4,18.07,20.38,138433,-9.66,18.0,0.265
2023-04-15T12:11:57.000,14.39,-9.82,10.0,17.88,20.38,138434,-9.46,18.0,0.265
2023-04-15T12:12:57.000,14.34,-10.12,11.84,17.7,20.38,138435,-9.26,18.0,0.265
2023-04-15T12:13:57.000,14.26,-10.34,14.22,17.5,20.38,138436,-9.06,18.0,0.265
2023-04-15T12:14:57.000,14.2,-10.14,17.03,17.3,20.38,138437,-8.86,19.0,0.265
2023-04-15T12:15:57.000,14.17,-10.07,20.52,17.1,20.38,138438,-8.65,19.0,0.265
2023-04-15T12:16:58.000,14.13,-10.31,24.94,16.89,20.38,138439,-8.45,19.0,0.265
2023-04-15T12:18:57.000,13.99,-10.31,37.68,16.44,20.38,138441,-8.05,19.0,0.264
2023-04-15T12:19:58.000,13.94,-10.42,45.77,16.23,20.38,138442,-7.84,19.0,0.264
2023-04-15T12:20:58.000,13.95,-10.12,58.27,15.97,20.38,138443,-7.64,20.0,0.264
2023-04-15T12:21:59.000,14.01,-9.91,73.61,15.72,20.38,138444,-7.43,20.0,0.264
2023-04-15T12:22:58.000,14.06,-9.99,93.93,15.45,20.38,138445,-7.23,20.0,0.264
2023-04-15T12:23:58.000,14.08,-9.94,120.61,15.18,20.38,138446,-7.03,20.0,0.264
2023-04-15T12:24:58.000,14.09,-10.04,154.72,14.91,20.38,138447,-6.83,20.0,0.264
2023-04-15T12:25:58.000,14.04,-10.29,199.21,14.63,20.38,138448,-6.62,20.0,0.264
2023-04-15T12:26:59.000,13.95,-10.34,257.51,14.36,20.38,138449,-6.42,21.0,0.264
2023-04-15T12:27:59.000,13.88,-10.31,332.85,14.08,20.38,138450,-6.21,21.0,0.264
2023-04-15T12:28:59.000,13.81,-10.31,430.13,13.8,20.38,138451,-6.01,21.0,0.264
2023-04-15T12:29:59.000,13.77,-10.21,556.73,13.52,20.38,138452,-5.8,21.0,0.264
2023-04-15T12:32:00.000,13.75,-10.2,929.33,12.96,20.38,138454,-5.39,21.0,0.263
2023-04-15T12:32:59.000,13.74,-10.17,1200.18,12.68,20.38,138455,-5.19,21.0,0.263
2023-04-15T12:33:59.000,13.64,-10.86,1551.76,12.41,20.38,138456,-4.99,22.0,0.263
2023-04-15T12:35:01.000,13.45,-10.85,2002.31,12.13,20.38,138457,-4.78,22.0,0.263
2023-04-15T12:36:01.000,13.49,-10.35,2584.73,11.85,20.38,138458,-4.57,22.0,0.263
2023-04-15T12:37:01.000,13.57,-10.24,3334.44,11.58,20.38,138459,-4.37,22.0,0.263
2023-04-15T12:38:01.000,13.64,-10.12,4276.47,11.31,20.38,138460,-4.16,22.0,0.263
2023-04-15T12:39:02.000,13.71,-10.15,5453.06,11.04,20.38,138461,-3.95,22.0,0.263
2023-04-15T12:40:02.000,13.75,-10.11,6925.14,10.78,20.38,138462,-3.75,23.0,0.263
2023-04-15T12:41:03.000,13.74,-10.29,8732.87,10.53,20.38,138463,-3.54,23.0,0.263
2023-04-15T12:42:03.000,13.66,-10.24,10921.58,10.29,20.38,138464,-3.33,23.0,0.263
2023-04-15T12:43:03.000,13.61,-10.34,13526.04,10.05,20.38,138465,-3.13,23.0,0.263
2023-04-15T12:44:03.000,13.55,-10.34,16585.91,9.83,20.38,138466,-2.92,23.0,0.263
2023-04-15T12:45:03.000,13.54,-10.17,20161.66,9.62,20.38,138467,-2.72,23.0,0.263
2023-04-15T12:46:04.000,13.52,-10.2,24283.19,9.42,20.38,138468,-2.51,24.0,0.262
2023-04-15T12:47:04.000,13.51,-10.1,28709.57,9.3,20.38,138469,-2.3,24.0,0.262
2023-04-15T12:48:04.000,13.5,-10.05,34026.27,9.13,20.38,138470,-2.09,24.0,0.262
2023-04-15T12:49:04.000,13.51,-9.98,40491.75,8.86,20.38,138471,-1.89,24.0,0.262
2023-04-15T12:50:04.000,13.53,-9.93,47255.59,8.69,20.38,138472,-1.68,24.0,0.262
2023-04-15T12:51:04.000,13.54,-10.02,54706.31,8.54,20.38,138473,-1.47,24.0,0.262
2023-04-15T12:52:04.000,13.45,-10.59,47230.25,6.42,20.38,138474,-1.27,24.0,0.262
2023-04-15T12:53:04.000,13.38,-10.59,0.0,0.0,20.38,138475,-1.06,25.0,0.262
2023-04-15T12:54:04.000,13.39,-10.24,0.0,0.0,20.38,138476,-0.85,25.0,0.262
2023-04-15T12:55:05.000,13.46,-10.03,0.0,0.0,20.38,138477,-0.64,25.0,0.262
2023-04-15T12:59:07.000,13.58,-10.18,0.0,0.0,20.38,138481,0.19,25.0,0.262
2023-04-15T13:00:07.000,13.59,-10.09,0.0,0.0,20.38,138482,0.4,26.0,0.261
2023-04-15T13:01:07.000,13.61,-10.08,0.0,0.0,20.38,138483,0.61,26.0,0.261
2023-04-15T13:03:07.000,13.73,-10.04,0.0,0.0,20.38,138485,1.02,26.0,0.261
2023-04-15T13:04:07.000,13.74,-10.09,0.0,0.0,20.38,138486,1.23,26.0,0.261
2023-04-15T13:05:07.000,13.77,-10.13,0.0,0.0,20.38,138487,1.44,26.0,0.261
2023-04-15T13:07:08.000,13.78,-10.21,0.0,0.0,20.38,138489,1.86,27.0,0.261
2023-04-15T13:08:08.000,13.76,-10.32,0.0,0.0,20.38,138490,2.07,27.0,0.261
2023-04-15T13:09:08.000,13.73,-10.33,0.0,0.0,20.38,138491,2.27,27.0,0.261
2023-04-15T13:12:08.000,13.6,-10.44,0.0,0.0,20.38,138494,2.9,27.0,0.261
2023-04-15T13:18:11.000,13.4,-10.63,0.26,0.09,20.38,138500,4.16,28.0,0.26
2023-04-15T13:19:11.000,13.43,-10.3,0.0,0.0,20.38,138501,4.37,28.0,0.26
2023-04-15T13:20:12.000,13.43,-10.31,0.0,0.0,20.38,138502,4.59,28.0,0.26
2023-04-15T13:21:12.000,13.48,-10.17,0.0,0.0,20.38,138503,4.79,29.0,0.26
2023-04-15T13:22:13.000,13.53,-10.24,0.0,0.0,20.38,138504,5.01,29.0,0.26
2023-04-15T13:23:13.000,13.53,-10.27,0.0,0.0,20.38,138505,5.22,29.0,0.26
2023-04-15T13:24:13.000,13.55,-10.27,0.0,0.0,20.38,138506,5.43,29.0,0.26
2023-04-15T13:25:13.000,13.54,-10.32,0.16,0.09,20.38,138507,5.64,29.0,0.26
2023-04-15T13:26:13.000,13.54,-10.25,0.0,0.0,20.38,138508,5.85,29.0,0.26
