Downloads/jupyter/ECSV/stars19/stars19_2023-07.ecsv
# %ECSV 1.0
# ---
# datatype:
# - {name: time, datatype: string}
# - {name: Enclosure Temperature, unit: deg_C, datatype: float64}
# - {name: Sky Temperature, unit: deg_C, datatype: float64}
# - {name: Frequency, unit: Hz, datatype: float64}
# - {name: MSAS, unit: mag / arcsec2, datatype: float64}
# - {name: ZP, datatype: float64}
# - {name: Sequence Number, datatype: int64}
# - {name: Sun Alt, unit: deg, datatype: float64}
# - {name: Moon Alt, unit: deg, datatype: float64}
# - {name: Moon Illumination, datatype: float64}
# delimiter: ','
# meta: !!omap
# - ida:
#     Data supplier: {affiliation: null, observer: null}
#     Device type: TESS-W
#     Field of view: 17.0
#     Filters per channel: None
#     Instrument ID: stars19
#     License: ODbL 1.0 http://opendatacommons.org/licenses/odbl/summary/
#     Local timezone: America/Phoenix
#     Location name: {country: '- Tucson', place: Tucson, region: United States, sub_region: Arizona, town: Pima County}
#     Measurement direction per channel: {azimuth: 0.0, zenital: 0.0}
#     Moving / Fixed look direction: FIXED
#     Moving / Stationary position: STATIONARY
#     Number of channels: 1
#     Number of fields per line: 8
#     Number of header lines: 35
#     Position: {height: 0.0, latitude: 32.223877, longitude: -110.767532}
#     TESS MAC address: 18:FE:34:CF:EC:06
#     TESS cover offset value: 0.0
#     TESS firmware version: '1.0'
#     TESS zero point: 20.38
#     Time Synchronization: timestamp added by MQTT subscriber
#     URL: http://www.darksky.org/NSBM/sdf1.0.pdf
# - __serialized_columns__:
#     Enclosure Temperature:
#       __class__: astropy.units.quantity.Quantity
#       unit: &id001 !astropy.units.Unit {unit: deg_C}
#       value: !astropy.table.SerializedColumn {name: Enclosure Temperature}
#     Frequency:
#       __class__: astropy.units.quantity.Quantity
#       unit: !astropy.units.Unit {unit: Hz}
#       value: !astropy.table.SerializedColumn {name: Frequency}
#     MSAS:
#       __class__: astropy.units.quantity.Quantity
#       unit: !astropy.units.Unit {unit: mag / arcsec2}
#       value: !astropy.table.SerializedColumn {name: MSAS}
#     Moon Alt:
#       __class__: astropy.units.quantity.Quantity
#       unit: &id002 !astropy.units.Unit {unit: deg}
#       value: !astropy.table.SerializedColumn {name: Moon Alt}
#     Sky Temperature:
#       __class__: astropy.units.quantity.Quantity
#       unit: *id001
#       value: !astropy.table.SerializedColumn {name: Sky Temperature}
#     Sun Alt:
#       __class__: astropy.units.quantity.Quantity
#       unit: *id002
#       value: !astropy.table.SerializedColumn {name: Sun Alt}
#     time:
#       __class__: astropy.time.core.Time
#       format: isot
#       in_subfmt: '*'
#       out_subfmt: '*'
#       precision: 3
#       scale: utc
#       value: !astropy.table.SerializedColumn {name: time}
# schema: astropy-2.0
time,Enclosure Temperature,Sky Temperature,Frequency,MSAS,ZP,Sequence Number,Sun Alt,Moon Alt,Moon Illumination
[from data line 16280]
2023-07-25T10:29:11.000,30.03,9.76,1.09,20.29,20.38,6343,-22.65,-51.0,0.452
2023-07-25T10:30:11.000,30.01,9.79,1.09,20.29,20.38,6344,-22.5,-51.0,0.453
2023-07-25T10:31:12.000,30.02,9.9,1.09,20.29,20.38,6345,-22.34,-52.0,0.453
2023-07-25T10:32:12.000,29.99,9.61,1.09,20.29,20.38,6346,-22.19,-52.0,0.453
2023-07-25T10:33:14.000,29.94,9.68,1.09,20.29,20.38,6347,-22.03,-52.0,0.453
2023-07-25T10:34:14.000,29.89,9.85,1.09,20.29,20.38,6348,-21.88,-52.0,0.453
2023-07-25T10:35:14.000,29.9,9.83,1.09,20.29,20.38,6349,-21.72,-52.0,0.453
2023-07-25T10:36:14.000,29.88,9.82,1.09,20.29,20.38,6350,-21.57,-52.0,0.453
2023-07-25T10:37:14.000,29.83,9.5,1.09,20.29,20.38,6351,-21.41,-53.0,0.453
2023-07-25T10:38:14.000,29.75,9.5,1.09,20.29,20.38,6352,-21.25,-53.0,0.453
2023-07-25T10:39:15.000,29.7,9.61,1.09,20.29,20.38,6353,-21.09,-53.0,0.453
2023-07-25T10:40:16.000,29.63,9.38,1.09,20.29,20.38,6354,-20.93,-53.0,0.453
2023-07-25T10:41:17.000,29.58,9.6,1.09,20.29,20.38,6355,-20.77,-53.0,0.453
2023-07-25T10:42:17.000,29.61,9.71,1.09,20.29,20.38,6356,-20.62,-54.0,0.453
2023-07-25T10:43:17.000,29.61,9.64,1.09,20.29,20.38,6357,-20.46,-54.0,0.453
2023-07-25T10:44:17.000,29.63,9.77,1.09,20.29,20.38,6358,-20.3,-54.0,0.454
2023-07-25T10:45:17.000,29.66,9.83,1.09,20.29,20.38,6359,-20.14,-54.0,0.454
2023-07-25T10:47:18.000,29.74,9.83,1.09,20.29,20.38,6361,-19.82,-54.0,0.454
2023-07-25T10:48:17.000,29.72,9.69,1.09,20.29,20.38,6362,-19.66,-55.0,0.454
2023-07-25T10:49:18.000,29.68,9.55,1.09,20.29,20.38,6363,-19.49,-55.0,0.454
2023-07-25T10:50:18.000,29.59,9.37,1.09,20.29,20.38,6364,-19.33,-55.0,0.454
2023-07-25T10:51:18.000,29.46,9.26,1.09,20.29,20.38,6365,-19.17,-55.0,0.454
2023-07-25T10:54:25.000,29.3,9.44,1.09,20.29,20.38,6368,-18.66,-56.0,0.454
2023-07-25T10:56:25.000,29.26,9.4,1.09,20.29,20.38,6370,-18.33,-56.0,0.454
2023-07-25T11:00:26.000,29.32,9.57,1.09,20.29,20.38,6374,-17.67,-57.0,0.455
2023-07-25T11:01:26.000,29.28,9.39,1.09,20.29,20.38,6375,-17.5,-57.0,0.455
2023-07-25T11:02:27.000,29.26,9.45,1.09,20.28,20.38,6376,-17.33,-57.0,0.455
2023-07-25T11:03:28.000,29.24,9.45,1.09,20.28,20.38,6377,-17.16,-57.0,0.455
2023-07-25T11:04:27.000,29.23,9.49,1.1,20.28,20.38,6378,-17.0,-57.0,0.455
2023-07-25T11:05:27.000,29.21,9.42,1.1,20.28,20.38,6379,-16.83,-58.0,0.455
2023-07-25T11:06:27.000,29.22,9.55,1.1,20.28,20.38,6380,-16.66,-58.0,0.455
2023-07-25T11:07:29.000,29.22,9.52,1.1,20.28,20.38,6381,-16.49,-58.0,0.455
2023-07-25T11:08:29.000,29.23,9.48,1.1,20.27,20.38,6382,-16.32,-58.0,0.455
2023-07-25T11:09:29.000,29.2,9.39,1.11,20.27,20.38,6383,-16.15,-58.0,0.455
2023-07-25T11:10:29.000,29.11,9.06,1.11,20.27,20.38,6384,-15.98,-58.0,0.455
2023-07-25T11:11:29.000,29.01,9.16,1.11,20.26,20.38,6385,-15.81,-59.0,0.455
2023-07-25T11:12:29.000,29.01,9.35,1.12,20.26,20.38,6386,-15.64,-59.0,0.455
2023-07-25T11:13:31.000,29.06,9.44,1.12,20.26,20.38,6387,-15.46,-59.0,0.456
2023-07-25T11:14:31.000,29.06,9.31,1.13,20.25,20.38,6388,-15.29,-59.0,0.456
2023-07-25T11:15:31.000,29.06,9.51,1.13,20.24,20.38,6389,-15.12,-59.0,0.456
2023-07-25T11:16:31.000,29.08,9.51,1.14,20.24,20.38,6390,-14.95,-59.0,0.456
2023-07-25T11:17:32.000,29.07,9.45,1.15,20.23,20.38,6391,-14.77,-60.0,0.456
2023-07-25T11:18:32.000,29.02,9.36,1.17,20.21,20.38,6392,-14.6,-60.0,0.456
2023-07-25T11:19:32.000,28.96,9.29,1.18,20.2,20.38,6393,-14.43,-60.0,0.456
2023-07-25T11:25:35.000,28.82,9.35,1.32,20.08,20.38,6399,-13.37,-61.0,0.456
2023-07-25T11:30:35.000,28.78,9.44,1.59,19.88,20.38,6404,-12.49,-62.0,0.457
2023-07-25T11:33:35.000,28.87,9.51,1.9,19.68,20.38,6407,-11.96,-62.0,0.457
2023-07-25T11:39:37.000,28.76,9.68,3.17,19.13,20.38,6413,-10.88,-63.0,0.457
2023-07-25T11:40:38.000,28.86,9.83,3.54,19.01,20.38,6414,-10.7,-63.0,0.457
2023-07-25T11:41:38.000,28.92,9.62,3.99,18.88,20.38,6415,-10.52,-63.0,0.458
2023-07-25T11:42:38.000,28.94,9.49,4.52,18.74,20.38,6416,-10.33,-63.0,0.458
2023-07-25T11:43:38.000,28.96,9.39,5.15,18.6,20.38,6417,-10.15,-63.0,0.458
2023-07-25T11:44:39.000,28.98,9.4,5.9,18.45,20.38,6418,-9.97,-63.0,0.458
2023-07-25T11:45:39.000,28.97,9.2,6.82,18.3,20.38,6419,-9.79,-64.0,0.458
2023-07-25T11:46:39.000,28.96,9.22,7.93,18.13,20.38,6420,-9.61,-64.0,0.458
2023-07-25T11:47:39.000,28.92,9.14,9.25,17.97,20.38,6421,-9.42,-64.0,0.458
2023-07-25T11:48:39.000,28.89,9.17,10.85,17.79,20.38,6422,-9.24,-64.0,0.458
2023-07-25T11:49:40.000,28.9,9.22,12.7,17.62,20.38,6423,-9.06,-64.0,0.458
2023-07-25T11:50:40.000,28.91,9.13,15.01,17.44,20.38,6424,-8.87,-64.0,0.458
2023-07-25T11:51:40.000,28.89,9.06,17.9,17.25,20.38,6425,-8.69,-64.0,0.458
2023-07-25T11:52:40.000,28.84,9.06,21.17,17.07,20.38,6426,-8.51,-64.0,0.458
2023-07-25T11:53:41.000,28.82,9.13,25.32,16.87,20.38,6427,-8.32,-65.0,0.458
2023-07-25T11:54:41.000,28.81,9.14,30.64,16.67,20.38,6428,-8.14,-65.0,0.458
2023-07-25T11:57:44.000,28.81,9.11,55.46,16.02,20.38,6431,-7.57,-65.0,0.459
2023-07-25T11:58:44.000,28.76,8.86,69.14,15.78,20.38,6432,-7.39,-65.0,0.459
2023-07-25T11:59:44.000,28.63,8.72,86.31,15.54,20.38,6433,-7.2,-65.0,0.459
2023-07-25T12:00:45.000,28.59,8.97,108.18,15.3,20.38,6434,-7.01,-65.0,0.459
2023-07-25T12:02:46.000,28.5,8.93,173.36,14.79,20.38,6436,-6.64,-66.0,0.459
2023-07-25T12:03:46.000,28.53,9.12,220.58,14.52,20.38,6437,-6.45,-66.0,0.459
2023-07-25T12:04:48.000,28.58,9.27,280.74,14.26,20.38,6438,-6.26,-66.0,0.459
2023-07-25T12:05:47.000,28.61,9.22,358.51,14.0,20.38,6439,-6.08,-66.0,0.459
2023-07-25T12:06:48.000,28.63,9.22,457.55,13.73,20.38,6440,-5.89,-66.0,0.459
2023-07-25T12:07:51.000,28.66,9.2,583.27,13.47,20.38,6441,-5.69,-66.0,0.459
2023-07-25T12:08:51.000,28.7,9.29,748.64,13.2,20.38,6442,-5.5,-66.0,0.459
2023-07-25T12:09:53.000,28.72,9.29,953.16,12.93,20.38,6443,-5.31,-66.0,0.459
2023-07-25T12:10:54.000,28.71,9.2,1213.85,12.67,20.38,6444,-5.12,-66.0,0.46
2023-07-25T12:12:55.000,28.52,8.8,1984.71,12.14,20.38,6446,-4.74,-67.0,0.46
2023-07-25T12:13:58.000,28.49,9.01,2536.68,11.87,20.38,6447,-4.54,-67.0,0.46
2023-07-25T12:14:58.000,28.55,9.26,3249.25,11.6,20.38,6448,-4.35,-67.0,0.46
2023-07-25T12:16:02.000,28.61,9.31,4113.84,11.35,20.38,6449,-4.15,-67.0,0.46
2023-07-25T12:17:03.000,28.67,9.25,5244.79,11.08,20.38,6450,-3.96,-67.0,0.46
2023-07-25T12:18:03.000,28.7,9.15,6567.96,10.84,20.38,6451,-3.77,-67.0,0.46
2023-07-25T12:19:03.000,28.71,9.21,8176.93,10.6,20.38,6452,-3.58,-67.0,0.46
2023-07-25T12:20:06.000,28.73,9.15,10118.43,10.37,20.38,6453,-3.38,-67.0,0.46
2023-07-25T12:21:08.000,28.64,8.88,12527.78,10.14,20.38,6454,-3.18,-67.0,0.46
2023-07-25T12:22:13.000,28.56,8.9,15271.01,9.92,20.38,6455,-2.97,-67.0,0.46
2023-07-25T12:24:18.000,28.48,9.06,22674.64,9.49,20.38,6457,-2.57,-68.0,0.46
2023-07-25T12:26:28.000,28.55,9.1,32075.32,9.12,20.38,6459,-2.16,-68.0,0.461
2023-07-25T12:27:28.000,28.58,9.3,37668.79,8.94,20.38,6460,-1.97,-68.0,0.461
2023-07-25T12:28:29.000,28.59,9.1,43562.07,8.78,20.38,6461,-1.77,-68.0,0.461
2023-07-25T12:29:29.000,28.54,8.97,49993.55,8.63,20.38,6462,-1.58,-68.0,0.461
2023-07-25T12:31:34.000,28.54,9.3,31154.26,4.14,20.38,6464,-1.18,-68.0,0.461
2023-07-25T12:32:34.000,28.64,9.5,0.0,0.0,20.38,6465,-0.99,-68.0,0.461
2023-07-25T12:33:36.000,28.7,9.3,0.0,0.0,20.38,6466,-0.79,-68.0,0.461
2023-07-25T12:35:39.000,28.77,9.31,0.0,0.0,20.38,6468,-0.39,-68.0,0.461
2023-07-25T12:36:40.000,28.8,9.4,0.0,0.0,20.38,6469,-0.19,-68.0,0.461
2023-07-25T12:37:42.000,28.85,9.36,0.0,0.0,20.38,6470,0.01,-68.0,0.461
2023-07-25T12:38:46.000,28.88,9.26,0.0,0.0,20.38,6471,0.21,-68.0,0.461
2023-07-25T12:41:53.000,28.81,9.09,0.0,0.0,20.38,6474,0.82,-69.0,0.462
2023-07-25T12:42:53.000,28.77,9.1,0.0,0.0,20.38,6475,1.02,-69.0,0.462
2023-07-25T12:43:54.000,28.77,9.24,0.0,0.0,20.38,6476,1.21,-69.0,0.462
2023-07-25T12:46:56.000,28.77,9.12,0.0,0.0,20.38,6479,1.81,-69.0,0.462
2023-07-25T12:47:58.000,28.8,9.25,0.0,0.0,20.38,6480,2.01,-69.0,0.462
2023-07-25T12:49:00.000,28.83,9.2,0.0,0.0,20.38,6481,2.21,-69.0,0.462
2023-07-25T12:50:00.000,28.84,9.06,0.41,0.22,20.38,6482,2.41,-69.0,0.462
2023-07-25T12:51:01.000,28.77,8.88,0.0,0.0,20.38,6483,2.61,-69.0,0.462
2023-07-25T12:52:02.000,28.75,8.97,0.0,0.0,20.38,6484,2.81,-69.0,0.462
2023-07-25T12:53:03.000,28.76,9.05,0.0,0.0,20.38,6485,3.01,-69.0,0.462
2023-07-25T12:56:25.000,28.85,9.11,0.0,0.0,20.38,6488,3.67,-69.0,0.463
2023-07-25T12:57:26.000,28.92,9.28,0.0,0.0,20.38,6489,3.87,-69.0,0.463
2023-07-25T12:58:28.000,28.96,9.18,0.0,0.0,20.38,6490,4.08,-69.0,0.463
2023-07-25T12:59:31.000,28.93,9.02,0.11,0.09,20.38,6491,4.28,-69.0,0.463
2023-07-25T13:00:31.000,28.83,8.95,0.0,0.0,20.38,6492,4.48,-69.0,0.463
2023-07-25T13:01:33.000,28.76,9.01,0.0,0.0,20.38,6493,4.69,-69.0,0.463
2023-07-25T13:06:40.000,28.79,9.35,0.0,0.0,20.38,6498,5.7,-69.0,0.463
2023-07-25T13:07:46.000,28.8,9.41,0.0,0.0,20.38,6499,5.92,-69.0,0.463
2023-07-25T13:08:47.000,28.86,9.6,0.0,0.0,20.38,6500,6.13,-69.0,0.464
2023-07-25T13:09:48.000,28.91,9.48,0.0,0.0,20.38,6501,6.33,-69.0,0.464
2023-07-25T13:12:49.000,28.97,9.62,0.0,0.0,20.38,6504,6.93,-68.0,0.464
2023-07-25T13:13:58.000,29.04,9.84,0.0,0.0,20.38,6505,7.16,-68.0,0.464
2023-07-25T13:14:58.000,29.11,9.7,0.0,0.0,20.38,6506,7.36,-68.0,0.464
2023-07-25T13:15:58.000,29.19,10.08,0.0,0.0,20.38,6507,7.56,-68.0,0.464
2023-07-25T13:16:58.000,29.27,10.04,0.0,0.0,20.38,6508,7.76,-68.0,0.464
2023-07-25T13:20:11.000,29.42,10.06,0.0,0.0,20.38,6511,8.41,-68.0,0.464
2023-07-25T13:21:12.000,29.44,10.13,0.0,0.0,20.38,6512,8.61,-68.0,0.464
2023-07-25T13:26:37.000,29.62,10.8,0.0,0.0,20.38,6517,9.71,-68.0,0.465
2023-07-25T13:28:39.000,29.69,10.57,0.0,0.0,20.38,6519,10.12,-68.0,0.465
2023-07-25T13:30:40.000,29.75,10.75,0.0,0.0,20.38,6521,10.52,-67.0,0.465
2023-07-25T13:31:40.000,29.81,10.87,0.0,0.0,20.38,6522,10.73,-67.0,0.465
2023-07-25T13:32:40.000,29.85,10.95,0.0,0.0,20.38,6523,10.93,-67.0,0.465
2023-07-25T13:33:42.000,29.91,10.94,0.0,0.0,20.38,6524,11.14,-67.0,0.465
2023-07-25T13:34:43.000,29.9,10.93,0.0,0.0,20.38,6525,11.35,-67.0,0.465
2023-07-25T13:35:44.000,29.91,10.98,0.0,0.0,20.38,6526,11.55,-67.0,0.465
2023-07-25T13:37:51.000,30.08,11.39,0.0,0.0,20.38,6528,11.98,-67.0,0.466
2023-07-25T13:38:51.000,30.18,11.52,0.0,0.0,20.38,6529,12.19,-67.0,0.466
2023-07-25T13:39:53.000,30.2,11.39,0.0,0.0,20.38,6530,12.4,-67.0,0.466
2023-07-25T13:45:59.000,30.61,11.75,0.0,0.0,20.38,6536,13.64,-66.0,0.466
2023-07-25T13:47:00.000,30.66,11.8,0.0,0.0,20.38,6537,13.85,-66.0,0.466
2023-07-25T13:48:02.000,30.7,11.9,0.0,0.0,20.38,6538,14.06,-66.0,0.466
2023-07-25T13:50:03.000,30.73,11.94,0.0,0.0,20.38,6540,14.47,-66.0,0.466
2023-07-25T13:51:06.000,30.74,11.99,0.0,0.0,20.38,6541,14.69,-66.0,0.467
2023-07-25T13:52:07.000,30.77,12.0,0.0,0.0,20.38,6542,14.9,-65.0,0.467
2023-07-25T13:59:15.000,30.84,11.88,0.0,0.0,20.38,6549,16.36,-65.0,0.467
2023-07-25T14:00:16.000,30.84,11.77,0.0,0.0,20.38,6550,16.57,-65.0,0.467
2023-07-25T14:01:20.000,30.75,11.75,0.0,0.0,20.38,6551,16.79,-64.0,0.467
2023-07-25T14:03:30.000,30.73,11.92,0.0,0.0,20.38,6553,17.24,-64.0,0.467
2023-07-25T14:04:30.000,30.7,12.01,0.0,0.0,20.38,6554,17.44,-64.0,0.467
2023-07-25T14:06:46.000,30.8,12.36,0.0,0.0,20.38,6556,17.91,-64.0,0.468
2023-07-25T14:07:51.000,30.77,12.16,0.0,0.0,20.38,6557,18.14,-64.0,0.468
2023-07-25T14:08:59.000,30.79,12.47,0.0,0.0,20.38,6558,18.37,-63.0,0.468
2023-07-25T14:10:00.000,30.88,12.63,0.0,0.0,20.38,6559,18.58,-63.0,0.468
2023-07-25T14:14:08.000,31.01,12.81,0.0,0.0,20.38,6563,19.44,-63.0,0.468
2023-07-25T14:15:08.000,31.1,12.98,0.0,0.0,20.38,6564,19.64,-63.0,0.468
2023-07-25T14:16:09.000,31.16,12.96,0.0,0.0,20.38,6565,19.85,-62.0,0.468
2023-07-25T14:23:15.000,31.58,13.31,0.0,0.0,20.38,6572,21.33,-61.0,0.469
2023-07-25T14:24:15.000,31.61,13.13,0.0,0.0,20.38,6573,21.54,-61.0,0.469
2023-07-25T14:25:15.000,31.62,13.31,0.0,0.0,20.38,6574,21.74,-61.0,0.469
2023-07-25T14:27:23.000,31.64,13.42,0.0,0.0,20.38,6576,22.19,-61.0,0.469
2023-07-25T14:28:24.000,31.73,13.72,0.0,0.0,20.38,6577,22.4,-61.0,0.469
2023-07-25T14:29:25.000,31.79,13.7,0.0,0.0,20.38,6578,22.61,-61.0,0.469
2023-07-25T14:33:30.000,31.92,13.89,0.0,0.0,20.38,6582,23.46,-60.0,0.469
2023-07-25T14:34:31.000,31.94,13.9,0.0,0.0,20.38,6583,23.68,-60.0,0.47
2023-07-25T14:35:31.000,32.0,14.16,0.0,0.0,20.38,6584,23.89,-60.0,0.47
2023-07-25T14:37:32.000,32.15,14.24,0.0,0.0,20.38,6586,24.31,-59.0,0.47
2023-07-25T14:38:33.000,32.15,14.19,0.0,0.0,20.38,6587,24.52,-59.0,0.47
2023-07-25T14:42:41.000,32.38,14.61,0.0,0.0,20.38,6591,25.38,-58.0,0.47
2023-07-25T14:44:43.000,32.41,15.07,0.0,0.0,20.38,6593,25.81,-58.0,0.47
2023-07-25T14:45:43.000,32.55,15.23,0.0,0.0,20.38,6594,26.02,-58.0,0.47
2023-07-25T14:46:44.000,32.62,15.17,0.0,0.0,20.38,6595,26.23,-58.0,0.47
2023-07-25T14:48:48.000,32.59,14.74,0.0,0.0,20.38,6597,26.67,-57.0,0.471
2023-07-25T14:49:50.000,32.56,15.22,0.0,0.0,20.38,6598,26.88,-57.0,0.471
2023-07-25T14:50:50.000,32.64,15.39,0.0,0.0,20.38,6599,27.09,-57.0,0.471
2023-07-25T14:52:52.000,32.89,16.04,0.0,0.0,20.38,6601,27.52,-57.0,0.471
2023-07-25T14:53:52.000,33.0,16.02,0.0,0.0,20.38,6602,27.73,-57.0,0.471
2023-07-25T14:54:53.000,33.05,16.0,0.0,0.0,20.38,6603,27.94,-56.0,0.471
2023-07-25T14:58:57.000,33.47,16.62,0.0,0.0,20.38,6607,28.8,-56.0,0.471
2023-07-25T14:59:57.000,33.49,16.51,0.0,0.0,20.38,6608,29.01,-56.0,0.471
2023-07-25T15:00:57.000,33.57,16.86,0.0,0.0,20.38,6609,29.22,-55.0,0.471
2023-07-25T15:05:59.000,34.11,17.27,0.0,0.0,20.38,6614,30.28,-54.0,0.472
2023-07-25T15:08:01.000,34.23,17.4,0.0,0.0,20.38,6616,30.7,-54.0,0.472
2023-07-25T15:10:05.000,34.34,17.76,0.0,0.0,20.38,6618,31.14,-54.0,0.472
2023-07-25T15:11:08.000,34.4,17.84,0.0,0.0,20.38,6619,31.36,-54.0,0.472
2023-07-25T15:14:11.000,34.8,18.07,0.0,0.0,20.38,6622,32.0,-53.0,0.472
2023-07-25T15:15:12.000,34.88,18.38,0.0,0.0,20.38,6623,32.22,-53.0,0.472
2023-07-25T15:16:12.000,34.96,18.28,0.0,0.0,20.38,6624,32.43,-53.0,0.472
2023-07-25T15:20:18.000,35.22,18.62,0.0,0.0,20.38,6628,33.29,-52.0,0.473
2023-07-25T15:21:19.000,35.31,18.67,0.0,0.0,20.38,6629,33.51,-52.0,0.473
2023-07-25T15:22:19.000,35.34,18.55,0.0,0.0,20.38,6630,33.72,-52.0,0.473
2023-07-25T15:24:20.000,35.48,18.93,0.0,0.0,20.38,6632,34.15,-51.0,0.473
2023-07-25T15:25:21.000,35.58,18.87,0.0,0.0,20.38,6633,34.36,-51.0,0.473
2023-07-25T15:26:24.000,35.63,19.0,0.0,0.0,20.38,6634,34.58,-51.0,0.473
2023-07-25T15:34:29.000,36.03,19.33,0.0,0.0,20.38,6642,36.29,-49.0,0.474
2023-07-25T15:35:29.000,36.05,19.44,0.0,0.0,20.38,6643,36.5,-49.0,0.474
2023-07-25T15:36:29.000,36.11,19.62,0.0,0.0,20.38,6644,36.71,-49.0,0.474
2023-07-25T15:38:31.000,36.2,19.48,0.0,0.0,20.38,6646,37.14,-49.0,0.474
2023-07-25T15:40:32.000,36.07,19.09,0.0,0.0,20.38,6648,37.57,-48.0,0.474
2023-07-25T15:41:33.000,36.13,19.53,0.0,0.0,20.38,6649,37.78,-48.0,0.474
2023-07-25T15:42:33.000,36.27,20.17,0.0,0.0,20.38,6650,38.0,-48.0,0.474
2023-07-25T15:57:23.000,43.44,24.48,0.0,0.0,20.38,6663,41.13,-45.0,0.475
2023-07-25T15:58:24.000,43.92,24.38,0.0,0.0,20.38,6664,41.35,-45.0,0.475
2023-07-25T16:00:25.000,44.43,23.94,0.0,0.0,20.38,6666,41.77,-44.0,0.476
2023-07-25T16:02:36.000,45.04,23.95,0.0,0.0,20.38,6668,42.23,-44.0,0.476
2023-07-25T16:03:37.000,45.29,24.3,0.0,0.0,20.38,6669,42.45,-44.0,0.476
2023-07-25T16:17:42.000,47.82,25.35,0.0,0.0,20.38,6682,45.42,-41.0,0.477
2023-07-25T16:18:42.000,48.06,24.98,0.0,0.0,20.38,6683,45.63,-41.0,0.477
2023-07-25T16:19:42.000,48.23,25.14,0.0,0.0,20.38,6684,45.84,-41.0,0.477
2023-07-25T16:22:44.000,48.75,25.02,0.0,0.0,20.38,6687,46.48,-40.0,0.477
2023-07-25T16:23:45.000,48.74,24.7,0.0,0.0,20.38,6688,46.7,-40.0,0.477
2023-07-25T16:24:46.000,48.81,24.93,0.0,0.0,20.38,6689,46.91,-40.0,0.477
2023-07-25T16:26:48.000,48.69,24.69,0.0,0.0,20.38,6691,47.34,-39.0,0.477
2023-07-25T16:27:49.000,48.8,25.33,0.0,0.0,20.38,6692,47.55,-39.0,0.477
2023-07-25T16:28:49.000,48.83,24.56,0.0,0.0,20.38,6693,47.76,-39.0,0.478
2023-07-25T16:29:49.000,48.6,24.12,0.0,0.0,20.38,6694,47.97,-39.0,0.478
2023-07-25T16:30:50.000,48.65,24.95,0.0,0.0,20.38,6695,48.19,-38.0,0.478
2023-07-25T16:31:50.000,48.66,24.77,0.0,0.0,20.38,6696,48.4,-38.0,0.478
2023-07-25T16:33:58.000,48.69,24.78,0.0,0.0,20.38,6698,48.84,-38.0,0.478
