Downloads/jupyter/ECSV/stars19/stars19_2021-06.ecsv
# %ECSV 1.0
# ---
# datatype:
# - {name: time, datatype: string}
# - {name: Enclosure Temperature, unit: deg_C, datatype: float64}
# - {name: Sky Temperature, unit: deg_C, datatype: float64}
# - {name: Frequency, unit: Hz, datatype: float64}
# - {name: MSAS, unit: mag / arcsec2, datatype: float64}
# - {name: ZP, datatype: float64}
# - {name: Sequence Number, datatype: int64}
# - {name: Sun Alt, unit: deg, datatype: float64}
# - {name: Moon Alt, unit: deg, datatype: float64}
# - {name: Moon Illumination, datatype: float64}
# delimiter: ','
# meta: !!omap
# - ida:
#     Data supplier: {affiliation: null, observer: null}
#     Device type: TESS-W
#     Field of view: 17.0
#     Filters per channel: None
#     Instrument ID: stars19
#     License: ODbL 1.0 http://opendatacommons.org/licenses/odbl/summary/
#     Local timezone: America/Phoenix
#     Location name: {country: '- Tucson', place: Tucson, region: United States, sub_region: Arizona, town: Pima County}
#     Measurement direction per channel: {azimuth: 0.0, zenital: 0.0}
#     Moving / Fixed look direction: FIXED
#     Moving / Stationary position: STATIONARY
#     Number of channels: 1
#     Number of fields per line: 8
#     Number of header lines: 35
#     Position: {height: 0.0, latitude: 32.223877, longitude: -110.767532}
#     TESS MAC address: 18:FE:34:CF:EC:06
#     TESS cover offset value: 0.0
#     TESS firmware version: '1.0'
#     TESS zero point: 20.5
#     Time Synchronization: timestamp added by MQTT subscriber
#     URL: http://www.darksky.org/NSBM/sdf1.0.pdf
# - __serialized_columns__:
#     Enclosure Temperature:
#       __class__: astropy.units.quantity.Quantity
#       unit: &id001 !astropy.units.Unit {unit: deg_C}
#       value: !astropy.table.SerializedColumn {name: Enclosure Temperature}
#     Frequency:
#       __class__: astropy.units.quantity.Quantity
#       unit: !astropy.units.Unit {unit: Hz}
#       value: !astropy.table.SerializedColumn {name: Frequency}
#     MSAS:
#       __class__: astropy.units.quantity.Quantity
#       unit: !astropy.units.Unit {unit: mag / arcsec2}
#       value: !astropy.table.SerializedColumn {name: MSAS}
#     Moon Alt:
#       __class__: astropy.units.quantity.Quantity
#       unit: &id002 !astropy.units.Unit {unit: deg}
#       value: !astropy.table.SerializedColumn {name: Moon Alt}
#     Sky Temperature:
#       __class__: astropy.units.quantity.Quantity
#       unit: *id001
#       value: !astropy.table.SerializedColumn {name: Sky Temperature}
#     Sun Alt:
#       __class__: astropy.units.quantity.Quantity
#       unit: *id002
#       value: !astropy.table.SerializedColumn {name: Sun Alt}
#     time:
#       __class__: astropy.time.core.Time
#       format: isot
#       in_subfmt: '*'
#       out_subfmt: '*'
#       precision: 3
#       scale: utc
#       value: !astropy.table.SerializedColumn {name: time}
# schema: astropy-2.0
time,Enclosure Temperature,Sky Temperature,Frequency,MSAS,ZP,Sequence Number,Sun Alt,Moon Alt,Moon Illumination
[from data line 11332]
2021-06-15T08:27:57.000,32.9,12.79,3.75,18.94,20.5,58567,-32.37,-24.0,0.219
2021-06-15T08:28:58.000,32.89,12.55,3.39,19.06,20.5,58568,-32.3,-24.0,0.219
2021-06-15T08:29:58.000,32.86,12.27,2.62,19.34,20.5,58569,-32.24,-24.0,0.219
2021-06-15T08:31:58.000,32.86,12.32,2.18,19.53,20.5,58571,-32.1,-25.0,0.219
2021-06-15T08:34:59.000,32.86,12.97,2.53,19.37,20.5,58574,-31.9,-25.0,0.219
2021-06-15T08:35:59.000,32.85,13.12,2.52,19.38,20.5,58575,-31.83,-25.0,0.22
2021-06-15T08:36:59.000,32.87,13.3,2.61,19.34,20.5,58576,-31.75,-25.0,0.22
2021-06-15T08:38:00.000,32.91,13.37,3.01,19.18,20.5,58577,-31.68,-26.0,0.22
2021-06-15T08:39:00.000,32.92,13.32,3.08,19.16,20.5,58578,-31.61,-26.0,0.22
2021-06-15T08:40:00.000,32.95,13.33,2.98,19.19,20.5,58579,-31.53,-26.0,0.22
2021-06-15T08:41:01.000,32.95,13.31,3.69,18.96,20.5,58580,-31.46,-26.0,0.22
2021-06-15T08:42:01.000,32.96,13.26,4.2,18.82,20.5,58581,-31.38,-26.0,0.22
2021-06-15T08:43:02.000,32.95,13.23,3.67,18.97,20.5,58582,-31.3,-26.0,0.22
2021-06-15T08:44:02.000,32.94,13.16,2.91,19.22,20.5,58583,-31.23,-26.0,0.22
2021-06-15T08:45:02.000,32.92,13.13,2.75,19.28,20.5,58584,-31.15,-27.0,0.22
2021-06-15T08:46:02.000,32.9,13.08,2.66,19.32,20.5,58585,-31.07,-27.0,0.22
2021-06-15T08:47:02.000,32.91,13.13,2.51,19.38,20.5,58586,-30.99,-27.0,0.22
2021-06-15T08:48:03.000,32.91,13.29,2.5,19.39,20.5,58587,-30.91,-27.0,0.22
2021-06-15T08:49:03.000,32.92,13.39,2.49,19.39,20.5,58588,-30.82,-27.0,0.22
2021-06-15T08:50:03.000,32.92,13.55,2.62,19.33,20.5,58589,-30.74,-27.0,0.22
2021-06-15T08:52:03.000,32.92,13.85,3.25,19.1,20.5,58591,-30.57,-28.0,0.22
2021-06-15T08:53:03.000,32.9,13.87,3.36,19.06,20.5,58592,-30.49,-28.0,0.221
2021-06-15T08:54:04.000,32.86,13.83,3.3,19.08,20.5,58593,-30.4,-28.0,0.221
2021-06-15T08:57:05.000,32.86,13.69,3.88,18.91,20.5,58596,-30.13,-28.0,0.221
2021-06-15T08:58:06.000,32.87,13.53,3.61,18.99,20.5,58597,-30.04,-28.0,0.221
2021-06-15T08:59:06.000,32.86,13.32,3.63,18.98,20.5,58598,-29.95,-28.0,0.221
2021-06-15T09:00:06.000,32.85,13.0,3.45,19.04,20.5,58599,-29.86,-29.0,0.221
2021-06-15T09:02:07.000,32.81,12.17,2.83,19.25,20.5,58601,-29.68,-29.0,0.221
2021-06-15T09:03:07.000,32.79,11.85,2.52,19.38,20.5,58602,-29.58,-29.0,0.221
2021-06-15T09:04:08.000,32.76,11.61,2.31,19.47,20.5,58603,-29.49,-29.0,0.221
2021-06-15T09:05:08.000,32.74,11.51,2.13,19.56,20.5,58604,-29.39,-29.0,0.221
2021-06-15T09:06:08.000,32.68,11.4,2.09,19.58,20.5,58605,-29.3,-29.0,0.221
2021-06-15T09:07:08.000,32.65,11.57,2.05,19.6,20.5,58606,-29.2,-30.0,0.221
2021-06-15T09:08:08.000,32.61,11.62,2.03,19.61,20.5,58607,-29.1,-30.0,0.221
2021-06-15T09:10:09.000,32.52,11.8,2.01,19.62,20.5,58609,-28.9,-30.0,0.222
2021-06-15T09:11:09.000,32.49,11.92,2.02,19.61,20.5,58610,-28.8,-30.0,0.222
2021-06-15T09:12:10.000,32.49,12.06,2.04,19.6,20.5,58611,-28.7,-30.0,0.222
2021-06-15T09:13:10.000,32.47,12.08,2.07,19.59,20.5,58612,-28.6,-30.0,0.222
2021-06-15T09:14:10.000,32.46,12.18,2.08,19.58,20.5,58613,-28.5,-30.0,0.222
2021-06-15T09:18:11.000,32.43,12.02,2.11,19.57,20.5,58617,-28.08,-31.0,0.222
2021-06-15T09:19:12.000,32.42,11.87,2.1,19.57,20.5,58618,-27.97,-31.0,0.222
2021-06-15T09:20:12.000,32.4,11.7,2.1,19.58,20.5,58619,-27.86,-31.0,0.222
2021-06-15T09:23:12.000,32.27,11.49,2.07,19.59,20.5,58622,-27.54,-31.0,0.222
2021-06-15T09:30:13.000,32.06,13.32,2.62,19.34,20.5,58629,-26.76,-32.0,0.223
2021-06-15T09:31:13.000,32.11,13.74,2.88,19.23,20.5,58630,-26.64,-32.0,0.223
2021-06-15T09:32:14.000,32.14,14.13,3.33,19.08,20.5,58631,-26.52,-32.0,0.223
2021-06-15T09:33:14.000,32.18,14.43,3.65,18.97,20.5,58632,-26.41,-33.0,0.223
2021-06-15T09:34:14.000,32.21,14.69,3.88,18.91,20.5,58633,-26.29,-33.0,0.223
2021-06-15T09:35:15.000,32.23,14.96,4.41,18.77,20.5,58634,-26.17,-33.0,0.223
2021-06-15T09:36:15.000,32.25,15.24,4.39,18.77,20.5,58635,-26.05,-33.0,0.223
2021-06-15T09:37:15.000,32.26,15.41,4.3,18.8,20.5,58636,-25.94,-33.0,0.223
2021-06-15T09:38:16.000,32.26,15.57,4.32,18.79,20.5,58637,-25.82,-33.0,0.223
2021-06-15T09:39:16.000,32.24,15.71,4.27,18.8,20.5,58638,-25.7,-33.0,0.223
2021-06-15T09:40:16.000,32.25,16.05,4.29,18.8,20.5,58639,-25.57,-33.0,0.223
2021-06-15T09:41:17.000,32.25,16.03,4.35,18.79,20.5,58640,-25.45,-33.0,0.223
2021-06-15T09:42:17.000,32.25,16.22,4.75,18.69,20.5,58641,-25.33,-34.0,0.223
2021-06-15T09:43:17.000,32.27,16.35,5.65,18.5,20.5,58642,-25.21,-34.0,0.224
2021-06-15T09:44:18.000,32.29,16.43,6.96,18.27,20.5,58643,-25.08,-34.0,0.224
2021-06-15T09:45:18.000,32.31,16.43,7.79,18.15,20.5,58644,-24.96,-34.0,0.224
2021-06-15T09:46:19.000,32.38,16.47,8.35,18.08,20.5,58645,-24.83,-34.0,0.224
2021-06-15T09:47:19.000,32.42,16.33,8.77,18.02,20.5,58646,-24.71,-34.0,0.224
2021-06-15T09:48:19.000,32.46,16.23,8.71,18.03,20.5,58647,-24.58,-34.0,0.224
2021-06-15T09:49:19.000,32.49,16.03,8.17,18.1,20.5,58648,-24.45,-34.0,0.224
2021-06-15T09:50:19.000,32.5,15.69,7.59,18.18,20.5,58649,-24.33,-34.0,0.224
2021-06-15T09:51:20.000,32.54,15.31,6.88,18.29,20.5,58650,-24.2,-34.0,0.224
2021-06-15T09:52:20.000,32.55,14.79,5.76,18.48,20.5,58651,-24.07,-35.0,0.224
2021-06-15T09:53:20.000,32.56,14.17,4.77,18.69,20.5,58652,-23.94,-35.0,0.224
2021-06-15T09:54:25.000,32.56,13.56,4.03,18.87,20.5,58653,-23.8,-35.0,0.224
2021-06-15T09:55:25.000,32.5,12.82,3.38,19.06,20.5,58654,-23.67,-35.0,0.224
2021-06-15T09:57:25.000,32.39,11.61,2.43,19.42,20.5,58656,-23.41,-35.0,0.224
2021-06-15T09:58:26.000,32.32,11.12,2.15,19.55,20.5,58657,-23.27,-35.0,0.224
2021-06-15T10:00:26.000,32.21,10.43,1.9,19.68,20.5,58659,-23.01,-35.0,0.225
2021-06-15T10:08:27.000,31.99,9.93,1.78,19.75,20.5,58667,-21.92,-36.0,0.225
2021-06-15T10:09:27.000,31.96,9.85,1.78,19.75,20.5,58668,-21.78,-36.0,0.225
2021-06-15T10:10:28.000,31.94,9.85,1.78,19.76,20.5,58669,-21.64,-36.0,0.225
2021-06-15T10:11:28.000,31.93,9.83,1.77,19.76,20.5,58670,-21.5,-36.0,0.225
2021-06-15T10:12:28.000,31.92,9.8,1.77,19.76,20.5,58671,-21.36,-36.0,0.225
2021-06-15T10:13:28.000,31.91,9.75,1.76,19.76,20.5,58672,-21.22,-36.0,0.225
2021-06-15T10:14:29.000,31.89,9.82,1.76,19.76,20.5,58673,-21.08,-36.0,0.225
2021-06-15T10:15:29.000,31.88,9.86,1.76,19.76,20.5,58674,-20.94,-37.0,0.225
2021-06-15T10:17:29.000,31.87,9.7,1.75,19.77,20.5,58676,-20.65,-37.0,0.226
2021-06-15T10:18:29.000,31.85,9.74,1.74,19.78,20.5,58677,-20.51,-37.0,0.226
2021-06-15T10:19:30.000,31.83,9.77,1.73,19.79,20.5,58678,-20.36,-37.0,0.226
2021-06-15T10:20:30.000,31.79,9.76,1.72,19.79,20.5,58679,-20.22,-37.0,0.226
2021-06-15T10:21:30.000,31.78,9.75,1.7,19.8,20.5,58680,-20.07,-37.0,0.226
2021-06-15T10:22:30.000,31.77,9.72,1.69,19.81,20.5,58681,-19.93,-37.0,0.226
2021-06-15T10:23:30.000,31.77,9.71,1.68,19.82,20.5,58682,-19.78,-37.0,0.226
2021-06-15T10:24:31.000,31.76,9.58,1.67,19.82,20.5,58683,-19.64,-37.0,0.226
2021-06-15T10:31:32.000,31.66,9.55,1.63,19.85,20.5,58690,-18.6,-38.0,0.226
2021-06-15T10:32:32.000,31.65,9.61,1.63,19.85,20.5,58691,-18.45,-38.0,0.226
2021-06-15T10:33:32.000,31.66,9.66,1.62,19.85,20.5,58692,-18.3,-38.0,0.227
2021-06-15T10:34:32.000,31.66,9.61,1.62,19.86,20.5,58693,-18.14,-38.0,0.227
2021-06-15T10:35:33.000,31.69,9.68,1.62,19.86,20.5,58694,-17.99,-38.0,0.227
2021-06-15T10:36:33.000,31.67,9.63,1.63,19.85,20.5,58695,-17.84,-38.0,0.227
2021-06-15T10:42:34.000,31.57,9.37,1.65,19.83,20.5,58701,-16.92,-38.0,0.227
2021-06-15T10:43:35.000,31.55,9.22,1.65,19.83,20.5,58702,-16.76,-38.0,0.227
2021-06-15T10:44:35.000,31.51,9.01,1.65,19.83,20.5,58703,-16.6,-38.0,0.227
2021-06-15T10:45:35.000,31.44,8.96,1.66,19.83,20.5,58704,-16.45,-38.0,0.227
2021-06-15T10:46:35.000,31.4,9.03,1.67,19.83,20.5,58705,-16.29,-38.0,0.227
2021-06-15T10:47:35.000,31.38,9.2,1.67,19.82,20.5,58706,-16.13,-38.0,0.227
2021-06-15T10:48:36.000,31.35,9.16,1.68,19.82,20.5,58707,-15.97,-39.0,0.227
2021-06-15T10:50:36.000,31.27,9.12,1.68,19.81,20.5,58709,-15.66,-39.0,0.228
2021-06-15T10:51:36.000,31.24,9.07,1.69,19.81,20.5,58710,-15.5,-39.0,0.228
2021-06-15T10:55:38.000,31.1,8.92,1.74,19.78,20.5,58714,-14.85,-39.0,0.228
2021-06-15T10:57:38.000,31.05,9.02,1.76,19.77,20.5,58716,-14.53,-39.0,0.228
2021-06-15T10:58:38.000,31.01,8.87,1.77,19.76,20.5,58717,-14.37,-39.0,0.228
2021-06-15T10:59:38.000,30.97,8.87,1.79,19.75,20.5,58718,-14.21,-39.0,0.228
2021-06-15T11:00:39.000,30.94,8.93,1.8,19.74,20.5,58719,-14.04,-39.0,0.228
2021-06-15T11:01:39.000,30.9,8.96,1.82,19.73,20.5,58720,-13.88,-39.0,0.228
2021-06-15T11:02:39.000,30.88,9.04,1.84,19.72,20.5,58721,-13.72,-39.0,0.228
2021-06-15T11:03:39.000,30.87,9.06,1.87,19.7,20.5,58722,-13.56,-39.0,0.228
2021-06-15T11:04:40.000,30.84,8.89,1.9,19.68,20.5,58723,-13.39,-39.0,0.228
2021-06-15T11:05:40.000,30.8,8.76,1.94,19.66,20.5,58724,-13.22,-39.0,0.228
2021-06-15T11:06:40.000,30.75,8.76,1.99,19.63,20.5,58725,-13.06,-39.0,0.229
2021-06-15T11:07:40.000,30.71,8.76,2.06,19.6,20.5,58726,-12.89,-39.0,0.229
2021-06-15T11:08:40.000,30.65,8.64,2.13,19.56,20.5,58727,-12.73,-39.0,0.229
2021-06-15T11:09:41.000,30.64,8.83,2.2,19.52,20.5,58728,-12.56,-39.0,0.229
2021-06-15T11:10:41.000,30.61,8.81,2.3,19.48,20.5,58729,-12.39,-39.0,0.229
2021-06-15T11:12:41.000,30.48,8.45,2.53,19.37,20.5,58731,-12.06,-39.0,0.229
2021-06-15T11:13:42.000,30.44,8.51,2.68,19.31,20.5,58732,-11.89,-39.0,0.229
2021-06-15T11:14:42.000,30.4,8.66,2.83,19.25,20.5,58733,-11.72,-39.0,0.229
2021-06-15T11:24:44.000,30.07,8.43,7.22,18.23,20.5,58743,-10.02,-39.0,0.23
2021-06-15T11:28:46.000,29.98,8.5,12.48,17.64,20.5,58747,-9.33,-39.0,0.23
2021-06-15T11:29:46.000,29.91,8.24,14.45,17.48,20.5,58748,-9.16,-39.0,0.23
2021-06-15T11:30:46.000,29.88,8.43,16.78,17.32,20.5,58749,-8.98,-39.0,0.23
2021-06-15T11:31:46.000,29.86,8.41,19.62,17.15,20.5,58750,-8.81,-39.0,0.23
2021-06-15T11:32:47.000,29.84,8.56,23.07,16.97,20.5,58751,-8.63,-39.0,0.23
2021-06-15T11:33:47.000,29.85,8.67,27.27,16.79,20.5,58752,-8.46,-39.0,0.23
2021-06-15T11:34:48.000,29.84,8.61,32.51,16.6,20.5,58753,-8.28,-39.0,0.23
2021-06-15T11:35:48.000,29.83,8.48,38.86,16.41,20.5,58754,-8.11,-39.0,0.23
2021-06-15T11:36:48.000,29.79,8.3,45.91,16.23,20.5,58755,-7.93,-39.0,0.23
2021-06-15T11:37:48.000,29.72,8.3,55.48,16.02,20.5,58756,-7.76,-39.0,0.23
2021-06-15T11:38:49.000,29.71,8.35,67.23,15.81,20.5,58757,-7.58,-39.0,0.23
2021-06-15T11:39:49.000,29.68,8.29,81.98,15.6,20.5,58758,-7.4,-39.0,0.231
2021-06-15T11:40:49.000,29.67,8.39,100.31,15.38,20.5,58759,-7.23,-39.0,0.231
2021-06-15T11:41:49.000,29.65,8.19,123.53,15.15,20.5,58760,-7.05,-39.0,0.231
2021-06-15T11:42:49.000,29.61,8.21,152.88,14.92,20.5,58761,-6.87,-39.0,0.231
2021-06-15T11:43:49.000,29.57,8.14,190.34,14.68,20.5,58762,-6.7,-39.0,0.231
2021-06-15T11:44:50.000,29.51,8.12,237.71,14.44,20.5,58763,-6.52,-39.0,0.231
2021-06-15T11:45:50.000,29.47,8.24,297.58,14.2,20.5,58764,-6.34,-39.0,0.231
2021-06-15T11:46:50.000,29.42,8.06,371.93,13.96,20.5,58765,-6.16,-39.0,0.231
2021-06-15T11:47:50.000,29.41,8.21,463.3,13.72,20.5,58766,-5.98,-39.0,0.231
2021-06-15T11:48:50.000,29.41,8.23,576.96,13.48,20.5,58767,-5.8,-39.0,0.231
2021-06-15T11:49:50.000,29.4,8.2,714.9,13.25,20.5,58768,-5.62,-39.0,0.231
2021-06-15T11:53:51.000,29.31,8.16,1653.91,12.34,20.5,58772,-4.9,-39.0,0.231
2021-06-15T11:55:51.000,29.28,8.02,2641.93,11.83,20.5,58774,-4.54,-39.0,0.232
2021-06-15T11:56:51.000,29.25,8.08,3362.82,11.57,20.5,58775,-4.36,-39.0,0.232
2021-06-15T11:57:52.000,29.24,8.13,4299.26,11.3,20.5,58776,-4.18,-39.0,0.232
2021-06-15T12:08:52.000,28.99,7.89,41266.16,8.84,20.5,58787,-2.17,-39.0,0.232
2021-06-15T12:09:53.000,28.98,7.85,48385.77,8.67,20.5,58788,-1.98,-39.0,0.232
2021-06-15T12:10:53.000,28.97,7.9,55628.25,8.52,20.5,58789,-1.8,-39.0,0.232
2021-06-15T12:11:53.000,28.97,7.86,44864.75,6.06,20.5,58790,-1.61,-39.0,0.232
2021-06-15T12:12:54.000,28.96,7.84,0.0,0.0,20.5,58791,-1.42,-39.0,0.233
2021-06-15T12:13:54.000,28.94,7.76,0.0,0.0,20.5,58792,-1.24,-39.0,0.233
2021-06-15T12:14:54.000,28.93,7.75,0.0,0.0,20.5,58793,-1.05,-39.0,0.233
2021-06-15T12:19:55.000,28.83,7.69,0.0,0.0,20.5,58798,-0.12,-38.0,0.233
2021-06-15T12:20:55.000,28.83,7.76,0.0,0.0,20.5,58799,0.07,-38.0,0.233
2021-06-15T12:21:55.000,28.82,7.68,0.0,0.0,20.5,58800,0.26,-38.0,0.233
2021-06-15T12:23:56.000,28.8,7.79,0.0,0.0,20.5,58802,0.63,-38.0,0.233
2021-06-15T12:24:57.000,28.8,7.76,0.0,0.0,20.5,58803,0.82,-38.0,0.233
2021-06-15T12:25:58.000,28.8,7.71,0.0,0.0,20.5,58804,1.02,-38.0,0.233
2021-06-15T12:26:58.000,28.82,7.8,0.0,0.0,20.5,58805,1.2,-38.0,0.233
2021-06-15T12:27:58.000,28.84,7.85,0.0,0.0,20.5,58806,1.39,-38.0,0.233
2021-06-15T12:28:59.000,28.86,7.87,0.0,0.0,20.5,58807,1.58,-38.0,0.234
2021-06-15T12:35:00.000,28.9,7.83,0.0,0.0,20.5,58813,2.72,-38.0,0.234
2021-06-15T12:36:00.000,28.9,7.86,0.0,0.0,20.5,58814,2.91,-37.0,0.234
2021-06-15T12:37:00.000,28.92,7.87,0.0,0.0,20.5,58815,3.1,-37.0,0.234
2021-06-15T12:38:00.000,28.93,7.83,0.0,0.0,20.5,58816,3.29,-37.0,0.234
2021-06-15T12:39:01.000,28.93,7.88,0.11,0.09,20.5,58817,3.49,-37.0,0.234
2021-06-15T12:40:01.000,28.94,7.9,0.0,0.0,20.5,58818,3.68,-37.0,0.234
2021-06-15T12:41:01.000,28.97,7.95,0.0,0.0,20.5,58819,3.87,-37.0,0.234
2021-06-15T12:42:01.000,28.99,7.99,0.0,0.0,20.5,58820,4.06,-37.0,0.234
2021-06-15T12:44:02.000,29.03,7.91,0.0,0.0,20.5,58822,4.45,-37.0,0.234
2021-06-15T12:45:02.000,29.07,7.95,0.0,0.0,20.5,58823,4.64,-37.0,0.234
2021-06-15T12:46:02.000,29.07,7.87,0.0,0.0,20.5,58824,4.83,-37.0,0.235
2021-06-15T12:48:03.000,29.11,7.94,0.0,0.0,20.5,58826,5.22,-37.0,0.235
2021-06-15T12:49:03.000,29.13,7.71,0.0,0.0,20.5,58827,5.41,-37.0,0.235
2021-06-15T12:50:03.000,29.12,7.38,0.0,0.0,20.5,58828,5.61,-36.0,0.235
2021-06-15T12:51:03.000,29.12,7.46,0.0,0.0,20.5,58829,5.8,-36.0,0.235
2021-06-15T12:52:03.000,29.12,7.59,0.0,0.0,20.5,58830,5.99,-36.0,0.235
2021-06-15T12:54:04.000,29.17,7.57,0.0,0.0,20.5,58832,6.38,-36.0,0.235
2021-06-15T12:55:04.000,29.19,7.62,0.0,0.0,20.5,58833,6.58,-36.0,0.235
2021-06-15T12:56:04.000,29.22,7.65,0.0,0.0,20.5,58834,6.77,-36.0,0.235
2021-06-15T12:57:05.000,29.26,7.64,0.0,0.0,20.5,58835,6.97,-36.0,0.235
2021-06-15T12:58:05.000,29.25,7.64,0.0,0.0,20.5,58836,7.16,-36.0,0.235
2021-06-15T13:02:06.000,29.37,7.79,0.0,0.0,20.5,58840,7.95,-36.0,0.236
2021-06-15T13:03:06.000,29.42,7.87,0.0,0.0,20.5,58841,8.14,-35.0,0.236
2021-06-15T13:04:06.000,29.44,7.87,0.0,0.0,20.5,58842,8.34,-35.0,0.236
2021-06-15T13:08:07.000,29.65,8.01,0.0,0.0,20.5,58846,9.12,-35.0,0.236
2021-06-15T13:09:07.000,29.69,8.03,0.0,0.0,20.5,58847,9.32,-35.0,0.236
2021-06-15T13:10:08.000,29.77,8.17,0.0,0.0,20.5,58848,9.52,-35.0,0.236
2021-06-15T13:12:09.000,30.04,8.33,0.0,0.0,20.5,58850,9.92,-35.0,0.236
2021-06-15T13:13:09.000,30.13,8.34,0.0,0.0,20.5,58851,10.11,-35.0,0.236
2021-06-15T13:14:09.000,30.19,8.32,0.0,0.0,20.5,58852,10.31,-34.0,0.236
2021-06-15T13:15:10.000,30.28,8.43,0.0,0.0,20.5,58853,10.51,-34.0,0.236
2021-06-15T13:25:11.000,30.88,8.49,0.0,0.0,20.5,58863,12.5,-33.0,0.237
2021-06-15T13:26:12.000,30.92,8.63,0.0,0.0,20.5,58864,12.7,-33.0,0.237
2021-06-15T13:28:12.000,31.05,8.89,0.0,0.0,20.5,58866,13.1,-33.0,0.237
2021-06-15T13:38:14.000,32.0,9.57,0.0,0.0,20.5,58876,15.1,-32.0,0.238
2021-06-15T13:39:14.000,32.09,9.71,0.0,0.0,20.5,58877,15.3,-32.0,0.238
2021-06-15T13:40:14.000,32.17,9.72,0.0,0.0,20.5,58878,15.51,-32.0,0.238
2021-06-15T13:41:14.000,32.24,9.82,0.0,0.0,20.5,58879,15.71,-32.0,0.238
2021-06-15T13:51:16.000,33.19,10.48,0.0,0.0,20.5,58889,17.73,-30.0,0.239
2021-06-15T13:52:17.000,33.29,10.57,0.0,0.0,20.5,58890,17.94,-30.0,0.239
2021-06-15T13:53:17.000,33.41,10.7,0.0,0.0,20.5,58891,18.14,-30.0,0.239
2021-06-15T13:57:18.000,33.79,10.91,0.0,0.0,20.5,58895,18.95,-30.0,0.239
2021-06-15T13:58:18.000,33.87,10.89,0.0,0.0,20.5,58896,19.16,-29.0,0.239
2021-06-15T13:59:18.000,33.95,10.8,0.0,0.0,20.5,58897,19.36,-29.0,0.239
2021-06-15T14:03:19.000,34.29,11.04,0.0,0.0,20.5,58901,20.18,-29.0,0.239
2021-06-15T14:05:19.000,34.49,11.18,0.0,0.0,20.5,58903,20.59,-29.0,0.239
2021-06-15T14:06:19.000,34.58,11.1,0.0,0.0,20.5,58904,20.79,-28.0,0.239
2021-06-15T14:07:20.000,34.66,11.3,0.0,0.0,20.5,58905,21.0,-28.0,0.24
2021-06-15T14:35:27.000,36.23,12.26,0.0,0.0,20.5,58933,26.78,-24.0,0.241
