Downloads/jupyter/ECSV/stars19/stars19_2020-02.ecsv
# %ECSV 1.0
# ---
# datatype:
# - {name: time, datatype: string}
# - {name: Enclosure Temperature, unit: deg_C, datatype: float64}
# - {name: Sky Temperature, unit: deg_C, datatype: float64}
# - {name: Frequency, unit: Hz, datatype: float64}
# - {name: MSAS, unit: mag / arcsec2, datatype: float64}
# - {name: ZP, datatype: float64}
# - {name: Sequence Number, datatype: int64}
# - {name: Sun Alt, unit: deg, datatype: float64}
# - {name: Moon Alt, unit: deg, datatype: float64}
# - {name: Moon Illumination, datatype: float64}
# delimiter: ','
# meta: !!omap
# - ida:
#     Data supplier: {affiliation: null, observer: null}
#     Device type: TESS-W
#     Field of view: 17.0
#     Filters per channel: None
#     Instrument ID: stars19
#     License: ODbL 1.0 http://opendatacommons.org/licenses/odbl/summary/
#     Local timezone: America/Phoenix
#     Location name: {country: '- Tucson', place: Tucson, region: United States, sub_region: Arizona, town: Pima County}
#     Measurement direction per channel: {azimuth: 0.0, zenital: 0.0}
#     Moving / Fixed look direction: FIXED
#     Moving / Stationary position: STATIONARY
#     Number of channels: 1
#     Number of fields per line: 8
#     Number of header lines: 35
#     Position: {height: 0.0, latitude: 32.223877, longitude: -110.767532}
#     TESS MAC address: 18:FE:34:CF:EC:06
#     TESS cover offset value: 0.0
#     TESS firmware version: '1.0'
#     TESS zero point: 20.5
#     Time Synchronization: timestamp added by MQTT subscriber
#     URL: http://www.darksky.org/NSBM/sdf1.0.pdf
# - __serialized_columns__:
#     Enclosure Temperature:
#       __class__: astropy.units.quantity.Quantity
#       unit: &id001 !astropy.units.Unit {unit: deg_C}
#       value: !astropy.table.SerializedColumn {name: Enclosure Temperature}
#     Frequency:
#       __class__: astropy.units.quantity.Quantity
#       unit: !astropy.units.Unit {unit: Hz}
#       value: !astropy.table.SerializedColumn {name: Frequency}
#     MSAS:
#       __class__: astropy.units.quantity.Quantity
#       unit: !astropy.units.Unit {unit: mag / arcsec2}
#       value: !astropy.table.SerializedColumn {name: MSAS}
#     Moon Alt:
#       __class__: astropy.units.quantity.Quantity
#       unit: &id002 !astropy.units.Unit {unit: deg}
#       value: !astropy.table.SerializedColumn {name: Moon Alt}
#     Sky Temperature:
#       __class__: astropy.units.quantity.Quantity
#       unit: *id001
#       value: !astropy.table.SerializedColumn {name: Sky Temperature}
#     Sun Alt:
#       __class__: astropy.units.quantity.Quantity
#       unit: *id002
#       value: !astropy.table.SerializedColumn {name: Sun Alt}
#     time:
#       __class__: astropy.time.core.Time
#       format: isot
#       in_subfmt: '*'
#       out_subfmt: '*'
#       precision: 3
#       scale: utc
#       value: !astropy.table.SerializedColumn {name: time}
# schema: astropy-2.0
time,Enclosure Temperature,Sky Temperature,Frequency,MSAS,ZP,Sequence Number,Sun Alt,Moon Alt,Moon Illumination
[from data line 14947]
2020-02-17T12:48:52.000,10.45,-11.42,1.23,20.15,20.5,298625,-16.51,29.0,0.331
2020-02-17T12:49:52.000,10.39,-11.43,1.24,20.15,20.5,298626,-16.3,29.0,0.331
2020-02-17T12:50:53.000,10.38,-11.34,1.24,20.14,20.5,298627,-16.09,29.0,0.331
2020-02-17T12:51:53.000,10.35,-11.36,1.25,20.14,20.5,298628,-15.88,29.0,0.331
2020-02-17T12:52:53.000,10.3,-11.32,1.25,20.14,20.5,298629,-15.67,29.0,0.331
2020-02-17T12:53:55.000,10.26,-11.32,1.26,20.13,20.5,298630,-15.45,29.0,0.331
2020-02-17T13:00:57.000,10.11,-11.15,1.35,20.05,20.5,298637,-13.96,30.0,0.33
2020-02-17T13:01:58.000,10.09,-11.12,1.38,20.03,20.5,298638,-13.75,30.0,0.33
2020-02-17T13:02:58.000,10.1,-11.09,1.41,20.01,20.5,298639,-13.54,30.0,0.33
2020-02-17T13:03:59.000,10.1,-11.1,1.44,19.98,20.5,298640,-13.33,30.0,0.33
2020-02-17T13:04:59.000,10.09,-11.09,1.48,19.95,20.5,298641,-13.12,31.0,0.33
2020-02-17T13:05:59.000,10.1,-11.07,1.53,19.92,20.5,298642,-12.91,31.0,0.33
2020-02-17T13:06:59.000,10.09,-11.1,1.59,19.88,20.5,298643,-12.7,31.0,0.33
2020-02-17T13:16:00.000,10.19,-11.53,3.2,19.12,20.5,298652,-10.8,32.0,0.329
2020-02-17T13:19:00.000,10.28,-11.43,4.6,18.72,20.5,298655,-10.17,32.0,0.329
2020-02-17T13:20:00.000,10.23,-11.55,5.28,18.57,20.5,298656,-9.96,32.0,0.329
2020-02-17T13:23:01.000,10.19,-11.48,8.36,18.08,20.5,298659,-9.33,32.0,0.329
2020-02-17T13:24:01.000,10.18,-11.42,9.87,17.9,20.5,298660,-9.12,32.0,0.329
2020-02-17T13:25:01.000,10.14,-11.54,11.72,17.71,20.5,298661,-8.91,32.0,0.329
2020-02-17T13:27:02.000,10.06,-11.48,17.25,17.29,20.5,298663,-8.49,32.0,0.329
2020-02-17T13:28:02.000,10.02,-11.57,21.12,17.07,20.5,298664,-8.28,33.0,0.328
2020-02-17T13:29:02.000,10.01,-11.63,26.13,16.84,20.5,298665,-8.07,33.0,0.328
2020-02-17T13:30:03.000,10.31,-11.7,32.89,16.59,20.5,298666,-7.86,33.0,0.328
2020-02-17T13:31:03.000,10.64,-11.63,41.45,16.34,20.5,298667,-7.65,33.0,0.328
2020-02-17T13:32:03.000,10.8,-11.69,50.74,16.12,20.5,298668,-7.44,33.0,0.328
2020-02-17T13:33:03.000,10.86,-11.57,68.05,15.8,20.5,298669,-7.23,33.0,0.328
2020-02-17T13:34:03.000,10.8,-11.78,88.57,15.52,20.5,298670,-7.03,33.0,0.328
2020-02-17T13:35:04.000,10.72,-11.64,116.16,15.22,20.5,298671,-6.81,33.0,0.328
2020-02-17T13:36:04.000,10.63,-11.48,153.35,14.92,20.5,298672,-6.6,33.0,0.328
2020-02-17T13:37:04.000,10.56,-11.53,202.09,14.62,20.5,298673,-6.4,33.0,0.328
2020-02-17T13:38:04.000,10.46,-11.58,266.04,14.32,20.5,298674,-6.19,33.0,0.328
2020-02-17T13:39:05.000,10.37,-11.64,349.46,14.02,20.5,298675,-5.98,33.0,0.328
2020-02-17T13:40:05.000,10.27,-11.58,458.84,13.73,20.5,298676,-5.77,33.0,0.328
2020-02-17T13:41:06.000,10.16,-11.78,601.33,13.44,20.5,298677,-5.56,33.0,0.328
2020-02-17T13:42:06.000,10.02,-11.76,784.93,13.15,20.5,298678,-5.35,33.0,0.328
2020-02-17T13:43:06.000,9.91,-11.68,1016.97,12.86,20.5,298679,-5.14,34.0,0.327
2020-02-17T13:44:06.000,9.82,-11.71,1312.13,12.59,20.5,298680,-4.93,34.0,0.327
2020-02-17T13:45:07.000,9.73,-11.64,1690.29,12.31,20.5,298681,-4.72,34.0,0.327
2020-02-17T13:46:07.000,9.68,-11.65,2168.74,12.04,20.5,298682,-4.52,34.0,0.327
2020-02-17T13:47:07.000,9.64,-11.61,2774.4,11.77,20.5,298683,-4.31,34.0,0.327
2020-02-17T13:48:07.000,9.59,-11.71,3545.24,11.51,20.5,298684,-4.1,34.0,0.327
2020-02-17T13:49:07.000,9.55,-11.75,4510.83,11.25,20.5,298685,-3.89,34.0,0.327
2020-02-17T13:50:08.000,9.52,-11.64,5724.36,10.99,20.5,298686,-3.68,34.0,0.327
2020-02-17T13:51:08.000,9.52,-11.66,7246.94,10.73,20.5,298687,-3.48,34.0,0.327
2020-02-17T13:52:08.000,9.49,-11.7,9139.62,10.48,20.5,298688,-3.27,34.0,0.327
2020-02-17T13:53:08.000,9.47,-11.65,11468.29,10.23,20.5,298689,-3.06,34.0,0.327
2020-02-17T13:54:09.000,9.43,-11.73,14278.74,10.0,20.5,298690,-2.85,34.0,0.327
2020-02-17T13:55:09.000,9.39,-11.81,17651.2,9.77,20.5,298691,-2.65,34.0,0.327
2020-02-17T13:56:09.000,9.37,-11.8,21633.84,9.54,20.5,298692,-2.44,34.0,0.327
2020-02-17T13:59:10.000,9.29,-11.96,36423.91,9.05,20.5,298695,-1.82,34.0,0.326
2020-02-17T14:02:11.000,9.27,-11.85,56587.49,8.5,20.5,298698,-1.2,35.0,0.326
2020-02-17T14:03:12.000,9.26,-11.82,40350.27,5.41,20.5,298699,-0.99,35.0,0.326
2020-02-17T14:04:12.000,9.25,-11.83,0.0,0.0,20.5,298700,-0.78,35.0,0.326
2020-02-17T14:05:12.000,9.24,-11.89,0.0,0.0,20.5,298701,-0.57,35.0,0.326
2020-02-17T14:06:12.000,9.23,-11.88,0.0,0.0,20.5,298702,-0.37,35.0,0.326
2020-02-17T14:14:14.000,9.06,-11.97,0.0,0.0,20.5,298710,1.28,35.0,0.325
2020-02-17T14:15:14.000,9.04,-11.97,0.0,0.0,20.5,298711,1.48,35.0,0.325
2020-02-17T14:16:14.000,9.05,-11.89,0.0,0.0,20.5,298712,1.68,35.0,0.325
2020-02-17T14:24:42.000,8.98,-11.86,0.0,0.0,20.5,298720,3.41,35.0,0.325
2020-02-17T14:25:42.000,8.99,-11.87,0.0,0.0,20.5,298721,3.61,35.0,0.325
2020-02-17T14:26:43.000,9.02,-11.83,0.0,0.0,20.5,298722,3.82,35.0,0.324
2020-02-17T14:31:44.000,9.14,-11.76,0.0,0.0,20.5,298727,4.83,35.0,0.324
2020-02-17T14:32:44.000,9.18,-11.83,0.0,0.0,20.5,298728,5.03,35.0,0.324
2020-02-17T14:33:44.000,9.19,-11.81,0.0,0.0,20.5,298729,5.23,35.0,0.324
2020-02-17T14:34:45.000,9.21,-11.73,0.0,0.0,20.5,298730,5.44,36.0,0.324
2020-02-17T14:35:45.000,9.27,-11.73,0.35,0.18,20.5,298731,5.64,36.0,0.324
2020-02-17T14:36:45.000,9.29,-11.8,0.0,0.0,20.5,298732,5.84,36.0,0.324
2020-02-17T14:38:46.000,9.37,-11.65,0.0,0.0,20.5,298734,6.25,36.0,0.324
2020-02-17T14:39:46.000,9.41,-11.67,0.0,0.0,20.5,298735,6.45,36.0,0.324
2020-02-17T14:40:46.000,9.46,-11.57,0.0,0.0,20.5,298736,6.65,36.0,0.323
2020-02-17T14:41:47.000,9.5,-11.62,0.17,0.1,20.5,298737,6.85,36.0,0.323
2020-02-17T14:42:47.000,9.53,-11.57,0.0,0.0,20.5,298738,7.05,36.0,0.323
2020-02-17T14:43:47.000,9.56,-11.58,0.0,0.0,20.5,298739,7.25,36.0,0.323
2020-02-17T14:44:47.000,9.58,-11.6,0.0,0.0,20.5,298740,7.45,36.0,0.323
2020-02-17T14:50:49.000,9.74,-11.5,0.0,0.0,20.5,298746,8.65,36.0,0.323
2020-02-17T14:51:49.000,9.79,-11.47,0.0,0.0,20.5,298747,8.85,36.0,0.323
2020-02-17T14:52:49.000,9.83,-11.49,0.0,0.0,20.5,298748,9.05,36.0,0.323
2020-02-17T14:55:50.000,9.99,-11.39,0.0,0.0,20.5,298751,9.65,36.0,0.322
2020-02-17T14:56:50.000,10.04,-11.43,0.0,0.0,20.5,298752,9.84,36.0,0.322
2020-02-17T14:57:50.000,10.08,-11.54,0.0,0.0,20.5,298753,10.04,36.0,0.322
2020-02-17T15:43:02.000,12.07,-9.85,0.0,0.0,20.5,298798,18.73,34.0,0.319
2020-02-17T15:44:03.000,12.16,-9.84,0.0,0.0,20.5,298799,18.92,34.0,0.319
2020-02-17T15:45:03.000,12.25,-9.75,0.0,0.0,20.5,298800,19.11,34.0,0.319
2020-02-17T15:53:04.000,13.02,-9.11,0.0,0.0,20.5,298808,20.59,33.0,0.319
2020-02-17T15:56:04.000,13.21,-8.82,0.0,0.0,20.5,298811,21.14,33.0,0.318
2020-02-17T15:59:05.000,13.6,-8.46,0.0,0.0,20.5,298814,21.68,33.0,0.318
2020-02-17T16:00:05.000,13.72,-8.37,0.0,0.0,20.5,298815,21.87,33.0,0.318
2020-02-17T16:01:05.000,13.78,-8.36,0.0,0.0,20.5,298816,22.05,33.0,0.318
2020-02-17T16:02:06.000,13.88,-8.15,0.0,0.0,20.5,298817,22.23,33.0,0.318
2020-02-17T16:03:07.000,13.91,-8.25,0.0,0.0,20.5,298818,22.41,33.0,0.318
2020-02-17T16:06:07.000,14.26,-7.69,0.0,0.0,20.5,298821,22.95,33.0,0.318
2020-02-17T16:10:08.000,14.66,-7.29,0.0,0.0,20.5,298825,23.67,32.0,0.317
2020-02-17T16:12:08.000,14.89,-7.09,0.0,0.0,20.5,298827,24.02,32.0,0.317
2020-02-17T16:13:08.000,14.99,-6.82,0.0,0.0,20.5,298828,24.2,32.0,0.317
2020-02-17T16:14:09.000,15.13,-6.71,0.0,0.0,20.5,298829,24.38,32.0,0.317
2020-02-17T16:15:09.000,15.25,-6.58,0.0,0.0,20.5,298830,24.55,32.0,0.317
2020-02-17T16:16:09.000,15.37,-6.43,0.0,0.0,20.5,298831,24.73,32.0,0.317
2020-02-17T16:18:10.000,15.58,-6.23,0.0,0.0,20.5,298833,25.08,32.0,0.317
2020-02-17T16:19:10.000,15.74,-6.04,0.0,0.0,20.5,298834,25.26,32.0,0.317
2020-02-17T16:20:11.000,15.84,-6.0,0.0,0.0,20.5,298835,25.43,31.0,0.317
2020-02-17T16:48:19.000,19.69,-1.59,0.0,0.0,20.5,298863,30.15,29.0,0.315
2020-02-17T16:49:19.000,19.79,-1.65,0.0,0.0,20.5,298864,30.31,29.0,0.315
2020-02-17T16:50:20.000,19.9,-1.25,0.0,0.0,20.5,298865,30.47,28.0,0.315
2020-02-17T16:53:22.000,20.39,-0.75,0.0,0.0,20.5,298868,30.95,28.0,0.314
2020-02-17T16:54:23.000,20.58,-0.72,0.0,0.0,20.5,298869,31.11,28.0,0.314
2020-02-17T16:55:24.000,20.73,-0.53,0.0,0.0,20.5,298870,31.27,28.0,0.314
2020-02-17T16:56:24.000,20.94,-0.22,0.0,0.0,20.5,298871,31.43,28.0,0.314
2020-02-17T16:57:25.000,21.18,-0.01,0.0,0.0,20.5,298872,31.59,28.0,0.314
2020-02-17T16:58:25.000,21.43,0.12,0.0,0.0,20.5,298873,31.74,28.0,0.314
2020-02-17T17:01:26.000,21.92,0.27,0.0,0.0,20.5,298876,32.21,27.0,0.314
2020-02-17T17:04:27.000,22.46,0.78,0.0,0.0,20.5,298879,32.67,27.0,0.314
2020-02-17T17:07:28.000,22.92,1.22,0.0,0.0,20.5,298882,33.13,27.0,0.313
2020-02-17T17:08:28.000,23.24,1.42,0.0,0.0,20.5,298883,33.28,26.0,0.313
2020-02-17T17:09:28.000,23.48,1.22,0.0,0.0,20.5,298884,33.43,26.0,0.313
2020-02-17T17:14:30.000,24.26,1.42,0.0,0.0,20.5,298889,34.17,26.0,0.313
2020-02-17T17:15:30.000,24.35,1.5,0.0,0.0,20.5,298890,34.31,26.0,0.313
2020-02-17T17:16:30.000,24.5,1.59,0.0,0.0,20.5,298891,34.46,25.0,0.313
2020-02-17T17:18:30.000,24.68,1.61,0.0,0.0,20.5,298893,34.75,25.0,0.313
2020-02-17T17:20:31.000,25.06,2.0,0.0,0.0,20.5,298895,35.03,25.0,0.313
2020-02-17T17:25:32.000,25.61,2.55,0.0,0.0,20.5,298900,35.74,24.0,0.312
2020-02-17T17:26:32.000,26.2,4.17,0.0,0.0,20.5,298901,35.88,24.0,0.312
2020-02-17T17:33:35.000,34.32,6.16,0.0,0.0,20.5,298908,36.83,23.0,0.312
2020-02-17T17:34:36.000,34.96,6.11,0.0,0.0,20.5,298909,36.97,23.0,0.312
2020-02-17T17:35:37.000,35.4,6.11,0.0,0.0,20.5,298910,37.1,23.0,0.312
2020-02-17T17:37:38.000,36.55,6.69,0.0,0.0,20.5,298912,37.36,23.0,0.311
2020-02-17T17:38:38.000,37.21,6.49,0.0,0.0,20.5,298913,37.49,23.0,0.311
2020-02-17T17:45:39.000,39.83,7.16,0.0,0.0,20.5,298920,38.38,22.0,0.311
2020-02-17T17:48:40.000,41.27,6.74,0.0,0.0,20.5,298923,38.75,21.0,0.311
2020-02-17T17:49:40.000,41.57,6.82,0.0,0.0,20.5,298924,38.87,21.0,0.311
2020-02-17T17:50:40.000,41.91,6.92,0.0,0.0,20.5,298925,38.99,21.0,0.311
2020-02-17T17:55:43.000,42.8,6.57,0.0,0.0,20.5,298930,39.58,20.0,0.31
2020-02-17T17:56:43.000,43.02,6.86,0.0,0.0,20.5,298931,39.7,20.0,0.31
2020-02-17T17:57:44.000,43.26,7.2,0.0,0.0,20.5,298932,39.81,20.0,0.31
2020-02-17T17:59:45.000,43.43,5.53,0.0,0.0,20.5,298934,40.04,20.0,0.31
2020-02-17T18:01:46.000,43.58,6.89,0.0,0.0,20.5,298936,40.26,19.0,0.31
2020-02-17T18:02:46.000,43.84,7.23,0.0,0.0,20.5,298937,40.37,19.0,0.31
2020-02-17T18:03:46.000,44.08,6.67,0.0,0.0,20.5,298938,40.48,19.0,0.31
2020-02-17T18:18:55.000,45.75,7.61,0.0,0.0,20.5,298953,42.0,17.0,0.309
2020-02-17T18:19:55.000,45.81,6.87,0.0,0.0,20.5,298954,42.1,16.0,0.309
2020-02-17T18:20:56.000,45.99,7.95,0.0,0.0,20.5,298955,42.19,16.0,0.308
2020-02-17T18:26:57.000,46.65,6.63,0.0,0.0,20.5,298961,42.72,15.0,0.308
2020-02-17T18:27:57.000,46.35,6.4,0.0,0.0,20.5,298962,42.81,15.0,0.308
2020-02-17T18:28:57.000,46.35,7.51,0.0,0.0,20.5,298963,42.89,15.0,0.308
2020-02-17T18:36:00.000,46.97,7.27,0.0,0.0,20.5,298970,43.45,14.0,0.307
2020-02-17T18:37:00.000,47.14,7.64,0.0,0.0,20.5,298971,43.52,14.0,0.307
2020-02-17T18:38:00.000,47.31,7.77,0.0,0.0,20.5,298972,43.6,14.0,0.307
2020-02-17T18:45:02.000,47.35,7.03,0.0,0.0,20.5,298979,44.08,12.0,0.307
2020-02-17T18:46:02.000,47.23,6.47,0.0,0.0,20.5,298980,44.15,12.0,0.307
2020-02-17T18:47:03.000,47.06,6.61,0.0,0.0,20.5,298981,44.21,12.0,0.307
2020-02-17T18:50:04.000,46.45,6.69,0.0,0.0,20.5,298984,44.39,12.0,0.307
2020-02-17T18:51:05.000,46.25,6.0,0.0,0.0,20.5,298985,44.45,11.0,0.306
2020-02-17T18:52:05.000,46.26,7.3,0.0,0.0,20.5,298986,44.51,11.0,0.306
2020-02-17T18:55:06.000,46.83,6.73,0.0,0.0,20.5,298989,44.68,11.0,0.306
2020-02-17T18:56:06.000,46.95,6.9,0.0,0.0,20.5,298990,44.73,11.0,0.306
2020-02-17T18:57:07.000,47.04,6.76,0.0,0.0,20.5,298991,44.78,10.0,0.306
2020-02-17T19:15:14.000,47.25,6.99,0.0,0.0,20.5,299009,45.5,7.0,0.305
2020-02-17T19:16:14.000,47.48,7.86,0.0,0.0,20.5,299010,45.53,7.0,0.305
2020-02-17T19:17:15.000,47.7,7.4,0.0,0.0,20.5,299011,45.56,7.0,0.305
2020-02-17T19:19:16.000,48.05,7.29,0.0,0.0,20.5,299013,45.61,7.0,0.305
2020-02-17T19:20:17.000,48.12,6.82,0.0,0.0,20.5,299014,45.63,6.0,0.304
2020-02-17T19:22:17.000,48.15,7.06,0.0,0.0,20.5,299016,45.67,6.0,0.304
2020-02-17T19:23:18.000,48.19,6.69,0.0,0.0,20.5,299017,45.69,6.0,0.304
2020-02-17T19:24:18.000,48.37,7.29,0.0,0.0,20.5,299018,45.71,6.0,0.304
2020-02-17T19:40:25.000,49.23,6.95,0.0,0.0,20.5,299034,45.81,3.0,0.303
2020-02-17T19:41:26.000,49.44,6.5,0.0,0.0,20.5,299035,45.8,3.0,0.303
2020-02-17T19:42:26.000,49.55,6.45,0.0,0.0,20.5,299036,45.8,3.0,0.303
2020-02-17T19:44:27.000,49.46,5.25,0.0,0.0,20.5,299038,45.78,2.0,0.303
2020-02-17T19:45:27.000,49.23,5.5,0.0,0.0,20.5,299039,45.77,2.0,0.303
2020-02-17T19:46:28.000,49.1,5.61,0.0,0.0,20.5,299040,45.76,2.0,0.303
2020-02-17T20:05:36.000,46.92,3.98,0.0,0.0,20.5,299059,45.3,-2.0,0.301
2020-02-17T20:06:37.000,46.86,5.8,0.0,0.0,20.5,299060,45.26,-2.0,0.301
2020-02-17T20:07:37.000,47.12,6.25,0.0,0.0,20.5,299061,45.22,-2.0,0.301
2020-02-17T20:09:39.000,47.46,5.8,0.0,0.0,20.5,299063,45.14,-2.0,0.301
2020-02-17T20:10:39.000,47.49,5.78,0.0,0.0,20.5,299064,45.1,-3.0,0.301
2020-02-17T20:12:40.000,47.41,5.16,0.0,0.0,20.5,299066,45.01,-3.0,0.301
2020-02-17T20:13:41.000,47.67,6.6,0.0,0.0,20.5,299067,44.96,-3.0,0.301
2020-02-17T20:14:41.000,47.89,5.15,0.0,0.0,20.5,299068,44.92,-3.0,0.301
2020-02-17T20:16:42.000,47.51,5.1,0.0,0.0,20.5,299070,44.82,-4.0,0.301
2020-02-17T20:17:42.000,47.43,4.68,0.0,0.0,20.5,299071,44.77,-4.0,0.301
2020-02-17T20:18:42.000,46.93,4.88,0.0,0.0,20.5,299072,44.72,-4.0,0.301
2020-02-17T20:20:43.000,47.23,5.36,0.0,0.0,20.5,299074,44.61,-5.0,0.3
2020-02-17T20:21:44.000,46.86,5.03,0.0,0.0,20.5,299075,44.55,-5.0,0.3
2020-02-17T20:22:44.000,46.44,4.49,0.0,0.0,20.5,299076,44.49,-5.0,0.3
2020-02-17T20:24:44.000,46.28,4.53,0.0,0.0,20.5,299078,44.38,-5.0,0.3
2020-02-17T20:25:45.000,46.38,6.04,0.0,0.0,20.5,299079,44.32,-5.0,0.3
2020-02-17T20:26:46.000,46.71,6.24,0.0,0.0,20.5,299080,44.25,-6.0,0.3
2020-02-17T20:33:48.000,46.16,3.21,0.0,0.0,20.5,299087,43.79,-7.0,0.3
2020-02-17T20:34:48.000,45.9,3.9,0.0,0.0,20.5,299088,43.72,-7.0,0.299
2020-02-17T20:35:49.000,45.71,4.01,0.0,0.0,20.5,299089,43.65,-7.0,0.299
2020-02-17T20:38:50.000,45.94,4.89,0.0,0.0,20.5,299092,43.42,-8.0,0.299
2020-02-17T20:39:50.000,46.08,5.22,0.0,0.0,20.5,299093,43.35,-8.0,0.299
2020-02-17T20:40:51.000,46.33,4.6,0.0,0.0,20.5,299094,43.27,-8.0,0.299
2020-02-17T20:42:52.000,46.26,4.86,0.0,0.0,20.5,299096,43.11,-9.0,0.299
2020-02-17T20:43:52.000,46.53,5.19,0.0,0.0,20.5,299097,43.03,-9.0,0.299
2020-02-17T20:46:53.000,46.56,4.61,0.0,0.0,20.5,299100,42.78,-9.0,0.299
2020-02-17T20:47:54.000,46.82,5.14,0.0,0.0,20.5,299101,42.69,-10.0,0.299
2020-02-17T20:48:54.000,47.08,4.83,0.0,0.0,20.5,299102,42.61,-10.0,0.299
2020-02-17T21:08:02.000,46.76,4.36,0.0,0.0,20.5,299121,40.77,-14.0,0.297
2020-02-17T21:09:02.000,46.96,3.85,0.0,0.0,20.5,299122,40.66,-14.0,0.297
2020-02-17T21:10:02.000,46.94,3.05,0.0,0.0,20.5,299123,40.56,-14.0,0.297
2020-02-17T21:13:03.000,46.59,3.87,0.0,0.0,20.5,299126,40.23,-15.0,0.297
2020-02-17T21:16:05.000,46.59,3.45,0.0,0.0,20.5,299129,39.89,-15.0,0.297
2020-02-17T21:17:05.000,46.1,1.5,0.0,0.0,20.5,299130,39.78,-15.0,0.297
2020-02-17T21:18:06.000,45.78,4.2,0.0,0.0,20.5,299131,39.66,-15.0,0.297
2020-02-17T21:22:07.000,46.19,3.77,0.0,0.0,20.5,299135,39.19,-16.0,0.296
2020-02-17T21:23:10.000,46.08,2.56,0.0,0.0,20.5,299136,39.07,-16.0,0.296
2020-02-17T21:24:10.000,45.48,2.35,0.0,0.0,20.5,299137,38.95,-17.0,0.296
2020-02-17T21:27:11.000,44.9,4.97,0.0,0.0,20.5,299140,38.59,-17.0,0.296
2020-02-17T21:28:12.000,45.2,4.86,0.0,0.0,20.5,299141,38.46,-17.0,0.296
2020-02-17T21:31:14.000,45.38,3.66,0.0,0.0,20.5,299144,38.08,-18.0,0.296
2020-02-17T21:32:14.000,45.45,3.23,0.0,0.0,20.5,299145,37.96,-18.0,0.296
2020-02-17T21:36:16.000,45.47,1.47,0.0,0.0,20.5,299149,37.44,-19.0,0.295
2020-02-17T21:38:17.000,45.16,2.54,0.0,0.0,20.5,299151,37.18,-19.0,0.295
2020-02-17T21:39:18.000,44.94,2.63,0.0,0.0,20.5,299152,37.05,-20.0,0.295
2020-02-17T21:40:18.000,44.98,2.72,0.0,0.0,20.5,299153,36.92,-20.0,0.295
2020-02-17T21:42:19.000,45.22,3.27,0.0,0.0,20.5,299155,36.65,-20.0,0.295
2020-02-17T21:43:20.000,45.31,2.62,0.0,0.0,20.5,299156,36.51,-20.0,0.295
