Downloads/jupyter/ECSV/stars19/stars19_2021-03.ecsv
# %ECSV 1.0
# ---
# datatype:
# - {name: time, datatype: string}
# - {name: Enclosure Temperature, unit: deg_C, datatype: float64}
# - {name: Sky Temperature, unit: deg_C, datatype: float64}
# - {name: Frequency, unit: Hz, datatype: float64}
# - {name: MSAS, unit: mag / arcsec2, datatype: float64}
# - {name: ZP, datatype: float64}
# - {name: Sequence Number, datatype: int64}
# - {name: Sun Alt, unit: deg, datatype: float64}
# - {name: Moon Alt, unit: deg, datatype: float64}
# - {name: Moon Illumination, datatype: float64}
# delimiter: ','
# meta: !!omap
# - ida:
#     Data supplier: {affiliation: null, observer: null}
#     Device type: TESS-W
#     Field of view: 17.0
#     Filters per channel: None
#     Instrument ID: stars19
#     License: ODbL 1.0 http://opendatacommons.org/licenses/odbl/summary/
#     Local timezone: America/Phoenix
#     Location name: {country: '- Tucson', place: Tucson, region: United States, sub_region: Arizona, town: Pima County}
#     Measurement direction per channel: {azimuth: 0.0, zenital: 0.0}
#     Moving / Fixed look direction: FIXED
#     Moving / Stationary position: STATIONARY
#     Number of channels: 1
#     Number of fields per line: 8
#     Number of header lines: 35
#     Position: {height: 0.0, latitude: 32.223877, longitude: -110.767532}
#     TESS MAC address: 18:FE:34:CF:EC:06
#     TESS cover offset value: 0.0
#     TESS firmware version: '1.0'
#     TESS zero point: 20.5
#     Time Synchronization: timestamp added by MQTT subscriber
#     URL: http://www.darksky.org/NSBM/sdf1.0.pdf
# - __serialized_columns__:
#     Enclosure Temperature:
#       __class__: astropy.units.quantity.Quantity
#       unit: &id001 !astropy.units.Unit {unit: deg_C}
#       value: !astropy.table.SerializedColumn {name: Enclosure Temperature}
#     Frequency:
#       __class__: astropy.units.quantity.Quantity
#       unit: !astropy.units.Unit {unit: Hz}
#       value: !astropy.table.SerializedColumn {name: Frequency}
#     MSAS:
#       __class__: astropy.units.quantity.Quantity
#       unit: !astropy.units.Unit {unit: mag / arcsec2}
#       value: !astropy.table.SerializedColumn {name: MSAS}
#     Moon Alt:
#       __class__: astropy.units.quantity.Quantity
#       unit: &id002 !astropy.units.Unit {unit: deg}
#       value: !astropy.table.SerializedColumn {name: Moon Alt}
#     Sky Temperature:
#       __class__: astropy.units.quantity.Quantity
#       unit: *id001
#       value: !astropy.table.SerializedColumn {name: Sky Temperature}
#     Sun Alt:
#       __class__: astropy.units.quantity.Quantity
#       unit: *id002
#       value: !astropy.table.SerializedColumn {name: Sun Alt}
#     time:
#       __class__: astropy.time.core.Time
#       format: isot
#       in_subfmt: '*'
#       out_subfmt: '*'
#       precision: 3
#       scale: utc
#       value: !astropy.table.SerializedColumn {name: time}
# schema: astropy-2.0
time,Enclosure Temperature,Sky Temperature,Frequency,MSAS,ZP,Sequence Number,Sun Alt,Moon Alt,Moon Illumination
[from data line 17588]
2021-03-23T16:55:07.000,34.9,3.14,0.0,0.0,20.5,79459,42.3,-30.0,0.704
2021-03-23T17:01:08.000,35.72,2.83,0.0,0.0,20.5,79465,43.37,-29.0,0.705
2021-03-23T17:02:08.000,35.8,3.69,0.0,0.0,20.5,79466,43.55,-29.0,0.705
2021-03-23T17:03:09.000,36.28,4.21,0.0,0.0,20.5,79467,43.72,-29.0,0.705
2021-03-23T17:06:09.000,37.11,3.0,0.0,0.0,20.5,79470,44.24,-29.0,0.705
2021-03-23T17:07:09.000,37.15,3.88,0.0,0.0,20.5,79471,44.42,-29.0,0.705
2021-03-23T17:08:10.000,37.32,3.91,0.0,0.0,20.5,79472,44.59,-29.0,0.705
2021-03-23T17:11:10.000,37.99,4.61,0.0,0.0,20.5,79475,45.11,-28.0,0.705
2021-03-23T17:12:11.000,38.17,3.5,0.0,0.0,20.5,79476,45.28,-28.0,0.705
2021-03-23T17:13:11.000,37.77,1.29,0.0,0.0,20.5,79477,45.45,-28.0,0.705
2021-03-23T17:14:11.000,36.86,0.98,0.0,0.0,20.5,79478,45.62,-28.0,0.705
2021-03-23T17:15:11.000,36.18,1.29,0.0,0.0,20.5,79479,45.79,-28.0,0.706
2021-03-23T17:17:12.000,36.04,1.49,0.0,0.0,20.5,79481,46.12,-28.0,0.706
2021-03-23T17:18:12.000,35.99,3.2,0.0,0.0,20.5,79482,46.29,-28.0,0.706
2021-03-23T17:19:12.000,36.39,4.02,0.0,0.0,20.5,79483,46.46,-28.0,0.706
2021-03-23T17:31:19.000,38.11,5.03,0.0,0.0,20.5,79495,48.41,-26.0,0.707
2021-03-23T17:32:19.000,38.4,3.46,0.0,0.0,20.5,79496,48.57,-26.0,0.707
2021-03-23T17:33:19.000,38.44,4.22,0.0,0.0,20.5,79497,48.73,-26.0,0.707
2021-03-23T17:35:20.000,39.12,4.94,0.0,0.0,20.5,79499,49.04,-26.0,0.707
2021-03-23T17:36:20.000,39.42,4.54,0.0,0.0,20.5,79500,49.19,-26.0,0.707
2021-03-23T17:37:20.000,39.33,2.79,0.0,0.0,20.5,79501,49.35,-26.0,0.707
2021-03-23T18:02:31.000,40.42,4.54,0.0,0.0,20.5,79526,52.92,-23.0,0.709
2021-03-23T18:03:32.000,40.64,4.04,0.0,0.0,20.5,79527,53.06,-22.0,0.709
2021-03-23T18:04:32.000,40.78,4.92,0.0,0.0,20.5,79528,53.18,-22.0,0.709
2021-03-23T18:07:32.000,40.82,5.21,0.0,0.0,20.5,79531,53.56,-22.0,0.709
2021-03-23T18:08:33.000,41.16,5.6,0.0,0.0,20.5,79532,53.69,-22.0,0.709
2021-03-23T18:10:33.000,41.78,6.08,0.0,0.0,20.5,79534,53.94,-22.0,0.709
2021-03-23T18:12:34.000,42.16,4.59,0.0,0.0,20.5,79536,54.18,-21.0,0.709
2021-03-23T18:13:34.000,42.26,5.29,0.0,0.0,20.5,79537,54.3,-21.0,0.709
2021-03-23T18:14:34.000,42.55,5.44,0.0,0.0,20.5,79538,54.42,-21.0,0.709
2021-03-23T18:22:36.000,42.93,5.93,0.0,0.0,20.5,79546,55.32,-20.0,0.71
2021-03-23T18:23:36.000,43.04,4.47,0.0,0.0,20.5,79547,55.42,-20.0,0.71
2021-03-23T18:24:36.000,42.96,4.16,0.0,0.0,20.5,79548,55.53,-20.0,0.71
2021-03-23T18:26:36.000,42.36,1.99,0.0,0.0,20.5,79550,55.73,-19.0,0.71
2021-03-23T18:30:37.000,42.33,4.43,0.0,0.0,20.5,79554,56.13,-19.0,0.71
2021-03-23T18:31:37.000,42.19,6.2,0.0,0.0,20.5,79555,56.23,-19.0,0.711
2021-03-23T18:32:38.000,42.39,5.88,0.0,0.0,20.5,79556,56.33,-18.0,0.711
2021-03-23T18:33:38.000,41.95,4.51,0.0,0.0,20.5,79557,56.42,-18.0,0.711
2021-03-23T18:34:38.000,40.74,2.09,0.0,0.0,20.5,79558,56.51,-18.0,0.711
2021-03-23T18:35:38.000,39.4,4.3,0.0,0.0,20.5,79559,56.6,-18.0,0.711
2021-03-23T18:53:41.000,32.42,9.89,0.0,0.0,20.5,79577,57.98,-15.0,0.712
2021-03-23T18:54:41.000,32.49,8.35,0.0,0.0,20.5,79578,58.04,-15.0,0.712
2021-03-23T18:55:41.000,32.43,8.49,0.0,0.0,20.5,79579,58.1,-15.0,0.712
2021-03-23T18:56:41.000,32.22,7.81,0.0,0.0,20.5,79580,58.16,-15.0,0.712
2021-03-23T18:57:41.000,32.17,8.61,0.0,0.0,20.5,79581,58.22,-15.0,0.712
2021-03-23T18:59:42.000,31.56,7.43,0.0,0.0,20.5,79583,58.33,-14.0,0.712
2021-03-23T19:07:42.000,31.22,10.28,0.0,0.0,20.5,79591,58.69,-13.0,0.713
2021-03-23T19:13:44.000,37.2,11.24,0.0,0.0,20.5,79597,58.89,-12.0,0.713
2021-03-23T19:14:44.000,36.89,7.72,0.0,0.0,20.5,79598,58.92,-12.0,0.713
2021-03-23T19:15:44.000,35.86,7.41,0.0,0.0,20.5,79599,58.95,-12.0,0.713
2021-03-23T19:24:46.000,31.17,9.25,0.0,0.0,20.5,79608,59.1,-10.0,0.714
2021-03-23T19:25:46.000,30.92,8.98,0.0,0.0,20.5,79609,59.11,-10.0,0.714
2021-03-23T19:26:46.000,30.78,8.96,0.0,0.0,20.5,79610,59.11,-10.0,0.714
2021-03-23T19:32:48.000,32.37,10.45,0.0,0.0,20.5,79616,59.11,-9.0,0.715
2021-03-23T19:33:48.000,34.02,11.6,0.0,0.0,20.5,79617,59.11,-9.0,0.715
2021-03-23T19:34:48.000,35.86,11.82,0.0,0.0,20.5,79618,59.1,-9.0,0.715
2021-03-23T19:35:48.000,37.07,8.58,0.0,0.0,20.5,79619,59.09,-9.0,0.715
2021-03-23T19:36:48.000,36.72,5.76,0.0,0.0,20.5,79620,59.08,-8.0,0.715
2021-03-23T19:37:49.000,36.66,9.63,0.0,0.0,20.5,79621,59.06,-8.0,0.715
2021-03-23T19:40:49.000,37.21,7.93,0.0,0.0,20.5,79624,59.01,-8.0,0.715
2021-03-23T19:41:49.000,36.26,7.82,0.0,0.0,20.5,79625,58.99,-8.0,0.715
2021-03-23T19:42:50.000,35.41,8.09,0.0,0.0,20.5,79626,58.97,-7.0,0.715
2021-03-23T19:46:50.000,32.37,9.26,0.0,0.0,20.5,79630,58.86,-7.0,0.715
2021-03-23T19:47:51.000,32.01,9.72,0.0,0.0,20.5,79631,58.82,-7.0,0.715
2021-03-23T19:48:51.000,31.54,9.3,0.0,0.0,20.5,79632,58.79,-6.0,0.716
2021-03-23T19:49:51.000,31.25,9.58,0.0,0.0,20.5,79633,58.76,-6.0,0.716
2021-03-23T19:50:51.000,30.69,8.53,0.0,0.0,20.5,79634,58.72,-6.0,0.716
2021-03-23T19:51:52.000,29.92,8.0,0.0,0.0,20.5,79635,58.68,-6.0,0.716
2021-03-23T19:54:53.000,29.35,9.62,0.0,0.0,20.5,79638,58.55,-5.0,0.716
2021-03-23T19:55:53.000,29.13,9.02,0.0,0.0,20.5,79639,58.51,-5.0,0.716
2021-03-23T19:56:54.000,28.9,9.12,0.0,0.0,20.5,79640,58.46,-5.0,0.716
2021-03-23T19:57:54.000,28.82,9.59,0.0,0.0,20.5,79641,58.41,-5.0,0.716
2021-03-23T19:58:54.000,28.89,9.36,0.0,0.0,20.5,79642,58.36,-5.0,0.716
2021-03-23T20:00:55.000,28.99,9.4,0.0,0.0,20.5,79644,58.25,-4.0,0.716
2021-03-23T20:01:55.000,28.97,9.38,0.0,0.0,20.5,79645,58.2,-4.0,0.716
2021-03-23T20:02:55.000,29.05,9.43,0.0,0.0,20.5,79646,58.14,-4.0,0.716
2021-03-23T20:10:57.000,30.14,8.78,0.0,0.0,20.5,79654,57.62,-3.0,0.717
2021-03-23T20:11:57.000,29.87,8.92,0.0,0.0,20.5,79655,57.55,-2.0,0.717
2021-03-23T20:12:58.000,29.7,9.58,0.0,0.0,20.5,79656,57.48,-2.0,0.717
2021-03-23T20:15:03.000,29.66,8.99,0.0,0.0,20.5,79658,57.32,-2.0,0.717
2021-03-23T20:16:04.000,29.5,9.26,0.0,0.0,20.5,79659,57.24,-2.0,0.717
2021-03-23T20:17:04.000,29.56,9.77,0.0,0.0,20.5,79660,57.16,-2.0,0.717
2021-03-23T20:38:09.000,32.07,9.02,0.0,0.0,20.5,79681,55.16,2.0,0.719
2021-03-23T20:39:09.000,31.77,9.68,0.0,0.0,20.5,79682,55.05,2.0,0.719
2021-03-23T20:40:10.000,31.51,9.37,0.0,0.0,20.5,79683,54.94,3.0,0.719
2021-03-23T20:42:10.000,30.76,9.05,0.0,0.0,20.5,79685,54.71,3.0,0.719
2021-03-23T20:43:10.000,30.38,8.77,0.0,0.0,20.5,79686,54.6,3.0,0.719
2021-03-23T20:44:10.000,30.13,9.32,0.0,0.0,20.5,79687,54.48,3.0,0.719
2021-03-23T20:46:11.000,29.95,9.99,0.0,0.0,20.5,79689,54.24,4.0,0.719
2021-03-23T20:48:12.000,30.17,10.12,0.0,0.0,20.5,79691,54.0,4.0,0.719
2021-03-23T20:56:13.000,29.81,8.86,0.0,0.0,20.5,79699,53.0,6.0,0.72
2021-03-23T20:57:14.000,30.05,9.89,0.0,0.0,20.5,79700,52.86,6.0,0.72
2021-03-23T20:58:19.000,30.15,9.42,0.0,0.0,20.5,79701,52.72,6.0,0.72
2021-03-23T21:02:21.000,29.56,8.92,0.0,0.0,20.5,79705,52.18,7.0,0.72
2021-03-23T21:03:21.000,29.38,8.95,0.0,0.0,20.5,79706,52.05,7.0,0.72
2021-03-23T21:04:21.000,29.56,10.11,0.0,0.0,20.5,79707,51.91,7.0,0.72
2021-03-23T21:06:22.000,30.11,9.64,0.0,0.0,20.5,79709,51.63,7.0,0.721
2021-03-23T21:07:22.000,30.23,7.18,0.0,0.0,20.5,79710,51.49,8.0,0.721
2021-03-23T21:09:28.000,29.47,6.7,0.0,0.0,20.5,79712,51.19,8.0,0.721
2021-03-23T21:10:29.000,28.98,6.74,0.0,0.0,20.5,79713,51.05,8.0,0.721
2021-03-23T21:11:29.000,28.67,7.56,0.0,0.0,20.5,79714,50.9,8.0,0.721
2021-03-23T21:32:35.000,25.58,8.18,0.0,0.0,20.5,79735,47.68,12.0,0.722
2021-03-23T21:33:36.000,25.56,8.05,0.0,0.0,20.5,79736,47.52,13.0,0.722
2021-03-23T21:34:36.000,25.47,7.85,0.0,0.0,20.5,79737,47.36,13.0,0.722
2021-03-23T21:36:37.000,25.57,8.25,0.0,0.0,20.5,79739,47.03,13.0,0.723
2021-03-23T21:37:37.000,25.72,8.33,0.0,0.0,20.5,79740,46.87,13.0,0.723
2021-03-23T21:38:37.000,26.01,9.05,0.0,0.0,20.5,79741,46.7,14.0,0.723
2021-03-23T21:46:40.000,27.48,4.52,0.0,0.0,20.5,79749,45.36,15.0,0.723
2021-03-23T21:47:40.000,26.96,5.04,0.0,0.0,20.5,79750,45.19,15.0,0.723
2021-03-23T21:48:40.000,26.43,5.69,0.0,0.0,20.5,79751,45.02,16.0,0.723
2021-03-23T21:50:41.000,26.05,7.18,0.0,0.0,20.5,79753,44.67,16.0,0.723
2021-03-23T21:51:41.000,25.82,7.2,0.0,0.0,20.5,79754,44.5,16.0,0.723
2021-03-23T21:52:41.000,25.56,7.32,0.0,0.0,20.5,79755,44.33,16.0,0.724
2021-03-23T22:09:45.000,23.54,7.31,0.0,0.0,20.5,79772,41.31,20.0,0.725
2021-03-23T22:10:45.000,23.56,7.34,0.0,0.0,20.5,79773,41.12,20.0,0.725
2021-03-23T22:11:46.000,23.61,7.39,0.0,0.0,20.5,79774,40.94,20.0,0.725
2021-03-23T22:13:46.000,23.72,7.5,0.0,0.0,20.5,79776,40.58,20.0,0.725
2021-03-23T22:14:46.000,23.75,7.5,0.0,0.0,20.5,79777,40.39,21.0,0.725
2021-03-23T22:15:46.000,23.92,7.89,0.0,0.0,20.5,79778,40.21,21.0,0.725
2021-03-23T22:16:47.000,24.04,7.46,0.0,0.0,20.5,79779,40.02,21.0,0.725
2021-03-23T22:17:47.000,24.13,7.25,0.0,0.0,20.5,79780,39.84,21.0,0.725
2021-03-23T22:20:47.000,24.28,6.76,0.0,0.0,20.5,79783,39.28,22.0,0.725
2021-03-23T22:21:48.000,24.39,6.92,0.0,0.0,20.5,79784,39.09,22.0,0.725
2021-03-23T22:22:48.000,24.4,6.29,0.0,0.0,20.5,79785,38.91,22.0,0.725
2021-03-23T22:26:49.000,24.21,6.06,0.0,0.0,20.5,79789,38.16,23.0,0.726
2021-03-23T22:27:49.000,24.24,6.2,0.0,0.0,20.5,79790,37.97,23.0,0.726
2021-03-23T22:28:49.000,24.3,6.37,0.0,0.0,20.5,79791,37.78,23.0,0.726
2021-03-23T22:36:50.000,23.57,7.13,0.0,0.0,20.5,79799,36.26,25.0,0.726
2021-03-23T22:37:51.000,23.51,7.05,0.0,0.0,20.5,79800,36.06,25.0,0.726
2021-03-23T22:38:51.000,23.46,7.08,0.0,0.0,20.5,79801,35.87,25.0,0.727
2021-03-23T22:42:52.000,23.2,6.99,0.0,0.0,20.5,79805,35.1,26.0,0.727
2021-03-23T22:43:52.000,23.08,6.87,0.0,0.0,20.5,79806,34.91,26.0,0.727
2021-03-23T22:44:52.000,23.05,6.96,0.0,0.0,20.5,79807,34.71,27.0,0.727
2021-03-23T22:47:53.000,22.87,7.13,0.0,0.0,20.5,79810,34.13,27.0,0.727
2021-03-23T22:48:53.000,22.77,7.12,0.0,0.0,20.5,79811,33.93,27.0,0.727
2021-03-23T22:49:54.000,22.76,7.46,0.0,0.0,20.5,79812,33.73,28.0,0.727
2021-03-23T22:50:54.000,22.84,7.98,0.0,0.0,20.5,79813,33.54,28.0,0.727
2021-03-23T22:51:54.000,22.89,7.85,0.0,0.0,20.5,79814,33.34,28.0,0.727
2021-03-23T22:53:54.000,22.67,7.83,0.0,0.0,20.5,79816,32.95,28.0,0.727
2021-03-23T22:57:56.000,22.36,7.35,0.0,0.0,20.5,79820,32.16,29.0,0.728
2021-03-23T23:02:57.000,22.44,8.11,0.0,0.0,20.5,79825,31.17,30.0,0.728
2021-03-23T23:03:57.000,22.57,7.92,0.0,0.0,20.5,79826,30.97,30.0,0.728
2021-03-23T23:04:58.000,22.56,7.68,0.0,0.0,20.5,79827,30.77,31.0,0.728
2021-03-23T23:06:58.000,22.45,7.21,0.0,0.0,20.5,79829,30.37,31.0,0.728
2021-03-23T23:07:58.000,22.3,6.83,0.0,0.0,20.5,79830,30.17,31.0,0.728
2021-03-23T23:08:58.000,22.15,7.16,0.0,0.0,20.5,79831,29.97,31.0,0.728
2021-03-23T23:18:00.000,21.99,6.63,0.0,0.0,20.5,79840,28.16,33.0,0.729
2021-03-23T23:19:00.000,21.95,6.95,0.0,0.0,20.5,79841,27.96,33.0,0.729
2021-03-23T23:20:00.000,21.98,7.12,0.0,0.0,20.5,79842,27.76,34.0,0.729
2021-03-23T23:21:01.000,21.81,6.64,0.0,0.0,20.5,79843,27.55,34.0,0.729
2021-03-23T23:24:02.000,21.23,6.5,0.0,0.0,20.5,79846,26.94,35.0,0.729
2021-03-23T23:25:02.000,21.26,6.81,0.0,0.0,20.5,79847,26.74,35.0,0.729
2021-03-23T23:27:03.000,21.33,7.03,0.0,0.0,20.5,79849,26.33,35.0,0.73
2021-03-23T23:29:03.000,21.52,6.98,0.0,0.0,20.5,79851,25.93,36.0,0.73
2021-03-23T23:30:04.000,21.47,6.67,0.0,0.0,20.5,79852,25.72,36.0,0.73
2021-03-23T23:31:04.000,21.57,7.22,0.0,0.0,20.5,79853,25.52,36.0,0.73
2021-03-23T23:47:07.000,20.19,7.31,0.0,0.0,20.5,79869,22.23,39.0,0.731
2021-03-23T23:48:08.000,20.13,7.23,0.0,0.0,20.5,79870,22.02,39.0,0.731
2021-03-23T23:49:08.000,19.98,7.35,0.0,0.0,20.5,79871,21.81,40.0,0.731
2021-03-23T23:52:08.000,19.34,7.12,0.0,0.0,20.5,79874,21.19,40.0,0.731
2021-03-23T23:53:09.000,18.98,7.05,0.0,0.0,20.5,79875,20.98,40.0,0.731
2021-03-23T23:54:09.000,18.83,7.05,0.0,0.0,20.5,79876,20.78,41.0,0.731
2021-03-23T23:55:09.000,18.67,6.82,0.0,0.0,20.5,79877,20.57,41.0,0.731
2021-03-23T23:56:10.000,18.7,6.95,0.0,0.0,20.5,79878,20.36,41.0,0.731
2021-03-24T00:01:11.000,18.8,-0.52,0.0,0.0,20.5,79883,19.32,42.0,0.732
2021-03-24T00:02:11.000,18.78,-1.99,0.0,0.0,20.5,79884,19.11,42.0,0.732
2021-03-24T00:03:11.000,18.75,-2.85,0.0,0.0,20.5,79885,18.91,43.0,0.732
2021-03-24T00:08:13.000,18.47,2.3,0.0,0.0,20.5,79890,17.86,44.0,0.732
2021-03-24T00:09:14.000,18.48,3.91,0.0,0.0,20.5,79891,17.65,44.0,0.732
2021-03-24T00:10:14.000,18.59,4.97,0.0,0.0,20.5,79892,17.44,44.0,0.732
2021-03-24T00:16:15.000,18.03,5.22,0.0,0.0,20.5,79898,16.18,45.0,0.733
2021-03-24T00:17:15.000,17.98,5.36,0.0,0.0,20.5,79899,15.97,45.0,0.733
2021-03-24T00:18:16.000,17.97,5.61,0.0,0.0,20.5,79900,15.76,46.0,0.733
2021-03-24T00:21:16.000,17.74,5.53,0.0,0.0,20.5,79903,15.13,46.0,0.733
2021-03-24T00:22:17.000,17.76,5.55,0.0,0.0,20.5,79904,14.92,46.0,0.733
2021-03-24T00:23:17.000,17.8,5.81,0.0,0.0,20.5,79905,14.71,47.0,0.733
2021-03-24T00:24:18.000,17.51,5.32,0.1,0.09,20.5,79906,14.5,47.0,0.733
2021-03-24T00:25:18.000,17.0,5.1,0.0,0.0,20.5,79907,14.29,47.0,0.733
2021-03-24T00:26:18.000,16.38,4.78,0.0,0.0,20.5,79908,14.08,47.0,0.733
2021-03-24T00:27:18.000,15.83,4.82,0.0,0.0,20.5,79909,13.87,47.0,0.733
2021-03-24T00:37:24.000,13.22,10.7,0.0,0.0,20.5,79919,11.75,50.0,0.734
2021-03-24T00:38:25.000,13.27,10.75,0.0,0.0,20.5,79920,11.53,50.0,0.734
2021-03-24T00:39:25.000,13.16,10.16,0.0,0.0,20.5,79921,11.32,50.0,0.734
2021-03-24T00:40:25.000,13.04,10.37,0.11,0.1,20.5,79922,11.11,50.0,0.734
2021-03-24T00:41:25.000,13.0,10.2,0.0,0.0,20.5,79923,10.9,50.0,0.734
2021-03-24T00:42:26.000,12.9,10.2,0.0,0.0,20.5,79924,10.69,51.0,0.734
2021-03-24T00:43:26.000,12.84,10.04,0.0,0.0,20.5,79925,10.48,51.0,0.735
2021-03-24T00:49:27.000,12.47,9.4,0.0,0.0,20.5,79931,9.21,52.0,0.735
2021-03-24T00:50:28.000,12.26,9.1,0.0,0.0,20.5,79932,9.0,52.0,0.735
2021-03-24T00:51:28.000,12.09,9.18,0.0,0.0,20.5,79933,8.79,52.0,0.735
2021-03-24T00:52:29.000,12.08,9.49,0.29,0.12,20.5,79934,8.57,53.0,0.735
2021-03-24T00:53:29.000,12.1,9.66,0.0,0.0,20.5,79935,8.36,53.0,0.735
2021-03-24T00:55:29.000,12.08,9.67,0.0,0.0,20.5,79937,7.94,53.0,0.735
2021-03-24T00:56:34.000,12.07,9.71,0.0,0.0,20.5,79938,7.71,53.0,0.735
2021-03-24T00:57:35.000,12.19,10.19,0.0,0.0,20.5,79939,7.49,54.0,0.735
2021-03-24T00:58:35.000,12.27,10.15,0.0,0.0,20.5,79940,7.28,54.0,0.735
2021-03-24T00:59:35.000,12.35,10.34,0.0,0.0,20.5,79941,7.07,54.0,0.736
2021-03-24T01:00:36.000,12.37,10.09,0.0,0.0,20.5,79942,6.86,54.0,0.736
2021-03-24T01:05:37.000,12.44,10.14,0.0,0.0,20.5,79947,5.8,55.0,0.736
2021-03-24T01:07:37.000,12.51,10.29,0.0,0.0,20.5,79949,5.38,56.0,0.736
2021-03-24T01:08:37.000,12.59,10.55,0.0,0.0,20.5,79950,5.16,56.0,0.736
2021-03-24T01:10:38.000,12.77,10.85,0.0,0.0,20.5,79952,4.74,56.0,0.736
2021-03-24T01:16:38.000,13.11,11.06,0.0,0.0,20.5,79958,3.47,58.0,0.737
2021-03-24T01:20:39.000,13.26,10.69,0.0,0.0,20.5,79962,2.62,58.0,0.737
2021-03-24T01:21:40.000,13.2,10.4,0.0,0.0,20.5,79963,2.41,59.0,0.737
2021-03-24T01:22:40.000,13.15,9.99,0.0,0.0,20.5,79964,2.19,59.0,0.737
2021-03-24T01:24:40.000,12.98,9.06,0.0,0.0,20.5,79966,1.77,59.0,0.737
2021-03-24T01:25:40.000,12.98,8.86,0.0,0.0,20.5,79967,1.56,59.0,0.737
2021-03-24T01:26:41.000,12.95,8.12,0.0,0.0,20.5,79968,1.35,60.0,0.737
2021-03-24T01:29:42.000,12.9,6.96,0.0,0.0,20.5,79971,0.71,60.0,0.737
2021-03-24T01:37:43.000,12.67,8.22,49251.35,8.66,20.5,79979,-0.99,62.0,0.738
2021-03-24T01:42:44.000,12.72,6.84,34857.46,9.03,20.5,79984,-2.05,63.0,0.738
2021-03-24T01:43:44.000,12.77,6.47,33093.69,9.08,20.5,79985,-2.26,63.0,0.738
2021-03-24T01:44:44.000,12.74,5.82,28032.11,9.34,20.5,79986,-2.47,63.0,0.738
2021-03-24T01:46:45.000,12.52,5.66,21319.26,9.56,20.5,79988,-2.89,64.0,0.739
2021-03-24T01:47:45.000,12.55,5.95,19687.38,9.65,20.5,79989,-3.1,64.0,0.739
2021-03-24T01:48:45.000,12.5,4.93,17653.4,9.76,20.5,79990,-3.31,64.0,0.739
2021-03-24T01:49:45.000,12.49,4.17,13036.0,10.1,20.5,79991,-3.53,64.0,0.739
2021-03-24T01:50:46.000,12.45,4.47,8238.2,10.6,20.5,79992,-3.74,65.0,0.739
2021-03-24T01:51:47.000,12.49,5.52,5093.6,11.12,20.5,79993,-3.95,65.0,0.739
2021-03-24T01:57:53.000,12.62,4.6,1011.98,12.87,20.5,79999,-5.24,66.0,0.739
2021-03-24T01:58:53.000,12.57,4.45,786.25,13.14,20.5,80000,-5.45,66.0,0.739
2021-03-24T01:59:53.000,12.54,4.54,524.24,13.59,20.5,80001,-5.66,66.0,0.739
