Downloads/jupyter/ECSV/stars19/stars19_2022-08.ecsv
# %ECSV 1.0
# ---
# datatype:
# - {name: time, datatype: string}
# - {name: Enclosure Temperature, unit: deg_C, datatype: float64}
# - {name: Sky Temperature, unit: deg_C, datatype: float64}
# - {name: Frequency, unit: Hz, datatype: float64}
# - {name: MSAS, unit: mag / arcsec2, datatype: float64}
# - {name: ZP, datatype: float64}
# - {name: Sequence Number, datatype: int64}
# - {name: Sun Alt, unit: deg, datatype: float64}
# - {name: Moon Alt, unit: deg, datatype: float64}
# - {name: Moon Illumination, datatype: float64}
# delimiter: ','
# meta: !!omap
# - ida:
#     Data supplier: {affiliation: null, observer: null}
#     Device type: TESS-W
#     Field of view: 17.0
#     Filters per channel: None
#     Instrument ID: stars19
#     License: ODbL 1.0 http://opendatacommons.org/licenses/odbl/summary/
#     Local timezone: America/Phoenix
#     Location name: {country: '- Tucson', place: Tucson, region: United States, sub_region: Arizona, town: Pima County}
#     Measurement direction per channel: {azimuth: 0.0, zenital: 0.0}
#     Moving / Fixed look direction: FIXED
#     Moving / Stationary position: STATIONARY
#     Number of channels: 1
#     Number of fields per line: 8
#     Number of header lines: 35
#     Position: {height: 0.0, latitude: 32.223877, longitude: -110.767532}
#     TESS MAC address: 18:FE:34:CF:EC:06
#     TESS cover offset value: 0.0
#     TESS firmware version: '1.0'
#     TESS zero point: 20.5
#     Time Synchronization: timestamp added by MQTT subscriber
#     URL: http://www.darksky.org/NSBM/sdf1.0.pdf
# - __serialized_columns__:
#     Enclosure Temperature:
#       __class__: astropy.units.quantity.Quantity
#       unit: &id001 !astropy.units.Unit {unit: deg_C}
#       value: !astropy.table.SerializedColumn {name: Enclosure Temperature}
#     Frequency:
#       __class__: astropy.units.quantity.Quantity
#       unit: !astropy.units.Unit {unit: Hz}
#       value: !astropy.table.SerializedColumn {name: Frequency}
#     MSAS:
#       __class__: astropy.units.quantity.Quantity
#       unit: !astropy.units.Unit {unit: mag / arcsec2}
#       value: !astropy.table.SerializedColumn {name: MSAS}
#     Moon Alt:
#       __class__: astropy.units.quantity.Quantity
#       unit: &id002 !astropy.units.Unit {unit: deg}
#       value: !astropy.table.SerializedColumn {name: Moon Alt}
#     Sky Temperature:
#       __class__: astropy.units.quantity.Quantity
#       unit: *id001
#       value: !astropy.table.SerializedColumn {name: Sky Temperature}
#     Sun Alt:
#       __class__: astropy.units.quantity.Quantity
#       unit: *id002
#       value: !astropy.table.SerializedColumn {name: Sun Alt}
#     time:
#       __class__: astropy.time.core.Time
#       format: isot
#       in_subfmt: '*'
#       out_subfmt: '*'
#       precision: 3
#       scale: utc
#       value: !astropy.table.SerializedColumn {name: time}
# schema: astropy-2.0
time,Enclosure Temperature,Sky Temperature,Frequency,MSAS,ZP,Sequence Number,Sun Alt,Moon Alt,Moon Illumination
[from data line 19741]
2022-08-25T13:56:14.000,26.5,8.82,0.0,0.0,20.5,276226,12.17,32.0,0.032
2022-08-25T13:57:14.000,26.48,8.74,0.0,0.0,20.5,276227,12.38,32.0,0.032
2022-08-25T13:58:15.000,26.43,8.78,0.0,0.0,20.5,276228,12.59,32.0,0.032
2022-08-25T14:02:15.000,26.34,8.82,0.0,0.0,20.5,276232,13.43,33.0,0.032
2022-08-25T14:04:15.000,26.33,8.89,0.0,0.0,20.5,276234,13.86,33.0,0.032
2022-08-25T14:12:16.000,26.68,9.39,0.0,0.0,20.5,276242,15.55,35.0,0.032
2022-08-25T14:16:17.000,26.81,9.33,0.0,0.0,20.5,276246,16.4,36.0,0.031
2022-08-25T14:17:17.000,26.81,9.39,0.0,0.0,20.5,276247,16.61,36.0,0.031
2022-08-25T14:18:17.000,26.84,9.42,0.0,0.0,20.5,276248,16.82,36.0,0.031
2022-08-25T14:22:18.000,26.92,9.6,0.0,0.0,20.5,276252,17.67,37.0,0.031
2022-08-25T14:23:19.000,26.96,9.75,0.0,0.0,20.5,276253,17.88,37.0,0.031
2022-08-25T14:24:19.000,27.05,9.78,0.0,0.0,20.5,276254,18.09,38.0,0.031
2022-08-25T14:26:19.000,27.11,9.89,0.0,0.0,20.5,276256,18.52,38.0,0.031
2022-08-25T14:30:19.000,27.3,10.18,0.0,0.0,20.5,276260,19.36,39.0,0.031
2022-08-25T14:34:21.000,27.49,10.33,0.0,0.0,20.5,276264,20.21,40.0,0.031
2022-08-25T14:35:21.000,27.51,10.34,0.0,0.0,20.5,276265,20.43,40.0,0.031
2022-08-25T14:36:21.000,27.54,10.46,0.0,0.0,20.5,276266,20.64,40.0,0.031
2022-08-25T14:39:21.000,27.66,10.68,0.0,0.0,20.5,276269,21.27,41.0,0.031
2022-08-25T14:40:21.000,27.67,10.68,0.0,0.0,20.5,276270,21.48,41.0,0.031
2022-08-25T14:41:22.000,27.71,10.79,0.0,0.0,20.5,276271,21.7,41.0,0.031
2022-08-25T14:43:27.000,27.77,10.93,0.0,0.0,20.5,276273,22.14,42.0,0.031
2022-08-25T14:44:27.000,27.78,10.91,0.0,0.0,20.5,276274,22.35,42.0,0.031
2022-08-25T14:45:28.000,27.81,11.11,0.0,0.0,20.5,276275,22.56,42.0,0.031
2022-08-25T14:51:29.000,28.05,11.58,0.0,0.0,20.5,276281,23.84,43.0,0.031
2022-08-25T14:52:29.000,28.14,11.82,0.0,0.0,20.5,276282,24.05,43.0,0.031
2022-08-25T14:53:29.000,28.23,11.82,0.0,0.0,20.5,276283,24.26,44.0,0.031
2022-08-25T14:55:30.000,28.3,11.73,0.0,0.0,20.5,276285,24.68,44.0,0.031
2022-08-25T14:56:30.000,28.32,11.91,0.0,0.0,20.5,276286,24.89,44.0,0.031
2022-08-25T14:57:30.000,28.36,11.99,0.0,0.0,20.5,276287,25.11,44.0,0.03
2022-08-25T14:58:30.000,28.39,12.07,0.0,0.0,20.5,276288,25.32,45.0,0.03
2022-08-25T15:00:30.000,28.45,12.44,0.0,0.0,20.5,276290,25.74,45.0,0.03
2022-08-25T15:04:31.000,28.65,12.72,0.0,0.0,20.5,276294,26.59,46.0,0.03
2022-08-25T15:08:31.000,28.97,13.21,0.0,0.0,20.5,276298,27.43,47.0,0.03
2022-08-25T15:12:32.000,29.26,13.69,0.0,0.0,20.5,276302,28.28,48.0,0.03
2022-08-25T15:13:32.000,29.35,13.78,0.0,0.0,20.5,276303,28.49,48.0,0.03
2022-08-25T15:14:33.000,29.4,13.78,0.0,0.0,20.5,276304,28.7,48.0,0.03
2022-08-25T15:16:39.000,29.5,14.13,0.0,0.0,20.5,276306,29.14,48.0,0.03
2022-08-25T15:17:39.000,29.56,14.23,0.0,0.0,20.5,276307,29.35,49.0,0.03
2022-08-25T15:18:40.000,29.66,14.49,0.0,0.0,20.5,276308,29.57,49.0,0.03
2022-08-25T15:24:42.000,29.88,14.95,0.0,0.0,20.5,276314,30.83,50.0,0.03
2022-08-25T15:25:42.000,29.98,15.17,0.0,0.0,20.5,276315,31.04,50.0,0.03
2022-08-25T15:26:42.000,30.03,15.21,0.0,0.0,20.5,276316,31.25,50.0,0.03
2022-08-25T15:28:43.000,30.17,15.4,0.0,0.0,20.5,276318,31.67,51.0,0.03
2022-08-25T15:29:43.000,30.22,15.56,0.0,0.0,20.5,276319,31.88,51.0,0.03
2022-08-25T15:32:43.000,30.51,16.01,0.0,0.0,20.5,276322,32.51,52.0,0.03
2022-08-25T15:33:44.000,30.6,16.19,0.0,0.0,20.5,276323,32.73,52.0,0.03
2022-08-25T15:34:44.000,30.7,16.1,0.0,0.0,20.5,276324,32.93,52.0,0.03
2022-08-25T15:37:46.000,30.9,16.42,0.0,0.0,20.5,276327,33.57,53.0,0.03
2022-08-25T15:38:46.000,30.95,16.35,0.0,0.0,20.5,276328,33.78,53.0,0.03
2022-08-25T15:39:46.000,30.97,16.38,0.0,0.0,20.5,276329,33.99,53.0,0.03
2022-08-25T15:41:46.000,31.14,16.74,0.0,0.0,20.5,276331,34.4,54.0,0.029
2022-08-25T15:42:47.000,31.28,16.97,0.0,0.0,20.5,276332,34.61,54.0,0.029
2022-08-25T15:43:47.000,31.38,16.95,0.0,0.0,20.5,276333,34.82,54.0,0.029
2022-08-25T15:45:54.000,31.69,17.12,0.0,0.0,20.5,276335,35.26,54.0,0.029
2022-08-25T15:46:53.000,31.78,17.21,0.0,0.0,20.5,276336,35.47,55.0,0.029
2022-08-25T15:47:54.000,31.92,17.32,0.0,0.0,20.5,276337,35.68,55.0,0.029
2022-08-25T16:09:00.000,35.46,25.13,0.0,0.0,20.5,276358,40.03,59.0,0.029
2022-08-25T16:10:00.000,35.92,30.32,0.0,0.0,20.5,276359,40.24,59.0,0.029
2022-08-25T16:11:00.000,36.59,26.92,0.0,0.0,20.5,276360,40.44,59.0,0.029
2022-08-25T16:13:01.000,37.67,21.9,0.0,0.0,20.5,276362,40.86,60.0,0.029
2022-08-25T16:14:01.000,38.17,22.09,0.0,0.0,20.5,276363,41.06,60.0,0.029
2022-08-25T16:15:01.000,38.64,22.05,0.0,0.0,20.5,276364,41.26,60.0,0.029
2022-08-25T16:17:02.000,39.29,22.26,0.0,0.0,20.5,276366,41.68,61.0,0.029
2022-08-25T16:18:02.000,39.74,22.4,0.0,0.0,20.5,276367,41.88,61.0,0.029
2022-08-25T16:19:03.000,40.01,22.07,0.0,0.0,20.5,276368,42.09,61.0,0.029
2022-08-25T16:23:03.000,41.22,22.7,0.0,0.0,20.5,276372,42.9,62.0,0.029
2022-08-25T16:24:04.000,41.67,23.13,0.0,0.0,20.5,276373,43.1,62.0,0.029
2022-08-25T16:25:04.000,42.09,23.14,0.0,0.0,20.5,276374,43.3,62.0,0.029
2022-08-25T16:30:04.000,43.25,22.26,0.0,0.0,20.5,276379,44.31,63.0,0.028
2022-08-25T16:34:05.000,43.71,22.49,0.0,0.0,20.5,276383,45.12,64.0,0.028
2022-08-25T16:35:06.000,43.87,23.08,0.0,0.0,20.5,276384,45.32,64.0,0.028
2022-08-25T16:36:06.000,44.07,23.04,0.0,0.0,20.5,276385,45.52,64.0,0.028
2022-08-25T16:38:06.000,44.35,23.15,0.0,0.0,20.5,276387,45.92,65.0,0.028
2022-08-25T16:39:06.000,44.42,22.82,0.0,0.0,20.5,276388,46.12,65.0,0.028
2022-08-25T16:40:06.000,44.63,23.17,0.0,0.0,20.5,276389,46.31,65.0,0.028
2022-08-25T16:42:07.000,44.56,22.69,0.0,0.0,20.5,276391,46.71,66.0,0.028
2022-08-25T16:43:08.000,44.63,22.83,0.0,0.0,20.5,276392,46.92,66.0,0.028
2022-08-25T16:44:08.000,44.64,22.75,0.0,0.0,20.5,276393,47.11,66.0,0.028
2022-08-25T16:46:11.000,44.99,23.31,0.0,0.0,20.5,276395,47.52,66.0,0.028
2022-08-25T16:47:12.000,45.3,24.17,0.0,0.0,20.5,276396,47.72,67.0,0.028
2022-08-25T16:48:12.000,45.67,24.03,0.0,0.0,20.5,276397,47.91,67.0,0.028
2022-08-25T16:49:12.000,45.85,23.97,0.0,0.0,20.5,276398,48.11,67.0,0.028
2022-08-25T16:50:12.000,46.13,24.13,0.0,0.0,20.5,276399,48.3,67.0,0.028
2022-08-25T16:52:18.000,46.48,24.05,0.0,0.0,20.5,276401,48.71,68.0,0.028
2022-08-25T16:55:23.000,47.0,24.03,0.0,0.0,20.5,276404,49.31,68.0,0.028
2022-08-25T16:56:23.000,47.19,24.08,0.0,0.0,20.5,276405,49.51,68.0,0.028
2022-08-25T16:57:23.000,47.15,23.14,0.0,0.0,20.5,276406,49.7,69.0,0.028
2022-08-25T17:00:24.000,47.08,23.62,0.0,0.0,20.5,276409,50.28,69.0,0.028
2022-08-25T17:01:23.000,47.08,23.43,0.0,0.0,20.5,276410,50.47,69.0,0.028
2022-08-25T17:02:24.000,46.95,23.41,0.0,0.0,20.5,276411,50.66,69.0,0.028
2022-08-25T17:04:24.000,47.02,23.79,0.0,0.0,20.5,276413,51.05,70.0,0.028
2022-08-25T17:05:25.000,47.09,23.98,0.0,0.0,20.5,276414,51.24,70.0,0.028
2022-08-25T17:06:25.000,47.03,23.25,0.0,0.0,20.5,276415,51.43,70.0,0.028
2022-08-25T17:12:26.000,46.53,23.93,0.0,0.0,20.5,276421,52.56,71.0,0.028
2022-08-25T17:13:26.000,46.63,23.89,0.0,0.0,20.5,276422,52.75,71.0,0.027
2022-08-25T17:14:26.000,46.84,24.27,0.0,0.0,20.5,276423,52.93,72.0,0.027
2022-08-25T17:16:32.000,46.98,24.12,0.0,0.0,20.5,276425,53.32,72.0,0.027
2022-08-25T17:17:32.000,47.0,23.62,0.0,0.0,20.5,276426,53.51,72.0,0.027
2022-08-25T17:18:32.000,47.1,24.02,0.0,0.0,20.5,276427,53.69,72.0,0.027
2022-08-25T17:25:34.000,47.47,23.9,0.0,0.0,20.5,276434,54.98,73.0,0.027
2022-08-25T17:26:34.000,47.66,24.28,0.0,0.0,20.5,276435,55.16,74.0,0.027
2022-08-25T17:27:34.000,47.75,24.46,0.0,0.0,20.5,276436,55.34,74.0,0.027
2022-08-25T17:29:34.000,47.88,24.23,0.0,0.0,20.5,276438,55.69,74.0,0.027
2022-08-25T17:30:34.000,48.07,24.9,0.0,0.0,20.5,276439,55.87,74.0,0.027
2022-08-25T17:31:34.000,48.16,24.08,0.0,0.0,20.5,276440,56.05,74.0,0.027
2022-08-25T17:41:35.000,47.75,23.5,0.0,0.0,20.5,276450,57.79,76.0,0.027
2022-08-25T17:42:37.000,47.79,24.48,0.0,0.0,20.5,276451,57.96,76.0,0.027
2022-08-25T17:43:38.000,47.95,24.58,0.0,0.0,20.5,276452,58.13,76.0,0.027
2022-08-25T17:45:44.000,47.66,22.72,0.0,0.0,20.5,276454,58.49,76.0,0.027
2022-08-25T17:46:44.000,47.38,23.6,0.0,0.0,20.5,276455,58.65,76.0,0.027
2022-08-25T17:49:49.000,47.66,24.36,0.0,0.0,20.5,276458,59.16,77.0,0.027
2022-08-25T17:50:50.000,47.87,24.81,0.0,0.0,20.5,276459,59.33,77.0,0.027
2022-08-25T17:51:50.000,48.03,24.63,0.0,0.0,20.5,276460,59.49,77.0,0.027
2022-08-25T18:37:57.000,49.59,25.64,0.0,0.0,20.5,276506,65.76,78.0,0.026
2022-08-25T18:38:57.000,49.92,25.19,0.0,0.0,20.5,276507,65.87,78.0,0.026
2022-08-25T18:39:57.000,50.06,24.99,0.0,0.0,20.5,276508,65.97,78.0,0.026
2022-08-25T18:42:04.000,49.94,23.88,0.0,0.0,20.5,276510,66.17,78.0,0.026
2022-08-25T18:43:05.000,49.74,23.49,0.0,0.0,20.5,276511,66.27,78.0,0.026
2022-08-25T18:44:05.000,49.76,24.68,0.0,0.0,20.5,276512,66.36,78.0,0.026
2022-08-25T18:48:06.000,50.34,25.22,0.0,0.0,20.5,276516,66.72,77.0,0.026
2022-08-25T18:49:06.000,50.53,25.47,0.0,0.0,20.5,276517,66.8,77.0,0.025
2022-08-25T18:50:07.000,50.69,25.44,0.0,0.0,20.5,276518,66.88,77.0,0.025
2022-08-25T18:53:13.000,51.09,24.65,0.0,0.0,20.5,276521,67.12,77.0,0.025
2022-08-25T18:54:13.000,50.29,21.46,0.0,0.0,20.5,276522,67.2,77.0,0.025
2022-08-25T18:55:13.000,50.39,24.78,0.0,0.0,20.5,276523,67.27,77.0,0.025
2022-08-25T19:13:21.000,49.29,24.74,0.0,0.0,20.5,276541,68.16,74.0,0.025
2022-08-25T19:14:21.000,49.31,25.06,0.0,0.0,20.5,276542,68.19,74.0,0.025
2022-08-25T19:15:21.000,49.48,25.47,0.0,0.0,20.5,276543,68.22,74.0,0.025
2022-08-25T19:17:22.000,49.56,23.91,0.0,0.0,20.5,276545,68.26,73.0,0.025
2022-08-25T19:20:22.000,49.29,24.72,0.0,0.0,20.5,276548,68.3,73.0,0.025
2022-08-25T19:25:22.000,50.22,23.99,0.0,0.0,20.5,276553,68.33,72.0,0.025
2022-08-25T19:28:22.000,50.71,25.33,0.0,0.0,20.5,276556,68.32,72.0,0.025
2022-08-25T19:29:22.000,50.97,25.51,0.0,0.0,20.5,276557,68.31,71.0,0.025
2022-08-25T19:30:22.000,51.14,25.22,0.0,0.0,20.5,276558,68.3,71.0,0.025
2022-08-25T19:32:23.000,51.2,24.83,0.0,0.0,20.5,276560,68.26,71.0,0.025
2022-08-25T19:38:23.000,49.28,23.33,0.0,0.0,20.5,276566,68.11,70.0,0.024
2022-08-25T19:39:24.000,49.17,24.35,0.0,0.0,20.5,276567,68.08,70.0,0.024
2022-08-25T19:40:24.000,48.44,22.3,0.0,0.0,20.5,276568,68.04,69.0,0.024
2022-08-25T19:45:33.000,46.42,23.43,0.0,0.0,20.5,276573,67.82,68.0,0.024
2022-08-25T19:46:33.000,46.17,23.34,0.0,0.0,20.5,276574,67.77,68.0,0.024
2022-08-25T19:47:34.000,45.89,23.62,0.0,0.0,20.5,276575,67.71,68.0,0.024
2022-08-25T19:49:40.000,45.5,24.28,0.0,0.0,20.5,276577,67.6,68.0,0.024
2022-08-25T19:50:40.000,45.21,24.16,0.0,0.0,20.5,276578,67.54,67.0,0.024
2022-08-25T19:51:41.000,45.05,24.99,0.0,0.0,20.5,276579,67.47,67.0,0.024
2022-08-25T19:58:43.000,41.99,23.97,0.0,0.0,20.5,276586,66.98,66.0,0.024
2022-08-25T19:59:43.000,41.8,24.17,0.0,0.0,20.5,276587,66.9,66.0,0.024
2022-08-25T20:00:43.000,41.51,23.84,0.0,0.0,20.5,276588,66.82,66.0,0.024
2022-08-25T20:03:43.000,40.69,23.15,0.0,0.0,20.5,276591,66.56,65.0,0.024
2022-08-25T20:04:45.000,40.3,22.82,0.0,0.0,20.5,276592,66.47,65.0,0.024
2022-08-25T20:05:45.000,40.21,23.38,0.0,0.0,20.5,276593,66.38,65.0,0.024
2022-08-25T20:40:53.000,45.99,24.19,0.0,0.0,20.5,276628,62.15,58.0,0.023
2022-08-25T20:41:54.000,46.39,24.02,0.0,0.0,20.5,276629,62.0,57.0,0.023
2022-08-25T20:42:54.000,46.79,23.71,0.0,0.0,20.5,276630,61.85,57.0,0.023
2022-08-25T20:45:00.000,47.2,23.51,0.0,0.0,20.5,276632,61.54,57.0,0.023
2022-08-25T20:46:00.000,47.46,23.16,0.0,0.0,20.5,276633,61.39,56.0,0.023
2022-08-25T20:48:00.000,47.93,23.3,0.0,0.0,20.5,276635,61.09,56.0,0.023
2022-08-25T20:49:01.000,48.04,22.93,0.0,0.0,20.5,276636,60.93,56.0,0.023
2022-08-25T20:50:01.000,48.27,23.59,0.0,0.0,20.5,276637,60.78,56.0,0.023
2022-08-25T20:51:01.000,48.58,23.65,0.0,0.0,20.5,276638,60.62,55.0,0.023
2022-08-25T20:54:03.000,49.03,23.15,0.0,0.0,20.5,276641,60.15,55.0,0.023
2022-08-25T20:56:04.000,49.18,22.86,0.0,0.0,20.5,276643,59.83,54.0,0.023
2022-08-25T20:57:05.000,49.42,23.15,0.0,0.0,20.5,276644,59.66,54.0,0.023
2022-08-25T20:58:05.000,49.65,23.32,0.0,0.0,20.5,276645,59.5,54.0,0.023
2022-08-25T20:59:06.000,49.82,22.96,0.0,0.0,20.5,276646,59.34,54.0,0.023
2022-08-25T21:01:06.000,50.0,23.05,0.0,0.0,20.5,276648,59.01,53.0,0.023
2022-08-25T21:02:07.000,50.12,22.85,0.0,0.0,20.5,276649,58.84,53.0,0.023
2022-08-25T21:03:08.000,50.23,22.85,0.0,0.0,20.5,276650,58.67,53.0,0.023
2022-08-25T21:24:14.000,49.82,22.65,0.0,0.0,20.5,276671,55.01,49.0,0.022
2022-08-25T21:25:14.000,49.68,22.35,0.0,0.0,20.5,276672,54.83,48.0,0.022
2022-08-25T21:26:14.000,49.48,23.22,0.0,0.0,20.5,276673,54.65,48.0,0.022
2022-08-25T21:32:16.000,49.41,21.96,0.0,0.0,20.5,276679,53.54,47.0,0.022
2022-08-25T21:33:16.000,48.74,21.29,0.0,0.0,20.5,276680,53.36,47.0,0.022
2022-08-25T21:34:16.000,48.18,21.0,0.0,0.0,20.5,276681,53.17,46.0,0.022
2022-08-25T21:39:18.000,46.54,22.21,0.0,0.0,20.5,276686,52.23,45.0,0.022
2022-08-25T21:40:18.000,46.27,22.44,0.0,0.0,20.5,276687,52.04,45.0,0.022
2022-08-25T21:41:18.000,46.16,22.68,0.0,0.0,20.5,276688,51.85,45.0,0.022
2022-08-25T21:43:25.000,45.73,22.72,0.0,0.0,20.5,276690,51.45,45.0,0.022
2022-08-25T21:44:26.000,45.65,22.92,0.0,0.0,20.5,276691,51.26,44.0,0.022
2022-08-25T21:45:27.000,45.54,22.68,0.0,0.0,20.5,276692,51.07,44.0,0.022
2022-08-25T21:46:27.000,45.52,22.98,0.0,0.0,20.5,276693,50.88,44.0,0.022
2022-08-25T21:47:27.000,45.41,23.06,0.0,0.0,20.5,276694,50.69,44.0,0.022
2022-08-25T21:49:34.000,45.37,24.18,0.0,0.0,20.5,276696,50.28,43.0,0.022
2022-08-25T21:51:34.000,45.41,24.8,0.0,0.0,20.5,276698,49.9,43.0,0.022
2022-08-25T21:52:34.000,45.38,24.52,0.0,0.0,20.5,276699,49.7,43.0,0.022
2022-08-25T21:53:34.000,45.41,25.09,0.0,0.0,20.5,276700,49.51,42.0,0.022
2022-08-25T21:54:35.000,45.5,25.13,0.0,0.0,20.5,276701,49.31,42.0,0.022
2022-08-25T21:55:35.000,45.45,24.97,0.0,0.0,20.5,276702,49.12,42.0,0.022
2022-08-25T21:59:36.000,44.95,24.53,0.0,0.0,20.5,276706,48.34,41.0,0.022
2022-08-25T22:00:36.000,44.93,24.01,0.0,0.0,20.5,276707,48.14,41.0,0.022
2022-08-25T22:01:36.000,44.78,23.36,0.0,0.0,20.5,276708,47.94,41.0,0.022
2022-08-25T22:06:37.000,43.8,21.77,0.0,0.0,20.5,276713,46.96,40.0,0.022
2022-08-25T22:07:37.000,43.7,21.89,0.0,0.0,20.5,276714,46.76,40.0,0.022
2022-08-25T22:08:37.000,43.53,21.61,0.0,0.0,20.5,276715,46.56,39.0,0.022
2022-08-25T22:14:38.000,43.23,21.7,0.0,0.0,20.5,276721,45.36,38.0,0.021
2022-08-25T22:16:45.000,43.19,21.8,0.0,0.0,20.5,276723,44.94,38.0,0.021
2022-08-25T22:17:44.000,43.11,21.75,0.0,0.0,20.5,276724,44.74,37.0,0.021
2022-08-25T22:18:45.000,43.06,21.82,0.0,0.0,20.5,276725,44.54,37.0,0.021
2022-08-25T22:25:45.000,42.21,20.82,0.0,0.0,20.5,276732,43.13,36.0,0.021
2022-08-25T22:26:46.000,42.12,21.19,0.0,0.0,20.5,276733,42.92,36.0,0.021
2022-08-25T22:27:46.000,42.06,20.91,0.0,0.0,20.5,276734,42.72,35.0,0.021
2022-08-25T22:31:47.000,42.18,21.39,0.0,0.0,20.5,276738,41.91,35.0,0.021
2022-08-25T22:32:48.000,42.22,21.51,0.0,0.0,20.5,276739,41.7,34.0,0.021
2022-08-25T22:34:48.000,42.39,21.7,0.0,0.0,20.5,276741,41.29,34.0,0.021
2022-08-25T22:35:48.000,42.4,21.68,0.0,0.0,20.5,276742,41.09,34.0,0.021
2022-08-25T22:36:48.000,42.37,21.37,0.0,0.0,20.5,276743,40.88,33.0,0.021
2022-08-25T22:37:48.000,42.32,21.61,0.0,0.0,20.5,276744,40.68,33.0,0.021
2022-08-25T22:38:49.000,42.38,21.48,0.0,0.0,20.5,276745,40.47,33.0,0.021
2022-08-25T22:39:49.000,42.37,21.47,0.0,0.0,20.5,276746,40.26,33.0,0.021
2022-08-25T22:41:49.000,42.4,21.55,0.0,0.0,20.5,276748,39.85,32.0,0.021
2022-08-25T22:42:50.000,42.37,21.61,0.0,0.0,20.5,276749,39.65,32.0,0.021
2022-08-25T22:44:56.000,42.54,22.14,0.0,0.0,20.5,276751,39.21,32.0,0.021
2022-08-25T22:45:55.000,42.54,21.84,0.0,0.0,20.5,276752,39.01,32.0,0.021
2022-08-25T22:46:56.000,42.51,21.69,0.0,0.0,20.5,276753,38.8,31.0,0.021
2022-08-25T23:00:00.000,42.35,21.88,0.0,0.0,20.5,276766,36.1,29.0,0.021
2022-08-25T23:01:00.000,42.17,22.06,0.0,0.0,20.5,276767,35.89,28.0,0.021
2022-08-25T23:02:01.000,42.16,22.95,0.0,0.0,20.5,276768,35.68,28.0,0.021
2022-08-25T23:06:01.000,42.02,23.56,0.0,0.0,20.5,276772,34.85,27.0,0.02
2022-08-25T23:08:01.000,42.18,23.73,0.0,0.0,20.5,276774,34.43,27.0,0.02
2022-08-25T23:12:02.000,42.25,24.02,0.0,0.0,20.5,276778,33.59,26.0,0.02
