Downloads/jupyter/ECSV/stars19/stars19_2021-09.ecsv
# %ECSV 1.0
# ---
# datatype:
# - {name: time, datatype: string}
# - {name: Enclosure Temperature, unit: deg_C, datatype: float64}
# - {name: Sky Temperature, unit: deg_C, datatype: float64}
# - {name: Frequency, unit: Hz, datatype: float64}
# - {name: MSAS, unit: mag / arcsec2, datatype: float64}
# - {name: ZP, datatype: float64}
# - {name: Sequence Number, datatype: int64}
# - {name: Sun Alt, unit: deg, datatype: float64}
# - {name: Moon Alt, unit: deg, datatype: float64}
# - {name: Moon Illumination, datatype: float64}
# delimiter: ','
# meta: !!omap
# - ida:
#     Data supplier: {affiliation: null, observer: null}
#     Device type: TESS-W
#     Field of view: 17.0
#     Filters per channel: None
#     Instrument ID: stars19
#     License: ODbL 1.0 http://opendatacommons.org/licenses/odbl/summary/
#     Local timezone: America/Phoenix
#     Location name: {country: '- Tucson', place: Tucson, region: United States, sub_region: Arizona, town: Pima County}
#     Measurement direction per channel: {azimuth: 0.0, zenital: 0.0}
#     Moving / Fixed look direction: FIXED
#     Moving / Stationary position: STATIONARY
#     Number of channels: 1
#     Number of fields per line: 8
#     Number of header lines: 35
#     Position: {height: 0.0, latitude: 32.223877, longitude: -110.767532}
#     TESS MAC address: 18:FE:34:CF:EC:06
#     TESS cover offset value: 0.0
#     TESS firmware version: '1.0'
#     TESS zero point: 20.5
#     Time Synchronization: timestamp added by MQTT subscriber
#     URL: http://www.darksky.org/NSBM/sdf1.0.pdf
# - __serialized_columns__:
#     Enclosure Temperature:
#       __class__: astropy.units.quantity.Quantity
#       unit: &id001 !astropy.units.Unit {unit: deg_C}
#       value: !astropy.table.SerializedColumn {name: Enclosure Temperature}
#     Frequency:
#       __class__: astropy.units.quantity.Quantity
#       unit: !astropy.units.Unit {unit: Hz}
#       value: !astropy.table.SerializedColumn {name: Frequency}
#     MSAS:
#       __class__: astropy.units.quantity.Quantity
#       unit: !astropy.units.Unit {unit: mag / arcsec2}
#       value: !astropy.table.SerializedColumn {name: MSAS}
#     Moon Alt:
#       __class__: astropy.units.quantity.Quantity
#       unit: &id002 !astropy.units.Unit {unit: deg}
#       value: !astropy.table.SerializedColumn {name: Moon Alt}
#     Sky Temperature:
#       __class__: astropy.units.quantity.Quantity
#       unit: *id001
#       value: !astropy.table.SerializedColumn {name: Sky Temperature}
#     Sun Alt:
#       __class__: astropy.units.quantity.Quantity
#       unit: *id002
#       value: !astropy.table.SerializedColumn {name: Sun Alt}
#     time:
#       __class__: astropy.time.core.Time
#       format: isot
#       in_subfmt: '*'
#       out_subfmt: '*'
#       precision: 3
#       scale: utc
#       value: !astropy.table.SerializedColumn {name: time}
# schema: astropy-2.0
time,Enclosure Temperature,Sky Temperature,Frequency,MSAS,ZP,Sequence Number,Sun Alt,Moon Alt,Moon Illumination
[from data line 7068]
2021-09-07T16:29:29.000,48.43,22.34,0.0,0.0,20.5,178674,42.13,34.0,0.007
2021-09-07T16:30:29.000,48.8,22.29,0.0,0.0,20.5,178675,42.32,34.0,0.007
2021-09-07T16:31:29.000,49.05,21.87,0.0,0.0,20.5,178676,42.51,35.0,0.007
2021-09-07T16:33:29.000,49.69,22.23,0.0,0.0,20.5,178678,42.9,35.0,0.007
2021-09-07T16:37:30.000,50.69,22.68,0.0,0.0,20.5,178682,43.66,36.0,0.007
2021-09-07T16:38:30.000,50.97,22.57,0.0,0.0,20.5,178683,43.85,36.0,0.007
2021-09-07T16:39:30.000,51.3,22.9,0.0,0.0,20.5,178684,44.04,36.0,0.007
2021-09-07T16:41:31.000,51.75,22.69,0.0,0.0,20.5,178686,44.43,37.0,0.007
2021-09-07T16:42:31.000,51.77,21.89,0.0,0.0,20.5,178687,44.61,37.0,0.007
2021-09-07T16:43:31.000,51.71,22.21,0.0,0.0,20.5,178688,44.8,37.0,0.007
2021-09-07T16:44:31.000,51.78,22.3,0.0,0.0,20.5,178689,44.99,37.0,0.007
2021-09-07T16:45:31.000,51.95,22.87,0.0,0.0,20.5,178690,45.18,37.0,0.007
2021-09-07T16:46:32.000,52.17,22.54,0.0,0.0,20.5,178691,45.37,38.0,0.007
2021-09-07T16:52:33.000,52.7,21.75,0.0,0.0,20.5,178697,46.48,39.0,0.007
2021-09-07T16:53:33.000,52.67,22.87,0.0,0.0,20.5,178698,46.67,39.0,0.007
2021-09-07T16:57:34.000,53.05,22.09,0.0,0.0,20.5,178702,47.4,40.0,0.007
2021-09-07T17:00:35.000,53.1,22.63,0.0,0.0,20.5,178705,47.95,40.0,0.007
2021-09-07T17:01:35.000,53.17,22.48,0.0,0.0,20.5,178706,48.13,41.0,0.007
2021-09-07T17:02:35.000,53.23,22.29,0.0,0.0,20.5,178707,48.31,41.0,0.007
2021-09-07T17:04:36.000,53.17,22.41,0.0,0.0,20.5,178709,48.67,41.0,0.008
2021-09-07T17:05:36.000,53.47,23.29,0.0,0.0,20.5,178710,48.85,41.0,0.008
2021-09-07T17:06:36.000,53.82,23.25,0.0,0.0,20.5,178711,49.02,41.0,0.008
2021-09-07T17:07:36.000,54.11,23.01,0.0,0.0,20.5,178712,49.2,42.0,0.008
2021-09-07T17:10:37.000,54.04,22.19,0.0,0.0,20.5,178715,49.73,42.0,0.008
2021-09-07T17:11:37.000,54.07,22.48,0.0,0.0,20.5,178716,49.91,42.0,0.008
2021-09-07T17:12:38.000,53.85,21.67,0.0,0.0,20.5,178717,50.08,43.0,0.008
2021-09-07T17:13:38.000,53.95,23.04,0.0,0.0,20.5,178718,50.26,43.0,0.008
2021-09-07T17:14:38.000,54.19,23.13,0.0,0.0,20.5,178719,50.43,43.0,0.008
2021-09-07T17:15:38.000,54.26,22.31,0.0,0.0,20.5,178720,50.6,43.0,0.008
2021-09-07T17:16:38.000,54.43,23.13,0.0,0.0,20.5,178721,50.78,43.0,0.008
2021-09-07T17:17:39.000,54.69,23.12,0.0,0.0,20.5,178722,50.95,44.0,0.008
2021-09-07T17:18:39.000,54.84,22.82,0.0,0.0,20.5,178723,51.12,44.0,0.008
2021-09-07T17:19:39.000,54.93,22.9,0.0,0.0,20.5,178724,51.29,44.0,0.008
2021-09-07T17:20:39.000,54.97,22.65,0.0,0.0,20.5,178725,51.46,44.0,0.008
2021-09-07T17:21:40.000,55.06,23.29,0.0,0.0,20.5,178726,51.63,44.0,0.008
2021-09-07T17:22:40.000,55.27,23.4,0.0,0.0,20.5,178727,51.8,44.0,0.008
2021-09-07T17:23:40.000,55.48,23.43,0.0,0.0,20.5,178728,51.97,45.0,0.008
2021-09-07T17:24:40.000,55.56,23.0,0.0,0.0,20.5,178729,52.13,45.0,0.008
2021-09-07T17:25:40.000,55.55,23.12,0.0,0.0,20.5,178730,52.3,45.0,0.008
2021-09-07T17:26:41.000,55.45,22.81,0.0,0.0,20.5,178731,52.47,45.0,0.008
2021-09-07T17:27:41.000,55.4,23.1,0.0,0.0,20.5,178732,52.63,45.0,0.008
2021-09-07T17:28:41.000,55.27,22.82,0.0,0.0,20.5,178733,52.8,46.0,0.008
2021-09-07T17:29:42.000,55.27,22.96,0.0,0.0,20.5,178734,52.96,46.0,0.008
2021-09-07T17:31:42.000,54.92,22.5,0.0,0.0,20.5,178736,53.29,46.0,0.008
2021-09-07T17:32:42.000,55.06,23.61,0.0,0.0,20.5,178737,53.45,46.0,0.008
2021-09-07T17:33:42.000,55.36,23.77,0.0,0.0,20.5,178738,53.61,46.0,0.008
2021-09-07T17:34:43.000,55.64,23.43,0.0,0.0,20.5,178739,53.77,47.0,0.008
2021-09-07T17:35:43.000,55.78,23.37,0.0,0.0,20.5,178740,53.93,47.0,0.008
2021-09-07T17:36:44.000,55.83,23.08,0.0,0.0,20.5,178741,54.09,47.0,0.008
2021-09-07T17:37:44.000,55.95,23.53,0.0,0.0,20.5,178742,54.25,47.0,0.008
2021-09-07T17:38:44.000,56.1,23.41,0.0,0.0,20.5,178743,54.4,47.0,0.008
2021-09-07T17:39:44.000,56.2,22.86,0.0,0.0,20.5,178744,54.56,48.0,0.008
2021-09-07T17:40:44.000,55.96,22.42,0.0,0.0,20.5,178745,54.71,48.0,0.008
2021-09-07T17:41:45.000,55.81,22.57,0.0,0.0,20.5,178746,54.87,48.0,0.008
2021-09-07T17:42:45.000,55.72,22.84,0.0,0.0,20.5,178747,55.02,48.0,0.008
2021-09-07T17:43:45.000,55.86,23.37,0.0,0.0,20.5,178748,55.17,48.0,0.008
2021-09-07T17:44:45.000,56.05,23.35,0.0,0.0,20.5,178749,55.32,48.0,0.008
2021-09-07T17:45:45.000,56.04,22.88,0.0,0.0,20.5,178750,55.47,49.0,0.008
2021-09-07T17:46:46.000,56.0,22.83,0.0,0.0,20.5,178751,55.62,49.0,0.008
2021-09-07T17:47:46.000,56.01,23.24,0.0,0.0,20.5,178752,55.77,49.0,0.008
2021-09-07T17:48:46.000,55.96,22.73,0.0,0.0,20.5,178753,55.92,49.0,0.008
2021-09-07T17:49:47.000,55.95,23.61,0.0,0.0,20.5,178754,56.07,49.0,0.008
2021-09-07T17:50:47.000,56.02,22.97,0.0,0.0,20.5,178755,56.21,49.0,0.008
2021-09-07T17:51:47.000,56.06,22.95,0.0,0.0,20.5,178756,56.36,50.0,0.008
2021-09-07T17:52:48.000,56.0,23.14,0.0,0.0,20.5,178757,56.5,50.0,0.008
2021-09-07T17:53:48.000,56.22,23.73,0.0,0.0,20.5,178758,56.65,50.0,0.008
2021-09-07T17:57:49.000,56.6,23.15,0.0,0.0,20.5,178762,57.21,51.0,0.008
2021-09-07T18:00:49.000,56.7,23.25,0.0,0.0,20.5,178765,57.62,51.0,0.008
2021-09-07T18:01:49.000,56.86,23.53,0.0,0.0,20.5,178766,57.75,51.0,0.008
2021-09-07T18:04:50.000,57.12,23.18,0.0,0.0,20.5,178769,58.15,52.0,0.008
2021-09-07T18:05:50.000,56.91,22.06,0.0,0.0,20.5,178770,58.28,52.0,0.008
2021-09-07T18:06:50.000,56.81,23.25,0.0,0.0,20.5,178771,58.4,52.0,0.008
2021-09-07T18:07:51.000,56.83,23.09,0.0,0.0,20.5,178772,58.53,52.0,0.008
2021-09-07T18:08:51.000,56.93,23.7,0.0,0.0,20.5,178773,58.66,52.0,0.008
2021-09-07T18:09:51.000,57.1,23.67,0.0,0.0,20.5,178774,58.78,53.0,0.008
2021-09-07T18:10:52.000,57.17,23.48,0.0,0.0,20.5,178775,58.91,53.0,0.008
2021-09-07T18:11:52.000,57.29,23.67,0.0,0.0,20.5,178776,59.03,53.0,0.008
2021-09-07T18:12:52.000,57.48,23.71,0.0,0.0,20.5,178777,59.15,53.0,0.008
2021-09-07T18:13:52.000,57.52,23.45,0.0,0.0,20.5,178778,59.27,53.0,0.008
2021-09-07T18:14:52.000,57.68,23.73,0.0,0.0,20.5,178779,59.39,53.0,0.008
2021-09-07T18:15:52.000,57.85,23.98,0.0,0.0,20.5,178780,59.5,54.0,0.008
2021-09-07T18:16:52.000,58.14,24.03,0.0,0.0,20.5,178781,59.62,54.0,0.008
2021-09-07T18:17:52.000,58.37,23.8,0.0,0.0,20.5,178782,59.73,54.0,0.008
2021-09-07T18:18:52.000,58.45,23.56,0.0,0.0,20.5,178783,59.85,54.0,0.008
2021-09-07T18:19:52.000,58.43,23.37,0.0,0.0,20.5,178784,59.96,54.0,0.008
2021-09-07T18:20:52.000,58.49,23.57,0.0,0.0,20.5,178785,60.07,54.0,0.008
2021-09-07T18:21:53.000,58.43,23.13,0.0,0.0,20.5,178786,60.18,54.0,0.008
2021-09-07T18:22:53.000,58.46,23.32,0.0,0.0,20.5,178787,60.28,55.0,0.008
2021-09-07T18:23:53.000,58.42,23.46,0.0,0.0,20.5,178788,60.39,55.0,0.008
2021-09-07T18:24:53.000,58.47,23.53,0.0,0.0,20.5,178789,60.49,55.0,0.008
2021-09-07T18:25:53.000,58.55,23.47,0.0,0.0,20.5,178790,60.6,55.0,0.009
2021-09-07T18:27:54.000,58.67,23.51,0.0,0.0,20.5,178792,60.8,55.0,0.009
2021-09-07T18:28:54.000,58.78,23.61,0.0,0.0,20.5,178793,60.9,56.0,0.009
2021-09-07T18:29:54.000,58.89,23.51,0.0,0.0,20.5,178794,60.99,56.0,0.009
2021-09-07T18:30:55.000,58.69,22.33,0.0,0.0,20.5,178795,61.09,56.0,0.009
2021-09-07T18:31:55.000,58.48,23.17,0.0,0.0,20.5,178796,61.18,56.0,0.009
2021-09-07T18:32:55.000,58.52,23.64,0.0,0.0,20.5,178797,61.27,56.0,0.009
2021-09-07T18:33:56.000,58.47,22.87,0.0,0.0,20.5,178798,61.36,56.0,0.009
2021-09-07T18:34:57.000,58.41,23.43,0.0,0.0,20.5,178799,61.45,56.0,0.009
2021-09-07T18:35:57.000,58.57,23.87,0.0,0.0,20.5,178800,61.54,57.0,0.009
2021-09-07T18:36:57.000,58.7,23.52,0.0,0.0,20.5,178801,61.63,57.0,0.009
2021-09-07T18:37:57.000,58.81,23.88,0.0,0.0,20.5,178802,61.71,57.0,0.009
2021-09-07T18:38:57.000,58.88,23.37,0.0,0.0,20.5,178803,61.79,57.0,0.009
2021-09-07T18:39:57.000,59.0,24.08,0.0,0.0,20.5,178804,61.87,57.0,0.009
2021-09-07T18:40:58.000,59.09,23.53,0.0,0.0,20.5,178805,61.95,57.0,0.009
2021-09-07T18:41:58.000,59.2,23.95,0.0,0.0,20.5,178806,62.03,57.0,0.009
2021-09-07T18:42:58.000,59.2,23.49,0.0,0.0,20.5,178807,62.1,57.0,0.009
2021-09-07T18:43:58.000,59.14,23.61,0.0,0.0,20.5,178808,62.17,58.0,0.009
2021-09-07T18:44:59.000,59.14,23.54,0.0,0.0,20.5,178809,62.25,58.0,0.009
2021-09-07T18:45:59.000,59.11,23.6,0.0,0.0,20.5,178810,62.32,58.0,0.009
2021-09-07T18:46:59.000,59.13,24.04,0.0,0.0,20.5,178811,62.38,58.0,0.009
2021-09-07T18:47:59.000,59.33,24.1,0.0,0.0,20.5,178812,62.45,58.0,0.009
2021-09-07T18:48:59.000,59.35,23.54,0.0,0.0,20.5,178813,62.51,58.0,0.009
2021-09-07T18:49:59.000,59.43,23.79,0.0,0.0,20.5,178814,62.58,58.0,0.009
2021-09-07T18:52:00.000,59.49,23.67,0.0,0.0,20.5,178816,62.7,59.0,0.009
2021-09-07T18:53:00.000,59.48,23.5,0.0,0.0,20.5,178817,62.75,59.0,0.009
2021-09-07T18:55:04.000,59.29,23.61,0.0,0.0,20.5,178819,62.86,59.0,0.009
2021-09-07T18:56:04.000,59.38,23.54,0.0,0.0,20.5,178820,62.91,59.0,0.009
2021-09-07T18:57:04.000,59.46,23.92,0.0,0.0,20.5,178821,62.96,59.0,0.009
2021-09-07T18:58:04.000,59.54,23.95,0.0,0.0,20.5,178822,63.01,59.0,0.009
2021-09-07T18:59:05.000,59.62,23.77,0.0,0.0,20.5,178823,63.06,59.0,0.009
2021-09-07T19:01:05.000,59.61,23.51,0.0,0.0,20.5,178825,63.14,60.0,0.009
2021-09-07T19:02:06.000,59.62,23.36,0.0,0.0,20.5,178826,63.18,60.0,0.009
2021-09-07T19:03:06.000,59.63,23.27,0.0,0.0,20.5,178827,63.22,60.0,0.009
2021-09-07T19:04:06.000,59.7,23.79,0.0,0.0,20.5,178828,63.25,60.0,0.009
2021-09-07T19:05:06.000,59.81,23.14,0.0,0.0,20.5,178829,63.28,60.0,0.009
2021-09-07T19:06:06.000,59.79,23.52,0.0,0.0,20.5,178830,63.31,60.0,0.009
2021-09-07T19:07:07.000,59.76,22.8,0.0,0.0,20.5,178831,63.34,60.0,0.009
2021-09-07T19:08:07.000,59.51,22.66,0.0,0.0,20.5,178832,63.37,60.0,0.009
2021-09-07T19:09:07.000,59.44,22.93,0.0,0.0,20.5,178833,63.4,60.0,0.009
2021-09-07T19:10:07.000,59.45,23.22,0.0,0.0,20.5,178834,63.42,61.0,0.009
2021-09-07T19:11:08.000,59.49,23.25,0.0,0.0,20.5,178835,63.44,61.0,0.009
2021-09-07T19:12:08.000,59.55,23.18,0.0,0.0,20.5,178836,63.46,61.0,0.009
2021-09-07T19:13:09.000,59.49,22.88,0.0,0.0,20.5,178837,63.48,61.0,0.009
2021-09-07T19:16:10.000,59.92,23.32,0.0,0.0,20.5,178840,63.51,61.0,0.009
2021-09-07T19:17:10.000,59.9,22.85,0.0,0.0,20.5,178841,63.52,61.0,0.009
2021-09-07T19:18:10.000,60.0,23.59,0.0,0.0,20.5,178842,63.53,61.0,0.009
2021-09-07T19:19:10.000,60.05,22.57,0.0,0.0,20.5,178843,63.53,61.0,0.009
2021-09-07T19:21:11.000,59.56,22.99,0.0,0.0,20.5,178845,63.54,62.0,0.009
2021-09-07T19:22:11.000,59.65,22.94,0.0,0.0,20.5,178846,63.53,62.0,0.009
2021-09-07T19:23:11.000,59.71,23.42,0.0,0.0,20.5,178847,63.53,62.0,0.009
2021-09-07T19:24:12.000,59.79,22.89,0.0,0.0,20.5,178848,63.52,62.0,0.009
2021-09-07T19:25:12.000,59.73,22.72,0.0,0.0,20.5,178849,63.52,62.0,0.009
2021-09-07T19:26:12.000,59.62,22.82,0.0,0.0,20.5,178850,63.51,62.0,0.009
2021-09-07T19:27:12.000,59.68,23.57,0.0,0.0,20.5,178851,63.49,62.0,0.009
2021-09-07T19:28:12.000,59.72,23.26,0.0,0.0,20.5,178852,63.48,62.0,0.009
2021-09-07T19:32:13.000,59.85,23.11,0.0,0.0,20.5,178856,63.4,62.0,0.009
2021-09-07T19:33:13.000,59.88,23.53,0.0,0.0,20.5,178857,63.38,62.0,0.009
2021-09-07T19:34:13.000,59.89,23.41,0.0,0.0,20.5,178858,63.35,62.0,0.009
2021-09-07T19:35:14.000,59.97,23.45,0.0,0.0,20.5,178859,63.32,63.0,0.009
2021-09-07T19:36:14.000,59.97,23.44,0.0,0.0,20.5,178860,63.29,63.0,0.009
2021-09-07T19:37:14.000,60.14,23.71,0.0,0.0,20.5,178861,63.26,63.0,0.009
2021-09-07T19:38:14.000,60.31,22.96,0.0,0.0,20.5,178862,63.22,63.0,0.009
2021-09-07T19:39:15.000,60.02,22.31,0.0,0.0,20.5,178863,63.19,63.0,0.009
2021-09-07T19:43:16.000,60.01,22.94,0.0,0.0,20.5,178867,63.02,63.0,0.01
2021-09-07T19:44:16.000,60.05,22.47,0.0,0.0,20.5,178868,62.97,63.0,0.01
2021-09-07T19:45:16.000,59.76,21.52,0.0,0.0,20.5,178869,62.92,63.0,0.01
2021-09-07T19:46:16.000,59.14,21.1,0.0,0.0,20.5,178870,62.87,63.0,0.01
2021-09-07T19:47:19.000,59.17,23.77,0.0,0.0,20.5,178871,62.82,63.0,0.01
2021-09-07T19:48:19.000,59.47,23.45,0.0,0.0,20.5,178872,62.77,63.0,0.01
2021-09-07T19:49:19.000,59.63,23.34,0.0,0.0,20.5,178873,62.71,63.0,0.01
2021-09-07T19:50:19.000,59.72,22.91,0.0,0.0,20.5,178874,62.65,63.0,0.01
2021-09-07T19:51:20.000,59.7,22.54,0.0,0.0,20.5,178875,62.59,63.0,0.01
2021-09-07T19:52:20.000,59.68,22.7,0.0,0.0,20.5,178876,62.53,63.0,0.01
2021-09-07T19:53:20.000,59.71,23.08,0.0,0.0,20.5,178877,62.47,63.0,0.01
2021-09-07T19:54:21.000,59.84,23.26,0.0,0.0,20.5,178878,62.4,63.0,0.01
2021-09-07T19:55:21.000,60.06,23.16,0.0,0.0,20.5,178879,62.33,63.0,0.01
2021-09-07T19:56:22.000,60.06,23.02,0.0,0.0,20.5,178880,62.26,63.0,0.01
2021-09-07T19:57:22.000,59.94,22.73,0.0,0.0,20.5,178881,62.19,63.0,0.01
2021-09-07T19:58:22.000,59.92,22.99,0.0,0.0,20.5,178882,62.12,63.0,0.01
2021-09-07T19:59:22.000,59.96,22.73,0.0,0.0,20.5,178883,62.04,63.0,0.01
2021-09-07T20:00:22.000,59.9,22.53,0.0,0.0,20.5,178884,61.97,63.0,0.01
2021-09-07T20:01:22.000,59.94,23.04,0.0,0.0,20.5,178885,61.89,63.0,0.01
2021-09-07T20:02:22.000,60.0,22.53,0.0,0.0,20.5,178886,61.81,63.0,0.01
2021-09-07T20:03:22.000,59.97,22.56,0.0,0.0,20.5,178887,61.73,63.0,0.01
2021-09-07T20:04:22.000,60.17,23.32,0.0,0.0,20.5,178888,61.65,63.0,0.01
2021-09-07T20:05:22.000,60.19,22.71,0.0,0.0,20.5,178889,61.56,63.0,0.01
2021-09-07T20:06:22.000,60.21,22.49,0.0,0.0,20.5,178890,61.47,63.0,0.01
2021-09-07T20:07:23.000,60.13,22.23,0.0,0.0,20.5,178891,61.39,63.0,0.01
2021-09-07T20:08:23.000,60.07,22.47,0.0,0.0,20.5,178892,61.3,63.0,0.01
2021-09-07T20:09:23.000,60.08,22.57,0.0,0.0,20.5,178893,61.2,63.0,0.01
2021-09-07T20:10:23.000,60.22,23.2,0.0,0.0,20.5,178894,61.11,63.0,0.01
2021-09-07T20:12:25.000,60.38,22.69,0.0,0.0,20.5,178896,60.92,63.0,0.01
2021-09-07T20:13:25.000,60.32,22.31,0.0,0.0,20.5,178897,60.82,63.0,0.01
2021-09-07T20:14:25.000,60.26,22.55,0.0,0.0,20.5,178898,60.72,63.0,0.01
2021-09-07T20:15:26.000,60.25,22.49,0.0,0.0,20.5,178899,60.62,63.0,0.01
2021-09-07T20:16:26.000,60.22,22.45,0.0,0.0,20.5,178900,60.52,63.0,0.01
2021-09-07T20:17:26.000,60.27,23.0,0.0,0.0,20.5,178901,60.41,63.0,0.01
2021-09-07T20:18:26.000,60.23,22.36,0.0,0.0,20.5,178902,60.31,63.0,0.01
2021-09-07T20:19:27.000,60.31,23.1,0.0,0.0,20.5,178903,60.2,63.0,0.01
2021-09-07T20:20:26.000,60.23,21.96,0.0,0.0,20.5,178904,60.09,63.0,0.01
2021-09-07T20:21:27.000,60.22,22.9,0.0,0.0,20.5,178905,59.98,63.0,0.01
2021-09-07T20:22:27.000,60.14,21.81,0.0,0.0,20.5,178906,59.87,63.0,0.01
2021-09-07T20:23:27.000,60.11,22.76,0.0,0.0,20.5,178907,59.76,63.0,0.01
2021-09-07T20:24:28.000,60.12,22.27,0.0,0.0,20.5,178908,59.64,63.0,0.01
2021-09-07T20:25:28.000,60.11,22.39,0.0,0.0,20.5,178909,59.53,63.0,0.01
2021-09-07T20:34:30.000,60.09,22.92,0.0,0.0,20.5,178918,58.43,62.0,0.01
2021-09-07T20:35:30.000,59.85,21.31,0.0,0.0,20.5,178919,58.3,62.0,0.01
2021-09-07T20:36:30.000,59.6,22.45,0.0,0.0,20.5,178920,58.17,62.0,0.01
2021-09-07T20:38:30.000,59.68,23.12,0.0,0.0,20.5,178922,57.91,62.0,0.01
2021-09-07T20:39:31.000,59.83,22.86,0.0,0.0,20.5,178923,57.78,62.0,0.01
2021-09-07T20:40:31.000,59.79,22.41,0.0,0.0,20.5,178924,57.64,62.0,0.01
2021-09-07T20:41:31.000,59.8,22.88,0.0,0.0,20.5,178925,57.51,62.0,0.01
2021-09-07T20:45:32.000,59.83,23.11,0.0,0.0,20.5,178929,56.96,62.0,0.01
2021-09-07T20:51:33.000,59.97,22.59,0.0,0.0,20.5,178935,56.1,61.0,0.01
2021-09-07T20:52:33.000,59.89,21.84,0.0,0.0,20.5,178936,55.95,61.0,0.011
2021-09-07T20:55:34.000,59.87,23.24,0.0,0.0,20.5,178939,55.51,61.0,0.011
2021-09-07T20:56:34.000,59.9,21.68,0.0,0.0,20.5,178940,55.36,61.0,0.011
2021-09-07T20:57:34.000,59.62,22.04,0.0,0.0,20.5,178941,55.21,61.0,0.011
2021-09-07T20:58:35.000,59.74,22.81,0.0,0.0,20.5,178942,55.05,61.0,0.011
2021-09-07T20:59:35.000,59.72,22.68,0.0,0.0,20.5,178943,54.9,60.0,0.011
2021-09-07T21:00:36.000,59.83,23.03,0.0,0.0,20.5,178944,54.74,60.0,0.011
2021-09-07T21:01:36.000,59.96,23.21,0.0,0.0,20.5,178945,54.59,60.0,0.011
2021-09-07T21:02:44.000,60.12,23.14,0.0,0.0,20.5,178946,54.41,60.0,0.011
2021-09-07T21:03:44.000,60.08,22.51,0.0,0.0,20.5,178947,54.26,60.0,0.011
2021-09-07T21:10:45.000,60.19,23.53,0.0,0.0,20.5,178954,53.14,59.0,0.011
2021-09-07T21:11:46.000,60.31,23.03,0.0,0.0,20.5,178955,52.97,59.0,0.011
2021-09-07T21:12:46.000,60.32,23.04,0.0,0.0,20.5,178956,52.81,59.0,0.011
2021-09-07T21:13:46.000,60.49,23.31,0.0,0.0,20.5,178957,52.65,59.0,0.011
2021-09-07T21:15:52.000,60.08,22.39,0.0,0.0,20.5,178959,52.3,59.0,0.011
