Downloads/jupyter/ECSV/stars19/stars19_2024-04.ecsv
# %ECSV 1.0
# ---
# datatype:
# - {name: time, datatype: string}
# - {name: Enclosure Temperature, unit: deg_C, datatype: float64}
# - {name: Sky Temperature, unit: deg_C, datatype: float64}
# - {name: Frequency, unit: Hz, datatype: float64}
# - {name: MSAS, unit: mag / arcsec2, datatype: float64}
# - {name: ZP, datatype: float64}
# - {name: Sequence Number, datatype: int64}
# - {name: Sun Alt, unit: deg, datatype: float64}
# - {name: Moon Alt, unit: deg, datatype: float64}
# - {name: Moon Illumination, datatype: float64}
# delimiter: ','
# meta: !!omap
# - ida:
#     Data supplier: {affiliation: null, observer: null}
#     Device type: TESS-W
#     Field of view: 17.0
#     Filters per channel: None
#     Instrument ID: stars19
#     License: ODbL 1.0 http://opendatacommons.org/licenses/odbl/summary/
#     Local timezone: America/Phoenix
#     Location name: {country: '- Tucson', place: Tucson, region: United States, sub_region: Arizona, town: Pima County}
#     Measurement direction per channel: {azimuth: 0.0, zenital: 0.0}
#     Moving / Fixed look direction: FIXED
#     Moving / Stationary position: STATIONARY
#     Number of channels: 1
#     Number of fields per line: 8
#     Number of header lines: 35
#     Position: {height: 0.0, latitude: 32.223877, longitude: -110.767532}
#     TESS MAC address: 18:FE:34:CF:EC:06
#     TESS cover offset value: 0.0
#     TESS firmware version: '1.0'
#     TESS zero point: 20.38
#     Time Synchronization: timestamp added by MQTT subscriber
#     URL: http://www.darksky.org/NSBM/sdf1.0.pdf
# - __serialized_columns__:
#     Enclosure Temperature:
#       __class__: astropy.units.quantity.Quantity
#       unit: &id001 !astropy.units.Unit {unit: deg_C}
#       value: !astropy.table.SerializedColumn {name: Enclosure Temperature}
#     Frequency:
#       __class__: astropy.units.quantity.Quantity
#       unit: !astropy.units.Unit {unit: Hz}
#       value: !astropy.table.SerializedColumn {name: Frequency}
#     MSAS:
#       __class__: astropy.units.quantity.Quantity
#       unit: !astropy.units.Unit {unit: mag / arcsec2}
#       value: !astropy.table.SerializedColumn {name: MSAS}
#     Moon Alt:
#       __class__: astropy.units.quantity.Quantity
#       unit: &id002 !astropy.units.Unit {unit: deg}
#       value: !astropy.table.SerializedColumn {name: Moon Alt}
#     Sky Temperature:
#       __class__: astropy.units.quantity.Quantity
#       unit: *id001
#       value: !astropy.table.SerializedColumn {name: Sky Temperature}
#     Sun Alt:
#       __class__: astropy.units.quantity.Quantity
#       unit: *id002
#       value: !astropy.table.SerializedColumn {name: Sun Alt}
#     time:
#       __class__: astropy.time.core.Time
#       format: isot
#       in_subfmt: '*'
#       out_subfmt: '*'
#       precision: 3
#       scale: utc
#       value: !astropy.table.SerializedColumn {name: time}
# schema: astropy-2.0
time,Enclosure Temperature,Sky Temperature,Frequency,MSAS,ZP,Sequence Number,Sun Alt,Moon Alt,Moon Illumination
[from data line 18230]
2024-04-28T18:02:26.000,39.67,12.71,0.0,0.0,20.38,8933,64.88,-25.0,0.782
2024-04-28T18:05:27.000,40.01,12.37,0.0,0.0,20.38,8936,65.36,-25.0,0.781
2024-04-28T18:06:27.000,39.81,12.28,0.0,0.0,20.38,8937,65.51,-26.0,0.781
2024-04-28T18:07:27.000,39.61,12.47,0.0,0.0,20.38,8938,65.67,-26.0,0.781
2024-04-28T18:08:27.000,39.65,12.48,0.0,0.0,20.38,8939,65.83,-26.0,0.781
2024-04-28T18:09:27.000,39.6,12.58,0.0,0.0,20.38,8940,65.98,-26.0,0.781
2024-04-28T18:11:28.000,40.02,13.3,0.0,0.0,20.38,8942,66.29,-27.0,0.781
2024-04-28T18:13:28.000,39.79,12.95,0.0,0.0,20.38,8944,66.59,-27.0,0.781
2024-04-28T18:14:29.000,39.93,12.6,0.0,0.0,20.38,8945,66.74,-27.0,0.781
2024-04-28T18:15:29.000,40.01,13.07,0.0,0.0,20.38,8946,66.89,-27.0,0.781
2024-04-28T18:17:30.000,40.27,13.27,0.0,0.0,20.38,8948,67.18,-28.0,0.781
2024-04-28T18:18:30.000,40.21,12.28,0.0,0.0,20.38,8949,67.32,-28.0,0.781
2024-04-28T18:19:30.000,40.14,12.77,0.0,0.0,20.38,8950,67.46,-28.0,0.781
2024-04-28T18:21:33.000,40.62,13.35,0.0,0.0,20.38,8952,67.75,-29.0,0.78
2024-04-28T18:23:33.000,40.92,12.72,0.0,0.0,20.38,8954,68.02,-29.0,0.78
2024-04-28T18:25:34.000,40.83,12.67,0.0,0.0,20.38,8956,68.29,-29.0,0.78
2024-04-28T18:26:34.000,40.75,12.62,0.0,0.0,20.38,8957,68.42,-29.0,0.78
2024-04-28T18:28:34.000,40.83,13.03,0.0,0.0,20.38,8959,68.67,-30.0,0.78
2024-04-28T18:29:34.000,41.03,13.45,0.0,0.0,20.38,8960,68.8,-30.0,0.78
2024-04-28T18:30:34.000,41.2,13.26,0.0,0.0,20.38,8961,68.92,-30.0,0.78
2024-04-28T18:31:34.000,41.41,13.39,0.0,0.0,20.38,8962,69.05,-30.0,0.78
2024-04-28T18:38:34.000,41.3,12.07,0.0,0.0,20.38,8969,69.85,-32.0,0.779
2024-04-28T18:39:34.000,41.35,12.96,0.0,0.0,20.38,8970,69.96,-32.0,0.779
2024-04-28T18:40:35.000,41.7,13.48,0.0,0.0,20.38,8971,70.06,-32.0,0.779
2024-04-28T18:42:35.000,42.1,12.42,0.0,0.0,20.38,8973,70.27,-33.0,0.779
2024-04-28T18:44:35.000,42.5,12.94,0.0,0.0,20.38,8975,70.46,-33.0,0.779
2024-04-28T18:45:35.000,42.41,13.04,0.0,0.0,20.38,8976,70.56,-33.0,0.779
2024-04-28T18:46:35.000,42.5,12.94,0.0,0.0,20.38,8977,70.65,-33.0,0.779
2024-04-28T18:51:37.000,42.12,13.5,0.0,0.0,20.38,8982,71.08,-34.0,0.779
2024-04-28T18:52:37.000,42.27,13.04,0.0,0.0,20.38,8983,71.16,-35.0,0.779
2024-04-28T18:53:38.000,42.51,13.81,0.0,0.0,20.38,8984,71.24,-35.0,0.778
2024-04-28T18:57:38.000,42.27,11.88,0.0,0.0,20.38,8988,71.51,-35.0,0.778
2024-04-28T18:59:39.000,41.87,12.42,0.0,0.0,20.38,8990,71.64,-36.0,0.778
2024-04-28T19:00:39.000,41.67,11.8,0.0,0.0,20.38,8991,71.7,-36.0,0.778
2024-04-28T19:01:39.000,41.63,12.14,0.0,0.0,20.38,8992,71.75,-36.0,0.778
2024-04-28T19:07:41.000,42.54,13.38,0.0,0.0,20.38,8998,72.03,-37.0,0.778
2024-04-28T19:08:40.000,42.84,13.57,0.0,0.0,20.38,8999,72.06,-38.0,0.778
2024-04-28T19:09:41.000,43.06,12.91,0.0,0.0,20.38,9000,72.09,-38.0,0.777
2024-04-28T19:11:46.000,42.43,11.31,0.0,0.0,20.38,9002,72.15,-38.0,0.777
2024-04-28T19:12:47.000,41.98,11.23,0.0,0.0,20.38,9003,72.18,-38.0,0.777
2024-04-28T19:13:47.000,42.05,12.72,0.0,0.0,20.38,9004,72.2,-39.0,0.777
2024-04-28T19:18:51.000,43.11,12.02,0.0,0.0,20.38,9009,72.26,-40.0,0.777
2024-04-28T19:19:51.000,42.87,10.39,0.0,0.0,20.38,9010,72.27,-40.0,0.777
2024-04-28T19:20:51.000,42.28,9.63,0.0,0.0,20.38,9011,72.27,-40.0,0.777
2024-04-28T19:22:51.000,42.6,12.22,0.0,0.0,20.38,9013,72.26,-40.0,0.777
2024-04-28T19:24:52.000,42.0,10.94,0.0,0.0,20.38,9015,72.24,-41.0,0.777
2024-04-28T19:25:52.000,41.98,11.65,0.0,0.0,20.38,9016,72.22,-41.0,0.776
2024-04-28T19:26:53.000,42.13,11.91,0.0,0.0,20.38,9017,72.21,-41.0,0.776
2024-04-28T20:10:00.000,42.19,11.39,0.0,0.0,20.38,9060,68.98,-50.0,0.774
2024-04-28T20:11:00.000,42.37,10.99,0.0,0.0,20.38,9061,68.86,-50.0,0.774
2024-04-28T20:12:01.000,42.51,11.04,0.0,0.0,20.38,9062,68.73,-50.0,0.774
2024-04-28T20:15:03.000,42.23,10.18,0.0,0.0,20.38,9065,68.34,-51.0,0.773
2024-04-28T20:16:03.000,41.84,9.34,0.0,0.0,20.38,9066,68.21,-51.0,0.773
2024-04-28T20:17:04.000,41.63,9.52,0.0,0.0,20.38,9067,68.07,-51.0,0.773
2024-04-28T20:26:05.000,42.2,9.19,0.0,0.0,20.38,9076,66.81,-53.0,0.773
2024-04-28T20:27:05.000,42.05,9.82,0.0,0.0,20.38,9077,66.66,-53.0,0.773
2024-04-28T20:28:06.000,41.92,9.74,0.0,0.0,20.38,9078,66.51,-53.0,0.773
2024-04-28T20:30:06.000,41.86,10.48,0.0,0.0,20.38,9080,66.21,-54.0,0.773
2024-04-28T20:31:07.000,41.72,9.89,0.0,0.0,20.38,9081,66.05,-54.0,0.772
2024-04-28T20:32:07.000,41.75,10.0,0.0,0.0,20.38,9082,65.9,-54.0,0.772
2024-04-28T20:33:07.000,41.59,9.75,0.0,0.0,20.38,9083,65.74,-54.0,0.772
2024-04-28T20:34:07.000,41.26,8.7,0.0,0.0,20.38,9084,65.59,-55.0,0.772
2024-04-28T20:35:07.000,41.17,9.64,0.0,0.0,20.38,9085,65.43,-55.0,0.772
2024-04-28T20:37:09.000,40.57,8.59,0.0,0.0,20.38,9087,65.11,-55.0,0.772
2024-04-28T20:38:09.000,40.6,9.81,0.0,0.0,20.38,9088,64.95,-55.0,0.772
2024-04-28T20:39:09.000,40.25,8.23,0.0,0.0,20.38,9089,64.79,-56.0,0.772
2024-04-28T21:08:16.000,42.14,10.19,0.0,0.0,20.38,9118,59.72,-61.0,0.77
2024-04-28T21:09:16.000,42.34,10.57,0.0,0.0,20.38,9119,59.54,-62.0,0.77
2024-04-28T21:10:16.000,42.3,9.65,0.0,0.0,20.38,9120,59.35,-62.0,0.77
2024-04-28T21:12:17.000,42.32,10.6,0.0,0.0,20.38,9122,58.98,-62.0,0.77
2024-04-28T21:13:17.000,42.51,10.54,0.0,0.0,20.38,9123,58.79,-62.0,0.77
2024-04-28T21:15:17.000,42.62,10.17,0.0,0.0,20.38,9125,58.42,-63.0,0.77
2024-04-28T21:18:17.000,42.31,9.03,0.0,0.0,20.38,9128,57.85,-63.0,0.77
2024-04-28T21:19:17.000,42.14,9.2,0.0,0.0,20.38,9129,57.66,-64.0,0.769
2024-04-28T21:20:18.000,41.8,8.79,0.0,0.0,20.38,9130,57.47,-64.0,0.769
2024-04-28T21:49:40.000,34.0,4.44,0.0,0.0,20.38,9159,51.73,-70.0,0.768
2024-04-28T21:50:40.000,33.89,4.52,0.0,0.0,20.38,9160,51.53,-70.0,0.767
2024-04-28T21:51:41.000,33.87,5.16,0.0,0.0,20.38,9161,51.32,-70.0,0.767
2024-04-28T21:53:41.000,33.7,4.67,0.0,0.0,20.38,9163,50.92,-70.0,0.767
2024-04-28T21:54:41.000,33.61,4.77,0.0,0.0,20.38,9164,50.72,-71.0,0.767
2024-04-28T21:55:41.000,33.53,4.82,0.0,0.0,20.38,9165,50.52,-71.0,0.767
2024-04-28T21:59:43.000,33.48,4.98,0.0,0.0,20.38,9169,49.7,-72.0,0.767
2024-04-28T22:00:42.000,33.27,4.48,0.0,0.0,20.38,9170,49.5,-72.0,0.767
2024-04-28T22:01:43.000,33.06,4.37,0.0,0.0,20.38,9171,49.29,-72.0,0.767
2024-04-28T22:14:44.000,32.39,5.17,0.0,0.0,20.38,9184,46.64,-75.0,0.766
2024-04-28T22:15:45.000,32.44,5.37,0.0,0.0,20.38,9185,46.43,-75.0,0.766
2024-04-28T22:16:45.000,32.58,5.37,0.0,0.0,20.38,9186,46.22,-75.0,0.766
2024-04-28T22:18:46.000,32.44,5.06,0.0,0.0,20.38,9188,45.81,-75.0,0.766
2024-04-28T22:24:46.000,31.98,5.04,0.0,0.0,20.38,9194,44.57,-77.0,0.765
2024-04-28T22:25:47.000,32.06,5.33,0.0,0.0,20.38,9195,44.36,-77.0,0.765
2024-04-28T22:27:47.000,32.23,5.84,0.0,0.0,20.38,9197,43.94,-77.0,0.765
2024-04-28T22:28:47.000,32.3,5.51,0.0,0.0,20.38,9198,43.73,-77.0,0.765
2024-04-28T22:29:47.000,32.29,5.31,0.0,0.0,20.38,9199,43.53,-78.0,0.765
2024-04-28T22:30:47.000,32.22,5.18,0.0,0.0,20.38,9200,43.32,-78.0,0.765
2024-04-28T22:32:47.000,32.11,4.76,0.0,0.0,20.38,9202,42.9,-78.0,0.765
2024-04-28T22:34:47.000,32.03,5.11,0.0,0.0,20.38,9204,42.49,-79.0,0.765
2024-04-28T22:35:47.000,31.89,4.64,0.0,0.0,20.38,9205,42.28,-79.0,0.765
2024-04-28T22:37:47.000,31.65,4.68,0.0,0.0,20.38,9207,41.86,-79.0,0.765
2024-04-28T22:38:47.000,31.53,4.67,0.0,0.0,20.38,9208,41.65,-79.0,0.764
2024-04-28T22:39:47.000,31.44,4.83,0.0,0.0,20.38,9209,41.45,-80.0,0.764
2024-04-28T23:09:53.000,31.21,5.11,0.0,0.0,20.38,9239,35.13,-85.0,0.763
2024-04-28T23:10:53.000,31.25,5.41,0.0,0.0,20.38,9240,34.92,-85.0,0.762
2024-04-28T23:11:54.000,31.26,5.19,0.0,0.0,20.38,9241,34.7,-85.0,0.762
2024-04-28T23:13:56.000,31.08,4.86,0.0,0.0,20.38,9243,34.28,-85.0,0.762
2024-04-28T23:14:57.000,30.99,4.7,0.0,0.0,20.38,9244,34.06,-85.0,0.762
2024-04-28T23:15:57.000,31.0,4.99,0.0,0.0,20.38,9245,33.85,-86.0,0.762
2024-04-28T23:16:57.000,31.02,5.1,0.0,0.0,20.38,9246,33.64,-86.0,0.762
2024-04-28T23:17:57.000,31.01,4.83,0.0,0.0,20.38,9247,33.43,-86.0,0.762
2024-04-28T23:18:57.000,30.93,4.56,0.0,0.0,20.38,9248,33.22,-86.0,0.762
2024-04-28T23:21:59.000,30.78,4.38,0.0,0.0,20.38,9251,32.58,-86.0,0.762
2024-04-28T23:22:59.000,30.62,4.57,0.0,0.0,20.38,9252,32.37,-86.0,0.762
2024-04-28T23:23:59.000,30.66,5.28,0.0,0.0,20.38,9253,32.15,-86.0,0.762
2024-04-28T23:24:59.000,30.68,4.98,0.0,0.0,20.38,9254,31.94,-86.0,0.762
2024-04-28T23:26:59.000,30.71,5.04,0.0,0.0,20.38,9256,31.52,-86.0,0.761
2024-04-28T23:28:59.000,30.81,5.32,0.0,0.0,20.38,9258,31.1,-86.0,0.761
2024-04-28T23:29:59.000,30.9,5.62,0.0,0.0,20.38,9259,30.89,-86.0,0.761
2024-04-28T23:30:59.000,31.0,5.55,0.0,0.0,20.38,9260,30.68,-86.0,0.761
2024-04-28T23:34:00.000,30.9,5.03,0.0,0.0,20.38,9263,30.04,-86.0,0.761
2024-04-28T23:35:00.000,30.92,5.23,0.0,0.0,20.38,9264,29.83,-86.0,0.761
2024-04-28T23:36:00.000,30.93,5.11,0.0,0.0,20.38,9265,29.62,-86.0,0.761
2024-04-28T23:38:00.000,30.89,5.21,0.0,0.0,20.38,9267,29.19,-86.0,0.761
2024-04-28T23:40:00.000,30.8,4.59,0.0,0.0,20.38,9269,28.77,-85.0,0.761
2024-04-28T23:42:00.000,30.61,4.32,0.0,0.0,20.38,9271,28.35,-85.0,0.76
2024-04-28T23:43:00.000,30.48,4.36,0.0,0.0,20.38,9272,28.14,-85.0,0.76
2024-04-28T23:44:00.000,30.41,4.66,0.0,0.0,20.38,9273,27.92,-85.0,0.76
2024-04-28T23:46:01.000,30.46,4.88,0.0,0.0,20.38,9275,27.5,-85.0,0.76
2024-04-28T23:49:01.000,30.55,4.89,0.0,0.0,20.38,9278,26.86,-84.0,0.76
2024-04-28T23:51:02.000,30.56,4.62,0.0,0.0,20.38,9280,26.44,-84.0,0.76
2024-04-28T23:52:03.000,30.49,4.67,0.0,0.0,20.38,9281,26.22,-84.0,0.76
2024-04-28T23:53:03.000,30.46,4.65,0.0,0.0,20.38,9282,26.01,-84.0,0.76
2024-04-29T00:05:06.000,30.31,4.65,0.0,0.0,20.38,9294,23.47,-82.0,0.759
2024-04-29T00:06:06.000,30.34,4.67,0.0,0.0,20.38,9295,23.25,-81.0,0.759
2024-04-29T00:07:06.000,30.35,4.62,0.0,0.0,20.38,9296,23.04,-81.0,0.759
2024-04-29T00:09:06.000,30.22,4.22,0.0,0.0,20.38,9298,22.62,-81.0,0.759
2024-04-29T00:10:06.000,30.19,4.46,0.0,0.0,20.38,9299,22.41,-81.0,0.759
2024-04-29T00:11:06.000,30.17,4.36,0.0,0.0,20.38,9300,22.2,-80.0,0.759
2024-04-29T00:19:09.000,30.2,4.32,0.0,0.0,20.38,9308,20.5,-79.0,0.758
2024-04-29T00:20:10.000,30.2,4.47,0.0,0.0,20.38,9309,20.29,-79.0,0.758
2024-04-29T00:21:10.000,30.18,4.31,0.0,0.0,20.38,9310,20.08,-78.0,0.758
2024-04-29T00:23:10.000,30.21,4.53,0.0,0.0,20.38,9312,19.66,-78.0,0.758
2024-04-29T00:24:11.000,30.22,4.47,0.0,0.0,20.38,9313,19.44,-78.0,0.758
2024-04-29T00:25:11.000,30.21,4.4,0.0,0.0,20.38,9314,19.23,-78.0,0.758
2024-04-29T00:27:12.000,30.02,3.84,0.0,0.0,20.38,9316,18.81,-77.0,0.758
2024-04-29T00:33:12.000,29.49,3.74,0.0,0.0,20.38,9322,17.55,-76.0,0.757
2024-04-29T00:34:12.000,29.5,4.02,0.0,0.0,20.38,9323,17.34,-76.0,0.757
2024-04-29T00:35:13.000,29.56,4.1,0.0,0.0,20.38,9324,17.12,-76.0,0.757
2024-04-29T00:40:15.000,29.7,3.56,0.0,0.0,20.38,9329,16.07,-75.0,0.757
2024-04-29T00:41:15.000,29.65,3.69,0.0,0.0,20.38,9330,15.86,-75.0,0.757
2024-04-29T00:42:15.000,29.65,3.73,0.0,0.0,20.38,9331,15.65,-74.0,0.757
2024-04-29T00:45:19.000,29.76,3.52,0.0,0.0,20.38,9334,15.0,-74.0,0.756
2024-04-29T00:46:19.000,29.64,3.29,0.0,0.0,20.38,9335,14.8,-74.0,0.756
2024-04-29T00:47:19.000,29.55,3.25,0.0,0.0,20.38,9336,14.59,-73.0,0.756
2024-04-29T00:49:20.000,29.46,3.46,0.0,0.0,20.38,9338,14.16,-73.0,0.756
2024-04-29T00:50:26.000,29.44,3.38,0.0,0.0,20.38,9339,13.93,-73.0,0.756
2024-04-29T00:51:26.000,29.43,3.33,0.0,0.0,20.38,9340,13.73,-73.0,0.756
2024-04-29T01:11:50.000,28.44,2.12,0.0,0.0,20.38,9360,9.48,-68.0,0.755
2024-04-29T01:12:50.000,28.33,2.19,0.0,0.0,20.38,9361,9.27,-68.0,0.755
2024-04-29T01:13:50.000,28.28,2.37,0.0,0.0,20.38,9362,9.06,-68.0,0.755
2024-04-29T01:15:51.000,28.36,2.46,0.0,0.0,20.38,9364,8.65,-68.0,0.755
2024-04-29T01:16:51.000,28.29,2.15,0.0,0.0,20.38,9365,8.44,-67.0,0.754
2024-04-29T01:17:55.000,28.25,2.1,0.0,0.0,20.38,9366,8.22,-67.0,0.754
2024-04-29T01:22:55.000,27.88,2.07,0.0,0.0,20.38,9371,7.19,-66.0,0.754
2024-04-29T01:23:55.000,27.92,2.21,0.0,0.0,20.38,9372,6.98,-66.0,0.754
2024-04-29T01:24:55.000,27.94,1.98,0.0,0.0,20.38,9373,6.77,-66.0,0.754
2024-04-29T01:25:55.000,27.92,1.88,0.28,0.09,20.38,9374,6.57,-66.0,0.754
2024-04-29T01:26:55.000,27.89,1.84,0.0,0.0,20.38,9375,6.36,-65.0,0.754
2024-04-29T01:27:56.000,27.89,1.95,0.22,0.09,20.38,9376,6.15,-65.0,0.754
2024-04-29T01:29:56.000,27.92,1.8,0.0,0.0,20.38,9378,5.74,-65.0,0.754
2024-04-29T01:31:56.000,27.88,1.68,0.0,0.0,20.38,9380,5.33,-64.0,0.754
2024-04-29T01:32:56.000,27.85,1.67,0.0,0.0,20.38,9381,5.13,-64.0,0.753
2024-04-29T01:33:56.000,27.82,1.59,0.0,0.0,20.38,9382,4.92,-64.0,0.753
2024-04-29T01:34:56.000,27.79,1.6,0.0,0.0,20.38,9383,4.72,-64.0,0.753
2024-04-29T01:38:56.000,27.48,1.05,0.0,0.0,20.38,9387,3.9,-63.0,0.753
2024-04-29T01:40:56.000,27.32,0.99,0.0,0.0,20.38,9389,3.49,-63.0,0.753
2024-04-29T01:41:57.000,27.22,0.8,0.0,0.0,20.38,9390,3.28,-62.0,0.753
2024-04-29T01:43:57.000,27.08,0.86,0.0,0.0,20.38,9392,2.87,-62.0,0.753
2024-04-29T01:45:58.000,27.03,0.86,0.0,0.0,20.38,9394,2.46,-62.0,0.753
2024-04-29T01:49:03.000,26.88,0.67,0.0,0.0,20.38,9397,1.84,-61.0,0.752
2024-04-29T01:51:05.000,26.89,0.77,0.0,0.0,20.38,9399,1.42,-61.0,0.752
2024-04-29T01:52:06.000,26.89,0.57,0.0,0.0,20.38,9400,1.22,-60.0,0.752
2024-04-29T01:53:06.000,26.84,0.51,0.0,0.0,20.38,9401,1.02,-60.0,0.752
2024-04-29T02:01:09.000,26.7,0.31,0.0,0.0,20.38,9409,-0.61,-59.0,0.752
2024-04-29T02:02:09.000,26.71,0.26,0.0,0.0,20.38,9410,-0.81,-58.0,0.752
2024-04-29T02:03:13.000,26.65,-0.04,0.0,0.0,20.38,9411,-1.03,-58.0,0.751
2024-04-29T02:04:13.000,26.56,0.04,7797.56,1.01,20.38,9412,-1.23,-58.0,0.751
2024-04-29T02:05:13.000,26.56,0.16,60022.64,8.43,20.38,9413,-1.43,-58.0,0.751
2024-04-29T02:06:15.000,26.57,0.13,52493.93,8.58,20.38,9414,-1.64,-58.0,0.751
2024-04-29T02:07:15.000,26.53,-0.24,45507.62,8.74,20.38,9415,-1.84,-57.0,0.751
2024-04-29T02:08:15.000,26.43,-0.19,39253.35,8.9,20.38,9416,-2.04,-57.0,0.751
2024-04-29T02:09:15.000,26.42,-0.27,33273.55,9.15,20.38,9417,-2.24,-57.0,0.751
2024-04-29T02:10:15.000,26.38,-0.25,28612.2,9.24,20.38,9418,-2.44,-57.0,0.751
2024-04-29T02:11:15.000,26.36,-0.3,24146.22,9.42,20.38,9419,-2.64,-57.0,0.751
2024-04-29T02:12:16.000,26.33,-0.35,20225.16,9.62,20.38,9420,-2.84,-56.0,0.751
2024-04-29T02:13:33.000,26.29,-0.32,16792.64,9.82,20.38,9421,-3.1,-56.0,0.751
2024-04-29T02:14:33.000,26.21,-0.4,13139.14,10.09,20.38,9422,-3.29,-56.0,0.751
2024-04-29T02:15:33.000,26.2,-0.39,10696.78,10.31,20.38,9423,-3.49,-56.0,0.751
2024-04-29T02:16:33.000,26.16,-0.44,8685.19,10.54,20.38,9424,-3.69,-56.0,0.751
2024-04-29T02:19:36.000,26.0,-0.59,4436.87,11.26,20.38,9427,-4.3,-55.0,0.75
2024-04-29T02:22:36.000,25.98,-0.59,2178.13,12.04,20.38,9430,-4.89,-54.0,0.75
2024-04-29T02:23:36.000,25.94,-0.66,1710.54,12.3,20.38,9431,-5.09,-54.0,0.75
2024-04-29T02:24:36.000,25.89,-0.71,1339.49,12.57,20.38,9432,-5.29,-54.0,0.75
2024-04-29T02:25:39.000,25.86,-0.64,1048.0,12.83,20.38,9433,-5.49,-54.0,0.75
2024-04-29T02:28:42.000,25.76,-0.78,492.58,13.65,20.38,9436,-6.1,-53.0,0.75
2024-04-29T02:30:44.000,25.71,-0.89,299.62,14.19,20.38,9438,-6.5,-53.0,0.75
2024-04-29T02:32:53.000,25.67,-0.8,180.09,14.74,20.38,9440,-6.92,-52.0,0.75
2024-04-29T02:33:53.000,25.65,-0.89,140.22,15.02,20.38,9441,-7.11,-52.0,0.75
2024-04-29T02:34:55.000,25.64,-0.87,110.41,15.27,20.38,9442,-7.31,-52.0,0.749
2024-04-29T02:35:55.000,25.63,-0.91,87.33,15.53,20.38,9443,-7.51,-52.0,0.749
2024-04-29T02:36:54.000,25.6,-1.02,69.55,15.78,20.38,9444,-7.7,-51.0,0.749
2024-04-29T02:37:55.000,25.57,-1.03,55.77,16.02,20.38,9445,-7.9,-51.0,0.749
2024-04-29T02:38:57.000,25.54,-1.1,45.22,16.24,20.38,9446,-8.1,-51.0,0.749
2024-04-29T02:39:57.000,25.52,-1.07,36.88,16.46,20.38,9447,-8.3,-51.0,0.749
2024-04-29T02:45:00.000,25.49,-1.26,14.77,17.46,20.38,9452,-9.27,-50.0,0.749
2024-04-29T02:51:06.000,25.3,-1.47,5.85,18.46,20.38,9458,-10.45,-49.0,0.748
2024-04-29T02:52:06.000,25.26,-1.41,5.12,18.61,20.38,9459,-10.64,-48.0,0.748
2024-04-29T02:53:06.000,25.23,-1.39,4.53,18.74,20.38,9460,-10.83,-48.0,0.748
2024-04-29T02:54:09.000,25.22,-1.37,4.0,18.88,20.38,9461,-11.03,-48.0,0.748
2024-04-29T02:57:12.000,25.13,-1.56,2.89,19.23,20.38,9464,-11.62,-47.0,0.748
2024-04-29T03:00:13.000,25.05,-1.48,2.27,19.49,20.38,9467,-12.19,-47.0,0.748
