Downloads/jupyter/ECSV/stars19/stars19_2023-02.ecsv
# %ECSV 1.0
# ---
# datatype:
# - {name: time, datatype: string}
# - {name: Enclosure Temperature, unit: deg_C, datatype: float64}
# - {name: Sky Temperature, unit: deg_C, datatype: float64}
# - {name: Frequency, unit: Hz, datatype: float64}
# - {name: MSAS, unit: mag / arcsec2, datatype: float64}
# - {name: ZP, datatype: float64}
# - {name: Sequence Number, datatype: int64}
# - {name: Sun Alt, unit: deg, datatype: float64}
# - {name: Moon Alt, unit: deg, datatype: float64}
# - {name: Moon Illumination, datatype: float64}
# delimiter: ','
# meta: !!omap
# - ida:
#     Data supplier: {affiliation: null, observer: null}
#     Device type: TESS-W
#     Field of view: 17.0
#     Filters per channel: None
#     Instrument ID: stars19
#     License: ODbL 1.0 http://opendatacommons.org/licenses/odbl/summary/
#     Local timezone: America/Phoenix
#     Location name: {country: '- Tucson', place: Tucson, region: United States, sub_region: Arizona, town: Pima County}
#     Measurement direction per channel: {azimuth: 0.0, zenital: 0.0}
#     Moving / Fixed look direction: FIXED
#     Moving / Stationary position: STATIONARY
#     Number of channels: 1
#     Number of fields per line: 8
#     Number of header lines: 35
#     Position: {height: 0.0, latitude: 32.223877, longitude: -110.767532}
#     TESS MAC address: 18:FE:34:CF:EC:06
#     TESS cover offset value: 0.0
#     TESS firmware version: '1.0'
#     TESS zero point: 20.38
#     Time Synchronization: timestamp added by MQTT subscriber
#     URL: http://www.darksky.org/NSBM/sdf1.0.pdf
# - __serialized_columns__:
#     Enclosure Temperature:
#       __class__: astropy.units.quantity.Quantity
#       unit: &id001 !astropy.units.Unit {unit: deg_C}
#       value: !astropy.table.SerializedColumn {name: Enclosure Temperature}
#     Frequency:
#       __class__: astropy.units.quantity.Quantity
#       unit: !astropy.units.Unit {unit: Hz}
#       value: !astropy.table.SerializedColumn {name: Frequency}
#     MSAS:
#       __class__: astropy.units.quantity.Quantity
#       unit: !astropy.units.Unit {unit: mag / arcsec2}
#       value: !astropy.table.SerializedColumn {name: MSAS}
#     Moon Alt:
#       __class__: astropy.units.quantity.Quantity
#       unit: &id002 !astropy.units.Unit {unit: deg}
#       value: !astropy.table.SerializedColumn {name: Moon Alt}
#     Sky Temperature:
#       __class__: astropy.units.quantity.Quantity
#       unit: *id001
#       value: !astropy.table.SerializedColumn {name: Sky Temperature}
#     Sun Alt:
#       __class__: astropy.units.quantity.Quantity
#       unit: *id002
#       value: !astropy.table.SerializedColumn {name: Sun Alt}
#     time:
#       __class__: astropy.time.core.Time
#       format: isot
#       in_subfmt: '*'
#       out_subfmt: '*'
#       precision: 3
#       scale: utc
#       value: !astropy.table.SerializedColumn {name: time}
# schema: astropy-2.0
time,Enclosure Temperature,Sky Temperature,Frequency,MSAS,ZP,Sequence Number,Sun Alt,Moon Alt,Moon Illumination
[from data line 11309]
2023-02-14T06:08:07.000,10.33,4.56,10.14,17.87,20.38,52000,-62.05,-33.0,0.437
2023-02-14T06:09:07.000,9.92,4.28,12.1,17.67,20.38,52001,-62.22,-33.0,0.437
2023-02-14T06:10:07.000,9.93,5.02,11.91,17.69,20.38,52002,-62.38,-33.0,0.437
2023-02-14T06:11:07.000,10.45,5.28,11.53,17.73,20.38,52003,-62.54,-32.0,0.437
2023-02-14T06:12:08.000,10.33,4.32,12.43,17.64,20.38,52004,-62.71,-32.0,0.437
2023-02-14T06:13:08.000,9.84,3.91,13.24,17.58,20.38,52005,-62.87,-32.0,0.437
2023-02-14T06:14:08.000,9.92,4.63,14.33,17.49,20.38,52006,-63.03,-32.0,0.437
2023-02-14T06:15:08.000,10.53,4.63,15.17,17.43,20.38,52007,-63.19,-32.0,0.437
2023-02-14T06:16:08.000,10.37,3.7,15.37,17.41,20.38,52008,-63.35,-31.0,0.437
2023-02-14T06:17:08.000,9.94,3.36,15.62,17.4,20.38,52009,-63.51,-31.0,0.437
2023-02-14T06:18:08.000,10.04,4.12,15.69,17.39,20.38,52010,-63.67,-31.0,0.437
2023-02-14T06:19:08.000,10.29,3.26,15.4,17.41,20.38,52011,-63.83,-31.0,0.437
2023-02-14T06:20:08.000,10.18,3.07,14.39,17.49,20.38,52012,-63.98,-31.0,0.437
2023-02-14T06:21:08.000,9.81,2.84,12.91,17.6,20.38,52013,-64.14,-31.0,0.436
2023-02-14T06:22:08.000,10.31,3.83,12.84,17.61,20.38,52014,-64.29,-30.0,0.436
2023-02-14T06:23:08.000,10.61,3.54,13.3,17.57,20.38,52015,-64.44,-30.0,0.436
2023-02-14T06:24:09.000,10.37,2.33,14.22,17.5,20.38,52016,-64.59,-30.0,0.436
2023-02-14T06:25:09.000,9.72,1.64,12.8,17.61,20.38,52017,-64.74,-30.0,0.436
2023-02-14T06:26:09.000,10.1,1.87,10.58,17.82,20.38,52018,-64.89,-30.0,0.436
2023-02-14T06:27:09.000,10.42,2.25,11.08,17.77,20.38,52019,-65.04,-29.0,0.436
2023-02-14T06:28:09.000,10.29,1.43,10.61,17.82,20.38,52020,-65.19,-29.0,0.436
2023-02-14T06:29:10.000,9.87,1.05,10.24,17.85,20.38,52021,-65.33,-29.0,0.436
2023-02-14T06:30:10.000,10.16,1.67,9.27,17.96,20.38,52022,-65.48,-29.0,0.436
2023-02-14T06:31:10.000,10.51,0.94,8.45,18.06,20.38,52023,-65.62,-29.0,0.436
2023-02-14T06:32:10.000,10.3,0.34,8.7,18.03,20.38,52024,-65.76,-28.0,0.436
2023-02-14T06:33:10.000,9.89,-0.01,8.19,18.1,20.38,52025,-65.9,-28.0,0.436
2023-02-14T06:34:10.000,10.17,0.94,7.44,18.2,20.38,52026,-66.04,-28.0,0.435
2023-02-14T06:35:10.000,10.66,0.6,8.45,18.06,20.38,52027,-66.17,-28.0,0.435
2023-02-14T06:37:16.000,9.94,-0.86,9.85,17.9,20.38,52029,-66.46,-27.0,0.435
2023-02-14T06:38:16.000,10.07,0.01,7.73,18.17,20.38,52030,-66.59,-27.0,0.435
2023-02-14T06:39:17.000,10.52,-0.99,5.26,18.58,20.38,52031,-66.72,-27.0,0.435
2023-02-14T06:40:18.000,10.52,-1.73,4.7,18.7,20.38,52032,-66.85,-27.0,0.435
2023-02-14T06:43:25.000,10.45,-1.4,6.15,18.41,20.38,52035,-67.25,-26.0,0.435
2023-02-14T06:44:25.000,10.41,-2.82,4.85,18.67,20.38,52036,-67.37,-26.0,0.435
2023-02-14T06:45:25.000,9.92,-4.23,4.38,18.78,20.38,52037,-67.49,-26.0,0.435
2023-02-14T06:46:26.000,9.99,-3.61,3.56,19.0,20.38,52038,-67.61,-26.0,0.435
2023-02-14T06:47:26.000,10.84,-4.37,3.91,18.9,20.38,52039,-67.73,-25.0,0.434
2023-02-14T06:48:26.000,10.89,-6.3,4.32,18.79,20.38,52040,-67.85,-25.0,0.434
2023-02-14T06:49:27.000,10.5,-7.23,2.97,19.21,20.38,52041,-67.96,-25.0,0.434
2023-02-14T06:50:27.000,10.07,-7.38,2.58,19.35,20.38,52042,-68.07,-25.0,0.434
2023-02-14T06:51:27.000,9.95,-6.99,2.81,19.26,20.38,52043,-68.19,-25.0,0.434
2023-02-14T06:53:27.000,10.56,-10.36,1.79,19.75,20.38,52045,-68.4,-24.0,0.434
2023-02-14T06:54:28.000,10.28,-11.51,1.48,19.95,20.38,52046,-68.51,-24.0,0.434
2023-02-14T06:55:29.000,9.78,-12.39,1.53,19.92,20.38,52047,-68.61,-24.0,0.434
2023-02-14T06:56:29.000,10.15,-10.36,1.83,19.73,20.38,52048,-68.71,-24.0,0.434
2023-02-14T06:57:29.000,10.84,-10.27,2.36,19.45,20.38,52049,-68.81,-23.0,0.434
2023-02-14T06:58:29.000,10.85,-10.33,2.79,19.27,20.38,52050,-68.91,-23.0,0.434
2023-02-14T06:59:29.000,10.48,-10.59,2.52,19.38,20.38,52051,-69.0,-23.0,0.434
2023-02-14T07:00:29.000,9.99,-11.19,2.03,19.62,20.38,52052,-69.1,-23.0,0.433
2023-02-14T07:01:30.000,10.09,-11.43,1.51,19.93,20.38,52053,-69.19,-23.0,0.433
2023-02-14T07:02:30.000,10.64,-12.93,1.28,20.11,20.38,52054,-69.28,-22.0,0.433
2023-02-14T07:03:30.000,10.57,-14.27,1.3,20.09,20.38,52055,-69.36,-22.0,0.433
2023-02-14T07:04:30.000,10.16,-14.12,1.48,19.96,20.38,52056,-69.45,-22.0,0.433
2023-02-14T07:05:30.000,9.84,-14.09,1.61,19.86,20.38,52057,-69.53,-22.0,0.433
2023-02-14T07:06:30.000,10.23,-12.88,1.64,19.84,20.38,52058,-69.61,-22.0,0.433
2023-02-14T07:07:30.000,10.82,-15.01,1.4,20.02,20.38,52059,-69.69,-21.0,0.433
2023-02-14T07:08:30.000,10.64,-16.04,1.33,20.07,20.38,52060,-69.76,-21.0,0.433
2023-02-14T07:09:30.000,10.29,-16.24,1.42,20.0,20.38,52061,-69.84,-21.0,0.433
2023-02-14T07:10:31.000,9.82,-16.46,1.5,19.94,20.38,52062,-69.91,-21.0,0.433
2023-02-14T07:11:31.000,10.35,-15.56,1.46,19.97,20.38,52063,-69.98,-21.0,0.433
2023-02-14T07:12:31.000,10.97,-16.26,1.27,20.12,20.38,52064,-70.04,-20.0,0.433
2023-02-14T07:13:31.000,10.74,-17.57,1.18,20.2,20.38,52065,-70.11,-20.0,0.432
2023-02-14T07:14:31.000,10.33,-16.67,1.19,20.19,20.38,52066,-70.17,-20.0,0.432
2023-02-14T07:15:32.000,9.92,-15.85,1.32,20.08,20.38,52067,-70.23,-20.0,0.432
2023-02-14T07:16:32.000,10.18,-13.78,1.51,19.94,20.38,52068,-70.28,-20.0,0.432
2023-02-14T07:17:32.000,10.9,-13.35,1.74,19.78,20.38,52069,-70.34,-19.0,0.432
2023-02-14T07:18:32.000,10.86,-14.0,1.9,19.68,20.38,52070,-70.39,-19.0,0.432
2023-02-14T07:19:32.000,10.52,-13.65,1.95,19.66,20.38,52071,-70.44,-19.0,0.432
2023-02-14T07:20:32.000,10.14,-12.82,2.05,19.6,20.38,52072,-70.48,-19.0,0.432
2023-02-14T07:21:32.000,9.93,-11.28,2.23,19.51,20.38,52073,-70.52,-19.0,0.432
2023-02-14T07:22:32.000,10.48,-9.09,2.34,19.46,20.38,52074,-70.57,-18.0,0.432
2023-02-14T07:23:32.000,10.89,-9.03,2.34,19.46,20.38,52075,-70.6,-18.0,0.432
2023-02-14T07:24:33.000,10.8,-9.42,1.94,19.66,20.38,52076,-70.64,-18.0,0.432
2023-02-14T07:25:33.000,10.51,-9.41,1.8,19.74,20.38,52077,-70.67,-18.0,0.432
2023-02-14T07:26:33.000,10.24,-8.43,2.24,19.51,20.38,52078,-70.7,-18.0,0.431
2023-02-14T07:27:33.000,9.97,-6.8,3.29,19.1,20.38,52079,-70.73,-18.0,0.431
2023-02-14T07:28:33.000,10.27,-4.65,4.44,18.76,20.38,52080,-70.75,-17.0,0.431
2023-02-14T07:29:33.000,10.68,-4.07,4.35,18.78,20.38,52081,-70.78,-17.0,0.431
2023-02-14T07:30:33.000,10.72,-3.57,5.94,18.45,20.38,52082,-70.8,-17.0,0.431
2023-02-14T07:31:34.000,10.52,-3.41,7.1,18.25,20.38,52083,-70.81,-17.0,0.431
2023-02-14T07:32:34.000,10.24,-3.25,5.96,18.45,20.38,52084,-70.83,-17.0,0.431
2023-02-14T07:33:34.000,9.99,-3.18,6.74,18.32,20.38,52085,-70.84,-16.0,0.431
2023-02-14T07:34:34.000,10.1,-2.86,9.07,17.99,20.38,52086,-70.85,-16.0,0.431
2023-02-14T07:35:34.000,10.77,-2.83,7.99,18.13,20.38,52087,-70.85,-16.0,0.431
2023-02-14T07:36:35.000,10.96,-2.83,5.95,18.44,20.38,52088,-70.85,-16.0,0.431
2023-02-14T07:37:36.000,10.84,-2.68,6.8,18.3,20.38,52089,-70.85,-16.0,0.431
2023-02-14T07:41:36.000,10.33,-1.77,7.26,18.23,20.38,52093,-70.83,-15.0,0.43
2023-02-14T08:30:09.000,10.64,-5.09,4.1,18.85,20.38,52141,-67.33,-6.0,0.427
2023-02-14T08:31:09.000,10.27,-5.17,4.3,18.8,20.38,52142,-67.2,-6.0,0.427
2023-02-14T08:32:09.000,10.0,-4.58,4.28,18.8,20.38,52143,-67.08,-5.0,0.427
2023-02-14T08:33:09.000,10.3,-3.47,4.99,18.64,20.38,52144,-66.95,-5.0,0.426
2023-02-14T08:34:09.000,10.8,-3.56,6.12,18.41,20.38,52145,-66.82,-5.0,0.426
2023-02-14T08:35:10.000,10.83,-4.27,6.9,18.28,20.38,52146,-66.69,-5.0,0.426
2023-02-14T08:36:10.000,10.56,-4.87,6.13,18.42,20.38,52147,-66.56,-5.0,0.426
2023-02-14T08:38:15.000,10.03,-5.05,4.53,18.74,20.38,52149,-66.28,-4.0,0.426
2023-02-14T08:39:15.000,10.13,-4.49,4.13,18.84,20.38,52150,-66.15,-4.0,0.426
2023-02-14T08:40:16.000,10.63,-4.71,4.27,18.81,20.38,52151,-66.01,-4.0,0.426
2023-02-14T08:41:16.000,10.69,-4.62,5.19,18.59,20.38,52152,-65.87,-4.0,0.426
2023-02-14T08:43:22.000,10.21,-3.64,7.15,18.25,20.38,52154,-65.57,-3.0,0.426
2023-02-14T08:44:22.000,9.99,-3.36,8.01,18.12,20.38,52155,-65.43,-3.0,0.426
2023-02-14T08:45:22.000,10.42,-2.96,8.02,18.12,20.38,52156,-65.29,-3.0,0.426
2023-02-14T08:46:22.000,10.76,-3.87,7.15,18.25,20.38,52157,-65.14,-3.0,0.425
2023-02-14T08:47:22.000,10.62,-4.75,4.51,18.76,20.38,52158,-64.99,-3.0,0.425
2023-02-14T08:48:22.000,10.41,-4.68,3.52,19.01,20.38,52159,-64.85,-2.0,0.425
2023-02-14T08:49:23.000,10.2,-4.7,3.99,18.89,20.38,52160,-64.7,-2.0,0.425
2023-02-14T08:50:24.000,10.0,-4.75,5.89,18.46,20.38,52161,-64.54,-2.0,0.425
2023-02-14T08:51:24.000,10.24,-4.04,6.55,18.34,20.38,52162,-64.39,-2.0,0.425
2023-02-14T08:52:24.000,10.84,-3.81,5.76,18.48,20.38,52163,-64.24,-2.0,0.425
2023-02-14T08:53:24.000,10.94,-3.81,4.82,18.67,20.38,52164,-64.09,-2.0,0.425
2023-02-14T08:55:25.000,10.54,-3.64,5.61,18.51,20.38,52166,-63.77,-1.0,0.425
2023-02-14T08:56:25.000,10.28,-3.56,7.24,18.23,20.38,52167,-63.62,-1.0,0.425
2023-02-14T08:57:25.000,10.05,-3.25,8.32,18.08,20.38,52168,-63.46,-1.0,0.425
2023-02-14T08:58:25.000,10.01,-3.29,7.35,18.22,20.38,52169,-63.3,-1.0,0.425
2023-02-14T08:59:25.000,10.49,-3.33,6.07,18.42,20.38,52170,-63.14,-0.0,0.424
2023-02-14T09:00:25.000,10.77,-3.45,6.14,18.41,20.38,52171,-62.98,-0.0,0.424
2023-02-14T09:01:27.000,10.74,-3.26,6.93,18.28,20.38,52172,-62.81,-0.0,0.424
2023-02-14T09:02:27.000,10.47,-3.3,7.41,18.21,20.38,52173,-62.65,0.0,0.424
2023-02-14T09:03:27.000,10.26,-2.79,6.69,18.32,20.38,52174,-62.49,0.0,0.424
2023-02-14T09:04:27.000,10.11,-2.99,7.5,18.19,20.38,52175,-62.32,0.0,0.424
2023-02-14T09:11:29.000,10.32,-3.54,4.86,18.66,20.38,52182,-61.14,2.0,0.424
2023-02-14T09:12:29.000,10.83,-3.94,5.6,18.51,20.38,52183,-60.97,2.0,0.423
2023-02-14T09:13:30.000,10.92,-4.32,5.87,18.46,20.38,52184,-60.79,2.0,0.423
2023-02-14T09:16:30.000,10.31,-5.05,4.39,18.78,20.38,52187,-60.27,3.0,0.423
2023-02-14T09:24:30.000,9.99,-3.52,7.06,18.27,20.38,52195,-58.85,4.0,0.423
2023-02-14T09:25:31.000,10.51,-2.96,5.4,18.55,20.38,52196,-58.67,4.0,0.422
2023-02-14T09:26:31.000,10.79,-2.92,6.1,18.42,20.38,52197,-58.49,4.0,0.422
2023-02-14T09:27:31.000,10.66,-2.6,7.34,18.22,20.38,52198,-58.31,4.0,0.422
2023-02-14T09:28:31.000,10.48,-2.26,8.95,18.0,20.38,52199,-58.13,5.0,0.422
2023-02-14T09:29:31.000,10.32,-2.18,7.82,18.15,20.38,52200,-57.94,5.0,0.422
2023-02-14T09:30:31.000,10.18,-2.4,6.68,18.32,20.38,52201,-57.76,5.0,0.422
2023-02-14T09:31:31.000,9.97,-2.79,6.32,18.38,20.38,52202,-57.58,5.0,0.422
2023-02-14T09:32:32.000,10.29,-1.84,6.2,18.4,20.38,52203,-57.39,5.0,0.422
2023-02-14T09:33:32.000,10.97,-1.84,6.78,18.3,20.38,52204,-57.21,5.0,0.422
2023-02-14T09:34:32.000,11.06,-2.11,7.98,18.13,20.38,52205,-57.02,6.0,0.422
2023-02-14T09:35:33.000,10.92,-1.97,8.43,18.07,20.38,52206,-56.83,6.0,0.422
2023-02-14T09:36:33.000,10.72,-1.77,9.26,17.97,20.38,52207,-56.64,6.0,0.422
2023-02-14T09:38:33.000,10.27,-1.91,12.25,17.66,20.38,52209,-56.27,6.0,0.422
2023-02-14T09:39:33.000,10.0,-2.05,11.4,17.74,20.38,52210,-56.08,7.0,0.421
2023-02-14T09:40:33.000,10.23,-1.39,9.36,17.95,20.38,52211,-55.89,7.0,0.421
2023-02-14T09:41:33.000,10.7,-1.62,7.65,18.17,20.38,52212,-55.71,7.0,0.421
2023-02-14T09:42:33.000,10.76,-2.16,6.91,18.28,20.38,52213,-55.52,7.0,0.421
2023-02-14T09:43:33.000,10.64,-2.5,7.1,18.25,20.38,52214,-55.33,7.0,0.421
2023-02-14T09:44:33.000,10.48,-2.58,7.21,18.24,20.38,52215,-55.14,7.0,0.421
2023-02-14T09:45:33.000,10.22,-2.6,6.8,18.3,20.38,52216,-54.95,8.0,0.421
2023-02-14T09:46:33.000,10.0,-2.29,8.59,18.05,20.38,52217,-54.76,8.0,0.421
2023-02-14T09:47:33.000,10.25,-1.32,9.91,17.89,20.38,52218,-54.56,8.0,0.421
2023-02-14T09:48:34.000,10.79,-1.75,8.78,18.02,20.38,52219,-54.37,8.0,0.421
2023-02-14T09:50:35.000,10.76,-2.05,8.74,18.03,20.38,52221,-53.98,8.0,0.421
2023-02-14T09:51:35.000,10.51,-2.28,9.26,17.96,20.38,52222,-53.79,9.0,0.421
2023-02-14T09:52:35.000,10.16,-2.49,9.23,17.97,20.38,52223,-53.59,9.0,0.42
2023-02-14T09:54:41.000,10.55,-1.74,7.98,18.13,20.38,52225,-53.19,9.0,0.42
2023-02-14T09:55:41.000,10.94,-2.44,7.48,18.2,20.38,52226,-52.99,9.0,0.42
2023-02-14T09:56:41.000,10.8,-2.85,7.84,18.14,20.38,52227,-52.8,9.0,0.42
2023-02-14T09:57:41.000,10.49,-2.97,8.19,18.1,20.38,52228,-52.6,10.0,0.42
2023-02-14T09:58:41.000,10.17,-3.23,7.07,18.26,20.38,52229,-52.41,10.0,0.42
2023-02-14T09:59:41.000,9.97,-3.0,5.62,18.51,20.38,52230,-52.21,10.0,0.42
2023-02-14T10:00:42.000,10.45,-2.65,5.63,18.5,20.38,52231,-52.01,10.0,0.42
2023-02-14T10:01:41.000,10.72,-2.76,7.11,18.26,20.38,52232,-51.82,10.0,0.42
2023-02-14T10:02:41.000,10.59,-2.61,9.22,17.97,20.38,52233,-51.62,10.0,0.42
2023-02-14T10:03:41.000,10.3,-2.39,10.35,17.84,20.38,52234,-51.43,10.0,0.42
2023-02-14T10:04:41.000,10.02,-2.08,10.28,17.85,20.38,52235,-51.23,11.0,0.42
2023-02-14T10:05:42.000,10.18,-1.28,9.81,17.9,20.38,52236,-51.03,11.0,0.419
2023-02-14T10:06:42.000,10.68,-1.4,10.28,17.85,20.38,52237,-50.83,11.0,0.419
2023-02-14T10:07:42.000,10.72,-1.76,9.89,17.89,20.38,52238,-50.63,11.0,0.419
2023-02-14T10:08:42.000,10.52,-1.97,9.14,17.98,20.38,52239,-50.43,11.0,0.419
2023-02-14T10:09:42.000,10.23,-2.26,9.46,17.94,20.38,52240,-50.23,11.0,0.419
2023-02-14T10:10:42.000,9.97,-2.14,9.56,17.93,20.38,52241,-50.03,12.0,0.419
2023-02-14T10:11:42.000,10.31,-1.7,9.06,17.99,20.38,52242,-49.83,12.0,0.419
2023-02-14T10:12:42.000,10.57,-2.11,8.74,18.03,20.38,52243,-49.64,12.0,0.419
2023-02-14T10:13:42.000,10.43,-2.25,8.67,18.03,20.38,52244,-49.44,12.0,0.419
2023-02-14T10:14:42.000,10.22,-1.9,9.58,17.93,20.38,52245,-49.24,12.0,0.419
2023-02-14T10:15:42.000,10.0,-1.81,10.56,17.82,20.38,52246,-49.03,12.0,0.419
2023-02-14T10:16:43.000,10.21,-1.2,11.08,17.77,20.38,52247,-48.83,13.0,0.419
2023-02-14T10:17:43.000,10.58,-1.43,11.27,17.75,20.38,52248,-48.63,13.0,0.419
2023-02-14T10:18:43.000,10.56,-1.57,10.65,17.81,20.38,52249,-48.43,13.0,0.418
2023-02-14T10:19:43.000,10.37,-1.72,9.82,17.9,20.38,52250,-48.23,13.0,0.418
2023-02-14T10:20:43.000,10.09,-1.92,9.66,17.92,20.38,52251,-48.03,13.0,0.418
2023-02-14T10:21:44.000,9.93,-1.69,9.98,17.88,20.38,52252,-47.82,13.0,0.418
2023-02-14T10:22:44.000,10.61,-1.04,10.45,17.83,20.38,52253,-47.62,13.0,0.418
2023-02-14T10:23:44.000,10.92,-1.73,11.16,17.76,20.38,52254,-47.42,14.0,0.418
2023-02-14T10:24:44.000,10.75,-1.89,12.23,17.66,20.38,52255,-47.21,14.0,0.418
2023-02-14T10:25:44.000,10.4,-2.14,12.06,17.68,20.38,52256,-47.01,14.0,0.418
2023-02-14T10:26:44.000,10.04,-2.25,10.16,17.86,20.38,52257,-46.81,14.0,0.418
2023-02-14T10:27:44.000,10.04,-1.89,8.16,18.1,20.38,52258,-46.6,14.0,0.418
2023-02-14T10:28:44.000,10.56,-2.08,7.87,18.14,20.38,52259,-46.4,14.0,0.418
2023-02-14T10:29:44.000,10.66,-2.26,8.73,18.03,20.38,52260,-46.2,15.0,0.418
2023-02-14T10:30:44.000,10.53,-2.2,8.93,18.0,20.38,52261,-45.99,15.0,0.418
2023-02-14T10:31:44.000,10.3,-2.25,8.63,18.04,20.38,52262,-45.79,15.0,0.417
2023-02-14T10:32:44.000,10.01,-2.21,8.48,18.06,20.38,52263,-45.59,15.0,0.417
2023-02-14T10:33:44.000,10.18,-1.46,9.24,17.97,20.38,52264,-45.38,15.0,0.417
2023-02-14T10:34:45.000,10.79,-1.43,9.92,17.89,20.38,52265,-45.17,15.0,0.417
2023-02-14T10:35:45.000,10.81,-2.14,9.98,17.88,20.38,52266,-44.97,15.0,0.417
2023-02-14T10:36:46.000,10.56,-2.36,9.38,17.95,20.38,52267,-44.76,16.0,0.417
2023-02-14T10:37:47.000,10.26,-2.6,8.09,18.11,20.38,52268,-44.55,16.0,0.417
2023-02-14T10:38:47.000,9.94,-2.76,7.28,18.23,20.38,52269,-44.35,16.0,0.417
2023-02-14T10:40:53.000,10.76,-2.81,8.12,18.11,20.38,52271,-43.92,16.0,0.417
2023-02-14T10:41:53.000,10.69,-3.28,6.82,18.3,20.38,52272,-43.71,16.0,0.417
2023-02-14T10:42:54.000,10.51,-3.48,7.71,18.16,20.38,52273,-43.5,16.0,0.417
2023-02-14T10:43:53.000,10.26,-3.76,7.82,18.15,20.38,52274,-43.3,17.0,0.417
2023-02-14T10:44:53.000,9.96,-4.0,5.74,18.49,20.38,52275,-43.09,17.0,0.416
2023-02-14T10:45:54.000,10.29,-3.62,5.49,18.53,20.38,52276,-42.88,17.0,0.416
2023-02-14T10:46:54.000,10.84,-3.62,6.65,18.32,20.38,52277,-42.68,17.0,0.416
2023-02-14T10:47:54.000,10.84,-4.15,7.28,18.22,20.38,52278,-42.47,17.0,0.416
2023-02-14T10:48:54.000,10.64,-4.67,6.74,18.31,20.38,52279,-42.26,17.0,0.416
2023-02-14T10:49:54.000,10.39,-5.32,5.75,18.48,20.38,52280,-42.06,18.0,0.416
2023-02-14T10:52:01.000,9.95,-6.52,4.65,18.71,20.38,52282,-41.62,18.0,0.416
2023-02-14T10:53:01.000,10.48,-6.75,5.21,18.59,20.38,52283,-41.41,18.0,0.416
