Downloads/jupyter/ECSV/stars19/stars19_2021-11.ecsv
# %ECSV 1.0
# ---
# datatype:
# - {name: time, datatype: string}
# - {name: Enclosure Temperature, unit: deg_C, datatype: float64}
# - {name: Sky Temperature, unit: deg_C, datatype: float64}
# - {name: Frequency, unit: Hz, datatype: float64}
# - {name: MSAS, unit: mag / arcsec2, datatype: float64}
# - {name: ZP, datatype: float64}
# - {name: Sequence Number, datatype: int64}
# - {name: Sun Alt, unit: deg, datatype: float64}
# - {name: Moon Alt, unit: deg, datatype: float64}
# - {name: Moon Illumination, datatype: float64}
# delimiter: ','
# meta: !!omap
# - ida:
#     Data supplier: {affiliation: null, observer: null}
#     Device type: TESS-W
#     Field of view: 17.0
#     Filters per channel: None
#     Instrument ID: stars19
#     License: ODbL 1.0 http://opendatacommons.org/licenses/odbl/summary/
#     Local timezone: America/Phoenix
#     Location name: {country: '- Tucson', place: Tucson, region: United States, sub_region: Arizona, town: Pima County}
#     Measurement direction per channel: {azimuth: 0.0, zenital: 0.0}
#     Moving / Fixed look direction: FIXED
#     Moving / Stationary position: STATIONARY
#     Number of channels: 1
#     Number of fields per line: 8
#     Number of header lines: 35
#     Position: {height: 0.0, latitude: 32.223877, longitude: -110.767532}
#     TESS MAC address: 18:FE:34:CF:EC:06
#     TESS cover offset value: 0.0
#     TESS firmware version: '1.0'
#     TESS zero point: 20.5
#     Time Synchronization: timestamp added by MQTT subscriber
#     URL: http://www.darksky.org/NSBM/sdf1.0.pdf
# - __serialized_columns__:
#     Enclosure Temperature:
#       __class__: astropy.units.quantity.Quantity
#       unit: &id001 !astropy.units.Unit {unit: deg_C}
#       value: !astropy.table.SerializedColumn {name: Enclosure Temperature}
#     Frequency:
#       __class__: astropy.units.quantity.Quantity
#       unit: !astropy.units.Unit {unit: Hz}
#       value: !astropy.table.SerializedColumn {name: Frequency}
#     MSAS:
#       __class__: astropy.units.quantity.Quantity
#       unit: !astropy.units.Unit {unit: mag / arcsec2}
#       value: !astropy.table.SerializedColumn {name: MSAS}
#     Moon Alt:
#       __class__: astropy.units.quantity.Quantity
#       unit: &id002 !astropy.units.Unit {unit: deg}
#       value: !astropy.table.SerializedColumn {name: Moon Alt}
#     Sky Temperature:
#       __class__: astropy.units.quantity.Quantity
#       unit: *id001
#       value: !astropy.table.SerializedColumn {name: Sky Temperature}
#     Sun Alt:
#       __class__: astropy.units.quantity.Quantity
#       unit: *id002
#       value: !astropy.table.SerializedColumn {name: Sun Alt}
#     time:
#       __class__: astropy.time.core.Time
#       format: isot
#       in_subfmt: '*'
#       out_subfmt: '*'
#       precision: 3
#       scale: utc
#       value: !astropy.table.SerializedColumn {name: time}
# schema: astropy-2.0
time,Enclosure Temperature,Sky Temperature,Frequency,MSAS,ZP,Sequence Number,Sun Alt,Moon Alt,Moon Illumination
[from data line 1290]
2021-11-02T00:53:13.000,26.8,1.96,1383.12,12.53,20.5,258081,-5.05,-25.0,0.112
2021-11-02T00:54:13.000,26.75,1.99,1071.55,12.81,20.5,258082,-5.25,-25.0,0.112
2021-11-02T00:55:12.000,26.71,1.94,834.4,13.08,20.5,258083,-5.46,-25.0,0.112
2021-11-02T00:56:13.000,26.65,1.93,655.87,13.34,20.5,258084,-5.67,-25.0,0.112
2021-11-02T00:57:13.000,26.59,1.99,522.13,13.59,20.5,258085,-5.87,-25.0,0.112
2021-11-02T00:58:13.000,26.56,1.98,424.29,13.81,20.5,258086,-6.08,-26.0,0.112
2021-11-02T00:59:13.000,26.52,1.98,346.44,14.03,20.5,258087,-6.28,-26.0,0.112
2021-11-02T01:00:13.000,26.47,2.01,273.71,14.29,20.5,258088,-6.49,-26.0,0.112
2021-11-02T01:14:04.000,25.83,1.61,10.56,17.82,20.5,258101,-9.35,-29.0,0.111
2021-11-02T01:15:04.000,25.79,1.62,9.0,18.0,20.5,258102,-9.56,-29.0,0.111
2021-11-02T01:20:04.000,25.62,1.51,4.23,18.82,20.5,258107,-10.59,-30.0,0.111
2021-11-02T01:21:04.000,25.56,1.47,3.74,18.95,20.5,258108,-10.8,-30.0,0.111
2021-11-02T01:22:04.000,25.52,1.47,3.36,19.07,20.5,258109,-11.01,-30.0,0.111
2021-11-02T01:25:04.000,25.42,1.39,2.55,19.36,20.5,258112,-11.63,-31.0,0.111
2021-11-02T01:26:05.000,25.37,1.37,2.39,19.44,20.5,258113,-11.85,-31.0,0.111
2021-11-02T01:27:04.000,25.33,1.34,2.25,19.5,20.5,258114,-12.05,-31.0,0.11
2021-11-02T01:28:05.000,25.29,1.33,2.14,19.55,20.5,258115,-12.26,-31.0,0.11
2021-11-02T01:29:05.000,25.25,1.33,2.06,19.6,20.5,258116,-12.47,-31.0,0.11
2021-11-02T01:30:05.000,25.21,1.32,1.98,19.64,20.5,258117,-12.68,-32.0,0.11
2021-11-02T01:31:05.000,25.17,1.28,1.9,19.68,20.5,258118,-12.89,-32.0,0.11
2021-11-02T01:32:05.000,25.13,1.26,1.84,19.72,20.5,258119,-13.1,-32.0,0.11
2021-11-02T01:33:05.000,25.11,1.28,1.81,19.73,20.5,258120,-13.31,-32.0,0.11
2021-11-02T01:34:05.000,25.07,1.3,1.8,19.74,20.5,258121,-13.52,-32.0,0.11
2021-11-02T01:35:05.000,25.03,1.27,1.82,19.73,20.5,258122,-13.72,-32.0,0.11
2021-11-02T01:36:05.000,25.0,1.32,1.84,19.72,20.5,258123,-13.93,-33.0,0.11
2021-11-02T01:38:05.000,24.95,1.23,1.79,19.75,20.5,258125,-14.35,-33.0,0.11
2021-11-02T01:39:05.000,24.91,1.21,1.67,19.82,20.5,258126,-14.56,-33.0,0.11
2021-11-02T01:40:05.000,24.9,1.29,1.63,19.85,20.5,258127,-14.77,-33.0,0.11
2021-11-02T01:41:06.000,24.87,1.16,1.59,19.88,20.5,258128,-14.98,-34.0,0.11
2021-11-02T01:42:06.000,24.83,1.15,1.57,19.89,20.5,258129,-15.19,-34.0,0.11
2021-11-02T01:43:06.000,24.8,1.2,1.56,19.9,20.5,258130,-15.4,-34.0,0.11
2021-11-02T01:44:06.000,24.77,1.08,1.54,19.91,20.5,258131,-15.61,-34.0,0.11
2021-11-02T01:45:06.000,24.74,1.1,1.53,19.92,20.5,258132,-15.82,-34.0,0.11
2021-11-02T01:46:06.000,24.73,1.12,1.51,19.93,20.5,258133,-16.03,-34.0,0.11
2021-11-02T01:47:06.000,24.71,1.07,1.51,19.94,20.5,258134,-16.24,-35.0,0.109
2021-11-02T01:48:06.000,24.69,1.02,1.51,19.93,20.5,258135,-16.45,-35.0,0.109
2021-11-02T01:49:06.000,24.66,0.98,1.51,19.93,20.5,258136,-16.66,-35.0,0.109
2021-11-02T01:50:06.000,24.64,0.98,1.52,19.93,20.5,258137,-16.87,-35.0,0.109
2021-11-02T01:51:06.000,24.62,1.02,1.52,19.93,20.5,258138,-17.08,-35.0,0.109
2021-11-02T01:52:06.000,24.6,0.93,1.52,19.93,20.5,258139,-17.29,-36.0,0.109
2021-11-02T01:53:10.000,24.58,0.95,1.51,19.93,20.5,258140,-17.51,-36.0,0.109
2021-11-02T01:54:10.000,24.55,0.86,1.5,19.94,20.5,258141,-17.72,-36.0,0.109
2021-11-02T01:56:10.000,24.51,0.95,1.46,19.97,20.5,258143,-18.15,-36.0,0.109
2021-11-02T02:03:11.000,24.36,0.84,1.5,19.94,20.5,258150,-19.62,-37.0,0.109
2021-11-02T02:05:11.000,24.3,0.83,1.52,19.93,20.5,258152,-20.04,-38.0,0.109
2021-11-02T02:06:11.000,24.28,0.87,1.57,19.89,20.5,258153,-20.25,-38.0,0.109
2021-11-02T02:07:12.000,24.26,0.91,1.67,19.83,20.5,258154,-20.47,-38.0,0.108
2021-11-02T02:09:12.000,24.22,0.87,1.87,19.7,20.5,258156,-20.89,-38.0,0.108
2021-11-02T02:10:12.000,24.22,0.88,1.71,19.8,20.5,258157,-21.1,-39.0,0.108
2021-11-02T02:11:13.000,24.21,0.77,1.66,19.83,20.5,258158,-21.32,-39.0,0.108
2021-11-02T02:12:12.000,24.2,0.8,1.59,19.88,20.5,258159,-21.52,-39.0,0.108
2021-11-02T02:13:12.000,24.18,0.77,1.53,19.92,20.5,258160,-21.73,-39.0,0.108
2021-11-02T02:14:13.000,24.17,0.68,1.51,19.94,20.5,258161,-21.95,-39.0,0.108
2021-11-02T02:15:13.000,24.14,0.61,1.5,19.94,20.5,258162,-22.16,-39.0,0.108
2021-11-02T02:16:13.000,24.13,0.62,1.49,19.94,20.5,258163,-22.37,-40.0,0.108
2021-11-02T02:17:13.000,24.13,0.6,1.5,19.94,20.5,258164,-22.58,-40.0,0.108
2021-11-02T02:18:13.000,24.12,0.54,1.53,19.92,20.5,258165,-22.79,-40.0,0.108
2021-11-02T02:19:13.000,24.09,0.49,1.55,19.9,20.5,258166,-23.0,-40.0,0.108
2021-11-02T02:20:13.000,24.08,0.51,1.56,19.89,20.5,258167,-23.22,-40.0,0.108
2021-11-02T02:21:13.000,24.02,0.23,1.58,19.89,20.5,258168,-23.43,-40.0,0.108
2021-11-02T02:22:13.000,23.96,0.23,1.58,19.88,20.5,258169,-23.64,-41.0,0.108
2021-11-02T02:23:13.000,23.9,0.25,1.58,19.89,20.5,258170,-23.85,-41.0,0.108
2021-11-02T02:24:13.000,23.87,0.35,1.57,19.89,20.5,258171,-24.06,-41.0,0.108
2021-11-02T02:25:14.000,23.85,0.28,1.56,19.9,20.5,258172,-24.28,-41.0,0.108
2021-11-02T02:26:14.000,23.8,0.29,1.56,19.9,20.5,258173,-24.49,-41.0,0.108
2021-11-02T02:27:14.000,23.78,0.38,1.64,19.84,20.5,258174,-24.7,-41.0,0.108
2021-11-02T02:28:14.000,23.74,0.5,1.91,19.68,20.5,258175,-24.91,-42.0,0.107
2021-11-02T02:29:14.000,23.71,0.74,2.3,19.47,20.5,258176,-25.12,-42.0,0.107
2021-11-02T02:30:14.000,23.68,0.95,2.26,19.5,20.5,258177,-25.33,-42.0,0.107
2021-11-02T02:31:14.000,23.67,1.07,1.97,19.64,20.5,258178,-25.54,-42.0,0.107
2021-11-02T02:32:14.000,23.67,1.27,1.95,19.65,20.5,258179,-25.76,-42.0,0.107
2021-11-02T02:33:14.000,23.65,1.59,2.24,19.51,20.5,258180,-25.97,-42.0,0.107
2021-11-02T02:34:14.000,23.62,1.88,2.73,19.29,20.5,258181,-26.18,-43.0,0.107
2021-11-02T02:35:14.000,23.59,2.42,3.54,19.01,20.5,258182,-26.39,-43.0,0.107
2021-11-02T02:36:14.000,23.59,2.74,5.12,18.61,20.5,258183,-26.6,-43.0,0.107
2021-11-02T02:37:14.000,23.58,2.91,5.54,18.52,20.5,258184,-26.81,-43.0,0.107
2021-11-02T02:38:15.000,23.57,2.95,4.82,18.68,20.5,258185,-27.03,-43.0,0.107
2021-11-02T02:39:15.000,23.56,2.91,3.54,19.01,20.5,258186,-27.24,-43.0,0.107
2021-11-02T02:40:15.000,23.55,2.71,2.59,19.35,20.5,258187,-27.45,-43.0,0.107
2021-11-02T02:41:15.000,23.54,2.38,2.21,19.52,20.5,258188,-27.66,-44.0,0.107
2021-11-02T02:42:15.000,23.5,2.11,1.95,19.66,20.5,258189,-27.87,-44.0,0.107
2021-11-02T02:43:15.000,23.46,1.71,1.77,19.76,20.5,258190,-28.09,-44.0,0.107
2021-11-02T02:44:15.000,23.41,1.28,1.68,19.82,20.5,258191,-28.3,-44.0,0.107
2021-11-02T02:45:15.000,23.32,1.11,1.64,19.84,20.5,258192,-28.51,-44.0,0.107
2021-11-02T02:46:15.000,23.31,1.12,1.61,19.86,20.5,258193,-28.72,-44.0,0.107
2021-11-02T02:47:15.000,23.31,0.98,1.59,19.88,20.5,258194,-28.93,-45.0,0.107
2021-11-02T02:48:15.000,23.3,0.92,1.61,19.86,20.5,258195,-29.14,-45.0,0.106
2021-11-02T02:49:15.000,23.27,0.92,1.7,19.8,20.5,258196,-29.36,-45.0,0.106
2021-11-02T02:50:15.000,23.25,1.07,1.78,19.75,20.5,258197,-29.57,-45.0,0.106
2021-11-02T02:51:15.000,23.23,1.39,1.8,19.74,20.5,258198,-29.78,-45.0,0.106
2021-11-02T02:52:15.000,23.22,1.62,1.83,19.73,20.5,258199,-29.99,-45.0,0.106
2021-11-02T02:53:16.000,23.21,1.73,1.79,19.75,20.5,258200,-30.21,-45.0,0.106
2021-11-02T02:54:16.000,23.21,1.68,1.72,19.79,20.5,258201,-30.42,-46.0,0.106
2021-11-02T02:55:16.000,23.18,1.6,1.71,19.8,20.5,258202,-30.63,-46.0,0.106
2021-11-02T02:56:17.000,23.18,1.6,1.71,19.8,20.5,258203,-30.84,-46.0,0.106
2021-11-02T02:57:16.000,23.18,1.57,1.74,19.78,20.5,258204,-31.05,-46.0,0.106
2021-11-02T02:58:17.000,23.18,1.46,1.75,19.77,20.5,258205,-31.27,-46.0,0.106
2021-11-02T02:59:17.000,23.15,1.26,1.66,19.83,20.5,258206,-31.48,-46.0,0.106
2021-11-02T03:00:17.000,23.13,1.06,1.57,19.89,20.5,258207,-31.69,-46.0,0.106
2021-11-02T03:01:18.000,23.12,0.92,1.56,19.9,20.5,258208,-31.91,-47.0,0.106
2021-11-02T03:02:17.000,23.07,0.63,1.59,19.87,20.5,258209,-32.11,-47.0,0.106
2021-11-02T03:03:17.000,23.05,0.69,1.76,19.77,20.5,258210,-32.32,-47.0,0.106
2021-11-02T03:04:18.000,23.02,0.79,2.24,19.51,20.5,258211,-32.54,-47.0,0.106
2021-11-02T03:05:19.000,22.98,1.04,2.97,19.2,20.5,258212,-32.75,-47.0,0.106
2021-11-02T03:06:18.000,22.95,1.41,3.48,19.03,20.5,258213,-32.96,-47.0,0.106
2021-11-02T03:07:18.000,22.93,1.61,3.66,18.97,20.5,258214,-33.17,-47.0,0.106
2021-11-02T03:08:19.000,22.9,1.77,3.32,19.08,20.5,258215,-33.39,-47.0,0.105
2021-11-02T03:09:19.000,22.89,1.83,3.07,19.16,20.5,258216,-33.6,-48.0,0.105
2021-11-02T03:10:19.000,22.86,1.8,2.93,19.21,20.5,258217,-33.81,-48.0,0.105
2021-11-02T03:11:19.000,22.86,1.77,2.8,19.26,20.5,258218,-34.02,-48.0,0.105
2021-11-02T03:12:19.000,22.82,1.64,2.68,19.31,20.5,258219,-34.23,-48.0,0.105
2021-11-02T03:13:19.000,22.76,1.59,2.79,19.27,20.5,258220,-34.44,-48.0,0.105
2021-11-02T03:14:19.000,22.71,1.58,2.86,19.24,20.5,258221,-34.66,-48.0,0.105
2021-11-02T03:15:19.000,22.68,1.63,2.58,19.35,20.5,258222,-34.87,-48.0,0.105
2021-11-02T03:16:19.000,22.67,1.47,2.24,19.51,20.5,258223,-35.08,-49.0,0.105
2021-11-02T03:17:19.000,22.64,1.33,2.01,19.62,20.5,258224,-35.29,-49.0,0.105
2021-11-02T03:18:20.000,22.6,1.15,1.75,19.77,20.5,258225,-35.5,-49.0,0.105
2021-11-02T03:20:22.000,22.57,1.1,1.71,19.8,20.5,258227,-35.93,-49.0,0.105
2021-11-02T03:21:22.000,22.57,1.0,1.72,19.79,20.5,258228,-36.14,-49.0,0.105
2021-11-02T03:22:23.000,22.57,0.8,1.65,19.84,20.5,258229,-36.36,-49.0,0.105
2021-11-02T03:23:23.000,22.52,0.37,1.64,19.84,20.5,258230,-36.57,-49.0,0.105
2021-11-02T03:24:23.000,22.48,0.32,1.58,19.89,20.5,258231,-36.78,-49.0,0.105
2021-11-02T03:25:23.000,22.45,0.04,1.52,19.93,20.5,258232,-36.99,-50.0,0.105
2021-11-02T03:26:24.000,22.39,-0.12,1.49,19.95,20.5,258233,-37.2,-50.0,0.105
2021-11-02T03:27:24.000,22.35,-0.27,1.49,19.95,20.5,258234,-37.41,-50.0,0.105
2021-11-02T03:28:24.000,22.32,-0.23,1.51,19.93,20.5,258235,-37.62,-50.0,0.105
2021-11-02T03:29:25.000,22.29,-0.36,1.55,19.91,20.5,258236,-37.84,-50.0,0.104
2021-11-02T03:30:25.000,22.3,-0.3,1.6,19.87,20.5,258237,-38.05,-50.0,0.104
2021-11-02T03:31:25.000,22.24,-0.43,1.71,19.8,20.5,258238,-38.26,-50.0,0.104
2021-11-02T03:32:26.000,22.21,-0.36,1.8,19.74,20.5,258239,-38.47,-50.0,0.104
2021-11-02T03:33:26.000,22.21,-0.19,1.9,19.68,20.5,258240,-38.68,-51.0,0.104
2021-11-02T03:34:26.000,22.19,-0.09,2.01,19.62,20.5,258241,-38.89,-51.0,0.104
2021-11-02T03:35:26.000,22.16,0.14,2.07,19.6,20.5,258242,-39.1,-51.0,0.104
2021-11-02T03:36:26.000,22.18,0.49,2.11,19.57,20.5,258243,-39.31,-51.0,0.104
2021-11-02T03:38:33.000,22.18,0.79,2.24,19.51,20.5,258245,-39.76,-51.0,0.104
2021-11-02T03:39:32.000,22.12,0.75,2.34,19.46,20.5,258246,-39.96,-51.0,0.104
2021-11-02T03:45:33.000,22.13,1.44,2.79,19.26,20.5,258252,-41.22,-52.0,0.104
2021-11-02T03:48:33.000,22.11,1.26,2.23,19.51,20.5,258255,-41.85,-52.0,0.104
2021-11-02T03:49:33.000,22.1,1.03,1.91,19.68,20.5,258256,-42.06,-52.0,0.103
2021-11-02T03:50:33.000,22.05,0.84,1.74,19.78,20.5,258257,-42.27,-52.0,0.103
2021-11-02T03:51:33.000,22.02,0.56,1.63,19.85,20.5,258258,-42.48,-52.0,0.103
2021-11-02T03:52:34.000,22.0,0.36,1.55,19.9,20.5,258259,-42.69,-52.0,0.103
2021-11-02T03:53:34.000,21.99,0.28,1.51,19.94,20.5,258260,-42.9,-53.0,0.103
2021-11-02T03:54:34.000,21.96,-0.03,1.49,19.95,20.5,258261,-43.11,-53.0,0.103
2021-11-02T03:55:35.000,21.94,-0.06,1.48,19.95,20.5,258262,-43.32,-53.0,0.103
2021-11-02T03:56:35.000,21.87,-0.04,1.51,19.93,20.5,258263,-43.52,-53.0,0.103
2021-11-02T03:57:35.000,21.85,0.07,1.63,19.85,20.5,258264,-43.73,-53.0,0.103
2021-11-02T03:58:35.000,21.85,0.18,1.71,19.8,20.5,258265,-43.94,-53.0,0.103
2021-11-02T03:59:35.000,21.81,0.07,1.63,19.85,20.5,258266,-44.15,-53.0,0.103
2021-11-02T04:00:36.000,21.78,0.06,1.52,19.92,20.5,258267,-44.36,-53.0,0.103
2021-11-02T04:01:36.000,21.77,-0.06,1.43,19.99,20.5,258268,-44.57,-53.0,0.103
2021-11-02T04:02:37.000,21.76,-0.2,1.38,20.03,20.5,258269,-44.78,-53.0,0.103
2021-11-02T04:03:36.000,21.77,-0.24,1.37,20.04,20.5,258270,-44.98,-53.0,0.103
2021-11-02T04:04:37.000,21.76,-0.33,1.36,20.05,20.5,258271,-45.19,-53.0,0.103
2021-11-02T04:05:37.000,21.73,-0.39,1.35,20.06,20.5,258272,-45.4,-54.0,0.103
2021-11-02T04:06:37.000,21.71,-0.59,1.34,20.06,20.5,258273,-45.61,-54.0,0.103
2021-11-02T04:07:37.000,21.68,-0.74,1.32,20.08,20.5,258274,-45.81,-54.0,0.103
2021-11-02T04:08:37.000,21.66,-0.85,1.32,20.08,20.5,258275,-46.02,-54.0,0.103
2021-11-02T04:09:37.000,21.65,-0.9,1.32,20.08,20.5,258276,-46.23,-54.0,0.103
2021-11-02T04:10:37.000,21.64,-0.94,1.31,20.09,20.5,258277,-46.43,-54.0,0.102
2021-11-02T04:11:38.000,21.62,-1.06,1.31,20.09,20.5,258278,-46.64,-54.0,0.102
2021-11-02T04:12:37.000,21.58,-1.11,1.31,20.09,20.5,258279,-46.84,-54.0,0.102
2021-11-02T04:13:37.000,21.52,-1.09,1.3,20.09,20.5,258280,-47.05,-54.0,0.102
2021-11-02T04:14:38.000,21.49,-1.13,1.3,20.1,20.5,258281,-47.26,-54.0,0.102
2021-11-02T04:15:38.000,21.45,-1.17,1.3,20.1,20.5,258282,-47.46,-54.0,0.102
2021-11-02T04:16:38.000,21.45,-1.08,1.29,20.1,20.5,258283,-47.67,-54.0,0.102
2021-11-02T04:17:38.000,21.43,-1.13,1.29,20.1,20.5,258284,-47.88,-54.0,0.102
2021-11-02T04:18:38.000,21.42,-1.12,1.29,20.1,20.5,258285,-48.08,-54.0,0.102
2021-11-02T04:19:38.000,21.42,-1.04,1.29,20.1,20.5,258286,-48.28,-54.0,0.102
2021-11-02T04:20:38.000,21.42,-1.04,1.29,20.1,20.5,258287,-48.49,-55.0,0.102
2021-11-02T04:21:38.000,21.39,-1.15,1.29,20.1,20.5,258288,-48.69,-55.0,0.102
2021-11-02T04:22:38.000,21.33,-1.2,1.29,20.1,20.5,258289,-48.9,-55.0,0.102
2021-11-02T04:23:38.000,21.34,-1.21,1.29,20.1,20.5,258290,-49.1,-55.0,0.102
2021-11-02T04:25:44.000,21.3,-1.24,1.3,20.1,20.5,258292,-49.53,-55.0,0.102
2021-11-02T04:26:44.000,21.28,-1.28,1.31,20.09,20.5,258293,-49.73,-55.0,0.102
2021-11-02T04:27:44.000,21.27,-1.32,1.3,20.09,20.5,258294,-49.94,-55.0,0.102
2021-11-02T04:28:44.000,21.27,-1.4,1.31,20.09,20.5,258295,-50.14,-55.0,0.102
2021-11-02T04:29:44.000,21.25,-1.54,1.32,20.08,20.5,258296,-50.34,-55.0,0.102
2021-11-02T04:30:44.000,21.21,-1.58,1.34,20.06,20.5,258297,-50.55,-55.0,0.101
2021-11-02T04:31:49.000,21.15,-1.68,1.34,20.06,20.5,258298,-50.76,-55.0,0.101
2021-11-02T04:32:49.000,21.15,-1.63,1.31,20.08,20.5,258299,-50.97,-55.0,0.101
2021-11-02T04:33:49.000,21.14,-1.73,1.28,20.11,20.5,258300,-51.17,-55.0,0.101
2021-11-02T04:34:49.000,21.11,-1.76,1.28,20.11,20.5,258301,-51.37,-55.0,0.101
2021-11-02T04:35:49.000,21.1,-1.77,1.28,20.11,20.5,258302,-51.57,-55.0,0.101
2021-11-02T04:36:49.000,21.06,-1.79,1.28,20.11,20.5,258303,-51.77,-55.0,0.101
2021-11-02T04:37:49.000,21.03,-1.81,1.28,20.12,20.5,258304,-51.97,-55.0,0.101
2021-11-02T04:38:49.000,20.97,-1.79,1.28,20.12,20.5,258305,-52.17,-55.0,0.101
2021-11-02T04:39:49.000,20.96,-1.78,1.27,20.12,20.5,258306,-52.37,-55.0,0.101
2021-11-02T04:40:49.000,20.91,-1.82,1.27,20.12,20.5,258307,-52.57,-55.0,0.101
2021-11-02T04:41:49.000,20.88,-1.9,1.27,20.12,20.5,258308,-52.77,-55.0,0.101
2021-11-02T04:42:49.000,20.83,-1.99,1.27,20.12,20.5,258309,-52.97,-55.0,0.101
2021-11-02T04:43:49.000,20.77,-2.07,1.27,20.12,20.5,258310,-53.17,-55.0,0.101
2021-11-02T04:44:49.000,20.74,-2.03,1.27,20.12,20.5,258311,-53.37,-55.0,0.101
2021-11-02T04:45:49.000,20.71,-2.0,1.27,20.12,20.5,258312,-53.57,-55.0,0.101
2021-11-02T04:46:50.000,20.7,-1.94,1.26,20.13,20.5,258313,-53.77,-55.0,0.101
2021-11-02T04:47:50.000,20.67,-2.09,1.25,20.13,20.5,258314,-53.97,-55.0,0.101
2021-11-02T04:48:50.000,20.63,-2.04,1.25,20.14,20.5,258315,-54.17,-55.0,0.101
2021-11-02T04:49:50.000,20.62,-2.04,1.25,20.14,20.5,258316,-54.37,-56.0,0.101
2021-11-02T04:50:50.000,20.6,-2.03,1.25,20.14,20.5,258317,-54.56,-56.0,0.101
2021-11-02T04:51:50.000,20.57,-2.2,1.24,20.15,20.5,258318,-54.76,-56.0,0.1
2021-11-02T04:52:57.000,20.53,-2.12,1.24,20.15,20.5,258319,-54.98,-56.0,0.1
2021-11-02T04:53:57.000,20.52,-2.12,1.24,20.15,20.5,258320,-55.18,-56.0,0.1
2021-11-02T04:54:57.000,20.47,-2.19,1.24,20.15,20.5,258321,-55.37,-56.0,0.1
2021-11-02T04:55:57.000,20.45,-2.18,1.23,20.15,20.5,258322,-55.57,-56.0,0.1
2021-11-02T04:56:57.000,20.44,-2.24,1.24,20.15,20.5,258323,-55.76,-56.0,0.1
2021-11-02T04:57:57.000,20.4,-2.27,1.24,20.15,20.5,258324,-55.96,-56.0,0.1
2021-11-02T04:58:57.000,20.38,-2.32,1.24,20.15,20.5,258325,-56.15,-56.0,0.1
