Downloads/jupyter/ECSV/stars19/stars19_2023-07.ecsv
# %ECSV 1.0
# ---
# datatype:
# - {name: time, datatype: string}
# - {name: Enclosure Temperature, unit: deg_C, datatype: float64}
# - {name: Sky Temperature, unit: deg_C, datatype: float64}
# - {name: Frequency, unit: Hz, datatype: float64}
# - {name: MSAS, unit: mag / arcsec2, datatype: float64}
# - {name: ZP, datatype: float64}
# - {name: Sequence Number, datatype: int64}
# - {name: Sun Alt, unit: deg, datatype: float64}
# - {name: Moon Alt, unit: deg, datatype: float64}
# - {name: Moon Illumination, datatype: float64}
# delimiter: ','
# meta: !!omap
# - ida:
#     Data supplier: {affiliation: null, observer: null}
#     Device type: TESS-W
#     Field of view: 17.0
#     Filters per channel: None
#     Instrument ID: stars19
#     License: ODbL 1.0 http://opendatacommons.org/licenses/odbl/summary/
#     Local timezone: America/Phoenix
#     Location name: {country: '- Tucson', place: Tucson, region: United States, sub_region: Arizona, town: Pima County}
#     Measurement direction per channel: {azimuth: 0.0, zenital: 0.0}
#     Moving / Fixed look direction: FIXED
#     Moving / Stationary position: STATIONARY
#     Number of channels: 1
#     Number of fields per line: 8
#     Number of header lines: 35
#     Position: {height: 0.0, latitude: 32.223877, longitude: -110.767532}
#     TESS MAC address: 18:FE:34:CF:EC:06
#     TESS cover offset value: 0.0
#     TESS firmware version: '1.0'
#     TESS zero point: 20.38
#     Time Synchronization: timestamp added by MQTT subscriber
#     URL: http://www.darksky.org/NSBM/sdf1.0.pdf
# - __serialized_columns__:
#     Enclosure Temperature:
#       __class__: astropy.units.quantity.Quantity
#       unit: &id001 !astropy.units.Unit {unit: deg_C}
#       value: !astropy.table.SerializedColumn {name: Enclosure Temperature}
#     Frequency:
#       __class__: astropy.units.quantity.Quantity
#       unit: !astropy.units.Unit {unit: Hz}
#       value: !astropy.table.SerializedColumn {name: Frequency}
#     MSAS:
#       __class__: astropy.units.quantity.Quantity
#       unit: !astropy.units.Unit {unit: mag / arcsec2}
#       value: !astropy.table.SerializedColumn {name: MSAS}
#     Moon Alt:
#       __class__: astropy.units.quantity.Quantity
#       unit: &id002 !astropy.units.Unit {unit: deg}
#       value: !astropy.table.SerializedColumn {name: Moon Alt}
#     Sky Temperature:
#       __class__: astropy.units.quantity.Quantity
#       unit: *id001
#       value: !astropy.table.SerializedColumn {name: Sky Temperature}
#     Sun Alt:
#       __class__: astropy.units.quantity.Quantity
#       unit: *id002
#       value: !astropy.table.SerializedColumn {name: Sun Alt}
#     time:
#       __class__: astropy.time.core.Time
#       format: isot
#       in_subfmt: '*'
#       out_subfmt: '*'
#       precision: 3
#       scale: utc
#       value: !astropy.table.SerializedColumn {name: time}
# schema: astropy-2.0
time,Enclosure Temperature,Sky Temperature,Frequency,MSAS,ZP,Sequence Number,Sun Alt,Moon Alt,Moon Illumination
[from data line 4943]
2023-07-07T07:36:53.000,34.99,14.39,5.45,18.54,20.38,4481,-35.14,22.0,0.796
2023-07-07T07:37:53.000,35.04,13.98,5.12,18.61,20.38,4482,-35.13,22.0,0.796
2023-07-07T07:38:53.000,35.05,13.5,4.09,18.85,20.38,4483,-35.12,22.0,0.796
2023-07-07T07:39:53.000,35.06,13.08,3.29,19.09,20.38,4484,-35.11,22.0,0.796
2023-07-07T07:41:54.000,35.08,12.51,3.02,19.18,20.38,4486,-35.08,22.0,0.796
2023-07-07T07:42:53.000,35.02,12.13,2.96,19.2,20.38,4487,-35.06,23.0,0.796
2023-07-07T07:43:54.000,34.95,12.18,2.99,19.19,20.38,4488,-35.05,23.0,0.796
2023-07-07T07:44:54.000,34.96,12.36,3.14,19.14,20.38,4489,-35.03,23.0,0.796
2023-07-07T07:45:54.000,34.99,12.72,3.46,19.03,20.38,4490,-35.01,23.0,0.796
2023-07-07T07:46:54.000,35.01,12.95,3.75,18.95,20.38,4491,-34.99,23.0,0.796
2023-07-07T07:47:54.000,34.93,13.24,4.23,18.81,20.38,4492,-34.97,24.0,0.796
2023-07-07T07:48:54.000,34.95,13.75,4.22,18.82,20.38,4493,-34.95,24.0,0.796
2023-07-07T07:49:54.000,34.93,13.98,4.21,18.82,20.38,4494,-34.93,24.0,0.795
2023-07-07T07:50:54.000,34.89,14.24,4.84,18.67,20.38,4495,-34.91,24.0,0.795
2023-07-07T07:51:55.000,34.88,14.58,5.74,18.48,20.38,4496,-34.88,24.0,0.795
2023-07-07T07:52:56.000,34.88,14.54,5.82,18.47,20.38,4497,-34.86,24.0,0.795
2023-07-07T07:53:55.000,34.85,14.27,6.31,18.38,20.38,4498,-34.83,25.0,0.795
2023-07-07T07:54:56.000,34.83,14.01,5.59,18.52,20.38,4499,-34.8,25.0,0.795
2023-07-07T07:55:56.000,34.77,13.55,4.97,18.64,20.38,4500,-34.77,25.0,0.795
2023-07-07T07:56:57.000,34.78,13.14,4.38,18.78,20.38,4501,-34.74,25.0,0.795
2023-07-07T07:57:57.000,34.72,12.63,3.81,18.93,20.38,4502,-34.71,25.0,0.795
2023-07-07T08:00:01.000,34.57,12.04,2.91,19.22,20.38,4504,-34.65,26.0,0.795
2023-07-07T08:01:01.000,34.52,11.87,2.63,19.33,20.38,4505,-34.61,26.0,0.795
2023-07-07T08:02:01.000,34.42,11.75,2.92,19.22,20.38,4506,-34.58,26.0,0.795
2023-07-07T08:03:01.000,34.37,11.82,3.04,19.17,20.38,4507,-34.54,26.0,0.795
2023-07-07T08:04:01.000,34.34,11.96,2.77,19.28,20.38,4508,-34.51,26.0,0.795
2023-07-07T08:05:01.000,34.3,12.08,2.54,19.37,20.38,4509,-34.47,26.0,0.794
2023-07-07T08:06:01.000,34.25,12.17,3.02,19.18,20.38,4510,-34.43,27.0,0.794
2023-07-07T08:07:01.000,34.21,12.32,3.35,19.07,20.38,4511,-34.39,27.0,0.794
2023-07-07T08:08:02.000,34.19,12.57,4.23,18.82,20.38,4512,-34.35,27.0,0.794
2023-07-07T08:09:02.000,34.18,12.7,5.08,18.62,20.38,4513,-34.31,27.0,0.794
2023-07-07T08:10:02.000,34.16,12.87,4.29,18.8,20.38,4514,-34.27,27.0,0.794
2023-07-07T08:11:03.000,34.11,13.13,4.01,18.87,20.38,4515,-34.22,27.0,0.794
2023-07-07T08:12:03.000,34.1,13.44,5.9,18.46,20.38,4516,-34.18,28.0,0.794
2023-07-07T08:13:04.000,34.14,13.6,8.17,18.1,20.38,4517,-34.13,28.0,0.794
2023-07-07T08:14:03.000,34.17,13.44,8.13,18.11,20.38,4518,-34.09,28.0,0.794
2023-07-07T08:15:03.000,34.18,13.21,5.21,18.6,20.38,4519,-34.04,28.0,0.794
2023-07-07T08:16:04.000,34.17,12.85,3.98,18.88,20.38,4520,-33.99,28.0,0.794
2023-07-07T08:18:04.000,34.16,12.99,4.5,18.75,20.38,4522,-33.89,29.0,0.794
2023-07-07T08:19:04.000,34.14,13.19,6.04,18.43,20.38,4523,-33.84,29.0,0.794
2023-07-07T08:20:05.000,34.14,13.36,6.71,18.31,20.38,4524,-33.79,29.0,0.793
2023-07-07T08:21:05.000,34.15,13.31,6.52,18.35,20.38,4525,-33.73,29.0,0.793
2023-07-07T08:22:06.000,34.14,13.06,4.92,18.66,20.38,4526,-33.68,29.0,0.793
2023-07-07T08:23:06.000,34.11,12.65,4.48,18.75,20.38,4527,-33.62,29.0,0.793
2023-07-07T08:24:06.000,34.08,12.61,4.24,18.81,20.38,4528,-33.57,30.0,0.793
2023-07-07T08:25:06.000,34.08,12.49,4.3,18.8,20.38,4529,-33.51,30.0,0.793
2023-07-07T08:26:06.000,34.07,12.33,4.06,18.86,20.38,4530,-33.45,30.0,0.793
2023-07-07T08:27:06.000,34.02,12.27,3.03,19.18,20.38,4531,-33.39,30.0,0.793
2023-07-07T08:28:07.000,33.99,12.29,2.98,19.2,20.38,4532,-33.33,30.0,0.793
2023-07-07T08:29:08.000,33.97,12.32,3.0,19.19,20.38,4533,-33.27,30.0,0.793
2023-07-07T08:30:07.000,33.99,12.51,3.83,18.93,20.38,4534,-33.21,31.0,0.793
2023-07-07T08:31:07.000,34.0,12.38,5.25,18.58,20.38,4535,-33.14,31.0,0.793
2023-07-07T08:32:08.000,33.91,11.97,5.56,18.52,20.38,4536,-33.08,31.0,0.793
2023-07-07T08:33:08.000,33.83,11.93,4.72,18.7,20.38,4537,-33.01,31.0,0.793
2023-07-07T08:34:09.000,33.81,11.88,4.14,18.84,20.38,4538,-32.95,31.0,0.793
2023-07-07T08:35:08.000,33.81,11.79,4.2,18.82,20.38,4539,-32.88,31.0,0.792
2023-07-07T08:36:09.000,33.77,11.58,4.35,18.78,20.38,4540,-32.81,31.0,0.792
2023-07-07T08:37:08.000,33.78,11.56,4.48,18.75,20.38,4541,-32.75,32.0,0.792
2023-07-07T08:39:09.000,33.72,11.1,3.51,19.02,20.38,4543,-32.6,32.0,0.792
2023-07-07T08:40:09.000,33.7,11.01,3.42,19.05,20.38,4544,-32.53,32.0,0.792
2023-07-07T08:41:09.000,33.69,11.04,3.09,19.16,20.38,4545,-32.46,32.0,0.792
2023-07-07T08:42:09.000,33.67,11.13,3.7,18.96,20.38,4546,-32.39,32.0,0.792
2023-07-07T08:43:09.000,33.61,11.15,4.56,18.74,20.38,4547,-32.31,33.0,0.792
2023-07-07T08:44:09.000,33.57,11.29,4.77,18.68,20.38,4548,-32.24,33.0,0.792
2023-07-07T08:45:09.000,33.54,11.25,5.25,18.58,20.38,4549,-32.16,33.0,0.792
2023-07-07T08:46:10.000,33.53,11.22,5.26,18.58,20.38,4550,-32.09,33.0,0.792
2023-07-07T08:47:09.000,33.5,11.06,3.87,18.91,20.38,4551,-32.01,33.0,0.792
2023-07-07T08:48:11.000,33.49,11.01,3.61,18.99,20.38,4552,-31.93,33.0,0.792
2023-07-07T08:49:11.000,33.44,10.92,3.59,18.99,20.38,4553,-31.85,33.0,0.792
2023-07-07T08:50:11.000,33.42,10.99,3.46,19.03,20.38,4554,-31.77,34.0,0.791
2023-07-07T08:51:11.000,33.43,10.84,3.89,18.91,20.38,4555,-31.69,34.0,0.791
2023-07-07T08:52:13.000,33.37,10.81,4.05,18.86,20.38,4556,-31.6,34.0,0.791
2023-07-07T08:53:13.000,33.36,10.82,3.64,18.98,20.38,4557,-31.52,34.0,0.791
2023-07-07T08:54:14.000,33.34,10.72,3.47,19.03,20.38,4558,-31.44,34.0,0.791
2023-07-07T08:55:14.000,33.32,10.69,3.46,19.03,20.38,4559,-31.35,34.0,0.791
2023-07-07T08:56:14.000,33.26,10.64,3.39,19.06,20.38,4560,-31.27,34.0,0.791
2023-07-07T08:57:14.000,33.24,10.72,3.41,19.05,20.38,4561,-31.18,35.0,0.791
2023-07-07T08:58:14.000,33.22,10.66,3.43,19.04,20.38,4562,-31.09,35.0,0.791
2023-07-07T08:59:14.000,33.18,10.6,3.41,19.05,20.38,4563,-31.01,35.0,0.791
2023-07-07T09:00:14.000,33.18,10.66,3.42,19.05,20.38,4564,-30.92,35.0,0.791
2023-07-07T09:01:14.000,33.17,10.73,3.03,19.18,20.38,4565,-30.83,35.0,0.791
2023-07-07T09:02:14.000,33.16,10.63,3.04,19.18,20.38,4566,-30.74,35.0,0.791
2023-07-07T09:03:14.000,33.1,10.53,2.89,19.23,20.38,4567,-30.65,35.0,0.791
2023-07-07T09:04:14.000,33.04,10.62,2.92,19.22,20.38,4568,-30.55,36.0,0.791
2023-07-07T09:05:14.000,33.03,10.7,3.07,19.16,20.38,4569,-30.46,36.0,0.79
2023-07-07T09:06:15.000,33.01,10.74,2.99,19.19,20.38,4570,-30.37,36.0,0.79
2023-07-07T09:07:15.000,32.98,10.86,3.0,19.19,20.38,4571,-30.27,36.0,0.79
2023-07-07T09:08:15.000,32.97,11.02,3.06,19.17,20.38,4572,-30.18,36.0,0.79
2023-07-07T09:09:15.000,32.96,11.24,3.19,19.12,20.38,4573,-30.08,36.0,0.79
2023-07-07T09:10:15.000,32.97,11.6,3.27,19.09,20.38,4574,-29.98,36.0,0.79
2023-07-07T09:11:16.000,32.97,11.84,3.87,18.91,20.38,4575,-29.88,37.0,0.79
2023-07-07T09:12:16.000,32.95,12.03,4.33,18.79,20.38,4576,-29.79,37.0,0.79
2023-07-07T09:13:16.000,32.95,12.23,5.8,18.49,20.38,4577,-29.69,37.0,0.79
2023-07-07T09:14:16.000,32.91,12.24,7.5,18.19,20.38,4578,-29.59,37.0,0.79
2023-07-07T09:15:16.000,32.92,12.25,7.69,18.17,20.38,4579,-29.49,37.0,0.79
2023-07-07T09:16:16.000,32.92,12.04,6.72,18.31,20.38,4580,-29.38,37.0,0.79
2023-07-07T09:17:17.000,32.91,11.81,5.69,18.49,20.38,4581,-29.28,37.0,0.79
2023-07-07T09:18:17.000,32.91,11.44,5.24,18.58,20.38,4582,-29.18,37.0,0.79
2023-07-07T09:19:17.000,32.88,11.17,4.8,18.68,20.38,4583,-29.07,38.0,0.789
2023-07-07T09:20:17.000,32.92,11.03,4.67,18.71,20.38,4584,-28.97,38.0,0.789
2023-07-07T09:21:17.000,32.91,10.8,4.62,18.72,20.38,4585,-28.86,38.0,0.789
2023-07-07T09:22:18.000,32.83,10.47,4.48,18.75,20.38,4586,-28.76,38.0,0.789
2023-07-07T09:23:18.000,32.8,10.44,4.41,18.77,20.38,4587,-28.65,38.0,0.789
2023-07-07T09:24:18.000,32.78,10.34,4.37,18.78,20.38,4588,-28.54,38.0,0.789
2023-07-07T09:26:18.000,32.69,10.1,4.33,18.79,20.38,4590,-28.32,38.0,0.789
2023-07-07T09:27:18.000,32.68,10.15,4.31,18.79,20.38,4591,-28.21,39.0,0.789
2023-07-07T09:28:19.000,32.66,10.15,4.3,18.8,20.38,4592,-28.1,39.0,0.789
2023-07-07T09:29:19.000,32.65,10.13,4.31,18.79,20.38,4593,-27.99,39.0,0.789
2023-07-07T09:30:19.000,32.62,10.04,4.3,18.8,20.38,4594,-27.88,39.0,0.789
2023-07-07T09:31:19.000,32.6,10.12,4.37,18.78,20.38,4595,-27.77,39.0,0.789
2023-07-07T09:32:19.000,32.61,10.21,4.37,18.78,20.38,4596,-27.65,39.0,0.789
2023-07-07T09:34:21.000,32.59,10.01,4.34,18.79,20.38,4598,-27.42,39.0,0.788
2023-07-07T09:35:21.000,32.53,10.04,4.34,18.79,20.38,4599,-27.3,40.0,0.788
2023-07-07T09:36:21.000,32.52,10.11,4.35,18.78,20.38,4600,-27.19,40.0,0.788
2023-07-07T09:37:21.000,32.48,10.02,4.37,18.78,20.38,4601,-27.07,40.0,0.788
2023-07-07T09:38:21.000,32.47,10.15,4.39,18.77,20.38,4602,-26.95,40.0,0.788
2023-07-07T09:39:21.000,32.46,10.17,3.91,18.9,20.38,4603,-26.84,40.0,0.788
2023-07-07T09:40:21.000,32.47,10.28,3.75,18.95,20.38,4604,-26.72,40.0,0.788
2023-07-07T09:41:22.000,32.45,10.46,4.35,18.79,20.38,4605,-26.59,40.0,0.788
2023-07-07T09:42:21.000,32.44,10.62,4.8,18.68,20.38,4606,-26.48,40.0,0.788
2023-07-07T09:43:22.000,32.44,10.76,4.96,18.64,20.38,4607,-26.35,40.0,0.788
2023-07-07T09:44:21.000,32.44,10.94,5.9,18.46,20.38,4608,-26.23,41.0,0.788
2023-07-07T09:45:22.000,32.42,11.07,7.96,18.13,20.38,4609,-26.11,41.0,0.788
2023-07-07T09:46:22.000,32.41,11.32,7.44,18.2,20.38,4610,-25.99,41.0,0.788
2023-07-07T09:47:22.000,32.39,11.47,6.88,18.29,20.38,4611,-25.86,41.0,0.788
2023-07-07T09:48:22.000,32.39,11.43,5.95,18.44,20.38,4612,-25.74,41.0,0.788
2023-07-07T09:49:22.000,32.38,11.1,5.16,18.6,20.38,4613,-25.61,41.0,0.787
2023-07-07T09:50:22.000,32.32,10.64,4.69,18.71,20.38,4614,-25.49,41.0,0.787
2023-07-07T09:51:22.000,32.29,10.57,3.44,19.04,20.38,4615,-25.36,41.0,0.787
2023-07-07T09:53:23.000,32.26,11.34,3.33,19.07,20.38,4617,-25.11,41.0,0.787
2023-07-07T09:54:24.000,32.26,12.2,3.83,18.93,20.38,4618,-24.98,42.0,0.787
2023-07-07T09:55:24.000,32.27,13.2,6.2,18.41,20.38,4619,-24.85,42.0,0.787
2023-07-07T09:56:24.000,32.27,14.15,8.56,18.05,20.38,4620,-24.72,42.0,0.787
2023-07-07T09:57:24.000,32.24,14.78,10.11,17.87,20.38,4621,-24.59,42.0,0.787
2023-07-07T09:58:24.000,32.25,15.15,12.04,17.68,20.38,4622,-24.46,42.0,0.787
2023-07-07T09:59:24.000,32.22,15.24,12.74,17.62,20.38,4623,-24.33,42.0,0.787
2023-07-07T10:00:25.000,32.25,15.45,13.29,17.57,20.38,4624,-24.19,42.0,0.787
2023-07-07T10:01:24.000,32.29,15.39,13.49,17.55,20.38,4625,-24.06,42.0,0.787
2023-07-07T10:02:24.000,32.33,15.0,11.99,17.69,20.38,4626,-23.93,42.0,0.787
2023-07-07T10:03:25.000,32.34,14.53,9.45,17.94,20.38,4627,-23.79,42.0,0.787
2023-07-07T10:04:25.000,32.32,14.14,7.99,18.12,20.38,4628,-23.66,42.0,0.786
2023-07-07T10:05:25.000,32.37,13.94,9.05,17.99,20.38,4629,-23.52,43.0,0.786
2023-07-07T10:06:25.000,32.33,13.68,10.26,17.85,20.38,4630,-23.39,43.0,0.786
2023-07-07T10:07:25.000,32.32,13.58,9.92,17.89,20.38,4631,-23.25,43.0,0.786
2023-07-07T10:08:25.000,32.36,13.66,9.6,17.92,20.38,4632,-23.12,43.0,0.786
2023-07-07T10:09:25.000,32.38,13.45,9.65,17.92,20.38,4633,-22.98,43.0,0.786
2023-07-07T10:10:25.000,32.4,13.3,8.61,18.04,20.38,4634,-22.84,43.0,0.786
2023-07-07T10:11:25.000,32.43,13.08,8.51,18.06,20.38,4635,-22.7,43.0,0.786
2023-07-07T10:12:25.000,32.45,12.9,9.75,17.91,20.38,4636,-22.57,43.0,0.786
2023-07-07T10:13:26.000,32.43,12.72,9.23,17.97,20.38,4637,-22.42,43.0,0.786
2023-07-07T10:14:26.000,32.4,12.35,7.29,18.23,20.38,4638,-22.28,43.0,0.786
2023-07-07T10:15:27.000,32.33,12.07,5.62,18.51,20.38,4639,-22.14,43.0,0.786
2023-07-07T10:16:26.000,32.29,11.82,4.31,18.8,20.38,4640,-22.0,43.0,0.786
2023-07-07T10:17:27.000,32.25,11.57,3.86,18.91,20.38,4641,-21.86,44.0,0.786
2023-07-07T10:18:27.000,32.23,11.52,3.66,18.97,20.38,4642,-21.72,44.0,0.786
2023-07-07T10:19:27.000,32.21,11.49,3.96,18.89,20.38,4643,-21.58,44.0,0.785
2023-07-07T10:20:27.000,32.23,11.37,5.03,18.63,20.38,4644,-21.43,44.0,0.785
2023-07-07T10:21:27.000,32.16,11.06,5.27,18.58,20.38,4645,-21.29,44.0,0.785
2023-07-07T10:22:28.000,32.15,10.9,4.71,18.7,20.38,4646,-21.14,44.0,0.785
2023-07-07T10:23:28.000,32.12,10.7,4.16,18.83,20.38,4647,-21.0,44.0,0.785
2023-07-07T10:24:28.000,32.05,10.37,4.28,18.8,20.38,4648,-20.85,44.0,0.785
2023-07-07T10:25:29.000,31.99,10.28,4.67,18.71,20.38,4649,-20.7,44.0,0.785
2023-07-07T10:26:29.000,31.95,10.07,4.69,18.7,20.38,4650,-20.56,44.0,0.785
2023-07-07T10:27:29.000,31.9,9.71,4.84,18.67,20.38,4651,-20.41,44.0,0.785
2023-07-07T10:28:29.000,31.87,9.48,4.68,18.7,20.38,4652,-20.26,44.0,0.785
2023-07-07T10:29:29.000,31.8,9.32,4.57,18.73,20.38,4653,-20.12,44.0,0.785
2023-07-07T10:30:29.000,31.78,9.31,4.51,18.75,20.38,4654,-19.97,44.0,0.785
2023-07-07T10:31:29.000,31.74,9.19,4.47,18.75,20.38,4655,-19.82,45.0,0.785
2023-07-07T10:32:29.000,31.72,9.14,4.41,18.77,20.38,4656,-19.67,45.0,0.785
2023-07-07T10:33:30.000,31.63,9.14,4.31,18.8,20.38,4657,-19.52,45.0,0.785
2023-07-07T10:34:30.000,31.56,9.15,4.24,18.82,20.38,4658,-19.37,45.0,0.784
2023-07-07T10:35:30.000,31.49,9.36,4.74,18.69,20.38,4659,-19.22,45.0,0.784
2023-07-07T10:36:31.000,31.48,9.6,4.61,18.72,20.38,4660,-19.06,45.0,0.784
2023-07-07T10:37:30.000,31.39,9.68,4.71,18.71,20.38,4661,-18.92,45.0,0.784
2023-07-07T10:38:31.000,31.32,9.7,6.79,18.31,20.38,4662,-18.76,45.0,0.784
2023-07-07T10:39:31.000,31.25,9.81,8.54,18.05,20.38,4663,-18.61,45.0,0.784
2023-07-07T10:40:31.000,31.26,9.87,8.32,18.08,20.38,4664,-18.45,45.0,0.784
2023-07-07T10:41:31.000,31.28,9.66,6.47,18.36,20.38,4665,-18.3,45.0,0.784
2023-07-07T10:42:31.000,31.19,8.78,5.15,18.6,20.38,4666,-18.15,45.0,0.784
2023-07-07T10:43:31.000,31.08,8.84,4.41,18.77,20.38,4667,-17.99,45.0,0.784
2023-07-07T10:44:31.000,31.03,8.67,4.22,18.82,20.38,4668,-17.84,45.0,0.784
2023-07-07T10:45:31.000,31.01,8.8,4.31,18.79,20.38,4669,-17.68,45.0,0.784
2023-07-07T10:46:31.000,31.0,8.86,4.3,18.8,20.38,4670,-17.53,45.0,0.784
2023-07-07T10:47:31.000,31.03,8.88,4.3,18.8,20.38,4671,-17.37,45.0,0.784
2023-07-07T10:48:32.000,31.06,8.9,4.32,18.79,20.38,4672,-17.21,45.0,0.783
2023-07-07T10:49:32.000,31.05,8.75,4.38,18.78,20.38,4673,-17.05,45.0,0.783
2023-07-07T10:50:32.000,31.03,8.85,4.37,18.78,20.38,4674,-16.9,45.0,0.783
2023-07-07T10:51:33.000,31.03,8.76,4.35,18.78,20.38,4675,-16.74,45.0,0.783
2023-07-07T10:52:33.000,31.02,8.87,4.34,18.79,20.38,4676,-16.58,46.0,0.783
2023-07-07T10:53:33.000,31.03,8.84,4.32,18.79,20.38,4677,-16.42,46.0,0.783
2023-07-07T10:54:33.000,31.03,8.88,4.3,18.8,20.38,4678,-16.26,46.0,0.783
2023-07-07T10:55:33.000,31.07,8.86,4.28,18.8,20.38,4679,-16.1,46.0,0.783
2023-07-07T10:56:33.000,31.06,8.71,4.28,18.8,20.38,4680,-15.94,46.0,0.783
2023-07-07T10:57:33.000,31.0,8.45,4.29,18.8,20.38,4681,-15.78,46.0,0.783
2023-07-07T10:58:34.000,30.93,8.57,4.29,18.8,20.38,4682,-15.62,46.0,0.783
2023-07-07T10:59:33.000,30.89,8.61,4.31,18.8,20.38,4683,-15.46,46.0,0.783
2023-07-07T11:00:34.000,30.89,8.73,4.33,18.79,20.38,4684,-15.29,46.0,0.783
2023-07-07T11:01:33.000,30.9,8.99,4.35,18.78,20.38,4685,-15.13,46.0,0.783
2023-07-07T11:02:34.000,30.92,8.83,4.37,18.78,20.38,4686,-14.97,46.0,0.783
2023-07-07T11:03:34.000,30.92,8.79,4.38,18.78,20.38,4687,-14.81,46.0,0.782
2023-07-07T11:04:34.000,30.92,8.79,4.38,18.78,20.38,4688,-14.64,46.0,0.782
2023-07-07T11:05:34.000,30.95,8.7,4.39,18.77,20.38,4689,-14.48,46.0,0.782
2023-07-07T11:06:34.000,30.87,8.25,4.42,18.77,20.38,4690,-14.32,46.0,0.782
2023-07-07T11:07:34.000,30.83,8.33,4.45,18.76,20.38,4691,-14.15,46.0,0.782
2023-07-07T11:08:34.000,30.68,8.05,4.48,18.75,20.38,4692,-13.99,46.0,0.782
2023-07-07T11:09:34.000,30.64,8.47,4.52,18.74,20.38,4693,-13.82,46.0,0.782
2023-07-07T11:10:34.000,30.66,8.48,4.56,18.73,20.38,4694,-13.65,46.0,0.782
2023-07-07T11:12:36.000,30.68,8.66,4.64,18.71,20.38,4696,-13.32,46.0,0.782
2023-07-07T11:13:36.000,30.66,8.6,4.69,18.7,20.38,4697,-13.15,46.0,0.782
2023-07-07T11:14:36.000,30.71,8.8,4.75,18.69,20.38,4698,-12.98,46.0,0.782
2023-07-07T11:15:37.000,30.78,8.78,4.83,18.67,20.38,4699,-12.81,46.0,0.782
2023-07-07T11:16:37.000,30.82,8.66,4.91,18.65,20.38,4700,-12.64,46.0,0.782
