Downloads/jupyter/ECSV/stars19/stars19_2022-09.ecsv
# %ECSV 1.0
# ---
# datatype:
# - {name: time, datatype: string}
# - {name: Enclosure Temperature, unit: deg_C, datatype: float64}
# - {name: Sky Temperature, unit: deg_C, datatype: float64}
# - {name: Frequency, unit: Hz, datatype: float64}
# - {name: MSAS, unit: mag / arcsec2, datatype: float64}
# - {name: ZP, datatype: float64}
# - {name: Sequence Number, datatype: int64}
# - {name: Sun Alt, unit: deg, datatype: float64}
# - {name: Moon Alt, unit: deg, datatype: float64}
# - {name: Moon Illumination, datatype: float64}
# delimiter: ','
# meta: !!omap
# - ida:
#     Data supplier: {affiliation: null, observer: null}
#     Device type: TESS-W
#     Field of view: 17.0
#     Filters per channel: None
#     Instrument ID: stars19
#     License: ODbL 1.0 http://opendatacommons.org/licenses/odbl/summary/
#     Local timezone: America/Phoenix
#     Location name: {country: '- Tucson', place: Tucson, region: United States, sub_region: Arizona, town: Pima County}
#     Measurement direction per channel: {azimuth: 0.0, zenital: 0.0}
#     Moving / Fixed look direction: FIXED
#     Moving / Stationary position: STATIONARY
#     Number of channels: 1
#     Number of fields per line: 8
#     Number of header lines: 35
#     Position: {height: 0.0, latitude: 32.223877, longitude: -110.767532}
#     TESS MAC address: 18:FE:34:CF:EC:06
#     TESS cover offset value: 0.0
#     TESS firmware version: '1.0'
#     TESS zero point: 20.5
#     Time Synchronization: timestamp added by MQTT subscriber
#     URL: http://www.darksky.org/NSBM/sdf1.0.pdf
# - __serialized_columns__:
#     Enclosure Temperature:
#       __class__: astropy.units.quantity.Quantity
#       unit: &id001 !astropy.units.Unit {unit: deg_C}
#       value: !astropy.table.SerializedColumn {name: Enclosure Temperature}
#     Frequency:
#       __class__: astropy.units.quantity.Quantity
#       unit: !astropy.units.Unit {unit: Hz}
#       value: !astropy.table.SerializedColumn {name: Frequency}
#     MSAS:
#       __class__: astropy.units.quantity.Quantity
#       unit: !astropy.units.Unit {unit: mag / arcsec2}
#       value: !astropy.table.SerializedColumn {name: MSAS}
#     Moon Alt:
#       __class__: astropy.units.quantity.Quantity
#       unit: &id002 !astropy.units.Unit {unit: deg}
#       value: !astropy.table.SerializedColumn {name: Moon Alt}
#     Sky Temperature:
#       __class__: astropy.units.quantity.Quantity
#       unit: *id001
#       value: !astropy.table.SerializedColumn {name: Sky Temperature}
#     Sun Alt:
#       __class__: astropy.units.quantity.Quantity
#       unit: *id002
#       value: !astropy.table.SerializedColumn {name: Sun Alt}
#     time:
#       __class__: astropy.time.core.Time
#       format: isot
#       in_subfmt: '*'
#       out_subfmt: '*'
#       precision: 3
#       scale: utc
#       value: !astropy.table.SerializedColumn {name: time}
# schema: astropy-2.0
time,Enclosure Temperature,Sky Temperature,Frequency,MSAS,ZP,Sequence Number,Sun Alt,Moon Alt,Moon Illumination
[from data line 17296]
2022-09-21T06:24:42.000,22.98,11.13,2.25,19.5,20.5,26214,-54.9,-24.0,0.204
2022-09-21T06:25:41.000,22.89,11.0,2.31,19.47,20.5,26215,-54.98,-24.0,0.204
2022-09-21T06:26:42.000,22.84,11.12,2.39,19.43,20.5,26216,-55.07,-24.0,0.204
2022-09-21T06:27:42.000,22.67,10.43,2.52,19.38,20.5,26217,-55.15,-24.0,0.204
2022-09-21T06:28:42.000,22.62,10.6,2.66,19.32,20.5,26218,-55.22,-24.0,0.204
2022-09-21T06:29:42.000,22.44,10.46,2.91,19.22,20.5,26219,-55.3,-24.0,0.204
2022-09-21T06:30:42.000,22.4,11.07,3.16,19.13,20.5,26220,-55.37,-24.0,0.203
2022-09-21T06:31:42.000,22.37,10.62,3.01,19.18,20.5,26221,-55.45,-24.0,0.203
2022-09-21T06:32:42.000,22.5,11.29,2.81,19.26,20.5,26222,-55.52,-24.0,0.203
2022-09-21T06:33:42.000,22.6,10.66,2.73,19.29,20.5,26223,-55.59,-23.0,0.203
2022-09-21T06:34:42.000,22.44,10.81,2.77,19.28,20.5,26224,-55.66,-23.0,0.203
2022-09-21T06:35:44.000,22.61,10.73,2.85,19.24,20.5,26225,-55.73,-23.0,0.203
2022-09-21T06:36:44.000,22.48,10.95,2.97,19.2,20.5,26226,-55.79,-23.0,0.203
2022-09-21T06:38:44.000,22.43,10.7,3.25,19.1,20.5,26228,-55.92,-23.0,0.203
2022-09-21T06:41:45.000,22.71,10.78,2.81,19.26,20.5,26231,-56.1,-22.0,0.203
2022-09-21T06:42:45.000,22.7,11.06,2.76,19.28,20.5,26232,-56.15,-22.0,0.203
2022-09-21T06:43:45.000,22.84,11.39,2.8,19.26,20.5,26233,-56.21,-22.0,0.203
2022-09-21T06:44:45.000,23.06,11.65,2.88,19.23,20.5,26234,-56.26,-22.0,0.203
2022-09-21T06:45:45.000,23.12,11.7,3.14,19.14,20.5,26235,-56.31,-22.0,0.203
2022-09-21T06:46:45.000,23.38,12.16,3.31,19.08,20.5,26236,-56.36,-22.0,0.203
2022-09-21T06:47:45.000,23.57,12.44,3.56,19.0,20.5,26237,-56.41,-22.0,0.203
2022-09-21T06:49:45.000,23.75,12.73,4.59,18.73,20.5,26239,-56.5,-21.0,0.202
2022-09-21T06:52:47.000,24.16,13.12,5.5,18.53,20.5,26242,-56.63,-21.0,0.202
2022-09-21T06:53:47.000,24.26,13.56,5.3,18.57,20.5,26243,-56.67,-21.0,0.202
2022-09-21T06:54:47.000,24.44,13.76,5.26,18.58,20.5,26244,-56.71,-21.0,0.202
2022-09-21T06:55:47.000,24.54,13.91,5.66,18.5,20.5,26245,-56.74,-20.0,0.202
2022-09-21T06:57:53.000,24.78,14.29,5.1,18.61,20.5,26247,-56.81,-20.0,0.202
2022-09-21T07:01:54.000,25.0,14.41,5.38,18.55,20.5,26251,-56.92,-20.0,0.202
2022-09-21T07:04:59.000,25.09,14.47,5.34,18.56,20.5,26254,-56.99,-19.0,0.202
2022-09-21T07:05:59.000,25.11,14.28,5.47,18.54,20.5,26255,-57.01,-19.0,0.202
2022-09-21T07:08:05.000,25.12,14.14,5.01,18.63,20.5,26257,-57.04,-19.0,0.201
2022-09-21T07:09:05.000,25.13,14.11,4.66,18.71,20.5,26258,-57.05,-19.0,0.201
2022-09-21T07:11:06.000,25.13,14.2,4.52,18.74,20.5,26260,-57.08,-18.0,0.201
2022-09-21T07:14:06.000,25.2,14.78,4.86,18.67,20.5,26263,-57.1,-18.0,0.201
2022-09-21T07:15:06.000,25.26,14.84,5.44,18.54,20.5,26264,-57.1,-18.0,0.201
2022-09-21T07:16:06.000,25.28,14.85,5.72,18.49,20.5,26265,-57.1,-18.0,0.201
2022-09-21T07:18:07.000,25.25,14.76,6.05,18.43,20.5,26267,-57.1,-17.0,0.201
2022-09-21T07:19:07.000,25.21,14.57,5.82,18.47,20.5,26268,-57.09,-17.0,0.201
2022-09-21T07:20:07.000,25.17,14.55,5.47,18.53,20.5,26269,-57.09,-17.0,0.201
2022-09-21T07:21:07.000,25.18,14.48,5.09,18.61,20.5,26270,-57.08,-17.0,0.201
2022-09-21T07:22:07.000,25.16,14.35,4.74,18.69,20.5,26271,-57.07,-17.0,0.201
2022-09-21T07:23:07.000,25.22,14.43,4.4,18.77,20.5,26272,-57.06,-17.0,0.201
2022-09-21T07:24:07.000,25.23,14.14,4.26,18.81,20.5,26273,-57.05,-16.0,0.201
2022-09-21T07:25:07.000,25.27,14.09,4.32,18.79,20.5,26274,-57.03,-16.0,0.201
2022-09-21T07:26:07.000,25.27,13.91,4.33,18.79,20.5,26275,-57.02,-16.0,0.2
2022-09-21T07:27:07.000,25.29,13.9,4.23,18.81,20.5,26276,-57.0,-16.0,0.2
2022-09-21T07:28:07.000,25.34,13.95,4.0,18.88,20.5,26277,-56.98,-16.0,0.2
2022-09-21T07:29:07.000,25.4,13.88,3.64,18.98,20.5,26278,-56.96,-16.0,0.2
2022-09-21T07:30:07.000,25.48,14.02,3.42,19.04,20.5,26279,-56.94,-16.0,0.2
2022-09-21T07:31:07.000,25.58,13.98,3.3,19.08,20.5,26280,-56.92,-15.0,0.2
2022-09-21T07:32:07.000,25.65,13.88,3.37,19.06,20.5,26281,-56.89,-15.0,0.2
2022-09-21T07:33:07.000,25.66,13.8,3.44,19.04,20.5,26282,-56.86,-15.0,0.2
2022-09-21T07:34:07.000,25.71,13.75,3.34,19.07,20.5,26283,-56.83,-15.0,0.2
2022-09-21T07:35:08.000,25.77,13.74,3.28,19.09,20.5,26284,-56.8,-15.0,0.2
2022-09-21T07:36:08.000,25.81,14.16,3.4,19.05,20.5,26285,-56.77,-15.0,0.2
2022-09-21T07:37:08.000,25.84,14.6,3.95,18.89,20.5,26286,-56.74,-14.0,0.2
2022-09-21T07:38:08.000,25.87,15.33,5.24,18.58,20.5,26287,-56.7,-14.0,0.2
2022-09-21T07:39:08.000,25.94,15.91,6.7,18.32,20.5,26288,-56.66,-14.0,0.2
2022-09-21T07:40:08.000,26.01,16.27,7.83,18.15,20.5,26289,-56.62,-14.0,0.2
2022-09-21T07:41:08.000,26.07,16.33,8.25,18.09,20.5,26290,-56.58,-14.0,0.2
2022-09-21T07:42:08.000,26.12,16.27,8.15,18.1,20.5,26291,-56.54,-14.0,0.2
2022-09-21T07:43:08.000,26.17,16.17,7.6,18.18,20.5,26292,-56.5,-13.0,0.2
2022-09-21T07:44:08.000,26.22,16.0,6.78,18.3,20.5,26293,-56.45,-13.0,0.2
2022-09-21T07:45:08.000,26.21,15.35,6.04,18.43,20.5,26294,-56.4,-13.0,0.199
2022-09-21T07:46:08.000,26.04,14.79,5.45,18.54,20.5,26295,-56.36,-13.0,0.199
2022-09-21T07:47:08.000,26.01,14.94,5.11,18.61,20.5,26296,-56.31,-13.0,0.199
2022-09-21T07:48:08.000,26.05,14.7,4.92,18.65,20.5,26297,-56.25,-13.0,0.199
2022-09-21T07:49:08.000,26.12,14.4,4.68,18.7,20.5,26298,-56.2,-13.0,0.199
2022-09-21T07:51:14.000,26.24,13.95,4.0,18.88,20.5,26300,-56.08,-12.0,0.199
2022-09-21T07:52:14.000,26.25,13.79,4.05,18.86,20.5,26301,-56.02,-12.0,0.199
2022-09-21T07:53:15.000,26.25,13.75,4.27,18.8,20.5,26302,-55.96,-12.0,0.199
2022-09-21T07:54:15.000,26.27,13.65,4.13,18.84,20.5,26303,-55.9,-12.0,0.199
2022-09-21T07:55:15.000,26.25,13.4,3.77,18.94,20.5,26304,-55.84,-12.0,0.199
2022-09-21T07:56:15.000,26.24,13.13,3.21,19.11,20.5,26305,-55.78,-11.0,0.199
2022-09-21T07:57:15.000,26.2,12.81,2.75,19.28,20.5,26306,-55.71,-11.0,0.199
2022-09-21T07:58:15.000,26.15,12.65,2.54,19.37,20.5,26307,-55.64,-11.0,0.199
2022-09-21T07:59:15.000,26.08,12.63,2.66,19.32,20.5,26308,-55.57,-11.0,0.199
2022-09-21T08:00:16.000,26.07,12.71,2.88,19.23,20.5,26309,-55.5,-11.0,0.199
2022-09-21T08:02:22.000,26.1,12.63,2.37,19.45,20.5,26311,-55.35,-10.0,0.199
2022-09-21T08:03:22.000,26.13,12.76,2.2,19.52,20.5,26312,-55.27,-10.0,0.199
2022-09-21T08:04:23.000,26.16,12.65,2.22,19.51,20.5,26313,-55.2,-10.0,0.198
2022-09-21T08:05:23.000,26.14,12.57,2.44,19.41,20.5,26314,-55.12,-10.0,0.198
2022-09-21T08:06:24.000,26.11,12.66,2.9,19.23,20.5,26315,-55.04,-10.0,0.198
2022-09-21T08:07:24.000,26.06,12.73,3.68,18.97,20.5,26316,-54.96,-10.0,0.198
2022-09-21T08:08:24.000,25.96,12.55,4.0,18.88,20.5,26317,-54.88,-9.0,0.198
2022-09-21T08:09:24.000,25.81,12.7,3.54,19.01,20.5,26318,-54.79,-9.0,0.198
2022-09-21T08:10:24.000,25.8,12.87,2.92,19.22,20.5,26319,-54.71,-9.0,0.198
2022-09-21T08:11:24.000,25.8,12.68,2.6,19.34,20.5,26320,-54.62,-9.0,0.198
2022-09-21T08:13:29.000,25.74,12.44,2.39,19.43,20.5,26322,-54.44,-9.0,0.198
2022-09-21T08:14:30.000,25.81,12.45,2.3,19.48,20.5,26323,-54.35,-8.0,0.198
2022-09-21T08:15:30.000,25.86,12.27,2.23,19.51,20.5,26324,-54.25,-8.0,0.198
2022-09-21T08:16:30.000,25.92,12.2,2.12,19.56,20.5,26325,-54.16,-8.0,0.198
2022-09-21T08:17:30.000,25.93,11.64,2.1,19.58,20.5,26326,-54.07,-8.0,0.198
2022-09-21T08:18:31.000,25.79,11.28,2.21,19.52,20.5,26327,-53.97,-8.0,0.198
2022-09-21T08:19:31.000,25.74,11.38,2.26,19.5,20.5,26328,-53.87,-8.0,0.198
2022-09-21T08:23:36.000,25.62,11.07,1.59,19.87,20.5,26332,-53.46,-7.0,0.197
2022-09-21T08:27:37.000,25.82,11.84,1.87,19.7,20.5,26336,-53.04,-6.0,0.197
2022-09-21T08:28:37.000,25.89,11.94,1.98,19.64,20.5,26337,-52.93,-6.0,0.197
2022-09-21T08:30:38.000,25.96,12.04,2.15,19.55,20.5,26339,-52.71,-6.0,0.197
2022-09-21T08:31:38.000,25.97,11.98,2.15,19.55,20.5,26340,-52.6,-5.0,0.197
2022-09-21T08:33:38.000,25.99,12.12,2.27,19.49,20.5,26342,-52.37,-5.0,0.197
2022-09-21T08:34:38.000,26.03,12.45,2.32,19.47,20.5,26343,-52.26,-5.0,0.197
2022-09-21T08:35:43.000,26.07,12.77,2.37,19.44,20.5,26344,-52.13,-5.0,0.197
2022-09-21T08:36:43.000,26.1,12.98,2.5,19.39,20.5,26345,-52.01,-5.0,0.197
2022-09-21T08:37:43.000,26.1,13.22,2.63,19.33,20.5,26346,-51.89,-4.0,0.197
2022-09-21T08:38:44.000,26.09,13.37,2.78,19.27,20.5,26347,-51.77,-4.0,0.197
2022-09-21T08:39:44.000,26.06,13.61,3.04,19.17,20.5,26348,-51.65,-4.0,0.197
2022-09-21T08:40:44.000,26.06,13.88,3.74,18.95,20.5,26349,-51.53,-4.0,0.197
2022-09-21T08:42:44.000,26.15,14.15,4.15,18.83,20.5,26351,-51.28,-4.0,0.196
2022-09-21T08:43:44.000,26.16,14.25,4.65,18.71,20.5,26352,-51.16,-3.0,0.196
2022-09-21T08:44:45.000,26.1,14.05,5.67,18.5,20.5,26353,-51.03,-3.0,0.196
2022-09-21T08:45:44.000,26.0,14.4,6.84,18.29,20.5,26354,-50.91,-3.0,0.196
2022-09-21T08:47:45.000,26.03,15.04,8.4,18.07,20.5,26356,-50.65,-3.0,0.196
2022-09-21T08:48:45.000,26.02,15.38,9.21,17.97,20.5,26357,-50.52,-3.0,0.196
2022-09-21T08:49:45.000,26.03,15.69,9.86,17.9,20.5,26358,-50.39,-2.0,0.196
2022-09-21T08:50:46.000,26.09,15.87,10.15,17.86,20.5,26359,-50.25,-2.0,0.196
2022-09-21T08:51:45.000,26.12,15.83,10.27,17.85,20.5,26360,-50.12,-2.0,0.196
2022-09-21T08:52:45.000,26.17,15.84,10.36,17.84,20.5,26361,-49.99,-2.0,0.196
2022-09-21T08:53:46.000,26.19,15.8,9.73,17.91,20.5,26362,-49.85,-2.0,0.196
2022-09-21T08:54:46.000,26.2,15.72,9.1,17.98,20.5,26363,-49.71,-1.0,0.196
2022-09-21T08:55:46.000,26.16,15.49,9.36,17.95,20.5,26364,-49.58,-1.0,0.196
2022-09-21T08:56:47.000,26.15,15.72,9.89,17.89,20.5,26365,-49.44,-1.0,0.196
2022-09-21T08:57:47.000,26.18,15.68,9.88,17.89,20.5,26366,-49.3,-1.0,0.196
2022-09-21T08:58:47.000,26.18,15.75,9.48,17.94,20.5,26367,-49.16,-1.0,0.196
2022-09-21T08:59:47.000,26.24,15.74,9.19,17.97,20.5,26368,-49.02,-1.0,0.196
2022-09-21T09:00:47.000,26.17,15.35,8.86,18.01,20.5,26369,-48.88,-0.0,0.195
2022-09-21T09:01:47.000,26.15,15.59,8.76,18.02,20.5,26370,-48.74,-0.0,0.195
2022-09-21T09:02:47.000,26.12,15.54,8.65,18.04,20.5,26371,-48.59,-0.0,0.195
2022-09-21T09:03:54.000,26.14,15.54,9.17,17.97,20.5,26372,-48.43,0.0,0.195
2022-09-21T09:04:56.000,26.14,15.84,10.27,17.85,20.5,26373,-48.28,0.0,0.195
2022-09-21T09:07:02.000,26.16,15.71,11.06,17.77,20.5,26375,-47.98,1.0,0.195
2022-09-21T09:09:02.000,26.27,16.06,10.59,17.82,20.5,26377,-47.68,1.0,0.195
2022-09-21T09:13:03.000,26.33,15.89,9.78,17.9,20.5,26381,-47.08,2.0,0.195
2022-09-21T09:14:03.000,26.35,15.9,9.35,17.95,20.5,26382,-46.93,2.0,0.195
2022-09-21T09:15:03.000,26.38,15.9,8.65,18.04,20.5,26383,-46.78,2.0,0.195
2022-09-21T09:16:03.000,26.41,15.85,8.16,18.1,20.5,26384,-46.62,2.0,0.195
2022-09-21T09:17:03.000,26.42,15.75,8.12,18.11,20.5,26385,-46.47,3.0,0.195
2022-09-21T09:18:03.000,26.4,15.76,9.0,18.0,20.5,26386,-46.31,3.0,0.195
2022-09-21T09:19:04.000,26.44,15.92,10.33,17.84,20.5,26387,-46.16,3.0,0.195
2022-09-21T09:20:04.000,26.48,16.0,11.0,17.78,20.5,26388,-46.0,3.0,0.194
2022-09-21T09:21:05.000,26.5,16.01,11.35,17.74,20.5,26389,-45.84,3.0,0.194
2022-09-21T09:22:05.000,26.51,15.97,11.79,17.7,20.5,26390,-45.68,4.0,0.194
2022-09-21T09:23:06.000,26.53,16.16,11.82,17.7,20.5,26391,-45.52,4.0,0.194
2022-09-21T09:24:05.000,26.56,16.09,11.62,17.72,20.5,26392,-45.37,4.0,0.194
2022-09-21T09:26:05.000,26.52,15.96,10.56,17.82,20.5,26394,-45.05,4.0,0.194
2022-09-21T09:27:06.000,26.51,15.91,10.28,17.85,20.5,26395,-44.88,4.0,0.194
2022-09-21T09:29:06.000,26.4,15.91,10.36,17.84,20.5,26397,-44.56,5.0,0.194
2022-09-21T09:30:06.000,26.38,16.03,10.49,17.83,20.5,26398,-44.4,5.0,0.194
2022-09-21T09:31:06.000,26.37,16.08,10.92,17.78,20.5,26399,-44.23,5.0,0.194
2022-09-21T09:32:06.000,26.37,16.15,11.49,17.73,20.5,26400,-44.07,5.0,0.194
2022-09-21T09:33:06.000,26.33,15.98,11.91,17.69,20.5,26401,-43.9,6.0,0.194
2022-09-21T09:34:06.000,26.24,15.99,12.36,17.65,20.5,26402,-43.74,6.0,0.194
2022-09-21T09:35:06.000,26.18,16.01,12.43,17.64,20.5,26403,-43.57,6.0,0.194
2022-09-21T09:36:07.000,26.15,16.17,12.0,17.68,20.5,26404,-43.4,6.0,0.194
2022-09-21T09:37:06.000,26.21,16.44,11.91,17.69,20.5,26405,-43.24,6.0,0.194
2022-09-21T09:38:07.000,26.27,16.43,11.93,17.69,20.5,26406,-43.07,6.0,0.194
2022-09-21T09:39:07.000,26.32,16.49,11.58,17.72,20.5,26407,-42.9,7.0,0.193
2022-09-21T09:40:08.000,26.35,16.47,11.15,17.76,20.5,26408,-42.73,7.0,0.193
2022-09-21T09:41:07.000,26.39,16.54,11.03,17.77,20.5,26409,-42.56,7.0,0.193
2022-09-21T09:42:07.000,26.42,16.4,11.11,17.77,20.5,26410,-42.39,7.0,0.193
2022-09-21T09:43:07.000,26.42,16.34,11.1,17.77,20.5,26411,-42.22,7.0,0.193
2022-09-21T09:44:07.000,26.41,16.34,11.1,17.77,20.5,26412,-42.05,8.0,0.193
2022-09-21T09:45:08.000,26.41,16.33,11.13,17.76,20.5,26413,-41.88,8.0,0.193
2022-09-21T09:46:08.000,26.44,16.39,10.78,17.8,20.5,26414,-41.71,8.0,0.193
2022-09-21T09:47:08.000,26.48,16.44,10.9,17.79,20.5,26415,-41.53,8.0,0.193
2022-09-21T09:48:08.000,26.51,16.31,11.06,17.77,20.5,26416,-41.36,8.0,0.193
2022-09-21T09:49:09.000,26.43,16.21,10.71,17.81,20.5,26417,-41.18,9.0,0.193
2022-09-21T09:51:14.000,26.48,16.49,10.87,17.79,20.5,26419,-40.82,9.0,0.193
2022-09-21T09:52:14.000,26.49,16.37,12.06,17.68,20.5,26420,-40.65,9.0,0.193
2022-09-21T09:53:14.000,26.45,16.41,12.13,17.67,20.5,26421,-40.47,9.0,0.193
2022-09-21T09:54:14.000,26.48,16.49,11.47,17.73,20.5,26422,-40.29,10.0,0.193
2022-09-21T09:55:14.000,26.49,16.44,11.46,17.73,20.5,26423,-40.12,10.0,0.193
2022-09-21T09:56:15.000,26.5,16.5,12.42,17.65,20.5,26424,-39.94,10.0,0.193
2022-09-21T09:57:15.000,26.52,16.52,13.23,17.58,20.5,26425,-39.76,10.0,0.193
2022-09-21T09:58:15.000,26.49,16.3,13.56,17.55,20.5,26426,-39.58,10.0,0.192
2022-09-21T09:59:15.000,26.49,16.55,13.66,17.54,20.5,26427,-39.4,10.0,0.192
2022-09-21T10:03:21.000,26.67,16.66,14.57,17.47,20.5,26431,-38.67,11.0,0.192
2022-09-21T10:04:22.000,26.73,16.71,14.6,17.47,20.5,26432,-38.48,11.0,0.192
2022-09-21T10:05:22.000,26.77,16.66,14.54,17.47,20.5,26433,-38.3,12.0,0.192
2022-09-21T10:06:23.000,26.8,16.6,14.44,17.48,20.5,26434,-38.12,12.0,0.192
2022-09-21T10:09:23.000,26.89,16.47,14.07,17.51,20.5,26437,-37.57,12.0,0.192
2022-09-21T10:10:23.000,26.86,16.44,14.12,17.51,20.5,26438,-37.39,13.0,0.192
2022-09-21T10:11:24.000,26.85,16.47,14.19,17.5,20.5,26439,-37.2,13.0,0.192
2022-09-21T10:13:29.000,26.88,16.54,14.0,17.51,20.5,26441,-36.82,13.0,0.192
2022-09-21T10:14:29.000,26.88,16.52,13.84,17.53,20.5,26442,-36.63,13.0,0.192
2022-09-21T10:15:29.000,26.9,16.54,13.24,17.58,20.5,26443,-36.45,14.0,0.192
2022-09-21T10:16:30.000,26.93,16.48,12.25,17.66,20.5,26444,-36.26,14.0,0.191
2022-09-21T10:17:30.000,26.97,16.45,11.51,17.73,20.5,26445,-36.08,14.0,0.191
2022-09-21T10:18:30.000,27.03,16.38,10.88,17.79,20.5,26446,-35.89,14.0,0.191
2022-09-21T10:19:30.000,27.06,16.33,10.45,17.83,20.5,26447,-35.7,14.0,0.191
2022-09-21T10:22:37.000,27.06,15.96,8.19,18.1,20.5,26450,-35.12,15.0,0.191
2022-09-21T10:23:36.000,27.08,15.84,7.19,18.24,20.5,26451,-34.93,15.0,0.191
2022-09-21T10:24:37.000,27.1,15.66,6.28,18.39,20.5,26452,-34.74,15.0,0.191
2022-09-21T10:26:37.000,27.1,15.64,5.74,18.48,20.5,26454,-34.37,16.0,0.191
2022-09-21T10:28:37.000,27.18,15.87,6.91,18.28,20.5,26456,-33.99,16.0,0.191
2022-09-21T10:30:37.000,27.08,15.63,6.5,18.35,20.5,26458,-33.61,17.0,0.191
2022-09-21T10:35:43.000,27.04,16.09,9.88,17.89,20.5,26463,-32.63,18.0,0.19
2022-09-21T10:37:43.000,27.1,16.0,9.67,17.92,20.5,26465,-32.25,18.0,0.19
2022-09-21T10:39:43.000,26.89,15.57,9.58,17.93,20.5,26467,-31.86,18.0,0.19
2022-09-21T10:40:43.000,26.85,15.86,9.45,17.94,20.5,26468,-31.67,19.0,0.19
2022-09-21T10:46:43.000,26.79,15.76,8.62,18.04,20.5,26474,-30.5,20.0,0.19
2022-09-21T10:47:44.000,26.8,15.68,7.73,18.16,20.5,26475,-30.31,20.0,0.19
2022-09-21T10:48:44.000,26.77,15.57,7.56,18.18,20.5,26476,-30.11,20.0,0.19
2022-09-21T10:49:44.000,26.75,15.64,8.0,18.12,20.5,26477,-29.91,20.0,0.19
2022-09-21T10:50:45.000,26.75,15.61,8.26,18.09,20.5,26478,-29.72,21.0,0.19
2022-09-21T10:51:45.000,26.76,15.65,7.63,18.17,20.5,26479,-29.52,21.0,0.19
2022-09-21T10:52:45.000,26.83,15.69,6.85,18.29,20.5,26480,-29.32,21.0,0.19
2022-09-21T10:53:45.000,26.88,15.48,6.15,18.41,20.5,26481,-29.13,21.0,0.19
2022-09-21T10:54:45.000,26.88,15.26,5.77,18.48,20.5,26482,-28.93,21.0,0.189
2022-09-21T10:55:45.000,26.85,15.08,5.71,18.49,20.5,26483,-28.73,21.0,0.189
2022-09-21T10:57:51.000,26.85,15.2,5.78,18.48,20.5,26485,-28.32,22.0,0.189
