Downloads/jupyter/ECSV/stars19/stars19_2020-10.ecsv
# %ECSV 1.0
# ---
# datatype:
# - {name: time, datatype: string}
# - {name: Enclosure Temperature, unit: deg_C, datatype: float64}
# - {name: Sky Temperature, unit: deg_C, datatype: float64}
# - {name: Frequency, unit: Hz, datatype: float64}
# - {name: MSAS, unit: mag / arcsec2, datatype: float64}
# - {name: ZP, datatype: float64}
# - {name: Sequence Number, datatype: int64}
# - {name: Sun Alt, unit: deg, datatype: float64}
# - {name: Moon Alt, unit: deg, datatype: float64}
# - {name: Moon Illumination, datatype: float64}
# delimiter: ','
# meta: !!omap
# - ida:
#     Data supplier: {affiliation: null, observer: null}
#     Device type: TESS-W
#     Field of view: 17.0
#     Filters per channel: None
#     Instrument ID: stars19
#     License: ODbL 1.0 http://opendatacommons.org/licenses/odbl/summary/
#     Local timezone: America/Phoenix
#     Location name: {country: '- Tucson', place: Tucson, region: United States, sub_region: Arizona, town: Pima County}
#     Measurement direction per channel: {azimuth: 0.0, zenital: 0.0}
#     Moving / Fixed look direction: FIXED
#     Moving / Stationary position: STATIONARY
#     Number of channels: 1
#     Number of fields per line: 8
#     Number of header lines: 35
#     Position: {height: 0.0, latitude: 32.223877, longitude: -110.767532}
#     TESS MAC address: 18:FE:34:CF:EC:06
#     TESS cover offset value: 0.0
#     TESS firmware version: '1.0'
#     TESS zero point: 20.5
#     Time Synchronization: timestamp added by MQTT subscriber
#     URL: http://www.darksky.org/NSBM/sdf1.0.pdf
# - __serialized_columns__:
#     Enclosure Temperature:
#       __class__: astropy.units.quantity.Quantity
#       unit: &id001 !astropy.units.Unit {unit: deg_C}
#       value: !astropy.table.SerializedColumn {name: Enclosure Temperature}
#     Frequency:
#       __class__: astropy.units.quantity.Quantity
#       unit: !astropy.units.Unit {unit: Hz}
#       value: !astropy.table.SerializedColumn {name: Frequency}
#     MSAS:
#       __class__: astropy.units.quantity.Quantity
#       unit: !astropy.units.Unit {unit: mag / arcsec2}
#       value: !astropy.table.SerializedColumn {name: MSAS}
#     Moon Alt:
#       __class__: astropy.units.quantity.Quantity
#       unit: &id002 !astropy.units.Unit {unit: deg}
#       value: !astropy.table.SerializedColumn {name: Moon Alt}
#     Sky Temperature:
#       __class__: astropy.units.quantity.Quantity
#       unit: *id001
#       value: !astropy.table.SerializedColumn {name: Sky Temperature}
#     Sun Alt:
#       __class__: astropy.units.quantity.Quantity
#       unit: *id002
#       value: !astropy.table.SerializedColumn {name: Sun Alt}
#     time:
#       __class__: astropy.time.core.Time
#       format: isot
#       in_subfmt: '*'
#       out_subfmt: '*'
#       precision: 3
#       scale: utc
#       value: !astropy.table.SerializedColumn {name: time}
# schema: astropy-2.0
time,Enclosure Temperature,Sky Temperature,Frequency,MSAS,ZP,Sequence Number,Sun Alt,Moon Alt,Moon Illumination
[from data line 18678]
2020-10-27T02:05:33.000,13.24,-11.23,5.57,18.52,20.5,94841,-19.12,37.0,0.824
2020-10-27T02:07:34.000,13.19,-11.32,5.62,18.51,20.5,94843,-19.55,37.0,0.824
2020-10-27T02:08:34.000,13.17,-11.23,5.67,18.5,20.5,94844,-19.76,37.0,0.825
2020-10-27T02:09:34.000,13.14,-11.3,5.7,18.49,20.5,94845,-19.97,37.0,0.825
2020-10-27T02:10:34.000,13.09,-11.38,5.71,18.49,20.5,94846,-20.18,38.0,0.825
2020-10-27T02:11:34.000,13.03,-11.49,5.75,18.48,20.5,94847,-20.4,38.0,0.825
2020-10-27T02:12:34.000,13.02,-11.31,5.77,18.48,20.5,94848,-20.61,38.0,0.825
2020-10-27T02:13:34.000,13.01,-11.37,5.8,18.47,20.5,94849,-20.82,38.0,0.825
2020-10-27T02:14:34.000,12.99,-11.35,5.85,18.46,20.5,94850,-21.03,38.0,0.825
2020-10-27T02:15:34.000,12.95,-11.44,5.9,18.45,20.5,94851,-21.24,38.0,0.825
2020-10-27T02:16:34.000,12.93,-11.43,5.93,18.45,20.5,94852,-21.45,38.0,0.825
2020-10-27T02:17:34.000,12.9,-11.49,5.97,18.44,20.5,94853,-21.66,38.0,0.825
2020-10-27T02:18:34.000,12.89,-11.48,5.99,18.44,20.5,94854,-21.88,39.0,0.825
2020-10-27T02:19:34.000,12.86,-11.54,6.03,18.43,20.5,94855,-22.09,39.0,0.825
2020-10-27T02:20:35.000,12.83,-11.54,6.06,18.42,20.5,94856,-22.3,39.0,0.825
2020-10-27T02:21:35.000,12.83,-11.53,6.09,18.42,20.5,94857,-22.51,39.0,0.825
2020-10-27T02:22:34.000,12.82,-11.54,6.12,18.41,20.5,94858,-22.72,39.0,0.825
2020-10-27T02:23:35.000,12.82,-11.49,6.17,18.41,20.5,94859,-22.94,39.0,0.825
2020-10-27T02:24:35.000,12.8,-11.52,6.22,18.4,20.5,94860,-23.15,39.0,0.825
2020-10-27T02:25:35.000,12.75,-11.57,6.28,18.39,20.5,94861,-23.36,39.0,0.825
2020-10-27T02:26:35.000,12.72,-11.56,6.31,18.38,20.5,94862,-23.57,40.0,0.825
2020-10-27T02:27:35.000,12.71,-11.53,6.35,18.37,20.5,94863,-23.78,40.0,0.825
2020-10-27T02:28:35.000,12.68,-11.56,6.38,18.37,20.5,94864,-23.99,40.0,0.826
2020-10-27T02:29:35.000,12.66,-11.57,6.43,18.36,20.5,94865,-24.21,40.0,0.826
2020-10-27T02:30:35.000,12.65,-11.55,6.51,18.35,20.5,94866,-24.42,40.0,0.826
2020-10-27T02:31:35.000,12.62,-11.6,6.54,18.34,20.5,94867,-24.63,40.0,0.826
2020-10-27T02:32:35.000,12.62,-11.57,6.57,18.34,20.5,94868,-24.84,40.0,0.826
2020-10-27T02:33:35.000,12.58,-11.69,6.68,18.32,20.5,94869,-25.05,40.0,0.826
2020-10-27T02:34:35.000,12.54,-11.69,6.75,18.31,20.5,94870,-25.26,41.0,0.826
2020-10-27T02:35:35.000,12.55,-11.65,6.72,18.31,20.5,94871,-25.48,41.0,0.826
2020-10-27T02:36:35.000,12.53,-11.74,6.77,18.3,20.5,94872,-25.69,41.0,0.826
2020-10-27T02:37:35.000,12.51,-11.64,6.79,18.3,20.5,94873,-25.9,41.0,0.826
2020-10-27T02:38:35.000,12.52,-11.71,6.82,18.29,20.5,94874,-26.11,41.0,0.826
2020-10-27T02:39:35.000,12.49,-11.74,6.86,18.29,20.5,94875,-26.32,41.0,0.826
2020-10-27T02:40:36.000,12.46,-11.72,6.91,18.28,20.5,94876,-26.54,41.0,0.826
2020-10-27T02:41:36.000,12.46,-11.67,6.91,18.28,20.5,94877,-26.75,41.0,0.826
2020-10-27T02:42:36.000,12.45,-11.76,6.9,18.28,20.5,94878,-26.96,41.0,0.826
2020-10-27T02:43:36.000,12.4,-11.83,6.95,18.27,20.5,94879,-27.17,42.0,0.826
2020-10-27T02:44:36.000,12.38,-11.72,6.98,18.27,20.5,94880,-27.38,42.0,0.826
2020-10-27T02:45:36.000,12.38,-11.76,6.99,18.27,20.5,94881,-27.6,42.0,0.826
2020-10-27T02:46:36.000,12.39,-11.71,6.99,18.27,20.5,94882,-27.81,42.0,0.826
2020-10-27T02:47:36.000,12.4,-11.73,6.98,18.27,20.5,94883,-28.02,42.0,0.827
2020-10-27T02:48:36.000,12.39,-11.83,6.97,18.27,20.5,94884,-28.23,42.0,0.827
2020-10-27T02:49:36.000,12.36,-11.77,6.92,18.28,20.5,94885,-28.44,42.0,0.827
2020-10-27T02:50:36.000,12.36,-11.77,6.95,18.28,20.5,94886,-28.65,42.0,0.827
2020-10-27T02:51:36.000,12.36,-11.87,6.93,18.28,20.5,94887,-28.86,42.0,0.827
2020-10-27T02:52:36.000,12.33,-11.88,6.95,18.28,20.5,94888,-29.08,42.0,0.827
2020-10-27T02:53:36.000,12.32,-11.99,6.94,18.28,20.5,94889,-29.29,43.0,0.827
2020-10-27T02:54:36.000,12.28,-12.05,6.96,18.27,20.5,94890,-29.5,43.0,0.827
2020-10-27T02:55:36.000,12.27,-12.01,6.92,18.28,20.5,94891,-29.71,43.0,0.827
2020-10-27T02:56:36.000,12.25,-12.0,6.97,18.27,20.5,94892,-29.92,43.0,0.827
2020-10-27T02:57:37.000,12.25,-12.05,6.97,18.27,20.5,94893,-30.14,43.0,0.827
2020-10-27T02:58:37.000,12.23,-12.05,6.95,18.28,20.5,94894,-30.35,43.0,0.827
2020-10-27T02:59:38.000,12.2,-12.22,6.96,18.27,20.5,94895,-30.56,43.0,0.827
2020-10-27T03:00:37.000,12.15,-12.24,6.93,18.28,20.5,94896,-30.77,43.0,0.827
2020-10-27T03:01:37.000,12.13,-12.26,6.95,18.28,20.5,94897,-30.98,43.0,0.827
2020-10-27T03:02:37.000,12.14,-12.16,7.0,18.27,20.5,94898,-31.19,43.0,0.827
2020-10-27T03:03:37.000,12.1,-12.35,6.98,18.27,20.5,94899,-31.4,43.0,0.827
2020-10-27T03:04:38.000,12.06,-12.3,6.99,18.27,20.5,94900,-31.62,44.0,0.827
2020-10-27T03:05:38.000,12.08,-12.23,7.06,18.26,20.5,94901,-31.83,44.0,0.827
2020-10-27T03:06:38.000,12.07,-12.33,7.12,18.25,20.5,94902,-32.04,44.0,0.827
2020-10-27T03:07:38.000,12.01,-12.46,7.15,18.24,20.5,94903,-32.25,44.0,0.828
2020-10-27T03:08:38.000,11.98,-12.45,7.14,18.25,20.5,94904,-32.46,44.0,0.828
2020-10-27T03:09:38.000,11.95,-12.45,7.16,18.24,20.5,94905,-32.67,44.0,0.828
2020-10-27T03:10:38.000,11.93,-12.5,7.17,18.24,20.5,94906,-32.88,44.0,0.828
2020-10-27T03:11:38.000,11.88,-12.57,7.19,18.24,20.5,94907,-33.09,44.0,0.828
2020-10-27T03:12:38.000,11.86,-12.49,7.21,18.23,20.5,94908,-33.3,44.0,0.828
2020-10-27T03:13:38.000,11.85,-12.53,7.14,18.25,20.5,94909,-33.51,44.0,0.828
2020-10-27T03:14:38.000,11.83,-12.53,7.1,18.25,20.5,94910,-33.72,44.0,0.828
2020-10-27T03:15:38.000,11.81,-12.58,7.15,18.24,20.5,94911,-33.93,44.0,0.828
2020-10-27T03:16:38.000,11.78,-12.57,7.13,18.25,20.5,94912,-34.14,45.0,0.828
2020-10-27T03:17:38.000,11.75,-12.62,7.13,18.25,20.5,94913,-34.36,45.0,0.828
2020-10-27T03:18:38.000,11.73,-12.66,7.13,18.25,20.5,94914,-34.57,45.0,0.828
2020-10-27T03:19:38.000,11.71,-12.65,7.15,18.24,20.5,94915,-34.78,45.0,0.828
2020-10-27T03:20:38.000,11.69,-12.59,7.18,18.24,20.5,94916,-34.99,45.0,0.828
2020-10-27T03:21:39.000,11.67,-12.74,7.2,18.24,20.5,94917,-35.2,45.0,0.828
2020-10-27T03:22:39.000,11.63,-12.71,7.2,18.24,20.5,94918,-35.41,45.0,0.828
2020-10-27T03:23:39.000,11.62,-12.69,7.18,18.24,20.5,94919,-35.62,45.0,0.828
2020-10-27T03:24:39.000,11.62,-12.67,7.16,18.24,20.5,94920,-35.83,45.0,0.828
2020-10-27T03:25:39.000,11.61,-12.67,7.21,18.23,20.5,94921,-36.04,45.0,0.828
2020-10-27T03:26:39.000,11.59,-12.78,7.22,18.23,20.5,94922,-36.25,45.0,0.828
2020-10-27T03:27:39.000,11.55,-12.76,7.23,18.23,20.5,94923,-36.46,45.0,0.829
2020-10-27T03:28:39.000,11.53,-12.7,7.22,18.23,20.5,94924,-36.67,45.0,0.829
2020-10-27T03:29:39.000,11.5,-12.71,7.31,18.22,20.5,94925,-36.88,45.0,0.829
2020-10-27T03:30:39.000,11.48,-12.79,7.38,18.21,20.5,94926,-37.09,45.0,0.829
2020-10-27T03:31:39.000,11.49,-12.63,7.38,18.21,20.5,94927,-37.3,46.0,0.829
2020-10-27T03:32:39.000,11.5,-12.69,7.42,18.2,20.5,94928,-37.51,46.0,0.829
2020-10-27T03:33:39.000,11.47,-12.77,7.43,18.2,20.5,94929,-37.71,46.0,0.829
2020-10-27T03:34:39.000,11.49,-12.7,7.44,18.2,20.5,94930,-37.92,46.0,0.829
2020-10-27T03:35:39.000,11.48,-12.73,7.44,18.2,20.5,94931,-38.13,46.0,0.829
2020-10-27T03:36:39.000,11.49,-12.77,7.44,18.2,20.5,94932,-38.34,46.0,0.829
2020-10-27T03:37:40.000,11.47,-12.82,7.44,18.2,20.5,94933,-38.55,46.0,0.829
2020-10-27T03:38:40.000,11.43,-12.97,7.44,18.2,20.5,94934,-38.76,46.0,0.829
2020-10-27T03:39:40.000,11.37,-12.99,7.45,18.2,20.5,94935,-38.97,46.0,0.829
2020-10-27T03:40:40.000,11.33,-12.94,7.45,18.2,20.5,94936,-39.18,46.0,0.829
2020-10-27T03:41:40.000,11.32,-12.93,7.46,18.2,20.5,94937,-39.39,46.0,0.829
2020-10-27T03:42:40.000,11.32,-12.83,7.45,18.2,20.5,94938,-39.6,46.0,0.829
2020-10-27T03:43:40.000,11.32,-12.81,7.41,18.21,20.5,94939,-39.8,46.0,0.829
2020-10-27T03:44:40.000,11.32,-12.79,7.42,18.2,20.5,94940,-40.01,46.0,0.829
2020-10-27T03:45:40.000,11.3,-12.84,7.41,18.2,20.5,94941,-40.22,46.0,0.829
2020-10-27T03:46:40.000,11.28,-12.9,7.45,18.2,20.5,94942,-40.43,46.0,0.829
2020-10-27T03:47:40.000,11.26,-12.77,7.51,18.19,20.5,94943,-40.64,46.0,0.83
2020-10-27T03:48:40.000,11.27,-12.77,7.44,18.2,20.5,94944,-40.84,46.0,0.83
2020-10-27T03:49:40.000,11.26,-12.79,7.45,18.2,20.5,94945,-41.05,46.0,0.83
2020-10-27T03:50:40.000,11.25,-12.73,7.45,18.2,20.5,94946,-41.26,46.0,0.83
2020-10-27T03:51:40.000,11.24,-12.76,7.42,18.2,20.5,94947,-41.47,46.0,0.83
2020-10-27T03:52:40.000,11.22,-12.78,7.5,18.19,20.5,94948,-41.67,46.0,0.83
2020-10-27T03:53:41.000,11.21,-12.59,7.83,18.15,20.5,94949,-41.88,46.0,0.83
2020-10-27T03:54:41.000,11.18,-12.65,7.96,18.13,20.5,94950,-42.09,47.0,0.83
2020-10-27T03:55:41.000,11.15,-12.49,7.81,18.15,20.5,94951,-42.3,47.0,0.83
2020-10-27T03:56:41.000,11.15,-12.45,8.33,18.08,20.5,94952,-42.5,47.0,0.83
2020-10-27T03:57:41.000,11.13,-12.23,8.28,18.09,20.5,94953,-42.71,47.0,0.83
2020-10-27T03:58:41.000,11.15,-12.2,7.75,18.17,20.5,94954,-42.92,47.0,0.83
2020-10-27T03:59:41.000,11.15,-12.37,7.79,18.16,20.5,94955,-43.12,47.0,0.83
2020-10-27T04:00:41.000,11.14,-12.49,8.03,18.12,20.5,94956,-43.33,47.0,0.83
2020-10-27T04:01:41.000,11.11,-12.82,7.23,18.23,20.5,94957,-43.53,47.0,0.83
2020-10-27T04:02:41.000,11.1,-12.83,7.21,18.24,20.5,94958,-43.74,47.0,0.83
2020-10-27T04:03:41.000,11.09,-13.0,7.23,18.23,20.5,94959,-43.94,47.0,0.83
2020-10-27T04:04:41.000,11.05,-13.08,7.16,18.24,20.5,94960,-44.15,47.0,0.83
2020-10-27T04:05:41.000,11.05,-12.97,7.19,18.24,20.5,94961,-44.36,47.0,0.83
2020-10-27T04:06:41.000,11.05,-13.05,7.2,18.24,20.5,94962,-44.56,47.0,0.83
2020-10-27T04:07:41.000,11.01,-13.19,7.17,18.24,20.5,94963,-44.77,47.0,0.831
2020-10-27T04:08:41.000,10.97,-13.2,7.13,18.25,20.5,94964,-44.97,47.0,0.831
2020-10-27T04:09:41.000,10.96,-13.17,7.06,18.26,20.5,94965,-45.17,47.0,0.831
2020-10-27T04:10:42.000,10.96,-13.24,7.02,18.26,20.5,94966,-45.38,47.0,0.831
2020-10-27T04:11:42.000,10.92,-13.28,6.98,18.27,20.5,94967,-45.59,47.0,0.831
2020-10-27T04:12:42.000,10.91,-13.24,6.97,18.27,20.5,94968,-45.79,47.0,0.831
2020-10-27T04:13:42.000,10.89,-13.27,7.0,18.27,20.5,94969,-45.99,47.0,0.831
2020-10-27T04:14:42.000,10.88,-13.29,6.98,18.27,20.5,94970,-46.2,47.0,0.831
2020-10-27T04:15:42.000,10.87,-13.25,7.01,18.27,20.5,94971,-46.4,47.0,0.831
2020-10-27T04:16:42.000,10.85,-13.25,6.95,18.27,20.5,94972,-46.6,47.0,0.831
2020-10-27T04:17:42.000,10.86,-13.28,6.96,18.27,20.5,94973,-46.81,47.0,0.831
2020-10-27T04:18:42.000,10.85,-13.25,6.97,18.27,20.5,94974,-47.01,47.0,0.831
2020-10-27T04:19:42.000,10.83,-13.26,6.96,18.27,20.5,94975,-47.21,47.0,0.831
2020-10-27T04:20:42.000,10.85,-13.24,6.89,18.28,20.5,94976,-47.41,47.0,0.831
2020-10-27T04:21:42.000,10.81,-13.39,6.93,18.28,20.5,94977,-47.62,47.0,0.831
2020-10-27T04:22:42.000,10.8,-13.33,6.92,18.28,20.5,94978,-47.82,47.0,0.831
2020-10-27T04:23:42.000,10.77,-13.49,6.91,18.28,20.5,94979,-48.02,47.0,0.831
2020-10-27T04:24:43.000,10.78,-13.36,6.84,18.29,20.5,94980,-48.22,47.0,0.831
2020-10-27T04:25:43.000,10.76,-13.53,6.82,18.3,20.5,94981,-48.43,47.0,0.831
2020-10-27T04:26:43.000,10.74,-13.47,6.82,18.3,20.5,94982,-48.63,47.0,0.831
2020-10-27T04:27:43.000,10.74,-13.47,6.77,18.3,20.5,94983,-48.83,47.0,0.832
2020-10-27T04:28:43.000,10.73,-13.52,6.82,18.3,20.5,94984,-49.03,47.0,0.832
2020-10-27T04:29:43.000,10.72,-13.45,6.77,18.3,20.5,94985,-49.23,47.0,0.832
2020-10-27T04:30:43.000,10.73,-13.49,6.79,18.3,20.5,94986,-49.43,47.0,0.832
2020-10-27T04:31:43.000,10.73,-13.42,6.74,18.31,20.5,94987,-49.63,47.0,0.832
2020-10-27T04:32:43.000,10.73,-13.5,6.71,18.31,20.5,94988,-49.83,47.0,0.832
2020-10-27T04:33:43.000,10.72,-13.52,6.73,18.31,20.5,94989,-50.03,47.0,0.832
2020-10-27T04:34:43.000,10.72,-13.47,6.75,18.31,20.5,94990,-50.23,47.0,0.832
2020-10-27T04:35:43.000,10.7,-13.51,6.73,18.31,20.5,94991,-50.42,47.0,0.832
2020-10-27T04:36:43.000,10.72,-13.42,6.69,18.32,20.5,94992,-50.62,47.0,0.832
2020-10-27T04:37:43.000,10.73,-13.41,6.69,18.32,20.5,94993,-50.82,47.0,0.832
2020-10-27T04:38:43.000,10.74,-13.41,6.66,18.32,20.5,94994,-51.02,47.0,0.832
2020-10-27T04:39:43.000,10.74,-13.43,6.64,18.33,20.5,94995,-51.22,47.0,0.832
2020-10-27T04:40:43.000,10.74,-13.41,6.63,18.33,20.5,94996,-51.41,46.0,0.832
2020-10-27T04:41:44.000,10.74,-13.46,6.6,18.33,20.5,94997,-51.61,46.0,0.832
2020-10-27T04:42:44.000,10.73,-13.4,6.6,18.33,20.5,94998,-51.81,46.0,0.832
2020-10-27T04:43:44.000,10.72,-13.29,6.7,18.31,20.5,94999,-52.01,46.0,0.832
2020-10-27T04:44:44.000,10.69,-13.39,6.72,18.31,20.5,95000,-52.2,46.0,0.832
2020-10-27T04:45:44.000,10.61,-13.61,6.71,18.31,20.5,95001,-52.4,46.0,0.832
2020-10-27T04:46:44.000,10.56,-13.63,6.65,18.32,20.5,95002,-52.59,46.0,0.832
2020-10-27T04:47:44.000,10.54,-13.61,6.65,18.32,20.5,95003,-52.79,46.0,0.833
2020-10-27T04:48:44.000,10.52,-13.64,6.64,18.32,20.5,95004,-52.98,46.0,0.833
2020-10-27T04:49:44.000,10.51,-13.6,6.62,18.33,20.5,95005,-53.18,46.0,0.833
2020-10-27T04:50:44.000,10.45,-13.79,6.66,18.32,20.5,95006,-53.37,46.0,0.833
2020-10-27T04:51:44.000,10.43,-13.65,6.59,18.33,20.5,95007,-53.56,46.0,0.833
2020-10-27T04:52:45.000,10.42,-13.6,6.58,18.34,20.5,95008,-53.76,46.0,0.833
2020-10-27T04:53:45.000,10.41,-13.66,6.51,18.35,20.5,95009,-53.95,46.0,0.833
2020-10-27T04:54:45.000,10.37,-13.87,6.52,18.35,20.5,95010,-54.14,46.0,0.833
2020-10-27T04:55:45.000,10.28,-14.01,6.51,18.35,20.5,95011,-54.34,46.0,0.833
2020-10-27T04:56:45.000,10.21,-13.98,6.55,18.34,20.5,95012,-54.53,46.0,0.833
2020-10-27T04:57:45.000,10.22,-13.74,6.51,18.35,20.5,95013,-54.72,46.0,0.833
2020-10-27T04:58:45.000,10.24,-13.73,6.48,18.35,20.5,95014,-54.91,46.0,0.833
2020-10-27T04:59:45.000,10.24,-13.77,6.51,18.35,20.5,95015,-55.1,46.0,0.833
2020-10-27T05:00:46.000,10.22,-13.8,6.45,18.36,20.5,95016,-55.29,46.0,0.833
2020-10-27T05:01:46.000,10.17,-13.99,6.39,18.37,20.5,95017,-55.48,46.0,0.833
2020-10-27T05:02:46.000,10.12,-14.06,6.35,18.37,20.5,95018,-55.67,46.0,0.833
2020-10-27T05:03:46.000,10.07,-14.09,6.33,18.38,20.5,95019,-55.86,45.0,0.833
2020-10-27T05:04:46.000,10.05,-14.0,6.31,18.38,20.5,95020,-56.05,45.0,0.833
2020-10-27T05:05:46.000,10.03,-14.05,6.3,18.38,20.5,95021,-56.23,45.0,0.833
2020-10-27T05:06:46.000,10.01,-14.16,6.27,18.39,20.5,95022,-56.42,45.0,0.833
2020-10-27T05:07:46.000,10.07,-14.22,6.25,18.39,20.5,95023,-56.61,45.0,0.834
2020-10-27T05:08:46.000,10.33,-14.17,6.28,18.38,20.5,95024,-56.79,45.0,0.834
2020-10-27T05:09:46.000,10.5,-14.18,6.26,18.39,20.5,95025,-56.98,45.0,0.834
2020-10-27T05:10:46.000,10.56,-14.23,6.23,18.39,20.5,95026,-57.16,45.0,0.834
2020-10-27T05:11:46.000,10.56,-14.22,6.18,18.4,20.5,95027,-57.35,45.0,0.834
2020-10-27T05:12:46.000,10.53,-14.27,6.14,18.41,20.5,95028,-57.53,45.0,0.834
2020-10-27T05:13:46.000,10.47,-14.12,6.1,18.42,20.5,95029,-57.71,45.0,0.834
2020-10-27T05:14:46.000,10.42,-14.16,6.07,18.42,20.5,95030,-57.9,45.0,0.834
2020-10-27T05:15:46.000,10.36,-14.17,6.02,18.43,20.5,95031,-58.08,45.0,0.834
2020-10-27T05:16:47.000,10.3,-14.18,5.98,18.44,20.5,95032,-58.26,45.0,0.834
2020-10-27T05:17:47.000,10.23,-14.26,5.95,18.44,20.5,95033,-58.45,45.0,0.834
2020-10-27T05:18:47.000,10.14,-14.4,5.93,18.45,20.5,95034,-58.63,44.0,0.834
2020-10-27T05:19:47.000,10.05,-14.37,5.93,18.45,20.5,95035,-58.81,44.0,0.834
2020-10-27T05:20:47.000,10.0,-14.38,5.94,18.45,20.5,95036,-58.98,44.0,0.834
2020-10-27T05:21:47.000,10.12,-14.5,5.94,18.44,20.5,95037,-59.16,44.0,0.834
2020-10-27T05:22:47.000,10.38,-14.57,5.95,18.44,20.5,95038,-59.34,44.0,0.834
2020-10-27T05:23:47.000,10.53,-14.47,5.97,18.44,20.5,95039,-59.52,44.0,0.834
2020-10-27T05:24:47.000,10.59,-14.38,5.98,18.44,20.5,95040,-59.69,44.0,0.834
2020-10-27T05:25:47.000,10.59,-14.33,5.98,18.44,20.5,95041,-59.87,44.0,0.834
2020-10-27T05:26:47.000,10.53,-14.47,5.99,18.44,20.5,95042,-60.05,44.0,0.834
2020-10-27T05:27:47.000,10.45,-14.44,5.99,18.44,20.5,95043,-60.22,44.0,0.835
2020-10-27T05:28:47.000,10.37,-14.41,5.99,18.44,20.5,95044,-60.39,44.0,0.835
2020-10-27T05:29:47.000,10.27,-14.41,5.98,18.44,20.5,95045,-60.57,44.0,0.835
2020-10-27T05:30:47.000,10.2,-14.34,5.96,18.44,20.5,95046,-60.74,43.0,0.835
2020-10-27T05:31:47.000,10.13,-14.37,5.93,18.45,20.5,95047,-60.91,43.0,0.835
2020-10-27T05:32:48.000,10.04,-14.48,5.91,18.45,20.5,95048,-61.08,43.0,0.835
2020-10-27T05:33:48.000,10.02,-14.55,5.83,18.47,20.5,95049,-61.25,43.0,0.835
2020-10-27T05:34:48.000,10.26,-14.63,5.78,18.48,20.5,95050,-61.42,43.0,0.835
