Downloads/jupyter/ECSV/stars19/stars19_2024-02.ecsv
# %ECSV 1.0
# ---
# datatype:
# - {name: time, datatype: string}
# - {name: Enclosure Temperature, unit: deg_C, datatype: float64}
# - {name: Sky Temperature, unit: deg_C, datatype: float64}
# - {name: Frequency, unit: Hz, datatype: float64}
# - {name: MSAS, unit: mag / arcsec2, datatype: float64}
# - {name: ZP, datatype: float64}
# - {name: Sequence Number, datatype: int64}
# - {name: Sun Alt, unit: deg, datatype: float64}
# - {name: Moon Alt, unit: deg, datatype: float64}
# - {name: Moon Illumination, datatype: float64}
# delimiter: ','
# meta: !!omap
# - ida:
#     Data supplier: {affiliation: null, observer: null}
#     Device type: TESS-W
#     Field of view: 17.0
#     Filters per channel: None
#     Instrument ID: stars19
#     License: ODbL 1.0 http://opendatacommons.org/licenses/odbl/summary/
#     Local timezone: America/Phoenix
#     Location name: {country: '- Tucson', place: Tucson, region: United States, sub_region: Arizona, town: Pima County}
#     Measurement direction per channel: {azimuth: 0.0, zenital: 0.0}
#     Moving / Fixed look direction: FIXED
#     Moving / Stationary position: STATIONARY
#     Number of channels: 1
#     Number of fields per line: 8
#     Number of header lines: 35
#     Position: {height: 0.0, latitude: 32.223877, longitude: -110.767532}
#     TESS MAC address: 18:FE:34:CF:EC:06
#     TESS cover offset value: 0.0
#     TESS firmware version: '1.0'
#     TESS zero point: 20.38
#     Time Synchronization: timestamp added by MQTT subscriber
#     URL: http://www.darksky.org/NSBM/sdf1.0.pdf
# - __serialized_columns__:
#     Enclosure Temperature:
#       __class__: astropy.units.quantity.Quantity
#       unit: &id001 !astropy.units.Unit {unit: deg_C}
#       value: !astropy.table.SerializedColumn {name: Enclosure Temperature}
#     Frequency:
#       __class__: astropy.units.quantity.Quantity
#       unit: !astropy.units.Unit {unit: Hz}
#       value: !astropy.table.SerializedColumn {name: Frequency}
#     MSAS:
#       __class__: astropy.units.quantity.Quantity
#       unit: !astropy.units.Unit {unit: mag / arcsec2}
#       value: !astropy.table.SerializedColumn {name: MSAS}
#     Moon Alt:
#       __class__: astropy.units.quantity.Quantity
#       unit: &id002 !astropy.units.Unit {unit: deg}
#       value: !astropy.table.SerializedColumn {name: Moon Alt}
#     Sky Temperature:
#       __class__: astropy.units.quantity.Quantity
#       unit: *id001
#       value: !astropy.table.SerializedColumn {name: Sky Temperature}
#     Sun Alt:
#       __class__: astropy.units.quantity.Quantity
#       unit: *id002
#       value: !astropy.table.SerializedColumn {name: Sun Alt}
#     time:
#       __class__: astropy.time.core.Time
#       format: isot
#       in_subfmt: '*'
#       out_subfmt: '*'
#       precision: 3
#       scale: utc
#       value: !astropy.table.SerializedColumn {name: time}
# schema: astropy-2.0
time,Enclosure Temperature,Sky Temperature,Frequency,MSAS,ZP,Sequence Number,Sun Alt,Moon Alt,Moon Illumination
[from data line 24253]
2024-02-28T19:11:17.000,25.36,11.64,0.0,0.0,20.38,216238,49.42,-41.0,0.846
2024-02-28T19:12:17.000,25.29,11.43,0.0,0.0,20.38,216239,49.45,-41.0,0.846
2024-02-28T19:33:19.000,15.35,10.68,0.0,0.0,20.38,216260,49.84,-46.0,0.845
2024-02-28T19:34:19.000,15.5,11.34,0.0,0.0,20.38,216261,49.84,-46.0,0.845
2024-02-28T19:35:19.000,15.47,10.79,0.0,0.0,20.38,216262,49.84,-46.0,0.845
2024-02-28T19:37:19.000,15.62,11.62,0.0,0.0,20.38,216264,49.84,-46.0,0.845
2024-02-28T19:38:19.000,15.65,11.97,0.0,0.0,20.38,216265,49.84,-47.0,0.845
2024-02-28T19:39:20.000,15.57,11.41,0.0,0.0,20.38,216266,49.83,-47.0,0.844
2024-02-28T19:40:20.000,15.44,11.37,0.0,0.0,20.38,216267,49.83,-47.0,0.844
2024-02-28T19:41:20.000,15.54,12.25,0.0,0.0,20.38,216268,49.82,-47.0,0.844
2024-02-28T19:42:20.000,15.63,11.93,0.0,0.0,20.38,216269,49.81,-47.0,0.844
2024-02-28T19:44:20.000,15.91,12.8,0.0,0.0,20.38,216271,49.79,-48.0,0.844
2024-02-28T19:48:21.000,15.85,11.72,0.0,0.0,20.38,216275,49.73,-48.0,0.844
2024-02-28T19:50:21.000,15.48,11.68,0.0,0.0,20.38,216277,49.69,-49.0,0.844
2024-02-28T19:51:21.000,15.39,11.42,0.0,0.0,20.38,216278,49.67,-49.0,0.844
2024-02-28T19:52:21.000,15.25,11.0,0.0,0.0,20.38,216279,49.65,-49.0,0.844
2024-02-28T19:53:21.000,15.0,10.81,0.0,0.0,20.38,216280,49.62,-49.0,0.844
2024-02-28T19:54:21.000,14.83,10.64,0.0,0.0,20.38,216281,49.6,-50.0,0.844
2024-02-28T19:56:21.000,14.67,11.07,0.0,0.0,20.38,216283,49.54,-50.0,0.844
2024-02-28T19:57:21.000,14.63,10.64,0.0,0.0,20.38,216284,49.51,-50.0,0.844
2024-02-28T19:58:21.000,14.5,9.31,0.0,0.0,20.38,216285,49.48,-50.0,0.844
2024-02-28T20:08:22.000,13.59,9.46,0.0,0.0,20.38,216295,49.1,-52.0,0.843
2024-02-28T20:09:22.000,13.37,8.87,0.0,0.0,20.38,216296,49.05,-52.0,0.843
2024-02-28T20:10:23.000,13.08,8.77,0.0,0.0,20.38,216297,49.0,-53.0,0.843
2024-02-28T20:12:24.000,13.37,10.86,0.0,0.0,20.38,216299,48.9,-53.0,0.843
2024-02-28T20:13:24.000,13.72,11.3,0.0,0.0,20.38,216300,48.85,-53.0,0.843
2024-02-28T20:14:24.000,13.63,10.48,0.0,0.0,20.38,216301,48.8,-53.0,0.843
2024-02-28T21:09:30.000,14.79,10.51,0.0,0.0,20.38,216356,44.04,-63.0,0.84
2024-02-28T21:10:30.000,14.7,10.38,0.0,0.0,20.38,216357,43.92,-63.0,0.84
2024-02-28T21:11:30.000,14.48,10.33,0.0,0.0,20.38,216358,43.81,-63.0,0.84
2024-02-28T21:13:31.000,14.31,9.99,0.0,0.0,20.38,216360,43.57,-63.0,0.84
2024-02-28T21:14:31.000,14.28,10.46,0.0,0.0,20.38,216361,43.45,-63.0,0.84
2024-02-28T21:15:31.000,14.28,10.52,0.0,0.0,20.38,216362,43.33,-64.0,0.84
2024-02-28T23:12:47.000,11.91,7.91,0.0,0.0,20.38,216479,24.57,-68.0,0.834
2024-02-28T23:13:47.000,11.95,8.37,0.0,0.0,20.38,216480,24.39,-68.0,0.834
2024-02-28T23:14:47.000,11.88,8.12,0.0,0.0,20.38,216481,24.2,-68.0,0.834
2024-02-28T23:17:47.000,11.85,8.13,0.0,0.0,20.38,216484,23.64,-67.0,0.834
2024-02-28T23:18:47.000,11.82,7.91,0.0,0.0,20.38,216485,23.45,-67.0,0.834
2024-02-28T23:19:47.000,11.74,8.1,0.0,0.0,20.38,216486,23.26,-67.0,0.834
2024-02-29T01:02:01.000,14.32,0.19,0.0,0.0,20.38,216588,2.83,-51.0,0.829
2024-02-29T01:03:01.000,14.33,0.78,0.0,0.0,20.38,216589,2.62,-51.0,0.829
2024-02-29T01:04:01.000,14.27,1.36,0.0,0.0,20.38,216590,2.41,-51.0,0.829
2024-02-29T01:07:01.000,14.34,3.09,0.0,0.0,20.38,216593,1.79,-51.0,0.828
2024-02-29T01:08:01.000,14.39,3.07,0.0,0.0,20.38,216594,1.58,-50.0,0.828
2024-02-29T01:10:01.000,14.42,2.69,0.0,0.0,20.38,216596,1.17,-50.0,0.828
2024-02-29T01:11:03.000,14.47,2.52,0.0,0.0,20.38,216597,0.95,-50.0,0.828
2024-02-29T01:12:02.000,14.56,2.29,0.0,0.0,20.38,216598,0.75,-50.0,0.828
2024-02-29T01:13:03.000,14.59,2.3,0.0,0.0,20.38,216599,0.53,-49.0,0.828
2024-02-29T01:14:03.000,14.6,2.68,0.0,0.0,20.38,216600,0.33,-49.0,0.828
2024-02-29T01:15:03.000,14.62,3.08,0.54,0.18,20.38,216601,0.12,-49.0,0.828
2024-02-29T01:16:03.000,14.62,3.41,0.0,0.0,20.38,216602,-0.09,-49.0,0.828
2024-02-29T01:17:03.000,14.66,3.99,0.0,0.0,20.38,216603,-0.3,-49.0,0.828
2024-02-29T01:18:03.000,14.68,4.21,0.0,0.0,20.38,216604,-0.51,-48.0,0.828
2024-02-29T01:19:03.000,14.69,4.41,56237.35,7.75,20.38,216605,-0.72,-48.0,0.828
2024-02-29T01:20:03.000,14.69,4.45,56220.55,8.51,20.38,216606,-0.93,-48.0,0.828
2024-02-29T01:21:03.000,14.69,4.43,50521.23,8.62,20.38,216607,-1.13,-48.0,0.828
2024-02-29T01:22:03.000,14.64,4.51,40440.5,8.86,20.38,216608,-1.34,-48.0,0.828
2024-02-29T01:23:03.000,14.7,4.52,35615.22,9.0,20.38,216609,-1.55,-48.0,0.828
2024-02-29T01:24:04.000,14.7,4.22,34385.54,9.2,20.38,216610,-1.77,-47.0,0.828
2024-02-29T01:25:04.000,14.72,4.23,30888.2,9.16,20.38,216611,-1.97,-47.0,0.827
2024-02-29T01:26:04.000,14.67,4.13,24660.38,9.4,20.38,216612,-2.18,-47.0,0.827
2024-02-29T01:27:04.000,14.62,4.19,20185.02,9.62,20.38,216613,-2.39,-47.0,0.827
2024-02-29T01:28:04.000,14.58,4.26,17076.54,9.8,20.38,216614,-2.6,-47.0,0.827
2024-02-29T01:29:04.000,14.52,4.38,15787.13,9.89,20.38,216615,-2.81,-46.0,0.827
2024-02-29T01:30:04.000,14.53,4.74,12132.11,10.17,20.38,216616,-3.02,-46.0,0.827
2024-02-29T01:31:04.000,14.57,4.79,10115.51,10.37,20.38,216617,-3.23,-46.0,0.827
2024-02-29T01:32:04.000,14.61,4.88,8345.93,10.58,20.38,216618,-3.44,-46.0,0.827
2024-02-29T01:33:04.000,14.58,4.74,6808.4,10.8,20.38,216619,-3.65,-46.0,0.827
2024-02-29T01:34:04.000,14.53,4.79,5639.04,11.01,20.38,216620,-3.86,-45.0,0.827
2024-02-29T01:35:04.000,14.5,4.9,3868.79,11.42,20.38,216621,-4.07,-45.0,0.827
2024-02-29T01:36:05.000,14.46,4.91,2489.01,11.9,20.38,216622,-4.28,-45.0,0.827
2024-02-29T01:37:04.000,14.41,4.87,1599.93,12.38,20.38,216623,-4.49,-45.0,0.827
2024-02-29T01:38:04.000,14.35,4.94,1114.76,12.77,20.38,216624,-4.7,-45.0,0.827
2024-02-29T01:39:04.000,14.24,4.74,814.61,13.11,20.38,216625,-4.91,-44.0,0.827
2024-02-29T01:40:04.000,14.18,5.06,580.24,13.48,20.38,216626,-5.12,-44.0,0.827
2024-02-29T01:41:05.000,14.12,4.94,423.19,13.82,20.38,216627,-5.34,-44.0,0.827
2024-02-29T01:42:05.000,14.02,4.92,335.6,14.07,20.38,216628,-5.55,-44.0,0.827
2024-02-29T01:43:05.000,13.91,4.88,271.64,14.3,20.38,216629,-5.76,-44.0,0.827
2024-02-29T01:44:05.000,13.85,5.03,208.7,14.58,20.38,216630,-5.97,-43.0,0.827
2024-02-29T01:45:05.000,13.79,5.04,166.22,14.83,20.38,216631,-6.18,-43.0,0.826
2024-02-29T01:46:05.000,13.72,5.01,129.01,15.11,20.38,216632,-6.39,-43.0,0.826
2024-02-29T01:47:05.000,13.65,5.1,106.07,15.32,20.38,216633,-6.6,-43.0,0.826
2024-02-29T01:48:05.000,13.69,5.22,89.55,15.5,20.38,216634,-6.81,-43.0,0.826
2024-02-29T01:50:05.000,13.63,5.17,62.75,15.89,20.38,216636,-7.23,-42.0,0.826
2024-02-29T01:51:05.000,13.56,4.97,53.52,16.06,20.38,216637,-7.44,-42.0,0.826
2024-02-29T01:52:05.000,13.55,5.05,47.45,16.19,20.38,216638,-7.65,-42.0,0.826
2024-02-29T01:53:05.000,13.54,5.12,43.83,16.28,20.38,216639,-7.86,-42.0,0.826
2024-02-29T01:54:05.000,13.52,5.16,40.93,16.35,20.38,216640,-8.07,-41.0,0.826
2024-02-29T01:55:05.000,13.49,5.08,38.69,16.41,20.38,216641,-8.28,-41.0,0.826
2024-02-29T01:56:06.000,13.42,5.01,36.84,16.46,20.38,216642,-8.5,-41.0,0.826
2024-02-29T01:57:06.000,13.4,5.02,35.51,16.5,20.38,216643,-8.71,-41.0,0.826
2024-02-29T01:58:06.000,13.37,5.04,34.0,16.55,20.38,216644,-8.92,-41.0,0.826
2024-02-29T01:59:06.000,13.4,5.12,32.58,16.6,20.38,216645,-9.13,-41.0,0.826
2024-02-29T02:00:06.000,13.42,5.22,31.28,16.64,20.38,216646,-9.34,-40.0,0.826
2024-02-29T02:01:06.000,13.41,5.21,30.58,16.67,20.38,216647,-9.55,-40.0,0.826
2024-02-29T02:02:06.000,13.47,5.4,30.42,16.67,20.38,216648,-9.76,-40.0,0.826
2024-02-29T02:03:06.000,13.5,5.26,29.56,16.7,20.38,216649,-9.97,-40.0,0.826
2024-02-29T02:04:06.000,13.52,5.25,28.56,16.74,20.38,216650,-10.19,-40.0,0.826
2024-02-29T02:05:06.000,13.51,5.21,27.85,16.77,20.38,216651,-10.4,-39.0,0.825
2024-02-29T02:06:06.000,13.54,5.19,27.3,16.79,20.38,216652,-10.61,-39.0,0.825
2024-02-29T02:07:06.000,13.55,5.24,26.94,16.8,20.38,216653,-10.82,-39.0,0.825
2024-02-29T02:08:06.000,13.59,5.24,26.79,16.81,20.38,216654,-11.03,-39.0,0.825
2024-02-29T02:09:06.000,13.59,5.21,26.55,16.82,20.38,216655,-11.24,-39.0,0.825
2024-02-29T02:10:07.000,13.58,5.17,26.18,16.84,20.38,216656,-11.46,-38.0,0.825
2024-02-29T02:11:08.000,13.58,5.23,26.22,16.83,20.38,216657,-11.67,-38.0,0.825
2024-02-29T02:12:10.000,13.58,5.18,26.54,16.82,20.38,216658,-11.89,-38.0,0.825
2024-02-29T02:13:10.000,13.57,5.24,27.13,16.8,20.38,216659,-12.1,-38.0,0.825
2024-02-29T02:14:10.000,13.52,5.04,28.21,16.75,20.38,216660,-12.31,-38.0,0.825
2024-02-29T02:15:10.000,13.39,4.95,29.4,16.71,20.38,216661,-12.52,-37.0,0.825
2024-02-29T02:16:10.000,13.13,4.3,28.82,16.73,20.38,216662,-12.73,-37.0,0.825
2024-02-29T02:17:10.000,12.92,4.44,27.36,16.79,20.38,216663,-12.95,-37.0,0.825
2024-02-29T02:18:10.000,12.79,4.49,25.19,16.88,20.38,216664,-13.16,-37.0,0.825
2024-02-29T02:19:10.000,12.63,4.31,22.49,17.0,20.38,216665,-13.37,-37.0,0.825
2024-02-29T02:20:11.000,12.46,3.99,19.77,17.14,20.38,216666,-13.58,-36.0,0.825
2024-02-29T02:21:10.000,12.27,3.89,17.27,17.29,20.38,216667,-13.79,-36.0,0.825
2024-02-29T02:22:11.000,12.11,4.53,15.13,17.43,20.38,216668,-14.01,-36.0,0.825
2024-02-29T02:23:11.000,12.01,4.13,13.14,17.58,20.38,216669,-14.22,-36.0,0.825
2024-02-29T02:24:13.000,11.87,3.45,11.4,17.74,20.38,216670,-14.44,-36.0,0.825
2024-02-29T02:25:12.000,11.71,2.75,10.22,17.86,20.38,216671,-14.64,-35.0,0.824
2024-02-29T02:26:12.000,11.61,2.35,9.55,17.93,20.38,216672,-14.86,-35.0,0.824
2024-02-29T02:27:13.000,11.57,2.06,9.2,17.97,20.38,216673,-15.07,-35.0,0.824
2024-02-29T02:28:13.000,11.54,1.66,8.96,18.0,20.38,216674,-15.28,-35.0,0.824
2024-02-29T02:29:13.000,11.52,1.42,8.79,18.02,20.38,216675,-15.49,-35.0,0.824
2024-02-29T02:30:13.000,11.49,1.19,8.73,18.03,20.38,216676,-15.7,-34.0,0.824
2024-02-29T02:31:13.000,11.37,0.5,8.7,18.03,20.38,216677,-15.92,-34.0,0.824
2024-02-29T02:32:13.000,11.24,0.2,8.82,18.02,20.38,216678,-16.13,-34.0,0.824
2024-02-29T02:33:13.000,11.08,0.13,9.1,17.98,20.38,216679,-16.34,-34.0,0.824
2024-02-29T02:34:13.000,10.99,-0.09,9.38,17.95,20.38,216680,-16.55,-34.0,0.824
2024-02-29T02:35:13.000,10.92,0.1,9.66,17.92,20.38,216681,-16.76,-33.0,0.824
2024-02-29T02:36:13.000,10.87,-0.08,9.88,17.89,20.38,216682,-16.97,-33.0,0.824
2024-02-29T02:37:13.000,10.79,-0.34,9.95,17.89,20.38,216683,-17.18,-33.0,0.824
2024-02-29T02:38:13.000,10.74,0.07,10.03,17.88,20.38,216684,-17.39,-33.0,0.824
2024-02-29T02:39:13.000,10.75,-0.17,10.02,17.88,20.38,216685,-17.61,-32.0,0.824
2024-02-29T02:40:13.000,10.81,0.37,9.97,17.88,20.38,216686,-17.82,-32.0,0.824
2024-02-29T02:41:13.000,10.91,0.23,9.96,17.88,20.38,216687,-18.03,-32.0,0.824
2024-02-29T02:42:14.000,10.81,0.0,10.0,17.88,20.38,216688,-18.24,-32.0,0.824
2024-02-29T02:43:14.000,10.84,0.13,10.1,17.87,20.38,216689,-18.45,-32.0,0.824
2024-02-29T02:44:14.000,10.76,-0.1,10.14,17.86,20.38,216690,-18.67,-31.0,0.823
2024-02-29T02:45:14.000,10.69,0.06,10.11,17.87,20.38,216691,-18.88,-31.0,0.823
2024-02-29T02:46:14.000,10.77,0.35,9.97,17.88,20.38,216692,-19.09,-31.0,0.823
2024-02-29T02:47:14.000,10.86,0.38,9.76,17.91,20.38,216693,-19.3,-31.0,0.823
2024-02-29T02:48:14.000,10.86,0.19,9.5,17.94,20.38,216694,-19.51,-31.0,0.823
2024-02-29T02:49:14.000,10.93,0.3,9.16,17.98,20.38,216695,-19.72,-30.0,0.823
2024-02-29T02:50:14.000,10.85,-0.39,8.8,18.02,20.38,216696,-19.93,-30.0,0.823
2024-02-29T02:51:14.000,10.83,-0.45,8.51,18.05,20.38,216697,-20.14,-30.0,0.823
2024-02-29T02:52:14.000,10.79,-0.7,8.13,18.11,20.38,216698,-20.35,-30.0,0.823
2024-02-29T02:53:14.000,10.78,-1.03,7.83,18.15,20.38,216699,-20.57,-30.0,0.823
2024-02-29T02:54:14.000,10.8,-1.04,7.55,18.19,20.38,216700,-20.78,-29.0,0.823
2024-02-29T02:55:14.000,10.77,-1.39,7.31,18.22,20.38,216701,-20.99,-29.0,0.823
2024-02-29T02:56:14.000,10.81,-1.57,7.02,18.26,20.38,216702,-21.2,-29.0,0.823
2024-02-29T02:57:14.000,10.86,-1.69,6.82,18.3,20.38,216703,-21.41,-29.0,0.823
2024-02-29T02:58:14.000,10.74,-2.33,6.61,18.33,20.38,216704,-21.62,-29.0,0.823
2024-02-29T02:59:15.000,10.84,-1.89,6.39,18.37,20.38,216705,-21.83,-28.0,0.823
2024-02-29T03:00:15.000,10.83,-2.46,6.16,18.41,20.38,216706,-22.04,-28.0,0.823
2024-02-29T03:01:15.000,10.8,-2.39,5.94,18.45,20.38,216707,-22.26,-28.0,0.823
2024-02-29T03:02:15.000,10.78,-2.82,5.75,18.48,20.38,216708,-22.47,-28.0,0.823
2024-02-29T03:03:15.000,10.81,-2.73,5.52,18.53,20.38,216709,-22.68,-28.0,0.823
2024-02-29T03:04:15.000,10.76,-3.08,5.31,18.57,20.38,216710,-22.89,-27.0,0.822
2024-02-29T03:05:15.000,10.79,-2.94,5.07,18.62,20.38,216711,-23.1,-27.0,0.822
2024-02-29T03:06:15.000,10.76,-3.64,4.8,18.68,20.38,216712,-23.31,-27.0,0.822
2024-02-29T03:07:15.000,10.79,-3.29,4.52,18.74,20.38,216713,-23.52,-27.0,0.822
2024-02-29T03:08:15.000,10.81,-3.73,4.28,18.8,20.38,216714,-23.73,-27.0,0.822
2024-02-29T03:09:15.000,10.85,-3.83,4.05,18.86,20.38,216715,-23.94,-26.0,0.822
2024-02-29T03:10:17.000,10.91,-3.89,3.88,18.91,20.38,216716,-24.16,-26.0,0.822
2024-02-29T03:11:16.000,10.87,-4.15,3.82,18.92,20.38,216717,-24.36,-26.0,0.822
2024-02-29T03:12:17.000,10.86,-4.34,3.84,18.92,20.38,216718,-24.58,-26.0,0.822
2024-02-29T03:13:17.000,10.87,-4.3,3.75,18.95,20.38,216719,-24.79,-26.0,0.822
2024-02-29T03:15:17.000,10.9,-4.29,3.41,19.05,20.38,216721,-25.21,-25.0,0.822
2024-02-29T03:16:17.000,10.89,-4.54,3.26,19.1,20.38,216722,-25.42,-25.0,0.822
2024-02-29T03:17:17.000,10.85,-4.57,3.17,19.13,20.38,216723,-25.63,-25.0,0.822
2024-02-29T03:18:17.000,10.87,-4.64,3.19,19.12,20.38,216724,-25.84,-25.0,0.822
2024-02-29T03:19:17.000,10.88,-4.6,3.28,19.09,20.38,216725,-26.05,-24.0,0.822
2024-02-29T03:20:18.000,10.89,-4.84,3.23,19.11,20.38,216726,-26.26,-24.0,0.822
2024-02-29T03:21:17.000,10.89,-4.89,3.06,19.17,20.38,216727,-26.46,-24.0,0.822
2024-02-29T03:22:18.000,10.95,-4.89,2.93,19.21,20.38,216728,-26.68,-24.0,0.822
2024-02-29T03:23:18.000,10.94,-5.48,2.83,19.25,20.38,216729,-26.89,-24.0,0.822
2024-02-29T03:24:18.000,10.94,-5.53,2.76,19.28,20.38,216730,-27.1,-23.0,0.821
2024-02-29T03:25:18.000,10.99,-5.72,2.71,19.3,20.38,216731,-27.3,-23.0,0.821
2024-02-29T03:26:18.000,10.95,-6.03,2.68,19.31,20.38,216732,-27.51,-23.0,0.821
2024-02-29T03:27:18.000,10.99,-5.84,2.74,19.29,20.38,216733,-27.72,-23.0,0.821
2024-02-29T03:28:18.000,11.04,-5.86,2.71,19.3,20.38,216734,-27.93,-23.0,0.821
2024-02-29T03:29:19.000,10.99,-5.77,2.63,19.33,20.38,216735,-28.14,-22.0,0.821
2024-02-29T03:30:19.000,11.03,-5.54,2.69,19.3,20.38,216736,-28.35,-22.0,0.821
2024-02-29T03:31:19.000,11.02,-5.87,2.59,19.35,20.38,216737,-28.56,-22.0,0.821
2024-02-29T03:32:19.000,11.06,-5.69,2.34,19.46,20.38,216738,-28.77,-22.0,0.821
2024-02-29T03:33:19.000,11.16,-5.81,2.15,19.55,20.38,216739,-28.98,-22.0,0.821
2024-02-29T03:34:19.000,11.24,-6.24,2.1,19.57,20.38,216740,-29.19,-21.0,0.821
2024-02-29T03:35:19.000,11.24,-6.4,2.16,19.54,20.38,216741,-29.4,-21.0,0.821
2024-02-29T03:36:20.000,11.3,-6.05,2.34,19.46,20.38,216742,-29.61,-21.0,0.821
2024-02-29T03:37:19.000,11.32,-5.96,2.5,19.39,20.38,216743,-29.81,-21.0,0.821
2024-02-29T03:38:19.000,11.39,-5.54,2.6,19.34,20.38,216744,-30.02,-21.0,0.821
2024-02-29T03:39:19.000,11.43,-5.51,2.43,19.41,20.38,216745,-30.23,-20.0,0.821
2024-02-29T03:40:19.000,11.44,-5.81,2.13,19.56,20.38,216746,-30.44,-20.0,0.821
2024-02-29T03:41:19.000,11.49,-6.0,1.87,19.7,20.38,216747,-30.64,-20.0,0.821
2024-02-29T03:42:20.000,11.55,-6.3,1.67,19.82,20.38,216748,-30.85,-20.0,0.821
2024-02-29T03:43:20.000,11.61,-6.57,1.57,19.89,20.38,216749,-31.06,-20.0,0.82
2024-02-29T03:44:20.000,11.65,-6.9,1.54,19.91,20.38,216750,-31.27,-19.0,0.82
2024-02-29T03:45:20.000,11.7,-7.23,1.47,19.96,20.38,216751,-31.48,-19.0,0.82
2024-02-29T03:46:20.000,11.74,-7.58,1.4,20.01,20.38,216752,-31.68,-19.0,0.82
2024-02-29T03:47:20.000,11.77,-7.7,1.36,20.04,20.38,216753,-31.89,-19.0,0.82
2024-02-29T03:48:20.000,11.84,-7.9,1.33,20.07,20.38,216754,-32.1,-19.0,0.82
2024-02-29T03:49:20.000,11.85,-8.21,1.3,20.1,20.38,216755,-32.3,-18.0,0.82
2024-02-29T03:50:20.000,11.87,-8.41,1.28,20.12,20.38,216756,-32.51,-18.0,0.82
2024-02-29T03:51:20.000,11.9,-8.36,1.26,20.13,20.38,216757,-32.72,-18.0,0.82
2024-02-29T03:52:20.000,11.97,-8.35,1.25,20.14,20.38,216758,-32.92,-18.0,0.82
2024-02-29T03:53:20.000,12.0,-8.38,1.26,20.13,20.38,216759,-33.13,-18.0,0.82
