Downloads/jupyter/ECSV/stars19/stars19_2020-03.ecsv
# %ECSV 1.0
# ---
# datatype:
# - {name: time, datatype: string}
# - {name: Enclosure Temperature, unit: deg_C, datatype: float64}
# - {name: Sky Temperature, unit: deg_C, datatype: float64}
# - {name: Frequency, unit: Hz, datatype: float64}
# - {name: MSAS, unit: mag / arcsec2, datatype: float64}
# - {name: ZP, datatype: float64}
# - {name: Sequence Number, datatype: int64}
# - {name: Sun Alt, unit: deg, datatype: float64}
# - {name: Moon Alt, unit: deg, datatype: float64}
# - {name: Moon Illumination, datatype: float64}
# delimiter: ','
# meta: !!omap
# - ida:
#     Data supplier: {affiliation: null, observer: null}
#     Device type: TESS-W
#     Field of view: 17.0
#     Filters per channel: None
#     Instrument ID: stars19
#     License: ODbL 1.0 http://opendatacommons.org/licenses/odbl/summary/
#     Local timezone: America/Phoenix
#     Location name: {country: '- Tucson', place: Tucson, region: United States, sub_region: Arizona, town: Pima County}
#     Measurement direction per channel: {azimuth: 0.0, zenital: 0.0}
#     Moving / Fixed look direction: FIXED
#     Moving / Stationary position: STATIONARY
#     Number of channels: 1
#     Number of fields per line: 8
#     Number of header lines: 35
#     Position: {height: 0.0, latitude: 32.223877, longitude: -110.767532}
#     TESS MAC address: 18:FE:34:CF:EC:06
#     TESS cover offset value: 0.0
#     TESS firmware version: '1.0'
#     TESS zero point: 20.5
#     Time Synchronization: timestamp added by MQTT subscriber
#     URL: http://www.darksky.org/NSBM/sdf1.0.pdf
# - __serialized_columns__:
#     Enclosure Temperature:
#       __class__: astropy.units.quantity.Quantity
#       unit: &id001 !astropy.units.Unit {unit: deg_C}
#       value: !astropy.table.SerializedColumn {name: Enclosure Temperature}
#     Frequency:
#       __class__: astropy.units.quantity.Quantity
#       unit: !astropy.units.Unit {unit: Hz}
#       value: !astropy.table.SerializedColumn {name: Frequency}
#     MSAS:
#       __class__: astropy.units.quantity.Quantity
#       unit: !astropy.units.Unit {unit: mag / arcsec2}
#       value: !astropy.table.SerializedColumn {name: MSAS}
#     Moon Alt:
#       __class__: astropy.units.quantity.Quantity
#       unit: &id002 !astropy.units.Unit {unit: deg}
#       value: !astropy.table.SerializedColumn {name: Moon Alt}
#     Sky Temperature:
#       __class__: astropy.units.quantity.Quantity
#       unit: *id001
#       value: !astropy.table.SerializedColumn {name: Sky Temperature}
#     Sun Alt:
#       __class__: astropy.units.quantity.Quantity
#       unit: *id002
#       value: !astropy.table.SerializedColumn {name: Sun Alt}
#     time:
#       __class__: astropy.time.core.Time
#       format: isot
#       in_subfmt: '*'
#       out_subfmt: '*'
#       precision: 3
#       scale: utc
#       value: !astropy.table.SerializedColumn {name: time}
# schema: astropy-2.0
time,Enclosure Temperature,Sky Temperature,Frequency,MSAS,ZP,Sequence Number,Sun Alt,Moon Alt,Moon Illumination
[from data line 22898]
2020-03-28T15:31:42.000,12.4,-9.8,0.0,0.0,20.5,355814,27.72,-4.0,0.157
2020-03-28T15:32:42.000,12.48,-9.65,0.0,0.0,20.5,355815,27.92,-4.0,0.157
2020-03-28T15:33:43.000,12.61,-9.4,0.0,0.0,20.5,355816,28.13,-4.0,0.157
2020-03-28T15:37:44.000,13.12,-8.93,0.0,0.0,20.5,355820,28.95,-3.0,0.157
2020-03-28T15:38:45.000,13.21,-8.79,0.0,0.0,20.5,355821,29.16,-3.0,0.157
2020-03-28T15:39:45.000,13.25,-8.71,0.0,0.0,20.5,355822,29.36,-3.0,0.157
2020-03-28T15:41:46.000,13.54,-8.17,0.0,0.0,20.5,355824,29.77,-2.0,0.157
2020-03-28T15:42:46.000,13.71,-7.78,0.0,0.0,20.5,355825,29.97,-2.0,0.157
2020-03-28T15:43:46.000,13.91,-7.56,0.0,0.0,20.5,355826,30.18,-2.0,0.158
2020-03-28T15:45:46.000,14.18,-7.52,0.0,0.0,20.5,355828,30.58,-2.0,0.158
2020-03-28T15:46:47.000,14.35,-7.22,0.0,0.0,20.5,355829,30.79,-1.0,0.158
2020-03-28T15:47:47.000,14.53,-7.02,0.0,0.0,20.5,355830,30.99,-1.0,0.158
2020-03-28T15:53:48.000,15.49,-6.09,0.0,0.0,20.5,355836,32.2,-0.0,0.158
2020-03-28T15:54:49.000,15.64,-6.14,0.0,0.0,20.5,355837,32.41,0.0,0.158
2020-03-28T15:55:49.000,15.64,-6.33,0.0,0.0,20.5,355838,32.61,0.0,0.158
2020-03-28T16:01:51.000,16.55,-4.99,0.0,0.0,20.5,355844,33.81,2.0,0.158
2020-03-28T16:02:52.000,16.83,-4.69,0.0,0.0,20.5,355845,34.02,2.0,0.158
2020-03-28T16:03:52.000,17.06,-4.68,0.0,0.0,20.5,355846,34.21,2.0,0.159
2020-03-28T16:08:53.000,17.87,-4.07,0.0,0.0,20.5,355851,35.21,3.0,0.159
2020-03-28T16:09:54.000,17.98,-4.12,0.0,0.0,20.5,355852,35.41,3.0,0.159
2020-03-28T16:10:54.000,18.15,-4.18,0.0,0.0,20.5,355853,35.61,3.0,0.159
2020-03-28T16:13:54.000,18.79,-3.8,0.0,0.0,20.5,355856,36.2,4.0,0.159
2020-03-28T16:14:55.000,18.87,-3.71,0.0,0.0,20.5,355857,36.4,4.0,0.159
2020-03-28T16:15:56.000,19.04,-3.55,0.0,0.0,20.5,355858,36.59,4.0,0.159
2020-03-28T16:20:57.000,19.89,-2.98,0.0,0.0,20.5,355863,37.57,5.0,0.159
2020-03-28T16:22:57.000,20.3,-2.88,0.0,0.0,20.5,355865,37.96,6.0,0.159
2020-03-28T16:23:57.000,20.46,-2.7,0.0,0.0,20.5,355866,38.15,6.0,0.159
2020-03-28T16:24:58.000,20.68,-2.7,0.0,0.0,20.5,355867,38.35,6.0,0.16
2020-03-28T16:35:00.000,28.67,1.49,0.0,0.0,20.5,355877,40.27,8.0,0.16
2020-03-28T16:36:00.000,29.54,1.25,0.0,0.0,20.5,355878,40.46,8.0,0.16
2020-03-28T16:37:00.000,30.31,1.47,0.0,0.0,20.5,355879,40.65,9.0,0.16
2020-03-28T16:39:00.000,31.96,1.68,0.0,0.0,20.5,355881,41.03,9.0,0.16
2020-03-28T16:40:01.000,32.63,1.44,0.0,0.0,20.5,355882,41.22,9.0,0.16
2020-03-28T16:41:01.000,33.02,0.95,0.0,0.0,20.5,355883,41.41,9.0,0.16
2020-03-28T16:45:03.000,33.95,-0.53,0.0,0.0,20.5,355887,42.16,10.0,0.161
2020-03-28T16:46:03.000,33.94,0.82,0.0,0.0,20.5,355888,42.35,10.0,0.161
2020-03-28T16:47:03.000,34.5,1.82,0.0,0.0,20.5,355889,42.53,11.0,0.161
2020-03-28T16:49:04.000,35.2,1.46,0.0,0.0,20.5,355891,42.9,11.0,0.161
2020-03-28T16:50:04.000,35.75,2.16,0.0,0.0,20.5,355892,43.09,11.0,0.161
2020-03-28T16:51:04.000,36.28,1.78,0.0,0.0,20.5,355893,43.27,11.0,0.161
2020-03-28T16:53:05.000,36.95,2.27,0.0,0.0,20.5,355895,43.64,12.0,0.161
2020-03-28T16:54:06.000,37.14,1.21,0.0,0.0,20.5,355896,43.83,12.0,0.161
2020-03-28T16:55:07.000,37.05,1.13,0.0,0.0,20.5,355897,44.01,12.0,0.161
2020-03-28T16:57:07.000,36.53,-0.58,0.0,0.0,20.5,355899,44.38,13.0,0.161
2020-03-28T16:58:08.000,36.07,-0.71,0.0,0.0,20.5,355900,44.56,13.0,0.161
2020-03-28T16:59:09.000,35.95,0.94,0.0,0.0,20.5,355901,44.74,13.0,0.161
2020-03-28T17:08:12.000,36.91,0.94,0.0,0.0,20.5,355910,46.35,15.0,0.162
2020-03-28T17:09:13.000,37.31,2.54,0.0,0.0,20.5,355911,46.53,15.0,0.162
2020-03-28T17:10:13.000,37.6,1.02,0.0,0.0,20.5,355912,46.7,15.0,0.162
2020-03-28T17:16:14.000,37.74,0.81,0.0,0.0,20.5,355918,47.74,17.0,0.162
2020-03-28T17:17:14.000,37.67,0.06,0.0,0.0,20.5,355919,47.91,17.0,0.162
2020-03-28T17:18:14.000,37.37,-0.24,0.0,0.0,20.5,355920,48.08,17.0,0.162
2020-03-28T17:22:15.000,37.46,-1.75,0.0,0.0,20.5,355924,48.76,18.0,0.162
2020-03-28T17:23:15.000,36.75,-1.7,0.0,0.0,20.5,355925,48.93,18.0,0.162
2020-03-28T17:24:15.000,36.76,0.82,0.0,0.0,20.5,355926,49.09,18.0,0.162
2020-03-28T17:28:16.000,37.01,-1.0,0.0,0.0,20.5,355930,49.75,19.0,0.163
2020-03-28T17:29:16.000,36.26,-2.19,0.0,0.0,20.5,355931,49.92,19.0,0.163
2020-03-28T17:30:17.000,35.86,-2.74,0.0,0.0,20.5,355932,50.08,19.0,0.163
2020-03-28T17:34:18.000,35.01,-1.68,0.0,0.0,20.5,355936,50.73,20.0,0.163
2020-03-28T17:35:18.000,35.47,0.75,0.0,0.0,20.5,355937,50.88,20.0,0.163
2020-03-28T17:36:19.000,35.69,-2.2,0.0,0.0,20.5,355938,51.04,21.0,0.163
2020-03-28T17:38:19.000,35.44,-1.11,0.0,0.0,20.5,355940,51.36,21.0,0.163
2020-03-28T17:39:20.000,35.47,-0.23,0.0,0.0,20.5,355941,51.52,21.0,0.163
2020-03-28T17:40:20.000,36.02,0.28,0.0,0.0,20.5,355942,51.67,22.0,0.163
2020-03-28T17:43:21.000,36.42,0.39,0.0,0.0,20.5,355945,52.13,22.0,0.163
2020-03-28T17:46:22.000,36.45,-0.75,0.0,0.0,20.5,355948,52.59,23.0,0.164
2020-03-28T17:47:22.000,36.6,0.65,0.0,0.0,20.5,355949,52.74,23.0,0.164
2020-03-28T17:48:22.000,36.95,0.55,0.0,0.0,20.5,355950,52.88,23.0,0.164
2020-03-28T17:54:24.000,39.98,1.08,0.0,0.0,20.5,355956,53.76,24.0,0.164
2020-03-28T17:55:25.000,40.14,0.79,0.0,0.0,20.5,355957,53.9,25.0,0.164
2020-03-28T17:56:25.000,40.09,0.19,0.0,0.0,20.5,355958,54.04,25.0,0.164
2020-03-28T17:59:26.000,39.39,-0.69,0.0,0.0,20.5,355961,54.46,25.0,0.164
2020-03-28T18:04:27.000,40.25,1.54,0.0,0.0,20.5,355966,55.13,27.0,0.164
2020-03-28T18:05:28.000,40.85,1.31,0.0,0.0,20.5,355967,55.27,27.0,0.165
2020-03-28T18:06:28.000,40.67,-0.57,0.0,0.0,20.5,355968,55.4,27.0,0.165
2020-03-28T18:07:28.000,40.35,-1.14,0.0,0.0,20.5,355969,55.53,27.0,0.165
2020-03-28T18:09:29.000,40.18,-0.85,0.0,0.0,20.5,355971,55.78,28.0,0.165
2020-03-28T18:10:29.000,39.31,-3.25,0.0,0.0,20.5,355972,55.91,28.0,0.165
2020-03-28T18:11:29.000,38.45,-2.32,0.0,0.0,20.5,355973,56.03,28.0,0.165
2020-03-28T18:21:32.000,40.42,1.02,0.0,0.0,20.5,355983,57.22,30.0,0.165
2020-03-28T18:22:32.000,40.92,0.81,0.0,0.0,20.5,355984,57.33,30.0,0.165
2020-03-28T18:23:32.000,40.92,-0.1,0.0,0.0,20.5,355985,57.44,30.0,0.165
2020-03-28T18:25:32.000,41.81,1.46,0.0,0.0,20.5,355987,57.66,31.0,0.166
2020-03-28T18:29:33.000,42.87,0.95,0.0,0.0,20.5,355991,58.07,32.0,0.166
2020-03-28T18:30:34.000,43.05,-0.13,0.0,0.0,20.5,355992,58.17,32.0,0.166
2020-03-28T18:33:35.000,42.06,-0.55,0.0,0.0,20.5,355995,58.47,33.0,0.166
2020-03-28T18:34:36.000,41.25,-4.09,0.0,0.0,20.5,355996,58.56,33.0,0.166
2020-03-28T18:35:36.000,40.67,-0.98,0.0,0.0,20.5,355997,58.66,33.0,0.166
2020-03-28T18:40:38.000,41.78,0.17,0.0,0.0,20.5,356002,59.1,34.0,0.166
2020-03-28T18:41:38.000,41.74,-0.29,0.0,0.0,20.5,356003,59.18,34.0,0.166
2020-03-28T18:42:38.000,41.49,-0.03,0.0,0.0,20.5,356004,59.27,34.0,0.166
2020-03-28T18:45:39.000,41.68,1.8,0.0,0.0,20.5,356007,59.51,35.0,0.167
2020-03-28T18:47:39.000,42.86,2.93,0.0,0.0,20.5,356009,59.66,35.0,0.167
2020-03-28T18:48:40.000,43.43,2.28,0.0,0.0,20.5,356010,59.73,36.0,0.167
2020-03-28T18:49:40.000,43.75,1.96,0.0,0.0,20.5,356011,59.8,36.0,0.167
2020-03-28T18:55:42.000,45.43,0.63,0.0,0.0,20.5,356017,60.19,37.0,0.167
2020-03-28T18:56:42.000,44.43,-0.98,0.0,0.0,20.5,356018,60.25,37.0,0.167
2020-03-28T18:57:42.000,43.84,-1.15,0.0,0.0,20.5,356019,60.31,38.0,0.167
2020-03-28T18:59:42.000,43.57,0.49,0.0,0.0,20.5,356021,60.42,38.0,0.167
2020-03-28T19:00:43.000,43.81,1.6,0.0,0.0,20.5,356022,60.47,38.0,0.167
2020-03-28T19:01:43.000,43.96,1.14,0.0,0.0,20.5,356023,60.52,38.0,0.167
2020-03-28T19:13:47.000,43.75,0.07,0.0,0.0,20.5,356035,60.98,41.0,0.168
2020-03-28T19:14:47.000,43.98,1.49,0.0,0.0,20.5,356036,61.01,41.0,0.168
2020-03-28T19:15:47.000,44.44,1.59,0.0,0.0,20.5,356037,61.03,41.0,0.168
2020-03-28T19:25:49.000,46.48,1.96,0.0,0.0,20.5,356047,61.17,43.0,0.169
2020-03-28T19:33:50.000,47.31,1.14,0.0,0.0,20.5,356055,61.14,45.0,0.169
2020-03-28T19:34:53.000,47.25,2.09,0.0,0.0,20.5,356056,61.13,45.0,0.169
2020-03-28T19:35:54.000,47.28,1.82,0.0,0.0,20.5,356057,61.12,45.0,0.169
2020-03-28T20:08:06.000,46.91,0.74,0.0,0.0,20.5,356089,59.68,52.0,0.171
2020-03-28T20:09:06.000,47.0,1.23,0.0,0.0,20.5,356090,59.61,52.0,0.171
2020-03-28T20:10:06.000,46.92,0.05,0.0,0.0,20.5,356091,59.53,52.0,0.171
2020-03-28T20:14:08.000,47.11,1.38,0.0,0.0,20.5,356095,59.21,53.0,0.171
2020-03-28T20:15:08.000,47.2,1.32,0.0,0.0,20.5,356096,59.13,53.0,0.171
2020-03-28T20:16:08.000,47.35,1.01,0.0,0.0,20.5,356097,59.05,54.0,0.171
2020-03-28T20:23:10.000,46.75,0.8,0.0,0.0,20.5,356104,58.41,55.0,0.171
2020-03-28T20:24:18.000,46.7,0.24,0.0,0.0,20.5,356105,58.3,55.0,0.171
2020-03-28T20:25:18.000,46.13,-2.16,0.0,0.0,20.5,356106,58.2,55.0,0.172
2020-03-28T20:27:18.000,45.94,0.58,0.0,0.0,20.5,356108,58.0,56.0,0.172
2020-03-28T20:28:18.000,46.18,0.95,0.0,0.0,20.5,356109,57.9,56.0,0.172
2020-03-28T20:29:19.000,46.4,0.06,0.0,0.0,20.5,356110,57.79,56.0,0.172
2020-03-28T20:30:19.000,46.42,0.52,0.0,0.0,20.5,356111,57.69,56.0,0.172
2020-03-28T20:31:19.000,46.5,0.37,0.0,0.0,20.5,356112,57.58,57.0,0.172
2020-03-28T20:32:19.000,46.46,0.45,0.0,0.0,20.5,356113,57.47,57.0,0.172
2020-03-28T20:34:25.000,46.47,-0.45,0.0,0.0,20.5,356115,57.24,57.0,0.172
2020-03-28T20:35:25.000,46.47,0.3,0.0,0.0,20.5,356116,57.13,57.0,0.172
2020-03-28T20:36:25.000,46.6,0.17,0.0,0.0,20.5,356117,57.01,58.0,0.172
2020-03-28T20:41:27.000,47.25,0.8,0.0,0.0,20.5,356122,56.42,59.0,0.172
2020-03-28T20:42:27.000,47.22,-0.13,0.0,0.0,20.5,356123,56.3,59.0,0.172
2020-03-28T20:43:27.000,47.28,0.31,0.0,0.0,20.5,356124,56.18,59.0,0.172
2020-03-28T20:47:28.000,46.86,-0.39,0.0,0.0,20.5,356128,55.68,60.0,0.173
2020-03-28T20:48:29.000,46.82,0.39,0.0,0.0,20.5,356129,55.55,60.0,0.173
2020-03-28T20:49:29.000,46.81,0.42,0.0,0.0,20.5,356130,55.42,60.0,0.173
2020-03-28T21:01:33.000,47.46,-0.11,0.0,0.0,20.5,356142,53.78,62.0,0.173
2020-03-28T21:02:34.000,47.4,-0.09,0.0,0.0,20.5,356143,53.64,63.0,0.173
2020-03-28T21:03:34.000,47.46,-0.51,0.0,0.0,20.5,356144,53.5,63.0,0.173
2020-03-28T21:05:40.000,46.88,0.08,0.0,0.0,20.5,356146,53.19,63.0,0.174
2020-03-28T21:06:40.000,47.13,0.5,0.0,0.0,20.5,356147,53.05,63.0,0.174
2020-03-28T21:07:40.000,47.32,-0.34,0.0,0.0,20.5,356148,52.9,64.0,0.174
2020-03-28T21:08:42.000,47.22,-0.67,0.0,0.0,20.5,356149,52.75,64.0,0.174
2020-03-28T21:09:42.000,47.23,0.14,0.0,0.0,20.5,356150,52.6,64.0,0.174
2020-03-28T21:10:42.000,47.3,-0.26,0.0,0.0,20.5,356151,52.45,64.0,0.174
2020-03-28T21:12:42.000,46.72,-0.56,0.0,0.0,20.5,356153,52.15,64.0,0.174
2020-03-28T21:13:43.000,46.31,-1.33,0.0,0.0,20.5,356154,51.99,65.0,0.174
2020-03-28T21:14:43.000,46.25,0.02,0.0,0.0,20.5,356155,51.84,65.0,0.174
2020-03-28T21:22:45.000,45.49,-0.83,0.0,0.0,20.5,356163,50.58,66.0,0.174
2020-03-28T21:23:45.000,45.42,-0.43,0.0,0.0,20.5,356164,50.42,66.0,0.174
2020-03-28T21:24:45.000,45.44,-0.34,0.0,0.0,20.5,356165,50.26,67.0,0.175
2020-03-28T21:27:46.000,45.01,-0.24,0.0,0.0,20.5,356168,49.77,67.0,0.175
2020-03-28T21:28:46.000,44.99,-0.67,0.0,0.0,20.5,356169,49.61,67.0,0.175
2020-03-28T21:29:46.000,44.79,-0.81,0.0,0.0,20.5,356170,49.44,67.0,0.175
2020-03-28T21:38:48.000,45.38,-0.21,0.0,0.0,20.5,356179,47.93,69.0,0.175
2020-03-28T21:39:48.000,45.45,0.0,0.0,0.0,20.5,356180,47.76,69.0,0.175
2020-03-28T21:40:49.000,44.76,-4.39,0.0,0.0,20.5,356181,47.59,69.0,0.175
2020-03-28T21:44:50.000,39.21,-4.5,0.0,0.0,20.5,356185,46.89,70.0,0.176
2020-03-28T21:45:50.000,38.17,-4.82,0.0,0.0,20.5,356186,46.72,70.0,0.176
2020-03-28T21:46:50.000,37.09,-4.94,0.0,0.0,20.5,356187,46.55,70.0,0.176
2020-03-28T21:51:52.000,33.62,-4.4,0.0,0.0,20.5,356192,45.66,71.0,0.176
2020-03-28T21:52:52.000,33.1,-4.23,0.0,0.0,20.5,356193,45.48,71.0,0.176
2020-03-28T21:53:53.000,32.69,-3.94,0.0,0.0,20.5,356194,45.3,71.0,0.176
2020-03-28T21:59:54.000,30.58,-3.74,0.0,0.0,20.5,356200,44.22,72.0,0.176
2020-03-28T22:02:56.000,29.98,-3.63,0.0,0.0,20.5,356203,43.67,72.0,0.176
2020-03-28T22:03:56.000,29.8,-3.22,0.0,0.0,20.5,356204,43.48,72.0,0.177
2020-03-28T22:04:56.000,29.7,-3.1,0.0,0.0,20.5,356205,43.3,72.0,0.177
2020-03-28T22:05:57.000,29.6,-3.66,0.0,0.0,20.5,356206,43.11,72.0,0.177
2020-03-28T22:06:57.000,29.25,-4.18,0.0,0.0,20.5,356207,42.93,72.0,0.177
2020-03-28T22:08:58.000,28.9,-3.54,0.0,0.0,20.5,356209,42.56,73.0,0.177
2020-03-28T22:13:59.000,28.54,-2.95,0.0,0.0,20.5,356214,41.62,73.0,0.177
2020-03-28T22:15:00.000,28.54,-2.86,0.0,0.0,20.5,356215,41.43,73.0,0.177
2020-03-28T22:16:00.000,28.48,-2.89,0.0,0.0,20.5,356216,41.25,73.0,0.177
2020-03-28T22:30:05.000,27.28,-2.57,0.0,0.0,20.5,356230,38.57,74.0,0.178
2020-03-28T22:31:05.000,27.25,-2.49,0.0,0.0,20.5,356231,38.37,74.0,0.178
2020-03-28T22:32:05.000,27.22,-2.45,0.0,0.0,20.5,356232,38.18,74.0,0.178
2020-03-28T22:35:07.000,27.34,-2.53,0.0,0.0,20.5,356235,37.59,74.0,0.178
2020-03-28T22:36:07.000,27.34,-2.51,0.0,0.0,20.5,356236,37.4,74.0,0.178
2020-03-28T22:37:08.000,27.36,-2.45,0.0,0.0,20.5,356237,37.2,75.0,0.178
2020-03-28T23:11:19.000,26.93,-2.8,0.0,0.0,20.5,356271,30.4,73.0,0.18
2020-03-28T23:12:19.000,26.79,-3.07,0.0,0.0,20.5,356272,30.2,73.0,0.18
2020-03-28T23:13:20.000,26.8,-2.59,0.0,0.0,20.5,356273,29.99,73.0,0.18
2020-03-28T23:15:20.000,26.77,-2.35,0.0,0.0,20.5,356275,29.59,73.0,0.18
2020-03-28T23:16:20.000,26.81,-2.37,0.0,0.0,20.5,356276,29.38,73.0,0.18
2020-03-28T23:17:21.000,26.82,-2.38,0.0,0.0,20.5,356277,29.18,73.0,0.18
2020-03-28T23:21:21.000,26.57,-2.81,0.0,0.0,20.5,356281,28.36,73.0,0.181
2020-03-28T23:22:22.000,26.46,-2.6,0.0,0.0,20.5,356282,28.15,72.0,0.181
2020-03-28T23:23:22.000,26.43,-2.69,0.0,0.0,20.5,356283,27.95,72.0,0.181
2020-03-28T23:27:23.000,26.4,-2.32,0.0,0.0,20.5,356287,27.13,72.0,0.181
2020-03-28T23:28:23.000,26.43,-2.43,0.0,0.0,20.5,356288,26.92,72.0,0.181
2020-03-28T23:29:23.000,26.43,-2.66,0.0,0.0,20.5,356289,26.72,72.0,0.181
2020-03-28T23:31:24.000,26.46,-2.36,0.0,0.0,20.5,356291,26.3,71.0,0.181
2020-03-28T23:32:24.000,26.46,-2.52,0.0,0.0,20.5,356292,26.1,71.0,0.181
2020-03-28T23:33:25.000,26.44,-2.43,0.0,0.0,20.5,356293,25.89,71.0,0.181
2020-03-28T23:35:26.000,26.36,-2.56,0.0,0.0,20.5,356295,25.47,71.0,0.181
2020-03-28T23:36:26.000,26.24,-2.99,0.0,0.0,20.5,356296,25.27,71.0,0.181
2020-03-28T23:40:26.000,25.75,-2.81,0.0,0.0,20.5,356300,24.44,70.0,0.182
2020-03-28T23:47:27.000,25.75,-2.7,0.0,0.0,20.5,356307,22.99,69.0,0.182
2020-03-28T23:48:28.000,25.77,-2.56,0.0,0.0,20.5,356308,22.77,69.0,0.182
2020-03-28T23:49:28.000,25.74,-2.95,0.0,0.0,20.5,356309,22.57,69.0,0.182
2020-03-28T23:54:30.000,25.62,-2.87,0.0,0.0,20.5,356314,21.52,68.0,0.182
2020-03-28T23:55:30.000,25.57,-3.05,0.0,0.0,20.5,356315,21.31,68.0,0.182
2020-03-28T23:56:30.000,25.48,-2.97,0.0,0.0,20.5,356316,21.1,68.0,0.182
2020-03-29T00:02:32.000,25.22,-2.62,0.0,0.0,20.5,356322,19.84,67.0,0.183
2020-03-29T00:03:32.000,25.15,-3.11,0.0,0.0,20.5,356323,19.64,67.0,0.183
2020-03-29T00:04:32.000,25.13,-2.93,0.0,0.0,20.5,356324,19.43,66.0,0.183
2020-03-29T00:14:35.000,25.13,-3.12,0.0,0.0,20.5,356334,17.32,65.0,0.183
2020-03-29T00:15:35.000,25.13,-3.16,0.0,0.0,20.5,356335,17.11,65.0,0.183
2020-03-29T00:16:35.000,25.09,-3.33,0.0,0.0,20.5,356336,16.9,64.0,0.183
2020-03-29T00:18:36.000,24.98,-3.21,0.0,0.0,20.5,356338,16.48,64.0,0.183
2020-03-29T00:19:36.000,24.9,-3.47,0.0,0.0,20.5,356339,16.27,64.0,0.184
2020-03-29T00:20:36.000,24.78,-3.35,0.0,0.0,20.5,356340,16.06,64.0,0.184
2020-03-29T00:31:40.000,24.55,-3.03,0.0,0.0,20.5,356351,13.73,62.0,0.184
2020-03-29T00:32:40.000,24.55,-3.02,0.0,0.0,20.5,356352,13.52,61.0,0.184
2020-03-29T00:33:41.000,24.51,-3.16,0.0,0.0,20.5,356353,13.3,61.0,0.184
2020-03-29T00:35:42.000,24.51,-3.07,0.0,0.0,20.5,356355,12.88,61.0,0.184
2020-03-29T00:39:43.000,24.48,-3.31,0.0,0.0,20.5,356359,12.03,60.0,0.185
2020-03-29T00:40:43.000,24.48,-3.48,0.0,0.0,20.5,356360,11.82,60.0,0.185
2020-03-29T00:41:44.000,24.42,-3.71,0.0,0.0,20.5,356361,11.61,60.0,0.185
2020-03-29T01:02:52.000,23.38,-4.74,0.0,0.0,20.5,356382,7.14,56.0,0.186
2020-03-29T01:03:52.000,23.28,-4.52,0.0,0.0,20.5,356383,6.93,55.0,0.186
2020-03-29T01:04:52.000,23.27,-4.31,0.0,0.0,20.5,356384,6.72,55.0,0.186
2020-03-29T01:07:54.000,23.26,-4.16,0.0,0.0,20.5,356387,6.08,55.0,0.186
2020-03-29T01:08:54.000,23.26,-4.11,0.0,0.0,20.5,356388,5.87,54.0,0.186
2020-03-29T01:09:54.000,23.21,-4.53,0.0,0.0,20.5,356389,5.65,54.0,0.186
