Downloads/jupyter/ECSV/stars19/stars19_2023-01.ecsv
# %ECSV 1.0
# ---
# datatype:
# - {name: time, datatype: string}
# - {name: Enclosure Temperature, unit: deg_C, datatype: float64}
# - {name: Sky Temperature, unit: deg_C, datatype: float64}
# - {name: Frequency, unit: Hz, datatype: float64}
# - {name: MSAS, unit: mag / arcsec2, datatype: float64}
# - {name: ZP, datatype: float64}
# - {name: Sequence Number, datatype: int64}
# - {name: Sun Alt, unit: deg, datatype: float64}
# - {name: Moon Alt, unit: deg, datatype: float64}
# - {name: Moon Illumination, datatype: float64}
# delimiter: ','
# meta: !!omap
# - ida:
#     Data supplier: {affiliation: null, observer: null}
#     Device type: TESS-W
#     Field of view: 17.0
#     Filters per channel: UV/IR-cut
#     Instrument ID: stars19
#     License: ODbL 1.0 http://opendatacommons.org/licenses/odbl/summary/
#     Local timezone: America/Phoenix
#     Location name: {country: '- Tucson', place: Tucson, region: United States, sub_region: Arizona, town: Pima County}
#     Measurement direction per channel: {azimuth: 0.0, zenital: 0.0}
#     Moving / Fixed look direction: FIXED
#     Moving / Stationary position: STATIONARY
#     Number of channels: 1
#     Number of fields per line: 8
#     Number of header lines: 35
#     Position: {height: 0.0, latitude: 32.223877, longitude: -110.767532}
#     TESS MAC address: 18:FE:34:CF:EC:06
#     TESS cover offset value: 0.0
#     TESS firmware version: '1.0'
#     TESS zero point: 20.38
#     Time Synchronization: timestamp added by MQTT subscriber
#     URL: http://www.darksky.org/NSBM/sdf1.0.pdf
# - __serialized_columns__:
#     Enclosure Temperature:
#       __class__: astropy.units.quantity.Quantity
#       unit: &id001 !astropy.units.Unit {unit: deg_C}
#       value: !astropy.table.SerializedColumn {name: Enclosure Temperature}
#     Frequency:
#       __class__: astropy.units.quantity.Quantity
#       unit: !astropy.units.Unit {unit: Hz}
#       value: !astropy.table.SerializedColumn {name: Frequency}
#     MSAS:
#       __class__: astropy.units.quantity.Quantity
#       unit: !astropy.units.Unit {unit: mag / arcsec2}
#       value: !astropy.table.SerializedColumn {name: MSAS}
#     Moon Alt:
#       __class__: astropy.units.quantity.Quantity
#       unit: &id002 !astropy.units.Unit {unit: deg}
#       value: !astropy.table.SerializedColumn {name: Moon Alt}
#     Sky Temperature:
#       __class__: astropy.units.quantity.Quantity
#       unit: *id001
#       value: !astropy.table.SerializedColumn {name: Sky Temperature}
#     Sun Alt:
#       __class__: astropy.units.quantity.Quantity
#       unit: *id002
#       value: !astropy.table.SerializedColumn {name: Sun Alt}
#     time:
#       __class__: astropy.time.core.Time
#       format: isot
#       in_subfmt: '*'
#       out_subfmt: '*'
#       precision: 3
#       scale: utc
#       value: !astropy.table.SerializedColumn {name: time}
# schema: astropy-2.0
time,Enclosure Temperature,Sky Temperature,Frequency,MSAS,ZP,Sequence Number,Sun Alt,Moon Alt,Moon Illumination
[from data line 20599]
2023-01-23T13:17:34.000,10.76,-3.11,22.03,17.02,20.38,21015,-13.73,-35.0,0.045
2023-01-23T13:18:34.000,10.54,-3.24,22.1,17.02,20.38,21016,-13.53,-35.0,0.045
2023-01-23T13:20:40.000,9.92,-3.09,22.83,16.98,20.38,21018,-13.1,-34.0,0.045
2023-01-23T13:21:40.000,10.6,-2.41,22.87,16.98,20.38,21019,-12.9,-34.0,0.045
2023-01-23T13:22:40.000,10.89,-2.68,23.01,16.98,20.38,21020,-12.69,-34.0,0.045
2023-01-23T13:23:42.000,10.78,-2.98,23.03,16.97,20.38,21021,-12.48,-34.0,0.045
2023-01-23T13:24:42.000,10.5,-2.83,22.94,16.98,20.38,21022,-12.28,-33.0,0.045
2023-01-23T13:25:42.000,10.27,-2.85,22.8,16.99,20.38,21023,-12.07,-33.0,0.045
2023-01-23T13:26:42.000,9.97,-2.81,22.51,17.0,20.38,21024,-11.87,-33.0,0.045
2023-01-23T13:27:43.000,10.35,-2.18,22.19,17.01,20.38,21025,-11.66,-33.0,0.045
2023-01-23T13:28:43.000,10.65,-2.41,22.81,16.98,20.38,21026,-11.46,-33.0,0.046
2023-01-23T13:29:43.000,10.51,-2.83,22.41,17.0,20.38,21027,-11.25,-32.0,0.046
2023-01-23T13:30:43.000,10.05,-3.52,22.11,17.02,20.38,21028,-11.05,-32.0,0.046
2023-01-23T13:31:43.000,9.98,-2.63,23.47,16.95,20.38,21029,-10.85,-32.0,0.046
2023-01-23T13:34:44.000,10.31,-2.92,25.17,16.88,20.38,21032,-10.24,-31.0,0.046
2023-01-23T13:35:44.000,10.04,-2.28,26.49,16.82,20.38,21033,-10.03,-31.0,0.046
2023-01-23T13:36:46.000,10.0,-2.06,26.93,16.8,20.38,21034,-9.82,-31.0,0.046
2023-01-23T13:37:46.000,10.67,-2.33,27.98,16.76,20.38,21035,-9.62,-31.0,0.046
2023-01-23T13:38:46.000,10.63,-3.33,28.76,16.73,20.38,21036,-9.42,-31.0,0.046
2023-01-23T13:39:47.000,10.19,-3.63,29.86,16.69,20.38,21037,-9.21,-30.0,0.046
2023-01-23T13:40:47.000,9.78,-3.74,31.16,16.65,20.38,21038,-9.01,-30.0,0.046
2023-01-23T13:41:47.000,10.36,-2.79,32.96,16.59,20.38,21039,-8.81,-30.0,0.046
2023-01-23T13:42:52.000,10.8,-3.65,35.61,16.5,20.38,21040,-8.59,-30.0,0.046
2023-01-23T13:43:52.000,10.57,-3.55,38.3,16.42,20.38,21041,-8.39,-29.0,0.046
2023-01-23T13:44:52.000,10.18,-3.6,42.44,16.31,20.38,21042,-8.19,-29.0,0.046
2023-01-23T13:45:52.000,9.87,-3.24,46.33,16.22,20.38,21043,-7.99,-29.0,0.046
2023-01-23T13:46:53.000,10.38,-2.67,50.57,16.12,20.38,21044,-7.78,-29.0,0.046
2023-01-23T13:47:57.000,10.59,-3.56,57.95,15.97,20.38,21045,-7.57,-29.0,0.046
2023-01-23T13:50:03.000,9.82,-3.55,86.27,15.54,20.38,21047,-7.15,-28.0,0.046
2023-01-23T13:52:09.000,10.8,-2.98,109.27,15.28,20.38,21049,-6.73,-28.0,0.046
2023-01-23T13:53:09.000,10.47,-3.75,130.65,15.09,20.38,21050,-6.53,-28.0,0.046
2023-01-23T13:54:09.000,10.03,-3.4,166.94,14.83,20.38,21051,-6.33,-27.0,0.046
2023-01-23T13:55:09.000,9.93,-2.86,216.76,14.54,20.38,21052,-6.13,-27.0,0.046
2023-01-23T13:57:15.000,10.87,-3.58,385.1,13.92,20.38,21054,-5.71,-27.0,0.047
2023-01-23T13:58:15.000,10.45,-3.94,513.6,13.61,20.38,21055,-5.51,-27.0,0.047
2023-01-23T13:59:15.000,9.92,-4.21,736.04,13.22,20.38,21056,-5.31,-26.0,0.047
2023-01-23T14:00:15.000,9.37,-4.55,987.13,12.89,20.38,21057,-5.11,-26.0,0.047
2023-01-23T14:01:15.000,8.9,-3.85,1148.2,12.73,20.38,21058,-4.91,-26.0,0.047
2023-01-23T14:02:16.000,8.62,-3.55,1495.26,12.44,20.38,21059,-4.71,-26.0,0.047
2023-01-23T14:03:16.000,8.39,-3.36,1799.18,12.25,20.38,21060,-4.51,-26.0,0.047
2023-01-23T14:04:16.000,8.22,-3.27,2505.0,11.89,20.38,21061,-4.31,-25.0,0.047
2023-01-23T14:05:16.000,8.04,-3.37,3481.98,11.53,20.38,21062,-4.11,-25.0,0.047
2023-01-23T14:07:22.000,7.9,-3.3,6733.12,10.82,20.38,21064,-3.7,-25.0,0.047
2023-01-23T14:08:22.000,7.87,-3.36,8437.27,10.56,20.38,21065,-3.5,-24.0,0.047
2023-01-23T14:09:22.000,7.86,-3.4,9588.02,10.43,20.38,21066,-3.3,-24.0,0.047
2023-01-23T14:10:23.000,7.75,-3.56,11331.98,10.24,20.38,21067,-3.1,-24.0,0.047
2023-01-23T14:12:29.000,7.6,-3.64,16020.0,9.87,20.38,21069,-2.68,-24.0,0.047
2023-01-23T14:13:30.000,7.52,-3.79,19349.25,9.67,20.38,21070,-2.48,-23.0,0.047
2023-01-23T14:14:30.000,7.41,-4.02,24317.16,9.5,20.38,21071,-2.29,-23.0,0.047
2023-01-23T14:15:30.000,7.33,-4.11,29313.4,9.21,20.38,21072,-2.09,-23.0,0.047
2023-01-23T14:16:30.000,7.24,-3.98,32784.38,9.09,20.38,21073,-1.89,-23.0,0.047
2023-01-23T14:17:30.000,7.04,-4.1,34995.6,9.02,20.38,21074,-1.7,-23.0,0.047
2023-01-23T14:18:30.000,6.88,-3.89,39937.19,8.88,20.38,21075,-1.5,-22.0,0.047
2023-01-23T14:21:36.000,6.54,-4.26,60495.33,8.43,20.38,21078,-0.9,-22.0,0.047
2023-01-23T14:23:37.000,6.47,-4.08,0.0,0.0,20.38,21080,-0.5,-21.0,0.047
2023-01-23T14:24:37.000,6.52,-4.03,0.0,0.0,20.38,21081,-0.31,-21.0,0.047
2023-01-23T14:25:38.000,6.52,-4.17,0.0,0.0,20.38,21082,-0.11,-21.0,0.048
2023-01-23T14:26:38.000,6.56,-4.12,0.0,0.0,20.38,21083,0.09,-21.0,0.048
2023-01-23T14:27:38.000,6.6,-4.05,0.1,0.2,20.38,21084,0.28,-21.0,0.048
2023-01-23T14:28:38.000,6.59,-4.56,0.0,0.0,20.38,21085,0.47,-20.0,0.048
2023-01-23T14:29:38.000,6.61,-4.76,0.0,0.0,20.38,21086,0.67,-20.0,0.048
2023-01-23T14:30:39.000,6.61,-5.12,0.0,0.0,20.38,21087,0.86,-20.0,0.048
2023-01-23T14:40:45.000,6.36,-11.26,0.0,0.0,20.38,21097,2.81,-18.0,0.048
2023-01-23T14:41:46.000,6.31,-11.06,0.0,0.0,20.38,21098,3.01,-18.0,0.048
2023-01-23T14:42:52.000,6.23,-10.78,0.0,0.0,20.38,21099,3.22,-18.0,0.048
2023-01-23T14:43:52.000,6.16,-10.52,0.16,0.09,20.38,21100,3.41,-17.0,0.048
2023-01-23T14:44:52.000,6.17,-10.46,0.22,0.09,20.38,21101,3.6,-17.0,0.048
2023-01-23T14:45:52.000,6.2,-10.42,0.0,0.0,20.38,21102,3.79,-17.0,0.048
2023-01-23T14:46:53.000,6.27,-10.25,0.0,0.0,20.38,21103,3.98,-17.0,0.048
2023-01-23T14:47:58.000,6.33,-10.23,0.0,0.0,20.38,21104,4.19,-16.0,0.048
2023-01-23T14:50:04.000,6.32,-10.1,0.0,0.0,20.38,21106,4.59,-16.0,0.048
2023-01-23T14:52:10.000,6.2,-10.32,0.0,0.0,20.38,21108,4.98,-16.0,0.048
2023-01-23T14:53:10.000,6.2,-10.14,0.0,0.0,20.38,21109,5.17,-15.0,0.049
2023-01-23T14:54:10.000,6.21,-9.46,0.0,0.0,20.38,21110,5.36,-15.0,0.049
2023-01-23T14:55:10.000,6.29,-8.42,0.0,0.0,20.38,21111,5.55,-15.0,0.049
2023-01-23T14:57:16.000,6.37,-7.29,0.0,0.0,20.38,21113,5.94,-15.0,0.049
2023-01-23T14:58:16.000,6.39,-7.42,0.0,0.0,20.38,21114,6.13,-14.0,0.049
2023-01-23T14:59:16.000,6.4,-7.78,0.0,0.0,20.38,21115,6.32,-14.0,0.049
2023-01-23T15:03:17.000,6.44,-7.34,0.0,0.0,20.38,21119,7.07,-13.0,0.049
2023-01-23T15:04:17.000,6.49,-7.12,0.0,0.0,20.38,21120,7.26,-13.0,0.049
2023-01-23T15:05:17.000,6.49,-7.1,0.0,0.0,20.38,21121,7.44,-13.0,0.049
2023-01-23T15:07:24.000,6.48,-6.27,0.0,0.0,20.38,21123,7.83,-13.0,0.049
2023-01-23T15:08:24.000,6.54,-6.51,0.0,0.0,20.38,21124,8.02,-12.0,0.049
2023-01-23T15:09:24.000,6.54,-6.79,0.0,0.0,20.38,21125,8.2,-12.0,0.049
2023-01-23T15:10:25.000,6.56,-6.9,0.0,0.0,20.38,21126,8.39,-12.0,0.049
2023-01-23T15:12:30.000,6.62,-6.5,0.0,0.0,20.38,21128,8.78,-12.0,0.049
2023-01-23T15:13:31.000,6.66,-6.42,0.0,0.0,20.38,21129,8.96,-11.0,0.049
2023-01-23T15:14:31.000,6.66,-6.19,0.0,0.0,20.38,21130,9.15,-11.0,0.049
2023-01-23T15:15:31.000,6.59,-6.05,0.0,0.0,20.38,21131,9.33,-11.0,0.049
2023-01-23T15:16:31.000,6.56,-5.73,0.0,0.0,20.38,21132,9.51,-11.0,0.049
2023-01-23T15:17:31.000,6.48,-5.47,0.0,0.0,20.38,21133,9.69,-11.0,0.049
2023-01-23T15:19:31.000,6.33,-5.02,0.0,0.0,20.38,21135,10.06,-10.0,0.049
2023-01-23T15:20:31.000,6.24,-4.95,0.0,0.0,20.38,21136,10.24,-10.0,0.049
2023-01-23T15:21:31.000,6.17,-4.79,0.0,0.0,20.38,21137,10.42,-10.0,0.05
2023-01-23T15:24:32.000,6.19,-4.11,0.0,0.0,20.38,21140,10.97,-9.0,0.05
2023-01-23T15:25:32.000,6.2,-4.21,0.0,0.0,20.38,21141,11.15,-9.0,0.05
2023-01-23T15:26:32.000,6.21,-4.4,0.0,0.0,20.38,21142,11.33,-9.0,0.05
2023-01-23T15:28:33.000,6.15,-4.62,0.0,0.0,20.38,21144,11.69,-8.0,0.05
2023-01-23T15:29:33.000,6.1,-4.93,0.0,0.0,20.38,21145,11.87,-8.0,0.05
2023-01-23T15:30:33.000,6.03,-4.97,0.0,0.0,20.38,21146,12.05,-8.0,0.05
2023-01-23T15:31:34.000,6.01,-4.96,0.0,0.0,20.38,21147,12.23,-8.0,0.05
2023-01-23T15:32:34.000,5.97,-5.07,0.0,0.0,20.38,21148,12.41,-8.0,0.05
2023-01-23T15:33:34.000,5.96,-5.0,0.0,0.0,20.38,21149,12.58,-7.0,0.05
2023-01-23T15:35:40.000,5.87,-5.07,0.0,0.0,20.38,21151,12.96,-7.0,0.05
2023-01-23T15:36:46.000,5.81,-5.07,0.0,0.0,20.38,21152,13.15,-7.0,0.05
2023-01-23T15:37:46.000,5.82,-4.67,0.0,0.0,20.38,21153,13.33,-7.0,0.05
2023-01-23T15:45:52.000,6.06,-4.11,0.0,0.0,20.38,21161,14.75,-5.0,0.05
2023-01-23T15:46:52.000,6.12,-4.12,0.0,0.0,20.38,21162,14.92,-5.0,0.05
2023-01-23T15:47:59.000,6.15,-4.29,0.0,0.0,20.38,21163,15.11,-5.0,0.05
2023-01-23T15:50:05.000,6.12,-4.23,0.0,0.0,20.38,21165,15.47,-4.0,0.051
2023-01-23T15:52:12.000,6.15,-3.83,0.0,0.0,20.38,21167,15.84,-4.0,0.051
2023-01-23T15:57:18.000,6.31,-3.42,0.0,0.0,20.38,21172,16.71,-3.0,0.051
2023-01-23T15:58:18.000,6.37,-3.18,0.0,0.0,20.38,21173,16.88,-3.0,0.051
2023-01-23T15:59:18.000,6.37,-3.52,0.0,0.0,20.38,21174,17.04,-2.0,0.051
2023-01-23T16:03:19.000,5.66,-4.28,0.0,0.0,20.38,21178,17.72,-2.0,0.051
2023-01-23T16:04:19.000,5.44,-4.47,0.0,0.0,20.38,21179,17.89,-1.0,0.051
2023-01-23T16:05:19.000,5.22,-4.69,0.0,0.0,20.38,21180,18.05,-1.0,0.051
2023-01-23T16:07:25.000,5.1,-4.66,0.0,0.0,20.38,21182,18.4,-1.0,0.051
2023-01-23T16:08:25.000,4.94,-4.98,0.0,0.0,20.38,21183,18.57,-1.0,0.051
2023-01-23T16:09:26.000,4.64,-5.56,0.0,0.0,20.38,21184,18.73,-0.0,0.051
2023-01-23T16:12:32.000,4.4,-4.84,0.0,0.0,20.38,21187,19.24,0.0,0.051
2023-01-23T16:13:32.000,4.58,-4.58,0.0,0.0,20.38,21188,19.4,0.0,0.051
2023-01-23T16:14:32.000,4.74,-4.66,0.0,0.0,20.38,21189,19.57,1.0,0.051
2023-01-23T16:31:37.000,6.73,-8.09,0.0,0.0,20.38,21206,22.28,4.0,0.052
2023-01-23T16:32:37.000,6.82,-8.7,0.0,0.0,20.38,21207,22.43,4.0,0.052
2023-01-23T16:33:37.000,6.89,-8.87,0.0,0.0,20.38,21208,22.59,4.0,0.052
2023-01-23T16:35:43.000,7.15,-10.38,0.0,0.0,20.38,21210,22.91,5.0,0.052
2023-01-23T16:36:46.000,7.14,-12.53,0.0,0.0,20.38,21211,23.07,5.0,0.052
2023-01-23T16:37:46.000,7.15,-13.5,0.0,0.0,20.38,21212,23.22,5.0,0.052
2023-01-23T16:38:46.000,7.17,-14.4,0.0,0.0,20.38,21213,23.37,5.0,0.052
2023-01-23T16:39:46.000,7.09,-14.5,0.0,0.0,20.38,21214,23.52,5.0,0.052
2023-01-23T16:40:46.000,7.12,-15.01,0.0,0.0,20.38,21215,23.67,6.0,0.052
2023-01-23T16:42:51.000,7.26,-14.19,0.0,0.0,20.38,21217,23.98,6.0,0.053
2023-01-23T16:43:51.000,7.42,-12.3,0.0,0.0,20.38,21218,24.13,6.0,0.053
2023-01-23T16:44:51.000,7.59,-10.44,0.0,0.0,20.38,21219,24.28,6.0,0.053
2023-01-23T16:45:51.000,7.71,-8.97,0.0,0.0,20.38,21220,24.43,7.0,0.053
2023-01-23T16:50:04.000,8.19,-5.04,0.0,0.0,20.38,21224,25.05,7.0,0.053
2023-01-23T16:52:10.000,8.36,-4.0,0.0,0.0,20.38,21226,25.35,8.0,0.053
2023-01-23T16:55:10.000,8.44,-6.17,0.0,0.0,20.38,21229,25.78,8.0,0.053
2023-01-23T16:58:17.000,8.92,-9.12,0.0,0.0,20.38,21232,26.22,9.0,0.053
2023-01-23T16:59:17.000,9.05,-10.1,0.0,0.0,20.38,21233,26.36,9.0,0.053
2023-01-23T17:00:17.000,9.04,-11.17,0.0,0.0,20.38,21234,26.5,9.0,0.053
2023-01-23T17:03:17.000,9.37,-13.19,0.0,0.0,20.38,21237,26.91,10.0,0.053
2023-01-23T17:04:17.000,9.38,-14.32,0.0,0.0,20.38,21238,27.05,10.0,0.053
2023-01-23T17:05:17.000,9.38,-14.76,0.0,0.0,20.38,21239,27.19,10.0,0.053
2023-01-23T17:07:23.000,9.21,-16.05,0.0,0.0,20.38,21241,27.47,11.0,0.053
2023-01-23T17:08:23.000,8.97,-16.29,0.0,0.0,20.38,21242,27.61,11.0,0.053
2023-01-23T17:09:24.000,8.9,-14.48,0.0,0.0,20.38,21243,27.74,11.0,0.054
2023-01-23T17:10:24.000,9.03,-14.08,0.0,0.0,20.38,21244,27.88,11.0,0.054
2023-01-23T17:12:30.000,9.16,-14.0,0.0,0.0,20.38,21246,28.16,12.0,0.054
2023-01-23T17:13:30.000,9.11,-14.28,0.0,0.0,20.38,21247,28.29,12.0,0.054
2023-01-23T17:14:30.000,9.02,-14.6,0.0,0.0,20.38,21248,28.42,12.0,0.054
2023-01-23T17:31:34.000,9.13,-15.74,0.0,0.0,20.38,21265,30.55,15.0,0.054
2023-01-23T17:32:34.000,9.12,-15.1,0.0,0.0,20.38,21266,30.67,15.0,0.054
2023-01-23T17:33:34.000,9.19,-14.66,0.0,0.0,20.38,21267,30.78,15.0,0.054
2023-01-23T17:35:40.000,9.23,-14.76,0.0,0.0,20.38,21269,31.03,16.0,0.054
2023-01-23T17:36:46.000,9.4,-13.87,0.0,0.0,20.38,21270,31.16,16.0,0.055
2023-01-23T17:37:46.000,9.53,-13.8,0.0,0.0,20.38,21271,31.27,16.0,0.055
2023-01-23T17:41:47.000,9.9,-13.5,0.0,0.0,20.38,21275,31.72,17.0,0.055
2023-01-23T17:42:51.000,9.92,-13.65,0.0,0.0,20.38,21276,31.84,17.0,0.055
2023-01-23T17:43:52.000,9.81,-13.8,0.0,0.0,20.38,21277,31.95,17.0,0.055
2023-01-23T17:50:04.000,10.35,-12.74,0.0,0.0,20.38,21283,32.62,18.0,0.055
2023-01-23T17:52:10.000,10.52,-12.0,0.0,0.0,20.38,21285,32.84,19.0,0.055
2023-01-23T17:53:10.000,11.03,-10.03,0.0,0.0,20.38,21286,32.94,19.0,0.055
2023-01-23T17:54:10.000,11.81,-8.58,0.0,0.0,20.38,21287,33.04,19.0,0.055
2023-01-23T17:55:10.000,12.59,-7.92,0.0,0.0,20.38,21288,33.14,19.0,0.055
2023-01-23T17:57:17.000,14.31,-6.54,0.0,0.0,20.38,21290,33.35,19.0,0.055
2023-01-23T17:58:17.000,15.19,-6.1,0.0,0.0,20.38,21291,33.45,20.0,0.055
2023-01-23T17:59:17.000,16.0,-5.97,0.0,0.0,20.38,21292,33.55,20.0,0.055
2023-01-23T18:03:18.000,16.98,-6.76,0.0,0.0,20.38,21296,33.93,20.0,0.056
2023-01-23T18:04:18.000,17.25,-7.43,0.0,0.0,20.38,21297,34.02,21.0,0.056
2023-01-23T18:05:19.000,17.45,-7.64,0.0,0.0,20.38,21298,34.12,21.0,0.056
2023-01-23T18:09:25.000,18.18,-8.56,0.0,0.0,20.38,21302,34.49,22.0,0.056
2023-01-23T18:10:25.000,18.09,-8.52,0.0,0.0,20.38,21303,34.58,22.0,0.056
2023-01-23T18:12:31.000,18.73,-5.9,0.0,0.0,20.38,21305,34.76,22.0,0.056
2023-01-23T18:13:31.000,19.24,-6.35,0.0,0.0,20.38,21306,34.84,22.0,0.056
2023-01-23T18:14:32.000,19.67,-6.46,0.0,0.0,20.38,21307,34.93,22.0,0.056
2023-01-23T18:23:33.000,21.52,-7.94,0.0,0.0,20.38,21316,35.65,24.0,0.056
2023-01-23T18:24:33.000,21.43,-8.06,0.0,0.0,20.38,21317,35.72,24.0,0.056
2023-01-23T18:25:34.000,21.17,-8.37,0.0,0.0,20.38,21318,35.8,24.0,0.056
2023-01-23T18:35:40.000,18.0,-9.41,0.0,0.0,20.38,21328,36.49,26.0,0.057
2023-01-23T18:37:45.000,16.63,-6.87,0.0,0.0,20.38,21330,36.62,26.0,0.057
2023-01-23T18:38:45.000,16.49,-6.84,0.0,0.0,20.38,21331,36.68,26.0,0.057
2023-01-23T18:39:45.000,16.06,-7.63,0.0,0.0,20.38,21332,36.74,26.0,0.057
2023-01-23T18:41:45.000,15.59,-6.83,0.0,0.0,20.38,21334,36.86,27.0,0.057
2023-01-23T18:42:50.000,15.59,-5.68,0.0,0.0,20.38,21335,36.92,27.0,0.057
2023-01-23T18:43:50.000,15.62,-5.02,0.0,0.0,20.38,21336,36.97,27.0,0.057
2023-01-23T18:47:59.000,14.62,-3.9,0.0,0.0,20.38,21340,37.19,28.0,0.057
2023-01-23T18:50:06.000,14.37,-2.55,0.0,0.0,20.38,21342,37.3,28.0,0.057
2023-01-23T18:52:12.000,14.02,-3.19,0.0,0.0,20.38,21344,37.4,28.0,0.057
2023-01-23T18:53:12.000,13.92,-3.69,0.0,0.0,20.38,21345,37.45,28.0,0.057
2023-01-23T18:54:12.000,13.67,-4.1,0.0,0.0,20.38,21346,37.49,29.0,0.058
2023-01-23T19:03:20.000,12.94,-2.29,0.0,0.0,20.38,21355,37.85,30.0,0.058
2023-01-23T19:04:20.000,12.8,-2.26,0.0,0.0,20.38,21356,37.89,30.0,0.058
2023-01-23T19:05:20.000,12.6,-2.25,0.0,0.0,20.38,21357,37.92,30.0,0.058
2023-01-23T19:07:26.000,12.52,-1.68,0.0,0.0,20.38,21359,37.99,30.0,0.058
2023-01-23T19:08:27.000,12.58,-1.32,0.0,0.0,20.38,21360,38.02,31.0,0.058
2023-01-23T19:09:27.000,12.69,-1.35,0.0,0.0,20.38,21361,38.05,31.0,0.058
2023-01-23T19:12:33.000,12.48,-1.87,0.0,0.0,20.38,21364,38.13,31.0,0.058
2023-01-23T19:13:33.000,12.5,-1.54,0.0,0.0,20.38,21365,38.15,31.0,0.058
2023-01-23T19:14:34.000,12.67,-1.34,0.0,0.0,20.38,21366,38.18,31.0,0.058
2023-01-23T19:15:34.000,13.03,0.39,0.0,0.0,20.38,21367,38.2,32.0,0.058
2023-01-23T19:17:34.000,13.65,-0.48,0.0,0.0,20.38,21369,38.24,32.0,0.058
2023-01-23T19:18:34.000,13.79,-1.3,0.0,0.0,20.38,21370,38.26,32.0,0.058
2023-01-23T19:19:34.000,14.07,0.25,0.0,0.0,20.38,21371,38.28,32.0,0.059
2023-01-23T19:31:37.000,13.82,-2.0,0.0,0.0,20.38,21383,38.4,34.0,0.059
2023-01-23T19:32:37.000,13.68,-2.13,0.0,0.0,20.38,21384,38.41,34.0,0.059
2023-01-23T19:33:37.000,13.63,-2.0,0.0,0.0,20.38,21385,38.41,34.0,0.059
2023-01-23T19:35:43.000,13.27,-2.63,0.0,0.0,20.38,21387,38.41,34.0,0.059
2023-01-23T19:36:47.000,13.12,-2.21,0.0,0.0,20.38,21388,38.41,34.0,0.059
2023-01-23T19:38:47.000,12.97,-1.77,0.0,0.0,20.38,21390,38.4,34.0,0.059
2023-01-23T19:39:47.000,13.02,-1.7,0.0,0.0,20.38,21391,38.4,35.0,0.059
2023-01-23T19:40:47.000,13.0,-1.91,0.0,0.0,20.38,21392,38.39,35.0,0.059
2023-01-23T19:43:50.000,13.21,-1.88,0.0,0.0,20.38,21395,38.37,35.0,0.059
2023-01-23T19:44:50.000,13.3,-2.03,0.0,0.0,20.38,21396,38.36,35.0,0.059
2023-01-23T19:45:50.000,13.26,-2.44,0.0,0.0,20.38,21397,38.34,35.0,0.06
2023-01-23T19:48:57.000,13.03,-2.84,0.0,0.0,20.38,21400,38.3,36.0,0.06
