Downloads/jupyter/ECSV/stars19/stars19_2022-12.ecsv
# %ECSV 1.0
# ---
# datatype:
# - {name: time, datatype: string}
# - {name: Enclosure Temperature, unit: deg_C, datatype: float64}
# - {name: Sky Temperature, unit: deg_C, datatype: float64}
# - {name: Frequency, unit: Hz, datatype: float64}
# - {name: MSAS, unit: mag / arcsec2, datatype: float64}
# - {name: ZP, datatype: float64}
# - {name: Sequence Number, datatype: int64}
# - {name: Sun Alt, unit: deg, datatype: float64}
# - {name: Moon Alt, unit: deg, datatype: float64}
# - {name: Moon Illumination, datatype: float64}
# delimiter: ','
# meta: !!omap
# - ida:
#     Data supplier: {affiliation: null, observer: null}
#     Device type: TESS-W
#     Field of view: 17.0
#     Filters per channel: None
#     Instrument ID: stars19
#     License: ODbL 1.0 http://opendatacommons.org/licenses/odbl/summary/
#     Local timezone: America/Phoenix
#     Location name: {country: '- Tucson', place: Tucson, region: United States, sub_region: Arizona, town: Pima County}
#     Measurement direction per channel: {azimuth: 0.0, zenital: 0.0}
#     Moving / Fixed look direction: FIXED
#     Moving / Stationary position: STATIONARY
#     Number of channels: 1
#     Number of fields per line: 8
#     Number of header lines: 35
#     Position: {height: 0.0, latitude: 32.223877, longitude: -110.767532}
#     TESS MAC address: 18:FE:34:CF:EC:06
#     TESS cover offset value: 0.0
#     TESS firmware version: '1.0'
#     TESS zero point: 20.5
#     Time Synchronization: timestamp added by MQTT subscriber
#     URL: http://www.darksky.org/NSBM/sdf1.0.pdf
# - __serialized_columns__:
#     Enclosure Temperature:
#       __class__: astropy.units.quantity.Quantity
#       unit: &id001 !astropy.units.Unit {unit: deg_C}
#       value: !astropy.table.SerializedColumn {name: Enclosure Temperature}
#     Frequency:
#       __class__: astropy.units.quantity.Quantity
#       unit: !astropy.units.Unit {unit: Hz}
#       value: !astropy.table.SerializedColumn {name: Frequency}
#     MSAS:
#       __class__: astropy.units.quantity.Quantity
#       unit: !astropy.units.Unit {unit: mag / arcsec2}
#       value: !astropy.table.SerializedColumn {name: MSAS}
#     Moon Alt:
#       __class__: astropy.units.quantity.Quantity
#       unit: &id002 !astropy.units.Unit {unit: deg}
#       value: !astropy.table.SerializedColumn {name: Moon Alt}
#     Sky Temperature:
#       __class__: astropy.units.quantity.Quantity
#       unit: *id001
#       value: !astropy.table.SerializedColumn {name: Sky Temperature}
#     Sun Alt:
#       __class__: astropy.units.quantity.Quantity
#       unit: *id002
#       value: !astropy.table.SerializedColumn {name: Sun Alt}
#     time:
#       __class__: astropy.time.core.Time
#       format: isot
#       in_subfmt: '*'
#       out_subfmt: '*'
#       precision: 3
#       scale: utc
#       value: !astropy.table.SerializedColumn {name: time}
# schema: astropy-2.0
time,Enclosure Temperature,Sky Temperature,Frequency,MSAS,ZP,Sequence Number,Sun Alt,Moon Alt,Moon Illumination
[from data line 13683]
2022-12-16T03:39:11.000,10.41,-7.52,12.51,17.64,20.5,58343,-41.2,-39.0,0.523
2022-12-16T03:40:11.000,10.4,-7.72,12.01,17.68,20.5,58344,-41.41,-39.0,0.523
2022-12-16T03:41:11.000,10.37,-8.06,11.85,17.7,20.5,58345,-41.62,-39.0,0.523
2022-12-16T03:43:17.000,10.37,-8.89,11.15,17.76,20.5,58347,-42.06,-39.0,0.523
2022-12-16T03:44:17.000,10.38,-9.2,10.85,17.79,20.5,58348,-42.27,-39.0,0.523
2022-12-16T03:45:17.000,10.41,-9.56,10.63,17.81,20.5,58349,-42.48,-38.0,0.523
2022-12-16T03:47:23.000,10.44,-10.81,9.11,17.98,20.5,58351,-42.93,-38.0,0.522
2022-12-16T03:48:23.000,10.45,-11.57,8.66,18.04,20.5,58352,-43.14,-38.0,0.522
2022-12-16T03:49:23.000,10.45,-12.21,8.33,18.08,20.5,58353,-43.35,-38.0,0.522
2022-12-16T03:50:23.000,10.43,-12.74,8.27,18.09,20.5,58354,-43.56,-38.0,0.522
2022-12-16T03:51:23.000,10.39,-13.1,8.13,18.1,20.5,58355,-43.77,-38.0,0.522
2022-12-16T03:53:29.000,10.21,-13.74,8.14,18.1,20.5,58357,-44.21,-37.0,0.522
2022-12-16T03:54:29.000,10.12,-13.81,8.13,18.1,20.5,58358,-44.43,-37.0,0.522
2022-12-16T03:55:29.000,10.07,-13.73,8.17,18.1,20.5,58359,-44.64,-37.0,0.522
2022-12-16T03:56:29.000,10.04,-13.81,8.21,18.09,20.5,58360,-44.85,-37.0,0.522
2022-12-16T03:57:29.000,10.02,-13.77,8.14,18.1,20.5,58361,-45.06,-37.0,0.522
2022-12-16T03:58:29.000,10.6,-13.07,8.1,18.11,20.5,58362,-45.27,-36.0,0.522
2022-12-16T03:59:29.000,10.96,-13.61,8.12,18.11,20.5,58363,-45.48,-36.0,0.522
2022-12-16T04:00:29.000,11.0,-13.82,8.13,18.1,20.5,58364,-45.69,-36.0,0.522
2022-12-16T04:01:29.000,10.93,-13.96,8.12,18.11,20.5,58365,-45.9,-36.0,0.522
2022-12-16T04:02:29.000,10.84,-13.98,8.11,18.11,20.5,58366,-46.12,-36.0,0.521
2022-12-16T04:03:29.000,10.73,-14.11,8.08,18.11,20.5,58367,-46.33,-36.0,0.521
2022-12-16T04:04:29.000,10.6,-14.2,8.08,18.11,20.5,58368,-46.54,-35.0,0.521
2022-12-16T04:05:29.000,10.5,-14.28,8.14,18.1,20.5,58369,-46.75,-35.0,0.521
2022-12-16T04:06:35.000,10.36,-14.43,8.12,18.11,20.5,58370,-46.98,-35.0,0.521
2022-12-16T04:07:35.000,10.19,-14.46,8.11,18.11,20.5,58371,-47.19,-35.0,0.521
2022-12-16T04:08:35.000,10.07,-14.53,8.12,18.11,20.5,58372,-47.41,-35.0,0.521
2022-12-16T04:09:36.000,10.03,-14.39,8.08,18.11,20.5,58373,-47.62,-35.0,0.521
2022-12-16T04:10:36.000,10.38,-14.08,8.07,18.11,20.5,58374,-47.83,-34.0,0.521
2022-12-16T04:11:36.000,10.56,-14.42,8.05,18.12,20.5,58375,-48.04,-34.0,0.521
2022-12-16T04:12:36.000,10.51,-14.57,8.07,18.11,20.5,58376,-48.26,-34.0,0.521
2022-12-16T04:13:36.000,10.39,-14.64,8.03,18.12,20.5,58377,-48.47,-34.0,0.521
2022-12-16T04:14:36.000,10.24,-14.72,8.08,18.11,20.5,58378,-48.68,-34.0,0.521
2022-12-16T04:15:36.000,10.12,-14.59,8.07,18.11,20.5,58379,-48.89,-34.0,0.521
2022-12-16T04:16:36.000,10.04,-14.54,8.08,18.11,20.5,58380,-49.1,-34.0,0.52
2022-12-16T04:17:36.000,10.04,-14.38,8.13,18.11,20.5,58381,-49.31,-33.0,0.52
2022-12-16T04:19:43.000,10.68,-14.67,8.12,18.11,20.5,58383,-49.76,-33.0,0.52
2022-12-16T04:20:42.000,10.56,-14.9,8.12,18.11,20.5,58384,-49.97,-33.0,0.52
2022-12-16T04:21:42.000,10.35,-14.8,8.13,18.1,20.5,58385,-50.18,-33.0,0.52
2022-12-16T04:24:51.000,10.16,-13.96,8.19,18.1,20.5,58388,-50.84,-32.0,0.52
2022-12-16T04:26:57.000,10.61,-15.06,8.07,18.11,20.5,58390,-51.29,-32.0,0.52
2022-12-16T04:29:03.000,10.14,-15.24,8.04,18.12,20.5,58392,-51.73,-31.0,0.52
2022-12-16T04:33:03.000,10.48,-15.69,7.95,18.13,20.5,58396,-52.58,-31.0,0.519
2022-12-16T04:34:03.000,10.2,-15.44,7.98,18.13,20.5,58397,-52.79,-31.0,0.519
2022-12-16T04:35:03.000,10.01,-15.25,7.99,18.12,20.5,58398,-53.0,-30.0,0.519
2022-12-16T04:36:03.000,10.22,-14.39,8.06,18.11,20.5,58399,-53.21,-30.0,0.519
2022-12-16T04:38:09.000,10.85,-14.88,8.12,18.11,20.5,58401,-53.65,-30.0,0.519
2022-12-16T04:39:09.000,10.69,-15.03,8.24,18.09,20.5,58402,-53.86,-30.0,0.519
2022-12-16T04:40:09.000,10.53,-15.01,8.23,18.09,20.5,58403,-54.07,-30.0,0.519
2022-12-16T04:43:15.000,10.02,-14.95,8.2,18.1,20.5,58406,-54.73,-29.0,0.519
2022-12-16T04:44:15.000,10.16,-14.38,8.23,18.09,20.5,58407,-54.94,-29.0,0.519
2022-12-16T04:45:15.000,10.59,-14.73,8.15,18.1,20.5,58408,-55.15,-29.0,0.519
2022-12-16T04:47:21.000,10.46,-15.4,8.11,18.11,20.5,58410,-55.59,-28.0,0.518
2022-12-16T04:48:21.000,10.18,-15.44,8.14,18.1,20.5,58411,-55.8,-28.0,0.518
2022-12-16T04:49:21.000,9.94,-15.29,8.04,18.12,20.5,58412,-56.01,-28.0,0.518
2022-12-16T04:50:21.000,10.34,-15.05,8.13,18.1,20.5,58413,-56.22,-28.0,0.518
2022-12-16T04:51:22.000,10.65,-15.39,8.1,18.11,20.5,58414,-56.44,-28.0,0.518
2022-12-16T04:53:27.000,10.28,-15.52,8.27,18.09,20.5,58416,-56.87,-27.0,0.518
2022-12-16T04:54:27.000,10.02,-15.33,8.29,18.08,20.5,58417,-57.08,-27.0,0.518
2022-12-16T04:55:27.000,10.21,-14.45,8.19,18.1,20.5,58418,-57.29,-27.0,0.518
2022-12-16T04:56:27.000,10.74,-14.67,8.22,18.09,20.5,58419,-57.5,-27.0,0.518
2022-12-16T04:57:27.000,10.78,-15.13,8.1,18.11,20.5,58420,-57.71,-26.0,0.518
2022-12-16T04:58:27.000,10.57,-15.32,8.05,18.12,20.5,58421,-57.92,-26.0,0.518
2022-12-16T04:59:27.000,10.3,-15.35,8.07,18.11,20.5,58422,-58.13,-26.0,0.518
2022-12-16T05:01:27.000,10.1,-14.66,8.07,18.11,20.5,58424,-58.55,-26.0,0.517
2022-12-16T05:02:28.000,10.69,-14.58,8.17,18.1,20.5,58425,-58.77,-26.0,0.517
2022-12-16T05:03:28.000,10.81,-14.91,8.28,18.09,20.5,58426,-58.98,-25.0,0.517
2022-12-16T05:04:28.000,10.6,-15.19,8.2,18.1,20.5,58427,-59.19,-25.0,0.517
2022-12-16T05:05:28.000,10.32,-15.04,8.12,18.11,20.5,58428,-59.39,-25.0,0.517
2022-12-16T05:07:34.000,10.03,-14.23,8.22,18.09,20.5,58430,-59.83,-25.0,0.517
2022-12-16T05:08:34.000,10.62,-13.81,8.25,18.09,20.5,58431,-60.04,-24.0,0.517
2022-12-16T05:09:34.000,10.81,-14.3,8.28,18.08,20.5,58432,-60.25,-24.0,0.517
2022-12-16T05:10:34.000,10.65,-14.23,8.32,18.08,20.5,58433,-60.46,-24.0,0.517
2022-12-16T05:11:34.000,10.35,-14.35,8.43,18.07,20.5,58434,-60.67,-24.0,0.517
2022-12-16T05:12:34.000,10.0,-14.31,8.53,18.05,20.5,58435,-60.88,-24.0,0.517
2022-12-16T05:13:34.000,10.17,-13.54,8.52,18.05,20.5,58436,-61.08,-24.0,0.517
2022-12-16T05:14:34.000,10.67,-13.87,8.5,18.06,20.5,58437,-61.29,-23.0,0.517
2022-12-16T05:15:34.000,10.62,-14.42,8.47,18.06,20.5,58438,-61.5,-23.0,0.516
2022-12-16T05:16:34.000,10.25,-14.75,8.4,18.07,20.5,58439,-61.71,-23.0,0.516
2022-12-16T05:17:34.000,9.9,-14.38,8.37,18.07,20.5,58440,-61.92,-23.0,0.516
2022-12-16T05:19:40.000,10.77,-14.34,8.32,18.08,20.5,58442,-62.35,-22.0,0.516
2022-12-16T05:20:41.000,10.6,-14.76,8.27,18.09,20.5,58443,-62.56,-22.0,0.516
2022-12-16T05:21:41.000,10.24,-15.22,8.25,18.09,20.5,58444,-62.77,-22.0,0.516
2022-12-16T05:22:41.000,9.83,-15.33,8.21,18.09,20.5,58445,-62.98,-22.0,0.516
2022-12-16T05:24:46.000,11.16,-14.85,8.13,18.11,20.5,58447,-63.41,-21.0,0.516
2022-12-16T05:25:46.000,10.94,-15.79,8.11,18.11,20.5,58448,-63.61,-21.0,0.516
2022-12-16T05:26:47.000,10.44,-16.0,8.16,18.1,20.5,58449,-63.82,-21.0,0.516
2022-12-16T05:27:47.000,9.98,-15.44,8.16,18.1,20.5,58450,-64.03,-21.0,0.516
2022-12-16T05:28:47.000,10.11,-14.56,8.14,18.1,20.5,58451,-64.24,-21.0,0.516
2022-12-16T05:29:47.000,10.7,-14.67,8.13,18.1,20.5,58452,-64.44,-21.0,0.515
2022-12-16T05:30:47.000,10.6,-15.69,8.1,18.11,20.5,58453,-64.65,-20.0,0.515
2022-12-16T05:31:47.000,10.25,-15.69,8.11,18.11,20.5,58454,-64.85,-20.0,0.515
2022-12-16T05:33:53.000,10.47,-14.18,8.13,18.1,20.5,58456,-65.28,-20.0,0.515
2022-12-16T05:34:53.000,10.97,-14.66,8.14,18.1,20.5,58457,-65.49,-20.0,0.515
2022-12-16T05:35:53.000,10.91,-15.02,8.14,18.1,20.5,58458,-65.69,-19.0,0.515
2022-12-16T05:36:53.000,10.59,-15.28,8.14,18.1,20.5,58459,-65.9,-19.0,0.515
2022-12-16T05:37:54.000,10.19,-15.43,8.13,18.1,20.5,58460,-66.1,-19.0,0.515
2022-12-16T05:38:54.000,9.84,-15.35,8.08,18.11,20.5,58461,-66.31,-19.0,0.515
2022-12-16T05:39:54.000,10.49,-14.14,8.08,18.11,20.5,58462,-66.51,-19.0,0.515
2022-12-16T05:40:54.000,11.07,-14.85,8.01,18.12,20.5,58463,-66.71,-18.0,0.515
2022-12-16T05:41:54.000,11.05,-15.2,8.02,18.12,20.5,58464,-66.92,-18.0,0.515
2022-12-16T05:42:54.000,10.8,-15.43,7.86,18.14,20.5,58465,-67.12,-18.0,0.515
2022-12-16T05:43:54.000,10.49,-15.49,7.87,18.14,20.5,58466,-67.32,-18.0,0.515
2022-12-16T05:44:54.000,10.19,-15.53,7.89,18.14,20.5,58467,-67.52,-18.0,0.514
2022-12-16T05:45:54.000,9.96,-15.31,7.82,18.15,20.5,58468,-67.72,-17.0,0.514
2022-12-16T05:46:55.000,10.44,-14.66,7.76,18.16,20.5,58469,-67.93,-17.0,0.514
2022-12-16T05:47:55.000,10.79,-15.34,7.79,18.15,20.5,58470,-68.13,-17.0,0.514
2022-12-16T05:48:55.000,10.61,-15.87,7.8,18.15,20.5,58471,-68.33,-17.0,0.514
2022-12-16T05:49:55.000,10.3,-15.73,7.76,18.15,20.5,58472,-68.53,-17.0,0.514
2022-12-16T05:50:55.000,10.02,-15.52,7.78,18.15,20.5,58473,-68.73,-17.0,0.514
2022-12-16T05:51:55.000,10.11,-14.71,7.79,18.15,20.5,58474,-68.93,-16.0,0.514
2022-12-16T05:52:55.000,10.76,-14.33,7.98,18.12,20.5,58475,-69.13,-16.0,0.514
2022-12-16T05:53:55.000,10.89,-14.34,8.12,18.11,20.5,58476,-69.33,-16.0,0.514
2022-12-16T05:54:55.000,10.72,-14.14,8.13,18.1,20.5,58477,-69.52,-16.0,0.514
2022-12-16T05:55:55.000,10.44,-14.01,8.28,18.09,20.5,58478,-69.72,-16.0,0.514
2022-12-16T05:56:55.000,10.12,-13.9,8.27,18.09,20.5,58479,-69.92,-15.0,0.514
2022-12-16T05:59:01.000,10.64,-12.85,8.59,18.04,20.5,58481,-70.33,-15.0,0.513
2022-12-16T06:01:06.000,10.71,-14.09,8.07,18.11,20.5,58483,-70.74,-15.0,0.513
2022-12-16T06:02:06.000,10.48,-14.6,7.89,18.14,20.5,58484,-70.94,-14.0,0.513
2022-12-16T06:03:09.000,10.24,-14.83,7.92,18.13,20.5,58485,-71.14,-14.0,0.513
2022-12-16T06:05:08.000,10.29,-14.05,7.96,18.13,20.5,58487,-71.52,-14.0,0.513
2022-12-16T06:06:09.000,10.78,-14.26,8.06,18.11,20.5,58488,-71.72,-14.0,0.513
2022-12-16T06:07:09.000,10.81,-14.4,8.22,18.09,20.5,58489,-71.91,-13.0,0.513
2022-12-16T06:08:09.000,10.54,-14.51,8.34,18.08,20.5,58490,-72.1,-13.0,0.513
2022-12-16T06:09:09.000,10.1,-14.42,8.42,18.07,20.5,58491,-72.29,-13.0,0.513
2022-12-16T06:10:09.000,9.92,-13.68,8.41,18.07,20.5,58492,-72.48,-13.0,0.513
2022-12-16T06:11:09.000,10.64,-12.94,8.46,18.06,20.5,58493,-72.67,-13.0,0.513
2022-12-16T06:12:09.000,11.0,-13.22,8.6,18.04,20.5,58494,-72.86,-12.0,0.513
2022-12-16T06:13:09.000,10.85,-13.65,8.7,18.03,20.5,58495,-73.05,-12.0,0.513
2022-12-16T06:14:09.000,10.54,-13.84,8.48,18.06,20.5,58496,-73.23,-12.0,0.512
2022-12-16T06:15:09.000,10.13,-14.06,8.46,18.06,20.5,58497,-73.42,-12.0,0.512
2022-12-16T06:16:09.000,9.9,-13.71,8.55,18.05,20.5,58498,-73.61,-12.0,0.512
2022-12-16T06:17:09.000,10.51,-12.9,8.71,18.03,20.5,58499,-73.79,-11.0,0.512
2022-12-16T06:18:09.000,10.89,-13.14,8.77,18.02,20.5,58500,-73.97,-11.0,0.512
2022-12-16T06:23:15.000,10.94,-9.99,10.86,17.79,20.5,58505,-74.9,-10.0,0.512
2022-12-16T06:24:16.000,10.87,-9.76,11.19,17.76,20.5,58506,-75.08,-10.0,0.512
2022-12-16T06:25:16.000,10.58,-9.52,11.44,17.73,20.5,58507,-75.25,-10.0,0.512
2022-12-16T06:26:16.000,10.19,-9.47,11.21,17.76,20.5,58508,-75.43,-10.0,0.512
2022-12-16T06:27:16.000,9.91,-9.08,11.06,17.77,20.5,58509,-75.6,-9.0,0.512
2022-12-16T06:28:16.000,10.51,-8.23,11.37,17.74,20.5,58510,-75.77,-9.0,0.511
2022-12-16T06:29:16.000,10.92,-8.77,9.7,17.94,20.5,58511,-75.94,-9.0,0.511
2022-12-16T06:30:16.000,10.84,-8.91,5.28,18.58,20.5,58512,-76.11,-9.0,0.511
2022-12-16T06:31:16.000,10.57,-9.03,5.26,18.58,20.5,58513,-76.28,-9.0,0.511
2022-12-16T06:32:16.000,10.23,-8.85,5.7,18.49,20.5,58514,-76.45,-8.0,0.511
2022-12-16T06:33:17.000,9.96,-8.36,5.7,18.49,20.5,58515,-76.62,-8.0,0.511
2022-12-16T06:35:16.000,10.85,-7.52,5.84,18.46,20.5,58517,-76.94,-8.0,0.511
2022-12-16T06:36:17.000,10.81,-7.79,6.06,18.42,20.5,58518,-77.1,-8.0,0.511
2022-12-16T06:37:17.000,10.59,-7.61,6.74,18.31,20.5,58519,-77.26,-7.0,0.511
2022-12-16T06:38:17.000,10.3,-7.49,7.35,18.21,20.5,58520,-77.42,-7.0,0.511
2022-12-16T06:39:17.000,10.0,-7.39,7.68,18.17,20.5,58521,-77.57,-7.0,0.511
2022-12-16T06:40:18.000,10.2,-6.71,7.8,18.15,20.5,58522,-77.73,-7.0,0.511
2022-12-16T06:41:17.000,10.75,-7.09,7.07,18.26,20.5,58523,-77.88,-7.0,0.511
2022-12-16T06:43:24.000,10.52,-8.13,5.98,18.44,20.5,58525,-78.19,-6.0,0.51
2022-12-16T06:44:23.000,10.23,-8.38,5.32,18.57,20.5,58526,-78.33,-6.0,0.51
2022-12-16T06:45:23.000,9.98,-8.86,4.8,18.68,20.5,58527,-78.47,-6.0,0.51
2022-12-16T06:47:29.000,10.82,-11.54,2.31,19.47,20.5,58529,-78.76,-5.0,0.51
2022-12-16T06:49:35.000,10.56,-13.44,2.41,19.43,20.5,58531,-79.04,-5.0,0.51
2022-12-16T06:50:35.000,10.29,-13.31,2.74,19.28,20.5,58532,-79.16,-5.0,0.51
2022-12-16T06:51:35.000,10.04,-13.35,2.36,19.45,20.5,58533,-79.29,-5.0,0.51
2022-12-16T06:53:41.000,10.69,-13.6,1.95,19.66,20.5,58535,-79.54,-4.0,0.51
2022-12-16T06:54:41.000,10.77,-14.4,1.99,19.63,20.5,58536,-79.65,-4.0,0.51
2022-12-16T06:55:41.000,10.59,-14.69,2.02,19.62,20.5,58537,-79.76,-4.0,0.51
2022-12-16T06:56:42.000,10.33,-14.69,2.09,19.58,20.5,58538,-79.87,-4.0,0.51
2022-12-16T06:57:42.000,10.08,-14.68,2.11,19.57,20.5,58539,-79.97,-3.0,0.509
2022-12-16T06:58:42.000,10.02,-14.01,2.14,19.56,20.5,58540,-80.07,-3.0,0.509
2022-12-16T07:01:48.000,10.58,-13.95,2.15,19.55,20.5,58543,-80.36,-3.0,0.509
2022-12-16T07:02:48.000,10.27,-13.96,2.22,19.52,20.5,58544,-80.44,-2.0,0.509
2022-12-16T07:03:48.000,10.06,-13.21,2.33,19.46,20.5,58545,-80.52,-2.0,0.509
2022-12-16T07:04:48.000,10.07,-12.48,2.38,19.44,20.5,58546,-80.59,-2.0,0.509
2022-12-16T07:05:48.000,10.63,-12.46,2.26,19.49,20.5,58547,-80.66,-2.0,0.509
2022-12-16T07:06:48.000,10.73,-13.4,2.13,19.56,20.5,58548,-80.72,-2.0,0.509
2022-12-16T07:07:48.000,10.46,-14.05,1.99,19.63,20.5,58549,-80.78,-1.0,0.509
2022-12-16T07:08:48.000,10.07,-14.71,1.94,19.66,20.5,58550,-80.84,-1.0,0.509
2022-12-16T07:09:48.000,9.87,-14.72,1.96,19.65,20.5,58551,-80.88,-1.0,0.509
2022-12-16T07:10:48.000,10.57,-14.08,2.01,19.62,20.5,58552,-80.93,-1.0,0.509
2022-12-16T07:11:48.000,10.95,-14.38,2.15,19.55,20.5,58553,-80.97,-1.0,0.508
2022-12-16T07:12:50.000,10.77,-14.39,2.25,19.5,20.5,58554,-81.0,-0.0,0.508
2022-12-16T07:13:50.000,10.36,-14.25,2.4,19.43,20.5,58555,-81.03,-0.0,0.508
2022-12-16T07:14:50.000,9.95,-13.61,2.52,19.38,20.5,58556,-81.05,0.0,0.508
2022-12-16T07:21:18.000,10.58,-10.49,3.32,19.08,20.5,58562,-81.07,1.0,0.508
2022-12-16T07:22:18.000,10.92,-10.95,3.37,19.06,20.5,58563,-81.05,2.0,0.508
2022-12-16T07:24:24.000,10.45,-11.33,3.33,19.08,20.5,58565,-81.0,2.0,0.508
2022-12-16T07:25:24.000,10.1,-11.4,3.32,19.08,20.5,58566,-80.96,2.0,0.508
2022-12-16T07:26:24.000,9.94,-10.99,3.37,19.06,20.5,58567,-80.92,2.0,0.507
2022-12-16T07:27:24.000,10.64,-10.37,3.41,19.05,20.5,58568,-80.88,3.0,0.507
2022-12-16T07:28:24.000,10.94,-10.98,3.43,19.04,20.5,58569,-80.83,3.0,0.507
2022-12-16T07:29:24.000,10.78,-11.21,3.46,19.03,20.5,58570,-80.77,3.0,0.507
2022-12-16T07:32:35.000,10.01,-10.29,3.93,18.89,20.5,58573,-80.57,4.0,0.507
2022-12-16T07:33:35.000,10.64,-9.81,4.11,18.84,20.5,58574,-80.49,4.0,0.507
2022-12-16T07:40:07.000,10.83,-8.64,5.0,18.63,20.5,58580,-79.9,5.0,0.507
2022-12-16T07:41:07.000,10.71,-8.74,5.5,18.53,20.5,58581,-79.79,5.0,0.506
2022-12-16T07:43:14.000,10.08,-8.96,4.82,18.67,20.5,58583,-79.56,6.0,0.506
2022-12-16T07:44:13.000,10.08,-8.54,4.55,18.63,20.5,58584,-79.44,6.0,0.506
2022-12-16T07:45:13.000,10.64,-8.69,4.51,18.75,20.5,58585,-79.32,6.0,0.506
2022-12-16T07:46:14.000,10.71,-9.42,4.48,18.75,20.5,58586,-79.2,6.0,0.506
2022-12-16T07:47:14.000,10.51,-9.56,4.56,18.73,20.5,58587,-79.07,7.0,0.506
2022-12-16T07:49:14.000,9.94,-9.46,4.85,18.67,20.5,58589,-78.81,7.0,0.506
2022-12-16T07:50:14.000,10.36,-8.66,4.92,18.65,20.5,58590,-78.67,7.0,0.506
2022-12-16T07:51:14.000,10.83,-9.11,4.97,18.64,20.5,58591,-78.54,7.0,0.506
2022-12-16T07:53:20.000,10.45,-9.33,5.32,18.57,20.5,58593,-78.24,8.0,0.506
2022-12-16T07:54:20.000,10.11,-9.19,5.52,18.52,20.5,58594,-78.1,8.0,0.506
2022-12-16T07:55:20.000,9.96,-8.44,5.84,18.46,20.5,58595,-77.95,8.0,0.506
2022-12-16T07:56:21.000,10.69,-7.47,6.17,18.4,20.5,58596,-77.8,9.0,0.505
2022-12-16T07:57:21.000,10.96,-7.95,6.42,18.36,20.5,58597,-77.64,9.0,0.505
2022-12-16T07:59:27.000,10.46,-7.76,6.83,18.29,20.5,58599,-77.32,9.0,0.505
2022-12-16T08:00:27.000,10.12,-7.69,6.95,18.27,20.5,58600,-77.16,9.0,0.505
2022-12-16T08:01:27.000,9.97,-7.08,6.97,18.27,20.5,58601,-77.0,10.0,0.505
2022-12-16T08:02:27.000,10.64,-6.66,6.92,18.28,20.5,58602,-76.84,10.0,0.505
