Downloads/jupyter/ECSV/stars19/stars19_2023-10.ecsv
# %ECSV 1.0
# ---
# datatype:
# - {name: time, datatype: string}
# - {name: Enclosure Temperature, unit: deg_C, datatype: float64}
# - {name: Sky Temperature, unit: deg_C, datatype: float64}
# - {name: Frequency, unit: Hz, datatype: float64}
# - {name: MSAS, unit: mag / arcsec2, datatype: float64}
# - {name: ZP, datatype: float64}
# - {name: Sequence Number, datatype: int64}
# - {name: Sun Alt, unit: deg, datatype: float64}
# - {name: Moon Alt, unit: deg, datatype: float64}
# - {name: Moon Illumination, datatype: float64}
# delimiter: ','
# meta: !!omap
# - ida:
#     Data supplier: {affiliation: null, observer: null}
#     Device type: TESS-W
#     Field of view: 17.0
#     Filters per channel: None
#     Instrument ID: stars19
#     License: ODbL 1.0 http://opendatacommons.org/licenses/odbl/summary/
#     Local timezone: America/Phoenix
#     Location name: {country: '- Tucson', place: Tucson, region: United States, sub_region: Arizona, town: Pima County}
#     Measurement direction per channel: {azimuth: 0.0, zenital: 0.0}
#     Moving / Fixed look direction: FIXED
#     Moving / Stationary position: STATIONARY
#     Number of channels: 1
#     Number of fields per line: 8
#     Number of header lines: 35
#     Position: {height: 0.0, latitude: 32.223877, longitude: -110.767532}
#     TESS MAC address: 18:FE:34:CF:EC:06
#     TESS cover offset value: 0.0
#     TESS firmware version: '1.0'
#     TESS zero point: 20.38
#     Time Synchronization: timestamp added by MQTT subscriber
#     URL: http://www.darksky.org/NSBM/sdf1.0.pdf
# - __serialized_columns__:
#     Enclosure Temperature:
#       __class__: astropy.units.quantity.Quantity
#       unit: &id001 !astropy.units.Unit {unit: deg_C}
#       value: !astropy.table.SerializedColumn {name: Enclosure Temperature}
#     Frequency:
#       __class__: astropy.units.quantity.Quantity
#       unit: !astropy.units.Unit {unit: Hz}
#       value: !astropy.table.SerializedColumn {name: Frequency}
#     MSAS:
#       __class__: astropy.units.quantity.Quantity
#       unit: !astropy.units.Unit {unit: mag / arcsec2}
#       value: !astropy.table.SerializedColumn {name: MSAS}
#     Moon Alt:
#       __class__: astropy.units.quantity.Quantity
#       unit: &id002 !astropy.units.Unit {unit: deg}
#       value: !astropy.table.SerializedColumn {name: Moon Alt}
#     Sky Temperature:
#       __class__: astropy.units.quantity.Quantity
#       unit: *id001
#       value: !astropy.table.SerializedColumn {name: Sky Temperature}
#     Sun Alt:
#       __class__: astropy.units.quantity.Quantity
#       unit: *id002
#       value: !astropy.table.SerializedColumn {name: Sun Alt}
#     time:
#       __class__: astropy.time.core.Time
#       format: isot
#       in_subfmt: '*'
#       out_subfmt: '*'
#       precision: 3
#       scale: utc
#       value: !astropy.table.SerializedColumn {name: time}
# schema: astropy-2.0
time,Enclosure Temperature,Sky Temperature,Frequency,MSAS,ZP,Sequence Number,Sun Alt,Moon Alt,Moon Illumination
[from data line 22269]
2023-10-31T10:35:20.000,13.98,-10.77,207.98,14.58,20.38,44074,-39.28,72.0,0.918
2023-10-31T10:36:21.000,14.02,-10.8,206.43,14.59,20.38,44075,-39.07,72.0,0.918
2023-10-31T10:37:21.000,14.07,-10.73,204.63,14.6,20.38,44076,-38.86,72.0,0.918
2023-10-31T10:38:21.000,14.08,-10.94,202.52,14.61,20.38,44077,-38.65,72.0,0.918
2023-10-31T10:39:21.000,14.03,-11.03,199.6,14.63,20.38,44078,-38.44,71.0,0.918
2023-10-31T10:40:22.000,13.97,-10.91,196.52,14.65,20.38,44079,-38.23,71.0,0.918
2023-10-31T10:41:22.000,14.05,-10.67,192.91,14.67,20.38,44080,-38.02,71.0,0.918
2023-10-31T10:42:22.000,14.1,-10.78,189.33,14.69,20.38,44081,-37.81,71.0,0.917
2023-10-31T10:44:23.000,13.99,-10.5,181.33,14.73,20.38,44083,-37.39,70.0,0.917
2023-10-31T10:45:23.000,14.1,-10.33,177.01,14.76,20.38,44084,-37.18,70.0,0.917
2023-10-31T10:46:23.000,14.17,-10.41,172.34,14.79,20.38,44085,-36.97,70.0,0.917
2023-10-31T10:47:23.000,14.21,-10.26,167.08,14.82,20.38,44086,-36.76,70.0,0.917
2023-10-31T10:51:25.000,14.54,-10.11,139.89,15.02,20.38,44090,-35.91,69.0,0.917
2023-10-31T10:52:25.000,14.58,-10.23,131.38,15.08,20.38,44091,-35.7,69.0,0.917
2023-10-31T10:53:26.000,14.55,-10.38,121.26,15.17,20.38,44092,-35.49,69.0,0.917
2023-10-31T10:54:26.000,14.62,-10.2,110.58,15.27,20.38,44093,-35.28,68.0,0.917
2023-10-31T10:55:26.000,14.64,-10.35,98.99,15.39,20.38,44094,-35.07,68.0,0.917
2023-10-31T10:56:26.000,14.67,-10.69,87.03,15.53,20.38,44095,-34.86,68.0,0.917
2023-10-31T10:59:33.000,14.56,-11.01,54.77,16.04,20.38,44098,-34.2,67.0,0.917
2023-10-31T11:00:34.000,14.44,-11.49,45.79,16.23,20.38,44099,-33.98,67.0,0.917
2023-10-31T11:01:34.000,14.32,-11.27,39.31,16.39,20.38,44100,-33.77,67.0,0.917
2023-10-31T11:02:35.000,14.29,-11.14,34.47,16.54,20.38,44101,-33.56,67.0,0.917
2023-10-31T11:03:35.000,14.31,-11.0,30.25,16.68,20.38,44102,-33.35,66.0,0.917
2023-10-31T11:04:35.000,14.24,-11.25,27.43,16.78,20.38,44103,-33.14,66.0,0.917
2023-10-31T11:05:35.000,14.16,-10.99,25.5,16.86,20.38,44104,-32.93,66.0,0.917
2023-10-31T11:06:36.000,14.13,-10.95,23.79,16.94,20.38,44105,-32.71,66.0,0.916
2023-10-31T11:07:36.000,14.14,-10.76,22.69,16.99,20.38,44106,-32.5,66.0,0.916
2023-10-31T11:08:37.000,14.19,-10.67,21.76,17.04,20.38,44107,-32.29,65.0,0.916
2023-10-31T11:09:37.000,14.19,-10.77,20.85,17.08,20.38,44108,-32.08,65.0,0.916
2023-10-31T11:12:37.000,14.33,-10.56,19.06,17.18,20.38,44111,-31.44,65.0,0.916
2023-10-31T11:13:38.000,14.34,-10.72,18.47,17.21,20.38,44112,-31.23,64.0,0.916
2023-10-31T11:14:38.000,14.23,-11.03,17.9,17.25,20.38,44113,-31.02,64.0,0.916
2023-10-31T11:17:41.000,14.28,-10.42,16.55,17.33,20.38,44116,-30.37,64.0,0.916
2023-10-31T11:18:41.000,14.33,-10.39,16.18,17.36,20.38,44117,-30.16,63.0,0.916
2023-10-31T11:19:42.000,14.35,-10.5,15.81,17.38,20.38,44118,-29.95,63.0,0.916
2023-10-31T11:20:42.000,14.35,-10.39,15.34,17.42,20.38,44119,-29.73,63.0,0.916
2023-10-31T11:21:43.000,14.34,-10.52,12.17,17.68,20.38,44120,-29.52,63.0,0.916
2023-10-31T11:22:43.000,14.39,-10.35,6.14,18.44,20.38,44121,-29.31,63.0,0.916
2023-10-31T11:23:43.000,14.42,-10.37,3.66,18.97,20.38,44122,-29.1,62.0,0.916
2023-10-31T11:24:43.000,14.44,-10.5,3.38,19.06,20.38,44123,-28.89,62.0,0.916
2023-10-31T11:25:45.000,14.43,-10.63,3.36,19.07,20.38,44124,-28.67,62.0,0.916
2023-10-31T11:26:46.000,14.35,-10.64,3.35,19.07,20.38,44125,-28.45,62.0,0.916
2023-10-31T11:27:47.000,14.38,-10.46,3.34,19.07,20.38,44126,-28.24,62.0,0.916
2023-10-31T11:28:48.000,14.34,-10.5,3.33,19.08,20.38,44127,-28.02,61.0,0.916
2023-10-31T11:40:50.000,14.43,-10.75,3.21,19.11,20.38,44139,-25.48,59.0,0.915
2023-10-31T11:41:50.000,14.39,-10.56,3.2,19.12,20.38,44140,-25.27,59.0,0.915
2023-10-31T11:42:51.000,14.38,-10.54,3.19,19.12,20.38,44141,-25.05,58.0,0.915
2023-10-31T11:43:51.000,14.34,-10.54,3.19,19.12,20.38,44142,-24.84,58.0,0.915
2023-10-31T11:44:51.000,14.33,-10.57,3.18,19.12,20.38,44143,-24.63,58.0,0.915
2023-10-31T11:45:51.000,14.3,-10.73,3.17,19.13,20.38,44144,-24.42,58.0,0.915
2023-10-31T11:46:52.000,14.25,-10.83,3.17,19.13,20.38,44145,-24.2,58.0,0.915
2023-10-31T11:47:52.000,14.24,-10.6,3.16,19.13,20.38,44146,-23.99,57.0,0.915
2023-10-31T11:48:52.000,14.24,-10.78,3.15,19.13,20.38,44147,-23.78,57.0,0.915
2023-10-31T11:49:52.000,14.2,-10.69,3.15,19.14,20.38,44148,-23.57,57.0,0.915
2023-10-31T11:50:55.000,14.21,-10.53,3.14,19.14,20.38,44149,-23.35,57.0,0.915
2023-10-31T11:51:55.000,14.24,-10.28,3.13,19.14,20.38,44150,-23.14,57.0,0.915
2023-10-31T11:52:55.000,14.36,-10.06,3.12,19.14,20.38,44151,-22.93,56.0,0.915
2023-10-31T11:53:55.000,14.42,-10.2,3.12,19.15,20.38,44152,-22.72,56.0,0.915
2023-10-31T11:54:55.000,14.46,-9.91,3.11,19.15,20.38,44153,-22.5,56.0,0.914
2023-10-31T11:55:56.000,14.55,-9.95,3.1,19.15,20.38,44154,-22.29,56.0,0.914
2023-10-31T11:56:56.000,14.63,-9.86,3.1,19.15,20.38,44155,-22.08,56.0,0.914
2023-10-31T11:57:56.000,14.69,-9.9,3.09,19.15,20.38,44156,-21.87,55.0,0.914
2023-10-31T11:58:57.000,14.72,-10.13,3.09,19.16,20.38,44157,-21.65,55.0,0.914
2023-10-31T11:59:57.000,14.7,-10.2,3.08,19.16,20.38,44158,-21.44,55.0,0.914
2023-10-31T12:00:57.000,14.71,-10.14,3.09,19.16,20.38,44159,-21.23,55.0,0.914
2023-10-31T12:01:58.000,14.79,-9.94,4.1,18.99,20.38,44160,-21.02,55.0,0.914
2023-10-31T12:02:59.000,14.83,-10.13,3.06,19.17,20.38,44161,-20.8,54.0,0.914
2023-10-31T12:03:59.000,14.79,-10.34,3.06,19.17,20.38,44162,-20.59,54.0,0.914
2023-10-31T12:04:59.000,14.78,-10.21,3.04,19.17,20.38,44163,-20.38,54.0,0.914
2023-10-31T12:09:00.000,14.72,-10.36,3.01,19.18,20.38,44167,-19.53,53.0,0.914
2023-10-31T12:10:00.000,14.72,-10.24,3.01,19.18,20.38,44168,-19.32,53.0,0.914
2023-10-31T12:11:00.000,14.74,-10.2,3.0,19.19,20.38,44169,-19.11,53.0,0.914
2023-10-31T12:15:02.000,14.86,-10.1,2.98,19.19,20.38,44173,-18.26,52.0,0.914
2023-10-31T12:16:03.000,14.81,-10.25,2.97,19.2,20.38,44174,-18.05,52.0,0.914
2023-10-31T12:17:03.000,14.79,-10.27,2.97,19.2,20.38,44175,-17.84,51.0,0.914
2023-10-31T12:18:03.000,14.76,-10.28,2.96,19.2,20.38,44176,-17.63,51.0,0.914
2023-10-31T12:19:04.000,14.73,-10.27,2.96,19.2,20.38,44177,-17.42,51.0,0.913
2023-10-31T12:20:05.000,14.69,-10.16,2.96,19.2,20.38,44178,-17.2,51.0,0.913
2023-10-31T12:21:06.000,14.76,-10.14,2.95,19.21,20.38,44179,-16.99,51.0,0.913
2023-10-31T12:26:08.000,14.7,-10.13,2.94,19.21,20.38,44184,-15.93,50.0,0.913
2023-10-31T12:28:10.000,14.79,-9.99,2.94,19.21,20.38,44186,-15.5,49.0,0.913
2023-10-31T12:34:11.000,14.69,-10.03,3.03,19.18,20.38,44192,-14.24,48.0,0.913
2023-10-31T12:35:11.000,14.74,-10.17,3.06,19.17,20.38,44193,-14.03,48.0,0.913
2023-10-31T12:36:11.000,14.78,-9.97,3.08,19.16,20.38,44194,-13.83,47.0,0.913
2023-10-31T12:37:12.000,14.83,-10.1,3.11,19.15,20.38,44195,-13.61,47.0,0.913
2023-10-31T12:38:12.000,14.79,-10.19,3.15,19.13,20.38,44196,-13.4,47.0,0.913
2023-10-31T12:39:12.000,14.77,-10.39,3.22,19.11,20.38,44197,-13.19,47.0,0.913
2023-10-31T12:40:13.000,14.69,-10.39,3.3,19.08,20.38,44198,-12.98,47.0,0.913
2023-10-31T12:41:13.000,14.66,-10.29,3.4,19.05,20.38,44199,-12.77,46.0,0.913
2023-10-31T12:42:13.000,14.71,-10.18,3.53,19.01,20.38,44200,-12.56,46.0,0.912
2023-10-31T12:43:13.000,14.69,-10.18,3.68,18.97,20.38,44201,-12.36,46.0,0.912
2023-10-31T12:44:13.000,14.73,-10.08,3.87,18.91,20.38,44202,-12.15,46.0,0.912
2023-10-31T12:45:14.000,14.79,-10.09,4.1,18.85,20.38,44203,-11.93,46.0,0.912
2023-10-31T12:46:14.000,14.73,-10.36,4.38,18.78,20.38,44204,-11.73,45.0,0.912
2023-10-31T12:50:14.000,14.69,-10.24,6.35,18.37,20.38,44208,-10.89,45.0,0.912
2023-10-31T12:51:16.000,14.63,-10.45,7.17,18.24,20.38,44209,-10.68,44.0,0.912
2023-10-31T12:52:16.000,14.6,-10.35,8.17,18.1,20.38,44210,-10.47,44.0,0.912
2023-10-31T12:53:16.000,14.67,-9.97,9.44,17.94,20.38,44211,-10.26,44.0,0.912
2023-10-31T12:54:17.000,14.72,-10.34,10.89,17.71,20.38,44212,-10.05,44.0,0.912
2023-10-31T12:55:17.000,14.63,-10.47,12.82,17.61,20.38,44213,-9.84,44.0,0.912
2023-10-31T12:56:17.000,14.64,-10.26,14.96,17.44,20.38,44214,-9.63,43.0,0.912
2023-10-31T12:57:18.000,14.63,-10.39,17.53,17.27,20.38,44215,-9.42,43.0,0.912
2023-10-31T12:58:18.000,14.63,-10.22,20.88,17.08,20.38,44216,-9.22,43.0,0.912
2023-10-31T12:59:18.000,14.7,-10.25,24.97,16.89,20.38,44217,-9.01,43.0,0.912
2023-10-31T13:00:18.000,14.72,-10.44,29.92,16.69,20.38,44218,-8.8,43.0,0.912
2023-10-31T13:01:19.000,14.67,-10.51,35.99,16.49,20.38,44219,-8.59,42.0,0.912
2023-10-31T13:02:20.000,14.63,-10.61,43.33,16.29,20.38,44220,-8.38,42.0,0.912
2023-10-31T13:03:20.000,14.59,-10.39,51.67,16.1,20.38,44221,-8.17,42.0,0.912
2023-10-31T13:04:20.000,14.59,-10.47,64.0,15.87,20.38,44222,-7.96,42.0,0.912
2023-10-31T13:05:20.000,14.59,-10.38,78.76,15.64,20.38,44223,-7.76,42.0,0.912
2023-10-31T13:06:21.000,14.63,-10.37,97.41,15.41,20.38,44224,-7.55,41.0,0.911
2023-10-31T13:07:21.000,14.64,-10.34,120.67,15.18,20.38,44225,-7.34,41.0,0.911
2023-10-31T13:09:21.000,14.7,-10.41,189.01,14.69,20.38,44227,-6.93,41.0,0.911
2023-10-31T13:10:21.000,14.69,-10.33,238.27,14.44,20.38,44228,-6.72,41.0,0.911
2023-10-31T13:11:22.000,14.73,-10.35,301.75,14.18,20.38,44229,-6.51,40.0,0.911
2023-10-31T13:12:22.000,14.71,-10.42,382.81,13.93,20.38,44230,-6.31,40.0,0.911
2023-10-31T13:13:22.000,14.67,-10.45,488.56,13.66,20.38,44231,-6.1,40.0,0.911
2023-10-31T13:15:24.000,14.63,-10.51,801.6,13.12,20.38,44233,-5.68,39.0,0.911
2023-10-31T13:16:24.000,14.6,-10.48,1033.14,12.85,20.38,44234,-5.47,39.0,0.911
2023-10-31T13:17:25.000,14.59,-10.43,1336.0,12.57,20.38,44235,-5.27,39.0,0.911
2023-10-31T13:18:25.000,14.59,-10.47,1727.0,12.29,20.38,44236,-5.06,39.0,0.911
2023-10-31T13:19:25.000,14.56,-10.63,2227.33,12.01,20.38,44237,-4.85,39.0,0.911
2023-10-31T13:20:27.000,14.54,-10.54,2869.53,11.74,20.38,44238,-4.64,38.0,0.911
2023-10-31T13:21:27.000,14.52,-10.63,3696.42,11.46,20.38,44239,-4.44,38.0,0.911
2023-10-31T13:22:27.000,14.53,-10.38,4734.67,11.19,20.38,44240,-4.23,38.0,0.911
2023-10-31T13:23:27.000,14.58,-10.38,6017.44,10.93,20.38,44241,-4.03,38.0,0.911
2023-10-31T13:24:28.000,14.61,-10.23,7584.22,10.68,20.38,44242,-3.82,38.0,0.911
2023-10-31T13:25:29.000,14.61,-10.55,9491.09,10.44,20.38,44243,-3.61,37.0,0.911
2023-10-31T13:26:29.000,14.61,-10.38,11808.86,10.2,20.38,44244,-3.41,37.0,0.911
2023-10-31T13:27:31.000,14.6,-10.39,14545.71,9.98,20.38,44245,-3.19,37.0,0.911
2023-10-31T13:28:32.000,14.62,-10.34,17829.3,9.75,20.38,44246,-2.99,37.0,0.911
2023-10-31T13:29:32.000,14.64,-10.37,21574.2,9.55,20.38,44247,-2.78,37.0,0.91
2023-10-31T13:30:32.000,14.57,-10.69,25248.66,9.53,20.38,44248,-2.58,36.0,0.91
2023-10-31T13:31:32.000,14.5,-10.71,30626.11,9.17,20.38,44249,-2.37,36.0,0.91
2023-10-31T13:32:33.000,14.49,-10.47,35979.3,8.99,20.38,44250,-2.17,36.0,0.91
2023-10-31T13:33:33.000,14.47,-10.56,41911.73,8.83,20.38,44251,-1.96,36.0,0.91
2023-10-31T13:34:33.000,14.48,-10.51,48463.55,8.67,20.38,44252,-1.76,36.0,0.91
2023-10-31T13:35:34.000,14.53,-10.36,55617.38,8.52,20.38,44253,-1.55,35.0,0.91
2023-10-31T13:36:34.000,14.57,-10.45,44010.56,5.94,20.38,44254,-1.35,35.0,0.91
2023-10-31T13:37:34.000,14.57,-10.49,0.0,0.0,20.38,44255,-1.15,35.0,0.91
2023-10-31T13:38:34.000,14.56,-10.63,0.0,0.0,20.38,44256,-0.94,35.0,0.91
2023-10-31T13:39:34.000,14.53,-10.68,0.0,0.0,20.38,44257,-0.74,35.0,0.91
2023-10-31T13:42:36.000,14.56,-10.58,0.22,0.19,20.38,44260,-0.13,34.0,0.91
2023-10-31T13:45:37.000,14.6,-10.52,0.41,0.16,20.38,44263,0.48,33.0,0.91
2023-10-31T13:46:37.000,14.61,-10.51,0.0,0.0,20.38,44264,0.69,33.0,0.91
2023-10-31T13:47:37.000,14.61,-10.68,0.0,0.0,20.38,44265,0.89,33.0,0.91
2023-10-31T13:48:38.000,14.6,-10.59,0.0,0.0,20.38,44266,1.09,33.0,0.91
2023-10-31T13:50:38.000,14.67,-10.62,0.0,0.0,20.38,44268,1.5,32.0,0.91
2023-10-31T13:51:40.000,14.58,-10.89,0.0,0.0,20.38,44269,1.7,32.0,0.91
2023-10-31T13:52:41.000,14.56,-10.65,0.0,0.0,20.38,44270,1.91,32.0,0.91
2023-10-31T13:54:41.000,14.54,-10.55,0.0,0.0,20.38,44272,2.31,32.0,0.909
2023-10-31T13:55:42.000,14.6,-10.43,0.0,0.0,20.38,44273,2.51,31.0,0.909
2023-10-31T13:56:42.000,14.61,-10.57,0.0,0.0,20.38,44274,2.71,31.0,0.909
2023-10-31T13:57:42.000,14.57,-10.8,0.21,0.11,20.38,44275,2.91,31.0,0.909
2023-10-31T13:58:42.000,14.55,-10.68,0.0,0.0,20.38,44276,3.11,31.0,0.909
2023-10-31T13:59:42.000,14.52,-10.59,0.0,0.0,20.38,44277,3.31,31.0,0.909
2023-10-31T14:00:43.000,14.6,-10.52,0.0,0.0,20.38,44278,3.52,30.0,0.909
2023-10-31T14:04:45.000,14.48,-10.76,0.0,0.0,20.38,44282,4.32,30.0,0.909
2023-10-31T14:05:45.000,14.47,-10.79,0.0,0.0,20.38,44283,4.52,29.0,0.909
2023-10-31T14:06:45.000,14.45,-10.6,0.0,0.0,20.38,44284,4.72,29.0,0.909
2023-10-31T14:07:45.000,14.45,-10.61,0.11,0.09,20.38,44285,4.92,29.0,0.909
2023-10-31T14:08:46.000,14.53,-10.47,0.11,0.09,20.38,44286,5.12,29.0,0.909
2023-10-31T14:09:46.000,14.54,-10.7,0.0,0.0,20.38,44287,5.32,29.0,0.909
2023-10-31T14:10:46.000,14.52,-10.6,0.0,0.0,20.38,44288,5.52,28.0,0.909
2023-10-31T14:11:46.000,14.52,-10.71,0.0,0.0,20.38,44289,5.71,28.0,0.909
2023-10-31T14:13:47.000,14.53,-10.28,0.0,0.0,20.38,44291,6.11,28.0,0.909
2023-10-31T14:14:48.000,14.63,-10.28,0.0,0.0,20.38,44292,6.31,28.0,0.909
2023-10-31T14:15:48.000,14.65,-10.55,0.0,0.0,20.38,44293,6.51,27.0,0.909
2023-10-31T14:16:49.000,14.67,-10.38,0.11,0.09,20.38,44294,6.71,27.0,0.908
2023-10-31T14:17:50.000,14.71,-10.51,0.19,0.09,20.38,44295,6.91,27.0,0.908
2023-10-31T14:18:50.000,14.64,-10.55,0.0,0.0,20.38,44296,7.11,27.0,0.908
2023-10-31T14:19:50.000,14.63,-10.51,0.0,0.0,20.38,44297,7.3,27.0,0.908
2023-10-31T14:20:51.000,14.69,-10.35,0.0,0.0,20.38,44298,7.5,26.0,0.908
2023-10-31T14:21:52.000,14.71,-10.54,0.0,0.0,20.38,44299,7.7,26.0,0.908
2023-10-31T14:22:52.000,14.66,-10.49,0.0,0.0,20.38,44300,7.9,26.0,0.908
2023-10-31T14:23:52.000,14.71,-10.36,0.0,0.0,20.38,44301,8.09,26.0,0.908
2023-10-31T14:24:52.000,14.78,-10.3,0.16,0.1,20.38,44302,8.29,26.0,0.908
2023-10-31T14:25:54.000,14.81,-10.48,0.0,0.0,20.38,44303,8.49,25.0,0.908
2023-10-31T14:26:55.000,14.71,-10.8,0.0,0.0,20.38,44304,8.69,25.0,0.908
2023-10-31T14:27:56.000,14.74,-10.22,0.0,0.0,20.38,44305,8.89,25.0,0.908
2023-10-31T14:31:57.000,14.76,-10.42,0.0,0.0,20.38,44309,9.66,24.0,0.908
2023-10-31T14:32:57.000,14.78,-10.21,0.0,0.0,20.38,44310,9.86,24.0,0.908
2023-10-31T14:33:57.000,14.84,-10.19,0.0,0.0,20.38,44311,10.05,24.0,0.908
2023-10-31T14:35:57.000,14.95,-10.14,0.0,0.0,20.38,44313,10.44,23.0,0.908
2023-10-31T14:38:58.000,14.98,-10.16,0.0,0.0,20.38,44316,11.02,23.0,0.908
2023-10-31T14:39:59.000,15.02,-10.15,0.0,0.0,20.38,44317,11.21,23.0,0.907
2023-10-31T14:40:59.000,15.06,-9.99,0.0,0.0,20.38,44318,11.41,22.0,0.907
2023-10-31T14:51:03.000,15.55,-9.59,0.0,0.0,20.38,44328,13.32,20.0,0.907
2023-10-31T14:52:03.000,15.65,-9.43,0.0,0.0,20.38,44329,13.51,20.0,0.907
2023-10-31T14:53:03.000,15.67,-9.64,0.0,0.0,20.38,44330,13.7,20.0,0.907
2023-10-31T14:56:04.000,15.83,-9.58,0.0,0.0,20.38,44333,14.27,20.0,0.907
2023-10-31T14:59:04.000,15.94,-9.14,0.0,0.0,20.38,44336,14.83,19.0,0.907
2023-10-31T15:02:05.000,16.02,-9.26,0.0,0.0,20.38,44339,15.39,18.0,0.907
2023-10-31T15:03:06.000,16.02,-9.3,0.0,0.0,20.38,44340,15.58,18.0,0.906
2023-10-31T15:04:06.000,16.07,-9.1,0.0,0.0,20.38,44341,15.77,18.0,0.906
2023-10-31T15:05:09.000,16.07,-9.23,0.0,0.0,20.38,44342,15.96,18.0,0.906
2023-10-31T15:06:09.000,16.04,-9.33,0.0,0.0,20.38,44343,16.15,18.0,0.906
2023-10-31T15:11:10.000,16.25,-8.62,0.0,0.0,20.38,44348,17.07,17.0,0.906
2023-10-31T15:16:12.000,16.68,-8.19,0.0,0.0,20.38,44353,17.99,16.0,0.906
2023-10-31T15:17:12.000,16.71,-8.32,0.0,0.0,20.38,44354,18.17,15.0,0.906
2023-10-31T15:18:13.000,16.7,-8.22,0.0,0.0,20.38,44355,18.36,15.0,0.906
2023-10-31T15:24:14.000,16.87,-7.54,0.0,0.0,20.38,44361,19.44,14.0,0.906
2023-10-31T15:25:16.000,16.96,-7.6,0.0,0.0,20.38,44362,19.63,14.0,0.906
2023-10-31T15:26:17.000,16.95,-7.61,0.0,0.0,20.38,44363,19.81,14.0,0.905
2023-10-31T15:28:24.000,17.14,-7.11,0.0,0.0,20.38,44365,20.19,13.0,0.905
2023-10-31T15:29:24.000,17.21,-6.97,0.0,0.0,20.38,44366,20.36,13.0,0.905
2023-10-31T15:30:25.000,17.24,-7.1,0.0,0.0,20.38,44367,20.54,13.0,0.905
2023-10-31T15:39:28.000,17.62,-6.28,0.0,0.0,20.38,44376,22.13,11.0,0.905
