Downloads/jupyter/ECSV/stars19/stars19_2021-07.ecsv
# %ECSV 1.0
# ---
# datatype:
# - {name: time, datatype: string}
# - {name: Enclosure Temperature, unit: deg_C, datatype: float64}
# - {name: Sky Temperature, unit: deg_C, datatype: float64}
# - {name: Frequency, unit: Hz, datatype: float64}
# - {name: MSAS, unit: mag / arcsec2, datatype: float64}
# - {name: ZP, datatype: float64}
# - {name: Sequence Number, datatype: int64}
# - {name: Sun Alt, unit: deg, datatype: float64}
# - {name: Moon Alt, unit: deg, datatype: float64}
# - {name: Moon Illumination, datatype: float64}
# delimiter: ','
# meta: !!omap
# - ida:
#     Data supplier: {affiliation: null, observer: null}
#     Device type: TESS-W
#     Field of view: 17.0
#     Filters per channel: None
#     Instrument ID: stars19
#     License: ODbL 1.0 http://opendatacommons.org/licenses/odbl/summary/
#     Local timezone: America/Phoenix
#     Location name: {country: '- Tucson', place: Tucson, region: United States, sub_region: Arizona, town: Pima County}
#     Measurement direction per channel: {azimuth: 0.0, zenital: 0.0}
#     Moving / Fixed look direction: FIXED
#     Moving / Stationary position: STATIONARY
#     Number of channels: 1
#     Number of fields per line: 8
#     Number of header lines: 35
#     Position: {height: 0.0, latitude: 32.223877, longitude: -110.767532}
#     TESS MAC address: 18:FE:34:CF:EC:06
#     TESS cover offset value: 0.0
#     TESS firmware version: '1.0'
#     TESS zero point: 20.5
#     Time Synchronization: timestamp added by MQTT subscriber
#     URL: http://www.darksky.org/NSBM/sdf1.0.pdf
# - __serialized_columns__:
#     Enclosure Temperature:
#       __class__: astropy.units.quantity.Quantity
#       unit: &id001 !astropy.units.Unit {unit: deg_C}
#       value: !astropy.table.SerializedColumn {name: Enclosure Temperature}
#     Frequency:
#       __class__: astropy.units.quantity.Quantity
#       unit: !astropy.units.Unit {unit: Hz}
#       value: !astropy.table.SerializedColumn {name: Frequency}
#     MSAS:
#       __class__: astropy.units.quantity.Quantity
#       unit: !astropy.units.Unit {unit: mag / arcsec2}
#       value: !astropy.table.SerializedColumn {name: MSAS}
#     Moon Alt:
#       __class__: astropy.units.quantity.Quantity
#       unit: &id002 !astropy.units.Unit {unit: deg}
#       value: !astropy.table.SerializedColumn {name: Moon Alt}
#     Sky Temperature:
#       __class__: astropy.units.quantity.Quantity
#       unit: *id001
#       value: !astropy.table.SerializedColumn {name: Sky Temperature}
#     Sun Alt:
#       __class__: astropy.units.quantity.Quantity
#       unit: *id002
#       value: !astropy.table.SerializedColumn {name: Sun Alt}
#     time:
#       __class__: astropy.time.core.Time
#       format: isot
#       in_subfmt: '*'
#       out_subfmt: '*'
#       precision: 3
#       scale: utc
#       value: !astropy.table.SerializedColumn {name: time}
# schema: astropy-2.0
time,Enclosure Temperature,Sky Temperature,Frequency,MSAS,ZP,Sequence Number,Sun Alt,Moon Alt,Moon Illumination
[from data line 19456]
2021-07-28T14:39:48.000,29.1,10.91,0.0,0.0,20.5,120492,24.43,29.0,0.774
2021-07-28T14:40:48.000,29.11,10.62,0.0,0.0,20.5,120493,24.64,29.0,0.774
2021-07-28T14:41:48.000,29.14,10.91,0.0,0.0,20.5,120494,24.85,28.0,0.774
2021-07-28T14:47:49.000,29.67,11.41,0.0,0.0,20.5,120500,26.12,27.0,0.774
2021-07-28T14:48:50.000,29.76,11.55,0.0,0.0,20.5,120501,26.33,27.0,0.774
2021-07-28T14:49:50.000,29.91,11.94,0.0,0.0,20.5,120502,26.54,27.0,0.773
2021-07-28T14:54:51.000,30.34,12.28,0.0,0.0,20.5,120507,27.59,26.0,0.773
2021-07-28T14:55:51.000,30.43,12.09,0.0,0.0,20.5,120508,27.8,26.0,0.773
2021-07-28T14:56:51.000,30.44,12.11,0.0,0.0,20.5,120509,28.01,26.0,0.773
2021-07-28T15:01:52.000,30.93,12.81,0.0,0.0,20.5,120514,29.07,25.0,0.773
2021-07-28T15:02:52.000,31.02,12.74,0.0,0.0,20.5,120515,29.28,25.0,0.773
2021-07-28T15:03:53.000,31.16,12.93,0.0,0.0,20.5,120516,29.5,24.0,0.773
2021-07-28T15:04:53.000,31.24,12.91,0.0,0.0,20.5,120517,29.71,24.0,0.773
2021-07-28T15:05:53.000,31.34,13.06,0.0,0.0,20.5,120518,29.92,24.0,0.773
2021-07-28T15:07:59.000,31.45,12.86,0.0,0.0,20.5,120520,30.36,24.0,0.772
2021-07-28T15:08:59.000,31.55,13.4,0.0,0.0,20.5,120521,30.57,23.0,0.772
2021-07-28T15:09:59.000,31.72,13.5,0.0,0.0,20.5,120522,30.78,23.0,0.772
2021-07-28T15:13:05.000,31.97,13.59,0.0,0.0,20.5,120525,31.44,23.0,0.772
2021-07-28T15:14:05.000,32.07,13.65,0.0,0.0,20.5,120526,31.65,22.0,0.772
2021-07-28T15:15:05.000,32.22,13.96,0.0,0.0,20.5,120527,31.86,22.0,0.772
2021-07-28T15:19:07.000,32.93,13.95,0.0,0.0,20.5,120531,32.71,21.0,0.772
2021-07-28T15:20:07.000,33.0,14.18,0.0,0.0,20.5,120532,32.92,21.0,0.772
2021-07-28T15:21:07.000,33.19,14.36,0.0,0.0,20.5,120533,33.13,21.0,0.772
2021-07-28T15:22:07.000,33.33,14.49,0.0,0.0,20.5,120534,33.34,21.0,0.772
2021-07-28T15:28:08.000,34.02,14.65,0.0,0.0,20.5,120540,34.61,20.0,0.771
2021-07-28T15:32:11.000,34.12,14.74,0.0,0.0,20.5,120544,35.47,19.0,0.771
2021-07-28T15:33:11.000,34.14,14.72,0.0,0.0,20.5,120545,35.68,19.0,0.771
2021-07-28T15:34:11.000,34.16,14.83,0.0,0.0,20.5,120546,35.89,19.0,0.771
2021-07-28T16:11:20.000,49.1,19.5,0.0,0.0,20.5,120583,43.74,11.0,0.769
2021-07-28T16:12:20.000,49.31,20.3,0.0,0.0,20.5,120584,43.95,11.0,0.769
2021-07-28T16:13:20.000,49.66,20.53,0.0,0.0,20.5,120585,44.16,11.0,0.769
2021-07-28T16:15:21.000,50.47,21.24,0.0,0.0,20.5,120587,44.59,10.0,0.768
2021-07-28T16:16:21.000,50.95,20.98,0.0,0.0,20.5,120588,44.8,10.0,0.768
2021-07-28T16:17:21.000,51.27,21.19,0.0,0.0,20.5,120589,45.01,10.0,0.768
2021-07-28T16:18:21.000,51.65,21.01,0.0,0.0,20.5,120590,45.22,10.0,0.768
2021-07-28T16:19:22.000,51.8,20.82,0.0,0.0,20.5,120591,45.43,10.0,0.768
2021-07-28T16:21:22.000,52.46,21.64,0.0,0.0,20.5,120593,45.85,9.0,0.768
2021-07-28T16:27:23.000,53.22,20.33,0.0,0.0,20.5,120599,47.12,8.0,0.768
2021-07-28T16:28:24.000,53.33,21.48,0.0,0.0,20.5,120600,47.33,8.0,0.768
2021-07-28T16:31:24.000,53.39,21.54,0.0,0.0,20.5,120603,47.96,7.0,0.767
2021-07-28T16:32:24.000,53.64,21.43,0.0,0.0,20.5,120604,48.17,7.0,0.767
2021-07-28T16:33:24.000,53.81,21.78,0.0,0.0,20.5,120605,48.38,7.0,0.767
2021-07-28T17:21:36.000,59.32,23.27,0.0,0.0,20.5,120653,58.33,-3.0,0.764
2021-07-28T17:22:36.000,59.38,23.4,0.0,0.0,20.5,120654,58.53,-3.0,0.764
2021-07-28T17:23:36.000,59.31,23.01,0.0,0.0,20.5,120655,58.73,-3.0,0.764
2021-07-28T17:32:38.000,58.05,23.04,0.0,0.0,20.5,120664,60.54,-5.0,0.764
2021-07-28T17:33:39.000,58.27,23.31,0.0,0.0,20.5,120665,60.74,-5.0,0.764
2021-07-28T17:34:39.000,58.58,23.55,0.0,0.0,20.5,120666,60.94,-6.0,0.764
2021-07-28T17:51:43.000,58.4,22.82,0.0,0.0,20.5,120683,64.26,-9.0,0.763
2021-07-28T17:52:43.000,58.02,21.81,0.0,0.0,20.5,120684,64.45,-9.0,0.763
2021-07-28T17:53:44.000,58.28,24.16,0.0,0.0,20.5,120685,64.65,-10.0,0.763
2021-07-28T17:57:44.000,60.06,24.54,0.0,0.0,20.5,120689,65.4,-10.0,0.762
2021-07-28T17:58:45.000,60.22,23.17,0.0,0.0,20.5,120690,65.59,-11.0,0.762
2021-07-28T17:59:45.000,60.04,23.0,0.0,0.0,20.5,120691,65.78,-11.0,0.762
2021-07-28T18:01:46.000,60.11,23.56,0.0,0.0,20.5,120693,66.15,-11.0,0.762
2021-07-28T18:03:46.000,60.23,24.04,0.0,0.0,20.5,120695,66.52,-12.0,0.762
2021-07-28T18:04:46.000,60.43,24.47,0.0,0.0,20.5,120696,66.7,-12.0,0.762
2021-07-28T18:07:47.000,61.04,23.96,0.0,0.0,20.5,120699,67.25,-12.0,0.762
2021-07-28T18:08:47.000,60.98,23.94,0.0,0.0,20.5,120700,67.43,-13.0,0.762
2021-07-28T18:09:47.000,61.03,24.06,0.0,0.0,20.5,120701,67.61,-13.0,0.762
2021-07-28T18:10:47.000,61.12,24.15,0.0,0.0,20.5,120702,67.79,-13.0,0.762
2021-07-28T18:13:48.000,61.45,24.63,0.0,0.0,20.5,120705,68.33,-14.0,0.761
2021-07-28T18:14:48.000,61.36,22.45,0.0,0.0,20.5,120706,68.5,-14.0,0.761
2021-07-28T18:15:48.000,60.77,22.96,0.0,0.0,20.5,120707,68.68,-14.0,0.761
2021-07-28T18:43:57.000,61.99,22.95,0.0,0.0,20.5,120735,73.11,-20.0,0.76
2021-07-28T18:44:57.000,61.89,24.4,0.0,0.0,20.5,120736,73.24,-20.0,0.759
2021-07-28T18:45:57.000,62.0,24.32,0.0,0.0,20.5,120737,73.37,-20.0,0.759
2021-07-28T18:47:58.000,62.09,24.52,0.0,0.0,20.5,120739,73.64,-20.0,0.759
2021-07-28T18:48:58.000,62.32,24.83,0.0,0.0,20.5,120740,73.76,-21.0,0.759
2021-07-28T18:49:58.000,62.63,24.5,0.0,0.0,20.5,120741,73.89,-21.0,0.759
2021-07-28T18:59:02.000,62.16,23.49,0.0,0.0,20.5,120750,74.92,-23.0,0.759
2021-07-28T19:00:03.000,62.04,22.76,0.0,0.0,20.5,120751,75.02,-23.0,0.759
2021-07-28T19:01:03.000,61.58,22.64,0.0,0.0,20.5,120752,75.12,-23.0,0.759
2021-07-28T19:03:03.000,61.74,24.14,0.0,0.0,20.5,120754,75.3,-23.0,0.758
2021-07-28T19:04:03.000,61.73,23.34,0.0,0.0,20.5,120755,75.39,-24.0,0.758
2021-07-28T19:11:05.000,61.76,23.7,0.0,0.0,20.5,120762,75.94,-25.0,0.758
2021-07-28T19:12:05.000,61.98,24.83,0.0,0.0,20.5,120763,76.0,-25.0,0.758
2021-07-28T19:13:05.000,62.13,24.11,0.0,0.0,20.5,120764,76.06,-25.0,0.758
2021-07-28T19:14:06.000,62.22,24.89,0.0,0.0,20.5,120765,76.12,-26.0,0.758
2021-07-28T19:15:06.000,62.61,24.92,0.0,0.0,20.5,120766,76.18,-26.0,0.758
2021-07-28T19:16:06.000,62.64,24.4,0.0,0.0,20.5,120767,76.23,-26.0,0.758
2021-07-28T19:18:06.000,62.66,23.48,0.0,0.0,20.5,120769,76.32,-26.0,0.757
2021-07-28T19:19:07.000,62.65,24.17,0.0,0.0,20.5,120770,76.36,-27.0,0.757
2021-07-28T19:20:07.000,62.53,23.83,0.0,0.0,20.5,120771,76.4,-27.0,0.757
2021-07-28T19:29:09.000,61.71,23.94,0.0,0.0,20.5,120780,76.56,-29.0,0.757
2021-07-28T19:30:09.000,61.67,23.33,0.0,0.0,20.5,120781,76.56,-29.0,0.757
2021-07-28T19:31:10.000,61.55,23.81,0.0,0.0,20.5,120782,76.56,-29.0,0.757
2021-07-28T19:33:12.000,61.76,24.64,0.0,0.0,20.5,120784,76.54,-29.0,0.757
2021-07-28T19:34:12.000,62.01,24.33,0.0,0.0,20.5,120785,76.52,-30.0,0.757
2021-07-28T19:35:12.000,62.24,24.73,0.0,0.0,20.5,120786,76.5,-30.0,0.756
2021-07-28T19:42:14.000,62.92,23.22,0.0,0.0,20.5,120793,76.26,-31.0,0.756
2021-07-28T19:43:14.000,62.73,24.05,0.0,0.0,20.5,120794,76.21,-31.0,0.756
2021-07-28T19:44:14.000,62.42,23.18,0.0,0.0,20.5,120795,76.16,-31.0,0.756
2021-07-28T19:46:15.000,61.75,23.06,0.0,0.0,20.5,120797,76.05,-32.0,0.756
2021-07-28T19:47:15.000,61.6,23.87,0.0,0.0,20.5,120798,75.99,-32.0,0.756
2021-07-28T19:48:15.000,61.45,23.54,0.0,0.0,20.5,120799,75.92,-32.0,0.756
2021-07-28T19:50:15.000,61.36,23.57,0.0,0.0,20.5,120801,75.78,-33.0,0.756
2021-07-28T19:51:15.000,61.25,23.71,0.0,0.0,20.5,120802,75.7,-33.0,0.755
2021-07-28T19:52:15.000,61.17,23.47,0.0,0.0,20.5,120803,75.63,-33.0,0.755
2021-07-28T19:58:17.000,60.97,23.05,0.0,0.0,20.5,120809,75.09,-34.0,0.755
2021-07-28T20:03:17.000,61.3,24.17,0.0,0.0,20.5,120814,74.57,-35.0,0.755
2021-07-28T20:05:18.000,61.63,24.0,0.0,0.0,20.5,120816,74.34,-35.0,0.755
2021-07-28T20:07:18.000,61.65,23.43,0.0,0.0,20.5,120818,74.11,-36.0,0.755
2021-07-28T20:08:18.000,61.57,23.31,0.0,0.0,20.5,120819,73.99,-36.0,0.754
2021-07-28T20:09:18.000,61.47,23.69,0.0,0.0,20.5,120820,73.86,-36.0,0.754
2021-07-28T20:13:19.000,61.3,23.47,0.0,0.0,20.5,120824,73.35,-37.0,0.754
2021-07-28T20:14:19.000,61.25,23.15,0.0,0.0,20.5,120825,73.21,-37.0,0.754
2021-07-28T20:15:20.000,61.23,23.7,0.0,0.0,20.5,120826,73.07,-37.0,0.754
2021-07-28T20:21:21.000,61.61,22.97,0.0,0.0,20.5,120832,72.22,-38.0,0.754
2021-07-28T20:22:21.000,61.04,23.04,0.0,0.0,20.5,120833,72.07,-39.0,0.754
2021-07-28T20:23:21.000,61.44,23.59,0.0,0.0,20.5,120834,71.92,-39.0,0.754
2021-07-28T20:26:22.000,61.36,23.44,0.0,0.0,20.5,120837,71.46,-39.0,0.753
2021-07-28T20:27:23.000,61.49,23.51,0.0,0.0,20.5,120838,71.3,-39.0,0.753
2021-07-28T20:28:23.000,61.59,23.5,0.0,0.0,20.5,120839,71.15,-40.0,0.753
2021-07-28T20:32:24.000,62.17,23.96,0.0,0.0,20.5,120843,70.5,-40.0,0.753
2021-07-28T20:33:24.000,62.14,22.93,0.0,0.0,20.5,120844,70.34,-41.0,0.753
2021-07-28T20:34:25.000,62.03,23.39,0.0,0.0,20.5,120845,70.17,-41.0,0.753
2021-07-28T20:35:25.000,61.99,23.51,0.0,0.0,20.5,120846,70.01,-41.0,0.753
2021-07-28T20:37:25.000,62.3,24.35,0.0,0.0,20.5,120848,69.67,-41.0,0.753
2021-07-28T20:41:26.000,62.57,23.99,0.0,0.0,20.5,120852,68.99,-42.0,0.752
2021-07-28T20:43:27.000,62.6,23.44,0.0,0.0,20.5,120854,68.64,-42.0,0.752
2021-07-28T20:50:28.000,62.82,24.2,0.0,0.0,20.5,120861,67.4,-43.0,0.752
2021-07-28T20:53:29.000,63.36,24.65,0.0,0.0,20.5,120864,66.85,-44.0,0.752
2021-07-28T20:54:29.000,63.58,24.81,0.0,0.0,20.5,120865,66.67,-44.0,0.752
2021-07-28T20:55:30.000,63.67,24.35,0.0,0.0,20.5,120866,66.48,-44.0,0.752
2021-07-28T20:56:30.000,63.37,22.9,0.0,0.0,20.5,120867,66.3,-44.0,0.752
2021-07-28T20:57:31.000,63.12,23.96,0.0,0.0,20.5,120868,66.11,-45.0,0.751
2021-07-28T20:58:31.000,63.17,24.77,0.0,0.0,20.5,120869,65.92,-45.0,0.751
2021-07-28T21:02:32.000,62.85,23.8,0.0,0.0,20.5,120873,65.17,-45.0,0.751
2021-07-28T21:06:36.000,62.65,23.79,0.0,0.0,20.5,120877,64.4,-46.0,0.751
2021-07-28T21:07:36.000,62.35,23.12,0.0,0.0,20.5,120878,64.21,-46.0,0.751
2021-07-28T21:08:36.000,62.04,22.9,0.0,0.0,20.5,120879,64.02,-46.0,0.751
2021-07-28T21:11:36.000,61.49,24.13,0.0,0.0,20.5,120882,63.44,-47.0,0.751
2021-07-28T21:12:37.000,61.58,23.86,0.0,0.0,20.5,120883,63.24,-47.0,0.751
2021-07-28T21:13:37.000,61.64,23.95,0.0,0.0,20.5,120884,63.05,-47.0,0.751
2021-07-28T21:16:37.000,61.36,22.58,0.0,0.0,20.5,120887,62.47,-48.0,0.75
2021-07-28T21:17:37.000,60.92,22.71,0.0,0.0,20.5,120888,62.27,-48.0,0.75
2021-07-28T21:18:38.000,60.61,23.15,0.0,0.0,20.5,120889,62.07,-48.0,0.75
2021-07-28T21:25:39.000,51.93,19.35,0.0,0.0,20.5,120896,60.69,-49.0,0.75
2021-07-28T21:26:40.000,51.25,19.84,0.0,0.0,20.5,120897,60.49,-49.0,0.75
2021-07-28T21:27:41.000,50.69,20.01,0.0,0.0,20.5,120898,60.28,-49.0,0.75
2021-07-28T21:31:42.000,48.69,19.77,0.0,0.0,20.5,120902,59.48,-50.0,0.749
2021-07-28T21:32:43.000,48.23,19.81,0.0,0.0,20.5,120903,59.28,-50.0,0.749
2021-07-28T21:33:43.000,47.92,20.19,0.0,0.0,20.5,120904,59.08,-50.0,0.749
2021-07-28T21:35:43.000,47.39,20.44,0.0,0.0,20.5,120906,58.67,-51.0,0.749
2021-07-28T21:37:43.000,46.82,19.75,0.0,0.0,20.5,120908,58.27,-51.0,0.749
2021-07-28T21:40:49.000,45.99,20.0,0.0,0.0,20.5,120911,57.64,-51.0,0.749
2021-07-28T21:42:50.000,45.59,19.9,0.0,0.0,20.5,120913,57.23,-52.0,0.749
2021-07-28T21:43:50.000,45.46,20.33,0.0,0.0,20.5,120914,57.03,-52.0,0.749
2021-07-28T21:45:51.000,45.1,19.89,0.0,0.0,20.5,120916,56.62,-52.0,0.749
2021-07-28T21:46:51.000,45.01,20.32,0.0,0.0,20.5,120917,56.41,-52.0,0.748
2021-07-28T21:47:51.000,44.88,19.77,0.0,0.0,20.5,120918,56.21,-52.0,0.748
2021-07-28T21:48:51.000,44.7,20.06,0.0,0.0,20.5,120919,56.01,-52.0,0.748
2021-07-28T21:50:52.000,44.52,20.21,0.0,0.0,20.5,120921,55.59,-53.0,0.748
2021-07-28T21:51:52.000,44.46,20.59,0.0,0.0,20.5,120922,55.39,-53.0,0.748
2021-07-28T21:52:52.000,44.42,20.42,0.0,0.0,20.5,120923,55.18,-53.0,0.748
2021-07-28T21:53:53.000,44.29,20.33,0.0,0.0,20.5,120924,54.97,-53.0,0.748
2021-07-28T21:54:53.000,44.24,20.38,0.0,0.0,20.5,120925,54.77,-53.0,0.748
2021-07-28T21:57:54.000,44.14,20.68,0.0,0.0,20.5,120928,54.15,-54.0,0.748
2021-07-28T22:01:55.000,43.99,20.76,0.0,0.0,20.5,120932,53.32,-54.0,0.748
2021-07-28T22:02:55.000,43.91,20.78,0.0,0.0,20.5,120933,53.11,-54.0,0.748
2021-07-28T22:06:56.000,43.75,21.01,0.0,0.0,20.5,120937,52.28,-55.0,0.747
2021-07-28T22:07:57.000,43.7,20.82,0.0,0.0,20.5,120938,52.07,-55.0,0.747
2021-07-28T22:08:58.000,43.69,20.7,0.0,0.0,20.5,120939,51.85,-55.0,0.747
2021-07-28T22:10:58.000,43.62,21.09,0.0,0.0,20.5,120941,51.44,-55.0,0.747
2021-07-28T22:11:58.000,43.63,21.05,0.0,0.0,20.5,120942,51.23,-55.0,0.747
2021-07-28T22:12:58.000,43.58,20.74,0.0,0.0,20.5,120943,51.02,-55.0,0.747
2021-07-28T22:14:59.000,43.44,20.93,0.0,0.0,20.5,120945,50.6,-56.0,0.747
2021-07-28T22:15:59.000,43.4,20.77,0.0,0.0,20.5,120946,50.39,-56.0,0.747
2021-07-28T22:16:59.000,43.32,20.83,0.0,0.0,20.5,120947,50.18,-56.0,0.747
2021-07-28T22:17:59.000,43.39,21.45,0.0,0.0,20.5,120948,49.98,-56.0,0.747
2021-07-28T22:19:00.000,43.45,21.38,0.0,0.0,20.5,120949,49.76,-56.0,0.747
2021-07-28T22:26:01.000,43.87,21.74,0.0,0.0,20.5,120956,48.29,-57.0,0.746
2021-07-28T22:27:01.000,43.87,21.49,0.0,0.0,20.5,120957,48.09,-57.0,0.746
2021-07-28T22:28:02.000,43.96,22.03,0.0,0.0,20.5,120958,47.87,-57.0,0.746
2021-07-28T22:29:02.000,44.01,22.05,0.0,0.0,20.5,120959,47.66,-57.0,0.746
2021-07-28T22:33:03.000,44.29,21.85,0.0,0.0,20.5,120963,46.82,-57.0,0.746
2021-07-28T22:34:03.000,44.29,22.16,0.0,0.0,20.5,120964,46.61,-57.0,0.746
2021-07-28T22:35:03.000,44.39,22.61,0.0,0.0,20.5,120965,46.4,-57.0,0.746
2021-07-28T22:36:03.000,44.45,22.47,0.0,0.0,20.5,120966,46.19,-57.0,0.745
2021-07-28T22:37:03.000,44.53,22.51,0.0,0.0,20.5,120967,45.98,-58.0,0.745
2021-07-28T22:38:04.000,44.5,22.41,0.0,0.0,20.5,120968,45.76,-58.0,0.745
2021-07-28T22:41:04.000,44.56,22.51,0.0,0.0,20.5,120971,45.13,-58.0,0.745
2021-07-28T22:42:05.000,44.64,23.09,0.0,0.0,20.5,120972,44.92,-58.0,0.745
2021-07-28T22:43:05.000,44.76,23.08,0.0,0.0,20.5,120973,44.71,-58.0,0.745
2021-07-28T23:29:20.000,43.48,23.13,0.0,0.0,20.5,121019,34.93,-60.0,0.742
2021-07-28T23:30:20.000,43.4,23.23,0.0,0.0,20.5,121020,34.72,-60.0,0.742
2021-07-28T23:31:20.000,43.34,23.22,0.0,0.0,20.5,121021,34.51,-60.0,0.742
2021-07-28T23:33:21.000,43.22,22.84,0.0,0.0,20.5,121023,34.08,-60.0,0.742
2021-07-28T23:35:22.000,42.94,22.26,0.0,0.0,20.5,121025,33.66,-59.0,0.742
2021-07-28T23:36:21.000,42.69,22.05,0.0,0.0,20.5,121026,33.45,-59.0,0.742
2021-07-28T23:37:22.000,42.45,21.82,0.0,0.0,20.5,121027,33.23,-59.0,0.742
2021-07-28T23:39:22.000,42.07,21.74,0.0,0.0,20.5,121029,32.81,-59.0,0.742
2021-07-28T23:40:23.000,41.92,21.57,0.0,0.0,20.5,121030,32.6,-59.0,0.742
2021-07-28T23:41:23.000,41.78,21.48,0.0,0.0,20.5,121031,32.38,-59.0,0.742
2021-07-28T23:43:24.000,41.55,21.48,0.0,0.0,20.5,121033,31.96,-59.0,0.741
2021-07-28T23:44:24.000,41.43,21.28,0.0,0.0,20.5,121034,31.75,-59.0,0.741
2021-07-28T23:45:24.000,41.31,21.18,0.0,0.0,20.5,121035,31.54,-59.0,0.741
2021-07-28T23:46:25.000,41.2,21.06,0.0,0.0,20.5,121036,31.32,-59.0,0.741
2021-07-28T23:47:25.000,41.06,20.96,0.0,0.0,20.5,121037,31.11,-59.0,0.741
2021-07-28T23:49:26.000,40.86,20.9,0.0,0.0,20.5,121039,30.68,-59.0,0.741
2021-07-28T23:55:27.000,40.5,20.55,0.0,0.0,20.5,121045,29.41,-59.0,0.741
2021-07-28T23:56:27.000,40.41,20.35,0.0,0.0,20.5,121046,29.2,-59.0,0.741
2021-07-28T23:57:28.000,40.33,20.43,0.0,0.0,20.5,121047,28.99,-59.0,0.741
2021-07-29T00:04:30.000,40.02,20.6,0.0,0.0,20.5,121054,27.51,-58.0,0.74
2021-07-29T00:05:30.000,40.01,20.62,0.0,0.0,20.5,121055,27.3,-58.0,0.74
2021-07-29T00:06:30.000,39.98,20.47,0.0,0.0,20.5,121056,27.09,-58.0,0.74
2021-07-29T00:08:31.000,39.97,20.47,0.0,0.0,20.5,121058,26.66,-58.0,0.74
2021-07-29T00:11:31.000,39.92,20.44,0.0,0.0,20.5,121061,26.03,-58.0,0.74
2021-07-29T00:15:31.000,39.74,20.41,0.0,0.0,20.5,121065,25.19,-58.0,0.739
2021-07-29T00:20:32.000,39.63,20.24,0.0,0.0,20.5,121070,24.14,-57.0,0.739
2021-07-29T00:21:32.000,39.6,20.32,0.0,0.0,20.5,121071,23.93,-57.0,0.739
2021-07-29T00:22:32.000,39.62,20.25,0.0,0.0,20.5,121072,23.72,-57.0,0.739
2021-07-29T00:27:34.000,39.41,20.07,0.0,0.0,20.5,121077,22.67,-57.0,0.739
2021-07-29T00:28:34.000,39.38,19.96,0.0,0.0,20.5,121078,22.46,-57.0,0.739
2021-07-29T00:29:35.000,39.33,20.09,0.0,0.0,20.5,121079,22.24,-56.0,0.739
2021-07-29T00:32:36.000,39.25,19.85,0.0,0.0,20.5,121082,21.61,-56.0,0.738
