Downloads/jupyter/ECSV/stars19/stars19_2020-08.ecsv
# %ECSV 1.0
# ---
# datatype:
# - {name: time, datatype: string}
# - {name: Enclosure Temperature, unit: deg_C, datatype: float64}
# - {name: Sky Temperature, unit: deg_C, datatype: float64}
# - {name: Frequency, unit: Hz, datatype: float64}
# - {name: MSAS, unit: mag / arcsec2, datatype: float64}
# - {name: ZP, datatype: float64}
# - {name: Sequence Number, datatype: int64}
# - {name: Sun Alt, unit: deg, datatype: float64}
# - {name: Moon Alt, unit: deg, datatype: float64}
# - {name: Moon Illumination, datatype: float64}
# delimiter: ','
# meta: !!omap
# - ida:
#     Data supplier: {affiliation: null, observer: null}
#     Device type: TESS-W
#     Field of view: 17.0
#     Filters per channel: None
#     Instrument ID: stars19
#     License: ODbL 1.0 http://opendatacommons.org/licenses/odbl/summary/
#     Local timezone: America/Phoenix
#     Location name: {country: '- Tucson', place: Tucson, region: United States, sub_region: Arizona, town: Pima County}
#     Measurement direction per channel: {azimuth: 0.0, zenital: 0.0}
#     Moving / Fixed look direction: FIXED
#     Moving / Stationary position: STATIONARY
#     Number of channels: 1
#     Number of fields per line: 8
#     Number of header lines: 35
#     Position: {height: 0.0, latitude: 32.223877, longitude: -110.767532}
#     TESS MAC address: 18:FE:34:CF:EC:06
#     TESS cover offset value: 0.0
#     TESS firmware version: '1.0'
#     TESS zero point: 20.5
#     Time Synchronization: timestamp added by MQTT subscriber
#     URL: http://www.darksky.org/NSBM/sdf1.0.pdf
# - __serialized_columns__:
#     Enclosure Temperature:
#       __class__: astropy.units.quantity.Quantity
#       unit: &id001 !astropy.units.Unit {unit: deg_C}
#       value: !astropy.table.SerializedColumn {name: Enclosure Temperature}
#     Frequency:
#       __class__: astropy.units.quantity.Quantity
#       unit: !astropy.units.Unit {unit: Hz}
#       value: !astropy.table.SerializedColumn {name: Frequency}
#     MSAS:
#       __class__: astropy.units.quantity.Quantity
#       unit: !astropy.units.Unit {unit: mag / arcsec2}
#       value: !astropy.table.SerializedColumn {name: MSAS}
#     Moon Alt:
#       __class__: astropy.units.quantity.Quantity
#       unit: &id002 !astropy.units.Unit {unit: deg}
#       value: !astropy.table.SerializedColumn {name: Moon Alt}
#     Sky Temperature:
#       __class__: astropy.units.quantity.Quantity
#       unit: *id001
#       value: !astropy.table.SerializedColumn {name: Sky Temperature}
#     Sun Alt:
#       __class__: astropy.units.quantity.Quantity
#       unit: *id002
#       value: !astropy.table.SerializedColumn {name: Sun Alt}
#     time:
#       __class__: astropy.time.core.Time
#       format: isot
#       in_subfmt: '*'
#       out_subfmt: '*'
#       precision: 3
#       scale: utc
#       value: !astropy.table.SerializedColumn {name: time}
# schema: astropy-2.0
time,Enclosure Temperature,Sky Temperature,Frequency,MSAS,ZP,Sequence Number,Sun Alt,Moon Alt,Moon Illumination
[from data line 3607]
2020-08-05T14:31:48.000,32.5,12.76,0.0,0.0,20.5,145600,21.88,-2.0,0.96
2020-08-05T14:33:49.000,32.57,12.79,0.0,0.0,20.5,145602,22.3,-2.0,0.96
2020-08-05T14:34:49.000,32.62,12.94,0.0,0.0,20.5,145603,22.51,-2.0,0.96
2020-08-05T14:35:50.000,32.68,12.98,0.0,0.0,20.5,145604,22.73,-2.0,0.96
2020-08-05T14:49:55.000,33.54,14.07,0.0,0.0,20.5,145618,25.69,-5.0,0.96
2020-08-05T14:50:55.000,33.62,14.24,0.0,0.0,20.5,145619,25.9,-5.0,0.96
2020-08-05T14:51:55.000,33.72,14.46,0.0,0.0,20.5,145620,26.11,-5.0,0.959
2020-08-05T14:56:56.000,34.14,14.88,0.0,0.0,20.5,145625,27.17,-6.0,0.959
2020-08-05T14:58:57.000,34.38,15.09,0.0,0.0,20.5,145627,27.6,-7.0,0.959
2020-08-05T14:59:57.000,34.46,15.13,0.0,0.0,20.5,145628,27.81,-7.0,0.959
2020-08-05T15:00:57.000,34.53,15.26,0.0,0.0,20.5,145629,28.02,-7.0,0.959
2020-08-05T15:11:59.000,35.62,16.43,0.0,0.0,20.5,145640,30.35,-9.0,0.959
2020-08-05T15:12:59.000,35.73,16.55,0.0,0.0,20.5,145641,30.56,-10.0,0.959
2020-08-05T15:13:59.000,35.88,16.76,0.0,0.0,20.5,145642,30.77,-10.0,0.959
2020-08-05T15:16:00.000,36.17,16.96,0.0,0.0,20.5,145644,31.2,-10.0,0.959
2020-08-05T15:17:00.000,36.27,16.98,0.0,0.0,20.5,145645,31.41,-10.0,0.959
2020-08-05T15:18:01.000,36.44,17.31,0.0,0.0,20.5,145646,31.63,-11.0,0.959
2020-08-05T15:19:01.000,36.59,17.23,0.0,0.0,20.5,145647,31.84,-11.0,0.959
2020-08-05T15:20:01.000,36.74,17.48,0.0,0.0,20.5,145648,32.05,-11.0,0.959
2020-08-05T15:22:02.000,36.8,17.12,0.0,0.0,20.5,145650,32.48,-11.0,0.959
2020-08-05T15:23:02.000,36.89,17.55,0.0,0.0,20.5,145651,32.69,-12.0,0.959
2020-08-05T15:24:03.000,37.1,17.85,0.0,0.0,20.5,145652,32.9,-12.0,0.959
2020-08-05T15:30:04.000,38.2,18.5,0.0,0.0,20.5,145658,34.17,-13.0,0.958
2020-08-05T15:31:04.000,38.34,18.33,0.0,0.0,20.5,145659,34.39,-13.0,0.958
2020-08-05T15:32:05.000,38.5,18.48,0.0,0.0,20.5,145660,34.6,-13.0,0.958
2020-08-05T15:35:05.000,38.88,18.62,0.0,0.0,20.5,145663,35.24,-14.0,0.958
2020-08-05T15:39:06.000,39.45,19.0,0.0,0.0,20.5,145667,36.08,-15.0,0.958
2020-08-05T15:41:07.000,39.86,19.33,0.0,0.0,20.5,145669,36.51,-15.0,0.958
2020-08-05T15:42:07.000,40.08,19.41,0.0,0.0,20.5,145670,36.72,-15.0,0.958
2020-08-05T15:46:09.000,40.67,19.38,0.0,0.0,20.5,145674,37.57,-16.0,0.958
2020-08-05T15:47:09.000,40.78,19.7,0.0,0.0,20.5,145675,37.78,-17.0,0.958
2020-08-05T15:48:09.000,41.24,20.76,0.0,0.0,20.5,145676,37.99,-17.0,0.958
2020-08-05T15:58:11.000,49.75,23.32,0.0,0.0,20.5,145686,40.11,-19.0,0.958
2020-08-05T15:59:11.000,50.16,23.39,0.0,0.0,20.5,145687,40.32,-19.0,0.958
2020-08-05T16:00:12.000,50.61,23.42,0.0,0.0,20.5,145688,40.53,-19.0,0.958
2020-08-05T16:03:12.000,51.92,24.01,0.0,0.0,20.5,145691,41.17,-20.0,0.958
2020-08-05T16:09:13.000,53.62,24.27,0.0,0.0,20.5,145697,42.43,-21.0,0.957
2020-08-05T16:10:13.000,53.92,24.49,0.0,0.0,20.5,145698,42.64,-21.0,0.957
2020-08-05T16:11:14.000,54.21,24.27,0.0,0.0,20.5,145699,42.85,-21.0,0.957
2020-08-05T16:13:14.000,54.51,23.99,0.0,0.0,20.5,145701,43.27,-22.0,0.957
2020-08-05T16:14:14.000,54.75,24.71,0.0,0.0,20.5,145702,43.48,-22.0,0.957
2020-08-05T16:15:14.000,55.02,24.75,0.0,0.0,20.5,145703,43.69,-22.0,0.957
2020-08-05T16:17:15.000,55.3,24.31,0.0,0.0,20.5,145705,44.12,-23.0,0.957
2020-08-05T16:18:15.000,55.54,24.91,0.0,0.0,20.5,145706,44.33,-23.0,0.957
2020-08-05T16:19:15.000,55.75,24.7,0.0,0.0,20.5,145707,44.53,-23.0,0.957
2020-08-05T16:20:15.000,55.75,24.56,0.0,0.0,20.5,145708,44.74,-23.0,0.957
2020-08-05T16:21:15.000,55.81,24.73,0.0,0.0,20.5,145709,44.95,-23.0,0.957
2020-08-05T16:23:15.000,56.31,25.66,0.0,0.0,20.5,145711,45.37,-24.0,0.957
2020-08-05T16:24:15.000,56.53,25.49,0.0,0.0,20.5,145712,45.58,-24.0,0.957
2020-08-05T16:25:15.000,56.65,25.44,0.0,0.0,20.5,145713,45.79,-24.0,0.957
2020-08-05T16:29:16.000,56.81,24.77,0.0,0.0,20.5,145717,46.63,-25.0,0.957
2020-08-05T16:30:16.000,56.89,25.28,0.0,0.0,20.5,145718,46.83,-25.0,0.957
2020-08-05T16:31:16.000,57.21,26.0,0.0,0.0,20.5,145719,47.04,-25.0,0.957
2020-08-05T16:42:19.000,56.74,25.79,0.0,0.0,20.5,145730,49.33,-28.0,0.956
2020-08-05T16:44:20.000,57.51,26.08,0.0,0.0,20.5,145732,49.75,-28.0,0.956
2020-08-05T16:45:21.000,57.67,25.21,0.0,0.0,20.5,145733,49.96,-28.0,0.956
2020-08-05T16:46:21.000,57.79,25.61,0.0,0.0,20.5,145734,50.17,-28.0,0.956
2020-08-05T17:04:24.000,61.35,29.86,0.0,0.0,20.5,145752,53.85,-32.0,0.956
2020-08-05T17:05:24.000,61.84,30.37,0.0,0.0,20.5,145753,54.06,-32.0,0.956
2020-08-05T17:06:25.000,62.29,30.79,0.0,0.0,20.5,145754,54.26,-33.0,0.956
2020-08-05T17:08:26.000,62.34,30.08,0.0,0.0,20.5,145756,54.67,-33.0,0.956
2020-08-05T17:09:26.000,62.03,29.6,0.0,0.0,20.5,145757,54.87,-33.0,0.956
2020-08-05T17:10:26.000,61.96,30.63,0.0,0.0,20.5,145758,55.07,-33.0,0.956
2020-08-05T17:15:27.000,60.83,30.01,0.0,0.0,20.5,145763,56.08,-34.0,0.956
2020-08-05T17:16:28.000,61.13,31.1,0.0,0.0,20.5,145764,56.28,-35.0,0.956
2020-08-05T17:17:28.000,61.38,30.15,0.0,0.0,20.5,145765,56.48,-35.0,0.955
2020-08-05T17:19:28.000,61.08,29.59,0.0,0.0,20.5,145767,56.88,-35.0,0.955
2020-08-05T17:20:28.000,60.59,27.3,0.0,0.0,20.5,145768,57.07,-35.0,0.955
2020-08-05T17:21:29.000,59.75,26.6,0.0,0.0,20.5,145769,57.28,-36.0,0.955
2020-08-05T17:28:30.000,56.26,25.38,0.0,0.0,20.5,145776,58.66,-37.0,0.955
2020-08-05T17:29:30.000,55.82,25.23,0.0,0.0,20.5,145777,58.85,-37.0,0.955
2020-08-05T17:30:30.000,55.74,26.1,0.0,0.0,20.5,145778,59.05,-37.0,0.955
2020-08-05T17:33:30.000,56.69,26.25,0.0,0.0,20.5,145781,59.63,-38.0,0.955
2020-08-05T17:38:31.000,56.24,26.48,0.0,0.0,20.5,145786,60.59,-39.0,0.955
2020-08-05T17:40:32.000,56.85,26.31,0.0,0.0,20.5,145788,60.98,-39.0,0.955
2020-08-05T17:41:32.000,57.08,26.13,0.0,0.0,20.5,145789,61.17,-40.0,0.955
2020-08-05T17:42:32.000,57.67,27.57,0.0,0.0,20.5,145790,61.36,-40.0,0.955
2020-08-05T18:02:35.000,62.83,27.01,0.0,0.0,20.5,145810,65.03,-44.0,0.954
2020-08-05T18:03:36.000,62.94,26.68,0.0,0.0,20.5,145811,65.21,-44.0,0.954
2020-08-05T18:04:36.000,63.04,27.15,0.0,0.0,20.5,145812,65.39,-44.0,0.954
2020-08-05T18:06:36.000,63.05,27.45,0.0,0.0,20.5,145814,65.74,-44.0,0.954
2020-08-05T18:07:36.000,63.23,27.82,0.0,0.0,20.5,145815,65.91,-45.0,0.954
2020-08-05T18:08:36.000,63.46,28.42,0.0,0.0,20.5,145816,66.08,-45.0,0.954
2020-08-05T18:28:40.000,65.44,27.4,0.0,0.0,20.5,145836,69.32,-49.0,0.953
2020-08-05T18:29:40.000,65.13,26.59,0.0,0.0,20.5,145837,69.46,-49.0,0.953
2020-08-05T18:30:41.000,64.97,26.7,0.0,0.0,20.5,145838,69.61,-49.0,0.953
2020-08-05T18:32:41.000,65.01,27.35,0.0,0.0,20.5,145840,69.9,-50.0,0.953
2020-08-05T18:33:41.000,64.93,26.25,0.0,0.0,20.5,145841,70.05,-50.0,0.953
2020-08-05T18:34:41.000,64.68,26.24,0.0,0.0,20.5,145842,70.19,-50.0,0.953
2020-08-05T18:58:46.000,65.07,26.85,0.0,0.0,20.5,145866,73.02,-54.0,0.953
2020-08-05T18:59:46.000,65.14,26.8,0.0,0.0,20.5,145867,73.11,-55.0,0.953
2020-08-05T19:00:46.000,64.95,26.42,0.0,0.0,20.5,145868,73.19,-55.0,0.953
2020-08-05T19:02:47.000,64.61,25.0,0.0,0.0,20.5,145870,73.36,-55.0,0.952
2020-08-05T19:12:48.000,65.52,26.59,0.0,0.0,20.5,145880,74.03,-57.0,0.952
2020-08-05T19:13:49.000,65.42,26.57,0.0,0.0,20.5,145881,74.08,-57.0,0.952
2020-08-05T19:14:49.000,65.42,26.63,0.0,0.0,20.5,145882,74.13,-57.0,0.952
2020-08-05T19:26:53.000,64.63,26.28,0.0,0.0,20.5,145894,74.45,-59.0,0.952
2020-08-05T19:27:53.000,64.85,26.12,0.0,0.0,20.5,145895,74.45,-59.0,0.952
2020-08-05T19:28:53.000,64.78,25.31,0.0,0.0,20.5,145896,74.45,-60.0,0.952
2020-08-05T19:30:54.000,64.78,25.88,0.0,0.0,20.5,145898,74.45,-60.0,0.952
2020-08-05T19:31:54.000,64.88,25.32,0.0,0.0,20.5,145899,74.44,-60.0,0.952
2020-08-05T19:32:54.000,64.89,25.24,0.0,0.0,20.5,145900,74.43,-60.0,0.952
2020-08-05T19:48:56.000,64.44,25.31,0.0,0.0,20.5,145916,73.81,-63.0,0.951
2020-08-05T19:49:57.000,64.69,25.12,0.0,0.0,20.5,145917,73.74,-63.0,0.951
2020-08-05T19:50:57.000,64.85,24.75,0.0,0.0,20.5,145918,73.67,-63.0,0.951
2020-08-05T19:53:57.000,65.06,23.9,0.0,0.0,20.5,145921,73.45,-64.0,0.951
2020-08-05T19:55:58.000,64.35,23.48,0.0,0.0,20.5,145923,73.29,-64.0,0.951
2020-08-05T19:56:59.000,64.01,23.45,0.0,0.0,20.5,145924,73.21,-64.0,0.951
2020-08-05T19:57:59.000,63.71,23.81,0.0,0.0,20.5,145925,73.12,-64.0,0.951
2020-08-05T20:10:02.000,63.55,25.13,0.0,0.0,20.5,145937,71.88,-66.0,0.951
2020-08-05T20:11:17.000,63.7,24.73,0.0,0.0,20.5,145938,71.73,-66.0,0.95
2020-08-05T20:12:17.000,63.81,25.04,0.0,0.0,20.5,145939,71.61,-66.0,0.95
2020-08-05T20:16:19.000,63.88,23.8,0.0,0.0,20.5,145943,71.11,-67.0,0.95
2020-08-05T20:17:19.000,63.93,24.33,0.0,0.0,20.5,145944,70.98,-67.0,0.95
2020-08-05T20:18:19.000,64.13,24.54,0.0,0.0,20.5,145945,70.85,-67.0,0.95
2020-08-05T20:23:20.000,63.47,22.74,0.0,0.0,20.5,145950,70.17,-67.0,0.95
2020-08-05T20:24:21.000,63.36,23.7,0.0,0.0,20.5,145951,70.02,-68.0,0.95
2020-08-05T20:25:21.000,63.36,23.49,0.0,0.0,20.5,145952,69.88,-68.0,0.95
2020-08-05T20:27:26.000,62.77,23.1,0.0,0.0,20.5,145954,69.58,-68.0,0.95
2020-08-05T20:28:27.000,62.54,22.66,0.0,0.0,20.5,145955,69.43,-68.0,0.95
2020-08-05T20:29:27.000,62.01,21.96,0.0,0.0,20.5,145956,69.28,-68.0,0.95
2020-08-05T20:40:36.000,63.12,24.68,0.0,0.0,20.5,145967,67.53,-69.0,0.95
2020-08-05T20:41:36.000,63.55,24.92,0.0,0.0,20.5,145968,67.37,-69.0,0.95
2020-08-05T20:42:36.000,63.78,24.04,0.0,0.0,20.5,145969,67.2,-69.0,0.95
2020-08-05T20:44:41.000,63.85,23.73,0.0,0.0,20.5,145971,66.86,-69.0,0.949
2020-08-05T20:45:42.000,63.84,24.2,0.0,0.0,20.5,145972,66.69,-69.0,0.949
2020-08-05T20:46:42.000,63.99,23.94,0.0,0.0,20.5,145973,66.52,-70.0,0.949
2020-08-05T20:48:48.000,64.3,24.81,0.0,0.0,20.5,145975,66.16,-70.0,0.949
2020-08-05T20:49:49.000,64.37,24.86,0.0,0.0,20.5,145976,65.99,-70.0,0.949
2020-08-05T20:50:49.000,64.32,24.58,0.0,0.0,20.5,145977,65.81,-70.0,0.949
2020-08-05T20:58:53.000,64.55,25.25,0.0,0.0,20.5,145985,64.39,-70.0,0.949
2020-08-05T20:59:53.000,64.7,25.38,0.0,0.0,20.5,145986,64.21,-70.0,0.949
2020-08-05T21:00:53.000,64.74,24.69,0.0,0.0,20.5,145987,64.03,-70.0,0.949
2020-08-05T21:02:53.000,64.63,25.5,0.0,0.0,20.5,145989,63.67,-70.0,0.949
2020-08-05T21:03:54.000,64.77,24.33,0.0,0.0,20.5,145990,63.48,-70.0,0.949
2020-08-05T21:04:54.000,64.64,24.21,0.0,0.0,20.5,145991,63.3,-70.0,0.949
2020-08-05T21:06:54.000,63.91,24.01,0.0,0.0,20.5,145993,62.93,-70.0,0.949
2020-08-05T21:07:55.000,64.04,24.66,0.0,0.0,20.5,145994,62.74,-70.0,0.949
2020-08-05T21:08:55.000,64.17,24.78,0.0,0.0,20.5,145995,62.56,-70.0,0.949
2020-08-05T21:10:56.000,64.48,25.23,0.0,0.0,20.5,145997,62.18,-70.0,0.949
2020-08-05T21:11:56.000,64.65,24.84,0.0,0.0,20.5,145998,62.0,-70.0,0.949
2020-08-05T21:12:56.000,64.56,24.46,0.0,0.0,20.5,145999,61.81,-70.0,0.949
2020-08-05T21:15:57.000,64.65,24.97,0.0,0.0,20.5,146002,61.24,-70.0,0.949
2020-08-05T21:16:57.000,64.58,24.66,0.0,0.0,20.5,146003,61.05,-70.0,0.949
2020-08-05T21:17:57.000,64.31,24.1,0.0,0.0,20.5,146004,60.86,-70.0,0.948
2020-08-05T21:20:06.000,63.91,24.65,0.0,0.0,20.5,146006,60.45,-70.0,0.948
2020-08-05T21:21:06.000,63.74,24.32,0.0,0.0,20.5,146007,60.26,-70.0,0.948
2020-08-05T21:22:06.000,63.51,24.63,0.0,0.0,20.5,146008,60.06,-70.0,0.948
2020-08-05T21:32:08.000,52.45,21.0,0.0,0.0,20.5,146018,58.11,-70.0,0.948
2020-08-05T21:33:08.000,52.11,20.76,0.0,0.0,20.5,146019,57.91,-70.0,0.948
2020-08-05T21:34:08.000,51.69,20.64,0.0,0.0,20.5,146020,57.72,-70.0,0.948
2020-08-05T21:41:09.000,49.29,21.87,0.0,0.0,20.5,146027,56.33,-70.0,0.948
2020-08-05T21:42:09.000,48.98,20.98,0.0,0.0,20.5,146028,56.13,-70.0,0.948
2020-08-05T21:43:10.000,48.63,21.54,0.0,0.0,20.5,146029,55.92,-70.0,0.948
2020-08-05T21:44:10.000,48.56,22.39,0.0,0.0,20.5,146030,55.72,-69.0,0.948
2020-08-05T21:45:10.000,48.45,21.67,0.0,0.0,20.5,146031,55.52,-69.0,0.948
2020-08-05T21:46:10.000,48.32,22.18,0.0,0.0,20.5,146032,55.32,-69.0,0.948
2020-08-05T21:48:11.000,48.39,22.45,0.0,0.0,20.5,146034,54.92,-69.0,0.948
2020-08-05T21:49:11.000,48.37,22.17,0.0,0.0,20.5,146035,54.72,-69.0,0.948
2020-08-05T21:50:11.000,48.36,22.44,0.0,0.0,20.5,146036,54.51,-69.0,0.948
2020-08-05T21:54:12.000,48.59,22.95,0.0,0.0,20.5,146040,53.7,-69.0,0.947
2020-08-05T21:55:12.000,48.59,22.96,0.0,0.0,20.5,146041,53.5,-69.0,0.947
2020-08-05T21:56:12.000,48.56,22.57,0.0,0.0,20.5,146042,53.3,-69.0,0.947
2020-08-05T21:58:13.000,48.52,23.01,0.0,0.0,20.5,146044,52.88,-68.0,0.947
2020-08-05T22:00:13.000,48.81,23.89,0.0,0.0,20.5,146046,52.48,-68.0,0.947
2020-08-05T22:01:13.000,48.97,23.71,0.0,0.0,20.5,146047,52.27,-68.0,0.947
2020-08-05T22:02:14.000,49.06,23.76,0.0,0.0,20.5,146048,52.07,-68.0,0.947
2020-08-05T22:04:15.000,48.9,22.66,0.0,0.0,20.5,146050,51.65,-68.0,0.947
2020-08-05T22:05:15.000,48.77,22.8,0.0,0.0,20.5,146051,51.45,-68.0,0.947
2020-08-05T22:06:15.000,48.69,23.16,0.0,0.0,20.5,146052,51.24,-67.0,0.947
2020-08-05T22:08:15.000,48.48,23.02,0.0,0.0,20.5,146054,50.83,-67.0,0.947
2020-08-05T22:09:16.000,48.41,23.0,0.0,0.0,20.5,146055,50.62,-67.0,0.947
2020-08-05T22:10:16.000,48.3,23.27,0.0,0.0,20.5,146056,50.42,-67.0,0.947
2020-08-05T22:11:16.000,48.2,23.75,0.0,0.0,20.5,146057,50.21,-67.0,0.947
2020-08-05T22:12:16.000,48.24,24.19,0.0,0.0,20.5,146058,50.0,-67.0,0.947
2020-08-05T22:14:16.000,48.15,23.26,0.0,0.0,20.5,146060,49.59,-67.0,0.947
2020-08-05T22:15:16.000,48.05,23.3,0.0,0.0,20.5,146061,49.39,-66.0,0.947
2020-08-05T22:16:17.000,47.96,22.99,0.0,0.0,20.5,146062,49.18,-66.0,0.947
2020-08-05T22:17:17.000,47.88,23.28,0.0,0.0,20.5,146063,48.97,-66.0,0.947
2020-08-05T22:19:17.000,47.87,23.23,0.0,0.0,20.5,146065,48.55,-66.0,0.947
2020-08-05T22:20:18.000,47.73,23.02,0.0,0.0,20.5,146066,48.34,-66.0,0.947
2020-08-05T22:21:18.000,47.52,23.23,0.0,0.0,20.5,146067,48.14,-66.0,0.947
2020-08-05T22:33:20.000,46.64,24.3,0.0,0.0,20.5,146079,45.63,-64.0,0.946
2020-08-05T22:34:21.000,46.53,24.4,0.0,0.0,20.5,146080,45.42,-64.0,0.946
2020-08-05T22:35:21.000,46.48,24.49,0.0,0.0,20.5,146081,45.21,-64.0,0.946
2020-08-05T22:37:21.000,46.41,24.06,0.0,0.0,20.5,146083,44.79,-63.0,0.946
2020-08-05T22:38:21.000,46.34,24.15,0.0,0.0,20.5,146084,44.58,-63.0,0.946
2020-08-05T22:39:22.000,46.33,24.41,0.0,0.0,20.5,146085,44.37,-63.0,0.946
2020-08-05T22:42:22.000,46.18,24.96,0.0,0.0,20.5,146088,43.74,-63.0,0.946
2020-08-05T22:43:22.000,46.21,25.0,0.0,0.0,20.5,146089,43.53,-63.0,0.946
2020-08-05T22:44:22.000,46.19,24.75,0.0,0.0,20.5,146090,43.32,-62.0,0.946
2020-08-05T22:46:22.000,46.2,25.52,0.0,0.0,20.5,146092,42.9,-62.0,0.946
2020-08-05T22:57:23.000,47.09,24.99,0.0,0.0,20.5,146103,40.58,-60.0,0.945
2020-08-05T22:59:24.000,47.34,25.64,0.0,0.0,20.5,146105,40.16,-60.0,0.945
2020-08-05T23:05:24.000,47.46,25.48,0.0,0.0,20.5,146111,38.89,-59.0,0.945
2020-08-05T23:07:24.000,47.6,25.55,0.0,0.0,20.5,146113,38.47,-59.0,0.945
2020-08-05T23:09:24.000,47.39,24.68,0.0,0.0,20.5,146115,38.05,-58.0,0.945
2020-08-05T23:12:24.000,47.02,23.34,0.0,0.0,20.5,146118,37.41,-58.0,0.945
2020-08-05T23:13:25.000,46.87,22.98,0.0,0.0,20.5,146119,37.2,-58.0,0.945
2020-08-05T23:17:25.000,46.27,22.35,0.0,0.0,20.5,146123,36.35,-57.0,0.945
2020-08-05T23:24:26.000,46.01,23.02,0.0,0.0,20.5,146130,34.87,-56.0,0.945
2020-08-05T23:25:26.000,46.1,23.18,0.0,0.0,20.5,146131,34.66,-55.0,0.945
2020-08-05T23:26:26.000,46.2,23.62,0.0,0.0,20.5,146132,34.45,-55.0,0.945
2020-08-05T23:37:29.000,47.22,23.9,0.0,0.0,20.5,146143,32.11,-53.0,0.944
2020-08-05T23:38:28.000,47.22,23.7,0.0,0.0,20.5,146144,31.9,-53.0,0.944
2020-08-05T23:39:29.000,47.24,23.28,0.0,0.0,20.5,146145,31.69,-53.0,0.944
2020-08-05T23:41:30.000,47.07,22.91,0.0,0.0,20.5,146147,31.26,-52.0,0.944
2020-08-05T23:51:31.000,46.76,23.61,0.0,0.0,20.5,146157,29.14,-51.0,0.944
2020-08-05T23:53:32.000,46.71,22.88,0.0,0.0,20.5,146159,28.71,-50.0,0.944
2020-08-05T23:54:32.000,46.59,22.6,0.0,0.0,20.5,146160,28.5,-50.0,0.944
2020-08-05T23:55:32.000,46.46,22.55,0.0,0.0,20.5,146161,28.29,-50.0,0.944
2020-08-06T00:07:35.000,45.73,22.2,0.0,0.0,20.5,146173,25.75,-47.0,0.943
2020-08-06T00:08:36.000,45.75,22.14,0.0,0.0,20.5,146174,25.53,-47.0,0.943
2020-08-06T00:09:36.000,45.74,22.05,0.0,0.0,20.5,146175,25.32,-47.0,0.943
2020-08-06T00:11:36.000,45.79,22.1,0.0,0.0,20.5,146177,24.9,-47.0,0.943
2020-08-06T00:12:36.000,45.48,20.49,0.0,0.0,20.5,146178,24.69,-46.0,0.943
2020-08-06T00:13:36.000,45.4,21.26,0.0,0.0,20.5,146179,24.48,-46.0,0.943
