Downloads/jupyter/ECSV/stars19/stars19_2019-09.ecsv
# %ECSV 1.0
# ---
# datatype:
# - {name: time, datatype: string}
# - {name: Enclosure Temperature, unit: deg_C, datatype: float64}
# - {name: Sky Temperature, unit: deg_C, datatype: float64}
# - {name: Frequency, unit: Hz, datatype: float64}
# - {name: MSAS, unit: mag / arcsec2, datatype: float64}
# - {name: ZP, datatype: float64}
# - {name: Sequence Number, datatype: int64}
# - {name: Sun Alt, unit: deg, datatype: float64}
# - {name: Moon Alt, unit: deg, datatype: float64}
# - {name: Moon Illumination, datatype: float64}
# delimiter: ','
# meta: !!omap
# - ida:
#     Data supplier: {affiliation: null, observer: null}
#     Device type: TESS-W
#     Field of view: 17.0
#     Filters per channel: None
#     Instrument ID: stars19
#     License: ODbL 1.0 http://opendatacommons.org/licenses/odbl/summary/
#     Local timezone: America/Phoenix
#     Location name: {country: '- Tucson', place: Tucson, region: United States, sub_region: Arizona, town: Pima County}
#     Measurement direction per channel: {azimuth: 0.0, zenital: 0.0}
#     Moving / Fixed look direction: FIXED
#     Moving / Stationary position: STATIONARY
#     Number of channels: 1
#     Number of fields per line: 8
#     Number of header lines: 35
#     Position: {height: 0.0, latitude: 32.223877, longitude: -110.767532}
#     TESS MAC address: 18:FE:34:CF:EC:06
#     TESS cover offset value: 0.0
#     TESS firmware version: '1.0'
#     TESS zero point: 20.5
#     Time Synchronization: timestamp added by MQTT subscriber
#     URL: http://www.darksky.org/NSBM/sdf1.0.pdf
# - __serialized_columns__:
#     Enclosure Temperature:
#       __class__: astropy.units.quantity.Quantity
#       unit: &id001 !astropy.units.Unit {unit: deg_C}
#       value: !astropy.table.SerializedColumn {name: Enclosure Temperature}
#     Frequency:
#       __class__: astropy.units.quantity.Quantity
#       unit: !astropy.units.Unit {unit: Hz}
#       value: !astropy.table.SerializedColumn {name: Frequency}
#     MSAS:
#       __class__: astropy.units.quantity.Quantity
#       unit: !astropy.units.Unit {unit: mag / arcsec2}
#       value: !astropy.table.SerializedColumn {name: MSAS}
#     Moon Alt:
#       __class__: astropy.units.quantity.Quantity
#       unit: &id002 !astropy.units.Unit {unit: deg}
#       value: !astropy.table.SerializedColumn {name: Moon Alt}
#     Sky Temperature:
#       __class__: astropy.units.quantity.Quantity
#       unit: *id001
#       value: !astropy.table.SerializedColumn {name: Sky Temperature}
#     Sun Alt:
#       __class__: astropy.units.quantity.Quantity
#       unit: *id002
#       value: !astropy.table.SerializedColumn {name: Sun Alt}
#     time:
#       __class__: astropy.time.core.Time
#       format: isot
#       in_subfmt: '*'
#       out_subfmt: '*'
#       precision: 3
#       scale: utc
#       value: !astropy.table.SerializedColumn {name: time}
# schema: astropy-2.0
time,Enclosure Temperature,Sky Temperature,Frequency,MSAS,ZP,Sequence Number,Sun Alt,Moon Alt,Moon Illumination
[from data line 14849]
2019-09-20T09:38:13.000,23.36,0.23,5.53,18.52,20.5,83646,-42.76,57.0,0.676
2019-09-20T09:39:15.000,23.32,0.18,5.73,18.48,20.5,83647,-42.58,57.0,0.676
2019-09-20T09:40:16.000,23.22,0.0,5.81,18.47,20.5,83648,-42.41,58.0,0.676
2019-09-20T09:41:16.000,23.16,-0.16,5.9,18.45,20.5,83649,-42.24,58.0,0.676
2019-09-20T09:42:19.000,23.02,-0.37,5.98,18.44,20.5,83650,-42.07,58.0,0.676
2019-09-20T09:43:19.000,22.93,-0.37,6.08,18.42,20.5,83651,-41.9,58.0,0.675
2019-09-20T09:44:19.000,22.83,-0.3,6.17,18.4,20.5,83652,-41.73,58.0,0.675
2019-09-20T09:45:19.000,22.82,0.03,6.28,18.39,20.5,83653,-41.56,59.0,0.675
2019-09-20T09:46:20.000,22.87,0.31,6.32,18.38,20.5,83654,-41.38,59.0,0.675
2019-09-20T09:47:20.000,22.91,0.28,6.4,18.36,20.5,83655,-41.21,59.0,0.675
2019-09-20T09:48:20.000,22.94,0.44,6.49,18.35,20.5,83656,-41.04,59.0,0.675
2019-09-20T09:49:21.000,22.98,0.39,6.57,18.34,20.5,83657,-40.87,59.0,0.675
2019-09-20T09:50:21.000,23.0,0.28,6.72,18.31,20.5,83658,-40.69,60.0,0.675
2019-09-20T09:51:21.000,23.0,0.07,6.75,18.31,20.5,83659,-40.52,60.0,0.675
2019-09-20T09:52:21.000,22.99,-0.22,6.81,18.3,20.5,83660,-40.35,60.0,0.675
2019-09-20T09:53:21.000,22.95,-0.53,6.76,18.3,20.5,83661,-40.17,60.0,0.675
2019-09-20T09:54:22.000,22.9,-0.17,6.76,18.31,20.5,83662,-39.99,60.0,0.675
2019-09-20T09:55:22.000,22.87,-0.4,6.68,18.32,20.5,83663,-39.82,60.0,0.675
2019-09-20T09:56:22.000,22.81,-0.24,6.66,18.32,20.5,83664,-39.64,61.0,0.675
2019-09-20T09:57:22.000,22.85,-0.09,6.75,18.31,20.5,83665,-39.47,61.0,0.675
2019-09-20T09:58:23.000,22.86,-0.1,6.94,18.28,20.5,83666,-39.29,61.0,0.674
2019-09-20T10:04:24.000,22.83,-0.41,7.3,18.22,20.5,83672,-38.21,62.0,0.674
2019-09-20T10:05:24.000,22.82,-0.34,7.46,18.2,20.5,83673,-38.03,62.0,0.674
2019-09-20T10:06:24.000,22.79,-0.19,7.7,18.16,20.5,83674,-37.85,63.0,0.674
2019-09-20T10:07:25.000,22.81,-0.05,7.83,18.15,20.5,83675,-37.67,63.0,0.674
2019-09-20T10:08:25.000,22.81,-0.04,8.01,18.12,20.5,83676,-37.49,63.0,0.674
2019-09-20T10:09:25.000,22.79,-0.14,8.29,18.08,20.5,83677,-37.3,63.0,0.674
2019-09-20T10:10:26.000,22.71,-0.47,8.58,18.05,20.5,83678,-37.12,63.0,0.674
2019-09-20T10:11:26.000,22.68,-0.12,8.84,18.01,20.5,83679,-36.94,64.0,0.674
2019-09-20T10:12:26.000,22.68,-0.13,9.21,17.97,20.5,83680,-36.75,64.0,0.674
2019-09-20T10:13:26.000,22.68,-0.19,9.56,17.93,20.5,83681,-36.57,64.0,0.673
2019-09-20T10:14:26.000,22.68,-0.12,9.88,17.89,20.5,83682,-36.39,64.0,0.673
2019-09-20T10:16:26.000,22.67,-0.14,10.51,17.83,20.5,83684,-36.02,64.0,0.673
2019-09-20T10:17:26.000,22.64,-0.21,10.87,17.79,20.5,83685,-35.83,65.0,0.673
2019-09-20T10:18:27.000,22.63,-0.1,11.3,17.75,20.5,83686,-35.65,65.0,0.673
2019-09-20T10:19:27.000,22.64,-0.09,11.87,17.69,20.5,83687,-35.46,65.0,0.673
2019-09-20T10:20:27.000,22.63,-0.08,12.81,17.61,20.5,83688,-35.27,65.0,0.673
2019-09-20T10:21:27.000,22.63,-0.06,13.88,17.52,20.5,83689,-35.09,65.0,0.673
2019-09-20T10:22:28.000,22.62,-0.03,15.06,17.44,20.5,83690,-34.9,66.0,0.673
2019-09-20T10:23:28.000,22.6,-0.08,16.62,17.33,20.5,83691,-34.71,66.0,0.673
2019-09-20T10:24:29.000,22.58,-0.12,18.47,17.21,20.5,83692,-34.52,66.0,0.673
2019-09-20T10:25:29.000,22.56,-0.17,20.42,17.11,20.5,83693,-34.33,66.0,0.673
2019-09-20T10:26:29.000,22.56,-0.15,22.79,16.99,20.5,83694,-34.15,66.0,0.673
2019-09-20T10:27:29.000,22.56,-0.15,25.75,16.85,20.5,83695,-33.96,66.0,0.673
2019-09-20T10:28:29.000,22.57,-0.15,29.54,16.71,20.5,83696,-33.77,67.0,0.672
2019-09-20T10:29:30.000,22.54,-0.25,34.08,16.55,20.5,83697,-33.58,67.0,0.672
2019-09-20T10:31:30.000,22.52,-0.31,43.97,16.27,20.5,83699,-33.2,67.0,0.672
2019-09-20T10:34:31.000,22.5,-0.26,55.54,16.02,20.5,83702,-32.62,68.0,0.672
2019-09-20T10:35:31.000,22.48,-0.29,58.11,15.97,20.5,83703,-32.43,68.0,0.672
2019-09-20T10:36:31.000,22.46,-0.3,61.34,15.91,20.5,83704,-32.24,68.0,0.672
2019-09-20T10:37:32.000,22.46,-0.35,63.62,15.87,20.5,83705,-32.05,68.0,0.672
2019-09-20T10:38:32.000,22.43,-0.42,66.3,15.83,20.5,83706,-31.86,68.0,0.672
2019-09-20T10:39:32.000,22.4,-0.47,68.66,15.79,20.5,83707,-31.66,69.0,0.672
2019-09-20T10:40:32.000,22.37,-0.44,70.91,15.75,20.5,83708,-31.47,69.0,0.672
2019-09-20T10:41:33.000,22.36,-0.42,72.48,15.73,20.5,83709,-31.28,69.0,0.672
2019-09-20T10:42:33.000,22.35,-0.41,74.67,15.7,20.5,83710,-31.08,69.0,0.672
2019-09-20T10:43:33.000,22.32,-0.59,76.36,15.67,20.5,83711,-30.89,69.0,0.671
2019-09-20T10:44:34.000,22.27,-0.57,78.18,15.65,20.5,83712,-30.69,69.0,0.671
2019-09-20T10:45:34.000,22.26,-0.44,79.44,15.63,20.5,83713,-30.5,70.0,0.671
2019-09-20T10:46:34.000,22.23,-0.48,81.09,15.61,20.5,83714,-30.3,70.0,0.671
2019-09-20T10:47:34.000,22.22,-0.44,81.01,15.61,20.5,83715,-30.11,70.0,0.671
2019-09-20T10:48:35.000,22.2,-0.54,81.86,15.6,20.5,83716,-29.91,70.0,0.671
2019-09-20T10:49:35.000,22.19,-0.49,82.0,15.6,20.5,83717,-29.72,70.0,0.671
2019-09-20T10:50:35.000,22.2,-0.52,82.81,15.58,20.5,83718,-29.52,70.0,0.671
2019-09-20T10:51:35.000,22.2,-0.56,83.0,15.58,20.5,83719,-29.33,71.0,0.671
2019-09-20T10:52:35.000,22.19,-0.58,82.5,15.59,20.5,83720,-29.13,71.0,0.671
2019-09-20T10:53:35.000,22.19,-0.55,82.0,15.6,20.5,83721,-28.94,71.0,0.671
2019-09-20T10:54:36.000,22.19,-0.75,82.0,15.6,20.5,83722,-28.74,71.0,0.671
2019-09-20T11:03:36.000,22.14,-1.14,73.93,15.71,20.5,83731,-26.96,72.0,0.67
2019-09-20T11:04:38.000,22.12,-1.12,72.2,15.73,20.5,83732,-26.76,72.0,0.67
2019-09-20T11:05:38.000,22.11,-1.1,71.51,15.74,20.5,83733,-26.56,73.0,0.67
2019-09-20T11:06:38.000,22.07,-1.14,71.16,15.75,20.5,83734,-26.36,73.0,0.67
2019-09-20T11:07:38.000,22.01,-1.2,71.0,15.75,20.5,83735,-26.16,73.0,0.67
2019-09-20T11:08:38.000,21.96,-1.14,70.25,15.76,20.5,83736,-25.96,73.0,0.67
2019-09-20T11:09:38.000,21.92,-1.13,70.0,15.77,20.5,83737,-25.76,73.0,0.67
2019-09-20T11:10:38.000,21.9,-1.02,70.0,15.77,20.5,83738,-25.56,73.0,0.67
2019-09-20T11:11:38.000,21.86,-1.06,70.0,15.77,20.5,83739,-25.36,73.0,0.67
2019-09-20T11:12:38.000,21.83,-1.09,70.75,15.76,20.5,83740,-25.16,73.0,0.67
2019-09-20T11:13:38.000,21.81,-1.06,70.98,15.75,20.5,83741,-24.96,74.0,0.669
2019-09-20T11:14:39.000,21.78,-1.01,70.74,15.76,20.5,83742,-24.76,74.0,0.669
2019-09-20T11:15:39.000,21.78,-0.96,72.11,15.73,20.5,83743,-24.56,74.0,0.669
2019-09-20T11:16:39.000,21.77,-0.93,72.61,15.73,20.5,83744,-24.36,74.0,0.669
2019-09-20T11:17:39.000,21.75,-0.95,74.49,15.7,20.5,83745,-24.15,74.0,0.669
2019-09-20T11:19:39.000,21.75,-0.86,76.45,15.67,20.5,83747,-23.75,74.0,0.669
2019-09-20T11:21:40.000,21.77,-0.78,79.77,15.63,20.5,83749,-23.35,74.0,0.669
2019-09-20T11:22:40.000,21.79,-0.74,80.74,15.61,20.5,83750,-23.14,75.0,0.669
2019-09-20T11:23:40.000,21.79,-0.72,82.64,15.59,20.5,83751,-22.94,75.0,0.669
2019-09-20T11:24:41.000,21.81,-0.72,85.23,15.55,20.5,83752,-22.74,75.0,0.669
2019-09-20T11:25:41.000,21.82,-0.78,87.12,15.53,20.5,83753,-22.53,75.0,0.669
2019-09-20T11:26:41.000,21.82,-0.82,90.38,15.49,20.5,83754,-22.33,75.0,0.669
2019-09-20T11:27:42.000,21.82,-0.86,92.76,15.46,20.5,83755,-22.12,75.0,0.669
2019-09-20T11:28:42.000,21.83,-0.84,95.26,15.43,20.5,83756,-21.92,75.0,0.668
2019-09-20T11:29:42.000,21.82,-0.85,97.98,15.4,20.5,83757,-21.72,75.0,0.668
2019-09-20T11:30:43.000,21.82,-0.84,101.03,15.37,20.5,83758,-21.51,75.0,0.668
2019-09-20T11:31:43.000,21.8,-0.85,103.51,15.34,20.5,83759,-21.31,75.0,0.668
2019-09-20T11:32:43.000,21.79,-0.81,106.11,15.32,20.5,83760,-21.1,75.0,0.668
2019-09-20T11:33:44.000,21.79,-0.79,108.63,15.29,20.5,83761,-20.9,76.0,0.668
2019-09-20T11:34:44.000,21.8,-0.76,111.6,15.26,20.5,83762,-20.69,76.0,0.668
2019-09-20T11:35:44.000,21.81,-0.78,114.16,15.24,20.5,83763,-20.49,76.0,0.668
2019-09-20T11:36:45.000,21.82,-0.77,116.92,15.21,20.5,83764,-20.28,76.0,0.668
2019-09-20T11:37:45.000,21.84,-0.76,119.64,15.19,20.5,83765,-20.08,76.0,0.668
2019-09-20T11:38:45.000,21.85,-0.76,122.02,15.16,20.5,83766,-19.87,76.0,0.668
2019-09-20T11:39:45.000,21.85,-0.77,124.52,15.14,20.5,83767,-19.67,76.0,0.668
2019-09-20T11:40:45.000,21.84,-0.86,127.28,15.12,20.5,83768,-19.46,76.0,0.668
2019-09-20T11:41:46.000,21.85,-0.79,129.8,15.1,20.5,83769,-19.26,76.0,0.668
2019-09-20T11:42:46.000,21.84,-0.78,132.2,15.08,20.5,83770,-19.05,76.0,0.667
2019-09-20T11:43:46.000,21.82,-0.84,133.93,15.06,20.5,83771,-18.85,76.0,0.667
2019-09-20T11:48:47.000,21.81,-0.95,140.0,15.01,20.5,83776,-17.81,76.0,0.667
2019-09-20T11:49:47.000,21.77,-1.01,140.92,15.01,20.5,83777,-17.61,76.0,0.667
2019-09-20T11:50:48.000,21.74,-0.94,140.85,15.01,20.5,83778,-17.4,76.0,0.667
2019-09-20T11:51:48.000,21.75,-0.87,142.0,15.0,20.5,83779,-17.19,76.0,0.667
2019-09-20T11:52:48.000,21.78,-0.87,142.38,15.0,20.5,83780,-16.99,76.0,0.667
2019-09-20T11:53:48.000,21.82,-0.8,142.92,14.99,20.5,83781,-16.78,76.0,0.667
2019-09-20T11:54:48.000,21.85,-0.8,144.0,14.98,20.5,83782,-16.57,76.0,0.667
2019-09-20T11:55:49.000,21.87,-0.79,143.84,14.99,20.5,83783,-16.36,76.0,0.667
2019-09-20T11:56:49.000,21.87,-0.84,144.0,14.98,20.5,83784,-16.16,76.0,0.667
2019-09-20T12:02:50.000,21.82,-1.02,142.0,15.0,20.5,83790,-14.91,76.0,0.666
2019-09-20T12:05:51.000,21.76,-1.1,139.0,15.02,20.5,83793,-14.28,76.0,0.666
2019-09-20T12:06:51.000,21.72,-1.06,137.08,15.04,20.5,83794,-14.08,76.0,0.666
2019-09-20T12:07:51.000,21.7,-1.03,135.84,15.05,20.5,83795,-13.87,76.0,0.666
2019-09-20T12:08:52.000,21.67,-1.09,133.87,15.06,20.5,83796,-13.66,76.0,0.666
2019-09-20T12:11:52.000,21.63,-1.04,125.5,15.13,20.5,83799,-13.03,76.0,0.666
2019-09-20T12:17:53.000,21.49,-1.05,85.57,15.55,20.5,83805,-11.78,75.0,0.665
2019-09-20T12:18:53.000,21.47,-0.98,79.05,15.64,20.5,83806,-11.57,75.0,0.665
2019-09-20T12:19:53.000,21.47,-0.94,74.13,15.71,20.5,83807,-11.36,75.0,0.665
2019-09-20T12:20:54.000,21.46,-0.93,69.55,15.77,20.5,83808,-11.15,75.0,0.665
2019-09-20T12:22:54.000,21.45,-0.98,60.86,15.92,20.5,83810,-10.73,75.0,0.665
2019-09-20T12:23:54.000,21.43,-1.0,57.77,15.98,20.5,83811,-10.52,75.0,0.665
2019-09-20T12:28:55.000,21.27,-1.33,54.23,16.04,20.5,83816,-9.47,74.0,0.664
2019-09-20T12:29:55.000,21.25,-1.44,55.01,16.03,20.5,83817,-9.26,74.0,0.664
2019-09-20T12:30:55.000,21.21,-1.5,57.07,15.99,20.5,83818,-9.05,74.0,0.664
2019-09-20T12:31:55.000,21.13,-1.58,58.93,15.95,20.5,83819,-8.84,74.0,0.664
2019-09-20T12:32:56.000,21.04,-1.66,61.45,15.91,20.5,83820,-8.62,74.0,0.664
2019-09-20T12:33:56.000,20.98,-1.57,65.66,15.84,20.5,83821,-8.41,74.0,0.664
2019-09-20T12:35:03.000,20.94,-1.59,70.66,15.76,20.5,83822,-8.18,73.0,0.664
2019-09-20T12:36:03.000,20.91,-1.58,78.87,15.64,20.5,83823,-7.97,73.0,0.664
2019-09-20T12:37:03.000,20.88,-1.6,88.98,15.51,20.5,83824,-7.76,73.0,0.664
2019-09-20T12:38:04.000,20.8,-1.76,101.78,15.36,20.5,83825,-7.55,73.0,0.664
2019-09-20T12:39:04.000,20.79,-1.55,119.39,15.19,20.5,83826,-7.34,73.0,0.664
2019-09-20T12:40:04.000,20.8,-1.56,142.31,15.0,20.5,83827,-7.13,73.0,0.664
2019-09-20T12:41:04.000,20.8,-1.63,172.31,14.79,20.5,83828,-6.92,73.0,0.664
2019-09-20T12:45:05.000,20.74,-1.51,415.11,13.84,20.5,83832,-6.07,72.0,0.663
2019-09-20T12:46:05.000,20.78,-1.5,530.64,13.57,20.5,83833,-5.86,72.0,0.663
2019-09-20T12:47:06.000,20.78,-1.52,683.71,13.3,20.5,83834,-5.65,72.0,0.663
2019-09-20T12:48:07.000,20.77,-1.6,885.22,13.02,20.5,83835,-5.43,72.0,0.663
2019-09-20T12:50:08.000,20.78,-1.5,1489.67,12.45,20.5,83837,-5.01,71.0,0.663
2019-09-20T12:51:08.000,20.81,-1.47,1927.03,12.17,20.5,83838,-4.8,71.0,0.663
2019-09-20T12:58:08.000,20.7,-1.67,10946.65,10.28,20.5,83845,-3.32,70.0,0.662
2019-09-20T12:59:09.000,20.7,-1.66,13079.11,10.09,20.5,83846,-3.1,70.0,0.662
2019-09-20T13:01:09.000,20.63,-1.73,19676.6,9.65,20.5,83848,-2.68,70.0,0.662
2019-09-20T13:02:10.000,20.61,-1.75,24628.2,9.4,20.5,83849,-2.47,70.0,0.662
2019-09-20T13:03:10.000,20.62,-1.72,30111.93,9.18,20.5,83850,-2.26,69.0,0.662
2019-09-20T13:04:10.000,20.64,-1.72,35639.98,9.08,20.5,83851,-2.05,69.0,0.662
2019-09-20T13:05:11.000,20.66,-1.7,42801.33,8.8,20.5,83852,-1.83,69.0,0.662
2019-09-20T13:07:11.000,20.72,-1.78,59203.5,8.45,20.5,83854,-1.41,69.0,0.662
2019-09-20T13:08:12.000,20.7,-1.85,9287.13,1.21,20.5,83855,-1.19,69.0,0.662
2019-09-20T13:09:13.000,20.67,-1.92,0.0,0.0,20.5,83856,-0.98,68.0,0.662
2019-09-20T13:10:14.000,20.67,-1.73,0.14,0.19,20.5,83857,-0.76,68.0,0.662
2019-09-20T13:11:14.000,20.72,-1.69,0.0,0.0,20.5,83858,-0.55,68.0,0.662
2019-09-20T13:12:15.000,20.75,-1.7,0.0,0.0,20.5,83859,-0.34,68.0,0.662
2019-09-20T13:13:15.000,20.78,-1.72,0.0,0.0,20.5,83860,-0.13,68.0,0.661
2019-09-20T13:26:20.000,20.85,-1.38,0.0,0.0,20.5,83873,2.64,65.0,0.661
2019-09-20T13:27:21.000,20.88,-1.34,0.0,0.0,20.5,83874,2.85,65.0,0.66
2019-09-20T13:28:21.000,20.9,-1.38,0.0,0.0,20.5,83875,3.07,65.0,0.66
2019-09-20T13:30:22.000,20.89,-1.23,0.0,0.0,20.5,83877,3.49,65.0,0.66
2019-09-20T13:31:22.000,20.92,-1.16,0.0,0.0,20.5,83878,3.7,64.0,0.66
2019-09-20T13:32:22.000,20.95,-1.11,0.0,0.0,20.5,83879,3.91,64.0,0.66
2019-09-20T13:33:22.000,20.96,-1.13,0.0,0.0,20.5,83880,4.13,64.0,0.66
2019-09-20T13:34:22.000,20.98,-1.19,0.0,0.0,20.5,83881,4.34,64.0,0.66
2019-09-20T13:35:23.000,20.99,-1.31,0.18,0.09,20.5,83882,4.55,64.0,0.66
2019-09-20T13:36:23.000,20.99,-1.29,0.0,0.0,20.5,83883,4.76,64.0,0.66
2019-09-20T13:37:24.000,21.0,-1.28,0.0,0.0,20.5,83884,4.98,63.0,0.66
2019-09-20T13:38:25.000,21.01,-1.36,0.0,0.0,20.5,83885,5.19,63.0,0.66
2019-09-20T13:39:25.000,21.0,-1.42,0.0,0.0,20.5,83886,5.4,63.0,0.66
2019-09-20T13:40:25.000,20.99,-1.42,0.0,0.0,20.5,83887,5.62,63.0,0.66
2019-09-20T13:44:26.000,20.94,-1.58,0.0,0.0,20.5,83891,6.46,62.0,0.659
2019-09-20T13:45:26.000,20.95,-1.33,0.0,0.0,20.5,83892,6.67,62.0,0.659
2019-09-20T13:46:27.000,20.98,-1.32,0.0,0.0,20.5,83893,6.89,62.0,0.659
2019-09-20T14:41:40.000,23.28,0.94,0.0,0.0,20.5,83948,18.47,51.0,0.655
2019-09-20T14:42:40.000,23.39,0.93,0.0,0.0,20.5,83949,18.68,50.0,0.655
2019-09-20T14:43:40.000,23.46,1.0,0.0,0.0,20.5,83950,18.88,50.0,0.655
2019-09-20T14:45:41.000,23.56,1.07,0.0,0.0,20.5,83952,19.3,50.0,0.655
2019-09-20T14:46:41.000,23.61,1.18,0.0,0.0,20.5,83953,19.51,50.0,0.655
2019-09-20T14:47:42.000,23.69,1.34,0.0,0.0,20.5,83954,19.72,49.0,0.655
2019-09-20T14:49:42.000,23.78,1.41,0.0,0.0,20.5,83956,20.13,49.0,0.655
2019-09-20T14:52:43.000,24.01,1.91,0.0,0.0,20.5,83959,20.76,48.0,0.655
2019-09-20T14:53:43.000,24.08,1.9,0.0,0.0,20.5,83960,20.96,48.0,0.655
2019-09-20T14:54:43.000,24.15,2.03,0.0,0.0,20.5,83961,21.17,48.0,0.655
2019-09-20T15:02:45.000,24.72,2.98,0.0,0.0,20.5,83969,22.82,46.0,0.654
2019-09-20T15:03:46.000,24.86,3.09,0.0,0.0,20.5,83970,23.03,46.0,0.654
2019-09-20T15:04:46.000,24.98,3.21,0.0,0.0,20.5,83971,23.23,46.0,0.654
2019-09-20T15:08:47.000,25.33,3.45,0.0,0.0,20.5,83975,24.06,45.0,0.654
2019-09-20T15:09:48.000,25.44,3.62,0.0,0.0,20.5,83976,24.26,45.0,0.654
2019-09-20T15:10:48.000,25.54,3.66,0.0,0.0,20.5,83977,24.47,45.0,0.654
2019-09-20T15:11:48.000,25.63,3.75,0.0,0.0,20.5,83978,24.67,44.0,0.653
2019-09-20T15:12:48.000,25.73,3.88,0.0,0.0,20.5,83979,24.88,44.0,0.653
2019-09-20T15:17:49.000,26.2,4.41,0.0,0.0,20.5,83984,25.9,43.0,0.653
2019-09-20T15:18:49.000,26.28,4.57,0.0,0.0,20.5,83985,26.1,43.0,0.653
2019-09-20T15:19:50.000,26.35,4.62,0.0,0.0,20.5,83986,26.3,43.0,0.653
2019-09-20T15:21:50.000,26.53,4.99,0.0,0.0,20.5,83988,26.71,42.0,0.653
2019-09-20T15:22:50.000,26.65,5.19,0.0,0.0,20.5,83989,26.91,42.0,0.653
2019-09-20T15:23:50.000,26.76,5.25,0.0,0.0,20.5,83990,27.11,42.0,0.653
2019-09-20T15:25:51.000,26.98,5.67,0.0,0.0,20.5,83992,27.52,42.0,0.652
2019-09-20T15:26:52.000,27.13,5.78,0.0,0.0,20.5,83993,27.72,41.0,0.652
2019-09-20T15:27:52.000,27.26,5.98,0.0,0.0,20.5,83994,27.92,41.0,0.652
2019-09-20T15:29:53.000,27.5,6.2,0.0,0.0,20.5,83996,28.33,41.0,0.652
2019-09-20T15:30:53.000,27.66,6.42,0.0,0.0,20.5,83997,28.53,41.0,0.652
2019-09-20T15:31:53.000,27.78,6.52,0.0,0.0,20.5,83998,28.73,40.0,0.652
2019-09-20T15:32:54.000,27.89,6.66,0.0,0.0,20.5,83999,28.93,40.0,0.652
2019-09-20T15:34:54.000,28.12,6.82,0.0,0.0,20.5,84001,29.33,40.0,0.652
2019-09-20T15:35:54.000,28.19,7.1,0.0,0.0,20.5,84002,29.53,40.0,0.652
2019-09-20T15:36:54.000,28.34,7.32,0.0,0.0,20.5,84003,29.73,39.0,0.652
2019-09-20T15:37:55.000,28.48,7.5,0.0,0.0,20.5,84004,29.93,39.0,0.652
