Downloads/jupyter/ECSV/stars19/stars19_2024-04.ecsv
# %ECSV 1.0
# ---
# datatype:
# - {name: time, datatype: string}
# - {name: Enclosure Temperature, unit: deg_C, datatype: float64}
# - {name: Sky Temperature, unit: deg_C, datatype: float64}
# - {name: Frequency, unit: Hz, datatype: float64}
# - {name: MSAS, unit: mag / arcsec2, datatype: float64}
# - {name: ZP, datatype: float64}
# - {name: Sequence Number, datatype: int64}
# - {name: Sun Alt, unit: deg, datatype: float64}
# - {name: Moon Alt, unit: deg, datatype: float64}
# - {name: Moon Illumination, datatype: float64}
# delimiter: ','
# meta: !!omap
# - ida:
#     Data supplier: {affiliation: null, observer: null}
#     Device type: TESS-W
#     Field of view: 17.0
#     Filters per channel: None
#     Instrument ID: stars19
#     License: ODbL 1.0 http://opendatacommons.org/licenses/odbl/summary/
#     Local timezone: America/Phoenix
#     Location name: {country: '- Tucson', place: Tucson, region: United States, sub_region: Arizona, town: Pima County}
#     Measurement direction per channel: {azimuth: 0.0, zenital: 0.0}
#     Moving / Fixed look direction: FIXED
#     Moving / Stationary position: STATIONARY
#     Number of channels: 1
#     Number of fields per line: 8
#     Number of header lines: 35
#     Position: {height: 0.0, latitude: 32.223877, longitude: -110.767532}
#     TESS MAC address: 18:FE:34:CF:EC:06
#     TESS cover offset value: 0.0
#     TESS firmware version: '1.0'
#     TESS zero point: 20.38
#     Time Synchronization: timestamp added by MQTT subscriber
#     URL: http://www.darksky.org/NSBM/sdf1.0.pdf
# - __serialized_columns__:
#     Enclosure Temperature:
#       __class__: astropy.units.quantity.Quantity
#       unit: &id001 !astropy.units.Unit {unit: deg_C}
#       value: !astropy.table.SerializedColumn {name: Enclosure Temperature}
#     Frequency:
#       __class__: astropy.units.quantity.Quantity
#       unit: !astropy.units.Unit {unit: Hz}
#       value: !astropy.table.SerializedColumn {name: Frequency}
#     MSAS:
#       __class__: astropy.units.quantity.Quantity
#       unit: !astropy.units.Unit {unit: mag / arcsec2}
#       value: !astropy.table.SerializedColumn {name: MSAS}
#     Moon Alt:
#       __class__: astropy.units.quantity.Quantity
#       unit: &id002 !astropy.units.Unit {unit: deg}
#       value: !astropy.table.SerializedColumn {name: Moon Alt}
#     Sky Temperature:
#       __class__: astropy.units.quantity.Quantity
#       unit: *id001
#       value: !astropy.table.SerializedColumn {name: Sky Temperature}
#     Sun Alt:
#       __class__: astropy.units.quantity.Quantity
#       unit: *id002
#       value: !astropy.table.SerializedColumn {name: Sun Alt}
#     time:
#       __class__: astropy.time.core.Time
#       format: isot
#       in_subfmt: '*'
#       out_subfmt: '*'
#       precision: 3
#       scale: utc
#       value: !astropy.table.SerializedColumn {name: time}
# schema: astropy-2.0
time,Enclosure Temperature,Sky Temperature,Frequency,MSAS,ZP,Sequence Number,Sun Alt,Moon Alt,Moon Illumination
[from data line 14347]
2024-04-23T21:54:17.000,40.23,10.26,0.0,0.0,20.38,1996,50.05,-50.0,1.0
2024-04-23T21:56:18.000,40.26,10.55,0.0,0.0,20.38,1998,49.65,-50.0,1.0
2024-04-23T21:57:18.000,40.2,10.36,0.0,0.0,20.38,1999,49.45,-50.0,1.0
2024-04-23T21:58:18.000,39.97,10.04,0.0,0.0,20.38,2000,49.25,-49.0,1.0
2024-04-23T22:03:18.000,39.03,9.62,0.0,0.0,20.38,2005,48.25,-48.0,1.0
2024-04-23T22:04:19.000,38.86,9.65,0.0,0.0,20.38,2006,48.05,-48.0,1.0
2024-04-23T22:05:19.000,38.62,9.68,0.0,0.0,20.38,2007,47.84,-48.0,1.0
2024-04-23T22:08:20.000,38.29,9.6,0.0,0.0,20.38,2010,47.24,-47.0,1.0
2024-04-23T22:09:20.000,38.21,10.0,0.0,0.0,20.38,2011,47.03,-47.0,1.0
2024-04-23T22:10:20.000,38.2,10.22,0.0,0.0,20.38,2012,46.83,-47.0,1.0
2024-04-23T22:11:20.000,38.15,10.19,0.0,0.0,20.38,2013,46.63,-47.0,1.0
2024-04-23T22:12:20.000,38.04,9.98,0.0,0.0,20.38,2014,46.43,-47.0,1.0
2024-04-23T22:13:20.000,38.05,10.54,0.0,0.0,20.38,2015,46.22,-46.0,1.0
2024-04-23T22:15:21.000,38.13,11.0,0.0,0.0,20.38,2017,45.81,-46.0,1.0
2024-04-23T22:16:21.000,38.17,10.68,0.0,0.0,20.38,2018,45.61,-46.0,1.0
2024-04-23T22:17:21.000,38.18,10.88,0.0,0.0,20.38,2019,45.4,-46.0,1.0
2024-04-23T23:17:37.000,36.65,10.7,0.0,0.0,20.38,2079,32.87,-34.0,1.0
2024-04-23T23:18:37.000,36.72,11.14,0.0,0.0,20.38,2080,32.66,-33.0,1.0
2024-04-23T23:19:37.000,36.74,10.74,0.0,0.0,20.38,2081,32.45,-33.0,1.0
2024-04-23T23:21:38.000,36.6,10.58,0.0,0.0,20.38,2083,32.03,-33.0,1.0
2024-04-23T23:23:38.000,36.35,10.11,0.0,0.0,20.38,2085,31.61,-32.0,1.0
2024-04-23T23:26:39.000,36.28,10.63,0.0,0.0,20.38,2088,30.97,-32.0,1.0
2024-04-23T23:27:39.000,36.19,10.17,0.0,0.0,20.38,2089,30.76,-32.0,1.0
2024-04-23T23:28:39.000,36.0,10.12,0.0,0.0,20.38,2090,30.55,-31.0,1.0
2024-04-23T23:30:39.000,35.98,10.35,0.0,0.0,20.38,2092,30.13,-31.0,1.0
2024-04-23T23:31:39.000,35.85,9.99,0.0,0.0,20.38,2093,29.92,-31.0,1.0
2024-04-23T23:32:39.000,35.75,10.4,0.0,0.0,20.38,2094,29.7,-31.0,1.0
2024-04-23T23:37:40.000,35.93,10.36,0.0,0.0,20.38,2099,28.65,-30.0,1.0
2024-04-23T23:38:40.000,35.93,10.65,0.0,0.0,20.38,2100,28.43,-29.0,1.0
2024-04-23T23:39:40.000,35.99,10.7,0.0,0.0,20.38,2101,28.22,-29.0,1.0
2024-04-23T23:41:40.000,36.01,10.6,0.0,0.0,20.38,2103,27.8,-29.0,1.0
2024-04-23T23:42:40.000,36.05,10.35,0.0,0.0,20.38,2104,27.59,-29.0,1.0
2024-04-23T23:43:40.000,36.0,10.37,0.0,0.0,20.38,2105,27.38,-28.0,1.0
2024-04-23T23:47:40.000,35.85,10.0,0.0,0.0,20.38,2109,26.53,-28.0,1.0
2024-04-23T23:48:41.000,35.85,10.53,0.0,0.0,20.38,2110,26.32,-27.0,1.0
2024-04-23T23:49:41.000,35.94,10.65,0.0,0.0,20.38,2111,26.11,-27.0,1.0
2024-04-23T23:51:41.000,36.04,10.29,0.0,0.0,20.38,2113,25.68,-27.0,1.0
2024-04-23T23:52:41.000,35.86,10.24,0.0,0.0,20.38,2114,25.47,-27.0,1.0
2024-04-23T23:53:41.000,35.76,10.21,0.0,0.0,20.38,2115,25.26,-26.0,1.0
2024-04-23T23:58:42.000,35.36,10.12,0.0,0.0,20.38,2120,24.2,-25.0,1.0
2024-04-23T23:59:42.000,35.24,9.92,0.0,0.0,20.38,2121,23.99,-25.0,1.0
2024-04-24T00:00:42.000,35.23,10.44,0.0,0.0,20.38,2122,23.78,-25.0,1.0
2024-04-24T00:02:43.000,35.36,10.46,0.0,0.0,20.38,2124,23.35,-25.0,1.0
2024-04-24T00:03:43.000,35.33,10.58,0.0,0.0,20.38,2125,23.14,-24.0,1.0
2024-04-24T00:04:43.000,35.36,10.53,0.0,0.0,20.38,2126,22.93,-24.0,1.0
2024-04-24T00:29:51.000,34.95,10.24,0.0,0.0,20.38,2151,17.62,-19.0,1.0
2024-04-24T00:30:51.000,34.93,10.52,0.0,0.0,20.38,2152,17.41,-19.0,1.0
2024-04-24T00:31:51.000,34.97,10.54,0.0,0.0,20.38,2153,17.2,-19.0,1.0
2024-04-24T00:33:51.000,35.04,10.54,0.0,0.0,20.38,2155,16.78,-18.0,1.0
2024-04-24T00:34:51.000,35.04,10.51,0.0,0.0,20.38,2156,16.57,-18.0,1.0
2024-04-24T00:35:51.000,35.02,10.45,0.0,0.0,20.38,2157,16.36,-18.0,1.0
2024-04-24T00:52:54.000,34.2,9.92,0.0,0.0,20.38,2174,12.78,-14.0,1.0
2024-04-24T00:53:54.000,34.08,9.66,0.0,0.0,20.38,2175,12.57,-14.0,1.0
2024-04-24T00:54:55.000,34.01,9.63,0.0,0.0,20.38,2176,12.35,-14.0,1.0
2024-04-24T00:56:55.000,33.96,9.94,0.0,0.0,20.38,2178,11.93,-14.0,1.0
2024-04-24T00:57:55.000,33.99,9.85,0.0,0.0,20.38,2179,11.73,-13.0,1.0
2024-04-24T00:58:56.000,33.88,9.63,0.0,0.0,20.38,2180,11.51,-13.0,1.0
2024-04-24T01:06:58.000,33.89,9.54,0.0,0.0,20.38,2188,9.83,-12.0,1.0
2024-04-24T01:07:59.000,33.79,9.29,0.0,0.0,20.38,2189,9.62,-11.0,1.0
2024-04-24T01:08:59.000,33.78,9.58,0.0,0.0,20.38,2190,9.41,-11.0,1.0
2024-04-24T01:10:59.000,33.61,9.0,0.0,0.0,20.38,2192,9.0,-11.0,1.0
2024-04-24T01:11:59.000,33.61,9.37,0.0,0.0,20.38,2193,8.79,-11.0,1.0
2024-04-24T01:12:59.000,33.6,9.18,0.0,0.0,20.38,2194,8.58,-10.0,1.0
2024-04-24T01:18:02.000,33.3,8.85,0.0,0.0,20.38,2199,7.53,-9.0,1.0
2024-04-24T01:19:02.000,33.31,8.94,0.0,0.0,20.38,2200,7.32,-9.0,1.0
2024-04-24T01:20:02.000,33.3,8.81,0.0,0.0,20.38,2201,7.11,-9.0,1.0
2024-04-24T01:22:02.000,33.14,8.48,0.0,0.0,20.38,2203,6.7,-9.0,1.0
2024-04-24T01:24:03.000,33.07,8.45,0.0,0.0,20.38,2205,6.28,-8.0,1.0
2024-04-24T01:25:04.000,33.01,8.39,0.0,0.0,20.38,2206,6.07,-8.0,1.0
2024-04-24T01:28:05.000,32.96,8.41,0.0,0.0,20.38,2209,5.45,-7.0,1.0
2024-04-24T01:29:05.000,32.9,8.18,0.0,0.0,20.38,2210,5.24,-7.0,1.0
2024-04-24T01:31:05.000,32.78,8.05,0.13,0.09,20.38,2212,4.83,-7.0,1.0
2024-04-24T01:32:05.000,32.7,7.89,0.0,0.0,20.38,2213,4.62,-7.0,1.0
2024-04-24T01:33:05.000,32.68,7.95,0.0,0.0,20.38,2214,4.41,-6.0,1.0
2024-04-24T01:34:05.000,32.64,7.85,0.0,0.0,20.38,2215,4.21,-6.0,1.0
2024-04-24T01:38:07.000,32.48,7.7,0.0,0.0,20.38,2219,3.38,-6.0,1.0
2024-04-24T01:39:07.000,32.45,7.56,0.0,0.0,20.38,2220,3.17,-5.0,1.0
2024-04-24T01:40:07.000,32.43,7.45,0.0,0.0,20.38,2221,2.96,-5.0,1.0
2024-04-24T01:41:08.000,32.38,7.33,0.0,0.0,20.38,2222,2.76,-5.0,1.0
2024-04-24T01:42:07.000,32.31,7.27,0.27,0.11,20.38,2223,2.55,-5.0,1.0
2024-04-24T01:43:08.000,32.28,7.31,0.0,0.0,20.38,2224,2.34,-5.0,1.0
2024-04-24T01:44:08.000,32.3,7.24,0.0,0.0,20.38,2225,2.14,-4.0,1.0
2024-04-24T01:45:08.000,32.18,6.89,0.0,0.0,20.38,2226,1.93,-4.0,1.0
2024-04-24T01:46:09.000,32.12,7.0,0.0,0.0,20.38,2227,1.73,-4.0,1.0
2024-04-24T01:47:09.000,32.07,6.89,0.0,0.0,20.38,2228,1.52,-4.0,1.0
2024-04-24T01:48:09.000,32.0,6.78,0.0,0.0,20.38,2229,1.32,-4.0,1.0
2024-04-24T01:50:09.000,31.92,6.79,0.0,0.0,20.38,2231,0.91,-3.0,1.0
2024-04-24T01:51:09.000,31.92,6.88,0.0,0.0,20.38,2232,0.7,-3.0,1.0
2024-04-24T01:52:10.000,31.95,6.87,0.0,0.0,20.38,2233,0.5,-3.0,1.0
2024-04-24T01:53:09.000,31.95,6.82,0.0,0.0,20.38,2234,0.29,-3.0,1.0
2024-04-24T01:54:10.000,31.97,6.86,0.0,0.0,20.38,2235,0.09,-2.0,1.0
2024-04-24T01:55:10.000,31.99,6.75,0.21,0.19,20.38,2236,-0.12,-2.0,1.0
2024-04-24T01:57:10.000,31.89,6.43,0.0,0.0,20.38,2238,-0.52,-2.0,1.0
2024-04-24T01:58:11.000,31.84,6.43,0.0,0.0,20.38,2239,-0.73,-2.0,1.0
2024-04-24T02:00:12.000,31.82,6.44,0.0,0.0,20.38,2241,-1.14,-1.0,1.0
2024-04-24T02:01:17.000,31.78,6.3,20521.11,2.7,20.38,2242,-1.36,-1.0,1.0
2024-04-24T02:02:18.000,31.74,6.16,57811.12,8.48,20.38,2243,-1.57,-1.0,1.0
2024-04-24T02:07:51.000,31.55,6.02,24626.2,9.54,20.38,2248,-2.69,0.0,1.0
2024-04-24T02:08:52.000,31.52,5.95,20633.08,9.6,20.38,2249,-2.89,0.0,1.0
2024-04-24T02:09:52.000,31.49,5.96,17037.4,9.8,20.38,2250,-3.1,1.0,1.0
2024-04-24T02:10:52.000,31.44,5.89,13986.45,10.02,20.38,2251,-3.3,1.0,1.0
2024-04-24T02:11:52.000,31.38,5.86,11390.02,10.24,20.38,2252,-3.5,1.0,1.0
2024-04-24T02:12:52.000,31.35,5.89,9210.56,10.47,20.38,2253,-3.7,1.0,1.0
2024-04-24T02:13:53.000,31.28,5.79,7398.51,10.71,20.38,2254,-3.9,1.0,1.0
2024-04-24T02:14:53.000,31.24,5.81,5895.0,10.96,20.38,2255,-4.11,2.0,1.0
2024-04-24T02:15:53.000,31.2,5.76,4673.53,11.21,20.38,2256,-4.31,2.0,1.0
2024-04-24T02:16:53.000,31.2,5.73,3687.27,11.47,20.38,2257,-4.51,2.0,1.0
2024-04-24T02:17:53.000,31.16,5.59,2897.03,11.73,20.38,2258,-4.71,2.0,1.0
2024-04-24T02:18:53.000,31.11,5.6,2268.0,11.99,20.38,2259,-4.91,2.0,1.0
2024-04-24T02:20:54.000,31.08,5.65,1379.53,12.53,20.38,2261,-5.31,3.0,1.0
2024-04-24T02:21:54.000,31.09,5.66,1074.33,12.8,20.38,2262,-5.51,3.0,1.0
2024-04-24T02:22:54.000,31.07,5.54,837.4,13.08,20.38,2263,-5.71,3.0,1.0
2024-04-24T02:23:55.000,31.07,5.58,654.63,13.34,20.38,2264,-5.91,3.0,1.0
2024-04-24T02:24:55.000,31.07,5.5,512.04,13.61,20.38,2265,-6.11,4.0,1.0
2024-04-24T02:25:56.000,31.05,5.44,400.42,13.88,20.38,2266,-6.32,4.0,1.0
2024-04-24T02:26:57.000,31.06,5.47,313.66,14.14,20.38,2267,-6.52,4.0,1.0
2024-04-24T02:27:57.000,31.05,5.33,245.93,14.41,20.38,2268,-6.72,4.0,1.0
2024-04-24T02:28:57.000,31.02,5.34,193.08,14.67,20.38,2269,-6.91,4.0,1.0
2024-04-24T02:29:57.000,31.01,5.27,152.54,14.92,20.38,2270,-7.11,4.0,1.0
2024-04-24T02:30:57.000,30.98,5.23,120.94,15.18,20.38,2271,-7.31,5.0,1.0
2024-04-24T02:31:57.000,30.94,5.26,96.2,15.42,20.38,2272,-7.51,5.0,1.0
2024-04-24T02:32:58.000,30.95,5.31,77.07,15.67,20.38,2273,-7.71,5.0,1.0
2024-04-24T02:33:58.000,30.92,5.09,62.36,15.89,20.38,2274,-7.91,5.0,1.0
2024-04-24T02:34:58.000,30.87,5.02,49.34,16.15,20.38,2275,-8.11,5.0,1.0
2024-04-24T02:35:58.000,30.83,5.03,41.83,16.33,20.38,2276,-8.3,6.0,1.0
2024-04-24T02:36:58.000,30.78,4.95,34.49,16.54,20.38,2277,-8.5,6.0,1.0
2024-04-24T02:37:58.000,30.71,4.89,28.5,16.74,20.38,2278,-8.7,6.0,1.0
2024-04-24T02:38:58.000,30.65,4.82,23.9,16.94,20.38,2279,-8.89,6.0,1.0
2024-04-24T02:39:59.000,30.54,4.73,20.18,17.12,20.38,2280,-9.09,6.0,1.0
2024-04-24T02:40:59.000,30.51,4.87,17.08,17.3,20.38,2281,-9.29,7.0,1.0
2024-04-24T02:41:59.000,30.48,4.82,14.68,17.46,20.38,2282,-9.49,7.0,1.0
2024-04-24T02:42:59.000,30.46,4.83,12.7,17.62,20.38,2283,-9.68,7.0,1.0
2024-04-24T02:43:59.000,30.44,4.83,10.98,17.78,20.38,2284,-9.88,7.0,1.0
2024-04-24T02:44:59.000,30.4,4.73,9.62,17.92,20.38,2285,-10.07,7.0,1.0
2024-04-24T02:46:00.000,30.35,4.69,8.48,18.06,20.38,2286,-10.27,8.0,1.0
2024-04-24T02:47:00.000,30.32,4.67,7.57,18.18,20.38,2287,-10.47,8.0,1.0
2024-04-24T02:48:00.000,30.3,4.67,6.77,18.3,20.38,2288,-10.66,8.0,1.0
2024-04-24T02:49:00.000,30.25,4.61,6.16,18.41,20.38,2289,-10.86,8.0,1.0
2024-04-24T02:51:01.000,30.2,4.6,5.22,18.59,20.38,2291,-11.25,8.0,1.0
2024-04-24T02:52:01.000,30.17,4.54,4.82,18.67,20.38,2292,-11.44,9.0,1.0
2024-04-24T02:53:02.000,30.15,4.57,4.52,18.74,20.38,2293,-11.64,9.0,1.0
2024-04-24T02:54:02.000,30.1,4.4,4.28,18.8,20.38,2294,-11.83,9.0,1.0
2024-04-24T02:55:02.000,30.05,4.5,4.09,18.85,20.38,2295,-12.02,9.0,1.0
2024-04-24T02:56:03.000,30.03,4.4,3.93,18.89,20.38,2296,-12.22,9.0,1.0
2024-04-24T02:57:03.000,30.0,4.36,3.8,18.93,20.38,2297,-12.41,10.0,1.0
2024-04-24T02:58:03.000,29.97,4.33,3.69,18.96,20.38,2298,-12.61,10.0,1.0
2024-04-24T03:00:03.000,29.9,4.22,3.53,19.01,20.38,2300,-12.99,10.0,1.0
2024-04-24T03:03:05.000,29.78,4.17,3.39,19.05,20.38,2303,-13.57,11.0,1.0
2024-04-24T03:04:05.000,29.75,4.16,3.36,19.06,20.38,2304,-13.76,11.0,1.0
2024-04-24T03:05:05.000,29.7,4.14,3.35,19.07,20.38,2305,-13.95,11.0,1.0
2024-04-24T03:06:06.000,29.67,4.12,3.34,19.07,20.38,2306,-14.15,11.0,1.0
2024-04-24T03:07:06.000,29.66,4.22,3.34,19.07,20.38,2307,-14.34,11.0,1.0
2024-04-24T03:09:09.000,29.62,4.03,3.35,19.07,20.38,2309,-14.73,12.0,1.0
2024-04-24T03:11:09.000,29.51,3.95,3.36,19.06,20.38,2311,-15.11,12.0,1.0
2024-04-24T03:13:09.000,29.44,3.92,3.39,19.06,20.38,2313,-15.48,12.0,1.0
2024-04-24T03:16:09.000,29.35,3.88,3.43,19.04,20.38,2316,-16.05,13.0,1.0
2024-04-24T03:17:09.000,29.34,3.81,3.45,19.03,20.38,2317,-16.24,13.0,1.0
2024-04-24T03:18:09.000,29.31,3.78,3.49,19.02,20.38,2318,-16.43,13.0,1.0
2024-04-24T03:20:11.000,29.29,3.77,3.54,19.01,20.38,2320,-16.81,14.0,1.0
2024-04-24T03:21:11.000,29.28,3.78,3.57,19.0,20.38,2321,-16.99,14.0,1.0
2024-04-24T03:22:11.000,29.25,3.68,3.6,18.99,20.38,2322,-17.18,14.0,1.0
2024-04-24T03:24:12.000,29.17,3.51,3.66,18.97,20.38,2324,-17.55,14.0,1.0
2024-04-24T03:25:12.000,29.14,3.64,3.69,18.96,20.38,2325,-17.74,15.0,1.0
2024-04-24T03:26:13.000,29.14,3.61,3.71,18.96,20.38,2326,-17.93,15.0,1.0
2024-04-24T03:27:13.000,29.11,3.46,3.73,18.95,20.38,2327,-18.11,15.0,1.0
2024-04-24T03:28:14.000,29.07,3.45,3.76,18.94,20.38,2328,-18.3,15.0,1.0
2024-04-24T03:29:14.000,29.03,3.47,3.79,18.93,20.38,2329,-18.48,15.0,1.0
2024-04-24T03:30:14.000,29.0,3.38,3.83,18.92,20.38,2330,-18.67,16.0,1.0
2024-04-24T03:31:14.000,28.97,3.42,3.86,18.91,20.38,2331,-18.85,16.0,1.0
2024-04-24T03:32:14.000,28.94,3.34,3.89,18.91,20.38,2332,-19.03,16.0,1.0
2024-04-24T03:33:14.000,28.9,3.31,3.92,18.9,20.38,2333,-19.22,16.0,1.0
2024-04-24T03:34:15.000,28.84,3.28,3.95,18.89,20.38,2334,-19.4,16.0,1.0
2024-04-24T03:35:14.000,28.81,3.29,3.99,18.88,20.38,2335,-19.58,16.0,1.0
2024-04-24T03:36:15.000,28.77,3.16,4.02,18.87,20.38,2336,-19.77,17.0,1.0
2024-04-24T03:37:15.000,28.72,3.12,4.04,18.86,20.38,2337,-19.95,17.0,0.999
2024-04-24T03:38:15.000,28.67,3.1,4.06,18.86,20.38,2338,-20.13,17.0,0.999
2024-04-24T03:39:15.000,28.64,3.23,4.09,18.85,20.38,2339,-20.31,17.0,0.999
2024-04-24T03:40:15.000,28.64,3.18,4.11,18.84,20.38,2340,-20.49,17.0,0.999
2024-04-24T03:41:15.000,28.62,3.2,4.14,18.84,20.38,2341,-20.67,17.0,0.999
2024-04-24T03:42:15.000,28.6,3.17,4.16,18.83,20.38,2342,-20.85,18.0,0.999
2024-04-24T03:43:15.000,28.58,3.14,4.19,18.82,20.38,2343,-21.03,18.0,0.999
2024-04-24T03:44:15.000,28.55,3.06,4.22,18.82,20.38,2344,-21.21,18.0,0.999
2024-04-24T03:46:16.000,28.45,2.93,4.26,18.81,20.38,2346,-21.57,18.0,0.999
2024-04-24T03:47:15.000,28.43,2.89,4.29,18.8,20.38,2347,-21.75,18.0,0.999
2024-04-24T03:48:16.000,28.39,2.85,4.31,18.79,20.38,2348,-21.93,19.0,0.999
2024-04-24T03:49:16.000,28.33,2.74,4.33,18.79,20.38,2349,-22.11,19.0,0.999
2024-04-24T03:54:17.000,28.12,2.76,4.43,18.76,20.38,2354,-22.99,20.0,0.999
2024-04-24T03:56:18.000,28.11,2.72,4.47,18.75,20.38,2356,-23.35,20.0,0.999
2024-04-24T03:57:18.000,28.08,2.83,4.5,18.75,20.38,2357,-23.52,20.0,0.999
2024-04-24T03:58:18.000,28.07,2.74,4.52,18.74,20.38,2358,-23.69,20.0,0.999
2024-04-24T03:59:18.000,28.04,2.69,4.51,18.63,20.38,2359,-23.87,20.0,0.999
2024-04-24T04:00:18.000,28.03,2.65,4.55,18.73,20.38,2360,-24.04,21.0,0.999
2024-04-24T04:01:18.000,28.0,2.61,4.57,18.73,20.38,2361,-24.22,21.0,0.999
2024-04-24T04:02:18.000,27.94,2.5,4.63,18.72,20.38,2362,-24.39,21.0,0.999
2024-04-24T04:03:19.000,27.93,2.57,4.65,18.71,20.38,2363,-24.56,21.0,0.999
2024-04-24T04:04:18.000,27.93,2.59,4.67,18.71,20.38,2364,-24.73,21.0,0.999
2024-04-24T04:05:19.000,27.9,2.42,4.72,18.7,20.38,2365,-24.91,21.0,0.999
2024-04-24T04:06:19.000,27.87,2.39,4.71,18.7,20.38,2366,-25.08,22.0,0.999
2024-04-24T04:07:19.000,27.83,2.33,4.73,18.69,20.38,2367,-25.25,22.0,0.999
2024-04-24T04:08:20.000,27.79,2.33,4.74,18.69,20.38,2368,-25.42,22.0,0.999
2024-04-24T04:09:20.000,27.74,2.22,4.72,18.69,20.38,2369,-25.59,22.0,0.999
2024-04-24T04:10:20.000,27.69,2.13,4.73,18.69,20.38,2370,-25.76,22.0,0.999
2024-04-24T04:11:20.000,27.63,2.01,4.75,18.69,20.38,2371,-25.93,22.0,0.999
2024-04-24T04:12:20.000,27.58,2.05,4.77,18.68,20.38,2372,-26.1,23.0,0.999
2024-04-24T04:13:20.000,27.51,1.8,4.8,18.68,20.38,2373,-26.27,23.0,0.999
2024-04-24T04:14:21.000,27.36,1.64,4.81,18.67,20.38,2374,-26.44,23.0,0.999
2024-04-24T04:15:21.000,27.23,1.63,4.84,18.67,20.38,2375,-26.6,23.0,0.999
2024-04-24T04:16:21.000,27.12,1.52,4.85,18.67,20.38,2376,-26.77,23.0,0.999
2024-04-24T04:17:21.000,26.95,1.43,4.86,18.66,20.38,2377,-26.94,23.0,0.999
2024-04-24T04:18:21.000,26.85,1.55,4.88,18.66,20.38,2378,-27.1,24.0,0.999
2024-04-24T04:20:22.000,26.73,1.79,4.92,18.65,20.38,2380,-27.43,24.0,0.999
2024-04-24T04:21:22.000,26.7,1.79,4.94,18.65,20.38,2381,-27.6,24.0,0.999
2024-04-24T04:22:22.000,26.66,1.71,4.96,18.64,20.38,2382,-27.76,24.0,0.999
2024-04-24T04:23:22.000,26.61,1.71,4.97,18.64,20.38,2383,-27.93,24.0,0.999
2024-04-24T04:25:23.000,26.57,1.74,5.01,18.63,20.38,2385,-28.25,25.0,0.999
2024-04-24T04:28:24.000,26.52,1.82,5.07,18.62,20.38,2388,-28.74,25.0,0.999
2024-04-24T04:30:24.000,26.51,1.82,5.1,18.61,20.38,2390,-29.06,25.0,0.999
2024-04-24T04:31:24.000,26.5,1.73,5.11,18.61,20.38,2391,-29.22,26.0,0.999
2024-04-24T04:37:25.000,26.51,1.68,5.22,18.58,20.38,2397,-30.17,26.0,0.999
2024-04-24T04:45:25.000,26.32,1.5,5.41,18.55,20.38,2405,-31.4,28.0,0.999
2024-04-24T04:50:26.000,26.23,1.41,5.41,18.55,20.38,2410,-32.15,28.0,0.999
2024-04-24T04:51:26.000,26.2,1.35,5.42,18.54,20.38,2411,-32.3,28.0,0.999
2024-04-24T04:52:26.000,26.2,1.4,5.43,18.54,20.38,2412,-32.45,29.0,0.999
