Downloads/jupyter/ECSV/stars19/stars19_2023-03.ecsv
# %ECSV 1.0
# ---
# datatype:
# - {name: time, datatype: string}
# - {name: Enclosure Temperature, unit: deg_C, datatype: float64}
# - {name: Sky Temperature, unit: deg_C, datatype: float64}
# - {name: Frequency, unit: Hz, datatype: float64}
# - {name: MSAS, unit: mag / arcsec2, datatype: float64}
# - {name: ZP, datatype: float64}
# - {name: Sequence Number, datatype: int64}
# - {name: Sun Alt, unit: deg, datatype: float64}
# - {name: Moon Alt, unit: deg, datatype: float64}
# - {name: Moon Illumination, datatype: float64}
# delimiter: ','
# meta: !!omap
# - ida:
#     Data supplier: {affiliation: null, observer: null}
#     Device type: TESS-W
#     Field of view: 17.0
#     Filters per channel: None
#     Instrument ID: stars19
#     License: ODbL 1.0 http://opendatacommons.org/licenses/odbl/summary/
#     Local timezone: America/Phoenix
#     Location name: {country: '- Tucson', place: Tucson, region: United States, sub_region: Arizona, town: Pima County}
#     Measurement direction per channel: {azimuth: 0.0, zenital: 0.0}
#     Moving / Fixed look direction: FIXED
#     Moving / Stationary position: STATIONARY
#     Number of channels: 1
#     Number of fields per line: 8
#     Number of header lines: 35
#     Position: {height: 0.0, latitude: 32.223877, longitude: -110.767532}
#     TESS MAC address: 18:FE:34:CF:EC:06
#     TESS cover offset value: 0.0
#     TESS firmware version: '1.0'
#     TESS zero point: 20.38
#     Time Synchronization: timestamp added by MQTT subscriber
#     URL: http://www.darksky.org/NSBM/sdf1.0.pdf
# - __serialized_columns__:
#     Enclosure Temperature:
#       __class__: astropy.units.quantity.Quantity
#       unit: &id001 !astropy.units.Unit {unit: deg_C}
#       value: !astropy.table.SerializedColumn {name: Enclosure Temperature}
#     Frequency:
#       __class__: astropy.units.quantity.Quantity
#       unit: !astropy.units.Unit {unit: Hz}
#       value: !astropy.table.SerializedColumn {name: Frequency}
#     MSAS:
#       __class__: astropy.units.quantity.Quantity
#       unit: !astropy.units.Unit {unit: mag / arcsec2}
#       value: !astropy.table.SerializedColumn {name: MSAS}
#     Moon Alt:
#       __class__: astropy.units.quantity.Quantity
#       unit: &id002 !astropy.units.Unit {unit: deg}
#       value: !astropy.table.SerializedColumn {name: Moon Alt}
#     Sky Temperature:
#       __class__: astropy.units.quantity.Quantity
#       unit: *id001
#       value: !astropy.table.SerializedColumn {name: Sky Temperature}
#     Sun Alt:
#       __class__: astropy.units.quantity.Quantity
#       unit: *id002
#       value: !astropy.table.SerializedColumn {name: Sun Alt}
#     time:
#       __class__: astropy.time.core.Time
#       format: isot
#       in_subfmt: '*'
#       out_subfmt: '*'
#       precision: 3
#       scale: utc
#       value: !astropy.table.SerializedColumn {name: time}
# schema: astropy-2.0
time,Enclosure Temperature,Sky Temperature,Frequency,MSAS,ZP,Sequence Number,Sun Alt,Moon Alt,Moon Illumination
[from data line 8846]
2023-03-19T01:04:33.000,19.63,-5.43,0.0,0.0,20.38,99046,5.2,-33.0,0.102
2023-03-19T01:05:33.000,19.53,-5.39,0.0,0.0,20.38,99047,4.99,-33.0,0.102
2023-03-19T01:06:33.000,19.52,-5.36,0.0,0.0,20.38,99048,4.78,-33.0,0.102
2023-03-19T01:10:33.000,19.26,-5.37,0.0,0.0,20.38,99052,3.93,-34.0,0.102
2023-03-19T01:11:34.000,19.31,-5.41,0.0,0.0,20.38,99053,3.72,-34.0,0.102
2023-03-19T01:12:34.000,19.3,-5.51,0.0,0.0,20.38,99054,3.51,-34.0,0.102
2023-03-19T01:13:34.000,19.23,-5.83,0.2,0.09,20.38,99055,3.3,-35.0,0.102
2023-03-19T01:14:34.000,19.18,-5.58,0.0,0.0,20.38,99056,3.09,-35.0,0.102
2023-03-19T01:15:34.000,19.21,-5.42,0.0,0.0,20.38,99057,2.87,-35.0,0.102
2023-03-19T01:16:35.000,19.29,-5.55,0.0,0.0,20.38,99058,2.66,-35.0,0.101
2023-03-19T01:17:35.000,19.15,-5.92,0.0,0.0,20.38,99059,2.45,-35.0,0.101
2023-03-19T01:18:35.000,19.14,-5.68,0.21,0.11,20.38,99060,2.24,-36.0,0.101
2023-03-19T01:19:35.000,19.08,-5.95,0.0,0.0,20.38,99061,2.03,-36.0,0.101
2023-03-19T01:20:36.000,19.04,-5.88,0.0,0.0,20.38,99062,1.81,-36.0,0.101
2023-03-19T01:21:36.000,19.0,-5.95,0.0,0.0,20.38,99063,1.6,-36.0,0.101
2023-03-19T01:31:38.000,18.51,-6.51,0.0,0.0,20.38,99073,-0.52,-38.0,0.101
2023-03-19T01:32:38.000,18.49,-6.24,0.0,0.0,20.38,99074,-0.73,-38.0,0.101
2023-03-19T01:33:38.000,18.46,-6.5,0.0,0.0,20.38,99075,-0.94,-39.0,0.101
2023-03-19T01:34:38.000,18.43,-6.4,44396.47,6.04,20.38,99076,-1.15,-39.0,0.101
2023-03-19T01:35:39.000,18.36,-6.51,54424.13,8.54,20.38,99077,-1.37,-39.0,0.101
2023-03-19T01:36:39.000,18.31,-6.55,46748.49,8.71,20.38,99078,-1.58,-39.0,0.1
2023-03-19T01:37:39.000,18.25,-6.54,39990.2,8.88,20.38,99079,-1.79,-39.0,0.1
2023-03-19T01:38:39.000,18.24,-6.61,33962.54,9.05,20.38,99080,-2.0,-40.0,0.1
2023-03-19T01:39:40.000,18.16,-6.67,28581.28,9.24,20.38,99081,-2.22,-40.0,0.1
2023-03-19T01:40:40.000,18.14,-6.56,23845.98,9.44,20.38,99082,-2.43,-40.0,0.1
2023-03-19T01:41:41.000,18.12,-6.6,19757.24,9.64,20.38,99083,-2.64,-40.0,0.1
2023-03-19T01:44:43.000,18.04,-6.96,10560.64,10.32,20.38,99086,-3.29,-41.0,0.1
2023-03-19T01:45:43.000,17.99,-6.81,8340.15,10.58,20.38,99087,-3.5,-41.0,0.1
2023-03-19T01:46:43.000,17.94,-6.83,6570.09,10.84,20.38,99088,-3.71,-41.0,0.1
2023-03-19T01:47:43.000,17.89,-7.0,5181.78,11.1,20.38,99089,-3.92,-41.0,0.1
2023-03-19T01:48:45.000,17.84,-6.87,4073.71,11.36,20.38,99090,-4.14,-42.0,0.1
2023-03-19T01:49:45.000,17.79,-6.95,3182.02,11.63,20.38,99091,-4.35,-42.0,0.1
2023-03-19T01:50:45.000,17.76,-6.87,2477.03,11.9,20.38,99092,-4.56,-42.0,0.1
2023-03-19T01:51:46.000,17.83,-6.6,1924.49,12.17,20.38,99093,-4.77,-42.0,0.1
2023-03-19T01:52:45.000,17.78,-7.17,1490.4,12.45,20.38,99094,-4.98,-42.0,0.1
2023-03-19T01:53:45.000,17.65,-7.27,1153.71,12.73,20.38,99095,-5.19,-43.0,0.1
2023-03-19T01:54:45.000,17.61,-7.08,890.47,13.01,20.38,99096,-5.41,-43.0,0.1
2023-03-19T01:55:45.000,17.59,-7.12,683.01,13.3,20.38,99097,-5.62,-43.0,0.1
2023-03-19T01:56:46.000,17.63,-6.68,521.91,13.59,20.38,99098,-5.83,-43.0,0.099
2023-03-19T01:57:46.000,17.71,-6.71,397.08,13.89,20.38,99099,-6.04,-43.0,0.099
2023-03-19T01:58:46.000,17.7,-7.23,301.17,14.19,20.38,99100,-6.25,-44.0,0.099
2023-03-19T01:59:46.000,17.6,-7.24,227.78,14.49,20.38,99101,-6.46,-44.0,0.099
2023-03-19T02:00:47.000,17.53,-7.3,172.41,14.79,20.38,99102,-6.68,-44.0,0.099
2023-03-19T02:01:47.000,17.49,-7.15,130.35,15.1,20.38,99103,-6.89,-44.0,0.099
2023-03-19T02:02:47.000,17.51,-7.07,98.8,15.4,20.38,99104,-7.1,-44.0,0.099
2023-03-19T02:03:47.000,17.53,-7.12,75.27,15.69,20.38,99105,-7.31,-45.0,0.099
2023-03-19T02:04:47.000,17.49,-7.36,57.68,15.98,20.38,99106,-7.52,-45.0,0.099
2023-03-19T02:05:47.000,17.44,-7.17,44.56,16.26,20.38,99107,-7.73,-45.0,0.099
2023-03-19T02:06:47.000,17.44,-7.19,35.46,16.51,20.38,99108,-7.94,-45.0,0.099
2023-03-19T02:07:47.000,17.45,-7.06,28.11,16.76,20.38,99109,-8.16,-45.0,0.099
2023-03-19T02:08:48.000,17.39,-7.5,22.67,16.99,20.38,99110,-8.37,-46.0,0.099
2023-03-19T02:09:48.000,17.31,-7.28,18.37,17.22,20.38,99111,-8.58,-46.0,0.099
2023-03-19T02:10:48.000,17.29,-7.28,15.25,17.42,20.38,99112,-8.79,-46.0,0.099
2023-03-19T02:11:48.000,17.27,-7.37,12.79,17.61,20.38,99113,-9.0,-46.0,0.099
2023-03-19T02:12:48.000,17.26,-7.2,10.7,17.81,20.38,99114,-9.21,-46.0,0.099
2023-03-19T02:13:48.000,17.27,-7.11,9.11,17.98,20.38,99115,-9.42,-47.0,0.099
2023-03-19T02:14:48.000,17.33,-7.05,7.85,18.14,20.38,99116,-9.63,-47.0,0.099
2023-03-19T02:15:49.000,17.31,-7.36,6.81,18.3,20.38,99117,-9.85,-47.0,0.099
2023-03-19T02:16:49.000,17.26,-7.34,5.91,18.45,20.38,99118,-10.06,-47.0,0.098
2023-03-19T02:17:49.000,17.25,-7.43,5.21,18.59,20.38,99119,-10.27,-47.0,0.098
2023-03-19T02:18:49.000,17.17,-7.54,4.63,18.72,20.38,99120,-10.48,-48.0,0.098
2023-03-19T02:19:49.000,17.15,-7.39,4.15,18.84,20.38,99121,-10.69,-48.0,0.098
2023-03-19T02:20:50.000,17.13,-7.45,3.75,18.95,20.38,99122,-10.9,-48.0,0.098
2023-03-19T02:21:50.000,17.16,-7.3,3.42,19.05,20.38,99123,-11.11,-48.0,0.098
2023-03-19T02:22:50.000,17.2,-7.18,3.14,19.14,20.38,99124,-11.32,-48.0,0.098
2023-03-19T02:23:51.000,17.2,-7.38,2.92,19.22,20.38,99125,-11.54,-49.0,0.098
2023-03-19T02:24:51.000,17.17,-7.57,2.74,19.28,20.38,99126,-11.75,-49.0,0.098
2023-03-19T02:26:51.000,17.18,-7.42,2.46,19.4,20.38,99128,-12.17,-49.0,0.098
2023-03-19T02:27:51.000,17.15,-7.49,2.35,19.45,20.38,99129,-12.38,-49.0,0.098
2023-03-19T02:28:52.000,17.12,-7.5,2.3,19.48,20.38,99130,-12.59,-50.0,0.098
2023-03-19T02:29:52.000,17.12,-7.65,2.2,19.52,20.38,99131,-12.8,-50.0,0.098
2023-03-19T02:30:52.000,17.02,-7.72,2.18,19.53,20.38,99132,-13.01,-50.0,0.098
2023-03-19T02:31:52.000,17.01,-7.72,2.16,19.54,20.38,99133,-13.22,-50.0,0.098
2023-03-19T02:32:52.000,16.92,-7.84,2.06,19.6,20.38,99134,-13.43,-50.0,0.098
2023-03-19T02:33:52.000,16.9,-7.71,1.99,19.63,20.38,99135,-13.64,-51.0,0.098
2023-03-19T02:34:52.000,16.87,-7.77,2.05,19.6,20.38,99136,-13.85,-51.0,0.098
2023-03-19T02:35:53.000,16.85,-7.67,2.02,19.62,20.38,99137,-14.06,-51.0,0.098
2023-03-19T02:36:53.000,16.87,-7.57,1.99,19.63,20.38,99138,-14.27,-51.0,0.097
2023-03-19T02:37:53.000,16.84,-7.71,1.97,19.64,20.38,99139,-14.48,-51.0,0.097
2023-03-19T02:38:53.000,16.84,-7.6,1.95,19.65,20.38,99140,-14.69,-52.0,0.097
2023-03-19T02:39:53.000,16.83,-7.72,3.16,19.31,20.38,99141,-14.89,-52.0,0.097
2023-03-19T02:40:53.000,16.77,-7.87,1.92,19.67,20.38,99142,-15.1,-52.0,0.097
2023-03-19T02:41:54.000,16.75,-7.77,1.87,19.7,20.38,99143,-15.32,-52.0,0.097
2023-03-19T02:42:54.000,16.73,-7.73,1.86,19.7,20.38,99144,-15.52,-52.0,0.097
2023-03-19T02:43:54.000,16.7,-7.84,1.86,19.7,20.38,99145,-15.73,-53.0,0.097
2023-03-19T02:44:55.000,16.68,-7.84,1.85,19.71,20.38,99146,-15.95,-53.0,0.097
2023-03-19T02:45:54.000,16.63,-7.82,1.85,19.71,20.38,99147,-16.15,-53.0,0.097
2023-03-19T02:46:55.000,16.58,-7.86,1.84,19.72,20.38,99148,-16.36,-53.0,0.097
2023-03-19T02:47:56.000,16.56,-7.84,1.84,19.72,20.38,99149,-16.57,-53.0,0.097
2023-03-19T02:48:58.000,16.6,-7.57,1.84,19.72,20.38,99150,-16.79,-54.0,0.097
2023-03-19T02:49:58.000,16.56,-7.97,1.84,19.72,20.38,99151,-17.0,-54.0,0.097
2023-03-19T02:50:58.000,16.51,-7.87,1.84,19.72,20.38,99152,-17.2,-54.0,0.097
2023-03-19T02:51:58.000,16.54,-7.59,1.84,19.72,20.38,99153,-17.41,-54.0,0.097
2023-03-19T02:52:58.000,16.6,-7.59,1.84,19.72,20.38,99154,-17.62,-54.0,0.097
2023-03-19T02:53:58.000,16.64,-7.66,1.84,19.72,20.38,99155,-17.83,-55.0,0.097
2023-03-19T02:54:58.000,16.57,-7.99,1.84,19.72,20.38,99156,-18.04,-55.0,0.097
2023-03-19T02:55:58.000,16.51,-7.99,1.86,19.71,20.38,99157,-18.24,-55.0,0.097
2023-03-19T02:56:58.000,16.47,-8.02,1.85,19.71,20.38,99158,-18.45,-55.0,0.096
2023-03-19T02:57:58.000,16.4,-8.07,1.83,19.72,20.38,99159,-18.66,-55.0,0.096
2023-03-19T02:59:00.000,16.43,-7.75,1.83,19.72,20.38,99160,-18.87,-55.0,0.096
2023-03-19T03:00:00.000,16.43,-8.02,1.83,19.72,20.38,99161,-19.08,-56.0,0.096
2023-03-19T03:01:00.000,16.37,-8.05,1.83,19.73,20.38,99162,-19.29,-56.0,0.096
2023-03-19T03:02:00.000,16.37,-7.96,1.77,19.76,20.38,99163,-19.49,-56.0,0.096
2023-03-19T03:03:00.000,16.37,-7.97,1.75,19.77,20.38,99164,-19.7,-56.0,0.096
2023-03-19T03:04:00.000,16.35,-8.09,1.75,19.77,20.38,99165,-19.91,-56.0,0.096
2023-03-19T03:05:01.000,16.31,-8.1,1.76,19.77,20.38,99166,-20.12,-57.0,0.096
2023-03-19T03:06:01.000,16.27,-8.1,1.75,19.77,20.38,99167,-20.32,-57.0,0.096
2023-03-19T03:07:01.000,16.23,-8.08,1.75,19.77,20.38,99168,-20.53,-57.0,0.096
2023-03-19T03:08:01.000,16.26,-7.95,1.75,19.77,20.38,99169,-20.73,-57.0,0.096
2023-03-19T03:09:01.000,16.23,-8.22,1.75,19.77,20.38,99170,-20.94,-57.0,0.096
2023-03-19T03:10:01.000,16.2,-8.02,1.76,19.76,20.38,99171,-21.15,-58.0,0.096
2023-03-19T03:11:01.000,16.22,-8.08,1.78,19.75,20.38,99172,-21.35,-58.0,0.096
2023-03-19T03:12:01.000,16.19,-8.08,1.78,19.75,20.38,99173,-21.56,-58.0,0.096
2023-03-19T03:13:02.000,16.19,-8.1,1.78,19.75,20.38,99174,-21.77,-58.0,0.096
2023-03-19T03:14:02.000,16.19,-7.97,1.78,19.76,20.38,99175,-21.97,-58.0,0.096
2023-03-19T03:15:02.000,16.24,-7.93,1.78,19.76,20.38,99176,-22.18,-59.0,0.096
2023-03-19T03:16:03.000,16.34,-7.67,1.77,19.76,20.38,99177,-22.39,-59.0,0.096
2023-03-19T03:17:03.000,16.34,-8.18,1.77,19.76,20.38,99178,-22.59,-59.0,0.095
2023-03-19T03:18:03.000,16.23,-8.29,1.76,19.76,20.38,99179,-22.8,-59.0,0.095
2023-03-19T03:19:03.000,16.17,-8.25,1.76,19.77,20.38,99180,-23.0,-59.0,0.095
2023-03-19T03:20:04.000,16.15,-8.19,1.76,19.77,20.38,99181,-23.21,-60.0,0.095
2023-03-19T03:21:04.000,16.17,-8.02,1.76,19.77,20.38,99182,-23.41,-60.0,0.095
2023-03-19T03:22:04.000,16.17,-8.2,1.76,19.77,20.38,99183,-23.62,-60.0,0.095
2023-03-19T03:23:06.000,16.17,-8.1,1.75,19.77,20.38,99184,-23.83,-60.0,0.095
2023-03-19T03:24:06.000,16.19,-8.02,1.75,19.77,20.38,99185,-24.03,-60.0,0.095
2023-03-19T03:25:06.000,16.15,-8.38,1.75,19.77,20.38,99186,-24.23,-60.0,0.095
2023-03-19T03:27:06.000,16.1,-8.11,1.75,19.77,20.38,99188,-24.64,-61.0,0.095
2023-03-19T03:28:06.000,16.1,-8.23,1.75,19.77,20.38,99189,-24.84,-61.0,0.095
2023-03-19T03:29:07.000,16.09,-8.31,1.74,19.78,20.38,99190,-25.05,-61.0,0.095
2023-03-19T03:30:07.000,16.08,-8.2,1.74,19.78,20.38,99191,-25.25,-61.0,0.095
2023-03-19T03:31:07.000,16.08,-8.32,1.74,19.78,20.38,99192,-25.46,-62.0,0.095
2023-03-19T03:32:07.000,16.03,-8.47,1.74,19.78,20.38,99193,-25.66,-62.0,0.095
2023-03-19T03:33:07.000,16.0,-8.39,1.74,19.78,20.38,99194,-25.86,-62.0,0.095
2023-03-19T03:34:07.000,16.0,-8.32,1.73,19.78,20.38,99195,-26.06,-62.0,0.095
2023-03-19T03:35:07.000,16.05,-8.21,1.73,19.78,20.38,99196,-26.27,-62.0,0.095
2023-03-19T03:36:07.000,16.08,-8.18,1.73,19.78,20.38,99197,-26.47,-62.0,0.095
2023-03-19T03:37:07.000,16.03,-8.58,1.73,19.78,20.38,99198,-26.67,-63.0,0.094
2023-03-19T03:38:07.000,15.91,-8.67,1.73,19.79,20.38,99199,-26.87,-63.0,0.094
2023-03-19T03:39:08.000,15.88,-8.42,1.73,19.79,20.38,99200,-27.08,-63.0,0.094
2023-03-19T03:40:08.000,15.92,-8.34,1.73,19.79,20.38,99201,-27.28,-63.0,0.094
2023-03-19T03:41:08.000,15.93,-8.54,1.73,19.79,20.38,99202,-27.48,-63.0,0.094
2023-03-19T03:42:09.000,15.87,-8.44,1.73,19.79,20.38,99203,-27.68,-64.0,0.094
2023-03-19T03:43:08.000,15.95,-8.23,1.72,19.79,20.38,99204,-27.88,-64.0,0.094
2023-03-19T03:44:08.000,16.0,-8.33,1.72,19.79,20.38,99205,-28.08,-64.0,0.094
2023-03-19T03:45:09.000,15.93,-8.62,1.73,19.79,20.38,99206,-28.28,-64.0,0.094
2023-03-19T03:46:09.000,15.86,-8.59,1.72,19.79,20.38,99207,-28.48,-64.0,0.094
2023-03-19T03:47:09.000,15.9,-8.29,1.72,19.79,20.38,99208,-28.68,-64.0,0.094
2023-03-19T03:48:12.000,15.93,-8.41,1.72,19.79,20.38,99209,-28.89,-65.0,0.094
2023-03-19T03:49:12.000,15.86,-8.65,1.72,19.79,20.38,99210,-29.09,-65.0,0.094
2023-03-19T03:50:12.000,15.82,-8.63,1.72,19.79,20.38,99211,-29.29,-65.0,0.094
2023-03-19T03:51:12.000,15.82,-8.53,1.72,19.79,20.38,99212,-29.49,-65.0,0.094
2023-03-19T03:52:13.000,15.72,-8.81,1.72,19.79,20.38,99213,-29.69,-65.0,0.094
2023-03-19T03:53:13.000,15.82,-8.2,1.62,19.86,20.38,99214,-29.89,-66.0,0.094
2023-03-19T03:54:13.000,15.86,-8.41,1.71,19.79,20.38,99215,-30.09,-66.0,0.094
2023-03-19T03:55:13.000,15.82,-8.8,1.71,19.8,20.38,99216,-30.29,-66.0,0.094
2023-03-19T03:56:13.000,15.7,-8.8,1.71,19.8,20.38,99217,-30.48,-66.0,0.094
2023-03-19T03:57:13.000,15.66,-8.78,1.75,19.77,20.38,99218,-30.68,-66.0,0.094
2023-03-19T03:58:13.000,15.67,-8.58,1.73,19.78,20.38,99219,-30.88,-66.0,0.093
2023-03-19T03:59:14.000,15.76,-8.32,1.73,19.79,20.38,99220,-31.08,-67.0,0.093
2023-03-19T04:00:15.000,15.82,-8.54,1.72,19.79,20.38,99221,-31.28,-67.0,0.093
2023-03-19T04:01:14.000,15.8,-8.68,1.72,19.79,20.38,99222,-31.47,-67.0,0.093
2023-03-19T04:02:14.000,15.69,-8.77,1.72,19.79,20.38,99223,-31.67,-67.0,0.093
2023-03-19T04:03:14.000,15.69,-8.48,1.72,19.79,20.38,99224,-31.86,-67.0,0.093
2023-03-19T04:04:14.000,15.73,-8.51,1.72,19.79,20.38,99225,-32.06,-67.0,0.093
2023-03-19T04:06:15.000,15.72,-8.62,1.64,19.84,20.38,99227,-32.45,-68.0,0.093
2023-03-19T04:13:15.000,15.86,-8.68,1.71,19.8,20.38,99234,-33.81,-69.0,0.093
2023-03-19T04:14:15.000,15.83,-8.68,1.67,19.82,20.38,99235,-34.01,-69.0,0.093
2023-03-19T04:15:15.000,15.85,-8.61,1.61,19.86,20.38,99236,-34.2,-69.0,0.093
2023-03-19T04:16:18.000,15.79,-8.89,1.57,19.89,20.38,99237,-34.4,-69.0,0.093
2023-03-19T04:17:17.000,15.65,-9.04,1.57,19.89,20.38,99238,-34.59,-70.0,0.093
2023-03-19T04:18:17.000,15.62,-8.81,1.57,19.89,20.38,99239,-34.78,-70.0,0.092
2023-03-19T04:19:17.000,15.66,-8.58,1.57,19.89,20.38,99240,-34.97,-70.0,0.092
2023-03-19T04:20:18.000,15.68,-8.57,1.67,19.83,20.38,99241,-35.17,-70.0,0.092
2023-03-19T04:21:18.000,15.74,-8.58,1.67,19.82,20.38,99242,-35.36,-70.0,0.092
2023-03-19T04:22:18.000,15.69,-8.85,1.67,19.82,20.38,99243,-35.55,-70.0,0.092
2023-03-19T04:23:20.000,15.67,-8.7,1.63,19.85,20.38,99244,-35.75,-70.0,0.092
2023-03-19T04:24:19.000,15.71,-8.59,1.56,19.9,20.38,99245,-35.93,-71.0,0.092
2023-03-19T04:25:19.000,15.74,-8.65,1.56,19.9,20.38,99246,-36.12,-71.0,0.092
2023-03-19T04:26:19.000,15.68,-8.99,1.63,19.85,20.38,99247,-36.31,-71.0,0.092
2023-03-19T04:27:20.000,15.62,-8.92,1.67,19.83,20.38,99248,-36.5,-71.0,0.092
2023-03-19T04:28:21.000,15.58,-8.8,1.66,19.83,20.38,99249,-36.7,-71.0,0.092
2023-03-19T04:29:21.000,15.57,-8.79,1.66,19.83,20.38,99250,-36.88,-71.0,0.092
2023-03-19T04:30:21.000,15.58,-8.75,1.66,19.83,20.38,99251,-37.07,-71.0,0.092
2023-03-19T04:32:21.000,15.66,-8.4,1.67,19.82,20.38,99253,-37.45,-72.0,0.092
2023-03-19T04:33:22.000,15.7,-8.61,1.59,19.88,20.38,99254,-37.64,-72.0,0.092
2023-03-19T04:34:22.000,15.68,-8.74,1.55,19.9,20.38,99255,-37.82,-72.0,0.092
2023-03-19T04:36:22.000,15.66,-8.78,1.58,19.88,20.38,99257,-38.2,-72.0,0.092
2023-03-19T04:37:22.000,15.7,-8.5,1.58,19.88,20.38,99258,-38.38,-72.0,0.092
2023-03-19T04:38:22.000,15.69,-8.79,1.58,19.88,20.38,99259,-38.57,-73.0,0.092
2023-03-19T04:39:22.000,15.6,-9.09,1.58,19.88,20.38,99260,-38.75,-73.0,0.091
2023-03-19T04:40:22.000,15.53,-8.96,1.58,19.88,20.38,99261,-38.93,-73.0,0.091
2023-03-19T04:41:22.000,15.56,-8.67,1.58,19.89,20.38,99262,-39.12,-73.0,0.091
2023-03-19T04:42:23.000,15.5,-9.2,1.57,19.89,20.38,99263,-39.31,-73.0,0.091
2023-03-19T04:43:23.000,15.52,-8.55,1.57,19.89,20.38,99264,-39.49,-73.0,0.091
2023-03-19T04:45:24.000,15.76,-8.39,1.57,19.89,20.38,99266,-39.86,-73.0,0.091
2023-03-19T04:46:24.000,15.86,-8.4,1.57,19.89,20.38,99267,-40.04,-74.0,0.091
2023-03-19T04:47:24.000,15.9,-8.58,1.57,19.89,20.38,99268,-40.22,-74.0,0.091
2023-03-19T04:48:24.000,15.93,-8.67,1.56,19.9,20.38,99269,-40.4,-74.0,0.091
2023-03-19T04:49:24.000,15.82,-9.04,1.65,19.84,20.38,99270,-40.58,-74.0,0.091
2023-03-19T04:50:24.000,15.74,-9.21,1.57,19.89,20.38,99271,-40.76,-74.0,0.091
2023-03-19T04:51:25.000,15.57,-9.37,1.57,19.89,20.38,99272,-40.94,-74.0,0.091
2023-03-19T04:52:25.000,15.49,-9.14,1.57,19.89,20.38,99273,-41.12,-74.0,0.091
2023-03-19T04:53:25.000,15.5,-8.94,1.57,19.89,20.38,99274,-41.3,-74.0,0.091
2023-03-19T04:54:25.000,15.46,-9.25,1.58,19.89,20.38,99275,-41.48,-74.0,0.091
2023-03-19T04:55:25.000,15.36,-9.36,1.63,19.85,20.38,99276,-41.66,-75.0,0.091
2023-03-19T04:56:25.000,15.33,-9.0,1.72,19.79,20.38,99277,-41.83,-75.0,0.091
