Downloads/jupyter/ECSV/stars19/stars19_2021-05.ecsv
# %ECSV 1.0
# ---
# datatype:
# - {name: time, datatype: string}
# - {name: Enclosure Temperature, unit: deg_C, datatype: float64}
# - {name: Sky Temperature, unit: deg_C, datatype: float64}
# - {name: Frequency, unit: Hz, datatype: float64}
# - {name: MSAS, unit: mag / arcsec2, datatype: float64}
# - {name: ZP, datatype: float64}
# - {name: Sequence Number, datatype: int64}
# - {name: Sun Alt, unit: deg, datatype: float64}
# - {name: Moon Alt, unit: deg, datatype: float64}
# - {name: Moon Illumination, datatype: float64}
# delimiter: ','
# meta: !!omap
# - ida:
#     Data supplier: {affiliation: null, observer: null}
#     Device type: TESS-W
#     Field of view: 17.0
#     Filters per channel: None
#     Instrument ID: stars19
#     License: ODbL 1.0 http://opendatacommons.org/licenses/odbl/summary/
#     Local timezone: America/Phoenix
#     Location name: {country: '- Tucson', place: Tucson, region: United States, sub_region: Arizona, town: Pima County}
#     Measurement direction per channel: {azimuth: 0.0, zenital: 0.0}
#     Moving / Fixed look direction: FIXED
#     Moving / Stationary position: STATIONARY
#     Number of channels: 1
#     Number of fields per line: 8
#     Number of header lines: 35
#     Position: {height: 0.0, latitude: 32.223877, longitude: -110.767532}
#     TESS MAC address: 18:FE:34:CF:EC:06
#     TESS cover offset value: 0.0
#     TESS firmware version: '1.0'
#     TESS zero point: 20.5
#     Time Synchronization: timestamp added by MQTT subscriber
#     URL: http://www.darksky.org/NSBM/sdf1.0.pdf
# - __serialized_columns__:
#     Enclosure Temperature:
#       __class__: astropy.units.quantity.Quantity
#       unit: &id001 !astropy.units.Unit {unit: deg_C}
#       value: !astropy.table.SerializedColumn {name: Enclosure Temperature}
#     Frequency:
#       __class__: astropy.units.quantity.Quantity
#       unit: !astropy.units.Unit {unit: Hz}
#       value: !astropy.table.SerializedColumn {name: Frequency}
#     MSAS:
#       __class__: astropy.units.quantity.Quantity
#       unit: !astropy.units.Unit {unit: mag / arcsec2}
#       value: !astropy.table.SerializedColumn {name: MSAS}
#     Moon Alt:
#       __class__: astropy.units.quantity.Quantity
#       unit: &id002 !astropy.units.Unit {unit: deg}
#       value: !astropy.table.SerializedColumn {name: Moon Alt}
#     Sky Temperature:
#       __class__: astropy.units.quantity.Quantity
#       unit: *id001
#       value: !astropy.table.SerializedColumn {name: Sky Temperature}
#     Sun Alt:
#       __class__: astropy.units.quantity.Quantity
#       unit: *id002
#       value: !astropy.table.SerializedColumn {name: Sun Alt}
#     time:
#       __class__: astropy.time.core.Time
#       format: isot
#       in_subfmt: '*'
#       out_subfmt: '*'
#       precision: 3
#       scale: utc
#       value: !astropy.table.SerializedColumn {name: time}
# schema: astropy-2.0
time,Enclosure Temperature,Sky Temperature,Frequency,MSAS,ZP,Sequence Number,Sun Alt,Moon Alt,Moon Illumination
[from data line 13502]
2021-05-20T05:08:42.000,29.13,4.83,1.95,19.65,20.5,21201,-29.08,44.0,0.545
2021-05-20T05:09:42.000,29.12,4.81,1.95,19.66,20.5,21202,-29.21,44.0,0.546
2021-05-20T05:11:43.000,29.08,4.73,1.94,19.66,20.5,21204,-29.45,43.0,0.546
2021-05-20T05:12:43.000,29.05,4.63,1.94,19.66,20.5,21205,-29.57,43.0,0.546
2021-05-20T05:13:43.000,29.03,4.54,1.94,19.66,20.5,21206,-29.69,43.0,0.546
2021-05-20T05:14:43.000,28.99,4.44,1.94,19.66,20.5,21207,-29.81,43.0,0.546
2021-05-20T05:15:43.000,28.96,4.42,1.96,19.65,20.5,21208,-29.93,43.0,0.546
2021-05-20T05:16:44.000,28.92,4.35,1.85,19.71,20.5,21209,-30.05,42.0,0.546
2021-05-20T05:17:44.000,28.86,4.27,1.85,19.71,20.5,21210,-30.16,42.0,0.546
2021-05-20T05:23:45.000,28.55,4.24,1.81,19.73,20.5,21216,-30.85,41.0,0.547
2021-05-20T05:24:45.000,28.52,4.21,1.81,19.74,20.5,21217,-30.96,41.0,0.547
2021-05-20T05:25:45.000,28.46,4.12,1.81,19.74,20.5,21218,-31.07,40.0,0.547
2021-05-20T05:26:45.000,28.4,4.1,1.8,19.74,20.5,21219,-31.18,40.0,0.547
2021-05-20T05:27:46.000,28.39,4.12,1.8,19.74,20.5,21220,-31.29,40.0,0.547
2021-05-20T05:28:46.000,28.32,3.98,1.79,19.75,20.5,21221,-31.4,40.0,0.547
2021-05-20T05:29:46.000,28.28,3.99,1.83,19.72,20.5,21222,-31.51,40.0,0.547
2021-05-20T05:30:46.000,28.26,3.93,1.78,19.75,20.5,21223,-31.62,39.0,0.547
2021-05-20T05:34:47.000,28.12,3.84,1.76,19.76,20.5,21227,-32.04,39.0,0.547
2021-05-20T05:35:47.000,28.11,3.85,1.76,19.77,20.5,21228,-32.14,38.0,0.547
2021-05-20T05:36:48.000,28.07,3.79,1.76,19.77,20.5,21229,-32.25,38.0,0.548
2021-05-20T05:37:48.000,28.04,3.78,1.75,19.77,20.5,21230,-32.35,38.0,0.548
2021-05-20T05:38:48.000,28.0,3.78,1.75,19.77,20.5,21231,-32.45,38.0,0.548
2021-05-20T05:39:48.000,27.97,3.76,1.75,19.77,20.5,21232,-32.55,38.0,0.548
2021-05-20T05:40:48.000,27.91,3.71,1.75,19.77,20.5,21233,-32.65,37.0,0.548
2021-05-20T05:41:49.000,27.89,3.69,1.74,19.78,20.5,21234,-32.75,37.0,0.548
2021-05-20T05:42:49.000,27.85,3.67,1.74,19.78,20.5,21235,-32.84,37.0,0.548
2021-05-20T05:43:49.000,27.8,3.63,1.74,19.78,20.5,21236,-32.94,37.0,0.548
2021-05-20T05:44:49.000,27.75,3.61,1.73,19.78,20.5,21237,-33.04,37.0,0.548
2021-05-20T05:45:49.000,27.72,3.6,1.73,19.79,20.5,21238,-33.13,36.0,0.548
2021-05-20T05:46:50.000,27.7,3.54,1.72,19.79,20.5,21239,-33.23,36.0,0.548
2021-05-20T05:47:50.000,27.68,3.52,1.72,19.79,20.5,21240,-33.32,36.0,0.548
2021-05-20T05:51:51.000,27.52,3.29,1.71,19.8,20.5,21244,-33.68,35.0,0.549
2021-05-20T05:52:51.000,27.47,3.29,1.7,19.8,20.5,21245,-33.77,35.0,0.549
2021-05-20T05:53:51.000,27.42,3.26,1.7,19.81,20.5,21246,-33.86,35.0,0.549
2021-05-20T05:54:51.000,27.38,3.21,1.69,19.81,20.5,21247,-33.95,34.0,0.549
2021-05-20T05:55:52.000,27.33,3.13,1.69,19.81,20.5,21248,-34.03,34.0,0.549
2021-05-20T05:56:52.000,27.28,3.06,1.68,19.81,20.5,21249,-34.12,34.0,0.549
2021-05-20T05:57:52.000,27.22,3.05,1.68,19.82,20.5,21250,-34.2,34.0,0.549
2021-05-20T05:58:52.000,27.18,3.04,1.68,19.82,20.5,21251,-34.29,34.0,0.549
2021-05-20T05:59:52.000,27.12,3.01,1.67,19.82,20.5,21252,-34.37,33.0,0.549
2021-05-20T06:00:53.000,27.05,2.98,1.66,19.83,20.5,21253,-34.45,33.0,0.549
2021-05-20T06:04:53.000,26.91,2.85,1.65,19.84,20.5,21257,-34.77,32.0,0.55
2021-05-20T06:05:54.000,26.87,2.82,1.65,19.84,20.5,21258,-34.85,32.0,0.55
2021-05-20T06:07:54.000,26.76,2.74,1.64,19.84,20.5,21260,-35.0,32.0,0.55
2021-05-20T06:08:54.000,26.73,2.73,1.64,19.84,20.5,21261,-35.07,32.0,0.55
2021-05-20T06:09:54.000,26.68,2.72,1.63,19.85,20.5,21262,-35.15,31.0,0.55
2021-05-20T06:10:55.000,26.64,2.75,1.62,19.85,20.5,21263,-35.22,31.0,0.55
2021-05-20T06:11:55.000,26.6,2.79,1.62,19.86,20.5,21264,-35.29,31.0,0.55
2021-05-20T06:12:55.000,26.56,2.76,1.6,19.87,20.5,21265,-35.36,31.0,0.55
2021-05-20T06:13:55.000,26.53,2.72,1.6,19.87,20.5,21266,-35.43,30.0,0.55
2021-05-20T06:14:56.000,26.5,2.7,1.59,19.87,20.5,21267,-35.5,30.0,0.55
2021-05-20T06:15:56.000,26.48,2.7,1.59,19.88,20.5,21268,-35.57,30.0,0.55
2021-05-20T06:16:56.000,26.45,2.75,1.59,19.88,20.5,21269,-35.63,30.0,0.551
2021-05-20T06:22:57.000,26.31,2.61,1.57,19.89,20.5,21275,-36.01,29.0,0.551
2021-05-20T06:23:57.000,26.3,2.6,1.56,19.9,20.5,21276,-36.07,28.0,0.551
2021-05-20T06:24:57.000,26.25,2.58,1.56,19.9,20.5,21277,-36.13,28.0,0.551
2021-05-20T06:25:57.000,26.23,2.56,1.55,19.9,20.5,21278,-36.19,28.0,0.551
2021-05-20T06:26:58.000,26.23,2.56,1.55,19.91,20.5,21279,-36.24,28.0,0.551
2021-05-20T06:27:58.000,26.21,2.5,1.55,19.91,20.5,21280,-36.3,28.0,0.551
2021-05-20T06:28:59.000,26.19,2.48,1.54,19.91,20.5,21281,-36.35,27.0,0.551
2021-05-20T06:30:59.000,26.14,2.39,1.54,19.91,20.5,21283,-36.46,27.0,0.552
2021-05-20T06:31:59.000,26.12,2.39,1.53,19.92,20.5,21284,-36.51,27.0,0.552
2021-05-20T06:32:59.000,26.11,2.39,1.52,19.92,20.5,21285,-36.56,27.0,0.552
2021-05-20T06:34:00.000,26.09,2.35,1.52,19.92,20.5,21286,-36.61,26.0,0.552
2021-05-20T06:35:00.000,26.06,2.26,1.52,19.93,20.5,21287,-36.66,26.0,0.552
2021-05-20T06:36:00.000,26.02,2.19,1.51,19.93,20.5,21288,-36.71,26.0,0.552
2021-05-20T06:37:00.000,26.01,2.29,1.5,19.94,20.5,21289,-36.75,26.0,0.552
2021-05-20T06:38:00.000,25.98,2.18,1.5,19.94,20.5,21290,-36.8,25.0,0.552
2021-05-20T06:39:01.000,25.95,2.18,1.49,19.94,20.5,21291,-36.84,25.0,0.552
2021-05-20T06:40:01.000,25.92,2.16,1.49,19.95,20.5,21292,-36.89,25.0,0.552
2021-05-20T06:41:01.000,25.88,2.12,1.49,19.95,20.5,21293,-36.93,25.0,0.552
2021-05-20T06:42:01.000,25.87,2.16,1.49,19.95,20.5,21294,-36.97,25.0,0.552
2021-05-20T06:43:01.000,25.84,2.11,1.48,19.95,20.5,21295,-37.01,24.0,0.553
2021-05-20T06:44:02.000,25.83,2.09,1.48,19.95,20.5,21296,-37.05,24.0,0.553
2021-05-20T06:45:02.000,25.81,2.1,1.48,19.96,20.5,21297,-37.09,24.0,0.553
2021-05-20T06:46:03.000,25.79,2.05,1.47,19.96,20.5,21298,-37.13,24.0,0.553
2021-05-20T06:47:03.000,25.77,2.02,1.47,19.96,20.5,21299,-37.16,24.0,0.553
2021-05-20T06:48:03.000,25.75,1.99,1.47,19.96,20.5,21300,-37.2,23.0,0.553
2021-05-20T06:49:03.000,25.74,1.99,1.46,19.97,20.5,21301,-37.23,23.0,0.553
2021-05-20T06:50:04.000,25.72,1.99,1.46,19.97,20.5,21302,-37.26,23.0,0.553
2021-05-20T06:51:04.000,25.71,2.01,1.45,19.97,20.5,21303,-37.29,23.0,0.553
2021-05-20T06:52:05.000,25.7,1.94,1.45,19.98,20.5,21304,-37.32,23.0,0.553
2021-05-20T06:53:05.000,25.68,1.89,1.44,19.98,20.5,21305,-37.35,22.0,0.553
2021-05-20T06:54:05.000,25.65,1.83,1.44,19.98,20.5,21306,-37.38,22.0,0.553
2021-05-20T06:55:05.000,25.63,1.85,1.44,19.98,20.5,21307,-37.41,22.0,0.553
2021-05-20T06:56:05.000,25.6,1.81,1.44,19.99,20.5,21308,-37.43,22.0,0.553
2021-05-20T06:57:06.000,25.56,1.79,1.43,19.99,20.5,21309,-37.46,22.0,0.554
2021-05-20T06:58:06.000,25.52,1.83,1.43,19.99,20.5,21310,-37.48,21.0,0.554
2021-05-20T06:59:06.000,25.5,1.8,1.42,20.0,20.5,21311,-37.51,21.0,0.554
2021-05-20T07:00:06.000,25.48,1.77,1.42,20.0,20.5,21312,-37.53,21.0,0.554
2021-05-20T07:01:06.000,25.48,1.79,1.4,20.01,20.5,21313,-37.55,21.0,0.554
2021-05-20T07:02:06.000,25.48,1.76,1.39,20.02,20.5,21314,-37.57,20.0,0.554
2021-05-20T07:03:06.000,25.45,1.67,1.39,20.02,20.5,21315,-37.59,20.0,0.554
2021-05-20T07:04:06.000,25.36,1.46,1.39,20.02,20.5,21316,-37.6,20.0,0.554
2021-05-20T07:05:06.000,24.96,1.47,1.39,20.02,20.5,21317,-37.62,20.0,0.554
2021-05-20T07:06:06.000,24.86,1.67,1.38,20.03,20.5,21318,-37.64,20.0,0.554
2021-05-20T07:07:06.000,24.95,1.69,1.38,20.03,20.5,21319,-37.65,19.0,0.554
2021-05-20T07:08:06.000,25.01,1.67,1.38,20.03,20.5,21320,-37.66,19.0,0.554
2021-05-20T07:09:07.000,25.06,1.64,1.37,20.03,20.5,21321,-37.68,19.0,0.554
2021-05-20T07:10:07.000,25.11,1.65,1.37,20.04,20.5,21322,-37.69,19.0,0.555
2021-05-20T07:16:08.000,25.16,1.59,1.36,20.04,20.5,21328,-37.73,18.0,0.555
2021-05-20T07:17:08.000,25.19,1.57,1.36,20.05,20.5,21329,-37.73,17.0,0.555
2021-05-20T07:19:09.000,25.2,1.49,1.35,20.05,20.5,21331,-37.73,17.0,0.555
2021-05-20T07:20:09.000,25.2,1.49,1.35,20.05,20.5,21332,-37.73,17.0,0.555
2021-05-20T07:21:09.000,25.19,1.47,1.35,20.06,20.5,21333,-37.73,17.0,0.555
2021-05-20T07:22:09.000,25.17,1.52,1.34,20.06,20.5,21334,-37.73,16.0,0.555
2021-05-20T07:23:10.000,25.15,1.45,1.34,20.06,20.5,21335,-37.73,16.0,0.555
2021-05-20T07:24:10.000,25.13,1.43,1.34,20.06,20.5,21336,-37.72,16.0,0.556
2021-05-20T07:25:10.000,25.12,1.5,1.34,20.06,20.5,21337,-37.72,16.0,0.556
2021-05-20T07:26:10.000,25.12,1.56,1.34,20.07,20.5,21338,-37.71,16.0,0.556
2021-05-20T07:27:10.000,25.12,1.55,1.33,20.07,20.5,21339,-37.7,15.0,0.556
2021-05-20T07:28:11.000,25.1,1.52,1.33,20.07,20.5,21340,-37.69,15.0,0.556
2021-05-20T07:29:11.000,25.09,1.59,1.33,20.07,20.5,21341,-37.68,15.0,0.556
2021-05-20T07:41:12.000,25.13,1.41,1.28,20.11,20.5,21353,-37.48,12.0,0.557
2021-05-20T07:42:12.000,25.12,1.48,1.27,20.12,20.5,21354,-37.45,12.0,0.557
2021-05-20T07:43:13.000,25.12,1.45,1.28,20.12,20.5,21355,-37.43,12.0,0.557
2021-05-20T07:44:13.000,25.12,1.46,1.27,20.12,20.5,21356,-37.4,12.0,0.557
2021-05-20T07:45:13.000,25.12,1.45,1.27,20.12,20.5,21357,-37.37,12.0,0.557
2021-05-20T07:46:13.000,25.13,1.45,1.26,20.13,20.5,21358,-37.34,11.0,0.557
2021-05-20T07:47:13.000,25.14,1.52,1.26,20.13,20.5,21359,-37.31,11.0,0.557
2021-05-20T07:49:14.000,25.12,1.53,1.26,20.13,20.5,21361,-37.25,11.0,0.557
2021-05-20T07:50:14.000,25.12,1.49,1.26,20.13,20.5,21362,-37.22,11.0,0.558
2021-05-20T07:51:15.000,25.11,1.48,1.26,20.13,20.5,21363,-37.18,10.0,0.558
2021-05-20T07:52:15.000,25.1,1.57,1.26,20.13,20.5,21364,-37.15,10.0,0.558
2021-05-20T07:53:15.000,25.1,1.56,1.25,20.14,20.5,21365,-37.11,10.0,0.558
2021-05-20T07:54:15.000,25.09,1.54,1.25,20.14,20.5,21366,-37.08,10.0,0.558
2021-05-20T07:55:16.000,25.1,1.63,1.25,20.14,20.5,21367,-37.04,10.0,0.558
2021-05-20T07:56:16.000,25.12,1.5,1.24,20.14,20.5,21368,-37.0,9.0,0.558
2021-05-20T07:59:16.000,25.11,1.4,1.23,20.16,20.5,21371,-36.87,9.0,0.558
2021-05-20T08:00:17.000,25.1,1.48,1.22,20.16,20.5,21372,-36.83,9.0,0.558
2021-05-20T08:01:17.000,25.08,1.37,1.22,20.16,20.5,21373,-36.79,8.0,0.558
2021-05-20T08:02:17.000,25.08,1.47,1.22,20.17,20.5,21374,-36.74,8.0,0.558
2021-05-20T08:03:17.000,25.09,1.46,1.21,20.17,20.5,21375,-36.69,8.0,0.558
2021-05-20T08:04:17.000,25.08,1.44,1.2,20.18,20.5,21376,-36.65,8.0,0.559
2021-05-20T08:05:18.000,25.08,1.45,1.2,20.18,20.5,21377,-36.6,8.0,0.559
2021-05-20T08:06:18.000,25.07,1.42,1.19,20.19,20.5,21378,-36.55,7.0,0.559
2021-05-20T08:07:18.000,25.09,1.47,1.19,20.19,20.5,21379,-36.5,7.0,0.559
2021-05-20T08:08:18.000,25.1,1.46,1.18,20.2,20.5,21380,-36.44,7.0,0.559
2021-05-20T08:09:18.000,25.11,1.42,1.18,20.2,20.5,21381,-36.39,7.0,0.559
2021-05-20T08:10:18.000,25.13,1.43,1.17,20.21,20.5,21382,-36.34,6.0,0.559
2021-05-20T08:11:18.000,25.14,1.42,1.17,20.21,20.5,21383,-36.28,6.0,0.559
2021-05-20T08:12:19.000,25.13,1.39,1.16,20.21,20.5,21384,-36.23,6.0,0.559
2021-05-20T08:23:20.000,25.1,1.3,1.12,20.26,20.5,21395,-35.55,4.0,0.56
2021-05-20T08:24:20.000,25.09,1.28,1.11,20.26,20.5,21396,-35.48,4.0,0.56
2021-05-20T08:25:21.000,25.09,1.29,1.11,20.27,20.5,21397,-35.41,3.0,0.56
2021-05-20T08:26:21.000,25.07,1.23,1.1,20.27,20.5,21398,-35.34,3.0,0.56
2021-05-20T08:27:21.000,25.03,1.14,1.1,20.28,20.5,21399,-35.27,3.0,0.56
2021-05-20T08:28:21.000,25.02,1.14,1.09,20.29,20.5,21400,-35.2,3.0,0.56
2021-05-20T08:29:21.000,25.0,1.1,1.09,20.29,20.5,21401,-35.13,3.0,0.56
2021-05-20T08:30:22.000,24.97,1.06,1.08,20.3,20.5,21402,-35.05,2.0,0.561
2021-05-20T08:31:22.000,24.95,1.0,1.08,20.3,20.5,21403,-34.98,2.0,0.561
2021-05-20T08:32:22.000,24.92,0.99,1.07,20.3,20.5,21404,-34.9,2.0,0.561
2021-05-20T08:35:22.000,24.83,0.92,1.06,20.32,20.5,21407,-34.67,1.0,0.561
2021-05-20T08:50:34.000,24.37,0.47,1.01,20.37,20.5,21422,-33.37,-2.0,0.562
2021-05-20T08:51:34.000,24.31,0.45,1.01,20.37,20.5,21423,-33.28,-2.0,0.562
2021-05-20T08:52:35.000,24.27,0.4,1.01,20.37,20.5,21424,-33.18,-2.0,0.562
2021-05-20T08:54:35.000,24.19,0.16,1.0,20.38,20.5,21426,-33.0,-2.0,0.562
2021-05-20T08:55:35.000,24.13,0.14,1.0,20.38,20.5,21427,-32.9,-3.0,0.562
2021-05-20T08:56:35.000,24.1,0.22,1.0,20.38,20.5,21428,-32.8,-3.0,0.562
2021-05-20T08:57:36.000,24.08,0.16,1.0,20.38,20.5,21429,-32.7,-3.0,0.563
2021-05-20T08:58:36.000,24.05,0.08,1.0,20.38,20.5,21430,-32.6,-3.0,0.563
2021-05-20T08:59:36.000,24.0,0.03,1.0,20.38,20.5,21431,-32.51,-3.0,0.563
2021-05-20T09:00:36.000,23.98,0.06,1.01,20.37,20.5,21432,-32.41,-4.0,0.563
2021-05-20T09:01:36.000,23.95,0.0,1.02,20.36,20.5,21433,-32.3,-4.0,0.563
2021-05-20T09:02:40.000,23.92,0.01,1.0,20.38,20.5,21434,-32.2,-4.0,0.563
2021-05-20T09:03:40.000,23.91,0.06,1.0,20.38,20.5,21435,-32.09,-4.0,0.563
2021-05-20T09:04:40.000,23.89,0.03,1.0,20.38,20.5,21436,-31.99,-4.0,0.563
2021-05-20T09:05:40.000,23.86,0.01,1.0,20.38,20.5,21437,-31.89,-5.0,0.563
2021-05-20T09:06:40.000,23.85,-0.01,1.0,20.38,20.5,21438,-31.78,-5.0,0.563
2021-05-20T09:07:41.000,23.8,-0.16,1.0,20.38,20.5,21439,-31.67,-5.0,0.563
2021-05-20T09:08:41.000,23.77,-0.1,1.0,20.38,20.5,21440,-31.57,-5.0,0.563
2021-05-20T09:09:41.000,23.74,-0.2,1.0,20.38,20.5,21441,-31.46,-5.0,0.563
2021-05-20T09:10:41.000,23.69,-0.27,1.0,20.38,20.5,21442,-31.35,-5.0,0.564
2021-05-20T09:11:41.000,23.67,-0.24,1.0,20.38,20.5,21443,-31.24,-6.0,0.564
2021-05-20T09:12:42.000,23.63,-0.28,1.0,20.38,20.5,21444,-31.13,-6.0,0.564
2021-05-20T09:13:42.000,23.62,-0.2,1.0,20.38,20.5,21445,-31.02,-6.0,0.564
2021-05-20T09:14:42.000,23.61,-0.17,0.99,20.39,20.5,21446,-30.91,-6.0,0.564
2021-05-20T09:15:42.000,23.59,-0.25,0.99,20.39,20.5,21447,-30.8,-6.0,0.564
2021-05-20T09:16:43.000,23.57,-0.38,0.99,20.39,20.5,21448,-30.68,-7.0,0.564
2021-05-20T09:17:43.000,23.52,-0.49,0.99,20.39,20.5,21449,-30.57,-7.0,0.564
2021-05-20T09:18:43.000,23.49,-0.33,0.99,20.39,20.5,21450,-30.46,-7.0,0.564
2021-05-20T09:19:45.000,23.47,-0.35,0.99,20.39,20.5,21451,-30.34,-7.0,0.564
2021-05-20T09:22:46.000,23.31,-0.45,1.01,20.37,20.5,21454,-29.99,-8.0,0.564
2021-05-20T09:23:46.000,23.29,-0.54,1.0,20.38,20.5,21455,-29.87,-8.0,0.564
2021-05-20T09:24:46.000,23.25,-0.56,1.0,20.38,20.5,21456,-29.75,-8.0,0.565
2021-05-20T09:26:47.000,23.18,-0.41,1.0,20.38,20.5,21458,-29.51,-9.0,0.565
2021-05-20T09:27:47.000,23.18,-0.37,1.0,20.38,20.5,21459,-29.39,-9.0,0.565
2021-05-20T09:28:47.000,23.18,-0.4,1.0,20.38,20.5,21460,-29.27,-9.0,0.565
2021-05-20T09:29:47.000,23.16,-0.45,1.0,20.38,20.5,21461,-29.14,-9.0,0.565
2021-05-20T09:30:48.000,23.14,-0.54,1.0,20.38,20.5,21462,-29.02,-9.0,0.565
2021-05-20T09:32:48.000,23.09,-0.64,1.0,20.38,20.5,21464,-28.77,-10.0,0.565
2021-05-20T09:33:48.000,23.07,-0.56,0.99,20.39,20.5,21465,-28.65,-10.0,0.565
2021-05-20T09:34:48.000,23.05,-0.52,1.0,20.39,20.5,21466,-28.52,-10.0,0.565
2021-05-20T09:35:49.000,23.02,-0.61,1.0,20.38,20.5,21467,-28.39,-10.0,0.565
2021-05-20T09:36:49.000,23.01,-0.5,1.0,20.38,20.5,21468,-28.27,-11.0,0.565
2021-05-20T09:37:49.000,23.0,-0.52,1.0,20.38,20.5,21469,-28.14,-11.0,0.566
2021-05-20T09:38:49.000,22.98,-0.69,1.0,20.38,20.5,21470,-28.01,-11.0,0.566
2021-05-20T09:39:49.000,22.93,-0.83,1.0,20.38,20.5,21471,-27.88,-11.0,0.566
2021-05-20T09:40:50.000,22.89,-0.77,1.01,20.37,20.5,21472,-27.75,-11.0,0.566
2021-05-20T09:41:54.000,22.85,-0.75,1.02,20.36,20.5,21473,-27.61,-11.0,0.566
2021-05-20T09:42:54.000,22.82,-0.68,1.04,20.34,20.5,21474,-27.48,-12.0,0.566
2021-05-20T09:43:54.000,22.75,-0.89,1.08,20.3,20.5,21475,-27.35,-12.0,0.566
2021-05-20T09:44:54.000,22.69,-0.69,1.14,20.23,20.5,21476,-27.22,-12.0,0.566
2021-05-20T09:45:54.000,22.68,-0.68,1.13,20.24,20.5,21477,-27.08,-12.0,0.566
2021-05-20T09:46:55.000,22.66,-0.77,1.07,20.31,20.5,21478,-26.95,-12.0,0.566
2021-05-20T09:47:55.000,22.6,-0.81,1.05,20.32,20.5,21479,-26.81,-13.0,0.566
2021-05-20T09:48:55.000,22.57,-0.78,1.05,20.33,20.5,21480,-26.68,-13.0,0.566
2021-05-20T09:49:55.000,22.55,-0.82,1.04,20.33,20.5,21481,-26.54,-13.0,0.566
2021-05-20T09:50:56.000,22.54,-0.86,1.03,20.35,20.5,21482,-26.41,-13.0,0.567
2021-05-20T09:52:57.000,22.5,-1.03,1.02,20.36,20.5,21484,-26.13,-14.0,0.567
2021-05-20T09:53:57.000,22.47,-0.93,1.02,20.36,20.5,21485,-25.99,-14.0,0.567
2021-05-20T09:56:03.000,22.33,-1.31,1.03,20.35,20.5,21487,-25.7,-14.0,0.567
2021-05-20T09:57:04.000,22.28,-1.11,1.03,20.34,20.5,21488,-25.56,-14.0,0.567
2021-05-20T09:58:04.000,22.26,-0.91,1.04,20.34,20.5,21489,-25.42,-15.0,0.567
