Downloads/jupyter/ECSV/stars19/stars19_2022-02.ecsv
# %ECSV 1.0
# ---
# datatype:
# - {name: time, datatype: string}
# - {name: Enclosure Temperature, unit: deg_C, datatype: float64}
# - {name: Sky Temperature, unit: deg_C, datatype: float64}
# - {name: Frequency, unit: Hz, datatype: float64}
# - {name: MSAS, unit: mag / arcsec2, datatype: float64}
# - {name: ZP, datatype: float64}
# - {name: Sequence Number, datatype: int64}
# - {name: Sun Alt, unit: deg, datatype: float64}
# - {name: Moon Alt, unit: deg, datatype: float64}
# - {name: Moon Illumination, datatype: float64}
# delimiter: ','
# meta: !!omap
# - ida:
#     Data supplier: {affiliation: null, observer: null}
#     Device type: TESS-W
#     Field of view: 17.0
#     Filters per channel: None
#     Instrument ID: stars19
#     License: ODbL 1.0 http://opendatacommons.org/licenses/odbl/summary/
#     Local timezone: America/Phoenix
#     Location name: {country: '- Tucson', place: Tucson, region: United States, sub_region: Arizona, town: Pima County}
#     Measurement direction per channel: {azimuth: 0.0, zenital: 0.0}
#     Moving / Fixed look direction: FIXED
#     Moving / Stationary position: STATIONARY
#     Number of channels: 1
#     Number of fields per line: 8
#     Number of header lines: 35
#     Position: {height: 0.0, latitude: 32.223877, longitude: -110.767532}
#     TESS MAC address: 18:FE:34:CF:EC:06
#     TESS cover offset value: 0.0
#     TESS firmware version: '1.0'
#     TESS zero point: 20.5
#     Time Synchronization: timestamp added by MQTT subscriber
#     URL: http://www.darksky.org/NSBM/sdf1.0.pdf
# - __serialized_columns__:
#     Enclosure Temperature:
#       __class__: astropy.units.quantity.Quantity
#       unit: &id001 !astropy.units.Unit {unit: deg_C}
#       value: !astropy.table.SerializedColumn {name: Enclosure Temperature}
#     Frequency:
#       __class__: astropy.units.quantity.Quantity
#       unit: !astropy.units.Unit {unit: Hz}
#       value: !astropy.table.SerializedColumn {name: Frequency}
#     MSAS:
#       __class__: astropy.units.quantity.Quantity
#       unit: !astropy.units.Unit {unit: mag / arcsec2}
#       value: !astropy.table.SerializedColumn {name: MSAS}
#     Moon Alt:
#       __class__: astropy.units.quantity.Quantity
#       unit: &id002 !astropy.units.Unit {unit: deg}
#       value: !astropy.table.SerializedColumn {name: Moon Alt}
#     Sky Temperature:
#       __class__: astropy.units.quantity.Quantity
#       unit: *id001
#       value: !astropy.table.SerializedColumn {name: Sky Temperature}
#     Sun Alt:
#       __class__: astropy.units.quantity.Quantity
#       unit: *id002
#       value: !astropy.table.SerializedColumn {name: Sun Alt}
#     time:
#       __class__: astropy.time.core.Time
#       format: isot
#       in_subfmt: '*'
#       out_subfmt: '*'
#       precision: 3
#       scale: utc
#       value: !astropy.table.SerializedColumn {name: time}
# schema: astropy-2.0
time,Enclosure Temperature,Sky Temperature,Frequency,MSAS,ZP,Sequence Number,Sun Alt,Moon Alt,Moon Illumination
[from data line 14798]
2022-02-19T10:19:15.000,10.24,-19.22,13.87,17.53,20.5,9466,-47.2,58.0,0.919
2022-02-19T10:20:15.000,9.92,-19.17,13.86,17.53,20.5,9467,-47.01,58.0,0.919
2022-02-19T10:23:16.000,11.13,-19.01,13.75,17.53,20.5,9470,-46.4,58.0,0.919
2022-02-19T10:25:16.000,10.61,-19.03,13.65,17.54,20.5,9472,-46.0,58.0,0.919
2022-02-19T10:26:17.000,10.22,-19.1,13.64,17.54,20.5,9473,-45.8,58.0,0.919
2022-02-19T10:27:19.000,9.98,-18.71,13.61,17.55,20.5,9474,-45.59,58.0,0.919
2022-02-19T10:28:19.000,10.28,-18.04,13.59,17.55,20.5,9475,-45.39,58.0,0.919
2022-02-19T10:29:20.000,10.66,-18.28,13.56,17.55,20.5,9476,-45.19,58.0,0.919
2022-02-19T10:30:20.000,10.69,-18.45,13.53,17.55,20.5,9477,-44.99,58.0,0.919
2022-02-19T10:31:20.000,10.53,-18.54,13.51,17.55,20.5,9478,-44.78,58.0,0.919
2022-02-19T10:33:21.000,10.1,-18.65,13.5,17.55,20.5,9480,-44.38,57.0,0.919
2022-02-19T10:34:21.000,10.04,-18.1,13.53,17.55,20.5,9481,-44.17,57.0,0.919
2022-02-19T10:35:21.000,10.56,-17.8,13.55,17.55,20.5,9482,-43.97,57.0,0.919
2022-02-19T10:36:21.000,10.71,-18.5,13.55,17.55,20.5,9483,-43.77,57.0,0.919
2022-02-19T10:37:21.000,10.53,-18.78,13.6,17.55,20.5,9484,-43.57,57.0,0.919
2022-02-19T10:38:22.000,10.29,-18.74,13.66,17.54,20.5,9485,-43.36,57.0,0.919
2022-02-19T10:39:22.000,10.04,-18.73,13.76,17.53,20.5,9486,-43.16,57.0,0.919
2022-02-19T10:46:24.000,10.62,-17.42,14.03,17.51,20.5,9493,-41.72,56.0,0.918
2022-02-19T10:47:24.000,11.03,-17.85,14.0,17.51,20.5,9494,-41.52,56.0,0.918
2022-02-19T10:48:24.000,11.01,-18.19,13.98,17.52,20.5,9495,-41.31,56.0,0.918
2022-02-19T10:49:24.000,10.83,-18.27,13.97,17.52,20.5,9496,-41.11,56.0,0.918
2022-02-19T10:50:26.000,10.62,-18.2,13.94,17.52,20.5,9497,-40.89,56.0,0.918
2022-02-19T10:51:26.000,10.44,-18.22,13.88,17.52,20.5,9498,-40.69,56.0,0.918
2022-02-19T10:52:26.000,10.27,-18.09,13.76,17.53,20.5,9499,-40.48,56.0,0.918
2022-02-19T10:53:26.000,10.16,-18.06,13.62,17.54,20.5,9500,-40.28,55.0,0.918
2022-02-19T10:54:27.000,10.01,-18.23,13.5,17.55,20.5,9501,-40.07,55.0,0.918
2022-02-19T10:55:27.000,10.25,-17.69,13.39,17.56,20.5,9502,-39.86,55.0,0.918
2022-02-19T10:56:27.000,10.57,-18.72,13.31,17.57,20.5,9503,-39.66,55.0,0.918
2022-02-19T10:57:27.000,10.44,-19.14,13.21,17.58,20.5,9504,-39.45,55.0,0.918
2022-02-19T10:59:28.000,10.1,-18.54,12.97,17.6,20.5,9506,-39.03,55.0,0.918
2022-02-19T11:02:28.000,10.89,-18.21,12.52,17.64,20.5,9509,-38.41,54.0,0.918
2022-02-19T11:09:35.000,10.39,-19.39,10.59,17.82,20.5,9516,-36.94,54.0,0.917
2022-02-19T11:10:36.000,10.07,-19.24,10.14,17.86,20.5,9517,-36.72,53.0,0.917
2022-02-19T11:11:36.000,10.04,-18.41,9.77,17.91,20.5,9518,-36.52,53.0,0.917
2022-02-19T11:12:36.000,10.62,-18.29,9.5,17.94,20.5,9519,-36.31,53.0,0.917
2022-02-19T11:13:36.000,10.68,-19.09,9.34,17.95,20.5,9520,-36.1,53.0,0.917
2022-02-19T11:14:37.000,10.4,-19.45,9.25,17.96,20.5,9521,-35.89,53.0,0.917
2022-02-19T11:17:38.000,10.73,-18.46,9.16,17.98,20.5,9524,-35.26,52.0,0.917
2022-02-19T11:18:38.000,10.71,-19.48,9.2,17.97,20.5,9525,-35.05,52.0,0.917
2022-02-19T11:19:38.000,10.51,-19.35,9.21,17.97,20.5,9526,-34.84,52.0,0.917
2022-02-19T11:20:39.000,10.19,-19.32,9.2,17.97,20.5,9527,-34.63,52.0,0.917
2022-02-19T11:21:39.000,9.97,-18.91,9.16,17.98,20.5,9528,-34.42,52.0,0.917
2022-02-19T11:22:39.000,10.36,-18.38,9.09,17.98,20.5,9529,-34.21,52.0,0.917
2022-02-19T11:23:39.000,10.64,-19.27,9.02,17.99,20.5,9530,-34.0,52.0,0.917
2022-02-19T11:24:40.000,10.54,-19.37,9.0,17.99,20.5,9531,-33.79,51.0,0.917
2022-02-19T11:25:41.000,10.33,-19.22,8.98,18.0,20.5,9532,-33.57,51.0,0.917
2022-02-19T11:26:41.000,10.04,-19.5,8.94,18.0,20.5,9533,-33.37,51.0,0.917
2022-02-19T11:27:41.000,10.06,-18.76,8.89,18.01,20.5,9534,-33.16,51.0,0.917
2022-02-19T11:28:41.000,10.58,-19.0,8.85,18.01,20.5,9535,-32.95,51.0,0.917
2022-02-19T11:29:41.000,10.6,-19.44,8.82,18.02,20.5,9536,-32.74,51.0,0.917
2022-02-19T11:30:42.000,10.37,-19.26,8.79,18.02,20.5,9537,-32.52,51.0,0.917
2022-02-19T11:31:42.000,10.11,-19.24,8.79,18.02,20.5,9538,-32.31,50.0,0.916
2022-02-19T11:32:42.000,9.93,-18.87,8.76,18.02,20.5,9539,-32.1,50.0,0.916
2022-02-19T11:33:42.000,10.54,-18.21,8.68,18.03,20.5,9540,-31.89,50.0,0.916
2022-02-19T11:34:42.000,10.79,-19.14,8.58,18.05,20.5,9541,-31.68,50.0,0.916
2022-02-19T11:35:43.000,10.58,-19.31,8.48,18.06,20.5,9542,-31.47,50.0,0.916
2022-02-19T11:37:43.000,9.94,-18.8,8.29,18.08,20.5,9544,-31.05,50.0,0.916
2022-02-19T11:38:43.000,10.58,-18.0,8.28,18.08,20.5,9545,-30.84,49.0,0.916
2022-02-19T11:39:44.000,10.82,-18.82,8.2,18.1,20.5,9546,-30.62,49.0,0.916
2022-02-19T11:40:44.000,10.64,-18.98,8.0,18.12,20.5,9547,-30.41,49.0,0.916
2022-02-19T11:41:44.000,10.33,-18.9,7.87,18.14,20.5,9548,-30.2,49.0,0.916
2022-02-19T11:42:44.000,10.01,-18.89,7.7,18.16,20.5,9549,-29.99,49.0,0.916
2022-02-19T11:43:44.000,10.23,-17.79,7.61,18.18,20.5,9550,-29.78,49.0,0.916
2022-02-19T11:44:45.000,10.72,-18.25,7.46,18.2,20.5,9551,-29.57,48.0,0.916
2022-02-19T11:45:45.000,10.65,-18.74,7.41,18.21,20.5,9552,-29.36,48.0,0.916
2022-02-19T11:46:46.000,10.39,-18.7,7.44,18.2,20.5,9553,-29.14,48.0,0.916
2022-02-19T11:47:46.000,10.12,-18.65,7.39,18.21,20.5,9554,-28.93,48.0,0.916
2022-02-19T11:48:46.000,10.02,-18.01,7.37,18.21,20.5,9555,-28.72,48.0,0.916
2022-02-19T11:49:46.000,10.6,-17.41,7.34,18.22,20.5,9556,-28.51,48.0,0.916
2022-02-19T11:54:48.000,10.07,-18.34,6.95,18.27,20.5,9561,-27.45,47.0,0.916
2022-02-19T11:55:48.000,10.03,-17.82,6.83,18.29,20.5,9562,-27.24,47.0,0.916
2022-02-19T11:56:48.000,10.6,-17.51,6.73,18.31,20.5,9563,-27.03,46.0,0.915
2022-02-19T11:57:48.000,10.83,-17.89,6.71,18.31,20.5,9564,-26.81,46.0,0.915
2022-02-19T11:58:48.000,10.76,-18.09,6.61,18.33,20.5,9565,-26.6,46.0,0.915
2022-02-19T11:59:49.000,10.6,-17.98,6.54,18.34,20.5,9566,-26.39,46.0,0.915
2022-02-19T12:00:49.000,10.43,-17.99,6.49,18.35,20.5,9567,-26.18,46.0,0.915
2022-02-19T12:01:49.000,10.26,-17.99,5.24,18.59,20.5,9568,-25.97,46.0,0.915
2022-02-19T12:02:49.000,10.1,-18.08,3.15,19.14,20.5,9569,-25.75,45.0,0.915
2022-02-19T12:03:49.000,9.98,-18.11,2.74,19.29,20.5,9570,-25.54,45.0,0.915
2022-02-19T12:04:50.000,10.44,-18.37,2.71,19.3,20.5,9571,-25.33,45.0,0.915
2022-02-19T12:05:50.000,10.46,-20.42,2.73,19.29,20.5,9572,-25.12,45.0,0.915
2022-02-19T12:06:50.000,9.92,-21.2,2.72,19.29,20.5,9573,-24.91,45.0,0.915
2022-02-19T12:07:50.000,9.98,-19.87,2.73,19.29,20.5,9574,-24.69,45.0,0.915
2022-02-19T12:09:51.000,10.91,-20.79,2.73,19.29,20.5,9576,-24.27,44.0,0.915
2022-02-19T12:12:51.000,9.94,-20.16,2.71,19.3,20.5,9579,-23.63,44.0,0.915
2022-02-19T12:16:57.000,10.3,-20.3,2.68,19.31,20.5,9583,-22.77,43.0,0.915
2022-02-19T12:17:59.000,9.81,-20.28,2.67,19.31,20.5,9584,-22.55,43.0,0.915
2022-02-19T12:18:59.000,10.32,-19.32,2.67,19.31,20.5,9585,-22.34,43.0,0.915
2022-02-19T12:19:59.000,10.78,-20.0,2.66,19.32,20.5,9586,-22.12,42.0,0.915
2022-02-19T12:21:00.000,10.61,-20.23,2.65,19.32,20.5,9587,-21.91,42.0,0.914
2022-02-19T12:22:00.000,10.23,-20.48,2.64,19.32,20.5,9588,-21.7,42.0,0.914
2022-02-19T12:23:00.000,9.87,-20.24,2.67,19.32,20.5,9589,-21.49,42.0,0.914
2022-02-19T12:24:01.000,10.49,-19.08,2.65,19.32,20.5,9590,-21.27,42.0,0.914
2022-02-19T12:25:01.000,10.92,-19.69,2.64,19.33,20.5,9591,-21.06,42.0,0.914
2022-02-19T12:26:01.000,10.66,-20.62,2.64,19.33,20.5,9592,-20.85,41.0,0.914
2022-02-19T12:27:01.000,10.09,-20.62,2.65,19.32,20.5,9593,-20.64,41.0,0.914
2022-02-19T12:28:01.000,9.92,-20.15,2.65,19.32,20.5,9594,-20.42,41.0,0.914
2022-02-19T12:30:02.000,10.77,-20.27,2.63,19.33,20.5,9596,-20.0,41.0,0.914
2022-02-19T12:32:02.000,9.95,-20.94,2.59,19.35,20.5,9598,-19.57,40.0,0.914
2022-02-19T12:33:03.000,10.03,-19.38,2.65,19.32,20.5,9599,-19.36,40.0,0.914
2022-02-19T12:34:03.000,10.81,-19.65,2.68,19.31,20.5,9600,-19.15,40.0,0.914
2022-02-19T12:35:03.000,10.84,-20.39,2.64,19.32,20.5,9601,-18.94,40.0,0.914
2022-02-19T12:36:03.000,10.54,-20.63,2.62,19.33,20.5,9602,-18.72,40.0,0.914
2022-02-19T12:37:03.000,9.91,-20.92,2.62,19.34,20.5,9603,-18.51,39.0,0.914
2022-02-19T12:38:04.000,10.1,-19.25,2.6,19.34,20.5,9604,-18.3,39.0,0.914
2022-02-19T12:39:04.000,10.83,-19.83,2.61,19.34,20.5,9605,-18.09,39.0,0.914
2022-02-19T12:40:04.000,10.78,-20.39,2.59,19.35,20.5,9606,-17.87,39.0,0.914
2022-02-19T12:41:04.000,10.45,-20.58,2.61,19.34,20.5,9607,-17.66,39.0,0.914
2022-02-19T12:42:04.000,10.01,-20.5,2.61,19.34,20.5,9608,-17.45,38.0,0.914
2022-02-19T12:43:05.000,9.87,-19.84,2.61,19.34,20.5,9609,-17.24,38.0,0.914
2022-02-19T12:44:05.000,10.67,-19.08,2.58,19.35,20.5,9610,-17.02,38.0,0.914
2022-02-19T12:45:05.000,11.03,-19.89,2.59,19.35,20.5,9611,-16.81,38.0,0.913
2022-02-19T12:47:12.000,10.2,-20.64,2.59,19.35,20.5,9613,-16.37,38.0,0.913
2022-02-19T12:48:12.000,9.92,-19.71,2.58,19.35,20.5,9614,-16.15,37.0,0.913
2022-02-19T12:49:12.000,10.52,-19.05,2.57,19.35,20.5,9615,-15.94,37.0,0.913
2022-02-19T12:50:13.000,10.71,-20.26,2.59,19.35,20.5,9616,-15.73,37.0,0.913
2022-02-19T12:51:13.000,10.43,-20.3,2.59,19.35,20.5,9617,-15.52,37.0,0.913
2022-02-19T12:52:13.000,10.08,-20.15,2.58,19.35,20.5,9618,-15.31,37.0,0.913
2022-02-19T12:53:13.000,9.98,-19.56,2.62,19.33,20.5,9619,-15.1,36.0,0.913
2022-02-19T12:54:14.000,10.66,-19.0,2.59,19.34,20.5,9620,-14.88,36.0,0.913
2022-02-19T12:55:14.000,10.83,-19.84,2.62,19.34,20.5,9621,-14.67,36.0,0.913
2022-02-19T13:00:33.000,10.76,-20.63,2.75,19.28,20.5,9626,-13.55,35.0,0.913
2022-02-19T13:01:33.000,10.33,-20.63,2.8,19.26,20.5,9627,-13.34,35.0,0.913
2022-02-19T13:02:33.000,9.9,-20.44,2.86,19.24,20.5,9628,-13.13,35.0,0.913
2022-02-19T13:05:48.000,10.92,-20.09,3.17,19.13,20.5,9631,-12.44,34.0,0.913
2022-02-19T13:06:48.000,10.51,-20.15,3.32,19.08,20.5,9632,-12.23,34.0,0.913
2022-02-19T13:07:48.000,10.04,-20.17,3.51,19.02,20.5,9633,-12.02,34.0,0.913
2022-02-19T13:08:50.000,10.05,-19.1,3.74,18.95,20.5,9634,-11.8,33.0,0.913
2022-02-19T13:09:50.000,10.69,-18.9,4.02,18.87,20.5,9635,-11.59,33.0,0.912
2022-02-19T13:10:50.000,10.75,-19.66,4.37,18.78,20.5,9636,-11.38,33.0,0.912
2022-02-19T13:11:50.000,10.52,-19.67,4.79,18.68,20.5,9637,-11.17,33.0,0.912
2022-02-19T13:12:51.000,10.23,-19.75,5.3,18.57,20.5,9638,-10.96,33.0,0.912
2022-02-19T13:13:51.000,9.95,-19.6,5.87,18.46,20.5,9639,-10.75,32.0,0.912
2022-02-19T13:14:51.000,10.34,-18.99,6.64,18.32,20.5,9640,-10.54,32.0,0.912
2022-02-19T13:15:51.000,10.66,-19.5,7.59,18.18,20.5,9641,-10.33,32.0,0.912
2022-02-19T13:16:58.000,10.64,-19.49,8.68,18.03,20.5,9642,-10.09,32.0,0.912
2022-02-19T13:17:59.000,10.32,-19.72,10.17,17.86,20.5,9643,-9.88,32.0,0.912
2022-02-19T13:20:05.000,10.28,-19.01,14.07,17.51,20.5,9645,-9.44,31.0,0.912
2022-02-19T13:21:05.000,10.73,-19.67,16.81,17.32,20.5,9646,-9.23,31.0,0.912
2022-02-19T13:22:05.000,10.61,-19.85,20.03,17.13,20.5,9647,-9.02,31.0,0.912
2022-02-19T13:23:05.000,10.3,-19.89,23.96,16.93,20.5,9648,-8.81,31.0,0.912
2022-02-19T13:24:06.000,9.94,-19.74,29.06,16.72,20.5,9649,-8.59,30.0,0.912
2022-02-19T13:25:06.000,10.27,-18.83,35.22,16.51,20.5,9650,-8.38,30.0,0.912
2022-02-19T13:26:06.000,10.7,-19.64,42.86,16.3,20.5,9651,-8.18,30.0,0.912
2022-02-19T13:27:06.000,10.6,-19.85,51.15,16.11,20.5,9652,-7.97,30.0,0.912
2022-02-19T13:28:06.000,10.28,-19.76,64.95,15.85,20.5,9653,-7.76,30.0,0.912
2022-02-19T13:29:07.000,9.93,-19.55,81.19,15.61,20.5,9654,-7.54,29.0,0.912
2022-02-19T13:30:07.000,10.27,-18.53,102.7,15.35,20.5,9655,-7.33,29.0,0.912
2022-02-19T13:31:07.000,10.81,-19.28,130.47,15.09,20.5,9656,-7.13,29.0,0.912
2022-02-19T13:34:13.000,9.93,-19.39,283.89,14.25,20.5,9659,-6.48,28.0,0.911
2022-02-19T13:35:14.000,10.4,-18.27,369.56,13.96,20.5,9660,-6.26,28.0,0.911
2022-02-19T13:36:14.000,10.87,-18.91,481.91,13.68,20.5,9661,-6.06,28.0,0.911
2022-02-19T13:37:14.000,10.78,-19.41,629.24,13.39,20.5,9662,-5.85,28.0,0.911
2022-02-19T13:38:14.000,10.48,-19.32,822.78,13.1,20.5,9663,-5.64,28.0,0.911
2022-02-19T13:39:14.000,10.19,-19.42,1078.25,12.8,20.5,9664,-5.43,27.0,0.911
2022-02-19T13:40:15.000,9.83,-19.44,1415.22,12.51,20.5,9665,-5.22,27.0,0.911
2022-02-19T13:41:15.000,9.52,-19.34,1857.93,12.21,20.5,9666,-5.01,27.0,0.911
2022-02-19T13:42:15.000,9.3,-19.05,2435.56,11.92,20.5,9667,-4.8,27.0,0.911
2022-02-19T13:43:15.000,9.13,-19.05,3183.62,11.63,20.5,9668,-4.59,27.0,0.911
2022-02-19T13:44:16.000,8.99,-18.98,4126.61,11.34,20.5,9669,-4.38,26.0,0.911
2022-02-19T13:45:16.000,8.85,-18.99,5306.71,11.07,20.5,9670,-4.17,26.0,0.911
2022-02-19T13:46:16.000,8.72,-19.16,6776.44,10.81,20.5,9671,-3.96,26.0,0.911
2022-02-19T13:47:17.000,8.58,-19.15,8570.72,10.55,20.5,9672,-3.75,26.0,0.911
2022-02-19T13:48:17.000,8.48,-19.06,10750.84,10.3,20.5,9673,-3.55,26.0,0.911
2022-02-19T13:49:17.000,8.41,-18.86,13375.22,10.07,20.5,9674,-3.34,25.0,0.911
2022-02-19T13:50:17.000,8.34,-18.95,16483.27,9.84,20.5,9675,-3.13,25.0,0.911
2022-02-19T13:53:32.000,7.99,-18.82,30050.92,9.19,20.5,9678,-2.46,25.0,0.911
2022-02-19T13:54:32.000,7.97,-18.59,35444.57,9.08,20.5,9679,-2.25,24.0,0.911
2022-02-19T13:55:32.000,8.0,-18.68,42066.45,8.82,20.5,9680,-2.04,24.0,0.911
2022-02-19T13:56:32.000,7.95,-18.81,48919.91,8.66,20.5,9681,-1.83,24.0,0.911
2022-02-19T13:57:33.000,7.93,-18.67,56508.4,8.5,20.5,9682,-1.62,24.0,0.91
2022-02-19T13:58:33.000,7.94,-18.58,33132.29,4.43,20.5,9683,-1.42,24.0,0.91
2022-02-19T14:01:45.000,7.8,-18.74,0.0,0.0,20.5,9686,-0.76,23.0,0.91
2022-02-19T14:07:45.000,7.56,-18.7,0.0,0.0,20.5,9692,0.48,22.0,0.91
2022-02-19T14:08:45.000,7.56,-18.48,0.0,0.0,20.5,9693,0.69,22.0,0.91
2022-02-19T14:12:46.000,7.56,-18.6,0.0,0.0,20.5,9697,1.51,21.0,0.91
2022-02-19T14:13:46.000,7.55,-18.63,0.0,0.0,20.5,9698,1.72,20.0,0.91
2022-02-19T14:14:47.000,7.52,-18.64,0.0,0.0,20.5,9699,1.92,20.0,0.91
2022-02-19T14:17:53.000,7.6,-18.35,0.0,0.0,20.5,9702,2.56,20.0,0.91
2022-02-19T17:34:45.000,25.59,1.01,0.0,0.0,20.5,9881,37.76,-21.0,0.901
2022-02-19T17:35:45.000,25.98,1.46,0.0,0.0,20.5,9882,37.9,-21.0,0.901
2022-02-19T17:36:45.000,26.6,2.25,0.0,0.0,20.5,9883,38.03,-21.0,0.901
2022-02-19T17:41:46.000,27.88,1.31,0.0,0.0,20.5,9888,38.68,-22.0,0.901
2022-02-19T17:42:46.000,28.06,0.85,0.0,0.0,20.5,9889,38.81,-22.0,0.901
2022-02-19T17:43:46.000,28.16,0.62,0.0,0.0,20.5,9890,38.94,-23.0,0.901
2022-02-19T17:45:47.000,28.42,1.46,0.0,0.0,20.5,9892,39.19,-23.0,0.901
2022-02-19T17:46:47.000,28.64,1.01,0.0,0.0,20.5,9893,39.32,-23.0,0.901
2022-02-19T17:47:47.000,28.48,-0.07,0.0,0.0,20.5,9894,39.44,-23.0,0.901
2022-02-19T17:55:47.000,31.08,2.91,0.0,0.0,20.5,9902,40.4,-25.0,0.9
2022-02-19T17:56:47.000,31.39,2.06,0.0,0.0,20.5,9903,40.51,-25.0,0.9
2022-02-19T17:57:47.000,31.17,1.02,0.0,0.0,20.5,9904,40.63,-25.0,0.9
2022-02-19T17:59:47.000,30.86,1.24,0.0,0.0,20.5,9906,40.86,-26.0,0.9
2022-02-19T18:00:47.000,31.09,1.87,0.0,0.0,20.5,9907,40.97,-26.0,0.9
2022-02-19T18:01:48.000,31.14,1.67,0.0,0.0,20.5,9908,41.08,-26.0,0.9
2022-02-19T18:46:51.000,36.94,2.74,0.0,0.0,20.5,9953,45.07,-35.0,0.898
2022-02-19T18:47:51.000,37.13,3.94,0.0,0.0,20.5,9954,45.13,-35.0,0.898
2022-02-19T18:48:51.000,37.6,4.07,0.0,0.0,20.5,9955,45.2,-35.0,0.898
2022-02-19T18:59:59.000,37.91,2.8,0.0,0.0,20.5,9966,45.81,-37.0,0.897
2022-02-19T19:06:00.000,38.57,2.96,0.0,0.0,20.5,9972,46.07,-38.0,0.897
2022-02-19T19:07:00.000,38.4,2.03,0.0,0.0,20.5,9973,46.11,-39.0,0.897
2022-02-19T19:08:01.000,38.3,2.66,0.0,0.0,20.5,9974,46.15,-39.0,0.897
2022-02-19T19:10:01.000,38.43,3.49,0.0,0.0,20.5,9976,46.22,-39.0,0.897
2022-02-19T19:11:01.000,38.64,3.09,0.0,0.0,20.5,9977,46.26,-39.0,0.897
2022-02-19T19:12:01.000,38.92,4.0,0.0,0.0,20.5,9978,46.29,-39.0,0.897
2022-02-19T19:14:02.000,39.38,3.77,0.0,0.0,20.5,9980,46.35,-40.0,0.897
2022-02-19T19:15:02.000,39.4,3.28,0.0,0.0,20.5,9981,46.38,-40.0,0.897
2022-02-19T19:16:02.000,39.61,3.42,0.0,0.0,20.5,9982,46.41,-40.0,0.897
2022-02-19T19:25:03.000,40.38,3.2,0.0,0.0,20.5,9991,46.61,-42.0,0.896
2022-02-19T19:26:04.000,40.46,2.96,0.0,0.0,20.5,9992,46.62,-42.0,0.896
2022-02-19T19:27:03.000,40.76,3.89,0.0,0.0,20.5,9993,46.64,-42.0,0.896
2022-02-19T19:29:09.000,40.33,1.68,0.0,0.0,20.5,9995,46.66,-42.0,0.896
2022-02-19T19:30:09.000,40.48,2.85,0.0,0.0,20.5,9996,46.67,-43.0,0.896
2022-02-19T19:31:09.000,40.48,2.83,0.0,0.0,20.5,9997,46.68,-43.0,0.896
2022-02-19T19:52:14.000,42.39,2.3,0.0,0.0,20.5,10018,46.55,-46.0,0.895
