Downloads/jupyter/ECSV/stars19/stars19_2022-09.ecsv
# %ECSV 1.0
# ---
# datatype:
# - {name: time, datatype: string}
# - {name: Enclosure Temperature, unit: deg_C, datatype: float64}
# - {name: Sky Temperature, unit: deg_C, datatype: float64}
# - {name: Frequency, unit: Hz, datatype: float64}
# - {name: MSAS, unit: mag / arcsec2, datatype: float64}
# - {name: ZP, datatype: float64}
# - {name: Sequence Number, datatype: int64}
# - {name: Sun Alt, unit: deg, datatype: float64}
# - {name: Moon Alt, unit: deg, datatype: float64}
# - {name: Moon Illumination, datatype: float64}
# delimiter: ','
# meta: !!omap
# - ida:
#     Data supplier: {affiliation: null, observer: null}
#     Device type: TESS-W
#     Field of view: 17.0
#     Filters per channel: None
#     Instrument ID: stars19
#     License: ODbL 1.0 http://opendatacommons.org/licenses/odbl/summary/
#     Local timezone: America/Phoenix
#     Location name: {country: '- Tucson', place: Tucson, region: United States, sub_region: Arizona, town: Pima County}
#     Measurement direction per channel: {azimuth: 0.0, zenital: 0.0}
#     Moving / Fixed look direction: FIXED
#     Moving / Stationary position: STATIONARY
#     Number of channels: 1
#     Number of fields per line: 8
#     Number of header lines: 35
#     Position: {height: 0.0, latitude: 32.223877, longitude: -110.767532}
#     TESS MAC address: 18:FE:34:CF:EC:06
#     TESS cover offset value: 0.0
#     TESS firmware version: '1.0'
#     TESS zero point: 20.5
#     Time Synchronization: timestamp added by MQTT subscriber
#     URL: http://www.darksky.org/NSBM/sdf1.0.pdf
# - __serialized_columns__:
#     Enclosure Temperature:
#       __class__: astropy.units.quantity.Quantity
#       unit: &id001 !astropy.units.Unit {unit: deg_C}
#       value: !astropy.table.SerializedColumn {name: Enclosure Temperature}
#     Frequency:
#       __class__: astropy.units.quantity.Quantity
#       unit: !astropy.units.Unit {unit: Hz}
#       value: !astropy.table.SerializedColumn {name: Frequency}
#     MSAS:
#       __class__: astropy.units.quantity.Quantity
#       unit: !astropy.units.Unit {unit: mag / arcsec2}
#       value: !astropy.table.SerializedColumn {name: MSAS}
#     Moon Alt:
#       __class__: astropy.units.quantity.Quantity
#       unit: &id002 !astropy.units.Unit {unit: deg}
#       value: !astropy.table.SerializedColumn {name: Moon Alt}
#     Sky Temperature:
#       __class__: astropy.units.quantity.Quantity
#       unit: *id001
#       value: !astropy.table.SerializedColumn {name: Sky Temperature}
#     Sun Alt:
#       __class__: astropy.units.quantity.Quantity
#       unit: *id002
#       value: !astropy.table.SerializedColumn {name: Sun Alt}
#     time:
#       __class__: astropy.time.core.Time
#       format: isot
#       in_subfmt: '*'
#       out_subfmt: '*'
#       precision: 3
#       scale: utc
#       value: !astropy.table.SerializedColumn {name: time}
# schema: astropy-2.0
time,Enclosure Temperature,Sky Temperature,Frequency,MSAS,ZP,Sequence Number,Sun Alt,Moon Alt,Moon Illumination
[from data line 11037]
2022-09-14T06:16:34.000,28.55,10.02,4.04,18.86,20.5,16189,-51.44,31.0,0.831
2022-09-14T06:17:34.000,28.57,10.09,4.25,18.81,20.5,16190,-51.54,31.0,0.831
2022-09-14T06:18:34.000,28.61,10.05,4.33,18.79,20.5,16191,-51.62,31.0,0.831
2022-09-14T06:19:34.000,28.62,9.75,4.28,18.8,20.5,16192,-51.71,32.0,0.831
2022-09-14T06:20:34.000,28.63,9.4,4.16,18.83,20.5,16193,-51.8,32.0,0.831
2022-09-14T06:21:34.000,28.63,9.18,3.99,18.88,20.5,16194,-51.88,32.0,0.831
2022-09-14T06:22:34.000,28.62,9.06,3.85,18.92,20.5,16195,-51.97,32.0,0.831
2022-09-14T06:23:35.000,28.65,8.99,3.75,18.94,20.5,16196,-52.05,32.0,0.831
2022-09-14T06:24:35.000,28.67,8.84,3.71,18.96,20.5,16197,-52.13,33.0,0.831
2022-09-14T06:25:35.000,28.69,8.8,3.68,18.96,20.5,16198,-52.21,33.0,0.83
2022-09-14T06:26:35.000,28.71,8.77,3.32,19.08,20.5,16199,-52.29,33.0,0.83
2022-09-14T06:28:35.000,28.72,8.66,2.54,19.37,20.5,16201,-52.45,34.0,0.83
2022-09-14T06:29:35.000,28.71,8.72,2.57,19.36,20.5,16202,-52.52,34.0,0.83
2022-09-14T06:30:35.000,28.71,8.78,2.64,19.33,20.5,16203,-52.59,34.0,0.83
2022-09-14T06:31:36.000,28.71,8.79,2.6,19.34,20.5,16204,-52.67,34.0,0.83
2022-09-14T06:32:36.000,28.67,8.69,2.61,19.34,20.5,16205,-52.74,34.0,0.83
2022-09-14T06:33:36.000,28.63,8.73,2.63,19.33,20.5,16206,-52.81,35.0,0.83
2022-09-14T06:34:36.000,28.62,8.76,2.58,19.35,20.5,16207,-52.88,35.0,0.83
2022-09-14T06:35:36.000,28.62,8.77,2.64,19.33,20.5,16208,-52.94,35.0,0.83
2022-09-14T06:36:36.000,28.6,8.88,2.83,19.25,20.5,16209,-53.01,35.0,0.83
2022-09-14T06:37:36.000,28.59,8.94,2.99,19.19,20.5,16210,-53.07,35.0,0.83
2022-09-14T06:38:36.000,28.53,9.09,3.37,19.06,20.5,16211,-53.13,36.0,0.83
2022-09-14T06:39:36.000,28.51,9.51,3.78,18.94,20.5,16212,-53.19,36.0,0.83
2022-09-14T06:41:37.000,28.5,10.26,4.84,18.67,20.5,16214,-53.31,36.0,0.83
2022-09-14T06:42:37.000,28.48,10.63,5.83,18.47,20.5,16215,-53.37,36.0,0.83
2022-09-14T06:43:37.000,28.46,10.95,6.65,18.32,20.5,16216,-53.42,37.0,0.829
2022-09-14T06:44:37.000,28.45,11.31,7.18,18.24,20.5,16217,-53.48,37.0,0.829
2022-09-14T06:45:37.000,28.44,11.56,7.49,18.19,20.5,16218,-53.53,37.0,0.829
2022-09-14T06:46:38.000,28.41,11.71,8.2,18.1,20.5,16219,-53.58,37.0,0.829
2022-09-14T06:47:38.000,28.37,11.89,9.6,17.93,20.5,16220,-53.63,37.0,0.829
2022-09-14T06:48:38.000,28.35,12.1,11.59,17.72,20.5,16221,-53.68,38.0,0.829
2022-09-14T06:53:46.000,28.0,12.58,14.09,17.51,20.5,16226,-53.9,39.0,0.829
2022-09-14T06:54:46.000,27.97,12.95,14.24,17.5,20.5,16227,-53.94,39.0,0.829
2022-09-14T06:55:46.000,27.91,13.2,14.37,17.49,20.5,16228,-53.97,39.0,0.829
2022-09-14T06:56:47.000,27.82,13.56,14.77,17.46,20.5,16229,-54.01,39.0,0.829
2022-09-14T06:57:46.000,27.81,13.97,13.69,17.54,20.5,16230,-54.04,40.0,0.829
2022-09-14T06:58:47.000,27.76,14.13,12.71,17.62,20.5,16231,-54.08,40.0,0.829
2022-09-14T06:59:47.000,27.76,14.22,11.38,17.74,20.5,16232,-54.11,40.0,0.829
2022-09-14T07:00:48.000,27.73,14.17,10.31,17.85,20.5,16233,-54.14,40.0,0.829
2022-09-14T07:01:47.000,27.68,14.22,9.96,17.88,20.5,16234,-54.16,40.0,0.828
2022-09-14T07:02:47.000,27.66,14.32,9.67,17.92,20.5,16235,-54.19,41.0,0.828
2022-09-14T07:03:47.000,27.63,14.17,9.45,17.94,20.5,16236,-54.21,41.0,0.828
2022-09-14T07:04:48.000,27.61,14.32,8.8,18.02,20.5,16237,-54.24,41.0,0.828
2022-09-14T07:05:48.000,27.68,14.19,8.58,18.05,20.5,16238,-54.26,41.0,0.828
2022-09-14T07:06:48.000,27.69,13.85,9.59,17.93,20.5,16239,-54.28,41.0,0.828
2022-09-14T07:07:49.000,27.68,13.68,12.08,17.68,20.5,16240,-54.3,42.0,0.828
2022-09-14T07:08:48.000,27.68,13.46,12.49,17.64,20.5,16241,-54.31,42.0,0.828
2022-09-14T07:10:49.000,27.67,13.13,13.64,17.54,20.5,16243,-54.34,42.0,0.828
2022-09-14T07:11:49.000,27.67,13.09,14.19,17.5,20.5,16244,-54.36,42.0,0.828
2022-09-14T07:12:49.000,27.66,13.1,14.44,17.48,20.5,16245,-54.37,43.0,0.828
2022-09-14T07:13:49.000,27.69,13.1,14.23,17.5,20.5,16246,-54.37,43.0,0.828
2022-09-14T07:14:49.000,27.73,13.08,12.78,17.61,20.5,16247,-54.38,43.0,0.828
2022-09-14T07:15:49.000,27.78,13.05,11.32,17.75,20.5,16248,-54.39,43.0,0.828
2022-09-14T07:16:49.000,27.81,12.83,11.02,17.78,20.5,16249,-54.39,44.0,0.828
2022-09-14T07:17:49.000,27.81,12.9,9.55,17.93,20.5,16250,-54.39,44.0,0.828
2022-09-14T07:18:49.000,27.77,12.83,8.89,18.01,20.5,16251,-54.39,44.0,0.828
2022-09-14T07:19:49.000,27.75,13.17,10.01,17.88,20.5,16252,-54.39,44.0,0.828
2022-09-14T07:20:49.000,27.83,13.62,10.98,17.78,20.5,16253,-54.39,44.0,0.827
2022-09-14T07:21:49.000,27.88,13.93,11.8,17.7,20.5,16254,-54.39,45.0,0.827
2022-09-14T07:22:50.000,27.92,14.27,13.41,17.56,20.5,16255,-54.38,45.0,0.827
2022-09-14T07:23:49.000,27.93,14.26,15.55,17.4,20.5,16256,-54.38,45.0,0.827
2022-09-14T07:24:50.000,27.87,14.16,16.54,17.33,20.5,16257,-54.37,45.0,0.827
2022-09-14T07:25:50.000,27.87,14.46,16.86,17.32,20.5,16258,-54.36,45.0,0.827
2022-09-14T07:26:50.000,27.87,14.31,18.7,17.2,20.5,16259,-54.34,46.0,0.827
2022-09-14T07:27:50.000,27.81,14.22,18.43,17.22,20.5,16260,-54.33,46.0,0.827
2022-09-14T07:28:50.000,27.83,14.09,19.18,17.17,20.5,16261,-54.32,46.0,0.827
2022-09-14T07:29:50.000,27.79,13.8,19.54,17.15,20.5,16262,-54.3,46.0,0.827
2022-09-14T07:30:50.000,27.76,13.64,16.67,17.33,20.5,16263,-54.28,46.0,0.827
2022-09-14T07:31:50.000,27.73,13.32,16.24,17.35,20.5,16264,-54.26,47.0,0.827
2022-09-14T07:32:50.000,27.63,13.01,13.58,17.55,20.5,16265,-54.24,47.0,0.827
2022-09-14T07:33:50.000,27.59,12.89,12.33,17.65,20.5,16266,-54.22,47.0,0.827
2022-09-14T07:34:51.000,27.56,12.57,12.67,17.62,20.5,16267,-54.19,47.0,0.827
2022-09-14T07:35:52.000,27.55,12.25,12.6,17.63,20.5,16268,-54.17,47.0,0.827
2022-09-14T07:36:52.000,27.49,11.9,12.44,17.65,20.5,16269,-54.14,48.0,0.827
2022-09-14T07:37:52.000,27.47,11.68,10.96,17.78,20.5,16270,-54.11,48.0,0.827
2022-09-14T07:38:52.000,27.39,11.25,11.13,17.76,20.5,16271,-54.08,48.0,0.826
2022-09-14T07:39:52.000,27.39,10.97,12.26,17.66,20.5,16272,-54.05,48.0,0.826
2022-09-14T07:40:52.000,27.4,10.64,12.21,17.67,20.5,16273,-54.01,48.0,0.826
2022-09-14T07:42:53.000,27.42,10.06,11.49,17.73,20.5,16275,-53.94,49.0,0.826
2022-09-14T07:43:53.000,27.37,9.58,10.28,17.85,20.5,16276,-53.9,49.0,0.826
2022-09-14T07:44:54.000,27.38,9.5,9.94,17.89,20.5,16277,-53.86,49.0,0.826
2022-09-14T07:49:59.000,27.4,8.79,9.8,17.9,20.5,16282,-53.64,50.0,0.826
2022-09-14T07:50:59.000,27.4,8.76,9.76,17.91,20.5,16283,-53.59,50.0,0.826
2022-09-14T07:52:03.000,27.42,8.66,9.66,17.92,20.5,16284,-53.53,51.0,0.826
2022-09-14T07:53:03.000,27.4,8.55,9.6,17.92,20.5,16285,-53.48,51.0,0.826
2022-09-14T07:54:03.000,27.4,8.56,9.67,17.92,20.5,16286,-53.43,51.0,0.826
2022-09-14T07:55:04.000,27.36,8.39,9.7,17.91,20.5,16287,-53.37,51.0,0.826
2022-09-14T07:56:04.000,27.35,8.48,9.79,17.9,20.5,16288,-53.32,51.0,0.826
2022-09-14T07:57:04.000,27.33,8.36,9.82,17.9,20.5,16289,-53.26,52.0,0.825
2022-09-14T07:58:04.000,27.3,8.43,9.82,17.9,20.5,16290,-53.2,52.0,0.825
2022-09-14T07:59:04.000,27.29,8.4,9.86,17.9,20.5,16291,-53.14,52.0,0.825
2022-09-14T08:00:04.000,27.27,8.46,9.85,17.9,20.5,16292,-53.08,52.0,0.825
2022-09-14T08:01:04.000,27.26,8.44,9.72,17.91,20.5,16293,-53.01,52.0,0.825
2022-09-14T08:02:05.000,27.28,8.49,9.61,17.92,20.5,16294,-52.95,53.0,0.825
2022-09-14T08:03:05.000,27.31,8.53,9.3,17.96,20.5,16295,-52.88,53.0,0.825
2022-09-14T08:04:06.000,27.32,8.5,8.91,18.01,20.5,16296,-52.81,53.0,0.825
2022-09-14T08:05:06.000,27.32,8.36,8.66,18.04,20.5,16297,-52.74,53.0,0.825
2022-09-14T08:06:06.000,27.32,8.38,8.51,18.06,20.5,16298,-52.67,53.0,0.825
2022-09-14T08:07:06.000,27.29,8.36,8.23,18.09,20.5,16299,-52.6,54.0,0.825
2022-09-14T08:08:06.000,27.34,8.49,8.18,18.1,20.5,16300,-52.53,54.0,0.825
2022-09-14T08:09:06.000,27.37,8.35,8.05,18.12,20.5,16301,-52.45,54.0,0.825
2022-09-14T08:10:06.000,27.33,8.24,8.02,18.12,20.5,16302,-52.38,54.0,0.825
2022-09-14T08:11:06.000,27.34,8.26,7.97,18.13,20.5,16303,-52.3,54.0,0.825
2022-09-14T08:12:06.000,27.36,8.34,7.56,18.19,20.5,16304,-52.22,55.0,0.825
2022-09-14T08:13:07.000,27.36,8.22,7.63,18.17,20.5,16305,-52.14,55.0,0.825
2022-09-14T08:14:07.000,27.32,8.19,6.36,18.41,20.5,16306,-52.06,55.0,0.825
2022-09-14T08:15:07.000,27.28,8.19,5.72,18.5,20.5,16307,-51.98,55.0,0.825
2022-09-14T08:16:07.000,27.31,8.26,5.36,18.6,20.5,16308,-51.89,55.0,0.824
2022-09-14T08:17:07.000,27.22,8.15,5.63,18.55,20.5,16309,-51.81,56.0,0.824
2022-09-14T08:18:07.000,27.21,8.09,7.27,18.23,20.5,16310,-51.72,56.0,0.824
2022-09-14T08:19:07.000,27.22,8.12,7.14,18.25,20.5,16311,-51.63,56.0,0.824
2022-09-14T08:20:07.000,27.23,8.16,7.09,18.25,20.5,16312,-51.54,56.0,0.824
2022-09-14T08:21:07.000,27.29,8.18,6.98,18.27,20.5,16313,-51.45,56.0,0.824
2022-09-14T08:22:07.000,27.33,8.05,7.06,18.26,20.5,16314,-51.36,57.0,0.824
2022-09-14T08:23:07.000,27.36,8.0,7.03,18.26,20.5,16315,-51.27,57.0,0.824
2022-09-14T08:24:07.000,27.34,7.88,6.97,18.27,20.5,16316,-51.17,57.0,0.824
2022-09-14T08:25:08.000,27.28,7.81,6.94,18.28,20.5,16317,-51.08,57.0,0.824
2022-09-14T08:26:07.000,27.26,7.89,6.97,18.27,20.5,16318,-50.98,57.0,0.824
2022-09-14T08:27:08.000,27.26,7.85,6.88,18.29,20.5,16319,-50.88,57.0,0.824
2022-09-14T08:28:08.000,27.28,7.87,6.92,18.28,20.5,16320,-50.78,58.0,0.824
2022-09-14T08:29:08.000,27.29,7.77,6.92,18.28,20.5,16321,-50.68,58.0,0.824
2022-09-14T08:30:08.000,27.28,7.73,6.93,18.28,20.5,16322,-50.58,58.0,0.824
2022-09-14T08:31:08.000,27.28,7.77,6.95,18.27,20.5,16323,-50.48,58.0,0.824
2022-09-14T08:32:08.000,27.3,7.8,6.95,18.27,20.5,16324,-50.38,58.0,0.824
2022-09-14T08:33:08.000,27.31,7.8,6.98,18.27,20.5,16325,-50.27,59.0,0.824
2022-09-14T08:34:08.000,27.33,7.79,7.1,18.25,20.5,16326,-50.17,59.0,0.823
2022-09-14T08:35:08.000,27.32,7.74,7.19,18.24,20.5,16327,-50.06,59.0,0.823
2022-09-14T08:36:08.000,27.34,7.81,7.27,18.23,20.5,16328,-49.95,59.0,0.823
2022-09-14T08:37:09.000,27.39,7.89,7.41,18.21,20.5,16329,-49.84,59.0,0.823
2022-09-14T08:38:09.000,27.4,7.85,7.44,18.2,20.5,16330,-49.73,60.0,0.823
2022-09-14T08:39:09.000,27.41,7.81,7.54,18.19,20.5,16331,-49.62,60.0,0.823
2022-09-14T08:40:09.000,27.28,7.74,7.7,18.16,20.5,16332,-49.51,60.0,0.823
2022-09-14T08:41:09.000,27.39,7.75,7.73,18.16,20.5,16333,-49.39,60.0,0.823
2022-09-14T08:42:10.000,27.4,7.77,7.89,18.14,20.5,16334,-49.28,60.0,0.823
2022-09-14T08:43:09.000,27.4,7.54,8.01,18.12,20.5,16335,-49.16,60.0,0.823
2022-09-14T08:45:10.000,27.3,7.31,8.28,18.08,20.5,16337,-48.93,61.0,0.823
2022-09-14T08:49:11.000,27.14,7.51,9.06,17.99,20.5,16341,-48.44,62.0,0.823
2022-09-14T08:50:11.000,27.15,7.42,9.25,17.97,20.5,16342,-48.32,62.0,0.823
2022-09-14T08:51:11.000,27.15,7.43,9.46,17.94,20.5,16343,-48.2,62.0,0.823
2022-09-14T08:52:11.000,27.12,7.32,9.68,17.92,20.5,16344,-48.07,62.0,0.822
2022-09-14T08:53:11.000,27.08,7.48,9.9,17.89,20.5,16345,-47.95,62.0,0.822
2022-09-14T08:54:11.000,27.07,7.49,10.11,17.87,20.5,16346,-47.82,62.0,0.822
2022-09-14T08:55:11.000,27.05,7.49,10.32,17.85,20.5,16347,-47.69,63.0,0.822
2022-09-14T08:56:11.000,27.02,7.24,10.52,17.82,20.5,16348,-47.57,63.0,0.822
2022-09-14T08:57:11.000,26.96,7.25,10.71,17.81,20.5,16349,-47.44,63.0,0.822
2022-09-14T08:58:11.000,26.92,7.16,10.87,17.79,20.5,16350,-47.31,63.0,0.822
2022-09-14T08:59:17.000,26.85,7.14,11.03,17.77,20.5,16351,-47.16,63.0,0.822
2022-09-14T09:00:16.000,26.81,7.16,11.21,17.76,20.5,16352,-47.03,63.0,0.822
2022-09-14T09:02:36.000,26.65,6.76,11.64,17.71,20.5,16354,-46.72,64.0,0.822
2022-09-14T09:03:38.000,26.59,7.06,11.86,17.69,20.5,16355,-46.58,64.0,0.822
2022-09-14T09:04:38.000,26.6,7.14,12.0,17.68,20.5,16356,-46.44,64.0,0.822
2022-09-14T09:05:38.000,26.58,7.08,12.3,17.66,20.5,16357,-46.31,64.0,0.822
2022-09-14T09:06:38.000,26.56,7.13,12.56,17.63,20.5,16358,-46.17,65.0,0.822
2022-09-14T09:07:38.000,26.52,7.04,12.8,17.61,20.5,16359,-46.03,65.0,0.822
2022-09-14T09:08:38.000,26.48,7.01,13.01,17.59,20.5,16360,-45.89,65.0,0.822
2022-09-14T09:09:39.000,26.41,6.81,13.21,17.58,20.5,16361,-45.75,65.0,0.822
2022-09-14T09:10:38.000,26.39,7.01,13.42,17.56,20.5,16362,-45.61,65.0,0.821
2022-09-14T09:12:39.000,26.42,7.09,13.9,17.52,20.5,16364,-45.32,66.0,0.821
2022-09-14T09:13:40.000,26.44,7.09,14.2,17.5,20.5,16365,-45.18,66.0,0.821
2022-09-14T09:14:40.000,26.46,7.18,14.5,17.48,20.5,16366,-45.03,66.0,0.821
2022-09-14T09:15:40.000,26.51,7.24,14.7,17.46,20.5,16367,-44.89,66.0,0.821
2022-09-14T09:16:40.000,26.52,6.96,15.03,17.44,20.5,16368,-44.74,66.0,0.821
2022-09-14T09:17:41.000,26.47,6.89,15.37,17.41,20.5,16369,-44.59,66.0,0.821
2022-09-14T09:18:40.000,26.43,7.03,15.73,17.39,20.5,16370,-44.45,66.0,0.821
2022-09-14T09:19:41.000,26.43,7.01,16.18,17.36,20.5,16371,-44.3,67.0,0.821
2022-09-14T09:20:42.000,26.34,6.72,16.72,17.32,20.5,16372,-44.15,67.0,0.821
2022-09-14T09:21:42.000,26.3,6.98,17.31,17.28,20.5,16373,-44.0,67.0,0.821
2022-09-14T09:22:42.000,26.32,6.98,17.94,17.25,20.5,16374,-43.85,67.0,0.821
2022-09-14T09:23:42.000,26.33,6.95,18.78,17.2,20.5,16375,-43.7,67.0,0.821
2022-09-14T09:24:42.000,26.3,6.93,19.65,17.15,20.5,16376,-43.54,67.0,0.821
2022-09-14T09:25:42.000,26.3,7.0,20.58,17.1,20.5,16377,-43.39,68.0,0.821
2022-09-14T09:27:42.000,26.3,6.96,22.75,16.99,20.5,16379,-43.08,68.0,0.821
2022-09-14T09:28:42.000,26.31,7.0,24.08,16.93,20.5,16380,-42.93,68.0,0.82
2022-09-14T09:30:42.000,26.24,6.7,27.16,16.8,20.5,16382,-42.62,68.0,0.82
2022-09-14T09:33:43.000,26.26,7.03,31.36,16.64,20.5,16385,-42.15,69.0,0.82
2022-09-14T09:35:43.000,26.27,6.97,35.87,16.49,20.5,16387,-41.83,69.0,0.82
2022-09-14T09:36:43.000,26.25,6.93,37.86,16.43,20.5,16388,-41.67,69.0,0.82
2022-09-14T09:37:43.000,26.2,6.68,39.91,16.38,20.5,16389,-41.51,69.0,0.82
2022-09-14T09:39:43.000,26.14,6.87,46.29,16.22,20.5,16391,-41.19,69.0,0.82
2022-09-14T09:40:43.000,26.13,6.89,52.19,16.09,20.5,16392,-41.02,70.0,0.82
2022-09-14T09:41:48.000,26.11,6.85,59.66,15.94,20.5,16393,-40.85,70.0,0.82
2022-09-14T09:42:48.000,26.07,6.79,68.02,15.8,20.5,16394,-40.68,70.0,0.82
2022-09-14T09:43:48.000,26.02,6.62,76.23,15.68,20.5,16395,-40.52,70.0,0.82
2022-09-14T09:44:49.000,25.99,6.69,84.07,15.57,20.5,16396,-40.35,70.0,0.82
2022-09-14T09:45:48.000,25.99,6.63,90.34,15.49,20.5,16397,-40.19,70.0,0.82
2022-09-14T09:46:49.000,25.98,6.65,96.09,15.42,20.5,16398,-40.02,70.0,0.819
2022-09-14T09:49:55.000,25.98,6.61,106.69,15.31,20.5,16401,-39.51,71.0,0.819
2022-09-14T09:50:55.000,25.98,6.48,109.69,15.28,20.5,16402,-39.34,71.0,0.819
2022-09-14T09:51:55.000,25.98,6.56,111.39,15.26,20.5,16403,-39.17,71.0,0.819
2022-09-14T09:52:56.000,25.97,6.43,112.45,15.25,20.5,16404,-39.0,71.0,0.819
2022-09-14T09:53:56.000,25.9,6.25,114.0,15.24,20.5,16405,-38.83,71.0,0.819
2022-09-14T09:54:56.000,25.83,6.09,115.03,15.23,20.5,16406,-38.66,71.0,0.819
2022-09-14T09:55:56.000,25.75,6.18,116.0,15.22,20.5,16407,-38.49,71.0,0.819
2022-09-14T09:56:56.000,25.71,6.34,116.81,15.21,20.5,16408,-38.32,71.0,0.819
2022-09-14T09:57:56.000,25.69,6.38,117.37,15.21,20.5,16409,-38.15,71.0,0.819
2022-09-14T09:58:56.000,25.67,6.37,118.0,15.2,20.5,16410,-37.97,71.0,0.819
2022-09-14T09:59:57.000,25.61,6.13,118.0,15.2,20.5,16411,-37.8,72.0,0.819
2022-09-14T10:00:57.000,25.56,6.3,117.32,15.21,20.5,16412,-37.62,72.0,0.819
2022-09-14T10:01:57.000,25.57,6.43,116.22,15.22,20.5,16413,-37.45,72.0,0.819
2022-09-14T10:03:03.000,25.58,6.42,118.09,15.2,20.5,16414,-37.26,72.0,0.819
2022-09-14T10:04:04.000,25.52,6.18,118.93,15.19,20.5,16415,-37.08,72.0,0.819
2022-09-14T10:05:04.000,25.45,6.16,119.01,15.19,20.5,16416,-36.91,72.0,0.818
2022-09-14T10:06:04.000,25.43,6.3,118.4,15.2,20.5,16417,-36.73,72.0,0.818
2022-09-14T10:07:04.000,25.41,6.16,119.36,15.19,20.5,16418,-36.56,72.0,0.818
2022-09-14T10:08:04.000,25.29,5.68,120.0,15.18,20.5,16419,-36.38,72.0,0.818
2022-09-14T10:09:04.000,25.09,5.58,120.0,15.18,20.5,16420,-36.2,72.0,0.818
2022-09-14T10:10:04.000,24.96,5.79,120.0,15.18,20.5,16421,-36.03,72.0,0.818
2022-09-14T10:11:04.000,24.9,5.79,120.0,15.18,20.5,16422,-35.85,72.0,0.818
2022-09-14T10:13:04.000,24.79,5.89,119.96,15.18,20.5,16424,-35.49,72.0,0.818
2022-09-14T10:14:05.000,24.77,5.91,120.0,15.18,20.5,16425,-35.31,72.0,0.818
2022-09-14T10:16:05.000,24.7,5.91,119.06,15.19,20.5,16427,-34.95,73.0,0.818
2022-09-14T10:17:05.000,24.69,5.95,118.09,15.2,20.5,16428,-34.77,73.0,0.818
