Downloads/jupyter/ECSV/stars19/stars19_2021-01.ecsv
# %ECSV 1.0
# ---
# datatype:
# - {name: time, datatype: string}
# - {name: Enclosure Temperature, unit: deg_C, datatype: float64}
# - {name: Sky Temperature, unit: deg_C, datatype: float64}
# - {name: Frequency, unit: Hz, datatype: float64}
# - {name: MSAS, unit: mag / arcsec2, datatype: float64}
# - {name: ZP, datatype: float64}
# - {name: Sequence Number, datatype: int64}
# - {name: Sun Alt, unit: deg, datatype: float64}
# - {name: Moon Alt, unit: deg, datatype: float64}
# - {name: Moon Illumination, datatype: float64}
# delimiter: ','
# meta: !!omap
# - ida:
#     Data supplier: {affiliation: null, observer: null}
#     Device type: TESS-W
#     Field of view: 17.0
#     Filters per channel: None
#     Instrument ID: stars19
#     License: ODbL 1.0 http://opendatacommons.org/licenses/odbl/summary/
#     Local timezone: America/Phoenix
#     Location name: {country: '- Tucson', place: Tucson, region: United States, sub_region: Arizona, town: Pima County}
#     Measurement direction per channel: {azimuth: 0.0, zenital: 0.0}
#     Moving / Fixed look direction: FIXED
#     Moving / Stationary position: STATIONARY
#     Number of channels: 1
#     Number of fields per line: 8
#     Number of header lines: 35
#     Position: {height: 0.0, latitude: 32.223877, longitude: -110.767532}
#     TESS MAC address: 18:FE:34:CF:EC:06
#     TESS cover offset value: 0.0
#     TESS firmware version: '1.0'
#     TESS zero point: 20.5
#     Time Synchronization: timestamp added by MQTT subscriber
#     URL: http://www.darksky.org/NSBM/sdf1.0.pdf
# - __serialized_columns__:
#     Enclosure Temperature:
#       __class__: astropy.units.quantity.Quantity
#       unit: &id001 !astropy.units.Unit {unit: deg_C}
#       value: !astropy.table.SerializedColumn {name: Enclosure Temperature}
#     Frequency:
#       __class__: astropy.units.quantity.Quantity
#       unit: !astropy.units.Unit {unit: Hz}
#       value: !astropy.table.SerializedColumn {name: Frequency}
#     MSAS:
#       __class__: astropy.units.quantity.Quantity
#       unit: !astropy.units.Unit {unit: mag / arcsec2}
#       value: !astropy.table.SerializedColumn {name: MSAS}
#     Moon Alt:
#       __class__: astropy.units.quantity.Quantity
#       unit: &id002 !astropy.units.Unit {unit: deg}
#       value: !astropy.table.SerializedColumn {name: Moon Alt}
#     Sky Temperature:
#       __class__: astropy.units.quantity.Quantity
#       unit: *id001
#       value: !astropy.table.SerializedColumn {name: Sky Temperature}
#     Sun Alt:
#       __class__: astropy.units.quantity.Quantity
#       unit: *id002
#       value: !astropy.table.SerializedColumn {name: Sun Alt}
#     time:
#       __class__: astropy.time.core.Time
#       format: isot
#       in_subfmt: '*'
#       out_subfmt: '*'
#       precision: 3
#       scale: utc
#       value: !astropy.table.SerializedColumn {name: time}
# schema: astropy-2.0
time,Enclosure Temperature,Sky Temperature,Frequency,MSAS,ZP,Sequence Number,Sun Alt,Moon Alt,Moon Illumination
[from data line 27178]
2021-01-29T03:35:30.000,14.63,-8.41,7.29,18.22,20.5,2873,-34.36,30.0,0.997
2021-01-29T03:36:30.000,14.64,-8.49,6.4,18.36,20.5,2874,-34.57,30.0,0.997
2021-01-29T03:37:30.000,14.64,-8.47,5.98,18.44,20.5,2875,-34.78,30.0,0.997
2021-01-29T03:38:30.000,14.65,-8.45,5.85,18.46,20.5,2876,-34.99,31.0,0.997
2021-01-29T03:39:31.000,14.67,-8.55,5.86,18.46,20.5,2877,-35.21,31.0,0.997
2021-01-29T03:40:31.000,14.68,-8.67,5.89,18.46,20.5,2878,-35.42,31.0,0.997
2021-01-29T03:41:31.000,14.69,-8.8,5.88,18.46,20.5,2879,-35.63,31.0,0.997
2021-01-29T03:42:32.000,14.65,-9.12,5.87,18.46,20.5,2880,-35.84,31.0,0.997
2021-01-29T03:43:32.000,14.6,-8.85,5.87,18.46,20.5,2881,-36.05,32.0,0.997
2021-01-29T03:44:32.000,14.63,-8.74,5.82,18.47,20.5,2882,-36.27,32.0,0.997
2021-01-29T03:45:32.000,14.64,-8.82,5.89,18.46,20.5,2883,-36.48,32.0,0.997
2021-01-29T03:46:33.000,14.62,-8.94,5.88,18.46,20.5,2884,-36.69,32.0,0.997
2021-01-29T03:47:33.000,14.63,-8.85,5.92,18.45,20.5,2885,-36.9,32.0,0.997
2021-01-29T03:48:33.000,14.62,-8.99,5.94,18.44,20.5,2886,-37.12,33.0,0.997
2021-01-29T03:49:33.000,14.58,-9.13,6.04,18.43,20.5,2887,-37.33,33.0,0.997
2021-01-29T03:50:34.000,14.57,-8.93,6.1,18.42,20.5,2888,-37.54,33.0,0.997
2021-01-29T03:51:34.000,14.56,-9.17,6.24,18.39,20.5,2889,-37.75,33.0,0.997
2021-01-29T03:52:35.000,14.47,-9.35,6.26,18.39,20.5,2890,-37.97,34.0,0.997
2021-01-29T03:54:35.000,14.36,-9.01,6.96,18.27,20.5,2892,-38.39,34.0,0.997
2021-01-29T03:55:35.000,14.36,-8.68,7.77,18.16,20.5,2893,-38.6,34.0,0.997
2021-01-29T03:56:36.000,14.37,-8.11,10.23,17.86,20.5,2894,-38.82,34.0,0.997
2021-01-29T03:57:36.000,14.4,-7.72,12.38,17.65,20.5,2895,-39.03,35.0,0.997
2021-01-29T03:58:36.000,14.41,-7.7,10.49,17.83,20.5,2896,-39.24,35.0,0.997
2021-01-29T04:03:37.000,14.33,-7.39,12.97,17.6,20.5,2901,-40.3,36.0,0.997
2021-01-29T04:04:37.000,14.37,-7.66,11.21,17.76,20.5,2902,-40.51,36.0,0.997
2021-01-29T04:05:37.000,14.32,-8.63,9.01,18.0,20.5,2903,-40.72,36.0,0.997
2021-01-29T04:06:37.000,14.26,-8.99,6.7,18.32,20.5,2904,-40.93,36.0,0.997
2021-01-29T04:07:38.000,14.24,-9.13,6.41,18.36,20.5,2905,-41.14,37.0,0.997
2021-01-29T04:08:38.000,14.22,-9.43,6.66,18.32,20.5,2906,-41.36,37.0,0.997
2021-01-29T04:09:38.000,14.15,-9.47,6.77,18.31,20.5,2907,-41.57,37.0,0.997
2021-01-29T04:10:39.000,14.11,-9.62,9.25,17.97,20.5,2908,-41.78,37.0,0.997
2021-01-29T04:11:39.000,14.08,-9.57,12.97,17.6,20.5,2909,-41.99,37.0,0.997
2021-01-29T04:12:39.000,14.05,-9.65,15.44,17.41,20.5,2910,-42.2,38.0,0.997
2021-01-29T04:13:39.000,13.96,-9.95,15.82,17.38,20.5,2911,-42.41,38.0,0.997
2021-01-29T04:14:39.000,13.83,-9.72,16.62,17.33,20.5,2912,-42.62,38.0,0.997
2021-01-29T04:15:40.000,13.79,-9.78,17.59,17.27,20.5,2913,-42.84,38.0,0.997
2021-01-29T04:16:40.000,13.74,-9.69,17.94,17.25,20.5,2914,-43.05,38.0,0.997
2021-01-29T04:17:40.000,13.71,-9.76,17.26,17.29,20.5,2915,-43.26,39.0,0.997
2021-01-29T04:18:40.000,13.66,-9.69,17.19,17.29,20.5,2916,-43.47,39.0,0.997
2021-01-29T04:27:50.000,13.34,-10.22,18.84,17.19,20.5,2925,-45.39,41.0,0.997
2021-01-29T04:28:51.000,13.27,-10.12,19.04,17.18,20.5,2926,-45.61,41.0,0.997
2021-01-29T04:29:51.000,13.26,-10.15,19.16,17.17,20.5,2927,-45.82,41.0,0.997
2021-01-29T04:30:51.000,13.24,-10.29,19.09,17.18,20.5,2928,-46.03,41.0,0.997
2021-01-29T04:31:51.000,13.22,-10.33,19.01,17.18,20.5,2929,-46.24,42.0,0.997
2021-01-29T04:32:51.000,13.21,-10.18,18.83,17.19,20.5,2930,-46.45,42.0,0.997
2021-01-29T04:33:51.000,13.2,-10.1,18.84,17.19,20.5,2931,-46.66,42.0,0.997
2021-01-29T04:34:59.000,13.17,-10.29,18.71,17.2,20.5,2932,-46.89,42.0,0.997
2021-01-29T04:35:59.000,13.08,-10.17,18.42,17.22,20.5,2933,-47.1,42.0,0.997
2021-01-29T04:36:59.000,13.02,-10.22,18.1,17.24,20.5,2934,-47.31,43.0,0.997
2021-01-29T04:37:59.000,12.96,-10.53,17.73,17.26,20.5,2935,-47.52,43.0,0.997
2021-01-29T04:39:00.000,12.91,-10.61,17.33,17.28,20.5,2936,-47.73,43.0,0.997
2021-01-29T04:40:00.000,12.87,-10.72,17.13,17.3,20.5,2937,-47.94,43.0,0.997
2021-01-29T04:41:00.000,12.73,-10.86,17.07,17.3,20.5,2938,-48.15,43.0,0.997
2021-01-29T04:42:00.000,12.66,-10.57,17.07,17.3,20.5,2939,-48.36,44.0,0.997
2021-01-29T04:43:00.000,12.66,-10.26,16.91,17.31,20.5,2940,-48.57,44.0,0.997
2021-01-29T04:44:01.000,12.68,-10.21,16.8,17.32,20.5,2941,-48.78,44.0,0.997
2021-01-29T04:45:01.000,12.65,-10.54,16.6,17.33,20.5,2942,-48.99,44.0,0.997
2021-01-29T04:46:01.000,12.67,-10.26,16.28,17.35,20.5,2943,-49.19,44.0,0.997
2021-01-29T04:47:01.000,12.66,-10.74,15.01,17.44,20.5,2944,-49.4,45.0,0.997
2021-01-29T04:48:10.000,12.6,-10.6,15.65,17.39,20.5,2945,-49.64,45.0,0.997
2021-01-29T04:49:09.000,12.54,-10.61,16.0,17.37,20.5,2946,-49.85,45.0,0.997
2021-01-29T04:51:10.000,12.49,-10.18,16.83,17.32,20.5,2948,-50.26,46.0,0.997
2021-01-29T04:52:10.000,12.47,-10.21,15.93,17.37,20.5,2949,-50.47,46.0,0.997
2021-01-29T04:53:10.000,12.42,-10.42,15.36,17.41,20.5,2950,-50.68,46.0,0.997
2021-01-29T04:54:11.000,12.44,-10.3,15.12,17.43,20.5,2951,-50.89,46.0,0.997
2021-01-29T04:55:11.000,12.41,-10.5,15.05,17.44,20.5,2952,-51.1,46.0,0.997
2021-01-29T04:56:11.000,12.37,-10.48,15.02,17.44,20.5,2953,-51.3,47.0,0.997
2021-01-29T04:57:11.000,12.36,-10.41,15.42,17.41,20.5,2954,-51.51,47.0,0.997
2021-01-29T05:02:12.000,12.4,-10.19,15.25,17.42,20.5,2959,-52.55,48.0,0.997
2021-01-29T05:03:12.000,12.42,-9.94,15.36,17.41,20.5,2960,-52.75,48.0,0.997
2021-01-29T05:04:13.000,12.46,-9.63,17.59,17.27,20.5,2961,-52.96,48.0,0.997
2021-01-29T05:05:13.000,12.49,-8.99,20.66,17.09,20.5,2962,-53.17,48.0,0.997
2021-01-29T05:06:13.000,12.5,-8.66,22.09,17.02,20.5,2963,-53.37,49.0,0.997
2021-01-29T05:07:13.000,12.52,-8.0,21.4,17.05,20.5,2964,-53.58,49.0,0.997
2021-01-29T05:08:14.000,12.55,-7.57,25.09,16.88,20.5,2965,-53.78,49.0,0.997
2021-01-29T05:23:16.000,13.01,-4.42,38.23,16.42,20.5,2980,-56.84,52.0,0.997
2021-01-29T05:25:17.000,13.21,-4.09,36.65,16.47,20.5,2982,-57.25,52.0,0.997
2021-01-29T05:26:17.000,13.29,-3.95,39.24,16.4,20.5,2983,-57.45,53.0,0.997
2021-01-29T05:27:18.000,13.34,-3.94,42.2,16.32,20.5,2984,-57.65,53.0,0.997
2021-01-29T05:28:18.000,13.39,-3.96,41.9,16.32,20.5,2985,-57.85,53.0,0.997
2021-01-29T05:30:18.000,13.54,-3.98,37.94,16.43,20.5,2987,-58.25,53.0,0.996
2021-01-29T05:31:18.000,13.57,-4.4,36.02,16.49,20.5,2988,-58.45,54.0,0.996
2021-01-29T05:32:19.000,13.58,-4.6,36.35,16.48,20.5,2989,-58.65,54.0,0.996
2021-01-29T05:33:19.000,13.59,-4.78,35.66,16.5,20.5,2990,-58.85,54.0,0.996
2021-01-29T05:34:19.000,13.62,-4.73,35.73,16.5,20.5,2991,-59.05,54.0,0.996
2021-01-29T05:35:19.000,13.63,-4.56,38.35,16.42,20.5,2992,-59.25,55.0,0.996
2021-01-29T05:36:19.000,13.59,-4.51,44.81,16.25,20.5,2993,-59.45,55.0,0.996
2021-01-29T05:37:19.000,13.56,-4.02,51.2,16.11,20.5,2994,-59.64,55.0,0.996
2021-01-29T05:38:19.000,13.55,-3.66,50.08,16.13,20.5,2995,-59.84,55.0,0.996
2021-01-29T05:39:19.000,13.56,-3.65,48.48,16.17,20.5,2996,-60.04,55.0,0.996
2021-01-29T05:40:19.000,13.58,-3.98,47.33,16.19,20.5,2997,-60.23,56.0,0.996
2021-01-29T05:41:20.000,13.57,-4.38,48.24,16.17,20.5,2998,-60.43,56.0,0.996
2021-01-29T05:42:23.000,13.56,-4.65,45.66,16.23,20.5,2999,-60.64,56.0,0.996
2021-01-29T05:43:23.000,13.59,-4.8,42.8,16.3,20.5,3000,-60.83,56.0,0.996
2021-01-29T05:44:23.000,13.6,-4.7,44.98,16.25,20.5,3001,-61.03,56.0,0.996
2021-01-29T05:46:24.000,13.57,-4.41,50.29,16.13,20.5,3003,-61.42,57.0,0.996
2021-01-29T05:47:24.000,13.59,-4.35,51.93,16.09,20.5,3004,-61.61,57.0,0.996
2021-01-29T05:48:24.000,13.58,-4.18,55.09,16.03,20.5,3005,-61.81,57.0,0.996
2021-01-29T05:49:24.000,13.6,-3.91,58.57,15.96,20.5,3006,-62.0,57.0,0.996
2021-01-29T05:50:25.000,13.65,-3.72,60.11,15.93,20.5,3007,-62.19,58.0,0.996
2021-01-29T05:51:26.000,13.69,-3.55,61.35,15.91,20.5,3008,-62.39,58.0,0.996
2021-01-29T05:52:26.000,13.69,-3.63,59.75,15.94,20.5,3009,-62.58,58.0,0.996
2021-01-29T05:53:26.000,13.67,-3.75,63.44,15.88,20.5,3010,-62.77,58.0,0.996
2021-01-29T05:54:27.000,13.7,-3.48,59.01,15.95,20.5,3011,-62.97,58.0,0.996
2021-01-29T05:55:27.000,13.72,-3.72,65.11,15.85,20.5,3012,-63.16,59.0,0.996
2021-01-29T05:56:27.000,13.65,-3.7,68.0,15.8,20.5,3013,-63.34,59.0,0.996
2021-01-29T05:57:28.000,13.7,-3.56,62.05,15.9,20.5,3014,-63.54,59.0,0.996
2021-01-29T05:58:28.000,13.71,-3.87,57.66,15.98,20.5,3015,-63.72,59.0,0.996
2021-01-29T05:59:28.000,13.6,-4.23,57.05,15.99,20.5,3016,-63.91,59.0,0.996
2021-01-29T06:00:28.000,13.58,-3.88,58.59,15.96,20.5,3017,-64.1,60.0,0.996
2021-01-29T06:01:29.000,13.57,-3.96,52.8,16.07,20.5,3018,-64.29,60.0,0.996
2021-01-29T06:02:29.000,13.53,-4.12,54.14,16.05,20.5,3019,-64.47,60.0,0.996
2021-01-29T06:03:29.000,13.45,-3.81,60.94,15.92,20.5,3020,-64.66,60.0,0.996
2021-01-29T06:04:31.000,13.48,-3.22,61.93,15.9,20.5,3021,-64.85,60.0,0.996
2021-01-29T06:05:31.000,13.55,-2.99,57.34,15.98,20.5,3022,-65.03,61.0,0.996
2021-01-29T06:06:31.000,13.58,-3.45,57.16,15.99,20.5,3023,-65.22,61.0,0.996
2021-01-29T06:07:31.000,13.54,-3.67,53.77,16.05,20.5,3024,-65.4,61.0,0.996
2021-01-29T06:08:32.000,13.53,-3.38,49.79,16.14,20.5,3025,-65.59,61.0,0.996
2021-01-29T06:09:33.000,13.5,-2.72,51.95,16.09,20.5,3026,-65.77,61.0,0.996
2021-01-29T06:10:33.000,13.45,-2.71,54.32,16.04,20.5,3027,-65.95,62.0,0.996
2021-01-29T06:11:33.000,13.45,-1.97,53.48,16.06,20.5,3028,-66.13,62.0,0.996
2021-01-29T06:12:34.000,13.48,-1.63,53.15,16.07,20.5,3029,-66.31,62.0,0.996
2021-01-29T06:13:35.000,13.49,-1.51,55.11,16.03,20.5,3030,-66.49,62.0,0.996
2021-01-29T06:14:36.000,13.51,-1.47,54.81,16.03,20.5,3031,-66.67,62.0,0.996
2021-01-29T06:15:36.000,13.52,-1.42,55.16,16.03,20.5,3032,-66.85,63.0,0.996
2021-01-29T06:16:38.000,13.55,-1.56,56.0,16.01,20.5,3033,-67.03,63.0,0.996
2021-01-29T06:17:38.000,13.58,-1.43,56.04,16.01,20.5,3034,-67.21,63.0,0.996
2021-01-29T06:18:39.000,13.61,-1.33,57.36,15.98,20.5,3035,-67.38,63.0,0.996
2021-01-29T06:19:40.000,13.61,-1.35,58.42,15.96,20.5,3036,-67.56,63.0,0.996
2021-01-29T06:20:41.000,13.56,-1.32,60.94,15.92,20.5,3037,-67.73,63.0,0.996
2021-01-29T06:22:41.000,13.51,-0.95,61.55,15.91,20.5,3039,-68.08,64.0,0.996
2021-01-29T06:24:44.000,13.57,-0.37,57.03,15.99,20.5,3041,-68.42,64.0,0.996
2021-01-29T06:27:46.000,13.68,-0.31,56.0,16.01,20.5,3044,-68.93,65.0,0.996
2021-01-29T06:28:46.000,13.71,-0.03,54.09,16.05,20.5,3045,-69.09,65.0,0.996
2021-01-29T06:29:47.000,13.73,-0.09,54.4,16.04,20.5,3046,-69.26,65.0,0.996
2021-01-29T06:30:48.000,13.73,-0.4,58.63,15.96,20.5,3047,-69.42,65.0,0.996
2021-01-29T06:31:48.000,13.75,-0.44,62.8,15.89,20.5,3048,-69.58,66.0,0.996
2021-01-29T06:32:48.000,13.77,-1.2,63.77,15.87,20.5,3049,-69.74,66.0,0.996
2021-01-29T06:33:48.000,13.74,-1.58,79.77,15.63,20.5,3050,-69.9,66.0,0.996
2021-01-29T06:34:48.000,13.66,-2.28,89.87,15.5,20.5,3051,-70.05,66.0,0.996
2021-01-29T06:35:49.000,13.67,-2.41,94.52,15.44,20.5,3052,-70.21,66.0,0.996
2021-01-29T06:36:49.000,13.69,-2.86,102.4,15.36,20.5,3053,-70.37,67.0,0.996
2021-01-29T06:38:51.000,13.66,-3.72,138.02,15.03,20.5,3055,-70.67,67.0,0.996
2021-01-29T06:39:51.000,13.65,-3.56,148.62,14.95,20.5,3056,-70.82,67.0,0.996
2021-01-29T06:41:52.000,13.63,-3.45,127.66,15.12,20.5,3058,-71.12,67.0,0.996
2021-01-29T06:42:53.000,13.63,-3.2,151.82,14.93,20.5,3059,-71.27,68.0,0.996
2021-01-29T06:43:53.000,13.59,-3.17,152.04,14.93,20.5,3060,-71.41,68.0,0.996
2021-01-29T06:44:53.000,13.56,-2.71,144.92,14.98,20.5,3061,-71.55,68.0,0.996
2021-01-29T06:45:53.000,13.56,-2.27,126.88,15.12,20.5,3062,-71.69,68.0,0.996
2021-01-29T06:46:54.000,13.54,-1.95,108.98,15.29,20.5,3063,-71.84,68.0,0.996
2021-01-29T06:47:54.000,13.43,-1.71,102.76,15.35,20.5,3064,-71.97,69.0,0.996
2021-01-29T06:48:54.000,13.43,-1.07,109.93,15.28,20.5,3065,-72.11,69.0,0.996
2021-01-29T06:49:54.000,13.49,-0.94,108.4,15.29,20.5,3066,-72.24,69.0,0.996
2021-01-29T06:50:54.000,13.53,-0.86,96.61,15.42,20.5,3067,-72.37,69.0,0.996
2021-01-29T06:51:55.000,13.56,-0.92,96.56,15.42,20.5,3068,-72.5,69.0,0.996
2021-01-29T06:52:55.000,13.59,-0.73,95.98,15.42,20.5,3069,-72.63,69.0,0.996
2021-01-29T06:53:55.000,13.65,-0.6,93.91,15.45,20.5,3070,-72.76,70.0,0.996
2021-01-29T06:56:56.000,13.77,-0.28,78.95,15.64,20.5,3073,-73.12,70.0,0.996
2021-01-29T06:57:56.000,13.73,-0.19,75.57,15.68,20.5,3074,-73.24,70.0,0.996
2021-01-29T06:58:56.000,13.78,-0.19,76.02,15.68,20.5,3075,-73.35,70.0,0.996
2021-01-29T06:59:56.000,13.84,-0.11,85.2,15.55,20.5,3076,-73.46,71.0,0.996
2021-01-29T07:00:57.000,13.86,-0.38,90.67,15.49,20.5,3077,-73.58,71.0,0.996
2021-01-29T07:01:57.000,13.89,-0.27,92.27,15.47,20.5,3078,-73.68,71.0,0.996
2021-01-29T07:08:58.000,14.02,-0.58,92.04,15.47,20.5,3085,-74.37,72.0,0.996
2021-01-29T07:09:58.000,14.05,-0.54,88.45,15.51,20.5,3086,-74.46,72.0,0.996
2021-01-29T07:12:58.000,14.06,-0.26,83.19,15.58,20.5,3089,-74.7,73.0,0.996
2021-01-29T07:15:59.000,14.1,0.09,90.07,15.49,20.5,3092,-74.92,73.0,0.996
2021-01-29T07:16:59.000,14.13,0.11,86.27,15.54,20.5,3093,-74.98,73.0,0.996
2021-01-29T07:18:00.000,14.15,0.07,85.0,15.56,20.5,3094,-75.05,73.0,0.996
2021-01-29T07:19:00.000,14.19,-0.03,95.66,15.43,20.5,3095,-75.11,74.0,0.996
2021-01-29T07:20:00.000,14.17,-0.47,114.54,15.23,20.5,3096,-75.17,74.0,0.996
2021-01-29T07:21:00.000,14.14,-0.86,126.92,15.12,20.5,3097,-75.22,74.0,0.996
2021-01-29T07:22:01.000,14.08,-1.34,121.07,15.18,20.5,3098,-75.27,74.0,0.996
2021-01-29T07:23:01.000,14.08,-1.73,131.53,15.09,20.5,3099,-75.32,74.0,0.996
2021-01-29T07:24:01.000,14.05,-2.11,154.6,14.92,20.5,3100,-75.36,74.0,0.996
2021-01-29T07:25:02.000,14.02,-2.42,160.02,14.87,20.5,3101,-75.4,74.0,0.996
2021-01-29T07:26:02.000,13.96,-2.85,151.01,14.93,20.5,3102,-75.44,75.0,0.996
2021-01-29T07:27:02.000,13.91,-2.8,149.71,14.94,20.5,3103,-75.47,75.0,0.996
2021-01-29T07:28:02.000,13.86,-2.7,133.44,15.08,20.5,3104,-75.5,75.0,0.996
2021-01-29T07:29:02.000,13.83,-2.55,134.18,15.06,20.5,3105,-75.53,75.0,0.996
2021-01-29T07:30:03.000,13.73,-2.89,138.65,15.03,20.5,3106,-75.55,75.0,0.996
2021-01-29T07:32:03.000,13.7,-2.6,136.43,15.04,20.5,3108,-75.59,75.0,0.996
2021-01-29T07:36:04.000,13.7,-0.96,100.43,15.38,20.5,3112,-75.62,76.0,0.995
2021-01-29T07:37:05.000,13.75,-0.43,93.66,15.45,20.5,3113,-75.62,76.0,0.995
2021-01-29T07:38:05.000,13.76,0.0,90.68,15.49,20.5,3114,-75.61,76.0,0.995
2021-01-29T07:39:05.000,13.78,0.17,89.46,15.5,20.5,3115,-75.6,76.0,0.995
2021-01-29T07:40:05.000,13.8,0.62,85.35,15.55,20.5,3116,-75.59,76.0,0.995
2021-01-29T07:41:05.000,13.85,0.61,89.84,15.5,20.5,3117,-75.58,76.0,0.995
2021-01-29T07:53:07.000,14.29,-0.39,129.89,15.1,20.5,3129,-75.12,77.0,0.995
2021-01-29T07:54:07.000,14.31,-0.25,113.62,15.24,20.5,3130,-75.06,77.0,0.995
2021-01-29T07:55:07.000,14.36,-0.08,120.56,15.18,20.5,3131,-75.0,77.0,0.995
2021-01-29T07:56:07.000,14.38,0.06,145.42,14.97,20.5,3132,-74.93,77.0,0.995
2021-01-29T07:57:08.000,14.38,0.16,133.91,15.07,20.5,3133,-74.86,77.0,0.995
2021-01-29T07:58:08.000,14.39,0.15,129.53,15.1,20.5,3134,-74.79,77.0,0.995
2021-01-29T07:59:08.000,14.43,0.29,139.91,15.02,20.5,3135,-74.71,77.0,0.995
2021-01-29T08:00:08.000,14.46,0.23,132.4,15.08,20.5,3136,-74.63,78.0,0.995
2021-01-29T08:01:08.000,14.46,0.3,106.76,15.31,20.5,3137,-74.55,78.0,0.995
2021-01-29T08:02:09.000,14.49,0.6,90.66,15.49,20.5,3138,-74.47,78.0,0.995
2021-01-29T08:03:09.000,14.51,0.59,87.96,15.52,20.5,3139,-74.38,78.0,0.995
2021-01-29T08:04:09.000,14.52,0.43,85.95,15.55,20.5,3140,-74.29,78.0,0.995
2021-01-29T08:05:09.000,14.53,0.71,78.02,15.65,20.5,3141,-74.2,78.0,0.995
2021-01-29T08:06:09.000,14.55,0.83,76.23,15.68,20.5,3142,-74.11,78.0,0.995
2021-01-29T08:07:10.000,14.61,1.22,103.42,15.36,20.5,3143,-74.01,78.0,0.995
2021-01-29T08:08:10.000,14.73,1.16,95.89,15.43,20.5,3144,-73.91,78.0,0.995
2021-01-29T08:09:10.000,14.82,1.35,95.89,15.43,20.5,3145,-73.81,78.0,0.995
2021-01-29T08:10:10.000,14.95,1.38,91.12,15.48,20.5,3146,-73.7,78.0,0.995
2021-01-29T08:11:11.000,15.07,1.42,84.14,15.57,20.5,3147,-73.59,78.0,0.995
2021-01-29T08:12:11.000,15.18,1.45,75.78,15.68,20.5,3148,-73.48,78.0,0.995
2021-01-29T08:13:13.000,15.32,1.63,78.16,15.65,20.5,3149,-73.37,78.0,0.995
2021-01-29T08:14:13.000,15.46,1.5,79.64,15.63,20.5,3150,-73.25,78.0,0.995
2021-01-29T08:15:13.000,15.53,1.48,67.8,15.8,20.5,3151,-73.13,78.0,0.995
