Downloads/jupyter/ECSV/stars19/stars19_2023-02.ecsv
# %ECSV 1.0
# ---
# datatype:
# - {name: time, datatype: string}
# - {name: Enclosure Temperature, unit: deg_C, datatype: float64}
# - {name: Sky Temperature, unit: deg_C, datatype: float64}
# - {name: Frequency, unit: Hz, datatype: float64}
# - {name: MSAS, unit: mag / arcsec2, datatype: float64}
# - {name: ZP, datatype: float64}
# - {name: Sequence Number, datatype: int64}
# - {name: Sun Alt, unit: deg, datatype: float64}
# - {name: Moon Alt, unit: deg, datatype: float64}
# - {name: Moon Illumination, datatype: float64}
# delimiter: ','
# meta: !!omap
# - ida:
#     Data supplier: {affiliation: null, observer: null}
#     Device type: TESS-W
#     Field of view: 17.0
#     Filters per channel: None
#     Instrument ID: stars19
#     License: ODbL 1.0 http://opendatacommons.org/licenses/odbl/summary/
#     Local timezone: America/Phoenix
#     Location name: {country: '- Tucson', place: Tucson, region: United States, sub_region: Arizona, town: Pima County}
#     Measurement direction per channel: {azimuth: 0.0, zenital: 0.0}
#     Moving / Fixed look direction: FIXED
#     Moving / Stationary position: STATIONARY
#     Number of channels: 1
#     Number of fields per line: 8
#     Number of header lines: 35
#     Position: {height: 0.0, latitude: 32.223877, longitude: -110.767532}
#     TESS MAC address: 18:FE:34:CF:EC:06
#     TESS cover offset value: 0.0
#     TESS firmware version: '1.0'
#     TESS zero point: 20.38
#     Time Synchronization: timestamp added by MQTT subscriber
#     URL: http://www.darksky.org/NSBM/sdf1.0.pdf
# - __serialized_columns__:
#     Enclosure Temperature:
#       __class__: astropy.units.quantity.Quantity
#       unit: &id001 !astropy.units.Unit {unit: deg_C}
#       value: !astropy.table.SerializedColumn {name: Enclosure Temperature}
#     Frequency:
#       __class__: astropy.units.quantity.Quantity
#       unit: !astropy.units.Unit {unit: Hz}
#       value: !astropy.table.SerializedColumn {name: Frequency}
#     MSAS:
#       __class__: astropy.units.quantity.Quantity
#       unit: !astropy.units.Unit {unit: mag / arcsec2}
#       value: !astropy.table.SerializedColumn {name: MSAS}
#     Moon Alt:
#       __class__: astropy.units.quantity.Quantity
#       unit: &id002 !astropy.units.Unit {unit: deg}
#       value: !astropy.table.SerializedColumn {name: Moon Alt}
#     Sky Temperature:
#       __class__: astropy.units.quantity.Quantity
#       unit: *id001
#       value: !astropy.table.SerializedColumn {name: Sky Temperature}
#     Sun Alt:
#       __class__: astropy.units.quantity.Quantity
#       unit: *id002
#       value: !astropy.table.SerializedColumn {name: Sun Alt}
#     time:
#       __class__: astropy.time.core.Time
#       format: isot
#       in_subfmt: '*'
#       out_subfmt: '*'
#       precision: 3
#       scale: utc
#       value: !astropy.table.SerializedColumn {name: time}
# schema: astropy-2.0
time,Enclosure Temperature,Sky Temperature,Frequency,MSAS,ZP,Sequence Number,Sun Alt,Moon Alt,Moon Illumination
[from data line 16970]
2023-02-21T08:29:40.000,17.48,1.0,4.94,18.65,20.38,62133,-65.17,-67.0,0.018
2023-02-21T08:30:40.000,17.44,1.85,6.89,18.29,20.38,62134,-65.05,-67.0,0.018
2023-02-21T08:31:40.000,17.34,1.8,6.91,18.3,20.38,62135,-64.94,-67.0,0.018
2023-02-21T08:32:40.000,17.22,1.38,4.49,18.75,20.38,62136,-64.82,-67.0,0.018
2023-02-21T08:33:40.000,17.19,1.51,5.13,18.61,20.38,62137,-64.7,-67.0,0.018
2023-02-21T08:34:40.000,17.19,2.29,6.8,18.3,20.38,62138,-64.58,-67.0,0.018
2023-02-21T08:35:40.000,17.24,3.15,9.51,17.94,20.38,62139,-64.46,-67.0,0.018
2023-02-21T08:36:40.000,17.27,3.38,10.66,17.81,20.38,62140,-64.34,-67.0,0.018
2023-02-21T08:37:40.000,17.28,2.97,10.98,17.78,20.38,62141,-64.21,-67.0,0.018
2023-02-21T08:38:41.000,17.28,1.85,9.18,17.98,20.38,62142,-64.08,-67.0,0.018
2023-02-21T08:39:41.000,17.29,0.03,6.3,18.39,20.38,62143,-63.95,-67.0,0.018
2023-02-21T08:40:41.000,17.23,-1.71,3.3,19.1,20.38,62144,-63.82,-67.0,0.018
2023-02-21T08:41:41.000,17.23,-1.79,2.37,19.44,20.38,62145,-63.69,-67.0,0.018
2023-02-21T08:42:41.000,17.28,-0.8,2.69,19.31,20.38,62146,-63.56,-67.0,0.018
2023-02-21T08:43:41.000,17.31,0.62,5.36,18.58,20.38,62147,-63.43,-67.0,0.018
2023-02-21T08:44:41.000,17.3,1.9,8.62,18.05,20.38,62148,-63.29,-67.0,0.018
2023-02-21T08:45:41.000,17.28,2.87,10.45,17.83,20.38,62149,-63.16,-67.0,0.018
2023-02-21T08:46:41.000,17.25,2.98,10.19,17.86,20.38,62150,-63.02,-67.0,0.018
2023-02-21T08:47:41.000,17.21,2.63,7.87,18.14,20.38,62151,-62.88,-67.0,0.018
2023-02-21T08:48:42.000,17.23,2.32,6.66,18.32,20.38,62152,-62.74,-67.0,0.018
2023-02-21T08:50:41.000,17.23,2.35,5.91,18.45,20.38,62154,-62.46,-66.0,0.018
2023-02-21T08:51:42.000,17.15,2.56,7.21,18.24,20.38,62155,-62.31,-66.0,0.018
2023-02-21T08:52:42.000,17.08,2.84,9.17,17.98,20.38,62156,-62.17,-66.0,0.018
2023-02-21T08:53:42.000,17.01,3.05,10.45,17.83,20.38,62157,-62.02,-66.0,0.018
2023-02-21T08:54:42.000,17.02,3.33,10.57,17.82,20.38,62158,-61.87,-66.0,0.018
2023-02-21T08:55:42.000,17.04,3.43,10.31,17.85,20.38,62159,-61.73,-66.0,0.018
2023-02-21T08:56:42.000,17.02,3.49,10.75,17.8,20.38,62160,-61.58,-66.0,0.018
2023-02-21T08:57:42.000,17.03,3.77,11.84,17.7,20.38,62161,-61.43,-66.0,0.018
2023-02-21T08:58:42.000,17.03,3.62,11.26,17.75,20.38,62162,-61.28,-66.0,0.018
2023-02-21T08:59:42.000,17.03,3.63,11.09,17.77,20.38,62163,-61.12,-66.0,0.018
2023-02-21T09:00:42.000,17.03,3.69,13.25,17.58,20.38,62164,-60.97,-66.0,0.019
2023-02-21T09:01:42.000,17.03,3.74,14.28,17.49,20.38,62165,-60.82,-66.0,0.019
2023-02-21T09:02:42.000,16.99,3.43,12.8,17.61,20.38,62166,-60.66,-66.0,0.019
2023-02-21T09:03:42.000,17.0,2.79,10.79,17.8,20.38,62167,-60.5,-66.0,0.019
2023-02-21T09:04:42.000,17.03,2.11,7.8,18.15,20.38,62168,-60.35,-66.0,0.019
2023-02-21T09:05:42.000,17.07,1.75,7.71,18.17,20.38,62169,-60.19,-66.0,0.019
2023-02-21T09:06:42.000,17.09,1.76,6.15,18.41,20.38,62170,-60.03,-66.0,0.019
2023-02-21T09:07:43.000,17.12,2.24,9.28,17.97,20.38,62171,-59.87,-66.0,0.019
2023-02-21T09:08:43.000,17.14,2.65,10.1,17.87,20.38,62172,-59.71,-66.0,0.019
2023-02-21T09:09:43.000,17.15,2.73,8.85,18.01,20.38,62173,-59.54,-66.0,0.019
2023-02-21T09:10:43.000,17.14,2.61,8.75,18.03,20.38,62174,-59.38,-65.0,0.019
2023-02-21T09:11:43.000,17.13,2.18,6.65,18.33,20.38,62175,-59.22,-65.0,0.019
2023-02-21T09:12:43.000,17.11,1.86,5.09,18.61,20.38,62176,-59.05,-65.0,0.019
2023-02-21T09:13:43.000,17.07,2.02,5.14,18.61,20.38,62177,-58.89,-65.0,0.019
2023-02-21T09:14:43.000,17.02,2.38,6.68,18.32,20.38,62178,-58.72,-65.0,0.019
2023-02-21T09:15:43.000,16.94,2.6,7.56,18.18,20.38,62179,-58.56,-65.0,0.019
2023-02-21T09:16:43.000,16.87,2.57,7.45,18.2,20.38,62180,-58.39,-65.0,0.019
2023-02-21T09:17:43.000,16.82,2.78,7.11,18.25,20.38,62181,-58.22,-65.0,0.019
2023-02-21T09:18:43.000,16.77,2.84,8.72,18.03,20.38,62182,-58.05,-65.0,0.019
2023-02-21T09:19:43.000,16.76,2.86,9.72,17.91,20.38,62183,-57.88,-65.0,0.019
2023-02-21T09:20:43.000,16.73,2.56,8.24,18.09,20.38,62184,-57.71,-65.0,0.019
2023-02-21T09:21:43.000,16.7,2.29,8.31,18.08,20.38,62185,-57.54,-65.0,0.019
2023-02-21T09:22:43.000,16.68,2.17,8.26,18.09,20.38,62186,-57.37,-65.0,0.019
2023-02-21T09:23:44.000,16.64,2.13,8.58,18.05,20.38,62187,-57.19,-64.0,0.019
2023-02-21T09:24:44.000,16.58,2.28,9.23,17.97,20.38,62188,-57.02,-64.0,0.019
2023-02-21T09:25:44.000,16.58,2.52,11.07,17.77,20.38,62189,-56.85,-64.0,0.019
2023-02-21T09:26:44.000,16.57,2.59,12.33,17.65,20.38,62190,-56.67,-64.0,0.019
2023-02-21T09:27:44.000,16.55,2.66,11.45,17.73,20.38,62191,-56.5,-64.0,0.019
2023-02-21T09:28:44.000,16.57,2.52,12.1,17.67,20.38,62192,-56.32,-64.0,0.019
2023-02-21T09:29:44.000,16.55,1.54,12.29,17.66,20.38,62193,-56.14,-64.0,0.019
2023-02-21T09:30:44.000,16.55,0.16,5.72,18.55,20.38,62194,-55.97,-64.0,0.019
2023-02-21T09:31:44.000,16.54,-1.12,2.78,19.27,20.38,62195,-55.79,-64.0,0.019
2023-02-21T09:34:44.000,16.52,0.84,5.83,18.47,20.38,62198,-55.25,-63.0,0.019
2023-02-21T09:36:45.000,16.48,0.71,5.4,18.55,20.38,62200,-54.89,-63.0,0.019
2023-02-21T09:56:46.000,16.28,3.58,9.62,17.92,20.38,62220,-51.17,-61.0,0.02
2023-02-21T10:04:46.000,16.29,3.59,16.42,17.34,20.38,62228,-49.63,-60.0,0.02
2023-02-21T10:07:47.000,16.35,2.19,10.68,17.82,20.38,62231,-49.04,-59.0,0.02
2023-02-21T10:08:47.000,16.35,1.53,6.32,18.39,20.38,62232,-48.85,-59.0,0.02
2023-02-21T10:09:47.000,16.35,1.31,6.03,18.44,20.38,62233,-48.65,-59.0,0.02
2023-02-21T10:10:47.000,16.34,1.04,6.36,18.37,20.38,62234,-48.46,-59.0,0.02
2023-02-21T10:11:47.000,16.33,0.68,5.97,18.44,20.38,62235,-48.26,-59.0,0.02
2023-02-21T10:12:47.000,16.33,0.31,4.6,18.72,20.38,62236,-48.07,-58.0,0.02
2023-02-21T10:13:47.000,16.31,-0.28,3.85,18.92,20.38,62237,-47.87,-58.0,0.02
2023-02-21T10:14:47.000,16.26,-1.17,2.92,19.22,20.38,62238,-47.68,-58.0,0.02
2023-02-21T10:15:47.000,16.23,-2.01,2.87,19.24,20.38,62239,-47.48,-58.0,0.02
2023-02-21T10:16:47.000,16.16,-2.69,2.51,19.38,20.38,62240,-47.28,-58.0,0.02
2023-02-21T10:17:47.000,16.14,-3.0,2.23,19.51,20.38,62241,-47.08,-58.0,0.02
2023-02-21T10:19:47.000,16.04,-3.05,3.02,19.18,20.38,62243,-46.69,-57.0,0.02
2023-02-21T10:20:47.000,16.0,-3.5,2.63,19.34,20.38,62244,-46.49,-57.0,0.02
2023-02-21T10:21:47.000,15.97,-4.27,1.88,19.7,20.38,62245,-46.29,-57.0,0.02
2023-02-21T10:22:47.000,15.89,-4.97,1.51,19.93,20.38,62246,-46.09,-57.0,0.02
2023-02-21T10:23:47.000,15.84,-5.19,1.38,20.03,20.38,62247,-45.89,-57.0,0.02
2023-02-21T10:24:48.000,15.81,-4.86,1.38,20.03,20.38,62248,-45.69,-57.0,0.02
2023-02-21T10:25:48.000,15.75,-4.15,1.51,19.94,20.38,62249,-45.49,-56.0,0.02
2023-02-21T10:26:48.000,15.72,-3.01,2.7,19.33,20.38,62250,-45.29,-56.0,0.02
2023-02-21T10:27:48.000,15.71,-1.74,4.03,18.87,20.38,62251,-45.09,-56.0,0.02
2023-02-21T10:28:48.000,15.68,-0.91,4.87,18.66,20.38,62252,-44.89,-56.0,0.02
2023-02-21T10:29:48.000,15.65,-0.48,4.95,18.64,20.38,62253,-44.69,-56.0,0.02
2023-02-21T10:30:48.000,15.64,-0.29,4.67,18.71,20.38,62254,-44.49,-56.0,0.021
2023-02-21T10:31:48.000,15.63,-0.58,4.99,18.64,20.38,62255,-44.29,-55.0,0.021
2023-02-21T10:32:48.000,15.65,-1.15,4.41,18.78,20.38,62256,-44.09,-55.0,0.021
2023-02-21T10:33:48.000,15.64,-1.86,2.44,19.42,20.38,62257,-43.89,-55.0,0.021
2023-02-21T10:34:48.000,15.67,-1.67,2.6,19.35,20.38,62258,-43.68,-55.0,0.021
2023-02-21T10:35:48.000,15.68,-1.08,3.63,18.99,20.38,62259,-43.48,-55.0,0.021
2023-02-21T10:36:48.000,15.67,-0.29,4.22,18.82,20.38,62260,-43.28,-55.0,0.021
2023-02-21T10:37:48.000,15.67,-0.23,5.43,18.55,20.38,62261,-43.08,-54.0,0.021
2023-02-21T10:38:48.000,15.64,-1.57,4.11,18.89,20.38,62262,-42.88,-54.0,0.021
2023-02-21T10:39:48.000,15.62,-3.55,1.82,19.74,20.38,62263,-42.67,-54.0,0.021
2023-02-21T10:40:48.000,15.61,-4.84,1.45,19.98,20.38,62264,-42.47,-54.0,0.021
2023-02-21T10:41:49.000,15.59,-5.24,1.44,19.98,20.38,62265,-42.26,-54.0,0.021
2023-02-21T10:42:49.000,15.59,-4.99,1.51,19.94,20.38,62266,-42.06,-54.0,0.021
2023-02-21T10:43:49.000,15.6,-4.57,1.94,19.66,20.38,62267,-41.86,-53.0,0.021
2023-02-21T10:44:49.000,15.6,-4.52,1.99,19.63,20.38,62268,-41.65,-53.0,0.021
2023-02-21T10:45:49.000,15.55,-4.62,1.58,19.88,20.38,62269,-41.45,-53.0,0.021
2023-02-21T10:46:49.000,15.53,-4.49,1.63,19.85,20.38,62270,-41.25,-53.0,0.021
2023-02-21T10:47:49.000,15.52,-4.18,2.32,19.47,20.38,62271,-41.04,-53.0,0.021
2023-02-21T10:48:49.000,15.49,-4.15,2.34,19.46,20.38,62272,-40.84,-53.0,0.021
2023-02-21T10:49:49.000,15.44,-4.51,2.58,19.36,20.38,62273,-40.63,-52.0,0.021
2023-02-21T10:50:49.000,15.42,-5.11,1.87,19.7,20.38,62274,-40.43,-52.0,0.021
2023-02-21T10:51:49.000,15.43,-5.79,1.58,19.89,20.38,62275,-40.22,-52.0,0.021
2023-02-21T10:52:49.000,15.45,-6.21,1.3,20.09,20.38,62276,-40.02,-52.0,0.021
2023-02-21T10:53:49.000,15.43,-6.63,1.22,20.17,20.38,62277,-39.81,-52.0,0.021
2023-02-21T10:54:49.000,15.39,-6.83,1.19,20.19,20.38,62278,-39.61,-52.0,0.021
2023-02-21T10:55:49.000,15.37,-6.84,1.19,20.19,20.38,62279,-39.4,-51.0,0.021
2023-02-21T10:56:50.000,15.34,-6.88,1.19,20.19,20.38,62280,-39.19,-51.0,0.021
2023-02-21T11:13:53.000,14.9,-7.04,1.23,20.15,20.38,62296,-35.66,-48.0,0.022
2023-02-21T11:14:53.000,14.88,-6.24,1.34,20.06,20.38,62297,-35.46,-48.0,0.022
2023-02-21T11:15:53.000,14.86,-3.01,2.33,19.49,20.38,62298,-35.25,-48.0,0.022
2023-02-21T11:16:53.000,14.87,0.65,5.34,18.58,20.38,62299,-35.04,-48.0,0.022
2023-02-21T11:17:53.000,14.86,2.72,8.35,18.08,20.38,62300,-34.83,-47.0,0.022
2023-02-21T11:18:53.000,14.84,3.63,10.29,17.85,20.38,62301,-34.62,-47.0,0.022
2023-02-21T11:19:53.000,14.85,3.79,10.87,17.79,20.38,62302,-34.41,-47.0,0.022
2023-02-21T11:20:53.000,14.85,3.04,9.88,17.9,20.38,62303,-34.21,-47.0,0.022
2023-02-21T11:21:53.000,14.87,1.41,7.53,18.19,20.38,62304,-34.0,-47.0,0.022
2023-02-21T11:22:53.000,14.92,-0.25,5.12,18.61,20.38,62305,-33.79,-46.0,0.022
2023-02-21T11:23:53.000,14.93,-1.48,4.0,18.88,20.38,62306,-33.58,-46.0,0.022
2023-02-21T11:24:53.000,14.96,-2.07,3.24,19.11,20.38,62307,-33.37,-46.0,0.022
2023-02-21T11:25:53.000,14.98,-2.28,2.58,19.35,20.38,62308,-33.16,-46.0,0.022
2023-02-21T11:26:53.000,14.99,-2.31,2.1,19.58,20.38,62309,-32.95,-46.0,0.022
2023-02-21T11:27:53.000,15.0,-2.11,1.91,19.68,20.38,62310,-32.74,-46.0,0.022
2023-02-21T11:28:54.000,15.04,-1.6,1.98,19.64,20.38,62311,-32.53,-45.0,0.022
2023-02-21T11:29:54.000,15.08,-1.0,2.31,19.47,20.38,62312,-32.32,-45.0,0.022
2023-02-21T11:30:54.000,15.12,-0.59,2.8,19.26,20.38,62313,-32.11,-45.0,0.022
2023-02-21T11:31:54.000,15.16,-0.76,3.09,19.16,20.38,62314,-31.9,-45.0,0.022
2023-02-21T11:32:54.000,15.18,-1.7,2.83,19.25,20.38,62315,-31.69,-45.0,0.022
2023-02-21T11:33:54.000,15.23,-3.01,2.15,19.55,20.38,62316,-31.48,-44.0,0.022
2023-02-21T11:34:54.000,15.29,-4.5,1.51,19.94,20.38,62317,-31.27,-44.0,0.022
2023-02-21T11:35:54.000,15.32,-5.64,1.26,20.13,20.38,62318,-31.06,-44.0,0.022
2023-02-21T11:36:54.000,15.36,-6.29,1.17,20.21,20.38,62319,-30.85,-44.0,0.022
2023-02-21T11:37:54.000,15.4,-6.73,1.17,20.21,20.38,62320,-30.64,-44.0,0.022
2023-02-21T11:38:54.000,15.45,-6.87,1.13,20.25,20.38,62321,-30.43,-43.0,0.022
2023-02-21T11:39:54.000,15.49,-6.99,1.12,20.25,20.38,62322,-30.22,-43.0,0.022
2023-02-21T11:40:54.000,15.52,-6.96,1.12,20.25,20.38,62323,-30.01,-43.0,0.022
2023-02-21T11:41:54.000,15.57,-7.0,1.13,20.25,20.38,62324,-29.8,-43.0,0.022
2023-02-21T11:42:54.000,15.61,-7.01,1.14,20.24,20.38,62325,-29.59,-43.0,0.022
2023-02-21T11:43:54.000,15.6,-7.11,1.14,20.23,20.38,62326,-29.38,-43.0,0.022
2023-02-21T11:44:54.000,15.51,-7.41,1.14,20.23,20.38,62327,-29.17,-42.0,0.022
2023-02-21T11:45:55.000,15.42,-7.32,1.14,20.23,20.38,62328,-28.96,-42.0,0.022
2023-02-21T11:46:55.000,15.39,-7.24,1.14,20.23,20.38,62329,-28.75,-42.0,0.022
2023-02-21T11:47:55.000,15.41,-7.14,1.14,20.24,20.38,62330,-28.54,-42.0,0.022
2023-02-21T11:48:55.000,15.43,-7.18,1.14,20.23,20.38,62331,-28.32,-42.0,0.022
2023-02-21T11:49:55.000,15.45,-7.17,1.15,20.23,20.38,62332,-28.11,-41.0,0.022
2023-02-21T11:50:55.000,15.45,-7.09,1.15,20.22,20.38,62333,-27.9,-41.0,0.022
2023-02-21T11:51:57.000,15.45,-6.88,1.17,20.21,20.38,62334,-27.69,-41.0,0.022
2023-02-21T11:52:57.000,15.4,-6.91,1.18,20.2,20.38,62335,-27.47,-41.0,0.022
2023-02-21T11:53:57.000,15.27,-6.82,1.2,20.18,20.38,62336,-27.26,-41.0,0.022
2023-02-21T11:54:57.000,15.24,-6.21,1.22,20.16,20.38,62337,-27.05,-40.0,0.022
2023-02-21T11:55:57.000,15.17,-5.51,1.28,20.11,20.38,62338,-26.84,-40.0,0.023
2023-02-21T11:56:57.000,15.17,-4.82,1.46,19.97,20.38,62339,-26.63,-40.0,0.023
2023-02-21T11:57:57.000,15.15,-5.27,1.67,19.82,20.38,62340,-26.42,-40.0,0.023
2023-02-21T11:58:57.000,15.16,-6.03,1.47,19.97,20.38,62341,-26.21,-40.0,0.023
2023-02-21T11:59:57.000,15.16,-6.84,1.21,20.17,20.38,62342,-26.0,-39.0,0.023
2023-02-21T12:00:57.000,15.15,-6.98,1.2,20.18,20.38,62343,-25.79,-39.0,0.023
2023-02-21T12:01:58.000,15.15,-7.07,1.2,20.18,20.38,62344,-25.57,-39.0,0.023
2023-02-21T12:02:58.000,15.13,-7.12,1.18,20.2,20.38,62345,-25.36,-39.0,0.023
2023-02-21T12:03:58.000,15.15,-6.97,1.15,20.23,20.38,62346,-25.15,-39.0,0.023
2023-02-21T12:04:58.000,15.13,-7.46,1.15,20.23,20.38,62347,-24.94,-38.0,0.023
2023-02-21T12:05:58.000,15.04,-7.67,4.04,19.73,20.38,62348,-24.73,-38.0,0.023
2023-02-21T12:06:58.000,15.01,-7.73,2.0,20.05,20.38,62349,-24.51,-38.0,0.023
2023-02-21T12:07:58.000,14.98,-7.74,1.1,20.28,20.38,62350,-24.3,-38.0,0.023
2023-02-21T12:08:58.000,14.97,-7.91,1.1,20.28,20.38,62351,-24.09,-38.0,0.023
2023-02-21T12:09:58.000,14.93,-8.01,1.09,20.28,20.38,62352,-23.88,-37.0,0.023
2023-02-21T12:10:58.000,14.9,-7.99,1.09,20.29,20.38,62353,-23.67,-37.0,0.023
2023-02-21T12:11:59.000,14.86,-8.05,1.08,20.29,20.38,62354,-23.45,-37.0,0.023
2023-02-21T12:12:59.000,14.82,-8.1,1.09,20.29,20.38,62355,-23.24,-37.0,0.023
2023-02-21T12:13:59.000,14.77,-8.18,1.09,20.29,20.38,62356,-23.03,-37.0,0.023
2023-02-21T12:14:59.000,14.73,-8.15,1.09,20.29,20.38,62357,-22.82,-36.0,0.023
2023-02-21T12:15:59.000,14.71,-8.12,1.09,20.29,20.38,62358,-22.61,-36.0,0.023
2023-02-21T12:16:59.000,14.68,-8.16,1.09,20.29,20.38,62359,-22.4,-36.0,0.023
2023-02-21T12:17:59.000,14.69,-8.02,1.09,20.29,20.38,62360,-22.18,-36.0,0.023
2023-02-21T12:18:59.000,14.74,-7.97,1.09,20.28,20.38,62361,-21.97,-36.0,0.023
2023-02-21T12:19:59.000,14.78,-8.02,1.09,20.28,20.38,62362,-21.76,-35.0,0.023
2023-02-21T12:20:59.000,14.74,-8.29,1.09,20.28,20.38,62363,-21.55,-35.0,0.023
2023-02-21T12:21:59.000,14.68,-8.23,1.1,20.28,20.38,62364,-21.34,-35.0,0.023
2023-02-21T12:23:00.000,14.67,-8.19,1.1,20.28,20.38,62365,-21.12,-35.0,0.023
2023-02-21T12:24:00.000,14.65,-8.32,1.1,20.28,20.38,62366,-20.91,-35.0,0.023
2023-02-21T12:25:00.000,14.61,-8.44,1.1,20.27,20.38,62367,-20.7,-34.0,0.023
2023-02-21T12:26:00.000,14.61,-8.26,1.1,20.28,20.38,62368,-20.49,-34.0,0.023
2023-02-21T12:27:00.000,14.64,-8.22,1.1,20.27,20.38,62369,-20.28,-34.0,0.023
2023-02-21T12:28:00.000,14.65,-8.28,1.1,20.27,20.38,62370,-20.07,-34.0,0.023
2023-02-21T12:29:00.000,14.67,-8.28,1.1,20.27,20.38,62371,-19.85,-34.0,0.023
2023-02-21T12:30:00.000,14.64,-8.4,1.1,20.27,20.38,62372,-19.64,-33.0,0.023
2023-02-21T12:31:00.000,14.57,-8.47,1.1,20.27,20.38,62373,-19.43,-33.0,0.023
2023-02-21T12:32:01.000,14.46,-8.63,1.1,20.27,20.38,62374,-19.22,-33.0,0.023
2023-02-21T12:33:01.000,14.36,-8.65,1.1,20.27,20.38,62375,-19.0,-33.0,0.023
2023-02-21T12:34:01.000,14.25,-8.74,1.1,20.28,20.38,62376,-18.79,-33.0,0.023
2023-02-21T12:35:01.000,14.12,-8.74,1.1,20.28,20.38,62377,-18.58,-32.0,0.023
2023-02-21T12:36:01.000,14.0,-8.73,1.1,20.28,20.38,62378,-18.37,-32.0,0.023
2023-02-21T12:37:01.000,13.9,-8.65,1.1,20.28,20.38,62379,-18.16,-32.0,0.024
2023-02-21T12:38:01.000,13.82,-8.61,1.12,20.26,20.38,62380,-17.95,-32.0,0.024
2023-02-21T12:39:01.000,13.76,-8.53,1.2,20.19,20.38,62381,-17.73,-32.0,0.024
2023-02-21T12:40:01.000,13.71,-8.57,1.2,20.18,20.38,62382,-17.52,-31.0,0.024
2023-02-21T12:41:01.000,13.66,-8.46,1.2,20.18,20.38,62383,-17.31,-31.0,0.024
2023-02-21T12:42:01.000,13.59,-8.49,1.2,20.18,20.38,62384,-17.1,-31.0,0.024
2023-02-21T12:43:01.000,13.57,-8.37,1.21,20.18,20.38,62385,-16.89,-31.0,0.024
2023-02-21T12:44:01.000,13.55,-8.34,1.21,20.17,20.38,62386,-16.68,-31.0,0.024
