Downloads/jupyter/ECSV/stars19/stars19_2020-10.ecsv
# %ECSV 1.0
# ---
# datatype:
# - {name: time, datatype: string}
# - {name: Enclosure Temperature, unit: deg_C, datatype: float64}
# - {name: Sky Temperature, unit: deg_C, datatype: float64}
# - {name: Frequency, unit: Hz, datatype: float64}
# - {name: MSAS, unit: mag / arcsec2, datatype: float64}
# - {name: ZP, datatype: float64}
# - {name: Sequence Number, datatype: int64}
# - {name: Sun Alt, unit: deg, datatype: float64}
# - {name: Moon Alt, unit: deg, datatype: float64}
# - {name: Moon Illumination, datatype: float64}
# delimiter: ','
# meta: !!omap
# - ida:
#     Data supplier: {affiliation: null, observer: null}
#     Device type: TESS-W
#     Field of view: 17.0
#     Filters per channel: None
#     Instrument ID: stars19
#     License: ODbL 1.0 http://opendatacommons.org/licenses/odbl/summary/
#     Local timezone: America/Phoenix
#     Location name: {country: '- Tucson', place: Tucson, region: United States, sub_region: Arizona, town: Pima County}
#     Measurement direction per channel: {azimuth: 0.0, zenital: 0.0}
#     Moving / Fixed look direction: FIXED
#     Moving / Stationary position: STATIONARY
#     Number of channels: 1
#     Number of fields per line: 8
#     Number of header lines: 35
#     Position: {height: 0.0, latitude: 32.223877, longitude: -110.767532}
#     TESS MAC address: 18:FE:34:CF:EC:06
#     TESS cover offset value: 0.0
#     TESS firmware version: '1.0'
#     TESS zero point: 20.5
#     Time Synchronization: timestamp added by MQTT subscriber
#     URL: http://www.darksky.org/NSBM/sdf1.0.pdf
# - __serialized_columns__:
#     Enclosure Temperature:
#       __class__: astropy.units.quantity.Quantity
#       unit: &id001 !astropy.units.Unit {unit: deg_C}
#       value: !astropy.table.SerializedColumn {name: Enclosure Temperature}
#     Frequency:
#       __class__: astropy.units.quantity.Quantity
#       unit: !astropy.units.Unit {unit: Hz}
#       value: !astropy.table.SerializedColumn {name: Frequency}
#     MSAS:
#       __class__: astropy.units.quantity.Quantity
#       unit: !astropy.units.Unit {unit: mag / arcsec2}
#       value: !astropy.table.SerializedColumn {name: MSAS}
#     Moon Alt:
#       __class__: astropy.units.quantity.Quantity
#       unit: &id002 !astropy.units.Unit {unit: deg}
#       value: !astropy.table.SerializedColumn {name: Moon Alt}
#     Sky Temperature:
#       __class__: astropy.units.quantity.Quantity
#       unit: *id001
#       value: !astropy.table.SerializedColumn {name: Sky Temperature}
#     Sun Alt:
#       __class__: astropy.units.quantity.Quantity
#       unit: *id002
#       value: !astropy.table.SerializedColumn {name: Sun Alt}
#     time:
#       __class__: astropy.time.core.Time
#       format: isot
#       in_subfmt: '*'
#       out_subfmt: '*'
#       precision: 3
#       scale: utc
#       value: !astropy.table.SerializedColumn {name: time}
# schema: astropy-2.0
time,Enclosure Temperature,Sky Temperature,Frequency,MSAS,ZP,Sequence Number,Sun Alt,Moon Alt,Moon Illumination
[from data line 5176]
2020-10-08T10:49:16.000,21.56,0.09,46.97,16.2,20.5,68069,-32.9,72.0,0.657
2020-10-08T10:50:16.000,21.54,0.11,45.49,16.24,20.5,68070,-32.7,72.0,0.657
2020-10-08T10:51:16.000,21.5,0.06,44.41,16.26,20.5,68071,-32.49,72.0,0.657
2020-10-08T10:53:16.000,21.49,0.13,41.52,16.33,20.5,68073,-32.08,72.0,0.657
2020-10-08T10:54:16.000,21.47,0.15,40.08,16.37,20.5,68074,-31.88,73.0,0.657
2020-10-08T10:55:16.000,21.45,0.1,38.73,16.41,20.5,68075,-31.67,73.0,0.656
2020-10-08T10:56:16.000,21.42,0.18,37.44,16.45,20.5,68076,-31.47,73.0,0.656
2020-10-08T10:57:16.000,21.43,0.23,35.97,16.49,20.5,68077,-31.26,73.0,0.656
2020-10-08T10:58:16.000,21.46,0.29,34.35,16.54,20.5,68078,-31.06,73.0,0.656
2020-10-08T10:59:16.000,21.51,0.29,32.62,16.6,20.5,68079,-30.85,74.0,0.656
2020-10-08T11:00:16.000,21.57,0.33,30.59,16.67,20.5,68080,-30.65,74.0,0.656
2020-10-08T11:01:16.000,21.62,0.31,28.91,16.73,20.5,68081,-30.44,74.0,0.656
2020-10-08T11:02:16.000,21.66,0.33,27.23,16.79,20.5,68082,-30.23,74.0,0.656
2020-10-08T11:03:16.000,21.68,0.35,25.3,16.87,20.5,68083,-30.03,74.0,0.656
2020-10-08T11:04:17.000,21.73,0.38,23.72,16.94,20.5,68084,-29.82,74.0,0.656
2020-10-08T11:05:17.000,21.77,0.38,22.3,17.01,20.5,68085,-29.61,75.0,0.656
2020-10-08T11:06:17.000,21.81,0.42,21.28,17.06,20.5,68086,-29.4,75.0,0.656
2020-10-08T11:07:17.000,21.84,0.37,20.33,17.11,20.5,68087,-29.2,75.0,0.656
2020-10-08T11:08:17.000,21.84,0.31,19.54,17.15,20.5,68088,-28.99,75.0,0.656
2020-10-08T11:09:17.000,21.85,0.38,18.97,17.18,20.5,68089,-28.78,75.0,0.656
2020-10-08T11:10:17.000,21.86,0.38,18.79,17.2,20.5,68090,-28.58,76.0,0.655
2020-10-08T11:11:17.000,21.85,0.31,18.69,17.2,20.5,68091,-28.37,76.0,0.655
2020-10-08T11:12:17.000,21.86,0.37,18.61,17.21,20.5,68092,-28.16,76.0,0.655
2020-10-08T11:13:17.000,21.86,0.31,18.48,17.21,20.5,68093,-27.95,76.0,0.655
2020-10-08T11:14:17.000,21.84,0.35,18.27,17.23,20.5,68094,-27.75,76.0,0.655
2020-10-08T11:15:17.000,21.82,0.29,18.02,17.24,20.5,68095,-27.54,76.0,0.655
2020-10-08T11:16:17.000,21.79,0.31,17.93,17.25,20.5,68096,-27.33,77.0,0.655
2020-10-08T11:17:17.000,21.78,0.35,17.54,17.27,20.5,68097,-27.12,77.0,0.655
2020-10-08T11:18:17.000,21.78,0.45,17.09,17.3,20.5,68098,-26.92,77.0,0.655
2020-10-08T11:19:17.000,21.8,0.52,16.75,17.32,20.5,68099,-26.71,77.0,0.655
2020-10-08T11:20:17.000,21.85,0.58,16.44,17.34,20.5,68100,-26.5,77.0,0.655
2020-10-08T11:21:18.000,21.87,0.56,16.13,17.36,20.5,68101,-26.29,77.0,0.655
2020-10-08T11:22:18.000,21.91,0.6,15.86,17.38,20.5,68102,-26.08,78.0,0.655
2020-10-08T11:23:18.000,21.91,0.53,15.64,17.39,20.5,68103,-25.87,78.0,0.655
2020-10-08T11:24:18.000,21.9,0.54,15.54,17.4,20.5,68104,-25.66,78.0,0.655
2020-10-08T11:25:18.000,21.9,0.57,15.5,17.4,20.5,68105,-25.45,78.0,0.655
2020-10-08T11:26:18.000,21.91,0.58,15.51,17.4,20.5,68106,-25.24,78.0,0.654
2020-10-08T11:27:18.000,21.91,0.6,15.58,17.4,20.5,68107,-25.04,78.0,0.654
2020-10-08T11:28:18.000,21.91,0.61,15.74,17.39,20.5,68108,-24.83,78.0,0.654
2020-10-08T11:29:18.000,21.91,0.63,15.95,17.37,20.5,68109,-24.62,79.0,0.654
2020-10-08T11:30:18.000,21.91,0.64,16.23,17.35,20.5,68110,-24.41,79.0,0.654
2020-10-08T11:31:18.000,21.92,0.71,16.53,17.33,20.5,68111,-24.2,79.0,0.654
2020-10-08T11:32:18.000,21.92,0.68,16.82,17.32,20.5,68112,-23.99,79.0,0.654
2020-10-08T11:33:18.000,21.92,0.64,17.13,17.3,20.5,68113,-23.78,79.0,0.654
2020-10-08T11:34:18.000,21.91,0.62,17.51,17.27,20.5,68114,-23.57,79.0,0.654
2020-10-08T11:35:18.000,21.91,0.65,17.95,17.24,20.5,68115,-23.36,79.0,0.654
2020-10-08T11:36:19.000,21.91,0.69,18.38,17.22,20.5,68116,-23.15,80.0,0.654
2020-10-08T11:37:19.000,21.91,0.72,18.81,17.19,20.5,68117,-22.94,80.0,0.654
2020-10-08T11:38:19.000,21.91,0.73,19.23,17.17,20.5,68118,-22.73,80.0,0.654
2020-10-08T11:39:19.000,21.91,0.76,19.81,17.14,20.5,68119,-22.52,80.0,0.654
2020-10-08T11:40:19.000,21.9,0.7,20.33,17.11,20.5,68120,-22.31,80.0,0.654
2020-10-08T11:41:19.000,21.89,0.66,21.07,17.07,20.5,68121,-22.1,80.0,0.653
2020-10-08T11:42:19.000,21.9,0.6,21.85,17.03,20.5,68122,-21.89,80.0,0.653
2020-10-08T11:43:19.000,21.87,0.58,22.81,16.98,20.5,68123,-21.68,80.0,0.653
2020-10-08T11:44:19.000,21.87,0.72,24.04,16.93,20.5,68124,-21.47,81.0,0.653
2020-10-08T11:45:19.000,21.83,0.55,25.72,16.85,20.5,68125,-21.26,81.0,0.653
2020-10-08T11:46:19.000,21.81,0.69,27.74,16.77,20.5,68126,-21.05,81.0,0.653
2020-10-08T11:47:19.000,21.82,0.81,30.98,16.65,20.5,68127,-20.84,81.0,0.653
2020-10-08T11:48:19.000,21.82,0.77,35.68,16.5,20.5,68128,-20.63,81.0,0.653
2020-10-08T11:49:19.000,21.84,0.96,41.42,16.34,20.5,68129,-20.42,81.0,0.653
2020-10-08T11:50:19.000,21.86,0.85,47.5,16.19,20.5,68130,-20.21,81.0,0.653
2020-10-08T11:52:19.000,21.87,0.99,68.68,15.79,20.5,68132,-19.79,81.0,0.653
2020-10-08T11:53:20.000,21.88,1.03,86.09,15.55,20.5,68133,-19.57,81.0,0.653
2020-10-08T11:54:20.000,21.9,1.06,107.98,15.3,20.5,68134,-19.36,81.0,0.653
2020-10-08T11:55:20.000,21.88,1.01,129.66,15.1,20.5,68135,-19.15,81.0,0.653
2020-10-08T11:56:20.000,21.91,0.93,148.2,14.95,20.5,68136,-18.94,81.0,0.653
2020-10-08T11:57:20.000,21.89,0.91,165.27,14.83,20.5,68137,-18.73,81.0,0.652
2020-10-08T11:58:20.000,21.86,0.96,181.44,14.73,20.5,68138,-18.52,81.0,0.652
2020-10-08T11:59:20.000,21.84,0.98,196.25,14.65,20.5,68139,-18.31,82.0,0.652
2020-10-08T12:00:20.000,21.82,0.98,209.93,14.57,20.5,68140,-18.1,82.0,0.652
2020-10-08T12:01:20.000,21.81,0.91,222.83,14.51,20.5,68141,-17.89,82.0,0.652
2020-10-08T12:02:20.000,21.81,0.94,235.64,14.45,20.5,68142,-17.68,82.0,0.652
2020-10-08T12:03:20.000,21.8,0.92,246.11,14.4,20.5,68143,-17.47,82.0,0.652
2020-10-08T12:04:20.000,21.74,0.79,254.94,14.36,20.5,68144,-17.26,82.0,0.652
2020-10-08T12:05:21.000,21.72,0.89,262.91,14.33,20.5,68145,-17.04,82.0,0.652
2020-10-08T12:06:20.000,21.69,0.81,268.7,14.31,20.5,68146,-16.83,82.0,0.652
2020-10-08T12:07:20.000,21.65,0.72,274.47,14.28,20.5,68147,-16.62,82.0,0.652
2020-10-08T12:08:20.000,21.63,0.86,279.37,14.26,20.5,68148,-16.41,82.0,0.652
2020-10-08T12:09:21.000,21.63,0.86,283.93,14.25,20.5,68149,-16.2,82.0,0.652
2020-10-08T12:10:21.000,21.61,0.8,287.42,14.23,20.5,68150,-15.99,82.0,0.652
2020-10-08T12:11:21.000,21.6,0.79,290.16,14.22,20.5,68151,-15.78,81.0,0.652
2020-10-08T12:12:21.000,21.6,0.78,292.18,14.22,20.5,68152,-15.56,81.0,0.651
2020-10-08T12:13:21.000,21.6,0.83,294.27,14.21,20.5,68153,-15.35,81.0,0.651
2020-10-08T12:14:21.000,21.6,0.85,296.34,14.2,20.5,68154,-15.14,81.0,0.651
2020-10-08T12:15:21.000,21.6,0.84,297.62,14.2,20.5,68155,-14.93,81.0,0.651
2020-10-08T12:16:21.000,21.58,0.78,298.0,14.19,20.5,68156,-14.72,81.0,0.651
2020-10-08T12:17:21.000,21.56,0.82,298.16,14.19,20.5,68157,-14.51,81.0,0.651
2020-10-08T12:18:21.000,21.56,0.88,298.02,14.19,20.5,68158,-14.3,81.0,0.651
2020-10-08T12:19:21.000,21.57,0.88,297.84,14.2,20.5,68159,-14.09,81.0,0.651
2020-10-08T12:21:21.000,21.54,0.9,295.62,14.2,20.5,68161,-13.66,81.0,0.651
2020-10-08T12:22:21.000,21.53,0.93,294.94,14.21,20.5,68162,-13.45,81.0,0.651
2020-10-08T12:23:21.000,21.54,0.94,294.09,14.21,20.5,68163,-13.24,81.0,0.651
2020-10-08T12:24:21.000,21.54,0.87,293.93,14.21,20.5,68164,-13.03,81.0,0.651
2020-10-08T12:25:22.000,21.53,0.93,292.99,14.21,20.5,68165,-12.81,80.0,0.651
2020-10-08T12:26:22.000,21.55,0.89,291.91,14.22,20.5,68166,-12.6,80.0,0.651
2020-10-08T12:27:22.000,21.54,0.94,289.35,14.23,20.5,68167,-12.39,80.0,0.65
2020-10-08T12:28:22.000,21.59,1.03,287.03,14.24,20.5,68168,-12.18,80.0,0.65
2020-10-08T12:29:22.000,21.61,1.04,284.88,14.24,20.5,68169,-11.97,80.0,0.65
2020-10-08T12:30:22.000,21.63,1.01,282.92,14.25,20.5,68170,-11.76,80.0,0.65
2020-10-08T12:31:22.000,21.64,1.08,280.88,14.26,20.5,68171,-11.55,80.0,0.65
2020-10-08T12:32:22.000,21.68,1.04,278.74,14.27,20.5,68172,-11.33,80.0,0.65
2020-10-08T12:33:22.000,21.69,1.1,276.94,14.27,20.5,68173,-11.12,80.0,0.65
2020-10-08T12:34:22.000,21.71,1.1,273.89,14.29,20.5,68174,-10.91,79.0,0.65
2020-10-08T12:35:22.000,21.74,1.14,270.13,14.3,20.5,68175,-10.7,79.0,0.65
2020-10-08T12:36:22.000,21.77,1.11,265.62,14.32,20.5,68176,-10.49,79.0,0.65
2020-10-08T12:37:22.000,21.8,1.17,259.82,14.34,20.5,68177,-10.28,79.0,0.65
2020-10-08T12:38:22.000,21.82,1.07,252.72,14.37,20.5,68178,-10.07,79.0,0.65
2020-10-08T12:39:22.000,21.82,1.08,243.84,14.41,20.5,68179,-9.85,79.0,0.65
2020-10-08T12:40:22.000,21.83,1.02,233.55,14.46,20.5,68180,-9.64,79.0,0.65
2020-10-08T12:41:22.000,21.83,0.95,223.1,14.51,20.5,68181,-9.43,78.0,0.65
2020-10-08T12:42:23.000,21.85,0.95,212.38,14.56,20.5,68182,-9.22,78.0,0.649
2020-10-08T12:43:23.000,21.83,0.67,203.89,14.61,20.5,68183,-9.01,78.0,0.649
2020-10-08T12:45:23.000,21.75,0.5,192.11,14.67,20.5,68185,-8.58,78.0,0.649
2020-10-08T12:46:23.000,21.69,0.52,188.16,14.69,20.5,68186,-8.37,78.0,0.649
2020-10-08T12:47:23.000,21.64,0.54,186.13,14.71,20.5,68187,-8.16,78.0,0.649
2020-10-08T12:48:23.000,21.62,0.65,187.44,14.7,20.5,68188,-7.95,77.0,0.649
2020-10-08T12:49:23.000,21.6,0.6,190.22,14.68,20.5,68189,-7.74,77.0,0.649
2020-10-08T12:50:23.000,21.53,0.57,196.79,14.65,20.5,68190,-7.53,77.0,0.649
2020-10-08T12:51:23.000,21.5,0.65,208.83,14.58,20.5,68191,-7.32,77.0,0.649
2020-10-08T12:52:23.000,21.49,0.69,228.65,14.48,20.5,68192,-7.1,77.0,0.649
2020-10-08T12:53:23.000,21.46,0.6,258.16,14.35,20.5,68193,-6.89,77.0,0.649
2020-10-08T12:54:23.000,21.43,0.6,301.01,14.18,20.5,68194,-6.68,76.0,0.649
2020-10-08T12:55:23.000,21.42,0.63,360.31,13.99,20.5,68195,-6.47,76.0,0.649
2020-10-08T12:56:23.000,21.4,0.62,440.45,13.77,20.5,68196,-6.26,76.0,0.649
2020-10-08T12:57:23.000,21.37,0.64,548.63,13.53,20.5,68197,-6.05,76.0,0.649
2020-10-08T12:58:23.000,21.35,0.62,691.96,13.28,20.5,68198,-5.84,76.0,0.648
2020-10-08T12:59:24.000,21.33,0.57,880.67,13.02,20.5,68199,-5.62,75.0,0.648
2020-10-08T13:00:24.000,21.31,0.57,1125.35,12.75,20.5,68200,-5.41,75.0,0.648
2020-10-08T13:01:24.000,21.28,0.58,1445.29,12.48,20.5,68201,-5.2,75.0,0.648
2020-10-08T13:02:24.000,21.27,0.61,1858.63,12.21,20.5,68202,-4.99,75.0,0.648
2020-10-08T13:03:24.000,21.25,0.6,2391.96,11.94,20.5,68203,-4.78,75.0,0.648
2020-10-08T13:04:24.000,21.25,0.61,3076.63,11.66,20.5,68204,-4.57,75.0,0.648
2020-10-08T13:05:24.000,21.24,0.66,3946.83,11.39,20.5,68205,-4.36,74.0,0.648
2020-10-08T13:06:24.000,21.24,0.65,5060.11,11.12,20.5,68206,-4.15,74.0,0.648
2020-10-08T13:07:24.000,21.24,0.56,6462.65,10.86,20.5,68207,-3.94,74.0,0.648
2020-10-08T13:08:24.000,21.22,0.5,8211.53,10.6,20.5,68208,-3.73,74.0,0.648
2020-10-08T13:09:24.000,21.19,0.36,10351.73,10.34,20.5,68209,-3.52,74.0,0.648
2020-10-08T13:10:24.000,21.14,0.35,12905.17,10.11,20.5,68210,-3.31,74.0,0.648
2020-10-08T13:11:24.000,21.12,0.33,15940.62,9.88,20.5,68211,-3.1,73.0,0.648
2020-10-08T13:12:24.000,21.04,0.12,19498.29,9.66,20.5,68212,-2.88,73.0,0.648
2020-10-08T13:13:24.000,21.0,0.35,23630.8,9.45,20.5,68213,-2.67,73.0,0.647
2020-10-08T13:14:24.000,20.95,0.03,27754.89,9.43,20.5,68214,-2.46,73.0,0.647
2020-10-08T13:15:25.000,20.9,0.24,33762.49,9.06,20.5,68215,-2.25,73.0,0.647
2020-10-08T13:16:25.000,20.91,0.44,39855.14,8.88,20.5,68216,-2.04,72.0,0.647
2020-10-08T13:17:25.000,20.92,0.43,46604.68,8.71,20.5,68217,-1.83,72.0,0.647
2020-10-08T13:18:25.000,20.91,0.24,54086.09,8.55,20.5,68218,-1.62,72.0,0.647
2020-10-08T13:19:25.000,20.91,0.41,51145.28,6.99,20.5,68219,-1.41,72.0,0.647
2020-10-08T13:20:25.000,20.88,0.16,0.0,0.0,20.5,68220,-1.2,72.0,0.647
2020-10-08T13:21:25.000,20.89,0.27,0.0,0.0,20.5,68221,-0.99,71.0,0.647
2020-10-08T13:22:25.000,20.88,0.17,0.0,0.0,20.5,68222,-0.78,71.0,0.647
2020-10-08T13:23:25.000,20.89,0.25,0.0,0.0,20.5,68223,-0.57,71.0,0.647
2020-10-08T13:24:25.000,20.85,0.23,0.0,0.0,20.5,68224,-0.36,71.0,0.647
2020-10-08T13:25:25.000,20.87,0.37,0.0,0.0,20.5,68225,-0.15,71.0,0.647
2020-10-08T13:27:25.000,20.82,0.13,0.0,0.0,20.5,68227,0.27,70.0,0.647
2020-10-08T13:28:25.000,20.85,0.27,0.0,0.0,20.5,68228,0.48,70.0,0.646
2020-10-08T13:29:25.000,20.87,0.3,0.0,0.0,20.5,68229,0.69,70.0,0.646
2020-10-08T13:30:25.000,20.88,0.22,0.0,0.0,20.5,68230,0.9,70.0,0.646
2020-10-08T13:32:26.000,20.83,0.17,0.0,0.0,20.5,68232,1.32,69.0,0.646
2020-10-08T13:33:26.000,20.86,0.24,0.0,0.0,20.5,68233,1.53,69.0,0.646
2020-10-08T13:34:26.000,20.84,0.04,0.0,0.0,20.5,68234,1.74,69.0,0.646
2020-10-08T13:38:26.000,20.83,0.04,0.0,0.0,20.5,68238,2.57,68.0,0.646
2020-10-08T13:39:26.000,20.79,-0.1,0.0,0.0,20.5,68239,2.78,68.0,0.646
2020-10-08T13:40:26.000,20.75,-0.05,0.0,0.0,20.5,68240,2.99,68.0,0.646
2020-10-08T13:41:26.000,20.77,0.18,0.13,0.1,20.5,68241,3.2,68.0,0.646
2020-10-08T13:42:26.000,20.81,0.26,0.0,0.0,20.5,68242,3.41,67.0,0.646
2020-10-08T13:43:26.000,20.82,0.18,0.0,0.0,20.5,68243,3.62,67.0,0.646
2020-10-08T13:44:26.000,20.83,0.22,0.0,0.0,20.5,68244,3.83,67.0,0.645
2020-10-08T13:48:27.000,20.88,0.3,0.0,0.0,20.5,68248,4.66,66.0,0.645
2020-10-08T13:49:27.000,20.88,0.3,0.0,0.0,20.5,68249,4.87,66.0,0.645
2020-10-08T13:50:27.000,20.9,0.34,0.0,0.0,20.5,68250,5.08,66.0,0.645
2020-10-08T13:51:27.000,20.92,0.24,0.16,0.1,20.5,68251,5.28,66.0,0.645
2020-10-08T13:52:27.000,20.93,0.27,0.0,0.0,20.5,68252,5.49,65.0,0.645
2020-10-08T13:53:27.000,20.94,0.29,0.0,0.0,20.5,68253,5.7,65.0,0.645
2020-10-08T13:54:27.000,20.96,0.37,0.0,0.0,20.5,68254,5.91,65.0,0.645
2020-10-08T14:07:28.000,21.48,0.67,0.0,0.0,20.5,68267,8.6,62.0,0.644
2020-10-08T14:08:28.000,21.58,0.7,0.0,0.0,20.5,68268,8.8,62.0,0.644
2020-10-08T14:09:35.000,21.67,0.77,0.0,0.0,20.5,68269,9.03,62.0,0.644
2020-10-08T14:26:36.000,22.41,1.08,0.0,0.0,20.5,68286,12.52,58.0,0.643
2020-10-08T15:18:39.000,26.15,4.36,0.0,0.0,20.5,68338,22.87,48.0,0.639
2020-10-08T15:19:39.000,26.24,4.45,0.0,0.0,20.5,68339,23.06,47.0,0.639
2020-10-08T15:20:39.000,26.32,4.52,0.0,0.0,20.5,68340,23.25,47.0,0.639
2020-10-08T16:16:50.000,34.09,12.56,0.0,0.0,20.5,68396,33.58,36.0,0.635
2020-10-08T16:17:50.000,34.33,12.64,0.0,0.0,20.5,68397,33.76,35.0,0.635
2020-10-08T16:18:50.000,34.54,12.83,0.0,0.0,20.5,68398,33.93,35.0,0.635
2020-10-08T16:20:50.000,34.93,13.09,0.0,0.0,20.5,68400,34.27,35.0,0.635
2020-10-08T16:21:50.000,35.13,13.24,0.0,0.0,20.5,68401,34.44,35.0,0.635
2020-10-08T16:22:50.000,35.36,13.42,0.0,0.0,20.5,68402,34.62,34.0,0.635
2020-10-08T17:08:53.000,52.48,17.97,0.0,0.0,20.5,68448,41.87,25.0,0.632
2020-10-08T17:09:53.000,52.38,18.32,0.0,0.0,20.5,68449,42.01,25.0,0.632
2020-10-08T17:10:53.000,52.47,18.88,0.0,0.0,20.5,68450,42.15,25.0,0.632
2020-10-08T17:12:54.000,52.92,18.81,0.0,0.0,20.5,68452,42.44,24.0,0.632
2020-10-08T17:13:54.000,53.09,19.3,0.0,0.0,20.5,68453,42.58,24.0,0.632
2020-10-08T17:14:54.000,53.34,19.35,0.0,0.0,20.5,68454,42.71,24.0,0.632
2020-10-08T18:03:57.000,57.27,20.07,0.0,0.0,20.5,68503,48.39,14.0,0.628
2020-10-08T18:04:57.000,57.45,19.33,0.0,0.0,20.5,68504,48.48,14.0,0.628
2020-10-08T18:05:57.000,57.39,19.28,0.0,0.0,20.5,68505,48.57,14.0,0.628
2020-10-08T18:07:57.000,57.35,19.04,0.0,0.0,20.5,68507,48.74,14.0,0.628
2020-10-08T18:08:57.000,57.37,19.4,0.0,0.0,20.5,68508,48.83,13.0,0.628
2020-10-08T18:09:57.000,57.36,19.26,0.0,0.0,20.5,68509,48.91,13.0,0.628
2020-10-08T18:50:06.000,59.52,19.63,0.0,0.0,20.5,68549,51.2,6.0,0.625
2020-10-08T18:51:06.000,59.78,19.93,0.0,0.0,20.5,68550,51.23,5.0,0.625
2020-10-08T18:52:06.000,59.95,19.07,0.0,0.0,20.5,68551,51.26,5.0,0.625
2020-10-08T18:55:06.000,59.99,19.3,0.0,0.0,20.5,68554,51.33,5.0,0.625
2020-10-08T18:56:07.000,60.17,19.68,0.0,0.0,20.5,68555,51.35,4.0,0.625
2020-10-08T18:57:07.000,60.34,19.5,0.0,0.0,20.5,68556,51.37,4.0,0.625
2020-10-08T20:04:17.000,56.06,17.45,0.0,0.0,20.5,68623,49.4,-8.0,0.62
2020-10-08T20:05:17.000,56.08,16.79,0.0,0.0,20.5,68624,49.32,-8.0,0.62
2020-10-08T20:06:17.000,55.68,15.29,0.0,0.0,20.5,68625,49.25,-8.0,0.62
2020-10-08T20:08:17.000,54.96,15.28,0.0,0.0,20.5,68627,49.09,-8.0,0.62
2020-10-08T20:09:18.000,54.9,16.63,0.0,0.0,20.5,68628,49.0,-8.0,0.62
2020-10-08T20:10:18.000,54.81,16.1,0.0,0.0,20.5,68629,48.92,-9.0,0.62
2020-10-08T20:25:19.000,55.1,15.73,0.0,0.0,20.5,68644,47.54,-11.0,0.619
2020-10-08T20:26:20.000,54.86,15.33,0.0,0.0,20.5,68645,47.44,-11.0,0.619
2020-10-08T20:27:20.000,54.45,15.46,0.0,0.0,20.5,68646,47.34,-11.0,0.619
2020-10-08T20:29:23.000,54.48,15.8,0.0,0.0,20.5,68648,47.13,-12.0,0.619
