Downloads/jupyter/ECSV/stars19/stars19_2023-09.ecsv
# %ECSV 1.0
# ---
# datatype:
# - {name: time, datatype: string}
# - {name: Enclosure Temperature, unit: deg_C, datatype: float64}
# - {name: Sky Temperature, unit: deg_C, datatype: float64}
# - {name: Frequency, unit: Hz, datatype: float64}
# - {name: MSAS, unit: mag / arcsec2, datatype: float64}
# - {name: ZP, datatype: float64}
# - {name: Sequence Number, datatype: int64}
# - {name: Sun Alt, unit: deg, datatype: float64}
# - {name: Moon Alt, unit: deg, datatype: float64}
# - {name: Moon Illumination, datatype: float64}
# delimiter: ','
# meta: !!omap
# - ida:
#     Data supplier: {affiliation: null, observer: null}
#     Device type: TESS-W
#     Field of view: 17.0
#     Filters per channel: None
#     Instrument ID: stars19
#     License: ODbL 1.0 http://opendatacommons.org/licenses/odbl/summary/
#     Local timezone: America/Phoenix
#     Location name: {country: '- Tucson', place: Tucson, region: United States, sub_region: Arizona, town: Pima County}
#     Measurement direction per channel: {azimuth: 0.0, zenital: 0.0}
#     Moving / Fixed look direction: FIXED
#     Moving / Stationary position: STATIONARY
#     Number of channels: 1
#     Number of fields per line: 8
#     Number of header lines: 35
#     Position: {height: 0.0, latitude: 32.223877, longitude: -110.767532}
#     TESS MAC address: 18:FE:34:CF:EC:06
#     TESS cover offset value: 0.0
#     TESS firmware version: '1.0'
#     TESS zero point: 20.38
#     Time Synchronization: timestamp added by MQTT subscriber
#     URL: http://www.darksky.org/NSBM/sdf1.0.pdf
# - __serialized_columns__:
#     Enclosure Temperature:
#       __class__: astropy.units.quantity.Quantity
#       unit: &id001 !astropy.units.Unit {unit: deg_C}
#       value: !astropy.table.SerializedColumn {name: Enclosure Temperature}
#     Frequency:
#       __class__: astropy.units.quantity.Quantity
#       unit: !astropy.units.Unit {unit: Hz}
#       value: !astropy.table.SerializedColumn {name: Frequency}
#     MSAS:
#       __class__: astropy.units.quantity.Quantity
#       unit: !astropy.units.Unit {unit: mag / arcsec2}
#       value: !astropy.table.SerializedColumn {name: MSAS}
#     Moon Alt:
#       __class__: astropy.units.quantity.Quantity
#       unit: &id002 !astropy.units.Unit {unit: deg}
#       value: !astropy.table.SerializedColumn {name: Moon Alt}
#     Sky Temperature:
#       __class__: astropy.units.quantity.Quantity
#       unit: *id001
#       value: !astropy.table.SerializedColumn {name: Sky Temperature}
#     Sun Alt:
#       __class__: astropy.units.quantity.Quantity
#       unit: *id002
#       value: !astropy.table.SerializedColumn {name: Sun Alt}
#     time:
#       __class__: astropy.time.core.Time
#       format: isot
#       in_subfmt: '*'
#       out_subfmt: '*'
#       precision: 3
#       scale: utc
#       value: !astropy.table.SerializedColumn {name: time}
# schema: astropy-2.0
time,Enclosure Temperature,Sky Temperature,Frequency,MSAS,ZP,Sequence Number,Sun Alt,Moon Alt,Moon Illumination
[from data line 19513]
2023-09-27T07:09:35.000,27.88,3.74,4.23,18.81,20.38,97722,-59.32,37.0,0.934
2023-09-27T07:10:35.000,27.92,3.72,4.22,18.82,20.38,97723,-59.33,37.0,0.934
2023-09-27T07:11:35.000,27.94,3.65,4.2,18.82,20.38,97724,-59.33,37.0,0.934
2023-09-27T07:12:35.000,27.97,3.64,4.19,18.83,20.38,97725,-59.34,37.0,0.934
2023-09-27T07:13:35.000,27.98,3.68,4.17,18.83,20.38,97726,-59.34,37.0,0.934
2023-09-27T07:14:35.000,27.98,3.52,4.16,18.83,20.38,97727,-59.34,37.0,0.934
2023-09-27T07:15:35.000,27.94,3.44,4.15,18.84,20.38,97728,-59.34,37.0,0.934
2023-09-27T07:16:35.000,27.9,3.43,4.14,18.84,20.38,97729,-59.34,37.0,0.934
2023-09-27T07:17:35.000,27.87,3.4,4.12,18.84,20.38,97730,-59.33,37.0,0.934
2023-09-27T07:18:35.000,27.87,3.59,4.1,18.85,20.38,97731,-59.32,37.0,0.934
2023-09-27T07:19:35.000,27.9,3.61,4.09,18.85,20.38,97732,-59.32,36.0,0.934
2023-09-27T07:20:36.000,27.91,3.56,4.06,18.86,20.38,97733,-59.31,36.0,0.934
2023-09-27T07:21:37.000,27.92,3.54,4.04,18.86,20.38,97734,-59.29,36.0,0.934
2023-09-27T07:22:37.000,27.9,3.54,4.02,18.87,20.38,97735,-59.28,36.0,0.934
2023-09-27T07:23:37.000,27.88,3.43,4.0,18.87,20.38,97736,-59.26,36.0,0.934
2023-09-27T07:25:37.000,27.87,3.61,3.97,18.88,20.38,97738,-59.23,36.0,0.934
2023-09-27T07:26:37.000,27.91,3.63,3.95,18.89,20.38,97739,-59.21,36.0,0.934
2023-09-27T07:27:37.000,27.93,3.64,3.94,18.89,20.38,97740,-59.18,36.0,0.934
2023-09-27T07:28:37.000,27.95,3.63,3.97,18.89,20.38,97741,-59.16,35.0,0.935
2023-09-27T07:30:37.000,27.87,3.45,3.86,18.91,20.38,97743,-59.1,35.0,0.935
2023-09-27T07:31:37.000,27.87,3.58,3.84,18.92,20.38,97744,-59.07,35.0,0.935
2023-09-27T07:32:38.000,27.88,3.65,3.83,18.92,20.38,97745,-59.04,35.0,0.935
2023-09-27T07:34:38.000,27.87,3.6,3.79,18.93,20.38,97747,-58.97,35.0,0.935
2023-09-27T07:35:38.000,27.87,3.68,3.77,18.94,20.38,97748,-58.93,35.0,0.935
2023-09-27T07:36:38.000,27.89,3.69,3.76,18.94,20.38,97749,-58.9,34.0,0.935
2023-09-27T07:37:38.000,27.88,3.63,3.74,18.95,20.38,97750,-58.85,34.0,0.935
2023-09-27T07:38:38.000,27.9,3.73,3.73,18.95,20.38,97751,-58.81,34.0,0.935
2023-09-27T07:39:38.000,27.9,3.69,3.72,18.95,20.38,97752,-58.77,34.0,0.935
2023-09-27T07:40:38.000,27.9,3.71,3.71,18.96,20.38,97753,-58.72,34.0,0.935
2023-09-27T07:41:38.000,27.89,3.7,3.7,18.96,20.38,97754,-58.68,34.0,0.935
2023-09-27T07:42:38.000,27.86,3.69,3.69,18.96,20.38,97755,-58.63,34.0,0.935
2023-09-27T07:43:38.000,27.85,3.67,3.68,18.96,20.38,97756,-58.58,34.0,0.935
2023-09-27T07:44:38.000,27.82,3.77,3.68,18.97,20.38,97757,-58.52,33.0,0.935
2023-09-27T07:45:38.000,27.83,3.75,3.67,18.97,20.38,97758,-58.47,33.0,0.935
2023-09-27T07:46:41.000,27.83,3.81,3.66,18.97,20.38,97759,-58.41,33.0,0.935
2023-09-27T07:47:40.000,27.86,3.82,3.66,18.97,20.38,97760,-58.35,33.0,0.935
2023-09-27T07:48:41.000,27.86,3.75,3.65,18.97,20.38,97761,-58.29,33.0,0.935
2023-09-27T07:49:41.000,27.84,3.69,3.64,18.98,20.38,97762,-58.23,33.0,0.935
2023-09-27T07:50:41.000,27.79,3.65,3.63,18.98,20.38,97763,-58.17,33.0,0.935
2023-09-27T07:52:41.000,27.72,3.49,3.6,18.99,20.38,97765,-58.04,32.0,0.936
2023-09-27T07:53:41.000,27.69,3.45,3.59,18.99,20.38,97766,-57.97,32.0,0.936
2023-09-27T07:54:41.000,27.66,3.52,3.58,19.0,20.38,97767,-57.9,32.0,0.936
2023-09-27T07:55:41.000,27.65,3.53,3.56,19.0,20.38,97768,-57.83,32.0,0.936
2023-09-27T07:56:41.000,27.64,3.45,3.55,19.01,20.38,97769,-57.76,32.0,0.936
2023-09-27T07:57:41.000,27.63,3.54,3.53,19.01,20.38,97770,-57.69,32.0,0.936
2023-09-27T07:58:41.000,27.64,3.53,3.51,19.02,20.38,97771,-57.61,32.0,0.936
2023-09-27T07:59:41.000,27.63,3.51,3.49,19.02,20.38,97772,-57.54,31.0,0.936
2023-09-27T08:00:41.000,27.6,3.41,3.47,19.03,20.38,97773,-57.46,31.0,0.936
2023-09-27T08:01:41.000,27.59,3.47,3.45,19.03,20.38,97774,-57.38,31.0,0.936
2023-09-27T08:02:42.000,27.61,3.56,3.43,19.04,20.38,97775,-57.3,31.0,0.936
2023-09-27T08:03:42.000,27.63,3.43,3.41,19.05,20.38,97776,-57.21,31.0,0.936
2023-09-27T08:04:42.000,27.6,3.34,3.39,19.05,20.38,97777,-57.13,31.0,0.936
2023-09-27T08:05:42.000,27.58,3.33,3.37,19.06,20.38,97778,-57.04,31.0,0.936
2023-09-27T08:06:42.000,27.54,3.19,3.35,19.07,20.38,97779,-56.96,30.0,0.936
2023-09-27T08:07:42.000,27.47,3.05,3.33,19.07,20.38,97780,-56.87,30.0,0.936
2023-09-27T08:08:42.000,27.43,3.2,3.31,19.08,20.38,97781,-56.78,30.0,0.936
2023-09-27T08:09:42.000,27.45,3.21,3.29,19.09,20.38,97782,-56.69,30.0,0.936
2023-09-27T08:10:42.000,27.41,3.09,3.28,19.09,20.38,97783,-56.59,30.0,0.936
2023-09-27T08:11:42.000,27.39,3.22,3.27,19.1,20.38,97784,-56.5,30.0,0.936
2023-09-27T08:12:43.000,27.4,3.21,3.25,19.1,20.38,97785,-56.4,30.0,0.936
2023-09-27T08:13:43.000,27.37,3.13,3.24,19.1,20.38,97786,-56.3,29.0,0.936
2023-09-27T08:15:47.000,27.41,3.32,3.21,19.12,20.38,97788,-56.1,29.0,0.936
2023-09-27T08:16:47.000,27.42,3.26,3.11,19.15,20.38,97789,-56.0,29.0,0.937
2023-09-27T08:17:47.000,27.41,3.22,2.77,19.27,20.38,97790,-55.9,29.0,0.937
2023-09-27T08:18:47.000,27.38,3.17,2.58,19.35,20.38,97791,-55.79,29.0,0.937
2023-09-27T08:19:47.000,27.38,3.15,2.56,19.36,20.38,97792,-55.69,29.0,0.937
2023-09-27T08:20:47.000,27.34,3.1,2.56,19.36,20.38,97793,-55.58,28.0,0.937
2023-09-27T08:21:47.000,27.32,3.18,2.55,19.37,20.38,97794,-55.47,28.0,0.937
2023-09-27T08:22:48.000,27.31,3.14,2.55,19.37,20.38,97795,-55.36,28.0,0.937
2023-09-27T08:23:47.000,27.28,3.12,2.55,19.36,20.38,97796,-55.26,28.0,0.937
2023-09-27T08:24:47.000,27.22,2.99,2.54,19.37,20.38,97797,-55.14,28.0,0.937
2023-09-27T08:26:48.000,27.16,3.0,2.53,19.37,20.38,97799,-54.92,27.0,0.937
2023-09-27T08:27:50.000,27.12,2.97,2.54,19.37,20.38,97800,-54.8,27.0,0.937
2023-09-27T08:28:50.000,27.04,2.98,2.53,19.37,20.38,97801,-54.68,27.0,0.937
2023-09-27T08:29:50.000,27.01,2.96,2.51,19.38,20.38,97802,-54.56,27.0,0.937
2023-09-27T08:30:50.000,27.01,3.0,2.52,19.38,20.38,97803,-54.44,27.0,0.937
2023-09-27T08:31:50.000,27.03,2.99,2.5,19.38,20.38,97804,-54.33,27.0,0.937
2023-09-27T08:32:50.000,26.94,2.64,2.49,19.39,20.38,97805,-54.2,27.0,0.937
2023-09-27T08:33:50.000,26.84,2.54,2.48,19.39,20.38,97806,-54.08,26.0,0.937
2023-09-27T08:34:50.000,26.72,2.45,2.5,19.39,20.38,97807,-53.96,26.0,0.937
2023-09-27T08:35:50.000,26.71,2.71,2.48,19.39,20.38,97808,-53.84,26.0,0.937
2023-09-27T08:36:50.000,26.76,2.82,2.49,19.39,20.38,97809,-53.71,26.0,0.937
2023-09-27T08:37:51.000,26.78,2.66,2.47,19.4,20.38,97810,-53.58,26.0,0.937
2023-09-27T08:38:51.000,26.75,2.69,2.47,19.4,20.38,97811,-53.45,26.0,0.937
2023-09-27T08:39:51.000,26.79,2.87,2.47,19.4,20.38,97812,-53.33,25.0,0.937
2023-09-27T08:40:51.000,26.83,2.71,2.46,19.4,20.38,97813,-53.2,25.0,0.938
2023-09-27T08:41:51.000,26.78,2.41,2.46,19.4,20.38,97814,-53.07,25.0,0.938
2023-09-27T08:42:51.000,26.67,2.21,2.45,19.41,20.38,97815,-52.93,25.0,0.938
2023-09-27T08:43:51.000,26.61,2.33,2.46,19.4,20.38,97816,-52.8,25.0,0.938
2023-09-27T08:44:51.000,26.59,2.38,2.46,19.4,20.38,97817,-52.67,25.0,0.938
2023-09-27T08:45:51.000,26.59,2.56,2.45,19.41,20.38,97818,-52.53,24.0,0.938
2023-09-27T08:46:51.000,26.63,2.58,2.44,19.41,20.38,97819,-52.4,24.0,0.938
2023-09-27T08:47:52.000,26.63,2.49,2.43,19.42,20.38,97820,-52.26,24.0,0.938
2023-09-27T08:48:51.000,26.6,2.38,2.43,19.41,20.38,97821,-52.12,24.0,0.938
2023-09-27T08:49:51.000,26.56,2.41,2.43,19.42,20.38,97822,-51.98,24.0,0.938
2023-09-27T08:50:52.000,26.54,2.33,2.43,19.42,20.38,97823,-51.84,24.0,0.938
2023-09-27T08:51:51.000,26.48,2.19,2.42,19.42,20.38,97824,-51.7,23.0,0.938
2023-09-27T08:52:52.000,26.42,2.22,2.41,19.42,20.38,97825,-51.56,23.0,0.938
2023-09-27T08:53:52.000,26.41,2.31,2.42,19.42,20.38,97826,-51.42,23.0,0.938
2023-09-27T08:54:52.000,26.42,2.3,2.4,19.43,20.38,97827,-51.28,23.0,0.938
2023-09-27T08:55:52.000,26.43,2.39,2.39,19.43,20.38,97828,-51.13,23.0,0.938
2023-09-27T08:56:52.000,26.48,2.41,2.39,19.43,20.38,97829,-50.99,23.0,0.938
2023-09-27T08:57:52.000,26.45,2.3,2.4,19.43,20.38,97830,-50.84,22.0,0.938
2023-09-27T08:59:52.000,26.43,2.33,2.39,19.43,20.38,97832,-50.55,22.0,0.938
2023-09-27T09:00:52.000,26.39,2.23,2.37,19.44,20.38,97833,-50.4,22.0,0.938
2023-09-27T09:01:52.000,26.38,2.41,2.36,19.45,20.38,97834,-50.25,22.0,0.938
2023-09-27T09:02:52.000,26.38,2.38,2.37,19.44,20.38,97835,-50.1,22.0,0.938
2023-09-27T09:03:52.000,26.36,2.29,2.37,19.44,20.38,97836,-49.95,21.0,0.938
2023-09-27T09:04:53.000,26.31,2.29,2.36,19.45,20.38,97837,-49.8,21.0,0.939
2023-09-27T09:05:52.000,26.34,2.41,2.36,19.45,20.38,97838,-49.65,21.0,0.939
2023-09-27T09:06:52.000,26.33,2.28,2.35,19.45,20.38,97839,-49.49,21.0,0.939
2023-09-27T09:07:52.000,26.3,2.34,2.32,19.46,20.38,97840,-49.34,21.0,0.939
2023-09-27T09:08:53.000,26.3,2.4,2.34,19.46,20.38,97841,-49.18,21.0,0.939
2023-09-27T09:09:53.000,26.3,2.4,2.34,19.46,20.38,97842,-49.03,20.0,0.939
2023-09-27T09:10:53.000,26.29,2.33,2.32,19.47,20.38,97843,-48.87,20.0,0.939
2023-09-27T09:11:53.000,26.24,2.23,2.32,19.47,20.38,97844,-48.71,20.0,0.939
2023-09-27T09:12:54.000,26.2,2.2,2.32,19.47,20.38,97845,-48.55,20.0,0.939
2023-09-27T09:13:54.000,26.12,2.0,2.31,19.47,20.38,97846,-48.39,20.0,0.939
2023-09-27T09:14:54.000,26.07,2.16,2.31,19.47,20.38,97847,-48.24,20.0,0.939
2023-09-27T09:15:54.000,26.06,2.15,2.3,19.48,20.38,97848,-48.08,19.0,0.939
2023-09-27T09:16:54.000,26.01,2.01,2.3,19.47,20.38,97849,-47.92,19.0,0.939
2023-09-27T09:17:54.000,25.97,2.04,2.29,19.48,20.38,97850,-47.75,19.0,0.939
2023-09-27T09:18:54.000,25.95,2.22,2.28,19.49,20.38,97851,-47.59,19.0,0.939
2023-09-27T09:20:55.000,26.01,2.39,2.28,19.48,20.38,97853,-47.26,19.0,0.939
2023-09-27T09:21:55.000,26.03,2.39,2.29,19.48,20.38,97854,-47.1,18.0,0.939
2023-09-27T09:22:56.000,26.07,2.4,2.27,19.49,20.38,97855,-46.93,18.0,0.939
2023-09-27T09:23:56.000,26.09,2.4,2.25,19.5,20.38,97856,-46.77,18.0,0.939
2023-09-27T09:24:56.000,26.1,2.33,2.26,19.5,20.38,97857,-46.6,18.0,0.939
2023-09-27T09:25:56.000,26.1,2.37,2.24,19.5,20.38,97858,-46.44,18.0,0.939
2023-09-27T09:26:57.000,26.11,2.39,2.24,19.5,20.38,97859,-46.27,18.0,0.939
2023-09-27T09:27:56.000,26.09,2.27,2.24,19.51,20.38,97860,-46.1,17.0,0.939
2023-09-27T09:28:57.000,26.05,2.23,2.23,19.51,20.38,97861,-45.93,17.0,0.939
2023-09-27T09:29:57.000,26.0,2.18,2.22,19.51,20.38,97862,-45.76,17.0,0.94
2023-09-27T09:30:57.000,25.99,2.27,2.21,19.52,20.38,97863,-45.59,17.0,0.94
2023-09-27T09:31:57.000,25.99,2.33,2.23,19.51,20.38,97864,-45.42,17.0,0.94
2023-09-27T09:32:57.000,26.01,2.31,2.21,19.52,20.38,97865,-45.25,16.0,0.94
2023-09-27T09:33:57.000,26.01,2.28,2.23,19.51,20.38,97866,-45.08,16.0,0.94
2023-09-27T09:34:57.000,26.0,2.2,2.21,19.52,20.38,97867,-44.91,16.0,0.94
2023-09-27T09:35:57.000,25.97,2.09,2.2,19.52,20.38,97868,-44.74,16.0,0.94
2023-09-27T09:36:57.000,25.92,2.11,2.2,19.53,20.38,97869,-44.56,16.0,0.94
2023-09-27T09:37:57.000,25.92,2.23,2.19,19.53,20.38,97870,-44.39,16.0,0.94
2023-09-27T09:38:57.000,25.93,2.22,2.19,19.53,20.38,97871,-44.22,15.0,0.94
2023-09-27T09:39:57.000,25.92,2.15,2.17,19.54,20.38,97872,-44.04,15.0,0.94
2023-09-27T09:40:57.000,25.91,2.06,2.17,19.54,20.38,97873,-43.87,15.0,0.94
2023-09-27T09:41:57.000,25.85,1.86,2.15,19.55,20.38,97874,-43.69,15.0,0.94
2023-09-27T09:42:57.000,25.85,2.02,2.16,19.54,20.38,97875,-43.52,15.0,0.94
2023-09-27T09:43:57.000,25.88,2.12,2.16,19.54,20.38,97876,-43.34,15.0,0.94
2023-09-27T09:44:57.000,25.91,2.21,2.15,19.55,20.38,97877,-43.16,14.0,0.94
2023-09-27T09:45:57.000,25.91,2.08,2.13,19.56,20.38,97878,-42.99,14.0,0.94
2023-09-27T09:46:58.000,25.87,2.01,2.14,19.55,20.38,97879,-42.81,14.0,0.94
2023-09-27T09:47:59.000,25.87,2.12,2.13,19.56,20.38,97880,-42.62,14.0,0.94
2023-09-27T09:48:58.000,25.87,2.07,2.13,19.56,20.38,97881,-42.45,14.0,0.94
2023-09-27T09:49:58.000,25.84,2.0,2.12,19.57,20.38,97882,-42.27,13.0,0.94
2023-09-27T09:50:58.000,25.8,1.87,2.1,19.58,20.38,97883,-42.09,13.0,0.94
2023-09-27T09:51:58.000,25.7,1.72,2.11,19.57,20.38,97884,-41.91,13.0,0.94
2023-09-27T09:52:58.000,25.61,1.77,2.09,19.58,20.38,97885,-41.73,13.0,0.94
2023-09-27T09:53:58.000,25.59,1.84,2.1,19.57,20.38,97886,-41.55,13.0,0.94
2023-09-27T09:54:59.000,25.54,1.72,2.1,19.58,20.38,97887,-41.36,13.0,0.941
2023-09-27T09:55:59.000,25.48,1.66,2.09,19.58,20.38,97888,-41.18,12.0,0.941
2023-09-27T09:56:59.000,25.47,1.91,2.08,19.59,20.38,97889,-41.0,12.0,0.941
2023-09-27T09:57:59.000,25.43,1.71,2.07,19.59,20.38,97890,-40.82,12.0,0.941
2023-09-27T09:58:59.000,25.43,1.91,2.06,19.59,20.38,97891,-40.63,12.0,0.941
2023-09-27T09:59:59.000,25.45,2.04,2.06,19.6,20.38,97892,-40.45,12.0,0.941
2023-09-27T10:00:59.000,25.45,1.88,2.05,19.6,20.38,97893,-40.27,11.0,0.941
2023-09-27T10:03:03.000,25.31,1.78,2.03,19.61,20.38,97895,-39.88,11.0,0.941
2023-09-27T10:04:03.000,25.27,1.74,2.03,19.61,20.38,97896,-39.7,11.0,0.941
2023-09-27T10:05:04.000,25.21,1.82,2.02,19.62,20.38,97897,-39.51,11.0,0.941
2023-09-27T10:06:03.000,25.21,1.9,2.01,19.62,20.38,97898,-39.33,10.0,0.941
2023-09-27T10:07:03.000,25.21,1.8,2.0,19.63,20.38,97899,-39.14,10.0,0.941
2023-09-27T10:08:03.000,25.19,1.7,1.99,19.63,20.38,97900,-38.96,10.0,0.941
2023-09-27T10:09:04.000,25.2,1.83,1.99,19.63,20.38,97901,-38.76,10.0,0.941
2023-09-27T10:10:04.000,25.17,1.66,2.02,19.62,20.38,97902,-38.58,10.0,0.941
2023-09-27T10:15:04.000,25.13,1.67,1.91,19.68,20.38,97907,-37.63,9.0,0.941
2023-09-27T10:17:04.000,25.02,1.7,1.93,19.67,20.38,97909,-37.26,8.0,0.941
2023-09-27T10:18:05.000,25.02,1.72,1.88,19.69,20.38,97910,-37.06,8.0,0.941
2023-09-27T10:19:13.000,25.03,1.8,1.87,19.7,20.38,97911,-36.85,8.0,0.941
2023-09-27T10:20:11.000,25.03,1.63,1.86,19.71,20.38,97912,-36.66,8.0,0.942
2023-09-27T10:21:10.000,24.98,1.51,1.85,19.71,20.38,97913,-36.47,8.0,0.942
2023-09-27T10:22:11.000,24.92,1.4,1.84,19.72,20.38,97914,-36.28,7.0,0.942
2023-09-27T10:23:11.000,24.82,1.33,1.83,19.72,20.38,97915,-36.09,7.0,0.942
2023-09-27T10:24:11.000,24.7,1.12,1.82,19.73,20.38,97916,-35.89,7.0,0.942
2023-09-27T10:25:11.000,24.55,1.04,1.81,19.74,20.38,97917,-35.7,7.0,0.942
2023-09-27T10:26:11.000,24.48,1.09,1.79,19.75,20.38,97918,-35.51,7.0,0.942
2023-09-27T10:27:11.000,24.41,1.05,1.78,19.75,20.38,97919,-35.32,7.0,0.942
2023-09-27T10:28:11.000,24.4,1.34,1.77,19.76,20.38,97920,-35.12,6.0,0.942
2023-09-27T10:29:12.000,24.44,1.42,1.76,19.77,20.38,97921,-34.93,6.0,0.942
2023-09-27T10:30:13.000,24.46,1.31,1.75,19.77,20.38,97922,-34.73,6.0,0.942
2023-09-27T10:31:12.000,24.48,1.46,1.73,19.78,20.38,97923,-34.54,6.0,0.942
2023-09-27T10:32:12.000,24.52,1.44,1.72,19.79,20.38,97924,-34.34,6.0,0.942
2023-09-27T10:33:12.000,24.56,1.49,1.71,19.8,20.38,97925,-34.15,5.0,0.942
2023-09-27T10:34:13.000,24.56,1.28,1.69,19.81,20.38,97926,-33.95,5.0,0.942
2023-09-27T10:35:13.000,24.54,1.44,1.68,19.82,20.38,97927,-33.76,5.0,0.942
2023-09-27T10:36:13.000,24.6,1.57,1.66,19.83,20.38,97928,-33.56,5.0,0.942
2023-09-27T10:37:13.000,24.62,1.45,1.65,19.84,20.38,97929,-33.36,5.0,0.942
2023-09-27T10:38:13.000,24.58,1.24,1.64,19.85,20.38,97930,-33.17,4.0,0.942
2023-09-27T10:39:13.000,24.55,1.32,1.62,19.86,20.38,97931,-32.97,4.0,0.942
2023-09-27T10:40:13.000,24.5,1.15,1.61,19.86,20.38,97932,-32.78,4.0,0.942
2023-09-27T10:41:13.000,24.5,1.29,1.59,19.88,20.38,97933,-32.58,4.0,0.942
2023-09-27T10:42:13.000,24.49,1.27,1.58,19.89,20.38,97934,-32.38,4.0,0.942
2023-09-27T10:43:13.000,24.48,1.29,1.56,19.9,20.38,97935,-32.18,3.0,0.942
2023-09-27T10:44:13.000,24.48,1.33,1.55,19.91,20.38,97936,-31.99,3.0,0.942
2023-09-27T10:45:13.000,24.48,1.23,1.53,19.92,20.38,97937,-31.79,3.0,0.943
2023-09-27T10:46:13.000,24.45,1.22,1.52,19.93,20.38,97938,-31.59,3.0,0.943
2023-09-27T10:47:14.000,24.41,1.19,1.5,19.94,20.38,97939,-31.39,3.0,0.943
2023-09-27T10:48:15.000,24.39,1.19,1.48,19.95,20.38,97940,-31.19,3.0,0.943
2023-09-27T10:49:14.000,24.35,1.14,1.47,19.96,20.38,97941,-30.99,2.0,0.943
2023-09-27T10:50:14.000,24.33,1.18,1.45,19.97,20.38,97942,-30.79,2.0,0.943
2023-09-27T10:51:15.000,24.31,1.22,1.44,19.99,20.38,97943,-30.59,2.0,0.943
2023-09-27T10:52:15.000,24.3,1.32,1.42,20.0,20.38,97944,-30.39,2.0,0.943
2023-09-27T10:53:15.000,24.3,1.32,1.4,20.01,20.38,97945,-30.19,2.0,0.943
2023-09-27T10:54:15.000,24.3,1.26,1.39,20.03,20.38,97946,-29.99,1.0,0.943
2023-09-27T10:55:15.000,24.3,1.19,1.36,20.04,20.38,97947,-29.79,1.0,0.943
