Downloads/jupyter/ECSV/stars19/stars19_2024-06.ecsv
# %ECSV 1.0
# ---
# datatype:
# - {name: time, datatype: string}
# - {name: Enclosure Temperature, unit: deg_C, datatype: float64}
# - {name: Sky Temperature, unit: deg_C, datatype: float64}
# - {name: Frequency, unit: Hz, datatype: float64}
# - {name: MSAS, unit: mag / arcsec2, datatype: float64}
# - {name: ZP, datatype: float64}
# - {name: Sequence Number, datatype: int64}
# - {name: Sun Alt, unit: deg, datatype: float64}
# - {name: Moon Alt, unit: deg, datatype: float64}
# - {name: Moon Illumination, datatype: float64}
# delimiter: ','
# meta: !!omap
# - ida:
#     Data supplier: {affiliation: null, observer: null}
#     Device type: TESS-W
#     Field of view: 17.0
#     Filters per channel: None
#     Instrument ID: stars19
#     License: ODbL 1.0 http://opendatacommons.org/licenses/odbl/summary/
#     Local timezone: America/Phoenix
#     Location name: {country: '- Tucson', place: Tucson, region: United States, sub_region: Arizona, town: Pima County}
#     Measurement direction per channel: {azimuth: 0.0, zenital: 0.0}
#     Moving / Fixed look direction: FIXED
#     Moving / Stationary position: STATIONARY
#     Number of channels: 1
#     Number of fields per line: 8
#     Number of header lines: 35
#     Position: {height: 0.0, latitude: 32.223877, longitude: -110.767532}
#     TESS MAC address: 18:FE:34:CF:EC:06
#     TESS cover offset value: 0.0
#     TESS firmware version: '1.0'
#     TESS zero point: 20.38
#     Time Synchronization: timestamp added by MQTT subscriber
#     URL: http://www.darksky.org/NSBM/sdf1.0.pdf
# - __serialized_columns__:
#     Enclosure Temperature:
#       __class__: astropy.units.quantity.Quantity
#       unit: &id001 !astropy.units.Unit {unit: deg_C}
#       value: !astropy.table.SerializedColumn {name: Enclosure Temperature}
#     Frequency:
#       __class__: astropy.units.quantity.Quantity
#       unit: !astropy.units.Unit {unit: Hz}
#       value: !astropy.table.SerializedColumn {name: Frequency}
#     MSAS:
#       __class__: astropy.units.quantity.Quantity
#       unit: !astropy.units.Unit {unit: mag / arcsec2}
#       value: !astropy.table.SerializedColumn {name: MSAS}
#     Moon Alt:
#       __class__: astropy.units.quantity.Quantity
#       unit: &id002 !astropy.units.Unit {unit: deg}
#       value: !astropy.table.SerializedColumn {name: Moon Alt}
#     Sky Temperature:
#       __class__: astropy.units.quantity.Quantity
#       unit: *id001
#       value: !astropy.table.SerializedColumn {name: Sky Temperature}
#     Sun Alt:
#       __class__: astropy.units.quantity.Quantity
#       unit: *id002
#       value: !astropy.table.SerializedColumn {name: Sun Alt}
#     time:
#       __class__: astropy.time.core.Time
#       format: isot
#       in_subfmt: '*'
#       out_subfmt: '*'
#       precision: 3
#       scale: utc
#       value: !astropy.table.SerializedColumn {name: time}
# schema: astropy-2.0
time,Enclosure Temperature,Sky Temperature,Frequency,MSAS,ZP,Sequence Number,Sun Alt,Moon Alt,Moon Illumination
[from data line 3630]
2024-06-05T10:56:44.000,24.07,0.88,1.25,20.14,20.38,62932,-14.86,-4.0,0.016
2024-06-05T10:57:45.000,23.95,0.98,1.26,20.13,20.38,62933,-14.69,-4.0,0.016
2024-06-05T10:58:45.000,23.96,1.19,1.27,20.12,20.38,62934,-14.53,-4.0,0.016
2024-06-05T10:59:45.000,23.98,1.12,1.28,20.11,20.38,62935,-14.37,-4.0,0.016
2024-06-05T11:00:46.000,23.99,1.19,1.3,20.1,20.38,62936,-14.2,-3.0,0.016
2024-06-05T11:01:46.000,24.03,1.12,1.32,20.08,20.38,62937,-14.04,-3.0,0.016
2024-06-05T11:05:47.000,24.08,1.06,1.44,19.99,20.38,62941,-13.37,-3.0,0.016
2024-06-05T11:06:48.000,24.01,0.76,1.48,19.95,20.38,62942,-13.2,-2.0,0.016
2024-06-05T11:08:48.000,23.8,0.69,1.59,19.87,20.38,62944,-12.87,-2.0,0.016
2024-06-05T11:09:49.000,23.75,0.72,1.66,19.83,20.38,62945,-12.7,-2.0,0.016
2024-06-05T11:10:49.000,23.63,0.29,1.75,19.77,20.38,62946,-12.53,-2.0,0.015
2024-06-05T11:11:50.000,23.58,0.68,1.85,19.71,20.38,62947,-12.36,-1.0,0.015
2024-06-05T11:12:51.000,23.61,0.91,1.97,19.65,20.38,62948,-12.18,-1.0,0.015
2024-06-05T11:13:51.000,23.62,0.68,2.09,19.58,20.38,62949,-12.02,-1.0,0.015
2024-06-05T11:14:51.000,23.55,0.58,2.25,19.5,20.38,62950,-11.85,-1.0,0.015
2024-06-05T11:17:59.000,23.61,0.78,2.96,19.2,20.38,62953,-11.31,-0.0,0.015
2024-06-05T11:20:02.000,23.56,0.66,3.66,18.97,20.38,62955,-10.96,0.0,0.015
2024-06-05T11:21:03.000,23.54,0.75,4.12,18.84,20.38,62956,-10.79,0.0,0.015
2024-06-05T11:23:03.000,23.54,0.8,5.28,18.57,20.38,62958,-10.44,1.0,0.015
2024-06-05T11:24:03.000,23.54,0.82,5.98,18.44,20.38,62959,-10.27,1.0,0.015
2024-06-05T11:25:03.000,23.52,0.84,6.86,18.29,20.38,62960,-10.1,1.0,0.015
2024-06-05T11:26:04.000,23.5,0.73,7.89,18.14,20.38,62961,-9.92,1.0,0.015
2024-06-05T11:27:04.000,23.49,0.8,9.13,17.98,20.38,62962,-9.75,1.0,0.015
2024-06-05T11:28:04.000,23.47,0.71,10.57,17.82,20.38,62963,-9.57,2.0,0.015
2024-06-05T11:29:05.000,23.47,0.78,12.22,17.66,20.38,62964,-9.4,2.0,0.015
2024-06-05T11:31:05.000,23.5,0.8,16.75,17.32,20.38,62966,-9.05,2.0,0.015
2024-06-05T11:32:06.000,23.49,0.86,19.75,17.14,20.38,62967,-8.87,2.0,0.015
2024-06-05T11:33:06.000,23.49,0.73,23.38,16.96,20.38,62968,-8.69,2.0,0.015
2024-06-05T11:34:06.000,23.43,0.75,27.83,16.77,20.38,62969,-8.52,3.0,0.015
2024-06-05T11:35:07.000,23.43,0.82,33.28,16.58,20.38,62970,-8.34,3.0,0.015
2024-06-05T11:36:07.000,23.44,0.86,39.9,16.38,20.38,62971,-8.16,3.0,0.015
2024-06-05T11:37:08.000,23.47,0.99,46.99,16.2,20.38,62972,-7.98,3.0,0.015
2024-06-05T11:38:08.000,23.5,0.94,58.14,15.97,20.38,62973,-7.8,3.0,0.015
2024-06-05T11:39:08.000,23.5,0.9,71.01,15.75,20.38,62974,-7.63,4.0,0.015
2024-06-05T11:41:09.000,23.56,1.04,107.25,15.31,20.38,62976,-7.27,4.0,0.015
2024-06-05T11:42:09.000,23.6,1.07,132.6,15.08,20.38,62977,-7.09,4.0,0.015
2024-06-05T11:45:10.000,23.7,1.02,252.4,14.38,20.38,62980,-6.55,5.0,0.015
2024-06-05T11:46:11.000,23.71,1.04,313.73,14.14,20.38,62981,-6.37,5.0,0.015
2024-06-05T11:47:11.000,23.72,0.97,390.25,13.9,20.38,62982,-6.19,5.0,0.015
2024-06-05T11:48:11.000,23.71,0.92,486.42,13.66,20.38,62983,-6.01,5.0,0.015
2024-06-05T11:49:11.000,23.69,0.88,607.35,13.42,20.38,62984,-5.83,5.0,0.015
2024-06-05T11:50:12.000,23.66,0.83,759.87,13.18,20.38,62985,-5.64,6.0,0.015
2024-06-05T11:51:12.000,23.62,0.86,951.24,12.94,20.38,62986,-5.46,6.0,0.015
2024-06-05T11:52:12.000,23.64,0.95,1191.58,12.69,20.38,62987,-5.28,6.0,0.015
2024-06-05T11:53:13.000,23.63,0.88,1493.78,12.45,20.38,62988,-5.1,6.0,0.015
2024-06-05T11:54:13.000,23.68,1.02,1867.64,12.2,20.38,62989,-4.91,6.0,0.015
2024-06-05T11:55:13.000,23.7,0.88,2330.69,11.96,20.38,62990,-4.73,7.0,0.015
2024-06-05T11:56:13.000,23.7,0.9,2902.07,11.73,20.38,62991,-4.55,7.0,0.015
2024-06-05T11:57:13.000,23.71,0.86,3607.51,11.49,20.38,62992,-4.37,7.0,0.015
2024-06-05T11:58:13.000,23.72,0.87,4479.84,11.25,20.38,62993,-4.19,7.0,0.015
2024-06-05T11:59:13.000,23.72,0.82,5548.31,11.02,20.38,62994,-4.0,7.0,0.015
2024-06-05T12:00:14.000,23.72,0.85,6838.09,10.79,20.38,62995,-3.82,7.0,0.015
2024-06-05T12:01:14.000,23.72,0.78,8364.56,10.58,20.38,62996,-3.63,8.0,0.015
2024-06-05T12:02:14.000,23.71,0.77,10160.02,10.36,20.38,62997,-3.45,8.0,0.015
2024-06-05T12:03:14.000,23.7,0.75,12271.42,10.16,20.38,62998,-3.26,8.0,0.015
2024-06-05T12:04:14.000,23.69,0.73,14715.1,9.96,20.38,62999,-3.08,8.0,0.015
2024-06-05T12:05:15.000,23.67,0.62,17521.27,9.77,20.38,63000,-2.89,8.0,0.014
2024-06-05T12:06:15.000,23.59,0.47,20691.98,9.59,20.38,63001,-2.71,9.0,0.014
2024-06-05T12:07:16.000,23.54,0.55,24231.8,9.42,20.38,63002,-2.52,9.0,0.014
2024-06-05T12:08:17.000,23.54,0.67,27945.7,9.33,20.38,63003,-2.33,9.0,0.014
2024-06-05T12:09:17.000,23.54,0.72,32681.91,9.1,20.38,63004,-2.15,9.0,0.014
2024-06-05T12:10:18.000,23.52,0.62,37526.92,8.94,20.38,63005,-1.96,9.0,0.014
2024-06-05T12:12:20.000,23.46,0.56,48783.33,8.66,20.38,63007,-1.58,10.0,0.014
2024-06-05T12:13:20.000,23.43,0.53,55174.75,8.53,20.38,63008,-1.39,10.0,0.014
2024-06-05T12:15:21.000,23.34,0.52,0.0,0.0,20.38,63010,-1.01,10.0,0.014
2024-06-05T12:16:21.000,23.36,0.78,0.0,0.0,20.38,63011,-0.83,11.0,0.014
2024-06-05T12:17:21.000,23.4,0.73,0.0,0.0,20.38,63012,-0.64,11.0,0.014
2024-06-05T12:18:22.000,23.4,0.7,0.0,0.0,20.38,63013,-0.45,11.0,0.014
2024-06-05T12:19:23.000,23.39,0.6,0.0,0.0,20.38,63014,-0.26,11.0,0.014
2024-06-05T12:26:24.000,23.17,0.62,0.0,0.0,20.38,63021,1.07,12.0,0.014
2024-06-05T12:27:25.000,23.22,0.62,0.0,0.0,20.38,63022,1.26,13.0,0.014
2024-06-05T12:28:25.000,23.23,0.61,0.0,0.0,20.38,63023,1.45,13.0,0.014
2024-06-05T12:50:31.000,23.22,0.59,0.0,0.0,20.38,63045,5.7,17.0,0.014
2024-06-05T12:51:31.000,23.21,0.63,0.0,0.0,20.38,63046,5.89,17.0,0.014
2024-06-05T12:52:32.000,23.19,0.66,0.0,0.0,20.38,63047,6.09,18.0,0.014
2024-06-05T12:57:33.000,23.32,0.96,0.0,0.0,20.38,63052,7.07,19.0,0.014
2024-06-05T12:58:34.000,23.34,0.95,0.0,0.0,20.38,63053,7.27,19.0,0.014
2024-06-05T12:59:34.000,23.35,1.03,0.0,0.0,20.38,63054,7.47,19.0,0.014
2024-06-05T13:04:35.000,23.42,1.3,0.0,0.0,20.38,63059,8.45,20.0,0.013
2024-06-05T13:05:36.000,23.4,1.5,0.0,0.0,20.38,63060,8.65,20.0,0.013
2024-06-05T13:06:36.000,23.42,1.57,0.0,0.0,20.38,63061,8.85,20.0,0.013
2024-06-05T13:08:37.000,23.42,1.46,0.0,0.0,20.38,63063,9.25,21.0,0.013
2024-06-05T13:10:39.000,23.53,1.99,0.0,0.0,20.38,63065,9.65,21.0,0.013
2024-06-05T13:11:40.000,23.6,2.08,0.0,0.0,20.38,63066,9.85,21.0,0.013
2024-06-05T13:12:41.000,23.64,2.2,0.0,0.0,20.38,63067,10.05,22.0,0.013
2024-06-05T13:18:43.000,23.71,2.49,0.0,0.0,20.38,63073,11.25,23.0,0.013
2024-06-05T13:19:43.000,23.78,2.77,0.0,0.0,20.38,63074,11.45,23.0,0.013
2024-06-05T13:20:45.000,23.89,2.99,0.0,0.0,20.38,63075,11.65,23.0,0.013
2024-06-05T13:24:46.000,24.36,3.5,0.0,0.0,20.38,63079,12.46,24.0,0.013
2024-06-05T13:25:48.000,24.44,3.5,0.0,0.0,20.38,63080,12.66,24.0,0.013
2024-06-05T13:26:48.000,24.51,3.67,0.0,0.0,20.38,63081,12.86,24.0,0.013
2024-06-05T13:41:52.000,25.23,5.12,0.0,0.0,20.38,63096,15.89,27.0,0.013
2024-06-05T13:42:52.000,25.32,5.14,0.0,0.0,20.38,63097,16.1,28.0,0.013
2024-06-05T13:43:52.000,25.42,5.23,0.0,0.0,20.38,63098,16.3,28.0,0.013
2024-06-05T13:47:54.000,25.68,5.6,0.0,0.0,20.38,63102,17.12,29.0,0.013
2024-06-05T13:48:54.000,25.74,5.63,0.0,0.0,20.38,63103,17.32,29.0,0.013
2024-06-05T13:50:55.000,25.86,5.87,0.0,0.0,20.38,63105,17.73,29.0,0.013
2024-06-05T13:51:56.000,25.93,5.88,0.0,0.0,20.38,63106,17.94,29.0,0.013
2024-06-05T13:52:56.000,25.97,5.88,0.0,0.0,20.38,63107,18.14,30.0,0.013
2024-06-05T13:57:58.000,26.33,6.48,0.0,0.0,20.38,63112,19.16,31.0,0.013
2024-06-05T13:58:58.000,26.4,6.48,0.0,0.0,20.38,63113,19.37,31.0,0.013
2024-06-05T13:59:58.000,26.47,6.54,0.0,0.0,20.38,63114,19.57,31.0,0.013
2024-06-05T14:03:11.000,26.54,6.55,0.0,0.0,20.38,63117,20.23,32.0,0.012
2024-06-05T14:04:11.000,26.5,6.59,0.0,0.0,20.38,63118,20.44,32.0,0.012
2024-06-05T14:05:11.000,26.5,6.77,0.0,0.0,20.38,63119,20.64,32.0,0.012
2024-06-05T14:13:17.000,27.19,7.79,0.0,0.0,20.38,63127,22.3,34.0,0.012
2024-06-05T14:14:17.000,27.31,7.85,0.0,0.0,20.38,63128,22.51,34.0,0.012
2024-06-05T14:15:18.000,27.38,7.8,0.0,0.0,20.38,63129,22.72,34.0,0.012
2024-06-05T14:20:20.000,27.68,8.08,0.0,0.0,20.38,63134,23.75,35.0,0.012
2024-06-05T14:22:21.000,27.79,8.46,0.0,0.0,20.38,63136,24.17,36.0,0.012
2024-06-05T14:28:22.000,28.18,8.73,0.0,0.0,20.38,63142,25.42,37.0,0.012
2024-06-05T14:37:25.000,28.79,9.77,0.0,0.0,20.38,63151,27.29,39.0,0.012
2024-06-05T14:38:25.000,28.84,9.73,0.0,0.0,20.38,63152,27.5,39.0,0.012
2024-06-05T14:39:26.000,28.83,9.81,0.0,0.0,20.38,63153,27.71,39.0,0.012
2024-06-05T14:40:26.000,28.87,9.95,0.0,0.0,20.38,63154,27.92,39.0,0.012
2024-06-05T14:41:26.000,28.94,10.07,0.0,0.0,20.38,63155,28.13,39.0,0.012
2024-06-05T14:45:27.000,29.23,10.63,0.0,0.0,20.38,63159,28.96,40.0,0.012
2024-06-05T14:47:28.000,29.43,10.79,0.0,0.0,20.38,63161,29.38,41.0,0.012
2024-06-05T14:48:30.000,29.55,10.85,0.0,0.0,20.38,63162,29.6,41.0,0.012
2024-06-05T14:49:31.000,29.53,10.64,0.0,0.0,20.38,63163,29.81,41.0,0.012
2024-06-05T15:00:36.000,30.21,11.6,0.0,0.0,20.38,63174,32.13,43.0,0.012
2024-06-05T15:01:37.000,30.29,11.57,0.0,0.0,20.38,63175,32.34,44.0,0.012
2024-06-05T15:02:38.000,30.41,12.09,0.0,0.0,20.38,63176,32.55,44.0,0.012
2024-06-05T15:04:38.000,30.66,12.06,0.0,0.0,20.38,63178,32.97,44.0,0.011
2024-06-05T15:05:39.000,30.72,12.12,0.0,0.0,20.38,63179,33.19,44.0,0.011
2024-06-05T15:06:39.000,30.81,12.14,0.0,0.0,20.38,63180,33.4,45.0,0.011
2024-06-05T15:16:44.000,31.44,12.36,0.0,0.0,20.38,63190,35.51,47.0,0.011
2024-06-05T15:17:45.000,31.48,12.59,0.0,0.0,20.38,63191,35.73,47.0,0.011
2024-06-05T15:18:46.000,31.58,12.63,0.0,0.0,20.38,63192,35.94,47.0,0.011
2024-06-05T15:24:49.000,32.76,15.85,0.0,0.0,20.38,63198,37.21,48.0,0.011
2024-06-05T15:27:50.000,34.09,15.4,0.0,0.0,20.38,63201,37.85,49.0,0.011
2024-06-05T15:28:51.000,34.4,15.75,0.0,0.0,20.38,63202,38.06,49.0,0.011
2024-06-05T15:29:51.000,34.78,16.66,0.0,0.0,20.38,63203,38.28,49.0,0.011
2024-06-05T15:54:03.000,42.53,18.14,0.0,0.0,20.38,63227,43.38,54.0,0.011
2024-06-05T15:55:03.000,42.65,18.01,0.0,0.0,20.38,63228,43.6,55.0,0.011
2024-06-05T15:56:03.000,42.93,18.64,0.0,0.0,20.38,63229,43.81,55.0,0.011
2024-06-05T16:00:04.000,43.28,17.82,0.0,0.0,20.38,63233,44.66,56.0,0.011
2024-06-05T16:01:04.000,43.41,18.36,0.0,0.0,20.38,63234,44.87,56.0,0.011
2024-06-05T16:02:05.000,43.6,18.25,0.0,0.0,20.38,63235,45.08,56.0,0.011
2024-06-05T16:31:18.000,46.38,19.44,0.0,0.0,20.38,63264,51.26,62.0,0.01
2024-06-05T16:32:18.000,46.47,19.67,0.0,0.0,20.38,63265,51.47,62.0,0.01
2024-06-05T16:33:18.000,46.37,19.27,0.0,0.0,20.38,63266,51.68,63.0,0.01
2024-06-05T16:37:19.000,46.48,20.01,0.0,0.0,20.38,63270,52.53,63.0,0.01
2024-06-05T16:38:19.000,46.71,20.5,0.0,0.0,20.38,63271,52.74,64.0,0.01
2024-06-05T16:39:19.000,47.0,19.95,0.0,0.0,20.38,63272,52.95,64.0,0.01
2024-06-05T16:49:23.000,48.21,20.59,0.0,0.0,20.38,63282,55.07,66.0,0.01
2024-06-05T16:50:24.000,48.19,20.15,0.0,0.0,20.38,63283,55.28,66.0,0.01
2024-06-05T16:51:24.000,48.14,20.28,0.0,0.0,20.38,63284,55.5,66.0,0.01
2024-06-05T16:54:26.000,47.81,19.82,0.0,0.0,20.38,63287,56.13,67.0,0.01
2024-06-05T16:55:27.000,48.03,20.89,0.0,0.0,20.38,63288,56.35,67.0,0.01
2024-06-05T16:56:27.000,48.31,20.64,0.0,0.0,20.38,63289,56.56,67.0,0.01
2024-06-05T16:57:27.000,48.39,20.73,0.0,0.0,20.38,63290,56.77,67.0,0.01
2024-06-05T17:00:29.000,48.74,20.0,0.0,0.0,20.38,63293,57.4,68.0,0.01
2024-06-05T17:01:29.000,48.58,20.72,0.0,0.0,20.38,63294,57.61,68.0,0.01
2024-06-05T17:02:29.000,48.53,20.22,0.0,0.0,20.38,63295,57.82,68.0,0.01
2024-06-05T17:14:36.000,48.33,20.82,0.0,0.0,20.38,63307,60.35,71.0,0.01
2024-06-05T17:15:36.000,48.4,20.9,0.0,0.0,20.38,63308,60.55,71.0,0.01
2024-06-05T17:16:37.000,48.45,20.95,0.0,0.0,20.38,63309,60.76,71.0,0.01
2024-06-05T17:18:40.000,48.58,20.78,0.0,0.0,20.38,63311,61.19,72.0,0.009
2024-06-05T17:19:40.000,48.87,21.96,0.0,0.0,20.38,63312,61.4,72.0,0.009
2024-06-05T17:20:41.000,49.36,22.54,0.0,0.0,20.38,63313,61.61,72.0,0.009
2024-06-05T17:44:48.000,51.99,22.25,0.0,0.0,20.38,63337,66.53,77.0,0.009
2024-06-05T17:45:48.000,52.04,22.13,0.0,0.0,20.38,63338,66.74,77.0,0.009
2024-06-05T17:46:49.000,52.3,22.62,0.0,0.0,20.38,63339,66.94,77.0,0.009
2024-06-05T17:50:51.000,52.65,22.46,0.0,0.0,20.38,63343,67.75,78.0,0.009
2024-06-05T17:51:51.000,52.35,21.08,0.0,0.0,20.38,63344,67.94,78.0,0.009
2024-06-05T17:52:54.000,52.13,21.74,0.0,0.0,20.38,63345,68.15,78.0,0.009
2024-06-05T17:53:54.000,51.91,21.21,0.0,0.0,20.38,63346,68.35,78.0,0.009
2024-06-05T17:54:54.000,51.7,21.93,0.0,0.0,20.38,63347,68.55,78.0,0.009
2024-06-05T17:55:54.000,51.88,22.27,0.0,0.0,20.38,63348,68.75,79.0,0.009
2024-06-05T17:59:55.000,51.84,22.27,0.0,0.0,20.38,63352,69.53,79.0,0.009
2024-06-05T18:00:56.000,51.89,22.1,0.0,0.0,20.38,63353,69.73,79.0,0.009
2024-06-05T18:01:56.000,51.93,22.56,0.0,0.0,20.38,63354,69.93,80.0,0.009
2024-06-05T18:05:57.000,52.72,22.78,0.0,0.0,20.38,63358,70.7,80.0,0.009
2024-06-05T18:06:58.000,52.66,22.12,0.0,0.0,20.38,63359,70.89,80.0,0.009
2024-06-05T18:08:00.000,52.62,22.31,0.0,0.0,20.38,63360,71.09,80.0,0.009
2024-06-05T18:10:03.000,52.38,21.49,0.0,0.0,20.38,63362,71.48,81.0,0.009
2024-06-05T18:11:04.000,52.38,22.57,0.0,0.0,20.38,63363,71.67,81.0,0.009
2024-06-05T18:12:05.000,52.34,22.14,0.0,0.0,20.38,63364,71.86,81.0,0.009
2024-06-05T18:19:08.000,52.16,22.06,0.0,0.0,20.38,63371,73.17,82.0,0.009
2024-06-05T18:20:10.000,52.39,22.81,0.0,0.0,20.38,63372,73.35,82.0,0.009
2024-06-05T18:22:11.000,52.73,22.76,0.0,0.0,20.38,63374,73.72,82.0,0.009
2024-06-05T18:24:11.000,52.66,21.93,0.0,0.0,20.38,63376,74.07,82.0,0.009
2024-06-05T18:25:12.000,52.4,21.36,0.0,0.0,20.38,63377,74.25,82.0,0.009
2024-06-05T18:26:13.000,52.17,21.77,0.0,0.0,20.38,63378,74.43,82.0,0.009
2024-06-05T18:56:23.000,53.25,22.0,0.0,0.0,20.38,63408,78.91,82.0,0.008
2024-06-05T18:57:23.000,53.07,21.45,0.0,0.0,20.38,63409,79.02,82.0,0.008
2024-06-05T18:58:23.000,52.73,20.79,0.0,0.0,20.38,63410,79.13,82.0,0.008
2024-06-05T19:00:24.000,52.65,22.65,0.0,0.0,20.38,63412,79.33,81.0,0.008
2024-06-05T19:01:25.000,52.87,22.48,0.0,0.0,20.38,63413,79.43,81.0,0.008
2024-06-05T19:02:25.000,53.0,22.51,0.0,0.0,20.38,63414,79.52,81.0,0.008
2024-06-05T19:05:26.000,53.07,21.71,0.0,0.0,20.38,63417,79.78,81.0,0.008
2024-06-05T19:06:26.000,52.92,21.67,0.0,0.0,20.38,63418,79.85,81.0,0.008
2024-06-05T19:07:28.000,53.07,22.23,0.0,0.0,20.38,63419,79.93,80.0,0.008
2024-06-05T19:10:31.000,52.99,21.29,0.0,0.0,20.38,63422,80.12,80.0,0.008
2024-06-05T19:11:32.000,52.88,21.09,0.0,0.0,20.38,63423,80.17,80.0,0.008
2024-06-05T19:12:33.000,52.95,21.73,0.0,0.0,20.38,63424,80.22,80.0,0.008
2024-06-05T19:20:43.000,53.84,22.28,0.0,0.0,20.38,63432,80.43,78.0,0.008
2024-06-05T19:21:43.000,53.7,21.66,0.0,0.0,20.38,63433,80.44,78.0,0.008
2024-06-05T19:22:45.000,53.79,22.49,0.0,0.0,20.38,63434,80.43,78.0,0.008
2024-06-05T19:24:47.000,53.91,22.1,0.0,0.0,20.38,63436,80.41,78.0,0.008
2024-06-05T19:26:49.000,54.09,22.08,0.0,0.0,20.38,63438,80.37,77.0,0.008
2024-06-05T19:27:49.000,53.95,21.1,0.0,0.0,20.38,63439,80.34,77.0,0.008
2024-06-05T19:28:49.000,53.92,22.07,0.0,0.0,20.38,63440,80.31,77.0,0.008
2024-06-05T19:29:49.000,53.87,21.51,0.0,0.0,20.38,63441,80.27,77.0,0.008
2024-06-05T19:30:50.000,53.76,21.54,0.0,0.0,20.38,63442,80.23,77.0,0.008
2024-06-05T19:32:55.000,53.83,21.77,0.0,0.0,20.38,63444,80.12,76.0,0.008
2024-06-05T19:33:55.000,53.62,21.06,0.0,0.0,20.38,63445,80.06,76.0,0.008
2024-06-05T19:38:02.000,53.31,21.97,0.0,0.0,20.38,63449,79.78,75.0,0.008
2024-06-05T19:39:03.000,53.5,21.7,0.0,0.0,20.38,63450,79.7,75.0,0.008
2024-06-05T19:40:03.000,53.15,20.58,0.0,0.0,20.38,63451,79.61,75.0,0.008
2024-06-05T19:43:04.000,53.31,22.37,0.0,0.0,20.38,63454,79.34,74.0,0.008
2024-06-05T19:44:05.000,53.71,22.97,0.0,0.0,20.38,63455,79.23,74.0,0.008
2024-06-05T19:45:06.000,54.05,22.29,0.0,0.0,20.38,63456,79.13,74.0,0.008
2024-06-05T19:50:08.000,52.85,20.39,0.0,0.0,20.38,63461,78.56,73.0,0.007
2024-06-05T19:51:08.000,52.58,20.57,0.0,0.0,20.38,63462,78.43,73.0,0.007
2024-06-05T19:52:17.000,52.83,21.75,0.0,0.0,20.38,63463,78.29,73.0,0.007
2024-06-05T19:54:17.000,53.36,21.95,0.0,0.0,20.38,63465,78.03,72.0,0.007
