Downloads/jupyter/ECSV/stars19/stars19_2024-01.ecsv
# %ECSV 1.0
# ---
# datatype:
# - {name: time, datatype: string}
# - {name: Enclosure Temperature, unit: deg_C, datatype: float64}
# - {name: Sky Temperature, unit: deg_C, datatype: float64}
# - {name: Frequency, unit: Hz, datatype: float64}
# - {name: MSAS, unit: mag / arcsec2, datatype: float64}
# - {name: ZP, datatype: float64}
# - {name: Sequence Number, datatype: int64}
# - {name: Sun Alt, unit: deg, datatype: float64}
# - {name: Moon Alt, unit: deg, datatype: float64}
# - {name: Moon Illumination, datatype: float64}
# delimiter: ','
# meta: !!omap
# - ida:
#     Data supplier: {affiliation: null, observer: null}
#     Device type: TESS-W
#     Field of view: 17.0
#     Filters per channel: None
#     Instrument ID: stars19
#     License: ODbL 1.0 http://opendatacommons.org/licenses/odbl/summary/
#     Local timezone: America/Phoenix
#     Location name: {country: '- Tucson', place: Tucson, region: United States, sub_region: Arizona, town: Pima County}
#     Measurement direction per channel: {azimuth: 0.0, zenital: 0.0}
#     Moving / Fixed look direction: FIXED
#     Moving / Stationary position: STATIONARY
#     Number of channels: 1
#     Number of fields per line: 8
#     Number of header lines: 35
#     Position: {height: 0.0, latitude: 32.223877, longitude: -110.767532}
#     TESS MAC address: 18:FE:34:CF:EC:06
#     TESS cover offset value: 0.0
#     TESS firmware version: '1.0'
#     TESS zero point: 20.38
#     Time Synchronization: timestamp added by MQTT subscriber
#     URL: http://www.darksky.org/NSBM/sdf1.0.pdf
# - __serialized_columns__:
#     Enclosure Temperature:
#       __class__: astropy.units.quantity.Quantity
#       unit: &id001 !astropy.units.Unit {unit: deg_C}
#       value: !astropy.table.SerializedColumn {name: Enclosure Temperature}
#     Frequency:
#       __class__: astropy.units.quantity.Quantity
#       unit: !astropy.units.Unit {unit: Hz}
#       value: !astropy.table.SerializedColumn {name: Frequency}
#     MSAS:
#       __class__: astropy.units.quantity.Quantity
#       unit: !astropy.units.Unit {unit: mag / arcsec2}
#       value: !astropy.table.SerializedColumn {name: MSAS}
#     Moon Alt:
#       __class__: astropy.units.quantity.Quantity
#       unit: &id002 !astropy.units.Unit {unit: deg}
#       value: !astropy.table.SerializedColumn {name: Moon Alt}
#     Sky Temperature:
#       __class__: astropy.units.quantity.Quantity
#       unit: *id001
#       value: !astropy.table.SerializedColumn {name: Sky Temperature}
#     Sun Alt:
#       __class__: astropy.units.quantity.Quantity
#       unit: *id002
#       value: !astropy.table.SerializedColumn {name: Sun Alt}
#     time:
#       __class__: astropy.time.core.Time
#       format: isot
#       in_subfmt: '*'
#       out_subfmt: '*'
#       precision: 3
#       scale: utc
#       value: !astropy.table.SerializedColumn {name: time}
# schema: astropy-2.0
time,Enclosure Temperature,Sky Temperature,Frequency,MSAS,ZP,Sequence Number,Sun Alt,Moon Alt,Moon Illumination
[from data line 17955]
2024-01-21T16:16:36.000,11.35,8.2,0.0,0.0,20.38,161646,19.62,-32.0,0.842
2024-01-21T16:17:37.000,11.33,8.29,0.0,0.0,20.38,161647,19.78,-32.0,0.842
2024-01-21T16:56:43.000,12.06,8.94,0.0,0.0,20.38,161686,25.67,-31.0,0.844
2024-01-21T16:57:43.000,12.01,8.81,0.0,0.0,20.38,161687,25.81,-31.0,0.844
2024-01-21T16:58:43.000,12.07,9.21,0.0,0.0,20.38,161688,25.95,-31.0,0.844
2024-01-21T17:01:44.000,12.14,8.91,0.0,0.0,20.38,161691,26.36,-31.0,0.844
2024-01-21T17:02:44.000,12.16,9.17,0.0,0.0,20.38,161692,26.5,-31.0,0.844
2024-01-21T17:03:44.000,12.21,9.39,0.0,0.0,20.38,161693,26.64,-31.0,0.844
2024-01-21T17:36:50.000,12.58,9.04,0.0,0.0,20.38,161726,30.78,-29.0,0.846
2024-01-21T17:37:50.000,12.58,9.5,0.0,0.0,20.38,161727,30.89,-29.0,0.846
2024-01-21T17:38:51.000,12.68,9.8,0.0,0.0,20.38,161728,31.01,-28.0,0.846
2024-01-21T17:40:51.000,12.92,10.41,0.0,0.0,20.38,161730,31.23,-28.0,0.846
2024-01-21T17:41:52.000,13.02,10.12,0.0,0.0,20.38,161731,31.34,-28.0,0.846
2024-01-21T17:43:52.000,12.96,9.96,0.0,0.0,20.38,161733,31.56,-28.0,0.846
2024-01-21T17:44:52.000,13.02,10.21,0.0,0.0,20.38,161734,31.67,-28.0,0.846
2024-01-21T17:45:52.000,13.07,10.29,0.0,0.0,20.38,161735,31.78,-28.0,0.846
2024-01-21T17:47:53.000,13.11,10.08,0.0,0.0,20.38,161737,31.99,-28.0,0.846
2024-01-21T17:55:55.000,12.97,9.76,0.0,0.0,20.38,161745,32.81,-27.0,0.847
2024-01-21T17:58:57.000,12.73,9.53,0.0,0.0,20.38,161748,33.1,-27.0,0.847
2024-01-21T17:59:57.000,12.86,10.05,0.0,0.0,20.38,161749,33.2,-27.0,0.847
2024-01-21T18:00:57.000,13.04,10.62,0.0,0.0,20.38,161750,33.29,-27.0,0.847
2024-01-21T18:32:07.000,12.93,5.24,0.0,0.0,20.38,161781,35.8,-23.0,0.849
2024-01-21T18:33:07.000,12.86,5.25,0.0,0.0,20.38,161782,35.87,-23.0,0.849
2024-01-21T18:34:07.000,12.91,5.64,0.0,0.0,20.38,161783,35.93,-23.0,0.849
2024-01-21T18:36:07.000,12.94,5.29,0.0,0.0,20.38,161785,36.06,-23.0,0.849
2024-01-21T18:37:07.000,12.76,4.84,0.0,0.0,20.38,161786,36.12,-23.0,0.849
2024-01-21T18:38:07.000,12.87,5.73,0.0,0.0,20.38,161787,36.18,-23.0,0.849
2024-01-21T19:07:19.000,13.56,10.33,0.0,0.0,20.38,161816,37.49,-19.0,0.851
2024-01-21T19:08:20.000,13.51,10.36,0.0,0.0,20.38,161817,37.52,-19.0,0.851
2024-01-21T19:09:20.000,13.39,9.67,0.0,0.0,20.38,161818,37.55,-19.0,0.851
2024-01-21T19:11:21.000,13.18,9.67,0.0,0.0,20.38,161820,37.6,-19.0,0.851
2024-01-21T19:12:23.000,13.19,9.85,0.0,0.0,20.38,161821,37.63,-19.0,0.851
2024-01-21T19:13:22.000,13.38,10.82,0.0,0.0,20.38,161822,37.65,-18.0,0.851
2024-01-21T19:28:25.000,14.24,10.76,0.0,0.0,20.38,161837,37.87,-16.0,0.852
2024-01-21T19:29:26.000,14.08,10.58,0.0,0.0,20.38,161838,37.88,-16.0,0.852
2024-01-21T19:30:26.000,13.8,9.5,0.0,0.0,20.38,161839,37.88,-16.0,0.852
2024-01-21T19:32:26.000,13.7,10.86,0.0,0.0,20.38,161841,37.89,-16.0,0.852
2024-01-21T19:33:26.000,13.95,11.39,0.0,0.0,20.38,161842,37.89,-16.0,0.852
2024-01-21T19:34:26.000,14.12,11.56,0.0,0.0,20.38,161843,37.89,-16.0,0.852
2024-01-21T20:06:34.000,14.23,11.55,0.0,0.0,20.38,161875,37.33,-11.0,0.854
2024-01-21T20:07:35.000,14.26,11.18,0.0,0.0,20.38,161876,37.29,-11.0,0.854
2024-01-21T20:08:35.000,14.28,11.42,0.0,0.0,20.38,161877,37.26,-10.0,0.854
2024-01-21T20:11:36.000,14.19,10.71,0.0,0.0,20.38,161880,37.14,-10.0,0.854
2024-01-21T20:12:38.000,14.07,10.45,0.0,0.0,20.38,161881,37.1,-10.0,0.854
2024-01-21T20:13:38.000,13.97,10.7,0.0,0.0,20.38,161882,37.06,-10.0,0.854
2024-01-21T20:14:38.000,13.95,10.71,0.0,0.0,20.38,161883,37.01,-9.0,0.854
2024-01-21T20:15:38.000,13.62,9.38,0.0,0.0,20.38,161884,36.97,-9.0,0.854
2024-01-21T20:17:38.000,13.42,10.32,0.0,0.0,20.38,161886,36.88,-9.0,0.854
2024-01-21T20:18:38.000,13.45,10.0,0.0,0.0,20.38,161887,36.83,-9.0,0.854
2024-01-21T20:19:38.000,13.34,10.04,0.0,0.0,20.38,161888,36.78,-9.0,0.854
2024-01-21T20:28:41.000,13.24,10.44,0.0,0.0,20.38,161897,36.3,-7.0,0.855
2024-01-21T20:29:41.000,13.31,10.34,0.0,0.0,20.38,161898,36.24,-7.0,0.855
2024-01-21T20:30:41.000,13.34,10.48,0.0,0.0,20.38,161899,36.18,-7.0,0.855
2024-01-21T20:32:41.000,13.4,10.19,0.0,0.0,20.38,161901,36.06,-7.0,0.855
2024-01-21T20:33:41.000,13.41,10.53,0.0,0.0,20.38,161902,36.0,-6.0,0.855
2024-01-21T20:34:41.000,13.41,10.37,0.0,0.0,20.38,161903,35.94,-6.0,0.855
2024-01-21T20:58:48.000,13.88,11.18,0.0,0.0,20.38,161927,34.12,-2.0,0.856
2024-01-21T20:59:48.000,13.83,10.66,0.0,0.0,20.38,161928,34.03,-2.0,0.856
2024-01-21T21:00:48.000,13.8,10.76,0.0,0.0,20.38,161929,33.95,-2.0,0.856
2024-01-21T21:02:51.000,13.69,10.41,0.0,0.0,20.38,161931,33.76,-2.0,0.856
2024-01-21T21:03:51.000,13.58,10.18,0.0,0.0,20.38,161932,33.67,-1.0,0.856
2024-01-21T21:04:51.000,13.5,10.13,0.0,0.0,20.38,161933,33.58,-1.0,0.856
2024-01-21T21:24:58.000,12.86,9.52,0.0,0.0,20.38,161953,31.57,2.0,0.857
2024-01-21T21:25:58.000,12.92,9.78,0.0,0.0,20.38,161954,31.46,3.0,0.857
2024-01-21T21:26:58.000,12.92,9.64,0.0,0.0,20.38,161955,31.35,3.0,0.858
2024-01-21T21:28:59.000,12.9,9.58,0.0,0.0,20.38,161957,31.13,3.0,0.858
2024-01-21T21:29:59.000,12.95,9.81,0.0,0.0,20.38,161958,31.02,3.0,0.858
2024-01-21T21:30:59.000,13.0,9.84,0.0,0.0,20.38,161959,30.9,3.0,0.858
2024-01-21T21:32:59.000,12.88,9.03,0.0,0.0,20.38,161961,30.68,4.0,0.858
2024-01-21T21:34:00.000,12.96,9.04,0.0,0.0,20.38,161962,30.56,4.0,0.858
2024-01-21T21:35:00.000,13.13,9.51,0.0,0.0,20.38,161963,30.44,4.0,0.858
2024-01-21T21:38:01.000,13.04,9.37,0.0,0.0,20.38,161966,30.09,5.0,0.858
2024-01-21T21:39:01.000,13.04,9.63,0.0,0.0,20.38,161967,29.97,5.0,0.858
2024-01-21T21:40:01.000,12.99,9.29,0.0,0.0,20.38,161968,29.85,5.0,0.858
2024-01-21T21:45:03.000,13.01,8.87,0.0,0.0,20.38,161973,29.24,6.0,0.858
2024-01-21T21:46:03.000,12.79,8.5,0.0,0.0,20.38,161974,29.12,6.0,0.858
2024-01-21T21:47:03.000,12.64,8.89,0.0,0.0,20.38,161975,29.0,6.0,0.859
2024-01-21T21:51:04.000,12.67,7.54,0.0,0.0,20.38,161979,28.49,7.0,0.859
2024-01-21T21:54:04.000,12.47,8.95,0.0,0.0,20.38,161982,28.11,8.0,0.859
2024-01-21T21:55:07.000,12.56,9.5,0.0,0.0,20.38,161983,27.97,8.0,0.859
2024-01-21T21:56:07.000,12.64,9.56,0.0,0.0,20.38,161984,27.84,8.0,0.859
2024-01-21T21:57:07.000,12.65,8.78,0.0,0.0,20.38,161985,27.71,8.0,0.859
2024-01-21T21:58:07.000,12.57,8.78,0.0,0.0,20.38,161986,27.58,8.0,0.859
2024-01-21T22:00:08.000,12.69,9.75,0.0,0.0,20.38,161988,27.31,9.0,0.859
2024-01-21T22:02:09.000,12.61,9.2,0.0,0.0,20.38,161990,27.04,9.0,0.859
2024-01-21T22:03:11.000,12.65,9.64,0.0,0.0,20.38,161991,26.91,9.0,0.859
2024-01-21T22:04:11.000,12.69,9.46,0.0,0.0,20.38,161992,26.77,9.0,0.859
2024-01-21T22:21:17.000,12.63,9.61,0.0,0.0,20.38,162009,24.37,13.0,0.86
2024-01-21T22:22:18.000,12.7,9.62,0.0,0.0,20.38,162010,24.22,13.0,0.86
2024-01-21T22:23:18.000,12.5,8.64,0.0,0.0,20.38,162011,24.08,13.0,0.86
2024-01-21T22:25:19.000,12.51,9.52,0.0,0.0,20.38,162013,23.78,13.0,0.86
2024-01-21T22:26:19.000,12.64,9.74,0.0,0.0,20.38,162014,23.63,14.0,0.86
2024-01-21T22:27:19.000,12.75,9.87,0.0,0.0,20.38,162015,23.48,14.0,0.861
2024-01-21T22:50:24.000,12.43,9.81,0.0,0.0,20.38,162038,19.93,18.0,0.862
2024-01-21T22:51:24.000,12.51,9.54,0.0,0.0,20.38,162039,19.77,18.0,0.862
2024-01-21T22:52:25.000,12.5,9.45,0.0,0.0,20.38,162040,19.6,19.0,0.862
2024-01-21T22:54:25.000,12.54,9.53,0.0,0.0,20.38,162042,19.28,19.0,0.862
2024-01-21T22:55:26.000,12.58,9.61,0.0,0.0,20.38,162043,19.12,19.0,0.862
2024-01-21T22:56:26.000,12.65,9.66,0.0,0.0,20.38,162044,18.95,19.0,0.862
2024-01-21T22:58:28.000,12.43,8.81,0.0,0.0,20.38,162046,18.62,20.0,0.862
2024-01-21T22:59:28.000,12.39,9.17,0.0,0.0,20.38,162047,18.46,20.0,0.862
2024-01-21T23:00:28.000,12.38,9.08,0.0,0.0,20.38,162048,18.3,20.0,0.862
2024-01-21T23:02:33.000,12.36,9.3,0.0,0.0,20.38,162050,17.95,21.0,0.862
2024-01-21T23:03:33.000,12.41,9.32,0.0,0.0,20.38,162051,17.79,21.0,0.862
2024-01-21T23:04:35.000,12.49,9.66,0.0,0.0,20.38,162052,17.62,21.0,0.862
2024-01-21T23:15:38.000,12.13,8.5,0.0,0.0,20.38,162063,15.77,23.0,0.863
2024-01-21T23:16:39.000,12.19,9.07,0.0,0.0,20.38,162064,15.59,23.0,0.863
2024-01-21T23:17:39.000,12.13,8.49,0.0,0.0,20.38,162065,15.42,23.0,0.863
2024-01-21T23:22:40.000,11.97,8.71,0.0,0.0,20.38,162070,14.56,24.0,0.863
2024-01-21T23:23:40.000,11.93,8.37,0.0,0.0,20.38,162071,14.39,25.0,0.863
2024-01-21T23:24:41.000,11.94,8.7,0.0,0.0,20.38,162072,14.21,25.0,0.863
2024-01-21T23:27:42.000,12.04,9.02,0.0,0.0,20.38,162075,13.69,25.0,0.863
2024-01-21T23:28:42.000,12.03,8.73,0.0,0.0,20.38,162076,13.52,26.0,0.864
2024-01-21T23:29:42.000,12.16,9.26,0.0,0.0,20.38,162077,13.34,26.0,0.864
2024-01-21T23:31:42.000,12.19,9.0,0.0,0.0,20.38,162079,12.99,26.0,0.864
2024-01-21T23:32:42.000,12.16,8.86,0.0,0.0,20.38,162080,12.81,26.0,0.864
2024-01-21T23:33:43.000,12.24,9.18,0.0,0.0,20.38,162081,12.64,27.0,0.864
2024-01-21T23:41:45.000,12.07,8.1,0.0,0.0,20.38,162089,11.21,28.0,0.864
2024-01-21T23:42:45.000,12.13,8.89,0.0,0.0,20.38,162090,11.03,28.0,0.864
2024-01-21T23:43:45.000,12.1,8.74,0.0,0.0,20.38,162091,10.85,29.0,0.864
2024-01-21T23:45:46.000,12.11,8.98,0.0,0.0,20.38,162093,10.49,29.0,0.864
2024-01-21T23:48:46.000,12.37,9.58,0.0,0.0,20.38,162096,9.95,30.0,0.864
2024-01-21T23:49:46.000,12.44,9.48,0.0,0.0,20.38,162097,9.77,30.0,0.865
2024-01-21T23:50:46.000,12.38,9.0,0.0,0.0,20.38,162098,9.59,30.0,0.865
2024-01-22T00:02:51.000,12.61,9.59,0.0,0.0,20.38,162110,7.38,32.0,0.865
2024-01-22T00:03:51.000,12.66,9.69,0.0,0.0,20.38,162111,7.19,33.0,0.865
2024-01-22T00:04:52.000,12.72,9.78,0.0,0.0,20.38,162112,7.0,33.0,0.865
2024-01-22T00:07:53.000,12.74,9.72,0.0,0.0,20.38,162115,6.44,33.0,0.865
2024-01-22T00:08:53.000,12.69,9.37,0.0,0.0,20.38,162116,6.26,34.0,0.865
2024-01-22T00:09:53.000,12.58,9.01,0.0,0.0,20.38,162117,6.07,34.0,0.866
2024-01-22T00:29:01.000,12.21,8.88,0.0,0.0,20.38,162136,2.46,38.0,0.866
2024-01-22T00:30:01.000,12.04,8.23,0.0,0.0,20.38,162137,2.27,38.0,0.866
2024-01-22T00:31:01.000,12.03,8.82,0.0,0.0,20.38,162138,2.08,38.0,0.867
2024-01-22T00:33:01.000,11.97,8.35,0.0,0.0,20.38,162140,1.69,38.0,0.867
2024-01-22T00:35:02.000,12.02,8.85,0.0,0.0,20.38,162142,1.31,39.0,0.867
2024-01-22T00:36:02.000,12.01,8.65,29957.33,4.11,20.38,162143,1.11,39.0,0.867
2024-01-22T00:37:02.000,11.97,8.24,47309.14,8.7,20.38,162144,0.92,39.0,0.867
2024-01-22T00:39:02.000,12.07,9.02,42871.39,8.8,20.38,162146,0.53,40.0,0.867
2024-01-22T00:41:03.000,11.83,8.18,44209.82,8.77,20.38,162148,0.14,40.0,0.867
2024-01-22T00:42:03.000,11.74,7.73,33592.13,9.07,20.38,162149,-0.05,40.0,0.867
2024-01-22T00:43:03.000,11.72,8.26,23644.9,9.45,20.38,162150,-0.24,41.0,0.867
2024-01-22T00:44:03.000,11.8,8.73,21011.8,9.57,20.38,162151,-0.44,41.0,0.867
2024-01-22T00:45:03.000,11.88,8.82,18576.96,9.71,20.38,162152,-0.63,41.0,0.867
2024-01-22T00:46:03.000,11.95,8.95,19785.11,9.64,20.38,162153,-0.82,41.0,0.867
2024-01-22T00:47:03.000,12.0,9.0,16620.04,9.83,20.38,162154,-1.02,41.0,0.867
2024-01-22T00:48:03.000,12.02,9.0,12288.67,10.16,20.38,162155,-1.21,42.0,0.867
2024-01-22T00:49:04.000,12.09,8.61,10673.29,10.31,20.38,162156,-1.41,42.0,0.867
2024-01-22T00:50:04.000,12.0,7.83,12153.12,10.17,20.38,162157,-1.61,42.0,0.867
2024-01-22T00:51:04.000,11.86,8.23,11939.84,10.19,20.38,162158,-1.8,42.0,0.867
2024-01-22T00:52:04.000,11.83,8.41,7960.98,10.63,20.38,162159,-2.0,42.0,0.868
2024-01-22T00:53:04.000,11.8,8.37,8332.25,10.58,20.38,162160,-2.19,43.0,0.868
2024-01-22T00:54:04.000,11.75,8.23,7583.64,10.68,20.38,162161,-2.39,43.0,0.868
2024-01-22T00:55:05.000,11.76,8.44,5957.55,10.95,20.38,162162,-2.59,43.0,0.868
2024-01-22T00:56:05.000,11.83,8.25,4513.11,11.25,20.38,162163,-2.79,43.0,0.868
2024-01-22T00:57:05.000,11.97,7.64,3536.24,11.52,20.38,162164,-2.98,43.0,0.868
2024-01-22T00:58:05.000,12.03,8.21,2310.07,11.98,20.38,162165,-3.18,44.0,0.868
2024-01-22T00:59:07.000,12.04,8.94,1486.27,12.46,20.38,162166,-3.38,44.0,0.868
2024-01-22T01:00:07.000,12.01,8.78,1006.84,12.88,20.38,162167,-3.58,44.0,0.868
2024-01-22T01:01:10.000,11.99,8.94,742.11,13.2,20.38,162168,-3.79,44.0,0.868
2024-01-22T01:02:11.000,12.02,8.97,682.07,13.3,20.38,162169,-3.99,44.0,0.868
2024-01-22T01:03:10.000,12.05,8.96,656.58,13.34,20.38,162170,-4.18,45.0,0.868
2024-01-22T01:04:11.000,12.07,8.69,620.13,13.4,20.38,162171,-4.38,45.0,0.868
2024-01-22T01:05:11.000,12.04,8.76,557.6,13.51,20.38,162172,-4.58,45.0,0.868
2024-01-22T01:06:13.000,12.05,8.87,484.07,13.67,20.38,162173,-4.78,45.0,0.868
2024-01-22T01:07:13.000,12.11,8.92,399.85,13.88,20.38,162174,-4.98,45.0,0.868
2024-01-22T01:08:13.000,12.01,8.57,338.25,14.06,20.38,162175,-5.18,46.0,0.868
2024-01-22T01:09:14.000,11.95,7.94,275.64,14.28,20.38,162176,-5.38,46.0,0.868
2024-01-22T01:10:14.000,11.96,8.7,203.55,14.61,20.38,162177,-5.58,46.0,0.868
2024-01-22T01:11:14.000,12.01,8.76,159.82,14.87,20.38,162178,-5.78,46.0,0.868
2024-01-22T01:12:14.000,12.05,8.92,127.82,15.12,20.38,162179,-5.98,46.0,0.868
2024-01-22T01:13:14.000,12.03,8.03,106.16,15.32,20.38,162180,-6.18,47.0,0.869
2024-01-22T01:14:14.000,11.95,8.24,88.77,15.51,20.38,162181,-6.38,47.0,0.869
2024-01-22T01:15:15.000,11.91,8.47,75.42,15.69,20.38,162182,-6.58,47.0,0.869
2024-01-22T01:16:18.000,11.83,8.38,64.2,15.86,20.38,162183,-6.79,47.0,0.869
2024-01-22T01:17:18.000,11.81,8.43,53.24,16.07,20.38,162184,-6.99,48.0,0.869
2024-01-22T01:18:18.000,11.74,7.52,44.0,16.27,20.38,162185,-7.19,48.0,0.869
2024-01-22T01:19:18.000,11.73,8.48,37.68,16.44,20.38,162186,-7.39,48.0,0.869
2024-01-22T01:20:18.000,11.8,8.68,33.82,16.56,20.38,162187,-7.59,48.0,0.869
2024-01-22T01:21:19.000,11.86,8.74,32.76,16.59,20.38,162188,-7.79,48.0,0.869
2024-01-22T01:22:19.000,11.93,8.67,30.21,16.68,20.38,162189,-7.99,49.0,0.869
2024-01-22T01:23:19.000,11.94,8.73,28.56,16.74,20.38,162190,-8.19,49.0,0.869
2024-01-22T01:24:20.000,11.93,8.64,26.98,16.8,20.38,162191,-8.4,49.0,0.869
2024-01-22T01:25:20.000,11.86,8.59,27.21,16.79,20.38,162192,-8.6,49.0,0.869
2024-01-22T01:26:20.000,11.84,8.51,28.94,16.73,20.38,162193,-8.8,49.0,0.869
2024-01-22T01:27:22.000,11.78,8.37,36.61,16.47,20.38,162194,-9.01,50.0,0.869
2024-01-22T01:28:22.000,11.74,8.33,42.31,16.31,20.38,162195,-9.21,50.0,0.869
2024-01-22T01:29:22.000,11.63,7.91,40.67,16.36,20.38,162196,-9.41,50.0,0.869
2024-01-22T01:30:22.000,11.63,8.34,37.67,16.44,20.38,162197,-9.61,50.0,0.869
2024-01-22T01:31:22.000,11.63,8.32,34.56,16.53,20.38,162198,-9.81,50.0,0.869
2024-01-22T01:32:22.000,11.64,8.46,32.42,16.6,20.38,162199,-10.01,51.0,0.869
2024-01-22T01:33:22.000,11.67,7.99,30.91,16.65,20.38,162200,-10.22,51.0,0.87
2024-01-22T01:34:23.000,11.74,8.58,29.73,16.7,20.38,162201,-10.42,51.0,0.87
2024-01-22T01:35:23.000,11.71,8.35,29.48,16.71,20.38,162202,-10.62,51.0,0.87
2024-01-22T01:36:23.000,11.68,8.47,28.96,16.73,20.38,162203,-10.83,51.0,0.87
2024-01-22T01:37:23.000,11.71,8.48,29.23,16.72,20.38,162204,-11.03,52.0,0.87
2024-01-22T01:38:23.000,11.76,8.65,29.26,16.71,20.38,162205,-11.23,52.0,0.87
2024-01-22T01:39:24.000,11.8,8.72,28.27,16.75,20.38,162206,-11.44,52.0,0.87
2024-01-22T01:40:24.000,11.84,8.69,27.33,16.79,20.38,162207,-11.64,52.0,0.87
2024-01-22T01:41:24.000,11.81,8.47,26.37,16.83,20.38,162208,-11.84,52.0,0.87
2024-01-22T01:42:24.000,11.86,8.83,26.27,16.83,20.38,162209,-12.05,53.0,0.87
2024-01-22T01:43:25.000,11.92,8.89,25.93,16.85,20.38,162210,-12.25,53.0,0.87
2024-01-22T01:44:25.000,11.93,7.96,26.11,16.84,20.38,162211,-12.46,53.0,0.87
2024-01-22T01:45:25.000,11.94,6.69,26.25,16.83,20.38,162212,-12.66,53.0,0.87
2024-01-22T01:46:25.000,11.89,7.31,26.39,16.83,20.38,162213,-12.86,54.0,0.87
2024-01-22T01:47:25.000,11.82,8.02,26.45,16.82,20.38,162214,-13.07,54.0,0.87
2024-01-22T01:48:25.000,11.77,8.21,27.1,16.8,20.38,162215,-13.27,54.0,0.87
2024-01-22T01:49:25.000,11.66,7.96,27.31,16.79,20.38,162216,-13.48,54.0,0.87
2024-01-22T01:50:25.000,11.63,8.38,26.53,16.82,20.38,162217,-13.68,54.0,0.87
2024-01-22T01:51:25.000,11.65,8.54,26.57,16.82,20.38,162218,-13.88,55.0,0.87
2024-01-22T01:52:25.000,11.66,8.37,26.53,16.82,20.38,162219,-14.09,55.0,0.87
2024-01-22T01:53:26.000,11.64,8.44,26.26,16.83,20.38,162220,-14.3,55.0,0.87
2024-01-22T01:54:26.000,11.69,8.64,26.76,16.81,20.38,162221,-14.5,55.0,0.871
2024-01-22T01:55:27.000,11.74,8.31,26.86,16.81,20.38,162222,-14.71,55.0,0.871
2024-01-22T01:56:27.000,11.77,7.97,27.24,16.79,20.38,162223,-14.91,56.0,0.871
