Downloads/jupyter/ECSV/stars19/stars19_2020-05.ecsv
# %ECSV 1.0
# ---
# datatype:
# - {name: time, datatype: string}
# - {name: Enclosure Temperature, unit: deg_C, datatype: float64}
# - {name: Sky Temperature, unit: deg_C, datatype: float64}
# - {name: Frequency, unit: Hz, datatype: float64}
# - {name: MSAS, unit: mag / arcsec2, datatype: float64}
# - {name: ZP, datatype: float64}
# - {name: Sequence Number, datatype: int64}
# - {name: Sun Alt, unit: deg, datatype: float64}
# - {name: Moon Alt, unit: deg, datatype: float64}
# - {name: Moon Illumination, datatype: float64}
# delimiter: ','
# meta: !!omap
# - ida:
#     Data supplier: {affiliation: null, observer: null}
#     Device type: TESS-W
#     Field of view: 17.0
#     Filters per channel: None
#     Instrument ID: stars19
#     License: ODbL 1.0 http://opendatacommons.org/licenses/odbl/summary/
#     Local timezone: America/Phoenix
#     Location name: {country: '- Tucson', place: Tucson, region: United States, sub_region: Arizona, town: Pima County}
#     Measurement direction per channel: {azimuth: 0.0, zenital: 0.0}
#     Moving / Fixed look direction: FIXED
#     Moving / Stationary position: STATIONARY
#     Number of channels: 1
#     Number of fields per line: 8
#     Number of header lines: 35
#     Position: {height: 0.0, latitude: 32.223877, longitude: -110.767532}
#     TESS MAC address: 18:FE:34:CF:EC:06
#     TESS cover offset value: 0.0
#     TESS firmware version: '1.0'
#     TESS zero point: 20.5
#     Time Synchronization: timestamp added by MQTT subscriber
#     URL: http://www.darksky.org/NSBM/sdf1.0.pdf
# - __serialized_columns__:
#     Enclosure Temperature:
#       __class__: astropy.units.quantity.Quantity
#       unit: &id001 !astropy.units.Unit {unit: deg_C}
#       value: !astropy.table.SerializedColumn {name: Enclosure Temperature}
#     Frequency:
#       __class__: astropy.units.quantity.Quantity
#       unit: !astropy.units.Unit {unit: Hz}
#       value: !astropy.table.SerializedColumn {name: Frequency}
#     MSAS:
#       __class__: astropy.units.quantity.Quantity
#       unit: !astropy.units.Unit {unit: mag / arcsec2}
#       value: !astropy.table.SerializedColumn {name: MSAS}
#     Moon Alt:
#       __class__: astropy.units.quantity.Quantity
#       unit: &id002 !astropy.units.Unit {unit: deg}
#       value: !astropy.table.SerializedColumn {name: Moon Alt}
#     Sky Temperature:
#       __class__: astropy.units.quantity.Quantity
#       unit: *id001
#       value: !astropy.table.SerializedColumn {name: Sky Temperature}
#     Sun Alt:
#       __class__: astropy.units.quantity.Quantity
#       unit: *id002
#       value: !astropy.table.SerializedColumn {name: Sun Alt}
#     time:
#       __class__: astropy.time.core.Time
#       format: isot
#       in_subfmt: '*'
#       out_subfmt: '*'
#       precision: 3
#       scale: utc
#       value: !astropy.table.SerializedColumn {name: time}
# schema: astropy-2.0
time,Enclosure Temperature,Sky Temperature,Frequency,MSAS,ZP,Sequence Number,Sun Alt,Moon Alt,Moon Illumination
[from data line 3922]
2020-05-06T03:14:33.000,31.87,5.27,5.58,18.51,20.5,14801,-13.69,32.0,0.973
2020-05-06T03:15:34.000,31.84,5.18,5.57,18.51,20.5,14802,-13.88,32.0,0.973
2020-05-06T03:19:34.000,31.71,5.07,5.52,18.53,20.5,14806,-14.61,32.0,0.973
2020-05-06T03:23:35.000,31.48,4.69,5.52,18.53,20.5,14810,-15.33,33.0,0.973
2020-05-06T03:28:36.000,31.13,4.72,5.57,18.52,20.5,14815,-16.23,34.0,0.973
2020-05-06T03:29:36.000,31.06,4.7,5.58,18.51,20.5,14816,-16.41,34.0,0.973
2020-05-06T03:30:36.000,31.01,4.65,5.59,18.51,20.5,14817,-16.59,34.0,0.973
2020-05-06T03:32:37.000,30.81,4.43,5.69,18.49,20.5,14819,-16.94,35.0,0.973
2020-05-06T03:33:37.000,30.74,4.55,5.62,18.5,20.5,14820,-17.12,35.0,0.973
2020-05-06T03:35:37.000,30.56,4.25,5.65,18.5,20.5,14822,-17.47,35.0,0.973
2020-05-06T03:36:37.000,30.53,4.55,5.64,18.5,20.5,14823,-17.65,35.0,0.973
2020-05-06T03:37:37.000,30.53,4.56,5.65,18.5,20.5,14824,-17.82,35.0,0.973
2020-05-06T03:40:38.000,30.38,4.35,5.7,18.49,20.5,14827,-18.35,36.0,0.974
2020-05-06T03:41:38.000,30.33,4.41,5.7,18.49,20.5,14828,-18.53,36.0,0.974
2020-05-06T03:42:38.000,30.26,4.44,5.71,18.49,20.5,14829,-18.7,36.0,0.974
2020-05-06T03:43:38.000,30.2,4.47,5.72,18.49,20.5,14830,-18.87,36.0,0.974
2020-05-06T03:44:38.000,30.11,4.29,5.74,18.48,20.5,14831,-19.05,36.0,0.974
2020-05-06T03:45:38.000,30.06,4.53,5.77,18.48,20.5,14832,-19.22,37.0,0.974
2020-05-06T03:46:39.000,30.05,4.58,5.76,18.48,20.5,14833,-19.39,37.0,0.974
2020-05-06T03:47:39.000,30.0,4.4,5.77,18.48,20.5,14834,-19.57,37.0,0.974
2020-05-06T03:48:39.000,29.99,4.48,5.78,18.48,20.5,14835,-19.74,37.0,0.974
2020-05-06T03:49:39.000,29.97,4.44,5.79,18.47,20.5,14836,-19.91,37.0,0.974
2020-05-06T03:53:40.000,29.95,4.22,7.65,18.17,20.5,14840,-20.59,38.0,0.974
2020-05-06T03:55:40.000,29.88,4.22,9.15,17.98,20.5,14842,-20.93,38.0,0.974
2020-05-06T03:56:40.000,29.83,4.03,9.29,17.96,20.5,14843,-21.1,38.0,0.974
2020-05-06T03:57:40.000,29.81,4.08,9.45,17.94,20.5,14844,-21.27,38.0,0.974
2020-05-06T03:58:40.000,29.76,3.96,9.61,17.92,20.5,14845,-21.43,39.0,0.974
2020-05-06T03:59:40.000,29.68,3.92,9.78,17.9,20.5,14846,-21.6,39.0,0.974
2020-05-06T04:00:40.000,29.65,4.02,9.94,17.89,20.5,14847,-21.77,39.0,0.974
2020-05-06T04:02:40.000,29.57,4.05,10.27,17.85,20.5,14849,-22.1,39.0,0.974
2020-05-06T04:03:40.000,29.49,3.9,10.43,17.83,20.5,14850,-22.26,39.0,0.974
2020-05-06T04:04:40.000,29.46,4.02,10.57,17.82,20.5,14851,-22.43,39.0,0.974
2020-05-06T04:09:41.000,29.25,3.9,11.29,17.75,20.5,14856,-23.25,40.0,0.974
2020-05-06T04:10:41.000,29.21,3.75,11.42,17.74,20.5,14857,-23.41,40.0,0.974
2020-05-06T04:11:42.000,29.19,3.94,11.52,17.73,20.5,14858,-23.58,40.0,0.974
2020-05-06T04:12:42.000,29.17,3.86,11.68,17.71,20.5,14859,-23.74,40.0,0.974
2020-05-06T04:13:42.000,29.16,3.84,11.74,17.71,20.5,14860,-23.9,41.0,0.974
2020-05-06T04:14:42.000,29.15,3.81,11.87,17.69,20.5,14861,-24.06,41.0,0.974
2020-05-06T04:15:43.000,29.13,3.44,11.91,17.69,20.5,14862,-24.22,41.0,0.974
2020-05-06T04:16:43.000,29.09,3.35,11.99,17.68,20.5,14863,-24.38,41.0,0.975
2020-05-06T04:17:43.000,29.08,3.43,12.11,17.67,20.5,14864,-24.54,41.0,0.975
2020-05-06T04:19:43.000,28.98,3.48,12.41,17.65,20.5,14866,-24.86,41.0,0.975
2020-05-06T04:20:44.000,28.97,3.46,12.5,17.64,20.5,14867,-25.02,42.0,0.975
2020-05-06T04:21:44.000,28.94,3.45,12.56,17.63,20.5,14868,-25.17,42.0,0.975
2020-05-06T04:22:44.000,28.93,3.49,12.69,17.62,20.5,14869,-25.33,42.0,0.975
2020-05-06T04:23:44.000,28.91,3.48,12.8,17.61,20.5,14870,-25.49,42.0,0.975
2020-05-06T04:24:44.000,28.89,3.5,12.93,17.6,20.5,14871,-25.64,42.0,0.975
2020-05-06T04:25:45.000,28.86,3.48,13.04,17.59,20.5,14872,-25.8,42.0,0.975
2020-05-06T04:26:46.000,28.84,3.47,13.15,17.58,20.5,14873,-25.96,42.0,0.975
2020-05-06T04:27:46.000,28.81,3.42,13.28,17.57,20.5,14874,-26.11,42.0,0.975
2020-05-06T04:28:47.000,28.79,3.4,13.42,17.56,20.5,14875,-26.27,43.0,0.975
2020-05-06T04:31:47.000,28.68,3.19,13.85,17.53,20.5,14878,-26.72,43.0,0.975
2020-05-06T04:32:47.000,28.61,3.21,14.0,17.51,20.5,14879,-26.87,43.0,0.975
2020-05-06T04:33:48.000,28.56,3.2,14.15,17.5,20.5,14880,-27.03,43.0,0.975
2020-05-06T04:34:48.000,28.54,3.24,14.29,17.49,20.5,14881,-27.18,43.0,0.975
2020-05-06T04:35:48.000,28.54,3.3,14.52,17.48,20.5,14882,-27.33,43.0,0.975
2020-05-06T04:36:49.000,28.52,3.21,14.64,17.47,20.5,14883,-27.48,44.0,0.975
2020-05-06T04:37:49.000,28.48,3.32,14.76,17.46,20.5,14884,-27.63,44.0,0.975
2020-05-06T04:38:49.000,28.49,3.3,15.12,17.43,20.5,14885,-27.78,44.0,0.975
2020-05-06T04:39:49.000,28.49,3.3,14.99,17.44,20.5,14886,-27.92,44.0,0.975
2020-05-06T04:40:49.000,28.5,3.26,15.09,17.43,20.5,14887,-28.07,44.0,0.975
2020-05-06T04:41:50.000,28.5,3.2,15.3,17.42,20.5,14888,-28.22,44.0,0.975
2020-05-06T04:42:50.000,28.48,3.13,15.35,17.41,20.5,14889,-28.36,44.0,0.975
2020-05-06T04:43:50.000,28.45,3.16,15.62,17.4,20.5,14890,-28.51,44.0,0.975
2020-05-06T04:44:50.000,28.43,3.12,15.54,17.4,20.5,14891,-28.65,44.0,0.975
2020-05-06T04:45:51.000,28.41,3.17,15.65,17.39,20.5,14892,-28.8,45.0,0.975
2020-05-06T04:46:51.000,28.37,2.93,15.77,17.39,20.5,14893,-28.94,45.0,0.975
2020-05-06T04:48:51.000,28.23,2.75,16.01,17.37,20.5,14895,-29.23,45.0,0.975
2020-05-06T04:49:51.000,28.17,2.8,16.14,17.36,20.5,14896,-29.37,45.0,0.975
2020-05-06T04:50:52.000,28.11,2.83,16.28,17.35,20.5,14897,-29.51,45.0,0.975
2020-05-06T04:51:52.000,28.06,2.69,16.41,17.34,20.5,14898,-29.65,45.0,0.975
2020-05-06T04:52:52.000,28.04,2.86,16.55,17.33,20.5,14899,-29.79,45.0,0.975
2020-05-06T04:53:52.000,28.06,3.0,16.68,17.32,20.5,14900,-29.93,45.0,0.975
2020-05-06T04:54:52.000,28.07,2.95,16.82,17.32,20.5,14901,-30.07,46.0,0.976
2020-05-06T04:55:53.000,28.08,2.92,16.95,17.31,20.5,14902,-30.21,46.0,0.976
2020-05-06T04:56:53.000,28.08,2.94,17.06,17.3,20.5,14903,-30.35,46.0,0.976
2020-05-06T04:58:53.000,28.08,2.96,17.29,17.29,20.5,14905,-30.62,46.0,0.976
2020-05-06T04:59:54.000,28.07,2.86,17.41,17.28,20.5,14906,-30.76,46.0,0.976
2020-05-06T05:00:54.000,28.05,2.85,17.54,17.27,20.5,14907,-30.89,46.0,0.976
2020-05-06T05:01:55.000,28.05,2.82,17.74,17.26,20.5,14908,-31.03,46.0,0.976
2020-05-06T05:02:55.000,28.04,2.83,17.87,17.25,20.5,14909,-31.16,46.0,0.976
2020-05-06T05:03:55.000,28.03,2.74,17.97,17.24,20.5,14910,-31.29,46.0,0.976
2020-05-06T05:04:57.000,27.99,2.66,18.09,17.24,20.5,14911,-31.43,47.0,0.976
2020-05-06T05:05:57.000,27.91,2.64,18.19,17.23,20.5,14912,-31.56,47.0,0.976
2020-05-06T05:06:57.000,27.9,2.64,18.32,17.22,20.5,14913,-31.69,47.0,0.976
2020-05-06T05:07:58.000,27.86,2.6,18.44,17.22,20.5,14914,-31.82,47.0,0.976
2020-05-06T05:08:59.000,27.83,2.59,18.55,17.21,20.5,14915,-31.96,47.0,0.976
2020-05-06T05:09:59.000,27.82,2.6,18.64,17.2,20.5,14916,-32.08,47.0,0.976
2020-05-06T05:11:00.000,27.82,2.6,18.78,17.2,20.5,14917,-32.21,47.0,0.976
2020-05-06T05:12:00.000,27.81,2.63,18.89,17.19,20.5,14918,-32.34,47.0,0.976
2020-05-06T05:13:00.000,27.8,2.61,18.82,17.19,20.5,14919,-32.47,47.0,0.976
2020-05-06T05:14:00.000,27.81,2.66,18.94,17.19,20.5,14920,-32.59,47.0,0.976
2020-05-06T05:15:01.000,27.78,2.5,19.1,17.18,20.5,14921,-32.72,47.0,0.976
2020-05-06T05:16:01.000,27.78,2.63,19.19,17.11,20.5,14922,-32.84,47.0,0.976
2020-05-06T05:17:02.000,27.76,2.46,19.38,17.16,20.5,14923,-32.97,48.0,0.976
2020-05-06T05:41:32.000,27.08,2.4,22.45,17.0,20.5,14946,-35.75,49.0,0.977
2020-05-06T05:42:33.000,27.08,2.31,22.44,17.0,20.5,14947,-35.85,49.0,0.977
2020-05-06T05:43:33.000,27.08,2.3,22.4,17.0,20.5,14948,-35.96,49.0,0.977
2020-05-06T05:47:34.000,27.13,2.19,22.19,17.01,20.5,14952,-36.36,49.0,0.977
2020-05-06T05:48:34.000,27.13,2.21,22.18,17.02,20.5,14953,-36.46,49.0,0.977
2020-05-06T05:49:35.000,27.11,2.1,22.18,17.02,20.5,14954,-36.56,49.0,0.977
2020-05-06T05:50:35.000,27.13,2.2,22.17,17.02,20.5,14955,-36.65,49.0,0.977
2020-05-06T05:58:36.000,27.22,2.31,22.7,16.99,20.5,14963,-37.39,50.0,0.977
2020-05-06T05:59:37.000,27.19,2.21,22.79,16.99,20.5,14964,-37.48,50.0,0.977
2020-05-06T06:00:37.000,27.15,2.01,22.9,16.98,20.5,14965,-37.56,50.0,0.977
2020-05-06T06:01:37.000,27.13,1.98,23.01,16.98,20.5,14966,-37.65,50.0,0.977
2020-05-06T06:02:37.000,27.08,1.89,23.13,16.97,20.5,14967,-37.73,50.0,0.977
2020-05-06T06:03:37.000,27.04,1.91,23.25,16.96,20.5,14968,-37.82,50.0,0.977
2020-05-06T06:04:38.000,27.01,1.85,23.33,16.96,20.5,14969,-37.9,50.0,0.977
2020-05-06T06:05:38.000,26.94,1.68,23.4,16.96,20.5,14970,-37.98,50.0,0.977
2020-05-06T06:06:39.000,26.87,1.61,23.48,16.95,20.5,14971,-38.07,50.0,0.977
2020-05-06T06:07:39.000,26.81,1.65,23.46,16.95,20.5,14972,-38.15,50.0,0.977
2020-05-06T06:08:39.000,26.77,1.78,23.46,16.95,20.5,14973,-38.23,50.0,0.977
2020-05-06T06:09:39.000,26.74,1.76,23.46,16.95,20.5,14974,-38.3,50.0,0.977
2020-05-06T06:10:39.000,26.71,1.63,23.28,16.96,20.5,14975,-38.38,50.0,0.977
2020-05-06T06:11:41.000,26.66,1.61,23.4,16.96,20.5,14976,-38.46,50.0,0.977
2020-05-06T06:22:42.000,26.2,1.33,22.47,17.0,20.5,14987,-39.23,50.0,0.978
2020-05-06T06:26:43.000,26.2,1.46,21.44,17.05,20.5,14991,-39.48,50.0,0.978
2020-05-06T06:28:43.000,26.15,1.38,21.36,17.06,20.5,14993,-39.6,50.0,0.978
2020-05-06T06:29:43.000,26.14,1.35,21.36,17.06,20.5,14994,-39.65,50.0,0.978
2020-05-06T06:30:43.000,26.15,1.37,21.35,17.06,20.5,14995,-39.71,50.0,0.978
2020-05-06T06:31:43.000,26.09,1.35,21.3,17.06,20.5,14996,-39.76,50.0,0.978
2020-05-06T06:32:44.000,26.07,1.38,21.18,17.07,20.5,14997,-39.82,50.0,0.978
2020-05-06T06:33:44.000,26.06,1.4,21.01,17.07,20.5,14998,-39.87,50.0,0.978
2020-05-06T06:34:44.000,26.05,1.35,20.8,17.08,20.5,14999,-39.92,50.0,0.978
2020-05-06T06:35:44.000,26.06,1.39,20.66,17.09,20.5,15000,-39.97,50.0,0.978
2020-05-06T06:36:44.000,26.05,1.38,20.5,17.1,20.5,15001,-40.02,50.0,0.978
2020-05-06T06:37:44.000,26.04,1.38,20.43,17.1,20.5,15002,-40.07,50.0,0.978
2020-05-06T06:40:56.000,26.13,1.45,19.69,17.14,20.5,15005,-40.22,50.0,0.978
2020-05-06T06:41:56.000,26.12,1.48,19.72,17.14,20.5,15006,-40.27,50.0,0.978
2020-05-06T06:42:56.000,26.1,1.39,19.5,17.16,20.5,15007,-40.31,50.0,0.978
2020-05-06T06:47:00.000,26.06,1.34,18.75,17.2,20.5,15011,-40.47,49.0,0.978
2020-05-06T06:48:00.000,26.06,1.29,18.74,17.2,20.5,15012,-40.51,49.0,0.978
2020-05-06T06:49:00.000,26.01,1.27,18.58,17.21,20.5,15013,-40.54,49.0,0.978
2020-05-06T06:54:01.000,25.9,1.42,18.32,17.22,20.5,15018,-40.71,49.0,0.978
2020-05-06T06:55:01.000,25.91,1.44,18.31,17.22,20.5,15019,-40.74,49.0,0.979
2020-05-06T06:56:01.000,25.92,1.43,18.32,17.22,20.5,15020,-40.76,49.0,0.979
2020-05-06T06:57:01.000,25.94,1.45,18.22,17.23,20.5,15021,-40.79,49.0,0.979
2020-05-06T06:58:02.000,25.92,1.36,17.86,17.25,20.5,15022,-40.82,49.0,0.979
2020-05-06T07:00:03.000,25.91,1.46,17.57,17.27,20.5,15024,-40.86,49.0,0.979
2020-05-06T07:01:04.000,25.93,1.46,17.45,17.28,20.5,15025,-40.89,49.0,0.979
2020-05-06T07:02:04.000,25.94,1.48,17.39,17.28,20.5,15026,-40.91,49.0,0.979
2020-05-06T07:03:04.000,25.97,1.51,17.12,17.3,20.5,15027,-40.93,49.0,0.979
2020-05-06T07:04:05.000,25.97,1.49,16.88,17.31,20.5,15028,-40.95,49.0,0.979
2020-05-06T07:05:05.000,25.95,1.52,16.65,17.33,20.5,15029,-40.96,49.0,0.979
2020-05-06T07:06:05.000,25.96,1.57,16.23,17.37,20.5,15030,-40.98,48.0,0.979
2020-05-06T07:07:05.000,25.97,1.58,16.0,17.37,20.5,15031,-41.0,48.0,0.979
2020-05-06T07:09:11.000,26.0,1.6,15.36,17.41,20.5,15033,-41.02,48.0,0.979
2020-05-06T07:11:11.000,26.04,1.59,14.69,17.46,20.5,15035,-41.05,48.0,0.979
2020-05-06T07:17:12.000,26.11,0.68,13.41,17.56,20.5,15041,-41.08,48.0,0.979
2020-05-06T07:20:13.000,25.92,0.57,12.52,17.64,20.5,15044,-41.09,47.0,0.979
2020-05-06T07:21:13.000,25.82,0.37,12.19,17.66,20.5,15045,-41.09,47.0,0.979
2020-05-06T07:22:13.000,25.7,0.43,12.05,17.68,20.5,15046,-41.08,47.0,0.979
2020-05-06T07:23:14.000,25.62,0.51,11.93,17.69,20.5,15047,-41.08,47.0,0.979
2020-05-06T07:24:14.000,25.55,0.71,11.82,17.7,20.5,15048,-41.07,47.0,0.979
2020-05-06T07:25:14.000,25.49,0.56,11.76,17.7,20.5,15049,-41.07,47.0,0.979
2020-05-06T07:26:14.000,25.49,0.57,11.65,17.71,20.5,15050,-41.06,47.0,0.979
2020-05-06T07:27:15.000,25.45,0.53,11.47,17.73,20.5,15051,-41.05,47.0,0.979
2020-05-06T07:28:15.000,25.42,0.58,11.34,17.74,20.5,15052,-41.04,47.0,0.979
2020-05-06T07:29:15.000,25.37,0.36,11.24,17.75,20.5,15053,-41.03,47.0,0.979
2020-05-06T07:30:15.000,25.34,0.31,11.16,17.76,20.5,15054,-41.02,47.0,0.979
2020-05-06T07:31:16.000,25.3,0.21,11.11,17.77,20.5,15055,-41.01,47.0,0.979
2020-05-06T07:32:16.000,25.25,0.25,11.05,17.77,20.5,15056,-40.99,46.0,0.979
2020-05-06T07:33:16.000,25.19,0.28,10.97,17.78,20.5,15057,-40.98,46.0,0.979
2020-05-06T07:34:17.000,25.15,0.25,10.9,17.79,20.5,15058,-40.96,46.0,0.979
2020-05-06T07:36:17.000,25.08,0.44,10.74,17.8,20.5,15060,-40.92,46.0,0.98
2020-05-06T07:37:17.000,25.04,0.4,10.69,17.81,20.5,15061,-40.9,46.0,0.98
2020-05-06T07:38:18.000,24.99,0.14,10.68,17.81,20.5,15062,-40.88,46.0,0.98
2020-05-06T07:39:17.000,24.94,-0.01,10.68,17.81,20.5,15063,-40.86,46.0,0.98
2020-05-06T07:40:18.000,24.81,-0.21,10.67,17.81,20.5,15064,-40.83,46.0,0.98
2020-05-06T07:41:18.000,24.77,0.21,10.62,17.81,20.5,15065,-40.81,46.0,0.98
2020-05-06T07:42:18.000,24.76,0.22,10.55,17.82,20.5,15066,-40.78,45.0,0.98
2020-05-06T07:44:18.000,24.69,0.15,10.46,17.83,20.5,15068,-40.73,45.0,0.98
2020-05-06T07:46:19.000,24.61,0.08,10.45,17.83,20.5,15070,-40.67,45.0,0.98
2020-05-06T07:47:19.000,24.58,0.12,10.42,17.83,20.5,15071,-40.64,45.0,0.98
2020-05-06T07:48:19.000,24.56,0.11,10.39,17.84,20.5,15072,-40.6,45.0,0.98
2020-05-06T07:49:19.000,24.51,0.01,10.34,17.84,20.5,15073,-40.57,45.0,0.98
2020-05-06T07:50:20.000,24.47,0.05,10.27,17.85,20.5,15074,-40.53,45.0,0.98
2020-05-06T07:51:20.000,24.44,-0.07,10.18,17.86,20.5,15075,-40.5,44.0,0.98
2020-05-06T07:52:20.000,24.4,-0.05,10.09,17.87,20.5,15076,-40.46,44.0,0.98
2020-05-06T07:53:20.000,24.37,-0.04,10.01,17.88,20.5,15077,-40.42,44.0,0.98
2020-05-06T07:54:21.000,24.34,0.0,9.92,17.89,20.5,15078,-40.38,44.0,0.98
2020-05-06T07:58:25.000,24.22,-0.15,9.59,17.93,20.5,15082,-40.21,44.0,0.98
2020-05-06T07:59:25.000,24.17,-0.21,9.49,17.94,20.5,15083,-40.16,44.0,0.98
2020-05-06T08:00:26.000,24.1,-0.32,9.38,17.95,20.5,15084,-40.12,43.0,0.98
2020-05-06T08:01:27.000,24.08,-0.19,9.3,17.96,20.5,15085,-40.07,43.0,0.98
2020-05-06T08:02:27.000,24.05,-0.21,9.22,17.97,20.5,15086,-40.02,43.0,0.98
2020-05-06T08:03:27.000,24.01,-0.34,9.14,17.98,20.5,15087,-39.97,43.0,0.98
2020-05-06T08:06:28.000,23.89,-0.29,8.91,18.01,20.5,15090,-39.81,43.0,0.98
2020-05-06T08:07:28.000,23.89,-0.36,8.83,18.01,20.5,15091,-39.76,43.0,0.98
2020-05-06T08:08:28.000,23.87,-0.43,8.79,18.02,20.5,15092,-39.7,42.0,0.98
2020-05-06T08:09:28.000,23.86,-0.43,8.77,18.02,20.5,15093,-39.65,42.0,0.98
2020-05-06T08:10:28.000,23.83,-0.44,8.7,18.03,20.5,15094,-39.59,42.0,0.98
2020-05-06T08:11:28.000,23.81,-0.43,8.63,18.04,20.5,15095,-39.53,42.0,0.98
2020-05-06T08:12:28.000,23.8,-0.46,8.58,18.05,20.5,15096,-39.47,42.0,0.98
2020-05-06T08:13:28.000,23.8,-0.48,8.52,18.05,20.5,15097,-39.41,42.0,0.98
2020-05-06T08:14:28.000,23.78,-0.5,8.48,18.06,20.5,15098,-39.35,42.0,0.98
2020-05-06T08:15:28.000,23.76,-0.54,8.44,18.06,20.5,15099,-39.29,42.0,0.98
2020-05-06T08:39:31.000,23.15,-0.85,7.22,18.23,20.5,15123,-37.47,38.0,0.981
2020-05-06T08:41:31.000,23.08,-0.87,7.16,18.24,20.5,15125,-37.29,38.0,0.981
2020-05-06T08:42:32.000,23.07,-0.87,7.2,18.24,20.5,15126,-37.2,38.0,0.981
2020-05-06T08:43:32.000,23.04,-0.9,7.2,18.24,20.5,15127,-37.11,38.0,0.981
2020-05-06T08:44:32.000,23.03,-0.91,7.16,18.24,20.5,15128,-37.02,37.0,0.981
2020-05-06T08:45:32.000,23.02,-0.93,7.14,18.25,20.5,15129,-36.93,37.0,0.981
2020-05-06T08:46:32.000,23.01,-0.9,7.06,18.26,20.5,15130,-36.83,37.0,0.981
2020-05-06T08:47:33.000,23.01,-0.91,7.06,18.26,20.5,15131,-36.74,37.0,0.981
2020-05-06T08:48:33.000,23.0,-0.87,6.99,18.27,20.5,15132,-36.64,37.0,0.981
2020-05-06T08:49:33.000,22.99,-0.88,6.95,18.28,20.5,15133,-36.55,37.0,0.981
2020-05-06T08:50:34.000,22.95,-0.97,6.94,18.28,20.5,15134,-36.45,36.0,0.981
2020-05-06T08:51:34.000,22.95,-0.83,6.96,18.27,20.5,15135,-36.35,36.0,0.981
2020-05-06T08:52:34.000,22.95,-0.85,6.87,18.19,20.5,15136,-36.25,36.0,0.981
2020-05-06T08:53:34.000,22.96,-0.87,6.83,18.29,20.5,15137,-36.15,36.0,0.981
