Downloads/jupyter/ECSV/stars19/stars19_2021-12.ecsv
# %ECSV 1.0
# ---
# datatype:
# - {name: time, datatype: string}
# - {name: Enclosure Temperature, unit: deg_C, datatype: float64}
# - {name: Sky Temperature, unit: deg_C, datatype: float64}
# - {name: Frequency, unit: Hz, datatype: float64}
# - {name: MSAS, unit: mag / arcsec2, datatype: float64}
# - {name: ZP, datatype: float64}
# - {name: Sequence Number, datatype: int64}
# - {name: Sun Alt, unit: deg, datatype: float64}
# - {name: Moon Alt, unit: deg, datatype: float64}
# - {name: Moon Illumination, datatype: float64}
# delimiter: ','
# meta: !!omap
# - ida:
#     Data supplier: {affiliation: null, observer: null}
#     Device type: TESS-W
#     Field of view: 17.0
#     Filters per channel: None
#     Instrument ID: stars19
#     License: ODbL 1.0 http://opendatacommons.org/licenses/odbl/summary/
#     Local timezone: America/Phoenix
#     Location name: {country: '- Tucson', place: Tucson, region: United States, sub_region: Arizona, town: Pima County}
#     Measurement direction per channel: {azimuth: 0.0, zenital: 0.0}
#     Moving / Fixed look direction: FIXED
#     Moving / Stationary position: STATIONARY
#     Number of channels: 1
#     Number of fields per line: 8
#     Number of header lines: 35
#     Position: {height: 0.0, latitude: 32.223877, longitude: -110.767532}
#     TESS MAC address: 18:FE:34:CF:EC:06
#     TESS cover offset value: 0.0
#     TESS firmware version: '1.0'
#     TESS zero point: 20.5
#     Time Synchronization: timestamp added by MQTT subscriber
#     URL: http://www.darksky.org/NSBM/sdf1.0.pdf
# - __serialized_columns__:
#     Enclosure Temperature:
#       __class__: astropy.units.quantity.Quantity
#       unit: &id001 !astropy.units.Unit {unit: deg_C}
#       value: !astropy.table.SerializedColumn {name: Enclosure Temperature}
#     Frequency:
#       __class__: astropy.units.quantity.Quantity
#       unit: !astropy.units.Unit {unit: Hz}
#       value: !astropy.table.SerializedColumn {name: Frequency}
#     MSAS:
#       __class__: astropy.units.quantity.Quantity
#       unit: !astropy.units.Unit {unit: mag / arcsec2}
#       value: !astropy.table.SerializedColumn {name: MSAS}
#     Moon Alt:
#       __class__: astropy.units.quantity.Quantity
#       unit: &id002 !astropy.units.Unit {unit: deg}
#       value: !astropy.table.SerializedColumn {name: Moon Alt}
#     Sky Temperature:
#       __class__: astropy.units.quantity.Quantity
#       unit: *id001
#       value: !astropy.table.SerializedColumn {name: Sky Temperature}
#     Sun Alt:
#       __class__: astropy.units.quantity.Quantity
#       unit: *id002
#       value: !astropy.table.SerializedColumn {name: Sun Alt}
#     time:
#       __class__: astropy.time.core.Time
#       format: isot
#       in_subfmt: '*'
#       out_subfmt: '*'
#       precision: 3
#       scale: utc
#       value: !astropy.table.SerializedColumn {name: time}
# schema: astropy-2.0
time,Enclosure Temperature,Sky Temperature,Frequency,MSAS,ZP,Sequence Number,Sun Alt,Moon Alt,Moon Illumination
[from data line 12600]
2021-12-14T19:24:35.000,23.06,11.42,0.0,0.0,20.5,319405,34.5,-26.0,0.839
2021-12-14T19:25:34.000,23.19,11.65,0.0,0.0,20.5,319406,34.49,-26.0,0.839
2021-12-14T19:26:35.000,23.27,11.5,0.0,0.0,20.5,319407,34.48,-26.0,0.839
2021-12-14T19:28:35.000,23.29,11.58,0.0,0.0,20.5,319409,34.46,-26.0,0.839
2021-12-14T19:29:35.000,23.4,11.64,0.0,0.0,20.5,319410,34.45,-25.0,0.839
2021-12-14T19:30:35.000,23.45,11.39,0.0,0.0,20.5,319411,34.44,-25.0,0.839
2021-12-14T20:53:43.000,23.68,12.67,0.0,0.0,20.5,319494,29.99,-10.0,0.843
2021-12-14T20:54:43.000,23.61,12.53,0.0,0.0,20.5,319495,29.9,-10.0,0.843
2021-12-14T20:55:43.000,23.55,12.52,0.0,0.0,20.5,319496,29.8,-9.0,0.843
2021-12-14T20:57:49.000,23.53,12.54,0.0,0.0,20.5,319498,29.61,-9.0,0.843
2021-12-14T20:58:49.000,23.51,12.63,0.0,0.0,20.5,319499,29.51,-9.0,0.843
2021-12-14T20:59:49.000,23.54,12.92,0.0,0.0,20.5,319500,29.42,-9.0,0.844
2021-12-14T21:01:50.000,23.54,12.69,0.0,0.0,20.5,319502,29.22,-8.0,0.844
2021-12-14T21:02:50.000,23.43,12.82,0.0,0.0,20.5,319503,29.13,-8.0,0.844
2021-12-14T21:03:50.000,23.33,12.64,0.0,0.0,20.5,319504,29.03,-8.0,0.844
2021-12-14T21:05:50.000,23.17,12.9,0.0,0.0,20.5,319506,28.83,-7.0,0.844
2021-12-14T21:06:50.000,23.06,12.64,0.0,0.0,20.5,319507,28.73,-7.0,0.844
2021-12-14T21:07:50.000,23.0,12.81,0.0,0.0,20.5,319508,28.62,-7.0,0.844
2021-12-14T21:40:56.000,23.47,13.37,0.0,0.0,20.5,319541,24.85,-0.0,0.845
2021-12-14T21:41:56.000,23.54,13.31,0.0,0.0,20.5,319542,24.73,-0.0,0.846
2021-12-14T21:42:56.000,23.53,13.22,0.0,0.0,20.5,319543,24.6,-0.0,0.846
2021-12-14T21:45:02.000,23.56,13.35,0.0,0.0,20.5,319545,24.34,0.0,0.846
2021-12-14T21:46:02.000,23.56,13.28,0.0,0.0,20.5,319546,24.21,1.0,0.846
2021-12-14T21:47:02.000,23.57,13.42,0.0,0.0,20.5,319547,24.08,1.0,0.846
2021-12-14T21:50:02.000,23.57,13.5,0.0,0.0,20.5,319550,23.69,1.0,0.846
2021-12-14T21:51:02.000,23.58,13.48,0.0,0.0,20.5,319551,23.56,2.0,0.846
2021-12-14T21:52:02.000,23.55,13.43,0.0,0.0,20.5,319552,23.43,2.0,0.846
2021-12-14T21:54:07.000,23.54,13.51,0.0,0.0,20.5,319554,23.15,2.0,0.846
2021-12-14T21:55:08.000,23.5,13.32,0.0,0.0,20.5,319555,23.02,2.0,0.846
2021-12-14T21:56:08.000,23.41,13.28,0.0,0.0,20.5,319556,22.88,3.0,0.846
2021-12-14T21:57:08.000,23.36,13.31,0.0,0.0,20.5,319557,22.75,3.0,0.846
2021-12-14T21:59:09.000,23.3,13.41,0.0,0.0,20.5,319559,22.47,3.0,0.846
2021-12-14T22:17:15.000,22.61,12.74,0.0,0.0,20.5,319577,19.92,7.0,0.847
2021-12-14T22:25:16.000,23.18,12.19,0.0,0.0,20.5,319585,18.74,9.0,0.848
2021-12-14T22:26:16.000,23.22,11.94,0.0,0.0,20.5,319586,18.59,9.0,0.848
2021-12-14T22:27:16.000,23.22,12.09,0.0,0.0,20.5,319587,18.44,9.0,0.848
2021-12-14T22:28:17.000,23.25,12.5,0.0,0.0,20.5,319588,18.29,9.0,0.848
2021-12-14T22:29:17.000,23.3,12.76,0.0,0.0,20.5,319589,18.14,9.0,0.848
2021-12-14T22:30:17.000,23.35,12.8,0.0,0.0,20.5,319590,17.98,10.0,0.848
2021-12-14T22:32:22.000,23.39,13.08,0.0,0.0,20.5,319592,17.67,10.0,0.848
2021-12-14T22:33:22.000,23.42,13.26,0.0,0.0,20.5,319593,17.51,10.0,0.848
2021-12-14T22:34:22.000,23.49,13.31,0.0,0.0,20.5,319594,17.36,10.0,0.848
2021-12-14T22:55:24.000,23.21,12.75,0.0,0.0,20.5,319615,14.03,15.0,0.849
2021-12-14T22:56:24.000,23.24,13.1,0.0,0.0,20.5,319616,13.87,15.0,0.849
2021-12-14T22:57:25.000,23.3,13.21,0.0,0.0,20.5,319617,13.7,15.0,0.849
2021-12-14T22:59:26.000,23.41,13.11,0.0,0.0,20.5,319619,13.37,16.0,0.849
2021-12-14T23:00:26.000,23.4,13.08,0.0,0.0,20.5,319620,13.21,16.0,0.849
2021-12-14T23:01:26.000,23.43,12.96,0.0,0.0,20.5,319621,13.04,16.0,0.849
2021-12-14T23:19:28.000,23.41,13.0,0.0,0.0,20.5,319639,10.01,20.0,0.85
2021-12-14T23:20:28.000,23.37,12.77,0.0,0.0,20.5,319640,9.83,20.0,0.85
2021-12-14T23:21:29.000,23.35,12.83,0.0,0.0,20.5,319641,9.66,20.0,0.85
2021-12-14T23:25:29.000,23.4,13.04,0.0,0.0,20.5,319645,8.97,21.0,0.85
2021-12-14T23:26:30.000,23.38,12.99,0.0,0.0,20.5,319646,8.79,21.0,0.851
2021-12-14T23:27:30.000,23.37,13.02,0.0,0.0,20.5,319647,8.62,21.0,0.851
2021-12-14T23:58:33.000,23.54,11.38,0.0,0.0,20.5,319678,3.07,28.0,0.852
2021-12-14T23:59:33.000,23.5,11.3,0.0,0.0,20.5,319679,2.89,28.0,0.852
2021-12-15T00:00:33.000,23.51,11.63,0.0,0.0,20.5,319680,2.7,28.0,0.852
2021-12-15T00:01:33.000,23.54,11.97,0.22,0.09,20.5,319681,2.52,29.0,0.852
2021-12-15T00:02:33.000,23.58,12.03,0.41,0.18,20.5,319682,2.34,29.0,0.852
2021-12-15T00:03:33.000,23.58,11.25,0.0,0.0,20.5,319683,2.15,29.0,0.852
2021-12-15T00:04:33.000,23.54,10.48,0.0,0.0,20.5,319684,1.97,29.0,0.852
2021-12-15T00:05:33.000,23.53,9.88,0.0,0.0,20.5,319685,1.78,29.0,0.852
2021-12-15T00:17:34.000,23.0,5.9,0.0,0.0,20.5,319697,-0.45,32.0,0.853
2021-12-15T00:18:34.000,22.95,5.76,0.0,0.0,20.5,319698,-0.64,32.0,0.853
2021-12-15T00:19:34.000,22.91,5.92,0.0,0.0,20.5,319699,-0.83,32.0,0.853
2021-12-15T00:21:35.000,22.82,6.39,0.0,0.0,20.5,319701,-1.21,33.0,0.853
2021-12-15T00:22:35.000,22.79,6.63,0.0,0.0,20.5,319702,-1.4,33.0,0.853
2021-12-15T00:23:35.000,22.7,6.9,0.0,0.0,20.5,319703,-1.59,33.0,0.853
2021-12-15T00:25:36.000,22.65,8.16,0.0,0.0,20.5,319705,-1.97,34.0,0.853
2021-12-15T00:26:36.000,22.63,8.27,0.0,0.0,20.5,319706,-2.16,34.0,0.853
2021-12-15T00:27:36.000,22.62,7.77,0.0,0.0,20.5,319707,-2.35,34.0,0.853
2021-12-15T00:28:36.000,22.61,6.72,35407.44,4.82,20.5,319708,-2.54,34.0,0.853
2021-12-15T00:29:36.000,22.55,5.9,54110.73,8.55,20.5,319709,-2.73,34.0,0.853
2021-12-15T00:30:36.000,22.5,6.41,44782.65,8.75,20.5,319710,-2.92,35.0,0.854
2021-12-15T00:31:36.000,22.49,7.28,37070.34,8.96,20.5,319711,-3.11,35.0,0.854
2021-12-15T00:32:36.000,22.46,7.04,28950.27,9.32,20.5,319712,-3.3,35.0,0.854
2021-12-15T00:33:36.000,22.36,6.8,22680.62,9.49,20.5,319713,-3.49,35.0,0.854
2021-12-15T00:34:36.000,22.34,6.96,16770.11,9.82,20.5,319714,-3.68,35.0,0.854
2021-12-15T00:35:36.000,22.35,6.76,12221.66,10.17,20.5,319715,-3.87,36.0,0.854
2021-12-15T00:36:36.000,22.34,6.35,9830.0,10.4,20.5,319716,-4.06,36.0,0.854
2021-12-15T00:37:36.000,22.28,6.06,7911.44,10.64,20.5,319717,-4.25,36.0,0.854
2021-12-15T00:38:36.000,22.21,5.89,6099.12,10.92,20.5,319718,-4.45,36.0,0.854
2021-12-15T00:39:37.000,22.16,5.36,4715.16,11.2,20.5,319719,-4.64,36.0,0.854
2021-12-15T00:40:37.000,22.07,4.99,3760.87,11.44,20.5,319720,-4.83,37.0,0.854
2021-12-15T00:41:37.000,21.92,4.42,3140.13,11.64,20.5,319721,-5.03,37.0,0.854
2021-12-15T00:42:37.000,21.81,4.36,2503.57,11.89,20.5,319722,-5.22,37.0,0.854
2021-12-15T00:43:37.000,21.72,3.87,1873.39,12.2,20.5,319723,-5.41,37.0,0.854
2021-12-15T00:45:38.000,21.63,3.43,973.87,12.91,20.5,319725,-5.8,38.0,0.854
2021-12-15T00:46:38.000,21.57,3.08,692.85,13.28,20.5,319726,-5.99,38.0,0.854
2021-12-15T00:47:38.000,21.5,2.84,496.72,13.64,20.5,319727,-6.19,38.0,0.854
2021-12-15T00:49:38.000,21.36,2.32,285.87,14.24,20.5,319729,-6.58,39.0,0.854
2021-12-15T00:50:38.000,21.29,2.47,230.56,14.47,20.5,319730,-6.77,39.0,0.854
2021-12-15T00:51:38.000,21.23,2.84,191.15,14.68,20.5,319731,-6.96,39.0,0.855
2021-12-15T00:52:38.000,21.17,3.7,154.92,14.91,20.5,319732,-7.16,39.0,0.855
2021-12-15T00:53:38.000,21.14,4.64,142.34,15.0,20.5,319733,-7.35,39.0,0.855
2021-12-15T00:54:38.000,21.1,5.37,141.71,15.0,20.5,319734,-7.55,40.0,0.855
2021-12-15T00:55:38.000,21.07,5.51,118.45,15.2,20.5,319735,-7.74,40.0,0.855
2021-12-15T00:56:39.000,21.06,5.24,86.23,15.55,20.5,319736,-7.94,40.0,0.855
2021-12-15T00:57:39.000,21.06,4.87,65.75,15.84,20.5,319737,-8.14,40.0,0.855
2021-12-15T00:58:39.000,21.06,4.7,56.55,16.0,20.5,319738,-8.33,40.0,0.855
2021-12-15T00:59:39.000,21.01,4.59,47.82,16.18,20.5,319739,-8.53,41.0,0.855
2021-12-15T01:00:39.000,20.98,4.73,43.74,16.28,20.5,319740,-8.72,41.0,0.855
2021-12-15T01:01:39.000,20.98,4.9,39.74,16.38,20.5,319741,-8.92,41.0,0.855
2021-12-15T01:02:39.000,20.99,5.23,39.39,16.39,20.5,319742,-9.12,41.0,0.855
2021-12-15T01:03:39.000,20.97,5.29,32.95,16.59,20.5,319743,-9.31,41.0,0.855
2021-12-15T01:04:39.000,20.98,5.24,30.21,16.68,20.5,319744,-9.51,42.0,0.855
2021-12-15T01:05:39.000,20.98,5.18,28.16,16.76,20.5,319745,-9.71,42.0,0.855
2021-12-15T01:06:39.000,20.96,4.95,23.27,16.96,20.5,319746,-9.9,42.0,0.855
2021-12-15T01:07:39.000,20.92,4.77,22.4,17.0,20.5,319747,-10.1,42.0,0.855
2021-12-15T01:08:39.000,20.88,4.84,21.6,17.05,20.5,319748,-10.3,42.0,0.855
2021-12-15T01:09:39.000,20.81,4.8,20.82,17.08,20.5,319749,-10.49,43.0,0.855
2021-12-15T01:10:39.000,20.8,4.88,20.02,17.13,20.5,319750,-10.69,43.0,0.855
2021-12-15T01:11:39.000,20.8,4.72,18.7,17.2,20.5,319751,-10.89,43.0,0.855
2021-12-15T01:12:39.000,20.76,4.13,17.04,17.3,20.5,319752,-11.09,43.0,0.855
2021-12-15T01:13:40.000,20.73,3.92,15.21,17.43,20.5,319753,-11.29,43.0,0.856
2021-12-15T01:14:40.000,20.69,4.15,15.78,17.39,20.5,319754,-11.49,44.0,0.856
2021-12-15T01:15:40.000,20.56,4.86,16.69,17.32,20.5,319755,-11.68,44.0,0.856
2021-12-15T01:16:40.000,20.59,5.08,15.79,17.38,20.5,319756,-11.88,44.0,0.856
2021-12-15T01:17:40.000,20.56,4.66,13.76,17.53,20.5,319757,-12.08,44.0,0.856
2021-12-15T01:18:40.000,20.54,4.11,12.33,17.65,20.5,319758,-12.28,44.0,0.856
2021-12-15T01:19:40.000,20.52,3.85,12.03,17.68,20.5,319759,-12.48,45.0,0.856
2021-12-15T01:20:40.000,20.47,4.13,14.34,17.49,20.5,319760,-12.68,45.0,0.856
2021-12-15T01:21:40.000,20.45,4.33,14.88,17.45,20.5,319761,-12.88,45.0,0.856
2021-12-15T01:22:40.000,20.42,3.75,12.19,17.67,20.5,319762,-13.08,45.0,0.856
2021-12-15T01:23:40.000,20.39,3.05,11.15,17.76,20.5,319763,-13.28,45.0,0.856
2021-12-15T01:24:40.000,20.31,2.93,11.25,17.75,20.5,319764,-13.48,46.0,0.856
2021-12-15T01:25:40.000,20.24,3.36,11.81,17.7,20.5,319765,-13.68,46.0,0.856
2021-12-15T01:26:40.000,20.18,3.63,13.06,17.59,20.5,319766,-13.87,46.0,0.856
2021-12-15T01:27:40.000,20.14,3.34,14.11,17.51,20.5,319767,-14.07,46.0,0.856
2021-12-15T01:28:40.000,20.09,2.3,13.4,17.56,20.5,319768,-14.28,46.0,0.856
2021-12-15T01:29:40.000,20.02,1.66,12.39,17.65,20.5,319769,-14.48,47.0,0.856
2021-12-15T01:30:41.000,19.93,1.15,10.85,17.79,20.5,319770,-14.68,47.0,0.856
2021-12-15T01:31:41.000,19.88,0.57,9.42,17.95,20.5,319771,-14.88,47.0,0.856
2021-12-15T01:32:41.000,19.81,0.27,8.98,18.0,20.5,319772,-15.08,47.0,0.856
2021-12-15T01:33:41.000,19.73,0.15,9.33,17.96,20.5,319773,-15.28,47.0,0.856
2021-12-15T01:34:41.000,19.67,-0.01,9.39,17.95,20.5,319774,-15.48,48.0,0.857
2021-12-15T01:35:41.000,19.6,-0.15,9.05,17.99,20.5,319775,-15.68,48.0,0.857
2021-12-15T01:36:41.000,19.53,-0.22,8.96,18.0,20.5,319776,-15.88,48.0,0.857
2021-12-15T01:37:41.000,19.47,-0.31,9.22,17.97,20.5,319777,-16.09,48.0,0.857
2021-12-15T01:38:41.000,19.4,-0.25,9.46,17.94,20.5,319778,-16.29,48.0,0.857
2021-12-15T01:39:42.000,19.36,-0.35,9.88,17.89,20.5,319779,-16.49,49.0,0.857
2021-12-15T01:42:42.000,19.12,-0.78,10.81,17.8,20.5,319782,-17.1,49.0,0.857
2021-12-15T01:43:42.000,18.98,-0.41,10.73,17.8,20.5,319783,-17.3,49.0,0.857
2021-12-15T01:44:43.000,18.98,-0.22,10.27,17.85,20.5,319784,-17.51,50.0,0.857
2021-12-15T01:45:42.000,18.95,-0.42,10.23,17.86,20.5,319785,-17.7,50.0,0.857
2021-12-15T01:46:42.000,18.9,-0.63,10.23,17.86,20.5,319786,-17.91,50.0,0.857
2021-12-15T01:47:42.000,18.86,-0.7,9.65,17.92,20.5,319787,-18.11,50.0,0.857
2021-12-15T01:48:42.000,18.83,-0.82,9.39,17.95,20.5,319788,-18.31,50.0,0.857
2021-12-15T01:49:43.000,18.8,-0.87,9.39,17.95,20.5,319789,-18.52,51.0,0.857
2021-12-15T01:50:43.000,18.76,-0.93,9.58,17.93,20.5,319790,-18.72,51.0,0.857
2021-12-15T01:51:43.000,18.72,-0.86,9.66,17.92,20.5,319791,-18.92,51.0,0.857
2021-12-15T01:52:43.000,18.65,-0.87,9.96,17.88,20.5,319792,-19.13,51.0,0.857
2021-12-15T01:53:43.000,18.62,-0.69,10.06,17.87,20.5,319793,-19.33,51.0,0.857
2021-12-15T01:54:43.000,18.62,-0.49,10.65,17.81,20.5,319794,-19.53,52.0,0.857
2021-12-15T01:55:43.000,18.59,-0.47,11.06,17.77,20.5,319795,-19.74,52.0,0.857
2021-12-15T01:56:43.000,18.47,-0.08,13.43,17.56,20.5,319796,-19.94,52.0,0.858
2021-12-15T01:57:43.000,18.46,0.55,13.57,17.55,20.5,319797,-20.15,52.0,0.858
2021-12-15T01:58:43.000,18.48,0.97,13.78,17.54,20.5,319798,-20.35,52.0,0.858
2021-12-15T01:59:43.000,18.49,2.56,16.24,17.36,20.5,319799,-20.55,53.0,0.858
2021-12-15T02:00:43.000,18.5,4.2,21.45,17.06,20.5,319800,-20.76,53.0,0.858
2021-12-15T02:01:43.000,18.52,5.65,27.27,16.79,20.5,319801,-20.96,53.0,0.858
2021-12-15T02:02:43.000,18.55,7.55,27.47,16.78,20.5,319802,-21.17,53.0,0.858
2021-12-15T02:03:43.000,18.63,8.5,27.39,16.79,20.5,319803,-21.37,53.0,0.858
2021-12-15T02:04:43.000,18.73,8.89,28.16,16.76,20.5,319804,-21.57,54.0,0.858
2021-12-15T02:05:44.000,18.83,9.13,27.96,16.76,20.5,319805,-21.78,54.0,0.858
2021-12-15T02:06:44.000,18.88,9.07,28.17,16.76,20.5,319806,-21.99,54.0,0.858
2021-12-15T02:07:44.000,18.88,9.11,26.74,16.81,20.5,319807,-22.19,54.0,0.858
2021-12-15T02:08:44.000,18.99,9.23,27.25,16.79,20.5,319808,-22.4,54.0,0.858
2021-12-15T02:09:44.000,19.03,9.11,28.27,16.75,20.5,319809,-22.6,54.0,0.858
2021-12-15T02:10:44.000,19.07,9.14,27.08,16.8,20.5,319810,-22.81,55.0,0.858
2021-12-15T02:11:44.000,19.15,8.79,25.7,16.86,20.5,319811,-23.01,55.0,0.858
2021-12-15T02:12:44.000,19.17,8.3,26.24,16.83,20.5,319812,-23.22,55.0,0.858
2021-12-15T02:13:44.000,19.2,7.82,25.79,16.85,20.5,319813,-23.42,55.0,0.858
2021-12-15T02:14:44.000,19.24,7.2,25.19,16.88,20.5,319814,-23.63,55.0,0.858
2021-12-15T02:15:44.000,19.28,6.15,23.98,16.93,20.5,319815,-23.83,56.0,0.858
2021-12-15T02:16:44.000,19.27,4.81,19.26,17.17,20.5,319816,-24.04,56.0,0.858
2021-12-15T02:17:44.000,19.21,3.25,16.62,17.33,20.5,319817,-24.25,56.0,0.859
2021-12-15T02:18:44.000,19.18,1.87,12.86,17.61,20.5,319818,-24.45,56.0,0.859
2021-12-15T02:19:44.000,19.13,1.07,13.41,17.57,20.5,319819,-24.66,56.0,0.859
2021-12-15T02:20:44.000,19.05,0.8,14.02,17.52,20.5,319820,-24.86,56.0,0.859
2021-12-15T02:21:44.000,18.99,0.99,15.89,17.38,20.5,319821,-25.07,57.0,0.859
2021-12-15T02:22:45.000,18.97,1.11,16.66,17.33,20.5,319822,-25.28,57.0,0.859
2021-12-15T02:23:45.000,18.95,0.95,16.12,17.36,20.5,319823,-25.49,57.0,0.859
2021-12-15T02:24:45.000,18.91,0.85,15.07,17.44,20.5,319824,-25.69,57.0,0.859
2021-12-15T02:25:45.000,18.85,0.78,14.4,17.49,20.5,319825,-25.9,57.0,0.859
2021-12-15T02:26:45.000,18.82,1.19,15.71,17.39,20.5,319826,-26.11,58.0,0.859
2021-12-15T02:27:45.000,18.8,1.87,15.79,17.38,20.5,319827,-26.31,58.0,0.859
2021-12-15T02:28:45.000,18.8,2.89,18.1,17.24,20.5,319828,-26.52,58.0,0.859
2021-12-15T02:29:45.000,18.8,3.77,20.52,17.1,20.5,319829,-26.73,58.0,0.859
2021-12-15T02:30:45.000,18.79,3.97,21.6,17.04,20.5,319830,-26.93,58.0,0.859
2021-12-15T02:31:45.000,18.8,3.15,19.47,17.16,20.5,319831,-27.14,58.0,0.859
2021-12-15T02:32:45.000,18.73,2.33,19.36,17.17,20.5,319832,-27.35,59.0,0.859
2021-12-15T02:33:45.000,18.7,2.04,21.31,17.06,20.5,319833,-27.55,59.0,0.859
2021-12-15T02:34:45.000,18.67,1.77,21.64,17.04,20.5,319834,-27.76,59.0,0.859
2021-12-15T02:35:45.000,18.64,1.8,22.4,17.0,20.5,319835,-27.97,59.0,0.859
2021-12-15T02:36:45.000,18.63,1.77,22.37,17.01,20.5,319836,-28.18,59.0,0.859
2021-12-15T02:37:45.000,18.6,1.53,21.21,17.07,20.5,319837,-28.38,60.0,0.859
2021-12-15T02:39:51.000,18.57,0.85,16.12,17.37,20.5,319839,-28.82,60.0,0.86
2021-12-15T02:40:51.000,18.55,0.54,14.14,17.5,20.5,319840,-29.03,60.0,0.86
2021-12-15T02:41:51.000,18.51,0.39,15.7,17.39,20.5,319841,-29.24,60.0,0.86
2021-12-15T02:43:51.000,18.43,-0.09,15.96,17.38,20.5,319843,-29.65,61.0,0.86
2021-12-15T02:44:52.000,18.4,-0.05,17.72,17.26,20.5,319844,-29.86,61.0,0.86
2021-12-15T02:45:52.000,18.38,-0.09,16.53,17.34,20.5,319845,-30.07,61.0,0.86
2021-12-15T02:46:52.000,18.35,0.02,21.19,17.06,20.5,319846,-30.28,61.0,0.86
2021-12-15T02:47:52.000,18.34,0.26,22.82,16.98,20.5,319847,-30.49,61.0,0.86
2021-12-15T02:48:52.000,18.33,0.32,25.03,16.88,20.5,319848,-30.7,61.0,0.86
2021-12-15T02:49:52.000,18.3,0.44,26.61,16.82,20.5,319849,-30.9,62.0,0.86
2021-12-15T02:50:52.000,18.28,0.55,24.42,16.91,20.5,319850,-31.11,62.0,0.86
2021-12-15T02:51:52.000,18.26,0.76,25.26,16.87,20.5,319851,-31.32,62.0,0.86
2021-12-15T02:52:52.000,18.24,0.53,22.64,17.0,20.5,319852,-31.53,62.0,0.86
2021-12-15T02:53:52.000,18.19,0.48,17.83,17.26,20.5,319853,-31.74,62.0,0.86
2021-12-15T02:54:52.000,18.17,0.64,15.36,17.42,20.5,319854,-31.95,62.0,0.86
2021-12-15T02:55:53.000,18.15,1.33,22.44,17.02,20.5,319855,-32.16,63.0,0.86
