Downloads/jupyter/ECSV/stars19/stars19_2022-04.ecsv
# %ECSV 1.0
# ---
# datatype:
# - {name: time, datatype: string}
# - {name: Enclosure Temperature, unit: deg_C, datatype: float64}
# - {name: Sky Temperature, unit: deg_C, datatype: float64}
# - {name: Frequency, unit: Hz, datatype: float64}
# - {name: MSAS, unit: mag / arcsec2, datatype: float64}
# - {name: ZP, datatype: float64}
# - {name: Sequence Number, datatype: int64}
# - {name: Sun Alt, unit: deg, datatype: float64}
# - {name: Moon Alt, unit: deg, datatype: float64}
# - {name: Moon Illumination, datatype: float64}
# delimiter: ','
# meta: !!omap
# - ida:
#     Data supplier: {affiliation: null, observer: null}
#     Device type: TESS-W
#     Field of view: 17.0
#     Filters per channel: None
#     Instrument ID: stars19
#     License: ODbL 1.0 http://opendatacommons.org/licenses/odbl/summary/
#     Local timezone: America/Phoenix
#     Location name: {country: '- Tucson', place: Tucson, region: United States, sub_region: Arizona, town: Pima County}
#     Measurement direction per channel: {azimuth: 0.0, zenital: 0.0}
#     Moving / Fixed look direction: FIXED
#     Moving / Stationary position: STATIONARY
#     Number of channels: 1
#     Number of fields per line: 8
#     Number of header lines: 35
#     Position: {height: 0.0, latitude: 32.223877, longitude: -110.767532}
#     TESS MAC address: 18:FE:34:CF:EC:06
#     TESS cover offset value: 0.0
#     TESS firmware version: '1.0'
#     TESS zero point: 20.5
#     Time Synchronization: timestamp added by MQTT subscriber
#     URL: http://www.darksky.org/NSBM/sdf1.0.pdf
# - __serialized_columns__:
#     Enclosure Temperature:
#       __class__: astropy.units.quantity.Quantity
#       unit: &id001 !astropy.units.Unit {unit: deg_C}
#       value: !astropy.table.SerializedColumn {name: Enclosure Temperature}
#     Frequency:
#       __class__: astropy.units.quantity.Quantity
#       unit: !astropy.units.Unit {unit: Hz}
#       value: !astropy.table.SerializedColumn {name: Frequency}
#     MSAS:
#       __class__: astropy.units.quantity.Quantity
#       unit: !astropy.units.Unit {unit: mag / arcsec2}
#       value: !astropy.table.SerializedColumn {name: MSAS}
#     Moon Alt:
#       __class__: astropy.units.quantity.Quantity
#       unit: &id002 !astropy.units.Unit {unit: deg}
#       value: !astropy.table.SerializedColumn {name: Moon Alt}
#     Sky Temperature:
#       __class__: astropy.units.quantity.Quantity
#       unit: *id001
#       value: !astropy.table.SerializedColumn {name: Sky Temperature}
#     Sun Alt:
#       __class__: astropy.units.quantity.Quantity
#       unit: *id002
#       value: !astropy.table.SerializedColumn {name: Sun Alt}
#     time:
#       __class__: astropy.time.core.Time
#       format: isot
#       in_subfmt: '*'
#       out_subfmt: '*'
#       precision: 3
#       scale: utc
#       value: !astropy.table.SerializedColumn {name: time}
# schema: astropy-2.0
time,Enclosure Temperature,Sky Temperature,Frequency,MSAS,ZP,Sequence Number,Sun Alt,Moon Alt,Moon Illumination
[from data line 6245]
2022-04-08T07:40:10.000,23.06,-5.62,1.15,20.23,20.5,78029,-50.38,4.0,0.41
2022-04-08T07:41:09.000,23.09,-5.78,1.15,20.23,20.5,78030,-50.35,4.0,0.411
2022-04-08T07:42:10.000,23.07,-5.98,1.14,20.23,20.5,78031,-50.33,4.0,0.411
2022-04-08T07:43:10.000,23.07,-5.78,1.14,20.24,20.5,78032,-50.3,3.0,0.411
2022-04-08T07:44:10.000,23.04,-6.01,1.14,20.24,20.5,78033,-50.28,3.0,0.411
2022-04-08T07:45:10.000,23.03,-5.82,1.13,20.24,20.5,78034,-50.25,3.0,0.411
2022-04-08T07:46:10.000,23.02,-5.87,1.13,20.25,20.5,78035,-50.22,3.0,0.411
2022-04-08T07:47:10.000,23.04,-5.79,1.13,20.25,20.5,78036,-50.19,3.0,0.411
2022-04-08T07:48:11.000,23.08,-5.76,1.13,20.25,20.5,78037,-50.15,3.0,0.411
2022-04-08T07:49:10.000,23.01,-6.02,1.12,20.25,20.5,78038,-50.12,2.0,0.411
2022-04-08T07:50:10.000,23.04,-5.76,1.12,20.26,20.5,78039,-50.09,2.0,0.411
2022-04-08T07:51:11.000,23.06,-5.82,1.12,20.26,20.5,78040,-50.05,2.0,0.411
2022-04-08T07:52:11.000,23.06,-5.92,1.12,20.26,20.5,78041,-50.01,2.0,0.411
2022-04-08T07:53:11.000,23.06,-5.96,1.12,20.26,20.5,78042,-49.97,2.0,0.411
2022-04-08T07:54:11.000,23.04,-5.93,1.11,20.26,20.5,78043,-49.93,2.0,0.411
2022-04-08T07:55:11.000,23.02,-5.98,1.11,20.27,20.5,78044,-49.89,1.0,0.411
2022-04-08T07:58:11.000,23.06,-5.88,1.11,20.27,20.5,78047,-49.75,1.0,0.412
2022-04-08T07:59:12.000,23.02,-6.08,1.1,20.27,20.5,78048,-49.7,1.0,0.412
2022-04-08T08:00:12.000,22.99,-6.0,1.1,20.27,20.5,78049,-49.65,0.0,0.412
2022-04-08T08:01:12.000,22.96,-6.05,1.1,20.28,20.5,78050,-49.6,0.0,0.412
2022-04-08T08:02:12.000,22.96,-6.02,1.09,20.28,20.5,78051,-49.55,0.0,0.412
2022-04-08T08:03:12.000,22.95,-6.07,1.09,20.28,20.5,78052,-49.5,-0.0,0.412
2022-04-08T08:04:14.000,22.91,-6.18,1.09,20.28,20.5,78053,-49.44,-0.0,0.412
2022-04-08T08:09:15.000,22.84,-6.13,1.08,20.29,20.5,78058,-49.15,-1.0,0.412
2022-04-08T08:10:16.000,22.82,-6.07,1.08,20.29,20.5,78059,-49.08,-1.0,0.412
2022-04-08T08:11:16.000,22.81,-5.99,1.08,20.29,20.5,78060,-49.02,-1.0,0.412
2022-04-08T08:12:16.000,22.83,-5.95,1.08,20.29,20.5,78061,-48.96,-2.0,0.413
2022-04-08T08:13:16.000,22.86,-5.89,1.08,20.29,20.5,78062,-48.89,-2.0,0.413
2022-04-08T08:14:16.000,22.87,-5.94,1.08,20.3,20.5,78063,-48.82,-2.0,0.413
2022-04-08T08:15:16.000,22.89,-5.86,1.08,20.3,20.5,78064,-48.75,-2.0,0.413
2022-04-08T08:16:16.000,22.89,-5.84,1.08,20.3,20.5,78065,-48.68,-2.0,0.413
2022-04-08T08:17:16.000,22.91,-5.86,1.08,20.3,20.5,78066,-48.61,-2.0,0.413
2022-04-08T08:18:17.000,22.95,-5.8,1.08,20.3,20.5,78067,-48.54,-3.0,0.413
2022-04-08T08:19:17.000,22.98,-6.02,1.07,20.3,20.5,78068,-48.46,-3.0,0.413
2022-04-08T08:20:17.000,22.97,-6.1,1.07,20.3,20.5,78069,-48.39,-3.0,0.413
2022-04-08T08:21:17.000,22.95,-6.07,1.07,20.31,20.5,78070,-48.31,-3.0,0.413
2022-04-08T08:22:17.000,22.97,-5.98,1.07,20.31,20.5,78071,-48.23,-3.0,0.413
2022-04-08T08:23:17.000,22.94,-6.11,1.07,20.31,20.5,78072,-48.16,-4.0,0.413
2022-04-08T08:24:17.000,22.93,-6.03,1.07,20.31,20.5,78073,-48.08,-4.0,0.413
2022-04-08T08:25:17.000,22.96,-6.06,1.07,20.31,20.5,78074,-47.99,-4.0,0.413
2022-04-08T08:26:17.000,22.95,-6.17,1.07,20.31,20.5,78075,-47.91,-4.0,0.413
2022-04-08T08:27:17.000,22.94,-6.09,1.07,20.31,20.5,78076,-47.83,-4.0,0.413
2022-04-08T08:28:18.000,22.92,-6.1,1.07,20.31,20.5,78077,-47.74,-4.0,0.414
2022-04-08T08:29:25.000,22.97,-6.04,1.07,20.31,20.5,78078,-47.65,-5.0,0.414
2022-04-08T08:32:25.000,22.92,-5.97,1.07,20.31,20.5,78081,-47.38,-5.0,0.414
2022-04-08T08:33:25.000,22.94,-6.02,1.07,20.31,20.5,78082,-47.29,-5.0,0.414
2022-04-08T08:34:26.000,22.99,-5.92,1.07,20.3,20.5,78083,-47.2,-5.0,0.414
2022-04-08T08:36:26.000,22.96,-5.97,1.07,20.31,20.5,78085,-47.01,-6.0,0.414
2022-04-08T08:37:26.000,23.0,-5.98,1.07,20.31,20.5,78086,-46.91,-6.0,0.414
2022-04-08T08:38:26.000,22.99,-6.09,1.07,20.3,20.5,78087,-46.82,-6.0,0.414
2022-04-08T08:39:26.000,22.99,-6.05,1.07,20.31,20.5,78088,-46.72,-6.0,0.414
2022-04-08T08:40:26.000,22.97,-6.05,1.07,20.31,20.5,78089,-46.62,-6.0,0.414
2022-04-08T08:41:26.000,23.0,-6.07,1.07,20.31,20.5,78090,-46.52,-7.0,0.414
2022-04-08T08:42:26.000,23.03,-6.03,1.07,20.31,20.5,78091,-46.42,-7.0,0.414
2022-04-08T08:43:26.000,23.06,-6.05,1.07,20.31,20.5,78092,-46.32,-7.0,0.415
2022-04-08T08:44:26.000,23.07,-6.13,1.07,20.31,20.5,78093,-46.22,-7.0,0.415
2022-04-08T08:45:27.000,23.05,-6.16,1.07,20.3,20.5,78094,-46.11,-7.0,0.415
2022-04-08T08:46:26.000,23.04,-6.28,1.07,20.31,20.5,78095,-46.01,-7.0,0.415
2022-04-08T08:47:27.000,23.04,-6.28,1.07,20.31,20.5,78096,-45.9,-7.0,0.415
2022-04-08T08:48:27.000,23.0,-6.26,1.07,20.31,20.5,78097,-45.79,-8.0,0.415
2022-04-08T08:49:27.000,23.03,-6.26,1.07,20.3,20.5,78098,-45.69,-8.0,0.415
2022-04-08T08:50:27.000,23.01,-6.32,1.07,20.31,20.5,78099,-45.58,-8.0,0.415
2022-04-08T08:51:27.000,23.03,-6.34,1.07,20.31,20.5,78100,-45.47,-8.0,0.415
2022-04-08T08:52:27.000,23.02,-6.39,1.07,20.31,20.5,78101,-45.36,-8.0,0.415
2022-04-08T08:53:27.000,22.96,-6.57,1.07,20.31,20.5,78102,-45.24,-8.0,0.415
2022-04-08T08:55:32.000,22.82,-6.6,1.07,20.31,20.5,78104,-45.01,-9.0,0.415
2022-04-08T08:56:33.000,22.78,-6.66,1.07,20.31,20.5,78105,-44.89,-9.0,0.415
2022-04-08T08:57:32.000,22.7,-6.58,1.07,20.3,20.5,78106,-44.78,-9.0,0.415
2022-04-08T08:58:32.000,22.66,-6.65,1.07,20.3,20.5,78107,-44.66,-9.0,0.416
2022-04-08T08:59:33.000,22.65,-6.52,1.07,20.3,20.5,78108,-44.54,-9.0,0.416
2022-04-08T09:00:33.000,22.67,-6.39,1.07,20.3,20.5,78109,-44.42,-10.0,0.416
2022-04-08T09:01:33.000,22.66,-6.57,1.07,20.31,20.5,78110,-44.3,-10.0,0.416
2022-04-08T09:03:39.000,22.63,-6.52,1.07,20.31,20.5,78112,-44.05,-10.0,0.416
2022-04-08T09:04:40.000,22.62,-6.35,1.07,20.31,20.5,78113,-43.92,-10.0,0.416
2022-04-08T09:05:40.000,22.64,-6.46,1.07,20.31,20.5,78114,-43.8,-10.0,0.416
2022-04-08T09:06:40.000,22.63,-6.51,1.07,20.31,20.5,78115,-43.68,-11.0,0.416
2022-04-08T09:07:40.000,22.58,-6.68,1.06,20.31,20.5,78116,-43.55,-11.0,0.416
2022-04-08T09:08:40.000,22.59,-6.41,1.07,20.31,20.5,78117,-43.42,-11.0,0.416
2022-04-08T09:09:40.000,22.56,-6.62,1.07,20.31,20.5,78118,-43.3,-11.0,0.416
2022-04-08T09:10:41.000,22.56,-6.47,1.07,20.31,20.5,78119,-43.17,-11.0,0.416
2022-04-08T09:11:41.000,22.57,-6.46,1.07,20.31,20.5,78120,-43.04,-11.0,0.416
2022-04-08T09:12:41.000,22.55,-6.71,1.07,20.31,20.5,78121,-42.91,-11.0,0.416
2022-04-08T09:13:41.000,22.5,-6.73,1.07,20.31,20.5,78122,-42.78,-12.0,0.416
2022-04-08T09:14:42.000,22.49,-6.62,1.07,20.31,20.5,78123,-42.65,-12.0,0.417
2022-04-08T09:15:42.000,22.52,-6.57,1.07,20.31,20.5,78124,-42.51,-12.0,0.417
2022-04-08T09:16:42.000,22.52,-6.64,1.06,20.31,20.5,78125,-42.38,-12.0,0.417
2022-04-08T09:17:42.000,22.5,-6.66,1.07,20.31,20.5,78126,-42.25,-12.0,0.417
2022-04-08T09:18:42.000,22.5,-6.7,1.06,20.31,20.5,78127,-42.11,-12.0,0.417
2022-04-08T09:19:42.000,22.5,-6.67,1.06,20.31,20.5,78128,-41.98,-13.0,0.417
2022-04-08T09:20:42.000,22.49,-6.74,1.06,20.31,20.5,78129,-41.84,-13.0,0.417
2022-04-08T09:21:42.000,22.44,-6.78,1.06,20.31,20.5,78130,-41.7,-13.0,0.417
2022-04-08T09:22:42.000,22.41,-6.65,1.06,20.31,20.5,78131,-41.57,-13.0,0.417
2022-04-08T09:23:42.000,22.39,-6.64,1.06,20.31,20.5,78132,-41.43,-13.0,0.417
2022-04-08T09:25:49.000,22.39,-6.57,1.06,20.31,20.5,78134,-41.13,-13.0,0.417
2022-04-08T09:26:48.000,22.37,-6.68,1.06,20.31,20.5,78135,-40.99,-14.0,0.417
2022-04-08T09:28:55.000,22.43,-6.65,1.06,20.31,20.5,78137,-40.69,-14.0,0.417
2022-04-08T09:29:56.000,22.45,-6.69,1.06,20.31,20.5,78138,-40.55,-14.0,0.418
2022-04-08T09:30:55.000,22.36,-7.02,1.06,20.31,20.5,78139,-40.41,-14.0,0.418
2022-04-08T09:31:56.000,22.32,-6.84,1.07,20.31,20.5,78140,-40.26,-14.0,0.418
2022-04-08T09:32:55.000,22.32,-6.9,1.07,20.31,20.5,78141,-40.12,-14.0,0.418
2022-04-08T09:33:56.000,22.28,-7.01,1.07,20.31,20.5,78142,-39.97,-15.0,0.418
2022-04-08T09:34:56.000,22.28,-6.89,1.07,20.31,20.5,78143,-39.82,-15.0,0.418
2022-04-08T09:35:56.000,22.25,-6.91,1.06,20.31,20.5,78144,-39.68,-15.0,0.418
2022-04-08T09:36:56.000,22.25,-6.93,1.07,20.31,20.5,78145,-39.53,-15.0,0.418
2022-04-08T09:37:56.000,22.21,-6.98,1.06,20.31,20.5,78146,-39.38,-15.0,0.418
2022-04-08T09:38:56.000,22.2,-6.92,1.07,20.31,20.5,78147,-39.23,-15.0,0.418
2022-04-08T09:39:57.000,22.18,-7.02,1.07,20.31,20.5,78148,-39.08,-15.0,0.418
2022-04-08T09:40:57.000,22.18,-6.91,1.07,20.31,20.5,78149,-38.93,-16.0,0.418
2022-04-08T09:41:57.000,22.19,-6.95,1.07,20.31,20.5,78150,-38.77,-16.0,0.418
2022-04-08T09:42:57.000,22.17,-7.01,1.07,20.31,20.5,78151,-38.62,-16.0,0.418
2022-04-08T09:43:57.000,22.14,-7.11,1.07,20.31,20.5,78152,-38.47,-16.0,0.418
2022-04-08T09:44:58.000,22.13,-7.05,1.07,20.31,20.5,78153,-38.31,-16.0,0.419
2022-04-08T09:45:58.000,22.14,-7.01,1.07,20.31,20.5,78154,-38.16,-16.0,0.419
2022-04-08T09:46:58.000,22.14,-7.14,1.07,20.31,20.5,78155,-38.01,-16.0,0.419
2022-04-08T09:47:58.000,22.09,-7.26,1.07,20.31,20.5,78156,-37.85,-17.0,0.419
2022-04-08T09:48:58.000,22.02,-7.24,1.07,20.31,20.5,78157,-37.69,-17.0,0.419
2022-04-08T09:49:59.000,22.01,-7.08,1.07,20.31,20.5,78158,-37.54,-17.0,0.419
2022-04-08T09:50:59.000,22.03,-7.1,1.07,20.31,20.5,78159,-37.38,-17.0,0.419
2022-04-08T09:51:59.000,22.03,-7.13,1.07,20.31,20.5,78160,-37.22,-17.0,0.419
2022-04-08T09:52:59.000,22.01,-7.32,1.07,20.31,20.5,78161,-37.06,-17.0,0.419
2022-04-08T09:53:59.000,22.0,-7.22,1.07,20.31,20.5,78162,-36.9,-17.0,0.419
2022-04-08T09:54:59.000,22.0,-7.31,1.07,20.31,20.5,78163,-36.74,-18.0,0.419
2022-04-08T09:55:59.000,21.99,-7.28,1.07,20.31,20.5,78164,-36.58,-18.0,0.419
2022-04-08T09:56:59.000,21.96,-7.53,1.07,20.31,20.5,78165,-36.42,-18.0,0.419
2022-04-08T09:58:00.000,21.87,-7.72,1.07,20.31,20.5,78166,-36.26,-18.0,0.419
2022-04-08T09:59:00.000,21.72,-7.91,1.07,20.31,20.5,78167,-36.1,-18.0,0.419
2022-04-08T10:00:00.000,21.61,-7.87,1.07,20.31,20.5,78168,-35.94,-18.0,0.419
2022-04-08T10:01:00.000,21.55,-7.53,1.07,20.31,20.5,78169,-35.77,-18.0,0.42
2022-04-08T10:02:00.000,21.56,-7.53,1.07,20.31,20.5,78170,-35.61,-19.0,0.42
2022-04-08T10:03:00.000,21.52,-7.7,1.07,20.31,20.5,78171,-35.45,-19.0,0.42
2022-04-08T10:07:05.000,21.21,-7.84,1.07,20.31,20.5,78175,-34.77,-19.0,0.42
2022-04-08T10:10:06.000,21.08,-7.83,1.07,20.31,20.5,78178,-34.27,-20.0,0.42
2022-04-08T10:11:06.000,21.08,-7.53,1.07,20.31,20.5,78179,-34.1,-20.0,0.42
2022-04-08T10:12:06.000,21.1,-7.47,1.07,20.31,20.5,78180,-33.93,-20.0,0.42
2022-04-08T10:13:06.000,21.09,-7.59,1.07,20.31,20.5,78181,-33.76,-20.0,0.42
2022-04-08T10:14:06.000,21.12,-7.44,1.06,20.31,20.5,78182,-33.59,-20.0,0.42
2022-04-08T10:15:06.000,21.11,-7.67,1.06,20.31,20.5,78183,-33.42,-20.0,0.42
2022-04-08T10:16:06.000,21.1,-7.63,1.06,20.32,20.5,78184,-33.25,-20.0,0.421
2022-04-08T10:17:06.000,21.09,-7.72,1.06,20.32,20.5,78185,-33.08,-20.0,0.421
2022-04-08T10:18:07.000,21.09,-7.63,1.06,20.32,20.5,78186,-32.91,-21.0,0.421
2022-04-08T10:19:07.000,21.09,-7.73,1.06,20.32,20.5,78187,-32.74,-21.0,0.421
2022-04-08T10:20:11.000,21.02,-8.09,1.06,20.32,20.5,78188,-32.55,-21.0,0.421
2022-04-08T10:21:11.000,20.96,-8.14,1.06,20.32,20.5,78189,-32.38,-21.0,0.421
2022-04-08T10:22:12.000,20.79,-8.57,1.06,20.32,20.5,78190,-32.2,-21.0,0.421
2022-04-08T10:23:11.000,20.72,-8.2,1.06,20.32,20.5,78191,-32.03,-21.0,0.421
2022-04-08T10:24:11.000,20.62,-8.25,1.06,20.32,20.5,78192,-31.86,-21.0,0.421
2022-04-08T10:25:12.000,20.54,-8.26,1.06,20.32,20.5,78193,-31.68,-21.0,0.421
2022-04-08T10:26:11.000,20.56,-8.08,1.06,20.32,20.5,78194,-31.51,-22.0,0.421
2022-04-08T10:27:11.000,20.52,-8.25,1.06,20.32,20.5,78195,-31.34,-22.0,0.421
2022-04-08T10:28:12.000,20.51,-8.21,1.06,20.32,20.5,78196,-31.16,-22.0,0.421
2022-04-08T10:29:12.000,20.51,-8.3,1.06,20.32,20.5,78197,-30.98,-22.0,0.421
2022-04-08T10:30:12.000,20.46,-8.29,1.06,20.32,20.5,78198,-30.8,-22.0,0.421
2022-04-08T10:31:12.000,20.42,-8.39,1.06,20.31,20.5,78199,-30.63,-22.0,0.422
2022-04-08T10:32:12.000,20.37,-8.39,1.07,20.31,20.5,78200,-30.45,-22.0,0.422
2022-04-08T10:33:12.000,20.3,-8.32,1.07,20.31,20.5,78201,-30.27,-22.0,0.422
2022-04-08T10:34:12.000,20.27,-8.29,1.07,20.31,20.5,78202,-30.09,-22.0,0.422
2022-04-08T10:35:12.000,20.2,-8.46,1.07,20.31,20.5,78203,-29.91,-23.0,0.422
2022-04-08T10:36:12.000,20.08,-8.63,1.07,20.31,20.5,78204,-29.74,-23.0,0.422
2022-04-08T10:37:12.000,19.98,-8.48,1.07,20.31,20.5,78205,-29.56,-23.0,0.422
2022-04-08T10:38:12.000,19.98,-8.22,1.06,20.31,20.5,78206,-29.38,-23.0,0.422
2022-04-08T10:39:12.000,20.05,-8.14,1.06,20.32,20.5,78207,-29.2,-23.0,0.422
2022-04-08T10:40:12.000,20.05,-8.33,1.06,20.32,20.5,78208,-29.02,-23.0,0.422
2022-04-08T10:41:12.000,20.04,-8.21,1.06,20.32,20.5,78209,-28.83,-23.0,0.422
2022-04-08T10:42:12.000,20.08,-8.11,1.06,20.32,20.5,78210,-28.65,-23.0,0.422
2022-04-08T10:43:12.000,20.12,-8.2,1.06,20.32,20.5,78211,-28.47,-23.0,0.422
2022-04-08T10:44:13.000,20.11,-8.34,1.06,20.32,20.5,78212,-28.29,-24.0,0.422
2022-04-08T10:45:13.000,20.06,-8.48,1.06,20.32,20.5,78213,-28.1,-24.0,0.422
2022-04-08T10:46:13.000,20.02,-8.48,1.06,20.32,20.5,78214,-27.92,-24.0,0.422
2022-04-08T10:47:13.000,19.98,-8.52,1.06,20.32,20.5,78215,-27.74,-24.0,0.423
2022-04-08T10:48:13.000,19.95,-8.47,1.06,20.31,20.5,78216,-27.55,-24.0,0.423
2022-04-08T10:49:13.000,19.92,-8.46,1.06,20.31,20.5,78217,-27.37,-24.0,0.423
2022-04-08T10:50:13.000,19.83,-8.54,1.06,20.31,20.5,78218,-27.19,-24.0,0.423
2022-04-08T10:51:13.000,19.79,-8.43,1.06,20.31,20.5,78219,-27.0,-24.0,0.423
2022-04-08T10:52:13.000,19.82,-8.27,1.06,20.32,20.5,78220,-26.82,-24.0,0.423
2022-04-08T10:53:13.000,19.84,-8.4,1.06,20.31,20.5,78221,-26.63,-25.0,0.423
2022-04-08T10:54:13.000,19.81,-8.57,1.06,20.31,20.5,78222,-26.45,-25.0,0.423
2022-04-08T10:55:14.000,19.71,-8.69,1.06,20.32,20.5,78223,-26.26,-25.0,0.423
2022-04-08T10:56:13.000,19.64,-8.64,1.06,20.32,20.5,78224,-26.08,-25.0,0.423
2022-04-08T10:58:14.000,19.57,-8.67,1.07,20.31,20.5,78226,-25.7,-25.0,0.423
2022-04-08T10:59:14.000,19.55,-8.59,1.16,20.24,20.5,78227,-25.51,-25.0,0.423
2022-04-08T11:00:14.000,19.53,-8.53,1.06,20.31,20.5,78228,-25.32,-25.0,0.423
2022-04-08T11:01:14.000,19.53,-8.49,1.06,20.31,20.5,78229,-25.14,-25.0,0.423
2022-04-08T11:02:14.000,19.54,-8.53,1.06,20.31,20.5,78230,-24.95,-25.0,0.424
2022-04-08T11:04:15.000,19.52,-8.49,1.06,20.31,20.5,78232,-24.57,-26.0,0.424
2022-04-08T11:06:15.000,19.51,-8.65,1.07,20.31,20.5,78234,-24.19,-26.0,0.424
2022-04-08T11:09:15.000,19.37,-8.73,1.07,20.31,20.5,78237,-23.62,-26.0,0.424
2022-04-08T11:10:16.000,19.32,-8.84,1.07,20.31,20.5,78238,-23.43,-26.0,0.424
2022-04-08T11:12:15.000,19.04,-9.22,1.07,20.31,20.5,78240,-23.05,-26.0,0.424
2022-04-08T11:13:16.000,18.96,-8.95,1.07,20.3,20.5,78241,-22.86,-26.0,0.424
2022-04-08T11:14:16.000,18.89,-9.1,1.07,20.3,20.5,78242,-22.66,-27.0,0.424
2022-04-08T11:15:16.000,18.82,-9.02,1.07,20.3,20.5,78243,-22.47,-27.0,0.424
2022-04-08T11:16:16.000,18.81,-8.73,1.07,20.3,20.5,78244,-22.28,-27.0,0.424
2022-04-08T11:17:16.000,18.87,-8.56,1.07,20.3,20.5,78245,-22.09,-27.0,0.425
2022-04-08T11:18:16.000,18.95,-8.51,1.07,20.3,20.5,78246,-21.9,-27.0,0.425
2022-04-08T11:19:16.000,18.99,-8.5,1.08,20.3,20.5,78247,-21.7,-27.0,0.425
2022-04-08T11:20:16.000,19.02,-8.53,1.08,20.3,20.5,78248,-21.51,-27.0,0.425
2022-04-08T11:21:17.000,19.06,-8.53,1.08,20.3,20.5,78249,-21.31,-27.0,0.425
2022-04-08T11:22:16.000,19.04,-8.85,1.08,20.3,20.5,78250,-21.12,-27.0,0.425
2022-04-08T11:23:17.000,19.02,-8.8,1.08,20.3,20.5,78251,-20.93,-27.0,0.425
2022-04-08T11:24:17.000,19.04,-8.76,1.08,20.3,20.5,78252,-20.73,-27.0,0.425
2022-04-08T11:25:17.000,18.98,-9.12,1.08,20.3,20.5,78253,-20.54,-28.0,0.425
2022-04-08T11:26:17.000,18.88,-9.12,1.08,20.3,20.5,78254,-20.34,-28.0,0.425
2022-04-08T11:27:18.000,18.75,-9.28,1.08,20.3,20.5,78255,-20.15,-28.0,0.425
2022-04-08T11:28:18.000,18.69,-9.01,1.08,20.29,20.5,78256,-19.95,-28.0,0.425
2022-04-08T11:29:18.000,18.66,-9.14,1.08,20.29,20.5,78257,-19.76,-28.0,0.425
2022-04-08T11:30:18.000,18.58,-9.14,1.08,20.29,20.5,78258,-19.56,-28.0,0.425
2022-04-08T11:31:18.000,18.53,-9.0,1.08,20.29,20.5,78259,-19.36,-28.0,0.425
2022-04-08T11:32:18.000,18.53,-8.97,1.08,20.29,20.5,78260,-19.17,-28.0,0.425
2022-04-08T11:33:18.000,18.53,-8.95,1.08,20.29,20.5,78261,-18.97,-28.0,0.426
