Downloads/jupyter/ECSV/stars19/stars19_2021-06.ecsv
# %ECSV 1.0
# ---
# datatype:
# - {name: time, datatype: string}
# - {name: Enclosure Temperature, unit: deg_C, datatype: float64}
# - {name: Sky Temperature, unit: deg_C, datatype: float64}
# - {name: Frequency, unit: Hz, datatype: float64}
# - {name: MSAS, unit: mag / arcsec2, datatype: float64}
# - {name: ZP, datatype: float64}
# - {name: Sequence Number, datatype: int64}
# - {name: Sun Alt, unit: deg, datatype: float64}
# - {name: Moon Alt, unit: deg, datatype: float64}
# - {name: Moon Illumination, datatype: float64}
# delimiter: ','
# meta: !!omap
# - ida:
#     Data supplier: {affiliation: null, observer: null}
#     Device type: TESS-W
#     Field of view: 17.0
#     Filters per channel: None
#     Instrument ID: stars19
#     License: ODbL 1.0 http://opendatacommons.org/licenses/odbl/summary/
#     Local timezone: America/Phoenix
#     Location name: {country: '- Tucson', place: Tucson, region: United States, sub_region: Arizona, town: Pima County}
#     Measurement direction per channel: {azimuth: 0.0, zenital: 0.0}
#     Moving / Fixed look direction: FIXED
#     Moving / Stationary position: STATIONARY
#     Number of channels: 1
#     Number of fields per line: 8
#     Number of header lines: 35
#     Position: {height: 0.0, latitude: 32.223877, longitude: -110.767532}
#     TESS MAC address: 18:FE:34:CF:EC:06
#     TESS cover offset value: 0.0
#     TESS firmware version: '1.0'
#     TESS zero point: 20.5
#     Time Synchronization: timestamp added by MQTT subscriber
#     URL: http://www.darksky.org/NSBM/sdf1.0.pdf
# - __serialized_columns__:
#     Enclosure Temperature:
#       __class__: astropy.units.quantity.Quantity
#       unit: &id001 !astropy.units.Unit {unit: deg_C}
#       value: !astropy.table.SerializedColumn {name: Enclosure Temperature}
#     Frequency:
#       __class__: astropy.units.quantity.Quantity
#       unit: !astropy.units.Unit {unit: Hz}
#       value: !astropy.table.SerializedColumn {name: Frequency}
#     MSAS:
#       __class__: astropy.units.quantity.Quantity
#       unit: !astropy.units.Unit {unit: mag / arcsec2}
#       value: !astropy.table.SerializedColumn {name: MSAS}
#     Moon Alt:
#       __class__: astropy.units.quantity.Quantity
#       unit: &id002 !astropy.units.Unit {unit: deg}
#       value: !astropy.table.SerializedColumn {name: Moon Alt}
#     Sky Temperature:
#       __class__: astropy.units.quantity.Quantity
#       unit: *id001
#       value: !astropy.table.SerializedColumn {name: Sky Temperature}
#     Sun Alt:
#       __class__: astropy.units.quantity.Quantity
#       unit: *id002
#       value: !astropy.table.SerializedColumn {name: Sun Alt}
#     time:
#       __class__: astropy.time.core.Time
#       format: isot
#       in_subfmt: '*'
#       out_subfmt: '*'
#       precision: 3
#       scale: utc
#       value: !astropy.table.SerializedColumn {name: time}
# schema: astropy-2.0
time,Enclosure Temperature,Sky Temperature,Frequency,MSAS,ZP,Sequence Number,Sun Alt,Moon Alt,Moon Illumination
[from data line 9373]
2021-06-12T18:09:44.000,63.57,21.06,0.0,0.0,20.5,54866,71.47,48.0,0.05
2021-06-12T18:10:44.000,63.7,20.92,0.0,0.0,20.5,54867,71.66,49.0,0.05
2021-06-12T18:12:44.000,63.76,19.84,0.0,0.0,20.5,54869,72.05,49.0,0.05
2021-06-12T18:13:45.000,63.67,20.66,0.0,0.0,20.5,54870,72.24,49.0,0.05
2021-06-12T18:14:45.000,63.7,20.38,0.0,0.0,20.5,54871,72.43,49.0,0.05
2021-06-12T18:16:47.000,63.71,20.74,0.0,0.0,20.5,54873,72.81,50.0,0.05
2021-06-12T18:17:47.000,63.88,21.36,0.0,0.0,20.5,54874,73.0,50.0,0.05
2021-06-12T18:18:47.000,63.88,20.11,0.0,0.0,20.5,54875,73.18,50.0,0.05
2021-06-12T18:24:49.000,63.95,20.41,0.0,0.0,20.5,54881,74.29,51.0,0.05
2021-06-12T18:25:49.000,63.92,20.51,0.0,0.0,20.5,54882,74.47,52.0,0.05
2021-06-12T18:26:49.000,63.91,20.96,0.0,0.0,20.5,54883,74.65,52.0,0.05
2021-06-12T18:30:50.000,64.39,20.74,0.0,0.0,20.5,54887,75.36,53.0,0.051
2021-06-12T18:31:50.000,64.33,20.42,0.0,0.0,20.5,54888,75.53,53.0,0.051
2021-06-12T18:32:50.000,64.36,20.92,0.0,0.0,20.5,54889,75.7,53.0,0.051
2021-06-12T18:34:52.000,64.39,20.58,0.0,0.0,20.5,54891,76.05,54.0,0.051
2021-06-12T18:37:53.000,64.39,21.13,0.0,0.0,20.5,54894,76.55,54.0,0.051
2021-06-12T18:39:54.000,64.63,21.44,0.0,0.0,20.5,54896,76.87,55.0,0.051
2021-06-12T18:40:54.000,64.73,21.03,0.0,0.0,20.5,54897,77.03,55.0,0.051
2021-06-12T18:41:54.000,64.86,21.15,0.0,0.0,20.5,54898,77.19,55.0,0.051
2021-06-12T18:46:57.000,65.48,21.41,0.0,0.0,20.5,54903,77.96,56.0,0.051
2021-06-12T18:47:57.000,65.6,21.09,0.0,0.0,20.5,54904,78.1,56.0,0.051
2021-06-12T18:48:57.000,65.72,21.14,0.0,0.0,20.5,54905,78.24,56.0,0.051
2021-06-12T18:52:59.000,66.05,20.83,0.0,0.0,20.5,54909,78.79,57.0,0.051
2021-06-12T18:53:59.000,66.18,21.23,0.0,0.0,20.5,54910,78.92,58.0,0.051
2021-06-12T18:55:00.000,66.16,20.36,0.0,0.0,20.5,54911,79.05,58.0,0.051
2021-06-12T18:56:01.000,66.08,21.22,0.0,0.0,20.5,54912,79.18,58.0,0.051
2021-06-12T18:58:01.000,66.13,20.56,0.0,0.0,20.5,54914,79.41,58.0,0.051
2021-06-12T18:59:01.000,66.04,20.58,0.0,0.0,20.5,54915,79.53,59.0,0.051
2021-06-12T19:00:01.000,65.81,20.05,0.0,0.0,20.5,54916,79.64,59.0,0.051
2021-06-12T19:33:20.000,66.87,21.48,0.0,0.0,20.5,54949,80.69,66.0,0.052
2021-06-12T19:34:20.000,66.79,20.75,0.0,0.0,20.5,54950,80.64,66.0,0.052
2021-06-12T19:35:20.000,66.7,21.03,0.0,0.0,20.5,54951,80.58,66.0,0.053
2021-06-12T19:37:21.000,66.76,21.29,0.0,0.0,20.5,54953,80.44,66.0,0.053
2021-06-12T19:38:21.000,66.77,21.16,0.0,0.0,20.5,54954,80.36,67.0,0.053
2021-06-12T19:39:22.000,66.83,21.46,0.0,0.0,20.5,54955,80.28,67.0,0.053
2021-06-12T19:40:23.000,66.86,21.48,0.0,0.0,20.5,54956,80.2,67.0,0.053
2021-06-12T19:41:23.000,66.83,20.93,0.0,0.0,20.5,54957,80.11,67.0,0.053
2021-06-12T19:42:23.000,66.8,21.55,0.0,0.0,20.5,54958,80.02,67.0,0.053
2021-06-12T19:45:24.000,66.95,21.44,0.0,0.0,20.5,54961,79.71,68.0,0.053
2021-06-12T19:46:24.000,66.96,21.22,0.0,0.0,20.5,54962,79.61,68.0,0.053
2021-06-12T19:48:25.000,66.86,20.61,0.0,0.0,20.5,54964,79.38,69.0,0.053
2021-06-12T19:49:25.000,66.83,21.17,0.0,0.0,20.5,54965,79.26,69.0,0.053
2021-06-12T19:50:25.000,66.8,20.64,0.0,0.0,20.5,54966,79.14,69.0,0.053
2021-06-12T19:53:27.000,66.9,21.48,0.0,0.0,20.5,54969,78.75,70.0,0.053
2021-06-12T19:54:28.000,66.64,20.18,0.0,0.0,20.5,54970,78.62,70.0,0.053
2021-06-12T19:55:28.000,66.5,20.97,0.0,0.0,20.5,54971,78.48,70.0,0.053
2021-06-12T19:57:29.000,66.77,21.76,0.0,0.0,20.5,54973,78.2,70.0,0.053
2021-06-12T19:58:29.000,66.83,20.49,0.0,0.0,20.5,54974,78.06,71.0,0.053
2021-06-12T19:59:30.000,66.55,20.28,0.0,0.0,20.5,54975,77.91,71.0,0.053
2021-06-12T20:04:31.000,66.61,20.82,0.0,0.0,20.5,54980,77.14,72.0,0.053
2021-06-12T20:05:31.000,66.84,21.65,0.0,0.0,20.5,54981,76.99,72.0,0.053
2021-06-12T20:06:32.000,66.92,20.82,0.0,0.0,20.5,54982,76.82,72.0,0.053
2021-06-12T20:09:50.000,67.01,21.22,0.0,0.0,20.5,54985,76.28,73.0,0.054
2021-06-12T20:10:51.000,66.95,20.84,0.0,0.0,20.5,54986,76.11,73.0,0.054
2021-06-12T20:11:51.000,66.69,20.37,0.0,0.0,20.5,54987,75.95,73.0,0.054
2021-06-12T20:15:54.000,66.2,20.54,0.0,0.0,20.5,54991,75.25,74.0,0.054
2021-06-12T20:16:54.000,66.27,21.35,0.0,0.0,20.5,54992,75.08,74.0,0.054
2021-06-12T20:17:54.000,66.46,21.27,0.0,0.0,20.5,54993,74.9,74.0,0.054
2021-06-12T20:19:55.000,66.69,21.33,0.0,0.0,20.5,54995,74.54,75.0,0.054
2021-06-12T20:20:56.000,66.9,21.87,0.0,0.0,20.5,54996,74.36,75.0,0.054
2021-06-12T20:21:57.000,67.01,21.5,0.0,0.0,20.5,54997,74.17,75.0,0.054
2021-06-12T20:22:57.000,67.19,21.99,0.0,0.0,20.5,54998,73.99,75.0,0.054
2021-06-12T20:26:05.000,66.72,20.92,0.0,0.0,20.5,55001,73.42,76.0,0.054
2021-06-12T20:27:05.000,66.47,20.28,0.0,0.0,20.5,55002,73.23,76.0,0.054
2021-06-12T20:28:05.000,66.3,20.64,0.0,0.0,20.5,55003,73.05,76.0,0.054
2021-06-12T20:36:10.000,66.5,22.02,0.0,0.0,20.5,55011,71.51,78.0,0.054
2021-06-12T20:37:10.000,66.65,21.63,0.0,0.0,20.5,55012,71.32,78.0,0.054
2021-06-12T20:38:10.000,66.69,20.71,0.0,0.0,20.5,55013,71.13,78.0,0.054
2021-06-12T20:40:11.000,66.37,21.17,0.0,0.0,20.5,55015,70.74,79.0,0.055
2021-06-12T20:41:11.000,66.3,21.13,0.0,0.0,20.5,55016,70.54,79.0,0.055
2021-06-12T20:42:11.000,66.19,21.36,0.0,0.0,20.5,55017,70.35,79.0,0.055
2021-06-12T20:43:12.000,66.34,21.72,0.0,0.0,20.5,55018,70.15,79.0,0.055
2021-06-12T20:47:13.000,67.17,21.63,0.0,0.0,20.5,55022,69.36,80.0,0.055
2021-06-12T20:48:14.000,66.9,20.35,0.0,0.0,20.5,55023,69.16,80.0,0.055
2021-06-12T20:49:14.000,66.52,20.24,0.0,0.0,20.5,55024,68.96,80.0,0.055
2021-06-12T20:56:21.000,65.97,21.72,0.0,0.0,20.5,55031,67.53,81.0,0.055
2021-06-12T20:57:21.000,65.95,21.2,0.0,0.0,20.5,55032,67.33,81.0,0.055
2021-06-12T20:58:21.000,66.07,21.72,0.0,0.0,20.5,55033,67.13,81.0,0.055
2021-06-12T21:03:23.000,66.2,21.83,0.0,0.0,20.5,55038,66.11,82.0,0.055
2021-06-12T21:04:24.000,66.26,21.63,0.0,0.0,20.5,55039,65.9,82.0,0.055
2021-06-12T21:05:24.000,66.3,21.64,0.0,0.0,20.5,55040,65.7,82.0,0.055
2021-06-12T21:06:24.000,65.79,19.32,0.0,0.0,20.5,55041,65.49,82.0,0.055
2021-06-12T21:10:26.000,59.49,15.72,0.0,0.0,20.5,55045,64.67,83.0,0.055
2021-06-12T21:12:31.000,57.19,15.93,0.0,0.0,20.5,55047,64.24,83.0,0.056
2021-06-12T21:13:31.000,56.23,16.32,0.0,0.0,20.5,55048,64.04,83.0,0.056
2021-06-12T21:14:31.000,55.56,16.94,0.0,0.0,20.5,55049,63.83,83.0,0.056
2021-06-12T21:18:32.000,53.25,15.97,0.0,0.0,20.5,55053,63.0,83.0,0.056
2021-06-12T21:19:33.000,52.69,16.45,0.0,0.0,20.5,55054,62.79,83.0,0.056
2021-06-12T21:23:34.000,51.19,16.56,0.0,0.0,20.5,55058,61.96,83.0,0.056
2021-06-12T21:24:35.000,50.92,17.04,0.0,0.0,20.5,55059,61.75,83.0,0.056
2021-06-12T21:25:35.000,50.7,17.11,0.0,0.0,20.5,55060,61.54,83.0,0.056
2021-06-12T21:27:36.000,50.3,17.35,0.0,0.0,20.5,55062,61.12,83.0,0.056
2021-06-12T21:28:36.000,50.21,17.68,0.0,0.0,20.5,55063,60.91,83.0,0.056
2021-06-12T21:29:37.000,50.11,17.43,0.0,0.0,20.5,55064,60.7,83.0,0.056
2021-06-12T21:31:37.000,49.91,17.55,0.0,0.0,20.5,55066,60.28,83.0,0.056
2021-06-12T21:32:38.000,49.75,17.37,0.0,0.0,20.5,55067,60.07,83.0,0.056
2021-06-12T21:33:38.000,49.68,17.74,0.0,0.0,20.5,55068,59.86,83.0,0.056
2021-06-12T21:34:39.000,49.59,17.7,0.0,0.0,20.5,55069,59.65,83.0,0.056
2021-06-12T21:37:40.000,49.39,17.66,0.0,0.0,20.5,55072,59.02,82.0,0.056
2021-06-12T21:38:41.000,49.3,17.9,0.0,0.0,20.5,55073,58.81,82.0,0.056
2021-06-12T21:39:41.000,49.25,17.81,0.0,0.0,20.5,55074,58.6,82.0,0.056
2021-06-12T21:42:43.000,48.91,17.44,0.0,0.0,20.5,55077,57.96,82.0,0.056
2021-06-12T21:43:44.000,48.85,17.73,0.0,0.0,20.5,55078,57.75,82.0,0.057
2021-06-12T21:44:44.000,48.83,17.97,0.0,0.0,20.5,55079,57.54,82.0,0.057
2021-06-12T21:46:45.000,48.71,17.92,0.0,0.0,20.5,55081,57.12,81.0,0.057
2021-06-12T21:52:47.000,48.57,18.05,0.0,0.0,20.5,55087,55.85,80.0,0.057
2021-06-12T21:53:47.000,48.58,18.16,0.0,0.0,20.5,55088,55.64,80.0,0.057
2021-06-12T21:54:48.000,48.58,18.24,0.0,0.0,20.5,55089,55.42,80.0,0.057
2021-06-12T21:57:49.000,48.68,18.41,0.0,0.0,20.5,55092,54.79,80.0,0.057
2021-06-12T21:58:50.000,48.7,18.5,0.0,0.0,20.5,55093,54.57,80.0,0.057
2021-06-12T21:59:51.000,48.67,18.14,0.0,0.0,20.5,55094,54.36,79.0,0.057
2021-06-12T22:10:56.000,48.48,18.01,0.0,0.0,20.5,55105,52.02,77.0,0.057
2021-06-12T22:11:56.000,48.46,18.11,0.0,0.0,20.5,55106,51.81,77.0,0.057
2021-06-12T22:12:57.000,48.45,18.33,0.0,0.0,20.5,55107,51.59,77.0,0.057
2021-06-12T22:16:58.000,48.4,18.24,0.0,0.0,20.5,55111,50.75,76.0,0.058
2021-06-12T22:19:58.000,48.27,17.91,0.0,0.0,20.5,55114,50.11,76.0,0.058
2021-06-12T22:20:58.000,48.19,17.87,0.0,0.0,20.5,55115,49.9,76.0,0.058
2021-06-12T22:21:59.000,48.15,18.15,0.0,0.0,20.5,55116,49.69,75.0,0.058
2021-06-12T22:28:01.000,48.02,17.95,0.0,0.0,20.5,55122,48.41,74.0,0.058
2021-06-12T22:29:02.000,47.99,18.09,0.0,0.0,20.5,55123,48.2,74.0,0.058
2021-06-12T22:30:02.000,47.98,18.29,0.0,0.0,20.5,55124,47.98,74.0,0.058
2021-06-12T22:32:02.000,47.82,17.93,0.0,0.0,20.5,55126,47.56,74.0,0.058
2021-06-12T22:34:08.000,47.64,17.6,0.0,0.0,20.5,55128,47.12,73.0,0.058
2021-06-12T22:35:09.000,47.47,17.8,0.0,0.0,20.5,55129,46.9,73.0,0.058
2021-06-12T22:36:10.000,47.46,18.21,0.0,0.0,20.5,55130,46.69,73.0,0.058
2021-06-12T22:42:11.000,47.31,17.95,0.0,0.0,20.5,55136,45.42,72.0,0.058
2021-06-12T22:43:11.000,47.06,18.16,0.0,0.0,20.5,55137,45.2,71.0,0.058
2021-06-12T22:44:11.000,47.39,18.35,0.0,0.0,20.5,55138,44.99,71.0,0.058
2021-06-12T22:47:13.000,47.41,18.13,0.0,0.0,20.5,55141,44.35,71.0,0.059
2021-06-12T22:48:13.000,47.44,18.24,0.0,0.0,20.5,55142,44.14,70.0,0.059
2021-06-12T22:49:13.000,47.44,18.14,0.0,0.0,20.5,55143,43.93,70.0,0.059
2021-06-12T23:01:23.000,47.36,17.91,0.0,0.0,20.5,55155,41.36,68.0,0.059
2021-06-12T23:02:23.000,47.35,18.05,0.0,0.0,20.5,55156,41.15,67.0,0.059
2021-06-12T23:03:23.000,47.35,18.08,0.0,0.0,20.5,55157,40.94,67.0,0.059
2021-06-12T23:07:24.000,47.28,17.97,0.0,0.0,20.5,55161,40.09,66.0,0.059
2021-06-12T23:08:25.000,47.24,17.78,0.0,0.0,20.5,55162,39.88,66.0,0.059
2021-06-12T23:09:26.000,47.2,18.04,0.0,0.0,20.5,55163,39.66,66.0,0.059
2021-06-12T23:17:29.000,47.15,17.96,0.0,0.0,20.5,55171,37.97,64.0,0.06
2021-06-12T23:18:29.000,47.12,18.0,0.0,0.0,20.5,55172,37.76,64.0,0.06
2021-06-12T23:19:30.000,47.1,17.91,0.0,0.0,20.5,55173,37.54,64.0,0.06
2021-06-12T23:21:31.000,47.06,17.93,0.0,0.0,20.5,55175,37.12,64.0,0.06
2021-06-12T23:22:31.000,46.99,17.73,0.0,0.0,20.5,55176,36.91,63.0,0.06
2021-06-12T23:23:32.000,46.9,17.7,0.0,0.0,20.5,55177,36.69,63.0,0.06
2021-06-12T23:25:38.000,46.93,18.07,0.0,0.0,20.5,55179,36.25,63.0,0.06
2021-06-12T23:26:38.000,46.82,17.71,0.0,0.0,20.5,55180,36.04,63.0,0.06
2021-06-12T23:27:38.000,46.78,17.85,0.0,0.0,20.5,55181,35.83,62.0,0.06
2021-06-12T23:31:39.000,46.7,17.87,0.0,0.0,20.5,55185,34.99,61.0,0.06
2021-06-12T23:32:40.000,46.68,17.88,0.0,0.0,20.5,55186,34.78,61.0,0.06
2021-06-12T23:33:40.000,46.66,17.76,0.0,0.0,20.5,55187,34.57,61.0,0.06
2021-06-12T23:39:42.000,46.49,17.76,0.0,0.0,20.5,55193,33.3,60.0,0.06
2021-06-12T23:40:42.000,46.48,17.94,0.0,0.0,20.5,55194,33.1,60.0,0.06
2021-06-12T23:41:42.000,46.48,17.84,0.0,0.0,20.5,55195,32.89,59.0,0.06
2021-06-12T23:47:45.000,46.5,17.9,0.0,0.0,20.5,55201,31.62,58.0,0.061
2021-06-12T23:48:45.000,46.49,17.67,0.0,0.0,20.5,55202,31.41,58.0,0.061
2021-06-12T23:49:45.000,46.42,17.64,0.0,0.0,20.5,55203,31.2,58.0,0.061
2021-06-12T23:52:46.000,46.38,17.91,0.0,0.0,20.5,55206,30.58,57.0,0.061
2021-06-12T23:53:47.000,46.37,17.8,0.0,0.0,20.5,55207,30.36,57.0,0.061
2021-06-12T23:54:47.000,46.32,17.78,0.0,0.0,20.5,55208,30.16,57.0,0.061
2021-06-13T00:05:52.000,45.98,17.51,0.0,0.0,20.5,55219,27.85,54.0,0.061
2021-06-13T00:06:53.000,45.94,17.41,0.0,0.0,20.5,55220,27.64,54.0,0.061
2021-06-13T00:07:53.000,45.93,17.61,0.0,0.0,20.5,55221,27.43,54.0,0.061
2021-06-13T00:09:54.000,45.85,17.5,0.0,0.0,20.5,55223,27.02,54.0,0.061
2021-06-13T00:12:55.000,45.68,17.08,0.0,0.0,20.5,55226,26.39,53.0,0.061
2021-06-13T00:13:55.000,45.61,17.29,0.0,0.0,20.5,55227,26.18,53.0,0.061
2021-06-13T00:14:56.000,45.57,17.18,0.0,0.0,20.5,55228,25.97,53.0,0.061
2021-06-13T00:31:03.000,45.18,17.16,0.0,0.0,20.5,55244,22.65,49.0,0.062
2021-06-13T00:32:03.000,45.12,16.92,0.0,0.0,20.5,55245,22.45,49.0,0.062
2021-06-13T00:33:04.000,45.07,17.07,0.0,0.0,20.5,55246,22.24,49.0,0.062
2021-06-13T00:41:11.000,44.71,16.66,0.0,0.0,20.5,55254,20.58,47.0,0.062
2021-06-13T00:42:12.000,44.68,16.66,0.0,0.0,20.5,55255,20.37,47.0,0.062
2021-06-13T00:43:12.000,44.61,16.43,0.0,0.0,20.5,55256,20.17,47.0,0.062
2021-06-13T00:44:13.000,44.54,16.42,0.0,0.0,20.5,55257,19.96,46.0,0.062
2021-06-13T00:45:13.000,44.49,16.49,0.0,0.0,20.5,55258,19.76,46.0,0.062
2021-06-13T00:46:13.000,44.5,16.75,0.0,0.0,20.5,55259,19.55,46.0,0.062
2021-06-13T00:50:14.000,44.4,16.46,0.0,0.0,20.5,55263,18.74,45.0,0.063
2021-06-13T00:51:15.000,44.37,16.48,0.0,0.0,20.5,55264,18.53,45.0,0.063
2021-06-13T00:52:15.000,44.36,16.62,0.0,0.0,20.5,55265,18.33,45.0,0.063
2021-06-13T00:54:20.000,44.36,16.55,0.0,0.0,20.5,55267,17.91,44.0,0.063
2021-06-13T00:55:20.000,44.34,16.52,0.0,0.0,20.5,55268,17.7,44.0,0.063
2021-06-13T00:56:21.000,44.3,16.4,0.0,0.0,20.5,55269,17.5,44.0,0.063
2021-06-13T01:05:24.000,43.85,15.95,0.0,0.0,20.5,55278,15.67,42.0,0.063
2021-06-13T01:06:24.000,43.78,15.92,0.0,0.0,20.5,55279,15.47,42.0,0.063
2021-06-13T01:07:25.000,43.79,16.08,0.0,0.0,20.5,55280,15.27,42.0,0.063
2021-06-13T01:09:28.000,43.62,15.64,0.0,0.0,20.5,55282,14.85,41.0,0.063
2021-06-13T01:10:29.000,43.5,15.57,0.0,0.0,20.5,55283,14.65,41.0,0.063
2021-06-13T01:11:29.000,43.41,15.49,0.0,0.0,20.5,55284,14.45,41.0,0.063
2021-06-13T01:15:30.000,43.29,15.73,0.0,0.0,20.5,55288,13.65,40.0,0.063
2021-06-13T01:16:30.000,43.27,15.68,0.0,0.0,20.5,55289,13.45,40.0,0.063
2021-06-13T01:17:31.000,43.25,15.61,0.0,0.0,20.5,55290,13.24,40.0,0.064
2021-06-13T01:19:37.000,43.15,15.42,0.0,0.0,20.5,55292,12.82,39.0,0.064
2021-06-13T01:21:37.000,43.03,15.43,0.0,0.0,20.5,55294,12.43,39.0,0.064
2021-06-13T01:24:39.000,42.88,15.16,0.0,0.0,20.5,55297,11.82,38.0,0.064
2021-06-13T01:25:39.000,42.8,15.06,0.0,0.0,20.5,55298,11.62,38.0,0.064
2021-06-13T01:26:39.000,42.77,15.12,0.0,0.0,20.5,55299,11.43,38.0,0.064
2021-06-13T01:46:47.000,41.75,14.3,0.0,0.0,20.5,55319,7.47,34.0,0.064
2021-06-13T01:47:48.000,41.69,14.16,0.0,0.0,20.5,55320,7.27,33.0,0.065
2021-06-13T01:48:48.000,41.61,14.03,0.0,0.0,20.5,55321,7.07,33.0,0.065
2021-06-13T01:50:49.000,41.49,14.07,0.0,0.0,20.5,55323,6.68,33.0,0.065
2021-06-13T01:51:49.000,41.45,14.01,0.0,0.0,20.5,55324,6.49,33.0,0.065
2021-06-13T01:52:51.000,41.38,13.96,0.0,0.0,20.5,55325,6.29,32.0,0.065
2021-06-13T01:53:51.000,41.33,13.92,0.0,0.0,20.5,55326,6.09,32.0,0.065
2021-06-13T01:55:51.000,41.19,13.76,0.0,0.0,20.5,55328,5.71,32.0,0.065
2021-06-13T01:56:51.000,41.13,13.72,0.0,0.0,20.5,55329,5.51,32.0,0.065
2021-06-13T01:57:52.000,41.05,13.68,0.0,0.0,20.5,55330,5.32,31.0,0.065
2021-06-13T01:59:54.000,40.95,13.68,0.11,0.1,20.5,55332,4.93,31.0,0.065
2021-06-13T02:00:55.000,40.89,13.64,0.0,0.0,20.5,55333,4.73,31.0,0.065
2021-06-13T02:03:57.000,40.67,13.41,0.0,0.0,20.5,55336,4.15,30.0,0.065
2021-06-13T02:04:57.000,40.61,13.36,0.0,0.0,20.5,55337,3.96,30.0,0.065
2021-06-13T02:05:57.000,40.53,13.28,0.0,0.0,20.5,55338,3.76,30.0,0.065
2021-06-13T02:06:58.000,40.46,13.24,0.0,0.0,20.5,55339,3.57,30.0,0.065
2021-06-13T02:07:58.000,40.38,13.2,0.0,0.0,20.5,55340,3.38,29.0,0.065
2021-06-13T02:10:00.000,40.3,13.19,0.0,0.0,20.5,55342,2.99,29.0,0.065
2021-06-13T02:11:00.000,40.22,13.04,0.0,0.0,20.5,55343,2.8,29.0,0.065
2021-06-13T02:13:00.000,40.1,12.99,0.0,0.0,20.5,55345,2.42,28.0,0.065
2021-06-13T02:15:02.000,39.96,12.85,0.0,0.0,20.5,55347,2.04,28.0,0.065
2021-06-13T02:20:03.000,39.64,12.57,0.0,0.0,20.5,55352,1.09,27.0,0.066
2021-06-13T02:21:03.000,39.57,12.5,0.0,0.0,20.5,55353,0.9,27.0,0.066
2021-06-13T02:22:03.000,39.5,12.48,0.0,0.0,20.5,55354,0.71,27.0,0.066
2021-06-13T02:25:04.000,39.32,12.42,0.0,0.0,20.5,55357,0.15,26.0,0.066
2021-06-13T02:26:05.000,39.26,12.31,0.0,0.0,20.5,55358,-0.05,26.0,0.066
2021-06-13T02:27:05.000,39.19,12.28,0.0,0.0,20.5,55359,-0.23,26.0,0.066
2021-06-13T02:29:05.000,39.08,12.19,0.0,0.0,20.5,55361,-0.61,25.0,0.066
2021-06-13T02:34:10.000,38.76,11.81,26758.82,3.54,20.5,55366,-1.55,24.0,0.066
