Downloads/jupyter/ECSV/stars19/stars19_2023-02.ecsv
# %ECSV 1.0
# ---
# datatype:
# - {name: time, datatype: string}
# - {name: Enclosure Temperature, unit: deg_C, datatype: float64}
# - {name: Sky Temperature, unit: deg_C, datatype: float64}
# - {name: Frequency, unit: Hz, datatype: float64}
# - {name: MSAS, unit: mag / arcsec2, datatype: float64}
# - {name: ZP, datatype: float64}
# - {name: Sequence Number, datatype: int64}
# - {name: Sun Alt, unit: deg, datatype: float64}
# - {name: Moon Alt, unit: deg, datatype: float64}
# - {name: Moon Illumination, datatype: float64}
# delimiter: ','
# meta: !!omap
# - ida:
#     Data supplier: {affiliation: null, observer: null}
#     Device type: TESS-W
#     Field of view: 17.0
#     Filters per channel: None
#     Instrument ID: stars19
#     License: ODbL 1.0 http://opendatacommons.org/licenses/odbl/summary/
#     Local timezone: America/Phoenix
#     Location name: {country: '- Tucson', place: Tucson, region: United States, sub_region: Arizona, town: Pima County}
#     Measurement direction per channel: {azimuth: 0.0, zenital: 0.0}
#     Moving / Fixed look direction: FIXED
#     Moving / Stationary position: STATIONARY
#     Number of channels: 1
#     Number of fields per line: 8
#     Number of header lines: 35
#     Position: {height: 0.0, latitude: 32.223877, longitude: -110.767532}
#     TESS MAC address: 18:FE:34:CF:EC:06
#     TESS cover offset value: 0.0
#     TESS firmware version: '1.0'
#     TESS zero point: 20.38
#     Time Synchronization: timestamp added by MQTT subscriber
#     URL: http://www.darksky.org/NSBM/sdf1.0.pdf
# - __serialized_columns__:
#     Enclosure Temperature:
#       __class__: astropy.units.quantity.Quantity
#       unit: &id001 !astropy.units.Unit {unit: deg_C}
#       value: !astropy.table.SerializedColumn {name: Enclosure Temperature}
#     Frequency:
#       __class__: astropy.units.quantity.Quantity
#       unit: !astropy.units.Unit {unit: Hz}
#       value: !astropy.table.SerializedColumn {name: Frequency}
#     MSAS:
#       __class__: astropy.units.quantity.Quantity
#       unit: !astropy.units.Unit {unit: mag / arcsec2}
#       value: !astropy.table.SerializedColumn {name: MSAS}
#     Moon Alt:
#       __class__: astropy.units.quantity.Quantity
#       unit: &id002 !astropy.units.Unit {unit: deg}
#       value: !astropy.table.SerializedColumn {name: Moon Alt}
#     Sky Temperature:
#       __class__: astropy.units.quantity.Quantity
#       unit: *id001
#       value: !astropy.table.SerializedColumn {name: Sky Temperature}
#     Sun Alt:
#       __class__: astropy.units.quantity.Quantity
#       unit: *id002
#       value: !astropy.table.SerializedColumn {name: Sun Alt}
#     time:
#       __class__: astropy.time.core.Time
#       format: isot
#       in_subfmt: '*'
#       out_subfmt: '*'
#       precision: 3
#       scale: utc
#       value: !astropy.table.SerializedColumn {name: time}
# schema: astropy-2.0
time,Enclosure Temperature,Sky Temperature,Frequency,MSAS,ZP,Sequence Number,Sun Alt,Moon Alt,Moon Illumination
[from data line 2093]
2023-02-04T07:45:30.000,14.95,-10.7,299.47,14.19,20.38,37806,-73.93,73.0,0.98
2023-02-04T07:46:30.000,14.94,-10.72,298.62,14.19,20.38,37807,-73.9,73.0,0.98
2023-02-04T07:47:31.000,14.96,-10.69,297.2,14.2,20.38,37808,-73.87,73.0,0.98
2023-02-04T07:48:31.000,14.94,-10.86,295.46,14.2,20.38,37809,-73.83,73.0,0.98
2023-02-04T07:49:31.000,14.92,-10.72,293.03,14.21,20.38,37810,-73.79,72.0,0.98
2023-02-04T07:50:31.000,14.92,-10.72,290.49,14.22,20.38,37811,-73.75,72.0,0.98
2023-02-04T07:51:32.000,14.92,-10.78,288.54,14.23,20.38,37812,-73.71,72.0,0.98
2023-02-04T07:52:33.000,14.92,-10.69,286.18,14.24,20.38,37813,-73.66,72.0,0.98
2023-02-04T07:53:34.000,14.92,-10.77,282.55,14.25,20.38,37814,-73.61,72.0,0.98
2023-02-04T07:54:35.000,14.89,-10.76,279.3,14.26,20.38,37815,-73.55,71.0,0.98
2023-02-04T07:55:34.000,14.9,-10.77,274.85,14.28,20.38,37816,-73.5,71.0,0.98
2023-02-04T07:56:35.000,14.89,-10.75,270.43,14.3,20.38,37817,-73.43,71.0,0.98
2023-02-04T07:57:38.000,14.92,-10.71,265.53,14.32,20.38,37818,-73.37,71.0,0.98
2023-02-04T07:58:38.000,14.92,-10.75,259.24,14.35,20.38,37819,-73.3,71.0,0.98
2023-02-04T07:59:38.000,14.95,-10.69,252.81,14.37,20.38,37820,-73.23,70.0,0.98
2023-02-04T08:00:38.000,14.92,-10.74,245.21,14.41,20.38,37821,-73.16,70.0,0.98
2023-02-04T08:01:38.000,14.95,-10.79,236.64,14.44,20.38,37822,-73.09,70.0,0.98
2023-02-04T08:02:38.000,14.92,-10.79,226.54,14.49,20.38,37823,-73.01,70.0,0.98
2023-02-04T08:03:39.000,14.92,-10.83,215.44,14.55,20.38,37824,-72.93,70.0,0.98
2023-02-04T08:04:38.000,14.86,-10.94,203.08,14.61,20.38,37825,-72.85,69.0,0.98
2023-02-04T08:05:39.000,14.84,-10.86,189.75,14.68,20.38,37826,-72.76,69.0,0.98
2023-02-04T08:06:39.000,14.84,-10.9,174.91,14.77,20.38,37827,-72.68,69.0,0.98
2023-02-04T08:07:39.000,14.84,-10.8,158.56,14.88,20.38,37828,-72.59,69.0,0.98
2023-02-04T08:08:40.000,14.86,-10.76,139.47,15.02,20.38,37829,-72.49,69.0,0.98
2023-02-04T08:09:41.000,14.86,-10.78,120.27,15.18,20.38,37830,-72.4,68.0,0.98
2023-02-04T08:11:41.000,14.87,-10.86,89.43,15.5,20.38,37832,-72.2,68.0,0.98
2023-02-04T08:12:41.000,14.85,-10.8,79.16,15.63,20.38,37833,-72.1,68.0,0.98
2023-02-04T08:13:41.000,14.86,-10.8,70.89,15.75,20.38,37834,-72.0,68.0,0.98
2023-02-04T08:14:41.000,14.84,-10.89,64.07,15.86,20.38,37835,-71.89,67.0,0.98
2023-02-04T08:17:41.000,14.75,-10.99,48.63,16.16,20.38,37838,-71.56,67.0,0.98
2023-02-04T08:18:42.000,14.75,-10.78,45.32,16.24,20.38,37839,-71.44,67.0,0.98
2023-02-04T08:19:42.000,14.79,-10.75,42.36,16.31,20.38,37840,-71.32,66.0,0.98
2023-02-04T08:20:42.000,14.83,-10.64,39.54,16.39,20.38,37841,-71.21,66.0,0.98
2023-02-04T08:21:42.000,14.86,-10.78,36.94,16.46,20.38,37842,-71.08,66.0,0.98
2023-02-04T08:22:42.000,14.8,-11.04,34.97,16.52,20.38,37843,-70.96,66.0,0.98
2023-02-04T08:23:43.000,14.75,-10.97,32.58,16.6,20.38,37844,-70.83,66.0,0.98
2023-02-04T08:24:43.000,14.75,-10.86,30.34,16.68,20.38,37845,-70.71,65.0,0.98
2023-02-04T08:25:43.000,14.77,-10.88,28.85,16.73,20.38,37846,-70.58,65.0,0.98
2023-02-04T08:26:43.000,14.76,-10.98,27.84,16.77,20.38,37847,-70.45,65.0,0.98
2023-02-04T08:27:44.000,14.74,-11.0,27.02,16.8,20.38,37848,-70.32,65.0,0.98
2023-02-04T08:28:44.000,14.75,-10.99,26.3,16.83,20.38,37849,-70.18,64.0,0.98
2023-02-04T08:29:44.000,14.72,-11.07,25.7,16.86,20.38,37850,-70.05,64.0,0.98
2023-02-04T08:30:46.000,14.7,-11.04,24.94,16.89,20.38,37851,-69.91,64.0,0.98
2023-02-04T08:36:53.000,14.47,-11.29,22.47,17.0,20.38,37857,-69.03,63.0,0.98
2023-02-04T08:38:53.000,14.48,-11.09,19.11,17.18,20.38,37859,-68.74,62.0,0.981
2023-02-04T08:39:54.000,14.48,-11.25,10.66,17.84,20.38,37860,-68.58,62.0,0.981
2023-02-04T08:40:54.000,14.48,-11.2,5.58,18.52,20.38,37861,-68.43,62.0,0.981
2023-02-04T08:41:54.000,14.45,-11.42,4.87,18.66,20.38,37862,-68.28,62.0,0.981
2023-02-04T08:42:54.000,14.36,-11.68,4.81,18.67,20.38,37863,-68.13,62.0,0.981
2023-02-04T08:43:54.000,14.32,-11.32,4.79,18.68,20.38,37864,-67.97,61.0,0.981
2023-02-04T08:44:54.000,14.3,-11.52,4.78,18.68,20.38,37865,-67.81,61.0,0.981
2023-02-04T08:45:54.000,14.24,-11.61,4.76,18.69,20.38,37866,-67.66,61.0,0.981
2023-02-04T08:46:54.000,14.22,-11.41,4.75,18.69,20.38,37867,-67.5,61.0,0.981
2023-02-04T08:51:55.000,14.06,-11.52,4.7,18.7,20.38,37872,-66.68,60.0,0.981
2023-02-04T08:52:56.000,14.0,-11.73,4.72,18.7,20.38,37873,-66.51,59.0,0.981
2023-02-04T08:53:56.000,13.94,-11.7,4.77,18.58,20.38,37874,-66.35,59.0,0.981
2023-02-04T08:54:56.000,13.81,-12.13,4.85,18.67,20.38,37875,-66.18,59.0,0.981
2023-02-04T08:58:02.000,13.66,-11.72,4.62,18.72,20.38,37878,-65.65,58.0,0.981
2023-02-04T09:01:02.000,13.43,-11.97,4.55,18.73,20.38,37881,-65.14,58.0,0.981
2023-02-04T09:05:08.000,13.27,-12.0,4.49,18.75,20.38,37885,-64.42,57.0,0.981
2023-02-04T09:06:08.000,13.23,-12.07,4.48,18.75,20.38,37886,-64.24,57.0,0.981
2023-02-04T09:07:09.000,13.17,-12.28,4.46,18.76,20.38,37887,-64.06,57.0,0.981
2023-02-04T09:08:09.000,13.18,-11.85,4.51,18.74,20.38,37888,-63.88,56.0,0.981
2023-02-04T09:09:09.000,13.2,-11.85,4.5,18.75,20.38,37889,-63.7,56.0,0.981
2023-02-04T09:10:09.000,13.16,-11.95,4.49,18.75,20.38,37890,-63.52,56.0,0.981
2023-02-04T09:13:10.000,13.06,-12.03,4.43,18.76,20.38,37893,-62.98,55.0,0.981
2023-02-04T09:27:17.000,12.53,-12.22,4.24,18.81,20.38,37907,-60.34,52.0,0.981
2023-02-04T09:28:17.000,12.5,-12.28,4.27,18.81,20.38,37908,-60.15,52.0,0.981
2023-02-04T09:29:17.000,12.51,-11.93,4.32,18.79,20.38,37909,-59.96,52.0,0.981
2023-02-04T09:31:24.000,12.46,-12.06,4.46,18.76,20.38,37911,-59.56,52.0,0.981
2023-02-04T09:32:24.000,12.48,-11.93,4.49,18.75,20.38,37912,-59.37,51.0,0.981
2023-02-04T09:33:24.000,12.47,-12.27,4.46,18.76,20.38,37913,-59.17,51.0,0.981
2023-02-04T09:34:24.000,12.38,-12.3,4.4,18.77,20.38,37914,-58.98,51.0,0.981
2023-02-04T09:35:25.000,12.31,-12.54,4.25,18.81,20.38,37915,-58.78,51.0,0.981
2023-02-04T09:39:31.000,12.1,-12.54,4.07,18.86,20.38,37919,-57.98,50.0,0.982
2023-02-04T09:40:31.000,12.05,-12.74,4.04,18.86,20.38,37920,-57.79,50.0,0.982
2023-02-04T09:41:31.000,11.97,-12.87,4.03,18.87,20.38,37921,-57.59,49.0,0.982
2023-02-04T09:42:31.000,11.95,-12.63,4.01,18.87,20.38,37922,-57.4,49.0,0.982
2023-02-04T09:43:31.000,11.97,-12.59,4.0,18.87,20.38,37923,-57.2,49.0,0.982
2023-02-04T09:44:32.000,12.01,-12.41,3.99,18.88,20.38,37924,-57.0,49.0,0.982
2023-02-04T09:45:32.000,12.03,-12.67,4.03,18.87,20.38,37925,-56.8,49.0,0.982
2023-02-04T09:46:33.000,11.98,-12.79,4.04,18.87,20.38,37926,-56.6,48.0,0.982
2023-02-04T09:47:33.000,11.98,-12.47,4.03,18.87,20.38,37927,-56.4,48.0,0.982
2023-02-04T09:48:33.000,12.04,-12.47,3.98,18.88,20.38,37928,-56.21,48.0,0.982
2023-02-04T09:49:33.000,12.04,-12.73,3.95,18.89,20.38,37929,-56.01,48.0,0.982
2023-02-04T09:50:33.000,12.04,-12.63,3.95,18.89,20.38,37930,-55.81,48.0,0.982
2023-02-04T09:51:33.000,12.02,-12.75,3.95,18.89,20.38,37931,-55.61,47.0,0.982
2023-02-04T09:52:33.000,11.94,-13.14,3.93,18.89,20.38,37932,-55.41,47.0,0.982
2023-02-04T09:53:34.000,11.92,-12.7,3.89,18.91,20.38,37933,-55.21,47.0,0.982
2023-02-04T09:54:34.000,11.88,-12.68,3.9,18.9,20.38,37934,-55.01,47.0,0.982
2023-02-04T09:55:34.000,11.85,-12.79,4.0,18.88,20.38,37935,-54.81,46.0,0.982
2023-02-04T09:56:34.000,11.79,-13.01,4.09,18.85,20.38,37936,-54.61,46.0,0.982
2023-02-04T09:57:38.000,11.7,-12.97,4.2,18.82,20.38,37937,-54.39,46.0,0.982
2023-02-04T09:58:38.000,11.73,-12.63,4.5,18.75,20.38,37938,-54.19,46.0,0.982
2023-02-04T09:59:42.000,11.66,-12.8,4.61,18.72,20.38,37939,-53.98,46.0,0.982
2023-02-04T10:00:42.000,11.65,-12.68,4.65,18.71,20.38,37940,-53.77,45.0,0.982
2023-02-04T10:01:43.000,11.56,-12.89,4.48,18.75,20.38,37941,-53.57,45.0,0.982
2023-02-04T10:02:43.000,11.56,-12.42,4.28,18.8,20.38,37942,-53.37,45.0,0.982
2023-02-04T10:03:43.000,11.65,-12.31,4.19,18.82,20.38,37943,-53.16,45.0,0.982
2023-02-04T10:04:43.000,11.67,-12.43,4.2,18.82,20.38,37944,-52.96,45.0,0.982
2023-02-04T10:05:44.000,11.69,-12.41,4.4,18.77,20.38,37945,-52.76,44.0,0.982
2023-02-04T10:06:44.000,11.69,-12.45,4.75,18.69,20.38,37946,-52.55,44.0,0.982
2023-02-04T10:07:44.000,11.67,-12.36,5.11,18.61,20.38,37947,-52.35,44.0,0.982
2023-02-04T10:08:44.000,11.68,-12.24,5.01,18.63,20.38,37948,-52.15,44.0,0.982
2023-02-04T10:09:44.000,11.72,-12.06,4.84,18.67,20.38,37949,-51.94,44.0,0.982
2023-02-04T10:10:44.000,11.76,-12.05,5.06,18.62,20.38,37950,-51.74,43.0,0.982
2023-02-04T10:11:45.000,11.75,-12.12,5.52,18.53,20.38,37951,-51.53,43.0,0.982
2023-02-04T10:12:45.000,11.75,-11.85,5.77,18.48,20.38,37952,-51.33,43.0,0.982
2023-02-04T10:13:45.000,11.78,-11.63,5.66,18.5,20.38,37953,-51.12,43.0,0.982
2023-02-04T10:14:45.000,11.81,-11.47,5.59,18.51,20.38,37954,-50.92,43.0,0.982
2023-02-04T10:15:46.000,11.81,-11.39,5.48,18.53,20.38,37955,-50.71,42.0,0.982
2023-02-04T10:16:46.000,11.81,-11.15,5.78,18.47,20.38,37956,-50.5,42.0,0.982
2023-02-04T10:17:46.000,11.8,-11.13,6.5,18.35,20.38,37957,-50.3,42.0,0.982
2023-02-04T10:18:47.000,11.76,-11.12,7.64,18.17,20.38,37958,-50.09,42.0,0.982
2023-02-04T10:19:47.000,11.72,-11.0,7.2,18.24,20.38,37959,-49.88,41.0,0.982
2023-02-04T10:20:47.000,11.65,-11.23,7.05,18.26,20.38,37960,-49.68,41.0,0.982
2023-02-04T10:21:49.000,11.66,-10.92,6.04,18.43,20.38,37961,-49.47,41.0,0.982
2023-02-04T10:22:49.000,11.73,-10.83,5.45,18.54,20.38,37962,-49.26,41.0,0.982
2023-02-04T10:23:49.000,11.78,-10.89,5.71,18.49,20.38,37963,-49.05,41.0,0.982
2023-02-04T10:24:49.000,11.79,-11.06,6.06,18.42,20.38,37964,-48.85,40.0,0.982
2023-02-04T10:26:51.000,11.74,-11.37,5.36,18.56,20.38,37966,-48.43,40.0,0.982
2023-02-04T10:27:51.000,11.72,-11.66,4.64,18.71,20.38,37967,-48.22,40.0,0.982
2023-02-04T10:28:51.000,11.61,-11.99,4.27,18.8,20.38,37968,-48.01,40.0,0.982
2023-02-04T10:29:51.000,11.56,-11.9,4.14,18.84,20.38,37969,-47.81,39.0,0.982
2023-02-04T10:30:52.000,11.56,-11.86,4.67,18.71,20.38,37970,-47.59,39.0,0.982
2023-02-04T10:31:52.000,11.58,-11.82,4.83,18.67,20.38,37971,-47.39,39.0,0.982
2023-02-04T10:32:52.000,11.61,-11.8,4.91,18.65,20.38,37972,-47.18,39.0,0.982
2023-02-04T10:33:52.000,11.63,-11.82,5.38,18.55,20.38,37973,-46.97,39.0,0.982
2023-02-04T10:34:52.000,11.61,-11.93,5.26,18.58,20.38,37974,-46.76,38.0,0.982
2023-02-04T10:36:59.000,11.67,-11.81,4.52,18.74,20.38,37976,-46.32,38.0,0.982
2023-02-04T10:37:59.000,11.72,-11.97,4.16,18.83,20.38,37977,-46.12,38.0,0.983
2023-02-04T10:38:59.000,11.73,-12.2,4.01,18.87,20.38,37978,-45.91,38.0,0.983
2023-02-04T10:39:59.000,11.69,-12.45,4.21,18.82,20.38,37979,-45.7,37.0,0.983
2023-02-04T10:40:59.000,11.63,-12.65,4.42,18.77,20.38,37980,-45.49,37.0,0.983
2023-02-04T10:41:59.000,11.58,-12.9,4.04,18.86,20.38,37981,-45.28,37.0,0.983
2023-02-04T10:42:59.000,11.49,-12.95,3.73,18.95,20.38,37982,-45.07,37.0,0.983
2023-02-04T10:43:59.000,11.42,-13.11,3.57,19.0,20.38,37983,-44.87,37.0,0.983
2023-02-04T10:45:00.000,11.37,-13.12,3.46,19.03,20.38,37984,-44.65,36.0,0.983
2023-02-04T10:46:01.000,11.32,-13.1,3.42,19.05,20.38,37985,-44.44,36.0,0.983
2023-02-04T10:47:01.000,11.29,-13.14,3.39,19.05,20.38,37986,-44.23,36.0,0.983
2023-02-04T10:48:01.000,11.27,-13.08,3.38,19.06,20.38,37987,-44.02,36.0,0.983
2023-02-04T10:51:01.000,11.3,-12.98,3.34,19.07,20.38,37990,-43.39,35.0,0.983
2023-02-04T10:53:02.000,11.27,-13.3,3.32,19.08,20.38,37992,-42.97,35.0,0.983
2023-02-04T10:54:02.000,11.29,-13.05,3.31,19.08,20.38,37993,-42.76,34.0,0.983
2023-02-04T10:55:02.000,11.29,-13.12,3.3,19.08,20.38,37994,-42.55,34.0,0.983
2023-02-04T10:56:03.000,11.32,-12.92,3.29,19.09,20.38,37995,-42.34,34.0,0.983
2023-02-04T10:58:04.000,11.36,-13.12,3.28,19.09,20.38,37997,-41.92,34.0,0.983
2023-02-04T10:59:04.000,11.32,-13.07,3.27,19.1,20.38,37998,-41.71,33.0,0.983
2023-02-04T11:00:04.000,11.34,-12.89,3.26,19.1,20.38,37999,-41.5,33.0,0.983
2023-02-04T11:01:05.000,11.35,-12.87,3.25,19.1,20.38,38000,-41.28,33.0,0.983
2023-02-04T11:02:05.000,11.35,-12.84,3.24,19.1,20.38,38001,-41.07,33.0,0.983
2023-02-04T11:04:11.000,11.42,-12.71,3.21,19.12,20.38,38003,-40.63,32.0,0.983
2023-02-04T11:05:12.000,11.42,-12.72,3.21,19.11,20.38,38004,-40.42,32.0,0.983
2023-02-04T11:06:12.000,11.43,-12.7,3.2,19.12,20.38,38005,-40.21,32.0,0.983
2023-02-04T11:07:12.000,11.46,-12.7,3.2,19.12,20.38,38006,-39.99,32.0,0.983
2023-02-04T11:08:12.000,11.44,-12.96,3.19,19.12,20.38,38007,-39.78,32.0,0.983
2023-02-04T11:09:12.000,11.29,-13.26,3.18,19.12,20.38,38008,-39.57,31.0,0.983
2023-02-04T11:10:13.000,11.22,-13.06,3.18,19.12,20.38,38009,-39.36,31.0,0.983
2023-02-04T11:11:13.000,11.2,-12.82,3.17,19.13,20.38,38010,-39.15,31.0,0.983
2023-02-04T11:12:13.000,11.2,-12.82,3.17,19.13,20.38,38011,-38.94,31.0,0.983
2023-02-04T11:13:13.000,11.23,-12.64,3.16,19.13,20.38,38012,-38.73,31.0,0.983
2023-02-04T11:14:13.000,11.27,-12.8,3.16,19.13,20.38,38013,-38.52,30.0,0.983
2023-02-04T11:15:13.000,11.22,-12.95,3.15,19.13,20.38,38014,-38.31,30.0,0.983
2023-02-04T11:16:13.000,11.16,-12.88,3.14,19.14,20.38,38015,-38.09,30.0,0.983
2023-02-04T11:17:14.000,11.16,-12.78,3.13,19.14,20.38,38016,-37.88,30.0,0.983
2023-02-04T11:18:14.000,11.18,-12.82,3.13,19.14,20.38,38017,-37.67,30.0,0.983
2023-02-04T11:19:14.000,11.08,-13.36,3.13,19.14,20.38,38018,-37.46,29.0,0.983
2023-02-04T11:20:14.000,10.93,-13.54,3.12,19.14,20.38,38019,-37.25,29.0,0.983
2023-02-04T11:22:15.000,10.74,-13.51,3.13,19.14,20.38,38021,-36.82,29.0,0.983
2023-02-04T11:23:15.000,10.62,-13.61,3.12,19.14,20.38,38022,-36.61,29.0,0.983
2023-02-04T11:24:15.000,10.53,-13.51,3.11,19.15,20.38,38023,-36.4,28.0,0.983
2023-02-04T11:25:15.000,10.49,-13.22,3.1,19.15,20.38,38024,-36.19,28.0,0.983
2023-02-04T11:27:21.000,10.47,-13.17,3.09,19.16,20.38,38026,-35.74,28.0,0.983
2023-02-04T11:28:21.000,10.51,-13.19,3.08,19.16,20.38,38027,-35.53,27.0,0.983
2023-02-04T11:29:21.000,10.47,-13.32,3.07,19.16,20.38,38028,-35.32,27.0,0.983
2023-02-04T11:30:22.000,10.46,-13.15,3.06,19.16,20.38,38029,-35.11,27.0,0.983
2023-02-04T11:31:22.000,10.47,-13.21,3.06,19.17,20.38,38030,-34.89,27.0,0.983
2023-02-04T11:32:22.000,10.41,-13.29,3.05,19.17,20.38,38031,-34.68,27.0,0.983
2023-02-04T11:37:29.000,10.4,-13.25,3.02,19.18,20.38,38036,-33.6,26.0,0.983
2023-02-04T11:38:30.000,10.37,-13.11,3.02,19.18,20.38,38037,-33.39,25.0,0.983
2023-02-04T11:39:30.000,10.36,-13.12,3.04,19.17,20.38,38038,-33.17,25.0,0.983
2023-02-04T11:40:30.000,10.31,-13.35,3.04,19.17,20.38,38039,-32.96,25.0,0.984
2023-02-04T11:41:31.000,10.33,-13.19,2.99,19.19,20.38,38040,-32.75,25.0,0.984
2023-02-04T11:42:31.000,10.33,-13.26,2.98,19.19,20.38,38041,-32.54,25.0,0.984
2023-02-04T11:43:32.000,10.27,-13.45,2.98,19.2,20.38,38042,-32.32,24.0,0.984
2023-02-04T11:44:32.000,10.26,-13.23,2.97,19.2,20.38,38043,-32.11,24.0,0.984
2023-02-04T11:45:33.000,10.33,-13.14,2.97,19.2,20.38,38044,-31.89,24.0,0.984
2023-02-04T11:46:33.000,10.35,-13.4,2.99,19.19,20.38,38045,-31.68,24.0,0.984
2023-02-04T11:47:33.000,10.29,-13.57,3.02,19.18,20.38,38046,-31.47,24.0,0.984
2023-02-04T11:48:33.000,10.26,-13.49,3.01,19.18,20.38,38047,-31.26,23.0,0.984
2023-02-04T11:49:34.000,10.29,-13.25,3.0,19.19,20.38,38048,-31.04,23.0,0.984
2023-02-04T11:50:34.000,10.36,-13.27,2.96,19.2,20.38,38049,-30.83,23.0,0.984
2023-02-04T11:51:36.000,10.4,-13.4,2.92,19.22,20.38,38050,-30.61,23.0,0.984
2023-02-04T11:53:42.000,10.36,-13.36,2.91,19.22,20.38,38052,-30.17,22.0,0.984
2023-02-04T11:55:42.000,10.38,-13.35,2.89,19.23,20.38,38054,-29.75,22.0,0.984
2023-02-04T11:56:42.000,10.41,-13.26,2.88,19.23,20.38,38055,-29.54,22.0,0.984
2023-02-04T11:57:43.000,10.41,-13.4,2.87,19.24,20.38,38056,-29.32,22.0,0.984
2023-02-04T11:58:43.000,10.37,-13.52,2.85,19.24,20.38,38057,-29.11,21.0,0.984
2023-02-04T11:59:44.000,10.34,-13.52,2.84,19.25,20.38,38058,-28.89,21.0,0.984
2023-02-04T12:00:45.000,10.32,-13.53,2.82,19.25,20.38,38059,-28.68,21.0,0.984
2023-02-04T12:01:45.000,10.34,-13.42,2.83,19.25,20.38,38060,-28.47,21.0,0.984
2023-02-04T12:02:45.000,10.37,-13.35,2.81,19.26,20.38,38061,-28.26,21.0,0.984
2023-02-04T12:03:46.000,10.4,-13.41,2.79,19.26,20.38,38062,-28.04,20.0,0.984
2023-02-04T12:04:46.000,10.39,-13.56,2.79,19.27,20.38,38063,-27.83,20.0,0.984
2023-02-04T12:05:46.000,10.41,-13.42,2.79,19.27,20.38,38064,-27.62,20.0,0.984
