Downloads/jupyter/ECSV/stars19/stars19_2019-12.ecsv
# %ECSV 1.0
# ---
# datatype:
# - {name: time, datatype: string}
# - {name: Enclosure Temperature, unit: deg_C, datatype: float64}
# - {name: Sky Temperature, unit: deg_C, datatype: float64}
# - {name: Frequency, unit: Hz, datatype: float64}
# - {name: MSAS, unit: mag / arcsec2, datatype: float64}
# - {name: ZP, datatype: float64}
# - {name: Sequence Number, datatype: int64}
# - {name: Sun Alt, unit: deg, datatype: float64}
# - {name: Moon Alt, unit: deg, datatype: float64}
# - {name: Moon Illumination, datatype: float64}
# delimiter: ','
# meta: !!omap
# - ida:
#     Data supplier: {affiliation: null, observer: null}
#     Device type: TESS-W
#     Field of view: 17.0
#     Filters per channel: None
#     Instrument ID: stars19
#     License: ODbL 1.0 http://opendatacommons.org/licenses/odbl/summary/
#     Local timezone: America/Phoenix
#     Location name: {country: '- Tucson', place: Tucson, region: United States, sub_region: Arizona, town: Pima County}
#     Measurement direction per channel: {azimuth: 0.0, zenital: 0.0}
#     Moving / Fixed look direction: FIXED
#     Moving / Stationary position: STATIONARY
#     Number of channels: 1
#     Number of fields per line: 8
#     Number of header lines: 35
#     Position: {height: 0.0, latitude: 32.223877, longitude: -110.767532}
#     TESS MAC address: 18:FE:34:CF:EC:06
#     TESS cover offset value: 0.0
#     TESS firmware version: '1.0'
#     TESS zero point: 20.5
#     Time Synchronization: timestamp added by MQTT subscriber
#     URL: http://www.darksky.org/NSBM/sdf1.0.pdf
# - __serialized_columns__:
#     Enclosure Temperature:
#       __class__: astropy.units.quantity.Quantity
#       unit: &id001 !astropy.units.Unit {unit: deg_C}
#       value: !astropy.table.SerializedColumn {name: Enclosure Temperature}
#     Frequency:
#       __class__: astropy.units.quantity.Quantity
#       unit: !astropy.units.Unit {unit: Hz}
#       value: !astropy.table.SerializedColumn {name: Frequency}
#     MSAS:
#       __class__: astropy.units.quantity.Quantity
#       unit: !astropy.units.Unit {unit: mag / arcsec2}
#       value: !astropy.table.SerializedColumn {name: MSAS}
#     Moon Alt:
#       __class__: astropy.units.quantity.Quantity
#       unit: &id002 !astropy.units.Unit {unit: deg}
#       value: !astropy.table.SerializedColumn {name: Moon Alt}
#     Sky Temperature:
#       __class__: astropy.units.quantity.Quantity
#       unit: *id001
#       value: !astropy.table.SerializedColumn {name: Sky Temperature}
#     Sun Alt:
#       __class__: astropy.units.quantity.Quantity
#       unit: *id002
#       value: !astropy.table.SerializedColumn {name: Sun Alt}
#     time:
#       __class__: astropy.time.core.Time
#       format: isot
#       in_subfmt: '*'
#       out_subfmt: '*'
#       precision: 3
#       scale: utc
#       value: !astropy.table.SerializedColumn {name: time}
# schema: astropy-2.0
time,Enclosure Temperature,Sky Temperature,Frequency,MSAS,ZP,Sequence Number,Sun Alt,Moon Alt,Moon Illumination
[from data line 6981]
2019-12-08T14:44:47.000,17.95,8.34,0.0,0.0,20.5,197069,5.3,-43.0,0.868
2019-12-08T14:45:48.000,17.96,8.28,0.24,0.09,20.5,197070,5.48,-43.0,0.868
2019-12-08T14:52:49.000,17.91,8.12,0.0,0.0,20.5,197077,6.74,-44.0,0.868
2019-12-08T14:53:49.000,17.92,8.08,0.0,0.0,20.5,197078,6.92,-44.0,0.869
2019-12-08T14:54:49.000,17.95,8.41,0.14,0.09,20.5,197079,7.1,-44.0,0.869
2019-12-08T14:55:49.000,18.02,8.89,0.0,0.0,20.5,197080,7.28,-45.0,0.869
2019-12-08T14:56:50.000,18.11,9.14,0.0,0.0,20.5,197081,7.46,-45.0,0.869
2019-12-08T14:57:50.000,18.17,9.13,0.0,0.0,20.5,197082,7.64,-45.0,0.869
2019-12-08T14:58:50.000,18.22,9.0,0.0,0.0,20.5,197083,7.81,-45.0,0.869
2019-12-08T14:59:51.000,18.24,8.9,0.0,0.0,20.5,197084,7.99,-45.0,0.869
2019-12-08T15:00:51.000,18.27,8.99,0.0,0.0,20.5,197085,8.17,-45.0,0.869
2019-12-08T15:01:51.000,18.27,9.11,0.09,0.11,20.5,197086,8.34,-45.0,0.869
2019-12-08T15:10:53.000,17.95,9.53,0.0,0.0,20.5,197095,9.92,-46.0,0.869
2019-12-08T15:11:53.000,17.86,9.28,0.0,0.0,20.5,197096,10.09,-46.0,0.869
2019-12-08T15:12:53.000,17.72,8.68,0.0,0.0,20.5,197097,10.27,-46.0,0.869
2019-12-08T15:13:54.000,17.66,8.88,0.0,0.0,20.5,197098,10.44,-46.0,0.869
2019-12-08T15:14:54.000,17.71,8.9,0.0,0.0,20.5,197099,10.61,-46.0,0.869
2019-12-08T15:16:54.000,17.68,8.74,0.0,0.0,20.5,197101,10.96,-47.0,0.87
2019-12-08T15:19:55.000,17.44,9.2,0.0,0.0,20.5,197104,11.47,-47.0,0.87
2019-12-08T15:20:55.000,17.42,8.94,0.0,0.0,20.5,197105,11.64,-47.0,0.87
2019-12-08T15:21:55.000,17.41,9.4,0.0,0.0,20.5,197106,11.81,-47.0,0.87
2019-12-08T15:28:57.000,17.62,8.75,0.0,0.0,20.5,197113,12.99,-48.0,0.87
2019-12-08T15:29:57.000,17.58,8.26,0.0,0.0,20.5,197114,13.16,-48.0,0.87
2019-12-08T15:30:58.000,17.55,8.31,0.0,0.0,20.5,197115,13.33,-48.0,0.87
2019-12-08T15:34:59.000,17.51,8.4,0.0,0.0,20.5,197119,13.99,-48.0,0.87
2019-12-08T15:35:59.000,17.69,9.03,0.0,0.0,20.5,197120,14.16,-48.0,0.87
2019-12-08T15:36:59.000,17.81,9.12,0.0,0.0,20.5,197121,14.32,-48.0,0.871
2019-12-08T15:46:02.000,18.0,7.73,0.0,0.0,20.5,197130,15.79,-49.0,0.871
2019-12-08T15:47:02.000,18.03,7.74,0.0,0.0,20.5,197131,15.95,-49.0,0.871
2019-12-08T15:48:02.000,18.07,7.58,0.0,0.0,20.5,197132,16.11,-49.0,0.871
2019-12-08T15:51:03.000,17.82,7.23,0.0,0.0,20.5,197135,16.58,-49.0,0.871
2019-12-08T15:52:03.000,17.89,7.24,0.0,0.0,20.5,197136,16.74,-49.0,0.871
2019-12-08T15:53:04.000,17.83,6.92,0.0,0.0,20.5,197137,16.9,-49.0,0.871
2019-12-08T15:55:04.000,17.72,7.13,0.0,0.0,20.5,197139,17.22,-49.0,0.871
2019-12-08T15:56:05.000,17.74,7.32,0.0,0.0,20.5,197140,17.37,-49.0,0.871
2019-12-08T15:57:05.000,17.84,7.62,0.0,0.0,20.5,197141,17.53,-49.0,0.871
2019-12-08T16:00:05.000,17.84,7.24,0.0,0.0,20.5,197144,17.99,-49.0,0.872
2019-12-08T16:01:06.000,17.8,7.15,0.0,0.0,20.5,197145,18.15,-49.0,0.872
2019-12-08T16:04:07.000,17.83,7.43,0.0,0.0,20.5,197148,18.61,-49.0,0.872
2019-12-08T16:05:07.000,17.94,7.54,0.0,0.0,20.5,197149,18.76,-49.0,0.872
2019-12-08T16:06:07.000,17.94,7.32,0.0,0.0,20.5,197150,18.91,-49.0,0.872
2019-12-08T16:11:08.000,18.48,7.99,0.0,0.0,20.5,197155,19.67,-50.0,0.872
2019-12-08T16:12:09.000,18.58,8.06,0.0,0.0,20.5,197156,19.82,-50.0,0.872
2019-12-08T16:13:09.000,18.65,7.92,0.0,0.0,20.5,197157,19.97,-50.0,0.872
2019-12-08T16:16:10.000,18.32,6.99,0.0,0.0,20.5,197160,20.41,-50.0,0.872
2019-12-08T16:17:10.000,18.35,7.26,0.0,0.0,20.5,197161,20.56,-50.0,0.872
2019-12-08T16:18:10.000,18.45,7.41,0.0,0.0,20.5,197162,20.7,-50.0,0.872
2019-12-08T16:44:24.000,20.91,8.42,0.0,0.0,20.5,197188,24.32,-50.0,0.874
2019-12-08T16:45:24.000,20.98,8.45,0.0,0.0,20.5,197189,24.46,-50.0,0.874
2019-12-08T16:46:25.000,21.05,8.15,0.0,0.0,20.5,197190,24.59,-50.0,0.874
2019-12-08T16:48:25.000,21.08,7.95,0.0,0.0,20.5,197192,24.84,-49.0,0.874
2019-12-08T16:52:26.000,21.26,7.9,0.0,0.0,20.5,197196,25.35,-49.0,0.874
2019-12-08T16:53:26.000,21.28,7.73,0.0,0.0,20.5,197197,25.48,-49.0,0.874
2019-12-08T16:54:27.000,21.22,7.24,0.0,0.0,20.5,197198,25.61,-49.0,0.874
2019-12-08T16:55:27.000,21.1,7.49,0.0,0.0,20.5,197199,25.73,-49.0,0.874
2019-12-08T16:57:27.000,21.23,7.76,0.0,0.0,20.5,197201,25.98,-49.0,0.874
2019-12-08T16:58:28.000,21.29,7.69,0.0,0.0,20.5,197202,26.1,-49.0,0.874
2019-12-08T16:59:27.000,21.26,7.28,0.0,0.0,20.5,197203,26.22,-49.0,0.874
2019-12-08T17:00:28.000,21.07,7.0,0.0,0.0,20.5,197204,26.34,-49.0,0.874
2019-12-08T17:01:28.000,20.96,7.27,0.0,0.0,20.5,197205,26.46,-49.0,0.874
2019-12-08T17:05:29.000,20.99,7.54,0.0,0.0,20.5,197209,26.94,-49.0,0.875
2019-12-08T17:06:29.000,21.03,7.6,0.0,0.0,20.5,197210,27.05,-49.0,0.875
2019-12-08T17:07:30.000,21.01,7.39,0.0,0.0,20.5,197211,27.17,-49.0,0.875
2019-12-08T17:08:30.000,20.99,7.57,0.0,0.0,20.5,197212,27.29,-49.0,0.875
2019-12-08T17:11:31.000,21.12,7.44,0.0,0.0,20.5,197215,27.63,-49.0,0.875
2019-12-08T17:12:31.000,21.2,7.82,0.0,0.0,20.5,197216,27.74,-48.0,0.875
2019-12-08T17:13:32.000,21.29,7.82,0.0,0.0,20.5,197217,27.86,-48.0,0.875
2019-12-08T17:19:34.000,21.08,8.17,0.0,0.0,20.5,197223,28.52,-48.0,0.875
2019-12-08T17:20:34.000,21.15,8.25,0.0,0.0,20.5,197224,28.62,-48.0,0.875
2019-12-08T17:21:34.000,21.23,8.23,0.0,0.0,20.5,197225,28.73,-48.0,0.875
2019-12-08T17:25:36.000,21.31,8.19,0.0,0.0,20.5,197229,29.15,-48.0,0.875
2019-12-08T17:26:36.000,21.33,8.25,0.0,0.0,20.5,197230,29.25,-48.0,0.875
2019-12-08T17:31:37.000,21.57,8.44,0.0,0.0,20.5,197235,29.75,-47.0,0.876
2019-12-08T17:37:38.000,21.84,7.98,0.0,0.0,20.5,197241,30.32,-47.0,0.876
2019-12-08T17:38:39.000,21.81,7.86,0.0,0.0,20.5,197242,30.42,-47.0,0.876
2019-12-08T17:39:39.000,21.74,7.87,0.0,0.0,20.5,197243,30.51,-47.0,0.876
2019-12-08T17:40:40.000,21.71,7.86,0.0,0.0,20.5,197244,30.6,-46.0,0.876
2019-12-08T17:41:40.000,21.6,7.57,0.0,0.0,20.5,197245,30.69,-46.0,0.876
2019-12-08T17:42:40.000,21.48,7.7,0.0,0.0,20.5,197246,30.78,-46.0,0.876
2019-12-08T17:44:41.000,21.47,7.86,0.0,0.0,20.5,197248,30.96,-46.0,0.876
2019-12-08T17:45:41.000,21.51,8.16,0.0,0.0,20.5,197249,31.05,-46.0,0.876
2019-12-08T17:51:42.000,21.67,8.13,0.0,0.0,20.5,197255,31.55,-45.0,0.877
2019-12-08T17:52:42.000,21.83,8.29,0.0,0.0,20.5,197256,31.63,-45.0,0.877
2019-12-08T17:53:42.000,21.93,8.13,0.0,0.0,20.5,197257,31.71,-45.0,0.877
2019-12-08T18:11:47.000,22.62,8.57,0.0,0.0,20.5,197275,33.0,-43.0,0.878
2019-12-08T18:12:54.000,22.61,8.48,0.0,0.0,20.5,197276,33.07,-43.0,0.878
2019-12-08T18:13:54.000,22.58,8.14,0.0,0.0,20.5,197277,33.13,-43.0,0.878
2019-12-08T18:15:55.000,22.89,8.49,0.0,0.0,20.5,197279,33.26,-43.0,0.878
2019-12-08T18:16:55.000,23.2,8.65,0.0,0.0,20.5,197280,33.31,-43.0,0.878
2019-12-08T18:17:55.000,23.52,8.43,0.0,0.0,20.5,197281,33.37,-43.0,0.878
2019-12-08T18:24:58.000,24.45,8.12,0.0,0.0,20.5,197288,33.75,-42.0,0.878
2019-12-08T18:25:58.000,24.5,7.82,0.0,0.0,20.5,197289,33.8,-42.0,0.878
2019-12-08T18:26:58.000,24.6,7.83,0.0,0.0,20.5,197290,33.85,-41.0,0.878
2019-12-08T18:28:59.000,24.66,8.55,0.0,0.0,20.5,197292,33.95,-41.0,0.878
2019-12-08T18:29:59.000,24.73,9.05,0.0,0.0,20.5,197293,34.0,-41.0,0.878
2019-12-08T18:30:59.000,24.8,9.15,0.0,0.0,20.5,197294,34.04,-41.0,0.878
2019-12-08T18:41:03.000,24.86,9.81,0.0,0.0,20.5,197304,34.44,-40.0,0.879
2019-12-08T18:42:04.000,24.91,9.82,0.0,0.0,20.5,197305,34.48,-39.0,0.879
2019-12-08T18:43:04.000,25.05,9.93,0.0,0.0,20.5,197306,34.51,-39.0,0.879
2019-12-08T18:45:04.000,25.32,10.15,0.0,0.0,20.5,197308,34.57,-39.0,0.879
2019-12-08T18:48:05.000,25.49,10.55,0.0,0.0,20.5,197311,34.66,-39.0,0.879
2019-12-08T18:52:06.000,25.46,10.55,0.0,0.0,20.5,197315,34.76,-38.0,0.879
2019-12-08T18:53:06.000,25.46,10.75,0.0,0.0,20.5,197316,34.79,-38.0,0.879
2019-12-08T18:54:06.000,25.48,10.7,0.0,0.0,20.5,197317,34.81,-38.0,0.879
2019-12-08T18:55:06.000,25.48,10.74,0.0,0.0,20.5,197318,34.83,-38.0,0.879
2019-12-08T18:56:07.000,25.48,10.55,0.0,0.0,20.5,197319,34.85,-37.0,0.88
2019-12-08T18:57:07.000,25.5,10.58,0.0,0.0,20.5,197320,34.87,-37.0,0.88
2019-12-08T19:02:09.000,25.62,10.09,0.0,0.0,20.5,197325,34.95,-36.0,0.88
2019-12-08T19:03:09.000,25.61,10.07,0.0,0.0,20.5,197326,34.96,-36.0,0.88
2019-12-08T19:05:09.000,25.57,10.02,0.0,0.0,20.5,197328,34.98,-36.0,0.88
2019-12-08T19:06:10.000,25.52,10.12,0.0,0.0,20.5,197329,34.99,-36.0,0.88
2019-12-08T19:07:10.000,25.45,10.06,0.0,0.0,20.5,197330,35.0,-36.0,0.88
2019-12-08T19:08:10.000,25.34,10.01,0.0,0.0,20.5,197331,35.01,-36.0,0.88
2019-12-08T19:09:11.000,25.28,10.2,0.0,0.0,20.5,197332,35.02,-35.0,0.88
2019-12-08T19:10:11.000,25.3,9.95,0.0,0.0,20.5,197333,35.02,-35.0,0.88
2019-12-08T19:16:13.000,26.34,9.05,0.0,0.0,20.5,197339,35.03,-34.0,0.88
2019-12-08T19:17:13.000,26.34,8.35,0.0,0.0,20.5,197340,35.03,-34.0,0.88
2019-12-08T19:18:13.000,26.34,8.73,0.0,0.0,20.5,197341,35.03,-34.0,0.88
2019-12-08T19:20:14.000,26.19,10.48,0.0,0.0,20.5,197343,35.02,-34.0,0.881
2019-12-08T19:21:14.000,26.06,10.27,0.0,0.0,20.5,197344,35.01,-34.0,0.881
2019-12-08T19:22:14.000,26.08,10.69,0.0,0.0,20.5,197345,35.0,-33.0,0.881
2019-12-08T19:36:18.000,25.47,9.9,0.0,0.0,20.5,197359,34.8,-31.0,0.881
2019-12-08T19:37:18.000,25.35,9.13,0.0,0.0,20.5,197360,34.77,-31.0,0.881
2019-12-08T19:38:18.000,25.4,9.2,0.0,0.0,20.5,197361,34.75,-31.0,0.881
2019-12-08T19:40:18.000,25.66,8.37,0.0,0.0,20.5,197363,34.7,-30.0,0.881
2019-12-08T19:41:19.000,25.79,8.06,0.0,0.0,20.5,197364,34.67,-30.0,0.882
2019-12-08T19:42:19.000,25.86,7.91,0.0,0.0,20.5,197365,34.64,-30.0,0.882
2019-12-08T19:50:22.000,26.24,7.41,0.0,0.0,20.5,197373,34.38,-29.0,0.882
2019-12-08T19:51:22.000,26.32,8.09,0.0,0.0,20.5,197374,34.35,-28.0,0.882
2019-12-08T19:52:22.000,26.29,8.15,0.0,0.0,20.5,197375,34.31,-28.0,0.882
2019-12-08T19:58:23.000,26.04,10.29,0.0,0.0,20.5,197381,34.06,-27.0,0.882
2019-12-08T19:59:24.000,25.92,9.95,0.0,0.0,20.5,197382,34.01,-27.0,0.882
2019-12-08T20:00:24.000,25.85,9.8,0.0,0.0,20.5,197383,33.97,-27.0,0.882
2019-12-08T20:01:31.000,25.83,9.35,0.0,0.0,20.5,197384,33.91,-27.0,0.882
2019-12-08T20:02:31.000,25.85,8.83,0.0,0.0,20.5,197385,33.87,-27.0,0.882
2019-12-08T20:03:31.000,25.9,9.11,0.0,0.0,20.5,197386,33.82,-26.0,0.882
2019-12-08T20:07:33.000,26.16,10.17,0.0,0.0,20.5,197390,33.61,-26.0,0.883
2019-12-08T20:08:33.000,26.21,9.85,0.0,0.0,20.5,197391,33.56,-25.0,0.883
2019-12-08T20:09:33.000,26.28,9.33,0.0,0.0,20.5,197392,33.5,-25.0,0.883
2019-12-08T20:22:38.000,25.87,10.15,0.0,0.0,20.5,197405,32.7,-23.0,0.883
2019-12-08T20:23:38.000,25.94,10.88,0.0,0.0,20.5,197406,32.63,-23.0,0.883
2019-12-08T20:24:38.000,25.87,10.57,0.0,0.0,20.5,197407,32.56,-23.0,0.883
2019-12-08T20:26:39.000,25.63,11.17,0.0,0.0,20.5,197409,32.42,-22.0,0.884
2019-12-08T20:27:39.000,25.63,11.18,0.0,0.0,20.5,197410,32.35,-22.0,0.884
2019-12-08T20:28:40.000,25.59,11.19,0.0,0.0,20.5,197411,32.28,-22.0,0.884
2019-12-08T20:35:41.000,25.12,10.57,0.0,0.0,20.5,197418,31.74,-21.0,0.884
2019-12-08T20:36:41.000,25.19,10.77,0.0,0.0,20.5,197419,31.66,-20.0,0.884
2019-12-08T20:37:42.000,25.31,10.53,0.0,0.0,20.5,197420,31.58,-20.0,0.884
2019-12-08T20:43:43.000,25.32,7.41,0.0,0.0,20.5,197426,31.08,-19.0,0.884
2019-12-08T20:44:43.000,25.28,6.96,0.0,0.0,20.5,197427,30.99,-19.0,0.884
2019-12-08T20:45:43.000,25.3,7.04,0.0,0.0,20.5,197428,30.9,-19.0,0.884
2019-12-08T21:01:48.000,25.49,7.58,0.0,0.0,20.5,197444,29.39,-16.0,0.885
2019-12-08T21:02:48.000,25.44,8.25,0.0,0.0,20.5,197445,29.29,-15.0,0.885
2019-12-08T21:03:49.000,25.22,7.87,0.0,0.0,20.5,197446,29.18,-15.0,0.885
2019-12-08T21:06:50.000,24.73,7.61,0.0,0.0,20.5,197449,28.87,-15.0,0.885
2019-12-08T21:08:50.000,24.52,8.02,0.0,0.0,20.5,197451,28.66,-14.0,0.885
2019-12-08T21:09:50.000,24.47,7.97,0.0,0.0,20.5,197452,28.56,-14.0,0.885
2019-12-08T21:10:51.000,24.39,7.98,0.0,0.0,20.5,197453,28.45,-14.0,0.885
2019-12-08T21:28:56.000,24.47,8.27,0.0,0.0,20.5,197471,26.39,-10.0,0.886
2019-12-08T21:29:56.000,24.53,8.08,0.0,0.0,20.5,197472,26.27,-10.0,0.886
2019-12-08T21:30:56.000,24.53,8.08,0.0,0.0,20.5,197473,26.14,-10.0,0.886
2019-12-08T21:34:57.000,24.42,9.3,0.0,0.0,20.5,197477,25.65,-9.0,0.887
2019-12-08T21:35:58.000,24.34,9.3,0.0,0.0,20.5,197478,25.52,-9.0,0.887
2019-12-08T21:36:58.000,24.3,9.49,0.0,0.0,20.5,197479,25.4,-9.0,0.887
2019-12-08T21:37:58.000,24.26,9.38,0.0,0.0,20.5,197480,25.27,-9.0,0.887
2019-12-08T21:46:59.000,23.93,9.87,0.0,0.0,20.5,197489,24.11,-7.0,0.887
2019-12-08T21:47:59.000,24.02,9.66,0.0,0.0,20.5,197490,23.98,-7.0,0.887
2019-12-08T21:48:59.000,24.06,9.41,0.0,0.0,20.5,197491,23.85,-6.0,0.887
2019-12-08T21:51:00.000,24.11,9.32,0.0,0.0,20.5,197493,23.58,-6.0,0.887
2019-12-08T21:52:00.000,24.15,9.12,0.0,0.0,20.5,197494,23.45,-6.0,0.887
2019-12-08T21:53:00.000,24.23,8.8,0.0,0.0,20.5,197495,23.31,-6.0,0.887
2019-12-08T21:54:01.000,24.3,8.57,0.0,0.0,20.5,197496,23.17,-5.0,0.887
2019-12-08T21:55:01.000,24.31,8.24,0.0,0.0,20.5,197497,23.04,-5.0,0.887
2019-12-08T21:56:01.000,24.32,6.97,0.0,0.0,20.5,197498,22.9,-5.0,0.887
2019-12-08T22:01:02.000,24.55,5.36,0.0,0.0,20.5,197503,22.21,-4.0,0.888
2019-12-08T22:07:03.000,24.0,8.37,0.0,0.0,20.5,197509,21.36,-3.0,0.888
2019-12-08T22:08:03.000,23.98,8.17,0.0,0.0,20.5,197510,21.21,-2.0,0.888
2019-12-08T22:09:04.000,23.94,8.27,0.0,0.0,20.5,197511,21.07,-2.0,0.888
2019-12-08T22:10:04.000,23.9,8.31,0.0,0.0,20.5,197512,20.92,-2.0,0.888
2019-12-08T22:11:04.000,23.93,8.37,0.0,0.0,20.5,197513,20.78,-2.0,0.888
2019-12-08T22:15:05.000,23.66,8.5,0.0,0.0,20.5,197517,20.19,-1.0,0.888
2019-12-08T22:17:05.000,23.52,8.11,0.0,0.0,20.5,197519,19.9,-1.0,0.888
2019-12-08T22:21:06.000,23.65,6.21,0.0,0.0,20.5,197523,19.3,0.0,0.889
2019-12-08T22:22:06.000,23.61,6.24,0.0,0.0,20.5,197524,19.15,0.0,0.889
2019-12-08T22:23:07.000,23.59,6.58,0.0,0.0,20.5,197525,19.0,1.0,0.889
2019-12-08T22:27:08.000,23.56,6.1,0.0,0.0,20.5,197529,18.39,1.0,0.889
2019-12-08T22:28:08.000,23.53,6.74,0.0,0.0,20.5,197530,18.23,2.0,0.889
2019-12-08T22:29:08.000,23.54,6.9,0.0,0.0,20.5,197531,18.08,2.0,0.889
2019-12-08T22:32:09.000,23.44,7.84,0.0,0.0,20.5,197534,17.61,2.0,0.889
2019-12-08T22:33:10.000,23.33,8.23,0.0,0.0,20.5,197535,17.46,3.0,0.889
2019-12-08T22:34:10.000,23.23,8.48,0.0,0.0,20.5,197536,17.3,3.0,0.889
2019-12-08T22:37:10.000,23.08,8.76,0.0,0.0,20.5,197539,16.83,3.0,0.889
2019-12-08T22:38:11.000,23.11,8.77,0.0,0.0,20.5,197540,16.67,4.0,0.889
2019-12-08T22:39:11.000,23.19,8.69,0.0,0.0,20.5,197541,16.51,4.0,0.889
2019-12-08T22:42:11.000,23.1,8.77,0.0,0.0,20.5,197544,16.03,4.0,0.889
2019-12-08T22:43:12.000,23.08,8.76,0.0,0.0,20.5,197545,15.87,5.0,0.889
2019-12-08T22:45:12.000,23.02,7.95,0.0,0.0,20.5,197547,15.55,5.0,0.89
2019-12-08T23:01:14.000,22.58,7.81,0.0,0.0,20.5,197563,12.92,8.0,0.89
2019-12-08T23:02:15.000,22.61,7.04,0.0,0.0,20.5,197564,12.75,9.0,0.89
2019-12-08T23:03:15.000,22.64,6.38,0.0,0.0,20.5,197565,12.59,9.0,0.89
2019-12-08T23:23:20.000,22.67,7.56,0.0,0.0,20.5,197585,9.15,13.0,0.891
2019-12-08T23:24:20.000,22.68,8.07,0.0,0.0,20.5,197586,8.97,13.0,0.891
2019-12-08T23:25:20.000,22.71,8.03,0.0,0.0,20.5,197587,8.8,13.0,0.891
2019-12-08T23:28:21.000,22.73,6.85,0.0,0.0,20.5,197590,8.27,14.0,0.891
2019-12-08T23:29:21.000,22.76,7.08,0.0,0.0,20.5,197591,8.09,14.0,0.891
2019-12-08T23:30:21.000,22.75,7.17,0.0,0.0,20.5,197592,7.92,14.0,0.891
2019-12-08T23:31:21.000,22.77,6.19,0.0,0.0,20.5,197593,7.74,15.0,0.892
2019-12-08T23:34:22.000,22.73,7.17,0.0,0.0,20.5,197596,7.2,15.0,0.892
2019-12-08T23:35:23.000,22.72,7.58,0.0,0.0,20.5,197597,7.02,15.0,0.892
2019-12-08T23:36:23.000,22.72,7.47,0.0,0.0,20.5,197598,6.84,16.0,0.892
2019-12-08T23:38:23.000,22.7,7.09,0.0,0.0,20.5,197600,6.49,16.0,0.892
2019-12-08T23:39:24.000,22.67,6.54,0.0,0.0,20.5,197601,6.3,16.0,0.892
2019-12-08T23:40:24.000,22.63,5.78,0.0,0.0,20.5,197602,6.13,16.0,0.892
2019-12-08T23:53:26.000,22.3,7.88,0.0,0.0,20.5,197615,3.76,19.0,0.892
2019-12-08T23:54:26.000,22.24,7.79,0.0,0.0,20.5,197616,3.58,19.0,0.893
2019-12-08T23:55:26.000,22.18,7.78,0.0,0.0,20.5,197617,3.39,20.0,0.893
2019-12-09T00:09:29.000,21.71,7.22,0.0,0.0,20.5,197631,0.79,23.0,0.893
2019-12-09T00:10:29.000,21.66,7.28,0.0,0.0,20.5,197632,0.6,23.0,0.893
2019-12-09T00:11:30.000,21.62,7.3,0.0,0.0,20.5,197633,0.41,23.0,0.893
2019-12-09T00:16:31.000,21.47,7.49,48689.84,8.66,20.5,197638,-0.53,24.0,0.893
