Downloads/jupyter/ECSV/stars19/stars19_2024-03.ecsv
# %ECSV 1.0
# ---
# datatype:
# - {name: time, datatype: string}
# - {name: Enclosure Temperature, unit: deg_C, datatype: float64}
# - {name: Sky Temperature, unit: deg_C, datatype: float64}
# - {name: Frequency, unit: Hz, datatype: float64}
# - {name: MSAS, unit: mag / arcsec2, datatype: float64}
# - {name: ZP, datatype: float64}
# - {name: Sequence Number, datatype: int64}
# - {name: Sun Alt, unit: deg, datatype: float64}
# - {name: Moon Alt, unit: deg, datatype: float64}
# - {name: Moon Illumination, datatype: float64}
# delimiter: ','
# meta: !!omap
# - ida:
#     Data supplier: {affiliation: null, observer: null}
#     Device type: TESS-W
#     Field of view: 17.0
#     Filters per channel: None
#     Instrument ID: stars19
#     License: ODbL 1.0 http://opendatacommons.org/licenses/odbl/summary/
#     Local timezone: America/Phoenix
#     Location name: {country: '- Tucson', place: Tucson, region: United States, sub_region: Arizona, town: Pima County}
#     Measurement direction per channel: {azimuth: 0.0, zenital: 0.0}
#     Moving / Fixed look direction: FIXED
#     Moving / Stationary position: STATIONARY
#     Number of channels: 1
#     Number of fields per line: 8
#     Number of header lines: 35
#     Position: {height: 0.0, latitude: 32.223877, longitude: -110.767532}
#     TESS MAC address: 18:FE:34:CF:EC:06
#     TESS cover offset value: 0.0
#     TESS firmware version: '1.0'
#     TESS zero point: 20.38
#     Time Synchronization: timestamp added by MQTT subscriber
#     URL: http://www.darksky.org/NSBM/sdf1.0.pdf
# - __serialized_columns__:
#     Enclosure Temperature:
#       __class__: astropy.units.quantity.Quantity
#       unit: &id001 !astropy.units.Unit {unit: deg_C}
#       value: !astropy.table.SerializedColumn {name: Enclosure Temperature}
#     Frequency:
#       __class__: astropy.units.quantity.Quantity
#       unit: !astropy.units.Unit {unit: Hz}
#       value: !astropy.table.SerializedColumn {name: Frequency}
#     MSAS:
#       __class__: astropy.units.quantity.Quantity
#       unit: !astropy.units.Unit {unit: mag / arcsec2}
#       value: !astropy.table.SerializedColumn {name: MSAS}
#     Moon Alt:
#       __class__: astropy.units.quantity.Quantity
#       unit: &id002 !astropy.units.Unit {unit: deg}
#       value: !astropy.table.SerializedColumn {name: Moon Alt}
#     Sky Temperature:
#       __class__: astropy.units.quantity.Quantity
#       unit: *id001
#       value: !astropy.table.SerializedColumn {name: Sky Temperature}
#     Sun Alt:
#       __class__: astropy.units.quantity.Quantity
#       unit: *id002
#       value: !astropy.table.SerializedColumn {name: Sun Alt}
#     time:
#       __class__: astropy.time.core.Time
#       format: isot
#       in_subfmt: '*'
#       out_subfmt: '*'
#       precision: 3
#       scale: utc
#       value: !astropy.table.SerializedColumn {name: time}
# schema: astropy-2.0
time,Enclosure Temperature,Sky Temperature,Frequency,MSAS,ZP,Sequence Number,Sun Alt,Moon Alt,Moon Illumination
[from data line 24877]
2024-03-31T08:01:12.000,18.48,-4.07,1.52,19.93,20.38,261485,-52.5,7.0,0.688
2024-03-31T08:02:12.000,18.5,-4.09,1.51,19.93,20.38,261486,-52.45,7.0,0.688
2024-03-31T08:03:12.000,18.51,-4.13,1.51,19.94,20.38,261487,-52.4,7.0,0.688
2024-03-31T08:04:12.000,18.52,-4.17,1.51,19.94,20.38,261488,-52.34,7.0,0.687
2024-03-31T08:05:12.000,18.51,-4.22,1.52,19.92,20.38,261489,-52.28,8.0,0.687
2024-03-31T08:06:12.000,18.49,-4.2,1.54,19.91,20.38,261490,-52.23,8.0,0.687
2024-03-31T08:07:12.000,18.46,-4.16,1.57,19.89,20.38,261491,-52.17,8.0,0.687
2024-03-31T08:08:13.000,18.48,-3.99,1.65,19.83,20.38,261492,-52.11,8.0,0.687
2024-03-31T08:09:12.000,18.47,-4.07,1.59,19.88,20.38,261493,-52.04,8.0,0.687
2024-03-31T08:10:13.000,18.5,-3.95,1.56,19.9,20.38,261494,-51.98,8.0,0.687
2024-03-31T08:11:13.000,18.59,-3.95,1.54,19.91,20.38,261495,-51.91,9.0,0.687
2024-03-31T08:12:13.000,18.59,-4.19,1.55,19.91,20.38,261496,-51.85,9.0,0.687
2024-03-31T08:13:13.000,18.55,-4.19,1.56,19.9,20.38,261497,-51.78,9.0,0.687
2024-03-31T08:14:13.000,18.52,-4.18,1.55,19.9,20.38,261498,-51.71,9.0,0.687
2024-03-31T08:15:13.000,18.53,-4.13,1.55,19.9,20.38,261499,-51.64,9.0,0.687
2024-03-31T08:16:13.000,18.56,-4.16,1.55,19.9,20.38,261500,-51.57,9.0,0.687
2024-03-31T08:17:13.000,18.5,-4.43,1.55,19.9,20.38,261501,-51.5,9.0,0.687
2024-03-31T08:18:13.000,18.43,-4.4,1.55,19.91,20.38,261502,-51.42,10.0,0.687
2024-03-31T08:19:13.000,18.36,-4.4,1.54,19.91,20.38,261503,-51.35,10.0,0.686
2024-03-31T08:20:14.000,18.34,-4.42,1.53,19.92,20.38,261504,-51.27,10.0,0.686
2024-03-31T08:21:14.000,18.33,-4.53,1.52,19.93,20.38,261505,-51.19,10.0,0.686
2024-03-31T08:22:14.000,18.29,-4.68,1.51,19.93,20.38,261506,-51.11,10.0,0.686
2024-03-31T08:23:14.000,18.23,-4.76,1.54,19.91,20.38,261507,-51.03,10.0,0.686
2024-03-31T08:24:14.000,18.23,-4.6,1.51,19.93,20.38,261508,-50.95,10.0,0.686
2024-03-31T08:25:14.000,18.26,-4.53,1.5,19.94,20.38,261509,-50.86,11.0,0.686
2024-03-31T08:26:14.000,18.3,-4.49,1.51,19.93,20.38,261510,-50.78,11.0,0.686
2024-03-31T08:27:14.000,18.32,-4.53,1.51,19.94,20.38,261511,-50.69,11.0,0.686
2024-03-31T08:28:15.000,18.32,-4.56,1.52,19.93,20.38,261512,-50.6,11.0,0.686
2024-03-31T08:29:14.000,18.31,-4.49,1.51,19.93,20.38,261513,-50.52,11.0,0.686
2024-03-31T08:30:15.000,18.32,-4.59,1.51,19.93,20.38,261514,-50.43,11.0,0.686
2024-03-31T08:31:15.000,18.35,-4.44,1.51,19.93,20.38,261515,-50.33,12.0,0.686
2024-03-31T08:32:15.000,18.36,-4.61,1.51,19.93,20.38,261516,-50.24,12.0,0.686
2024-03-31T08:33:16.000,18.34,-4.65,1.52,19.93,20.38,261517,-50.15,12.0,0.686
2024-03-31T08:34:16.000,18.34,-4.58,1.52,19.93,20.38,261518,-50.05,12.0,0.685
2024-03-31T08:35:16.000,18.34,-4.59,1.53,19.92,20.38,261519,-49.96,12.0,0.685
2024-03-31T08:36:16.000,18.35,-4.62,1.53,19.92,20.38,261520,-49.86,12.0,0.685
2024-03-31T08:37:16.000,18.36,-4.76,1.53,19.92,20.38,261521,-49.76,12.0,0.685
2024-03-31T08:38:16.000,18.32,-4.76,1.54,19.91,20.38,261522,-49.66,13.0,0.685
2024-03-31T08:39:17.000,18.32,-4.72,1.55,19.9,20.38,261523,-49.56,13.0,0.685
2024-03-31T08:40:17.000,18.31,-4.8,1.55,19.9,20.38,261524,-49.46,13.0,0.685
2024-03-31T08:41:17.000,18.3,-4.75,1.56,19.89,20.38,261525,-49.36,13.0,0.685
2024-03-31T08:42:17.000,18.33,-4.62,1.59,19.88,20.38,261526,-49.25,13.0,0.685
2024-03-31T08:43:17.000,18.32,-5.01,1.6,19.87,20.38,261527,-49.15,13.0,0.685
2024-03-31T08:44:17.000,18.24,-5.12,1.62,19.86,20.38,261528,-49.04,13.0,0.685
2024-03-31T08:45:17.000,18.18,-5.04,1.63,19.85,20.38,261529,-48.94,13.0,0.685
2024-03-31T08:46:17.000,18.16,-4.98,1.59,19.88,20.38,261530,-48.83,14.0,0.685
2024-03-31T08:47:18.000,18.12,-5.06,1.59,19.87,20.38,261531,-48.72,14.0,0.685
2024-03-31T08:48:18.000,18.1,-4.85,1.6,19.87,20.38,261532,-48.61,14.0,0.685
2024-03-31T08:49:18.000,18.09,-4.9,1.6,19.87,20.38,261533,-48.49,14.0,0.684
2024-03-31T08:50:18.000,18.1,-4.92,1.6,19.87,20.38,261534,-48.38,14.0,0.684
2024-03-31T08:51:19.000,18.07,-5.04,1.61,19.87,20.38,261535,-48.27,14.0,0.684
2024-03-31T08:52:19.000,18.02,-5.02,1.62,19.86,20.38,261536,-48.15,14.0,0.684
2024-03-31T08:53:21.000,18.07,-4.91,1.62,19.86,20.38,261537,-48.03,15.0,0.684
2024-03-31T08:54:20.000,18.08,-5.05,1.62,19.86,20.38,261538,-47.92,15.0,0.684
2024-03-31T08:55:21.000,18.08,-4.93,1.62,19.85,20.38,261539,-47.8,15.0,0.684
2024-03-31T08:56:21.000,18.1,-5.13,1.63,19.85,20.38,261540,-47.68,15.0,0.684
2024-03-31T08:57:21.000,18.09,-4.92,1.63,19.85,20.38,261541,-47.56,15.0,0.684
2024-03-31T08:58:21.000,18.08,-5.08,1.64,19.84,20.38,261542,-47.44,15.0,0.684
2024-03-31T08:59:21.000,18.07,-5.08,1.64,19.84,20.38,261543,-47.32,15.0,0.684
2024-03-31T09:00:21.000,18.02,-5.16,1.65,19.84,20.38,261544,-47.19,16.0,0.684
2024-03-31T09:01:21.000,18.03,-5.11,1.64,19.84,20.38,261545,-47.07,16.0,0.684
2024-03-31T09:02:21.000,18.08,-5.01,1.62,19.86,20.38,261546,-46.95,16.0,0.684
2024-03-31T09:03:21.000,18.08,-5.11,1.66,19.83,20.38,261547,-46.82,16.0,0.684
2024-03-31T09:04:21.000,18.1,-4.97,1.67,19.82,20.38,261548,-46.7,16.0,0.683
2024-03-31T09:05:21.000,18.09,-5.06,1.68,19.82,20.38,261549,-46.57,16.0,0.683
2024-03-31T09:06:21.000,18.09,-5.0,1.68,19.82,20.38,261550,-46.44,16.0,0.683
2024-03-31T09:07:21.000,18.1,-5.02,1.68,19.82,20.38,261551,-46.31,16.0,0.683
2024-03-31T09:08:22.000,18.1,-5.08,1.68,19.82,20.38,261552,-46.18,17.0,0.683
2024-03-31T09:09:21.000,18.1,-5.05,1.69,19.81,20.38,261553,-46.05,17.0,0.683
2024-03-31T09:10:22.000,18.11,-5.04,1.7,19.81,20.38,261554,-45.92,17.0,0.683
2024-03-31T09:11:22.000,18.12,-5.05,1.7,19.8,20.38,261555,-45.78,17.0,0.683
2024-03-31T09:12:22.000,18.11,-5.12,1.7,19.8,20.38,261556,-45.65,17.0,0.683
2024-03-31T09:13:22.000,18.1,-5.16,1.71,19.8,20.38,261557,-45.51,17.0,0.683
2024-03-31T09:14:22.000,18.11,-5.1,1.71,19.8,20.38,261558,-45.38,17.0,0.683
2024-03-31T09:15:22.000,18.09,-5.15,1.7,19.8,20.38,261559,-45.24,17.0,0.683
2024-03-31T09:16:22.000,18.08,-5.07,1.73,19.79,20.38,261560,-45.11,18.0,0.683
2024-03-31T09:17:22.000,18.09,-5.02,1.74,19.78,20.38,261561,-44.97,18.0,0.683
2024-03-31T09:18:22.000,18.08,-5.05,1.74,19.78,20.38,261562,-44.83,18.0,0.683
2024-03-31T09:19:22.000,18.1,-5.03,1.74,19.78,20.38,261563,-44.69,18.0,0.682
2024-03-31T09:20:23.000,18.12,-5.16,1.73,19.78,20.38,261564,-44.55,18.0,0.682
2024-03-31T09:21:23.000,18.09,-5.28,1.74,19.78,20.38,261565,-44.41,18.0,0.682
2024-03-31T09:22:23.000,18.02,-5.29,1.74,19.78,20.38,261566,-44.27,18.0,0.682
2024-03-31T09:23:23.000,18.04,-5.19,1.75,19.77,20.38,261567,-44.12,18.0,0.682
2024-03-31T09:24:23.000,18.03,-5.27,1.79,19.75,20.38,261568,-43.98,19.0,0.682
2024-03-31T09:25:23.000,18.01,-5.28,1.86,19.71,20.38,261569,-43.84,19.0,0.682
2024-03-31T09:26:23.000,17.96,-5.29,1.76,19.77,20.38,261570,-43.69,19.0,0.682
2024-03-31T09:27:23.000,17.91,-5.21,1.82,19.73,20.38,261571,-43.54,19.0,0.682
2024-03-31T09:28:24.000,17.9,-5.02,1.89,19.69,20.38,261572,-43.4,19.0,0.682
2024-03-31T09:29:23.000,17.9,-5.11,2.01,19.62,20.38,261573,-43.25,19.0,0.682
2024-03-31T09:30:24.000,17.84,-5.19,2.11,19.57,20.38,261574,-43.1,19.0,0.682
2024-03-31T09:31:24.000,17.8,-5.22,2.12,19.56,20.38,261575,-42.95,19.0,0.682
2024-03-31T09:32:25.000,17.71,-5.39,2.22,19.51,20.38,261576,-42.8,20.0,0.682
2024-03-31T09:33:25.000,17.65,-5.14,2.52,19.38,20.38,261577,-42.65,20.0,0.682
2024-03-31T09:34:25.000,17.63,-5.08,2.79,19.26,20.38,261578,-42.5,20.0,0.681
2024-03-31T09:35:25.000,17.62,-4.9,2.88,19.23,20.38,261579,-42.35,20.0,0.681
2024-03-31T09:36:26.000,17.62,-4.94,2.47,19.4,20.38,261580,-42.19,20.0,0.681
2024-03-31T09:37:26.000,17.58,-5.22,2.13,19.56,20.38,261581,-42.04,20.0,0.681
2024-03-31T09:38:26.000,17.57,-5.18,2.05,19.6,20.38,261582,-41.89,20.0,0.681
2024-03-31T09:39:26.000,17.57,-5.24,2.1,19.57,20.38,261583,-41.73,20.0,0.681
2024-03-31T09:40:26.000,17.5,-5.33,2.28,19.48,20.38,261584,-41.58,20.0,0.681
2024-03-31T09:41:27.000,17.45,-5.31,2.17,19.54,20.38,261585,-41.42,21.0,0.681
2024-03-31T09:42:27.000,17.45,-5.22,2.03,19.61,20.38,261586,-41.26,21.0,0.681
2024-03-31T09:43:28.000,17.44,-5.36,1.99,19.63,20.38,261587,-41.11,21.0,0.681
2024-03-31T09:44:28.000,17.41,-5.41,2.02,19.62,20.38,261588,-40.95,21.0,0.681
2024-03-31T09:45:28.000,17.36,-5.36,1.94,19.66,20.38,261589,-40.79,21.0,0.681
2024-03-31T09:46:28.000,17.31,-5.33,2.07,19.59,20.38,261590,-40.63,21.0,0.681
2024-03-31T09:47:30.000,17.29,-5.09,2.64,19.33,20.38,261591,-40.47,21.0,0.681
2024-03-31T09:48:29.000,17.31,-4.87,2.77,19.27,20.38,261592,-40.31,21.0,0.681
2024-03-31T09:50:31.000,17.3,-4.63,3.15,19.14,20.38,261594,-39.98,21.0,0.68
2024-03-31T09:51:31.000,17.31,-4.43,3.7,18.96,20.38,261595,-39.82,22.0,0.68
2024-03-31T09:52:32.000,17.28,-4.33,4.08,18.85,20.38,261596,-39.66,22.0,0.68
2024-03-31T09:55:32.000,17.31,-3.91,3.95,18.89,20.38,261599,-39.16,22.0,0.68
2024-03-31T09:56:34.000,17.35,-3.99,3.8,18.93,20.38,261600,-38.99,22.0,0.68
2024-03-31T09:57:34.000,17.35,-4.02,3.91,18.9,20.38,261601,-38.83,22.0,0.68
2024-03-31T09:58:34.000,17.36,-4.15,3.93,18.9,20.38,261602,-38.66,22.0,0.68
2024-03-31T09:59:34.000,17.36,-4.18,3.81,18.93,20.38,261603,-38.5,22.0,0.68
2024-03-31T10:00:35.000,17.39,-4.26,3.68,18.96,20.38,261604,-38.33,23.0,0.68
2024-03-31T10:01:35.000,17.36,-4.39,3.64,18.98,20.38,261605,-38.16,23.0,0.68
2024-03-31T10:02:35.000,17.34,-4.36,3.58,19.0,20.38,261606,-37.99,23.0,0.68
2024-03-31T10:03:35.000,17.33,-4.34,3.45,19.03,20.38,261607,-37.82,23.0,0.679
2024-03-31T10:04:35.000,17.36,-4.19,3.46,19.03,20.38,261608,-37.66,23.0,0.679
2024-03-31T10:05:35.000,17.4,-4.09,3.54,19.01,20.38,261609,-37.49,23.0,0.679
2024-03-31T10:06:35.000,17.42,-3.82,3.99,18.88,20.38,261610,-37.32,23.0,0.679
2024-03-31T10:07:35.000,17.44,-3.74,4.83,18.67,20.38,261611,-37.15,23.0,0.679
2024-03-31T10:08:36.000,17.45,-3.74,4.7,18.7,20.38,261612,-36.97,23.0,0.679
2024-03-31T10:09:35.000,17.45,-3.84,4.29,18.8,20.38,261613,-36.8,23.0,0.679
2024-03-31T10:10:35.000,17.44,-4.03,3.77,18.94,20.38,261614,-36.63,23.0,0.679
2024-03-31T10:11:36.000,17.44,-4.02,3.71,18.96,20.38,261615,-36.46,24.0,0.679
2024-03-31T10:12:36.000,17.43,-4.12,4.0,18.88,20.38,261616,-36.28,24.0,0.679
2024-03-31T10:13:36.000,17.41,-4.14,3.67,18.97,20.38,261617,-36.11,24.0,0.679
2024-03-31T10:14:36.000,17.41,-4.08,3.48,19.03,20.38,261618,-35.94,24.0,0.679
2024-03-31T10:15:36.000,17.34,-4.3,3.92,18.9,20.38,261619,-35.76,24.0,0.679
2024-03-31T10:16:36.000,17.31,-4.08,3.74,18.95,20.38,261620,-35.59,24.0,0.679
2024-03-31T10:17:36.000,17.34,-4.01,3.72,18.95,20.38,261621,-35.41,24.0,0.679
2024-03-31T10:18:36.000,17.38,-3.99,3.64,18.98,20.38,261622,-35.24,24.0,0.678
2024-03-31T10:19:36.000,17.38,-4.12,3.74,18.95,20.38,261623,-35.06,24.0,0.678
2024-03-31T10:20:36.000,17.4,-4.01,3.85,18.92,20.38,261624,-34.88,24.0,0.678
2024-03-31T10:21:36.000,17.45,-4.03,3.63,18.98,20.38,261625,-34.71,24.0,0.678
2024-03-31T10:22:36.000,17.48,-3.92,3.9,18.9,20.38,261626,-34.53,25.0,0.678
2024-03-31T10:23:36.000,17.5,-3.92,3.84,18.92,20.38,261627,-34.35,25.0,0.678
2024-03-31T10:24:36.000,17.49,-4.0,3.75,18.95,20.38,261628,-34.17,25.0,0.678
2024-03-31T10:25:36.000,17.48,-3.93,3.9,18.9,20.38,261629,-33.99,25.0,0.678
2024-03-31T10:26:37.000,17.49,-3.8,3.99,18.88,20.38,261630,-33.81,25.0,0.678
2024-03-31T10:27:37.000,17.56,-3.63,4.12,18.84,20.38,261631,-33.63,25.0,0.678
2024-03-31T10:28:37.000,17.6,-3.58,4.24,18.81,20.38,261632,-33.45,25.0,0.678
2024-03-31T10:29:37.000,17.64,-3.48,4.51,18.74,20.38,261633,-33.27,25.0,0.678
2024-03-31T10:30:37.000,17.67,-3.42,4.9,18.66,20.38,261634,-33.09,25.0,0.678
2024-03-31T10:31:37.000,17.72,-3.29,5.41,18.55,20.38,261635,-32.91,25.0,0.678
2024-03-31T10:32:37.000,17.72,-3.37,5.13,18.61,20.38,261636,-32.73,25.0,0.678
2024-03-31T10:33:38.000,17.72,-3.3,4.81,18.67,20.38,261637,-32.54,25.0,0.677
2024-03-31T10:34:37.000,17.73,-3.26,5.1,18.61,20.38,261638,-32.36,25.0,0.677
2024-03-31T10:35:37.000,17.73,-3.22,5.69,18.49,20.38,261639,-32.18,26.0,0.677
2024-03-31T10:36:37.000,17.67,-3.18,5.92,18.45,20.38,261640,-32.0,26.0,0.677
2024-03-31T10:37:38.000,17.63,-3.1,6.06,18.42,20.38,261641,-31.81,26.0,0.677
2024-03-31T10:38:38.000,17.61,-3.16,5.88,18.46,20.38,261642,-31.63,26.0,0.677
2024-03-31T10:39:38.000,17.57,-3.23,5.47,18.54,20.38,261643,-31.45,26.0,0.677
2024-03-31T10:40:38.000,17.54,-3.15,5.48,18.53,20.38,261644,-31.26,26.0,0.677
2024-03-31T10:41:38.000,17.52,-3.09,5.99,18.44,20.38,261645,-31.08,26.0,0.677
2024-03-31T10:42:38.000,17.48,-3.12,5.75,18.48,20.38,261646,-30.89,26.0,0.677
2024-03-31T10:43:38.000,17.5,-2.97,5.57,18.52,20.38,261647,-30.71,26.0,0.677
2024-03-31T10:44:38.000,17.5,-2.96,5.98,18.44,20.38,261648,-30.52,26.0,0.677
2024-03-31T10:45:38.000,17.5,-2.69,6.67,18.32,20.38,261649,-30.33,26.0,0.677
2024-03-31T10:46:38.000,17.47,-2.65,6.77,18.3,20.38,261650,-30.15,26.0,0.677
2024-03-31T10:47:38.000,17.41,-2.65,6.74,18.31,20.38,261651,-29.96,26.0,0.677
2024-03-31T10:48:38.000,17.4,-2.41,7.12,18.25,20.38,261652,-29.77,26.0,0.676
2024-03-31T10:49:38.000,17.42,-2.2,7.47,18.2,20.38,261653,-29.58,27.0,0.676
2024-03-31T10:50:39.000,17.44,-2.29,7.29,18.22,20.38,261654,-29.39,27.0,0.676
2024-03-31T10:51:38.000,17.4,-2.68,6.88,18.29,20.38,261655,-29.21,27.0,0.676
2024-03-31T10:52:40.000,17.38,-2.57,6.48,18.35,20.38,261656,-29.01,27.0,0.676
2024-03-31T10:53:39.000,17.38,-2.55,6.61,18.33,20.38,261657,-28.83,27.0,0.676
2024-03-31T10:54:39.000,17.36,-2.43,6.93,18.28,20.38,261658,-28.64,27.0,0.676
2024-03-31T10:55:39.000,17.34,-2.31,7.24,18.23,20.38,261659,-28.45,27.0,0.676
2024-03-31T10:56:41.000,17.29,-2.17,7.84,18.14,20.38,261660,-28.25,27.0,0.676
2024-03-31T10:57:40.000,17.31,-1.98,7.93,18.13,20.38,261661,-28.07,27.0,0.676
2024-03-31T10:58:40.000,17.29,-2.12,7.55,18.19,20.38,261662,-27.88,27.0,0.676
2024-03-31T10:59:41.000,17.27,-2.13,7.96,18.13,20.38,261663,-27.68,27.0,0.676
2024-03-31T11:00:43.000,17.26,-2.23,7.56,18.1,20.38,261664,-27.49,27.0,0.676
2024-03-31T11:02:43.000,17.25,-2.22,7.38,18.21,20.38,261666,-27.1,27.0,0.676
2024-03-31T11:03:44.000,17.24,-2.14,7.07,18.26,20.38,261667,-26.91,27.0,0.675
2024-03-31T11:04:43.000,17.24,-1.96,7.55,18.19,20.38,261668,-26.72,27.0,0.675
2024-03-31T11:05:44.000,17.2,-2.0,8.2,18.1,20.38,261669,-26.52,27.0,0.675
2024-03-31T11:06:44.000,17.09,-2.13,8.25,18.09,20.38,261670,-26.33,28.0,0.675
2024-03-31T11:07:44.000,17.07,-1.92,7.95,18.13,20.38,261671,-26.14,28.0,0.675
2024-03-31T11:08:44.000,16.99,-1.87,8.79,18.02,20.38,261672,-25.95,28.0,0.675
2024-03-31T11:09:44.000,16.94,-1.49,9.61,17.92,20.38,261673,-25.75,28.0,0.675
2024-03-31T11:10:44.000,16.91,-1.37,9.32,17.96,20.38,261674,-25.56,28.0,0.675
2024-03-31T11:11:44.000,16.94,-1.25,9.53,17.93,20.38,261675,-25.36,28.0,0.675
2024-03-31T11:12:44.000,16.96,-1.28,9.69,17.91,20.38,261676,-25.17,28.0,0.675
2024-03-31T11:13:45.000,16.95,-1.47,8.91,18.01,20.38,261677,-24.97,28.0,0.675
2024-03-31T11:14:45.000,16.91,-1.95,8.28,18.08,20.38,261678,-24.78,28.0,0.675
2024-03-31T11:15:45.000,16.85,-2.14,8.41,18.07,20.38,261679,-24.58,28.0,0.675
2024-03-31T11:17:45.000,16.89,-2.05,8.11,18.11,20.38,261681,-24.19,28.0,0.674
2024-03-31T11:18:45.000,16.91,-2.13,8.0,18.12,20.38,261682,-24.0,28.0,0.674
2024-03-31T11:19:45.000,16.94,-2.22,6.86,18.29,20.38,261683,-23.8,28.0,0.674
2024-03-31T11:20:46.000,16.94,-2.15,7.45,18.2,20.38,261684,-23.6,28.0,0.674
2024-03-31T11:21:46.000,16.98,-2.05,8.15,18.1,20.38,261685,-23.41,28.0,0.674
2024-03-31T11:22:46.000,17.02,-2.09,7.38,18.21,20.38,261686,-23.21,28.0,0.674
2024-03-31T11:23:46.000,16.95,-2.68,6.77,18.3,20.38,261687,-23.01,28.0,0.674
2024-03-31T11:24:46.000,16.83,-2.95,6.31,18.38,20.38,261688,-22.81,28.0,0.674
2024-03-31T11:25:46.000,16.73,-3.06,6.29,18.38,20.38,261689,-22.62,28.0,0.674
2024-03-31T11:26:46.000,16.65,-3.0,6.42,18.36,20.38,261690,-22.42,28.0,0.674
2024-03-31T11:27:46.000,16.56,-2.56,7.87,18.14,20.38,261691,-22.22,28.0,0.674
2024-03-31T11:28:47.000,16.51,-2.28,8.71,18.03,20.38,261692,-22.02,28.0,0.674
2024-03-31T11:29:46.000,16.49,-1.99,9.72,17.91,20.38,261693,-21.83,28.0,0.674
2024-03-31T11:30:46.000,16.48,-1.87,10.08,17.87,20.38,261694,-21.63,28.0,0.674
2024-03-31T11:31:46.000,16.51,-1.95,9.05,17.99,20.38,261695,-21.43,28.0,0.674
