Downloads/jupyter/ECSV/stars19/stars19_2023-05.ecsv
# %ECSV 1.0
# ---
# datatype:
# - {name: time, datatype: string}
# - {name: Enclosure Temperature, unit: deg_C, datatype: float64}
# - {name: Sky Temperature, unit: deg_C, datatype: float64}
# - {name: Frequency, unit: Hz, datatype: float64}
# - {name: MSAS, unit: mag / arcsec2, datatype: float64}
# - {name: ZP, datatype: float64}
# - {name: Sequence Number, datatype: int64}
# - {name: Sun Alt, unit: deg, datatype: float64}
# - {name: Moon Alt, unit: deg, datatype: float64}
# - {name: Moon Illumination, datatype: float64}
# delimiter: ','
# meta: !!omap
# - ida:
#     Data supplier: {affiliation: null, observer: null}
#     Device type: TESS-W
#     Field of view: 17.0
#     Filters per channel: None
#     Instrument ID: stars19
#     License: ODbL 1.0 http://opendatacommons.org/licenses/odbl/summary/
#     Local timezone: America/Phoenix
#     Location name: {country: '- Tucson', place: Tucson, region: United States, sub_region: Arizona, town: Pima County}
#     Measurement direction per channel: {azimuth: 0.0, zenital: 0.0}
#     Moving / Fixed look direction: FIXED
#     Moving / Stationary position: STATIONARY
#     Number of channels: 1
#     Number of fields per line: 8
#     Number of header lines: 35
#     Position: {height: 0.0, latitude: 32.223877, longitude: -110.767532}
#     TESS MAC address: 18:FE:34:CF:EC:06
#     TESS cover offset value: 0.0
#     TESS firmware version: '1.0'
#     TESS zero point: 20.38
#     Time Synchronization: timestamp added by MQTT subscriber
#     URL: http://www.darksky.org/NSBM/sdf1.0.pdf
# - __serialized_columns__:
#     Enclosure Temperature:
#       __class__: astropy.units.quantity.Quantity
#       unit: &id001 !astropy.units.Unit {unit: deg_C}
#       value: !astropy.table.SerializedColumn {name: Enclosure Temperature}
#     Frequency:
#       __class__: astropy.units.quantity.Quantity
#       unit: !astropy.units.Unit {unit: Hz}
#       value: !astropy.table.SerializedColumn {name: Frequency}
#     MSAS:
#       __class__: astropy.units.quantity.Quantity
#       unit: !astropy.units.Unit {unit: mag / arcsec2}
#       value: !astropy.table.SerializedColumn {name: MSAS}
#     Moon Alt:
#       __class__: astropy.units.quantity.Quantity
#       unit: &id002 !astropy.units.Unit {unit: deg}
#       value: !astropy.table.SerializedColumn {name: Moon Alt}
#     Sky Temperature:
#       __class__: astropy.units.quantity.Quantity
#       unit: *id001
#       value: !astropy.table.SerializedColumn {name: Sky Temperature}
#     Sun Alt:
#       __class__: astropy.units.quantity.Quantity
#       unit: *id002
#       value: !astropy.table.SerializedColumn {name: Sun Alt}
#     time:
#       __class__: astropy.time.core.Time
#       format: isot
#       in_subfmt: '*'
#       out_subfmt: '*'
#       precision: 3
#       scale: utc
#       value: !astropy.table.SerializedColumn {name: time}
# schema: astropy-2.0
time,Enclosure Temperature,Sky Temperature,Frequency,MSAS,ZP,Sequence Number,Sun Alt,Moon Alt,Moon Illumination
[from data line 18615]
2023-05-25T08:14:48.000,24.67,-1.04,1.08,20.3,20.38,195550,-35.26,-13.0,0.29
2023-05-25T08:15:48.000,24.65,-1.01,1.08,20.3,20.38,195551,-35.2,-13.0,0.29
2023-05-25T08:16:48.000,24.61,-1.14,1.08,20.3,20.38,195552,-35.14,-14.0,0.29
2023-05-25T08:17:48.000,24.53,-1.21,1.08,20.3,20.38,195553,-35.08,-14.0,0.29
2023-05-25T08:18:48.000,24.47,-1.18,1.08,20.3,20.38,195554,-35.02,-14.0,0.29
2023-05-25T08:19:48.000,24.43,-1.27,1.08,20.3,20.38,195555,-34.96,-14.0,0.29
2023-05-25T08:20:50.000,24.38,-1.31,1.07,20.3,20.38,195556,-34.89,-14.0,0.29
2023-05-25T08:21:50.000,24.35,-1.21,1.07,20.3,20.38,195557,-34.83,-14.0,0.29
2023-05-25T08:22:50.000,24.32,-1.31,1.07,20.31,20.38,195558,-34.76,-15.0,0.29
2023-05-25T08:23:50.000,24.3,-1.33,1.07,20.31,20.38,195559,-34.7,-15.0,0.29
2023-05-25T08:24:50.000,24.29,-1.35,1.07,20.3,20.38,195560,-34.63,-15.0,0.29
2023-05-25T08:25:51.000,24.26,-1.38,1.07,20.31,20.38,195561,-34.56,-15.0,0.291
2023-05-25T08:26:50.000,24.24,-1.46,1.07,20.31,20.38,195562,-34.5,-15.0,0.291
2023-05-25T08:27:50.000,24.21,-1.53,1.07,20.31,20.38,195563,-34.43,-15.0,0.291
2023-05-25T08:30:51.000,24.13,-1.66,1.07,20.31,20.38,195566,-34.21,-16.0,0.291
2023-05-25T08:31:51.000,24.08,-1.84,1.07,20.31,20.38,195567,-34.14,-16.0,0.291
2023-05-25T08:32:51.000,24.02,-1.78,1.07,20.31,20.38,195568,-34.06,-16.0,0.291
2023-05-25T08:33:51.000,23.99,-1.79,1.07,20.31,20.38,195569,-33.99,-16.0,0.291
2023-05-25T08:34:51.000,23.99,-1.71,1.07,20.31,20.38,195570,-33.91,-16.0,0.291
2023-05-25T08:35:51.000,23.99,-1.77,1.08,20.3,20.38,195571,-33.84,-17.0,0.291
2023-05-25T08:36:52.000,23.98,-1.9,1.08,20.3,20.38,195572,-33.76,-17.0,0.291
2023-05-25T08:37:52.000,23.95,-1.9,1.08,20.3,20.38,195573,-33.68,-17.0,0.291
2023-05-25T08:38:54.000,23.94,-1.83,1.08,20.3,20.38,195574,-33.6,-17.0,0.291
2023-05-25T08:39:54.000,23.94,-1.82,1.08,20.3,20.38,195575,-33.51,-17.0,0.291
2023-05-25T08:40:54.000,23.94,-1.78,1.08,20.3,20.38,195576,-33.43,-17.0,0.291
2023-05-25T08:41:54.000,23.97,-1.67,1.08,20.3,20.38,195577,-33.35,-18.0,0.292
2023-05-25T08:42:54.000,23.98,-1.75,1.08,20.3,20.38,195578,-33.27,-18.0,0.292
2023-05-25T08:43:55.000,23.95,-1.86,1.08,20.3,20.38,195579,-33.18,-18.0,0.292
2023-05-25T08:44:55.000,23.91,-1.99,1.08,20.3,20.38,195580,-33.1,-18.0,0.292
2023-05-25T08:45:55.000,23.86,-2.04,1.08,20.3,20.38,195581,-33.01,-18.0,0.292
2023-05-25T08:46:55.000,23.8,-2.02,1.08,20.3,20.38,195582,-32.92,-18.0,0.292
2023-05-25T08:47:55.000,23.77,-1.89,1.08,20.3,20.38,195583,-32.84,-18.0,0.292
2023-05-25T08:48:55.000,23.78,-1.91,1.08,20.3,20.38,195584,-32.75,-19.0,0.292
2023-05-25T08:49:55.000,23.79,-1.88,1.08,20.3,20.38,195585,-32.66,-19.0,0.292
2023-05-25T08:50:55.000,23.77,-2.0,1.08,20.3,20.38,195586,-32.57,-19.0,0.292
2023-05-25T08:51:55.000,23.74,-2.12,1.08,20.3,20.38,195587,-32.48,-19.0,0.292
2023-05-25T08:52:55.000,23.71,-2.09,1.08,20.3,20.38,195588,-32.39,-19.0,0.292
2023-05-25T08:53:55.000,23.63,-2.24,1.08,20.3,20.38,195589,-32.29,-19.0,0.292
2023-05-25T08:54:55.000,23.57,-2.32,1.08,20.3,20.38,195590,-32.2,-19.0,0.292
2023-05-25T08:55:58.000,23.52,-2.32,1.08,20.3,20.38,195591,-32.1,-20.0,0.292
2023-05-25T08:56:57.000,23.42,-2.43,1.08,20.3,20.38,195592,-32.01,-20.0,0.292
2023-05-25T08:57:58.000,23.34,-2.32,1.08,20.3,20.38,195593,-31.91,-20.0,0.292
2023-05-25T08:58:58.000,23.33,-2.22,1.08,20.3,20.38,195594,-31.81,-20.0,0.293
2023-05-25T08:59:58.000,23.24,-2.38,1.08,20.3,20.38,195595,-31.71,-20.0,0.293
2023-05-25T09:00:59.000,23.2,-2.36,1.08,20.3,20.38,195596,-31.61,-20.0,0.293
2023-05-25T09:01:59.000,23.11,-2.43,1.08,20.3,20.38,195597,-31.51,-21.0,0.293
2023-05-25T09:03:00.000,23.09,-2.08,1.08,20.3,20.38,195598,-31.41,-21.0,0.293
2023-05-25T09:04:00.000,23.07,-2.3,1.08,20.3,20.38,195599,-31.31,-21.0,0.293
2023-05-25T09:05:00.000,23.08,-1.96,1.08,20.3,20.38,195600,-31.21,-21.0,0.293
2023-05-25T09:06:00.000,23.1,-2.04,1.08,20.3,20.38,195601,-31.11,-21.0,0.293
2023-05-25T09:07:00.000,23.12,-2.02,1.08,20.3,20.38,195602,-31.0,-21.0,0.293
2023-05-25T09:09:00.000,23.11,-2.21,1.08,20.3,20.38,195604,-30.79,-22.0,0.293
2023-05-25T09:10:00.000,23.07,-2.25,1.08,20.3,20.38,195605,-30.69,-22.0,0.293
2023-05-25T09:11:00.000,23.08,-2.03,1.08,20.3,20.38,195606,-30.58,-22.0,0.293
2023-05-25T09:12:00.000,23.07,-2.19,1.07,20.3,20.38,195607,-30.47,-22.0,0.293
2023-05-25T09:13:01.000,23.07,-2.02,1.07,20.3,20.38,195608,-30.36,-22.0,0.293
2023-05-25T09:14:02.000,23.09,-2.05,1.07,20.31,20.38,195609,-30.25,-22.0,0.293
2023-05-25T09:15:03.000,23.05,-2.4,1.07,20.31,20.38,195610,-30.14,-22.0,0.293
2023-05-25T09:16:03.000,22.97,-2.45,1.07,20.31,20.38,195611,-30.03,-22.0,0.294
2023-05-25T09:17:03.000,22.87,-2.49,1.07,20.3,20.38,195612,-29.92,-23.0,0.294
2023-05-25T09:18:03.000,22.84,-2.34,1.07,20.31,20.38,195613,-29.81,-23.0,0.294
2023-05-25T09:19:03.000,22.82,-2.38,1.07,20.31,20.38,195614,-29.7,-23.0,0.294
2023-05-25T09:20:04.000,22.83,-2.37,1.07,20.31,20.38,195615,-29.58,-23.0,0.294
2023-05-25T09:21:04.000,22.81,-2.47,1.07,20.31,20.38,195616,-29.47,-23.0,0.294
2023-05-25T09:22:03.000,22.81,-2.44,1.07,20.31,20.38,195617,-29.35,-23.0,0.294
2023-05-25T09:23:03.000,22.81,-2.39,1.07,20.31,20.38,195618,-29.24,-23.0,0.294
2023-05-25T09:24:04.000,22.8,-2.55,1.07,20.31,20.38,195619,-29.12,-24.0,0.294
2023-05-25T09:25:04.000,22.76,-2.49,1.07,20.31,20.38,195620,-29.0,-24.0,0.294
2023-05-25T09:32:06.000,22.47,-2.93,1.07,20.3,20.38,195627,-28.16,-25.0,0.295
2023-05-25T09:33:06.000,22.43,-2.84,1.07,20.3,20.38,195628,-28.04,-25.0,0.295
2023-05-25T09:34:08.000,22.35,-3.03,1.07,20.3,20.38,195629,-27.91,-25.0,0.295
2023-05-25T09:35:07.000,22.33,-2.68,1.08,20.3,20.38,195630,-27.79,-25.0,0.295
2023-05-25T09:36:07.000,22.37,-2.42,1.08,20.3,20.38,195631,-27.66,-25.0,0.295
2023-05-25T09:38:09.000,22.46,-2.62,1.08,20.29,20.38,195633,-27.41,-25.0,0.295
2023-05-25T09:39:08.000,22.33,-2.87,1.09,20.29,20.38,195634,-27.28,-26.0,0.295
2023-05-25T09:40:08.000,22.32,-2.64,1.09,20.29,20.38,195635,-27.16,-26.0,0.295
2023-05-25T09:41:09.000,22.3,-2.74,1.09,20.29,20.38,195636,-27.03,-26.0,0.295
2023-05-25T09:42:09.000,22.21,-3.15,1.09,20.29,20.38,195637,-26.9,-26.0,0.295
2023-05-25T09:43:10.000,22.17,-2.61,1.09,20.28,20.38,195638,-26.77,-26.0,0.295
2023-05-25T09:44:10.000,22.27,-2.38,1.09,20.28,20.38,195639,-26.64,-26.0,0.295
2023-05-25T09:45:10.000,22.34,-2.38,1.1,20.28,20.38,195640,-26.51,-26.0,0.295
2023-05-25T09:46:10.000,22.38,-2.51,1.1,20.28,20.38,195641,-26.38,-26.0,0.295
2023-05-25T09:47:10.000,22.3,-3.1,1.1,20.28,20.38,195642,-26.24,-27.0,0.295
2023-05-25T09:48:10.000,22.18,-3.22,1.1,20.28,20.38,195643,-26.11,-27.0,0.295
2023-05-25T09:49:10.000,22.14,-3.0,1.1,20.27,20.38,195644,-25.98,-27.0,0.296
2023-05-25T09:50:10.000,22.12,-2.81,1.1,20.28,20.38,195645,-25.85,-27.0,0.296
2023-05-25T09:51:10.000,22.09,-2.84,1.1,20.27,20.38,195646,-25.71,-27.0,0.296
2023-05-25T09:52:10.000,22.1,-2.8,1.1,20.27,20.38,195647,-25.58,-27.0,0.296
2023-05-25T09:53:10.000,22.06,-2.84,1.1,20.28,20.38,195648,-25.44,-27.0,0.296
2023-05-25T09:54:11.000,22.1,-2.83,1.1,20.28,20.38,195649,-25.3,-27.0,0.296
2023-05-25T09:55:11.000,22.08,-3.18,1.1,20.28,20.38,195650,-25.17,-27.0,0.296
2023-05-25T09:56:11.000,22.01,-3.28,1.1,20.28,20.38,195651,-25.03,-28.0,0.296
2023-05-25T09:57:11.000,21.97,-3.27,1.1,20.28,20.38,195652,-24.89,-28.0,0.296
2023-05-25T09:58:11.000,21.93,-3.4,1.1,20.28,20.38,195653,-24.75,-28.0,0.296
2023-05-25T09:59:11.000,21.86,-3.39,1.1,20.28,20.38,195654,-24.61,-28.0,0.296
2023-05-25T10:00:14.000,21.89,-3.16,1.1,20.28,20.38,195655,-24.47,-28.0,0.296
2023-05-25T10:01:14.000,21.93,-3.18,1.1,20.28,20.38,195656,-24.33,-28.0,0.296
2023-05-25T10:02:14.000,21.94,-3.14,1.1,20.28,20.38,195657,-24.19,-28.0,0.296
2023-05-25T10:03:16.000,21.95,-3.23,1.1,20.28,20.38,195658,-24.04,-28.0,0.296
2023-05-25T10:04:15.000,21.92,-3.33,1.1,20.27,20.38,195659,-23.9,-28.0,0.296
2023-05-25T10:05:15.000,21.89,-3.26,1.11,20.27,20.38,195660,-23.76,-29.0,0.297
2023-05-25T10:06:15.000,21.9,-3.23,1.11,20.27,20.38,195661,-23.62,-29.0,0.297
2023-05-25T10:07:16.000,21.91,-3.28,1.11,20.27,20.38,195662,-23.47,-29.0,0.297
2023-05-25T10:08:16.000,21.87,-3.34,1.11,20.27,20.38,195663,-23.33,-29.0,0.297
2023-05-25T10:09:16.000,21.91,-3.17,1.11,20.27,20.38,195664,-23.18,-29.0,0.297
2023-05-25T10:10:16.000,21.94,-3.3,1.11,20.27,20.38,195665,-23.04,-29.0,0.297
2023-05-25T10:11:16.000,21.88,-3.39,1.11,20.26,20.38,195666,-22.89,-29.0,0.297
2023-05-25T10:12:17.000,21.89,-3.26,1.11,20.26,20.38,195667,-22.74,-29.0,0.297
2023-05-25T10:13:17.000,21.91,-3.36,1.11,20.26,20.38,195668,-22.6,-29.0,0.297
2023-05-25T10:14:18.000,21.86,-3.44,1.11,20.26,20.38,195669,-22.45,-30.0,0.297
2023-05-25T10:15:18.000,21.81,-3.52,1.11,20.26,20.38,195670,-22.3,-30.0,0.297
2023-05-25T10:16:18.000,21.75,-3.59,1.11,20.26,20.38,195671,-22.15,-30.0,0.297
2023-05-25T10:17:18.000,21.66,-3.73,1.11,20.26,20.38,195672,-22.0,-30.0,0.297
2023-05-25T10:18:18.000,21.6,-3.73,1.11,20.26,20.38,195673,-21.85,-30.0,0.297
2023-05-25T10:19:18.000,21.6,-3.54,1.11,20.26,20.38,195674,-21.7,-30.0,0.297
2023-05-25T10:20:19.000,21.64,-3.39,1.11,20.26,20.38,195675,-21.55,-30.0,0.297
2023-05-25T10:21:18.000,21.67,-3.53,1.11,20.26,20.38,195676,-21.4,-30.0,0.297
2023-05-25T10:22:18.000,21.64,-3.6,1.11,20.26,20.38,195677,-21.25,-30.0,0.298
2023-05-25T10:23:18.000,21.61,-3.63,1.11,20.26,20.38,195678,-21.1,-30.0,0.298
2023-05-25T10:24:19.000,21.58,-3.62,1.12,20.26,20.38,195679,-20.95,-31.0,0.298
2023-05-25T10:25:19.000,21.54,-3.67,1.12,20.26,20.38,195680,-20.79,-31.0,0.298
2023-05-25T10:26:20.000,21.51,-3.59,1.12,20.26,20.38,195681,-20.64,-31.0,0.298
2023-05-25T10:27:19.000,21.5,-3.56,1.12,20.26,20.38,195682,-20.49,-31.0,0.298
2023-05-25T10:28:19.000,21.55,-3.44,1.12,20.26,20.38,195683,-20.33,-31.0,0.298
2023-05-25T10:29:19.000,21.56,-3.46,1.12,20.26,20.38,195684,-20.18,-31.0,0.298
2023-05-25T10:30:19.000,21.6,-3.41,1.12,20.26,20.38,195685,-20.02,-31.0,0.298
2023-05-25T10:31:19.000,21.63,-3.38,1.12,20.26,20.38,195686,-19.87,-31.0,0.298
2023-05-25T10:32:20.000,21.65,-3.42,1.12,20.25,20.38,195687,-19.71,-31.0,0.298
2023-05-25T10:33:20.000,21.65,-3.57,1.13,20.25,20.38,195688,-19.55,-31.0,0.298
2023-05-25T10:34:21.000,21.6,-3.57,1.13,20.25,20.38,195689,-19.39,-31.0,0.298
2023-05-25T10:35:21.000,21.6,-3.59,1.13,20.25,20.38,195690,-19.24,-32.0,0.298
2023-05-25T10:36:21.000,21.6,-3.43,1.13,20.25,20.38,195691,-19.08,-32.0,0.298
2023-05-25T10:37:22.000,21.62,-3.5,1.13,20.25,20.38,195692,-18.92,-32.0,0.298
2023-05-25T10:38:22.000,21.6,-3.47,1.13,20.25,20.38,195693,-18.76,-32.0,0.299
2023-05-25T10:39:22.000,21.62,-3.41,1.13,20.25,20.38,195694,-18.6,-32.0,0.299
2023-05-25T10:40:22.000,21.64,-3.38,1.13,20.24,20.38,195695,-18.44,-32.0,0.299
2023-05-25T10:41:22.000,21.65,-3.42,1.13,20.24,20.38,195696,-18.28,-32.0,0.299
2023-05-25T10:42:22.000,21.66,-3.41,1.13,20.24,20.38,195697,-18.12,-32.0,0.299
2023-05-25T10:43:24.000,21.64,-3.53,1.13,20.24,20.38,195698,-17.95,-32.0,0.299
2023-05-25T10:44:24.000,21.59,-3.6,1.14,20.24,20.38,195699,-17.79,-32.0,0.299
2023-05-25T10:45:24.000,21.57,-3.51,1.14,20.24,20.38,195700,-17.63,-32.0,0.299
2023-05-25T10:46:24.000,21.56,-3.58,1.14,20.24,20.38,195701,-17.47,-32.0,0.299
2023-05-25T10:47:24.000,21.49,-3.61,1.14,20.24,20.38,195702,-17.31,-33.0,0.299
2023-05-25T10:48:24.000,21.5,-3.47,1.14,20.24,20.38,195703,-17.14,-33.0,0.299
2023-05-25T10:49:24.000,21.46,-3.67,1.14,20.24,20.38,195704,-16.98,-33.0,0.299
2023-05-25T10:50:24.000,21.4,-3.68,1.14,20.23,20.38,195705,-16.82,-33.0,0.299
2023-05-25T10:51:24.000,21.41,-3.53,1.15,20.23,20.38,195706,-16.65,-33.0,0.299
2023-05-25T10:52:24.000,21.41,-3.52,1.15,20.23,20.38,195707,-16.49,-33.0,0.299
2023-05-25T10:53:24.000,21.42,-3.48,1.15,20.23,20.38,195708,-16.32,-33.0,0.299
2023-05-25T10:54:24.000,21.44,-3.38,1.15,20.22,20.38,195709,-16.16,-33.0,0.299
2023-05-25T10:55:25.000,21.46,-3.45,1.16,20.22,20.38,195710,-15.99,-33.0,0.3
2023-05-25T10:56:25.000,21.45,-3.48,1.16,20.22,20.38,195711,-15.82,-33.0,0.3
2023-05-25T10:57:25.000,21.46,-3.39,1.16,20.21,20.38,195712,-15.65,-33.0,0.3
2023-05-25T10:58:25.000,21.47,-3.4,1.17,20.21,20.38,195713,-15.49,-33.0,0.3
2023-05-25T10:59:25.000,21.48,-3.38,1.18,20.2,20.38,195714,-15.32,-33.0,0.3
2023-05-25T11:00:26.000,21.49,-3.44,1.18,20.2,20.38,195715,-15.15,-34.0,0.3
2023-05-25T11:01:27.000,21.46,-3.47,1.19,20.19,20.38,195716,-14.98,-34.0,0.3
2023-05-25T11:02:27.000,21.45,-3.52,1.2,20.18,20.38,195717,-14.81,-34.0,0.3
2023-05-25T11:03:29.000,21.39,-3.53,1.21,20.18,20.38,195718,-14.64,-34.0,0.3
2023-05-25T11:04:28.000,21.39,-3.52,1.22,20.17,20.38,195719,-14.47,-34.0,0.3
2023-05-25T11:05:28.000,21.35,-3.45,1.23,20.15,20.38,195720,-14.3,-34.0,0.3
2023-05-25T11:06:29.000,21.33,-3.53,1.25,20.14,20.38,195721,-14.13,-34.0,0.3
2023-05-25T11:07:29.000,21.32,-3.37,1.27,20.12,20.38,195722,-13.96,-34.0,0.3
2023-05-25T11:08:29.000,21.31,-3.46,1.29,20.1,20.38,195723,-13.79,-34.0,0.3
2023-05-25T11:09:29.000,21.28,-3.33,1.32,20.08,20.38,195724,-13.62,-34.0,0.3
2023-05-25T11:10:29.000,21.31,-3.23,1.35,20.06,20.38,195725,-13.44,-34.0,0.3
2023-05-25T11:11:29.000,21.32,-3.23,1.38,20.03,20.38,195726,-13.27,-34.0,0.301
2023-05-25T11:12:29.000,21.33,-3.3,1.45,19.98,20.38,195727,-13.1,-34.0,0.301
2023-05-25T11:13:30.000,21.35,-3.09,1.54,19.91,20.38,195728,-12.92,-34.0,0.301
2023-05-25T11:14:29.000,21.33,-3.35,1.6,19.87,20.38,195729,-12.75,-34.0,0.301
2023-05-25T11:15:29.000,21.33,-3.17,1.66,19.83,20.38,195730,-12.58,-34.0,0.301
2023-05-25T11:16:29.000,21.39,-3.12,1.74,19.78,20.38,195731,-12.41,-34.0,0.301
2023-05-25T11:18:30.000,21.41,-3.3,1.95,19.66,20.38,195733,-12.06,-35.0,0.301
2023-05-25T11:19:30.000,21.36,-3.36,2.09,19.58,20.38,195734,-11.88,-35.0,0.301
2023-05-25T11:20:31.000,21.35,-3.34,2.25,19.5,20.38,195735,-11.7,-35.0,0.301
2023-05-25T11:21:30.000,21.38,-3.02,2.42,19.42,20.38,195736,-11.53,-35.0,0.301
2023-05-25T11:22:31.000,21.46,-2.99,2.62,19.34,20.38,195737,-11.35,-35.0,0.301
2023-05-25T11:23:31.000,21.52,-3.11,2.82,19.26,20.38,195738,-11.18,-35.0,0.301
2023-05-25T11:24:31.000,21.56,-3.16,3.08,19.16,20.38,195739,-11.0,-35.0,0.301
2023-05-25T11:25:31.000,21.53,-3.37,3.42,19.05,20.38,195740,-10.83,-35.0,0.301
2023-05-25T11:26:32.000,21.52,-3.33,3.81,18.93,20.38,195741,-10.65,-35.0,0.301
2023-05-25T11:27:32.000,21.48,-3.58,4.28,18.8,20.38,195742,-10.47,-35.0,0.301
2023-05-25T11:28:32.000,21.43,-3.54,4.84,18.67,20.38,195743,-10.29,-35.0,0.302
2023-05-25T11:29:32.000,21.38,-3.51,5.48,18.53,20.38,195744,-10.11,-35.0,0.302
2023-05-25T11:30:32.000,21.39,-3.43,6.23,18.39,20.38,195745,-9.94,-35.0,0.302
2023-05-25T11:31:33.000,21.37,-3.3,7.19,18.24,20.38,195746,-9.76,-35.0,0.302
2023-05-25T11:32:33.000,21.42,-3.22,8.27,18.09,20.38,195747,-9.58,-35.0,0.302
2023-05-25T11:33:33.000,21.42,-3.41,9.66,17.92,20.38,195748,-9.4,-35.0,0.302
2023-05-25T11:34:33.000,21.38,-3.47,11.26,17.75,20.38,195749,-9.22,-35.0,0.302
2023-05-25T11:35:33.000,21.36,-3.37,13.32,17.57,20.38,195750,-9.04,-35.0,0.302
2023-05-25T11:37:35.000,21.34,-3.53,18.51,17.21,20.38,195752,-8.67,-35.0,0.302
2023-05-25T11:38:36.000,21.32,-3.46,22.19,17.02,20.38,195753,-8.49,-35.0,0.302
2023-05-25T11:43:37.000,21.35,-3.4,60.2,15.93,20.38,195758,-7.58,-36.0,0.302
2023-05-25T11:52:37.000,21.02,-3.57,491.67,13.65,20.38,195767,-5.93,-36.0,0.303
2023-05-25T11:53:37.000,20.99,-3.47,622.56,13.4,20.38,195768,-5.75,-36.0,0.303
2023-05-25T11:55:38.000,21.0,-3.18,996.09,12.89,20.38,195770,-5.37,-36.0,0.303
2023-05-25T11:56:38.000,21.08,-3.16,1262.24,12.63,20.38,195771,-5.19,-36.0,0.303
2023-05-25T11:57:38.000,21.11,-3.16,1599.22,12.37,20.38,195772,-5.0,-36.0,0.303
2023-05-25T11:58:38.000,21.12,-3.22,2025.08,12.12,20.38,195773,-4.82,-36.0,0.303
2023-05-25T11:59:38.000,21.12,-3.16,2561.57,11.86,20.38,195774,-4.63,-36.0,0.303
2023-05-25T12:00:39.000,21.15,-3.01,3242.0,11.61,20.38,195775,-4.44,-36.0,0.303
2023-05-25T12:02:40.000,21.27,-3.04,5146.0,11.1,20.38,195777,-4.07,-36.0,0.304
2023-05-25T12:03:40.000,21.29,-3.15,6433.91,10.86,20.38,195778,-3.88,-36.0,0.304
2023-05-25T12:04:40.000,21.31,-3.2,7995.02,10.63,20.38,195779,-3.69,-36.0,0.304
