Downloads/jupyter/ECSV/stars19/stars19_2021-07.ecsv
# %ECSV 1.0
# ---
# datatype:
# - {name: time, datatype: string}
# - {name: Enclosure Temperature, unit: deg_C, datatype: float64}
# - {name: Sky Temperature, unit: deg_C, datatype: float64}
# - {name: Frequency, unit: Hz, datatype: float64}
# - {name: MSAS, unit: mag / arcsec2, datatype: float64}
# - {name: ZP, datatype: float64}
# - {name: Sequence Number, datatype: int64}
# - {name: Sun Alt, unit: deg, datatype: float64}
# - {name: Moon Alt, unit: deg, datatype: float64}
# - {name: Moon Illumination, datatype: float64}
# delimiter: ','
# meta: !!omap
# - ida:
#     Data supplier: {affiliation: null, observer: null}
#     Device type: TESS-W
#     Field of view: 17.0
#     Filters per channel: None
#     Instrument ID: stars19
#     License: ODbL 1.0 http://opendatacommons.org/licenses/odbl/summary/
#     Local timezone: America/Phoenix
#     Location name: {country: '- Tucson', place: Tucson, region: United States, sub_region: Arizona, town: Pima County}
#     Measurement direction per channel: {azimuth: 0.0, zenital: 0.0}
#     Moving / Fixed look direction: FIXED
#     Moving / Stationary position: STATIONARY
#     Number of channels: 1
#     Number of fields per line: 8
#     Number of header lines: 35
#     Position: {height: 0.0, latitude: 32.223877, longitude: -110.767532}
#     TESS MAC address: 18:FE:34:CF:EC:06
#     TESS cover offset value: 0.0
#     TESS firmware version: '1.0'
#     TESS zero point: 20.5
#     Time Synchronization: timestamp added by MQTT subscriber
#     URL: http://www.darksky.org/NSBM/sdf1.0.pdf
# - __serialized_columns__:
#     Enclosure Temperature:
#       __class__: astropy.units.quantity.Quantity
#       unit: &id001 !astropy.units.Unit {unit: deg_C}
#       value: !astropy.table.SerializedColumn {name: Enclosure Temperature}
#     Frequency:
#       __class__: astropy.units.quantity.Quantity
#       unit: !astropy.units.Unit {unit: Hz}
#       value: !astropy.table.SerializedColumn {name: Frequency}
#     MSAS:
#       __class__: astropy.units.quantity.Quantity
#       unit: !astropy.units.Unit {unit: mag / arcsec2}
#       value: !astropy.table.SerializedColumn {name: MSAS}
#     Moon Alt:
#       __class__: astropy.units.quantity.Quantity
#       unit: &id002 !astropy.units.Unit {unit: deg}
#       value: !astropy.table.SerializedColumn {name: Moon Alt}
#     Sky Temperature:
#       __class__: astropy.units.quantity.Quantity
#       unit: *id001
#       value: !astropy.table.SerializedColumn {name: Sky Temperature}
#     Sun Alt:
#       __class__: astropy.units.quantity.Quantity
#       unit: *id002
#       value: !astropy.table.SerializedColumn {name: Sun Alt}
#     time:
#       __class__: astropy.time.core.Time
#       format: isot
#       in_subfmt: '*'
#       out_subfmt: '*'
#       precision: 3
#       scale: utc
#       value: !astropy.table.SerializedColumn {name: time}
# schema: astropy-2.0
time,Enclosure Temperature,Sky Temperature,Frequency,MSAS,ZP,Sequence Number,Sun Alt,Moon Alt,Moon Illumination
[from data line 12661]
2021-07-18T16:57:12.000,29.84,18.81,0.0,0.0,20.5,106304,54.35,-51.0,0.646
2021-07-18T16:58:13.000,29.79,18.76,0.0,0.0,20.5,106305,54.56,-50.0,0.646
2021-07-18T16:59:12.000,29.7,18.75,0.0,0.0,20.5,106306,54.77,-50.0,0.646
2021-07-18T17:01:13.000,29.69,18.73,0.0,0.0,20.5,106308,55.19,-50.0,0.646
2021-07-18T17:25:41.000,29.67,18.22,0.0,0.0,20.5,106331,60.25,-45.0,0.648
2021-07-18T17:33:42.000,36.4,19.83,0.0,0.0,20.5,106339,61.88,-44.0,0.649
2021-07-18T17:34:42.000,37.09,19.98,0.0,0.0,20.5,106340,62.08,-43.0,0.649
2021-07-18T17:37:43.000,38.1,20.07,0.0,0.0,20.5,106343,62.69,-43.0,0.649
2021-07-18T17:38:43.000,38.49,19.17,0.0,0.0,20.5,106344,62.89,-43.0,0.649
2021-07-18T17:39:43.000,38.49,19.37,0.0,0.0,20.5,106345,63.09,-42.0,0.649
2021-07-18T17:49:47.000,43.35,21.5,0.0,0.0,20.5,106355,65.1,-40.0,0.65
2021-07-18T17:50:47.000,44.16,21.99,0.0,0.0,20.5,106356,65.3,-40.0,0.65
2021-07-18T17:51:47.000,44.8,21.44,0.0,0.0,20.5,106357,65.49,-40.0,0.65
2021-07-18T17:53:48.000,45.52,21.27,0.0,0.0,20.5,106359,65.89,-40.0,0.65
2021-07-18T17:54:48.000,45.8,21.02,0.0,0.0,20.5,106360,66.08,-39.0,0.651
2021-07-18T17:55:48.000,45.82,20.87,0.0,0.0,20.5,106361,66.28,-39.0,0.651
2021-07-18T18:15:56.000,52.7,24.67,0.0,0.0,20.5,106381,70.09,-35.0,0.652
2021-07-18T18:16:56.000,52.74,21.98,0.0,0.0,20.5,106382,70.27,-35.0,0.652
2021-07-18T18:17:57.000,52.59,23.32,0.0,0.0,20.5,106383,70.46,-35.0,0.652
2021-07-18T18:19:57.000,52.36,24.13,0.0,0.0,20.5,106385,70.82,-34.0,0.652
2021-07-18T18:20:57.000,52.87,24.26,0.0,0.0,20.5,106386,71.0,-34.0,0.653
2021-07-18T18:21:58.000,53.42,24.81,0.0,0.0,20.5,106387,71.18,-34.0,0.653
2021-07-18T18:40:02.000,52.52,22.7,0.0,0.0,20.5,106405,74.2,-30.0,0.654
2021-07-18T18:41:02.000,51.77,23.27,0.0,0.0,20.5,106406,74.35,-30.0,0.654
2021-07-18T18:42:02.000,51.3,23.68,0.0,0.0,20.5,106407,74.51,-30.0,0.654
2021-07-18T18:45:02.000,52.69,24.74,0.0,0.0,20.5,106410,74.95,-29.0,0.654
2021-07-18T19:11:09.000,46.32,24.57,0.0,0.0,20.5,106436,77.95,-24.0,0.656
2021-07-18T19:12:09.000,46.06,24.74,0.0,0.0,20.5,106437,78.02,-24.0,0.656
2021-07-18T19:13:09.000,45.68,24.21,0.0,0.0,20.5,106438,78.09,-24.0,0.657
2021-07-18T19:14:09.000,45.4,24.75,0.0,0.0,20.5,106439,78.15,-24.0,0.657
2021-07-18T19:18:10.000,44.3,24.1,0.0,0.0,20.5,106443,78.38,-23.0,0.657
2021-07-18T19:19:10.000,44.36,25.28,0.0,0.0,20.5,106444,78.43,-23.0,0.657
2021-07-18T19:20:11.000,44.64,24.98,0.0,0.0,20.5,106445,78.47,-22.0,0.657
2021-07-18T19:21:11.000,45.06,25.26,0.0,0.0,20.5,106446,78.5,-22.0,0.657
2021-07-18T19:25:12.000,47.32,24.2,0.0,0.0,20.5,106450,78.61,-21.0,0.657
2021-07-18T19:26:12.000,47.61,24.73,0.0,0.0,20.5,106451,78.63,-21.0,0.658
2021-07-18T19:28:12.000,48.77,25.26,0.0,0.0,20.5,106453,78.65,-21.0,0.658
2021-07-18T19:32:13.000,49.84,24.96,0.0,0.0,20.5,106457,78.63,-20.0,0.658
2021-07-18T19:33:13.000,50.04,23.88,0.0,0.0,20.5,106458,78.62,-20.0,0.658
2021-07-18T19:34:14.000,50.41,24.73,0.0,0.0,20.5,106459,78.6,-20.0,0.658
2021-07-18T19:43:21.000,52.99,24.44,0.0,0.0,20.5,106468,78.23,-18.0,0.659
2021-07-18T19:44:21.000,53.55,24.19,0.0,0.0,20.5,106469,78.17,-18.0,0.659
2021-07-18T19:45:21.000,53.95,24.01,0.0,0.0,20.5,106470,78.1,-17.0,0.659
2021-07-18T19:48:28.000,54.65,24.12,0.0,0.0,20.5,106473,77.88,-17.0,0.659
2021-07-18T19:49:28.000,55.19,24.27,0.0,0.0,20.5,106474,77.8,-16.0,0.659
2021-07-18T19:51:28.000,55.2,22.97,0.0,0.0,20.5,106476,77.62,-16.0,0.659
2021-07-18T19:52:29.000,55.43,23.96,0.0,0.0,20.5,106477,77.53,-16.0,0.66
2021-07-18T19:53:29.000,55.76,24.29,0.0,0.0,20.5,106478,77.44,-16.0,0.66
2021-07-18T20:01:30.000,55.29,23.02,0.0,0.0,20.5,106486,76.57,-14.0,0.66
2021-07-18T20:02:31.000,55.28,23.23,0.0,0.0,20.5,106487,76.45,-14.0,0.66
2021-07-18T20:03:31.000,55.47,23.17,0.0,0.0,20.5,106488,76.33,-14.0,0.66
2021-07-18T20:05:31.000,55.72,22.66,0.0,0.0,20.5,106490,76.08,-13.0,0.661
2021-07-18T20:07:32.000,55.71,22.72,0.0,0.0,20.5,106492,75.81,-13.0,0.661
2021-07-18T20:08:32.000,55.78,23.2,0.0,0.0,20.5,106493,75.68,-13.0,0.661
2021-07-18T20:09:32.000,55.7,22.31,0.0,0.0,20.5,106494,75.54,-12.0,0.661
2021-07-18T20:19:36.000,56.31,22.01,0.0,0.0,20.5,106504,74.05,-11.0,0.662
2021-07-18T20:20:37.000,55.9,22.11,0.0,0.0,20.5,106505,73.89,-10.0,0.662
2021-07-18T20:21:37.000,55.96,23.28,0.0,0.0,20.5,106506,73.73,-10.0,0.662
2021-07-18T20:25:38.000,56.26,23.68,0.0,0.0,20.5,106510,73.08,-9.0,0.662
2021-07-18T20:30:47.000,55.84,23.22,0.0,0.0,20.5,106515,72.21,-8.0,0.662
2021-07-18T20:31:47.000,56.04,22.84,0.0,0.0,20.5,106516,72.04,-8.0,0.663
2021-07-18T20:32:56.000,56.09,22.74,0.0,0.0,20.5,106517,71.84,-8.0,0.663
2021-07-18T20:33:56.000,56.29,23.6,0.0,0.0,20.5,106518,71.67,-8.0,0.663
2021-07-18T20:34:57.000,56.42,23.1,0.0,0.0,20.5,106519,71.49,-7.0,0.663
2021-07-18T20:35:57.000,56.63,23.72,0.0,0.0,20.5,106520,71.31,-7.0,0.663
2021-07-18T20:37:57.000,56.86,23.17,0.0,0.0,20.5,106522,70.96,-7.0,0.663
2021-07-18T20:38:57.000,56.74,22.45,0.0,0.0,20.5,106523,70.78,-7.0,0.663
2021-07-18T20:39:58.000,56.75,23.33,0.0,0.0,20.5,106524,70.6,-6.0,0.663
2021-07-18T20:44:59.000,56.57,23.29,0.0,0.0,20.5,106529,69.68,-6.0,0.664
2021-07-18T20:45:59.000,56.69,22.93,0.0,0.0,20.5,106530,69.5,-5.0,0.664
2021-07-18T20:46:59.000,56.86,23.21,0.0,0.0,20.5,106531,69.31,-5.0,0.664
2021-07-18T20:52:16.000,57.0,22.56,0.0,0.0,20.5,106536,68.32,-4.0,0.664
2021-07-18T20:53:20.000,56.89,22.96,0.0,0.0,20.5,106537,68.12,-4.0,0.664
2021-07-18T20:54:20.000,56.89,22.74,0.0,0.0,20.5,106538,67.93,-4.0,0.664
2021-07-18T20:57:20.000,57.04,23.52,0.0,0.0,20.5,106541,67.35,-3.0,0.664
2021-07-18T20:59:21.000,56.63,22.62,0.0,0.0,20.5,106543,66.96,-3.0,0.665
2021-07-18T21:04:22.000,57.12,23.38,0.0,0.0,20.5,106548,65.99,-2.0,0.665
2021-07-18T21:05:31.000,57.14,22.32,0.0,0.0,20.5,106549,65.76,-2.0,0.665
2021-07-18T21:06:31.000,56.94,22.48,0.0,0.0,20.5,106550,65.57,-1.0,0.665
2021-07-18T21:18:40.000,52.8,18.16,0.0,0.0,20.5,106562,63.15,1.0,0.666
2021-07-18T21:19:40.000,51.2,18.2,0.0,0.0,20.5,106563,62.95,1.0,0.666
2021-07-18T21:20:40.000,50.03,18.91,0.0,0.0,20.5,106564,62.75,1.0,0.666
2021-07-18T21:22:41.000,48.08,19.18,0.0,0.0,20.5,106566,62.34,2.0,0.666
2021-07-18T21:23:41.000,47.36,19.19,0.0,0.0,20.5,106567,62.14,2.0,0.666
2021-07-18T21:32:42.000,42.88,19.57,0.0,0.0,20.5,106576,60.3,4.0,0.667
2021-07-18T21:33:42.000,42.56,19.46,0.0,0.0,20.5,106577,60.1,4.0,0.667
2021-07-18T21:34:42.000,42.21,19.73,0.0,0.0,20.5,106578,59.89,4.0,0.667
2021-07-18T21:35:43.000,42.06,20.24,0.0,0.0,20.5,106579,59.69,4.0,0.667
2021-07-18T21:36:42.000,41.89,19.95,0.0,0.0,20.5,106580,59.48,4.0,0.667
2021-07-18T21:37:43.000,41.73,20.09,0.0,0.0,20.5,106581,59.28,5.0,0.668
2021-07-18T21:59:45.000,40.41,21.07,0.0,0.0,20.5,106603,54.71,9.0,0.669
2021-07-18T22:00:45.000,40.4,20.8,0.0,0.0,20.5,106604,54.5,9.0,0.669
2021-07-18T22:01:46.000,40.33,20.85,0.0,0.0,20.5,106605,54.29,9.0,0.669
2021-07-18T22:06:46.000,40.32,21.14,0.0,0.0,20.5,106610,53.24,10.0,0.67
2021-07-18T22:07:47.000,40.3,20.74,0.0,0.0,20.5,106611,53.03,10.0,0.67
2021-07-18T22:08:47.000,40.13,20.4,0.0,0.0,20.5,106612,52.82,10.0,0.67
2021-07-18T22:11:48.000,40.06,21.05,0.0,0.0,20.5,106615,52.19,11.0,0.67
2021-07-18T22:12:48.000,40.04,21.08,0.0,0.0,20.5,106616,51.98,11.0,0.67
2021-07-18T22:13:48.000,40.02,21.1,0.0,0.0,20.5,106617,51.77,11.0,0.67
2021-07-18T22:14:48.000,40.0,20.96,0.0,0.0,20.5,106618,51.56,11.0,0.67
2021-07-18T22:15:49.000,39.99,21.01,0.0,0.0,20.5,106619,51.34,12.0,0.67
2021-07-18T22:17:49.000,40.03,21.33,0.0,0.0,20.5,106621,50.92,12.0,0.671
2021-07-18T22:18:49.000,40.07,21.4,0.0,0.0,20.5,106622,50.71,12.0,0.671
2021-07-18T22:19:49.000,40.1,21.25,0.0,0.0,20.5,106623,50.5,12.0,0.671
2021-07-18T22:41:59.000,40.46,21.68,0.0,0.0,20.5,106645,45.83,16.0,0.672
2021-07-18T22:42:59.000,40.48,21.45,0.0,0.0,20.5,106646,45.61,16.0,0.673
2021-07-18T22:43:59.000,40.47,21.28,0.0,0.0,20.5,106647,45.4,17.0,0.673
2021-07-18T22:46:00.000,40.43,21.49,0.0,0.0,20.5,106649,44.98,17.0,0.673
2021-07-18T22:47:00.000,40.43,21.48,0.0,0.0,20.5,106650,44.76,17.0,0.673
2021-07-18T22:48:01.000,40.43,21.55,0.0,0.0,20.5,106651,44.55,17.0,0.673
2021-07-18T22:49:01.000,40.47,21.7,0.0,0.0,20.5,106652,44.34,18.0,0.673
2021-07-18T22:51:01.000,40.49,21.63,0.0,0.0,20.5,106654,43.92,18.0,0.673
2021-07-18T22:52:01.000,40.46,21.49,0.0,0.0,20.5,106655,43.7,18.0,0.673
2021-07-18T22:53:02.000,40.44,21.64,0.0,0.0,20.5,106656,43.49,18.0,0.673
2021-07-18T22:54:02.000,40.49,21.95,0.0,0.0,20.5,106657,43.28,18.0,0.673
2021-07-18T22:55:02.000,40.43,21.17,0.0,0.0,20.5,106658,43.07,19.0,0.673
2021-07-18T22:56:02.000,40.34,21.59,0.0,0.0,20.5,106659,42.85,19.0,0.674
2021-07-18T23:00:04.000,40.28,21.65,0.0,0.0,20.5,106663,42.0,19.0,0.674
2021-07-18T23:01:04.000,40.24,21.78,0.0,0.0,20.5,106664,41.79,20.0,0.674
2021-07-18T23:02:04.000,40.27,21.86,0.0,0.0,20.5,106665,41.58,20.0,0.674
2021-07-18T23:04:05.000,40.16,21.54,0.0,0.0,20.5,106667,41.15,20.0,0.674
2021-07-18T23:05:05.000,40.2,21.88,0.0,0.0,20.5,106668,40.94,20.0,0.674
2021-07-18T23:06:05.000,40.22,21.76,0.0,0.0,20.5,106669,40.73,20.0,0.674
2021-07-18T23:08:06.000,40.18,21.57,0.0,0.0,20.5,106671,40.3,21.0,0.674
2021-07-18T23:09:06.000,40.22,21.88,0.0,0.0,20.5,106672,40.09,21.0,0.675
2021-07-18T23:10:06.000,40.21,21.66,0.0,0.0,20.5,106673,39.88,21.0,0.675
2021-07-18T23:11:10.000,40.21,21.75,0.0,0.0,20.5,106674,39.65,21.0,0.675
2021-07-18T23:12:10.000,40.22,21.57,0.0,0.0,20.5,106675,39.44,21.0,0.675
2021-07-18T23:14:10.000,40.15,21.75,0.0,0.0,20.5,106677,39.02,22.0,0.675
2021-07-18T23:15:10.000,40.19,21.96,0.0,0.0,20.5,106678,38.81,22.0,0.675
2021-07-18T23:16:11.000,40.25,21.87,0.0,0.0,20.5,106679,38.59,22.0,0.675
2021-07-18T23:26:12.000,40.09,21.91,0.0,0.0,20.5,106689,36.48,24.0,0.676
2021-07-18T23:27:12.000,40.13,21.97,0.0,0.0,20.5,106690,36.26,24.0,0.676
2021-07-18T23:28:12.000,40.14,22.09,0.0,0.0,20.5,106691,36.05,24.0,0.676
2021-07-18T23:40:15.000,39.8,22.04,0.0,0.0,20.5,106703,33.51,26.0,0.677
2021-07-18T23:41:15.000,39.83,21.86,0.0,0.0,20.5,106704,33.3,26.0,0.677
2021-07-18T23:42:15.000,39.7,21.53,0.0,0.0,20.5,106705,33.09,26.0,0.677
2021-07-18T23:44:21.000,39.68,21.95,0.0,0.0,20.5,106707,32.65,26.0,0.677
2021-07-18T23:45:21.000,39.67,21.94,0.0,0.0,20.5,106708,32.44,27.0,0.677
2021-07-18T23:46:22.000,39.67,21.76,0.0,0.0,20.5,106709,32.22,27.0,0.677
2021-07-18T23:47:22.000,39.63,21.56,0.0,0.0,20.5,106710,32.01,27.0,0.677
2021-07-18T23:51:23.000,39.56,22.02,0.0,0.0,20.5,106714,31.17,27.0,0.678
2021-07-18T23:56:24.000,39.49,21.81,0.0,0.0,20.5,106719,30.11,28.0,0.678
2021-07-18T23:57:24.000,39.43,21.68,0.0,0.0,20.5,106720,29.9,28.0,0.678
2021-07-18T23:58:24.000,39.32,21.73,0.0,0.0,20.5,106721,29.69,28.0,0.678
2021-07-19T00:07:26.000,39.26,21.73,0.0,0.0,20.5,106730,27.8,30.0,0.679
2021-07-19T00:08:26.000,39.15,21.7,0.0,0.0,20.5,106731,27.59,30.0,0.679
2021-07-19T00:09:26.000,39.16,22.12,0.0,0.0,20.5,106732,27.38,30.0,0.679
2021-07-19T00:11:27.000,39.26,22.28,0.0,0.0,20.5,106734,26.96,30.0,0.679
2021-07-19T00:12:27.000,39.32,22.26,0.0,0.0,20.5,106735,26.75,30.0,0.679
2021-07-19T00:13:27.000,39.31,21.96,0.0,0.0,20.5,106736,26.54,31.0,0.679
2021-07-19T00:16:28.000,39.11,22.04,0.0,0.0,20.5,106739,25.91,31.0,0.68
2021-07-19T00:17:28.000,39.11,21.94,0.0,0.0,20.5,106740,25.7,31.0,0.68
2021-07-19T00:18:28.000,39.13,22.28,0.0,0.0,20.5,106741,25.49,31.0,0.68
2021-07-19T00:20:28.000,39.13,22.69,0.0,0.0,20.5,106743,25.08,31.0,0.68
2021-07-19T00:21:29.000,39.27,22.76,0.0,0.0,20.5,106744,24.87,32.0,0.68
2021-07-19T00:22:29.000,39.39,22.87,0.0,0.0,20.5,106745,24.66,32.0,0.68
2021-07-19T00:27:30.000,39.41,23.39,0.0,0.0,20.5,106750,23.61,32.0,0.68
2021-07-19T00:28:30.000,39.43,23.61,0.0,0.0,20.5,106751,23.4,33.0,0.68
2021-07-19T00:29:31.000,39.49,24.07,0.0,0.0,20.5,106752,23.19,33.0,0.681
2021-07-19T00:32:31.000,39.91,24.97,0.0,0.0,20.5,106755,22.57,33.0,0.681
2021-07-19T00:34:32.000,40.19,24.6,0.0,0.0,20.5,106757,22.15,33.0,0.681
2021-07-19T00:35:32.000,40.14,24.21,0.0,0.0,20.5,106758,21.94,33.0,0.681
2021-07-19T00:36:32.000,40.04,24.26,0.0,0.0,20.5,106759,21.74,33.0,0.681
2021-07-19T00:43:34.000,40.33,24.69,0.0,0.0,20.5,106766,20.28,34.0,0.682
2021-07-19T00:44:34.000,40.35,24.71,0.0,0.0,20.5,106767,20.08,34.0,0.682
2021-07-19T00:45:34.000,40.34,24.56,0.0,0.0,20.5,106768,19.87,35.0,0.682
2021-07-19T00:48:34.000,40.32,24.57,0.0,0.0,20.5,106771,19.25,35.0,0.682
2021-07-19T00:51:34.000,40.14,24.57,0.0,0.0,20.5,106774,18.63,35.0,0.682
2021-07-19T00:54:35.000,39.98,24.76,0.0,0.0,20.5,106777,18.01,36.0,0.682
2021-07-19T01:05:37.000,38.83,24.72,0.0,0.0,20.5,106788,15.75,37.0,0.683
2021-07-19T01:06:37.000,38.9,25.0,0.0,0.0,20.5,106789,15.55,37.0,0.683
2021-07-19T01:07:37.000,38.86,24.59,0.0,0.0,20.5,106790,15.34,37.0,0.683
2021-07-19T01:11:38.000,38.54,24.69,0.0,0.0,20.5,106794,14.52,37.0,0.684
2021-07-19T01:12:39.000,38.45,24.53,0.0,0.0,20.5,106795,14.32,37.0,0.684
2021-07-19T01:13:39.000,38.4,24.63,0.0,0.0,20.5,106796,14.11,37.0,0.684
2021-07-19T01:16:39.000,38.34,24.88,0.0,0.0,20.5,106799,13.5,38.0,0.684
2021-07-19T01:20:40.000,37.86,24.24,0.0,0.0,20.5,106803,12.69,38.0,0.684
2021-07-19T01:22:40.000,37.65,24.42,0.0,0.0,20.5,106805,12.28,38.0,0.685
2021-07-19T01:23:40.000,37.6,24.35,0.0,0.0,20.5,106806,12.08,38.0,0.685
2021-07-19T01:24:41.000,37.63,24.75,0.0,0.0,20.5,106807,11.88,38.0,0.685
2021-07-19T01:25:41.000,37.63,24.4,0.0,0.0,20.5,106808,11.67,38.0,0.685
2021-07-19T01:26:42.000,37.63,24.46,0.0,0.0,20.5,106809,11.47,38.0,0.685
2021-07-19T01:29:42.000,37.48,24.32,0.0,0.0,20.5,106812,10.86,39.0,0.685
2021-07-19T01:32:42.000,37.32,23.98,0.0,0.0,20.5,106815,10.26,39.0,0.685
2021-07-19T01:35:43.000,37.2,24.34,0.0,0.0,20.5,106818,9.66,39.0,0.686
2021-07-19T01:36:43.000,37.19,24.34,0.0,0.0,20.5,106819,9.46,39.0,0.686
2021-07-19T01:37:43.000,37.16,24.2,0.0,0.0,20.5,106820,9.26,39.0,0.686
2021-07-19T01:39:43.000,37.15,24.51,0.0,0.0,20.5,106822,8.86,39.0,0.686
2021-07-19T01:40:44.000,37.13,24.19,0.0,0.0,20.5,106823,8.65,39.0,0.686
2021-07-19T01:41:44.000,37.07,24.19,0.0,0.0,20.5,106824,8.45,40.0,0.686
2021-07-19T01:43:44.000,36.95,23.97,0.0,0.0,20.5,106826,8.05,40.0,0.686
2021-07-19T01:47:45.000,36.67,24.19,0.0,0.0,20.5,106830,7.25,40.0,0.686
2021-07-19T01:48:45.000,36.62,24.15,0.0,0.0,20.5,106831,7.06,40.0,0.687
2021-07-19T01:49:46.000,36.55,24.1,0.0,0.0,20.5,106832,6.85,40.0,0.687
2021-07-19T01:52:46.000,36.44,24.16,0.0,0.0,20.5,106835,6.26,40.0,0.687
2021-07-19T01:53:47.000,36.39,24.07,0.0,0.0,20.5,106836,6.06,40.0,0.687
2021-07-19T01:54:47.000,36.34,24.16,0.0,0.0,20.5,106837,5.86,40.0,0.687
2021-07-19T02:15:55.000,36.2,25.12,0.0,0.0,20.5,106858,1.72,41.0,0.689
2021-07-19T02:16:55.000,36.1,24.91,0.0,0.0,20.5,106859,1.53,41.0,0.689
2021-07-19T02:17:55.000,36.0,24.84,0.0,0.0,20.5,106860,1.34,41.0,0.689
2021-07-19T02:21:55.000,35.68,24.7,0.0,0.0,20.5,106864,0.57,41.0,0.689
2021-07-19T02:26:02.000,34.67,23.46,24231.25,9.43,20.5,106868,-0.23,41.0,0.689
2021-07-19T02:27:02.000,34.53,23.87,14861.37,9.96,20.5,106869,-0.42,41.0,0.689
2021-07-19T02:33:03.000,32.07,24.13,7101.58,10.75,20.5,106875,-1.57,41.0,0.69
2021-07-19T02:34:03.000,32.05,24.51,6967.53,10.77,20.5,106876,-1.76,41.0,0.69
2021-07-19T02:35:03.000,31.48,22.33,5943.35,10.95,20.5,106877,-1.95,41.0,0.69
2021-07-19T02:41:04.000,26.87,22.65,1292.61,12.6,20.5,106883,-3.08,41.0,0.69
2021-07-19T02:42:04.000,26.79,23.3,1032.24,12.85,20.5,106884,-3.27,41.0,0.691
2021-07-19T02:43:05.000,26.7,23.35,861.67,13.04,20.5,106885,-3.46,41.0,0.691
2021-07-19T02:50:25.000,26.42,24.29,297.15,14.2,20.5,106892,-4.84,41.0,0.691
2021-07-19T02:52:26.000,26.46,24.47,213.64,14.58,20.5,106894,-5.21,41.0,0.691
2021-07-19T02:53:26.000,26.44,23.99,180.99,14.76,20.5,106895,-5.4,41.0,0.691
2021-07-19T02:54:26.000,26.35,23.89,147.28,14.97,20.5,106896,-5.58,41.0,0.691
2021-07-19T02:55:26.000,26.24,23.61,125.46,15.16,20.5,106897,-5.77,41.0,0.692
2021-07-19T02:56:27.000,26.34,24.39,103.64,15.35,20.5,106898,-5.95,41.0,0.692
2021-07-19T02:57:27.000,26.39,24.2,95.27,15.48,20.5,106899,-6.14,41.0,0.692
2021-07-19T02:58:27.000,26.35,24.27,77.87,15.66,20.5,106900,-6.32,41.0,0.692
