Downloads/jupyter/ECSV/stars19/stars19_2020-07.ecsv
# %ECSV 1.0
# ---
# datatype:
# - {name: time, datatype: string}
# - {name: Enclosure Temperature, unit: deg_C, datatype: float64}
# - {name: Sky Temperature, unit: deg_C, datatype: float64}
# - {name: Frequency, unit: Hz, datatype: float64}
# - {name: MSAS, unit: mag / arcsec2, datatype: float64}
# - {name: ZP, datatype: float64}
# - {name: Sequence Number, datatype: int64}
# - {name: Sun Alt, unit: deg, datatype: float64}
# - {name: Moon Alt, unit: deg, datatype: float64}
# - {name: Moon Illumination, datatype: float64}
# delimiter: ','
# meta: !!omap
# - ida:
#     Data supplier: {affiliation: null, observer: null}
#     Device type: TESS-W
#     Field of view: 17.0
#     Filters per channel: None
#     Instrument ID: stars19
#     License: ODbL 1.0 http://opendatacommons.org/licenses/odbl/summary/
#     Local timezone: America/Phoenix
#     Location name: {country: '- Tucson', place: Tucson, region: United States, sub_region: Arizona, town: Pima County}
#     Measurement direction per channel: {azimuth: 0.0, zenital: 0.0}
#     Moving / Fixed look direction: FIXED
#     Moving / Stationary position: STATIONARY
#     Number of channels: 1
#     Number of fields per line: 8
#     Number of header lines: 35
#     Position: {height: 0.0, latitude: 32.223877, longitude: -110.767532}
#     TESS MAC address: 18:FE:34:CF:EC:06
#     TESS cover offset value: 0.0
#     TESS firmware version: '1.0'
#     TESS zero point: 20.5
#     Time Synchronization: timestamp added by MQTT subscriber
#     URL: http://www.darksky.org/NSBM/sdf1.0.pdf
# - __serialized_columns__:
#     Enclosure Temperature:
#       __class__: astropy.units.quantity.Quantity
#       unit: &id001 !astropy.units.Unit {unit: deg_C}
#       value: !astropy.table.SerializedColumn {name: Enclosure Temperature}
#     Frequency:
#       __class__: astropy.units.quantity.Quantity
#       unit: !astropy.units.Unit {unit: Hz}
#       value: !astropy.table.SerializedColumn {name: Frequency}
#     MSAS:
#       __class__: astropy.units.quantity.Quantity
#       unit: !astropy.units.Unit {unit: mag / arcsec2}
#       value: !astropy.table.SerializedColumn {name: MSAS}
#     Moon Alt:
#       __class__: astropy.units.quantity.Quantity
#       unit: &id002 !astropy.units.Unit {unit: deg}
#       value: !astropy.table.SerializedColumn {name: Moon Alt}
#     Sky Temperature:
#       __class__: astropy.units.quantity.Quantity
#       unit: *id001
#       value: !astropy.table.SerializedColumn {name: Sky Temperature}
#     Sun Alt:
#       __class__: astropy.units.quantity.Quantity
#       unit: *id002
#       value: !astropy.table.SerializedColumn {name: Sun Alt}
#     time:
#       __class__: astropy.time.core.Time
#       format: isot
#       in_subfmt: '*'
#       out_subfmt: '*'
#       precision: 3
#       scale: utc
#       value: !astropy.table.SerializedColumn {name: time}
# schema: astropy-2.0
time,Enclosure Temperature,Sky Temperature,Frequency,MSAS,ZP,Sequence Number,Sun Alt,Moon Alt,Moon Illumination
[from data line 14754]
2020-07-21T03:06:21.000,36.51,19.95,61.18,15.91,20.5,123424,-8.01,-3.0,0.003
2020-07-21T03:07:21.000,36.52,20.01,51.21,16.11,20.5,123425,-8.2,-4.0,0.003
2020-07-21T03:08:21.000,36.53,20.03,45.05,16.25,20.5,123426,-8.38,-4.0,0.003
2020-07-21T03:09:21.000,36.51,19.98,39.18,16.4,20.5,123427,-8.56,-4.0,0.003
2020-07-21T03:10:21.000,36.48,20.11,34.36,16.54,20.5,123428,-8.74,-4.0,0.003
2020-07-21T03:11:22.000,36.49,20.2,30.3,16.68,20.5,123429,-8.93,-4.0,0.003
2020-07-21T03:12:22.000,36.51,20.27,27.17,16.8,20.5,123430,-9.11,-5.0,0.003
2020-07-21T03:13:23.000,36.49,20.25,24.46,16.91,20.5,123431,-9.29,-5.0,0.003
2020-07-21T03:14:23.000,36.45,20.31,22.11,17.02,20.5,123432,-9.47,-5.0,0.003
2020-07-21T03:15:24.000,36.45,20.47,20.12,17.12,20.5,123433,-9.65,-5.0,0.003
2020-07-21T03:16:24.000,36.45,20.49,18.58,17.21,20.5,123434,-9.83,-5.0,0.003
2020-07-21T03:17:24.000,36.44,20.58,17.08,17.3,20.5,123435,-10.01,-5.0,0.003
2020-07-21T03:18:24.000,36.47,20.72,15.8,17.38,20.5,123436,-10.19,-6.0,0.003
2020-07-21T03:22:25.000,36.41,20.67,12.17,17.67,20.5,123440,-10.91,-6.0,0.003
2020-07-21T03:23:25.000,36.38,20.67,11.58,17.72,20.5,123441,-11.09,-6.0,0.003
2020-07-21T03:24:25.000,36.35,20.69,11.09,17.77,20.5,123442,-11.27,-7.0,0.003
2020-07-21T03:25:26.000,36.34,20.85,10.74,17.8,20.5,123443,-11.45,-7.0,0.003
2020-07-21T03:26:26.000,36.35,20.84,10.48,17.83,20.5,123444,-11.62,-7.0,0.003
2020-07-21T03:27:26.000,36.35,20.94,10.26,17.85,20.5,123445,-11.8,-7.0,0.003
2020-07-21T03:28:26.000,36.35,20.93,10.12,17.87,20.5,123446,-11.98,-7.0,0.003
2020-07-21T03:29:27.000,36.36,20.96,10.06,17.87,20.5,123447,-12.15,-8.0,0.003
2020-07-21T03:30:27.000,36.37,20.95,10.05,17.87,20.5,123448,-12.33,-8.0,0.003
2020-07-21T03:31:27.000,36.36,20.86,10.14,17.86,20.5,123449,-12.51,-8.0,0.003
2020-07-21T03:32:27.000,36.33,20.79,10.24,17.85,20.5,123450,-12.68,-8.0,0.003
2020-07-21T03:35:28.000,36.3,20.9,10.4,17.84,20.5,123453,-13.21,-9.0,0.003
2020-07-21T03:36:28.000,36.31,20.81,10.19,17.86,20.5,123454,-13.38,-9.0,0.003
2020-07-21T03:37:28.000,36.31,20.86,10.06,17.87,20.5,123455,-13.55,-9.0,0.003
2020-07-21T03:38:28.000,36.33,20.85,9.91,17.89,20.5,123456,-13.73,-9.0,0.003
2020-07-21T03:39:29.000,36.34,20.75,9.59,17.93,20.5,123457,-13.9,-9.0,0.003
2020-07-21T03:40:29.000,36.34,20.77,9.4,17.95,20.5,123458,-14.07,-9.0,0.003
2020-07-21T03:41:29.000,36.34,20.75,9.75,17.91,20.5,123459,-14.24,-10.0,0.003
2020-07-21T03:42:29.000,36.34,20.81,10.26,17.85,20.5,123460,-14.42,-10.0,0.003
2020-07-21T03:43:29.000,36.34,20.84,10.66,17.81,20.5,123461,-14.59,-10.0,0.003
2020-07-21T03:44:30.000,36.37,20.91,11.02,17.77,20.5,123462,-14.76,-10.0,0.003
2020-07-21T03:45:30.000,36.4,20.91,11.33,17.74,20.5,123463,-14.93,-10.0,0.003
2020-07-21T03:46:30.000,36.39,20.84,11.51,17.73,20.5,123464,-15.1,-10.0,0.003
2020-07-21T03:47:30.000,36.39,20.8,11.61,17.72,20.5,123465,-15.27,-11.0,0.003
2020-07-21T03:49:31.000,36.34,20.7,11.62,17.72,20.5,123467,-15.61,-11.0,0.003
2020-07-21T03:50:31.000,36.31,20.61,11.54,17.72,20.5,123468,-15.78,-11.0,0.003
2020-07-21T03:51:31.000,36.32,20.7,11.47,17.73,20.5,123469,-15.95,-11.0,0.003
2020-07-21T03:52:31.000,36.32,20.62,11.32,17.75,20.5,123470,-16.12,-11.0,0.003
2020-07-21T03:53:32.000,36.3,20.63,11.12,17.77,20.5,123471,-16.29,-12.0,0.003
2020-07-21T03:54:32.000,36.3,20.63,10.86,17.79,20.5,123472,-16.45,-12.0,0.003
2020-07-21T03:55:32.000,36.29,20.72,10.56,17.82,20.5,123473,-16.62,-12.0,0.003
2020-07-21T03:56:32.000,36.29,20.71,10.15,17.86,20.5,123474,-16.79,-12.0,0.003
2020-07-21T03:57:32.000,36.29,20.66,9.69,17.91,20.5,123475,-16.95,-12.0,0.003
2020-07-21T03:58:33.000,36.26,20.55,9.28,17.96,20.5,123476,-17.12,-12.0,0.003
2020-07-21T03:59:33.000,36.26,20.54,8.85,18.01,20.5,123477,-17.29,-13.0,0.003
2020-07-21T04:00:33.000,36.27,20.43,8.37,18.07,20.5,123478,-17.45,-13.0,0.003
2020-07-21T04:01:33.000,36.26,20.26,7.69,18.17,20.5,123479,-17.61,-13.0,0.003
2020-07-21T04:02:33.000,36.26,20.07,7.04,18.26,20.5,123480,-17.78,-13.0,0.003
2020-07-21T04:03:33.000,36.25,19.8,6.43,18.36,20.5,123481,-17.94,-13.0,0.003
2020-07-21T04:04:34.000,36.21,19.61,5.82,18.47,20.5,123482,-18.11,-13.0,0.003
2020-07-21T04:05:34.000,36.22,19.3,5.21,18.59,20.5,123483,-18.27,-14.0,0.003
2020-07-21T04:06:34.000,36.18,19.02,4.72,18.7,20.5,123484,-18.43,-14.0,0.003
2020-07-21T04:07:34.000,36.16,18.68,4.32,18.79,20.5,123485,-18.59,-14.0,0.003
2020-07-21T04:08:35.000,36.15,18.46,4.06,18.86,20.5,123486,-18.76,-14.0,0.003
2020-07-21T04:09:35.000,36.15,18.17,3.98,18.88,20.5,123487,-18.92,-14.0,0.003
2020-07-21T04:10:35.000,36.12,17.89,4.02,18.87,20.5,123488,-19.08,-14.0,0.003
2020-07-21T04:11:35.000,36.08,17.72,4.08,18.85,20.5,123489,-19.24,-15.0,0.003
2020-07-21T04:12:36.000,36.05,17.57,4.2,18.82,20.5,123490,-19.4,-15.0,0.003
2020-07-21T04:13:36.000,36.01,17.43,4.3,18.8,20.5,123491,-19.56,-15.0,0.003
2020-07-21T04:17:37.000,35.81,17.59,3.27,19.09,20.5,123495,-20.19,-16.0,0.003
2020-07-21T04:23:38.000,35.7,17.6,4.37,18.78,20.5,123501,-21.13,-17.0,0.003
2020-07-21T04:24:38.000,35.65,17.55,4.6,18.72,20.5,123502,-21.28,-17.0,0.003
2020-07-21T04:25:39.000,35.62,17.61,4.72,18.7,20.5,123503,-21.44,-17.0,0.003
2020-07-21T04:26:39.000,35.6,17.54,4.71,18.7,20.5,123504,-21.59,-17.0,0.003
2020-07-21T04:27:39.000,35.58,17.38,4.48,18.75,20.5,123505,-21.75,-17.0,0.003
2020-07-21T04:29:40.000,35.51,17.28,3.87,18.91,20.5,123507,-22.05,-17.0,0.003
2020-07-21T04:30:40.000,35.5,17.23,3.67,18.97,20.5,123508,-22.2,-18.0,0.003
2020-07-21T04:31:40.000,35.48,17.12,3.67,18.97,20.5,123509,-22.35,-18.0,0.003
2020-07-21T04:32:40.000,35.44,17.04,3.94,18.89,20.5,123510,-22.5,-18.0,0.003
2020-07-21T04:33:40.000,35.42,17.07,4.25,18.81,20.5,123511,-22.65,-18.0,0.003
2020-07-21T04:34:41.000,35.39,17.12,4.27,18.8,20.5,123512,-22.8,-18.0,0.003
2020-07-21T04:35:41.000,35.37,17.22,4.36,18.78,20.5,123513,-22.95,-18.0,0.003
2020-07-21T04:36:41.000,35.37,17.24,4.47,18.76,20.5,123514,-23.1,-19.0,0.003
2020-07-21T04:41:42.000,35.27,16.93,4.33,18.79,20.5,123519,-23.83,-19.0,0.003
2020-07-21T04:42:42.000,35.25,17.01,4.95,18.64,20.5,123520,-23.98,-19.0,0.003
2020-07-21T04:45:43.000,35.2,16.66,3.94,18.89,20.5,123523,-24.41,-20.0,0.003
2020-07-21T04:46:43.000,35.19,16.62,3.39,19.05,20.5,123524,-24.55,-20.0,0.003
2020-07-21T04:47:43.000,35.19,16.54,3.11,19.15,20.5,123525,-24.7,-20.0,0.003
2020-07-21T04:48:43.000,35.18,16.44,3.08,19.16,20.5,123526,-24.84,-20.0,0.003
2020-07-21T04:49:43.000,35.18,16.43,3.18,19.12,20.5,123527,-24.98,-21.0,0.003
2020-07-21T04:50:44.000,35.15,16.38,3.31,19.08,20.5,123528,-25.12,-21.0,0.003
2020-07-21T04:51:44.000,35.11,16.43,3.34,19.07,20.5,123529,-25.26,-21.0,0.004
2020-07-21T04:52:44.000,35.08,16.45,3.27,19.09,20.5,123530,-25.4,-21.0,0.004
2020-07-21T04:53:44.000,35.07,16.48,3.15,19.13,20.5,123531,-25.54,-21.0,0.004
2020-07-21T04:57:44.000,34.99,16.21,3.24,19.1,20.5,123535,-26.09,-22.0,0.004
2020-07-21T04:58:45.000,34.98,16.22,3.21,19.11,20.5,123536,-26.22,-22.0,0.004
2020-07-21T04:59:45.000,34.96,16.14,3.17,19.13,20.5,123537,-26.36,-22.0,0.004
2020-07-21T05:01:45.000,34.93,16.16,3.54,19.01,20.5,123539,-26.63,-22.0,0.004
2020-07-21T05:02:48.000,34.91,16.24,3.88,18.91,20.5,123540,-26.77,-22.0,0.004
2020-07-21T05:03:48.000,34.9,16.31,4.26,18.81,20.5,123541,-26.9,-23.0,0.004
2020-07-21T05:04:49.000,34.88,16.35,4.61,18.72,20.5,123542,-27.03,-23.0,0.004
2020-07-21T05:05:49.000,34.86,16.38,4.61,18.72,20.5,123543,-27.16,-23.0,0.004
2020-07-21T05:06:49.000,34.85,16.37,4.78,18.68,20.5,123544,-27.3,-23.0,0.004
2020-07-21T05:07:49.000,34.83,16.3,5.31,18.57,20.5,123545,-27.43,-23.0,0.004
2020-07-21T05:08:50.000,34.81,16.33,5.68,18.49,20.5,123546,-27.56,-23.0,0.004
2020-07-21T05:09:50.000,34.79,16.34,6.18,18.4,20.5,123547,-27.69,-23.0,0.004
2020-07-21T05:12:50.000,34.75,16.2,5.22,18.59,20.5,123550,-28.07,-24.0,0.004
2020-07-21T05:13:51.000,34.72,16.12,4.61,18.72,20.5,123551,-28.2,-24.0,0.004
2020-07-21T05:15:51.000,34.7,15.85,5.11,18.61,20.5,123553,-28.45,-24.0,0.004
2020-07-21T05:16:52.000,34.69,15.73,5.82,18.47,20.5,123554,-28.57,-24.0,0.004
2020-07-21T05:17:52.000,34.67,15.45,5.61,18.51,20.5,123555,-28.69,-24.0,0.004
2020-07-21T05:18:52.000,34.64,15.38,4.95,18.65,20.5,123556,-28.82,-25.0,0.004
2020-07-21T05:19:52.000,34.62,15.3,3.94,18.89,20.5,123557,-28.94,-25.0,0.004
2020-07-21T05:20:52.000,34.58,15.24,3.55,19.0,20.5,123558,-29.06,-25.0,0.004
2020-07-21T05:21:53.000,34.54,15.3,3.64,18.98,20.5,123559,-29.18,-25.0,0.004
2020-07-21T05:22:53.000,34.51,15.35,3.33,19.08,20.5,123560,-29.3,-25.0,0.004
2020-07-21T05:25:54.000,34.44,15.54,2.72,19.29,20.5,123563,-29.66,-26.0,0.004
2020-07-21T05:26:54.000,34.44,15.65,2.69,19.31,20.5,123564,-29.78,-26.0,0.004
2020-07-21T05:27:54.000,34.46,15.66,2.8,19.26,20.5,123565,-29.89,-26.0,0.004
2020-07-21T05:28:54.000,34.46,15.69,3.12,19.14,20.5,123566,-30.01,-26.0,0.004
2020-07-21T05:29:54.000,34.47,15.82,3.13,19.14,20.5,123567,-30.12,-26.0,0.004
2020-07-21T05:30:55.000,34.47,15.89,2.91,19.22,20.5,123568,-30.24,-26.0,0.004
2020-07-21T05:33:55.000,34.41,16.16,3.05,19.17,20.5,123571,-30.58,-27.0,0.004
2020-07-21T05:34:55.000,34.38,16.34,3.21,19.11,20.5,123572,-30.69,-27.0,0.004
2020-07-21T05:35:55.000,34.4,16.7,3.54,19.01,20.5,123573,-30.8,-27.0,0.004
2020-07-21T05:36:55.000,34.41,16.97,4.04,18.86,20.5,123574,-30.91,-27.0,0.004
2020-07-21T05:37:56.000,34.4,17.2,4.71,18.7,20.5,123575,-31.02,-27.0,0.004
2020-07-21T05:38:56.000,34.38,17.48,5.36,18.56,20.5,123576,-31.13,-27.0,0.004
2020-07-21T05:39:56.000,34.41,17.74,5.58,18.51,20.5,123577,-31.23,-27.0,0.004
2020-07-21T05:40:56.000,34.44,17.83,5.71,18.49,20.5,123578,-31.34,-27.0,0.004
2020-07-21T05:41:57.000,34.42,17.78,5.52,18.53,20.5,123579,-31.45,-28.0,0.004
2020-07-21T05:42:57.000,34.4,17.82,5.42,18.55,20.5,123580,-31.55,-28.0,0.004
2020-07-21T05:43:57.000,34.4,17.82,5.93,18.45,20.5,123581,-31.66,-28.0,0.004
2020-07-21T05:44:57.000,34.39,17.74,5.61,18.51,20.5,123582,-31.76,-28.0,0.004
2020-07-21T05:45:57.000,34.37,17.69,5.18,18.6,20.5,123583,-31.86,-28.0,0.004
2020-07-21T05:55:59.000,34.37,16.52,3.58,19.0,20.5,123593,-32.84,-29.0,0.004
2020-07-21T05:56:59.000,34.37,16.31,3.51,19.02,20.5,123594,-32.94,-29.0,0.004
2020-07-21T05:57:59.000,34.33,16.14,3.49,19.02,20.5,123595,-33.03,-29.0,0.004
2020-07-21T06:08:00.000,34.2,15.95,3.01,19.18,20.5,123605,-33.91,-30.0,0.004
2020-07-21T06:09:01.000,34.18,15.97,3.05,19.17,20.5,123606,-33.99,-31.0,0.004
2020-07-21T06:10:01.000,34.16,16.1,3.16,19.13,20.5,123607,-34.07,-31.0,0.004
2020-07-21T06:11:01.000,34.17,16.22,3.27,19.09,20.5,123608,-34.16,-31.0,0.004
2020-07-21T06:12:01.000,34.17,16.21,3.27,19.09,20.5,123609,-34.24,-31.0,0.004
2020-07-21T06:15:02.000,34.12,15.82,3.34,19.07,20.5,123612,-34.47,-31.0,0.004
2020-07-21T06:16:02.000,34.09,15.66,3.42,19.04,20.5,123613,-34.55,-31.0,0.004
2020-07-21T06:18:03.000,34.06,15.4,2.97,19.2,20.5,123615,-34.7,-31.0,0.004
2020-07-21T06:24:04.000,33.88,15.34,3.79,18.93,20.5,123621,-35.13,-32.0,0.004
2020-07-21T06:25:04.000,33.84,15.48,4.29,18.8,20.5,123622,-35.2,-32.0,0.004
2020-07-21T06:26:05.000,33.85,15.62,4.49,18.75,20.5,123623,-35.27,-32.0,0.004
2020-07-21T06:27:05.000,33.82,15.36,4.43,18.76,20.5,123624,-35.33,-32.0,0.004
2020-07-21T06:28:05.000,33.79,15.19,4.26,18.81,20.5,123625,-35.4,-32.0,0.004
2020-07-21T06:29:05.000,33.75,15.03,3.94,18.89,20.5,123626,-35.46,-32.0,0.004
2020-07-21T06:30:05.000,33.7,14.89,3.71,18.96,20.5,123627,-35.52,-33.0,0.004
2020-07-21T06:31:06.000,33.67,14.88,3.25,19.1,20.5,123628,-35.59,-33.0,0.004
2020-07-21T06:33:06.000,33.65,14.85,2.86,19.24,20.5,123630,-35.71,-33.0,0.004
2020-07-21T06:34:06.000,33.63,14.85,3.01,19.18,20.5,123631,-35.77,-33.0,0.004
2020-07-21T06:35:06.000,33.61,14.9,3.29,19.09,20.5,123632,-35.82,-33.0,0.004
2020-07-21T06:37:07.000,33.57,15.39,3.91,18.9,20.5,123634,-35.94,-33.0,0.004
2020-07-21T06:38:07.000,33.54,15.53,4.07,18.86,20.5,123635,-35.99,-33.0,0.004
2020-07-21T06:39:07.000,33.51,15.64,4.46,18.76,20.5,123636,-36.05,-33.0,0.004
2020-07-21T06:40:08.000,33.5,15.61,4.44,18.76,20.5,123637,-36.1,-33.0,0.005
2020-07-21T06:41:08.000,33.48,15.57,4.03,18.87,20.5,123638,-36.15,-33.0,0.005
2020-07-21T06:45:09.000,33.45,16.19,4.44,18.76,20.5,123642,-36.35,-34.0,0.005
2020-07-21T06:46:09.000,33.45,16.5,4.54,18.74,20.5,123643,-36.4,-34.0,0.005
2020-07-21T06:47:09.000,33.45,16.67,4.99,18.63,20.5,123644,-36.45,-34.0,0.005
2020-07-21T06:48:09.000,33.43,16.74,5.58,18.51,20.5,123645,-36.49,-34.0,0.005
2020-07-21T06:49:09.000,33.42,16.84,5.98,18.44,20.5,123646,-36.54,-34.0,0.005
2020-07-21T06:50:10.000,33.44,16.86,6.08,18.42,20.5,123647,-36.58,-34.0,0.005
2020-07-21T06:52:10.000,33.48,17.18,5.79,18.47,20.5,123649,-36.66,-34.0,0.005
2020-07-21T06:53:10.000,33.48,17.34,6.23,18.39,20.5,123650,-36.7,-34.0,0.005
2020-07-21T06:54:11.000,33.48,17.53,6.78,18.3,20.5,123651,-36.74,-34.0,0.005
2020-07-21T06:56:11.000,33.52,17.91,7.37,18.21,20.5,123653,-36.81,-35.0,0.005
2020-07-21T06:57:12.000,33.51,17.97,7.43,18.2,20.5,123654,-36.85,-35.0,0.005
2020-07-21T06:58:12.000,33.53,18.01,7.51,18.19,20.5,123655,-36.89,-35.0,0.005
2020-07-21T06:59:12.000,33.54,17.99,7.69,18.17,20.5,123656,-36.92,-35.0,0.005
2020-07-21T07:00:12.000,33.54,18.06,7.92,18.13,20.5,123657,-36.95,-35.0,0.005
2020-07-21T07:01:13.000,33.56,18.12,8.22,18.09,20.5,123658,-36.98,-35.0,0.005
2020-07-21T07:02:13.000,33.58,18.12,8.29,18.08,20.5,123659,-37.01,-35.0,0.005
2020-07-21T07:03:13.000,33.58,18.13,8.28,18.08,20.5,123660,-37.04,-35.0,0.005
2020-07-21T07:04:13.000,33.57,18.15,8.41,18.07,20.5,123661,-37.07,-35.0,0.005
2020-07-21T07:06:14.000,33.56,18.32,7.82,18.15,20.5,123663,-37.12,-35.0,0.005
2020-07-21T07:07:14.000,33.58,18.38,7.89,18.14,20.5,123664,-37.15,-35.0,0.005
2020-07-21T07:08:14.000,33.58,18.44,8.01,18.12,20.5,123665,-37.17,-35.0,0.005
2020-07-21T07:09:15.000,33.58,18.48,7.78,18.15,20.5,123666,-37.19,-35.0,0.005
2020-07-21T07:12:15.000,33.63,18.73,8.48,18.06,20.5,123669,-37.26,-35.0,0.005
2020-07-21T07:13:15.000,33.64,18.83,8.55,18.05,20.5,123670,-37.27,-36.0,0.005
2020-07-21T07:14:16.000,33.66,18.92,9.24,17.97,20.5,123671,-37.29,-36.0,0.005
2020-07-21T07:15:16.000,33.68,18.96,10.05,17.87,20.5,123672,-37.31,-36.0,0.005
2020-07-21T07:16:16.000,33.69,19.01,10.2,17.86,20.5,123673,-37.32,-36.0,0.005
2020-07-21T07:17:17.000,33.68,19.01,10.42,17.84,20.5,123674,-37.34,-36.0,0.005
2020-07-21T07:18:17.000,33.68,19.02,10.98,17.78,20.5,123675,-37.35,-36.0,0.005
2020-07-21T07:19:17.000,33.68,18.95,11.14,17.76,20.5,123676,-37.36,-36.0,0.005
2020-07-21T07:20:17.000,33.67,18.88,10.5,17.83,20.5,123677,-37.37,-36.0,0.005
2020-07-21T07:21:17.000,33.65,18.88,10.09,17.87,20.5,123678,-37.38,-36.0,0.005
2020-07-21T07:22:18.000,33.64,18.92,10.26,17.85,20.5,123679,-37.39,-36.0,0.005
2020-07-21T07:23:18.000,33.65,18.96,10.34,17.84,20.5,123680,-37.4,-36.0,0.005
2020-07-21T07:24:18.000,33.66,18.94,10.13,17.87,20.5,123681,-37.41,-36.0,0.005
2020-07-21T07:25:18.000,33.65,18.97,9.78,17.9,20.5,123682,-37.41,-36.0,0.005
2020-07-21T07:26:19.000,33.66,19.03,9.46,17.94,20.5,123683,-37.42,-36.0,0.005
2020-07-21T07:27:19.000,33.67,19.08,9.52,17.93,20.5,123684,-37.42,-36.0,0.005
2020-07-21T07:28:19.000,33.69,19.14,10.06,17.87,20.5,123685,-37.42,-36.0,0.005
2020-07-21T07:29:20.000,33.7,19.23,10.89,17.79,20.5,123686,-37.42,-36.0,0.005
2020-07-21T07:30:20.000,33.72,19.33,11.89,17.69,20.5,123687,-37.42,-36.0,0.005
2020-07-21T07:31:20.000,33.75,19.44,13.01,17.59,20.5,123688,-37.42,-36.0,0.005
2020-07-21T07:32:20.000,33.78,19.45,14.08,17.51,20.5,123689,-37.42,-36.0,0.005
2020-07-21T07:33:20.000,33.77,19.45,14.63,17.47,20.5,123690,-37.41,-36.0,0.005
2020-07-21T07:34:21.000,33.77,19.48,14.69,17.46,20.5,123691,-37.41,-36.0,0.005
2020-07-21T07:35:21.000,33.76,19.39,14.92,17.45,20.5,123692,-37.4,-36.0,0.005
2020-07-21T07:36:21.000,33.73,19.4,15.14,17.43,20.5,123693,-37.4,-36.0,0.005
2020-07-21T07:37:21.000,33.69,19.29,15.34,17.42,20.5,123694,-37.39,-36.0,0.005
2020-07-21T07:38:22.000,33.68,19.32,15.54,17.4,20.5,123695,-37.38,-36.0,0.005
2020-07-21T07:39:22.000,33.66,19.31,15.52,17.4,20.5,123696,-37.37,-37.0,0.005
