Downloads/jupyter/ECSV/stars19/stars19_2020-10.ecsv
# %ECSV 1.0
# ---
# datatype:
# - {name: time, datatype: string}
# - {name: Enclosure Temperature, unit: deg_C, datatype: float64}
# - {name: Sky Temperature, unit: deg_C, datatype: float64}
# - {name: Frequency, unit: Hz, datatype: float64}
# - {name: MSAS, unit: mag / arcsec2, datatype: float64}
# - {name: ZP, datatype: float64}
# - {name: Sequence Number, datatype: int64}
# - {name: Sun Alt, unit: deg, datatype: float64}
# - {name: Moon Alt, unit: deg, datatype: float64}
# - {name: Moon Illumination, datatype: float64}
# delimiter: ','
# meta: !!omap
# - ida:
#     Data supplier: {affiliation: null, observer: null}
#     Device type: TESS-W
#     Field of view: 17.0
#     Filters per channel: None
#     Instrument ID: stars19
#     License: ODbL 1.0 http://opendatacommons.org/licenses/odbl/summary/
#     Local timezone: America/Phoenix
#     Location name: {country: '- Tucson', place: Tucson, region: United States, sub_region: Arizona, town: Pima County}
#     Measurement direction per channel: {azimuth: 0.0, zenital: 0.0}
#     Moving / Fixed look direction: FIXED
#     Moving / Stationary position: STATIONARY
#     Number of channels: 1
#     Number of fields per line: 8
#     Number of header lines: 35
#     Position: {height: 0.0, latitude: 32.223877, longitude: -110.767532}
#     TESS MAC address: 18:FE:34:CF:EC:06
#     TESS cover offset value: 0.0
#     TESS firmware version: '1.0'
#     TESS zero point: 20.5
#     Time Synchronization: timestamp added by MQTT subscriber
#     URL: http://www.darksky.org/NSBM/sdf1.0.pdf
# - __serialized_columns__:
#     Enclosure Temperature:
#       __class__: astropy.units.quantity.Quantity
#       unit: &id001 !astropy.units.Unit {unit: deg_C}
#       value: !astropy.table.SerializedColumn {name: Enclosure Temperature}
#     Frequency:
#       __class__: astropy.units.quantity.Quantity
#       unit: !astropy.units.Unit {unit: Hz}
#       value: !astropy.table.SerializedColumn {name: Frequency}
#     MSAS:
#       __class__: astropy.units.quantity.Quantity
#       unit: !astropy.units.Unit {unit: mag / arcsec2}
#       value: !astropy.table.SerializedColumn {name: MSAS}
#     Moon Alt:
#       __class__: astropy.units.quantity.Quantity
#       unit: &id002 !astropy.units.Unit {unit: deg}
#       value: !astropy.table.SerializedColumn {name: Moon Alt}
#     Sky Temperature:
#       __class__: astropy.units.quantity.Quantity
#       unit: *id001
#       value: !astropy.table.SerializedColumn {name: Sky Temperature}
#     Sun Alt:
#       __class__: astropy.units.quantity.Quantity
#       unit: *id002
#       value: !astropy.table.SerializedColumn {name: Sun Alt}
#     time:
#       __class__: astropy.time.core.Time
#       format: isot
#       in_subfmt: '*'
#       out_subfmt: '*'
#       precision: 3
#       scale: utc
#       value: !astropy.table.SerializedColumn {name: time}
# schema: astropy-2.0
time,Enclosure Temperature,Sky Temperature,Frequency,MSAS,ZP,Sequence Number,Sun Alt,Moon Alt,Moon Illumination
[from data line 8611]
2020-10-13T06:52:35.000,24.24,2.57,1.15,20.23,20.5,75015,-65.44,-30.0,0.175
2020-10-13T06:53:36.000,24.22,2.46,1.15,20.23,20.5,75016,-65.47,-30.0,0.175
2020-10-13T06:54:36.000,24.22,2.56,1.15,20.23,20.5,75017,-65.51,-30.0,0.175
2020-10-13T06:55:36.000,24.19,2.4,1.15,20.23,20.5,75018,-65.54,-29.0,0.175
2020-10-13T06:56:37.000,24.15,2.43,1.15,20.23,20.5,75019,-65.57,-29.0,0.175
2020-10-13T06:57:37.000,24.13,2.4,1.14,20.23,20.5,75020,-65.6,-29.0,0.175
2020-10-13T06:58:37.000,24.11,2.36,1.14,20.23,20.5,75021,-65.62,-29.0,0.175
2020-10-13T06:59:37.000,24.08,2.37,1.14,20.24,20.5,75022,-65.64,-29.0,0.175
2020-10-13T07:00:37.000,24.08,2.39,1.14,20.24,20.5,75023,-65.66,-29.0,0.175
2020-10-13T07:01:37.000,24.06,2.36,1.13,20.25,20.5,75024,-65.68,-29.0,0.175
2020-10-13T07:02:37.000,24.04,2.26,1.12,20.25,20.5,75025,-65.7,-28.0,0.175
2020-10-13T07:03:37.000,24.0,2.26,1.12,20.26,20.5,75026,-65.71,-28.0,0.175
2020-10-13T07:04:38.000,23.99,2.26,1.12,20.25,20.5,75027,-65.72,-28.0,0.175
2020-10-13T07:06:38.000,23.95,2.23,1.13,20.25,20.5,75029,-65.74,-28.0,0.175
2020-10-13T07:23:40.000,23.62,2.01,1.12,20.26,20.5,75046,-65.52,-25.0,0.173
2020-10-13T07:24:41.000,23.57,1.89,1.12,20.26,20.5,75047,-65.49,-25.0,0.173
2020-10-13T07:25:41.000,23.55,2.08,1.11,20.26,20.5,75048,-65.45,-25.0,0.173
2020-10-13T07:26:41.000,23.56,2.08,1.11,20.26,20.5,75049,-65.42,-25.0,0.173
2020-10-13T07:27:41.000,23.54,2.06,1.11,20.26,20.5,75050,-65.38,-25.0,0.173
2020-10-13T07:28:41.000,23.53,2.06,1.11,20.26,20.5,75051,-65.34,-24.0,0.173
2020-10-13T07:29:41.000,23.52,2.07,1.11,20.26,20.5,75052,-65.29,-24.0,0.173
2020-10-13T07:32:03.000,23.49,2.03,1.11,20.26,20.5,75054,-65.18,-24.0,0.173
2020-10-13T07:33:03.000,23.46,1.99,1.11,20.26,20.5,75055,-65.13,-24.0,0.173
2020-10-13T07:34:03.000,23.41,1.97,1.11,20.26,20.5,75056,-65.08,-24.0,0.173
2020-10-13T07:35:04.000,23.4,2.06,1.12,20.26,20.5,75057,-65.02,-23.0,0.173
2020-10-13T07:36:04.000,23.4,2.02,1.12,20.26,20.5,75058,-64.97,-23.0,0.173
2020-10-13T07:37:04.000,23.37,2.02,1.11,20.26,20.5,75059,-64.91,-23.0,0.173
2020-10-13T07:38:04.000,23.37,2.04,1.11,20.26,20.5,75060,-64.85,-23.0,0.173
2020-10-13T07:39:04.000,23.37,2.05,1.11,20.27,20.5,75061,-64.79,-23.0,0.173
2020-10-13T07:40:04.000,23.37,2.04,1.11,20.27,20.5,75062,-64.72,-23.0,0.172
2020-10-13T07:41:04.000,23.36,2.02,1.11,20.27,20.5,75063,-64.65,-22.0,0.172
2020-10-13T07:42:04.000,23.35,2.01,1.11,20.27,20.5,75064,-64.59,-22.0,0.172
2020-10-13T08:03:05.000,23.19,2.01,1.1,20.28,20.5,75085,-62.73,-19.0,0.171
2020-10-13T08:10:06.000,23.12,1.9,1.09,20.28,20.5,75092,-61.94,-18.0,0.171
2020-10-13T08:23:06.000,22.81,1.65,1.09,20.28,20.5,75105,-60.31,-15.0,0.17
2020-10-13T08:24:07.000,22.78,1.57,1.1,20.28,20.5,75106,-60.18,-15.0,0.17
2020-10-13T08:25:07.000,22.74,1.54,1.1,20.28,20.5,75107,-60.04,-15.0,0.17
2020-10-13T08:26:07.000,22.72,1.48,1.1,20.28,20.5,75108,-59.9,-15.0,0.17
2020-10-13T08:27:08.000,22.67,1.36,1.1,20.28,20.5,75109,-59.76,-15.0,0.17
2020-10-13T08:28:07.000,22.61,1.47,1.1,20.28,20.5,75110,-59.63,-15.0,0.17
2020-10-13T08:29:07.000,22.59,1.59,1.1,20.28,20.5,75111,-59.49,-14.0,0.17
2020-10-13T08:30:07.000,22.56,1.45,1.1,20.28,20.5,75112,-59.35,-14.0,0.169
2020-10-13T08:31:07.000,22.51,1.46,1.1,20.28,20.5,75113,-59.2,-14.0,0.169
2020-10-13T08:32:07.000,22.5,1.6,1.1,20.28,20.5,75114,-59.06,-14.0,0.169
2020-10-13T08:33:08.000,22.5,1.49,1.1,20.28,20.5,75115,-58.91,-14.0,0.169
2020-10-13T08:34:08.000,22.47,1.32,1.1,20.28,20.5,75116,-58.77,-13.0,0.169
2020-10-13T08:35:08.000,22.41,1.18,1.1,20.28,20.5,75117,-58.62,-13.0,0.169
2020-10-13T08:37:08.000,22.4,1.42,1.1,20.28,20.5,75119,-58.32,-13.0,0.169
2020-10-13T08:38:08.000,22.4,1.37,1.1,20.28,20.5,75120,-58.17,-13.0,0.169
2020-10-13T08:39:08.000,22.36,1.29,1.09,20.28,20.5,75121,-58.02,-13.0,0.169
2020-10-13T08:40:08.000,22.35,1.39,1.09,20.28,20.5,75122,-57.87,-12.0,0.169
2020-10-13T08:41:08.000,22.35,1.41,1.09,20.28,20.5,75123,-57.72,-12.0,0.169
2020-10-13T08:42:08.000,22.33,1.35,1.09,20.28,20.5,75124,-57.57,-12.0,0.169
2020-10-13T08:43:08.000,22.32,1.38,1.09,20.28,20.5,75125,-57.41,-12.0,0.169
2020-10-13T08:44:08.000,22.31,1.37,1.08,20.3,20.5,75126,-57.26,-12.0,0.169
2020-10-13T08:45:08.000,22.29,1.3,1.08,20.3,20.5,75127,-57.1,-11.0,0.169
2020-10-13T08:46:08.000,22.28,1.32,1.08,20.3,20.5,75128,-56.94,-11.0,0.168
2020-10-13T08:47:08.000,22.27,1.3,1.08,20.3,20.5,75129,-56.79,-11.0,0.168
2020-10-13T08:48:08.000,22.26,1.31,1.08,20.3,20.5,75130,-56.63,-11.0,0.168
2020-10-13T08:49:09.000,22.24,1.29,1.08,20.3,20.5,75131,-56.47,-11.0,0.168
2020-10-13T08:50:17.000,22.23,1.25,1.08,20.3,20.5,75132,-56.28,-11.0,0.168
2020-10-13T08:51:17.000,22.21,1.18,1.08,20.29,20.5,75133,-56.12,-10.0,0.168
2020-10-13T08:52:17.000,22.19,1.23,1.08,20.3,20.5,75134,-55.96,-10.0,0.168
2020-10-13T08:53:17.000,22.18,1.22,1.08,20.3,20.5,75135,-55.8,-10.0,0.168
2020-10-13T08:54:17.000,22.16,1.21,1.07,20.3,20.5,75136,-55.63,-10.0,0.168
2020-10-13T08:56:17.000,22.11,1.25,1.07,20.3,20.5,75138,-55.3,-9.0,0.168
2020-10-13T08:57:17.000,22.1,1.27,1.07,20.3,20.5,75139,-55.14,-9.0,0.168
2020-10-13T08:58:18.000,22.1,1.22,1.07,20.3,20.5,75140,-54.97,-9.0,0.168
2020-10-13T08:59:18.000,22.09,1.31,1.07,20.3,20.5,75141,-54.8,-9.0,0.168
2020-10-13T09:00:18.000,22.06,1.26,1.07,20.3,20.5,75142,-54.63,-9.0,0.168
2020-10-13T09:01:18.000,22.06,1.28,1.07,20.3,20.5,75143,-54.46,-8.0,0.168
2020-10-13T09:02:19.000,22.07,1.28,1.07,20.31,20.5,75144,-54.29,-8.0,0.168
2020-10-13T09:03:18.000,22.05,1.24,1.07,20.3,20.5,75145,-54.13,-8.0,0.167
2020-10-13T09:04:18.000,22.03,1.18,1.07,20.3,20.5,75146,-53.95,-8.0,0.167
2020-10-13T09:05:18.000,22.01,1.19,1.07,20.3,20.5,75147,-53.78,-8.0,0.167
2020-10-13T09:06:18.000,21.99,1.18,1.07,20.3,20.5,75148,-53.61,-8.0,0.167
2020-10-13T09:07:18.000,21.97,1.22,1.07,20.3,20.5,75149,-53.44,-7.0,0.167
2020-10-13T09:08:19.000,21.96,1.22,1.07,20.3,20.5,75150,-53.26,-7.0,0.167
2020-10-13T09:09:19.000,21.95,1.25,1.07,20.3,20.5,75151,-53.09,-7.0,0.167
2020-10-13T09:11:41.000,21.95,1.28,1.07,20.3,20.5,75153,-52.67,-7.0,0.167
2020-10-13T09:14:41.000,21.87,1.12,1.07,20.3,20.5,75156,-52.14,-6.0,0.167
2020-10-13T09:17:41.000,21.82,1.21,1.07,20.3,20.5,75159,-51.61,-5.0,0.167
2020-10-13T09:20:41.000,21.81,1.22,1.07,20.3,20.5,75162,-51.07,-5.0,0.166
2020-10-13T09:22:42.000,21.81,1.16,1.07,20.3,20.5,75164,-50.7,-4.0,0.166
2020-10-13T09:24:42.000,21.77,1.16,1.07,20.3,20.5,75166,-50.34,-4.0,0.166
2020-10-13T09:25:42.000,21.76,1.2,1.07,20.3,20.5,75167,-50.16,-4.0,0.166
2020-10-13T09:27:42.000,21.73,1.17,1.07,20.3,20.5,75169,-49.79,-4.0,0.166
2020-10-13T09:28:42.000,21.72,1.17,1.08,20.3,20.5,75170,-49.6,-3.0,0.166
2020-10-13T09:29:42.000,21.68,1.16,1.08,20.3,20.5,75171,-49.42,-3.0,0.166
2020-10-13T09:31:46.000,21.69,1.22,1.08,20.3,20.5,75173,-49.04,-3.0,0.166
2020-10-13T09:32:46.000,21.68,1.21,1.08,20.3,20.5,75174,-48.85,-3.0,0.166
2020-10-13T09:33:46.000,21.68,1.19,1.08,20.3,20.5,75175,-48.66,-2.0,0.166
2020-10-13T09:34:47.000,21.68,1.13,1.08,20.3,20.5,75176,-48.47,-2.0,0.166
2020-10-13T09:35:47.000,21.65,1.1,1.08,20.3,20.5,75177,-48.29,-2.0,0.166
2020-10-13T09:36:47.000,21.65,1.11,1.08,20.3,20.5,75178,-48.1,-2.0,0.165
2020-10-13T09:37:47.000,21.65,1.13,1.08,20.3,20.5,75179,-47.91,-2.0,0.165
2020-10-13T09:38:47.000,21.65,1.12,1.08,20.29,20.5,75180,-47.72,-1.0,0.165
2020-10-13T09:39:47.000,21.64,1.15,1.08,20.29,20.5,75181,-47.53,-1.0,0.165
2020-10-13T09:40:47.000,21.65,1.16,1.08,20.29,20.5,75182,-47.34,-1.0,0.165
2020-10-13T09:41:47.000,21.64,1.12,1.15,20.24,20.5,75183,-47.15,-1.0,0.165
2020-10-13T09:42:47.000,21.6,1.04,1.1,20.27,20.5,75184,-46.96,-1.0,0.165
2020-10-13T09:43:47.000,21.59,1.14,1.09,20.29,20.5,75185,-46.77,-0.0,0.165
2020-10-13T09:44:47.000,21.6,1.12,1.09,20.29,20.5,75186,-46.58,-0.0,0.165
2020-10-13T09:45:47.000,21.58,1.08,1.09,20.29,20.5,75187,-46.39,-0.0,0.165
2020-10-13T09:46:47.000,21.59,1.09,1.09,20.29,20.5,75188,-46.2,0.0,0.165
2020-10-13T09:47:47.000,21.57,1.07,1.09,20.29,20.5,75189,-46.01,0.0,0.165
2020-10-13T09:48:47.000,21.56,1.1,1.09,20.29,20.5,75190,-45.81,1.0,0.165
2020-10-13T09:49:47.000,21.55,1.07,1.09,20.28,20.5,75191,-45.62,1.0,0.165
2020-10-13T09:50:48.000,21.54,1.05,1.09,20.28,20.5,75192,-45.42,1.0,0.165
2020-10-13T09:51:48.000,21.52,1.01,1.09,20.28,20.5,75193,-45.23,1.0,0.165
2020-10-13T09:52:48.000,21.51,0.99,1.09,20.28,20.5,75194,-45.04,1.0,0.165
2020-10-13T09:53:48.000,21.5,1.04,1.09,20.28,20.5,75195,-44.84,1.0,0.164
2020-10-13T09:54:48.000,21.49,1.0,1.1,20.28,20.5,75196,-44.65,2.0,0.164
2020-10-13T09:55:48.000,21.47,0.98,1.1,20.28,20.5,75197,-44.45,2.0,0.164
2020-10-13T09:56:48.000,21.46,0.95,1.1,20.28,20.5,75198,-44.26,2.0,0.164
2020-10-13T09:57:48.000,21.45,0.91,1.1,20.28,20.5,75199,-44.06,2.0,0.164
2020-10-13T09:58:48.000,21.42,0.83,1.1,20.27,20.5,75200,-43.87,2.0,0.164
2020-10-13T09:59:48.000,21.4,0.79,1.1,20.28,20.5,75201,-43.67,3.0,0.164
2020-10-13T10:00:48.000,21.36,0.79,1.1,20.28,20.5,75202,-43.48,3.0,0.164
2020-10-13T10:01:48.000,21.33,0.74,1.1,20.27,20.5,75203,-43.28,3.0,0.164
2020-10-13T10:02:48.000,21.32,0.82,1.1,20.27,20.5,75204,-43.08,3.0,0.164
2020-10-13T10:03:48.000,21.33,0.84,1.1,20.27,20.5,75205,-42.89,3.0,0.164
2020-10-13T10:04:48.000,21.31,0.75,1.1,20.27,20.5,75206,-42.69,4.0,0.164
2020-10-13T10:05:48.000,21.28,0.71,1.1,20.27,20.5,75207,-42.49,4.0,0.164
2020-10-13T10:06:49.000,21.25,0.74,1.1,20.27,20.5,75208,-42.29,4.0,0.164
2020-10-13T10:07:49.000,21.25,0.79,1.11,20.27,20.5,75209,-42.09,4.0,0.164
2020-10-13T10:08:49.000,21.25,0.8,1.11,20.27,20.5,75210,-41.89,4.0,0.164
2020-10-13T10:09:49.000,21.26,0.86,1.1,20.27,20.5,75211,-41.69,5.0,0.163
2020-10-13T10:10:49.000,21.25,0.76,1.1,20.27,20.5,75212,-41.5,5.0,0.163
2020-10-13T10:11:49.000,21.24,0.78,1.1,20.27,20.5,75213,-41.3,5.0,0.163
2020-10-13T10:12:49.000,21.24,0.81,1.1,20.27,20.5,75214,-41.1,5.0,0.163
2020-10-13T10:13:49.000,21.24,0.82,1.1,20.27,20.5,75215,-40.9,5.0,0.163
2020-10-13T10:14:49.000,21.24,0.82,1.1,20.27,20.5,75216,-40.7,6.0,0.163
2020-10-13T10:15:49.000,21.25,0.84,1.1,20.27,20.5,75217,-40.5,6.0,0.163
2020-10-13T10:16:49.000,21.24,0.78,1.1,20.27,20.5,75218,-40.3,6.0,0.163
2020-10-13T10:17:49.000,21.23,0.81,1.1,20.27,20.5,75219,-40.1,6.0,0.163
2020-10-13T10:18:49.000,21.24,0.86,1.1,20.27,20.5,75220,-39.9,6.0,0.163
2020-10-13T10:19:49.000,21.24,0.84,1.1,20.27,20.5,75221,-39.7,7.0,0.163
2020-10-13T10:20:49.000,21.25,0.8,1.1,20.27,20.5,75222,-39.49,7.0,0.163
2020-10-13T10:21:49.000,21.24,0.75,1.1,20.27,20.5,75223,-39.29,7.0,0.163
2020-10-13T10:22:49.000,21.21,0.76,1.11,20.27,20.5,75224,-39.09,7.0,0.163
2020-10-13T10:23:50.000,21.19,0.79,1.11,20.27,20.5,75225,-38.89,7.0,0.163
2020-10-13T10:24:50.000,21.22,0.83,1.11,20.27,20.5,75226,-38.68,8.0,0.163
2020-10-13T10:25:50.000,21.2,0.79,1.11,20.27,20.5,75227,-38.48,8.0,0.163
2020-10-13T10:26:50.000,21.18,0.82,1.11,20.27,20.5,75228,-38.28,8.0,0.162
2020-10-13T10:27:50.000,21.16,0.83,1.11,20.27,20.5,75229,-38.08,8.0,0.162
2020-10-13T10:28:50.000,21.14,0.82,1.11,20.27,20.5,75230,-37.87,8.0,0.162
2020-10-13T10:29:50.000,21.14,0.82,1.11,20.27,20.5,75231,-37.67,9.0,0.162
2020-10-13T10:30:50.000,21.14,0.81,1.11,20.27,20.5,75232,-37.47,9.0,0.162
2020-10-13T10:31:50.000,21.13,0.8,1.11,20.27,20.5,75233,-37.27,9.0,0.162
2020-10-13T10:32:50.000,21.13,0.86,1.11,20.27,20.5,75234,-37.06,9.0,0.162
2020-10-13T10:33:50.000,21.13,0.87,1.11,20.27,20.5,75235,-36.86,9.0,0.162
2020-10-13T10:34:50.000,21.11,0.8,1.11,20.27,20.5,75236,-36.65,10.0,0.162
2020-10-13T10:35:50.000,21.09,0.81,1.11,20.27,20.5,75237,-36.45,10.0,0.162
2020-10-13T10:36:50.000,21.08,0.88,1.11,20.27,20.5,75238,-36.25,10.0,0.162
2020-10-13T10:37:50.000,21.09,0.93,1.11,20.27,20.5,75239,-36.04,10.0,0.162
2020-10-13T10:38:50.000,21.09,0.93,1.11,20.27,20.5,75240,-35.84,10.0,0.162
2020-10-13T10:39:50.000,21.08,0.9,1.11,20.27,20.5,75241,-35.63,11.0,0.162
2020-10-13T10:40:51.000,21.07,0.64,1.11,20.27,20.5,75242,-35.42,11.0,0.162
2020-10-13T10:41:51.000,21.1,0.92,1.11,20.26,20.5,75243,-35.22,11.0,0.162
2020-10-13T10:42:51.000,21.11,0.91,1.11,20.26,20.5,75244,-35.01,11.0,0.162
2020-10-13T10:43:51.000,21.13,0.94,1.12,20.26,20.5,75245,-34.81,11.0,0.161
2020-10-13T10:44:51.000,21.15,0.89,1.12,20.26,20.5,75246,-34.6,12.0,0.161
2020-10-13T10:45:51.000,21.17,0.8,1.12,20.26,20.5,75247,-34.4,12.0,0.161
2020-10-13T10:46:51.000,21.14,0.62,1.12,20.26,20.5,75248,-34.19,12.0,0.161
2020-10-13T10:47:52.000,21.13,0.59,1.12,20.26,20.5,75249,-33.98,12.0,0.161
2020-10-13T10:48:52.000,21.14,0.68,1.12,20.26,20.5,75250,-33.78,12.0,0.161
2020-10-13T10:49:52.000,21.14,0.68,1.12,20.26,20.5,75251,-33.57,13.0,0.161
2020-10-13T10:50:52.000,21.14,0.69,1.12,20.26,20.5,75252,-33.36,13.0,0.161
2020-10-13T10:51:52.000,21.13,0.67,1.12,20.25,20.5,75253,-33.16,13.0,0.161
2020-10-13T10:52:52.000,21.14,0.64,1.12,20.25,20.5,75254,-32.95,13.0,0.161
2020-10-13T10:53:52.000,21.13,0.55,1.12,20.25,20.5,75255,-32.75,13.0,0.161
2020-10-13T10:54:52.000,21.1,0.46,1.13,20.25,20.5,75256,-32.54,14.0,0.161
2020-10-13T10:56:52.000,21.07,0.44,1.13,20.25,20.5,75258,-32.12,14.0,0.161
2020-10-13T10:57:52.000,21.06,0.38,1.13,20.25,20.5,75259,-31.92,14.0,0.161
2020-10-13T10:58:52.000,21.05,0.3,1.13,20.24,20.5,75260,-31.71,14.0,0.161
2020-10-13T10:59:52.000,20.99,0.18,1.14,20.24,20.5,75261,-31.5,15.0,0.161
2020-10-13T11:00:52.000,20.96,0.18,1.14,20.24,20.5,75262,-31.3,15.0,0.16
2020-10-13T11:01:52.000,20.93,0.15,1.14,20.24,20.5,75263,-31.09,15.0,0.16
2020-10-13T11:02:52.000,20.9,0.12,1.14,20.24,20.5,75264,-30.88,15.0,0.16
2020-10-13T11:03:52.000,20.87,0.1,1.14,20.23,20.5,75265,-30.67,15.0,0.16
2020-10-13T11:04:53.000,20.82,0.01,1.15,20.23,20.5,75266,-30.46,16.0,0.16
2020-10-13T11:06:58.000,20.78,0.02,1.15,20.23,20.5,75268,-30.03,16.0,0.16
2020-10-13T11:07:58.000,20.76,-0.07,1.15,20.22,20.5,75269,-29.82,16.0,0.16
2020-10-13T11:08:58.000,20.72,-0.09,1.16,20.22,20.5,75270,-29.61,16.0,0.16
2020-10-13T11:13:20.000,20.61,-0.16,1.16,20.22,20.5,75274,-28.7,17.0,0.16
2020-10-13T11:14:20.000,20.57,-0.27,1.16,20.22,20.5,75275,-28.49,17.0,0.16
2020-10-13T11:15:20.000,20.52,-0.19,1.16,20.22,20.5,75276,-28.28,18.0,0.16
2020-10-13T11:16:20.000,20.49,-0.16,1.16,20.22,20.5,75277,-28.07,18.0,0.16
2020-10-13T11:17:20.000,20.46,-0.15,1.17,20.21,20.5,75278,-27.86,18.0,0.159
2020-10-13T11:18:20.000,20.45,-0.12,1.17,20.21,20.5,75279,-27.65,18.0,0.159
2020-10-13T11:19:20.000,20.43,-0.11,1.17,20.21,20.5,75280,-27.45,18.0,0.159
2020-10-13T11:20:20.000,20.4,-0.23,1.17,20.21,20.5,75281,-27.24,19.0,0.159
2020-10-13T11:21:20.000,20.37,-0.12,1.17,20.21,20.5,75282,-27.03,19.0,0.159
2020-10-13T11:22:20.000,20.35,-0.11,1.18,20.2,20.5,75283,-26.82,19.0,0.159
2020-10-13T11:23:24.000,20.32,-0.13,1.18,20.2,20.5,75284,-26.59,19.0,0.159
2020-10-13T11:24:24.000,20.26,-0.28,1.18,20.2,20.5,75285,-26.38,20.0,0.159
2020-10-13T11:25:24.000,20.14,-0.55,1.18,20.2,20.5,75286,-26.17,20.0,0.159
2020-10-13T11:27:29.000,20.01,-0.27,1.18,20.2,20.5,75288,-25.74,20.0,0.159
2020-10-13T11:28:29.000,19.99,0.0,1.18,20.2,20.5,75289,-25.53,20.0,0.159
2020-10-13T11:29:29.000,20.02,0.0,1.19,20.2,20.5,75290,-25.32,21.0,0.159
2020-10-13T11:31:29.000,20.02,-0.1,1.19,20.19,20.5,75292,-24.9,21.0,0.159
2020-10-13T11:33:35.000,19.99,-0.07,1.2,20.18,20.5,75294,-24.46,21.0,0.159
2020-10-13T11:34:35.000,19.99,-0.07,1.2,20.18,20.5,75295,-24.25,22.0,0.158
2020-10-13T11:36:35.000,19.99,-0.08,1.2,20.18,20.5,75297,-23.83,22.0,0.158
2020-10-13T11:37:35.000,20.01,-0.1,1.2,20.18,20.5,75298,-23.62,22.0,0.158
2020-10-13T11:38:35.000,20.01,-0.13,1.2,20.18,20.5,75299,-23.4,22.0,0.158
2020-10-13T11:39:35.000,20.01,-0.14,1.2,20.18,20.5,75300,-23.19,23.0,0.158
2020-10-13T11:40:35.000,19.98,-0.17,1.2,20.18,20.5,75301,-22.98,23.0,0.158
2020-10-13T11:41:35.000,19.98,-0.1,1.21,20.18,20.5,75302,-22.77,23.0,0.158
2020-10-13T11:42:35.000,20.01,-0.05,1.21,20.17,20.5,75303,-22.56,23.0,0.158
2020-10-13T11:43:35.000,20.02,-0.11,1.21,20.17,20.5,75304,-22.35,23.0,0.158
2020-10-13T11:44:35.000,20.03,-0.16,1.21,20.17,20.5,75305,-22.14,24.0,0.158
2020-10-13T11:45:35.000,20.03,-0.23,1.22,20.17,20.5,75306,-21.93,24.0,0.158
