Downloads/jupyter/ECSV/stars19/stars19_2023-06.ecsv
# %ECSV 1.0
# ---
# datatype:
# - {name: time, datatype: string}
# - {name: Enclosure Temperature, unit: deg_C, datatype: float64}
# - {name: Sky Temperature, unit: deg_C, datatype: float64}
# - {name: Frequency, unit: Hz, datatype: float64}
# - {name: MSAS, unit: mag / arcsec2, datatype: float64}
# - {name: ZP, datatype: float64}
# - {name: Sequence Number, datatype: int64}
# - {name: Sun Alt, unit: deg, datatype: float64}
# - {name: Moon Alt, unit: deg, datatype: float64}
# - {name: Moon Illumination, datatype: float64}
# delimiter: ','
# meta: !!omap
# - ida:
#     Data supplier: {affiliation: null, observer: null}
#     Device type: TESS-W
#     Field of view: 17.0
#     Filters per channel: None
#     Instrument ID: stars19
#     License: ODbL 1.0 http://opendatacommons.org/licenses/odbl/summary/
#     Local timezone: America/Phoenix
#     Location name: {country: '- Tucson', place: Tucson, region: United States, sub_region: Arizona, town: Pima County}
#     Measurement direction per channel: {azimuth: 0.0, zenital: 0.0}
#     Moving / Fixed look direction: FIXED
#     Moving / Stationary position: STATIONARY
#     Number of channels: 1
#     Number of fields per line: 8
#     Number of header lines: 35
#     Position: {height: 0.0, latitude: 32.223877, longitude: -110.767532}
#     TESS MAC address: 18:FE:34:CF:EC:06
#     TESS cover offset value: 0.0
#     TESS firmware version: '1.0'
#     TESS zero point: 20.38
#     Time Synchronization: timestamp added by MQTT subscriber
#     URL: http://www.darksky.org/NSBM/sdf1.0.pdf
# - __serialized_columns__:
#     Enclosure Temperature:
#       __class__: astropy.units.quantity.Quantity
#       unit: &id001 !astropy.units.Unit {unit: deg_C}
#       value: !astropy.table.SerializedColumn {name: Enclosure Temperature}
#     Frequency:
#       __class__: astropy.units.quantity.Quantity
#       unit: !astropy.units.Unit {unit: Hz}
#       value: !astropy.table.SerializedColumn {name: Frequency}
#     MSAS:
#       __class__: astropy.units.quantity.Quantity
#       unit: !astropy.units.Unit {unit: mag / arcsec2}
#       value: !astropy.table.SerializedColumn {name: MSAS}
#     Moon Alt:
#       __class__: astropy.units.quantity.Quantity
#       unit: &id002 !astropy.units.Unit {unit: deg}
#       value: !astropy.table.SerializedColumn {name: Moon Alt}
#     Sky Temperature:
#       __class__: astropy.units.quantity.Quantity
#       unit: *id001
#       value: !astropy.table.SerializedColumn {name: Sky Temperature}
#     Sun Alt:
#       __class__: astropy.units.quantity.Quantity
#       unit: *id002
#       value: !astropy.table.SerializedColumn {name: Sun Alt}
#     time:
#       __class__: astropy.time.core.Time
#       format: isot
#       in_subfmt: '*'
#       out_subfmt: '*'
#       precision: 3
#       scale: utc
#       value: !astropy.table.SerializedColumn {name: time}
# schema: astropy-2.0
time,Enclosure Temperature,Sky Temperature,Frequency,MSAS,ZP,Sequence Number,Sun Alt,Moon Alt,Moon Illumination
[from data line 15707]
2023-06-21T20:34:33.000,53.58,18.36,0.0,0.0,20.38,14608,72.31,63.0,0.125
2023-06-21T20:35:34.000,53.24,18.13,0.0,0.0,20.38,14609,72.12,63.0,0.125
2023-06-21T20:36:35.000,53.05,18.75,0.0,0.0,20.38,14610,71.92,64.0,0.125
2023-06-21T21:01:40.000,54.75,20.59,0.0,0.0,20.38,14635,66.95,69.0,0.126
2023-06-21T21:02:41.000,55.0,20.84,0.0,0.0,20.38,14636,66.74,69.0,0.126
2023-06-21T21:03:41.000,55.34,21.06,0.0,0.0,20.38,14637,66.54,69.0,0.126
2023-06-21T21:08:45.000,54.58,17.31,0.0,0.0,20.38,14642,65.5,70.0,0.126
2023-06-21T21:09:46.000,54.32,19.97,0.0,0.0,20.38,14643,65.29,70.0,0.126
2023-06-21T21:10:46.000,54.27,19.92,0.0,0.0,20.38,14644,65.09,70.0,0.126
2023-06-21T23:54:15.000,43.86,19.19,0.0,0.0,20.38,14807,30.75,68.0,0.133
2023-06-21T23:55:15.000,43.94,18.99,0.0,0.0,20.38,14808,30.54,68.0,0.133
2023-06-21T23:56:16.000,43.8,18.4,0.0,0.0,20.38,14809,30.33,68.0,0.133
2023-06-22T00:10:19.000,42.62,21.19,0.0,0.0,20.38,14823,27.41,65.0,0.134
2023-06-22T00:11:19.000,42.47,22.03,0.0,0.0,20.38,14824,27.21,65.0,0.134
2023-06-22T00:12:20.000,42.39,22.26,0.0,0.0,20.38,14825,27.0,65.0,0.134
2023-06-22T00:59:28.000,39.48,20.63,0.0,0.0,20.38,14872,17.35,55.0,0.136
2023-06-22T01:00:28.000,39.45,20.74,0.0,0.0,20.38,14873,17.15,55.0,0.136
2023-06-22T01:01:28.000,39.42,20.82,0.0,0.0,20.38,14874,16.95,55.0,0.136
2023-06-22T01:04:28.000,39.23,21.07,0.0,0.0,20.38,14877,16.34,54.0,0.137
2023-06-22T01:09:32.000,39.06,21.31,0.0,0.0,20.38,14882,15.32,53.0,0.137
2023-06-22T01:10:32.000,38.94,21.34,0.0,0.0,20.38,14883,15.12,53.0,0.137
2023-06-22T01:11:32.000,38.93,21.66,0.0,0.0,20.38,14884,14.92,53.0,0.137
2023-06-22T01:25:37.000,38.56,20.17,0.0,0.0,20.38,14898,12.11,50.0,0.138
2023-06-22T01:26:37.000,38.55,19.81,0.0,0.0,20.38,14899,11.92,50.0,0.138
2023-06-22T01:27:37.000,38.55,19.81,0.0,0.0,20.38,14900,11.72,49.0,0.138
2023-06-22T01:30:38.000,38.67,19.4,0.0,0.0,20.38,14903,11.12,49.0,0.138
2023-06-22T01:33:38.000,38.64,18.64,0.0,0.0,20.38,14906,10.53,48.0,0.138
2023-06-22T01:34:38.000,38.63,18.25,0.0,0.0,20.38,14907,10.33,48.0,0.138
2023-06-22T01:35:39.000,38.55,18.0,0.0,0.0,20.38,14908,10.13,48.0,0.138
2023-06-22T02:02:42.000,37.9,15.25,0.0,0.0,20.38,14935,4.87,42.0,0.139
2023-06-22T02:03:43.000,37.88,15.11,0.0,0.0,20.38,14936,4.67,42.0,0.139
2023-06-22T02:04:44.000,37.85,15.15,0.0,0.0,20.38,14937,4.48,42.0,0.139
2023-06-22T02:07:44.000,37.82,14.9,0.0,0.0,20.38,14940,3.9,41.0,0.139
2023-06-22T02:08:44.000,37.75,14.79,0.0,0.0,20.38,14941,3.71,41.0,0.139
2023-06-22T02:09:46.000,37.71,14.61,0.0,0.0,20.38,14942,3.52,41.0,0.14
2023-06-22T02:10:46.000,37.67,14.33,0.0,0.0,20.38,14943,3.33,40.0,0.14
2023-06-22T02:12:47.000,37.65,13.66,0.0,0.0,20.38,14945,2.94,40.0,0.14
2023-06-22T02:13:47.000,37.57,13.29,0.0,0.0,20.38,14946,2.75,40.0,0.14
2023-06-22T02:14:47.000,37.5,12.92,0.0,0.0,20.38,14947,2.56,40.0,0.14
2023-06-22T02:15:47.000,37.4,12.91,0.0,0.0,20.38,14948,2.37,39.0,0.14
2023-06-22T02:17:53.000,37.4,13.15,0.0,0.0,20.38,14950,1.97,39.0,0.14
2023-06-22T02:18:53.000,37.38,13.2,0.0,0.0,20.38,14951,1.79,39.0,0.14
2023-06-22T02:19:53.000,37.38,13.39,0.0,0.0,20.38,14952,1.6,39.0,0.14
2023-06-22T02:33:55.000,36.96,13.91,0.0,0.0,20.38,14966,-1.03,36.0,0.141
2023-06-22T02:34:55.000,36.97,14.64,0.0,0.0,20.38,14967,-1.21,35.0,0.141
2023-06-22T02:35:55.000,36.98,15.15,0.0,0.0,20.38,14968,-1.4,35.0,0.141
2023-06-22T02:36:55.000,36.97,15.63,29555.37,3.96,20.38,14969,-1.58,35.0,0.141
2023-06-22T02:38:55.000,36.84,16.26,49806.87,8.64,20.38,14971,-1.95,35.0,0.141
2023-06-22T02:40:56.000,36.8,16.8,37403.53,8.95,20.38,14973,-2.32,34.0,0.141
2023-06-22T02:41:56.000,36.77,17.2,32004.78,9.12,20.38,14974,-2.5,34.0,0.141
2023-06-22T02:44:56.000,36.64,17.51,18845.33,9.69,20.38,14977,-3.05,33.0,0.141
2023-06-22T02:50:57.000,36.37,16.28,6346.38,10.88,20.38,14983,-4.15,32.0,0.141
2023-06-22T02:53:57.000,36.34,16.25,3581.87,11.5,20.38,14986,-4.69,32.0,0.142
2023-06-22T02:57:00.000,36.43,16.81,1856.07,12.21,20.38,14989,-5.24,31.0,0.142
2023-06-22T02:57:59.000,36.49,16.98,1473.27,12.46,20.38,14990,-5.41,31.0,0.142
2023-06-22T02:58:59.000,36.54,17.01,1171.38,12.71,20.38,14991,-5.59,30.0,0.142
2023-06-22T03:00:00.000,36.59,17.16,931.15,12.96,20.38,14992,-5.77,30.0,0.142
2023-06-22T03:01:00.000,36.59,17.24,737.78,13.21,20.38,14993,-5.95,30.0,0.142
2023-06-22T03:02:00.000,36.59,17.53,583.08,13.47,20.38,14994,-6.13,30.0,0.142
2023-06-22T03:03:00.000,36.63,17.75,458.8,13.73,20.38,14995,-6.31,30.0,0.142
2023-06-22T03:04:00.000,36.67,17.9,365.46,13.97,20.38,14996,-6.49,29.0,0.142
2023-06-22T03:05:01.000,36.7,18.03,300.81,14.19,20.38,14997,-6.67,29.0,0.142
2023-06-22T03:06:01.000,36.75,18.23,240.84,14.43,20.38,14998,-6.84,29.0,0.142
2023-06-22T03:07:01.000,36.77,18.3,195.21,14.66,20.38,14999,-7.02,29.0,0.142
2023-06-22T03:08:01.000,36.78,18.42,158.23,14.88,20.38,15000,-7.2,29.0,0.142
2023-06-22T03:09:01.000,36.78,18.47,131.51,15.08,20.38,15001,-7.37,28.0,0.142
2023-06-22T03:10:02.000,36.78,18.42,112.31,15.26,20.38,15002,-7.55,28.0,0.142
2023-06-22T03:11:02.000,36.78,18.39,93.71,15.45,20.38,15003,-7.73,28.0,0.142
2023-06-22T03:12:02.000,36.79,18.32,78.68,15.64,20.38,15004,-7.9,28.0,0.142
2023-06-22T03:13:02.000,36.77,18.19,66.52,15.82,20.38,15005,-8.08,28.0,0.142
2023-06-22T03:14:02.000,36.77,18.24,57.23,15.99,20.38,15006,-8.25,27.0,0.142
2023-06-22T03:15:02.000,36.76,18.09,48.9,16.16,20.38,15007,-8.42,27.0,0.143
2023-06-22T03:16:02.000,36.75,17.97,43.67,16.28,20.38,15008,-8.6,27.0,0.143
2023-06-22T03:17:02.000,36.76,17.92,37.89,16.43,20.38,15009,-8.77,27.0,0.143
2023-06-22T03:18:02.000,36.78,17.72,33.16,16.58,20.38,15010,-8.94,27.0,0.143
2023-06-22T03:19:02.000,36.76,17.42,29.04,16.72,20.38,15011,-9.12,26.0,0.143
2023-06-22T03:20:03.000,36.73,17.17,25.66,16.86,20.38,15012,-9.29,26.0,0.143
2023-06-22T03:21:03.000,36.7,16.97,22.58,17.0,20.38,15013,-9.46,26.0,0.143
2023-06-22T03:22:03.000,36.7,16.83,20.24,17.11,20.38,15014,-9.64,26.0,0.143
2023-06-22T03:23:03.000,36.69,16.7,18.3,17.22,20.38,15015,-9.81,26.0,0.143
2023-06-22T03:24:04.000,36.69,16.55,16.55,17.33,20.38,15016,-9.98,25.0,0.143
2023-06-22T03:26:04.000,36.46,16.29,13.99,17.52,20.38,15018,-10.32,25.0,0.143
2023-06-22T03:29:04.000,36.4,16.23,11.94,17.69,20.38,15021,-10.83,24.0,0.143
2023-06-22T03:32:05.000,36.21,16.63,11.59,17.72,20.38,15024,-11.34,24.0,0.143
2023-06-22T03:33:05.000,36.12,16.7,11.76,17.7,20.38,15025,-11.51,23.0,0.143
2023-06-22T03:34:05.000,36.08,16.74,11.77,17.7,20.38,15026,-11.68,23.0,0.143
2023-06-22T03:35:05.000,36.02,16.58,11.36,17.74,20.38,15027,-11.84,23.0,0.143
2023-06-22T03:36:06.000,35.95,16.41,10.79,17.8,20.38,15028,-12.01,23.0,0.143
2023-06-22T03:38:07.000,35.83,16.06,8.83,18.02,20.38,15030,-12.35,22.0,0.144
2023-06-22T03:39:07.000,35.79,15.9,8.42,18.07,20.38,15031,-12.52,22.0,0.144
2023-06-22T03:40:07.000,35.75,15.88,8.32,18.08,20.38,15032,-12.68,22.0,0.144
2023-06-22T03:42:07.000,35.64,15.84,9.4,17.95,20.38,15034,-13.01,22.0,0.144
2023-06-22T03:43:08.000,35.58,15.89,10.32,17.85,20.38,15035,-13.18,21.0,0.144
2023-06-22T03:44:08.000,35.54,16.06,10.96,17.78,20.38,15036,-13.34,21.0,0.144
2023-06-22T03:45:08.000,35.54,16.13,10.68,17.81,20.38,15037,-13.51,21.0,0.144
2023-06-22T03:46:08.000,35.5,16.08,10.25,17.85,20.38,15038,-13.67,21.0,0.144
2023-06-22T03:47:08.000,35.49,16.05,9.83,17.9,20.38,15039,-13.83,21.0,0.144
2023-06-22T03:48:08.000,35.44,16.01,10.14,17.87,20.38,15040,-13.99,20.0,0.144
2023-06-22T03:49:08.000,35.4,15.97,10.94,17.78,20.38,15041,-14.16,20.0,0.144
2023-06-22T03:50:08.000,35.37,16.04,11.8,17.7,20.38,15042,-14.32,20.0,0.144
2023-06-22T03:51:08.000,35.37,16.13,11.66,17.71,20.38,15043,-14.48,20.0,0.144
2023-06-22T03:52:08.000,35.39,16.12,11.25,17.75,20.38,15044,-14.64,20.0,0.144
2023-06-22T03:53:08.000,35.41,16.1,11.34,17.74,20.38,15045,-14.8,19.0,0.144
2023-06-22T03:54:09.000,35.41,16.04,11.99,17.68,20.38,15046,-14.96,19.0,0.144
2023-06-22T03:55:09.000,35.38,16.03,12.72,17.62,20.38,15047,-15.12,19.0,0.144
2023-06-22T03:56:09.000,35.35,16.15,12.73,17.62,20.38,15048,-15.28,19.0,0.144
2023-06-22T03:57:10.000,35.33,16.31,11.97,17.68,20.38,15049,-15.44,19.0,0.144
2023-06-22T03:58:09.000,35.32,16.46,12.25,17.66,20.38,15050,-15.6,18.0,0.144
2023-06-22T03:59:10.000,35.3,16.57,13.47,17.56,20.38,15051,-15.76,18.0,0.145
2023-06-22T04:00:10.000,35.3,16.61,14.44,17.48,20.38,15052,-15.92,18.0,0.145
2023-06-22T04:01:10.000,35.3,16.56,15.0,17.44,20.38,15053,-16.07,18.0,0.145
2023-06-22T04:02:10.000,35.27,16.27,14.77,17.46,20.38,15054,-16.23,18.0,0.145
2023-06-22T04:03:10.000,35.26,15.98,13.43,17.56,20.38,15055,-16.39,17.0,0.145
2023-06-22T04:04:10.000,35.25,15.64,11.5,17.73,20.38,15056,-16.54,17.0,0.145
2023-06-22T04:05:11.000,35.26,15.16,9.53,17.93,20.38,15057,-16.7,17.0,0.145
2023-06-22T04:06:11.000,35.27,14.75,7.6,18.18,20.38,15058,-16.85,17.0,0.145
2023-06-22T04:07:11.000,35.28,14.36,6.59,18.33,20.38,15059,-17.01,17.0,0.145
2023-06-22T04:08:11.000,35.27,13.96,5.95,18.45,20.38,15060,-17.16,16.0,0.145
2023-06-22T04:09:11.000,35.26,13.76,5.41,18.55,20.38,15061,-17.32,16.0,0.145
2023-06-22T04:10:13.000,35.27,13.46,5.05,18.62,20.38,15062,-17.47,16.0,0.145
2023-06-22T04:12:13.000,35.24,12.97,4.59,18.72,20.38,15064,-17.78,16.0,0.145
2023-06-22T04:13:15.000,35.25,12.87,4.56,18.73,20.38,15065,-17.94,15.0,0.145
2023-06-22T04:14:15.000,35.22,12.5,4.36,18.78,20.38,15066,-18.09,15.0,0.145
2023-06-22T04:15:15.000,35.19,12.22,3.86,18.91,20.38,15067,-18.24,15.0,0.145
2023-06-22T04:16:15.000,35.18,11.93,3.22,19.11,20.38,15068,-18.39,15.0,0.145
2023-06-22T04:17:15.000,35.14,11.5,2.73,19.29,20.38,15069,-18.54,15.0,0.145
2023-06-22T04:18:15.000,35.1,11.21,2.41,19.43,20.38,15070,-18.69,14.0,0.145
2023-06-22T04:19:15.000,35.09,10.91,2.21,19.52,20.38,15071,-18.84,14.0,0.145
2023-06-22T04:20:17.000,35.05,10.58,2.16,19.54,20.38,15072,-18.99,14.0,0.146
2023-06-22T04:21:19.000,34.98,10.33,2.31,19.47,20.38,15073,-19.14,14.0,0.146
2023-06-22T04:22:19.000,34.92,10.28,2.53,19.37,20.38,15074,-19.29,14.0,0.146
2023-06-22T04:23:19.000,34.91,10.3,2.81,19.26,20.38,15075,-19.44,13.0,0.146
2023-06-22T04:24:19.000,34.88,10.24,2.84,19.25,20.38,15076,-19.58,13.0,0.146
2023-06-22T04:25:19.000,34.88,10.31,2.59,19.35,20.38,15077,-19.73,13.0,0.146
2023-06-22T04:26:19.000,34.86,10.3,2.54,19.37,20.38,15078,-19.87,13.0,0.146
2023-06-22T04:27:19.000,34.86,10.54,2.58,19.35,20.38,15079,-20.02,13.0,0.146
2023-06-22T04:28:19.000,34.88,10.78,2.65,19.32,20.38,15080,-20.16,12.0,0.146
2023-06-22T04:29:19.000,34.9,11.01,2.92,19.22,20.38,15081,-20.31,12.0,0.146
2023-06-22T04:30:19.000,34.94,11.16,3.24,19.1,20.38,15082,-20.45,12.0,0.146
2023-06-22T04:31:19.000,34.97,11.28,3.59,18.99,20.38,15083,-20.59,12.0,0.146
2023-06-22T04:32:19.000,35.03,11.41,4.14,18.84,20.38,15084,-20.73,12.0,0.146
2023-06-22T04:33:20.000,35.06,11.4,4.66,18.71,20.38,15085,-20.88,11.0,0.146
2023-06-22T04:34:20.000,35.08,11.29,4.54,18.74,20.38,15086,-21.02,11.0,0.146
2023-06-22T04:35:20.000,35.07,10.96,3.59,19.0,20.38,15087,-21.16,11.0,0.146
2023-06-22T04:36:20.000,35.03,10.55,2.77,19.28,20.38,15088,-21.3,11.0,0.146
2023-06-22T04:37:20.000,34.97,10.25,2.22,19.52,20.38,15089,-21.44,11.0,0.146
2023-06-22T04:38:20.000,34.91,9.85,1.86,19.71,20.38,15090,-21.58,10.0,0.146
2023-06-22T04:39:20.000,34.81,9.57,1.63,19.85,20.38,15091,-21.72,10.0,0.146
2023-06-22T04:40:20.000,34.75,9.5,1.56,19.89,20.38,15092,-21.85,10.0,0.146
2023-06-22T04:41:20.000,34.75,9.4,1.57,19.89,20.38,15093,-21.99,10.0,0.147
2023-06-22T04:42:20.000,34.72,9.19,1.67,19.83,20.38,15094,-22.13,10.0,0.147
2023-06-22T04:43:20.000,34.67,9.03,1.71,19.8,20.38,15095,-22.26,9.0,0.147
2023-06-22T04:44:21.000,34.6,8.99,1.6,19.87,20.38,15096,-22.4,9.0,0.147
2023-06-22T04:45:21.000,34.58,8.94,1.5,19.94,20.38,15097,-22.54,9.0,0.147
2023-06-22T04:46:21.000,34.54,8.83,1.44,19.98,20.38,15098,-22.67,9.0,0.147
2023-06-22T04:47:21.000,34.5,8.65,1.42,20.0,20.38,15099,-22.81,9.0,0.147
2023-06-22T04:48:21.000,34.42,8.53,1.39,20.03,20.38,15100,-22.94,8.0,0.147
2023-06-22T04:50:21.000,34.3,8.35,1.34,20.06,20.38,15102,-23.2,8.0,0.147
2023-06-22T04:51:22.000,34.23,8.26,1.31,20.09,20.38,15103,-23.34,8.0,0.147
2023-06-22T04:52:21.000,34.19,8.23,1.31,20.09,20.38,15104,-23.47,8.0,0.147
2023-06-22T04:54:23.000,34.04,8.0,1.29,20.1,20.38,15106,-23.73,7.0,0.147
2023-06-22T04:55:23.000,33.98,8.04,1.27,20.12,20.38,15107,-23.86,7.0,0.147
2023-06-22T04:56:23.000,33.89,7.89,1.26,20.13,20.38,15108,-23.99,7.0,0.147
2023-06-22T04:57:24.000,33.85,8.02,1.26,20.13,20.38,15109,-24.12,7.0,0.147
2023-06-22T04:58:24.000,33.83,8.05,1.26,20.13,20.38,15110,-24.25,6.0,0.147
2023-06-22T04:59:24.000,33.82,8.06,1.26,20.13,20.38,15111,-24.37,6.0,0.147
2023-06-22T05:00:24.000,33.8,8.01,1.26,20.13,20.38,15112,-24.5,6.0,0.147
2023-06-22T05:01:24.000,33.76,7.91,1.25,20.14,20.38,15113,-24.62,6.0,0.147
2023-06-22T05:02:25.000,33.76,8.12,1.25,20.14,20.38,15114,-24.75,6.0,0.147
2023-06-22T05:03:25.000,33.75,8.03,1.24,20.14,20.38,15115,-24.88,5.0,0.148
2023-06-22T05:04:25.000,33.72,8.08,1.24,20.15,20.38,15116,-25.0,5.0,0.148
2023-06-22T05:05:27.000,33.69,7.94,1.23,20.15,20.38,15117,-25.13,5.0,0.148
2023-06-22T05:06:27.000,33.67,8.03,1.22,20.16,20.38,15118,-25.25,5.0,0.148
2023-06-22T05:07:28.000,33.67,8.0,1.22,20.17,20.38,15119,-25.37,5.0,0.148
2023-06-22T05:08:28.000,33.63,8.05,1.21,20.17,20.38,15120,-25.49,4.0,0.148
2023-06-22T05:09:28.000,33.64,8.15,1.21,20.17,20.38,15121,-25.61,4.0,0.148
2023-06-22T05:10:28.000,33.64,8.06,1.21,20.17,20.38,15122,-25.73,4.0,0.148
2023-06-22T05:11:28.000,33.62,7.94,1.21,20.17,20.38,15123,-25.85,4.0,0.148
2023-06-22T05:13:29.000,33.42,7.65,1.21,20.17,20.38,15125,-26.09,4.0,0.148
2023-06-22T05:14:31.000,33.32,7.73,1.21,20.18,20.38,15126,-26.21,3.0,0.148
2023-06-22T05:19:32.000,32.89,7.65,1.17,20.21,20.38,15131,-26.79,2.0,0.148
2023-06-22T05:20:33.000,32.83,7.61,1.17,20.21,20.38,15132,-26.9,2.0,0.148
2023-06-22T05:21:34.000,32.73,7.47,1.17,20.21,20.38,15133,-27.02,2.0,0.148
2023-06-22T05:22:33.000,32.71,7.6,1.17,20.21,20.38,15134,-27.13,2.0,0.148
2023-06-22T05:23:33.000,32.62,7.42,1.17,20.21,20.38,15135,-27.24,2.0,0.148
2023-06-22T05:24:33.000,32.52,7.33,1.17,20.21,20.38,15136,-27.35,1.0,0.149
2023-06-22T05:25:34.000,32.41,7.27,1.17,20.21,20.38,15137,-27.46,1.0,0.149
2023-06-22T05:26:34.000,32.39,7.4,1.17,20.21,20.38,15138,-27.57,1.0,0.149
2023-06-22T05:27:34.000,32.29,7.21,1.17,20.21,20.38,15139,-27.67,1.0,0.149
2023-06-22T05:28:34.000,32.22,7.12,1.17,20.21,20.38,15140,-27.78,1.0,0.149
2023-06-22T05:29:34.000,32.13,7.19,1.17,20.21,20.38,15141,-27.89,0.0,0.149
2023-06-22T05:30:34.000,32.1,7.26,1.16,20.22,20.38,15142,-27.99,0.0,0.149
2023-06-22T05:31:34.000,32.01,6.89,1.16,20.22,20.38,15143,-28.1,0.0,0.149
2023-06-22T05:32:34.000,31.89,7.11,1.16,20.22,20.38,15144,-28.2,-0.0,0.149
2023-06-22T05:33:34.000,31.89,7.31,1.17,20.21,20.38,15145,-28.3,-0.0,0.149
2023-06-22T05:34:34.000,31.86,7.29,1.17,20.21,20.38,15146,-28.41,-0.0,0.149
2023-06-22T05:35:35.000,31.88,7.42,1.16,20.21,20.38,15147,-28.51,-1.0,0.149
2023-06-22T05:36:35.000,31.86,7.36,1.16,20.22,20.38,15148,-28.61,-1.0,0.149
2023-06-22T05:37:35.000,31.81,7.26,1.17,20.21,20.38,15149,-28.71,-1.0,0.149
2023-06-22T05:38:35.000,31.75,7.29,1.18,20.2,20.38,15150,-28.81,-1.0,0.149
2023-06-22T05:39:35.000,31.72,7.22,1.19,20.19,20.38,15151,-28.91,-1.0,0.149
2023-06-22T05:40:35.000,31.62,7.27,1.22,20.16,20.38,15152,-29.01,-2.0,0.149
2023-06-22T05:41:35.000,31.62,7.34,1.25,20.14,20.38,15153,-29.11,-2.0,0.149
2023-06-22T05:42:35.000,31.55,7.21,1.25,20.14,20.38,15154,-29.2,-2.0,0.149
2023-06-22T05:43:35.000,31.53,7.47,1.28,20.11,20.38,15155,-29.3,-2.0,0.149
2023-06-22T05:44:35.000,31.55,7.58,1.3,20.09,20.38,15156,-29.39,-2.0,0.149
2023-06-22T05:45:35.000,31.54,7.66,1.36,20.04,20.38,15157,-29.49,-3.0,0.149
2023-06-22T05:46:35.000,31.53,7.75,1.49,19.95,20.38,15158,-29.58,-3.0,0.15
2023-06-22T05:50:38.000,31.3,8.48,2.76,19.28,20.38,15162,-29.95,-3.0,0.15
2023-06-22T05:51:38.000,31.27,8.54,3.15,19.14,20.38,15163,-30.04,-4.0,0.15
2023-06-22T05:54:39.000,31.24,8.69,3.24,19.1,20.38,15166,-30.3,-4.0,0.15
2023-06-22T05:55:40.000,31.24,8.47,2.53,19.38,20.38,15167,-30.39,-4.0,0.15
