Downloads/jupyter/ECSV/stars19/stars19_2021-10.ecsv
# %ECSV 1.0
# ---
# datatype:
# - {name: time, datatype: string}
# - {name: Enclosure Temperature, unit: deg_C, datatype: float64}
# - {name: Sky Temperature, unit: deg_C, datatype: float64}
# - {name: Frequency, unit: Hz, datatype: float64}
# - {name: MSAS, unit: mag / arcsec2, datatype: float64}
# - {name: ZP, datatype: float64}
# - {name: Sequence Number, datatype: int64}
# - {name: Sun Alt, unit: deg, datatype: float64}
# - {name: Moon Alt, unit: deg, datatype: float64}
# - {name: Moon Illumination, datatype: float64}
# delimiter: ','
# meta: !!omap
# - ida:
#     Data supplier: {affiliation: null, observer: null}
#     Device type: TESS-W
#     Field of view: 17.0
#     Filters per channel: None
#     Instrument ID: stars19
#     License: ODbL 1.0 http://opendatacommons.org/licenses/odbl/summary/
#     Local timezone: America/Phoenix
#     Location name: {country: '- Tucson', place: Tucson, region: United States, sub_region: Arizona, town: Pima County}
#     Measurement direction per channel: {azimuth: 0.0, zenital: 0.0}
#     Moving / Fixed look direction: FIXED
#     Moving / Stationary position: STATIONARY
#     Number of channels: 1
#     Number of fields per line: 8
#     Number of header lines: 35
#     Position: {height: 0.0, latitude: 32.223877, longitude: -110.767532}
#     TESS MAC address: 18:FE:34:CF:EC:06
#     TESS cover offset value: 0.0
#     TESS firmware version: '1.0'
#     TESS zero point: 20.5
#     Time Synchronization: timestamp added by MQTT subscriber
#     URL: http://www.darksky.org/NSBM/sdf1.0.pdf
# - __serialized_columns__:
#     Enclosure Temperature:
#       __class__: astropy.units.quantity.Quantity
#       unit: &id001 !astropy.units.Unit {unit: deg_C}
#       value: !astropy.table.SerializedColumn {name: Enclosure Temperature}
#     Frequency:
#       __class__: astropy.units.quantity.Quantity
#       unit: !astropy.units.Unit {unit: Hz}
#       value: !astropy.table.SerializedColumn {name: Frequency}
#     MSAS:
#       __class__: astropy.units.quantity.Quantity
#       unit: !astropy.units.Unit {unit: mag / arcsec2}
#       value: !astropy.table.SerializedColumn {name: MSAS}
#     Moon Alt:
#       __class__: astropy.units.quantity.Quantity
#       unit: &id002 !astropy.units.Unit {unit: deg}
#       value: !astropy.table.SerializedColumn {name: Moon Alt}
#     Sky Temperature:
#       __class__: astropy.units.quantity.Quantity
#       unit: *id001
#       value: !astropy.table.SerializedColumn {name: Sky Temperature}
#     Sun Alt:
#       __class__: astropy.units.quantity.Quantity
#       unit: *id002
#       value: !astropy.table.SerializedColumn {name: Sun Alt}
#     time:
#       __class__: astropy.time.core.Time
#       format: isot
#       in_subfmt: '*'
#       out_subfmt: '*'
#       precision: 3
#       scale: utc
#       value: !astropy.table.SerializedColumn {name: time}
# schema: astropy-2.0
time,Enclosure Temperature,Sky Temperature,Frequency,MSAS,ZP,Sequence Number,Sun Alt,Moon Alt,Moon Illumination
[from data line 27177]
2021-10-29T17:08:00.000,40.9,14.21,0.0,0.0,20.5,253313,36.01,49.0,0.414
2021-10-29T17:09:00.000,41.53,14.23,0.0,0.0,20.5,253314,36.13,49.0,0.414
2021-10-29T17:10:00.000,42.25,14.29,0.0,0.0,20.5,253315,36.26,48.0,0.414
2021-10-29T17:11:00.000,42.91,14.47,0.0,0.0,20.5,253316,36.38,48.0,0.414
2021-10-29T17:12:00.000,43.25,13.25,0.0,0.0,20.5,253317,36.51,48.0,0.414
2021-10-29T17:13:00.000,43.61,14.41,0.0,0.0,20.5,253318,36.63,48.0,0.414
2021-10-29T17:14:00.000,44.33,14.59,0.0,0.0,20.5,253319,36.75,48.0,0.414
2021-10-29T17:15:00.000,44.8,14.63,0.0,0.0,20.5,253320,36.87,47.0,0.414
2021-10-29T17:16:00.000,45.54,15.27,0.0,0.0,20.5,253321,36.99,47.0,0.413
2021-10-29T17:17:00.000,46.07,14.88,0.0,0.0,20.5,253322,37.11,47.0,0.413
2021-10-29T17:18:01.000,46.51,14.34,0.0,0.0,20.5,253323,37.23,47.0,0.413
2021-10-29T17:19:01.000,46.65,14.13,0.0,0.0,20.5,253324,37.35,47.0,0.413
2021-10-29T17:20:01.000,46.85,14.3,0.0,0.0,20.5,253325,37.46,46.0,0.413
2021-10-29T17:21:01.000,47.19,15.17,0.0,0.0,20.5,253326,37.58,46.0,0.413
2021-10-29T17:22:01.000,47.6,14.21,0.0,0.0,20.5,253327,37.69,46.0,0.413
2021-10-29T17:23:01.000,47.58,14.55,0.0,0.0,20.5,253328,37.81,46.0,0.413
2021-10-29T17:24:01.000,47.89,15.05,0.0,0.0,20.5,253329,37.92,45.0,0.413
2021-10-29T17:25:01.000,48.23,15.0,0.0,0.0,20.5,253330,38.03,45.0,0.413
2021-10-29T17:26:01.000,48.52,15.37,0.0,0.0,20.5,253331,38.14,45.0,0.413
2021-10-29T17:27:01.000,49.01,15.3,0.0,0.0,20.5,253332,38.25,45.0,0.413
2021-10-29T17:28:01.000,49.28,15.43,0.0,0.0,20.5,253333,38.36,45.0,0.413
2021-10-29T17:29:01.000,49.48,14.72,0.0,0.0,20.5,253334,38.47,44.0,0.413
2021-10-29T17:30:03.000,49.73,15.34,0.0,0.0,20.5,253335,38.58,44.0,0.412
2021-10-29T17:31:03.000,50.24,16.05,0.0,0.0,20.5,253336,38.69,44.0,0.412
2021-10-29T17:32:03.000,50.54,15.2,0.0,0.0,20.5,253337,38.8,44.0,0.412
2021-10-29T17:33:03.000,50.83,15.73,0.0,0.0,20.5,253338,38.9,44.0,0.412
2021-10-29T17:35:03.000,51.55,16.18,0.0,0.0,20.5,253340,39.11,43.0,0.412
2021-10-29T17:36:03.000,51.9,16.0,0.0,0.0,20.5,253341,39.21,43.0,0.412
2021-10-29T17:37:03.000,52.16,16.01,0.0,0.0,20.5,253342,39.31,43.0,0.412
2021-10-29T17:38:03.000,52.34,15.76,0.0,0.0,20.5,253343,39.41,43.0,0.412
2021-10-29T17:39:03.000,52.52,16.08,0.0,0.0,20.5,253344,39.51,42.0,0.412
2021-10-29T17:40:03.000,52.47,14.94,0.0,0.0,20.5,253345,39.61,42.0,0.412
2021-10-29T17:41:03.000,52.37,14.97,0.0,0.0,20.5,253346,39.71,42.0,0.412
2021-10-29T17:42:04.000,52.55,16.29,0.0,0.0,20.5,253347,39.81,42.0,0.412
2021-10-29T17:43:03.000,52.9,16.22,0.0,0.0,20.5,253348,39.9,42.0,0.412
2021-10-29T17:44:04.000,53.1,15.94,0.0,0.0,20.5,253349,40.0,41.0,0.412
2021-10-29T17:45:04.000,53.11,15.09,0.0,0.0,20.5,253350,40.09,41.0,0.411
2021-10-29T17:46:04.000,53.07,15.62,0.0,0.0,20.5,253351,40.19,41.0,0.411
2021-10-29T17:47:04.000,53.23,16.21,0.0,0.0,20.5,253352,40.28,41.0,0.411
2021-10-29T17:48:04.000,53.42,16.22,0.0,0.0,20.5,253353,40.37,40.0,0.411
2021-10-29T17:49:04.000,53.62,16.45,0.0,0.0,20.5,253354,40.46,40.0,0.411
2021-10-29T17:50:04.000,53.69,16.0,0.0,0.0,20.5,253355,40.55,40.0,0.411
2021-10-29T17:51:04.000,53.86,16.47,0.0,0.0,20.5,253356,40.64,40.0,0.411
2021-10-29T17:52:04.000,53.86,16.01,0.0,0.0,20.5,253357,40.72,40.0,0.411
2021-10-29T17:53:04.000,53.7,14.63,0.0,0.0,20.5,253358,40.81,39.0,0.411
2021-10-29T17:54:04.000,52.76,12.86,0.0,0.0,20.5,253359,40.9,39.0,0.411
2021-10-29T17:55:04.000,52.42,15.43,0.0,0.0,20.5,253360,40.98,39.0,0.411
2021-10-29T17:56:04.000,52.63,16.53,0.0,0.0,20.5,253361,41.06,39.0,0.411
2021-10-29T17:57:05.000,52.94,16.1,0.0,0.0,20.5,253362,41.15,39.0,0.411
2021-10-29T17:58:04.000,53.12,16.23,0.0,0.0,20.5,253363,41.23,38.0,0.411
2021-10-29T17:59:04.000,53.47,16.53,0.0,0.0,20.5,253364,41.31,38.0,0.41
2021-10-29T18:00:05.000,53.72,16.51,0.0,0.0,20.5,253365,41.39,38.0,0.41
2021-10-29T18:01:05.000,54.01,16.68,0.0,0.0,20.5,253366,41.46,38.0,0.41
2021-10-29T18:02:05.000,54.14,15.55,0.0,0.0,20.5,253367,41.54,38.0,0.41
2021-10-29T18:03:05.000,53.79,14.94,0.0,0.0,20.5,253368,41.62,37.0,0.41
2021-10-29T18:04:05.000,53.78,15.89,0.0,0.0,20.5,253369,41.69,37.0,0.41
2021-10-29T18:05:05.000,53.82,15.31,0.0,0.0,20.5,253370,41.76,37.0,0.41
2021-10-29T18:07:06.000,53.18,14.88,0.0,0.0,20.5,253372,41.91,37.0,0.41
2021-10-29T18:08:06.000,53.27,15.72,0.0,0.0,20.5,253373,41.98,36.0,0.41
2021-10-29T18:09:06.000,53.24,15.38,0.0,0.0,20.5,253374,42.05,36.0,0.41
2021-10-29T18:10:06.000,53.42,15.99,0.0,0.0,20.5,253375,42.12,36.0,0.41
2021-10-29T18:11:06.000,53.61,15.4,0.0,0.0,20.5,253376,42.18,36.0,0.41
2021-10-29T18:12:06.000,53.37,14.78,0.0,0.0,20.5,253377,42.25,35.0,0.41
2021-10-29T18:13:06.000,53.31,14.55,0.0,0.0,20.5,253378,42.31,35.0,0.409
2021-10-29T18:14:06.000,53.04,14.61,0.0,0.0,20.5,253379,42.38,35.0,0.409
2021-10-29T18:16:07.000,53.17,14.85,0.0,0.0,20.5,253381,42.5,35.0,0.409
2021-10-29T18:17:06.000,53.29,15.74,0.0,0.0,20.5,253382,42.56,34.0,0.409
2021-10-29T18:18:07.000,53.46,15.8,0.0,0.0,20.5,253383,42.62,34.0,0.409
2021-10-29T18:19:07.000,53.81,16.49,0.0,0.0,20.5,253384,42.68,34.0,0.409
2021-10-29T18:20:07.000,53.9,14.71,0.0,0.0,20.5,253385,42.74,34.0,0.409
2021-10-29T18:21:07.000,53.85,15.42,0.0,0.0,20.5,253386,42.79,34.0,0.409
2021-10-29T18:22:07.000,54.02,15.93,0.0,0.0,20.5,253387,42.85,33.0,0.409
2021-10-29T18:23:07.000,54.25,15.99,0.0,0.0,20.5,253388,42.9,33.0,0.409
2021-10-29T18:24:07.000,54.5,16.06,0.0,0.0,20.5,253389,42.95,33.0,0.409
2021-10-29T18:25:07.000,54.81,16.31,0.0,0.0,20.5,253390,43.0,33.0,0.409
2021-10-29T18:26:07.000,55.13,16.36,0.0,0.0,20.5,253391,43.05,33.0,0.409
2021-10-29T18:27:07.000,55.28,15.72,0.0,0.0,20.5,253392,43.1,32.0,0.409
2021-10-29T18:28:07.000,55.31,16.09,0.0,0.0,20.5,253393,43.15,32.0,0.408
2021-10-29T18:29:07.000,55.43,15.87,0.0,0.0,20.5,253394,43.2,32.0,0.408
2021-10-29T18:30:07.000,55.53,16.08,0.0,0.0,20.5,253395,43.24,32.0,0.408
2021-10-29T18:31:08.000,55.57,15.48,0.0,0.0,20.5,253396,43.29,32.0,0.408
2021-10-29T18:32:08.000,55.68,16.3,0.0,0.0,20.5,253397,43.33,31.0,0.408
2021-10-29T18:33:08.000,56.05,16.58,0.0,0.0,20.5,253398,43.37,31.0,0.408
2021-10-29T18:35:08.000,56.41,15.89,0.0,0.0,20.5,253400,43.45,31.0,0.408
2021-10-29T18:36:08.000,56.37,16.24,0.0,0.0,20.5,253401,43.49,31.0,0.408
2021-10-29T18:37:08.000,56.4,16.07,0.0,0.0,20.5,253402,43.53,30.0,0.408
2021-10-29T18:38:08.000,56.56,16.58,0.0,0.0,20.5,253403,43.56,30.0,0.408
2021-10-29T18:39:08.000,56.76,16.7,0.0,0.0,20.5,253404,43.6,30.0,0.408
2021-10-29T18:40:08.000,56.94,16.6,0.0,0.0,20.5,253405,43.63,30.0,0.408
2021-10-29T18:41:08.000,57.0,15.75,0.0,0.0,20.5,253406,43.66,29.0,0.408
2021-10-29T18:42:08.000,56.78,15.57,0.0,0.0,20.5,253407,43.69,29.0,0.407
2021-10-29T18:43:08.000,56.77,16.29,0.0,0.0,20.5,253408,43.72,29.0,0.407
2021-10-29T18:44:08.000,56.7,16.25,0.0,0.0,20.5,253409,43.75,29.0,0.407
2021-10-29T18:45:08.000,56.63,15.51,0.0,0.0,20.5,253410,43.78,29.0,0.407
2021-10-29T18:46:08.000,56.42,15.61,0.0,0.0,20.5,253411,43.8,28.0,0.407
2021-10-29T18:47:08.000,56.25,15.84,0.0,0.0,20.5,253412,43.83,28.0,0.407
2021-10-29T18:48:09.000,56.18,15.85,0.0,0.0,20.5,253413,43.85,28.0,0.407
2021-10-29T18:49:09.000,56.04,15.77,0.0,0.0,20.5,253414,43.88,28.0,0.407
2021-10-29T18:50:09.000,56.17,15.72,0.0,0.0,20.5,253415,43.9,28.0,0.407
2021-10-29T18:51:09.000,55.93,15.31,0.0,0.0,20.5,253416,43.92,27.0,0.407
2021-10-29T18:52:09.000,55.83,15.48,0.0,0.0,20.5,253417,43.93,27.0,0.407
2021-10-29T18:53:09.000,55.97,16.26,0.0,0.0,20.5,253418,43.95,27.0,0.407
2021-10-29T18:54:09.000,55.99,14.42,0.0,0.0,20.5,253419,43.97,27.0,0.407
2021-10-29T18:55:09.000,55.71,15.7,0.0,0.0,20.5,253420,43.98,27.0,0.407
2021-10-29T18:56:09.000,55.42,13.56,0.0,0.0,20.5,253421,44.0,26.0,0.407
2021-10-29T18:57:09.000,54.47,12.08,0.0,0.0,20.5,253422,44.01,26.0,0.406
2021-10-29T18:58:09.000,54.06,13.85,0.0,0.0,20.5,253423,44.02,26.0,0.406
2021-10-29T18:59:09.000,54.09,15.51,0.0,0.0,20.5,253424,44.03,26.0,0.406
2021-10-29T19:00:09.000,54.23,14.63,0.0,0.0,20.5,253425,44.04,26.0,0.406
2021-10-29T19:01:09.000,54.34,15.02,0.0,0.0,20.5,253426,44.05,25.0,0.406
2021-10-29T19:03:10.000,54.48,15.53,0.0,0.0,20.5,253428,44.06,25.0,0.406
2021-10-29T19:04:10.000,54.64,14.83,0.0,0.0,20.5,253429,44.06,25.0,0.406
2021-10-29T19:06:15.000,54.96,15.42,0.0,0.0,20.5,253431,44.06,24.0,0.406
2021-10-29T19:07:15.000,55.06,15.09,0.0,0.0,20.5,253432,44.06,24.0,0.406
2021-10-29T19:08:15.000,55.06,14.73,0.0,0.0,20.5,253433,44.06,24.0,0.406
2021-10-29T19:09:15.000,55.12,14.92,0.0,0.0,20.5,253434,44.06,24.0,0.406
2021-10-29T19:10:16.000,55.1,15.07,0.0,0.0,20.5,253435,44.06,24.0,0.406
2021-10-29T19:11:15.000,55.23,15.46,0.0,0.0,20.5,253436,44.05,23.0,0.405
2021-10-29T19:12:15.000,55.54,15.81,0.0,0.0,20.5,253437,44.04,23.0,0.405
2021-10-29T19:13:15.000,55.64,15.3,0.0,0.0,20.5,253438,44.04,23.0,0.405
2021-10-29T19:16:16.000,55.61,14.75,0.0,0.0,20.5,253441,44.01,22.0,0.405
2021-10-29T19:17:16.000,55.58,14.64,0.0,0.0,20.5,253442,43.99,22.0,0.405
2021-10-29T19:18:16.000,55.59,15.36,0.0,0.0,20.5,253443,43.98,22.0,0.405
2021-10-29T19:19:16.000,55.57,14.72,0.0,0.0,20.5,253444,43.96,22.0,0.405
2021-10-29T19:20:16.000,55.57,14.68,0.0,0.0,20.5,253445,43.95,21.0,0.405
2021-10-29T19:21:17.000,55.54,14.91,0.0,0.0,20.5,253446,43.93,21.0,0.405
2021-10-29T19:22:17.000,55.55,14.36,0.0,0.0,20.5,253447,43.91,21.0,0.405
2021-10-29T19:23:17.000,55.3,13.83,0.0,0.0,20.5,253448,43.89,21.0,0.405
2021-10-29T19:24:17.000,55.16,14.95,0.0,0.0,20.5,253449,43.87,21.0,0.405
2021-10-29T19:25:17.000,54.79,13.07,0.0,0.0,20.5,253450,43.85,20.0,0.404
2021-10-29T19:26:17.000,54.66,13.85,0.0,0.0,20.5,253451,43.82,20.0,0.404
2021-10-29T19:27:17.000,54.66,15.32,0.0,0.0,20.5,253452,43.8,20.0,0.404
2021-10-29T19:28:17.000,54.98,15.53,0.0,0.0,20.5,253453,43.77,20.0,0.404
2021-10-29T19:29:17.000,55.25,15.25,0.0,0.0,20.5,253454,43.74,20.0,0.404
2021-10-29T19:30:17.000,55.46,15.03,0.0,0.0,20.5,253455,43.71,19.0,0.404
2021-10-29T19:31:17.000,55.7,15.63,0.0,0.0,20.5,253456,43.68,19.0,0.404
2021-10-29T19:32:17.000,56.02,15.69,0.0,0.0,20.5,253457,43.65,19.0,0.404
2021-10-29T19:33:17.000,56.12,14.73,0.0,0.0,20.5,253458,43.62,19.0,0.404
2021-10-29T19:34:17.000,55.86,13.77,0.0,0.0,20.5,253459,43.59,19.0,0.404
2021-10-29T19:35:17.000,55.82,14.52,0.0,0.0,20.5,253460,43.55,18.0,0.404
2021-10-29T19:36:18.000,55.75,14.08,0.0,0.0,20.5,253461,43.52,18.0,0.404
2021-10-29T19:37:18.000,55.6,14.24,0.0,0.0,20.5,253462,43.48,18.0,0.404
2021-10-29T19:38:18.000,55.35,13.53,0.0,0.0,20.5,253463,43.44,18.0,0.404
2021-10-29T19:39:18.000,55.26,14.24,0.0,0.0,20.5,253464,43.4,18.0,0.404
2021-10-29T19:40:18.000,54.92,13.29,0.0,0.0,20.5,253465,43.36,17.0,0.403
2021-10-29T19:41:18.000,54.56,13.06,0.0,0.0,20.5,253466,43.32,17.0,0.403
2021-10-29T19:42:18.000,54.41,13.58,0.0,0.0,20.5,253467,43.27,17.0,0.403
2021-10-29T19:43:18.000,54.47,14.74,0.0,0.0,20.5,253468,43.23,17.0,0.403
2021-10-29T19:44:18.000,54.73,14.72,0.0,0.0,20.5,253469,43.18,17.0,0.403
2021-10-29T19:45:18.000,54.91,14.57,0.0,0.0,20.5,253470,43.14,16.0,0.403
2021-10-29T19:46:18.000,55.06,14.77,0.0,0.0,20.5,253471,43.09,16.0,0.403
2021-10-29T19:47:18.000,54.99,13.19,0.0,0.0,20.5,253472,43.04,16.0,0.403
2021-10-29T19:48:18.000,54.67,13.22,0.0,0.0,20.5,253473,42.99,16.0,0.403
2021-10-29T19:49:18.000,54.71,14.42,0.0,0.0,20.5,253474,42.94,16.0,0.403
2021-10-29T19:50:19.000,54.93,14.36,0.0,0.0,20.5,253475,42.88,15.0,0.403
2021-10-29T19:51:19.000,54.91,13.84,0.0,0.0,20.5,253476,42.83,15.0,0.403
2021-10-29T19:52:20.000,54.89,13.82,0.0,0.0,20.5,253477,42.78,15.0,0.403
2021-10-29T19:53:19.000,55.03,14.71,0.0,0.0,20.5,253478,42.72,15.0,0.403
2021-10-29T19:54:19.000,55.22,14.54,0.0,0.0,20.5,253479,42.66,15.0,0.402
2021-10-29T19:55:19.000,55.28,13.92,0.0,0.0,20.5,253480,42.6,14.0,0.402
2021-10-29T19:56:20.000,55.37,14.04,0.0,0.0,20.5,253481,42.54,14.0,0.402
2021-10-29T19:57:20.000,55.33,13.45,0.0,0.0,20.5,253482,42.48,14.0,0.402
2021-10-29T19:58:20.000,55.25,14.17,0.0,0.0,20.5,253483,42.42,14.0,0.402
2021-10-29T19:59:20.000,55.25,13.69,0.0,0.0,20.5,253484,42.36,14.0,0.402
2021-10-29T20:00:20.000,55.16,13.65,0.0,0.0,20.5,253485,42.29,13.0,0.402
2021-10-29T20:01:20.000,55.28,14.43,0.0,0.0,20.5,253486,42.23,13.0,0.402
2021-10-29T20:02:20.000,55.31,14.01,0.0,0.0,20.5,253487,42.16,13.0,0.402
2021-10-29T20:03:20.000,55.57,14.63,0.0,0.0,20.5,253488,42.1,13.0,0.402
2021-10-29T20:04:20.000,55.73,14.06,0.0,0.0,20.5,253489,42.03,13.0,0.402
2021-10-29T20:05:21.000,55.87,14.4,0.0,0.0,20.5,253490,41.96,12.0,0.402
2021-10-29T20:06:21.000,56.16,14.45,0.0,0.0,20.5,253491,41.89,12.0,0.402
2021-10-29T20:07:21.000,56.27,14.08,0.0,0.0,20.5,253492,41.81,12.0,0.402
2021-10-29T20:08:21.000,56.44,13.69,0.0,0.0,20.5,253493,41.74,12.0,0.402
2021-10-29T20:09:21.000,56.41,13.05,0.0,0.0,20.5,253494,41.67,12.0,0.401
2021-10-29T20:10:21.000,56.26,13.54,0.0,0.0,20.5,253495,41.59,11.0,0.401
2021-10-29T20:11:21.000,56.4,13.98,0.0,0.0,20.5,253496,41.52,11.0,0.401
2021-10-29T20:12:21.000,56.37,13.11,0.0,0.0,20.5,253497,41.44,11.0,0.401
2021-10-29T20:13:22.000,56.23,13.71,0.0,0.0,20.5,253498,41.36,11.0,0.401
2021-10-29T20:14:22.000,56.04,12.32,0.0,0.0,20.5,253499,41.28,11.0,0.401
2021-10-29T20:15:22.000,55.84,13.52,0.0,0.0,20.5,253500,41.2,10.0,0.401
2021-10-29T20:16:22.000,55.99,13.91,0.0,0.0,20.5,253501,41.12,10.0,0.401
2021-10-29T20:17:22.000,55.82,12.64,0.0,0.0,20.5,253502,41.04,10.0,0.401
2021-10-29T20:18:22.000,55.83,13.8,0.0,0.0,20.5,253503,40.95,10.0,0.401
2021-10-29T20:19:22.000,56.05,14.11,0.0,0.0,20.5,253504,40.87,10.0,0.401
2021-10-29T20:20:22.000,56.26,13.98,0.0,0.0,20.5,253505,40.78,9.0,0.401
2021-10-29T20:21:22.000,56.42,13.55,0.0,0.0,20.5,253506,40.7,9.0,0.401
2021-10-29T20:22:22.000,56.0,11.66,0.0,0.0,20.5,253507,40.61,9.0,0.401
2021-10-29T20:23:24.000,56.03,13.5,0.0,0.0,20.5,253508,40.52,9.0,0.4
2021-10-29T20:24:24.000,56.02,12.91,0.0,0.0,20.5,253509,40.43,9.0,0.4
2021-10-29T20:25:25.000,56.05,13.21,0.0,0.0,20.5,253510,40.34,8.0,0.4
2021-10-29T20:26:24.000,56.01,12.94,0.0,0.0,20.5,253511,40.25,8.0,0.4
2021-10-29T20:27:24.000,56.06,13.45,0.0,0.0,20.5,253512,40.15,8.0,0.4
2021-10-29T20:28:25.000,56.11,13.04,0.0,0.0,20.5,253513,40.06,8.0,0.4
2021-10-29T20:29:25.000,56.06,12.94,0.0,0.0,20.5,253514,39.97,8.0,0.4
2021-10-29T20:30:25.000,55.82,12.13,0.0,0.0,20.5,253515,39.87,7.0,0.4
2021-10-29T20:31:25.000,55.61,12.14,0.0,0.0,20.5,253516,39.77,7.0,0.4
2021-10-29T20:32:25.000,55.68,13.33,0.0,0.0,20.5,253517,39.68,7.0,0.4
2021-10-29T20:33:25.000,55.8,12.7,0.0,0.0,20.5,253518,39.58,7.0,0.4
2021-10-29T20:34:25.000,55.59,12.11,0.0,0.0,20.5,253519,39.48,7.0,0.4
2021-10-29T20:35:25.000,55.64,13.2,0.0,0.0,20.5,253520,39.38,6.0,0.4
2021-10-29T20:36:25.000,55.68,12.18,0.0,0.0,20.5,253521,39.28,6.0,0.4
2021-10-29T20:37:25.000,55.63,13.15,0.0,0.0,20.5,253522,39.18,6.0,0.399
2021-10-29T20:38:25.000,55.68,12.83,0.0,0.0,20.5,253523,39.07,6.0,0.399
2021-10-29T20:39:25.000,55.81,12.91,0.0,0.0,20.5,253524,38.97,6.0,0.399
2021-10-29T20:40:25.000,55.84,12.88,0.0,0.0,20.5,253525,38.87,6.0,0.399
2021-10-29T20:41:25.000,55.96,13.27,0.0,0.0,20.5,253526,38.76,5.0,0.399
2021-10-29T20:42:25.000,56.01,12.59,0.0,0.0,20.5,253527,38.65,5.0,0.399
2021-10-29T20:43:25.000,56.1,13.11,0.0,0.0,20.5,253528,38.55,5.0,0.399
2021-10-29T20:44:25.000,56.08,12.37,0.0,0.0,20.5,253529,38.44,5.0,0.399
2021-10-29T20:45:26.000,56.13,12.98,0.0,0.0,20.5,253530,38.33,5.0,0.399
2021-10-29T20:46:26.000,56.06,11.02,0.0,0.0,20.5,253531,38.22,4.0,0.399
2021-10-29T20:47:26.000,55.65,11.97,0.0,0.0,20.5,253532,38.11,4.0,0.399
2021-10-29T20:48:26.000,55.73,12.32,0.0,0.0,20.5,253533,37.99,4.0,0.399
2021-10-29T20:49:26.000,55.75,12.38,0.0,0.0,20.5,253534,37.88,4.0,0.399
2021-10-29T20:50:26.000,55.78,12.63,0.0,0.0,20.5,253535,37.77,4.0,0.399
2021-10-29T20:51:26.000,55.95,12.56,0.0,0.0,20.5,253536,37.65,3.0,0.399
2021-10-29T20:52:26.000,55.99,12.18,0.0,0.0,20.5,253537,37.54,3.0,0.398
2021-10-29T20:53:26.000,55.91,11.98,0.0,0.0,20.5,253538,37.42,3.0,0.398
2021-10-29T20:54:26.000,55.79,11.65,0.0,0.0,20.5,253539,37.31,3.0,0.398
2021-10-29T20:55:26.000,55.5,11.76,0.0,0.0,20.5,253540,37.19,3.0,0.398
