Downloads/jupyter/ECSV/stars19/stars19_2021-02.ecsv
# %ECSV 1.0
# ---
# datatype:
# - {name: time, datatype: string}
# - {name: Enclosure Temperature, unit: deg_C, datatype: float64}
# - {name: Sky Temperature, unit: deg_C, datatype: float64}
# - {name: Frequency, unit: Hz, datatype: float64}
# - {name: MSAS, unit: mag / arcsec2, datatype: float64}
# - {name: ZP, datatype: float64}
# - {name: Sequence Number, datatype: int64}
# - {name: Sun Alt, unit: deg, datatype: float64}
# - {name: Moon Alt, unit: deg, datatype: float64}
# - {name: Moon Illumination, datatype: float64}
# delimiter: ','
# meta: !!omap
# - ida:
#     Data supplier: {affiliation: null, observer: null}
#     Device type: TESS-W
#     Field of view: 17.0
#     Filters per channel: None
#     Instrument ID: stars19
#     License: ODbL 1.0 http://opendatacommons.org/licenses/odbl/summary/
#     Local timezone: America/Phoenix
#     Location name: {country: '- Tucson', place: Tucson, region: United States, sub_region: Arizona, town: Pima County}
#     Measurement direction per channel: {azimuth: 0.0, zenital: 0.0}
#     Moving / Fixed look direction: FIXED
#     Moving / Stationary position: STATIONARY
#     Number of channels: 1
#     Number of fields per line: 8
#     Number of header lines: 35
#     Position: {height: 0.0, latitude: 32.223877, longitude: -110.767532}
#     TESS MAC address: 18:FE:34:CF:EC:06
#     TESS cover offset value: 0.0
#     TESS firmware version: '1.0'
#     TESS zero point: 20.5
#     Time Synchronization: timestamp added by MQTT subscriber
#     URL: http://www.darksky.org/NSBM/sdf1.0.pdf
# - __serialized_columns__:
#     Enclosure Temperature:
#       __class__: astropy.units.quantity.Quantity
#       unit: &id001 !astropy.units.Unit {unit: deg_C}
#       value: !astropy.table.SerializedColumn {name: Enclosure Temperature}
#     Frequency:
#       __class__: astropy.units.quantity.Quantity
#       unit: !astropy.units.Unit {unit: Hz}
#       value: !astropy.table.SerializedColumn {name: Frequency}
#     MSAS:
#       __class__: astropy.units.quantity.Quantity
#       unit: !astropy.units.Unit {unit: mag / arcsec2}
#       value: !astropy.table.SerializedColumn {name: MSAS}
#     Moon Alt:
#       __class__: astropy.units.quantity.Quantity
#       unit: &id002 !astropy.units.Unit {unit: deg}
#       value: !astropy.table.SerializedColumn {name: Moon Alt}
#     Sky Temperature:
#       __class__: astropy.units.quantity.Quantity
#       unit: *id001
#       value: !astropy.table.SerializedColumn {name: Sky Temperature}
#     Sun Alt:
#       __class__: astropy.units.quantity.Quantity
#       unit: *id002
#       value: !astropy.table.SerializedColumn {name: Sun Alt}
#     time:
#       __class__: astropy.time.core.Time
#       format: isot
#       in_subfmt: '*'
#       out_subfmt: '*'
#       precision: 3
#       scale: utc
#       value: !astropy.table.SerializedColumn {name: time}
# schema: astropy-2.0
time,Enclosure Temperature,Sky Temperature,Frequency,MSAS,ZP,Sequence Number,Sun Alt,Moon Alt,Moon Illumination
[from data line 23532]
2021-02-28T14:13:31.000,6.67,-18.38,0.25,0.09,20.5,46450,3.81,9.0,0.977
2021-02-28T14:14:31.000,6.67,-18.36,0.11,0.09,20.5,46451,4.02,9.0,0.977
2021-02-28T14:15:31.000,6.68,-18.33,0.18,0.09,20.5,46452,4.23,8.0,0.977
2021-02-28T14:16:31.000,6.7,-18.38,0.0,0.0,20.5,46453,4.43,8.0,0.977
2021-02-28T14:17:32.000,6.73,-18.25,0.0,0.0,20.5,46454,4.64,8.0,0.977
2021-02-28T14:18:32.000,6.77,-18.29,0.0,0.0,20.5,46455,4.85,8.0,0.977
2021-02-28T14:19:32.000,6.78,-18.31,0.11,0.09,20.5,46456,5.06,8.0,0.977
2021-02-28T14:20:32.000,6.84,-18.18,0.0,0.0,20.5,46457,5.26,7.0,0.977
2021-02-28T14:21:32.000,6.9,-18.14,0.0,0.0,20.5,46458,5.47,7.0,0.977
2021-02-28T14:22:33.000,6.96,-18.11,0.0,0.0,20.5,46459,5.68,7.0,0.977
2021-02-28T14:49:39.000,7.74,-17.98,0.0,0.0,20.5,46486,11.23,1.0,0.976
2021-02-28T14:50:39.000,7.76,-17.93,0.0,0.0,20.5,46487,11.43,1.0,0.976
2021-02-28T14:51:39.000,7.81,-17.81,0.0,0.0,20.5,46488,11.63,1.0,0.976
2021-02-28T14:54:40.000,7.87,-17.93,0.0,0.0,20.5,46491,12.24,0.0,0.976
2021-02-28T14:55:40.000,7.91,-17.82,0.0,0.0,20.5,46492,12.44,0.0,0.976
2021-02-28T14:56:40.000,7.93,-17.85,0.0,0.0,20.5,46493,12.64,-0.0,0.976
2021-02-28T15:02:42.000,8.13,-17.6,0.0,0.0,20.5,46499,13.86,-1.0,0.976
2021-02-28T15:03:43.000,8.17,-17.66,0.0,0.0,20.5,46500,14.06,-2.0,0.976
2021-02-28T15:04:43.000,8.19,-17.63,0.0,0.0,20.5,46501,14.26,-2.0,0.976
2021-02-28T15:06:43.000,8.23,-17.62,0.0,0.0,20.5,46503,14.66,-2.0,0.976
2021-02-28T15:07:43.000,8.28,-17.41,0.0,0.0,20.5,46504,14.86,-2.0,0.976
2021-02-28T15:08:44.000,8.35,-17.43,0.0,0.0,20.5,46505,15.07,-3.0,0.976
2021-02-28T15:22:47.000,8.87,-17.1,0.0,0.0,20.5,46519,17.85,-5.0,0.976
2021-02-28T15:23:47.000,8.9,-16.96,0.0,0.0,20.5,46520,18.05,-6.0,0.976
2021-02-28T15:24:47.000,8.99,-16.83,0.0,0.0,20.5,46521,18.24,-6.0,0.976
2021-02-28T15:33:48.000,9.37,-16.45,0.0,0.0,20.5,46530,20.0,-8.0,0.975
2021-02-28T15:34:49.000,9.48,-16.18,0.0,0.0,20.5,46531,20.2,-8.0,0.975
2021-02-28T15:35:49.000,9.54,-16.14,0.0,0.0,20.5,46532,20.39,-8.0,0.975
2021-02-28T15:39:50.000,9.83,-15.85,0.0,0.0,20.5,46536,21.17,-9.0,0.975
2021-02-28T15:40:50.000,9.89,-15.77,0.0,0.0,20.5,46537,21.36,-9.0,0.975
2021-02-28T15:41:50.000,10.0,-15.47,0.0,0.0,20.5,46538,21.55,-9.0,0.975
2021-02-28T15:44:51.000,10.21,-15.7,0.0,0.0,20.5,46541,22.13,-10.0,0.975
2021-02-28T15:45:51.000,10.21,-15.52,0.0,0.0,20.5,46542,22.32,-10.0,0.975
2021-02-28T15:46:51.000,10.26,-15.36,0.0,0.0,20.5,46543,22.52,-10.0,0.975
2021-02-28T15:48:51.000,10.4,-15.27,0.0,0.0,20.5,46545,22.9,-11.0,0.975
2021-02-28T15:49:51.000,10.42,-15.42,0.0,0.0,20.5,46546,23.09,-11.0,0.975
2021-02-28T15:50:52.000,10.41,-15.19,0.0,0.0,20.5,46547,23.28,-11.0,0.975
2021-02-28T15:54:53.000,10.56,-14.74,0.0,0.0,20.5,46551,24.04,-12.0,0.975
2021-02-28T15:55:53.000,10.66,-14.42,0.0,0.0,20.5,46552,24.23,-12.0,0.975
2021-02-28T15:59:54.000,11.03,-14.26,0.0,0.0,20.5,46556,24.98,-13.0,0.975
2021-02-28T16:00:54.000,11.1,-14.27,0.0,0.0,20.5,46557,25.17,-13.0,0.975
2021-02-28T16:01:55.000,11.16,-14.16,0.0,0.0,20.5,46558,25.36,-13.0,0.975
2021-02-28T16:02:55.000,11.22,-14.17,0.0,0.0,20.5,46559,25.54,-14.0,0.975
2021-02-28T16:04:55.000,11.32,-13.74,0.0,0.0,20.5,46561,25.92,-14.0,0.975
2021-02-28T16:05:56.000,11.42,-13.6,0.0,0.0,20.5,46562,26.1,-14.0,0.974
2021-02-28T16:06:56.000,11.57,-13.14,0.0,0.0,20.5,46563,26.29,-14.0,0.974
2021-02-28T16:07:56.000,11.67,-13.24,0.0,0.0,20.5,46564,26.47,-15.0,0.974
2021-02-28T16:08:56.000,11.77,-13.07,0.0,0.0,20.5,46565,26.66,-15.0,0.974
2021-02-28T16:12:57.000,12.15,-12.92,0.0,0.0,20.5,46569,27.39,-16.0,0.974
2021-02-28T16:13:57.000,12.18,-12.59,0.0,0.0,20.5,46570,27.58,-16.0,0.974
2021-02-28T16:14:58.000,12.26,-12.43,0.0,0.0,20.5,46571,27.76,-16.0,0.974
2021-02-28T16:20:59.000,12.96,-11.5,0.0,0.0,20.5,46577,28.85,-17.0,0.974
2021-02-28T16:21:59.000,13.03,-11.32,0.0,0.0,20.5,46578,29.03,-17.0,0.974
2021-02-28T16:23:00.000,13.14,-11.12,0.0,0.0,20.5,46579,29.21,-18.0,0.974
2021-02-28T16:25:00.000,13.39,-10.87,0.0,0.0,20.5,46581,29.57,-18.0,0.974
2021-02-28T16:26:00.000,13.5,-10.72,0.0,0.0,20.5,46582,29.75,-18.0,0.974
2021-02-28T16:27:01.000,13.63,-10.5,0.0,0.0,20.5,46583,29.93,-18.0,0.974
2021-02-28T16:28:01.000,13.69,-10.45,0.0,0.0,20.5,46584,30.11,-19.0,0.974
2021-02-28T16:30:01.000,14.03,-9.88,0.0,0.0,20.5,46586,30.46,-19.0,0.974
2021-02-28T16:31:01.000,14.18,-9.96,0.0,0.0,20.5,46587,30.63,-19.0,0.974
2021-02-28T16:32:02.000,14.36,-9.61,0.0,0.0,20.5,46588,30.81,-19.0,0.974
2021-02-28T16:34:02.000,14.65,-9.36,0.0,0.0,20.5,46590,31.16,-20.0,0.974
2021-02-28T16:35:03.000,14.85,-9.24,0.0,0.0,20.5,46591,31.34,-20.0,0.974
2021-02-28T16:36:03.000,14.99,-9.31,0.0,0.0,20.5,46592,31.51,-20.0,0.974
2021-02-28T16:52:06.000,16.61,-8.01,0.0,0.0,20.5,46608,34.24,-23.0,0.973
2021-02-28T16:53:06.000,16.73,-8.15,0.0,0.0,20.5,46609,34.41,-23.0,0.973
2021-02-28T16:54:07.000,16.88,-7.8,0.0,0.0,20.5,46610,34.58,-24.0,0.973
2021-02-28T16:57:07.000,17.31,-7.58,0.0,0.0,20.5,46613,35.07,-24.0,0.973
2021-02-28T16:58:08.000,17.44,-7.96,0.0,0.0,20.5,46614,35.23,-24.0,0.973
2021-02-28T16:59:08.000,17.45,-7.98,0.0,0.0,20.5,46615,35.4,-25.0,0.973
2021-02-28T17:01:09.000,17.46,-8.21,0.0,0.0,20.5,46617,35.72,-25.0,0.973
2021-02-28T17:02:09.000,17.54,-7.72,0.0,0.0,20.5,46618,35.88,-25.0,0.973
2021-02-28T17:03:09.000,17.64,-7.77,0.0,0.0,20.5,46619,36.04,-25.0,0.973
2021-02-28T17:07:10.000,18.04,-7.84,0.0,0.0,20.5,46623,36.68,-26.0,0.973
2021-02-28T17:08:11.000,18.02,-8.23,0.0,0.0,20.5,46624,36.84,-26.0,0.973
2021-02-28T17:09:11.000,17.95,-7.87,0.0,0.0,20.5,46625,37.0,-26.0,0.973
2021-02-28T17:10:11.000,18.19,-6.74,0.0,0.0,20.5,46626,37.16,-27.0,0.973
2021-02-28T17:11:11.000,18.9,-5.12,0.0,0.0,20.5,46627,37.31,-27.0,0.973
2021-02-28T17:13:13.000,21.72,-3.3,0.0,0.0,20.5,46629,37.63,-27.0,0.973
2021-02-28T17:14:13.000,22.9,-3.29,0.0,0.0,20.5,46630,37.78,-27.0,0.973
2021-02-28T17:18:14.000,25.81,-4.53,0.0,0.0,20.5,46634,38.39,-28.0,0.973
2021-02-28T17:19:14.000,25.95,-4.85,0.0,0.0,20.5,46635,38.54,-28.0,0.973
2021-02-28T17:20:14.000,26.06,-5.23,0.0,0.0,20.5,46636,38.69,-28.0,0.973
2021-02-28T17:26:15.000,27.78,-5.37,0.0,0.0,20.5,46642,39.58,-30.0,0.972
2021-02-28T17:27:16.000,28.1,-4.56,0.0,0.0,20.5,46643,39.73,-30.0,0.972
2021-02-28T17:28:16.000,28.14,-4.98,0.0,0.0,20.5,46644,39.87,-30.0,0.972
2021-02-28T17:30:16.000,28.75,-4.02,0.0,0.0,20.5,46646,40.16,-30.0,0.972
2021-02-28T17:31:17.000,29.25,-3.54,0.0,0.0,20.5,46647,40.31,-30.0,0.972
2021-02-28T17:32:17.000,29.82,-2.93,0.0,0.0,20.5,46648,40.45,-31.0,0.972
2021-02-28T17:33:17.000,30.43,-3.06,0.0,0.0,20.5,46649,40.59,-31.0,0.972
2021-02-28T17:53:19.000,33.23,-5.37,0.0,0.0,20.5,46669,43.25,-34.0,0.972
2021-02-28T17:54:19.000,32.75,-5.15,0.0,0.0,20.5,46670,43.37,-35.0,0.972
2021-02-28T17:55:20.000,32.91,-3.7,0.0,0.0,20.5,46671,43.49,-35.0,0.972
2021-02-28T17:57:20.000,33.36,-3.61,0.0,0.0,20.5,46673,43.74,-35.0,0.972
2021-02-28T18:01:21.000,34.2,-3.99,0.0,0.0,20.5,46677,44.22,-36.0,0.972
2021-02-28T18:02:21.000,34.37,-3.81,0.0,0.0,20.5,46678,44.33,-36.0,0.972
2021-02-28T18:03:21.000,34.69,-3.37,0.0,0.0,20.5,46679,44.45,-36.0,0.972
2021-02-28T18:13:24.000,34.91,-4.28,0.0,0.0,20.5,46689,45.56,-38.0,0.971
2021-02-28T18:14:24.000,34.87,-4.51,0.0,0.0,20.5,46690,45.66,-38.0,0.971
2021-02-28T18:15:25.000,34.49,-5.49,0.0,0.0,20.5,46691,45.77,-38.0,0.971
2021-02-28T18:24:26.000,34.7,-4.71,0.0,0.0,20.5,46700,46.65,-40.0,0.971
2021-02-28T18:25:26.000,34.69,-4.79,0.0,0.0,20.5,46701,46.75,-40.0,0.971
2021-02-28T18:26:26.000,34.43,-5.64,0.0,0.0,20.5,46702,46.84,-40.0,0.971
2021-02-28T18:48:33.000,36.47,-5.15,0.0,0.0,20.5,46724,48.57,-43.0,0.97
2021-02-28T18:49:33.000,36.18,-6.38,0.0,0.0,20.5,46725,48.63,-43.0,0.97
2021-02-28T18:50:33.000,36.13,-4.47,0.0,0.0,20.5,46726,48.69,-44.0,0.97
2021-02-28T18:52:35.000,36.36,-5.31,0.0,0.0,20.5,46728,48.82,-44.0,0.97
2021-02-28T18:53:35.000,36.42,-4.91,0.0,0.0,20.5,46729,48.88,-44.0,0.97
2021-02-28T18:54:35.000,36.59,-4.56,0.0,0.0,20.5,46730,48.93,-44.0,0.97
2021-02-28T18:55:36.000,36.72,-4.94,0.0,0.0,20.5,46731,48.99,-44.0,0.97
2021-02-28T18:57:38.000,36.96,-5.28,0.0,0.0,20.5,46733,49.1,-45.0,0.97
2021-02-28T18:58:38.000,36.74,-6.12,0.0,0.0,20.5,46734,49.15,-45.0,0.97
2021-02-28T18:59:38.000,36.4,-7.0,0.0,0.0,20.5,46735,49.2,-45.0,0.97
2021-02-28T19:08:40.000,37.06,-5.61,0.0,0.0,20.5,46744,49.6,-46.0,0.97
2021-02-28T19:09:40.000,36.92,-6.03,0.0,0.0,20.5,46745,49.64,-46.0,0.97
2021-02-28T19:10:40.000,36.92,-5.67,0.0,0.0,20.5,46746,49.68,-46.0,0.97
2021-02-28T19:12:41.000,36.56,-6.65,0.0,0.0,20.5,46748,49.74,-47.0,0.97
2021-02-28T19:13:41.000,36.34,-6.47,0.0,0.0,20.5,46749,49.78,-47.0,0.97
2021-02-28T19:29:43.000,36.97,-5.78,0.0,0.0,20.5,46765,50.09,-49.0,0.969
2021-02-28T19:30:43.000,36.86,-6.83,0.0,0.0,20.5,46766,50.1,-49.0,0.969
2021-02-28T19:31:43.000,36.75,-6.57,0.0,0.0,20.5,46767,50.11,-49.0,0.969
2021-02-28T20:14:54.000,36.77,-6.71,0.0,0.0,20.5,46810,49.04,-53.0,0.968
2021-02-28T20:15:54.000,36.98,-7.01,0.0,0.0,20.5,46811,48.98,-53.0,0.968
2021-02-28T20:16:54.000,36.96,-8.75,0.0,0.0,20.5,46812,48.93,-53.0,0.968
2021-02-28T20:25:55.000,35.98,-9.25,0.0,0.0,20.5,46821,48.36,-53.0,0.968
2021-02-28T20:27:56.000,35.94,-7.71,0.0,0.0,20.5,46823,48.22,-54.0,0.968
2021-02-28T20:28:56.000,36.0,-9.38,0.0,0.0,20.5,46824,48.15,-54.0,0.968
2021-02-28T20:29:56.000,35.79,-9.39,0.0,0.0,20.5,46825,48.07,-54.0,0.968
2021-02-28T20:51:01.000,34.8,-9.37,0.0,0.0,20.5,46846,46.26,-54.0,0.967
2021-02-28T20:52:01.000,35.16,-9.77,0.0,0.0,20.5,46847,46.16,-54.0,0.967
2021-02-28T20:53:02.000,35.06,-10.22,0.0,0.0,20.5,46848,46.06,-54.0,0.967
2021-02-28T20:58:03.000,33.87,-12.54,0.0,0.0,20.5,46853,45.54,-54.0,0.967
2021-02-28T20:59:03.000,33.89,-9.69,0.0,0.0,20.5,46854,45.44,-54.0,0.967
2021-02-28T21:00:03.000,34.02,-11.46,0.0,0.0,20.5,46855,45.33,-54.0,0.967
2021-02-28T21:03:04.000,33.7,-11.69,0.0,0.0,20.5,46858,45.0,-54.0,0.967
2021-02-28T21:04:04.000,33.74,-10.91,0.0,0.0,20.5,46859,44.89,-54.0,0.967
2021-02-28T21:05:04.000,33.76,-11.83,0.0,0.0,20.5,46860,44.78,-54.0,0.967
2021-02-28T21:07:05.000,32.67,-11.65,0.0,0.0,20.5,46862,44.55,-54.0,0.966
2021-02-28T21:08:05.000,32.35,-12.98,0.0,0.0,20.5,46863,44.44,-54.0,0.966
2021-02-28T21:09:05.000,32.3,-11.6,0.0,0.0,20.5,46864,44.32,-54.0,0.966
2021-02-28T21:10:05.000,32.14,-12.34,0.0,0.0,20.5,46865,44.2,-54.0,0.966
2021-02-28T21:11:06.000,32.14,-10.56,0.0,0.0,20.5,46866,44.08,-54.0,0.966
2021-02-28T21:24:13.000,32.45,-11.77,0.0,0.0,20.5,46879,42.46,-54.0,0.966
2021-02-28T21:25:13.000,32.57,-11.45,0.0,0.0,20.5,46880,42.33,-54.0,0.966
2021-02-28T21:26:13.000,32.26,-13.38,0.0,0.0,20.5,46881,42.2,-54.0,0.966
2021-02-28T21:47:19.000,32.11,-10.16,0.0,0.0,20.5,46902,39.26,-53.0,0.965
2021-02-28T21:48:19.000,31.86,-12.11,0.0,0.0,20.5,46903,39.11,-53.0,0.965
2021-02-28T21:49:19.000,31.12,-13.46,0.0,0.0,20.5,46904,38.96,-53.0,0.965
2021-02-28T21:51:21.000,30.78,-10.75,0.0,0.0,20.5,46906,38.66,-53.0,0.965
2021-02-28T21:52:21.000,30.63,-10.82,0.0,0.0,20.5,46907,38.51,-53.0,0.965
2021-02-28T21:53:22.000,30.37,-11.49,0.0,0.0,20.5,46908,38.35,-52.0,0.965
2021-02-28T21:56:22.000,30.26,-9.99,0.0,0.0,20.5,46911,37.9,-52.0,0.965
2021-02-28T21:57:22.000,30.51,-9.68,0.0,0.0,20.5,46912,37.74,-52.0,0.965
2021-02-28T21:58:22.000,30.62,-10.59,0.0,0.0,20.5,46913,37.59,-52.0,0.965
2021-02-28T22:00:23.000,30.87,-11.04,0.0,0.0,20.5,46915,37.28,-52.0,0.965
2021-02-28T22:01:23.000,30.68,-11.63,0.0,0.0,20.5,46916,37.12,-52.0,0.965
2021-02-28T22:02:24.000,30.38,-12.63,0.0,0.0,20.5,46917,36.96,-52.0,0.965
2021-02-28T22:11:26.000,24.03,-13.59,0.0,0.0,20.5,46926,35.52,-51.0,0.965
2021-02-28T22:12:27.000,23.61,-14.52,0.0,0.0,20.5,46927,35.36,-51.0,0.965
2021-02-28T22:13:27.000,23.15,-13.88,0.0,0.0,20.5,46928,35.2,-51.0,0.965
2021-02-28T22:15:27.000,22.46,-14.15,0.0,0.0,20.5,46930,34.87,-51.0,0.964
2021-02-28T22:16:27.000,22.15,-14.12,0.0,0.0,20.5,46931,34.7,-51.0,0.964
2021-02-28T22:17:28.000,21.98,-13.31,0.0,0.0,20.5,46932,34.54,-50.0,0.964
2021-02-28T22:18:28.000,21.79,-13.49,0.0,0.0,20.5,46933,34.37,-50.0,0.964
2021-02-28T22:19:28.000,21.56,-13.6,0.0,0.0,20.5,46934,34.21,-50.0,0.964
2021-02-28T22:20:28.000,21.4,-13.02,0.0,0.0,20.5,46935,34.04,-50.0,0.964
2021-02-28T22:32:29.000,19.99,-12.57,0.0,0.0,20.5,46947,32.0,-49.0,0.964
2021-02-28T22:38:30.000,19.36,-13.76,0.0,0.0,20.5,46953,30.96,-48.0,0.964
2021-02-28T22:42:31.000,19.19,-12.13,0.0,0.0,20.5,46957,30.25,-48.0,0.964
2021-02-28T22:43:32.000,19.25,-11.88,0.0,0.0,20.5,46958,30.07,-48.0,0.964
2021-02-28T22:44:32.000,19.25,-12.6,0.0,0.0,20.5,46959,29.89,-47.0,0.964
2021-02-28T22:50:33.000,18.53,-13.47,0.0,0.0,20.5,46965,28.82,-47.0,0.963
2021-02-28T22:51:33.000,18.48,-12.91,0.0,0.0,20.5,46966,28.64,-47.0,0.963
2021-02-28T22:52:33.000,18.48,-12.66,0.0,0.0,20.5,46967,28.46,-46.0,0.963
2021-02-28T22:54:34.000,18.64,-12.22,0.0,0.0,20.5,46969,28.09,-46.0,0.963
2021-02-28T22:55:34.000,18.67,-12.2,0.0,0.0,20.5,46970,27.91,-46.0,0.963
2021-02-28T22:56:34.000,18.68,-12.39,0.0,0.0,20.5,46971,27.73,-46.0,0.963
2021-02-28T23:01:42.000,18.94,-11.73,0.0,0.0,20.5,46976,26.79,-45.0,0.963
2021-02-28T23:02:42.000,18.96,-11.9,0.0,0.0,20.5,46977,26.61,-45.0,0.963
2021-02-28T23:03:42.000,18.93,-11.9,0.0,0.0,20.5,46978,26.42,-45.0,0.963
2021-02-28T23:04:43.000,18.92,-11.32,0.0,0.0,20.5,46979,26.24,-45.0,0.963
2021-02-28T23:10:43.000,18.79,-11.07,0.0,0.0,20.5,46985,25.12,-44.0,0.963
2021-02-28T23:11:44.000,18.75,-10.79,0.0,0.0,20.5,46986,24.93,-44.0,0.963
2021-02-28T23:12:44.000,18.66,-10.89,0.0,0.0,20.5,46987,24.74,-44.0,0.963
2021-02-28T23:14:45.000,18.59,-11.17,0.0,0.0,20.5,46989,24.36,-43.0,0.963
2021-02-28T23:15:45.000,18.46,-11.57,0.0,0.0,20.5,46990,24.18,-43.0,0.963
2021-02-28T23:16:45.000,18.44,-11.01,0.0,0.0,20.5,46991,23.99,-43.0,0.963
2021-02-28T23:39:50.000,18.46,-5.42,0.0,0.0,20.5,47014,19.56,-40.0,0.962
2021-02-28T23:40:50.000,18.53,-5.34,0.0,0.0,20.5,47015,19.37,-39.0,0.962
2021-02-28T23:41:50.000,18.6,-5.14,0.0,0.0,20.5,47016,19.17,-39.0,0.962
2021-02-28T23:48:51.000,18.8,-3.99,0.0,0.0,20.5,47023,17.8,-38.0,0.962
2021-02-28T23:49:52.000,18.86,-4.41,0.0,0.0,20.5,47024,17.6,-38.0,0.962
2021-02-28T23:50:52.000,18.87,-5.95,0.0,0.0,20.5,47025,17.4,-38.0,0.962
2021-02-28T23:51:52.000,18.76,-7.36,0.0,0.0,20.5,47026,17.2,-38.0,0.962
2021-02-28T23:52:52.000,18.71,-8.34,0.0,0.0,20.5,47027,17.01,-37.0,0.962
2021-02-28T23:53:53.000,18.59,-9.57,0.0,0.0,20.5,47028,16.81,-37.0,0.962
2021-02-28T23:56:53.000,18.19,-11.09,0.0,0.0,20.5,47031,16.21,-37.0,0.961
2021-02-28T23:57:53.000,18.02,-11.34,0.0,0.0,20.5,47032,16.01,-37.0,0.961
2021-02-28T23:58:54.000,17.76,-11.19,0.0,0.0,20.5,47033,15.81,-36.0,0.961
