Downloads/jupyter/ECSV/stars19/stars19_2020-09.ecsv
# %ECSV 1.0
# ---
# datatype:
# - {name: time, datatype: string}
# - {name: Enclosure Temperature, unit: deg_C, datatype: float64}
# - {name: Sky Temperature, unit: deg_C, datatype: float64}
# - {name: Frequency, unit: Hz, datatype: float64}
# - {name: MSAS, unit: mag / arcsec2, datatype: float64}
# - {name: ZP, datatype: float64}
# - {name: Sequence Number, datatype: int64}
# - {name: Sun Alt, unit: deg, datatype: float64}
# - {name: Moon Alt, unit: deg, datatype: float64}
# - {name: Moon Illumination, datatype: float64}
# delimiter: ','
# meta: !!omap
# - ida:
#     Data supplier: {affiliation: null, observer: null}
#     Device type: TESS-W
#     Field of view: 17.0
#     Filters per channel: None
#     Instrument ID: stars19
#     License: ODbL 1.0 http://opendatacommons.org/licenses/odbl/summary/
#     Local timezone: America/Phoenix
#     Location name: {country: '- Tucson', place: Tucson, region: United States, sub_region: Arizona, town: Pima County}
#     Measurement direction per channel: {azimuth: 0.0, zenital: 0.0}
#     Moving / Fixed look direction: FIXED
#     Moving / Stationary position: STATIONARY
#     Number of channels: 1
#     Number of fields per line: 8
#     Number of header lines: 35
#     Position: {height: 0.0, latitude: 32.223877, longitude: -110.767532}
#     TESS MAC address: 18:FE:34:CF:EC:06
#     TESS cover offset value: 0.0
#     TESS firmware version: '1.0'
#     TESS zero point: 20.5
#     Time Synchronization: timestamp added by MQTT subscriber
#     URL: http://www.darksky.org/NSBM/sdf1.0.pdf
# - __serialized_columns__:
#     Enclosure Temperature:
#       __class__: astropy.units.quantity.Quantity
#       unit: &id001 !astropy.units.Unit {unit: deg_C}
#       value: !astropy.table.SerializedColumn {name: Enclosure Temperature}
#     Frequency:
#       __class__: astropy.units.quantity.Quantity
#       unit: !astropy.units.Unit {unit: Hz}
#       value: !astropy.table.SerializedColumn {name: Frequency}
#     MSAS:
#       __class__: astropy.units.quantity.Quantity
#       unit: !astropy.units.Unit {unit: mag / arcsec2}
#       value: !astropy.table.SerializedColumn {name: MSAS}
#     Moon Alt:
#       __class__: astropy.units.quantity.Quantity
#       unit: &id002 !astropy.units.Unit {unit: deg}
#       value: !astropy.table.SerializedColumn {name: Moon Alt}
#     Sky Temperature:
#       __class__: astropy.units.quantity.Quantity
#       unit: *id001
#       value: !astropy.table.SerializedColumn {name: Sky Temperature}
#     Sun Alt:
#       __class__: astropy.units.quantity.Quantity
#       unit: *id002
#       value: !astropy.table.SerializedColumn {name: Sun Alt}
#     time:
#       __class__: astropy.time.core.Time
#       format: isot
#       in_subfmt: '*'
#       out_subfmt: '*'
#       precision: 3
#       scale: utc
#       value: !astropy.table.SerializedColumn {name: time}
# schema: astropy-2.0
time,Enclosure Temperature,Sky Temperature,Frequency,MSAS,ZP,Sequence Number,Sun Alt,Moon Alt,Moon Illumination
[from data line 643]
2020-09-01T15:56:56.000,34.85,15.87,0.0,0.0,20.5,16639,36.54,-44.0,0.995
2020-09-01T15:57:56.000,34.97,16.3,0.0,0.0,20.5,16640,36.75,-45.0,0.995
2020-09-01T16:01:57.000,35.55,16.71,0.0,0.0,20.5,16644,37.56,-45.0,0.995
2020-09-01T16:02:57.000,35.57,16.35,0.0,0.0,20.5,16645,37.77,-46.0,0.995
2020-09-01T16:03:58.000,35.6,16.35,0.0,0.0,20.5,16646,37.97,-46.0,0.995
2020-09-01T16:05:58.000,35.6,16.74,0.0,0.0,20.5,16648,38.38,-46.0,0.995
2020-09-01T16:06:58.000,35.6,16.79,0.0,0.0,20.5,16649,38.58,-46.0,0.995
2020-09-01T16:07:58.000,35.65,16.86,0.0,0.0,20.5,16650,38.78,-46.0,0.995
2020-09-01T16:50:07.000,50.57,21.57,0.0,0.0,20.5,16692,47.07,-55.0,0.996
2020-09-01T16:51:07.000,50.83,22.24,0.0,0.0,20.5,16693,47.26,-55.0,0.996
2020-09-01T16:52:07.000,51.1,22.39,0.0,0.0,20.5,16694,47.45,-55.0,0.996
2020-09-01T16:54:07.000,51.67,23.08,0.0,0.0,20.5,16696,47.82,-55.0,0.996
2020-09-01T16:55:08.000,52.02,22.48,0.0,0.0,20.5,16697,48.02,-56.0,0.996
2020-09-01T16:56:08.000,52.12,22.26,0.0,0.0,20.5,16698,48.2,-56.0,0.996
2020-09-01T17:01:09.000,52.64,20.4,0.0,0.0,20.5,16703,49.14,-57.0,0.996
2020-09-01T17:02:09.000,52.14,22.24,0.0,0.0,20.5,16704,49.32,-57.0,0.996
2020-09-01T17:03:10.000,52.43,24.22,0.0,0.0,20.5,16705,49.51,-57.0,0.996
2020-09-01T17:05:10.000,52.38,23.97,0.0,0.0,20.5,16707,49.88,-57.0,0.996
2020-09-01T17:06:10.000,52.11,23.71,0.0,0.0,20.5,16708,50.06,-58.0,0.996
2020-09-01T17:07:11.000,51.79,23.51,0.0,0.0,20.5,16709,50.25,-58.0,0.996
2020-09-01T17:34:15.000,48.66,23.09,0.0,0.0,20.5,16736,54.99,-62.0,0.996
2020-09-01T17:35:15.000,49.62,22.78,0.0,0.0,20.5,16737,55.16,-63.0,0.996
2020-09-01T17:36:16.000,50.94,23.81,0.0,0.0,20.5,16738,55.32,-63.0,0.996
2020-09-01T17:39:17.000,51.01,21.05,0.0,0.0,20.5,16741,55.82,-63.0,0.996
2020-09-01T17:40:17.000,51.72,23.11,0.0,0.0,20.5,16742,55.98,-63.0,0.996
2020-09-01T17:44:18.000,53.81,22.66,0.0,0.0,20.5,16746,56.62,-64.0,0.996
2020-09-01T17:45:18.000,53.97,22.43,0.0,0.0,20.5,16747,56.78,-64.0,0.996
2020-09-01T17:46:18.000,54.35,23.26,0.0,0.0,20.5,16748,56.94,-64.0,0.996
2020-09-01T18:03:22.000,56.54,23.47,0.0,0.0,20.5,16765,59.48,-67.0,0.996
2020-09-01T18:04:22.000,56.77,23.56,0.0,0.0,20.5,16766,59.62,-67.0,0.996
2020-09-01T18:05:22.000,56.94,23.12,0.0,0.0,20.5,16767,59.76,-67.0,0.996
2020-09-01T18:08:23.000,57.05,22.48,0.0,0.0,20.5,16770,60.17,-68.0,0.996
2020-09-01T18:09:23.000,56.89,22.53,0.0,0.0,20.5,16771,60.3,-68.0,0.996
2020-09-01T18:10:23.000,56.6,21.77,0.0,0.0,20.5,16772,60.43,-68.0,0.996
2020-09-01T18:11:23.000,56.42,22.53,0.0,0.0,20.5,16773,60.56,-68.0,0.996
2020-09-01T18:16:24.000,56.48,22.76,0.0,0.0,20.5,16778,61.2,-69.0,0.996
2020-09-01T18:18:25.000,56.87,23.36,0.0,0.0,20.5,16780,61.45,-69.0,0.996
2020-09-01T18:19:25.000,57.04,23.11,0.0,0.0,20.5,16781,61.57,-69.0,0.996
2020-09-01T18:20:25.000,57.18,23.52,0.0,0.0,20.5,16782,61.69,-69.0,0.996
2020-09-01T18:27:26.000,54.73,23.95,0.0,0.0,20.5,16789,62.49,-70.0,0.996
2020-09-01T18:28:27.000,55.01,23.93,0.0,0.0,20.5,16790,62.6,-70.0,0.996
2020-09-01T18:29:27.000,55.6,24.76,0.0,0.0,20.5,16791,62.7,-70.0,0.996
2020-09-01T18:31:27.000,54.48,21.19,0.0,0.0,20.5,16793,62.91,-70.0,0.996
2020-09-01T18:32:27.000,53.61,20.2,0.0,0.0,20.5,16794,63.01,-70.0,0.996
2020-09-01T18:33:27.000,52.78,21.68,0.0,0.0,20.5,16795,63.11,-70.0,0.996
2020-09-01T18:34:27.000,53.57,24.52,0.0,0.0,20.5,16796,63.21,-70.0,0.996
2020-09-01T18:35:27.000,54.37,24.09,0.0,0.0,20.5,16797,63.31,-71.0,0.996
2020-09-01T18:37:28.000,55.64,23.95,0.0,0.0,20.5,16799,63.49,-71.0,0.996
2020-09-01T18:38:28.000,56.2,24.0,0.0,0.0,20.5,16800,63.59,-71.0,0.996
2020-09-01T18:39:28.000,56.74,24.23,0.0,0.0,20.5,16801,63.68,-71.0,0.996
2020-09-01T19:02:33.000,57.45,21.98,0.0,0.0,20.5,16824,65.22,-72.0,0.997
2020-09-01T19:03:33.000,57.57,22.44,0.0,0.0,20.5,16825,65.26,-72.0,0.997
2020-09-01T19:04:33.000,57.85,22.71,0.0,0.0,20.5,16826,65.3,-72.0,0.997
2020-09-01T19:06:33.000,58.2,22.23,0.0,0.0,20.5,16828,65.38,-72.0,0.997
2020-09-01T19:07:34.000,58.32,22.84,0.0,0.0,20.5,16829,65.41,-72.0,0.997
2020-09-01T19:08:34.000,58.5,22.78,0.0,0.0,20.5,16830,65.45,-72.0,0.997
2020-09-01T19:29:37.000,58.56,22.63,0.0,0.0,20.5,16851,65.62,-72.0,0.997
2020-09-01T19:30:37.000,58.14,21.06,0.0,0.0,20.5,16852,65.6,-72.0,0.997
2020-09-01T19:31:37.000,57.7,21.56,0.0,0.0,20.5,16853,65.58,-72.0,0.997
2020-09-01T19:35:38.000,58.07,23.31,0.0,0.0,20.5,16857,65.48,-71.0,0.997
2020-09-01T19:37:38.000,58.15,22.13,0.0,0.0,20.5,16859,65.42,-71.0,0.997
2020-09-01T19:38:38.000,57.99,22.09,0.0,0.0,20.5,16860,65.39,-71.0,0.997
2020-09-01T19:39:38.000,57.89,21.98,0.0,0.0,20.5,16861,65.35,-71.0,0.997
2020-09-01T20:05:45.000,57.31,20.49,0.0,0.0,20.5,16887,63.69,-68.0,0.997
2020-09-01T20:06:45.000,57.37,20.68,0.0,0.0,20.5,16888,63.6,-68.0,0.997
2020-09-01T20:07:45.000,57.5,21.63,0.0,0.0,20.5,16889,63.51,-68.0,0.997
2020-09-01T20:11:45.000,58.2,20.6,0.0,0.0,20.5,16893,63.13,-68.0,0.997
2020-09-01T20:12:45.000,57.92,20.76,0.0,0.0,20.5,16894,63.03,-68.0,0.997
2020-09-01T20:20:47.000,57.73,21.63,0.0,0.0,20.5,16902,62.18,-66.0,0.997
2020-09-01T20:21:47.000,57.85,21.1,0.0,0.0,20.5,16903,62.06,-66.0,0.997
2020-09-01T20:22:47.000,57.91,21.09,0.0,0.0,20.5,16904,61.95,-66.0,0.997
2020-09-01T20:24:47.000,58.03,21.07,0.0,0.0,20.5,16906,61.72,-66.0,0.997
2020-09-01T20:25:48.000,58.15,21.67,0.0,0.0,20.5,16907,61.59,-66.0,0.997
2020-09-01T20:26:48.000,58.05,20.01,0.0,0.0,20.5,16908,61.47,-66.0,0.997
2020-09-01T20:28:48.000,57.7,21.14,0.0,0.0,20.5,16910,61.23,-65.0,0.997
2020-09-01T20:29:48.000,57.78,20.99,0.0,0.0,20.5,16911,61.1,-65.0,0.997
2020-09-01T20:30:48.000,57.8,21.03,0.0,0.0,20.5,16912,60.98,-65.0,0.997
2020-09-01T20:47:56.000,57.11,20.92,0.0,0.0,20.5,16929,58.63,-62.0,0.997
2020-09-01T20:48:55.000,56.94,21.87,0.0,0.0,20.5,16930,58.49,-62.0,0.997
2020-09-01T20:49:56.000,56.75,21.79,0.0,0.0,20.5,16931,58.34,-62.0,0.997
2020-09-01T20:51:56.000,56.57,21.42,0.0,0.0,20.5,16933,58.04,-62.0,0.997
2020-09-01T20:52:56.000,56.02,20.46,0.0,0.0,20.5,16934,57.89,-61.0,0.997
2020-09-01T20:53:56.000,56.01,22.2,0.0,0.0,20.5,16935,57.74,-61.0,0.997
2020-09-01T20:58:57.000,56.39,21.57,0.0,0.0,20.5,16940,56.96,-60.0,0.997
2020-09-01T20:59:57.000,56.46,21.38,0.0,0.0,20.5,16941,56.81,-60.0,0.997
2020-09-01T21:00:57.000,56.13,20.31,0.0,0.0,20.5,16942,56.65,-60.0,0.997
2020-09-01T21:02:57.000,55.64,20.25,0.0,0.0,20.5,16944,56.33,-60.0,0.997
2020-09-01T21:04:58.000,55.56,20.62,0.0,0.0,20.5,16946,56.0,-59.0,0.997
2020-09-01T21:11:14.000,55.75,20.86,0.0,0.0,20.5,16952,54.98,-58.0,0.997
2020-09-01T21:12:14.000,55.68,19.96,0.0,0.0,20.5,16953,54.81,-58.0,0.997
2020-09-01T21:13:14.000,55.54,20.72,0.0,0.0,20.5,16954,54.64,-58.0,0.997
2020-09-01T21:15:36.000,55.88,20.77,0.0,0.0,20.5,16956,54.24,-57.0,0.997
2020-09-01T21:16:36.000,55.75,19.69,0.0,0.0,20.5,16957,54.07,-57.0,0.997
2020-09-01T21:17:36.000,55.44,19.06,0.0,0.0,20.5,16958,53.9,-57.0,0.997
2020-09-01T21:40:54.000,45.4,18.23,0.0,0.0,20.5,16981,49.76,-53.0,0.997
2020-09-01T21:41:54.000,45.14,17.75,0.0,0.0,20.5,16982,49.57,-52.0,0.997
2020-09-01T21:42:54.000,44.79,17.61,0.0,0.0,20.5,16983,49.39,-52.0,0.997
2020-09-01T21:44:54.000,44.23,18.33,0.0,0.0,20.5,16985,49.02,-52.0,0.997
2020-09-01T21:45:54.000,44.0,17.95,0.0,0.0,20.5,16986,48.83,-52.0,0.997
2020-09-01T21:46:55.000,43.63,17.51,0.0,0.0,20.5,16987,48.64,-52.0,0.997
2020-09-01T21:51:56.000,43.05,18.56,0.0,0.0,20.5,16992,47.7,-51.0,0.997
2020-09-01T21:52:56.000,42.85,18.32,0.0,0.0,20.5,16993,47.51,-50.0,0.997
2020-09-01T21:53:56.000,42.71,18.58,0.0,0.0,20.5,16994,47.32,-50.0,0.997
2020-09-01T21:55:56.000,42.54,19.06,0.0,0.0,20.5,16996,46.94,-50.0,0.997
2020-09-01T21:57:57.000,42.58,19.25,0.0,0.0,20.5,16998,46.56,-49.0,0.997
2020-09-01T21:58:57.000,42.45,18.8,0.0,0.0,20.5,16999,46.36,-49.0,0.997
2020-09-01T21:59:57.000,42.36,18.48,0.0,0.0,20.5,17000,46.17,-49.0,0.997
2020-09-01T22:26:02.000,41.78,18.81,0.0,0.0,20.5,17026,41.06,-44.0,0.997
2020-09-01T22:27:02.000,41.76,18.8,0.0,0.0,20.5,17027,40.86,-44.0,0.998
2020-09-01T22:28:05.000,41.73,18.61,0.0,0.0,20.5,17028,40.65,-43.0,0.998
2020-09-01T22:31:05.000,41.66,18.83,0.0,0.0,20.5,17031,40.05,-43.0,0.998
2020-09-01T22:34:06.000,41.59,18.63,0.0,0.0,20.5,17034,39.45,-42.0,0.998
2020-09-01T22:35:06.000,41.58,18.79,0.0,0.0,20.5,17035,39.25,-42.0,0.998
2020-09-01T22:36:06.000,41.59,18.75,0.0,0.0,20.5,17036,39.04,-42.0,0.998
2020-09-01T22:43:08.000,41.21,17.87,0.0,0.0,20.5,17043,37.62,-40.0,0.998
2020-09-01T22:44:08.000,41.13,18.4,0.0,0.0,20.5,17044,37.42,-40.0,0.998
2020-09-01T22:45:08.000,41.08,18.35,0.0,0.0,20.5,17045,37.21,-40.0,0.998
2020-09-01T22:52:10.000,40.77,18.11,0.0,0.0,20.5,17052,35.78,-39.0,0.998
2020-09-01T22:53:10.000,40.74,18.52,0.0,0.0,20.5,17053,35.57,-38.0,0.998
2020-09-01T22:54:10.000,40.7,18.54,0.0,0.0,20.5,17054,35.37,-38.0,0.998
2020-09-01T22:55:10.000,40.72,18.49,0.0,0.0,20.5,17055,35.16,-38.0,0.998
2020-09-01T22:57:10.000,40.65,18.38,0.0,0.0,20.5,17057,34.75,-38.0,0.998
2020-09-01T22:58:11.000,40.62,18.51,0.0,0.0,20.5,17058,34.54,-37.0,0.998
2020-09-01T22:59:11.000,40.63,18.57,0.0,0.0,20.5,17059,34.34,-37.0,0.998
2020-09-01T23:30:16.000,39.48,18.15,0.0,0.0,20.5,17090,27.88,-31.0,0.998
2020-09-01T23:31:16.000,39.54,18.31,0.0,0.0,20.5,17091,27.67,-31.0,0.998
2020-09-01T23:32:16.000,39.56,18.52,0.0,0.0,20.5,17092,27.47,-30.0,0.998
2020-09-01T23:47:20.000,39.25,18.24,0.0,0.0,20.5,17107,24.3,-27.0,0.998
2020-09-01T23:48:20.000,39.16,18.26,0.0,0.0,20.5,17108,24.09,-27.0,0.998
2020-09-01T23:49:20.000,39.05,17.85,0.0,0.0,20.5,17109,23.88,-27.0,0.998
2020-09-02T00:02:22.000,38.95,18.22,0.0,0.0,20.5,17122,21.13,-24.0,0.998
2020-09-02T00:03:23.000,38.86,17.93,0.0,0.0,20.5,17123,20.92,-24.0,0.998
2020-09-02T00:04:24.000,38.79,18.05,0.0,0.0,20.5,17124,20.7,-24.0,0.998
2020-09-02T00:07:24.000,38.71,18.26,0.0,0.0,20.5,17127,20.07,-23.0,0.998
2020-09-02T00:08:24.000,38.72,18.2,0.0,0.0,20.5,17128,19.86,-23.0,0.998
2020-09-02T00:09:24.000,38.71,18.14,0.0,0.0,20.5,17129,19.65,-23.0,0.998
2020-09-02T00:11:25.000,38.62,18.12,0.0,0.0,20.5,17131,19.22,-22.0,0.998
2020-09-02T00:12:25.000,38.56,18.06,0.0,0.0,20.5,17132,19.01,-22.0,0.998
2020-09-02T00:13:25.000,38.5,18.17,0.0,0.0,20.5,17133,18.8,-22.0,0.998
2020-09-02T00:16:26.000,38.42,18.59,0.0,0.0,20.5,17136,18.16,-21.0,0.998
2020-09-02T00:20:27.000,38.23,18.11,0.0,0.0,20.5,17140,17.31,-21.0,0.998
2020-09-02T00:21:26.000,38.19,18.11,0.0,0.0,20.5,17141,17.1,-20.0,0.998
2020-09-02T00:22:27.000,38.2,18.18,0.0,0.0,20.5,17142,16.89,-20.0,0.998
2020-09-02T00:24:27.000,38.22,18.14,0.0,0.0,20.5,17144,16.46,-20.0,0.998
2020-09-02T00:26:28.000,38.2,18.1,0.0,0.0,20.5,17146,16.04,-19.0,0.998
2020-09-02T00:27:27.000,38.14,17.87,0.0,0.0,20.5,17147,15.83,-19.0,0.998
2020-09-02T00:28:28.000,38.15,18.1,0.0,0.0,20.5,17148,15.61,-19.0,0.998
2020-09-02T00:29:28.000,38.15,17.97,0.0,0.0,20.5,17149,15.4,-19.0,0.998
2020-09-02T00:31:28.000,38.02,18.0,0.0,0.0,20.5,17151,14.98,-18.0,0.998
2020-09-02T00:34:29.000,38.03,18.16,0.0,0.0,20.5,17154,14.34,-18.0,0.998
2020-09-02T00:35:29.000,37.92,17.84,0.0,0.0,20.5,17155,14.13,-17.0,0.998
2020-09-02T00:36:30.000,37.82,17.96,0.0,0.0,20.5,17156,13.91,-17.0,0.998
2020-09-02T00:40:30.000,37.63,17.85,0.0,0.0,20.5,17160,13.07,-16.0,0.998
2020-09-02T00:41:31.000,37.52,17.47,0.0,0.0,20.5,17161,12.85,-16.0,0.998
2020-09-02T00:42:32.000,37.36,17.35,0.0,0.0,20.5,17162,12.64,-16.0,0.998
2020-09-02T00:49:33.000,36.71,17.43,0.0,0.0,20.5,17169,11.15,-15.0,0.998
2020-09-02T00:50:33.000,36.66,17.77,0.0,0.0,20.5,17170,10.94,-14.0,0.998
2020-09-02T00:51:33.000,36.68,18.58,0.0,0.0,20.5,17171,10.73,-14.0,0.998
2020-09-02T01:07:35.000,36.51,20.82,0.0,0.0,20.5,17187,7.34,-11.0,0.998
2020-09-02T01:08:36.000,36.45,20.45,0.0,0.0,20.5,17188,7.13,-11.0,0.998
2020-09-02T01:09:36.000,36.35,19.84,0.0,0.0,20.5,17189,6.92,-10.0,0.998
2020-09-02T01:11:36.000,36.26,19.12,0.0,0.0,20.5,17191,6.49,-10.0,0.998
2020-09-02T01:12:36.000,36.18,18.74,0.0,0.0,20.5,17192,6.28,-10.0,0.998
2020-09-02T01:13:37.000,36.16,18.6,0.0,0.0,20.5,17193,6.07,-10.0,0.998
2020-09-02T01:14:36.000,36.13,18.29,0.0,0.0,20.5,17194,5.86,-9.0,0.998
2020-09-02T01:15:37.000,36.06,18.21,0.0,0.0,20.5,17195,5.65,-9.0,0.998
2020-09-02T01:17:37.000,35.97,17.86,0.0,0.0,20.5,17197,5.23,-9.0,0.998
2020-09-02T01:18:37.000,35.98,17.61,0.0,0.0,20.5,17198,5.02,-9.0,0.998
2020-09-02T01:19:37.000,35.9,16.9,0.0,0.0,20.5,17199,4.81,-8.0,0.998
2020-09-02T01:20:37.000,35.83,16.69,0.0,0.0,20.5,17200,4.6,-8.0,0.998
2020-09-02T01:21:37.000,35.71,16.28,0.0,0.0,20.5,17201,4.38,-8.0,0.998
2020-09-02T01:22:38.000,35.61,16.15,0.0,0.0,20.5,17202,4.17,-8.0,0.998
2020-09-02T01:23:38.000,35.51,16.23,0.27,0.09,20.5,17203,3.96,-8.0,0.998
2020-09-02T01:24:38.000,35.47,16.19,0.0,0.0,20.5,17204,3.75,-7.0,0.998
2020-09-02T01:28:39.000,35.15,16.03,0.17,0.2,20.5,17208,2.91,-7.0,0.998
2020-09-02T01:29:39.000,35.04,15.87,0.0,0.0,20.5,17209,2.7,-6.0,0.998
2020-09-02T01:30:39.000,34.94,15.85,0.0,0.0,20.5,17210,2.49,-6.0,0.998
2020-09-02T01:31:39.000,34.87,15.88,0.0,0.0,20.5,17211,2.28,-6.0,0.998
2020-09-02T01:35:40.000,34.72,15.84,0.0,0.0,20.5,17215,1.44,-5.0,0.998
2020-09-02T01:36:40.000,34.68,15.82,0.0,0.0,20.5,17216,1.23,-5.0,0.998
2020-09-02T01:37:40.000,34.6,15.69,0.0,0.0,20.5,17217,1.02,-5.0,0.998
2020-09-02T01:39:41.000,34.58,15.71,0.0,0.0,20.5,17219,0.59,-4.0,0.998
2020-09-02T01:45:41.000,34.34,15.54,0.0,0.0,20.5,17225,-0.66,-3.0,0.998
2020-09-02T01:46:41.000,34.28,15.24,0.0,0.0,20.5,17226,-0.87,-3.0,0.998
2020-09-02T01:50:42.000,33.99,15.03,58418.29,8.46,20.5,17230,-1.7,-2.0,0.998
2020-09-02T01:52:42.000,33.96,15.15,43876.87,8.78,20.5,17232,-2.12,-2.0,0.998
2020-09-02T01:53:43.000,33.93,15.05,37603.39,8.94,20.5,17233,-2.33,-2.0,0.998
2020-09-02T01:54:43.000,33.88,14.97,31964.22,9.12,20.5,17234,-2.54,-1.0,0.998
2020-09-02T01:55:43.000,33.85,15.01,26641.17,9.41,20.5,17235,-2.75,-1.0,0.998
2020-09-02T01:56:43.000,33.82,14.97,22514.36,9.5,20.5,17236,-2.96,-1.0,0.998
2020-09-02T01:57:43.000,33.78,14.87,18649.55,9.71,20.5,17237,-3.16,-1.0,0.998
2020-09-02T01:58:43.000,33.72,14.84,15309.37,9.92,20.5,17238,-3.37,-1.0,0.998
2020-09-02T01:59:43.000,33.72,14.95,12412.18,10.15,20.5,17239,-3.58,-0.0,0.998
2020-09-02T02:00:43.000,33.72,14.81,9946.52,10.39,20.5,17240,-3.79,-0.0,0.998
2020-09-02T02:01:43.000,33.68,14.68,7891.24,10.64,20.5,17241,-3.99,0.0,0.998
2020-09-02T02:02:43.000,33.67,14.71,6203.82,10.9,20.5,17242,-4.2,0.0,0.998
2020-09-02T02:03:44.000,33.64,14.56,4841.93,11.17,20.5,17243,-4.41,0.0,0.998
2020-09-02T02:04:44.000,33.61,14.54,3747.04,11.45,20.5,17244,-4.62,1.0,0.998
2020-09-02T02:05:44.000,33.56,14.42,2881.33,11.73,20.5,17245,-4.82,1.0,0.998
2020-09-02T02:06:45.000,33.53,14.28,2209.82,12.02,20.5,17246,-5.03,1.0,0.998
2020-09-02T02:07:45.000,33.48,14.23,1696.11,12.31,20.5,17247,-5.24,1.0,0.998
2020-09-02T02:08:45.000,33.46,14.18,1302.49,12.6,20.5,17248,-5.45,1.0,0.998
2020-09-02T02:09:45.000,33.42,14.13,1000.09,12.88,20.5,17249,-5.65,2.0,0.998
2020-09-02T02:10:45.000,33.4,14.2,768.8,13.17,20.5,17250,-5.86,2.0,0.998
2020-09-02T02:11:46.000,33.43,14.22,591.12,13.45,20.5,17251,-6.07,2.0,0.998
2020-09-02T02:12:46.000,33.43,14.15,454.93,13.74,20.5,17252,-6.28,2.0,0.998
2020-09-02T02:13:46.000,33.41,14.12,350.76,14.02,20.5,17253,-6.48,2.0,0.998
2020-09-02T02:14:46.000,33.43,13.96,271.51,14.3,20.5,17254,-6.69,3.0,0.998
2020-09-02T02:15:46.000,33.36,13.71,211.17,14.57,20.5,17255,-6.89,3.0,0.998
2020-09-02T02:18:47.000,33.25,13.54,101.68,15.36,20.5,17258,-7.51,3.0,0.998
2020-09-02T02:24:47.000,33.15,13.56,29.72,16.7,20.5,17264,-8.74,5.0,0.998
2020-09-02T02:25:48.000,33.13,13.42,25.1,16.88,20.5,17265,-8.95,5.0,0.998
2020-09-02T02:26:48.000,33.11,13.46,21.2,17.07,20.5,17266,-9.15,5.0,0.998
2020-09-02T02:27:48.000,33.11,13.47,18.0,17.24,20.5,17267,-9.36,5.0,0.998
2020-09-02T02:28:48.000,33.11,13.46,15.55,17.4,20.5,17268,-9.56,5.0,0.998
2020-09-02T02:29:48.000,33.08,13.31,13.58,17.55,20.5,17269,-9.77,6.0,0.998
2020-09-02T02:33:49.000,32.96,13.47,8.18,18.1,20.5,17273,-10.58,6.0,0.998
2020-09-02T02:34:50.000,32.99,13.54,7.38,18.21,20.5,17274,-10.79,7.0,0.998
