Downloads/jupyter/ECSV/stars19/stars19_2020-03.ecsv
# %ECSV 1.0
# ---
# datatype:
# - {name: time, datatype: string}
# - {name: Enclosure Temperature, unit: deg_C, datatype: float64}
# - {name: Sky Temperature, unit: deg_C, datatype: float64}
# - {name: Frequency, unit: Hz, datatype: float64}
# - {name: MSAS, unit: mag / arcsec2, datatype: float64}
# - {name: ZP, datatype: float64}
# - {name: Sequence Number, datatype: int64}
# - {name: Sun Alt, unit: deg, datatype: float64}
# - {name: Moon Alt, unit: deg, datatype: float64}
# - {name: Moon Illumination, datatype: float64}
# delimiter: ','
# meta: !!omap
# - ida:
#     Data supplier: {affiliation: null, observer: null}
#     Device type: TESS-W
#     Field of view: 17.0
#     Filters per channel: None
#     Instrument ID: stars19
#     License: ODbL 1.0 http://opendatacommons.org/licenses/odbl/summary/
#     Local timezone: America/Phoenix
#     Location name: {country: '- Tucson', place: Tucson, region: United States, sub_region: Arizona, town: Pima County}
#     Measurement direction per channel: {azimuth: 0.0, zenital: 0.0}
#     Moving / Fixed look direction: FIXED
#     Moving / Stationary position: STATIONARY
#     Number of channels: 1
#     Number of fields per line: 8
#     Number of header lines: 35
#     Position: {height: 0.0, latitude: 32.223877, longitude: -110.767532}
#     TESS MAC address: 18:FE:34:CF:EC:06
#     TESS cover offset value: 0.0
#     TESS firmware version: '1.0'
#     TESS zero point: 20.5
#     Time Synchronization: timestamp added by MQTT subscriber
#     URL: http://www.darksky.org/NSBM/sdf1.0.pdf
# - __serialized_columns__:
#     Enclosure Temperature:
#       __class__: astropy.units.quantity.Quantity
#       unit: &id001 !astropy.units.Unit {unit: deg_C}
#       value: !astropy.table.SerializedColumn {name: Enclosure Temperature}
#     Frequency:
#       __class__: astropy.units.quantity.Quantity
#       unit: !astropy.units.Unit {unit: Hz}
#       value: !astropy.table.SerializedColumn {name: Frequency}
#     MSAS:
#       __class__: astropy.units.quantity.Quantity
#       unit: !astropy.units.Unit {unit: mag / arcsec2}
#       value: !astropy.table.SerializedColumn {name: MSAS}
#     Moon Alt:
#       __class__: astropy.units.quantity.Quantity
#       unit: &id002 !astropy.units.Unit {unit: deg}
#       value: !astropy.table.SerializedColumn {name: Moon Alt}
#     Sky Temperature:
#       __class__: astropy.units.quantity.Quantity
#       unit: *id001
#       value: !astropy.table.SerializedColumn {name: Sky Temperature}
#     Sun Alt:
#       __class__: astropy.units.quantity.Quantity
#       unit: *id002
#       value: !astropy.table.SerializedColumn {name: Sun Alt}
#     time:
#       __class__: astropy.time.core.Time
#       format: isot
#       in_subfmt: '*'
#       out_subfmt: '*'
#       precision: 3
#       scale: utc
#       value: !astropy.table.SerializedColumn {name: time}
# schema: astropy-2.0
time,Enclosure Temperature,Sky Temperature,Frequency,MSAS,ZP,Sequence Number,Sun Alt,Moon Alt,Moon Illumination
[from data line 17386]
2020-03-21T21:08:46.000,47.71,4.45,0.0,0.0,20.5,346123,50.79,24.0,0.058
2020-03-21T21:16:47.000,46.98,3.17,0.0,0.0,20.5,346131,49.65,22.0,0.058
2020-03-21T21:17:48.000,46.89,3.34,0.0,0.0,20.5,346132,49.5,22.0,0.057
2020-03-21T21:18:48.000,46.93,3.49,0.0,0.0,20.5,346133,49.35,22.0,0.057
2020-03-21T21:20:49.000,46.74,3.49,0.0,0.0,20.5,346135,49.05,22.0,0.057
2020-03-21T21:21:49.000,46.79,3.29,0.0,0.0,20.5,346136,48.9,22.0,0.057
2020-03-21T21:22:49.000,46.47,2.48,0.0,0.0,20.5,346137,48.75,21.0,0.057
2020-03-21T21:24:50.000,46.77,4.21,0.0,0.0,20.5,346139,48.44,21.0,0.057
2020-03-21T21:25:50.000,47.06,4.18,0.0,0.0,20.5,346140,48.29,21.0,0.057
2020-03-21T21:26:51.000,47.21,3.6,0.0,0.0,20.5,346141,48.13,21.0,0.057
2020-03-21T22:02:00.000,33.64,-0.1,0.0,0.0,20.5,346176,42.3,15.0,0.056
2020-03-21T22:03:00.000,33.25,-0.53,0.0,0.0,20.5,346177,42.12,14.0,0.056
2020-03-21T22:04:00.000,32.88,-0.39,0.0,0.0,20.5,346178,41.95,14.0,0.056
2020-03-21T22:06:01.000,32.47,0.38,0.0,0.0,20.5,346180,41.59,14.0,0.056
2020-03-21T22:07:02.000,32.28,-0.25,0.0,0.0,20.5,346181,41.41,14.0,0.056
2020-03-21T22:09:02.000,31.87,0.32,0.0,0.0,20.5,346183,41.05,13.0,0.056
2020-03-21T22:10:02.000,31.75,0.6,0.0,0.0,20.5,346184,40.87,13.0,0.056
2020-03-21T22:18:04.000,30.8,0.58,0.0,0.0,20.5,346192,39.41,12.0,0.056
2020-03-21T22:19:04.000,30.8,0.61,0.0,0.0,20.5,346193,39.23,11.0,0.056
2020-03-21T22:20:05.000,30.75,0.59,0.0,0.0,20.5,346194,39.04,11.0,0.056
2020-03-21T22:25:07.000,30.44,-0.01,0.0,0.0,20.5,346199,38.11,10.0,0.055
2020-03-21T22:26:07.000,30.36,0.26,0.0,0.0,20.5,346200,37.93,10.0,0.055
2020-03-21T22:27:07.000,30.34,0.32,0.0,0.0,20.5,346201,37.74,10.0,0.055
2020-03-21T22:29:08.000,30.19,-0.1,0.0,0.0,20.5,346203,37.36,10.0,0.055
2020-03-21T22:30:09.000,30.17,0.38,0.0,0.0,20.5,346204,37.17,9.0,0.055
2020-03-21T22:31:09.000,30.15,0.39,0.0,0.0,20.5,346205,36.99,9.0,0.055
2020-03-21T22:33:09.000,30.17,0.45,0.0,0.0,20.5,346207,36.61,9.0,0.055
2020-03-21T22:34:09.000,30.12,0.32,0.0,0.0,20.5,346208,36.42,9.0,0.055
2020-03-21T22:35:10.000,30.05,0.36,0.0,0.0,20.5,346209,36.23,8.0,0.055
2020-03-21T22:37:10.000,30.03,0.35,0.0,0.0,20.5,346211,35.85,8.0,0.055
2020-03-21T22:38:11.000,30.01,0.34,0.0,0.0,20.5,346212,35.65,8.0,0.055
2020-03-21T22:39:11.000,30.01,0.51,0.0,0.0,20.5,346213,35.46,8.0,0.055
2020-03-21T22:41:11.000,29.95,0.18,0.0,0.0,20.5,346215,35.08,7.0,0.055
2020-03-21T22:42:11.000,29.97,0.39,0.0,0.0,20.5,346216,34.89,7.0,0.055
2020-03-21T22:43:12.000,29.93,0.08,0.0,0.0,20.5,346217,34.7,7.0,0.055
2020-03-21T23:34:28.000,27.93,0.39,0.0,0.0,20.5,346268,24.53,-3.0,0.053
2020-03-21T23:35:28.000,27.9,0.05,0.0,0.0,20.5,346269,24.33,-3.0,0.053
2020-03-21T23:36:29.000,27.86,0.21,0.0,0.0,20.5,346270,24.12,-3.0,0.053
2020-03-21T23:45:29.000,27.81,0.06,0.0,0.0,20.5,346279,22.28,-5.0,0.053
2020-03-21T23:46:30.000,27.77,-0.06,0.0,0.0,20.5,346280,22.07,-5.0,0.053
2020-03-21T23:47:31.000,27.7,0.0,0.0,0.0,20.5,346281,21.86,-6.0,0.053
2020-03-21T23:51:31.000,27.73,0.39,0.0,0.0,20.5,346285,21.04,-6.0,0.053
2020-03-21T23:52:32.000,27.74,0.55,0.0,0.0,20.5,346286,20.83,-7.0,0.053
2020-03-21T23:53:32.000,27.83,0.77,0.0,0.0,20.5,346287,20.62,-7.0,0.053
2020-03-21T23:57:33.000,27.86,0.8,0.0,0.0,20.5,346291,19.79,-8.0,0.053
2020-03-21T23:58:33.000,27.86,0.76,0.0,0.0,20.5,346292,19.59,-8.0,0.053
2020-03-21T23:59:34.000,27.88,0.89,0.0,0.0,20.5,346293,19.38,-8.0,0.053
2020-03-22T00:07:37.000,27.34,-0.08,0.0,0.0,20.5,346301,17.71,-10.0,0.052
2020-03-22T00:08:37.000,27.34,0.45,0.0,0.0,20.5,346302,17.5,-10.0,0.052
2020-03-22T00:09:38.000,27.34,0.26,0.0,0.0,20.5,346303,17.29,-10.0,0.052
2020-03-22T00:11:39.000,27.22,0.02,0.0,0.0,20.5,346305,16.87,-10.0,0.052
2020-03-22T00:15:40.000,26.89,-0.2,0.0,0.0,20.5,346309,16.03,-11.0,0.052
2020-03-22T00:17:41.000,26.73,-0.26,0.0,0.0,20.5,346311,15.61,-12.0,0.052
2020-03-22T00:18:41.000,26.74,-0.04,0.0,0.0,20.5,346312,15.4,-12.0,0.052
2020-03-22T00:19:41.000,26.69,-0.28,0.0,0.0,20.5,346313,15.2,-12.0,0.052
2020-03-22T00:24:43.000,26.55,-0.33,0.0,0.0,20.5,346318,14.14,-13.0,0.052
2020-03-22T00:25:43.000,26.54,-0.18,0.0,0.0,20.5,346319,13.93,-13.0,0.052
2020-03-22T00:26:43.000,26.53,-0.36,0.0,0.0,20.5,346320,13.73,-13.0,0.052
2020-03-22T00:28:44.000,26.47,-0.23,0.0,0.0,20.5,346322,13.3,-14.0,0.052
2020-03-22T00:29:44.000,26.47,-0.23,0.0,0.0,20.5,346323,13.09,-14.0,0.052
2020-03-22T00:30:45.000,26.42,-0.49,0.0,0.0,20.5,346324,12.88,-14.0,0.052
2020-03-22T00:34:45.000,26.31,-0.31,0.0,0.0,20.5,346328,12.04,-15.0,0.052
2020-03-22T00:35:46.000,26.31,-0.33,0.0,0.0,20.5,346329,11.83,-15.0,0.052
2020-03-22T00:36:46.000,26.3,-0.47,0.0,0.0,20.5,346330,11.62,-15.0,0.052
2020-03-22T00:40:47.000,26.1,-0.78,0.0,0.0,20.5,346334,10.77,-16.0,0.051
2020-03-22T00:41:47.000,26.05,-0.75,0.0,0.0,20.5,346335,10.56,-16.0,0.051
2020-03-22T00:42:48.000,26.02,-0.71,0.0,0.0,20.5,346336,10.35,-17.0,0.051
2020-03-22T00:44:48.000,25.92,-0.81,0.0,0.0,20.5,346338,9.93,-17.0,0.051
2020-03-22T00:45:48.000,25.87,-0.98,0.0,0.0,20.5,346339,9.72,-17.0,0.051
2020-03-22T00:46:48.000,25.74,-1.24,0.0,0.0,20.5,346340,9.51,-17.0,0.051
2020-03-22T00:49:49.000,25.55,-1.34,0.0,0.0,20.5,346343,8.87,-18.0,0.051
2020-03-22T00:50:50.000,25.45,-1.23,0.0,0.0,20.5,346344,8.66,-18.0,0.051
2020-03-22T00:51:50.000,25.38,-1.18,0.0,0.0,20.5,346345,8.45,-18.0,0.051
2020-03-22T00:55:51.000,25.15,-1.16,0.0,0.0,20.5,346349,7.6,-19.0,0.051
2020-03-22T00:58:51.000,24.94,-1.28,0.0,0.0,20.5,346352,6.97,-20.0,0.051
2020-03-22T00:59:52.000,24.88,-1.47,0.0,0.0,20.5,346353,6.75,-20.0,0.051
2020-03-22T01:00:52.000,24.8,-1.45,0.0,0.0,20.5,346354,6.54,-20.0,0.051
2020-03-22T01:02:53.000,24.64,-1.64,0.0,0.0,20.5,346356,6.12,-21.0,0.051
2020-03-22T01:03:53.000,24.59,-1.59,0.0,0.0,20.5,346357,5.91,-21.0,0.051
2020-03-22T01:04:53.000,24.56,-1.56,0.0,0.0,20.5,346358,5.69,-21.0,0.051
2020-03-22T01:05:54.000,24.5,-1.65,0.24,0.09,20.5,346359,5.48,-21.0,0.051
2020-03-22T01:09:01.000,24.31,-1.71,0.0,0.0,20.5,346362,4.82,-22.0,0.051
2020-03-22T01:12:01.000,24.19,-1.82,0.0,0.0,20.5,346365,4.19,-23.0,0.051
2020-03-22T01:13:02.000,24.16,-1.8,0.0,0.0,20.5,346366,3.97,-23.0,0.051
2020-03-22T01:14:02.000,24.09,-2.0,0.0,0.0,20.5,346367,3.76,-23.0,0.051
2020-03-22T01:16:03.000,24.02,-1.98,0.0,0.0,20.5,346369,3.34,-23.0,0.05
2020-03-22T01:17:03.000,23.95,-2.17,0.0,0.0,20.5,346370,3.12,-24.0,0.05
2020-03-22T01:18:04.000,23.89,-2.22,0.0,0.0,20.5,346371,2.91,-24.0,0.05
2020-03-22T01:21:05.000,23.68,-2.42,0.0,0.0,20.5,346374,2.27,-24.0,0.05
2020-03-22T01:22:05.000,23.62,-2.42,0.0,0.0,20.5,346375,2.06,-25.0,0.05
2020-03-22T01:23:05.000,23.59,-2.46,0.0,0.0,20.5,346376,1.85,-25.0,0.05
2020-03-22T01:24:05.000,23.53,-2.58,0.0,0.0,20.5,346377,1.64,-25.0,0.05
2020-03-22T01:25:06.000,23.46,-2.76,0.0,0.0,20.5,346378,1.42,-25.0,0.05
2020-03-22T01:27:06.000,23.28,-2.78,0.0,0.0,20.5,346380,1.0,-26.0,0.05
2020-03-22T01:29:07.000,23.02,-3.21,0.0,0.0,20.5,346382,0.57,-26.0,0.05
2020-03-22T01:30:15.000,23.0,-2.92,0.53,0.18,20.5,346383,0.33,-26.0,0.05
2020-03-22T01:31:16.000,22.88,-3.31,0.0,0.0,20.5,346384,0.12,-26.0,0.05
2020-03-22T01:32:16.000,22.74,-3.25,0.0,0.0,20.5,346385,-0.09,-27.0,0.05
2020-03-22T01:33:16.000,22.68,-3.15,0.0,0.0,20.5,346386,-0.3,-27.0,0.05
2020-03-22T01:34:16.000,22.65,-3.11,0.0,0.0,20.5,346387,-0.51,-27.0,0.05
2020-03-22T01:35:17.000,22.59,-3.16,0.0,0.0,20.5,346388,-0.73,-27.0,0.05
2020-03-22T01:36:18.000,22.55,-3.25,37082.22,4.94,20.5,346389,-0.94,-27.0,0.05
2020-03-22T01:37:19.000,22.5,-3.22,57334.86,8.48,20.5,346390,-1.16,-28.0,0.05
2020-03-22T01:38:19.000,22.46,-3.29,50287.73,8.63,20.5,346391,-1.37,-28.0,0.05
2020-03-22T01:39:19.000,22.38,-3.39,43465.55,8.79,20.5,346392,-1.58,-28.0,0.05
2020-03-22T01:41:20.000,22.23,-3.67,31821.87,9.12,20.5,346394,-2.01,-28.0,0.05
2020-03-22T01:42:20.000,22.15,-3.72,26444.52,9.47,20.5,346395,-2.22,-29.0,0.05
2020-03-22T01:43:20.000,22.07,-3.77,22807.87,9.49,20.5,346396,-2.43,-29.0,0.05
2020-03-22T01:44:21.000,22.0,-3.81,19078.96,9.68,20.5,346397,-2.65,-29.0,0.05
2020-03-22T01:45:21.000,21.93,-3.86,15853.42,9.88,20.5,346398,-2.86,-29.0,0.05
2020-03-22T01:46:21.000,21.88,-3.79,13065.11,10.09,20.5,346399,-3.07,-30.0,0.05
2020-03-22T01:47:22.000,21.83,-3.99,10574.44,10.32,20.5,346400,-3.28,-30.0,0.05
2020-03-22T01:48:22.000,21.79,-3.89,8366.2,10.58,20.5,346401,-3.49,-30.0,0.05
2020-03-22T01:49:22.000,21.75,-3.97,6547.49,10.84,20.5,346402,-3.7,-30.0,0.05
2020-03-22T01:50:22.000,21.7,-4.01,5149.69,11.1,20.5,346403,-3.92,-30.0,0.049
2020-03-22T01:51:22.000,21.65,-4.11,4059.89,11.36,20.5,346404,-4.13,-31.0,0.049
2020-03-22T01:52:23.000,21.62,-4.07,3195.96,11.62,20.5,346405,-4.34,-31.0,0.049
2020-03-22T01:53:23.000,21.56,-4.3,2513.93,11.88,20.5,346406,-4.55,-31.0,0.049
2020-03-22T01:54:23.000,21.47,-4.38,1967.89,12.15,20.5,346407,-4.76,-31.0,0.049
2020-03-22T01:55:23.000,21.44,-4.33,1535.51,12.42,20.5,346408,-4.97,-31.0,0.049
2020-03-22T01:57:24.000,21.36,-4.4,922.38,12.97,20.5,346410,-5.4,-32.0,0.049
2020-03-22T01:58:24.000,21.28,-4.55,710.76,13.25,20.5,346411,-5.61,-32.0,0.049
2020-03-22T01:59:25.000,21.22,-4.49,542.16,13.55,20.5,346412,-5.82,-32.0,0.049
2020-03-22T02:00:25.000,21.18,-4.51,415.8,13.84,20.5,346413,-6.03,-32.0,0.049
2020-03-22T02:01:25.000,21.11,-4.55,319.26,14.12,20.5,346414,-6.25,-33.0,0.049
2020-03-22T02:02:25.000,21.09,-4.55,243.11,14.42,20.5,346415,-6.46,-33.0,0.049
2020-03-22T02:03:25.000,21.06,-4.5,182.61,14.73,20.5,346416,-6.67,-33.0,0.049
2020-03-22T02:05:26.000,20.93,-4.81,107.46,15.31,20.5,346418,-7.09,-33.0,0.049
2020-03-22T02:06:27.000,20.84,-4.69,80.9,15.61,20.5,346419,-7.3,-34.0,0.049
2020-03-22T02:07:27.000,20.8,-4.76,60.76,15.92,20.5,346420,-7.51,-34.0,0.049
2020-03-22T02:08:27.000,20.78,-4.77,45.26,16.24,20.5,346421,-7.73,-34.0,0.049
2020-03-22T02:09:28.000,20.76,-4.85,35.75,16.5,20.5,346422,-7.94,-34.0,0.049
2020-03-22T02:11:35.000,20.7,-4.86,22.2,17.02,20.5,346424,-8.38,-35.0,0.049
2020-03-22T02:12:35.000,20.65,-4.83,17.76,17.26,20.5,346425,-8.59,-35.0,0.049
2020-03-22T02:13:35.000,20.62,-4.79,14.72,17.46,20.5,346426,-8.8,-35.0,0.049
2020-03-22T02:14:36.000,20.6,-4.79,12.22,17.66,20.5,346427,-9.02,-35.0,0.049
2020-03-22T02:15:36.000,20.6,-4.77,10.08,17.87,20.5,346428,-9.23,-35.0,0.049
2020-03-22T02:16:36.000,20.59,-4.8,8.4,18.07,20.5,346429,-9.44,-36.0,0.049
2020-03-22T02:17:37.000,20.54,-4.92,7.32,18.22,20.5,346430,-9.65,-36.0,0.049
2020-03-22T02:18:37.000,20.52,-4.82,6.47,18.35,20.5,346431,-9.86,-36.0,0.049
2020-03-22T02:19:37.000,20.46,-5.0,5.58,18.51,20.5,346432,-10.07,-36.0,0.049
2020-03-22T02:24:39.000,20.19,-5.11,2.95,19.21,20.5,346437,-11.12,-37.0,0.049
2020-03-22T02:27:59.000,20.02,-4.91,2.4,19.43,20.5,346440,-11.82,-38.0,0.048
2020-03-22T02:28:59.000,19.99,-4.8,2.32,19.46,20.5,346441,-12.03,-38.0,0.048
2020-03-22T02:30:00.000,19.95,-4.75,2.26,19.49,20.5,346442,-12.24,-38.0,0.048
2020-03-22T02:42:01.000,19.59,-5.16,1.72,19.79,20.5,346454,-14.75,-41.0,0.048
2020-03-22T02:47:02.000,19.43,-5.35,1.59,19.87,20.5,346459,-15.79,-42.0,0.048
2020-03-22T02:48:03.000,19.38,-5.43,1.57,19.89,20.5,346460,-16.0,-42.0,0.048
2020-03-22T02:49:03.000,19.38,-5.26,1.65,19.84,20.5,346461,-16.21,-42.0,0.048
2020-03-22T02:50:03.000,19.37,-5.27,1.67,19.83,20.5,346462,-16.41,-42.0,0.048
2020-03-22T02:54:04.000,19.24,-5.27,1.72,19.79,20.5,346466,-17.24,-43.0,0.048
2020-03-22T02:55:04.000,19.23,-5.29,1.77,19.76,20.5,346467,-17.45,-43.0,0.048
2020-03-22T02:56:05.000,19.19,-5.18,1.8,19.74,20.5,346468,-17.66,-43.0,0.048
2020-03-22T02:57:05.000,19.18,-5.08,1.85,19.71,20.5,346469,-17.87,-44.0,0.048
2020-03-22T02:58:06.000,19.17,-4.95,1.92,19.67,20.5,346470,-18.08,-44.0,0.048
2020-03-22T02:59:07.000,19.18,-4.88,1.98,19.64,20.5,346471,-18.29,-44.0,0.048
2020-03-22T03:00:07.000,19.15,-4.82,2.05,19.6,20.5,346472,-18.49,-44.0,0.048
2020-03-22T03:01:07.000,19.14,-4.71,2.08,19.59,20.5,346473,-18.7,-44.0,0.048
2020-03-22T03:05:09.000,19.07,-4.56,2.27,19.49,20.5,346477,-19.53,-45.0,0.047
2020-03-22T03:06:09.000,19.06,-4.49,2.21,19.52,20.5,346478,-19.73,-45.0,0.047
2020-03-22T03:07:09.000,19.02,-4.65,2.23,19.51,20.5,346479,-19.94,-46.0,0.047
2020-03-22T03:08:10.000,19.01,-4.54,2.12,19.57,20.5,346480,-20.14,-46.0,0.047
2020-03-22T03:09:10.000,18.99,-4.68,2.13,19.56,20.5,346481,-20.35,-46.0,0.047
2020-03-22T03:16:12.000,18.94,-4.78,1.96,19.65,20.5,346488,-21.78,-47.0,0.047
2020-03-22T03:17:12.000,18.92,-4.8,1.93,19.67,20.5,346489,-21.99,-48.0,0.047
2020-03-22T03:18:13.000,18.89,-4.86,1.94,19.66,20.5,346490,-22.19,-48.0,0.047
2020-03-22T03:19:13.000,18.87,-4.8,2.04,19.6,20.5,346491,-22.4,-48.0,0.047
2020-03-22T03:20:13.000,18.85,-4.83,2.08,19.59,20.5,346492,-22.6,-48.0,0.047
2020-03-22T03:21:13.000,18.83,-4.75,2.04,19.61,20.5,346493,-22.8,-48.0,0.047
2020-03-22T03:22:13.000,18.79,-4.84,2.0,19.63,20.5,346494,-23.01,-49.0,0.047
2020-03-22T03:23:14.000,18.78,-4.82,1.95,19.66,20.5,346495,-23.21,-49.0,0.047
2020-03-22T03:24:14.000,18.74,-4.95,1.9,19.68,20.5,346496,-23.41,-49.0,0.047
2020-03-22T03:25:15.000,18.73,-4.9,1.86,19.71,20.5,346497,-23.62,-49.0,0.047
2020-03-22T03:26:15.000,18.71,-5.02,1.83,19.73,20.5,346498,-23.82,-49.0,0.047
2020-03-22T03:27:15.000,18.69,-5.03,1.81,19.73,20.5,346499,-24.02,-50.0,0.047
2020-03-22T03:29:16.000,18.66,-5.13,1.73,19.78,20.5,346501,-24.43,-50.0,0.047
2020-03-22T03:30:16.000,18.62,-5.28,1.7,19.8,20.5,346502,-24.63,-50.0,0.047
2020-03-22T03:31:16.000,18.62,-5.27,1.67,19.82,20.5,346503,-24.83,-50.0,0.047
2020-03-22T03:32:16.000,18.57,-5.55,1.66,19.83,20.5,346504,-25.03,-50.0,0.047
2020-03-22T03:33:17.000,18.53,-5.43,1.62,19.86,20.5,346505,-25.24,-51.0,0.047
2020-03-22T03:34:17.000,18.53,-5.52,1.61,19.86,20.5,346506,-25.44,-51.0,0.047
2020-03-22T03:35:17.000,18.52,-5.5,1.62,19.86,20.5,346507,-25.64,-51.0,0.047
2020-03-22T03:36:18.000,18.5,-5.59,1.66,19.83,20.5,346508,-25.84,-51.0,0.047
2020-03-22T03:37:18.000,18.47,-5.51,1.67,19.82,20.5,346509,-26.04,-51.0,0.047
2020-03-22T03:38:18.000,18.43,-5.67,1.66,19.83,20.5,346510,-26.24,-52.0,0.046
2020-03-22T03:39:19.000,18.38,-5.52,1.67,19.82,20.5,346511,-26.44,-52.0,0.046
2020-03-22T03:40:19.000,18.36,-5.56,1.71,19.8,20.5,346512,-26.64,-52.0,0.046
2020-03-22T03:41:19.000,18.33,-5.37,1.79,19.75,20.5,346513,-26.84,-52.0,0.046
2020-03-22T03:42:19.000,18.31,-5.38,1.88,19.7,20.5,346514,-27.04,-52.0,0.046
2020-03-22T03:43:20.000,18.3,-5.17,2.01,19.62,20.5,346515,-27.24,-53.0,0.046
2020-03-22T03:44:20.000,18.3,-4.96,2.13,19.56,20.5,346516,-27.44,-53.0,0.046
2020-03-22T03:45:20.000,18.3,-4.88,2.21,19.52,20.5,346517,-27.64,-53.0,0.046
2020-03-22T03:46:20.000,18.28,-4.77,2.35,19.45,20.5,346518,-27.84,-53.0,0.046
2020-03-22T03:47:21.000,18.27,-4.66,2.42,19.42,20.5,346519,-28.04,-53.0,0.046
2020-03-22T03:48:21.000,18.26,-4.55,2.47,19.4,20.5,346520,-28.24,-53.0,0.046
2020-03-22T03:49:22.000,18.25,-4.5,2.51,19.38,20.5,346521,-28.44,-54.0,0.046
2020-03-22T03:51:22.000,18.25,-4.53,2.43,19.42,20.5,346523,-28.83,-54.0,0.046
2020-03-22T03:52:22.000,18.26,-4.63,2.3,19.48,20.5,346524,-29.03,-54.0,0.046
2020-03-22T03:53:22.000,18.23,-4.82,2.27,19.49,20.5,346525,-29.22,-54.0,0.046
2020-03-22T03:54:23.000,18.23,-4.79,2.31,19.47,20.5,346526,-29.42,-55.0,0.046
2020-03-22T03:55:24.000,18.23,-4.99,2.2,19.53,20.5,346527,-29.62,-55.0,0.046
2020-03-22T03:56:24.000,18.21,-5.09,2.06,19.6,20.5,346528,-29.82,-55.0,0.046
2020-03-22T03:57:24.000,18.2,-5.18,2.0,19.62,20.5,346529,-30.01,-55.0,0.046
2020-03-22T03:58:25.000,18.18,-5.29,2.0,19.63,20.5,346530,-30.21,-55.0,0.046
2020-03-22T03:59:25.000,18.16,-5.32,1.98,19.64,20.5,346531,-30.41,-55.0,0.046
2020-03-22T04:00:26.000,18.15,-5.36,1.94,19.66,20.5,346532,-30.6,-56.0,0.046
2020-03-22T04:01:26.000,18.14,-5.4,1.9,19.68,20.5,346533,-30.8,-56.0,0.046
2020-03-22T04:02:26.000,18.12,-5.51,1.86,19.71,20.5,346534,-30.99,-56.0,0.046
2020-03-22T04:03:26.000,18.12,-5.62,1.76,19.77,20.5,346535,-31.19,-56.0,0.046
2020-03-22T04:04:26.000,18.08,-5.71,1.71,19.8,20.5,346536,-31.38,-56.0,0.046
2020-03-22T04:05:27.000,18.07,-5.73,1.67,19.82,20.5,346537,-31.58,-57.0,0.046
2020-03-22T04:06:28.000,18.02,-5.83,1.67,19.82,20.5,346538,-31.77,-57.0,0.046
