Downloads/jupyter/ECSV/stars19/stars19_2019-12.ecsv
# %ECSV 1.0
# ---
# datatype:
# - {name: time, datatype: string}
# - {name: Enclosure Temperature, unit: deg_C, datatype: float64}
# - {name: Sky Temperature, unit: deg_C, datatype: float64}
# - {name: Frequency, unit: Hz, datatype: float64}
# - {name: MSAS, unit: mag / arcsec2, datatype: float64}
# - {name: ZP, datatype: float64}
# - {name: Sequence Number, datatype: int64}
# - {name: Sun Alt, unit: deg, datatype: float64}
# - {name: Moon Alt, unit: deg, datatype: float64}
# - {name: Moon Illumination, datatype: float64}
# delimiter: ','
# meta: !!omap
# - ida:
#     Data supplier: {affiliation: null, observer: null}
#     Device type: TESS-W
#     Field of view: 17.0
#     Filters per channel: None
#     Instrument ID: stars19
#     License: ODbL 1.0 http://opendatacommons.org/licenses/odbl/summary/
#     Local timezone: America/Phoenix
#     Location name: {country: '- Tucson', place: Tucson, region: United States, sub_region: Arizona, town: Pima County}
#     Measurement direction per channel: {azimuth: 0.0, zenital: 0.0}
#     Moving / Fixed look direction: FIXED
#     Moving / Stationary position: STATIONARY
#     Number of channels: 1
#     Number of fields per line: 8
#     Number of header lines: 35
#     Position: {height: 0.0, latitude: 32.223877, longitude: -110.767532}
#     TESS MAC address: 18:FE:34:CF:EC:06
#     TESS cover offset value: 0.0
#     TESS firmware version: '1.0'
#     TESS zero point: 20.5
#     Time Synchronization: timestamp added by MQTT subscriber
#     URL: http://www.darksky.org/NSBM/sdf1.0.pdf
# - __serialized_columns__:
#     Enclosure Temperature:
#       __class__: astropy.units.quantity.Quantity
#       unit: &id001 !astropy.units.Unit {unit: deg_C}
#       value: !astropy.table.SerializedColumn {name: Enclosure Temperature}
#     Frequency:
#       __class__: astropy.units.quantity.Quantity
#       unit: !astropy.units.Unit {unit: Hz}
#       value: !astropy.table.SerializedColumn {name: Frequency}
#     MSAS:
#       __class__: astropy.units.quantity.Quantity
#       unit: !astropy.units.Unit {unit: mag / arcsec2}
#       value: !astropy.table.SerializedColumn {name: MSAS}
#     Moon Alt:
#       __class__: astropy.units.quantity.Quantity
#       unit: &id002 !astropy.units.Unit {unit: deg}
#       value: !astropy.table.SerializedColumn {name: Moon Alt}
#     Sky Temperature:
#       __class__: astropy.units.quantity.Quantity
#       unit: *id001
#       value: !astropy.table.SerializedColumn {name: Sky Temperature}
#     Sun Alt:
#       __class__: astropy.units.quantity.Quantity
#       unit: *id002
#       value: !astropy.table.SerializedColumn {name: Sun Alt}
#     time:
#       __class__: astropy.time.core.Time
#       format: isot
#       in_subfmt: '*'
#       out_subfmt: '*'
#       precision: 3
#       scale: utc
#       value: !astropy.table.SerializedColumn {name: time}
# schema: astropy-2.0
time,Enclosure Temperature,Sky Temperature,Frequency,MSAS,ZP,Sequence Number,Sun Alt,Moon Alt,Moon Illumination
[from data line 11405]
2019-12-13T15:41:41.000,10.4,-11.36,0.0,0.0,20.5,204290,14.42,-2.0,0.976
2019-12-13T15:42:41.000,10.45,-11.27,0.0,0.0,20.5,204291,14.58,-2.0,0.976
2019-12-13T15:59:46.000,11.36,-10.52,0.0,0.0,20.5,204308,17.28,-5.0,0.976
2019-12-13T16:00:46.000,11.45,-10.39,0.0,0.0,20.5,204309,17.43,-5.0,0.976
2019-12-13T16:01:47.000,11.51,-10.49,0.0,0.0,20.5,204310,17.59,-5.0,0.975
2019-12-13T16:03:48.000,11.65,-10.3,0.0,0.0,20.5,204312,17.9,-6.0,0.975
2019-12-13T16:04:48.000,11.73,-10.22,0.0,0.0,20.5,204313,18.05,-6.0,0.975
2019-12-13T16:05:48.000,11.8,-10.31,0.0,0.0,20.5,204314,18.2,-6.0,0.975
2019-12-13T16:09:49.000,11.98,-10.06,0.0,0.0,20.5,204318,18.81,-7.0,0.975
2019-12-13T16:10:49.000,12.03,-10.06,0.0,0.0,20.5,204319,18.96,-7.0,0.975
2019-12-13T16:11:49.000,12.09,-10.01,0.0,0.0,20.5,204320,19.11,-7.0,0.975
2019-12-13T16:13:50.000,12.15,-9.88,0.0,0.0,20.5,204322,19.4,-7.0,0.975
2019-12-13T16:14:50.000,12.19,-9.8,0.0,0.0,20.5,204323,19.55,-8.0,0.975
2019-12-13T16:15:50.000,12.27,-9.65,0.0,0.0,20.5,204324,19.7,-8.0,0.975
2019-12-13T16:16:51.000,12.34,-9.62,0.0,0.0,20.5,204325,19.85,-8.0,0.975
2019-12-13T16:17:51.000,12.42,-9.5,0.0,0.0,20.5,204326,19.99,-8.0,0.975
2019-12-13T16:19:51.000,12.54,-9.4,0.0,0.0,20.5,204328,20.28,-8.0,0.975
2019-12-13T16:20:52.000,12.58,-9.43,0.0,0.0,20.5,204329,20.43,-9.0,0.975
2019-12-13T16:21:52.000,12.62,-9.24,0.0,0.0,20.5,204330,20.58,-9.0,0.975
2019-12-13T16:25:53.000,12.91,-8.81,0.0,0.0,20.5,204334,21.15,-9.0,0.975
2019-12-13T16:30:54.000,13.32,-8.26,0.0,0.0,20.5,204339,21.85,-10.0,0.975
2019-12-13T16:31:54.000,13.39,-8.06,0.0,0.0,20.5,204340,21.99,-10.0,0.975
2019-12-13T16:32:54.000,13.47,-8.04,0.0,0.0,20.5,204341,22.13,-11.0,0.975
2019-12-13T16:46:58.000,15.02,-6.15,0.0,0.0,20.5,204355,24.01,-13.0,0.974
2019-12-13T16:47:58.000,15.16,-5.92,0.0,0.0,20.5,204356,24.14,-13.0,0.974
2019-12-13T16:48:58.000,15.28,-5.89,0.0,0.0,20.5,204357,24.27,-13.0,0.974
2019-12-13T16:50:59.000,15.46,-5.56,0.0,0.0,20.5,204359,24.53,-13.0,0.974
2019-12-13T16:55:00.000,15.89,-5.06,0.0,0.0,20.5,204363,25.03,-14.0,0.974
2019-12-13T16:56:00.000,15.98,-5.05,0.0,0.0,20.5,204364,25.16,-14.0,0.974
2019-12-13T16:57:00.000,16.06,-4.82,0.0,0.0,20.5,204365,25.28,-14.0,0.974
2019-12-13T16:59:01.000,16.33,-4.36,0.0,0.0,20.5,204367,25.53,-15.0,0.974
2019-12-13T17:00:01.000,16.49,-4.16,0.0,0.0,20.5,204368,25.65,-15.0,0.974
2019-12-13T17:01:02.000,16.62,-4.13,0.0,0.0,20.5,204369,25.77,-15.0,0.974
2019-12-13T17:02:03.000,16.76,-3.93,0.0,0.0,20.5,204370,25.9,-15.0,0.974
2019-12-13T17:06:05.000,17.22,-3.5,0.0,0.0,20.5,204374,26.38,-16.0,0.974
2019-12-13T17:07:06.000,17.39,-3.09,0.0,0.0,20.5,204375,26.5,-16.0,0.974
2019-12-13T17:09:07.000,17.71,-2.98,0.0,0.0,20.5,204377,26.73,-16.0,0.974
2019-12-13T17:10:08.000,17.81,-3.02,0.0,0.0,20.5,204378,26.85,-16.0,0.974
2019-12-13T17:11:08.000,17.82,-3.15,0.0,0.0,20.5,204379,26.96,-17.0,0.974
2019-12-13T17:12:09.000,17.98,-2.62,0.0,0.0,20.5,204380,27.08,-17.0,0.974
2019-12-13T17:13:09.000,18.14,-2.49,0.0,0.0,20.5,204381,27.19,-17.0,0.974
2019-12-13T17:16:11.000,18.61,-2.49,0.0,0.0,20.5,204384,27.53,-17.0,0.974
2019-12-13T17:17:11.000,18.7,-1.98,0.0,0.0,20.5,204385,27.64,-18.0,0.974
2019-12-13T17:18:11.000,18.92,-1.93,0.0,0.0,20.5,204386,27.75,-18.0,0.974
2019-12-13T17:23:13.000,19.85,-1.73,0.0,0.0,20.5,204391,28.29,-18.0,0.974
2019-12-13T17:24:14.000,19.97,-1.13,0.0,0.0,20.5,204392,28.39,-19.0,0.973
2019-12-13T17:25:14.000,20.16,-1.03,0.0,0.0,20.5,204393,28.5,-19.0,0.973
2019-12-13T17:31:16.000,21.12,-0.71,0.0,0.0,20.5,204399,29.11,-20.0,0.973
2019-12-13T17:32:16.000,21.35,-0.31,0.0,0.0,20.5,204400,29.21,-20.0,0.973
2019-12-13T17:33:17.000,21.62,-0.16,0.0,0.0,20.5,204401,29.31,-20.0,0.973
2019-12-13T17:35:18.000,22.12,-0.26,0.0,0.0,20.5,204403,29.5,-20.0,0.973
2019-12-13T17:36:18.000,22.21,-0.28,0.0,0.0,20.5,204404,29.6,-20.0,0.973
2019-12-13T17:37:19.000,22.4,-0.04,0.0,0.0,20.5,204405,29.69,-20.0,0.973
2019-12-13T17:39:20.000,22.58,0.01,0.0,0.0,20.5,204407,29.88,-21.0,0.973
2019-12-13T17:42:21.000,22.89,0.23,0.0,0.0,20.5,204410,30.16,-21.0,0.973
2019-12-13T17:43:22.000,23.12,0.48,0.0,0.0,20.5,204411,30.25,-21.0,0.973
2019-12-13T17:44:23.000,23.35,0.91,0.0,0.0,20.5,204412,30.34,-21.0,0.973
2019-12-13T17:47:25.000,25.86,2.46,0.0,0.0,20.5,204415,30.61,-22.0,0.973
2019-12-13T17:48:26.000,26.68,3.28,0.0,0.0,20.5,204416,30.69,-22.0,0.973
2019-12-13T17:49:26.000,27.53,2.93,0.0,0.0,20.5,204417,30.78,-22.0,0.973
2019-12-13T17:53:27.000,30.6,3.45,0.0,0.0,20.5,204421,31.11,-23.0,0.973
2019-12-13T17:54:27.000,31.15,3.5,0.0,0.0,20.5,204422,31.19,-23.0,0.973
2019-12-13T17:55:27.000,31.74,3.64,0.0,0.0,20.5,204423,31.27,-23.0,0.973
2019-12-13T18:00:29.000,34.57,3.36,0.0,0.0,20.5,204428,31.66,-24.0,0.973
2019-12-13T18:01:29.000,34.93,3.68,0.0,0.0,20.5,204429,31.74,-24.0,0.973
2019-12-13T18:02:30.000,35.3,3.5,0.0,0.0,20.5,204430,31.81,-24.0,0.973
2019-12-13T18:03:30.000,35.32,3.11,0.0,0.0,20.5,204431,31.88,-24.0,0.973
2019-12-13T18:04:31.000,35.72,3.26,0.0,0.0,20.5,204432,31.96,-24.0,0.973
2019-12-13T18:06:32.000,36.19,3.83,0.0,0.0,20.5,204434,32.1,-24.0,0.972
2019-12-13T18:07:32.000,36.79,4.82,0.0,0.0,20.5,204435,32.17,-24.0,0.972
2019-12-13T18:09:33.000,37.77,3.84,0.0,0.0,20.5,204437,32.3,-25.0,0.972
2019-12-13T18:10:33.000,37.98,4.36,0.0,0.0,20.5,204438,32.37,-25.0,0.972
2019-12-13T18:11:34.000,38.52,4.66,0.0,0.0,20.5,204439,32.44,-25.0,0.972
2019-12-13T18:18:36.000,41.12,4.88,0.0,0.0,20.5,204446,32.87,-26.0,0.972
2019-12-13T18:19:36.000,41.4,4.68,0.0,0.0,20.5,204447,32.93,-26.0,0.972
2019-12-13T18:20:36.000,41.66,4.7,0.0,0.0,20.5,204448,32.99,-26.0,0.972
2019-12-13T18:22:36.000,42.13,4.59,0.0,0.0,20.5,204450,33.1,-26.0,0.972
2019-12-13T18:23:37.000,42.38,4.77,0.0,0.0,20.5,204451,33.15,-26.0,0.972
2019-12-13T18:24:37.000,42.56,4.4,0.0,0.0,20.5,204452,33.21,-27.0,0.972
2019-12-13T18:26:38.000,42.38,4.58,0.0,0.0,20.5,204454,33.31,-27.0,0.972
2019-12-13T18:32:40.000,42.77,4.35,0.0,0.0,20.5,204460,33.6,-27.0,0.972
2019-12-13T18:33:40.000,42.78,4.62,0.0,0.0,20.5,204461,33.64,-28.0,0.972
2019-12-13T18:34:41.000,42.8,4.41,0.0,0.0,20.5,204462,33.69,-28.0,0.972
2019-12-13T18:36:48.000,42.98,4.82,0.0,0.0,20.5,204464,33.78,-28.0,0.972
2019-12-13T18:37:48.000,43.12,4.67,0.0,0.0,20.5,204465,33.82,-28.0,0.972
2019-12-13T18:38:48.000,43.24,4.59,0.0,0.0,20.5,204466,33.86,-28.0,0.972
2019-12-13T18:43:50.000,44.03,5.08,0.0,0.0,20.5,204471,34.04,-29.0,0.972
2019-12-13T18:44:50.000,44.2,5.22,0.0,0.0,20.5,204472,34.08,-29.0,0.971
2019-12-13T18:45:51.000,44.31,4.83,0.0,0.0,20.5,204473,34.11,-29.0,0.971
2019-12-13T18:46:51.000,44.33,4.61,0.0,0.0,20.5,204474,34.14,-29.0,0.971
2019-12-13T18:47:51.000,44.22,4.53,0.0,0.0,20.5,204475,34.17,-29.0,0.971
2019-12-13T18:50:52.000,43.97,4.61,0.0,0.0,20.5,204478,34.26,-29.0,0.971
2019-12-13T18:51:52.000,44.0,4.47,0.0,0.0,20.5,204479,34.28,-29.0,0.971
2019-12-13T18:52:52.000,44.14,4.89,0.0,0.0,20.5,204480,34.31,-30.0,0.971
2019-12-13T19:05:59.000,44.86,4.75,0.0,0.0,20.5,204493,34.55,-31.0,0.971
2019-12-13T19:07:00.000,44.91,4.96,0.0,0.0,20.5,204494,34.56,-31.0,0.971
2019-12-13T19:08:01.000,44.87,4.44,0.0,0.0,20.5,204495,34.57,-31.0,0.971
2019-12-13T19:10:01.000,44.89,4.94,0.0,0.0,20.5,204497,34.59,-31.0,0.971
2019-12-13T19:12:02.000,44.72,4.37,0.0,0.0,20.5,204499,34.6,-31.0,0.971
2019-12-13T19:16:03.000,44.36,4.22,0.0,0.0,20.5,204503,34.61,-32.0,0.971
2019-12-13T19:17:03.000,44.38,4.6,0.0,0.0,20.5,204504,34.61,-32.0,0.971
2019-12-13T19:18:04.000,44.44,4.13,0.0,0.0,20.5,204505,34.61,-32.0,0.971
2019-12-13T19:35:08.000,44.13,3.12,0.0,0.0,20.5,204522,34.45,-33.0,0.97
2019-12-13T19:36:08.000,44.05,3.88,0.0,0.0,20.5,204523,34.43,-33.0,0.97
2019-12-13T19:37:08.000,44.02,3.39,0.0,0.0,20.5,204524,34.41,-33.0,0.97
2019-12-13T19:39:10.000,44.24,4.27,0.0,0.0,20.5,204526,34.36,-33.0,0.97
2019-12-13T19:40:10.000,44.49,4.46,0.0,0.0,20.5,204527,34.34,-33.0,0.97
2019-12-13T19:41:10.000,44.7,4.12,0.0,0.0,20.5,204528,34.32,-33.0,0.97
2019-12-13T19:43:11.000,44.88,4.03,0.0,0.0,20.5,204530,34.27,-33.0,0.97
2019-12-13T19:44:11.000,45.03,4.37,0.0,0.0,20.5,204531,34.24,-34.0,0.97
2019-12-13T19:45:11.000,45.01,3.79,0.0,0.0,20.5,204532,34.21,-34.0,0.97
2019-12-13T19:52:12.000,45.44,3.71,0.0,0.0,20.5,204539,33.98,-34.0,0.97
2019-12-13T19:53:13.000,45.35,3.7,0.0,0.0,20.5,204540,33.95,-34.0,0.97
2019-12-13T19:54:13.000,45.34,3.88,0.0,0.0,20.5,204541,33.91,-34.0,0.97
2019-12-13T19:55:13.000,45.28,3.52,0.0,0.0,20.5,204542,33.87,-34.0,0.97
2019-12-13T19:56:13.000,45.25,3.87,0.0,0.0,20.5,204543,33.83,-34.0,0.97
2019-12-13T19:57:14.000,45.27,3.63,0.0,0.0,20.5,204544,33.79,-34.0,0.97
2019-12-13T20:06:16.000,45.58,3.4,0.0,0.0,20.5,204553,33.38,-35.0,0.969
2019-12-13T20:07:16.000,45.57,3.38,0.0,0.0,20.5,204554,33.33,-35.0,0.969
2019-12-13T20:08:16.000,45.63,3.47,0.0,0.0,20.5,204555,33.28,-35.0,0.969
2019-12-13T20:09:16.000,45.54,2.99,0.0,0.0,20.5,204556,33.23,-35.0,0.969
2019-12-13T20:10:17.000,45.48,3.23,0.0,0.0,20.5,204557,33.18,-35.0,0.969
2019-12-13T20:11:17.000,45.5,3.32,0.0,0.0,20.5,204558,33.12,-35.0,0.969
2019-12-13T20:18:18.000,45.18,2.52,0.0,0.0,20.5,204565,32.72,-35.0,0.969
2019-12-13T20:19:19.000,45.02,2.62,0.0,0.0,20.5,204566,32.66,-35.0,0.969
2019-12-13T20:20:19.000,44.84,2.95,0.0,0.0,20.5,204567,32.6,-35.0,0.969
2019-12-13T20:31:22.000,43.86,2.82,0.0,0.0,20.5,204578,31.85,-35.0,0.969
2019-12-13T20:32:22.000,43.97,2.8,0.0,0.0,20.5,204579,31.77,-35.0,0.969
2019-12-13T20:33:22.000,43.91,2.07,0.0,0.0,20.5,204580,31.7,-35.0,0.969
2019-12-13T20:40:23.000,43.72,1.66,0.0,0.0,20.5,204587,31.16,-35.0,0.968
2019-12-13T20:41:23.000,43.71,2.51,0.0,0.0,20.5,204588,31.07,-35.0,0.968
2019-12-13T20:42:23.000,43.85,2.69,0.0,0.0,20.5,204589,30.99,-35.0,0.968
2019-12-13T20:43:24.000,43.92,2.22,0.0,0.0,20.5,204590,30.91,-35.0,0.968
2019-12-13T20:44:25.000,43.68,1.18,0.0,0.0,20.5,204591,30.82,-35.0,0.968
2019-12-13T20:45:25.000,43.51,2.34,0.0,0.0,20.5,204592,30.74,-35.0,0.968
2019-12-13T20:47:25.000,43.12,1.73,0.0,0.0,20.5,204594,30.57,-35.0,0.968
2019-12-13T20:48:26.000,42.92,1.52,0.0,0.0,20.5,204595,30.48,-35.0,0.968
2019-12-13T20:49:26.000,42.79,1.93,0.0,0.0,20.5,204596,30.39,-35.0,0.968
2019-12-13T20:55:27.000,42.23,1.45,0.0,0.0,20.5,204602,29.85,-35.0,0.968
2019-12-13T20:56:27.000,42.2,1.82,0.0,0.0,20.5,204603,29.75,-35.0,0.968
2019-12-13T20:57:27.000,42.21,1.72,0.0,0.0,20.5,204604,29.66,-35.0,0.968
2019-12-13T20:59:28.000,42.24,1.31,0.0,0.0,20.5,204606,29.46,-35.0,0.968
2019-12-13T21:00:29.000,42.29,1.47,0.0,0.0,20.5,204607,29.37,-35.0,0.968
2019-12-13T21:01:30.000,42.31,1.36,0.0,0.0,20.5,204608,29.27,-35.0,0.968
2019-12-13T21:11:32.000,42.4,1.16,0.0,0.0,20.5,204618,28.25,-35.0,0.968
2019-12-13T21:12:32.000,42.28,0.32,0.0,0.0,20.5,204619,28.14,-35.0,0.968
2019-12-13T21:13:32.000,42.24,1.3,0.0,0.0,20.5,204620,28.03,-35.0,0.968
2019-12-13T21:15:33.000,42.26,0.73,0.0,0.0,20.5,204622,27.82,-35.0,0.968
2019-12-13T21:16:34.000,42.28,0.96,0.0,0.0,20.5,204623,27.71,-35.0,0.967
2019-12-13T21:17:34.000,42.4,1.08,0.0,0.0,20.5,204624,27.6,-35.0,0.967
2019-12-13T21:20:34.000,42.26,0.55,0.0,0.0,20.5,204627,27.26,-35.0,0.967
2019-12-13T21:21:34.000,42.19,0.76,0.0,0.0,20.5,204628,27.15,-35.0,0.967
2019-12-13T21:25:35.000,42.12,0.63,0.0,0.0,20.5,204632,26.69,-35.0,0.967
2019-12-13T21:26:35.000,42.2,0.61,0.0,0.0,20.5,204633,26.58,-35.0,0.967
2019-12-13T21:27:35.000,42.14,0.0,0.0,0.0,20.5,204634,26.46,-35.0,0.967
2019-12-13T21:28:36.000,42.03,0.18,0.0,0.0,20.5,204635,26.34,-35.0,0.967
2019-12-13T21:29:36.000,42.01,0.25,0.0,0.0,20.5,204636,26.22,-34.0,0.967
2019-12-13T21:35:37.000,42.07,0.28,0.0,0.0,20.5,204642,25.5,-34.0,0.967
2019-12-13T21:36:37.000,42.11,-0.01,0.0,0.0,20.5,204643,25.38,-34.0,0.967
2019-12-13T21:37:37.000,42.11,-0.01,0.0,0.0,20.5,204644,25.25,-34.0,0.967
2019-12-13T21:38:38.000,42.02,-0.36,0.0,0.0,20.5,204645,25.13,-34.0,0.967
2019-12-13T21:39:38.000,41.92,0.04,0.0,0.0,20.5,204646,25.0,-34.0,0.967
2019-12-13T21:41:38.000,41.84,-0.11,0.0,0.0,20.5,204648,24.75,-34.0,0.967
2019-12-13T21:42:39.000,41.84,-0.07,0.0,0.0,20.5,204649,24.62,-34.0,0.967
2019-12-13T21:43:40.000,41.81,-0.28,0.0,0.0,20.5,204650,24.49,-34.0,0.967
2019-12-13T21:46:40.000,41.67,-0.31,0.0,0.0,20.5,204653,24.11,-34.0,0.967
2019-12-13T21:47:40.000,41.62,-0.72,0.0,0.0,20.5,204654,23.98,-34.0,0.967
2019-12-13T21:48:41.000,41.61,-0.29,0.0,0.0,20.5,204655,23.85,-34.0,0.967
2019-12-13T21:58:48.000,39.88,-2.49,0.0,0.0,20.5,204665,22.5,-33.0,0.966
2019-12-13T21:59:49.000,38.94,-2.75,0.0,0.0,20.5,204666,22.36,-33.0,0.966
2019-12-13T22:00:49.000,38.11,-2.46,0.0,0.0,20.5,204667,22.22,-33.0,0.966
2019-12-13T22:01:50.000,37.36,-2.36,0.0,0.0,20.5,204668,22.08,-33.0,0.966
2019-12-13T22:04:56.000,35.5,-2.16,0.0,0.0,20.5,204671,21.65,-33.0,0.966
2019-12-13T22:13:57.000,33.24,-1.97,0.0,0.0,20.5,204680,20.37,-32.0,0.966
2019-12-13T22:16:57.000,32.59,-1.66,0.0,0.0,20.5,204683,19.93,-32.0,0.966
2019-12-13T22:17:58.000,32.36,-1.76,0.0,0.0,20.5,204684,19.78,-32.0,0.966
2019-12-13T22:18:58.000,32.19,-1.49,0.0,0.0,20.5,204685,19.64,-31.0,0.966
2019-12-13T22:22:59.000,31.54,-1.45,0.0,0.0,20.5,204689,19.04,-31.0,0.966
2019-12-13T22:23:59.000,31.38,-1.38,0.0,0.0,20.5,204690,18.89,-31.0,0.966
2019-12-13T22:24:59.000,31.23,-1.38,0.0,0.0,20.5,204691,18.74,-31.0,0.966
2019-12-13T22:27:00.000,30.96,-1.42,0.0,0.0,20.5,204693,18.44,-31.0,0.966
2019-12-13T22:28:00.000,30.83,-1.49,0.0,0.0,20.5,204694,18.29,-31.0,0.966
2019-12-13T22:29:00.000,30.67,-1.5,0.0,0.0,20.5,204695,18.14,-31.0,0.965
2019-12-13T22:33:01.000,30.17,-1.33,0.0,0.0,20.5,204699,17.52,-30.0,0.965
2019-12-13T22:34:01.000,30.11,-1.2,0.0,0.0,20.5,204700,17.37,-30.0,0.965
2019-12-13T22:36:03.000,29.92,-1.16,0.0,0.0,20.5,204702,17.06,-30.0,0.965
2019-12-13T22:39:04.000,29.72,-1.26,0.0,0.0,20.5,204705,16.59,-30.0,0.965
2019-12-13T22:40:05.000,29.65,-1.25,0.0,0.0,20.5,204706,16.43,-30.0,0.965
2019-12-13T22:41:05.000,29.56,-1.53,0.0,0.0,20.5,204707,16.27,-30.0,0.965
2019-12-13T22:42:05.000,29.47,-1.54,0.0,0.0,20.5,204708,16.11,-29.0,0.965
2019-12-13T22:44:06.000,29.33,-1.46,0.0,0.0,20.5,204710,15.79,-29.0,0.965
2019-12-13T22:46:06.000,29.17,-1.49,0.0,0.0,20.5,204712,15.47,-29.0,0.965
2019-12-13T22:47:07.000,29.12,-1.5,0.0,0.0,20.5,204713,15.31,-29.0,0.965
2019-12-13T22:48:07.000,29.05,-1.61,0.0,0.0,20.5,204714,15.15,-29.0,0.965
2019-12-13T22:49:07.000,28.98,-1.47,0.0,0.0,20.5,204715,14.99,-29.0,0.965
2019-12-13T22:50:07.000,28.92,-1.4,0.0,0.0,20.5,204716,14.83,-29.0,0.965
2019-12-13T22:51:09.000,28.86,-1.41,0.0,0.0,20.5,204717,14.66,-28.0,0.965
2019-12-13T22:58:11.000,28.49,-1.42,0.0,0.0,20.5,204724,13.52,-28.0,0.965
2019-12-13T23:01:12.000,28.27,-1.51,0.0,0.0,20.5,204727,13.02,-27.0,0.965
2019-12-13T23:02:13.000,28.23,-1.55,0.0,0.0,20.5,204728,12.85,-27.0,0.965
2019-12-13T23:03:13.000,28.14,-1.51,0.0,0.0,20.5,204729,12.69,-27.0,0.965
2019-12-13T23:04:13.000,28.09,-1.47,0.0,0.0,20.5,204730,12.52,-27.0,0.964
2019-12-13T23:05:14.000,28.04,-1.43,0.0,0.0,20.5,204731,12.35,-27.0,0.964
2019-12-13T23:13:15.000,27.55,-1.59,0.0,0.0,20.5,204739,11.0,-26.0,0.964
2019-12-13T23:14:16.000,27.51,-1.53,0.0,0.0,20.5,204740,10.83,-26.0,0.964
2019-12-13T23:15:16.000,27.46,-1.65,0.0,0.0,20.5,204741,10.66,-26.0,0.964
2019-12-13T23:28:21.000,26.87,-1.58,0.0,0.0,20.5,204754,8.4,-24.0,0.964
2019-12-13T23:29:22.000,26.87,-1.64,0.0,0.0,20.5,204755,8.22,-24.0,0.964
2019-12-13T23:30:23.000,26.84,-1.68,0.0,0.0,20.5,204756,8.05,-24.0,0.964
2019-12-13T23:34:24.000,26.65,-1.79,0.0,0.0,20.5,204760,7.34,-23.0,0.964
2019-12-13T23:35:24.000,26.6,-1.82,0.0,0.0,20.5,204761,7.16,-23.0,0.964
2019-12-13T23:36:24.000,26.56,-1.84,0.0,0.0,20.5,204762,6.99,-23.0,0.964
2019-12-13T23:39:25.000,26.39,-2.0,0.0,0.0,20.5,204765,6.45,-23.0,0.963
2019-12-13T23:40:26.000,26.34,-2.02,0.0,0.0,20.5,204766,6.27,-23.0,0.963
2019-12-13T23:41:26.000,26.28,-2.05,0.0,0.0,20.5,204767,6.09,-22.0,0.963
2019-12-13T23:45:27.000,26.05,-2.11,0.0,0.0,20.5,204771,5.37,-22.0,0.963
2019-12-13T23:46:27.000,25.99,-2.17,0.0,0.0,20.5,204772,5.19,-22.0,0.963
2019-12-13T23:47:27.000,25.96,-2.1,0.0,0.0,20.5,204773,5.01,-22.0,0.963
