Downloads/jupyter/ECSV/stars19/stars19_2024-05.ecsv
# %ECSV 1.0
# ---
# datatype:
# - {name: time, datatype: string}
# - {name: Enclosure Temperature, unit: deg_C, datatype: float64}
# - {name: Sky Temperature, unit: deg_C, datatype: float64}
# - {name: Frequency, unit: Hz, datatype: float64}
# - {name: MSAS, unit: mag / arcsec2, datatype: float64}
# - {name: ZP, datatype: float64}
# - {name: Sequence Number, datatype: int64}
# - {name: Sun Alt, unit: deg, datatype: float64}
# - {name: Moon Alt, unit: deg, datatype: float64}
# - {name: Moon Illumination, datatype: float64}
# delimiter: ','
# meta: !!omap
# - ida:
#     Data supplier: {affiliation: null, observer: null}
#     Device type: TESS-W
#     Field of view: 17.0
#     Filters per channel: None
#     Instrument ID: stars19
#     License: ODbL 1.0 http://opendatacommons.org/licenses/odbl/summary/
#     Local timezone: America/Phoenix
#     Location name: {country: '- Tucson', place: Tucson, region: United States, sub_region: Arizona, town: Pima County}
#     Measurement direction per channel: {azimuth: 0.0, zenital: 0.0}
#     Moving / Fixed look direction: FIXED
#     Moving / Stationary position: STATIONARY
#     Number of channels: 1
#     Number of fields per line: 8
#     Number of header lines: 35
#     Position: {height: 0.0, latitude: 32.223877, longitude: -110.767532}
#     TESS MAC address: 18:FE:34:CF:EC:06
#     TESS cover offset value: 0.0
#     TESS firmware version: '1.0'
#     TESS zero point: 20.38
#     Time Synchronization: timestamp added by MQTT subscriber
#     URL: http://www.darksky.org/NSBM/sdf1.0.pdf
# - __serialized_columns__:
#     Enclosure Temperature:
#       __class__: astropy.units.quantity.Quantity
#       unit: &id001 !astropy.units.Unit {unit: deg_C}
#       value: !astropy.table.SerializedColumn {name: Enclosure Temperature}
#     Frequency:
#       __class__: astropy.units.quantity.Quantity
#       unit: !astropy.units.Unit {unit: Hz}
#       value: !astropy.table.SerializedColumn {name: Frequency}
#     MSAS:
#       __class__: astropy.units.quantity.Quantity
#       unit: !astropy.units.Unit {unit: mag / arcsec2}
#       value: !astropy.table.SerializedColumn {name: MSAS}
#     Moon Alt:
#       __class__: astropy.units.quantity.Quantity
#       unit: &id002 !astropy.units.Unit {unit: deg}
#       value: !astropy.table.SerializedColumn {name: Moon Alt}
#     Sky Temperature:
#       __class__: astropy.units.quantity.Quantity
#       unit: *id001
#       value: !astropy.table.SerializedColumn {name: Sky Temperature}
#     Sun Alt:
#       __class__: astropy.units.quantity.Quantity
#       unit: *id002
#       value: !astropy.table.SerializedColumn {name: Sun Alt}
#     time:
#       __class__: astropy.time.core.Time
#       format: isot
#       in_subfmt: '*'
#       out_subfmt: '*'
#       precision: 3
#       scale: utc
#       value: !astropy.table.SerializedColumn {name: time}
# schema: astropy-2.0
time,Enclosure Temperature,Sky Temperature,Frequency,MSAS,ZP,Sequence Number,Sun Alt,Moon Alt,Moon Illumination
[from data line 852]
2024-05-02T02:04:48.000,30.18,4.13,0.0,0.0,20.38,13713,-0.91,-77.0,0.432
2024-05-02T02:05:48.000,30.18,3.92,2163.84,0.28,20.38,13714,-1.11,-77.0,0.432
2024-05-02T02:06:48.000,30.12,3.77,61097.14,8.42,20.38,13715,-1.31,-77.0,0.432
2024-05-02T02:07:48.000,30.04,3.76,53999.31,8.55,20.38,13716,-1.51,-77.0,0.432
2024-05-02T02:08:48.000,30.0,3.78,47335.77,8.69,20.38,13717,-1.71,-77.0,0.432
2024-05-02T02:09:48.000,29.97,3.76,41128.36,8.85,20.38,13718,-1.91,-77.0,0.432
2024-05-02T02:10:49.000,29.94,3.75,34992.54,9.1,20.38,13719,-2.11,-77.0,0.432
2024-05-02T02:12:49.000,29.83,3.58,25131.11,9.45,20.38,13721,-2.51,-77.0,0.432
2024-05-02T02:14:50.000,29.79,3.59,17728.76,9.76,20.38,13723,-2.91,-77.0,0.432
2024-05-02T02:15:50.000,29.79,3.63,14638.73,9.97,20.38,13724,-3.11,-77.0,0.432
2024-05-02T02:16:50.000,29.77,3.54,12013.91,10.18,20.38,13725,-3.3,-77.0,0.431
2024-05-02T02:17:51.000,29.72,3.49,9800.09,10.4,20.38,13726,-3.5,-77.0,0.431
2024-05-02T02:18:51.000,29.67,3.45,7918.13,10.64,20.38,13727,-3.7,-77.0,0.431
2024-05-02T02:19:51.000,29.68,3.57,6349.39,10.88,20.38,13728,-3.9,-77.0,0.431
2024-05-02T02:20:52.000,29.7,3.52,5068.38,11.12,20.38,13729,-4.1,-77.0,0.431
2024-05-02T02:21:52.000,29.67,3.36,4024.33,11.37,20.38,13730,-4.3,-77.0,0.431
2024-05-02T02:22:52.000,29.61,3.31,3184.47,11.62,20.38,13731,-4.49,-77.0,0.431
2024-05-02T02:23:52.000,29.59,3.34,2513.8,11.88,20.38,13732,-4.69,-77.0,0.431
2024-05-02T02:24:53.000,29.55,3.3,1978.33,12.14,20.38,13733,-4.89,-77.0,0.431
2024-05-02T02:25:53.000,29.51,3.32,1553.35,12.4,20.38,13734,-5.09,-77.0,0.431
2024-05-02T02:26:53.000,29.5,3.27,1218.6,12.67,20.38,13735,-5.28,-77.0,0.431
2024-05-02T02:27:53.000,29.48,3.25,955.21,12.93,20.38,13736,-5.48,-77.0,0.431
2024-05-02T02:28:54.000,29.45,3.23,748.84,13.2,20.38,13737,-5.68,-77.0,0.43
2024-05-02T02:29:54.000,29.42,3.2,586.38,13.46,20.38,13738,-5.87,-77.0,0.43
2024-05-02T02:30:54.000,29.4,3.21,460.47,13.72,20.38,13739,-6.07,-76.0,0.43
2024-05-02T02:31:54.000,29.36,3.16,361.84,13.99,20.38,13740,-6.26,-76.0,0.43
2024-05-02T02:32:54.000,29.33,3.12,284.47,14.25,20.38,13741,-6.46,-76.0,0.43
2024-05-02T02:33:54.000,29.3,3.14,223.51,14.51,20.38,13742,-6.65,-76.0,0.43
2024-05-02T02:34:54.000,29.28,3.1,175.51,14.77,20.38,13743,-6.85,-76.0,0.43
2024-05-02T02:35:55.000,29.25,3.03,138.61,15.03,20.38,13744,-7.04,-76.0,0.43
2024-05-02T02:36:54.000,29.21,3.05,109.84,15.28,20.38,13745,-7.23,-76.0,0.43
2024-05-02T02:37:55.000,29.17,3.02,87.15,15.53,20.38,13746,-7.43,-76.0,0.43
2024-05-02T02:38:55.000,29.16,3.04,69.52,15.78,20.38,13747,-7.63,-76.0,0.43
2024-05-02T02:39:55.000,29.12,2.94,55.67,16.02,20.38,13748,-7.82,-76.0,0.43
2024-05-02T02:40:55.000,29.09,2.98,45.09,16.25,20.38,13749,-8.01,-76.0,0.43
2024-05-02T02:41:56.000,29.06,2.91,37.02,16.46,20.38,13750,-8.21,-76.0,0.429
2024-05-02T02:42:56.000,29.03,2.91,30.31,16.68,20.38,13751,-8.4,-76.0,0.429
2024-05-02T02:43:56.000,28.99,2.88,25.13,16.88,20.38,13752,-8.59,-76.0,0.429
2024-05-02T02:44:56.000,28.98,2.98,20.89,17.08,20.38,13753,-8.79,-75.0,0.429
2024-05-02T02:45:57.000,28.98,2.93,17.44,17.28,20.38,13754,-8.98,-75.0,0.429
2024-05-02T02:46:57.000,28.96,2.83,14.78,17.46,20.38,13755,-9.17,-75.0,0.429
2024-05-02T02:47:57.000,28.89,2.77,12.54,17.64,20.38,13756,-9.36,-75.0,0.429
2024-05-02T02:48:57.000,28.88,2.92,10.67,17.81,20.38,13757,-9.55,-75.0,0.429
2024-05-02T02:49:57.000,28.9,2.88,9.14,17.98,20.38,13758,-9.75,-75.0,0.429
2024-05-02T02:50:58.000,28.89,2.85,7.89,18.14,20.38,13759,-9.94,-75.0,0.429
2024-05-02T02:51:58.000,28.84,2.76,6.82,18.3,20.38,13760,-10.13,-75.0,0.429
2024-05-02T02:52:58.000,28.81,2.82,5.96,18.44,20.38,13761,-10.32,-75.0,0.429
2024-05-02T02:53:58.000,28.79,2.71,5.25,18.58,20.38,13762,-10.51,-75.0,0.429
2024-05-02T02:54:58.000,28.73,2.65,4.65,18.71,20.38,13763,-10.7,-74.0,0.428
2024-05-02T02:55:58.000,28.7,2.67,4.15,18.84,20.38,13764,-10.89,-74.0,0.428
2024-05-02T02:56:58.000,28.65,2.63,3.74,18.95,20.38,13765,-11.08,-74.0,0.428
2024-05-02T02:57:59.000,28.6,2.66,3.4,19.05,20.38,13766,-11.27,-74.0,0.428
2024-05-02T02:58:59.000,28.58,2.66,3.1,19.15,20.38,13767,-11.46,-74.0,0.428
2024-05-02T02:59:59.000,28.58,2.69,2.86,19.24,20.38,13768,-11.65,-74.0,0.428
2024-05-02T03:00:59.000,28.56,2.57,2.66,19.32,20.38,13769,-11.84,-74.0,0.428
2024-05-02T03:02:59.000,28.59,2.7,2.34,19.46,20.38,13771,-12.21,-73.0,0.428
2024-05-02T03:03:59.000,28.57,2.57,2.23,19.51,20.38,13772,-12.4,-73.0,0.428
2024-05-02T03:06:00.000,28.55,2.77,2.07,19.59,20.38,13774,-12.78,-73.0,0.428
2024-05-02T03:07:00.000,28.5,2.49,2.0,19.63,20.38,13775,-12.97,-73.0,0.427
2024-05-02T03:08:00.000,28.44,2.63,1.95,19.66,20.38,13776,-13.15,-73.0,0.427
2024-05-02T03:10:00.000,28.44,2.57,1.87,19.7,20.38,13778,-13.52,-73.0,0.427
2024-05-02T03:11:00.000,28.41,2.6,1.86,19.71,20.38,13779,-13.71,-72.0,0.427
2024-05-02T03:12:01.000,28.35,2.53,1.8,19.74,20.38,13780,-13.9,-72.0,0.427
2024-05-02T03:13:01.000,28.27,2.52,1.78,19.76,20.38,13781,-14.08,-72.0,0.427
2024-05-02T03:14:01.000,28.22,2.65,1.75,19.77,20.38,13782,-14.27,-72.0,0.427
2024-05-02T03:15:01.000,28.21,2.74,1.72,19.79,20.38,13783,-14.45,-72.0,0.427
2024-05-02T03:16:01.000,28.21,2.8,1.68,19.81,20.38,13784,-14.64,-72.0,0.427
2024-05-02T03:17:03.000,28.21,2.78,1.67,19.83,20.38,13785,-14.83,-72.0,0.427
2024-05-02T03:18:03.000,28.22,2.79,1.65,19.83,20.38,13786,-15.01,-71.0,0.427
2024-05-02T03:19:03.000,28.22,2.8,1.64,19.84,20.38,13787,-15.19,-71.0,0.427
2024-05-02T03:20:04.000,28.22,2.8,1.63,19.85,20.38,13788,-15.38,-71.0,0.426
2024-05-02T03:21:04.000,28.22,2.78,1.63,19.85,20.38,13789,-15.56,-71.0,0.426
2024-05-02T03:22:04.000,28.19,2.77,1.63,19.85,20.38,13790,-15.75,-71.0,0.426
2024-05-02T03:23:04.000,28.13,2.58,1.68,19.82,20.38,13791,-15.93,-71.0,0.426
2024-05-02T03:24:04.000,28.07,2.66,1.65,19.84,20.38,13792,-16.11,-70.0,0.426
2024-05-02T03:25:04.000,28.05,2.68,1.62,19.86,20.38,13793,-16.29,-70.0,0.426
2024-05-02T03:27:04.000,28.01,2.67,1.66,19.83,20.38,13795,-16.65,-70.0,0.426
2024-05-02T03:28:05.000,27.96,2.61,1.65,19.84,20.38,13796,-16.84,-70.0,0.426
2024-05-02T03:29:05.000,27.92,2.61,1.66,19.83,20.38,13797,-17.02,-70.0,0.426
2024-05-02T03:30:05.000,27.88,2.62,1.65,19.84,20.38,13798,-17.2,-69.0,0.426
2024-05-02T03:31:05.000,27.84,2.61,1.78,19.77,20.38,13799,-17.38,-69.0,0.426
2024-05-02T03:32:05.000,27.81,2.63,1.66,19.83,20.38,13800,-17.56,-69.0,0.426
2024-05-02T03:33:06.000,27.76,2.6,1.62,19.86,20.38,13801,-17.74,-69.0,0.425
2024-05-02T03:34:06.000,27.73,2.69,1.62,19.86,20.38,13802,-17.92,-69.0,0.425
2024-05-02T03:35:06.000,27.71,2.65,1.66,19.83,20.38,13803,-18.1,-69.0,0.425
2024-05-02T03:36:06.000,27.69,2.77,1.61,19.86,20.38,13804,-18.27,-68.0,0.425
2024-05-02T03:37:06.000,27.68,2.72,1.62,19.86,20.38,13805,-18.45,-68.0,0.425
2024-05-02T03:38:06.000,27.67,2.81,1.61,19.86,20.38,13806,-18.63,-68.0,0.425
2024-05-02T03:39:07.000,27.68,2.82,1.6,19.87,20.38,13807,-18.81,-68.0,0.425
2024-05-02T03:40:07.000,27.67,2.78,1.6,19.87,20.38,13808,-18.98,-68.0,0.425
2024-05-02T03:41:07.000,27.67,2.83,1.6,19.87,20.38,13809,-19.16,-68.0,0.425
2024-05-02T03:42:07.000,27.66,2.79,1.59,19.87,20.38,13810,-19.34,-67.0,0.425
2024-05-02T03:43:07.000,27.64,2.81,1.59,19.87,20.38,13811,-19.51,-67.0,0.425
2024-05-02T03:44:07.000,27.63,2.82,1.6,19.87,20.38,13812,-19.69,-67.0,0.425
2024-05-02T03:45:08.000,27.62,2.81,1.6,19.87,20.38,13813,-19.86,-67.0,0.425
2024-05-02T03:46:08.000,27.61,2.8,1.6,19.87,20.38,13814,-20.04,-67.0,0.424
2024-05-02T03:47:08.000,27.62,2.85,1.6,19.87,20.38,13815,-20.21,-67.0,0.424
2024-05-02T03:48:08.000,27.59,2.8,1.6,19.87,20.38,13816,-20.39,-66.0,0.424
2024-05-02T03:49:08.000,27.59,2.84,1.59,19.87,20.38,13817,-20.56,-66.0,0.424
2024-05-02T03:50:08.000,27.57,2.79,1.59,19.88,20.38,13818,-20.73,-66.0,0.424
2024-05-02T03:51:09.000,27.57,2.78,1.58,19.88,20.38,13819,-20.91,-66.0,0.424
2024-05-02T03:52:08.000,27.52,2.67,1.59,19.88,20.38,13820,-21.08,-66.0,0.424
2024-05-02T03:53:09.000,27.48,2.76,1.58,19.88,20.38,13821,-21.25,-65.0,0.424
2024-05-02T03:54:09.000,27.5,2.84,1.58,19.88,20.38,13822,-21.42,-65.0,0.424
2024-05-02T03:55:09.000,27.5,2.75,1.58,19.88,20.38,13823,-21.59,-65.0,0.424
2024-05-02T03:56:09.000,27.45,2.67,1.57,19.89,20.38,13824,-21.76,-65.0,0.424
2024-05-02T03:57:09.000,27.42,2.63,1.57,19.89,20.38,13825,-21.93,-65.0,0.424
2024-05-02T03:58:09.000,27.4,2.62,1.57,19.89,20.38,13826,-22.1,-65.0,0.423
2024-05-02T03:59:10.000,27.36,2.55,1.57,19.89,20.38,13827,-22.28,-64.0,0.423
2024-05-02T04:00:10.000,27.35,2.58,1.57,19.89,20.38,13828,-22.45,-64.0,0.423
2024-05-02T04:01:10.000,27.36,2.59,1.56,19.89,20.38,13829,-22.61,-64.0,0.423
2024-05-02T04:02:10.000,27.36,2.59,1.56,19.89,20.38,13830,-22.78,-64.0,0.423
2024-05-02T04:03:11.000,27.35,2.58,1.56,19.89,20.38,13831,-22.95,-64.0,0.423
2024-05-02T04:04:10.000,27.35,2.58,1.57,19.89,20.38,13832,-23.12,-63.0,0.423
2024-05-02T04:05:11.000,27.32,2.49,1.56,19.89,20.38,13833,-23.29,-63.0,0.423
2024-05-02T04:06:11.000,27.26,2.44,1.56,19.9,20.38,13834,-23.45,-63.0,0.423
2024-05-02T04:07:11.000,27.21,2.38,1.56,19.9,20.38,13835,-23.62,-63.0,0.423
2024-05-02T04:08:11.000,27.16,2.42,1.56,19.9,20.38,13836,-23.78,-63.0,0.423
2024-05-02T04:09:11.000,27.15,2.45,1.56,19.9,20.38,13837,-23.95,-63.0,0.423
2024-05-02T04:10:11.000,27.14,2.45,1.57,19.89,20.38,13838,-24.11,-62.0,0.423
2024-05-02T04:11:11.000,27.1,2.36,1.62,19.86,20.38,13839,-24.28,-62.0,0.422
2024-05-02T04:12:11.000,27.02,2.36,1.58,19.88,20.38,13840,-24.44,-62.0,0.422
2024-05-02T04:13:12.000,26.95,2.27,1.58,19.88,20.38,13841,-24.61,-62.0,0.422
2024-05-02T04:14:13.000,26.89,2.25,1.58,19.89,20.38,13842,-24.77,-62.0,0.422
2024-05-02T04:15:13.000,26.83,2.26,1.58,19.88,20.38,13843,-24.94,-61.0,0.422
2024-05-02T04:16:14.000,26.79,2.34,1.58,19.89,20.38,13844,-25.1,-61.0,0.422
2024-05-02T04:19:14.000,26.71,2.34,1.57,19.89,20.38,13847,-25.58,-61.0,0.422
2024-05-02T04:20:15.000,26.7,2.38,1.56,19.9,20.38,13848,-25.74,-60.0,0.422
2024-05-02T04:21:16.000,26.7,2.4,1.56,19.9,20.38,13849,-25.91,-60.0,0.422
2024-05-02T04:22:16.000,26.7,2.3,1.56,19.9,20.38,13850,-26.07,-60.0,0.422
2024-05-02T04:23:16.000,26.66,2.23,1.55,19.9,20.38,13851,-26.22,-60.0,0.422
2024-05-02T04:24:16.000,26.57,2.15,1.55,19.9,20.38,13852,-26.38,-60.0,0.421
2024-05-02T04:25:16.000,26.52,2.11,1.55,19.91,20.38,13853,-26.54,-60.0,0.421
2024-05-02T04:26:17.000,26.47,2.11,1.55,19.91,20.38,13854,-26.7,-59.0,0.421
2024-05-02T04:27:17.000,26.43,2.18,1.55,19.91,20.38,13855,-26.86,-59.0,0.421
2024-05-02T04:28:17.000,26.47,2.28,1.54,19.91,20.38,13856,-27.01,-59.0,0.421
2024-05-02T04:29:17.000,26.42,2.1,1.54,19.91,20.38,13857,-27.17,-59.0,0.421
2024-05-02T04:30:17.000,26.37,2.14,1.54,19.91,20.38,13858,-27.32,-59.0,0.421
2024-05-02T04:31:17.000,26.37,2.25,1.54,19.91,20.38,13859,-27.48,-58.0,0.421
2024-05-02T04:32:17.000,26.35,2.18,1.54,19.91,20.38,13860,-27.63,-58.0,0.421
2024-05-02T04:33:17.000,26.32,2.15,1.56,19.9,20.38,13861,-27.78,-58.0,0.421
2024-05-02T04:34:17.000,26.31,2.16,1.53,19.92,20.38,13862,-27.94,-58.0,0.421
2024-05-02T04:35:18.000,26.29,2.18,1.53,19.92,20.38,13863,-28.09,-58.0,0.421
2024-05-02T04:36:17.000,26.29,2.18,1.52,19.92,20.38,13864,-28.24,-57.0,0.42
2024-05-02T04:38:18.000,26.29,2.17,1.52,19.93,20.38,13866,-28.54,-57.0,0.42
2024-05-02T04:39:18.000,26.3,2.15,1.52,19.93,20.38,13867,-28.69,-57.0,0.42
2024-05-02T04:40:18.000,26.29,2.11,1.52,19.93,20.38,13868,-28.84,-57.0,0.42
2024-05-02T04:41:18.000,26.29,2.18,1.52,19.93,20.38,13869,-28.99,-56.0,0.42
2024-05-02T04:42:18.000,26.31,2.23,1.52,19.93,20.38,13870,-29.14,-56.0,0.42
2024-05-02T04:43:18.000,26.34,2.15,1.52,19.93,20.38,13871,-29.29,-56.0,0.42
2024-05-02T04:44:19.000,26.34,2.13,1.52,19.93,20.38,13872,-29.44,-56.0,0.42
2024-05-02T04:45:19.000,26.32,1.97,1.51,19.93,20.38,13873,-29.58,-56.0,0.42
2024-05-02T04:46:19.000,26.24,1.9,1.52,19.93,20.38,13874,-29.73,-55.0,0.42
2024-05-02T04:47:19.000,26.21,1.88,1.56,19.9,20.38,13875,-29.88,-55.0,0.42
2024-05-02T04:48:19.000,26.13,1.86,1.49,19.95,20.38,13876,-30.02,-55.0,0.42
2024-05-02T04:49:19.000,26.11,1.96,1.48,19.95,20.38,13877,-30.17,-55.0,0.419
2024-05-02T04:50:21.000,26.07,1.88,1.48,19.95,20.38,13878,-30.31,-55.0,0.419
2024-05-02T04:51:22.000,26.07,1.99,1.52,19.93,20.38,13879,-30.46,-54.0,0.419
2024-05-02T04:52:21.000,26.06,1.88,1.48,19.95,20.38,13880,-30.6,-54.0,0.419
2024-05-02T04:53:22.000,26.08,2.02,1.47,19.96,20.38,13881,-30.74,-54.0,0.419
2024-05-02T04:54:22.000,26.08,1.88,1.47,19.96,20.38,13882,-30.88,-54.0,0.419
2024-05-02T04:55:22.000,26.06,1.81,1.47,19.96,20.38,13883,-31.02,-54.0,0.419
2024-05-02T04:57:22.000,26.03,1.84,1.47,19.96,20.38,13885,-31.3,-53.0,0.419
2024-05-02T04:59:22.000,25.98,1.65,1.47,19.96,20.38,13887,-31.58,-53.0,0.419
2024-05-02T05:01:22.000,25.89,1.69,1.45,19.97,20.38,13889,-31.85,-52.0,0.419
2024-05-02T05:03:22.000,25.83,1.66,1.45,19.98,20.38,13891,-32.13,-52.0,0.418
2024-05-02T05:04:23.000,25.82,1.67,1.45,19.98,20.38,13892,-32.26,-52.0,0.418
2024-05-02T05:05:23.000,25.82,1.7,1.45,19.98,20.38,13893,-32.4,-52.0,0.418
2024-05-02T05:06:23.000,25.83,1.68,1.45,19.98,20.38,13894,-32.53,-51.0,0.418
2024-05-02T05:07:23.000,25.83,1.66,1.45,19.98,20.38,13895,-32.66,-51.0,0.418
2024-05-02T05:08:23.000,25.83,1.62,1.45,19.98,20.38,13896,-32.79,-51.0,0.418
2024-05-02T05:09:23.000,25.85,1.67,1.45,19.98,20.38,13897,-32.92,-51.0,0.418
2024-05-02T05:10:25.000,25.88,1.59,1.44,19.98,20.38,13898,-33.06,-51.0,0.418
2024-05-02T05:11:25.000,25.89,1.51,1.45,19.98,20.38,13899,-33.19,-50.0,0.418
2024-05-02T05:12:25.000,25.91,1.51,1.44,19.98,20.38,13900,-33.32,-50.0,0.418
2024-05-02T05:13:25.000,25.93,1.5,1.45,19.98,20.38,13901,-33.45,-50.0,0.418
2024-05-02T05:14:26.000,25.96,1.55,1.45,19.98,20.38,13902,-33.58,-50.0,0.418
2024-05-02T05:15:26.000,26.01,1.54,1.42,20.0,20.38,13903,-33.7,-50.0,0.417
2024-05-02T05:16:26.000,26.01,1.49,1.35,20.05,20.38,13904,-33.83,-49.0,0.417
2024-05-02T05:17:27.000,26.01,1.35,1.35,20.05,20.38,13905,-33.96,-49.0,0.417
2024-05-02T05:18:27.000,25.93,1.15,1.35,20.05,20.38,13906,-34.08,-49.0,0.417
2024-05-02T05:19:27.000,25.87,1.17,1.35,20.05,20.38,13907,-34.21,-49.0,0.417
2024-05-02T05:20:28.000,25.84,1.19,1.35,20.05,20.38,13908,-34.33,-49.0,0.417
2024-05-02T05:21:28.000,25.81,1.11,1.35,20.06,20.38,13909,-34.45,-48.0,0.417
2024-05-02T05:22:28.000,25.75,1.04,1.35,20.06,20.38,13910,-34.58,-48.0,0.417
2024-05-02T05:24:28.000,25.66,0.96,1.35,20.05,20.38,13912,-34.82,-48.0,0.417
2024-05-02T05:26:28.000,25.64,0.95,1.34,20.06,20.38,13914,-35.05,-47.0,0.417
2024-05-02T05:28:28.000,25.62,0.93,1.34,20.06,20.38,13916,-35.29,-47.0,0.416
2024-05-02T05:29:28.000,25.59,0.91,1.34,20.06,20.38,13917,-35.4,-47.0,0.416
2024-05-02T05:30:28.000,25.57,0.94,1.34,20.06,20.38,13918,-35.52,-47.0,0.416
2024-05-02T05:32:28.000,25.52,0.99,1.35,20.06,20.38,13920,-35.75,-46.0,0.416
2024-05-02T05:33:28.000,25.5,1.02,1.35,20.05,20.38,13921,-35.86,-46.0,0.416
2024-05-02T05:34:29.000,25.45,0.83,1.34,20.07,20.38,13922,-35.98,-46.0,0.416
2024-05-02T05:39:29.000,24.91,0.41,1.3,20.09,20.38,13927,-36.52,-45.0,0.416
2024-05-02T05:43:31.000,24.8,0.69,1.3,20.1,20.38,13931,-36.95,-44.0,0.415
2024-05-02T05:44:31.000,24.82,0.68,1.3,20.09,20.38,13932,-37.05,-44.0,0.415
2024-05-02T05:45:31.000,24.8,0.65,1.3,20.09,20.38,13933,-37.16,-44.0,0.415
2024-05-02T05:46:31.000,24.74,0.53,1.3,20.09,20.38,13934,-37.26,-43.0,0.415
2024-05-02T05:47:31.000,24.7,0.62,1.3,20.1,20.38,13935,-37.36,-43.0,0.415
2024-05-02T05:48:31.000,24.66,0.48,1.3,20.1,20.38,13936,-37.46,-43.0,0.415
2024-05-02T05:49:31.000,24.62,0.49,1.29,20.1,20.38,13937,-37.56,-43.0,0.415
2024-05-02T05:50:31.000,24.61,0.53,1.29,20.1,20.38,13938,-37.66,-43.0,0.415
2024-05-02T05:52:33.000,24.39,0.24,1.29,20.1,20.38,13940,-37.85,-42.0,0.415
2024-05-02T05:54:34.000,24.11,0.14,1.29,20.11,20.38,13942,-38.05,-42.0,0.414
2024-05-02T05:55:34.000,24.0,0.09,1.29,20.1,20.38,13943,-38.14,-42.0,0.414
2024-05-02T06:15:51.000,23.37,-0.03,1.26,20.13,20.38,13962,-39.83,-37.0,0.413
2024-05-02T06:16:51.000,23.36,-0.01,1.26,20.13,20.38,13963,-39.9,-37.0,0.413
2024-05-02T06:18:51.000,23.33,0.01,1.26,20.13,20.38,13965,-40.04,-37.0,0.412
