Downloads/jupyter/ECSV/stars19/stars19_2023-03.ecsv
# %ECSV 1.0
# ---
# datatype:
# - {name: time, datatype: string}
# - {name: Enclosure Temperature, unit: deg_C, datatype: float64}
# - {name: Sky Temperature, unit: deg_C, datatype: float64}
# - {name: Frequency, unit: Hz, datatype: float64}
# - {name: MSAS, unit: mag / arcsec2, datatype: float64}
# - {name: ZP, datatype: float64}
# - {name: Sequence Number, datatype: int64}
# - {name: Sun Alt, unit: deg, datatype: float64}
# - {name: Moon Alt, unit: deg, datatype: float64}
# - {name: Moon Illumination, datatype: float64}
# delimiter: ','
# meta: !!omap
# - ida:
#     Data supplier: {affiliation: null, observer: null}
#     Device type: TESS-W
#     Field of view: 17.0
#     Filters per channel: None
#     Instrument ID: stars19
#     License: ODbL 1.0 http://opendatacommons.org/licenses/odbl/summary/
#     Local timezone: America/Phoenix
#     Location name: {country: '- Tucson', place: Tucson, region: United States, sub_region: Arizona, town: Pima County}
#     Measurement direction per channel: {azimuth: 0.0, zenital: 0.0}
#     Moving / Fixed look direction: FIXED
#     Moving / Stationary position: STATIONARY
#     Number of channels: 1
#     Number of fields per line: 8
#     Number of header lines: 35
#     Position: {height: 0.0, latitude: 32.223877, longitude: -110.767532}
#     TESS MAC address: 18:FE:34:CF:EC:06
#     TESS cover offset value: 0.0
#     TESS firmware version: '1.0'
#     TESS zero point: 20.38
#     Time Synchronization: timestamp added by MQTT subscriber
#     URL: http://www.darksky.org/NSBM/sdf1.0.pdf
# - __serialized_columns__:
#     Enclosure Temperature:
#       __class__: astropy.units.quantity.Quantity
#       unit: &id001 !astropy.units.Unit {unit: deg_C}
#       value: !astropy.table.SerializedColumn {name: Enclosure Temperature}
#     Frequency:
#       __class__: astropy.units.quantity.Quantity
#       unit: !astropy.units.Unit {unit: Hz}
#       value: !astropy.table.SerializedColumn {name: Frequency}
#     MSAS:
#       __class__: astropy.units.quantity.Quantity
#       unit: !astropy.units.Unit {unit: mag / arcsec2}
#       value: !astropy.table.SerializedColumn {name: MSAS}
#     Moon Alt:
#       __class__: astropy.units.quantity.Quantity
#       unit: &id002 !astropy.units.Unit {unit: deg}
#       value: !astropy.table.SerializedColumn {name: Moon Alt}
#     Sky Temperature:
#       __class__: astropy.units.quantity.Quantity
#       unit: *id001
#       value: !astropy.table.SerializedColumn {name: Sky Temperature}
#     Sun Alt:
#       __class__: astropy.units.quantity.Quantity
#       unit: *id002
#       value: !astropy.table.SerializedColumn {name: Sun Alt}
#     time:
#       __class__: astropy.time.core.Time
#       format: isot
#       in_subfmt: '*'
#       out_subfmt: '*'
#       precision: 3
#       scale: utc
#       value: !astropy.table.SerializedColumn {name: time}
# schema: astropy-2.0
time,Enclosure Temperature,Sky Temperature,Frequency,MSAS,ZP,Sequence Number,Sun Alt,Moon Alt,Moon Illumination
[from data line 9053]
2023-03-19T04:58:26.000,15.26,-9.21,1.82,19.73,20.38,99279,-42.19,-75.0,0.091
2023-03-19T04:59:26.000,15.14,-9.27,1.88,19.7,20.38,99280,-42.37,-75.0,0.091
2023-03-19T05:00:29.000,15.1,-8.96,1.9,19.68,20.38,99281,-42.55,-75.0,0.09
2023-03-19T05:01:28.000,15.02,-8.94,1.94,19.66,20.38,99282,-42.72,-75.0,0.09
2023-03-19T05:02:28.000,15.06,-8.68,1.95,19.66,20.38,99283,-42.9,-75.0,0.09
2023-03-19T05:03:28.000,15.1,-8.52,1.91,19.68,20.38,99284,-43.07,-75.0,0.09
2023-03-19T05:04:29.000,15.07,-8.88,1.86,19.71,20.38,99285,-43.25,-75.0,0.09
2023-03-19T05:05:29.000,15.01,-8.77,1.92,19.67,20.38,99286,-43.42,-75.0,0.09
2023-03-19T05:06:29.000,15.01,-8.65,1.9,19.68,20.38,99287,-43.59,-75.0,0.09
2023-03-19T05:07:29.000,15.06,-8.59,1.85,19.71,20.38,99288,-43.76,-75.0,0.09
2023-03-19T05:08:29.000,15.01,-8.94,1.8,19.74,20.38,99289,-43.93,-76.0,0.09
2023-03-19T05:09:30.000,15.01,-8.74,1.76,19.76,20.38,99290,-44.11,-76.0,0.09
2023-03-19T05:10:30.000,15.1,-8.71,1.7,19.81,20.38,99291,-44.28,-76.0,0.09
2023-03-19T05:11:30.000,15.1,-9.05,1.68,19.81,20.38,99292,-44.45,-76.0,0.09
2023-03-19T05:12:30.000,15.06,-8.98,1.68,19.81,20.38,99293,-44.62,-76.0,0.09
2023-03-19T05:13:30.000,15.12,-8.81,1.69,19.81,20.38,99294,-44.78,-76.0,0.09
2023-03-19T05:14:30.000,15.23,-8.75,1.59,19.88,20.38,99295,-44.95,-76.0,0.09
2023-03-19T05:15:30.000,15.29,-8.7,1.59,19.88,20.38,99296,-45.12,-76.0,0.09
2023-03-19T05:16:32.000,15.35,-8.79,1.65,19.84,20.38,99297,-45.29,-76.0,0.09
2023-03-19T05:17:31.000,15.36,-8.92,1.65,19.83,20.38,99298,-45.45,-76.0,0.09
2023-03-19T05:18:31.000,15.36,-8.89,1.66,19.83,20.38,99299,-45.62,-76.0,0.09
2023-03-19T05:19:31.000,15.39,-8.92,1.66,19.83,20.38,99300,-45.78,-76.0,0.09
2023-03-19T05:20:33.000,15.44,-8.67,1.66,19.83,20.38,99301,-45.95,-76.0,0.09
2023-03-19T05:21:33.000,15.56,-8.68,1.65,19.84,20.38,99302,-46.12,-76.0,0.089
2023-03-19T05:22:33.000,15.5,-9.25,1.64,19.84,20.38,99303,-46.28,-76.0,0.089
2023-03-19T05:23:34.000,15.3,-9.49,1.68,19.82,20.38,99304,-46.44,-76.0,0.089
2023-03-19T05:24:34.000,15.23,-9.27,1.76,19.77,20.38,99305,-46.61,-76.0,0.089
2023-03-19T05:25:34.000,15.28,-9.06,1.77,19.76,20.38,99306,-46.77,-76.0,0.089
2023-03-19T05:26:34.000,15.28,-9.19,1.78,19.75,20.38,99307,-46.93,-76.0,0.089
2023-03-19T05:27:34.000,15.22,-9.39,1.78,19.75,20.38,99308,-47.09,-76.0,0.089
2023-03-19T05:28:34.000,15.13,-9.49,1.78,19.75,20.38,99309,-47.25,-76.0,0.089
2023-03-19T05:29:34.000,14.99,-9.67,1.77,19.76,20.38,99310,-47.4,-76.0,0.089
2023-03-19T05:30:34.000,14.94,-9.3,1.76,19.77,20.38,99311,-47.56,-76.0,0.089
2023-03-19T05:31:34.000,14.98,-9.11,1.76,19.76,20.38,99312,-47.72,-76.0,0.089
2023-03-19T05:32:34.000,14.99,-9.37,1.79,19.75,20.38,99313,-47.87,-76.0,0.089
2023-03-19T05:33:34.000,14.96,-9.33,1.74,19.78,20.38,99314,-48.03,-76.0,0.089
2023-03-19T05:34:34.000,14.94,-9.19,1.78,19.75,20.38,99315,-48.18,-76.0,0.089
2023-03-19T05:35:35.000,15.06,-8.83,1.82,19.73,20.38,99316,-48.34,-76.0,0.089
2023-03-19T05:36:35.000,15.09,-9.11,1.83,19.72,20.38,99317,-48.49,-76.0,0.089
2023-03-19T05:37:35.000,15.03,-9.17,1.83,19.72,20.38,99318,-48.64,-76.0,0.089
2023-03-19T05:38:35.000,14.99,-9.34,1.74,19.78,20.38,99319,-48.8,-76.0,0.089
2023-03-19T05:39:35.000,14.87,-9.64,1.69,19.81,20.38,99320,-48.95,-76.0,0.089
2023-03-19T05:41:36.000,14.78,-9.59,1.59,19.88,20.38,99322,-49.25,-76.0,0.089
2023-03-19T05:42:37.000,14.78,-9.56,1.59,19.88,20.38,99323,-49.4,-76.0,0.088
2023-03-19T05:43:37.000,14.78,-9.61,1.59,19.87,20.38,99324,-49.55,-76.0,0.088
2023-03-19T05:44:38.000,14.81,-9.51,1.58,19.88,20.38,99325,-49.69,-76.0,0.088
2023-03-19T05:45:38.000,14.76,-9.81,1.57,19.89,20.38,99326,-49.84,-76.0,0.088
2023-03-19T05:46:38.000,14.73,-9.65,1.57,19.89,20.38,99327,-49.98,-76.0,0.088
2023-03-19T05:47:38.000,14.77,-9.51,1.56,19.9,20.38,99328,-50.13,-76.0,0.088
2023-03-19T05:48:39.000,14.75,-9.63,1.46,19.97,20.38,99329,-50.27,-75.0,0.088
2023-03-19T05:49:39.000,14.84,-9.14,1.45,19.97,20.38,99330,-50.42,-75.0,0.088
2023-03-19T05:50:39.000,14.97,-9.3,1.46,19.97,20.38,99331,-50.56,-75.0,0.088
2023-03-19T05:51:41.000,15.01,-9.34,1.45,19.98,20.38,99332,-50.7,-75.0,0.088
2023-03-19T05:52:40.000,15.05,-9.46,1.45,19.97,20.38,99333,-50.84,-75.0,0.088
2023-03-19T05:53:40.000,15.0,-9.61,1.46,19.97,20.38,99334,-50.98,-75.0,0.088
2023-03-19T05:54:40.000,14.98,-9.53,1.46,19.97,20.38,99335,-51.12,-75.0,0.088
2023-03-19T05:55:41.000,14.97,-9.64,1.47,19.96,20.38,99336,-51.26,-75.0,0.088
2023-03-19T05:56:41.000,14.95,-9.53,1.48,19.95,20.38,99337,-51.39,-75.0,0.088
2023-03-19T05:57:41.000,14.9,-9.67,1.5,19.94,20.38,99338,-51.53,-75.0,0.088
2023-03-19T06:00:45.000,15.02,-9.33,1.46,19.97,20.38,99341,-51.93,-74.0,0.088
2023-03-19T06:01:44.000,15.06,-9.24,1.45,19.98,20.38,99342,-52.06,-74.0,0.088
2023-03-19T06:02:45.000,15.12,-9.34,1.45,19.98,20.38,99343,-52.19,-74.0,0.088
2023-03-19T06:03:45.000,15.07,-9.53,1.45,19.98,20.38,99344,-52.32,-74.0,0.087
2023-03-19T06:04:45.000,15.04,-9.37,1.46,19.97,20.38,99345,-52.45,-74.0,0.087
2023-03-19T06:05:45.000,15.08,-9.19,1.48,19.96,20.38,99346,-52.58,-74.0,0.087
2023-03-19T06:06:45.000,15.16,-9.12,1.49,19.95,20.38,99347,-52.7,-74.0,0.087
2023-03-19T06:07:45.000,15.14,-9.61,1.51,19.93,20.38,99348,-52.83,-74.0,0.087
2023-03-19T06:08:45.000,14.95,-9.84,1.53,19.92,20.38,99349,-52.95,-74.0,0.087
2023-03-19T06:09:45.000,14.83,-9.7,1.54,19.91,20.38,99350,-53.07,-74.0,0.087
2023-03-19T06:10:45.000,14.82,-9.52,1.53,19.92,20.38,99351,-53.19,-73.0,0.087
2023-03-19T06:11:45.000,14.77,-9.65,1.51,19.93,20.38,99352,-53.32,-73.0,0.087
2023-03-19T06:12:45.000,14.74,-9.71,1.46,19.97,20.38,99353,-53.43,-73.0,0.087
2023-03-19T06:13:45.000,14.67,-9.76,1.45,19.98,20.38,99354,-53.55,-73.0,0.087
2023-03-19T06:14:45.000,14.64,-9.77,1.43,19.99,20.38,99355,-53.67,-73.0,0.087
2023-03-19T06:15:47.000,14.66,-9.7,1.45,19.98,20.38,99356,-53.79,-73.0,0.087
2023-03-19T06:16:46.000,14.57,-10.0,1.51,19.93,20.38,99357,-53.9,-73.0,0.087
2023-03-19T06:17:46.000,14.57,-9.63,1.51,19.93,20.38,99358,-54.01,-73.0,0.087
2023-03-19T06:18:46.000,14.61,-9.76,1.53,19.92,20.38,99359,-54.13,-72.0,0.087
2023-03-19T06:19:46.000,14.57,-9.84,1.56,19.9,20.38,99360,-54.24,-72.0,0.087
2023-03-19T06:20:47.000,14.52,-9.94,1.56,19.89,20.38,99361,-54.35,-72.0,0.087
2023-03-19T06:21:47.000,14.46,-9.83,1.55,19.9,20.38,99362,-54.46,-72.0,0.087
2023-03-19T06:22:47.000,14.49,-9.67,1.43,19.99,20.38,99363,-54.57,-72.0,0.087
2023-03-19T06:23:48.000,14.5,-9.72,1.5,19.94,20.38,99364,-54.67,-72.0,0.087
2023-03-19T06:24:48.000,14.56,-9.62,1.52,19.93,20.38,99365,-54.78,-72.0,0.086
2023-03-19T06:25:48.000,14.56,-9.7,1.55,19.91,20.38,99366,-54.88,-71.0,0.086
2023-03-19T06:27:48.000,14.57,-9.71,1.43,19.99,20.38,99368,-55.08,-71.0,0.086
2023-03-19T06:28:49.000,14.63,-9.49,1.4,20.02,20.38,99369,-55.19,-71.0,0.086
2023-03-19T06:29:49.000,14.69,-9.56,1.39,20.02,20.38,99370,-55.28,-71.0,0.086
2023-03-19T06:30:49.000,14.67,-9.84,1.4,20.02,20.38,99371,-55.38,-71.0,0.086
2023-03-19T06:31:49.000,14.57,-10.03,1.42,20.0,20.38,99372,-55.48,-71.0,0.086
2023-03-19T06:32:49.000,14.55,-9.84,1.41,20.01,20.38,99373,-55.57,-70.0,0.086
2023-03-19T06:33:49.000,14.6,-9.59,1.42,20.0,20.38,99374,-55.66,-70.0,0.086
2023-03-19T06:34:49.000,14.6,-9.83,1.44,19.99,20.38,99375,-55.76,-70.0,0.086
2023-03-19T06:35:50.000,14.6,-9.77,1.45,19.97,20.38,99376,-55.85,-70.0,0.086
2023-03-19T06:36:49.000,14.57,-9.8,1.47,19.96,20.38,99377,-55.93,-70.0,0.086
2023-03-19T06:37:49.000,14.58,-9.75,1.49,19.95,20.38,99378,-56.02,-70.0,0.086
2023-03-19T06:38:49.000,14.56,-9.81,1.52,19.92,20.38,99379,-56.11,-69.0,0.086
2023-03-19T06:39:50.000,14.54,-9.83,1.55,19.9,20.38,99380,-56.19,-69.0,0.086
2023-03-19T06:40:50.000,14.47,-9.8,1.56,19.9,20.38,99381,-56.28,-69.0,0.086
2023-03-19T06:41:50.000,14.48,-9.79,1.55,19.91,20.38,99382,-56.36,-69.0,0.086
2023-03-19T06:42:50.000,14.46,-9.81,1.54,19.91,20.38,99383,-56.44,-69.0,0.086
2023-03-19T06:43:50.000,14.49,-9.66,1.53,19.92,20.38,99384,-56.52,-69.0,0.086
2023-03-19T06:44:51.000,14.52,-9.64,1.53,19.92,20.38,99385,-56.6,-69.0,0.086
2023-03-19T06:45:51.000,14.56,-9.5,1.55,19.9,20.38,99386,-56.67,-68.0,0.085
2023-03-19T06:46:51.000,14.59,-9.65,1.61,19.87,20.38,99387,-56.75,-68.0,0.085
2023-03-19T06:47:55.000,14.52,-9.66,1.61,19.86,20.38,99388,-56.82,-68.0,0.085
2023-03-19T06:48:55.000,14.56,-9.43,1.64,19.84,20.38,99389,-56.89,-68.0,0.085
2023-03-19T06:49:56.000,14.6,-9.32,1.68,19.82,20.38,99390,-56.97,-68.0,0.085
2023-03-19T06:50:56.000,14.63,-9.26,1.67,19.82,20.38,99391,-57.03,-68.0,0.085
2023-03-19T06:51:57.000,14.62,-9.24,1.74,19.78,20.38,99392,-57.1,-67.0,0.085
2023-03-19T06:52:57.000,14.6,-9.17,1.89,19.69,20.38,99393,-57.17,-67.0,0.085
2023-03-19T06:53:57.000,14.54,-9.3,2.08,19.58,20.38,99394,-57.23,-67.0,0.085
2023-03-19T06:54:57.000,14.49,-8.95,2.25,19.5,20.38,99395,-57.29,-67.0,0.085
2023-03-19T06:55:57.000,14.53,-8.55,2.39,19.43,20.38,99396,-57.35,-67.0,0.085
2023-03-19T06:56:57.000,14.59,-8.22,2.57,19.35,20.38,99397,-57.41,-66.0,0.085
2023-03-19T06:57:57.000,14.65,-7.9,2.84,19.25,20.38,99398,-57.47,-66.0,0.085
2023-03-19T06:58:58.000,14.64,-7.87,3.03,19.18,20.38,99399,-57.52,-66.0,0.085
2023-03-19T07:00:00.000,14.58,-7.8,3.19,19.12,20.38,99400,-57.58,-66.0,0.085
2023-03-19T07:01:00.000,14.51,-7.81,3.27,19.09,20.38,99401,-57.63,-66.0,0.085
2023-03-19T07:02:00.000,14.45,-7.7,3.26,19.1,20.38,99402,-57.68,-66.0,0.085
2023-03-19T07:03:00.000,14.38,-7.65,3.22,19.11,20.38,99403,-57.73,-65.0,0.085
2023-03-19T07:05:00.000,14.11,-8.02,3.03,19.18,20.38,99405,-57.82,-65.0,0.085
2023-03-19T07:08:01.000,14.11,-7.82,2.8,19.26,20.38,99408,-57.95,-65.0,0.084
2023-03-19T07:09:01.000,14.08,-8.14,2.75,19.28,20.38,99409,-57.99,-64.0,0.084
2023-03-19T07:10:01.000,14.07,-7.88,2.75,19.28,20.38,99410,-58.02,-64.0,0.084
2023-03-19T07:14:01.000,13.99,-7.78,2.94,19.21,20.38,99414,-58.16,-63.0,0.084
2023-03-19T07:16:02.000,14.04,-7.57,3.1,19.15,20.38,99416,-58.21,-63.0,0.084
2023-03-19T07:20:03.000,13.94,-7.49,3.38,19.06,20.38,99420,-58.3,-62.0,0.084
2023-03-19T07:22:03.000,14.02,-7.1,3.59,18.99,20.38,99422,-58.33,-62.0,0.084
2023-03-19T07:23:03.000,14.0,-7.34,3.69,18.96,20.38,99423,-58.35,-62.0,0.084
2023-03-19T07:24:04.000,13.95,-6.93,3.89,18.91,20.38,99424,-58.36,-62.0,0.084
2023-03-19T07:25:04.000,14.05,-6.58,4.06,18.86,20.38,99425,-58.37,-61.0,0.084
2023-03-19T07:26:04.000,14.1,-6.61,4.26,18.81,20.38,99426,-58.38,-61.0,0.084
2023-03-19T07:27:04.000,14.04,-6.71,4.51,18.74,20.38,99427,-58.39,-61.0,0.084
2023-03-19T07:28:04.000,14.03,-6.51,4.74,18.69,20.38,99428,-58.4,-61.0,0.084
2023-03-19T07:29:05.000,14.05,-6.11,4.9,18.65,20.38,99429,-58.4,-61.0,0.083
2023-03-19T07:30:05.000,14.06,-6.19,5.26,18.58,20.38,99430,-58.4,-60.0,0.083
2023-03-19T07:31:05.000,14.1,-5.97,5.37,18.56,20.38,99431,-58.4,-60.0,0.083
2023-03-19T07:32:05.000,14.1,-6.0,5.5,18.53,20.38,99432,-58.4,-60.0,0.083
2023-03-19T07:33:05.000,14.09,-5.8,5.81,18.47,20.38,99433,-58.4,-60.0,0.083
2023-03-19T07:34:06.000,14.13,-5.64,6.13,18.41,20.38,99434,-58.39,-60.0,0.083
2023-03-19T07:35:06.000,14.2,-5.65,5.99,18.44,20.38,99435,-58.39,-60.0,0.083
2023-03-19T07:36:08.000,14.17,-5.61,6.03,18.43,20.38,99436,-58.38,-59.0,0.083
2023-03-19T07:37:08.000,14.26,-5.37,6.41,18.36,20.38,99437,-58.37,-59.0,0.083
2023-03-19T07:38:08.000,14.27,-5.44,6.22,18.4,20.38,99438,-58.35,-59.0,0.083
2023-03-19T07:39:08.000,14.34,-5.21,6.36,18.37,20.38,99439,-58.34,-59.0,0.083
2023-03-19T07:40:08.000,14.44,-5.18,6.46,18.35,20.38,99440,-58.33,-59.0,0.083
2023-03-19T07:41:08.000,14.41,-5.6,6.26,18.39,20.38,99441,-58.31,-58.0,0.083
2023-03-19T07:42:10.000,14.42,-5.29,6.36,18.37,20.38,99442,-58.29,-58.0,0.083
2023-03-19T07:43:10.000,14.47,-5.19,6.43,18.36,20.38,99443,-58.27,-58.0,0.083
2023-03-19T07:44:10.000,14.5,-5.2,6.65,18.32,20.38,99444,-58.24,-58.0,0.083
2023-03-19T07:45:11.000,14.53,-5.16,6.72,18.31,20.38,99445,-58.22,-58.0,0.083
2023-03-19T07:46:11.000,14.55,-5.13,6.8,18.3,20.38,99446,-58.19,-57.0,0.083
2023-03-19T07:47:11.000,14.55,-5.08,6.83,18.29,20.38,99447,-58.17,-57.0,0.083
2023-03-19T07:48:14.000,14.53,-5.21,6.95,18.28,20.38,99448,-58.13,-57.0,0.083
2023-03-19T07:49:14.000,14.51,-4.91,7.14,18.25,20.38,99449,-58.1,-57.0,0.083
2023-03-19T07:50:14.000,14.58,-4.83,7.22,18.23,20.38,99450,-58.07,-57.0,0.083
2023-03-19T07:51:14.000,14.6,-4.89,7.45,18.2,20.38,99451,-58.04,-56.0,0.082
2023-03-19T07:52:15.000,14.55,-5.01,7.65,18.17,20.38,99452,-58.0,-56.0,0.082
2023-03-19T07:53:15.000,14.41,-5.22,8.16,18.1,20.38,99453,-57.96,-56.0,0.082
2023-03-19T07:54:15.000,14.34,-5.12,8.19,18.1,20.38,99454,-57.92,-56.0,0.082
2023-03-19T07:55:15.000,14.27,-4.99,8.01,18.12,20.38,99455,-57.88,-56.0,0.082
2023-03-19T07:56:15.000,14.28,-4.92,8.23,18.09,20.38,99456,-57.84,-55.0,0.082
2023-03-19T07:57:15.000,14.27,-4.94,8.12,18.11,20.38,99457,-57.79,-55.0,0.082
2023-03-19T07:58:15.000,14.15,-5.29,7.99,18.12,20.38,99458,-57.74,-55.0,0.082
2023-03-19T07:59:16.000,14.11,-5.01,8.02,18.12,20.38,99459,-57.7,-55.0,0.082
2023-03-19T08:00:18.000,14.05,-5.08,7.99,18.12,20.38,99460,-57.64,-55.0,0.082
2023-03-19T08:01:18.000,13.97,-5.1,8.13,18.1,20.38,99461,-57.59,-54.0,0.082
2023-03-19T08:02:18.000,13.93,-5.11,7.93,18.13,20.38,99462,-57.54,-54.0,0.082
2023-03-19T08:03:18.000,13.88,-4.99,8.16,18.1,20.38,99463,-57.48,-54.0,0.082
2023-03-19T08:04:18.000,13.91,-4.92,7.97,18.13,20.38,99464,-57.43,-54.0,0.082
2023-03-19T08:05:18.000,13.89,-4.94,7.86,18.14,20.38,99465,-57.37,-54.0,0.082
2023-03-19T08:07:18.000,13.77,-4.93,8.61,18.04,20.38,99467,-57.25,-53.0,0.082
2023-03-19T08:08:18.000,13.73,-5.0,8.32,18.08,20.38,99468,-57.19,-53.0,0.082
2023-03-19T08:09:18.000,13.75,-4.54,8.75,18.03,20.38,99469,-57.12,-53.0,0.082
2023-03-19T08:10:18.000,13.81,-4.74,8.99,18.0,20.38,99470,-57.06,-53.0,0.082
2023-03-19T08:11:18.000,13.77,-4.71,8.96,18.0,20.38,99471,-56.99,-53.0,0.082
2023-03-19T08:12:18.000,13.73,-4.73,9.16,17.97,20.38,99472,-56.92,-52.0,0.081
2023-03-19T08:13:18.000,13.7,-4.72,9.48,17.94,20.38,99473,-56.85,-52.0,0.081
2023-03-19T08:14:18.000,13.65,-4.56,9.59,17.92,20.38,99474,-56.78,-52.0,0.081
2023-03-19T08:15:19.000,13.61,-4.53,9.65,17.92,20.38,99475,-56.7,-52.0,0.081
2023-03-19T08:16:20.000,13.64,-4.43,9.75,17.91,20.38,99476,-56.62,-52.0,0.081
2023-03-19T08:17:20.000,13.68,-4.29,10.04,17.88,20.38,99477,-56.55,-51.0,0.081
2023-03-19T08:18:20.000,13.71,-4.17,10.27,17.85,20.38,99478,-56.47,-51.0,0.081
2023-03-19T08:19:20.000,13.75,-4.16,10.69,17.81,20.38,99479,-56.39,-51.0,0.081
2023-03-19T08:20:21.000,13.8,-3.84,10.98,17.78,20.38,99480,-56.31,-51.0,0.081
2023-03-19T08:21:21.000,13.89,-3.9,11.14,17.76,20.38,99481,-56.23,-51.0,0.081
2023-03-19T08:22:21.000,13.81,-4.3,11.24,17.75,20.38,99482,-56.14,-50.0,0.081
2023-03-19T08:23:21.000,13.68,-4.27,11.32,17.75,20.38,99483,-56.06,-50.0,0.081
2023-03-19T08:24:21.000,13.6,-4.13,11.38,17.74,20.38,99484,-55.97,-50.0,0.081
2023-03-19T08:25:21.000,13.64,-3.87,11.39,17.74,20.38,99485,-55.88,-50.0,0.081
2023-03-19T08:26:21.000,13.67,-3.92,11.34,17.74,20.38,99486,-55.79,-50.0,0.081
2023-03-19T08:27:21.000,13.64,-3.9,11.21,17.76,20.38,99487,-55.7,-49.0,0.081
2023-03-19T08:28:22.000,13.64,-3.87,10.96,17.78,20.38,99488,-55.61,-49.0,0.081
2023-03-19T08:29:22.000,13.66,-3.71,10.66,17.81,20.38,99489,-55.51,-49.0,0.081
2023-03-19T08:30:23.000,13.72,-3.73,10.39,17.84,20.38,99490,-55.42,-49.0,0.081
2023-03-19T08:31:22.000,13.73,-3.73,10.2,17.86,20.38,99491,-55.32,-49.0,0.081
2023-03-19T08:32:22.000,13.74,-3.72,10.11,17.87,20.38,99492,-55.22,-48.0,0.081
2023-03-19T08:33:23.000,13.75,-3.77,10.09,17.87,20.38,99493,-55.12,-48.0,0.081
2023-03-19T08:34:23.000,13.73,-3.75,10.2,17.86,20.38,99494,-55.02,-48.0,0.08
2023-03-19T08:35:24.000,13.73,-3.79,10.4,17.84,20.38,99495,-54.92,-48.0,0.08
2023-03-19T08:36:24.000,13.72,-3.73,10.6,17.82,20.38,99496,-54.81,-48.0,0.08
2023-03-19T08:37:24.000,13.74,-3.69,10.72,17.8,20.38,99497,-54.71,-47.0,0.08
2023-03-19T08:38:24.000,13.8,-3.52,10.74,17.8,20.38,99498,-54.61,-47.0,0.08
2023-03-19T08:39:24.000,13.77,-3.69,10.73,17.8,20.38,99499,-54.5,-47.0,0.08
2023-03-19T08:40:24.000,13.8,-3.59,10.68,17.81,20.38,99500,-54.39,-47.0,0.08
