Downloads/jupyter/ECSV/stars19/stars19_2021-11.ecsv
# %ECSV 1.0
# ---
# datatype:
# - {name: time, datatype: string}
# - {name: Enclosure Temperature, unit: deg_C, datatype: float64}
# - {name: Sky Temperature, unit: deg_C, datatype: float64}
# - {name: Frequency, unit: Hz, datatype: float64}
# - {name: MSAS, unit: mag / arcsec2, datatype: float64}
# - {name: ZP, datatype: float64}
# - {name: Sequence Number, datatype: int64}
# - {name: Sun Alt, unit: deg, datatype: float64}
# - {name: Moon Alt, unit: deg, datatype: float64}
# - {name: Moon Illumination, datatype: float64}
# delimiter: ','
# meta: !!omap
# - ida:
#     Data supplier: {affiliation: null, observer: null}
#     Device type: TESS-W
#     Field of view: 17.0
#     Filters per channel: None
#     Instrument ID: stars19
#     License: ODbL 1.0 http://opendatacommons.org/licenses/odbl/summary/
#     Local timezone: America/Phoenix
#     Location name: {country: '- Tucson', place: Tucson, region: United States, sub_region: Arizona, town: Pima County}
#     Measurement direction per channel: {azimuth: 0.0, zenital: 0.0}
#     Moving / Fixed look direction: FIXED
#     Moving / Stationary position: STATIONARY
#     Number of channels: 1
#     Number of fields per line: 8
#     Number of header lines: 35
#     Position: {height: 0.0, latitude: 32.223877, longitude: -110.767532}
#     TESS MAC address: 18:FE:34:CF:EC:06
#     TESS cover offset value: 0.0
#     TESS firmware version: '1.0'
#     TESS zero point: 20.5
#     Time Synchronization: timestamp added by MQTT subscriber
#     URL: http://www.darksky.org/NSBM/sdf1.0.pdf
# - __serialized_columns__:
#     Enclosure Temperature:
#       __class__: astropy.units.quantity.Quantity
#       unit: &id001 !astropy.units.Unit {unit: deg_C}
#       value: !astropy.table.SerializedColumn {name: Enclosure Temperature}
#     Frequency:
#       __class__: astropy.units.quantity.Quantity
#       unit: !astropy.units.Unit {unit: Hz}
#       value: !astropy.table.SerializedColumn {name: Frequency}
#     MSAS:
#       __class__: astropy.units.quantity.Quantity
#       unit: !astropy.units.Unit {unit: mag / arcsec2}
#       value: !astropy.table.SerializedColumn {name: MSAS}
#     Moon Alt:
#       __class__: astropy.units.quantity.Quantity
#       unit: &id002 !astropy.units.Unit {unit: deg}
#       value: !astropy.table.SerializedColumn {name: Moon Alt}
#     Sky Temperature:
#       __class__: astropy.units.quantity.Quantity
#       unit: *id001
#       value: !astropy.table.SerializedColumn {name: Sky Temperature}
#     Sun Alt:
#       __class__: astropy.units.quantity.Quantity
#       unit: *id002
#       value: !astropy.table.SerializedColumn {name: Sun Alt}
#     time:
#       __class__: astropy.time.core.Time
#       format: isot
#       in_subfmt: '*'
#       out_subfmt: '*'
#       precision: 3
#       scale: utc
#       value: !astropy.table.SerializedColumn {name: time}
# schema: astropy-2.0
time,Enclosure Temperature,Sky Temperature,Frequency,MSAS,ZP,Sequence Number,Sun Alt,Moon Alt,Moon Illumination
[from data line 21778]
2021-11-18T19:26:20.000,46.29,9.88,0.0,0.0,20.5,282112,38.18,-41.0,0.997
2021-11-18T19:27:20.000,46.4,9.51,0.0,0.0,20.5,282113,38.16,-40.0,0.997
2021-11-18T19:28:20.000,46.55,9.69,0.0,0.0,20.5,282114,38.14,-40.0,0.997
2021-11-18T19:29:20.000,46.54,8.56,0.0,0.0,20.5,282115,38.12,-40.0,0.997
2021-11-18T19:30:22.000,46.32,8.37,0.0,0.0,20.5,282116,38.09,-40.0,0.997
2021-11-18T19:31:21.000,46.16,9.3,0.0,0.0,20.5,282117,38.07,-40.0,0.997
2021-11-18T19:32:22.000,46.43,9.5,0.0,0.0,20.5,282118,38.04,-40.0,0.997
2021-11-18T19:33:22.000,46.48,9.17,0.0,0.0,20.5,282119,38.02,-40.0,0.997
2021-11-18T19:35:22.000,46.57,9.04,0.0,0.0,20.5,282121,37.96,-40.0,0.997
2021-11-18T19:36:22.000,46.67,9.45,0.0,0.0,20.5,282122,37.93,-40.0,0.997
2021-11-18T19:38:22.000,46.72,7.97,0.0,0.0,20.5,282124,37.86,-40.0,0.997
2021-11-18T19:39:22.000,46.67,8.88,0.0,0.0,20.5,282125,37.83,-40.0,0.997
2021-11-18T19:41:28.000,46.9,9.56,0.0,0.0,20.5,282127,37.76,-40.0,0.997
2021-11-18T19:42:28.000,46.95,8.46,0.0,0.0,20.5,282128,37.72,-40.0,0.997
2021-11-18T19:43:28.000,46.82,8.87,0.0,0.0,20.5,282129,37.68,-40.0,0.997
2021-11-18T19:45:34.000,46.6,7.2,0.0,0.0,20.5,282131,37.6,-39.0,0.997
2021-11-18T19:46:34.000,46.12,8.05,0.0,0.0,20.5,282132,37.56,-39.0,0.997
2021-11-18T19:47:34.000,46.06,8.14,0.0,0.0,20.5,282133,37.51,-39.0,0.997
2021-11-18T19:48:34.000,45.8,7.66,0.0,0.0,20.5,282134,37.47,-39.0,0.997
2021-11-18T19:49:34.000,45.6,7.3,0.0,0.0,20.5,282135,37.42,-39.0,0.997
2021-11-18T19:51:54.000,44.52,7.16,0.0,0.0,20.5,282137,37.32,-39.0,0.997
2021-11-18T19:52:54.000,44.63,8.67,0.0,0.0,20.5,282138,37.27,-39.0,0.997
2021-11-18T19:53:54.000,45.0,9.0,0.0,0.0,20.5,282139,37.22,-39.0,0.997
2021-11-18T19:54:54.000,45.15,7.45,0.0,0.0,20.5,282140,37.17,-39.0,0.997
2021-11-18T19:55:54.000,44.87,7.66,0.0,0.0,20.5,282141,37.12,-39.0,0.997
2021-11-18T19:56:54.000,45.15,8.63,0.0,0.0,20.5,282142,37.07,-39.0,0.997
2021-11-18T19:57:54.000,45.08,7.5,0.0,0.0,20.5,282143,37.01,-39.0,0.997
2021-11-18T19:58:54.000,44.98,7.91,0.0,0.0,20.5,282144,36.96,-38.0,0.997
2021-11-18T19:59:54.000,44.58,5.67,0.0,0.0,20.5,282145,36.9,-38.0,0.997
2021-11-18T20:00:54.000,44.02,6.08,0.0,0.0,20.5,282146,36.85,-38.0,0.997
2021-11-18T20:01:54.000,43.93,7.6,0.0,0.0,20.5,282147,36.79,-38.0,0.997
2021-11-18T20:02:54.000,43.92,7.05,0.0,0.0,20.5,282148,36.73,-38.0,0.997
2021-11-18T20:03:54.000,44.07,8.34,0.0,0.0,20.5,282149,36.67,-38.0,0.997
2021-11-18T20:04:54.000,44.45,8.33,0.0,0.0,20.5,282150,36.61,-38.0,0.997
2021-11-18T20:05:55.000,44.66,7.9,0.0,0.0,20.5,282151,36.55,-38.0,0.997
2021-11-18T20:08:01.000,45.18,9.02,0.0,0.0,20.5,282153,36.42,-38.0,0.997
2021-11-18T20:09:01.000,45.58,8.67,0.0,0.0,20.5,282154,36.35,-38.0,0.997
2021-11-18T20:10:01.000,45.56,7.59,0.0,0.0,20.5,282155,36.29,-37.0,0.997
2021-11-18T20:11:01.000,45.51,7.72,0.0,0.0,20.5,282156,36.22,-37.0,0.997
2021-11-18T20:12:01.000,45.62,8.39,0.0,0.0,20.5,282157,36.15,-37.0,0.997
2021-11-18T20:13:01.000,45.79,7.93,0.0,0.0,20.5,282158,36.08,-37.0,0.997
2021-11-18T20:14:01.000,45.7,7.65,0.0,0.0,20.5,282159,36.02,-37.0,0.997
2021-11-18T20:15:01.000,45.7,7.71,0.0,0.0,20.5,282160,35.95,-37.0,0.997
2021-11-18T20:16:01.000,45.58,7.33,0.0,0.0,20.5,282161,35.87,-37.0,0.997
2021-11-18T20:17:01.000,45.62,8.35,0.0,0.0,20.5,282162,35.8,-37.0,0.997
2021-11-18T20:18:01.000,45.58,6.93,0.0,0.0,20.5,282163,35.73,-37.0,0.997
2021-11-18T20:19:01.000,45.39,7.38,0.0,0.0,20.5,282164,35.65,-37.0,0.997
2021-11-18T20:20:01.000,45.37,7.38,0.0,0.0,20.5,282165,35.58,-37.0,0.997
2021-11-18T20:21:01.000,45.39,7.76,0.0,0.0,20.5,282166,35.5,-36.0,0.997
2021-11-18T20:22:01.000,45.06,5.69,0.0,0.0,20.5,282167,35.43,-36.0,0.997
2021-11-18T20:23:02.000,44.37,5.01,0.0,0.0,20.5,282168,35.35,-36.0,0.997
2021-11-18T20:24:02.000,43.91,5.76,0.0,0.0,20.5,282169,35.27,-36.0,0.997
2021-11-18T20:25:02.000,43.75,6.91,0.0,0.0,20.5,282170,35.19,-36.0,0.997
2021-11-18T20:26:02.000,43.61,5.79,0.0,0.0,20.5,282171,35.11,-36.0,0.997
2021-11-18T20:27:02.000,43.35,6.6,0.0,0.0,20.5,282172,35.03,-36.0,0.998
2021-11-18T20:28:02.000,43.65,7.67,0.0,0.0,20.5,282173,34.94,-36.0,0.998
2021-11-18T20:29:02.000,43.81,6.91,0.0,0.0,20.5,282174,34.86,-36.0,0.998
2021-11-18T20:30:02.000,44.01,7.9,0.0,0.0,20.5,282175,34.77,-36.0,0.998
2021-11-18T20:31:02.000,44.28,7.74,0.0,0.0,20.5,282176,34.69,-35.0,0.998
2021-11-18T20:32:02.000,44.58,7.98,0.0,0.0,20.5,282177,34.6,-35.0,0.998
2021-11-18T20:33:02.000,44.74,7.24,0.0,0.0,20.5,282178,34.52,-35.0,0.998
2021-11-18T20:34:02.000,44.55,6.47,0.0,0.0,20.5,282179,34.43,-35.0,0.998
2021-11-18T20:35:02.000,44.62,7.37,0.0,0.0,20.5,282180,34.34,-35.0,0.998
2021-11-18T20:36:02.000,44.42,5.59,0.0,0.0,20.5,282181,34.25,-35.0,0.998
2021-11-18T20:37:02.000,44.05,6.61,0.0,0.0,20.5,282182,34.16,-35.0,0.998
2021-11-18T20:39:02.000,44.19,6.19,0.0,0.0,20.5,282184,33.97,-35.0,0.998
2021-11-18T20:40:03.000,44.16,7.15,0.0,0.0,20.5,282185,33.88,-34.0,0.998
2021-11-18T20:41:04.000,44.3,7.1,0.0,0.0,20.5,282186,33.78,-34.0,0.998
2021-11-18T20:42:04.000,44.35,7.14,0.0,0.0,20.5,282187,33.69,-34.0,0.998
2021-11-18T20:43:04.000,44.47,6.95,0.0,0.0,20.5,282188,33.59,-34.0,0.998
2021-11-18T20:44:04.000,44.26,6.04,0.0,0.0,20.5,282189,33.5,-34.0,0.998
2021-11-18T20:45:04.000,44.32,6.31,0.0,0.0,20.5,282190,33.4,-34.0,0.998
2021-11-18T20:46:04.000,44.02,6.38,0.0,0.0,20.5,282191,33.3,-34.0,0.998
2021-11-18T20:47:04.000,44.04,6.26,0.0,0.0,20.5,282192,33.2,-34.0,0.998
2021-11-18T20:48:04.000,44.06,6.86,0.0,0.0,20.5,282193,33.1,-33.0,0.998
2021-11-18T20:49:04.000,44.1,6.45,0.0,0.0,20.5,282194,33.0,-33.0,0.998
2021-11-18T20:50:04.000,44.11,6.75,0.0,0.0,20.5,282195,32.9,-33.0,0.998
2021-11-18T20:51:04.000,44.12,6.73,0.0,0.0,20.5,282196,32.8,-33.0,0.998
2021-11-18T20:52:04.000,44.27,6.72,0.0,0.0,20.5,282197,32.69,-33.0,0.998
2021-11-18T20:53:04.000,44.32,6.7,0.0,0.0,20.5,282198,32.59,-33.0,0.998
2021-11-18T20:54:04.000,44.46,6.98,0.0,0.0,20.5,282199,32.48,-33.0,0.998
2021-11-18T20:56:10.000,44.43,4.79,0.0,0.0,20.5,282201,32.26,-33.0,0.998
2021-11-18T20:57:10.000,44.24,6.53,0.0,0.0,20.5,282202,32.15,-32.0,0.998
2021-11-18T20:58:10.000,44.45,7.12,0.0,0.0,20.5,282203,32.05,-32.0,0.998
2021-11-18T20:59:10.000,44.52,6.3,0.0,0.0,20.5,282204,31.94,-32.0,0.998
2021-11-18T21:00:10.000,44.44,6.29,0.0,0.0,20.5,282205,31.83,-32.0,0.998
2021-11-18T21:14:01.000,43.71,6.63,0.0,0.0,20.5,282218,30.23,-30.0,0.998
2021-11-18T21:15:01.000,43.72,5.59,0.0,0.0,20.5,282219,30.11,-30.0,0.998
2021-11-18T21:16:01.000,43.38,4.48,0.0,0.0,20.5,282220,29.99,-30.0,0.998
2021-11-18T21:17:01.000,43.01,4.87,0.0,0.0,20.5,282221,29.86,-30.0,0.998
2021-11-18T21:18:01.000,42.79,5.42,0.0,0.0,20.5,282222,29.74,-30.0,0.998
2021-11-18T21:19:01.000,42.56,4.77,0.0,0.0,20.5,282223,29.62,-30.0,0.998
2021-11-18T21:20:01.000,42.73,6.34,0.0,0.0,20.5,282224,29.49,-29.0,0.998
2021-11-18T21:21:01.000,42.93,6.41,0.0,0.0,20.5,282225,29.37,-29.0,0.998
2021-11-18T21:22:01.000,43.12,6.13,0.0,0.0,20.5,282226,29.24,-29.0,0.998
2021-11-18T21:23:01.000,43.08,5.22,0.0,0.0,20.5,282227,29.12,-29.0,0.998
2021-11-18T21:24:01.000,42.61,3.18,0.0,0.0,20.5,282228,28.99,-29.0,0.998
2021-11-18T21:25:01.000,41.84,3.7,0.0,0.0,20.5,282229,28.86,-29.0,0.998
2021-11-18T21:26:01.000,41.78,4.91,0.0,0.0,20.5,282230,28.73,-29.0,0.998
2021-11-18T21:27:01.000,41.8,5.12,0.0,0.0,20.5,282231,28.6,-28.0,0.998
2021-11-18T21:28:02.000,41.92,6.1,0.0,0.0,20.5,282232,28.47,-28.0,0.998
2021-11-18T21:29:02.000,42.1,5.24,0.0,0.0,20.5,282233,28.34,-28.0,0.998
2021-11-18T21:30:02.000,42.21,5.77,0.0,0.0,20.5,282234,28.21,-28.0,0.998
2021-11-18T21:31:02.000,42.29,5.25,0.0,0.0,20.5,282235,28.08,-28.0,0.998
2021-11-18T21:32:02.000,42.06,4.68,0.0,0.0,20.5,282236,27.95,-28.0,0.998
2021-11-18T21:33:02.000,41.99,4.8,0.0,0.0,20.5,282237,27.81,-28.0,0.998
2021-11-18T21:34:02.000,41.9,4.98,0.0,0.0,20.5,282238,27.68,-27.0,0.998
2021-11-18T21:35:02.000,41.72,4.13,0.0,0.0,20.5,282239,27.55,-27.0,0.998
2021-11-18T21:36:02.000,41.62,5.04,0.0,0.0,20.5,282240,27.41,-27.0,0.998
2021-11-18T21:37:02.000,41.59,4.8,0.0,0.0,20.5,282241,27.28,-27.0,0.998
2021-11-18T21:38:02.000,41.61,4.95,0.0,0.0,20.5,282242,27.14,-27.0,0.998
2021-11-18T21:39:02.000,41.75,5.34,0.0,0.0,20.5,282243,27.0,-27.0,0.998
2021-11-18T21:40:02.000,41.86,5.42,0.0,0.0,20.5,282244,26.87,-26.0,0.998
2021-11-18T21:41:03.000,42.08,5.82,0.0,0.0,20.5,282245,26.73,-26.0,0.998
2021-11-18T21:42:03.000,42.36,5.93,0.0,0.0,20.5,282246,26.59,-26.0,0.998
2021-11-18T21:43:03.000,42.55,5.29,0.0,0.0,20.5,282247,26.45,-26.0,0.998
2021-11-18T21:44:03.000,42.3,4.78,0.0,0.0,20.5,282248,26.31,-26.0,0.998
2021-11-18T21:45:03.000,42.42,5.27,0.0,0.0,20.5,282249,26.17,-26.0,0.998
2021-11-18T21:46:03.000,42.4,5.04,0.0,0.0,20.5,282250,26.03,-26.0,0.998
2021-11-18T21:47:03.000,42.34,4.63,0.0,0.0,20.5,282251,25.89,-25.0,0.998
2021-11-18T21:48:03.000,42.09,4.5,0.0,0.0,20.5,282252,25.74,-25.0,0.998
2021-11-18T21:49:04.000,42.06,5.02,0.0,0.0,20.5,282253,25.6,-25.0,0.998
2021-11-18T21:50:04.000,41.9,4.26,0.0,0.0,20.5,282254,25.46,-25.0,0.998
2021-11-18T21:51:04.000,41.58,4.0,0.0,0.0,20.5,282255,25.31,-25.0,0.998
2021-11-18T21:52:04.000,40.87,2.43,0.0,0.0,20.5,282256,25.17,-25.0,0.998
2021-11-18T21:53:04.000,39.83,1.65,0.0,0.0,20.5,282257,25.02,-25.0,0.998
2021-11-18T21:54:04.000,38.89,1.86,0.0,0.0,20.5,282258,24.88,-24.0,0.998
2021-11-18T21:56:09.000,37.47,2.5,0.0,0.0,20.5,282260,24.57,-24.0,0.998
2021-11-18T21:57:09.000,36.93,2.73,0.0,0.0,20.5,282261,24.43,-24.0,0.998
2021-11-18T21:58:09.000,36.44,2.72,0.0,0.0,20.5,282262,24.28,-24.0,0.998
2021-11-18T21:59:09.000,36.04,3.01,0.0,0.0,20.5,282263,24.13,-24.0,0.998
2021-11-18T22:00:10.000,35.78,3.24,0.0,0.0,20.5,282264,23.98,-23.0,0.998
2021-11-18T22:01:10.000,35.39,2.69,0.0,0.0,20.5,282265,23.83,-23.0,0.998
2021-11-18T22:02:10.000,35.07,3.47,0.0,0.0,20.5,282266,23.68,-23.0,0.998
2021-11-18T22:03:10.000,34.87,3.37,0.0,0.0,20.5,282267,23.53,-23.0,0.998
2021-11-18T22:04:10.000,34.62,3.25,0.0,0.0,20.5,282268,23.38,-23.0,0.998
2021-11-18T22:05:10.000,34.45,3.54,0.0,0.0,20.5,282269,23.23,-23.0,0.998
2021-11-18T22:06:10.000,34.18,2.65,0.0,0.0,20.5,282270,23.08,-22.0,0.998
2021-11-18T22:07:10.000,33.75,2.77,0.0,0.0,20.5,282271,22.93,-22.0,0.998
2021-11-18T22:08:10.000,33.53,3.12,0.0,0.0,20.5,282272,22.77,-22.0,0.998
2021-11-18T22:10:10.000,33.22,3.35,0.0,0.0,20.5,282274,22.47,-22.0,0.998
2021-11-18T22:11:10.000,33.08,2.94,0.0,0.0,20.5,282275,22.31,-22.0,0.998
2021-11-18T22:12:10.000,32.78,2.79,0.0,0.0,20.5,282276,22.16,-21.0,0.998
2021-11-18T22:13:10.000,32.56,2.79,0.0,0.0,20.5,282277,22.0,-21.0,0.998
2021-11-18T22:14:10.000,32.39,2.85,0.0,0.0,20.5,282278,21.85,-21.0,0.998
2021-11-18T22:15:10.000,32.18,2.97,0.0,0.0,20.5,282279,21.69,-21.0,0.998
2021-11-18T22:16:10.000,32.09,3.29,0.0,0.0,20.5,282280,21.53,-21.0,0.998
2021-11-18T22:17:11.000,32.01,3.31,0.0,0.0,20.5,282281,21.38,-21.0,0.998
2021-11-18T22:18:11.000,31.85,2.82,0.0,0.0,20.5,282282,21.22,-20.0,0.998
2021-11-18T22:19:11.000,31.52,2.26,0.0,0.0,20.5,282283,21.06,-20.0,0.998
2021-11-18T22:20:11.000,31.26,2.6,0.0,0.0,20.5,282284,20.9,-20.0,0.998
2021-11-18T22:21:11.000,31.01,2.33,0.0,0.0,20.5,282285,20.74,-20.0,0.998
2021-11-18T22:22:11.000,30.81,2.7,0.0,0.0,20.5,282286,20.58,-20.0,0.998
2021-11-18T22:23:11.000,30.72,3.01,0.0,0.0,20.5,282287,20.42,-20.0,0.998
2021-11-18T22:24:11.000,30.6,2.63,0.0,0.0,20.5,282288,20.26,-19.0,0.998
2021-11-18T22:25:11.000,30.39,2.56,0.0,0.0,20.5,282289,20.1,-19.0,0.998
2021-11-18T22:26:11.000,30.35,2.81,0.0,0.0,20.5,282290,19.94,-19.0,0.998
2021-11-18T22:27:11.000,30.2,2.81,0.0,0.0,20.5,282291,19.78,-19.0,0.998
2021-11-18T22:29:11.000,30.21,2.66,0.0,0.0,20.5,282293,19.46,-19.0,0.998
2021-11-18T22:30:11.000,30.15,3.16,0.0,0.0,20.5,282294,19.29,-18.0,0.998
2021-11-18T22:31:11.000,30.19,3.09,0.0,0.0,20.5,282295,19.13,-18.0,0.998
2021-11-18T22:32:11.000,30.07,2.68,0.0,0.0,20.5,282296,18.97,-18.0,0.998
2021-11-18T22:33:12.000,30.1,2.97,0.0,0.0,20.5,282297,18.8,-18.0,0.998
2021-11-18T22:34:12.000,30.05,3.12,0.0,0.0,20.5,282298,18.63,-18.0,0.998
2021-11-18T22:35:12.000,30.1,3.09,0.0,0.0,20.5,282299,18.47,-18.0,0.998
2021-11-18T22:36:12.000,29.96,2.63,0.0,0.0,20.5,282300,18.3,-17.0,0.998
2021-11-18T22:37:12.000,29.91,2.84,0.0,0.0,20.5,282301,18.14,-17.0,0.998
2021-11-18T22:38:12.000,29.84,2.86,0.0,0.0,20.5,282302,17.97,-17.0,0.998
2021-11-18T22:39:12.000,29.91,3.13,0.0,0.0,20.5,282303,17.81,-17.0,0.998
2021-11-18T22:40:12.000,29.93,2.97,0.0,0.0,20.5,282304,17.64,-17.0,0.998
2021-11-18T22:41:13.000,29.83,2.92,0.0,0.0,20.5,282305,17.47,-17.0,0.998
2021-11-18T22:42:13.000,29.89,3.16,0.0,0.0,20.5,282306,17.3,-16.0,0.998
2021-11-18T22:43:13.000,29.88,2.97,0.0,0.0,20.5,282307,17.13,-16.0,0.998
2021-11-18T22:44:13.000,29.86,3.04,0.0,0.0,20.5,282308,16.96,-16.0,0.998
2021-11-18T22:45:14.000,29.9,3.2,0.0,0.0,20.5,282309,16.79,-16.0,0.998
2021-11-18T22:54:15.000,29.57,2.85,0.0,0.0,20.5,282318,15.25,-14.0,0.998
2021-11-18T22:55:15.000,29.51,2.85,0.0,0.0,20.5,282319,15.08,-14.0,0.998
2021-11-18T22:56:15.000,29.53,2.91,0.0,0.0,20.5,282320,14.91,-14.0,0.998
2021-11-18T22:57:15.000,29.47,2.81,0.0,0.0,20.5,282321,14.73,-14.0,0.998
2021-11-18T22:58:15.000,29.45,2.98,0.0,0.0,20.5,282322,14.56,-14.0,0.998
2021-11-18T22:59:15.000,29.38,2.73,0.0,0.0,20.5,282323,14.39,-13.0,0.998
2021-11-18T23:00:15.000,29.37,2.95,0.0,0.0,20.5,282324,14.21,-13.0,0.998
2021-11-18T23:01:15.000,29.38,3.1,0.0,0.0,20.5,282325,14.04,-13.0,0.998
2021-11-18T23:02:16.000,29.42,3.17,0.0,0.0,20.5,282326,13.86,-13.0,0.998
2021-11-18T23:03:16.000,29.4,2.92,0.0,0.0,20.5,282327,13.68,-13.0,0.998
2021-11-18T23:04:16.000,29.36,2.9,0.0,0.0,20.5,282328,13.51,-13.0,0.998
2021-11-18T23:05:16.000,29.32,2.84,0.0,0.0,20.5,282329,13.33,-12.0,0.998
2021-11-18T23:06:16.000,29.22,2.38,0.0,0.0,20.5,282330,13.16,-12.0,0.998
2021-11-18T23:07:16.000,29.06,2.39,0.0,0.0,20.5,282331,12.98,-12.0,0.998
2021-11-18T23:08:16.000,28.92,2.05,0.0,0.0,20.5,282332,12.8,-12.0,0.998
2021-11-18T23:09:16.000,28.77,2.2,0.0,0.0,20.5,282333,12.63,-12.0,0.998
2021-11-18T23:10:16.000,28.71,2.39,0.0,0.0,20.5,282334,12.45,-11.0,0.998
2021-11-18T23:11:16.000,28.57,1.79,0.0,0.0,20.5,282335,12.27,-11.0,0.998
2021-11-18T23:12:16.000,28.35,1.81,0.0,0.0,20.5,282336,12.09,-11.0,0.998
2021-11-18T23:13:16.000,28.33,2.26,0.0,0.0,20.5,282337,11.91,-11.0,0.998
2021-11-18T23:14:16.000,28.3,2.29,0.0,0.0,20.5,282338,11.73,-11.0,0.998
2021-11-18T23:15:16.000,28.25,2.01,0.0,0.0,20.5,282339,11.55,-11.0,0.998
2021-11-18T23:16:16.000,28.11,1.76,0.0,0.0,20.5,282340,11.38,-10.0,0.998
2021-11-18T23:17:16.000,28.06,2.15,0.0,0.0,20.5,282341,11.2,-10.0,0.998
2021-11-18T23:18:17.000,28.07,2.26,0.0,0.0,20.5,282342,11.01,-10.0,0.999
2021-11-18T23:19:17.000,28.05,1.98,0.0,0.0,20.5,282343,10.83,-10.0,0.999
2021-11-18T23:20:17.000,27.98,2.02,0.0,0.0,20.5,282344,10.65,-10.0,0.999
2021-11-18T23:21:17.000,27.89,1.7,0.0,0.0,20.5,282345,10.47,-9.0,0.999
2021-11-18T23:22:17.000,27.85,1.97,0.0,0.0,20.5,282346,10.29,-9.0,0.999
2021-11-18T23:23:17.000,27.81,1.89,0.0,0.0,20.5,282347,10.11,-9.0,0.999
2021-11-18T23:24:17.000,27.75,1.94,0.0,0.0,20.5,282348,9.93,-9.0,0.999
2021-11-18T23:25:17.000,27.75,1.93,0.0,0.0,20.5,282349,9.74,-9.0,0.999
2021-11-18T23:26:17.000,27.61,1.33,0.0,0.0,20.5,282350,9.56,-8.0,0.999
2021-11-18T23:27:17.000,27.52,1.86,0.0,0.0,20.5,282351,9.38,-8.0,0.999
2021-11-18T23:28:17.000,27.52,1.71,0.0,0.0,20.5,282352,9.2,-8.0,0.999
2021-11-18T23:29:17.000,27.5,1.99,0.0,0.0,20.5,282353,9.01,-8.0,0.999
2021-11-18T23:30:17.000,27.43,1.52,0.0,0.0,20.5,282354,8.83,-8.0,0.999
2021-11-18T23:31:17.000,27.36,1.73,0.0,0.0,20.5,282355,8.64,-8.0,0.999
2021-11-18T23:32:17.000,27.36,1.72,0.0,0.0,20.5,282356,8.46,-7.0,0.999
2021-11-18T23:33:17.000,27.37,1.88,0.0,0.0,20.5,282357,8.28,-7.0,0.999
2021-11-18T23:34:17.000,27.37,1.65,0.0,0.0,20.5,282358,8.09,-7.0,0.999
2021-11-18T23:35:18.000,27.27,1.48,0.0,0.0,20.5,282359,7.9,-7.0,0.999
2021-11-18T23:36:18.000,27.19,1.41,0.0,0.0,20.5,282360,7.72,-7.0,0.999
2021-11-18T23:37:18.000,27.12,1.53,0.0,0.0,20.5,282361,7.53,-6.0,0.999
2021-11-18T23:38:18.000,27.07,1.5,0.0,0.0,20.5,282362,7.35,-6.0,0.999
