Downloads/jupyter/ECSV/stars19/stars19_2024-01.ecsv
# %ECSV 1.0
# ---
# datatype:
# - {name: time, datatype: string}
# - {name: Enclosure Temperature, unit: deg_C, datatype: float64}
# - {name: Sky Temperature, unit: deg_C, datatype: float64}
# - {name: Frequency, unit: Hz, datatype: float64}
# - {name: MSAS, unit: mag / arcsec2, datatype: float64}
# - {name: ZP, datatype: float64}
# - {name: Sequence Number, datatype: int64}
# - {name: Sun Alt, unit: deg, datatype: float64}
# - {name: Moon Alt, unit: deg, datatype: float64}
# - {name: Moon Illumination, datatype: float64}
# delimiter: ','
# meta: !!omap
# - ida:
#     Data supplier: {affiliation: null, observer: null}
#     Device type: TESS-W
#     Field of view: 17.0
#     Filters per channel: None
#     Instrument ID: stars19
#     License: ODbL 1.0 http://opendatacommons.org/licenses/odbl/summary/
#     Local timezone: America/Phoenix
#     Location name: {country: '- Tucson', place: Tucson, region: United States, sub_region: Arizona, town: Pima County}
#     Measurement direction per channel: {azimuth: 0.0, zenital: 0.0}
#     Moving / Fixed look direction: FIXED
#     Moving / Stationary position: STATIONARY
#     Number of channels: 1
#     Number of fields per line: 8
#     Number of header lines: 35
#     Position: {height: 0.0, latitude: 32.223877, longitude: -110.767532}
#     TESS MAC address: 18:FE:34:CF:EC:06
#     TESS cover offset value: 0.0
#     TESS firmware version: '1.0'
#     TESS zero point: 20.38
#     Time Synchronization: timestamp added by MQTT subscriber
#     URL: http://www.darksky.org/NSBM/sdf1.0.pdf
# - __serialized_columns__:
#     Enclosure Temperature:
#       __class__: astropy.units.quantity.Quantity
#       unit: &id001 !astropy.units.Unit {unit: deg_C}
#       value: !astropy.table.SerializedColumn {name: Enclosure Temperature}
#     Frequency:
#       __class__: astropy.units.quantity.Quantity
#       unit: !astropy.units.Unit {unit: Hz}
#       value: !astropy.table.SerializedColumn {name: Frequency}
#     MSAS:
#       __class__: astropy.units.quantity.Quantity
#       unit: !astropy.units.Unit {unit: mag / arcsec2}
#       value: !astropy.table.SerializedColumn {name: MSAS}
#     Moon Alt:
#       __class__: astropy.units.quantity.Quantity
#       unit: &id002 !astropy.units.Unit {unit: deg}
#       value: !astropy.table.SerializedColumn {name: Moon Alt}
#     Sky Temperature:
#       __class__: astropy.units.quantity.Quantity
#       unit: *id001
#       value: !astropy.table.SerializedColumn {name: Sky Temperature}
#     Sun Alt:
#       __class__: astropy.units.quantity.Quantity
#       unit: *id002
#       value: !astropy.table.SerializedColumn {name: Sun Alt}
#     time:
#       __class__: astropy.time.core.Time
#       format: isot
#       in_subfmt: '*'
#       out_subfmt: '*'
#       precision: 3
#       scale: utc
#       value: !astropy.table.SerializedColumn {name: time}
# schema: astropy-2.0
time,Enclosure Temperature,Sky Temperature,Frequency,MSAS,ZP,Sequence Number,Sun Alt,Moon Alt,Moon Illumination
[from data line 10309]
2024-01-13T07:03:30.000,9.96,-17.47,1.18,20.2,20.38,149634,-77.64,-58.0,0.048
2024-01-13T07:04:31.000,10.66,-17.42,1.18,20.2,20.38,149635,-77.76,-58.0,0.048
2024-01-13T07:06:31.000,10.16,-18.43,1.17,20.21,20.38,149637,-77.97,-58.0,0.048
2024-01-13T07:07:31.000,9.87,-17.84,1.17,20.21,20.38,149638,-78.07,-59.0,0.048
2024-01-13T07:09:31.000,10.89,-17.35,1.17,20.21,20.38,149640,-78.26,-59.0,0.048
2024-01-13T07:12:32.000,9.84,-17.9,1.2,20.18,20.38,149643,-78.52,-60.0,0.048
2024-01-13T07:13:32.000,10.16,-17.05,1.21,20.17,20.38,149644,-78.6,-60.0,0.048
2024-01-13T07:14:32.000,10.86,-17.01,1.22,20.16,20.38,149645,-78.68,-60.0,0.048
2024-01-13T07:15:32.000,10.84,-17.92,1.2,20.18,20.38,149646,-78.75,-60.0,0.048
2024-01-13T07:16:33.000,10.46,-17.92,1.17,20.21,20.38,149647,-78.82,-60.0,0.048
2024-01-13T07:17:33.000,9.96,-18.29,1.16,20.22,20.38,149648,-78.88,-61.0,0.048
2024-01-13T07:18:33.000,9.91,-17.72,1.16,20.22,20.38,149649,-78.94,-61.0,0.048
2024-01-13T07:19:33.000,10.62,-17.6,1.16,20.22,20.38,149650,-79.0,-61.0,0.048
2024-01-13T07:20:33.000,10.66,-18.6,1.16,20.22,20.38,149651,-79.05,-61.0,0.048
2024-01-13T07:21:33.000,10.31,-18.42,1.16,20.22,20.38,149652,-79.1,-61.0,0.048
2024-01-13T07:22:33.000,9.86,-18.34,1.16,20.22,20.38,149653,-79.14,-62.0,0.048
2024-01-13T07:23:33.000,10.25,-17.11,1.15,20.23,20.38,149654,-79.18,-62.0,0.048
2024-01-13T07:24:33.000,10.86,-17.34,1.15,20.22,20.38,149655,-79.21,-62.0,0.048
2024-01-13T07:25:33.000,10.76,-17.88,1.15,20.22,20.38,149656,-79.24,-62.0,0.048
2024-01-13T07:32:36.000,9.91,-17.33,1.26,20.13,20.38,149663,-79.32,-63.0,0.049
2024-01-13T07:33:36.000,10.33,-16.33,1.38,20.03,20.38,149664,-79.31,-64.0,0.049
2024-01-13T07:34:36.000,10.74,-17.07,1.48,19.95,20.38,149665,-79.3,-64.0,0.049
2024-01-13T07:35:36.000,10.44,-17.58,1.64,19.84,20.38,149666,-79.28,-64.0,0.049
2024-01-13T07:37:38.000,10.07,-16.2,1.75,19.77,20.38,149668,-79.23,-64.0,0.049
2024-01-13T07:38:39.000,10.73,-16.07,1.68,19.82,20.38,149669,-79.2,-64.0,0.049
2024-01-13T07:39:39.000,10.79,-16.64,1.46,19.97,20.38,149670,-79.17,-65.0,0.049
2024-01-13T07:40:39.000,10.43,-16.9,1.56,19.9,20.38,149671,-79.13,-65.0,0.049
2024-01-13T07:41:39.000,9.97,-16.91,1.73,19.79,20.38,149672,-79.08,-65.0,0.049
2024-01-13T07:42:41.000,10.12,-15.72,1.84,19.72,20.38,149673,-79.04,-65.0,0.049
2024-01-13T07:43:41.000,10.79,-15.72,1.72,19.79,20.38,149674,-78.98,-65.0,0.049
2024-01-13T07:44:41.000,10.77,-16.5,1.64,19.84,20.38,149675,-78.93,-66.0,0.049
2024-01-13T07:45:41.000,10.36,-16.55,1.75,19.77,20.38,149676,-78.86,-66.0,0.049
2024-01-13T07:46:41.000,9.88,-16.43,2.14,19.55,20.38,149677,-78.8,-66.0,0.049
2024-01-13T07:47:41.000,10.09,-15.3,2.21,19.52,20.38,149678,-78.73,-66.0,0.049
2024-01-13T07:48:43.000,10.85,-15.08,2.3,19.47,20.38,149679,-78.65,-66.0,0.049
2024-01-13T07:49:43.000,10.87,-15.95,2.19,19.53,20.38,149680,-78.58,-66.0,0.049
2024-01-13T07:50:43.000,10.41,-16.36,2.12,19.56,20.38,149681,-78.5,-67.0,0.049
2024-01-13T07:51:44.000,9.87,-16.37,2.18,19.53,20.38,149682,-78.41,-67.0,0.049
2024-01-13T07:52:45.000,10.06,-15.56,2.2,19.53,20.38,149683,-78.32,-67.0,0.049
2024-01-13T07:53:45.000,10.75,-15.75,2.05,19.6,20.38,149684,-78.23,-67.0,0.049
2024-01-13T07:54:45.000,10.82,-16.07,1.84,19.72,20.38,149685,-78.13,-67.0,0.049
2024-01-13T07:55:45.000,10.56,-16.51,1.62,19.85,20.38,149686,-78.04,-68.0,0.05
2024-01-13T07:56:45.000,9.94,-17.38,1.49,19.95,20.38,149687,-77.93,-68.0,0.05
2024-01-13T07:57:46.000,9.9,-16.49,1.41,20.01,20.38,149688,-77.83,-68.0,0.05
2024-01-13T08:01:47.000,9.92,-18.01,1.16,20.22,20.38,149692,-77.37,-69.0,0.05
2024-01-13T08:12:49.000,10.24,-16.96,1.13,20.25,20.38,149703,-75.91,-70.0,0.05
2024-01-13T08:13:49.000,10.78,-17.51,1.13,20.25,20.38,149704,-75.77,-71.0,0.05
2024-01-13T08:14:49.000,10.53,-18.55,1.12,20.25,20.38,149705,-75.62,-71.0,0.05
2024-01-13T08:15:50.000,10.05,-18.43,1.12,20.26,20.38,149706,-75.47,-71.0,0.05
2024-01-13T08:16:50.000,9.88,-17.9,1.12,20.26,20.38,149707,-75.31,-71.0,0.05
2024-01-13T08:17:50.000,10.63,-17.34,1.11,20.26,20.38,149708,-75.16,-71.0,0.05
2024-01-13T08:18:50.000,10.93,-18.2,1.11,20.27,20.38,149709,-75.01,-71.0,0.05
2024-01-13T08:19:50.000,10.65,-18.52,1.11,20.27,20.38,149710,-74.85,-72.0,0.05
2024-01-13T08:20:52.000,10.09,-19.13,1.16,20.22,20.38,149711,-74.68,-72.0,0.05
2024-01-13T08:21:53.000,9.87,-18.17,1.11,20.27,20.38,149712,-74.52,-72.0,0.05
2024-01-13T08:23:52.000,10.97,-18.18,1.1,20.28,20.38,149714,-74.2,-72.0,0.051
2024-01-13T08:24:53.000,10.7,-18.7,1.1,20.28,20.38,149715,-74.03,-72.0,0.051
2024-01-13T08:25:53.000,10.21,-18.97,1.1,20.28,20.38,149716,-73.87,-72.0,0.051
2024-01-13T08:26:53.000,9.76,-18.89,1.1,20.28,20.38,149717,-73.7,-73.0,0.051
2024-01-13T08:27:53.000,10.2,-18.35,1.1,20.28,20.38,149718,-73.53,-73.0,0.051
2024-01-13T08:28:55.000,10.65,-18.96,1.09,20.28,20.38,149719,-73.36,-73.0,0.051
2024-01-13T08:29:55.000,10.51,-18.91,1.09,20.29,20.38,149720,-73.19,-73.0,0.051
2024-01-13T08:30:55.000,10.09,-19.05,1.09,20.29,20.38,149721,-73.01,-73.0,0.051
2024-01-13T08:32:56.000,10.38,-18.13,1.09,20.29,20.38,149723,-72.66,-73.0,0.051
2024-01-13T08:33:56.000,10.88,-18.53,1.08,20.29,20.38,149724,-72.49,-74.0,0.051
2024-01-13T08:35:56.000,10.19,-19.12,1.08,20.3,20.38,149726,-72.13,-74.0,0.051
2024-01-13T08:36:56.000,9.82,-18.61,1.08,20.3,20.38,149727,-71.96,-74.0,0.051
2024-01-13T08:37:56.000,10.36,-18.09,1.08,20.3,20.38,149728,-71.78,-74.0,0.051
2024-01-13T08:38:57.000,10.73,-18.6,1.08,20.3,20.38,149729,-71.59,-74.0,0.051
2024-01-13T08:39:57.000,10.5,-19.0,1.08,20.3,20.38,149730,-71.41,-74.0,0.051
2024-01-13T08:43:59.000,10.8,-18.9,1.07,20.3,20.38,149734,-70.67,-75.0,0.051
2024-01-13T08:44:59.000,10.35,-19.53,1.07,20.3,20.38,149735,-70.49,-75.0,0.051
2024-01-13T08:45:59.000,9.82,-19.3,1.07,20.3,20.38,149736,-70.3,-75.0,0.051
2024-01-13T08:46:59.000,10.07,-18.76,1.07,20.31,20.38,149737,-70.11,-75.0,0.051
2024-01-13T08:47:59.000,10.69,-19.25,1.07,20.31,20.38,149738,-69.93,-75.0,0.051
2024-01-13T08:49:01.000,10.56,-19.42,1.07,20.31,20.38,149739,-69.73,-75.0,0.051
2024-01-13T08:53:03.000,10.74,-18.82,1.07,20.31,20.38,149743,-68.97,-76.0,0.052
2024-01-13T08:54:03.000,10.4,-19.37,1.07,20.31,20.38,149744,-68.78,-76.0,0.052
2024-01-13T08:55:03.000,9.86,-19.25,1.07,20.31,20.38,149745,-68.59,-76.0,0.052
2024-01-13T08:56:03.000,10.11,-18.17,1.07,20.31,20.38,149746,-68.39,-76.0,0.052
2024-01-13T08:57:03.000,10.7,-18.51,1.06,20.31,20.38,149747,-68.2,-76.0,0.052
2024-01-13T08:58:03.000,10.6,-18.97,1.06,20.31,20.38,149748,-68.01,-76.0,0.052
2024-01-13T08:59:04.000,10.06,-19.77,1.06,20.31,20.38,149749,-67.81,-76.0,0.052
2024-01-13T09:00:04.000,9.85,-18.55,1.06,20.31,20.38,149750,-67.61,-76.0,0.052
2024-01-13T09:01:04.000,10.64,-17.99,1.06,20.31,20.38,149751,-67.42,-76.0,0.052
2024-01-13T09:02:04.000,10.81,-19.21,1.06,20.31,20.38,149752,-67.22,-77.0,0.052
2024-01-13T09:03:04.000,10.32,-19.68,1.06,20.31,20.38,149753,-67.03,-77.0,0.052
2024-01-13T09:04:04.000,9.85,-19.26,1.06,20.31,20.38,149754,-66.83,-77.0,0.052
2024-01-13T09:06:04.000,10.64,-19.08,1.06,20.31,20.38,149756,-66.44,-77.0,0.052
2024-01-13T09:08:05.000,9.78,-19.74,1.06,20.31,20.38,149758,-66.04,-77.0,0.052
2024-01-13T09:09:05.000,9.99,-18.73,1.06,20.31,20.38,149759,-65.84,-77.0,0.052
2024-01-13T09:10:05.000,10.66,-18.85,1.06,20.31,20.38,149760,-65.64,-77.0,0.052
2024-01-13T09:11:05.000,10.65,-19.11,1.06,20.32,20.38,149761,-65.44,-77.0,0.052
2024-01-13T09:12:05.000,10.24,-19.27,1.06,20.32,20.38,149762,-65.24,-77.0,0.052
2024-01-13T09:13:06.000,9.74,-19.27,1.06,20.32,20.38,149763,-65.04,-77.0,0.052
2024-01-13T09:14:06.000,10.22,-18.1,1.06,20.32,20.38,149764,-64.84,-77.0,0.052
2024-01-13T09:15:06.000,10.9,-18.36,1.06,20.32,20.38,149765,-64.64,-77.0,0.052
2024-01-13T09:16:06.000,10.77,-19.0,1.06,20.32,20.38,149766,-64.44,-77.0,0.052
2024-01-13T09:17:06.000,10.31,-19.05,1.06,20.32,20.38,149767,-64.24,-77.0,0.052
2024-01-13T09:18:06.000,9.85,-18.87,1.06,20.32,20.38,149768,-64.04,-77.0,0.052
2024-01-13T09:19:06.000,10.16,-18.15,1.06,20.32,20.38,149769,-63.84,-77.0,0.053
2024-01-13T09:20:07.000,10.69,-19.05,1.06,20.32,20.38,149770,-63.63,-77.0,0.053
2024-01-13T09:21:06.000,10.36,-19.82,1.06,20.32,20.38,149771,-63.43,-77.0,0.053
2024-01-13T09:22:06.000,9.96,-19.08,1.06,20.32,20.38,149772,-63.23,-77.0,0.053
2024-01-13T09:23:06.000,10.02,-18.18,1.06,20.32,20.38,149773,-63.03,-77.0,0.053
2024-01-13T09:24:06.000,10.58,-18.5,1.06,20.32,20.38,149774,-62.82,-77.0,0.053
2024-01-13T09:25:06.000,10.45,-19.23,1.06,20.32,20.38,149775,-62.62,-77.0,0.053
2024-01-13T09:26:07.000,9.93,-19.46,1.06,20.32,20.38,149776,-62.41,-77.0,0.053
2024-01-13T09:27:07.000,9.92,-18.45,1.06,20.32,20.38,149777,-62.21,-77.0,0.053
2024-01-13T09:28:07.000,10.67,-18.1,1.06,20.32,20.38,149778,-62.01,-77.0,0.053
2024-01-13T09:29:07.000,10.86,-18.7,1.05,20.32,20.38,149779,-61.8,-77.0,0.053
2024-01-13T09:30:07.000,10.41,-19.44,1.05,20.32,20.38,149780,-61.6,-77.0,0.053
2024-01-13T09:31:07.000,9.9,-19.03,1.05,20.32,20.38,149781,-61.39,-77.0,0.053
2024-01-13T09:32:07.000,10.14,-18.11,1.05,20.32,20.38,149782,-61.19,-77.0,0.053
2024-01-13T09:33:07.000,10.72,-18.41,1.05,20.32,20.38,149783,-60.98,-77.0,0.053
2024-01-13T09:34:07.000,10.63,-19.02,1.05,20.32,20.38,149784,-60.78,-77.0,0.053
2024-01-13T09:35:07.000,10.07,-19.55,1.05,20.32,20.38,149785,-60.57,-77.0,0.053
2024-01-13T09:36:09.000,9.74,-18.99,1.05,20.32,20.38,149786,-60.36,-77.0,0.053
2024-01-13T09:37:08.000,10.48,-18.15,1.05,20.32,20.38,149787,-60.16,-77.0,0.053
2024-01-13T09:38:09.000,10.85,-19.1,1.05,20.33,20.38,149788,-59.95,-77.0,0.053
2024-01-13T09:39:09.000,10.51,-19.49,1.05,20.33,20.38,149789,-59.74,-77.0,0.053
2024-01-13T09:40:09.000,9.96,-19.46,1.05,20.33,20.38,149790,-59.53,-77.0,0.053
2024-01-13T09:45:11.000,9.82,-19.34,1.05,20.33,20.38,149795,-58.49,-77.0,0.053
2024-01-13T09:46:12.000,10.07,-18.84,1.05,20.33,20.38,149796,-58.28,-76.0,0.054
2024-01-13T09:47:12.000,10.57,-19.44,1.05,20.33,20.38,149797,-58.07,-76.0,0.054
2024-01-13T09:48:12.000,10.24,-20.48,1.05,20.33,20.38,149798,-57.87,-76.0,0.054
2024-01-13T09:49:15.000,9.71,-20.08,1.05,20.33,20.38,149799,-57.65,-76.0,0.054
2024-01-13T09:50:15.000,10.26,-18.9,1.05,20.33,20.38,149800,-57.44,-76.0,0.054
2024-01-13T09:51:15.000,10.84,-19.16,1.05,20.33,20.38,149801,-57.23,-76.0,0.054
2024-01-13T09:52:17.000,10.68,-19.39,1.05,20.33,20.38,149802,-57.02,-76.0,0.054
2024-01-13T09:53:17.000,10.17,-19.8,1.05,20.33,20.38,149803,-56.81,-76.0,0.054
2024-01-13T09:54:17.000,9.65,-19.51,1.05,20.33,20.38,149804,-56.6,-76.0,0.054
2024-01-13T09:55:18.000,10.18,-19.06,1.05,20.33,20.38,149805,-56.39,-76.0,0.054
2024-01-13T09:56:19.000,10.58,-19.96,1.05,20.33,20.38,149806,-56.18,-76.0,0.054
2024-01-13T09:59:20.000,9.96,-18.62,1.05,20.32,20.38,149809,-55.55,-75.0,0.054
2024-01-13T10:01:24.000,10.4,-20.0,1.05,20.32,20.38,149811,-55.11,-75.0,0.054
2024-01-13T10:02:24.000,9.82,-19.95,1.05,20.32,20.38,149812,-54.9,-75.0,0.054
2024-01-13T10:03:24.000,9.98,-18.73,1.05,20.32,20.38,149813,-54.7,-75.0,0.054
2024-01-13T10:04:24.000,10.78,-18.7,1.05,20.32,20.38,149814,-54.49,-75.0,0.054
2024-01-13T10:05:24.000,10.77,-19.6,1.05,20.32,20.38,149815,-54.28,-75.0,0.054
2024-01-13T10:06:24.000,10.16,-20.09,1.05,20.32,20.38,149816,-54.07,-74.0,0.054
2024-01-13T10:08:24.000,10.22,-18.53,1.05,20.32,20.38,149818,-53.65,-74.0,0.054
2024-01-13T10:11:25.000,10.21,-19.72,1.05,20.32,20.38,149821,-53.01,-74.0,0.054
2024-01-13T10:12:25.000,9.72,-19.42,1.06,20.32,20.38,149822,-52.8,-74.0,0.054
2024-01-13T10:13:25.000,10.18,-18.53,1.05,20.32,20.38,149823,-52.59,-73.0,0.055
2024-01-13T10:15:25.000,10.38,-20.18,1.05,20.32,20.38,149825,-52.17,-73.0,0.055
2024-01-13T10:16:25.000,9.76,-20.01,1.05,20.32,20.38,149826,-51.96,-73.0,0.055
2024-01-13T10:18:25.000,10.63,-19.08,1.05,20.32,20.38,149828,-51.54,-73.0,0.055
2024-01-13T10:19:25.000,10.52,-19.89,1.05,20.32,20.38,149829,-51.33,-73.0,0.055
2024-01-13T10:20:26.000,9.95,-19.87,1.05,20.32,20.38,149830,-51.12,-72.0,0.055
2024-01-13T10:21:26.000,9.9,-18.7,1.06,20.32,20.38,149831,-50.91,-72.0,0.055
2024-01-13T10:22:26.000,10.62,-18.49,1.06,20.32,20.38,149832,-50.7,-72.0,0.055
2024-01-13T10:24:26.000,10.23,-19.48,1.05,20.32,20.38,149834,-50.27,-72.0,0.055
2024-01-13T10:25:26.000,9.8,-19.21,1.05,20.32,20.38,149835,-50.06,-72.0,0.055
2024-01-13T10:26:26.000,10.3,-18.06,1.05,20.32,20.38,149836,-49.85,-72.0,0.055
2024-01-13T10:27:26.000,10.82,-18.72,1.05,20.32,20.38,149837,-49.64,-71.0,0.055
2024-01-13T10:28:28.000,10.51,-19.49,1.05,20.32,20.38,149838,-49.42,-71.0,0.055
2024-01-13T10:29:28.000,9.9,-19.6,1.05,20.32,20.38,149839,-49.21,-71.0,0.055
2024-01-13T10:30:28.000,9.9,-18.39,1.05,20.32,20.38,149840,-49.0,-71.0,0.055
2024-01-13T10:31:28.000,10.7,-18.25,1.05,20.32,20.38,149841,-48.79,-71.0,0.055
2024-01-13T10:32:28.000,10.85,-18.84,1.05,20.32,20.38,149842,-48.58,-71.0,0.055
2024-01-13T10:33:29.000,10.44,-19.24,1.05,20.32,20.38,149843,-48.37,-70.0,0.055
2024-01-13T10:34:29.000,9.89,-19.27,1.05,20.32,20.38,149844,-48.15,-70.0,0.055
2024-01-13T10:35:29.000,10.01,-18.22,1.05,20.32,20.38,149845,-47.94,-70.0,0.055
2024-01-13T10:36:30.000,10.52,-19.14,1.05,20.32,20.38,149846,-47.73,-70.0,0.055
2024-01-13T10:37:30.000,10.33,-19.53,1.05,20.33,20.38,149847,-47.52,-70.0,0.055
2024-01-13T10:38:30.000,9.84,-19.43,1.05,20.32,20.38,149848,-47.31,-70.0,0.055
2024-01-13T10:39:30.000,10.02,-18.5,1.05,20.33,20.38,149849,-47.09,-69.0,0.056
2024-01-13T10:42:30.000,10.02,-19.4,1.05,20.33,20.38,149852,-46.46,-69.0,0.056
2024-01-13T10:43:31.000,9.8,-18.95,1.05,20.33,20.38,149853,-46.25,-69.0,0.056
2024-01-13T10:44:31.000,10.39,-18.97,1.05,20.33,20.38,149854,-46.03,-69.0,0.056
2024-01-13T10:45:35.000,10.63,-19.13,1.05,20.33,20.38,149855,-45.81,-68.0,0.056
2024-01-13T10:46:36.000,10.4,-19.01,1.05,20.33,20.38,149856,-45.59,-68.0,0.056
2024-01-13T10:47:36.000,9.8,-19.67,1.05,20.33,20.38,149857,-45.38,-68.0,0.056
2024-01-13T10:48:37.000,9.83,-18.63,1.05,20.33,20.38,149858,-45.17,-68.0,0.056
2024-01-13T10:49:37.000,10.7,-18.25,1.04,20.33,20.38,149859,-44.96,-68.0,0.056
2024-01-13T10:50:37.000,10.85,-19.77,1.04,20.33,20.38,149860,-44.74,-68.0,0.056
2024-01-13T10:51:37.000,10.24,-20.21,1.04,20.33,20.38,149861,-44.53,-67.0,0.056
2024-01-13T10:52:39.000,9.73,-19.62,1.04,20.33,20.38,149862,-44.31,-67.0,0.056
2024-01-13T10:53:39.000,10.34,-18.25,1.04,20.34,20.38,149863,-44.1,-67.0,0.056
2024-01-13T10:54:39.000,10.74,-19.27,1.04,20.34,20.38,149864,-43.89,-67.0,0.056
2024-01-13T10:56:39.000,9.79,-19.88,1.04,20.34,20.38,149866,-43.47,-66.0,0.056
2024-01-13T10:57:40.000,9.93,-18.99,1.04,20.34,20.38,149867,-43.25,-66.0,0.056
2024-01-13T10:58:41.000,10.71,-18.97,1.04,20.34,20.38,149868,-43.04,-66.0,0.056
2024-01-13T10:59:41.000,10.72,-19.73,1.04,20.34,20.38,149869,-42.83,-66.0,0.056
2024-01-13T11:00:42.000,10.12,-20.59,1.04,20.33,20.38,149870,-42.61,-66.0,0.056
2024-01-13T11:01:42.000,9.61,-19.88,1.04,20.34,20.38,149871,-42.4,-66.0,0.056
2024-01-13T11:02:42.000,10.3,-18.88,1.04,20.34,20.38,149872,-42.19,-65.0,0.056
2024-01-13T11:03:42.000,10.87,-19.25,1.04,20.34,20.38,149873,-41.98,-65.0,0.056
2024-01-13T11:04:42.000,10.61,-20.03,1.04,20.34,20.38,149874,-41.77,-65.0,0.056
2024-01-13T11:05:49.000,10.01,-20.25,1.04,20.34,20.38,149875,-41.53,-65.0,0.057
2024-01-13T11:06:49.000,9.76,-19.14,1.04,20.34,20.38,149876,-41.32,-65.0,0.057
2024-01-13T11:07:49.000,10.59,-18.79,1.04,20.34,20.38,149877,-41.11,-64.0,0.057
2024-01-13T11:08:49.000,10.74,-19.85,1.04,20.34,20.38,149878,-40.9,-64.0,0.057
2024-01-13T11:09:49.000,10.24,-20.42,1.04,20.34,20.38,149879,-40.68,-64.0,0.057
2024-01-13T11:10:49.000,9.74,-19.65,1.04,20.34,20.38,149880,-40.47,-64.0,0.057
2024-01-13T11:11:50.000,10.31,-18.64,1.04,20.34,20.38,149881,-40.26,-64.0,0.057
2024-01-13T11:12:50.000,10.73,-19.42,1.04,20.33,20.38,149882,-40.05,-64.0,0.057
2024-01-13T11:13:50.000,10.25,-20.68,1.04,20.33,20.38,149883,-39.84,-63.0,0.057
2024-01-13T11:14:50.000,9.69,-19.99,1.05,20.33,20.38,149884,-39.62,-63.0,0.057
2024-01-13T11:15:50.000,10.36,-18.65,1.05,20.33,20.38,149885,-39.41,-63.0,0.057
