Downloads/jupyter/ECSV/stars19/stars19_2021-09.ecsv
# %ECSV 1.0
# ---
# datatype:
# - {name: time, datatype: string}
# - {name: Enclosure Temperature, unit: deg_C, datatype: float64}
# - {name: Sky Temperature, unit: deg_C, datatype: float64}
# - {name: Frequency, unit: Hz, datatype: float64}
# - {name: MSAS, unit: mag / arcsec2, datatype: float64}
# - {name: ZP, datatype: float64}
# - {name: Sequence Number, datatype: int64}
# - {name: Sun Alt, unit: deg, datatype: float64}
# - {name: Moon Alt, unit: deg, datatype: float64}
# - {name: Moon Illumination, datatype: float64}
# delimiter: ','
# meta: !!omap
# - ida:
#     Data supplier: {affiliation: null, observer: null}
#     Device type: TESS-W
#     Field of view: 17.0
#     Filters per channel: None
#     Instrument ID: stars19
#     License: ODbL 1.0 http://opendatacommons.org/licenses/odbl/summary/
#     Local timezone: America/Phoenix
#     Location name: {country: '- Tucson', place: Tucson, region: United States, sub_region: Arizona, town: Pima County}
#     Measurement direction per channel: {azimuth: 0.0, zenital: 0.0}
#     Moving / Fixed look direction: FIXED
#     Moving / Stationary position: STATIONARY
#     Number of channels: 1
#     Number of fields per line: 8
#     Number of header lines: 35
#     Position: {height: 0.0, latitude: 32.223877, longitude: -110.767532}
#     TESS MAC address: 18:FE:34:CF:EC:06
#     TESS cover offset value: 0.0
#     TESS firmware version: '1.0'
#     TESS zero point: 20.5
#     Time Synchronization: timestamp added by MQTT subscriber
#     URL: http://www.darksky.org/NSBM/sdf1.0.pdf
# - __serialized_columns__:
#     Enclosure Temperature:
#       __class__: astropy.units.quantity.Quantity
#       unit: &id001 !astropy.units.Unit {unit: deg_C}
#       value: !astropy.table.SerializedColumn {name: Enclosure Temperature}
#     Frequency:
#       __class__: astropy.units.quantity.Quantity
#       unit: !astropy.units.Unit {unit: Hz}
#       value: !astropy.table.SerializedColumn {name: Frequency}
#     MSAS:
#       __class__: astropy.units.quantity.Quantity
#       unit: !astropy.units.Unit {unit: mag / arcsec2}
#       value: !astropy.table.SerializedColumn {name: MSAS}
#     Moon Alt:
#       __class__: astropy.units.quantity.Quantity
#       unit: &id002 !astropy.units.Unit {unit: deg}
#       value: !astropy.table.SerializedColumn {name: Moon Alt}
#     Sky Temperature:
#       __class__: astropy.units.quantity.Quantity
#       unit: *id001
#       value: !astropy.table.SerializedColumn {name: Sky Temperature}
#     Sun Alt:
#       __class__: astropy.units.quantity.Quantity
#       unit: *id002
#       value: !astropy.table.SerializedColumn {name: Sun Alt}
#     time:
#       __class__: astropy.time.core.Time
#       format: isot
#       in_subfmt: '*'
#       out_subfmt: '*'
#       precision: 3
#       scale: utc
#       value: !astropy.table.SerializedColumn {name: time}
# schema: astropy-2.0
time,Enclosure Temperature,Sky Temperature,Frequency,MSAS,ZP,Sequence Number,Sun Alt,Moon Alt,Moon Illumination
[from data line 21420]
2021-09-22T13:06:19.000,24.04,3.46,44410.11,8.76,20.5,199955,-1.93,18.0,0.974
2021-09-22T13:07:19.000,24.05,3.32,51564.09,8.6,20.5,199956,-1.72,18.0,0.974
2021-09-22T13:08:19.000,24.08,3.23,59395.82,8.45,20.5,199957,-1.51,18.0,0.974
2021-09-22T13:09:19.000,24.08,3.26,11554.31,1.5,20.5,199958,-1.29,18.0,0.974
2021-09-22T13:10:19.000,24.06,3.29,0.0,0.0,20.5,199959,-1.08,18.0,0.974
2021-09-22T13:11:19.000,24.04,3.29,0.0,0.0,20.5,199960,-0.87,17.0,0.974
2021-09-22T13:12:19.000,24.04,3.29,0.0,0.0,20.5,199961,-0.66,17.0,0.974
2021-09-22T13:30:21.000,24.3,3.26,0.0,0.0,20.5,199979,3.15,13.0,0.974
2021-09-22T13:31:21.000,24.3,3.18,0.0,0.0,20.5,199980,3.36,13.0,0.974
2021-09-22T13:32:21.000,24.3,3.3,0.0,0.0,20.5,199981,3.57,13.0,0.974
2021-09-22T13:34:22.000,24.33,3.29,0.0,0.0,20.5,199983,4.0,13.0,0.974
2021-09-22T13:35:22.000,24.36,3.36,0.2,0.09,20.5,199984,4.21,12.0,0.974
2021-09-22T13:36:22.000,24.4,3.3,0.1,0.09,20.5,199985,4.42,12.0,0.974
2021-09-22T13:37:22.000,24.45,3.41,0.0,0.0,20.5,199986,4.63,12.0,0.974
2021-09-22T13:38:22.000,24.46,3.31,0.0,0.0,20.5,199987,4.84,12.0,0.974
2021-09-22T13:39:22.000,24.44,3.29,0.0,0.0,20.5,199988,5.06,12.0,0.974
2021-09-22T13:40:22.000,24.46,3.33,0.15,0.09,20.5,199989,5.27,11.0,0.974
2021-09-22T13:41:22.000,24.43,3.2,0.0,0.0,20.5,199990,5.48,11.0,0.974
2021-09-22T13:42:22.000,24.44,3.35,0.0,0.0,20.5,199991,5.69,11.0,0.974
2021-09-22T13:43:22.000,24.42,3.19,0.0,0.0,20.5,199992,5.9,11.0,0.974
2021-09-22T13:45:22.000,24.41,3.46,0.0,0.0,20.5,199994,6.32,10.0,0.973
2021-09-22T13:46:22.000,24.41,3.26,0.0,0.0,20.5,199995,6.53,10.0,0.973
2021-09-22T13:47:22.000,24.41,3.34,0.0,0.0,20.5,199996,6.74,10.0,0.973
2021-09-22T13:51:23.000,24.59,3.55,0.0,0.0,20.5,200000,7.59,9.0,0.973
2021-09-22T13:52:23.000,24.63,3.53,0.0,0.0,20.5,200001,7.8,9.0,0.973
2021-09-22T13:53:23.000,24.65,3.5,0.0,0.0,20.5,200002,8.01,9.0,0.973
2021-09-22T13:54:23.000,24.69,3.64,0.0,0.0,20.5,200003,8.22,9.0,0.973
2021-09-22T13:55:23.000,24.78,3.75,0.0,0.0,20.5,200004,8.43,8.0,0.973
2021-09-22T13:57:23.000,24.82,3.62,0.0,0.0,20.5,200006,8.85,8.0,0.973
2021-09-22T13:58:23.000,24.83,3.8,0.0,0.0,20.5,200007,9.06,8.0,0.973
2021-09-22T13:59:23.000,24.92,3.86,0.0,0.0,20.5,200008,9.27,8.0,0.973
2021-09-22T14:00:23.000,24.95,3.82,0.0,0.0,20.5,200009,9.48,7.0,0.973
2021-09-22T14:02:23.000,25.05,3.95,0.0,0.0,20.5,200011,9.9,7.0,0.973
2021-09-22T14:03:23.000,25.1,3.93,0.0,0.0,20.5,200012,10.11,7.0,0.973
2021-09-22T14:04:23.000,25.17,4.01,0.0,0.0,20.5,200013,10.32,7.0,0.973
2021-09-22T14:06:24.000,25.26,3.95,0.0,0.0,20.5,200015,10.75,6.0,0.973
2021-09-22T14:07:23.000,25.3,3.96,0.0,0.0,20.5,200016,10.95,6.0,0.973
2021-09-22T14:11:24.000,25.49,4.17,0.0,0.0,20.5,200020,11.8,5.0,0.973
2021-09-22T14:13:24.000,25.57,4.14,0.0,0.0,20.5,200022,12.22,5.0,0.973
2021-09-22T14:14:24.000,25.58,4.22,0.0,0.0,20.5,200023,12.43,4.0,0.973
2021-09-22T14:16:24.000,25.7,4.24,0.0,0.0,20.5,200025,12.84,4.0,0.973
2021-09-22T14:17:24.000,25.74,4.38,0.0,0.0,20.5,200026,13.05,4.0,0.973
2021-09-22T14:18:24.000,25.82,4.46,0.0,0.0,20.5,200027,13.26,4.0,0.973
2021-09-22T14:19:24.000,25.93,4.63,0.0,0.0,20.5,200028,13.47,3.0,0.973
2021-09-22T14:23:25.000,26.12,4.56,0.0,0.0,20.5,200032,14.31,3.0,0.973
2021-09-22T14:25:25.000,26.17,4.57,0.0,0.0,20.5,200034,14.73,2.0,0.973
2021-09-22T14:26:25.000,26.22,4.74,0.0,0.0,20.5,200035,14.94,2.0,0.973
2021-09-22T14:27:25.000,26.31,4.79,0.0,0.0,20.5,200036,15.14,2.0,0.973
2021-09-22T14:28:25.000,26.33,4.75,0.0,0.0,20.5,200037,15.35,2.0,0.973
2021-09-22T14:31:25.000,26.41,4.9,0.0,0.0,20.5,200040,15.98,1.0,0.972
2021-09-22T14:33:30.000,26.52,5.05,0.0,0.0,20.5,200042,16.41,1.0,0.972
2021-09-22T14:34:31.000,26.55,5.12,0.0,0.0,20.5,200043,16.62,0.0,0.972
2021-09-22T14:35:31.000,26.64,5.18,0.0,0.0,20.5,200044,16.83,0.0,0.972
2021-09-22T14:39:31.000,26.83,5.37,0.0,0.0,20.5,200048,17.66,-1.0,0.972
2021-09-22T14:40:31.000,26.89,5.32,0.0,0.0,20.5,200049,17.87,-1.0,0.972
2021-09-22T14:41:32.000,26.9,5.34,0.0,0.0,20.5,200050,18.08,-1.0,0.972
2021-09-22T14:43:31.000,27.11,5.67,0.0,0.0,20.5,200052,18.49,-1.0,0.972
2021-09-22T14:44:32.000,27.18,5.66,0.0,0.0,20.5,200053,18.7,-2.0,0.972
2021-09-22T14:45:32.000,27.2,5.62,0.0,0.0,20.5,200054,18.9,-2.0,0.972
2021-09-22T15:08:33.000,28.73,7.3,0.0,0.0,20.5,200077,23.62,-6.0,0.972
2021-09-22T15:09:34.000,28.77,7.38,0.0,0.0,20.5,200078,23.83,-7.0,0.972
2021-09-22T15:10:34.000,28.86,7.51,0.0,0.0,20.5,200079,24.03,-7.0,0.972
2021-09-22T15:12:34.000,28.97,7.68,0.0,0.0,20.5,200081,24.44,-7.0,0.972
2021-09-22T15:13:34.000,29.03,7.63,0.0,0.0,20.5,200082,24.64,-7.0,0.972
2021-09-22T15:14:34.000,29.11,7.96,0.0,0.0,20.5,200083,24.84,-8.0,0.972
2021-09-22T15:44:40.000,31.71,11.55,0.0,0.0,20.5,200113,30.84,-14.0,0.971
2021-09-22T15:45:39.000,31.87,11.72,0.0,0.0,20.5,200114,31.03,-14.0,0.971
2021-09-22T15:46:39.000,31.99,11.79,0.0,0.0,20.5,200115,31.23,-14.0,0.971
2021-09-22T15:48:46.000,32.22,12.11,0.0,0.0,20.5,200117,31.64,-14.0,0.971
2021-09-22T15:49:45.000,32.36,12.4,0.0,0.0,20.5,200118,31.83,-15.0,0.971
2021-09-22T15:50:46.000,32.53,12.5,0.0,0.0,20.5,200119,32.03,-15.0,0.971
2021-09-22T16:21:49.000,37.64,15.91,0.0,0.0,20.5,200150,37.92,-21.0,0.97
2021-09-22T16:22:49.000,37.71,15.78,0.0,0.0,20.5,200151,38.1,-21.0,0.97
2021-09-22T16:23:49.000,37.84,16.06,0.0,0.0,20.5,200152,38.29,-21.0,0.97
2021-09-22T16:25:49.000,38.11,16.34,0.0,0.0,20.5,200154,38.65,-22.0,0.97
2021-09-22T16:26:49.000,38.74,18.1,0.0,0.0,20.5,200155,38.83,-22.0,0.97
2021-09-22T16:27:49.000,40.04,19.85,0.0,0.0,20.5,200156,39.02,-22.0,0.97
2021-09-22T16:49:57.000,52.47,20.4,0.0,0.0,20.5,200178,42.93,-26.0,0.969
2021-09-22T16:50:57.000,52.79,21.18,0.0,0.0,20.5,200179,43.1,-26.0,0.969
2021-09-22T16:51:57.000,53.32,21.54,0.0,0.0,20.5,200180,43.27,-27.0,0.969
2021-09-22T16:53:57.000,54.18,21.29,0.0,0.0,20.5,200182,43.61,-27.0,0.969
2021-09-22T16:54:57.000,54.39,20.81,0.0,0.0,20.5,200183,43.78,-27.0,0.969
2021-09-22T16:55:57.000,54.38,20.5,0.0,0.0,20.5,200184,43.95,-27.0,0.969
2021-09-22T18:31:07.000,58.49,22.14,0.0,0.0,20.5,200279,56.12,-43.0,0.967
2021-09-22T18:32:07.000,58.58,22.17,0.0,0.0,20.5,200280,56.19,-43.0,0.967
2021-09-22T18:33:11.000,58.44,21.1,0.0,0.0,20.5,200281,56.27,-43.0,0.967
2021-09-22T18:36:11.000,57.31,21.14,0.0,0.0,20.5,200284,56.47,-44.0,0.967
2021-09-22T18:37:11.000,57.37,21.17,0.0,0.0,20.5,200285,56.53,-44.0,0.967
2021-09-22T18:38:11.000,57.25,20.93,0.0,0.0,20.5,200286,56.6,-44.0,0.967
2021-09-22T18:40:11.000,57.61,22.09,0.0,0.0,20.5,200288,56.72,-44.0,0.967
2021-09-22T18:41:11.000,57.9,21.85,0.0,0.0,20.5,200289,56.78,-44.0,0.967
2021-09-22T18:42:11.000,57.58,19.91,0.0,0.0,20.5,200290,56.83,-44.0,0.967
2021-09-22T18:44:12.000,56.91,20.33,0.0,0.0,20.5,200292,56.94,-45.0,0.967
2021-09-22T18:45:12.000,57.06,22.03,0.0,0.0,20.5,200293,56.99,-45.0,0.967
2021-09-22T18:46:12.000,57.53,23.18,0.0,0.0,20.5,200294,57.04,-45.0,0.967
2021-09-22T18:47:12.000,58.16,22.63,0.0,0.0,20.5,200295,57.09,-45.0,0.967
2021-09-22T18:49:15.000,58.84,23.15,0.0,0.0,20.5,200297,57.19,-45.0,0.967
2021-09-22T18:50:15.000,59.45,23.64,0.0,0.0,20.5,200298,57.23,-46.0,0.966
2021-09-22T18:51:15.000,59.81,22.78,0.0,0.0,20.5,200299,57.27,-46.0,0.966
2021-09-22T18:52:15.000,60.15,22.97,0.0,0.0,20.5,200300,57.31,-46.0,0.966
2021-09-22T18:54:15.000,60.84,23.37,0.0,0.0,20.5,200302,57.39,-46.0,0.966
2021-09-22T18:55:16.000,61.3,23.32,0.0,0.0,20.5,200303,57.43,-46.0,0.966
2021-09-22T18:56:16.000,61.72,23.1,0.0,0.0,20.5,200304,57.46,-46.0,0.966
2021-09-22T19:07:18.000,59.15,19.92,0.0,0.0,20.5,200315,57.72,-48.0,0.966
2021-09-22T19:08:18.000,58.4,19.16,0.0,0.0,20.5,200316,57.73,-48.0,0.966
2021-09-22T19:09:18.000,57.87,20.88,0.0,0.0,20.5,200317,57.74,-48.0,0.966
2021-09-22T19:11:18.000,58.58,22.58,0.0,0.0,20.5,200319,57.76,-48.0,0.966
2021-09-22T19:12:18.000,59.02,22.12,0.0,0.0,20.5,200320,57.77,-48.0,0.966
2021-09-22T19:13:18.000,58.87,20.02,0.0,0.0,20.5,200321,57.77,-48.0,0.966
2021-09-22T19:18:19.000,58.75,21.06,0.0,0.0,20.5,200326,57.77,-49.0,0.966
2021-09-22T19:19:19.000,58.71,21.55,0.0,0.0,20.5,200327,57.76,-49.0,0.966
2021-09-22T19:20:19.000,58.92,21.06,0.0,0.0,20.5,200328,57.76,-49.0,0.966
2021-09-22T19:23:21.000,57.23,18.68,0.0,0.0,20.5,200331,57.72,-49.0,0.966
2021-09-22T19:24:21.000,56.52,18.83,0.0,0.0,20.5,200332,57.71,-49.0,0.966
2021-09-22T19:25:21.000,56.19,20.24,0.0,0.0,20.5,200333,57.69,-49.0,0.966
2021-09-22T19:29:21.000,56.82,21.74,0.0,0.0,20.5,200337,57.61,-50.0,0.966
2021-09-22T19:30:21.000,57.27,22.45,0.0,0.0,20.5,200338,57.58,-50.0,0.966
2021-09-22T19:31:21.000,57.74,22.28,0.0,0.0,20.5,200339,57.56,-50.0,0.965
2021-09-22T19:33:22.000,58.74,22.46,0.0,0.0,20.5,200341,57.5,-50.0,0.965
2021-09-22T19:34:22.000,59.06,21.77,0.0,0.0,20.5,200342,57.47,-50.0,0.965
2021-09-22T19:36:22.000,59.88,22.59,0.0,0.0,20.5,200344,57.4,-50.0,0.965
2021-09-22T19:37:22.000,60.21,22.24,0.0,0.0,20.5,200345,57.36,-50.0,0.965
2021-09-22T19:38:22.000,60.66,22.29,0.0,0.0,20.5,200346,57.32,-51.0,0.965
2021-09-22T19:40:22.000,61.17,22.63,0.0,0.0,20.5,200348,57.24,-51.0,0.965
2021-09-22T19:41:22.000,61.42,22.0,0.0,0.0,20.5,200349,57.2,-51.0,0.965
2021-09-22T19:42:22.000,61.03,19.33,0.0,0.0,20.5,200350,57.15,-51.0,0.965
2021-09-22T20:24:26.000,59.85,21.83,0.0,0.0,20.5,200392,53.89,-53.0,0.964
2021-09-22T20:25:27.000,60.0,20.93,0.0,0.0,20.5,200393,53.78,-53.0,0.964
2021-09-22T20:26:27.000,60.28,22.0,0.0,0.0,20.5,200394,53.67,-53.0,0.964
2021-09-22T20:28:27.000,61.06,21.75,0.0,0.0,20.5,200396,53.45,-53.0,0.964
2021-09-22T20:29:27.000,61.09,20.53,0.0,0.0,20.5,200397,53.34,-53.0,0.964
2021-09-22T20:30:27.000,60.22,17.03,0.0,0.0,20.5,200398,53.23,-53.0,0.964
2021-09-22T21:27:33.000,46.49,18.52,0.0,0.0,20.5,200455,45.17,-51.0,0.963
2021-09-22T21:28:33.000,46.28,18.51,0.0,0.0,20.5,200456,45.0,-51.0,0.963
2021-09-22T21:29:33.000,46.27,19.16,0.0,0.0,20.5,200457,44.84,-51.0,0.963
2021-09-22T21:31:34.000,46.44,19.11,0.0,0.0,20.5,200459,44.51,-51.0,0.962
2021-09-22T21:32:34.000,46.27,18.6,0.0,0.0,20.5,200460,44.34,-51.0,0.962
2021-09-22T21:33:34.000,46.11,18.7,0.0,0.0,20.5,200461,44.17,-51.0,0.962
2021-09-22T21:35:34.000,45.69,18.38,0.0,0.0,20.5,200463,43.84,-51.0,0.962
2021-09-22T21:36:34.000,45.34,18.04,0.0,0.0,20.5,200464,43.67,-51.0,0.962
2021-09-22T21:37:34.000,45.06,17.77,0.0,0.0,20.5,200465,43.5,-51.0,0.962
2021-09-22T21:39:34.000,44.53,18.56,0.0,0.0,20.5,200467,43.16,-50.0,0.962
2021-09-22T21:41:34.000,44.53,18.23,0.0,0.0,20.5,200469,42.82,-50.0,0.962
2021-09-22T21:42:34.000,44.25,17.62,0.0,0.0,20.5,200470,42.64,-50.0,0.962
2021-09-22T21:43:34.000,44.2,18.21,0.0,0.0,20.5,200471,42.47,-50.0,0.962
2021-09-22T21:44:34.000,43.98,17.83,0.0,0.0,20.5,200472,42.3,-50.0,0.962
2021-09-22T21:45:34.000,43.99,18.3,0.0,0.0,20.5,200473,42.12,-50.0,0.962
2021-09-22T21:47:34.000,43.66,17.74,0.0,0.0,20.5,200475,41.78,-50.0,0.962
2021-09-22T21:48:36.000,43.68,18.57,0.0,0.0,20.5,200476,41.59,-50.0,0.962
2021-09-22T21:49:37.000,43.73,18.15,0.0,0.0,20.5,200477,41.42,-50.0,0.962
2021-09-22T22:06:38.000,44.01,19.26,0.0,0.0,20.5,200494,38.36,-48.0,0.962
2021-09-22T22:07:38.000,44.14,19.08,0.0,0.0,20.5,200495,38.17,-48.0,0.962
2021-09-22T22:08:38.000,44.18,19.0,0.0,0.0,20.5,200496,37.99,-48.0,0.962
2021-09-22T22:10:38.000,44.04,18.65,0.0,0.0,20.5,200498,37.62,-47.0,0.961
2021-09-22T22:11:38.000,43.99,18.6,0.0,0.0,20.5,200499,37.44,-47.0,0.961
2021-09-22T22:12:38.000,43.99,18.75,0.0,0.0,20.5,200500,37.25,-47.0,0.961
2021-09-22T22:27:39.000,44.21,19.14,0.0,0.0,20.5,200515,34.42,-45.0,0.961
2021-09-22T22:28:39.000,44.29,19.19,0.0,0.0,20.5,200516,34.23,-45.0,0.961
2021-09-22T22:29:39.000,44.28,19.03,0.0,0.0,20.5,200517,34.04,-45.0,0.961
2021-09-22T22:31:39.000,44.33,19.04,0.0,0.0,20.5,200519,33.66,-45.0,0.961
2021-09-22T22:32:39.000,44.33,19.17,0.0,0.0,20.5,200520,33.46,-45.0,0.961
2021-09-22T22:33:39.000,44.36,19.09,0.0,0.0,20.5,200521,33.27,-45.0,0.961
2021-09-22T22:46:40.000,43.6,17.99,0.0,0.0,20.5,200534,30.74,-43.0,0.961
2021-09-22T22:47:40.000,43.54,17.84,0.0,0.0,20.5,200535,30.54,-43.0,0.96
2021-09-22T22:48:44.000,43.51,17.91,0.0,0.0,20.5,200536,30.33,-43.0,0.96
2021-09-22T22:50:44.000,43.38,17.23,0.0,0.0,20.5,200538,29.94,-42.0,0.96
2021-09-22T22:51:44.000,43.35,17.66,0.0,0.0,20.5,200539,29.74,-42.0,0.96
2021-09-22T22:52:44.000,43.33,17.42,0.0,0.0,20.5,200540,29.55,-42.0,0.96
2021-09-22T22:53:44.000,43.09,16.48,0.0,0.0,20.5,200541,29.35,-42.0,0.96
2021-09-22T22:55:44.000,42.76,17.05,0.0,0.0,20.5,200543,28.95,-42.0,0.96
2021-09-22T22:56:44.000,42.69,17.17,0.0,0.0,20.5,200544,28.75,-41.0,0.96
2021-09-22T22:57:44.000,42.63,17.25,0.0,0.0,20.5,200545,28.55,-41.0,0.96
2021-09-23T00:07:55.000,39.07,17.88,0.0,0.0,20.5,200615,14.19,-30.0,0.958
2021-09-23T00:08:55.000,39.04,17.56,0.0,0.0,20.5,200616,13.98,-29.0,0.958
2021-09-23T00:09:55.000,38.89,17.31,0.0,0.0,20.5,200617,13.77,-29.0,0.958
2021-09-23T00:11:55.000,38.62,17.31,0.0,0.0,20.5,200619,13.36,-29.0,0.958
2021-09-23T00:12:55.000,38.59,17.5,0.0,0.0,20.5,200620,13.15,-29.0,0.958
2021-09-23T00:13:55.000,38.59,17.25,0.0,0.0,20.5,200621,12.94,-28.0,0.958
2021-09-23T00:24:57.000,37.2,15.71,0.0,0.0,20.5,200632,10.62,-26.0,0.958
2021-09-23T00:25:57.000,37.17,15.54,0.0,0.0,20.5,200633,10.41,-26.0,0.958
2021-09-23T00:26:57.000,37.07,15.23,0.0,0.0,20.5,200634,10.2,-26.0,0.958
2021-09-23T00:28:57.000,36.92,14.95,0.0,0.0,20.5,200636,9.78,-26.0,0.958
2021-09-23T00:29:57.000,36.8,14.69,0.0,0.0,20.5,200637,9.57,-26.0,0.958
2021-09-23T00:30:57.000,36.73,14.66,0.0,0.0,20.5,200638,9.36,-25.0,0.958
2021-09-23T00:32:57.000,36.56,14.33,0.0,0.0,20.5,200640,8.94,-25.0,0.958
2021-09-23T00:33:57.000,36.49,14.12,0.0,0.0,20.5,200641,8.73,-25.0,0.958
2021-09-23T00:34:57.000,36.38,13.9,0.0,0.0,20.5,200642,8.52,-25.0,0.958
2021-09-23T00:36:58.000,36.27,13.93,0.0,0.0,20.5,200644,8.09,-24.0,0.958
2021-09-23T00:37:57.000,36.25,13.77,0.0,0.0,20.5,200645,7.89,-24.0,0.958
2021-09-23T00:38:58.000,36.23,13.7,0.0,0.0,20.5,200646,7.67,-24.0,0.958
2021-09-23T00:39:58.000,36.16,13.5,0.0,0.0,20.5,200647,7.46,-24.0,0.957
2021-09-23T00:41:05.000,36.08,13.37,0.0,0.0,20.5,200648,7.22,-23.0,0.957
2021-09-23T00:46:05.000,35.88,13.27,0.0,0.0,20.5,200653,6.17,-22.0,0.957
2021-09-23T00:49:05.000,35.89,13.41,0.0,0.0,20.5,200656,5.54,-22.0,0.957
2021-09-23T00:51:05.000,35.93,13.45,0.0,0.0,20.5,200658,5.11,-22.0,0.957
2021-09-23T00:53:05.000,35.97,13.53,0.0,0.0,20.5,200660,4.69,-21.0,0.957
2021-09-23T00:55:05.000,35.95,13.43,0.0,0.0,20.5,200662,4.27,-21.0,0.957
2021-09-23T00:56:05.000,35.94,13.42,0.0,0.0,20.5,200663,4.06,-21.0,0.957
2021-09-23T00:58:05.000,35.85,13.43,0.0,0.0,20.5,200665,3.63,-20.0,0.957
2021-09-23T00:59:05.000,35.84,13.57,0.0,0.0,20.5,200666,3.42,-20.0,0.957
2021-09-23T01:00:06.000,35.81,13.56,0.0,0.0,20.5,200667,3.21,-20.0,0.957
2021-09-23T01:02:06.000,35.73,13.67,0.0,0.0,20.5,200669,2.78,-19.0,0.957
2021-09-23T01:03:06.000,35.69,13.75,0.0,0.0,20.5,200670,2.57,-19.0,0.957
2021-09-23T01:06:06.000,35.56,13.86,0.0,0.0,20.5,200673,1.94,-19.0,0.957
2021-09-23T01:19:07.000,34.5,14.37,0.0,0.0,20.5,200686,-0.82,-16.0,0.956
2021-09-23T01:21:07.000,34.44,14.45,0.0,0.0,20.5,200688,-1.24,-16.0,0.956
2021-09-23T01:22:08.000,34.4,14.3,0.0,0.0,20.5,200689,-1.46,-15.0,0.956
2021-09-23T01:23:08.000,34.4,14.34,0.0,0.0,20.5,200690,-1.67,-15.0,0.956
2021-09-23T01:25:08.000,34.35,14.09,0.0,0.0,20.5,200692,-2.09,-15.0,0.956
2021-09-23T01:26:09.000,34.33,13.93,0.0,0.0,20.5,200693,-2.31,-15.0,0.956
2021-09-23T01:27:09.000,34.29,13.76,0.0,0.0,20.5,200694,-2.52,-14.0,0.956
2021-09-23T01:28:09.000,34.26,13.76,53152.14,8.36,20.5,200695,-2.73,-14.0,0.956
2021-09-23T01:29:09.000,34.24,13.61,34254.67,9.05,20.5,200696,-2.94,-14.0,0.956
2021-09-23T01:30:09.000,34.19,13.41,22070.83,9.53,20.5,200697,-3.15,-14.0,0.956
2021-09-23T01:31:09.000,34.16,13.4,16311.4,9.85,20.5,200698,-3.37,-14.0,0.956
2021-09-23T01:32:09.000,34.12,13.25,12892.43,10.11,20.5,200699,-3.58,-13.0,0.956
2021-09-23T01:33:10.000,34.08,13.12,10356.56,10.34,20.5,200700,-3.79,-13.0,0.956
2021-09-23T01:34:10.000,34.04,13.04,8253.62,10.59,20.5,200701,-4.0,-13.0,0.956
