Downloads/jupyter/ECSV/stars19/stars19_2020-12.ecsv
# %ECSV 1.0
# ---
# datatype:
# - {name: time, datatype: string}
# - {name: Enclosure Temperature, unit: deg_C, datatype: float64}
# - {name: Sky Temperature, unit: deg_C, datatype: float64}
# - {name: Frequency, unit: Hz, datatype: float64}
# - {name: MSAS, unit: mag / arcsec2, datatype: float64}
# - {name: ZP, datatype: float64}
# - {name: Sequence Number, datatype: int64}
# - {name: Sun Alt, unit: deg, datatype: float64}
# - {name: Moon Alt, unit: deg, datatype: float64}
# - {name: Moon Illumination, datatype: float64}
# delimiter: ','
# meta: !!omap
# - ida:
#     Data supplier: {affiliation: null, observer: null}
#     Device type: TESS-W
#     Field of view: 17.0
#     Filters per channel: None
#     Instrument ID: stars19
#     License: ODbL 1.0 http://opendatacommons.org/licenses/odbl/summary/
#     Local timezone: America/Phoenix
#     Location name: {country: '- Tucson', place: Tucson, region: United States, sub_region: Arizona, town: Pima County}
#     Measurement direction per channel: {azimuth: 0.0, zenital: 0.0}
#     Moving / Fixed look direction: FIXED
#     Moving / Stationary position: STATIONARY
#     Number of channels: 1
#     Number of fields per line: 8
#     Number of header lines: 35
#     Position: {height: 0.0, latitude: 32.223877, longitude: -110.767532}
#     TESS MAC address: 18:FE:34:CF:EC:06
#     TESS cover offset value: 0.0
#     TESS firmware version: '1.0'
#     TESS zero point: 20.5
#     Time Synchronization: timestamp added by MQTT subscriber
#     URL: http://www.darksky.org/NSBM/sdf1.0.pdf
# - __serialized_columns__:
#     Enclosure Temperature:
#       __class__: astropy.units.quantity.Quantity
#       unit: &id001 !astropy.units.Unit {unit: deg_C}
#       value: !astropy.table.SerializedColumn {name: Enclosure Temperature}
#     Frequency:
#       __class__: astropy.units.quantity.Quantity
#       unit: !astropy.units.Unit {unit: Hz}
#       value: !astropy.table.SerializedColumn {name: Frequency}
#     MSAS:
#       __class__: astropy.units.quantity.Quantity
#       unit: !astropy.units.Unit {unit: mag / arcsec2}
#       value: !astropy.table.SerializedColumn {name: MSAS}
#     Moon Alt:
#       __class__: astropy.units.quantity.Quantity
#       unit: &id002 !astropy.units.Unit {unit: deg}
#       value: !astropy.table.SerializedColumn {name: Moon Alt}
#     Sky Temperature:
#       __class__: astropy.units.quantity.Quantity
#       unit: *id001
#       value: !astropy.table.SerializedColumn {name: Sky Temperature}
#     Sun Alt:
#       __class__: astropy.units.quantity.Quantity
#       unit: *id002
#       value: !astropy.table.SerializedColumn {name: Sun Alt}
#     time:
#       __class__: astropy.time.core.Time
#       format: isot
#       in_subfmt: '*'
#       out_subfmt: '*'
#       precision: 3
#       scale: utc
#       value: !astropy.table.SerializedColumn {name: time}
# schema: astropy-2.0
time,Enclosure Temperature,Sky Temperature,Frequency,MSAS,ZP,Sequence Number,Sun Alt,Moon Alt,Moon Illumination
[from data line 25471]
2020-12-27T17:08:50.000,18.1,-2.8,0.0,0.0,20.5,183414,25.73,-38.0,0.943
2020-12-27T17:09:50.000,18.27,-2.85,0.0,0.0,20.5,183415,25.85,-38.0,0.943
2020-12-27T17:11:50.000,18.47,-2.71,0.0,0.0,20.5,183417,26.09,-38.0,0.944
2020-12-27T17:14:50.000,18.82,-2.04,0.0,0.0,20.5,183420,26.44,-38.0,0.944
2020-12-27T17:15:50.000,18.92,-2.13,0.0,0.0,20.5,183421,26.56,-38.0,0.944
2020-12-27T17:16:50.000,19.03,-1.97,0.0,0.0,20.5,183422,26.67,-38.0,0.944
2020-12-27T17:17:50.000,19.11,-1.98,0.0,0.0,20.5,183423,26.79,-38.0,0.944
2020-12-27T17:18:50.000,19.22,-1.6,0.0,0.0,20.5,183424,26.9,-38.0,0.944
2020-12-27T17:19:50.000,19.37,-1.54,0.0,0.0,20.5,183425,27.01,-38.0,0.944
2020-12-27T17:20:50.000,19.51,-1.29,0.0,0.0,20.5,183426,27.13,-38.0,0.944
2020-12-27T17:21:50.000,19.74,-0.81,0.0,0.0,20.5,183427,27.24,-38.0,0.944
2020-12-27T17:22:50.000,19.91,-1.26,0.0,0.0,20.5,183428,27.35,-38.0,0.944
2020-12-27T17:23:50.000,20.0,-0.97,0.0,0.0,20.5,183429,27.46,-38.0,0.944
2020-12-27T17:24:50.000,20.14,-0.85,0.0,0.0,20.5,183430,27.57,-38.0,0.944
2020-12-27T17:25:51.000,20.28,-0.79,0.0,0.0,20.5,183431,27.68,-38.0,0.944
2020-12-27T17:26:51.000,20.43,-0.6,0.0,0.0,20.5,183432,27.79,-38.0,0.944
2020-12-27T17:27:51.000,20.61,-0.29,0.0,0.0,20.5,183433,27.9,-38.0,0.944
2020-12-27T17:28:51.000,20.83,-0.32,0.0,0.0,20.5,183434,28.0,-38.0,0.944
2020-12-27T17:29:51.000,20.92,-0.41,0.0,0.0,20.5,183435,28.11,-38.0,0.944
2020-12-27T17:30:51.000,21.06,-0.17,0.0,0.0,20.5,183436,28.21,-38.0,0.944
2020-12-27T17:31:51.000,21.31,0.4,0.0,0.0,20.5,183437,28.32,-38.0,0.944
2020-12-27T17:32:51.000,21.63,0.31,0.0,0.0,20.5,183438,28.42,-38.0,0.944
2020-12-27T17:33:51.000,21.71,-0.19,0.0,0.0,20.5,183439,28.53,-38.0,0.944
2020-12-27T17:34:51.000,21.82,0.37,0.0,0.0,20.5,183440,28.63,-38.0,0.944
2020-12-27T17:35:51.000,22.03,0.27,0.0,0.0,20.5,183441,28.73,-38.0,0.944
2020-12-27T17:36:51.000,22.07,0.29,0.0,0.0,20.5,183442,28.83,-38.0,0.944
2020-12-27T17:37:51.000,22.18,0.37,0.0,0.0,20.5,183443,28.93,-38.0,0.944
2020-12-27T17:38:51.000,22.43,1.04,0.0,0.0,20.5,183444,29.03,-38.0,0.944
2020-12-27T17:39:54.000,22.64,0.79,0.0,0.0,20.5,183445,29.13,-38.0,0.944
2020-12-27T17:40:53.000,22.77,0.82,0.0,0.0,20.5,183446,29.23,-38.0,0.944
2020-12-27T17:41:53.000,22.97,1.02,0.0,0.0,20.5,183447,29.33,-38.0,0.944
2020-12-27T17:42:53.000,23.06,0.87,0.0,0.0,20.5,183448,29.42,-38.0,0.944
2020-12-27T17:45:54.000,23.48,1.33,0.0,0.0,20.5,183451,29.71,-37.0,0.945
2020-12-27T17:47:54.000,23.9,1.78,0.0,0.0,20.5,183453,29.89,-37.0,0.945
2020-12-27T17:48:54.000,23.96,1.25,0.0,0.0,20.5,183454,29.98,-37.0,0.945
2020-12-27T17:49:54.000,24.11,1.91,0.0,0.0,20.5,183455,30.07,-37.0,0.945
2020-12-27T17:50:54.000,24.34,2.02,0.0,0.0,20.5,183456,30.16,-37.0,0.945
2020-12-27T17:51:54.000,24.71,2.97,0.0,0.0,20.5,183457,30.25,-37.0,0.945
2020-12-27T17:52:54.000,25.33,3.23,0.0,0.0,20.5,183458,30.34,-37.0,0.945
2020-12-27T17:53:54.000,26.34,5.28,0.0,0.0,20.5,183459,30.43,-37.0,0.945
2020-12-27T17:54:54.000,27.78,5.61,0.0,0.0,20.5,183460,30.51,-37.0,0.945
2020-12-27T17:55:54.000,28.89,5.66,0.0,0.0,20.5,183461,30.6,-37.0,0.945
2020-12-27T17:56:54.000,29.75,5.15,0.0,0.0,20.5,183462,30.68,-37.0,0.945
2020-12-27T17:57:54.000,30.64,5.91,0.0,0.0,20.5,183463,30.77,-37.0,0.945
2020-12-27T17:58:54.000,31.3,5.02,0.0,0.0,20.5,183464,30.85,-37.0,0.945
2020-12-27T17:59:54.000,31.92,5.6,0.0,0.0,20.5,183465,30.93,-37.0,0.945
2020-12-27T18:00:55.000,32.74,6.18,0.0,0.0,20.5,183466,31.01,-37.0,0.945
2020-12-27T18:01:55.000,33.28,5.08,0.0,0.0,20.5,183467,31.09,-37.0,0.945
2020-12-27T18:02:55.000,33.64,5.42,0.0,0.0,20.5,183468,31.17,-37.0,0.945
2020-12-27T18:03:55.000,34.01,5.84,0.0,0.0,20.5,183469,31.25,-37.0,0.945
2020-12-27T18:04:55.000,34.42,5.33,0.0,0.0,20.5,183470,31.33,-37.0,0.945
2020-12-27T18:05:55.000,34.76,5.58,0.0,0.0,20.5,183471,31.41,-37.0,0.945
2020-12-27T18:06:55.000,35.38,6.25,0.0,0.0,20.5,183472,31.48,-37.0,0.945
2020-12-27T18:07:55.000,36.03,6.98,0.0,0.0,20.5,183473,31.56,-37.0,0.945
2020-12-27T18:08:55.000,36.9,7.39,0.0,0.0,20.5,183474,31.63,-37.0,0.945
2020-12-27T18:09:55.000,37.74,7.44,0.0,0.0,20.5,183475,31.71,-37.0,0.945
2020-12-27T18:10:55.000,38.44,7.18,0.0,0.0,20.5,183476,31.78,-37.0,0.945
2020-12-27T18:11:55.000,38.84,6.75,0.0,0.0,20.5,183477,31.85,-37.0,0.945
2020-12-27T18:12:55.000,39.02,5.76,0.0,0.0,20.5,183478,31.92,-37.0,0.945
2020-12-27T18:13:55.000,38.88,5.25,0.0,0.0,20.5,183479,31.99,-36.0,0.945
2020-12-27T18:14:55.000,39.01,6.78,0.0,0.0,20.5,183480,32.06,-36.0,0.945
2020-12-27T18:15:55.000,39.38,6.99,0.0,0.0,20.5,183481,32.13,-36.0,0.946
2020-12-27T18:16:56.000,39.69,6.59,0.0,0.0,20.5,183482,32.2,-36.0,0.946
2020-12-27T18:17:56.000,39.94,7.61,0.0,0.0,20.5,183483,32.26,-36.0,0.946
2020-12-27T18:18:56.000,40.33,6.95,0.0,0.0,20.5,183484,32.33,-36.0,0.946
2020-12-27T18:19:56.000,40.44,6.77,0.0,0.0,20.5,183485,32.39,-36.0,0.946
2020-12-27T18:20:56.000,40.47,6.88,0.0,0.0,20.5,183486,32.46,-36.0,0.946
2020-12-27T18:21:56.000,40.81,7.93,0.0,0.0,20.5,183487,32.52,-36.0,0.946
2020-12-27T18:22:56.000,41.12,6.57,0.0,0.0,20.5,183488,32.58,-36.0,0.946
2020-12-27T18:23:56.000,41.1,6.88,0.0,0.0,20.5,183489,32.64,-36.0,0.946
2020-12-27T18:24:56.000,41.48,7.41,0.0,0.0,20.5,183490,32.7,-36.0,0.946
2020-12-27T18:25:56.000,41.49,6.55,0.0,0.0,20.5,183491,32.76,-36.0,0.946
2020-12-27T18:26:56.000,41.74,7.55,0.0,0.0,20.5,183492,32.82,-36.0,0.946
2020-12-27T18:27:56.000,41.92,7.12,0.0,0.0,20.5,183493,32.87,-36.0,0.946
2020-12-27T18:28:56.000,41.86,6.09,0.0,0.0,20.5,183494,32.93,-36.0,0.946
2020-12-27T18:29:56.000,41.81,6.34,0.0,0.0,20.5,183495,32.99,-36.0,0.946
2020-12-27T18:30:56.000,41.95,7.65,0.0,0.0,20.5,183496,33.04,-36.0,0.946
2020-12-27T18:31:56.000,42.3,7.42,0.0,0.0,20.5,183497,33.09,-35.0,0.946
2020-12-27T18:32:56.000,42.46,6.54,0.0,0.0,20.5,183498,33.15,-35.0,0.946
2020-12-27T18:33:57.000,42.61,7.65,0.0,0.0,20.5,183499,33.2,-35.0,0.946
2020-12-27T18:34:57.000,42.93,7.24,0.0,0.0,20.5,183500,33.25,-35.0,0.946
2020-12-27T18:35:57.000,43.14,6.45,0.0,0.0,20.5,183501,33.3,-35.0,0.946
2020-12-27T18:36:57.000,42.74,5.15,0.0,0.0,20.5,183502,33.35,-35.0,0.946
2020-12-27T18:37:57.000,42.59,6.36,0.0,0.0,20.5,183503,33.39,-35.0,0.946
2020-12-27T18:38:57.000,42.58,6.48,0.0,0.0,20.5,183504,33.44,-35.0,0.946
2020-12-27T18:39:57.000,42.76,6.98,0.0,0.0,20.5,183505,33.48,-35.0,0.946
2020-12-27T18:40:57.000,42.83,6.21,0.0,0.0,20.5,183506,33.53,-35.0,0.946
2020-12-27T18:41:57.000,42.86,6.66,0.0,0.0,20.5,183507,33.57,-35.0,0.946
2020-12-27T18:42:57.000,43.02,5.68,0.0,0.0,20.5,183508,33.62,-35.0,0.946
2020-12-27T18:43:57.000,42.61,5.92,0.0,0.0,20.5,183509,33.66,-35.0,0.946
2020-12-27T18:44:57.000,42.37,5.24,0.0,0.0,20.5,183510,33.7,-35.0,0.946
2020-12-27T18:45:57.000,42.31,6.58,0.0,0.0,20.5,183511,33.74,-34.0,0.946
2020-12-27T18:46:57.000,42.68,6.78,0.0,0.0,20.5,183512,33.78,-34.0,0.946
2020-12-27T18:47:57.000,42.72,5.56,0.0,0.0,20.5,183513,33.81,-34.0,0.946
2020-12-27T18:48:57.000,42.13,4.19,0.0,0.0,20.5,183514,33.85,-34.0,0.947
2020-12-27T18:49:58.000,42.17,7.17,0.0,0.0,20.5,183515,33.89,-34.0,0.947
2020-12-27T18:50:58.000,42.65,6.9,0.0,0.0,20.5,183516,33.92,-34.0,0.947
2020-12-27T18:51:58.000,43.04,6.97,0.0,0.0,20.5,183517,33.95,-34.0,0.947
2020-12-27T18:52:58.000,43.29,6.55,0.0,0.0,20.5,183518,33.99,-34.0,0.947
2020-12-27T18:53:58.000,43.65,7.45,0.0,0.0,20.5,183519,34.02,-34.0,0.947
2020-12-27T18:54:58.000,44.06,7.35,0.0,0.0,20.5,183520,34.05,-34.0,0.947
2020-12-27T18:55:58.000,44.21,7.2,0.0,0.0,20.5,183521,34.08,-34.0,0.947
2020-12-27T18:56:58.000,44.42,7.03,0.0,0.0,20.5,183522,34.11,-34.0,0.947
2020-12-27T18:57:58.000,44.41,6.79,0.0,0.0,20.5,183523,34.14,-33.0,0.947
2020-12-27T18:58:58.000,44.74,7.73,0.0,0.0,20.5,183524,34.16,-33.0,0.947
2020-12-27T18:59:58.000,44.75,6.32,0.0,0.0,20.5,183525,34.19,-33.0,0.947
2020-12-27T19:00:58.000,44.31,3.87,0.0,0.0,20.5,183526,34.21,-33.0,0.947
2020-12-27T19:01:58.000,43.01,2.68,0.0,0.0,20.5,183527,34.24,-33.0,0.947
2020-12-27T19:02:58.000,42.26,4.72,0.0,0.0,20.5,183528,34.26,-33.0,0.947
2020-12-27T19:03:58.000,42.27,6.79,0.0,0.0,20.5,183529,34.28,-33.0,0.947
2020-12-27T19:04:58.000,42.9,8.05,0.0,0.0,20.5,183530,34.3,-33.0,0.947
2020-12-27T19:05:58.000,43.68,7.97,0.0,0.0,20.5,183531,34.32,-33.0,0.947
2020-12-27T19:06:59.000,44.27,7.94,0.0,0.0,20.5,183532,34.34,-33.0,0.947
2020-12-27T19:07:59.000,44.16,4.44,0.0,0.0,20.5,183533,34.36,-33.0,0.947
2020-12-27T19:08:59.000,42.81,2.11,0.0,0.0,20.5,183534,34.37,-32.0,0.947
2020-12-27T19:09:59.000,42.49,5.58,0.0,0.0,20.5,183535,34.39,-32.0,0.947
2020-12-27T19:10:59.000,42.39,5.38,0.0,0.0,20.5,183536,34.4,-32.0,0.947
2020-12-27T19:11:59.000,42.31,5.41,0.0,0.0,20.5,183537,34.42,-32.0,0.947
2020-12-27T19:12:59.000,42.5,6.12,0.0,0.0,20.5,183538,34.43,-32.0,0.947
2020-12-27T19:13:59.000,42.66,6.19,0.0,0.0,20.5,183539,34.44,-32.0,0.947
2020-12-27T19:14:59.000,42.67,5.13,0.0,0.0,20.5,183540,34.45,-32.0,0.947
2020-12-27T19:15:59.000,42.67,5.84,0.0,0.0,20.5,183541,34.46,-32.0,0.947
2020-12-27T19:16:59.000,42.89,6.71,0.0,0.0,20.5,183542,34.47,-32.0,0.947
2020-12-27T19:17:59.000,43.17,6.21,0.0,0.0,20.5,183543,34.48,-32.0,0.947
2020-12-27T19:18:59.000,43.38,6.1,0.0,0.0,20.5,183544,34.48,-31.0,0.947
2020-12-27T19:19:59.000,43.36,5.07,0.0,0.0,20.5,183545,34.49,-31.0,0.947
2020-12-27T19:20:59.000,43.4,5.49,0.0,0.0,20.5,183546,34.49,-31.0,0.947
2020-12-27T19:21:59.000,43.25,5.22,0.0,0.0,20.5,183547,34.49,-31.0,0.948
2020-12-27T19:23:00.000,43.67,6.92,0.0,0.0,20.5,183548,34.5,-31.0,0.948
2020-12-27T19:24:00.000,44.13,6.72,0.0,0.0,20.5,183549,34.5,-31.0,0.948
2020-12-27T19:25:00.000,44.41,5.11,0.0,0.0,20.5,183550,34.5,-31.0,0.948
2020-12-27T19:26:00.000,43.64,2.96,0.0,0.0,20.5,183551,34.5,-31.0,0.948
2020-12-27T19:27:00.000,43.11,4.83,0.0,0.0,20.5,183552,34.49,-31.0,0.948
2020-12-27T19:28:00.000,43.12,5.4,0.0,0.0,20.5,183553,34.49,-31.0,0.948
2020-12-27T19:29:00.000,43.53,6.48,0.0,0.0,20.5,183554,34.49,-30.0,0.948
2020-12-27T19:30:00.000,43.84,6.15,0.0,0.0,20.5,183555,34.48,-30.0,0.948
2020-12-27T19:31:00.000,43.99,5.49,0.0,0.0,20.5,183556,34.48,-30.0,0.948
2020-12-27T19:32:00.000,43.9,5.06,0.0,0.0,20.5,183557,34.47,-30.0,0.948
2020-12-27T19:33:00.000,43.91,5.2,0.0,0.0,20.5,183558,34.46,-30.0,0.948
2020-12-27T19:34:00.000,43.86,5.18,0.0,0.0,20.5,183559,34.45,-30.0,0.948
2020-12-27T19:35:00.000,43.9,4.92,0.0,0.0,20.5,183560,34.44,-30.0,0.948
2020-12-27T19:36:00.000,43.99,5.37,0.0,0.0,20.5,183561,34.43,-30.0,0.948
2020-12-27T19:37:00.000,44.32,5.96,0.0,0.0,20.5,183562,34.42,-30.0,0.948
2020-12-27T19:38:00.000,44.61,5.91,0.0,0.0,20.5,183563,34.4,-29.0,0.948
2020-12-27T19:39:00.000,44.87,5.88,0.0,0.0,20.5,183564,34.39,-29.0,0.948
2020-12-27T19:40:01.000,45.13,6.15,0.0,0.0,20.5,183565,34.37,-29.0,0.948
2020-12-27T19:41:01.000,45.44,6.48,0.0,0.0,20.5,183566,34.36,-29.0,0.948
2020-12-27T19:42:01.000,45.85,6.81,0.0,0.0,20.5,183567,34.34,-29.0,0.948
2020-12-27T19:43:01.000,45.97,5.73,0.0,0.0,20.5,183568,34.32,-29.0,0.948
2020-12-27T19:44:01.000,45.98,6.35,0.0,0.0,20.5,183569,34.3,-29.0,0.948
2020-12-27T19:45:01.000,46.13,6.19,0.0,0.0,20.5,183570,34.28,-29.0,0.948
2020-12-27T19:46:01.000,45.99,4.59,0.0,0.0,20.5,183571,34.26,-28.0,0.948
2020-12-27T19:47:01.000,45.21,2.56,0.0,0.0,20.5,183572,34.24,-28.0,0.948
2020-12-27T19:48:01.000,44.57,4.71,0.0,0.0,20.5,183573,34.21,-28.0,0.948
2020-12-27T19:49:01.000,44.61,5.48,0.0,0.0,20.5,183574,34.19,-28.0,0.948
2020-12-27T19:50:01.000,44.5,5.11,0.0,0.0,20.5,183575,34.16,-28.0,0.948
2020-12-27T19:51:01.000,44.63,7.01,0.0,0.0,20.5,183576,34.14,-28.0,0.948
2020-12-27T19:52:02.000,44.91,8.77,0.0,0.0,20.5,183577,34.11,-28.0,0.948
2020-12-27T19:53:02.000,45.28,9.4,0.0,0.0,20.5,183578,34.08,-28.0,0.948
2020-12-27T19:54:02.000,45.71,9.93,0.0,0.0,20.5,183579,34.05,-27.0,0.948
2020-12-27T19:55:02.000,45.75,8.59,0.0,0.0,20.5,183580,34.02,-27.0,0.949
2020-12-27T19:56:02.000,44.91,6.13,0.0,0.0,20.5,183581,33.99,-27.0,0.949
2020-12-27T19:57:02.000,44.18,6.12,0.0,0.0,20.5,183582,33.96,-27.0,0.949
2020-12-27T19:58:02.000,43.51,7.11,0.0,0.0,20.5,183583,33.92,-27.0,0.949
2020-12-27T19:59:02.000,42.96,6.32,0.0,0.0,20.5,183584,33.89,-27.0,0.949
2020-12-27T20:00:02.000,42.59,6.61,0.0,0.0,20.5,183585,33.85,-27.0,0.949
2020-12-27T20:01:02.000,42.09,6.09,0.0,0.0,20.5,183586,33.82,-27.0,0.949
2020-12-27T20:02:02.000,41.27,5.74,0.0,0.0,20.5,183587,33.78,-26.0,0.949
2020-12-27T20:03:02.000,40.57,6.29,0.0,0.0,20.5,183588,33.74,-26.0,0.949
2020-12-27T20:04:03.000,39.8,6.39,0.0,0.0,20.5,183589,33.7,-26.0,0.949
2020-12-27T20:05:03.000,39.25,7.19,0.0,0.0,20.5,183590,33.66,-26.0,0.949
2020-12-27T20:06:03.000,38.98,7.32,0.0,0.0,20.5,183591,33.62,-26.0,0.949
2020-12-27T20:07:03.000,38.81,7.38,0.0,0.0,20.5,183592,33.58,-26.0,0.949
2020-12-27T20:08:03.000,38.72,7.06,0.0,0.0,20.5,183593,33.53,-26.0,0.949
2020-12-27T20:09:03.000,38.85,7.53,0.0,0.0,20.5,183594,33.49,-26.0,0.949
2020-12-27T20:10:03.000,39.17,7.92,0.0,0.0,20.5,183595,33.44,-25.0,0.949
2020-12-27T20:11:03.000,39.6,8.01,0.0,0.0,20.5,183596,33.4,-25.0,0.949
2020-12-27T20:12:03.000,39.34,5.66,0.0,0.0,20.5,183597,33.35,-25.0,0.949
2020-12-27T20:13:03.000,38.82,5.07,0.0,0.0,20.5,183598,33.3,-25.0,0.949
2020-12-27T20:14:03.000,38.32,5.18,0.0,0.0,20.5,183599,33.25,-25.0,0.949
2020-12-27T20:15:03.000,38.87,8.33,0.0,0.0,20.5,183600,33.2,-25.0,0.949
2020-12-27T20:16:03.000,39.88,8.19,0.0,0.0,20.5,183601,33.15,-25.0,0.949
2020-12-27T20:17:03.000,40.75,8.01,0.0,0.0,20.5,183602,33.1,-24.0,0.949
2020-12-27T20:18:03.000,41.4,7.61,0.0,0.0,20.5,183603,33.04,-24.0,0.949
2020-12-27T20:19:03.000,41.88,6.63,0.0,0.0,20.5,183604,32.99,-24.0,0.949
2020-12-27T20:20:03.000,41.75,5.15,0.0,0.0,20.5,183605,32.93,-24.0,0.949
2020-12-27T20:22:04.000,40.96,5.06,0.0,0.0,20.5,183607,32.82,-24.0,0.949
2020-12-27T20:23:04.000,40.95,5.48,0.0,0.0,20.5,183608,32.76,-24.0,0.949
2020-12-27T20:24:04.000,40.91,6.7,0.0,0.0,20.5,183609,32.7,-23.0,0.949
2020-12-27T20:25:04.000,41.22,5.95,0.0,0.0,20.5,183610,32.64,-23.0,0.949
2020-12-27T20:26:04.000,40.67,3.89,0.0,0.0,20.5,183611,32.58,-23.0,0.949
2020-12-27T20:27:04.000,39.99,3.92,0.0,0.0,20.5,183612,32.52,-23.0,0.949
2020-12-27T20:28:04.000,39.66,5.3,0.0,0.0,20.5,183613,32.46,-23.0,0.949
2020-12-27T20:29:04.000,39.7,6.88,0.0,0.0,20.5,183614,32.4,-23.0,0.95
2020-12-27T20:30:04.000,40.18,7.44,0.0,0.0,20.5,183615,32.33,-23.0,0.95
2020-12-27T20:31:04.000,40.05,6.39,0.0,0.0,20.5,183616,32.27,-22.0,0.95
2020-12-27T20:32:04.000,40.0,7.78,0.0,0.0,20.5,183617,32.2,-22.0,0.95
2020-12-27T20:33:04.000,40.36,8.67,0.0,0.0,20.5,183618,32.13,-22.0,0.95
2020-12-27T20:34:04.000,40.79,8.08,0.0,0.0,20.5,183619,32.07,-22.0,0.95
2020-12-27T20:35:04.000,40.94,7.21,0.0,0.0,20.5,183620,32.0,-22.0,0.95
2020-12-27T20:36:04.000,40.86,7.11,0.0,0.0,20.5,183621,31.93,-22.0,0.95
2020-12-27T20:37:05.000,40.83,6.73,0.0,0.0,20.5,183622,31.86,-22.0,0.95
2020-12-27T20:38:05.000,40.43,6.89,0.0,0.0,20.5,183623,31.78,-21.0,0.95
2020-12-27T20:39:05.000,40.09,6.92,0.0,0.0,20.5,183624,31.71,-21.0,0.95
2020-12-27T20:40:05.000,39.74,7.02,0.0,0.0,20.5,183625,31.64,-21.0,0.95
2020-12-27T20:41:05.000,39.3,6.78,0.0,0.0,20.5,183626,31.56,-21.0,0.95
2020-12-27T20:42:05.000,38.92,6.72,0.0,0.0,20.5,183627,31.49,-21.0,0.95
2020-12-27T20:43:05.000,38.61,6.94,0.0,0.0,20.5,183628,31.41,-21.0,0.95
2020-12-27T20:44:05.000,38.37,7.57,0.0,0.0,20.5,183629,31.34,-21.0,0.95
2020-12-27T20:45:05.000,38.38,8.76,0.0,0.0,20.5,183630,31.26,-20.0,0.95
2020-12-27T20:46:05.000,38.41,9.18,0.0,0.0,20.5,183631,31.18,-20.0,0.95
2020-12-27T20:47:05.000,38.37,8.81,0.0,0.0,20.5,183632,31.1,-20.0,0.95
2020-12-27T20:48:05.000,38.23,8.52,0.0,0.0,20.5,183633,31.02,-20.0,0.95
2020-12-27T20:49:05.000,38.07,8.32,0.0,0.0,20.5,183634,30.94,-20.0,0.95
2020-12-27T20:50:05.000,38.15,8.81,0.0,0.0,20.5,183635,30.86,-20.0,0.95
2020-12-27T20:51:05.000,38.19,8.02,0.0,0.0,20.5,183636,30.77,-19.0,0.95
2020-12-27T20:52:06.000,38.1,7.62,0.0,0.0,20.5,183637,30.69,-19.0,0.95
2020-12-27T20:53:06.000,38.3,7.9,0.0,0.0,20.5,183638,30.6,-19.0,0.95
2020-12-27T20:54:06.000,38.5,6.39,0.0,0.0,20.5,183639,30.52,-19.0,0.95
