Downloads/jupyter/ECSV/stars19/stars19_2019-07.ecsv
# %ECSV 1.0
# ---
# datatype:
# - {name: time, datatype: string}
# - {name: Enclosure Temperature, unit: deg_C, datatype: float64}
# - {name: Sky Temperature, unit: deg_C, datatype: float64}
# - {name: Frequency, unit: Hz, datatype: float64}
# - {name: MSAS, unit: mag / arcsec2, datatype: float64}
# - {name: ZP, datatype: float64}
# - {name: Sequence Number, datatype: int64}
# - {name: Sun Alt, unit: deg, datatype: float64}
# - {name: Moon Alt, unit: deg, datatype: float64}
# - {name: Moon Illumination, datatype: float64}
# delimiter: ','
# meta: !!omap
# - ida:
#     Data supplier: {affiliation: null, observer: null}
#     Device type: TESS-W
#     Field of view: 17.0
#     Filters per channel: None
#     Instrument ID: stars19
#     License: ODbL 1.0 http://opendatacommons.org/licenses/odbl/summary/
#     Local timezone: America/Phoenix
#     Location name: {country: '- Tucson', place: Tucson, region: United States, sub_region: Arizona, town: Pima County}
#     Measurement direction per channel: {azimuth: 0.0, zenital: 0.0}
#     Moving / Fixed look direction: FIXED
#     Moving / Stationary position: STATIONARY
#     Number of channels: 1
#     Number of fields per line: 8
#     Number of header lines: 35
#     Position: {height: 0.0, latitude: 32.223877, longitude: -110.767532}
#     TESS MAC address: 18:FE:34:CF:EC:06
#     TESS cover offset value: 0.0
#     TESS firmware version: '1.0'
#     TESS zero point: 20.5
#     Time Synchronization: timestamp added by MQTT subscriber
#     URL: http://www.darksky.org/NSBM/sdf1.0.pdf
# - __serialized_columns__:
#     Enclosure Temperature:
#       __class__: astropy.units.quantity.Quantity
#       unit: &id001 !astropy.units.Unit {unit: deg_C}
#       value: !astropy.table.SerializedColumn {name: Enclosure Temperature}
#     Frequency:
#       __class__: astropy.units.quantity.Quantity
#       unit: !astropy.units.Unit {unit: Hz}
#       value: !astropy.table.SerializedColumn {name: Frequency}
#     MSAS:
#       __class__: astropy.units.quantity.Quantity
#       unit: !astropy.units.Unit {unit: mag / arcsec2}
#       value: !astropy.table.SerializedColumn {name: MSAS}
#     Moon Alt:
#       __class__: astropy.units.quantity.Quantity
#       unit: &id002 !astropy.units.Unit {unit: deg}
#       value: !astropy.table.SerializedColumn {name: Moon Alt}
#     Sky Temperature:
#       __class__: astropy.units.quantity.Quantity
#       unit: *id001
#       value: !astropy.table.SerializedColumn {name: Sky Temperature}
#     Sun Alt:
#       __class__: astropy.units.quantity.Quantity
#       unit: *id002
#       value: !astropy.table.SerializedColumn {name: Sun Alt}
#     time:
#       __class__: astropy.time.core.Time
#       format: isot
#       in_subfmt: '*'
#       out_subfmt: '*'
#       precision: 3
#       scale: utc
#       value: !astropy.table.SerializedColumn {name: time}
# schema: astropy-2.0
time,Enclosure Temperature,Sky Temperature,Frequency,MSAS,ZP,Sequence Number,Sun Alt,Moon Alt,Moon Illumination
[from data line 632]
2019-07-23T05:02:13.000,22.1,17.36,21.12,17.05,20.5,21256,-26.89,-14.0,0.677
2019-07-23T05:03:13.000,22.23,17.38,22.45,17.06,20.5,21257,-27.02,-14.0,0.677
2019-07-23T05:04:13.000,22.02,17.08,21.76,17.05,20.5,21258,-27.15,-14.0,0.677
2019-07-23T05:05:13.000,22.09,17.34,21.96,17.04,20.5,21259,-27.29,-14.0,0.676
2019-07-23T05:06:14.000,21.85,17.05,21.94,17.03,20.5,21260,-27.42,-14.0,0.676
2019-07-23T05:07:14.000,21.9,17.54,24.88,16.99,20.5,21261,-27.55,-13.0,0.676
2019-07-23T05:08:14.000,21.88,17.15,31.79,16.96,20.5,21262,-27.68,-13.0,0.676
2019-07-23T05:09:14.000,21.76,17.17,23.36,16.96,20.5,21263,-27.81,-13.0,0.676
2019-07-23T05:10:15.000,21.55,16.63,28.52,16.94,20.5,21264,-27.94,-13.0,0.676
2019-07-23T05:11:15.000,21.43,17.22,28.95,16.97,20.5,21265,-28.07,-12.0,0.676
2019-07-23T05:12:15.000,21.5,17.58,29.51,16.93,20.5,21266,-28.2,-12.0,0.676
2019-07-23T05:13:15.000,21.63,18.13,41.99,17.01,20.5,21267,-28.32,-12.0,0.676
2019-07-23T05:14:15.000,21.5,17.13,34.82,17.02,20.5,21268,-28.45,-12.0,0.676
2019-07-23T05:15:15.000,21.3,18.34,47.18,17.03,20.5,21269,-28.58,-12.0,0.676
2019-07-23T05:16:16.000,21.38,18.84,28.03,17.07,20.5,21270,-28.7,-11.0,0.676
2019-07-23T05:17:16.000,21.43,17.84,29.71,17.08,20.5,21271,-28.83,-11.0,0.676
2019-07-23T05:18:16.000,21.69,18.72,28.08,17.08,20.5,21272,-28.95,-11.0,0.676
2019-07-23T05:19:16.000,21.56,17.59,34.72,17.12,20.5,21273,-29.07,-11.0,0.676
2019-07-23T05:20:17.000,21.61,18.33,34.17,17.12,20.5,21274,-29.2,-11.0,0.676
2019-07-23T05:21:17.000,21.62,19.38,51.66,17.12,20.5,21275,-29.32,-10.0,0.675
2019-07-23T05:22:17.000,21.69,19.89,22.1,17.18,20.5,21276,-29.44,-10.0,0.675
2019-07-23T05:23:18.000,21.96,20.43,44.47,17.17,20.5,21277,-29.56,-10.0,0.675
2019-07-23T05:24:18.000,22.07,20.3,20.83,17.18,20.5,21278,-29.68,-10.0,0.675
2019-07-23T05:25:18.000,22.01,19.84,20.91,17.18,20.5,21279,-29.8,-10.0,0.675
2019-07-23T05:26:18.000,21.91,19.52,34.97,17.17,20.5,21280,-29.92,-9.0,0.675
2019-07-23T05:27:18.000,21.73,18.61,19.13,17.18,20.5,21281,-30.03,-9.0,0.675
2019-07-23T05:28:18.000,21.49,17.42,22.46,17.17,20.5,21282,-30.15,-9.0,0.675
2019-07-23T05:29:19.000,21.54,18.81,31.45,17.15,20.5,21283,-30.27,-9.0,0.675
2019-07-23T05:30:19.000,21.67,19.8,19.35,17.1,20.5,21284,-30.38,-9.0,0.675
2019-07-23T05:31:19.000,21.71,19.46,19.05,17.18,20.5,21285,-30.5,-8.0,0.675
2019-07-23T05:32:19.000,21.75,18.7,19.58,17.2,20.5,21286,-30.61,-8.0,0.675
2019-07-23T05:33:19.000,21.66,19.32,72.94,17.14,20.5,21287,-30.72,-8.0,0.675
2019-07-23T05:34:19.000,21.76,19.66,17.93,17.25,20.5,21288,-30.83,-8.0,0.675
2019-07-23T05:35:20.000,21.74,19.44,17.84,17.25,20.5,21289,-30.95,-8.0,0.675
2019-07-23T05:36:20.000,21.73,19.75,17.53,17.27,20.5,21290,-31.06,-7.0,0.675
2019-07-23T05:37:20.000,21.9,19.94,17.2,17.29,20.5,21291,-31.17,-7.0,0.674
2019-07-23T05:38:20.000,21.94,20.25,17.14,17.24,20.5,21292,-31.28,-7.0,0.674
2019-07-23T05:39:24.000,22.06,20.46,22.51,17.27,20.5,21293,-31.39,-7.0,0.674
2019-07-23T05:43:24.000,22.48,20.81,17.86,17.31,20.5,21297,-31.82,-6.0,0.674
2019-07-23T05:44:24.000,22.5,20.79,16.67,17.33,20.5,21298,-31.92,-6.0,0.674
2019-07-23T05:45:24.000,22.59,21.12,16.44,17.34,20.5,21299,-32.02,-5.0,0.674
2019-07-23T05:46:24.000,22.7,21.24,16.33,17.28,20.5,21300,-32.13,-5.0,0.674
2019-07-23T05:47:25.000,22.66,20.56,16.36,17.35,20.5,21301,-32.23,-5.0,0.674
2019-07-23T05:48:25.000,22.68,21.19,16.17,17.36,20.5,21302,-32.33,-5.0,0.674
2019-07-23T05:49:25.000,22.6,20.6,16.11,17.36,20.5,21303,-32.43,-5.0,0.674
2019-07-23T05:50:25.000,22.63,20.91,16.44,17.35,20.5,21304,-32.53,-4.0,0.674
2019-07-23T05:51:25.000,22.68,18.66,16.26,17.29,20.5,21305,-32.63,-4.0,0.674
2019-07-23T05:52:25.000,22.68,17.02,16.29,17.35,20.5,21306,-32.73,-4.0,0.674
2019-07-23T05:53:25.000,22.69,18.05,16.15,17.36,20.5,21307,-32.82,-4.0,0.673
2019-07-23T05:56:26.000,22.92,18.27,15.9,17.38,20.5,21310,-33.11,-3.0,0.673
2019-07-23T05:57:26.000,22.94,17.98,16.09,17.37,20.5,21311,-33.2,-3.0,0.673
2019-07-23T05:58:26.000,22.77,17.59,15.95,17.37,20.5,21312,-33.3,-3.0,0.673
2019-07-23T05:59:26.000,22.84,18.44,15.99,17.37,20.5,21313,-33.39,-3.0,0.673
2019-07-23T06:00:26.000,22.91,18.18,15.95,17.37,20.5,21314,-33.48,-2.0,0.673
2019-07-23T06:01:27.000,23.05,18.62,15.85,17.38,20.5,21315,-33.57,-2.0,0.673
2019-07-23T06:02:27.000,23.21,18.81,15.85,17.38,20.5,21316,-33.66,-2.0,0.673
2019-07-23T06:04:27.000,23.33,18.99,15.55,17.4,20.5,21318,-33.83,-2.0,0.673
2019-07-23T06:05:27.000,23.34,18.79,15.27,17.43,20.5,21319,-33.92,-1.0,0.673
2019-07-23T06:07:28.000,23.35,18.55,13.88,17.52,20.5,21321,-34.09,-1.0,0.673
2019-07-23T06:08:28.000,23.35,17.96,13.45,17.56,20.5,21322,-34.18,-1.0,0.673
2019-07-23T06:09:28.000,23.4,20.65,13.34,17.57,20.5,21323,-34.26,-0.0,0.672
2019-07-23T06:11:29.000,23.53,16.59,13.35,17.57,20.5,21325,-34.42,-0.0,0.672
2019-07-23T06:12:29.000,23.52,16.89,13.52,17.55,20.5,21326,-34.5,0.0,0.672
2019-07-23T06:13:29.000,23.52,16.83,13.54,17.55,20.5,21327,-34.58,0.0,0.672
2019-07-23T06:14:29.000,23.49,16.9,13.93,17.52,20.5,21328,-34.66,1.0,0.672
2019-07-23T06:15:29.000,23.49,17.09,14.5,17.48,20.5,21329,-34.74,1.0,0.672
2019-07-23T06:16:30.000,23.46,17.16,15.27,17.42,20.5,21330,-34.82,1.0,0.672
2019-07-23T06:17:30.000,23.49,17.27,15.64,17.39,20.5,21331,-34.89,1.0,0.672
2019-07-23T06:18:30.000,23.49,17.3,15.63,17.4,20.5,21332,-34.97,1.0,0.672
2019-07-23T06:19:30.000,23.48,17.39,15.75,17.39,20.5,21333,-35.04,2.0,0.672
2019-07-23T06:20:30.000,23.5,17.47,16.07,17.36,20.5,21334,-35.11,2.0,0.672
2019-07-23T06:21:30.000,23.46,17.38,16.39,17.34,20.5,21335,-35.18,2.0,0.672
2019-07-23T06:22:31.000,23.46,17.4,16.12,17.36,20.5,21336,-35.26,2.0,0.672
2019-07-23T06:23:31.000,23.43,17.3,15.74,17.39,20.5,21337,-35.33,2.0,0.672
2019-07-23T06:27:32.000,23.5,17.46,16.99,17.3,20.5,21341,-35.6,3.0,0.671
2019-07-23T06:28:32.000,23.53,17.48,16.21,17.36,20.5,21342,-35.66,3.0,0.671
2019-07-23T06:29:32.000,23.54,17.56,16.17,17.36,20.5,21343,-35.73,4.0,0.671
2019-07-23T06:30:32.000,23.59,17.63,16.49,17.34,20.5,21344,-35.79,4.0,0.671
2019-07-23T06:33:33.000,23.5,19.94,15.63,17.4,20.5,21347,-35.97,5.0,0.671
2019-07-23T06:35:33.000,23.35,21.51,13.15,17.58,20.5,21349,-36.09,5.0,0.671
2019-07-23T06:38:34.000,23.32,21.69,11.42,17.74,20.5,21352,-36.26,6.0,0.671
2019-07-23T06:39:34.000,23.38,21.8,11.6,17.72,20.5,21353,-36.31,6.0,0.671
2019-07-23T06:40:35.000,23.39,21.69,11.85,17.7,20.5,21354,-36.37,6.0,0.671
2019-07-23T06:41:35.000,23.35,21.56,11.75,17.71,20.5,21355,-36.42,6.0,0.67
2019-07-23T06:43:35.000,23.38,21.92,12.73,17.62,20.5,21357,-36.52,7.0,0.67
2019-07-23T06:44:35.000,23.43,21.9,13.34,17.57,20.5,21358,-36.57,7.0,0.67
2019-07-23T06:45:35.000,23.43,21.8,13.84,17.53,20.5,21359,-36.62,7.0,0.67
2019-07-23T06:46:36.000,23.4,21.76,13.6,17.55,20.5,21360,-36.66,7.0,0.67
2019-07-23T06:47:36.000,23.43,21.97,12.04,17.68,20.5,21361,-36.71,7.0,0.67
2019-07-23T06:48:36.000,23.49,21.97,10.57,17.82,20.5,21362,-36.75,8.0,0.67
2019-07-23T06:49:36.000,23.52,21.98,10.13,17.87,20.5,21363,-36.8,8.0,0.67
2019-07-23T06:50:36.000,23.5,21.85,11.37,17.74,20.5,21364,-36.84,8.0,0.67
2019-07-23T06:51:36.000,23.5,21.75,12.79,17.61,20.5,21365,-36.88,8.0,0.67
2019-07-23T06:52:37.000,23.48,21.95,13.19,17.58,20.5,21366,-36.92,8.0,0.67
2019-07-23T06:53:37.000,23.5,21.83,13.11,17.59,20.5,21367,-36.96,9.0,0.67
2019-07-23T06:56:37.000,23.52,21.89,13.7,17.54,20.5,21370,-37.07,9.0,0.67
2019-07-23T06:57:38.000,23.52,21.94,13.62,17.54,20.5,21371,-37.11,9.0,0.669
2019-07-23T06:58:38.000,23.56,22.0,13.45,17.56,20.5,21372,-37.14,10.0,0.669
2019-07-23T06:59:38.000,23.58,21.87,11.8,17.7,20.5,21373,-37.18,10.0,0.669
2019-07-23T07:03:38.000,23.33,20.89,13.24,17.58,20.5,21377,-37.3,11.0,0.669
2019-07-23T07:04:39.000,23.32,20.51,13.3,17.57,20.5,21378,-37.33,11.0,0.669
2019-07-23T07:05:39.000,23.29,20.41,10.88,17.79,20.5,21379,-37.35,11.0,0.669
2019-07-23T07:06:39.000,23.28,19.74,8.44,18.07,20.5,21380,-37.38,11.0,0.669
2019-07-23T07:07:39.000,23.26,19.61,9.06,17.99,20.5,21381,-37.4,12.0,0.669
2019-07-23T07:08:39.000,23.13,18.66,9.14,17.98,20.5,21382,-37.43,12.0,0.669
2019-07-23T07:09:39.000,23.17,16.22,7.23,18.24,20.5,21383,-37.45,12.0,0.669
2019-07-23T07:10:40.000,23.17,15.62,6.21,18.4,20.5,21384,-37.47,12.0,0.669
2019-07-23T07:11:40.000,22.94,14.98,8.19,18.1,20.5,21385,-37.49,12.0,0.669
2019-07-23T07:12:40.000,22.85,15.87,10.61,17.82,20.5,21386,-37.51,13.0,0.669
2019-07-23T07:13:40.000,22.87,15.68,11.29,17.75,20.5,21387,-37.53,13.0,0.668
2019-07-23T07:14:40.000,22.84,15.14,11.38,17.74,20.5,21388,-37.55,13.0,0.668
2019-07-23T07:15:40.000,22.77,14.75,11.51,17.73,20.5,21389,-37.56,13.0,0.668
2019-07-23T07:16:40.000,22.71,14.36,10.91,17.79,20.5,21390,-37.58,13.0,0.668
2019-07-23T07:17:41.000,22.8,14.21,8.1,18.11,20.5,21391,-37.59,14.0,0.668
2019-07-23T07:18:41.000,22.83,14.05,6.69,18.32,20.5,21392,-37.6,14.0,0.668
2019-07-23T07:22:41.000,22.94,14.7,10.2,17.86,20.5,21396,-37.64,15.0,0.668
2019-07-23T07:23:41.000,22.98,14.34,9.02,17.99,20.5,21397,-37.65,15.0,0.668
2019-07-23T07:24:42.000,22.97,14.01,7.62,18.18,20.5,21398,-37.66,15.0,0.668
2019-07-23T07:25:42.000,22.91,13.64,6.83,18.29,20.5,21399,-37.66,15.0,0.668
2019-07-23T07:26:42.000,22.88,13.44,6.82,18.3,20.5,21400,-37.67,15.0,0.668
2019-07-23T07:27:42.000,22.9,13.14,6.08,18.42,20.5,21401,-37.67,16.0,0.668
2019-07-23T07:28:42.000,22.93,13.22,6.06,18.43,20.5,21402,-37.67,16.0,0.668
2019-07-23T07:29:42.000,23.0,13.1,7.39,18.21,20.5,21403,-37.67,16.0,0.667
2019-07-23T07:30:42.000,23.04,12.8,6.96,18.27,20.5,21404,-37.67,16.0,0.667
2019-07-23T07:31:42.000,23.04,12.17,6.82,18.3,20.5,21405,-37.67,16.0,0.667
2019-07-23T07:32:42.000,23.05,11.61,6.51,18.35,20.5,21406,-37.67,17.0,0.667
2019-07-23T07:33:43.000,23.1,11.1,4.54,18.75,20.5,21407,-37.66,17.0,0.667
2019-07-23T07:34:43.000,23.15,10.22,3.36,19.07,20.5,21408,-37.66,17.0,0.667
2019-07-23T07:35:43.000,23.05,9.63,2.98,19.19,20.5,21409,-37.65,17.0,0.667
2019-07-23T07:36:44.000,23.0,9.54,2.93,19.21,20.5,21410,-37.64,18.0,0.667
2019-07-23T07:37:44.000,22.95,9.33,2.86,19.24,20.5,21411,-37.63,18.0,0.667
2019-07-23T07:38:44.000,22.87,9.24,2.81,19.26,20.5,21412,-37.63,18.0,0.667
2019-07-23T07:39:44.000,22.91,9.28,2.78,19.27,20.5,21413,-37.61,18.0,0.667
2019-07-23T07:40:44.000,22.91,9.1,2.77,19.27,20.5,21414,-37.6,18.0,0.667
2019-07-23T07:41:44.000,22.9,9.01,2.8,19.26,20.5,21415,-37.59,19.0,0.667
2019-07-23T07:42:45.000,22.87,8.92,2.88,19.23,20.5,21416,-37.58,19.0,0.667
2019-07-23T07:43:45.000,22.86,8.95,2.84,19.25,20.5,21417,-37.56,19.0,0.667
2019-07-23T07:44:45.000,22.84,8.94,2.83,19.25,20.5,21418,-37.55,19.0,0.667
2019-07-23T07:45:45.000,22.82,8.91,2.79,19.27,20.5,21419,-37.53,19.0,0.666
2019-07-23T07:46:45.000,22.86,9.07,2.75,19.28,20.5,21420,-37.51,20.0,0.666
2019-07-23T07:47:45.000,22.91,8.92,2.72,19.3,20.5,21421,-37.49,20.0,0.666
2019-07-23T07:48:45.000,22.94,9.01,2.69,19.31,20.5,21422,-37.47,20.0,0.666
2019-07-23T07:49:45.000,22.93,8.84,2.68,19.31,20.5,21423,-37.45,20.0,0.666
2019-07-23T07:50:46.000,22.95,9.09,2.72,19.3,20.5,21424,-37.43,20.0,0.666
2019-07-23T07:51:46.000,22.98,9.3,2.8,19.26,20.5,21425,-37.4,21.0,0.666
2019-07-23T07:52:46.000,23.05,9.51,2.76,19.28,20.5,21426,-37.38,21.0,0.666
2019-07-23T07:53:46.000,23.09,9.6,2.8,19.26,20.5,21427,-37.35,21.0,0.666
2019-07-23T07:54:46.000,23.07,9.5,3.16,19.13,20.5,21428,-37.33,21.0,0.666
2019-07-23T07:55:46.000,23.08,9.47,3.68,18.96,20.5,21429,-37.3,21.0,0.666
2019-07-23T07:56:46.000,23.14,9.41,3.6,18.99,20.5,21430,-37.27,22.0,0.666
2019-07-23T07:57:46.000,23.22,9.37,3.38,19.06,20.5,21431,-37.24,22.0,0.666
2019-07-23T07:58:47.000,23.28,9.21,3.23,19.11,20.5,21432,-37.21,22.0,0.666
2019-07-23T07:59:47.000,23.35,9.02,3.03,19.18,20.5,21433,-37.18,22.0,0.666
2019-07-23T08:00:47.000,23.37,8.93,2.94,19.21,20.5,21434,-37.14,22.0,0.666
2019-07-23T08:01:47.000,23.45,9.07,2.94,19.21,20.5,21435,-37.11,23.0,0.665
2019-07-23T08:02:47.000,23.52,9.16,2.99,19.19,20.5,21436,-37.07,23.0,0.665
2019-07-23T08:03:47.000,23.6,9.6,3.11,19.15,20.5,21437,-37.04,23.0,0.665
2019-07-23T08:04:47.000,23.6,9.62,3.28,19.09,20.5,21438,-37.0,23.0,0.665
2019-07-23T08:05:47.000,23.67,10.1,3.64,18.98,20.5,21439,-36.96,23.0,0.665
2019-07-23T08:06:48.000,23.69,10.31,4.06,18.86,20.5,21440,-36.92,24.0,0.665
2019-07-23T08:07:48.000,23.69,10.75,4.71,18.7,20.5,21441,-36.88,24.0,0.665
2019-07-23T08:08:48.000,23.73,11.13,5.4,18.55,20.5,21442,-36.84,24.0,0.665
2019-07-23T08:09:48.000,23.77,11.33,5.58,18.51,20.5,21443,-36.8,24.0,0.665
2019-07-23T08:10:48.000,23.83,11.42,5.65,18.5,20.5,21444,-36.75,24.0,0.665
2019-07-23T08:11:48.000,23.88,11.28,5.62,18.51,20.5,21445,-36.71,25.0,0.665
2019-07-23T08:12:49.000,23.91,10.94,5.42,18.55,20.5,21446,-36.66,25.0,0.665
2019-07-23T08:13:49.000,23.9,10.58,5.27,18.58,20.5,21447,-36.62,25.0,0.665
2019-07-23T08:14:49.000,23.92,10.67,5.63,18.5,20.5,21448,-36.57,25.0,0.665
2019-07-23T08:15:49.000,23.97,10.94,5.86,18.46,20.5,21449,-36.52,25.0,0.665
2019-07-23T08:16:49.000,23.98,11.05,5.66,18.5,20.5,21450,-36.47,26.0,0.664
2019-07-23T08:17:49.000,23.96,11.34,5.65,18.5,20.5,21451,-36.42,26.0,0.664
2019-07-23T08:18:49.000,24.05,12.13,5.87,18.46,20.5,21452,-36.37,26.0,0.664
2019-07-23T08:19:49.000,24.06,12.4,6.31,18.38,20.5,21453,-36.31,26.0,0.664
2019-07-23T08:20:50.000,24.05,12.99,6.88,18.29,20.5,21454,-36.26,26.0,0.664
2019-07-23T08:21:50.000,24.13,13.48,7.23,18.23,20.5,21455,-36.2,27.0,0.664
2019-07-23T08:22:50.000,24.21,14.1,7.54,18.19,20.5,21456,-36.15,27.0,0.664
2019-07-23T08:23:50.000,24.27,14.84,8.55,18.05,20.5,21457,-36.09,27.0,0.664
2019-07-23T08:24:50.000,24.35,15.44,10.31,17.85,20.5,21458,-36.03,27.0,0.664
2019-07-23T08:25:50.000,24.39,15.8,11.39,17.74,20.5,21459,-35.97,27.0,0.664
2019-07-23T08:26:50.000,24.41,15.84,11.01,17.78,20.5,21460,-35.91,28.0,0.664
2019-07-23T08:28:51.000,24.6,16.07,10.78,17.8,20.5,21462,-35.79,28.0,0.664
2019-07-23T08:29:51.000,24.62,15.95,11.31,17.75,20.5,21463,-35.73,28.0,0.664
2019-07-23T08:31:52.000,24.61,15.75,11.2,17.76,20.5,21465,-35.6,29.0,0.664
2019-07-23T08:32:52.000,24.65,15.64,10.4,17.84,20.5,21466,-35.53,29.0,0.663
2019-07-23T08:33:52.000,24.73,15.32,9.59,17.93,20.5,21467,-35.46,29.0,0.663
2019-07-23T08:34:52.000,24.76,14.98,9.58,17.93,20.5,21468,-35.39,29.0,0.663
2019-07-23T08:35:52.000,24.78,14.78,9.08,17.98,20.5,21469,-35.33,29.0,0.663
2019-07-23T08:36:52.000,24.84,14.85,9.68,17.92,20.5,21470,-35.26,29.0,0.663
2019-07-23T08:37:52.000,24.89,14.62,10.64,17.81,20.5,21471,-35.19,30.0,0.663
2019-07-23T08:38:53.000,24.9,14.46,11.32,17.75,20.5,21472,-35.11,30.0,0.663
2019-07-23T08:39:53.000,24.94,14.28,11.01,17.78,20.5,21473,-35.04,30.0,0.663
2019-07-23T08:40:53.000,24.93,13.98,10.29,17.85,20.5,21474,-34.97,30.0,0.663
2019-07-23T08:41:53.000,24.93,13.84,9.57,17.93,20.5,21475,-34.89,30.0,0.663
2019-07-23T08:42:53.000,24.95,13.66,9.35,17.95,20.5,21476,-34.82,31.0,0.663
2019-07-23T08:43:53.000,24.98,13.37,9.32,17.96,20.5,21477,-34.74,31.0,0.663
2019-07-23T08:44:53.000,25.0,13.1,8.39,18.07,20.5,21478,-34.66,31.0,0.663
2019-07-23T08:45:53.000,25.01,12.77,7.45,18.2,20.5,21479,-34.58,31.0,0.663
2019-07-23T08:46:54.000,24.98,12.37,6.65,18.32,20.5,21480,-34.5,31.0,0.663
2019-07-23T08:47:54.000,24.98,11.84,6.01,18.43,20.5,21481,-34.42,32.0,0.663
2019-07-23T08:48:54.000,24.95,11.43,5.49,18.53,20.5,21482,-34.34,32.0,0.662
2019-07-23T08:49:54.000,24.96,11.09,4.87,18.66,20.5,21483,-34.26,32.0,0.662
2019-07-23T08:50:54.000,24.99,10.73,4.46,18.76,20.5,21484,-34.18,32.0,0.662
2019-07-23T08:51:54.000,24.98,10.4,4.23,18.81,20.5,21485,-34.09,32.0,0.662
2019-07-23T08:52:54.000,24.98,10.31,4.06,18.86,20.5,21486,-34.01,33.0,0.662
2019-07-23T08:53:54.000,25.0,10.24,4.06,18.86,20.5,21487,-33.92,33.0,0.662
2019-07-23T08:54:54.000,25.02,10.05,4.07,18.86,20.5,21488,-33.84,33.0,0.662
2019-07-23T08:55:55.000,25.02,9.99,4.08,18.85,20.5,21489,-33.75,33.0,0.662
2019-07-23T08:56:55.000,25.03,10.01,4.07,18.86,20.5,21490,-33.66,33.0,0.662
2019-07-23T08:57:55.000,25.0,9.88,4.04,18.86,20.5,21491,-33.57,34.0,0.662
2019-07-23T08:58:55.000,25.0,9.93,4.0,18.88,20.5,21492,-33.48,34.0,0.662
