Downloads/jupyter/ECSV/stars19/stars19_2023-01.ecsv
# %ECSV 1.0
# ---
# datatype:
# - {name: time, datatype: string}
# - {name: Enclosure Temperature, unit: deg_C, datatype: float64}
# - {name: Sky Temperature, unit: deg_C, datatype: float64}
# - {name: Frequency, unit: Hz, datatype: float64}
# - {name: MSAS, unit: mag / arcsec2, datatype: float64}
# - {name: ZP, datatype: float64}
# - {name: Sequence Number, datatype: int64}
# - {name: Sun Alt, unit: deg, datatype: float64}
# - {name: Moon Alt, unit: deg, datatype: float64}
# - {name: Moon Illumination, datatype: float64}
# delimiter: ','
# meta: !!omap
# - ida:
#     Data supplier: {affiliation: null, observer: null}
#     Device type: TESS-W
#     Field of view: 17.0
#     Filters per channel: UV/IR-cut
#     Instrument ID: stars19
#     License: ODbL 1.0 http://opendatacommons.org/licenses/odbl/summary/
#     Local timezone: America/Phoenix
#     Location name: {country: '- Tucson', place: Tucson, region: United States, sub_region: Arizona, town: Pima County}
#     Measurement direction per channel: {azimuth: 0.0, zenital: 0.0}
#     Moving / Fixed look direction: FIXED
#     Moving / Stationary position: STATIONARY
#     Number of channels: 1
#     Number of fields per line: 8
#     Number of header lines: 35
#     Position: {height: 0.0, latitude: 32.223877, longitude: -110.767532}
#     TESS MAC address: 18:FE:34:CF:EC:06
#     TESS cover offset value: 0.0
#     TESS firmware version: '1.0'
#     TESS zero point: 20.38
#     Time Synchronization: timestamp added by MQTT subscriber
#     URL: http://www.darksky.org/NSBM/sdf1.0.pdf
# - __serialized_columns__:
#     Enclosure Temperature:
#       __class__: astropy.units.quantity.Quantity
#       unit: &id001 !astropy.units.Unit {unit: deg_C}
#       value: !astropy.table.SerializedColumn {name: Enclosure Temperature}
#     Frequency:
#       __class__: astropy.units.quantity.Quantity
#       unit: !astropy.units.Unit {unit: Hz}
#       value: !astropy.table.SerializedColumn {name: Frequency}
#     MSAS:
#       __class__: astropy.units.quantity.Quantity
#       unit: !astropy.units.Unit {unit: mag / arcsec2}
#       value: !astropy.table.SerializedColumn {name: MSAS}
#     Moon Alt:
#       __class__: astropy.units.quantity.Quantity
#       unit: &id002 !astropy.units.Unit {unit: deg}
#       value: !astropy.table.SerializedColumn {name: Moon Alt}
#     Sky Temperature:
#       __class__: astropy.units.quantity.Quantity
#       unit: *id001
#       value: !astropy.table.SerializedColumn {name: Sky Temperature}
#     Sun Alt:
#       __class__: astropy.units.quantity.Quantity
#       unit: *id002
#       value: !astropy.table.SerializedColumn {name: Sun Alt}
#     time:
#       __class__: astropy.time.core.Time
#       format: isot
#       in_subfmt: '*'
#       out_subfmt: '*'
#       precision: 3
#       scale: utc
#       value: !astropy.table.SerializedColumn {name: time}
# schema: astropy-2.0
time,Enclosure Temperature,Sky Temperature,Frequency,MSAS,ZP,Sequence Number,Sun Alt,Moon Alt,Moon Illumination
[from data line 7463]
2023-01-09T02:30:31.000,18.11,-9.95,2.02,19.62,20.38,441,-23.95,2.0,0.958
2023-01-09T02:31:31.000,18.1,-9.9,2.03,19.61,20.38,442,-24.16,3.0,0.958
2023-01-09T02:32:31.000,18.05,-10.03,2.04,19.61,20.38,443,-24.37,3.0,0.958
2023-01-09T02:35:37.000,17.82,-10.12,2.1,19.57,20.38,446,-25.01,3.0,0.958
2023-01-09T02:37:43.000,17.69,-10.16,2.1,19.58,20.38,448,-25.44,4.0,0.958
2023-01-09T02:39:50.000,17.41,-10.37,2.12,19.56,20.38,450,-25.88,4.0,0.958
2023-01-09T02:40:50.000,17.27,-10.42,2.14,19.56,20.38,451,-26.09,4.0,0.958
2023-01-09T02:41:50.000,17.15,-10.42,2.24,19.51,20.38,452,-26.3,4.0,0.958
2023-01-09T02:42:50.000,17.06,-10.42,2.25,19.5,20.38,453,-26.51,5.0,0.958
2023-01-09T02:43:50.000,17.0,-10.21,2.29,19.48,20.38,454,-26.71,5.0,0.958
2023-01-09T02:45:57.000,16.96,-10.12,2.29,19.48,20.38,456,-27.15,5.0,0.957
2023-01-09T02:46:57.000,16.93,-10.28,2.35,19.45,20.38,457,-27.36,5.0,0.957
2023-01-09T02:47:57.000,16.88,-10.31,2.39,19.43,20.38,458,-27.57,6.0,0.957
2023-01-09T02:48:57.000,16.85,-10.28,2.41,19.43,20.38,459,-27.78,6.0,0.957
2023-01-09T02:49:57.000,16.78,-10.35,2.45,19.41,20.38,460,-27.99,6.0,0.957
2023-01-09T02:52:03.000,16.72,-10.27,2.49,19.39,20.38,462,-28.42,6.0,0.957
2023-01-09T02:53:03.000,16.71,-10.21,2.54,19.37,20.38,463,-28.63,7.0,0.957
2023-01-09T02:55:10.000,16.69,-10.17,2.58,19.35,20.38,465,-29.07,7.0,0.957
2023-01-09T02:56:10.000,16.68,-10.27,2.6,19.34,20.38,466,-29.28,7.0,0.957
2023-01-09T02:57:10.000,16.62,-10.34,2.6,19.34,20.38,467,-29.49,7.0,0.957
2023-01-09T02:58:10.000,16.59,-10.3,2.62,19.33,20.38,468,-29.7,8.0,0.957
2023-01-09T02:59:10.000,16.58,-10.28,2.72,19.29,20.38,469,-29.91,8.0,0.957
2023-01-09T03:00:10.000,16.6,-10.31,2.77,19.27,20.38,470,-30.12,8.0,0.957
2023-01-09T03:01:10.000,16.58,-10.45,2.79,19.26,20.38,471,-30.33,8.0,0.957
2023-01-09T03:02:10.000,16.6,-10.5,2.75,19.28,20.38,472,-30.54,8.0,0.957
2023-01-09T03:04:11.000,16.6,-10.67,2.77,19.27,20.38,474,-30.96,9.0,0.957
2023-01-09T03:06:11.000,16.6,-10.73,2.78,19.27,20.38,476,-31.38,9.0,0.957
2023-01-09T03:07:12.000,16.66,-10.58,2.81,19.26,20.38,477,-31.59,9.0,0.957
2023-01-09T03:08:13.000,16.67,-10.66,2.81,19.26,20.38,478,-31.8,10.0,0.957
2023-01-09T03:09:13.000,16.65,-10.76,2.87,19.24,20.38,479,-32.01,10.0,0.957
2023-01-09T03:10:13.000,16.57,-10.86,2.93,19.21,20.38,480,-32.22,10.0,0.957
2023-01-09T03:11:13.000,16.49,-10.89,2.94,19.21,20.38,481,-32.43,10.0,0.957
2023-01-09T03:12:13.000,16.39,-10.96,2.95,19.2,20.38,482,-32.64,10.0,0.957
2023-01-09T03:13:13.000,16.28,-11.06,2.98,19.2,20.38,483,-32.85,10.0,0.957
2023-01-09T03:15:14.000,16.22,-10.97,3.02,19.18,20.38,485,-33.27,11.0,0.957
2023-01-09T03:16:13.000,16.24,-10.89,3.03,19.18,20.38,486,-33.48,11.0,0.957
2023-01-09T03:17:14.000,16.26,-10.82,3.04,19.17,20.38,487,-33.69,11.0,0.957
2023-01-09T03:18:14.000,16.32,-10.81,2.98,19.19,20.38,488,-33.9,11.0,0.957
2023-01-09T03:19:14.000,16.33,-10.82,2.99,19.19,20.38,489,-34.11,12.0,0.957
2023-01-09T03:21:14.000,16.25,-10.92,3.02,19.18,20.38,491,-34.54,12.0,0.957
2023-01-09T03:22:15.000,16.22,-10.95,3.03,19.18,20.38,492,-34.75,12.0,0.957
2023-01-09T03:23:15.000,16.16,-11.0,3.05,19.17,20.38,493,-34.96,12.0,0.956
2023-01-09T03:24:16.000,16.16,-10.89,3.06,19.17,20.38,494,-35.17,13.0,0.956
2023-01-09T03:25:15.000,16.14,-11.05,3.07,19.16,20.38,495,-35.38,13.0,0.956
2023-01-09T03:26:16.000,16.13,-11.01,3.09,19.16,20.38,496,-35.59,13.0,0.956
2023-01-09T03:27:15.000,16.1,-11.05,3.1,19.15,20.38,497,-35.8,13.0,0.956
2023-01-09T03:28:16.000,16.13,-10.95,3.11,19.15,20.38,498,-36.01,13.0,0.956
2023-01-09T03:29:16.000,16.14,-10.96,3.13,19.14,20.38,499,-36.22,14.0,0.956
2023-01-09T03:30:16.000,16.09,-11.08,3.13,19.14,20.38,500,-36.44,14.0,0.956
2023-01-09T03:31:16.000,16.03,-11.1,3.14,19.14,20.38,501,-36.65,14.0,0.956
2023-01-09T03:32:16.000,15.93,-11.25,3.14,19.14,20.38,502,-36.86,14.0,0.956
2023-01-09T03:33:16.000,15.83,-11.17,3.15,19.13,20.38,503,-37.07,14.0,0.956
2023-01-09T03:35:17.000,15.75,-11.1,3.17,19.13,20.38,505,-37.49,15.0,0.956
2023-01-09T03:36:17.000,15.73,-11.11,3.18,19.12,20.38,506,-37.7,15.0,0.956
2023-01-09T03:37:17.000,15.72,-11.1,3.24,19.1,20.38,507,-37.91,15.0,0.956
2023-01-09T03:38:18.000,15.69,-11.12,3.28,19.09,20.38,508,-38.13,15.0,0.956
2023-01-09T03:39:18.000,15.63,-11.26,3.29,19.09,20.38,509,-38.34,16.0,0.956
2023-01-09T03:40:18.000,15.54,-11.2,3.24,19.1,20.38,510,-38.55,16.0,0.956
2023-01-09T03:41:18.000,15.51,-11.28,3.27,19.1,20.38,511,-38.76,16.0,0.956
2023-01-09T03:43:24.000,15.4,-11.25,3.32,19.08,20.38,513,-39.2,16.0,0.956
2023-01-09T03:44:24.000,15.36,-11.23,3.33,19.07,20.38,514,-39.41,17.0,0.956
2023-01-09T03:46:30.000,15.31,-11.11,3.27,19.09,20.38,516,-39.86,17.0,0.956
2023-01-09T03:47:30.000,15.29,-11.02,3.36,19.07,20.38,517,-40.07,17.0,0.956
2023-01-09T03:48:30.000,15.27,-11.08,3.37,19.06,20.38,518,-40.28,17.0,0.956
2023-01-09T03:49:31.000,15.24,-10.98,3.38,19.06,20.38,519,-40.49,18.0,0.956
2023-01-09T03:50:32.000,15.21,-11.02,3.32,19.08,20.38,520,-40.71,18.0,0.956
2023-01-09T03:51:32.000,15.16,-11.05,3.33,19.08,20.38,521,-40.92,18.0,0.956
2023-01-09T03:52:32.000,15.15,-10.97,3.33,19.07,20.38,522,-41.13,18.0,0.956
2023-01-09T03:55:44.000,15.05,-11.02,3.42,19.04,20.38,525,-41.81,19.0,0.956
2023-01-09T03:56:44.000,14.96,-11.17,3.45,19.03,20.38,526,-42.02,19.0,0.956
2023-01-09T03:57:44.000,14.92,-11.08,3.47,19.03,20.38,527,-42.23,19.0,0.956
2023-01-09T03:58:44.000,14.87,-11.12,3.48,19.03,20.38,528,-42.44,19.0,0.956
2023-01-09T03:59:44.000,14.84,-11.1,3.49,19.02,20.38,529,-42.65,20.0,0.956
2023-01-09T04:00:44.000,14.82,-11.12,3.46,19.03,20.38,530,-42.86,20.0,0.955
2023-01-09T04:01:44.000,14.8,-11.11,3.43,19.04,20.38,531,-43.08,20.0,0.955
2023-01-09T04:02:44.000,14.79,-11.07,3.45,19.04,20.38,532,-43.29,20.0,0.955
2023-01-09T04:03:45.000,14.77,-11.15,3.45,19.04,20.38,533,-43.5,20.0,0.955
2023-01-09T04:04:45.000,14.77,-10.99,3.5,19.02,20.38,534,-43.71,21.0,0.955
2023-01-09T04:06:51.000,14.82,-10.99,3.57,19.0,20.38,536,-44.16,21.0,0.955
2023-01-09T04:07:52.000,14.83,-10.93,3.59,18.99,20.38,537,-44.37,21.0,0.955
2023-01-09T04:08:52.000,14.84,-11.03,3.6,18.99,20.38,538,-44.58,21.0,0.955
2023-01-09T04:09:52.000,14.87,-10.91,3.53,19.01,20.38,539,-44.79,22.0,0.955
2023-01-09T04:10:52.000,14.92,-10.97,3.54,19.01,20.38,540,-45.01,22.0,0.955
2023-01-09T04:11:52.000,14.9,-11.12,3.55,19.0,20.38,541,-45.22,22.0,0.955
2023-01-09T04:12:52.000,14.93,-10.93,3.64,18.98,20.38,542,-45.43,22.0,0.955
2023-01-09T04:13:52.000,14.96,-11.0,3.65,18.97,20.38,543,-45.64,22.0,0.955
2023-01-09T04:14:52.000,15.0,-10.9,3.67,18.97,20.38,544,-45.85,23.0,0.955
2023-01-09T04:15:52.000,15.03,-10.92,3.62,18.98,20.38,545,-46.06,23.0,0.955
2023-01-09T04:16:52.000,15.04,-10.99,3.61,18.99,20.38,546,-46.27,23.0,0.955
2023-01-09T04:17:52.000,15.03,-10.98,3.62,18.98,20.38,547,-46.49,23.0,0.955
2023-01-09T04:18:52.000,15.03,-11.04,3.63,18.98,20.38,548,-46.7,23.0,0.955
2023-01-09T04:19:52.000,15.03,-10.94,3.64,18.98,20.38,549,-46.91,24.0,0.955
2023-01-09T04:20:52.000,15.05,-10.94,3.65,18.97,20.38,550,-47.12,24.0,0.955
2023-01-09T04:21:53.000,15.11,-10.94,3.66,18.97,20.38,551,-47.33,24.0,0.955
2023-01-09T04:22:53.000,15.14,-11.12,3.68,18.97,20.38,552,-47.55,24.0,0.955
2023-01-09T04:23:53.000,15.12,-11.27,3.69,18.96,20.38,553,-47.76,24.0,0.955
2023-01-09T04:28:53.000,14.96,-11.66,3.76,18.94,20.38,558,-48.81,25.0,0.955
2023-01-09T04:36:54.000,14.53,-12.12,3.84,18.92,20.38,566,-50.51,27.0,0.955
2023-01-09T04:42:06.000,14.28,-11.72,3.87,18.91,20.38,571,-51.6,28.0,0.954
2023-01-09T04:43:07.000,14.24,-11.74,3.88,18.91,20.38,572,-51.82,28.0,0.954
2023-01-09T04:44:07.000,14.19,-11.67,3.89,18.91,20.38,573,-52.03,29.0,0.954
2023-01-09T04:45:07.000,14.13,-11.89,3.89,18.9,20.38,574,-52.24,29.0,0.954
2023-01-09T04:46:07.000,13.99,-12.37,3.9,18.9,20.38,575,-52.45,29.0,0.954
2023-01-09T04:47:07.000,13.88,-12.35,3.92,18.9,20.38,576,-52.66,29.0,0.954
2023-01-09T04:48:08.000,13.82,-12.2,3.92,18.9,20.38,577,-52.87,29.0,0.954
2023-01-09T04:49:07.000,13.77,-12.08,3.93,18.89,20.38,578,-53.08,30.0,0.954
2023-01-09T04:50:08.000,13.74,-12.14,3.94,18.89,20.38,579,-53.29,30.0,0.954
2023-01-09T04:52:14.000,13.68,-11.79,3.95,18.89,20.38,581,-53.73,30.0,0.954
2023-01-09T04:53:13.000,13.75,-11.67,3.88,18.91,20.38,582,-53.94,30.0,0.954
2023-01-09T04:54:14.000,13.77,-11.75,3.89,18.91,20.38,583,-54.16,31.0,0.954
2023-01-09T04:55:15.000,13.73,-11.9,3.89,18.91,20.38,584,-54.37,31.0,0.954
2023-01-09T04:56:14.000,13.7,-11.81,3.89,18.9,20.38,585,-54.57,31.0,0.954
2023-01-09T04:57:15.000,13.66,-11.88,3.9,18.9,20.38,586,-54.79,31.0,0.954
2023-01-09T04:58:15.000,13.64,-11.92,3.87,18.91,20.38,587,-55.0,31.0,0.954
2023-01-09T04:59:15.000,13.63,-11.88,3.88,18.91,20.38,588,-55.21,32.0,0.954
2023-01-09T05:00:15.000,13.62,-12.07,3.88,18.91,20.38,589,-55.42,32.0,0.954
2023-01-09T05:01:15.000,13.6,-11.85,3.89,18.91,20.38,590,-55.63,32.0,0.954
2023-01-09T05:02:15.000,13.66,-11.78,3.89,18.9,20.38,591,-55.84,32.0,0.954
2023-01-09T05:03:15.000,13.7,-11.78,3.9,18.9,20.38,592,-56.05,32.0,0.954
2023-01-09T05:04:15.000,13.74,-11.75,3.91,18.9,20.38,593,-56.26,33.0,0.954
2023-01-09T05:05:15.000,13.73,-11.88,3.9,18.9,20.38,594,-56.46,33.0,0.954
2023-01-09T05:06:16.000,13.56,-12.86,3.92,18.9,20.38,595,-56.68,33.0,0.954
2023-01-09T05:07:16.000,13.41,-12.55,3.93,18.89,20.38,596,-56.89,33.0,0.954
2023-01-09T05:08:16.000,13.3,-12.62,3.97,18.88,20.38,597,-57.1,33.0,0.954
2023-01-09T05:09:16.000,13.32,-12.19,4.02,18.87,20.38,598,-57.3,34.0,0.954
2023-01-09T05:10:16.000,13.32,-12.23,4.02,18.87,20.38,599,-57.51,34.0,0.954
2023-01-09T05:11:16.000,13.33,-12.23,4.0,18.88,20.38,600,-57.72,34.0,0.954
2023-01-09T05:12:16.000,13.34,-12.21,3.95,18.89,20.38,601,-57.93,34.0,0.954
2023-01-09T05:13:17.000,13.34,-12.23,4.01,18.87,20.38,602,-58.14,34.0,0.954
2023-01-09T05:14:17.000,13.35,-12.17,4.04,18.86,20.38,603,-58.35,35.0,0.954
2023-01-09T05:15:17.000,13.34,-12.29,4.05,18.86,20.38,604,-58.56,35.0,0.954
2023-01-09T05:16:17.000,13.34,-12.2,4.0,18.87,20.38,605,-58.77,35.0,0.953
2023-01-09T05:17:17.000,13.33,-12.32,3.98,18.88,20.38,606,-58.97,35.0,0.953
2023-01-09T05:18:17.000,13.3,-12.31,3.98,18.88,20.38,607,-59.18,36.0,0.953
2023-01-09T05:19:17.000,13.24,-12.3,3.99,18.88,20.38,608,-59.39,36.0,0.953
2023-01-09T05:20:18.000,13.28,-12.16,4.0,18.88,20.38,609,-59.6,36.0,0.953
2023-01-09T05:21:18.000,13.3,-12.21,4.0,18.87,20.38,610,-59.81,36.0,0.953
2023-01-09T05:22:18.000,13.23,-12.66,4.01,18.87,20.38,611,-60.01,36.0,0.953
2023-01-09T05:23:18.000,13.05,-12.92,4.01,18.87,20.38,612,-60.22,37.0,0.953
2023-01-09T05:24:19.000,12.92,-12.79,4.02,18.87,20.38,613,-60.43,37.0,0.953
2023-01-09T05:28:25.000,12.66,-13.34,4.93,18.65,20.38,617,-61.28,38.0,0.953
2023-01-09T05:29:24.000,12.52,-12.98,5.66,18.5,20.38,618,-61.48,38.0,0.953
2023-01-09T05:30:25.000,12.51,-12.68,5.84,18.46,20.38,619,-61.69,38.0,0.953
2023-01-09T05:32:25.000,12.61,-12.55,5.82,18.47,20.38,621,-62.1,38.0,0.953
2023-01-09T05:33:26.000,12.68,-12.42,5.84,18.46,20.38,622,-62.31,39.0,0.953
2023-01-09T05:34:26.000,12.72,-12.48,5.86,18.46,20.38,623,-62.51,39.0,0.953
2023-01-09T05:35:26.000,12.77,-12.4,5.87,18.46,20.38,624,-62.72,39.0,0.953
2023-01-09T05:36:26.000,12.82,-12.44,5.88,18.46,20.38,625,-62.92,39.0,0.953
2023-01-09T05:37:26.000,12.83,-12.56,5.89,18.45,20.38,626,-63.13,39.0,0.953
2023-01-09T05:38:26.000,12.83,-12.49,5.89,18.45,20.38,627,-63.33,40.0,0.953
2023-01-09T05:40:27.000,12.91,-12.42,5.9,18.45,20.38,629,-63.74,40.0,0.953
2023-01-09T05:41:28.000,12.95,-12.45,5.91,18.45,20.38,630,-63.95,40.0,0.953
2023-01-09T05:42:29.000,12.98,-12.45,5.93,18.45,20.38,631,-64.16,40.0,0.953
2023-01-09T05:43:29.000,12.97,-12.65,5.96,18.44,20.38,632,-64.36,41.0,0.953
2023-01-09T05:44:29.000,12.95,-12.61,5.99,18.44,20.38,633,-64.56,41.0,0.953
2023-01-09T05:48:36.000,13.06,-12.49,6.31,18.38,20.38,637,-65.39,42.0,0.953
2023-01-09T05:49:36.000,13.06,-12.47,6.44,18.36,20.38,638,-65.59,42.0,0.953
2023-01-09T05:50:36.000,13.05,-12.53,6.58,18.33,20.38,639,-65.79,42.0,0.953
2023-01-09T05:51:39.000,13.03,-12.69,6.72,18.31,20.38,640,-66.0,42.0,0.953
2023-01-09T05:52:39.000,12.95,-12.87,6.81,18.3,20.38,641,-66.2,43.0,0.952
2023-01-09T06:02:53.000,12.66,-12.67,7.3,18.22,20.38,651,-68.23,45.0,0.952
2023-01-09T06:03:53.000,12.67,-12.29,7.2,18.24,20.38,652,-68.42,45.0,0.952
2023-01-09T06:04:53.000,12.72,-12.35,7.19,18.24,20.38,653,-68.62,45.0,0.952
2023-01-09T06:07:59.000,12.41,-12.67,7.03,18.26,20.38,656,-69.22,46.0,0.952
2023-01-09T06:08:59.000,12.35,-12.45,7.13,18.25,20.38,657,-69.41,46.0,0.952
2023-01-09T06:09:59.000,12.36,-12.18,7.19,18.24,20.38,658,-69.61,46.0,0.952
2023-01-09T06:10:59.000,12.45,-12.02,7.23,18.23,20.38,659,-69.8,46.0,0.952
2023-01-09T06:11:59.000,12.42,-12.52,7.41,18.21,20.38,660,-69.99,47.0,0.952
2023-01-09T06:12:59.000,12.31,-12.57,7.47,18.2,20.38,661,-70.18,47.0,0.952
2023-01-09T06:13:59.000,12.28,-12.33,7.68,18.17,20.38,662,-70.37,47.0,0.952
2023-01-09T06:15:00.000,12.3,-12.23,7.83,18.15,20.38,663,-70.56,47.0,0.952
2023-01-09T06:16:00.000,12.24,-12.63,8.05,18.12,20.38,664,-70.75,47.0,0.952
2023-01-09T06:17:00.000,12.21,-12.31,8.3,18.08,20.38,665,-70.94,48.0,0.952
2023-01-09T06:18:00.000,12.27,-12.19,8.63,18.04,20.38,666,-71.13,48.0,0.952
2023-01-09T06:19:00.000,12.35,-11.93,9.04,17.99,20.38,667,-71.31,48.0,0.952
2023-01-09T06:20:00.000,12.36,-12.2,9.76,17.91,20.38,668,-71.5,48.0,0.952
2023-01-09T06:21:00.000,12.32,-11.88,10.99,17.78,20.38,669,-71.68,48.0,0.952
2023-01-09T06:22:00.000,12.33,-11.41,14.07,17.51,20.38,670,-71.87,49.0,0.952
2023-01-09T06:23:00.000,12.37,-11.09,16.43,17.34,20.38,671,-72.05,49.0,0.952
2023-01-09T06:24:00.000,12.42,-10.91,16.78,17.32,20.38,672,-72.23,49.0,0.952
2023-01-09T06:26:00.000,12.47,-11.12,14.42,17.48,20.38,674,-72.6,49.0,0.952
2023-01-09T06:27:00.000,12.52,-11.23,13.56,17.55,20.38,675,-72.78,50.0,0.952
2023-01-09T06:30:01.000,12.64,-11.83,13.55,17.55,20.38,678,-73.31,50.0,0.951
2023-01-09T06:33:01.000,12.67,-12.12,14.61,17.47,20.38,681,-73.84,51.0,0.951
2023-01-09T06:36:01.000,12.66,-12.28,16.79,17.32,20.38,684,-74.35,52.0,0.951
2023-01-09T06:37:01.000,12.59,-12.35,17.45,17.28,20.38,685,-74.52,52.0,0.951
2023-01-09T06:38:02.000,12.48,-12.64,18.09,17.24,20.38,686,-74.69,52.0,0.951
2023-01-09T06:40:07.000,12.43,-12.5,19.11,17.18,20.38,688,-75.03,52.0,0.951
2023-01-09T06:42:13.000,12.4,-12.49,19.79,17.14,20.38,690,-75.37,53.0,0.951
2023-01-09T06:43:13.000,12.38,-12.6,18.18,17.24,20.38,691,-75.53,53.0,0.951
2023-01-09T06:44:13.000,12.36,-12.67,20.02,17.13,20.38,692,-75.69,53.0,0.951
2023-01-09T06:46:19.000,12.31,-13.01,21.04,17.07,20.38,694,-76.02,54.0,0.951
2023-01-09T06:47:19.000,12.16,-13.16,21.22,17.06,20.38,695,-76.17,54.0,0.951
2023-01-09T06:48:19.000,12.1,-12.84,21.43,17.05,20.38,696,-76.32,54.0,0.951
2023-01-09T06:49:20.000,12.1,-12.78,21.45,17.05,20.38,697,-76.47,54.0,0.951
2023-01-09T06:50:20.000,12.11,-12.72,21.43,17.05,20.38,698,-76.62,54.0,0.951
2023-01-09T06:51:23.000,12.05,-13.24,21.37,17.06,20.38,699,-76.77,55.0,0.951
2023-01-09T06:52:23.000,11.87,-13.47,21.26,17.06,20.38,700,-76.91,55.0,0.951
2023-01-09T06:53:23.000,11.76,-13.31,21.18,17.07,20.38,701,-77.05,55.0,0.951
2023-01-09T06:54:23.000,11.73,-13.23,21.1,17.07,20.38,702,-77.19,55.0,0.951
2023-01-09T06:55:23.000,11.68,-13.14,20.96,17.08,20.38,703,-77.32,55.0,0.951
2023-01-09T06:56:24.000,11.65,-13.16,20.86,17.08,20.38,704,-77.46,56.0,0.951
2023-01-09T06:57:23.000,11.62,-13.22,20.71,17.09,20.38,705,-77.59,56.0,0.951
2023-01-09T06:58:24.000,11.57,-13.14,20.66,17.09,20.38,706,-77.71,56.0,0.951
2023-01-09T06:59:24.000,11.56,-13.09,20.59,17.1,20.38,707,-77.84,56.0,0.951
2023-01-09T07:00:24.000,11.56,-13.04,20.48,17.1,20.38,708,-77.96,57.0,0.951
2023-01-09T07:01:24.000,11.59,-13.07,20.31,17.11,20.38,709,-78.08,57.0,0.951
2023-01-09T07:02:24.000,11.6,-13.11,19.88,17.13,20.38,710,-78.2,57.0,0.951
2023-01-09T07:03:24.000,11.61,-13.19,19.69,17.14,20.38,711,-78.31,57.0,0.951
2023-01-09T07:04:24.000,11.65,-13.08,19.23,17.17,20.38,712,-78.42,57.0,0.951
2023-01-09T07:05:24.000,11.64,-13.17,18.94,17.19,20.38,713,-78.53,58.0,0.95
