Downloads/jupyter/ECSV/stars19/stars19_2022-09.ecsv
# %ECSV 1.0
# ---
# datatype:
# - {name: time, datatype: string}
# - {name: Enclosure Temperature, unit: deg_C, datatype: float64}
# - {name: Sky Temperature, unit: deg_C, datatype: float64}
# - {name: Frequency, unit: Hz, datatype: float64}
# - {name: MSAS, unit: mag / arcsec2, datatype: float64}
# - {name: ZP, datatype: float64}
# - {name: Sequence Number, datatype: int64}
# - {name: Sun Alt, unit: deg, datatype: float64}
# - {name: Moon Alt, unit: deg, datatype: float64}
# - {name: Moon Illumination, datatype: float64}
# delimiter: ','
# meta: !!omap
# - ida:
#     Data supplier: {affiliation: null, observer: null}
#     Device type: TESS-W
#     Field of view: 17.0
#     Filters per channel: None
#     Instrument ID: stars19
#     License: ODbL 1.0 http://opendatacommons.org/licenses/odbl/summary/
#     Local timezone: America/Phoenix
#     Location name: {country: '- Tucson', place: Tucson, region: United States, sub_region: Arizona, town: Pima County}
#     Measurement direction per channel: {azimuth: 0.0, zenital: 0.0}
#     Moving / Fixed look direction: FIXED
#     Moving / Stationary position: STATIONARY
#     Number of channels: 1
#     Number of fields per line: 8
#     Number of header lines: 35
#     Position: {height: 0.0, latitude: 32.223877, longitude: -110.767532}
#     TESS MAC address: 18:FE:34:CF:EC:06
#     TESS cover offset value: 0.0
#     TESS firmware version: '1.0'
#     TESS zero point: 20.5
#     Time Synchronization: timestamp added by MQTT subscriber
#     URL: http://www.darksky.org/NSBM/sdf1.0.pdf
# - __serialized_columns__:
#     Enclosure Temperature:
#       __class__: astropy.units.quantity.Quantity
#       unit: &id001 !astropy.units.Unit {unit: deg_C}
#       value: !astropy.table.SerializedColumn {name: Enclosure Temperature}
#     Frequency:
#       __class__: astropy.units.quantity.Quantity
#       unit: !astropy.units.Unit {unit: Hz}
#       value: !astropy.table.SerializedColumn {name: Frequency}
#     MSAS:
#       __class__: astropy.units.quantity.Quantity
#       unit: !astropy.units.Unit {unit: mag / arcsec2}
#       value: !astropy.table.SerializedColumn {name: MSAS}
#     Moon Alt:
#       __class__: astropy.units.quantity.Quantity
#       unit: &id002 !astropy.units.Unit {unit: deg}
#       value: !astropy.table.SerializedColumn {name: Moon Alt}
#     Sky Temperature:
#       __class__: astropy.units.quantity.Quantity
#       unit: *id001
#       value: !astropy.table.SerializedColumn {name: Sky Temperature}
#     Sun Alt:
#       __class__: astropy.units.quantity.Quantity
#       unit: *id002
#       value: !astropy.table.SerializedColumn {name: Sun Alt}
#     time:
#       __class__: astropy.time.core.Time
#       format: isot
#       in_subfmt: '*'
#       out_subfmt: '*'
#       precision: 3
#       scale: utc
#       value: !astropy.table.SerializedColumn {name: time}
# schema: astropy-2.0
time,Enclosure Temperature,Sky Temperature,Frequency,MSAS,ZP,Sequence Number,Sun Alt,Moon Alt,Moon Illumination
[from data line 15365]
2022-09-19T03:50:19.000,35.1,12.62,1.58,19.89,20.5,23198,-30.7,-27.0,0.384
2022-09-19T03:51:20.000,34.97,12.5,1.59,19.88,20.5,23199,-30.89,-27.0,0.384
2022-09-19T03:52:20.000,34.86,12.48,1.59,19.87,20.5,23200,-31.09,-27.0,0.384
2022-09-19T03:53:20.000,34.76,12.47,1.58,19.88,20.5,23201,-31.28,-27.0,0.384
2022-09-19T03:54:20.000,34.71,12.54,1.6,19.87,20.5,23202,-31.47,-27.0,0.384
2022-09-19T03:55:21.000,34.64,12.36,1.62,19.86,20.5,23203,-31.67,-27.0,0.384
2022-09-19T03:56:21.000,34.5,12.22,1.57,19.89,20.5,23204,-31.86,-27.0,0.384
2022-09-19T03:57:21.000,34.4,12.51,1.6,19.87,20.5,23205,-32.05,-27.0,0.384
2022-09-19T03:58:21.000,34.38,12.44,1.57,19.89,20.5,23206,-32.24,-26.0,0.383
2022-09-19T03:59:22.000,34.36,12.49,1.56,19.9,20.5,23207,-32.43,-26.0,0.383
2022-09-19T04:00:22.000,34.36,12.5,1.56,19.9,20.5,23208,-32.62,-26.0,0.383
2022-09-19T04:01:22.000,34.34,12.43,1.55,19.9,20.5,23209,-32.81,-26.0,0.383
2022-09-19T04:02:23.000,34.32,12.44,1.55,19.9,20.5,23210,-33.01,-26.0,0.383
2022-09-19T04:03:23.000,34.27,12.3,1.55,19.9,20.5,23211,-33.2,-26.0,0.383
2022-09-19T04:04:23.000,34.23,12.34,1.54,19.91,20.5,23212,-33.39,-26.0,0.383
2022-09-19T04:05:23.000,34.19,12.27,1.55,19.91,20.5,23213,-33.57,-26.0,0.383
2022-09-19T04:06:23.000,34.18,12.34,1.65,19.84,20.5,23214,-33.76,-26.0,0.383
2022-09-19T04:07:23.000,34.17,12.33,1.63,19.85,20.5,23215,-33.95,-26.0,0.383
2022-09-19T04:08:24.000,34.1,12.19,1.55,19.91,20.5,23216,-34.14,-26.0,0.383
2022-09-19T04:09:24.000,34.03,12.23,1.53,19.92,20.5,23217,-34.33,-25.0,0.383
2022-09-19T04:10:24.000,34.0,12.24,1.54,19.91,20.5,23218,-34.52,-25.0,0.383
2022-09-19T04:11:24.000,33.96,12.2,1.55,19.91,20.5,23219,-34.7,-25.0,0.383
2022-09-19T04:12:25.000,33.9,12.18,1.85,19.72,20.5,23220,-34.89,-25.0,0.383
2022-09-19T04:13:25.000,33.9,12.2,1.71,19.8,20.5,23221,-35.08,-25.0,0.382
2022-09-19T04:14:25.000,33.87,12.13,1.69,19.81,20.5,23222,-35.26,-25.0,0.382
2022-09-19T04:15:26.000,33.81,12.07,1.69,19.81,20.5,23223,-35.45,-25.0,0.382
2022-09-19T04:16:26.000,33.76,12.09,1.68,19.82,20.5,23224,-35.64,-25.0,0.382
2022-09-19T04:17:26.000,33.75,12.21,1.68,19.81,20.5,23225,-35.82,-25.0,0.382
2022-09-19T04:19:26.000,33.68,12.04,1.54,19.91,20.5,23227,-36.19,-24.0,0.382
2022-09-19T04:20:26.000,33.65,12.04,1.56,19.9,20.5,23228,-36.37,-24.0,0.382
2022-09-19T04:21:26.000,33.62,12.18,1.57,19.89,20.5,23229,-36.55,-24.0,0.382
2022-09-19T04:22:27.000,33.57,12.31,1.65,19.84,20.5,23230,-36.74,-24.0,0.382
2022-09-19T04:23:27.000,33.51,12.63,1.78,19.76,20.5,23231,-36.92,-24.0,0.382
2022-09-19T04:24:27.000,33.5,13.38,1.95,19.65,20.5,23232,-37.1,-24.0,0.382
2022-09-19T04:25:27.000,33.48,13.92,2.14,19.56,20.5,23233,-37.28,-24.0,0.382
2022-09-19T04:26:28.000,33.46,14.59,2.52,19.38,20.5,23234,-37.47,-24.0,0.382
2022-09-19T04:27:28.000,33.46,15.27,3.12,19.15,20.5,23235,-37.65,-24.0,0.382
2022-09-19T04:28:28.000,33.43,15.68,4.16,18.84,20.5,23236,-37.83,-24.0,0.382
2022-09-19T04:34:29.000,33.28,14.82,3.25,19.1,20.5,23242,-38.9,-23.0,0.381
2022-09-19T04:35:29.000,33.28,14.49,2.88,19.23,20.5,23243,-39.08,-23.0,0.381
2022-09-19T04:36:29.000,33.28,14.05,2.61,19.34,20.5,23244,-39.26,-23.0,0.381
2022-09-19T04:37:29.000,33.32,13.58,2.2,19.53,20.5,23245,-39.43,-23.0,0.381
2022-09-19T04:38:29.000,33.33,12.97,1.94,19.66,20.5,23246,-39.61,-22.0,0.381
2022-09-19T04:39:29.000,33.33,12.4,1.78,19.75,20.5,23247,-39.78,-22.0,0.381
2022-09-19T04:41:29.000,33.27,11.69,1.53,19.92,20.5,23249,-40.13,-22.0,0.381
2022-09-19T04:42:29.000,33.24,11.6,1.51,19.94,20.5,23250,-40.3,-22.0,0.381
2022-09-19T04:43:36.000,33.2,11.55,1.5,19.94,20.5,23251,-40.5,-22.0,0.381
2022-09-19T04:44:36.000,33.15,11.67,1.5,19.94,20.5,23252,-40.67,-22.0,0.38
2022-09-19T04:45:36.000,33.16,11.56,1.5,19.94,20.5,23253,-40.84,-22.0,0.38
2022-09-19T04:46:36.000,33.12,11.55,1.49,19.94,20.5,23254,-41.01,-22.0,0.38
2022-09-19T04:47:36.000,33.11,11.55,1.49,19.94,20.5,23255,-41.18,-21.0,0.38
2022-09-19T04:48:36.000,33.11,11.58,1.49,19.95,20.5,23256,-41.35,-21.0,0.38
2022-09-19T04:49:36.000,33.09,11.45,1.49,19.95,20.5,23257,-41.52,-21.0,0.38
2022-09-19T04:50:37.000,33.05,11.52,1.49,19.95,20.5,23258,-41.7,-21.0,0.38
2022-09-19T04:52:36.000,33.03,11.47,1.49,19.95,20.5,23260,-42.03,-21.0,0.38
2022-09-19T04:54:37.000,32.96,11.43,1.48,19.96,20.5,23262,-42.37,-21.0,0.38
2022-09-19T04:55:37.000,32.96,11.47,1.48,19.96,20.5,23263,-42.53,-20.0,0.38
2022-09-19T04:56:37.000,32.92,11.4,1.47,19.96,20.5,23264,-42.7,-20.0,0.38
2022-09-19T05:00:37.000,32.91,11.43,1.47,19.96,20.5,23268,-43.36,-20.0,0.379
2022-09-19T05:04:38.000,32.81,11.24,1.47,19.96,20.5,23272,-44.01,-19.0,0.379
2022-09-19T05:05:38.000,32.78,11.21,1.47,19.96,20.5,23273,-44.17,-19.0,0.379
2022-09-19T05:06:39.000,32.78,11.28,1.47,19.96,20.5,23274,-44.33,-19.0,0.379
2022-09-19T05:07:39.000,32.79,11.23,1.46,19.97,20.5,23275,-44.49,-19.0,0.379
2022-09-19T05:08:40.000,32.76,10.99,1.46,19.97,20.5,23276,-44.65,-19.0,0.379
2022-09-19T05:09:40.000,32.7,10.99,1.46,19.97,20.5,23277,-44.81,-19.0,0.379
2022-09-19T05:10:39.000,32.68,11.1,1.45,19.98,20.5,23278,-44.96,-19.0,0.379
2022-09-19T05:11:40.000,32.68,11.06,1.45,19.98,20.5,23279,-45.12,-18.0,0.379
2022-09-19T05:12:40.000,32.68,11.05,1.44,19.98,20.5,23280,-45.28,-18.0,0.379
2022-09-19T05:13:41.000,32.69,10.98,1.61,19.86,20.5,23281,-45.43,-18.0,0.379
2022-09-19T05:14:41.000,32.64,10.89,1.61,19.87,20.5,23282,-45.59,-18.0,0.379
2022-09-19T05:15:41.000,32.58,10.85,3.73,19.07,20.5,23283,-45.74,-18.0,0.379
2022-09-19T05:16:41.000,32.48,10.7,1.81,19.74,20.5,23284,-45.9,-18.0,0.378
2022-09-19T05:18:41.000,32.33,10.74,1.47,19.96,20.5,23286,-46.2,-17.0,0.378
2022-09-19T05:21:42.000,32.24,10.83,1.44,19.99,20.5,23289,-46.65,-17.0,0.378
2022-09-19T05:24:42.000,32.1,10.73,1.43,19.99,20.5,23292,-47.09,-17.0,0.378
2022-09-19T05:25:42.000,32.09,10.76,1.43,19.99,20.5,23293,-47.24,-17.0,0.378
2022-09-19T05:26:42.000,32.05,10.64,1.44,19.99,20.5,23294,-47.38,-16.0,0.378
2022-09-19T05:27:42.000,31.96,10.62,1.45,19.98,20.5,23295,-47.53,-16.0,0.378
2022-09-19T05:28:42.000,31.93,10.72,1.44,19.98,20.5,23296,-47.67,-16.0,0.378
2022-09-19T05:29:43.000,31.92,10.73,1.44,19.98,20.5,23297,-47.82,-16.0,0.378
2022-09-19T05:30:42.000,31.9,10.67,1.44,19.98,20.5,23298,-47.96,-16.0,0.378
2022-09-19T05:31:43.000,31.89,10.64,1.44,19.98,20.5,23299,-48.1,-16.0,0.377
2022-09-19T05:32:42.000,31.87,10.71,1.44,19.99,20.5,23300,-48.24,-16.0,0.377
2022-09-19T05:33:43.000,31.8,10.47,1.44,19.98,20.5,23301,-48.38,-15.0,0.377
2022-09-19T05:34:43.000,31.75,10.5,1.44,19.99,20.5,23302,-48.52,-15.0,0.377
2022-09-19T05:35:43.000,31.72,10.5,1.44,19.99,20.5,23303,-48.66,-15.0,0.377
2022-09-19T05:36:43.000,31.69,10.51,1.43,19.99,20.5,23304,-48.79,-15.0,0.377
2022-09-19T05:37:43.000,31.61,10.38,1.43,19.99,20.5,23305,-48.93,-15.0,0.377
2022-09-19T05:38:43.000,31.56,10.46,1.43,19.99,20.5,23306,-49.06,-15.0,0.377
2022-09-19T05:39:43.000,31.52,10.46,1.43,19.99,20.5,23307,-49.2,-15.0,0.377
2022-09-19T05:40:43.000,31.48,10.43,1.42,20.0,20.5,23308,-49.33,-14.0,0.377
2022-09-19T05:41:43.000,31.44,10.46,1.41,20.0,20.5,23309,-49.46,-14.0,0.377
2022-09-19T05:42:43.000,31.44,10.63,1.41,20.0,20.5,23310,-49.59,-14.0,0.377
2022-09-19T05:44:44.000,31.43,10.54,1.41,20.01,20.5,23312,-49.85,-14.0,0.377
2022-09-19T05:45:44.000,31.43,10.57,1.41,20.01,20.5,23313,-49.98,-14.0,0.377
2022-09-19T05:46:44.000,31.44,10.62,1.41,20.01,20.5,23314,-50.11,-14.0,0.377
2022-09-19T05:47:44.000,31.46,10.54,1.41,20.01,20.5,23315,-50.24,-13.0,0.376
2022-09-19T05:48:44.000,31.47,10.57,1.41,20.01,20.5,23316,-50.36,-13.0,0.376
2022-09-19T05:49:44.000,31.5,10.55,1.41,20.01,20.5,23317,-50.49,-13.0,0.376
2022-09-19T05:50:45.000,31.5,10.48,1.41,20.01,20.5,23318,-50.61,-13.0,0.376
2022-09-19T05:51:44.000,31.42,10.29,1.4,20.01,20.5,23319,-50.73,-13.0,0.376
2022-09-19T05:52:45.000,31.41,10.45,1.4,20.01,20.5,23320,-50.85,-13.0,0.376
2022-09-19T05:54:45.000,31.36,10.32,1.4,20.01,20.5,23322,-51.09,-12.0,0.376
2022-09-19T05:55:45.000,31.36,10.4,1.41,20.01,20.5,23323,-51.21,-12.0,0.376
2022-09-19T05:57:46.000,31.33,10.43,1.41,20.01,20.5,23325,-51.44,-12.0,0.376
2022-09-19T05:58:46.000,31.31,10.45,1.41,20.01,20.5,23326,-51.56,-12.0,0.376
2022-09-19T05:59:46.000,31.29,10.42,1.41,20.01,20.5,23327,-51.67,-12.0,0.376
2022-09-19T06:00:46.000,31.28,10.39,1.41,20.01,20.5,23328,-51.79,-11.0,0.376
2022-09-19T06:01:46.000,31.27,10.38,1.41,20.01,20.5,23329,-51.9,-11.0,0.376
2022-09-19T06:02:47.000,31.27,10.4,1.4,20.02,20.5,23330,-52.01,-11.0,0.376
2022-09-19T06:04:52.000,31.18,10.27,1.4,20.02,20.5,23332,-52.23,-11.0,0.375
2022-09-19T06:06:58.000,31.09,10.32,1.43,19.99,20.5,23334,-52.46,-11.0,0.375
2022-09-19T06:07:59.000,31.05,10.4,1.43,19.99,20.5,23335,-52.56,-10.0,0.375
2022-09-19T06:08:59.000,31.05,10.49,1.39,20.03,20.5,23336,-52.66,-10.0,0.375
2022-09-19T06:09:59.000,31.06,10.48,1.36,20.05,20.5,23337,-52.77,-10.0,0.375
2022-09-19T06:10:59.000,31.05,10.36,1.36,20.04,20.5,23338,-52.87,-10.0,0.375
2022-09-19T06:12:00.000,31.03,10.38,1.36,20.04,20.5,23339,-52.97,-10.0,0.375
2022-09-19T06:12:59.000,31.05,10.46,1.36,20.05,20.5,23340,-53.06,-10.0,0.375
2022-09-19T06:14:00.000,31.05,10.31,1.35,20.05,20.5,23341,-53.16,-9.0,0.375
2022-09-19T06:14:59.000,31.06,10.42,1.35,20.06,20.5,23342,-53.25,-9.0,0.375
2022-09-19T06:17:00.000,31.04,10.15,1.35,20.05,20.5,23344,-53.44,-9.0,0.375
2022-09-19T06:20:00.000,30.99,10.26,1.36,20.04,20.5,23347,-53.71,-8.0,0.374
2022-09-19T06:22:00.000,31.03,10.23,1.37,20.04,20.5,23349,-53.89,-8.0,0.374
2022-09-19T06:26:00.000,31.0,10.01,1.38,20.03,20.5,23353,-54.22,-8.0,0.374
2022-09-19T06:30:00.000,30.78,10.16,1.47,19.96,20.5,23357,-54.53,-7.0,0.374
2022-09-19T06:32:01.000,30.75,10.22,1.56,19.9,20.5,23359,-54.67,-7.0,0.374
2022-09-19T06:34:01.000,30.78,10.1,1.44,19.98,20.5,23361,-54.81,-6.0,0.374
2022-09-19T06:35:01.000,30.78,9.84,1.37,20.04,20.5,23362,-54.88,-6.0,0.373
2022-09-19T06:36:01.000,30.73,9.81,1.36,20.05,20.5,23363,-54.95,-6.0,0.373
2022-09-19T06:37:01.000,30.74,9.86,1.35,20.06,20.5,23364,-55.01,-6.0,0.373
2022-09-19T06:41:08.000,30.65,9.74,1.34,20.06,20.5,23368,-55.26,-5.0,0.373
2022-09-19T06:42:08.000,30.62,9.72,1.34,20.06,20.5,23369,-55.32,-5.0,0.373
2022-09-19T06:43:09.000,30.56,9.56,1.39,20.03,20.5,23370,-55.38,-5.0,0.373
2022-09-19T06:44:09.000,30.54,9.59,1.63,19.87,20.5,23371,-55.43,-5.0,0.373
2022-09-19T06:45:09.000,30.52,9.56,1.35,20.06,20.5,23372,-55.49,-4.0,0.373
2022-09-19T06:46:10.000,30.53,9.64,1.31,20.09,20.5,23373,-55.54,-4.0,0.373
2022-09-19T06:47:10.000,30.54,9.6,1.3,20.09,20.5,23374,-55.59,-4.0,0.373
2022-09-19T06:48:10.000,30.53,9.59,1.31,20.09,20.5,23375,-55.63,-4.0,0.373
2022-09-19T06:49:10.000,30.54,9.65,1.31,20.09,20.5,23376,-55.68,-4.0,0.373
2022-09-19T06:50:12.000,30.54,9.44,1.3,20.09,20.5,23377,-55.73,-4.0,0.373
2022-09-19T06:51:13.000,30.47,9.37,1.31,20.09,20.5,23378,-55.77,-3.0,0.372
2022-09-19T06:52:13.000,30.41,9.29,1.3,20.09,20.5,23379,-55.81,-3.0,0.372
2022-09-19T06:53:14.000,30.32,9.16,1.31,20.09,20.5,23380,-55.85,-3.0,0.372
2022-09-19T06:54:13.000,30.23,9.23,1.3,20.09,20.5,23381,-55.89,-3.0,0.372
2022-09-19T06:55:14.000,30.2,9.14,1.31,20.09,20.5,23382,-55.93,-3.0,0.372
2022-09-19T06:56:14.000,30.13,9.25,1.3,20.09,20.5,23383,-55.96,-3.0,0.372
2022-09-19T06:57:14.000,30.14,9.31,1.3,20.09,20.5,23384,-56.0,-2.0,0.372
2022-09-19T06:58:14.000,30.11,9.31,1.31,20.09,20.5,23385,-56.03,-2.0,0.372
2022-09-19T06:59:14.000,30.06,9.15,1.31,20.09,20.5,23386,-56.06,-2.0,0.372
2022-09-19T07:00:15.000,29.97,9.07,1.31,20.09,20.5,23387,-56.09,-2.0,0.372
2022-09-19T07:01:15.000,29.92,9.11,1.3,20.09,20.5,23388,-56.12,-2.0,0.372
2022-09-19T07:02:15.000,29.89,9.2,1.3,20.1,20.5,23389,-56.14,-2.0,0.372
2022-09-19T07:03:15.000,29.83,9.04,1.29,20.1,20.5,23390,-56.16,-1.0,0.372
2022-09-19T07:05:15.000,29.79,9.17,1.3,20.1,20.5,23392,-56.21,-1.0,0.372
2022-09-19T07:06:15.000,29.81,9.35,1.29,20.1,20.5,23393,-56.23,-1.0,0.371
2022-09-19T07:07:16.000,29.83,9.3,1.3,20.1,20.5,23394,-56.24,-1.0,0.371
2022-09-19T07:08:16.000,29.83,9.33,1.3,20.09,20.5,23395,-56.26,-1.0,0.371
2022-09-19T07:09:16.000,29.82,9.23,1.3,20.1,20.5,23396,-56.27,-0.0,0.371
2022-09-19T07:10:16.000,29.82,9.31,1.3,20.1,20.5,23397,-56.28,-0.0,0.371
2022-09-19T07:11:16.000,29.8,9.13,1.3,20.1,20.5,23398,-56.3,0.0,0.371
2022-09-19T07:12:16.000,29.79,9.3,1.3,20.1,20.5,23399,-56.3,0.0,0.371
2022-09-19T07:13:17.000,29.8,9.21,1.3,20.1,20.5,23400,-56.31,0.0,0.371
2022-09-19T07:14:17.000,29.79,9.24,1.3,20.1,20.5,23401,-56.32,1.0,0.371
2022-09-19T07:15:18.000,29.8,9.21,1.3,20.1,20.5,23402,-56.32,1.0,0.371
2022-09-19T07:16:18.000,29.82,9.32,1.3,20.1,20.5,23403,-56.32,1.0,0.371
2022-09-19T07:18:18.000,29.83,9.23,1.3,20.1,20.5,23405,-56.32,1.0,0.371
2022-09-19T07:19:18.000,29.84,9.24,1.3,20.1,20.5,23406,-56.32,1.0,0.371
2022-09-19T07:20:20.000,29.83,9.24,1.3,20.09,20.5,23407,-56.31,2.0,0.371
2022-09-19T07:21:22.000,29.81,9.18,1.3,20.1,20.5,23408,-56.31,2.0,0.371
2022-09-19T07:22:22.000,29.79,9.16,1.3,20.09,20.5,23409,-56.3,2.0,0.37
2022-09-19T07:25:23.000,29.78,9.3,1.3,20.1,20.5,23412,-56.27,2.0,0.37
2022-09-19T07:26:23.000,29.79,9.24,1.3,20.1,20.5,23413,-56.25,3.0,0.37
2022-09-19T07:27:23.000,29.77,9.21,1.3,20.1,20.5,23414,-56.24,3.0,0.37
2022-09-19T07:28:23.000,29.78,9.22,1.3,20.1,20.5,23415,-56.22,3.0,0.37
2022-09-19T07:29:24.000,29.73,8.99,1.3,20.1,20.5,23416,-56.2,3.0,0.37
2022-09-19T07:30:24.000,29.67,9.06,1.3,20.1,20.5,23417,-56.18,3.0,0.37
2022-09-19T07:31:24.000,29.67,9.09,1.29,20.1,20.5,23418,-56.15,4.0,0.37
2022-09-19T07:32:24.000,29.64,9.06,1.3,20.1,20.5,23419,-56.13,4.0,0.37
2022-09-19T07:33:24.000,29.61,8.97,1.3,20.09,20.5,23420,-56.1,4.0,0.37
2022-09-19T07:34:25.000,29.59,9.01,1.3,20.09,20.5,23421,-56.07,4.0,0.37
2022-09-19T07:35:25.000,29.54,8.96,1.3,20.09,20.5,23422,-56.05,4.0,0.37
2022-09-19T07:36:25.000,29.55,9.01,1.3,20.09,20.5,23423,-56.01,4.0,0.37
2022-09-19T07:37:25.000,29.52,9.04,1.31,20.09,20.5,23424,-55.98,5.0,0.37
2022-09-19T07:38:26.000,29.58,9.15,1.3,20.09,20.5,23425,-55.95,5.0,0.369
2022-09-19T07:39:26.000,29.65,9.19,1.3,20.09,20.5,23426,-55.91,5.0,0.369
2022-09-19T07:40:26.000,29.69,9.09,1.3,20.1,20.5,23427,-55.87,5.0,0.369
2022-09-19T07:41:26.000,29.73,9.17,1.3,20.1,20.5,23428,-55.83,5.0,0.369
2022-09-19T07:42:26.000,29.79,9.19,1.3,20.09,20.5,23429,-55.79,6.0,0.369
2022-09-19T07:44:31.000,29.86,9.08,1.3,20.09,20.5,23431,-55.7,6.0,0.369
2022-09-19T07:47:31.000,29.88,8.91,1.31,20.08,20.5,23434,-55.56,6.0,0.369
2022-09-19T07:48:32.000,29.93,9.05,1.33,20.07,20.5,23435,-55.51,7.0,0.369
2022-09-19T07:49:32.000,29.89,8.78,1.34,20.06,20.5,23436,-55.46,7.0,0.369
2022-09-19T07:50:35.000,29.94,8.97,1.34,20.07,20.5,23437,-55.4,7.0,0.369
2022-09-19T07:51:35.000,29.93,8.84,1.34,20.06,20.5,23438,-55.35,7.0,0.369
2022-09-19T07:52:35.000,29.95,8.93,1.34,20.06,20.5,23439,-55.29,7.0,0.369
2022-09-19T07:53:35.000,29.96,8.87,1.35,20.06,20.5,23440,-55.23,8.0,0.368
2022-09-19T07:54:35.000,29.94,8.8,1.35,20.05,20.5,23441,-55.17,8.0,0.368
2022-09-19T07:55:35.000,29.97,8.89,1.35,20.05,20.5,23442,-55.11,8.0,0.368
2022-09-19T07:57:41.000,29.98,8.78,1.33,20.07,20.5,23444,-54.98,8.0,0.368
2022-09-19T07:58:41.000,29.98,8.82,1.24,20.15,20.5,23445,-54.91,8.0,0.368
2022-09-19T07:59:41.000,29.98,8.77,1.24,20.15,20.5,23446,-54.85,9.0,0.368
2022-09-19T08:00:41.000,29.97,8.67,1.24,20.15,20.5,23447,-54.78,9.0,0.368
2022-09-19T08:01:41.000,29.95,8.66,1.24,20.15,20.5,23448,-54.71,9.0,0.368
2022-09-19T08:02:41.000,29.95,8.67,1.24,20.14,20.5,23449,-54.64,9.0,0.368
2022-09-19T08:03:42.000,29.96,8.68,1.24,20.15,20.5,23450,-54.56,9.0,0.368
2022-09-19T08:04:43.000,29.97,8.66,1.24,20.14,20.5,23451,-54.49,10.0,0.368
2022-09-19T08:07:43.000,30.02,8.71,1.25,20.14,20.5,23454,-54.25,10.0,0.368
2022-09-19T08:13:49.000,30.08,8.51,1.26,20.13,20.5,23460,-53.75,11.0,0.367
2022-09-19T08:14:49.000,30.05,8.44,1.26,20.13,20.5,23461,-53.66,11.0,0.367
2022-09-19T08:15:49.000,30.01,8.39,1.26,20.13,20.5,23462,-53.57,12.0,0.367
2022-09-19T08:16:49.000,29.96,8.26,1.26,20.12,20.5,23463,-53.48,12.0,0.367
2022-09-19T08:17:49.000,29.78,7.78,1.27,20.12,20.5,23464,-53.38,12.0,0.367
