Downloads/jupyter/ECSV/stars19/stars19_2022-07.ecsv
# %ECSV 1.0
# ---
# datatype:
# - {name: time, datatype: string}
# - {name: Enclosure Temperature, unit: deg_C, datatype: float64}
# - {name: Sky Temperature, unit: deg_C, datatype: float64}
# - {name: Frequency, unit: Hz, datatype: float64}
# - {name: MSAS, unit: mag / arcsec2, datatype: float64}
# - {name: ZP, datatype: float64}
# - {name: Sequence Number, datatype: int64}
# - {name: Sun Alt, unit: deg, datatype: float64}
# - {name: Moon Alt, unit: deg, datatype: float64}
# - {name: Moon Illumination, datatype: float64}
# delimiter: ','
# meta: !!omap
# - ida:
#     Data supplier: {affiliation: null, observer: null}
#     Device type: TESS-W
#     Field of view: 17.0
#     Filters per channel: None
#     Instrument ID: stars19
#     License: ODbL 1.0 http://opendatacommons.org/licenses/odbl/summary/
#     Local timezone: America/Phoenix
#     Location name: {country: '- Tucson', place: Tucson, region: United States, sub_region: Arizona, town: Pima County}
#     Measurement direction per channel: {azimuth: 0.0, zenital: 0.0}
#     Moving / Fixed look direction: FIXED
#     Moving / Stationary position: STATIONARY
#     Number of channels: 1
#     Number of fields per line: 8
#     Number of header lines: 35
#     Position: {height: 0.0, latitude: 32.223877, longitude: -110.767532}
#     TESS MAC address: 18:FE:34:CF:EC:06
#     TESS cover offset value: 0.0
#     TESS firmware version: '1.0'
#     TESS zero point: 20.5
#     Time Synchronization: timestamp added by MQTT subscriber
#     URL: http://www.darksky.org/NSBM/sdf1.0.pdf
# - __serialized_columns__:
#     Enclosure Temperature:
#       __class__: astropy.units.quantity.Quantity
#       unit: &id001 !astropy.units.Unit {unit: deg_C}
#       value: !astropy.table.SerializedColumn {name: Enclosure Temperature}
#     Frequency:
#       __class__: astropy.units.quantity.Quantity
#       unit: !astropy.units.Unit {unit: Hz}
#       value: !astropy.table.SerializedColumn {name: Frequency}
#     MSAS:
#       __class__: astropy.units.quantity.Quantity
#       unit: !astropy.units.Unit {unit: mag / arcsec2}
#       value: !astropy.table.SerializedColumn {name: MSAS}
#     Moon Alt:
#       __class__: astropy.units.quantity.Quantity
#       unit: &id002 !astropy.units.Unit {unit: deg}
#       value: !astropy.table.SerializedColumn {name: Moon Alt}
#     Sky Temperature:
#       __class__: astropy.units.quantity.Quantity
#       unit: *id001
#       value: !astropy.table.SerializedColumn {name: Sky Temperature}
#     Sun Alt:
#       __class__: astropy.units.quantity.Quantity
#       unit: *id002
#       value: !astropy.table.SerializedColumn {name: Sun Alt}
#     time:
#       __class__: astropy.time.core.Time
#       format: isot
#       in_subfmt: '*'
#       out_subfmt: '*'
#       precision: 3
#       scale: utc
#       value: !astropy.table.SerializedColumn {name: time}
# schema: astropy-2.0
time,Enclosure Temperature,Sky Temperature,Frequency,MSAS,ZP,Sequence Number,Sun Alt,Moon Alt,Moon Illumination
[from data line 8498]
2022-07-11T11:22:51.000,32.06,10.54,1.75,19.77,20.5,211703,-12.05,-17.0,0.921
2022-07-11T11:23:51.000,32.07,10.49,1.89,19.69,20.5,211704,-11.87,-18.0,0.921
2022-07-11T11:24:51.000,32.04,10.28,2.05,19.6,20.5,211705,-11.7,-18.0,0.921
2022-07-11T11:25:51.000,31.97,10.35,2.23,19.51,20.5,211706,-11.53,-18.0,0.921
2022-07-11T11:26:52.000,31.92,10.35,2.46,19.4,20.5,211707,-11.36,-18.0,0.921
2022-07-11T11:27:52.000,31.88,10.27,2.74,19.29,20.5,211708,-11.18,-18.0,0.921
2022-07-11T11:28:52.000,31.76,10.12,3.07,19.16,20.5,211709,-11.01,-18.0,0.921
2022-07-11T11:29:52.000,31.68,10.25,3.45,19.04,20.5,211710,-10.84,-19.0,0.921
2022-07-11T11:30:52.000,31.64,10.28,3.89,18.91,20.5,211711,-10.66,-19.0,0.921
2022-07-11T11:31:52.000,31.63,10.4,4.39,18.78,20.5,211712,-10.49,-19.0,0.921
2022-07-11T11:32:52.000,31.62,10.3,5.02,18.63,20.5,211713,-10.32,-19.0,0.921
2022-07-11T11:33:53.000,31.61,10.39,5.75,18.48,20.5,211714,-10.14,-19.0,0.921
2022-07-11T11:34:53.000,31.61,10.35,6.67,18.32,20.5,211715,-9.96,-20.0,0.921
2022-07-11T11:35:53.000,31.61,10.37,7.77,18.15,20.5,211716,-9.79,-20.0,0.921
2022-07-11T11:36:53.000,31.63,10.37,9.09,17.99,20.5,211717,-9.61,-20.0,0.921
2022-07-11T11:37:53.000,31.62,10.37,10.8,17.8,20.5,211718,-9.44,-20.0,0.921
2022-07-11T11:38:53.000,31.66,10.44,12.81,17.61,20.5,211719,-9.26,-20.0,0.921
2022-07-11T11:39:53.000,31.68,10.43,15.31,17.42,20.5,211720,-9.09,-21.0,0.921
2022-07-11T11:40:53.000,31.68,10.41,18.41,17.22,20.5,211721,-8.91,-21.0,0.921
2022-07-11T11:42:54.000,31.72,10.4,26.93,16.81,20.5,211723,-8.55,-21.0,0.922
2022-07-11T11:43:54.000,31.7,10.36,32.86,16.59,20.5,211724,-8.37,-21.0,0.922
2022-07-11T11:44:54.000,31.68,10.39,40.14,16.37,20.5,211725,-8.2,-22.0,0.922
2022-07-11T11:45:54.000,31.67,10.39,47.94,16.18,20.5,211726,-8.02,-22.0,0.922
2022-07-11T11:48:00.000,31.74,10.6,79.16,15.64,20.5,211728,-7.64,-22.0,0.922
2022-07-11T11:52:06.000,31.84,10.53,207.27,14.59,20.5,211732,-6.91,-23.0,0.922
2022-07-11T11:53:07.000,31.83,10.55,263.11,14.33,20.5,211733,-6.72,-23.0,0.922
2022-07-11T11:54:07.000,31.84,10.46,328.74,14.09,20.5,211734,-6.54,-23.0,0.922
2022-07-11T11:55:07.000,31.79,10.29,404.36,13.86,20.5,211735,-6.36,-24.0,0.922
2022-07-11T11:56:07.000,31.74,10.41,494.45,13.65,20.5,211736,-6.18,-24.0,0.922
2022-07-11T11:57:07.000,31.74,10.44,606.51,13.42,20.5,211737,-6.0,-24.0,0.922
2022-07-11T11:58:07.000,31.7,10.31,748.18,13.2,20.5,211738,-5.82,-24.0,0.922
2022-07-11T11:59:07.000,31.63,10.39,926.72,12.96,20.5,211739,-5.64,-24.0,0.922
2022-07-11T12:00:07.000,31.6,10.43,1146.22,12.73,20.5,211740,-5.45,-25.0,0.922
2022-07-11T12:01:07.000,31.59,10.34,1413.01,12.51,20.5,211741,-5.27,-25.0,0.922
2022-07-11T12:02:07.000,31.57,10.34,1735.91,12.28,20.5,211742,-5.09,-25.0,0.922
2022-07-11T12:03:07.000,31.57,10.41,2129.55,12.06,20.5,211743,-4.91,-25.0,0.922
2022-07-11T12:04:07.000,31.58,10.31,2633.49,11.83,20.5,211744,-4.72,-25.0,0.923
2022-07-11T12:05:07.000,31.54,10.31,3287.93,11.59,20.5,211745,-4.54,-26.0,0.923
2022-07-11T12:06:07.000,31.53,10.39,4107.71,11.35,20.5,211746,-4.36,-26.0,0.923
2022-07-11T12:07:07.000,31.52,10.41,5116.44,11.11,20.5,211747,-4.17,-26.0,0.923
2022-07-11T12:08:08.000,31.51,10.44,6332.25,10.88,20.5,211748,-3.98,-26.0,0.923
2022-07-11T12:09:08.000,31.49,10.44,7777.93,10.65,20.5,211749,-3.8,-26.0,0.923
2022-07-11T12:10:09.000,31.48,10.39,9488.69,10.44,20.5,211750,-3.61,-26.0,0.923
2022-07-11T12:11:08.000,31.48,10.4,11437.84,10.24,20.5,211751,-3.43,-27.0,0.923
2022-07-11T12:12:09.000,31.49,10.38,13588.38,10.05,20.5,211752,-3.24,-27.0,0.923
2022-07-11T12:13:08.000,31.51,10.34,16038.0,9.87,20.5,211753,-3.06,-27.0,0.923
2022-07-11T12:14:09.000,31.51,10.34,19223.37,9.67,20.5,211754,-2.87,-27.0,0.923
2022-07-11T12:15:09.000,31.49,10.23,23961.31,9.43,20.5,211755,-2.68,-27.0,0.923
2022-07-11T12:16:09.000,31.42,10.17,29690.13,9.2,20.5,211756,-2.5,-28.0,0.923
2022-07-11T12:17:09.000,31.38,10.22,34898.45,9.1,20.5,211757,-2.31,-28.0,0.923
2022-07-11T12:18:09.000,31.37,10.24,40605.45,8.86,20.5,211758,-2.12,-28.0,0.923
2022-07-11T12:19:09.000,31.41,10.37,46270.07,8.72,20.5,211759,-1.94,-28.0,0.923
2022-07-11T12:20:09.000,31.43,10.28,53254.25,8.57,20.5,211760,-1.75,-28.0,0.923
2022-07-11T12:21:09.000,31.43,10.17,50244.89,6.92,20.5,211761,-1.56,-29.0,0.923
2022-07-11T12:22:09.000,31.4,10.09,0.0,0.0,20.5,211762,-1.38,-29.0,0.923
2022-07-11T12:23:09.000,31.38,9.96,0.0,0.0,20.5,211763,-1.19,-29.0,0.923
2022-07-11T12:24:09.000,31.36,10.04,0.0,0.0,20.5,211764,-1.0,-29.0,0.923
2022-07-11T12:25:09.000,31.35,10.04,0.54,0.18,20.5,211765,-0.81,-29.0,0.923
2022-07-11T12:26:09.000,31.32,9.89,0.0,0.0,20.5,211766,-0.62,-30.0,0.924
2022-07-11T12:27:09.000,31.25,9.81,0.0,0.0,20.5,211767,-0.43,-30.0,0.924
2022-07-11T12:28:09.000,31.23,9.98,0.0,0.0,20.5,211768,-0.24,-30.0,0.924
2022-07-11T12:39:10.000,31.21,10.03,0.0,0.0,20.5,211779,1.85,-32.0,0.924
2022-07-11T12:40:10.000,31.24,10.1,0.0,0.0,20.5,211780,2.04,-32.0,0.924
2022-07-11T12:41:11.000,31.24,9.98,0.0,0.0,20.5,211781,2.24,-33.0,0.924
2022-07-11T12:43:12.000,31.19,9.93,0.0,0.0,20.5,211783,2.63,-33.0,0.924
2022-07-11T12:44:12.000,31.18,9.98,0.0,0.0,20.5,211784,2.82,-33.0,0.924
2022-07-11T12:45:12.000,31.19,10.0,0.0,0.0,20.5,211785,3.01,-33.0,0.924
2022-07-11T12:46:12.000,31.17,9.88,0.0,0.0,20.5,211786,3.2,-34.0,0.924
2022-07-11T12:52:19.000,31.26,10.16,0.25,0.09,20.5,211792,4.39,-35.0,0.925
2022-07-11T12:53:19.000,31.29,10.15,0.0,0.0,20.5,211793,4.58,-35.0,0.925
2022-07-11T12:54:19.000,31.29,10.07,0.0,0.0,20.5,211794,4.78,-35.0,0.925
2022-07-11T12:55:19.000,31.27,10.06,0.0,0.0,20.5,211795,4.97,-35.0,0.925
2022-07-11T12:56:19.000,31.29,10.22,0.0,0.0,20.5,211796,5.17,-36.0,0.925
2022-07-11T12:57:20.000,31.35,10.26,0.0,0.0,20.5,211797,5.36,-36.0,0.925
2022-07-11T12:58:20.000,31.38,10.21,0.0,0.0,20.5,211798,5.56,-36.0,0.925
2022-07-11T13:00:26.000,31.38,10.13,0.0,0.0,20.5,211800,5.97,-36.0,0.925
2022-07-11T13:01:26.000,31.37,10.23,0.0,0.0,20.5,211801,6.16,-37.0,0.925
2022-07-11T13:02:26.000,31.35,10.09,0.0,0.0,20.5,211802,6.36,-37.0,0.925
2022-07-11T13:24:29.000,32.43,11.25,0.0,0.0,20.5,211824,10.72,-41.0,0.926
2022-07-11T13:25:29.000,32.46,11.21,0.0,0.0,20.5,211825,10.92,-41.0,0.926
2022-07-11T13:26:29.000,32.46,11.15,0.0,0.0,20.5,211826,11.12,-42.0,0.926
2022-07-11T13:28:29.000,32.46,11.15,0.0,0.0,20.5,211828,11.52,-42.0,0.926
2022-07-11T13:29:29.000,32.49,11.27,0.0,0.0,20.5,211829,11.72,-42.0,0.926
2022-07-11T13:30:29.000,32.55,11.42,0.0,0.0,20.5,211830,11.92,-42.0,0.926
2022-07-11T13:48:34.000,32.89,12.42,0.0,0.0,20.5,211848,15.56,-46.0,0.927
2022-07-11T13:49:34.000,32.93,12.5,0.0,0.0,20.5,211849,15.76,-46.0,0.927
2022-07-11T13:50:34.000,32.96,12.59,0.0,0.0,20.5,211850,15.97,-46.0,0.927
2022-07-11T13:52:34.000,33.1,12.79,0.0,0.0,20.5,211852,16.37,-47.0,0.927
2022-07-11T13:53:34.000,33.16,12.89,0.0,0.0,20.5,211853,16.58,-47.0,0.927
2022-07-11T13:58:35.000,33.26,12.95,0.0,0.0,20.5,211858,17.6,-48.0,0.928
2022-07-11T14:00:41.000,33.18,13.01,0.0,0.0,20.5,211860,18.03,-48.0,0.928
2022-07-11T14:01:41.000,33.2,13.08,0.0,0.0,20.5,211861,18.23,-49.0,0.928
2022-07-11T14:02:41.000,33.24,13.09,0.0,0.0,20.5,211862,18.43,-49.0,0.928
2022-07-11T14:07:41.000,33.43,13.26,0.0,0.0,20.5,211867,19.46,-50.0,0.928
2022-07-11T14:08:41.000,33.46,13.42,0.0,0.0,20.5,211868,19.66,-50.0,0.928
2022-07-11T14:09:42.000,33.45,13.39,0.0,0.0,20.5,211869,19.87,-50.0,0.928
2022-07-11T14:11:42.000,33.56,13.95,0.0,0.0,20.5,211871,20.28,-51.0,0.928
2022-07-11T14:12:42.000,33.64,14.12,0.0,0.0,20.5,211872,20.49,-51.0,0.928
2022-07-11T14:13:42.000,33.78,14.3,0.0,0.0,20.5,211873,20.69,-51.0,0.928
2022-07-11T14:16:42.000,34.05,14.63,0.0,0.0,20.5,211876,21.31,-52.0,0.928
2022-07-11T14:17:42.000,34.13,14.79,0.0,0.0,20.5,211877,21.51,-52.0,0.928
2022-07-11T14:18:42.000,34.24,14.99,0.0,0.0,20.5,211878,21.72,-52.0,0.928
2022-07-11T14:21:43.000,34.7,15.77,0.0,0.0,20.5,211881,22.34,-53.0,0.929
2022-07-11T14:22:43.000,34.87,16.23,0.0,0.0,20.5,211882,22.55,-53.0,0.929
2022-07-11T14:23:43.000,35.08,16.7,0.0,0.0,20.5,211883,22.75,-53.0,0.929
2022-07-11T14:37:45.000,36.52,17.91,0.0,0.0,20.5,211897,25.66,-56.0,0.929
2022-07-11T14:38:45.000,36.51,18.1,0.0,0.0,20.5,211898,25.87,-56.0,0.929
2022-07-11T14:39:45.000,36.67,18.56,0.0,0.0,20.5,211899,26.07,-56.0,0.929
2022-07-11T14:41:50.000,36.99,18.62,0.0,0.0,20.5,211901,26.51,-57.0,0.929
2022-07-11T14:42:49.000,37.14,18.51,0.0,0.0,20.5,211902,26.71,-57.0,0.929
2022-07-11T14:43:50.000,37.25,18.48,0.0,0.0,20.5,211903,26.92,-57.0,0.93
2022-07-11T14:49:52.000,37.62,18.1,0.0,0.0,20.5,211909,28.18,-58.0,0.93
2022-07-11T14:50:52.000,37.65,18.31,0.0,0.0,20.5,211910,28.39,-58.0,0.93
2022-07-11T14:51:52.000,37.75,18.92,0.0,0.0,20.5,211911,28.6,-59.0,0.93
2022-07-11T14:53:52.000,37.97,19.23,0.0,0.0,20.5,211913,29.01,-59.0,0.93
2022-07-11T14:58:56.000,38.52,19.65,0.0,0.0,20.5,211918,30.07,-60.0,0.93
2022-07-11T15:01:56.000,38.63,19.58,0.0,0.0,20.5,211921,30.7,-61.0,0.93
2022-07-11T15:04:56.000,38.55,18.36,0.0,0.0,20.5,211924,31.33,-61.0,0.93
2022-07-11T15:06:56.000,38.56,18.23,0.0,0.0,20.5,211926,31.75,-62.0,0.931
2022-07-11T15:08:56.000,38.63,18.44,0.0,0.0,20.5,211928,32.17,-62.0,0.931
2022-07-11T15:09:56.000,38.71,18.74,0.0,0.0,20.5,211929,32.38,-62.0,0.931
2022-07-11T15:10:57.000,38.84,18.91,0.0,0.0,20.5,211930,32.59,-62.0,0.931
2022-07-11T15:14:57.000,39.14,18.37,0.0,0.0,20.5,211934,33.43,-63.0,0.931
2022-07-11T15:15:57.000,39.1,18.2,0.0,0.0,20.5,211935,33.64,-63.0,0.931
2022-07-11T15:16:57.000,39.06,17.99,0.0,0.0,20.5,211936,33.85,-64.0,0.931
2022-07-11T15:18:57.000,39.09,18.59,0.0,0.0,20.5,211938,34.27,-64.0,0.931
2022-07-11T15:21:57.000,39.14,18.94,0.0,0.0,20.5,211941,34.9,-65.0,0.931
2022-07-11T15:23:57.000,39.28,19.3,0.0,0.0,20.5,211943,35.32,-65.0,0.931
2022-07-11T15:24:57.000,39.34,19.41,0.0,0.0,20.5,211944,35.53,-65.0,0.931
2022-07-11T15:25:57.000,39.44,19.66,0.0,0.0,20.5,211945,35.74,-65.0,0.931
2022-07-11T15:27:57.000,39.65,19.63,0.0,0.0,20.5,211947,36.16,-66.0,0.931
2022-07-11T15:28:57.000,39.72,19.64,0.0,0.0,20.5,211948,36.37,-66.0,0.931
2022-07-11T15:29:58.000,39.77,19.68,0.0,0.0,20.5,211949,36.59,-66.0,0.932
2022-07-11T15:30:58.000,39.8,19.77,0.0,0.0,20.5,211950,36.8,-66.0,0.932
2022-07-11T15:31:58.000,39.93,20.18,0.0,0.0,20.5,211951,37.01,-67.0,0.932
2022-07-11T15:32:58.000,40.04,20.52,0.0,0.0,20.5,211952,37.22,-67.0,0.932
2022-07-11T15:34:58.000,40.58,21.1,0.0,0.0,20.5,211954,37.64,-67.0,0.932
2022-07-11T15:35:58.000,40.81,21.62,0.0,0.0,20.5,211955,37.85,-67.0,0.932
2022-07-11T15:36:58.000,40.98,21.27,0.0,0.0,20.5,211956,38.06,-68.0,0.932
2022-07-11T15:37:58.000,41.04,21.41,0.0,0.0,20.5,211957,38.28,-68.0,0.932
2022-07-11T15:39:58.000,41.07,21.19,0.0,0.0,20.5,211959,38.7,-68.0,0.932
2022-07-11T15:41:05.000,40.86,21.4,0.0,0.0,20.5,211960,38.93,-68.0,0.932
2022-07-11T15:43:05.000,42.21,25.28,0.0,0.0,20.5,211962,39.36,-69.0,0.932
2022-07-11T15:44:05.000,43.01,25.64,0.0,0.0,20.5,211963,39.57,-69.0,0.932
2022-07-11T15:45:06.000,43.63,25.18,0.0,0.0,20.5,211964,39.78,-69.0,0.932
2022-07-11T15:46:06.000,44.19,25.59,0.0,0.0,20.5,211965,39.99,-69.0,0.932
2022-07-11T15:47:06.000,44.64,24.53,0.0,0.0,20.5,211966,40.2,-70.0,0.932
2022-07-11T15:48:06.000,45.0,25.1,0.0,0.0,20.5,211967,40.41,-70.0,0.932
2022-07-11T15:50:06.000,46.18,25.33,0.0,0.0,20.5,211969,40.84,-70.0,0.932
2022-07-11T15:51:11.000,46.6,25.34,0.0,0.0,20.5,211970,41.07,-70.0,0.932
2022-07-11T15:52:10.000,47.07,25.19,0.0,0.0,20.5,211971,41.27,-71.0,0.932
2022-07-11T16:29:14.000,52.7,24.44,0.0,0.0,20.5,212008,49.11,-77.0,0.934
2022-07-11T16:30:14.000,52.58,23.49,0.0,0.0,20.5,212009,49.32,-78.0,0.934
2022-07-11T16:31:14.000,52.44,23.54,0.0,0.0,20.5,212010,49.53,-78.0,0.934
2022-07-11T16:33:14.000,52.06,23.77,0.0,0.0,20.5,212012,49.95,-78.0,0.934
2022-07-11T16:34:15.000,52.03,23.87,0.0,0.0,20.5,212013,50.17,-78.0,0.934
2022-07-11T16:35:15.000,52.03,24.09,0.0,0.0,20.5,212014,50.38,-78.0,0.934
2022-07-11T16:42:16.000,52.69,24.5,0.0,0.0,20.5,212021,51.86,-80.0,0.935
2022-07-11T16:43:16.000,52.82,24.91,0.0,0.0,20.5,212022,52.07,-80.0,0.935
2022-07-11T16:44:17.000,52.84,24.54,0.0,0.0,20.5,212023,52.28,-80.0,0.935
2022-07-11T16:46:23.000,52.6,24.1,0.0,0.0,20.5,212025,52.72,-80.0,0.935
2022-07-11T16:47:24.000,52.53,24.58,0.0,0.0,20.5,212026,52.94,-80.0,0.935
2022-07-11T16:48:24.000,52.76,25.39,0.0,0.0,20.5,212027,53.15,-81.0,0.935
2022-07-11T16:56:25.000,53.11,24.43,0.0,0.0,20.5,212035,54.83,-82.0,0.935
2022-07-11T16:57:26.000,53.1,25.27,0.0,0.0,20.5,212036,55.05,-82.0,0.935
2022-07-11T16:58:26.000,53.27,25.59,0.0,0.0,20.5,212037,55.26,-82.0,0.935
2022-07-11T17:00:33.000,53.23,24.91,0.0,0.0,20.5,212039,55.7,-82.0,0.935
2022-07-11T17:01:33.000,53.28,25.3,0.0,0.0,20.5,212040,55.91,-82.0,0.935
2022-07-11T17:02:34.000,53.38,25.55,0.0,0.0,20.5,212041,56.12,-82.0,0.935
2022-07-11T17:38:38.000,54.66,25.22,0.0,0.0,20.5,212077,63.58,-83.0,0.937
2022-07-11T17:39:38.000,54.68,25.11,0.0,0.0,20.5,212078,63.78,-82.0,0.937
2022-07-11T17:40:38.000,54.71,24.86,0.0,0.0,20.5,212079,63.99,-82.0,0.937
2022-07-11T17:42:44.000,54.81,25.41,0.0,0.0,20.5,212081,64.41,-82.0,0.937
2022-07-11T17:43:44.000,54.94,25.43,0.0,0.0,20.5,212082,64.62,-82.0,0.937
2022-07-11T17:44:44.000,54.96,25.13,0.0,0.0,20.5,212083,64.82,-82.0,0.937
2022-07-11T17:45:45.000,55.02,25.12,0.0,0.0,20.5,212084,65.02,-82.0,0.937
2022-07-11T17:47:52.000,55.19,25.35,0.0,0.0,20.5,212086,65.45,-81.0,0.937
2022-07-11T17:48:52.000,55.24,25.11,0.0,0.0,20.5,212087,65.65,-81.0,0.937
2022-07-11T17:49:52.000,55.19,24.88,0.0,0.0,20.5,212088,65.85,-81.0,0.937
2022-07-11T17:50:52.000,55.17,25.29,0.0,0.0,20.5,212089,66.05,-81.0,0.937
2022-07-11T17:52:52.000,55.08,24.68,0.0,0.0,20.5,212091,66.45,-81.0,0.937
2022-07-11T17:53:52.000,55.34,25.83,0.0,0.0,20.5,212092,66.65,-81.0,0.937
2022-07-11T17:54:53.000,55.61,25.88,0.0,0.0,20.5,212093,66.85,-80.0,0.938
2022-07-11T18:00:54.000,55.61,25.43,0.0,0.0,20.5,212099,68.03,-80.0,0.938
2022-07-11T18:01:54.000,55.71,25.33,0.0,0.0,20.5,212100,68.23,-79.0,0.938
2022-07-11T18:02:54.000,55.56,24.66,0.0,0.0,20.5,212101,68.43,-79.0,0.938
2022-07-11T18:04:55.000,55.53,25.63,0.0,0.0,20.5,212103,68.82,-79.0,0.938
2022-07-11T18:06:55.000,55.92,25.93,0.0,0.0,20.5,212105,69.2,-79.0,0.938
2022-07-11T18:07:55.000,55.84,25.03,0.0,0.0,20.5,212106,69.4,-78.0,0.938
2022-07-11T18:08:55.000,55.67,25.22,0.0,0.0,20.5,212107,69.59,-78.0,0.938
2022-07-11T18:19:56.000,56.04,25.11,0.0,0.0,20.5,212118,71.66,-76.0,0.939
2022-07-11T18:20:56.000,55.85,24.73,0.0,0.0,20.5,212119,71.84,-76.0,0.939
2022-07-11T18:21:57.000,55.66,24.66,0.0,0.0,20.5,212120,72.03,-76.0,0.939
2022-07-11T18:23:57.000,55.51,25.38,0.0,0.0,20.5,212122,72.39,-76.0,0.939
2022-07-11T18:24:57.000,55.5,24.52,0.0,0.0,20.5,212123,72.57,-75.0,0.939
2022-07-11T18:25:57.000,54.98,22.74,0.0,0.0,20.5,212124,72.75,-75.0,0.939
2022-07-11T18:27:57.000,53.71,22.17,0.0,0.0,20.5,212126,73.11,-75.0,0.939
2022-07-11T18:28:57.000,53.35,22.53,0.0,0.0,20.5,212127,73.28,-75.0,0.939
2022-07-11T18:29:57.000,53.03,22.64,0.0,0.0,20.5,212128,73.46,-74.0,0.939
2022-07-11T18:44:59.000,52.41,26.17,0.0,0.0,20.5,212143,75.93,-72.0,0.94
2022-07-11T18:46:01.000,52.76,25.79,0.0,0.0,20.5,212144,76.09,-71.0,0.94
2022-07-11T18:47:06.000,52.77,24.48,0.0,0.0,20.5,212145,76.25,-71.0,0.94
2022-07-11T18:49:06.000,52.02,22.35,0.0,0.0,20.5,212147,76.54,-71.0,0.94
2022-07-11T18:50:06.000,51.91,23.22,0.0,0.0,20.5,212148,76.69,-71.0,0.94
2022-07-11T18:51:11.000,52.14,25.26,0.0,0.0,20.5,212149,76.84,-70.0,0.94
2022-07-11T18:56:11.000,54.63,27.75,0.0,0.0,20.5,212154,77.51,-69.0,0.94
2022-07-11T18:57:11.000,54.66,26.61,0.0,0.0,20.5,212155,77.64,-69.0,0.94
2022-07-11T18:58:11.000,54.4,26.02,0.0,0.0,20.5,212156,77.76,-69.0,0.94
2022-07-11T18:59:11.000,54.3,25.44,0.0,0.0,20.5,212157,77.88,-69.0,0.94
2022-07-11T19:01:17.000,53.75,26.07,0.0,0.0,20.5,212159,78.13,-68.0,0.94
2022-07-11T19:02:18.000,54.0,26.61,0.0,0.0,20.5,212160,78.24,-68.0,0.94
2022-07-11T19:03:18.000,54.21,27.09,0.0,0.0,20.5,212161,78.35,-68.0,0.94
2022-07-11T19:04:18.000,54.54,27.28,0.0,0.0,20.5,212162,78.46,-68.0,0.94
