Downloads/jupyter/ECSV/stars19/stars19_2022-07.ecsv
# %ECSV 1.0
# ---
# datatype:
# - {name: time, datatype: string}
# - {name: Enclosure Temperature, unit: deg_C, datatype: float64}
# - {name: Sky Temperature, unit: deg_C, datatype: float64}
# - {name: Frequency, unit: Hz, datatype: float64}
# - {name: MSAS, unit: mag / arcsec2, datatype: float64}
# - {name: ZP, datatype: float64}
# - {name: Sequence Number, datatype: int64}
# - {name: Sun Alt, unit: deg, datatype: float64}
# - {name: Moon Alt, unit: deg, datatype: float64}
# - {name: Moon Illumination, datatype: float64}
# delimiter: ','
# meta: !!omap
# - ida:
#     Data supplier: {affiliation: null, observer: null}
#     Device type: TESS-W
#     Field of view: 17.0
#     Filters per channel: None
#     Instrument ID: stars19
#     License: ODbL 1.0 http://opendatacommons.org/licenses/odbl/summary/
#     Local timezone: America/Phoenix
#     Location name: {country: '- Tucson', place: Tucson, region: United States, sub_region: Arizona, town: Pima County}
#     Measurement direction per channel: {azimuth: 0.0, zenital: 0.0}
#     Moving / Fixed look direction: FIXED
#     Moving / Stationary position: STATIONARY
#     Number of channels: 1
#     Number of fields per line: 8
#     Number of header lines: 35
#     Position: {height: 0.0, latitude: 32.223877, longitude: -110.767532}
#     TESS MAC address: 18:FE:34:CF:EC:06
#     TESS cover offset value: 0.0
#     TESS firmware version: '1.0'
#     TESS zero point: 20.5
#     Time Synchronization: timestamp added by MQTT subscriber
#     URL: http://www.darksky.org/NSBM/sdf1.0.pdf
# - __serialized_columns__:
#     Enclosure Temperature:
#       __class__: astropy.units.quantity.Quantity
#       unit: &id001 !astropy.units.Unit {unit: deg_C}
#       value: !astropy.table.SerializedColumn {name: Enclosure Temperature}
#     Frequency:
#       __class__: astropy.units.quantity.Quantity
#       unit: !astropy.units.Unit {unit: Hz}
#       value: !astropy.table.SerializedColumn {name: Frequency}
#     MSAS:
#       __class__: astropy.units.quantity.Quantity
#       unit: !astropy.units.Unit {unit: mag / arcsec2}
#       value: !astropy.table.SerializedColumn {name: MSAS}
#     Moon Alt:
#       __class__: astropy.units.quantity.Quantity
#       unit: &id002 !astropy.units.Unit {unit: deg}
#       value: !astropy.table.SerializedColumn {name: Moon Alt}
#     Sky Temperature:
#       __class__: astropy.units.quantity.Quantity
#       unit: *id001
#       value: !astropy.table.SerializedColumn {name: Sky Temperature}
#     Sun Alt:
#       __class__: astropy.units.quantity.Quantity
#       unit: *id002
#       value: !astropy.table.SerializedColumn {name: Sun Alt}
#     time:
#       __class__: astropy.time.core.Time
#       format: isot
#       in_subfmt: '*'
#       out_subfmt: '*'
#       precision: 3
#       scale: utc
#       value: !astropy.table.SerializedColumn {name: time}
# schema: astropy-2.0
time,Enclosure Temperature,Sky Temperature,Frequency,MSAS,ZP,Sequence Number,Sun Alt,Moon Alt,Moon Illumination
[from data line 8079]
2022-07-11T03:49:40.000,39.94,15.91,5.08,18.62,20.5,211252,-14.59,31.0,0.899
2022-07-11T03:50:40.000,39.9,15.85,5.06,18.62,20.5,211253,-14.75,31.0,0.899
2022-07-11T03:51:41.000,39.86,15.88,5.05,18.62,20.5,211254,-14.92,31.0,0.899
2022-07-11T03:52:40.000,39.85,15.87,5.05,18.62,20.5,211255,-15.08,31.0,0.899
2022-07-11T03:53:40.000,39.84,15.84,5.05,18.62,20.5,211256,-15.25,31.0,0.899
2022-07-11T03:54:41.000,39.81,15.82,5.05,18.62,20.5,211257,-15.41,32.0,0.899
2022-07-11T03:55:41.000,39.78,15.78,5.05,18.62,20.5,211258,-15.58,32.0,0.899
2022-07-11T03:56:41.000,39.78,15.78,5.04,18.62,20.5,211259,-15.74,32.0,0.899
2022-07-11T03:57:41.000,39.75,15.8,5.04,18.62,20.5,211260,-15.9,32.0,0.899
2022-07-11T03:58:42.000,39.77,15.85,5.02,18.63,20.5,211261,-16.07,32.0,0.899
2022-07-11T03:59:42.000,39.78,15.78,5.02,18.63,20.5,211262,-16.23,32.0,0.9
2022-07-11T04:00:42.000,39.77,15.72,5.02,18.63,20.5,211263,-16.39,32.0,0.9
2022-07-11T04:01:42.000,39.78,15.68,5.06,18.62,20.5,211264,-16.55,32.0,0.9
2022-07-11T04:03:43.000,39.76,15.67,5.06,18.62,20.5,211266,-16.87,32.0,0.9
2022-07-11T04:04:42.000,39.77,15.67,5.01,18.63,20.5,211267,-17.03,32.0,0.9
2022-07-11T04:05:42.000,39.77,15.6,5.05,18.62,20.5,211268,-17.19,32.0,0.9
2022-07-11T04:06:42.000,39.76,15.56,5.02,18.63,20.5,211269,-17.35,32.0,0.9
2022-07-11T04:07:42.000,39.76,15.53,5.02,18.63,20.5,211270,-17.51,32.0,0.9
2022-07-11T04:08:43.000,39.73,15.44,5.02,18.63,20.5,211271,-17.67,32.0,0.9
2022-07-11T04:09:43.000,39.69,15.46,5.02,18.63,20.5,211272,-17.82,32.0,0.9
2022-07-11T04:10:43.000,39.67,15.39,5.03,18.63,20.5,211273,-17.98,32.0,0.9
2022-07-11T04:11:43.000,39.66,15.43,5.03,18.63,20.5,211274,-18.14,32.0,0.9
2022-07-11T04:12:43.000,39.64,15.35,5.03,18.63,20.5,211275,-18.29,32.0,0.9
2022-07-11T04:13:43.000,39.62,15.25,5.03,18.63,20.5,211276,-18.45,32.0,0.9
2022-07-11T04:14:44.000,39.53,15.17,5.04,18.62,20.5,211277,-18.61,32.0,0.9
2022-07-11T04:15:47.000,39.45,15.13,5.04,18.62,20.5,211278,-18.77,32.0,0.9
2022-07-11T04:16:47.000,39.42,15.18,5.04,18.62,20.5,211279,-18.92,32.0,0.9
2022-07-11T04:17:48.000,39.36,15.15,5.04,18.62,20.5,211280,-19.08,32.0,0.9
2022-07-11T04:18:48.000,39.31,15.12,5.04,18.62,20.5,211281,-19.23,32.0,0.9
2022-07-11T04:19:48.000,39.24,14.99,5.04,18.62,20.5,211282,-19.38,32.0,0.901
2022-07-11T04:20:48.000,39.21,15.17,5.04,18.62,20.5,211283,-19.54,32.0,0.901
2022-07-11T04:21:48.000,39.21,15.17,5.03,18.63,20.5,211284,-19.69,33.0,0.901
2022-07-11T04:22:48.000,39.17,15.15,5.03,18.63,20.5,211285,-19.84,33.0,0.901
2022-07-11T04:23:48.000,39.16,15.23,5.03,18.63,20.5,211286,-19.99,33.0,0.901
2022-07-11T04:24:48.000,39.15,15.12,5.08,18.62,20.5,211287,-20.14,33.0,0.901
2022-07-11T04:25:48.000,39.11,15.0,5.07,18.62,20.5,211288,-20.29,33.0,0.901
2022-07-11T04:26:49.000,39.0,14.78,5.05,18.62,20.5,211289,-20.44,33.0,0.901
2022-07-11T04:27:49.000,38.88,14.57,5.06,18.62,20.5,211290,-20.59,33.0,0.901
2022-07-11T04:28:49.000,38.73,14.61,5.06,18.62,20.5,211291,-20.74,33.0,0.901
2022-07-11T04:29:49.000,38.72,14.79,5.09,18.61,20.5,211292,-20.89,33.0,0.901
2022-07-11T04:31:49.000,38.73,14.95,5.15,18.6,20.5,211294,-21.18,33.0,0.901
2022-07-11T04:32:50.000,38.7,14.79,5.18,18.6,20.5,211295,-21.33,33.0,0.901
2022-07-11T04:33:50.000,38.63,14.71,5.21,18.59,20.5,211296,-21.48,33.0,0.901
2022-07-11T04:34:50.000,38.55,14.65,5.25,18.58,20.5,211297,-21.62,33.0,0.901
2022-07-11T04:35:50.000,38.48,14.69,5.27,18.57,20.5,211298,-21.77,33.0,0.901
2022-07-11T04:37:50.000,38.36,14.78,5.25,18.58,20.5,211300,-22.05,33.0,0.901
2022-07-11T04:38:50.000,38.36,14.75,5.23,18.58,20.5,211301,-22.2,33.0,0.901
2022-07-11T04:39:50.000,38.32,14.71,5.2,18.59,20.5,211302,-22.34,33.0,0.902
2022-07-11T04:40:50.000,38.31,14.83,5.17,18.6,20.5,211303,-22.48,33.0,0.902
2022-07-11T04:41:53.000,38.34,14.79,5.12,18.61,20.5,211304,-22.63,33.0,0.902
2022-07-11T04:42:54.000,38.35,14.79,5.07,18.62,20.5,211305,-22.77,33.0,0.902
2022-07-11T04:43:54.000,38.36,14.74,5.05,18.62,20.5,211306,-22.91,33.0,0.902
2022-07-11T04:44:54.000,38.36,14.64,5.02,18.63,20.5,211307,-23.05,33.0,0.902
2022-07-11T04:45:54.000,38.29,14.41,5.0,18.63,20.5,211308,-23.19,33.0,0.902
2022-07-11T04:47:00.000,38.24,14.53,4.96,18.64,20.5,211309,-23.35,33.0,0.902
2022-07-11T04:48:00.000,38.24,14.58,4.92,18.65,20.5,211310,-23.48,33.0,0.902
2022-07-11T04:49:01.000,38.22,14.47,4.92,18.65,20.5,211311,-23.62,33.0,0.902
2022-07-11T04:50:01.000,38.21,14.53,4.89,18.66,20.5,211312,-23.76,33.0,0.902
2022-07-11T04:51:06.000,38.2,14.54,4.87,18.66,20.5,211313,-23.91,33.0,0.902
2022-07-11T04:52:06.000,38.17,14.36,4.87,18.66,20.5,211314,-24.04,33.0,0.902
2022-07-11T04:53:06.000,38.1,14.35,4.84,18.67,20.5,211315,-24.18,33.0,0.902
2022-07-11T04:54:06.000,38.04,14.32,4.77,18.68,20.5,211316,-24.31,33.0,0.902
2022-07-11T04:55:06.000,37.99,14.32,4.81,18.68,20.5,211317,-24.45,33.0,0.902
2022-07-11T04:56:06.000,37.93,14.33,4.81,18.67,20.5,211318,-24.58,33.0,0.902
2022-07-11T04:57:06.000,37.89,14.27,4.87,18.66,20.5,211319,-24.71,33.0,0.902
2022-07-11T05:02:12.000,37.65,14.62,6.38,18.37,20.5,211324,-25.38,33.0,0.903
2022-07-11T05:03:12.000,37.6,14.65,6.71,18.31,20.5,211325,-25.51,33.0,0.903
2022-07-11T05:04:12.000,37.58,14.76,6.76,18.3,20.5,211326,-25.64,33.0,0.903
2022-07-11T05:05:13.000,37.52,14.67,6.67,18.32,20.5,211327,-25.77,33.0,0.903
2022-07-11T05:06:13.000,37.49,14.78,6.56,18.34,20.5,211328,-25.9,33.0,0.903
2022-07-11T05:07:13.000,37.47,14.77,6.57,18.34,20.5,211329,-26.02,33.0,0.903
2022-07-11T05:08:13.000,37.46,14.98,6.67,18.32,20.5,211330,-26.15,33.0,0.903
2022-07-11T05:09:13.000,37.49,15.08,6.73,18.31,20.5,211331,-26.27,33.0,0.903
2022-07-11T05:10:13.000,37.5,15.0,6.68,18.32,20.5,211332,-26.4,33.0,0.903
2022-07-11T05:11:13.000,37.51,15.12,6.58,18.34,20.5,211333,-26.52,33.0,0.903
2022-07-11T05:14:13.000,37.5,14.86,6.63,18.33,20.5,211336,-26.89,32.0,0.903
2022-07-11T05:16:13.000,37.48,15.04,7.32,18.22,20.5,211338,-27.13,32.0,0.903
2022-07-11T05:17:14.000,37.47,15.14,7.75,18.16,20.5,211339,-27.25,32.0,0.903
2022-07-11T05:18:14.000,37.43,15.16,8.16,18.1,20.5,211340,-27.37,32.0,0.903
2022-07-11T05:21:14.000,37.34,15.77,9.17,17.97,20.5,211343,-27.73,32.0,0.904
2022-07-11T05:24:14.000,37.22,16.03,9.99,17.88,20.5,211346,-28.07,32.0,0.904
2022-07-11T05:25:14.000,37.13,16.09,10.12,17.89,20.5,211347,-28.19,32.0,0.904
2022-07-11T05:26:14.000,37.03,16.05,10.3,17.85,20.5,211348,-28.3,32.0,0.904
2022-07-11T05:27:14.000,36.89,16.01,10.39,17.84,20.5,211349,-28.42,32.0,0.904
2022-07-11T05:28:14.000,36.77,16.23,10.7,17.81,20.5,211350,-28.53,32.0,0.904
2022-07-11T05:29:14.000,36.68,16.66,11.42,17.74,20.5,211351,-28.64,32.0,0.904
2022-07-11T05:31:20.000,36.6,17.98,14.88,17.45,20.5,211353,-28.87,32.0,0.904
2022-07-11T05:32:20.000,36.53,18.49,16.87,17.31,20.5,211354,-28.98,32.0,0.904
2022-07-11T05:33:20.000,36.43,18.94,18.46,17.21,20.5,211355,-29.09,32.0,0.904
2022-07-11T05:34:20.000,36.34,19.27,19.28,17.17,20.5,211356,-29.2,32.0,0.904
2022-07-11T05:35:20.000,36.3,19.71,19.87,17.13,20.5,211357,-29.3,32.0,0.904
2022-07-11T05:36:20.000,36.28,19.82,20.05,17.12,20.5,211358,-29.41,32.0,0.904
2022-07-11T05:37:20.000,36.3,20.08,20.45,17.1,20.5,211359,-29.52,32.0,0.904
2022-07-11T05:38:21.000,36.31,20.05,20.74,17.09,20.5,211360,-29.62,32.0,0.904
2022-07-11T05:39:21.000,36.29,20.17,21.06,17.07,20.5,211361,-29.73,32.0,0.904
2022-07-11T05:40:21.000,36.33,20.32,21.18,17.07,20.5,211362,-29.83,31.0,0.905
2022-07-11T05:41:21.000,36.35,20.19,21.09,17.07,20.5,211363,-29.93,31.0,0.905
2022-07-11T05:42:23.000,36.33,20.32,20.77,17.09,20.5,211364,-30.04,31.0,0.905
2022-07-11T05:43:23.000,36.3,20.34,20.59,17.1,20.5,211365,-30.14,31.0,0.905
2022-07-11T05:44:23.000,36.3,20.35,19.79,17.14,20.5,211366,-30.24,31.0,0.905
2022-07-11T05:45:23.000,36.31,20.33,19.05,17.18,20.5,211367,-30.34,31.0,0.905
2022-07-11T05:46:23.000,36.3,20.13,18.83,17.19,20.5,211368,-30.44,31.0,0.905
2022-07-11T05:47:24.000,36.33,20.03,17.96,17.24,20.5,211369,-30.53,31.0,0.905
2022-07-11T05:48:24.000,36.33,19.94,16.6,17.33,20.5,211370,-30.63,31.0,0.905
2022-07-11T05:49:24.000,36.38,19.85,15.35,17.41,20.5,211371,-30.73,31.0,0.905
2022-07-11T05:50:24.000,36.4,19.66,14.53,17.47,20.5,211372,-30.82,31.0,0.905
2022-07-11T05:51:24.000,36.43,19.62,13.85,17.53,20.5,211373,-30.92,31.0,0.905
2022-07-11T05:52:25.000,36.43,19.57,13.57,17.55,20.5,211374,-31.01,31.0,0.905
2022-07-11T05:53:25.000,36.46,19.68,14.24,17.5,20.5,211375,-31.11,31.0,0.905
2022-07-11T05:54:25.000,36.46,19.45,15.89,17.38,20.5,211376,-31.2,31.0,0.905
2022-07-11T05:55:25.000,36.43,19.55,17.47,17.27,20.5,211377,-31.29,31.0,0.905
2022-07-11T05:56:25.000,36.43,19.51,17.96,17.24,20.5,211378,-31.38,31.0,0.905
2022-07-11T05:57:25.000,36.38,19.22,17.96,17.24,20.5,211379,-31.47,31.0,0.905
2022-07-11T05:58:26.000,36.35,18.99,17.5,17.27,20.5,211380,-31.56,30.0,0.905
2022-07-11T05:59:29.000,36.36,18.83,17.06,17.3,20.5,211381,-31.65,30.0,0.905
2022-07-11T06:00:30.000,36.34,18.53,16.6,17.33,20.5,211382,-31.74,30.0,0.905
2022-07-11T06:01:30.000,36.28,18.23,15.81,17.38,20.5,211383,-31.82,30.0,0.906
2022-07-11T06:02:30.000,36.24,18.09,14.62,17.47,20.5,211384,-31.91,30.0,0.906
2022-07-11T06:03:30.000,36.23,18.08,13.31,17.57,20.5,211385,-31.99,30.0,0.906
2022-07-11T06:04:30.000,36.2,17.98,11.94,17.69,20.5,211386,-32.08,30.0,0.906
2022-07-11T06:05:30.000,36.22,18.11,11.09,17.77,20.5,211387,-32.16,30.0,0.906
2022-07-11T06:06:30.000,36.25,17.86,10.4,17.84,20.5,211388,-32.24,30.0,0.906
2022-07-11T06:07:30.000,36.21,17.68,9.87,17.89,20.5,211389,-32.32,30.0,0.906
2022-07-11T06:08:31.000,36.21,17.39,9.65,17.92,20.5,211390,-32.4,30.0,0.906
2022-07-11T06:09:31.000,36.16,17.19,9.5,17.94,20.5,211391,-32.48,30.0,0.906
2022-07-11T06:10:31.000,36.17,17.21,9.31,17.96,20.5,211392,-32.56,30.0,0.906
2022-07-11T06:11:31.000,36.19,17.13,9.28,17.96,20.5,211393,-32.64,30.0,0.906
2022-07-11T06:12:31.000,36.13,17.24,9.26,17.96,20.5,211394,-32.72,29.0,0.906
2022-07-11T06:13:31.000,36.12,17.51,9.53,17.93,20.5,211395,-32.79,29.0,0.906
2022-07-11T06:14:31.000,36.08,17.79,10.06,17.87,20.5,211396,-32.87,29.0,0.906
2022-07-11T06:15:32.000,36.03,18.04,10.63,17.81,20.5,211397,-32.94,29.0,0.906
2022-07-11T06:16:32.000,36.01,18.28,11.22,17.76,20.5,211398,-33.01,29.0,0.906
2022-07-11T06:17:32.000,36.03,18.45,11.73,17.71,20.5,211399,-33.09,29.0,0.906
2022-07-11T06:18:32.000,36.03,18.36,12.08,17.68,20.5,211400,-33.16,29.0,0.906
2022-07-11T06:19:32.000,36.01,18.3,12.56,17.63,20.5,211401,-33.23,29.0,0.906
2022-07-11T06:20:32.000,36.03,18.33,13.32,17.57,20.5,211402,-33.3,29.0,0.906
2022-07-11T06:21:32.000,35.87,18.27,14.38,17.49,20.5,211403,-33.36,29.0,0.907
2022-07-11T06:22:32.000,36.0,18.2,15.25,17.42,20.5,211404,-33.43,29.0,0.907
2022-07-11T06:23:32.000,35.98,18.19,15.27,17.42,20.5,211405,-33.5,29.0,0.907
2022-07-11T06:24:33.000,35.98,18.07,14.64,17.47,20.5,211406,-33.56,29.0,0.907
2022-07-11T06:25:33.000,35.97,17.84,13.71,17.54,20.5,211407,-33.63,28.0,0.907
2022-07-11T06:26:33.000,35.95,17.64,12.83,17.61,20.5,211408,-33.69,28.0,0.907
2022-07-11T06:27:33.000,35.94,17.27,11.56,17.72,20.5,211409,-33.75,28.0,0.907
2022-07-11T06:28:33.000,35.94,16.99,10.29,17.85,20.5,211410,-33.82,28.0,0.907
2022-07-11T06:29:33.000,35.95,16.52,8.8,18.02,20.5,211411,-33.88,28.0,0.907
2022-07-11T06:30:34.000,35.92,16.05,7.21,18.24,20.5,211412,-33.94,28.0,0.907
2022-07-11T06:32:34.000,35.92,15.53,5.23,18.59,20.5,211414,-34.05,28.0,0.907
2022-07-11T06:33:34.000,35.88,15.2,4.74,18.69,20.5,211415,-34.11,28.0,0.907
2022-07-11T06:34:35.000,35.84,15.22,4.49,18.75,20.5,211416,-34.17,28.0,0.907
2022-07-11T06:35:35.000,35.83,14.97,4.38,18.78,20.5,211417,-34.22,28.0,0.907
2022-07-11T06:36:35.000,35.79,14.78,4.38,18.78,20.5,211418,-34.28,27.0,0.907
2022-07-11T06:37:35.000,35.74,14.8,4.33,18.79,20.5,211419,-34.33,27.0,0.907
2022-07-11T06:38:35.000,35.75,14.76,4.18,18.83,20.5,211420,-34.38,27.0,0.907
2022-07-11T06:40:35.000,35.64,14.52,3.92,18.9,20.5,211422,-34.48,27.0,0.907
2022-07-11T06:43:36.000,35.65,14.51,4.12,18.84,20.5,211425,-34.63,27.0,0.908
2022-07-11T06:44:36.000,35.64,14.4,4.56,18.73,20.5,211426,-34.67,27.0,0.908
2022-07-11T06:45:36.000,35.64,14.48,5.06,18.62,20.5,211427,-34.72,27.0,0.908
2022-07-11T06:47:42.000,35.51,14.48,5.75,18.48,20.5,211429,-34.81,26.0,0.908
2022-07-11T06:48:42.000,35.45,14.59,5.94,18.45,20.5,211430,-34.85,26.0,0.908
2022-07-11T06:49:42.000,35.44,14.79,5.95,18.44,20.5,211431,-34.89,26.0,0.908
2022-07-11T06:50:43.000,35.47,15.03,5.79,18.47,20.5,211432,-34.93,26.0,0.908
2022-07-11T06:52:44.000,35.43,15.06,5.4,18.55,20.5,211434,-35.01,26.0,0.908
2022-07-11T06:54:44.000,35.45,15.03,5.04,18.62,20.5,211436,-35.08,26.0,0.908
2022-07-11T06:55:44.000,35.47,14.93,4.95,18.64,20.5,211437,-35.12,26.0,0.908
2022-07-11T06:56:44.000,35.46,14.72,4.9,18.65,20.5,211438,-35.15,25.0,0.908
2022-07-11T06:57:44.000,35.48,14.64,4.81,18.68,20.5,211439,-35.19,25.0,0.908
2022-07-11T06:58:46.000,35.44,14.28,4.62,18.72,20.5,211440,-35.22,25.0,0.908
2022-07-11T06:59:46.000,35.39,14.4,4.36,18.78,20.5,211441,-35.25,25.0,0.908
2022-07-11T07:00:46.000,35.35,14.19,4.05,18.86,20.5,211442,-35.28,25.0,0.908
2022-07-11T07:01:46.000,35.32,14.32,3.72,18.95,20.5,211443,-35.31,25.0,0.908
2022-07-11T07:02:46.000,35.35,14.27,3.49,19.02,20.5,211444,-35.33,25.0,0.909
2022-07-11T07:03:46.000,35.32,14.15,3.44,19.04,20.5,211445,-35.36,25.0,0.909
2022-07-11T07:04:46.000,35.27,14.06,3.46,19.03,20.5,211446,-35.39,25.0,0.909
2022-07-11T07:05:46.000,35.26,14.13,3.44,19.04,20.5,211447,-35.41,24.0,0.909
2022-07-11T07:06:46.000,35.31,14.27,3.27,19.1,20.5,211448,-35.43,24.0,0.909
2022-07-11T07:07:47.000,35.32,14.11,3.11,19.15,20.5,211449,-35.46,24.0,0.909
2022-07-11T07:08:47.000,35.34,14.15,3.02,19.18,20.5,211450,-35.48,24.0,0.909
2022-07-11T07:09:46.000,35.33,14.0,2.97,19.2,20.5,211451,-35.5,24.0,0.909
2022-07-11T07:10:47.000,35.38,14.08,2.94,19.21,20.5,211452,-35.52,24.0,0.909
2022-07-11T07:11:47.000,35.42,14.01,2.93,19.21,20.5,211453,-35.54,24.0,0.909
2022-07-11T07:12:47.000,35.43,13.86,2.92,19.22,20.5,211454,-35.55,24.0,0.909
2022-07-11T07:13:47.000,35.43,13.82,2.9,19.22,20.5,211455,-35.57,23.0,0.909
2022-07-11T07:14:47.000,35.43,13.76,2.86,19.24,20.5,211456,-35.59,23.0,0.909
2022-07-11T07:15:47.000,35.43,13.79,2.85,19.24,20.5,211457,-35.6,23.0,0.909
2022-07-11T07:16:47.000,35.42,13.73,2.83,19.25,20.5,211458,-35.61,23.0,0.909
2022-07-11T07:17:47.000,35.39,13.69,2.75,19.28,20.5,211459,-35.62,23.0,0.909
2022-07-11T07:18:47.000,35.37,13.7,2.73,19.29,20.5,211460,-35.64,23.0,0.909
2022-07-11T07:19:47.000,35.34,13.62,2.73,19.29,20.5,211461,-35.65,23.0,0.909
2022-07-11T07:20:47.000,35.33,13.69,2.71,19.3,20.5,211462,-35.65,23.0,0.909
2022-07-11T07:21:47.000,35.32,13.62,2.72,19.29,20.5,211463,-35.66,23.0,0.909
2022-07-11T07:22:47.000,35.28,13.64,2.71,19.3,20.5,211464,-35.67,22.0,0.909
2022-07-11T07:23:47.000,35.33,13.77,2.7,19.3,20.5,211465,-35.67,22.0,0.91
2022-07-11T07:24:47.000,35.36,13.71,2.7,19.3,20.5,211466,-35.68,22.0,0.91
2022-07-11T07:25:54.000,35.3,13.62,2.67,19.31,20.5,211467,-35.68,22.0,0.91
2022-07-11T07:26:54.000,35.35,13.75,2.65,19.32,20.5,211468,-35.69,22.0,0.91
2022-07-11T07:27:54.000,35.33,13.7,2.65,19.32,20.5,211469,-35.69,22.0,0.91
2022-07-11T07:28:54.000,35.35,13.76,2.64,19.33,20.5,211470,-35.69,22.0,0.91
2022-07-11T07:29:55.000,35.37,13.8,2.62,19.33,20.5,211471,-35.69,22.0,0.91
2022-07-11T07:30:55.000,35.44,13.9,2.64,19.32,20.5,211472,-35.68,21.0,0.91
2022-07-11T07:31:55.000,35.52,13.9,2.69,19.31,20.5,211473,-35.68,21.0,0.91
2022-07-11T07:32:55.000,35.55,13.78,2.69,19.31,20.5,211474,-35.68,21.0,0.91
2022-07-11T07:33:55.000,35.59,13.88,2.66,19.32,20.5,211475,-35.67,21.0,0.91
2022-07-11T07:34:55.000,35.64,13.88,2.56,19.36,20.5,211476,-35.67,21.0,0.91
2022-07-11T07:35:55.000,35.65,13.63,2.54,19.37,20.5,211477,-35.66,21.0,0.91
2022-07-11T07:36:55.000,35.65,13.68,2.57,19.35,20.5,211478,-35.65,21.0,0.91
2022-07-11T07:37:56.000,35.71,13.73,2.6,19.34,20.5,211479,-35.64,20.0,0.91
2022-07-11T07:38:56.000,35.72,13.61,2.6,19.34,20.5,211480,-35.63,20.0,0.91
2022-07-11T07:39:56.000,35.66,13.51,2.59,19.35,20.5,211481,-35.62,20.0,0.91
