Downloads/jupyter/ECSV/stars19/stars19_2022-03.ecsv
# %ECSV 1.0
# ---
# datatype:
# - {name: time, datatype: string}
# - {name: Enclosure Temperature, unit: deg_C, datatype: float64}
# - {name: Sky Temperature, unit: deg_C, datatype: float64}
# - {name: Frequency, unit: Hz, datatype: float64}
# - {name: MSAS, unit: mag / arcsec2, datatype: float64}
# - {name: ZP, datatype: float64}
# - {name: Sequence Number, datatype: int64}
# - {name: Sun Alt, unit: deg, datatype: float64}
# - {name: Moon Alt, unit: deg, datatype: float64}
# - {name: Moon Illumination, datatype: float64}
# delimiter: ','
# meta: !!omap
# - ida:
#     Data supplier: {affiliation: null, observer: null}
#     Device type: TESS-W
#     Field of view: 17.0
#     Filters per channel: None
#     Instrument ID: stars19
#     License: ODbL 1.0 http://opendatacommons.org/licenses/odbl/summary/
#     Local timezone: America/Phoenix
#     Location name: {country: '- Tucson', place: Tucson, region: United States, sub_region: Arizona, town: Pima County}
#     Measurement direction per channel: {azimuth: 0.0, zenital: 0.0}
#     Moving / Fixed look direction: FIXED
#     Moving / Stationary position: STATIONARY
#     Number of channels: 1
#     Number of fields per line: 8
#     Number of header lines: 35
#     Position: {height: 0.0, latitude: 32.223877, longitude: -110.767532}
#     TESS MAC address: 18:FE:34:CF:EC:06
#     TESS cover offset value: 0.0
#     TESS firmware version: '1.0'
#     TESS zero point: 20.5
#     Time Synchronization: timestamp added by MQTT subscriber
#     URL: http://www.darksky.org/NSBM/sdf1.0.pdf
# - __serialized_columns__:
#     Enclosure Temperature:
#       __class__: astropy.units.quantity.Quantity
#       unit: &id001 !astropy.units.Unit {unit: deg_C}
#       value: !astropy.table.SerializedColumn {name: Enclosure Temperature}
#     Frequency:
#       __class__: astropy.units.quantity.Quantity
#       unit: !astropy.units.Unit {unit: Hz}
#       value: !astropy.table.SerializedColumn {name: Frequency}
#     MSAS:
#       __class__: astropy.units.quantity.Quantity
#       unit: !astropy.units.Unit {unit: mag / arcsec2}
#       value: !astropy.table.SerializedColumn {name: MSAS}
#     Moon Alt:
#       __class__: astropy.units.quantity.Quantity
#       unit: &id002 !astropy.units.Unit {unit: deg}
#       value: !astropy.table.SerializedColumn {name: Moon Alt}
#     Sky Temperature:
#       __class__: astropy.units.quantity.Quantity
#       unit: *id001
#       value: !astropy.table.SerializedColumn {name: Sky Temperature}
#     Sun Alt:
#       __class__: astropy.units.quantity.Quantity
#       unit: *id002
#       value: !astropy.table.SerializedColumn {name: Sun Alt}
#     time:
#       __class__: astropy.time.core.Time
#       format: isot
#       in_subfmt: '*'
#       out_subfmt: '*'
#       precision: 3
#       scale: utc
#       value: !astropy.table.SerializedColumn {name: time}
# schema: astropy-2.0
time,Enclosure Temperature,Sky Temperature,Frequency,MSAS,ZP,Sequence Number,Sun Alt,Moon Alt,Moon Illumination
[from data line 8762]
2022-03-11T06:07:30.000,14.46,-6.87,4.29,18.8,20.5,37838,-55.13,37.0,0.577
2022-03-11T06:08:30.000,14.42,-6.89,4.32,18.79,20.5,37839,-55.26,36.0,0.577
2022-03-11T06:10:37.000,14.43,-6.23,5.26,18.59,20.5,37841,-55.54,36.0,0.577
2022-03-11T06:11:37.000,14.44,-5.72,7.19,18.24,20.5,37842,-55.67,36.0,0.577
2022-03-11T06:12:37.000,14.46,-5.6,5.27,18.59,20.5,37843,-55.8,36.0,0.577
2022-03-11T06:13:37.000,14.45,-6.39,4.5,18.75,20.5,37844,-55.93,35.0,0.577
2022-03-11T06:14:37.000,14.32,-6.95,4.69,18.7,20.5,37845,-56.06,35.0,0.578
2022-03-11T06:15:37.000,14.25,-6.32,4.53,18.74,20.5,37846,-56.19,35.0,0.578
2022-03-11T06:16:37.000,14.3,-5.47,4.71,18.7,20.5,37847,-56.31,35.0,0.578
2022-03-11T06:17:37.000,14.35,-5.23,6.07,18.42,20.5,37848,-56.43,35.0,0.578
2022-03-11T06:18:38.000,14.3,-5.77,5.42,18.55,20.5,37849,-56.56,34.0,0.578
2022-03-11T06:19:38.000,14.33,-6.58,3.56,19.0,20.5,37850,-56.68,34.0,0.578
2022-03-11T06:20:38.000,14.34,-7.83,3.15,19.13,20.5,37851,-56.8,34.0,0.578
2022-03-11T06:21:38.000,14.29,-8.18,3.18,19.12,20.5,37852,-56.92,34.0,0.578
2022-03-11T06:22:38.000,14.28,-8.09,3.17,19.13,20.5,37853,-57.04,34.0,0.578
2022-03-11T06:23:38.000,14.28,-8.04,3.15,19.13,20.5,37854,-57.15,33.0,0.578
2022-03-11T06:24:38.000,14.28,-8.3,3.17,19.13,20.5,37855,-57.27,33.0,0.578
2022-03-11T06:25:38.000,14.24,-8.28,2.93,19.21,20.5,37856,-57.38,33.0,0.578
2022-03-11T06:26:38.000,14.27,-8.43,2.72,19.29,20.5,37857,-57.5,33.0,0.578
2022-03-11T06:27:39.000,14.32,-9.29,2.56,19.36,20.5,37858,-57.61,33.0,0.578
2022-03-11T06:28:39.000,14.22,-10.63,2.39,19.44,20.5,37859,-57.72,32.0,0.578
2022-03-11T06:29:39.000,14.12,-10.58,2.38,19.44,20.5,37860,-57.83,32.0,0.579
2022-03-11T06:30:39.000,14.1,-9.88,3.06,19.17,20.5,37861,-57.94,32.0,0.579
2022-03-11T06:31:39.000,14.12,-9.12,2.82,19.26,20.5,37862,-58.04,32.0,0.579
2022-03-11T06:32:39.000,14.18,-9.3,2.57,19.36,20.5,37863,-58.15,32.0,0.579
2022-03-11T06:33:39.000,14.26,-9.24,3.69,18.97,20.5,37864,-58.25,31.0,0.579
2022-03-11T06:34:39.000,14.22,-9.2,4.74,18.69,20.5,37865,-58.35,31.0,0.579
2022-03-11T06:35:40.000,14.19,-9.18,5.18,18.59,20.5,37866,-58.45,31.0,0.579
2022-03-11T06:36:39.000,14.15,-9.69,5.18,18.6,20.5,37867,-58.55,31.0,0.579
2022-03-11T06:37:39.000,14.15,-9.49,4.72,18.7,20.5,37868,-58.65,31.0,0.579
2022-03-11T06:38:40.000,14.14,-8.9,6.3,18.39,20.5,37869,-58.75,30.0,0.579
2022-03-11T06:39:39.000,14.09,-8.03,6.89,18.29,20.5,37870,-58.84,30.0,0.579
2022-03-11T06:40:40.000,14.12,-7.66,5.43,18.55,20.5,37871,-58.94,30.0,0.579
2022-03-11T06:41:40.000,14.12,-7.64,5.28,18.57,20.5,37872,-59.03,30.0,0.579
2022-03-11T06:42:40.000,14.08,-7.65,4.59,18.73,20.5,37873,-59.12,30.0,0.579
2022-03-11T06:43:40.000,14.08,-7.56,3.52,19.01,20.5,37874,-59.21,29.0,0.579
2022-03-11T06:44:40.000,14.03,-7.51,4.11,18.85,20.5,37875,-59.29,29.0,0.579
2022-03-11T06:45:40.000,13.99,-7.35,4.67,18.71,20.5,37876,-59.38,29.0,0.58
2022-03-11T06:46:40.000,13.94,-6.71,6.16,18.42,20.5,37877,-59.46,29.0,0.58
2022-03-11T06:48:40.000,13.83,-6.09,5.27,18.58,20.5,37879,-59.63,28.0,0.58
2022-03-11T06:49:40.000,13.78,-6.6,5.32,18.57,20.5,37880,-59.71,28.0,0.58
2022-03-11T06:50:40.000,13.77,-7.65,3.43,19.05,20.5,37881,-59.78,28.0,0.58
2022-03-11T06:51:41.000,13.79,-9.09,2.65,19.32,20.5,37882,-59.86,28.0,0.58
2022-03-11T06:52:40.000,13.75,-9.91,2.42,19.42,20.5,37883,-59.94,28.0,0.58
2022-03-11T06:53:41.000,13.77,-10.15,2.36,19.45,20.5,37884,-60.01,27.0,0.58
2022-03-11T06:54:41.000,13.76,-10.36,2.37,19.44,20.5,37885,-60.08,27.0,0.58
2022-03-11T06:55:41.000,13.73,-10.54,2.48,19.39,20.5,37886,-60.15,27.0,0.58
2022-03-11T06:56:41.000,13.68,-10.77,2.55,19.37,20.5,37887,-60.22,27.0,0.58
2022-03-11T06:57:41.000,13.62,-10.76,2.44,19.41,20.5,37888,-60.28,27.0,0.58
2022-03-11T06:58:41.000,13.62,-10.61,2.64,19.33,20.5,37889,-60.35,26.0,0.58
2022-03-11T06:59:41.000,13.58,-10.49,3.01,19.18,20.5,37890,-60.41,26.0,0.58
2022-03-11T07:00:41.000,13.55,-10.01,3.22,19.11,20.5,37891,-60.47,26.0,0.581
2022-03-11T07:01:41.000,13.47,-9.57,3.72,18.96,20.5,37892,-60.53,26.0,0.581
2022-03-11T07:02:41.000,13.43,-9.2,4.52,18.74,20.5,37893,-60.59,26.0,0.581
2022-03-11T07:03:41.000,13.4,-9.15,5.21,18.59,20.5,37894,-60.65,25.0,0.581
2022-03-11T07:04:42.000,13.41,-9.88,5.87,18.47,20.5,37895,-60.7,25.0,0.581
2022-03-11T07:05:42.000,13.33,-10.16,3.88,18.91,20.5,37896,-60.75,25.0,0.581
2022-03-11T07:06:42.000,13.31,-9.4,5.3,18.58,20.5,37897,-60.8,25.0,0.581
2022-03-11T07:07:42.000,13.34,-8.74,6.36,18.37,20.5,37898,-60.85,25.0,0.581
2022-03-11T07:08:42.000,13.36,-9.46,6.4,18.37,20.5,37899,-60.9,24.0,0.581
2022-03-11T07:09:42.000,13.32,-10.86,3.21,19.13,20.5,37900,-60.94,24.0,0.581
2022-03-11T07:10:42.000,13.32,-11.6,2.36,19.45,20.5,37901,-60.99,24.0,0.581
2022-03-11T07:11:43.000,13.29,-12.36,1.96,19.65,20.5,37902,-61.03,24.0,0.581
2022-03-11T07:12:43.000,13.25,-12.45,1.93,19.67,20.5,37903,-61.07,24.0,0.581
2022-03-11T07:13:43.000,13.25,-12.52,2.12,19.58,20.5,37904,-61.11,23.0,0.581
2022-03-11T07:14:43.000,13.25,-12.51,1.96,19.65,20.5,37905,-61.14,23.0,0.581
2022-03-11T07:15:43.000,13.22,-12.72,1.94,19.66,20.5,37906,-61.18,23.0,0.581
2022-03-11T07:16:43.000,13.19,-12.76,1.93,19.66,20.5,37907,-61.21,23.0,0.582
2022-03-11T07:17:43.000,13.15,-12.69,1.94,19.66,20.5,37908,-61.24,23.0,0.582
2022-03-11T07:18:43.000,13.15,-12.6,1.94,19.66,20.5,37909,-61.27,22.0,0.582
2022-03-11T07:19:44.000,13.18,-12.57,1.93,19.67,20.5,37910,-61.29,22.0,0.582
2022-03-11T07:20:44.000,13.11,-12.95,1.92,19.67,20.5,37911,-61.32,22.0,0.582
2022-03-11T07:21:44.000,13.08,-12.69,1.92,19.67,20.5,37912,-61.34,22.0,0.582
2022-03-11T07:22:44.000,13.05,-12.95,1.9,19.68,20.5,37913,-61.36,22.0,0.582
2022-03-11T07:23:44.000,13.02,-12.88,1.89,19.69,20.5,37914,-61.38,21.0,0.582
2022-03-11T07:24:44.000,12.97,-12.94,1.9,19.69,20.5,37915,-61.4,21.0,0.582
2022-03-11T07:25:44.000,12.96,-12.69,1.88,19.69,20.5,37916,-61.41,21.0,0.582
2022-03-11T07:26:44.000,12.96,-12.6,1.94,19.66,20.5,37917,-61.42,21.0,0.582
2022-03-11T07:27:44.000,12.93,-12.34,2.13,19.56,20.5,37918,-61.43,21.0,0.582
2022-03-11T07:28:44.000,12.95,-12.06,2.19,19.53,20.5,37919,-61.44,21.0,0.582
2022-03-11T07:29:44.000,13.0,-12.29,2.26,19.49,20.5,37920,-61.45,20.0,0.582
2022-03-11T07:31:44.000,12.97,-12.02,2.54,19.37,20.5,37922,-61.46,20.0,0.583
2022-03-11T07:32:45.000,12.96,-11.71,2.92,19.22,20.5,37923,-61.46,20.0,0.583
2022-03-11T07:33:45.000,12.94,-11.24,3.23,19.11,20.5,37924,-61.46,20.0,0.583
2022-03-11T07:34:45.000,12.89,-11.15,2.98,19.2,20.5,37925,-61.46,19.0,0.583
2022-03-11T07:35:45.000,12.93,-11.14,3.75,18.95,20.5,37926,-61.45,19.0,0.583
2022-03-11T07:36:45.000,12.92,-11.86,3.12,19.15,20.5,37927,-61.45,19.0,0.583
2022-03-11T07:37:45.000,12.9,-11.92,2.44,19.41,20.5,37928,-61.44,19.0,0.583
2022-03-11T07:39:45.000,12.82,-11.22,3.48,19.04,20.5,37930,-61.42,18.0,0.583
2022-03-11T07:40:45.000,12.81,-10.99,2.66,19.32,20.5,37931,-61.4,18.0,0.583
2022-03-11T07:41:45.000,12.72,-10.71,2.91,19.22,20.5,37932,-61.39,18.0,0.583
2022-03-11T07:42:45.000,12.7,-10.13,3.31,19.08,20.5,37933,-61.37,18.0,0.583
2022-03-11T07:43:45.000,12.69,-9.41,3.7,18.97,20.5,37934,-61.35,18.0,0.583
2022-03-11T07:44:45.000,12.72,-8.63,4.31,18.79,20.5,37935,-61.33,17.0,0.583
2022-03-11T07:45:45.000,12.73,-7.68,4.85,18.67,20.5,37936,-61.3,17.0,0.583
2022-03-11T07:46:45.000,12.74,-6.75,5.62,18.52,20.5,37937,-61.28,17.0,0.583
2022-03-11T07:47:45.000,12.78,-6.16,6.84,18.3,20.5,37938,-61.25,17.0,0.584
2022-03-11T07:48:46.000,12.79,-6.09,6.72,18.32,20.5,37939,-61.22,17.0,0.584
2022-03-11T07:49:46.000,12.76,-6.14,6.62,18.33,20.5,37940,-61.19,16.0,0.584
2022-03-11T07:50:46.000,12.72,-6.57,6.85,18.29,20.5,37941,-61.16,16.0,0.584
2022-03-11T07:51:46.000,12.65,-7.24,6.89,18.29,20.5,37942,-61.12,16.0,0.584
2022-03-11T07:52:46.000,12.62,-7.78,4.95,18.65,20.5,37943,-61.09,16.0,0.584
2022-03-11T07:53:46.000,12.61,-7.91,4.52,18.74,20.5,37944,-61.05,16.0,0.584
2022-03-11T07:54:46.000,12.6,-8.24,3.85,18.92,20.5,37945,-61.01,16.0,0.584
2022-03-11T07:55:46.000,12.57,-7.94,4.3,18.8,20.5,37946,-60.96,15.0,0.584
2022-03-11T07:56:46.000,12.54,-7.57,5.1,18.61,20.5,37947,-60.92,15.0,0.584
2022-03-11T07:57:46.000,12.55,-7.32,6.17,18.41,20.5,37948,-60.87,15.0,0.584
2022-03-11T07:58:46.000,12.49,-7.79,5.6,18.51,20.5,37949,-60.83,15.0,0.584
2022-03-11T07:59:46.000,12.45,-8.78,4.54,18.74,20.5,37950,-60.78,15.0,0.584
2022-03-11T08:00:46.000,12.4,-9.79,3.61,18.99,20.5,37951,-60.73,14.0,0.584
2022-03-11T08:01:46.000,12.36,-10.06,2.78,19.27,20.5,37952,-60.67,14.0,0.584
2022-03-11T08:02:47.000,12.3,-10.42,3.06,19.17,20.5,37953,-60.62,14.0,0.585
2022-03-11T08:04:46.000,12.15,-11.93,2.17,19.54,20.5,37955,-60.5,14.0,0.585
2022-03-11T08:05:47.000,12.1,-12.39,2.12,19.56,20.5,37956,-60.44,13.0,0.585
2022-03-11T08:06:47.000,12.12,-12.7,1.82,19.73,20.5,37957,-60.38,13.0,0.585
2022-03-11T08:07:47.000,12.07,-13.08,1.99,19.63,20.5,37958,-60.32,13.0,0.585
2022-03-11T08:10:48.000,11.94,-13.4,2.66,19.32,20.5,37961,-60.11,12.0,0.585
2022-03-11T08:11:48.000,11.95,-13.36,2.09,19.59,20.5,37962,-60.04,12.0,0.585
2022-03-11T08:12:48.000,11.94,-13.6,1.71,19.8,20.5,37963,-59.97,12.0,0.585
2022-03-11T08:13:48.000,11.88,-13.84,1.75,19.77,20.5,37964,-59.9,12.0,0.585
2022-03-11T08:15:48.000,11.9,-13.81,1.74,19.78,20.5,37966,-59.75,12.0,0.585
2022-03-11T08:16:48.000,11.82,-14.17,1.79,19.75,20.5,37967,-59.67,11.0,0.585
2022-03-11T08:18:54.000,11.74,-14.35,1.58,19.88,20.5,37969,-59.5,11.0,0.586
2022-03-11T08:19:54.000,11.72,-14.36,1.61,19.87,20.5,37970,-59.41,11.0,0.586
2022-03-11T08:20:54.000,11.65,-14.18,1.7,19.8,20.5,37971,-59.33,11.0,0.586
2022-03-11T08:21:54.000,11.66,-13.46,2.3,19.48,20.5,37972,-59.24,10.0,0.586
2022-03-11T08:22:54.000,11.67,-12.74,2.89,19.25,20.5,37973,-59.15,10.0,0.586
2022-03-11T08:24:54.000,11.62,-11.92,2.18,19.54,20.5,37975,-58.97,10.0,0.586
2022-03-11T08:25:55.000,11.59,-12.55,1.82,19.73,20.5,37976,-58.88,10.0,0.586
2022-03-11T08:26:55.000,11.58,-12.85,1.75,19.77,20.5,37977,-58.78,9.0,0.586
2022-03-11T08:27:55.000,11.6,-13.23,1.71,19.8,20.5,37978,-58.69,9.0,0.586
2022-03-11T08:28:55.000,11.64,-13.48,1.84,19.72,20.5,37979,-58.59,9.0,0.586
2022-03-11T08:29:55.000,11.64,-13.9,1.93,19.67,20.5,37980,-58.49,9.0,0.586
2022-03-11T08:30:55.000,11.59,-14.05,1.79,19.75,20.5,37981,-58.39,9.0,0.586
2022-03-11T08:31:55.000,11.57,-14.15,1.56,19.9,20.5,37982,-58.29,9.0,0.586
2022-03-11T08:32:55.000,11.6,-14.29,1.55,19.9,20.5,37983,-58.19,8.0,0.586
2022-03-11T08:33:55.000,11.58,-14.54,1.6,19.87,20.5,37984,-58.08,8.0,0.587
2022-03-11T08:34:59.000,11.52,-14.7,1.57,19.89,20.5,37985,-57.97,8.0,0.587
2022-03-11T08:35:59.000,11.46,-14.79,1.47,19.96,20.5,37986,-57.86,8.0,0.587
2022-03-11T08:36:59.000,11.45,-14.78,1.47,19.96,20.5,37987,-57.76,8.0,0.587
2022-03-11T08:37:59.000,11.43,-14.92,1.45,19.98,20.5,37988,-57.65,7.0,0.587
2022-03-11T08:39:00.000,11.42,-14.92,1.44,19.98,20.5,37989,-57.53,7.0,0.587
2022-03-11T08:40:00.000,11.38,-15.0,1.44,19.99,20.5,37990,-57.42,7.0,0.587
2022-03-11T08:41:00.000,11.38,-14.93,1.44,19.98,20.5,37991,-57.31,7.0,0.587
2022-03-11T08:42:00.000,11.36,-14.97,1.44,19.99,20.5,37992,-57.19,7.0,0.587
2022-03-11T08:43:00.000,11.35,-14.83,1.47,19.96,20.5,37993,-57.08,6.0,0.587
2022-03-11T08:44:00.000,11.3,-14.93,1.45,19.98,20.5,37994,-56.96,6.0,0.587
2022-03-11T08:45:00.000,11.29,-14.73,1.44,19.98,20.5,37995,-56.84,6.0,0.587
2022-03-11T08:46:00.000,11.3,-14.96,1.44,19.98,20.5,37996,-56.72,6.0,0.587
2022-03-11T08:47:00.000,11.3,-14.86,1.44,19.98,20.5,37997,-56.6,6.0,0.587
2022-03-11T08:48:01.000,11.27,-15.12,1.45,19.98,20.5,37998,-56.47,6.0,0.587
2022-03-11T08:49:00.000,11.25,-14.55,1.65,19.84,20.5,37999,-56.35,5.0,0.588
2022-03-11T08:50:01.000,11.25,-13.91,1.83,19.73,20.5,38000,-56.23,5.0,0.588
2022-03-11T08:52:01.000,11.33,-12.31,2.43,19.42,20.5,38002,-55.97,5.0,0.588
2022-03-11T08:53:01.000,11.38,-11.99,2.42,19.42,20.5,38003,-55.84,5.0,0.588
2022-03-11T08:54:01.000,11.44,-11.83,2.59,19.36,20.5,38004,-55.72,4.0,0.588
2022-03-11T08:55:01.000,11.43,-10.96,4.38,18.78,20.5,38005,-55.58,4.0,0.588
2022-03-11T08:56:01.000,11.48,-10.31,4.04,18.87,20.5,38006,-55.45,4.0,0.588
2022-03-11T08:57:01.000,11.46,-10.54,4.75,18.69,20.5,38007,-55.32,4.0,0.588
2022-03-11T08:58:01.000,11.47,-10.62,3.53,19.01,20.5,38008,-55.19,4.0,0.588
2022-03-11T08:59:01.000,11.47,-11.21,3.45,19.04,20.5,38009,-55.05,4.0,0.588
2022-03-11T09:00:02.000,11.51,-11.71,3.17,19.13,20.5,38010,-54.91,3.0,0.588
2022-03-11T09:01:01.000,11.54,-12.12,2.53,19.37,20.5,38011,-54.78,3.0,0.588
2022-03-11T09:02:01.000,11.48,-12.75,2.43,19.42,20.5,38012,-54.64,3.0,0.588
2022-03-11T09:03:02.000,11.45,-13.26,1.91,19.68,20.5,38013,-54.5,3.0,0.588
2022-03-11T09:04:02.000,11.44,-13.89,1.73,19.79,20.5,38014,-54.36,3.0,0.588
2022-03-11T09:05:02.000,11.42,-14.78,1.57,19.89,20.5,38015,-54.22,3.0,0.589
2022-03-11T09:06:02.000,11.4,-15.01,1.48,19.96,20.5,38016,-54.08,2.0,0.589
2022-03-11T09:08:02.000,11.34,-15.39,1.44,19.98,20.5,38018,-53.79,2.0,0.589
2022-03-11T09:09:02.000,11.29,-15.36,1.49,19.95,20.5,38019,-53.65,2.0,0.589
2022-03-11T09:10:04.000,11.2,-15.13,1.53,19.92,20.5,38020,-53.5,2.0,0.589
2022-03-11T09:11:03.000,11.16,-15.15,1.42,20.0,20.5,38021,-53.35,1.0,0.589
2022-03-11T09:12:04.000,11.11,-15.32,1.39,20.02,20.5,38022,-53.2,1.0,0.589
2022-03-11T09:13:04.000,11.08,-15.46,1.37,20.04,20.5,38023,-53.06,1.0,0.589
2022-03-11T09:14:04.000,11.03,-15.3,1.37,20.04,20.5,38024,-52.91,1.0,0.589
2022-03-11T09:15:04.000,11.03,-14.91,1.4,20.02,20.5,38025,-52.76,1.0,0.589
2022-03-11T09:16:04.000,11.04,-14.8,1.42,20.0,20.5,38026,-52.61,1.0,0.589
2022-03-11T09:17:04.000,11.07,-14.48,1.47,19.96,20.5,38027,-52.46,0.0,0.589
2022-03-11T09:18:05.000,11.01,-14.07,1.69,19.82,20.5,38028,-52.3,0.0,0.589
2022-03-11T09:19:05.000,10.93,-13.1,2.54,19.38,20.5,38029,-52.15,0.0,0.589
2022-03-11T09:20:05.000,10.89,-11.3,3.62,18.99,20.5,38030,-51.99,-0.0,0.59
2022-03-11T09:21:05.000,10.85,-9.31,4.81,18.68,20.5,38031,-51.84,-0.0,0.59
2022-03-11T09:22:05.000,10.84,-7.26,6.15,18.41,20.5,38032,-51.68,-0.0,0.59
2022-03-11T09:23:05.000,10.88,-6.16,7.11,18.25,20.5,38033,-51.53,-1.0,0.59
2022-03-11T09:24:05.000,10.86,-5.75,7.0,18.27,20.5,38034,-51.37,-1.0,0.59
2022-03-11T09:25:06.000,10.81,-4.97,7.89,18.14,20.5,38035,-51.21,-1.0,0.59
2022-03-11T09:26:06.000,10.82,-3.74,8.68,18.03,20.5,38036,-51.05,-1.0,0.59
2022-03-11T09:27:06.000,10.83,-3.09,8.4,18.07,20.5,38037,-50.89,-1.0,0.59
2022-03-11T09:28:06.000,10.83,-3.1,8.27,18.09,20.5,38038,-50.73,-2.0,0.59
2022-03-11T09:29:06.000,10.79,-3.58,7.28,18.23,20.5,38039,-50.57,-2.0,0.59
2022-03-11T09:31:12.000,10.74,-5.19,5.76,18.48,20.5,38041,-50.23,-2.0,0.59
2022-03-11T09:34:12.000,10.66,-5.19,6.33,18.38,20.5,38044,-49.74,-3.0,0.59
2022-03-11T09:35:13.000,10.6,-4.57,6.4,18.37,20.5,38045,-49.57,-3.0,0.59
2022-03-11T09:36:13.000,10.62,-4.46,7.38,18.21,20.5,38046,-49.4,-3.0,0.591
2022-03-11T09:37:13.000,10.57,-4.52,6.51,18.35,20.5,38047,-49.24,-3.0,0.591
2022-03-11T09:38:13.000,10.48,-4.72,7.21,18.23,20.5,38048,-49.07,-3.0,0.591
2022-03-11T09:39:13.000,10.43,-4.57,6.36,18.37,20.5,38049,-48.9,-3.0,0.591
2022-03-11T09:40:13.000,10.41,-4.11,6.13,18.41,20.5,38050,-48.73,-4.0,0.591
2022-03-11T09:41:13.000,10.44,-3.39,7.92,18.13,20.5,38051,-48.56,-4.0,0.591
2022-03-11T09:42:13.000,10.42,-3.31,8.67,18.04,20.5,38052,-48.39,-4.0,0.591
2022-03-11T09:43:13.000,10.38,-3.04,9.64,17.92,20.5,38053,-48.22,-4.0,0.591
2022-03-11T09:44:13.000,10.38,-2.77,10.29,17.85,20.5,38054,-48.05,-4.0,0.591
2022-03-11T09:45:14.000,10.36,-2.82,9.94,17.89,20.5,38055,-47.88,-4.0,0.591
2022-03-11T09:46:13.000,10.36,-2.67,10.23,17.86,20.5,38056,-47.71,-5.0,0.591
2022-03-11T09:47:13.000,10.33,-2.69,10.26,17.85,20.5,38057,-47.54,-5.0,0.591
2022-03-11T09:48:14.000,10.33,-2.47,11.37,17.74,20.5,38058,-47.36,-5.0,0.591
2022-03-11T09:49:14.000,10.38,-2.29,12.6,17.63,20.5,38059,-47.19,-5.0,0.591
2022-03-11T09:50:14.000,10.41,-2.41,13.21,17.58,20.5,38060,-47.01,-5.0,0.591
2022-03-11T09:51:14.000,10.39,-2.53,13.52,17.55,20.5,38061,-46.84,-5.0,0.592
2022-03-11T09:52:14.000,10.37,-2.49,13.83,17.53,20.5,38062,-46.66,-6.0,0.592
