Downloads/jupyter/ECSV/stars19/stars19_2024-07.ecsv
# %ECSV 1.0
# ---
# datatype:
# - {name: time, datatype: string}
# - {name: Enclosure Temperature, unit: deg_C, datatype: float64}
# - {name: Sky Temperature, unit: deg_C, datatype: float64}
# - {name: Frequency, unit: Hz, datatype: float64}
# - {name: MSAS, unit: mag / arcsec2, datatype: float64}
# - {name: ZP, datatype: float64}
# - {name: Sequence Number, datatype: int64}
# - {name: Sun Alt, unit: deg, datatype: float64}
# - {name: Moon Alt, unit: deg, datatype: float64}
# - {name: Moon Illumination, datatype: float64}
# delimiter: ','
# meta: !!omap
# - ida:
#     Data supplier: {affiliation: null, observer: null}
#     Device type: TESS-W
#     Field of view: 17.0
#     Filters per channel: None
#     Instrument ID: stars19
#     License: ODbL 1.0 http://opendatacommons.org/licenses/odbl/summary/
#     Local timezone: America/Phoenix
#     Location name: {country: United States, place: Tucson, region: Arizona, sub_region: Pima County, town: Tucson}
#     Measurement direction per channel: {azimuth: 0.0, zenital: 0.0}
#     Moving / Fixed look direction: FIXED
#     Moving / Stationary position: STATIONARY
#     Number of channels: 1
#     Number of fields per line: 8
#     Number of header lines: 35
#     Position: {height: 0.0, latitude: 32.223877, longitude: -110.767532}
#     TESS MAC address: 18:FE:34:CF:EC:06
#     TESS cover offset value: 0.0
#     TESS firmware version: '1.0'
#     TESS zero point: 20.38
#     Time Synchronization: timestamp added by MQTT subscriber
#     URL: http://www.darksky.org/NSBM/sdf1.0.pdf
# - __serialized_columns__:
#     Enclosure Temperature:
#       __class__: astropy.units.quantity.Quantity
#       unit: &id001 !astropy.units.Unit {unit: deg_C}
#       value: !astropy.table.SerializedColumn {name: Enclosure Temperature}
#     Frequency:
#       __class__: astropy.units.quantity.Quantity
#       unit: !astropy.units.Unit {unit: Hz}
#       value: !astropy.table.SerializedColumn {name: Frequency}
#     MSAS:
#       __class__: astropy.units.quantity.Quantity
#       unit: !astropy.units.Unit {unit: mag / arcsec2}
#       value: !astropy.table.SerializedColumn {name: MSAS}
#     Moon Alt:
#       __class__: astropy.units.quantity.Quantity
#       unit: &id002 !astropy.units.Unit {unit: deg}
#       value: !astropy.table.SerializedColumn {name: Moon Alt}
#     Sky Temperature:
#       __class__: astropy.units.quantity.Quantity
#       unit: *id001
#       value: !astropy.table.SerializedColumn {name: Sky Temperature}
#     Sun Alt:
#       __class__: astropy.units.quantity.Quantity
#       unit: *id002
#       value: !astropy.table.SerializedColumn {name: Sun Alt}
#     time:
#       __class__: astropy.time.core.Time
#       format: isot
#       in_subfmt: '*'
#       out_subfmt: '*'
#       precision: 3
#       scale: utc
#       value: !astropy.table.SerializedColumn {name: time}
# schema: astropy-2.0
time,Enclosure Temperature,Sky Temperature,Frequency,MSAS,ZP,Sequence Number,Sun Alt,Moon Alt,Moon Illumination
[from data line 1686]
2024-07-03T02:52:06.000,34.34,20.35,7286.4,10.73,20.38,102417,-4.24,-27.0,0.094
2024-07-03T02:53:07.000,34.25,19.81,5801.08,10.97,20.38,102418,-4.42,-27.0,0.094
2024-07-03T02:54:07.000,34.23,19.53,4635.76,11.22,20.38,102419,-4.61,-27.0,0.094
2024-07-03T02:55:08.000,34.23,19.17,3720.51,11.46,20.38,102420,-4.79,-27.0,0.094
2024-07-03T02:56:08.000,34.23,18.66,2889.0,11.73,20.38,102421,-4.97,-27.0,0.094
2024-07-03T02:57:08.000,34.31,18.42,2159.76,12.05,20.38,102422,-5.15,-27.0,0.094
2024-07-03T02:58:08.000,34.28,17.69,1605.39,12.37,20.38,102423,-5.33,-27.0,0.093
2024-07-03T02:59:08.000,34.27,17.74,1229.48,12.66,20.38,102424,-5.51,-27.0,0.093
2024-07-03T03:00:08.000,34.28,17.55,957.71,12.93,20.38,102425,-5.69,-27.0,0.093
2024-07-03T03:01:08.000,34.26,17.7,736.25,13.22,20.38,102426,-5.87,-27.0,0.093
2024-07-03T03:02:08.000,34.27,17.8,565.27,13.5,20.38,102427,-6.05,-28.0,0.093
2024-07-03T03:03:09.000,34.32,18.05,438.02,13.78,20.38,102428,-6.23,-28.0,0.093
2024-07-03T03:07:10.000,34.36,17.81,170.43,14.8,20.38,102432,-6.95,-28.0,0.093
2024-07-03T03:09:10.000,34.43,17.9,117.1,15.21,20.38,102434,-7.31,-28.0,0.093
2024-07-03T03:10:11.000,34.47,18.03,103.34,15.34,20.38,102435,-7.49,-28.0,0.093
2024-07-03T03:14:13.000,34.56,17.72,61.82,15.91,20.38,102439,-8.2,-29.0,0.093
2024-07-03T03:15:13.000,34.52,17.44,44.3,16.27,20.38,102440,-8.37,-29.0,0.093
2024-07-03T03:16:13.000,34.54,16.97,33.48,16.57,20.38,102441,-8.55,-29.0,0.093
2024-07-03T03:17:13.000,34.49,16.61,26.32,16.83,20.38,102442,-8.72,-29.0,0.093
2024-07-03T03:18:13.000,34.51,16.6,21.53,17.05,20.38,102443,-8.9,-29.0,0.093
2024-07-03T03:19:14.000,34.53,16.27,18.23,17.23,20.38,102444,-9.08,-29.0,0.093
2024-07-03T03:22:14.000,34.45,16.31,11.83,17.7,20.38,102447,-9.6,-29.0,0.092
2024-07-03T03:24:14.000,34.39,16.1,9.01,17.99,20.38,102449,-9.94,-29.0,0.092
2024-07-03T03:25:14.000,34.45,16.3,7.88,18.14,20.38,102450,-10.12,-29.0,0.092
2024-07-03T03:26:14.000,34.5,16.24,6.91,18.28,20.38,102451,-10.29,-30.0,0.092
2024-07-03T03:27:14.000,34.42,16.02,6.13,18.41,20.38,102452,-10.46,-30.0,0.092
2024-07-03T03:30:14.000,34.55,16.27,4.32,18.79,20.38,102455,-10.97,-30.0,0.092
2024-07-03T03:40:16.000,34.65,16.48,2.22,19.51,20.38,102465,-12.67,-31.0,0.092
2024-07-03T03:41:16.000,34.6,16.08,2.17,19.54,20.38,102466,-12.83,-31.0,0.092
2024-07-03T03:42:16.000,34.57,16.11,2.1,19.58,20.38,102467,-13.0,-31.0,0.092
2024-07-03T03:43:16.000,34.52,16.22,2.01,19.62,20.38,102468,-13.17,-31.0,0.091
2024-07-03T03:44:17.000,34.46,16.05,1.92,19.67,20.38,102469,-13.34,-31.0,0.091
2024-07-03T03:45:17.000,34.41,16.15,1.83,19.73,20.38,102470,-13.5,-31.0,0.091
2024-07-03T03:46:17.000,34.47,16.31,1.74,19.78,20.38,102471,-13.67,-31.0,0.091
2024-07-03T03:47:17.000,34.52,16.19,1.68,19.82,20.38,102472,-13.83,-31.0,0.091
2024-07-03T03:48:17.000,34.47,15.98,1.68,19.81,20.38,102473,-13.99,-31.0,0.091
2024-07-03T03:50:19.000,34.38,16.12,1.86,19.71,20.38,102475,-14.33,-31.0,0.091
2024-07-03T03:53:20.000,34.44,16.17,1.57,19.89,20.38,102478,-14.82,-31.0,0.091
2024-07-03T03:55:20.000,34.45,16.07,1.49,19.95,20.38,102480,-15.14,-31.0,0.091
2024-07-03T03:56:20.000,34.39,16.05,1.49,19.95,20.38,102481,-15.3,-31.0,0.091
2024-07-03T03:57:20.000,34.38,16.1,1.48,19.95,20.38,102482,-15.46,-32.0,0.091
2024-07-03T03:58:21.000,34.39,16.24,1.48,19.95,20.38,102483,-15.63,-32.0,0.091
2024-07-03T03:59:21.000,34.46,16.42,1.48,19.95,20.38,102484,-15.78,-32.0,0.091
2024-07-03T04:00:21.000,34.5,16.32,1.47,19.96,20.38,102485,-15.94,-32.0,0.091
2024-07-03T04:01:21.000,34.57,16.45,1.47,19.96,20.38,102486,-16.1,-32.0,0.091
2024-07-03T04:02:21.000,34.61,16.32,1.47,19.97,20.38,102487,-16.26,-32.0,0.091
2024-07-03T04:03:22.000,34.59,16.21,1.47,19.96,20.38,102488,-16.42,-32.0,0.091
2024-07-03T04:04:22.000,34.61,16.31,1.47,19.96,20.38,102489,-16.58,-32.0,0.091
2024-07-03T04:05:22.000,34.66,16.55,1.49,19.95,20.38,102490,-16.74,-32.0,0.091
2024-07-03T04:06:23.000,34.71,16.55,1.5,19.94,20.38,102491,-16.9,-32.0,0.09
2024-07-03T04:07:23.000,34.72,16.57,1.51,19.93,20.38,102492,-17.05,-32.0,0.09
2024-07-03T04:08:23.000,34.74,16.66,1.52,19.92,20.38,102493,-17.21,-32.0,0.09
2024-07-03T04:09:23.000,34.77,16.7,1.54,19.91,20.38,102494,-17.36,-32.0,0.09
2024-07-03T04:10:23.000,34.8,16.76,1.56,19.9,20.38,102495,-17.52,-32.0,0.09
2024-07-03T04:11:23.000,34.83,16.87,1.58,19.88,20.38,102496,-17.67,-32.0,0.09
2024-07-03T04:12:24.000,34.87,16.93,1.6,19.87,20.38,102497,-17.83,-32.0,0.09
2024-07-03T04:13:24.000,34.89,16.89,1.65,19.84,20.38,102498,-17.98,-32.0,0.09
2024-07-03T04:14:24.000,34.82,16.75,1.67,19.83,20.38,102499,-18.14,-32.0,0.09
2024-07-03T04:15:24.000,34.82,16.93,1.66,19.83,20.38,102500,-18.29,-32.0,0.09
2024-07-03T04:16:24.000,34.87,17.08,1.73,19.78,20.38,102501,-18.44,-32.0,0.09
2024-07-03T04:17:24.000,34.9,17.14,1.9,19.69,20.38,102502,-18.59,-32.0,0.09
2024-07-03T04:18:24.000,34.85,17.13,2.02,19.62,20.38,102503,-18.75,-32.0,0.09
2024-07-03T04:19:24.000,34.78,17.3,2.18,19.54,20.38,102504,-18.9,-32.0,0.09
2024-07-03T04:20:25.000,34.76,17.97,2.47,19.4,20.38,102505,-19.05,-32.0,0.09
2024-07-03T04:21:25.000,34.81,18.67,3.16,19.13,20.38,102506,-19.2,-32.0,0.09
2024-07-03T04:22:25.000,34.85,19.43,4.4,18.78,20.38,102507,-19.35,-32.0,0.09
2024-07-03T04:23:25.000,34.81,20.28,7.58,18.2,20.38,102508,-19.5,-33.0,0.09
2024-07-03T04:24:25.000,34.76,20.84,11.0,17.78,20.38,102509,-19.65,-33.0,0.09
2024-07-03T04:25:25.000,34.72,20.94,11.33,17.75,20.38,102510,-19.79,-33.0,0.09
2024-07-03T04:26:25.000,34.78,20.93,9.89,17.89,20.38,102511,-19.94,-33.0,0.09
2024-07-03T04:27:25.000,34.84,20.67,7.95,18.13,20.38,102512,-20.09,-33.0,0.09
2024-07-03T04:28:26.000,34.86,20.53,6.73,18.31,20.38,102513,-20.24,-33.0,0.09
2024-07-03T04:29:26.000,34.9,20.88,6.84,18.29,20.38,102514,-20.38,-33.0,0.089
2024-07-03T04:30:27.000,34.95,21.21,8.26,18.09,20.38,102515,-20.53,-33.0,0.089
2024-07-03T04:31:27.000,35.02,21.69,10.58,17.82,20.38,102516,-20.67,-33.0,0.089
2024-07-03T04:32:27.000,35.04,21.91,12.6,17.63,20.38,102517,-20.82,-33.0,0.089
2024-07-03T04:33:27.000,35.05,22.04,13.77,17.53,20.38,102518,-20.96,-33.0,0.089
2024-07-03T04:34:27.000,35.08,22.19,14.14,17.5,20.38,102519,-21.11,-33.0,0.089
2024-07-03T04:35:27.000,35.08,22.29,14.07,17.51,20.38,102520,-21.25,-33.0,0.089
2024-07-03T04:36:27.000,35.13,22.65,14.44,17.48,20.38,102521,-21.39,-33.0,0.089
2024-07-03T04:38:27.000,35.23,22.93,16.71,17.32,20.38,102523,-21.67,-33.0,0.089
2024-07-03T04:40:28.000,35.23,23.17,19.38,17.16,20.38,102525,-21.96,-33.0,0.089
2024-07-03T04:41:28.000,35.2,23.15,20.3,17.11,20.38,102526,-22.1,-33.0,0.089
2024-07-03T04:42:28.000,35.17,23.24,21.42,17.05,20.38,102527,-22.24,-33.0,0.089
2024-07-03T04:43:28.000,35.18,23.31,22.88,16.98,20.38,102528,-22.37,-33.0,0.089
2024-07-03T04:44:28.000,35.18,23.35,24.18,16.92,20.38,102529,-22.51,-33.0,0.089
2024-07-03T04:45:28.000,35.18,23.33,24.6,16.9,20.38,102530,-22.65,-33.0,0.089
2024-07-03T04:46:28.000,35.19,23.29,24.31,16.92,20.38,102531,-22.79,-33.0,0.089
2024-07-03T04:47:29.000,35.22,23.18,23.37,16.96,20.38,102532,-22.92,-33.0,0.089
2024-07-03T04:48:29.000,35.26,22.92,21.36,17.06,20.38,102533,-23.06,-33.0,0.089
2024-07-03T04:49:30.000,35.3,22.69,19.33,17.17,20.38,102534,-23.2,-33.0,0.089
2024-07-03T04:50:30.000,35.36,22.49,18.33,17.22,20.38,102535,-23.33,-33.0,0.089
2024-07-03T04:51:30.000,35.37,22.17,17.88,17.25,20.38,102536,-23.47,-33.0,0.089
2024-07-03T04:52:32.000,35.38,21.99,17.53,17.27,20.38,102537,-23.6,-33.0,0.088
2024-07-03T04:53:32.000,35.41,21.96,16.64,17.33,20.38,102538,-23.74,-33.0,0.088
2024-07-03T04:54:33.000,35.44,21.84,14.96,17.44,20.38,102539,-23.87,-33.0,0.088
2024-07-03T04:56:34.000,35.32,21.51,11.3,17.75,20.38,102541,-24.14,-33.0,0.088
2024-07-03T04:57:34.000,35.2,21.27,10.98,17.78,20.38,102542,-24.27,-33.0,0.088
2024-07-03T04:58:34.000,35.09,21.49,11.38,17.74,20.38,102543,-24.4,-33.0,0.088
2024-07-03T04:59:34.000,34.98,21.79,12.55,17.63,20.38,102544,-24.52,-33.0,0.088
2024-07-03T05:00:35.000,34.91,22.13,13.53,17.55,20.38,102545,-24.65,-33.0,0.088
2024-07-03T05:01:35.000,34.81,22.25,14.12,17.51,20.38,102546,-24.78,-33.0,0.088
2024-07-03T05:02:35.000,34.77,22.48,14.03,17.51,20.38,102547,-24.91,-33.0,0.088
2024-07-03T05:03:35.000,34.77,22.49,13.29,17.57,20.38,102548,-25.04,-33.0,0.088
2024-07-03T05:04:36.000,34.78,22.48,12.08,17.68,20.38,102549,-25.16,-33.0,0.088
2024-07-03T05:05:36.000,34.77,22.23,10.76,17.8,20.38,102550,-25.29,-33.0,0.088
2024-07-03T05:06:36.000,34.74,22.05,9.68,17.92,20.38,102551,-25.41,-33.0,0.088
2024-07-03T05:07:36.000,34.7,21.95,9.25,17.97,20.38,102552,-25.54,-33.0,0.088
2024-07-03T05:08:36.000,34.67,21.89,9.4,17.95,20.38,102553,-25.66,-33.0,0.088
2024-07-03T05:09:36.000,34.56,21.51,9.6,17.92,20.38,102554,-25.78,-33.0,0.088
2024-07-03T05:10:36.000,34.46,21.52,9.54,17.93,20.38,102555,-25.91,-33.0,0.088
2024-07-03T05:11:37.000,34.45,21.76,9.56,17.93,20.38,102556,-26.03,-33.0,0.088
2024-07-03T05:12:37.000,34.39,21.47,9.56,17.93,20.38,102557,-26.15,-33.0,0.088
2024-07-03T05:13:37.000,34.28,21.53,9.2,17.97,20.38,102558,-26.27,-33.0,0.088
2024-07-03T05:14:37.000,34.29,21.65,8.69,18.03,20.38,102559,-26.39,-33.0,0.088
2024-07-03T05:15:37.000,34.26,21.58,8.56,18.05,20.38,102560,-26.51,-33.0,0.087
2024-07-03T05:16:37.000,34.15,21.32,8.73,18.03,20.38,102561,-26.63,-33.0,0.087
2024-07-03T05:17:37.000,34.11,21.55,9.61,17.92,20.38,102562,-26.74,-33.0,0.087
2024-07-03T05:18:37.000,34.04,21.61,11.21,17.76,20.38,102563,-26.86,-33.0,0.087
2024-07-03T05:19:37.000,34.03,22.07,12.65,17.63,20.38,102564,-26.98,-33.0,0.087
2024-07-03T05:20:38.000,34.06,22.31,13.84,17.53,20.38,102565,-27.09,-33.0,0.087
2024-07-03T05:21:38.000,34.02,22.48,14.78,17.46,20.38,102566,-27.21,-33.0,0.087
2024-07-03T05:22:39.000,33.98,22.6,15.75,17.39,20.38,102567,-27.32,-33.0,0.087
2024-07-03T05:23:39.000,33.96,22.87,16.57,17.33,20.38,102568,-27.44,-33.0,0.087
2024-07-03T05:24:39.000,34.0,23.18,17.17,17.23,20.38,102569,-27.55,-32.0,0.087
2024-07-03T05:25:39.000,33.95,23.2,18.34,17.23,20.38,102570,-27.66,-32.0,0.087
2024-07-03T05:26:39.000,34.07,23.26,18.64,17.14,20.38,102571,-27.77,-32.0,0.087
2024-07-03T05:27:39.000,34.06,23.26,18.95,17.19,20.38,102572,-27.88,-32.0,0.087
2024-07-03T05:28:39.000,34.04,23.25,18.68,17.07,20.38,102573,-27.99,-32.0,0.087
2024-07-03T05:29:40.000,34.09,23.49,18.64,17.07,20.38,102574,-28.1,-32.0,0.087
2024-07-03T05:30:40.000,34.14,23.49,17.89,17.25,20.38,102575,-28.21,-32.0,0.087
2024-07-03T05:31:40.000,34.19,23.61,17.4,17.28,20.38,102576,-28.32,-32.0,0.087
2024-07-03T05:32:40.000,34.23,23.57,17.48,17.3,20.38,102577,-28.43,-32.0,0.087
2024-07-03T05:33:40.000,34.26,23.79,16.91,17.24,20.38,102578,-28.53,-32.0,0.087
2024-07-03T05:34:41.000,34.33,23.83,18.49,17.17,20.38,102579,-28.64,-32.0,0.087
2024-07-03T05:35:41.000,34.33,23.89,20.16,17.09,20.38,102580,-28.74,-32.0,0.087
2024-07-03T05:36:41.000,34.35,23.95,21.53,17.06,20.38,102581,-28.85,-32.0,0.087
2024-07-03T05:37:41.000,34.36,23.95,22.45,16.89,20.38,102582,-28.95,-32.0,0.087
2024-07-03T05:38:41.000,34.43,24.16,23.98,16.88,20.38,102583,-29.05,-32.0,0.086
2024-07-03T05:39:41.000,34.43,24.0,22.37,16.94,20.38,102584,-29.15,-32.0,0.086
2024-07-03T05:40:41.000,34.44,24.16,24.28,17.07,20.38,102585,-29.25,-32.0,0.086
2024-07-03T05:41:42.000,34.49,24.13,25.17,16.85,20.38,102586,-29.36,-32.0,0.086
2024-07-03T05:42:42.000,34.51,24.21,24.85,16.71,20.38,102587,-29.46,-32.0,0.086
2024-07-03T05:43:42.000,34.57,24.25,25.29,16.7,20.38,102588,-29.55,-32.0,0.086
2024-07-03T05:44:42.000,34.57,24.1,25.49,16.59,20.38,102589,-29.65,-32.0,0.086
2024-07-03T05:45:43.000,34.54,24.11,25.87,16.63,20.38,102590,-29.75,-32.0,0.086
2024-07-03T05:46:43.000,34.5,24.11,25.44,16.7,20.38,102591,-29.85,-32.0,0.086
2024-07-03T05:47:43.000,34.51,24.2,26.12,16.55,20.38,102592,-29.94,-32.0,0.086
2024-07-03T05:48:43.000,34.46,24.16,24.5,16.7,20.38,102593,-30.03,-32.0,0.086
2024-07-03T05:49:43.000,34.38,24.07,32.26,16.75,20.38,102594,-30.13,-32.0,0.086
2024-07-03T05:50:43.000,34.11,23.61,25.78,16.59,20.38,102595,-30.22,-31.0,0.086
2024-07-03T05:51:43.000,31.53,16.03,31.55,16.68,20.38,102596,-30.31,-31.0,0.086
2024-07-03T05:52:44.000,28.33,15.27,29.96,16.53,20.38,102597,-30.41,-31.0,0.086
2024-07-03T05:53:44.000,26.34,14.89,34.2,16.35,20.38,102598,-30.5,-31.0,0.086
2024-07-03T05:54:44.000,25.02,15.22,29.11,16.56,20.38,102599,-30.59,-31.0,0.086
2024-07-03T05:55:46.000,24.84,18.86,34.63,16.24,20.38,102600,-30.68,-31.0,0.086
2024-07-03T05:56:46.000,24.8,18.79,33.15,16.6,20.38,102601,-30.76,-31.0,0.086
2024-07-03T05:57:46.000,24.24,17.64,35.51,16.39,20.38,102602,-30.85,-31.0,0.086
2024-07-03T05:58:46.000,23.95,18.17,36.29,16.32,20.38,102603,-30.94,-31.0,0.086
2024-07-03T05:59:46.000,23.69,18.04,42.11,16.42,20.38,102604,-31.02,-31.0,0.086
2024-07-03T06:00:47.000,23.43,18.44,28.79,16.5,20.38,102605,-31.11,-31.0,0.086
2024-07-03T06:01:47.000,23.28,18.53,28.77,16.41,20.38,102606,-31.19,-31.0,0.085
2024-07-03T06:02:47.000,23.16,18.93,29.05,16.77,20.38,102607,-31.28,-31.0,0.085
2024-07-03T06:03:48.000,23.17,19.1,28.36,16.71,20.38,102608,-31.36,-31.0,0.085
2024-07-03T06:26:05.000,22.7,19.26,20.15,17.08,20.38,102629,-32.95,-29.0,0.084
2024-07-03T06:27:05.000,22.82,19.65,20.92,17.01,20.38,102630,-33.01,-29.0,0.084
2024-07-03T06:28:06.000,22.89,19.22,20.25,17.16,20.38,102631,-33.07,-29.0,0.084
2024-07-03T06:29:06.000,22.87,19.16,19.62,17.05,20.38,102632,-33.13,-29.0,0.084
2024-07-03T06:31:13.000,23.03,19.58,20.17,17.03,20.38,102634,-33.26,-29.0,0.084
2024-07-03T06:32:13.000,23.05,19.39,20.53,17.04,20.38,102635,-33.31,-29.0,0.084
2024-07-03T06:33:13.000,23.09,19.51,19.64,17.15,20.38,102636,-33.37,-29.0,0.084
2024-07-03T06:34:13.000,23.08,19.37,22.06,17.1,20.38,102637,-33.42,-29.0,0.084
2024-07-03T06:35:13.000,23.13,19.42,21.8,17.13,20.38,102638,-33.47,-28.0,0.084
2024-07-03T06:36:14.000,23.05,18.86,19.98,17.14,20.38,102639,-33.53,-28.0,0.084
2024-07-03T06:37:13.000,23.13,19.5,19.83,17.1,20.38,102640,-33.58,-28.0,0.084
2024-07-03T06:38:14.000,23.26,19.67,19.59,17.09,20.38,102641,-33.63,-28.0,0.084
2024-07-03T06:39:13.000,23.34,19.63,19.2,17.04,20.38,102642,-33.68,-28.0,0.084
2024-07-03T06:40:14.000,23.38,19.28,18.68,17.07,20.38,102643,-33.73,-28.0,0.084
2024-07-03T06:41:14.000,23.38,18.56,18.27,17.16,20.38,102644,-33.77,-28.0,0.084
2024-07-03T06:42:14.000,23.61,18.64,17.61,17.12,20.38,102645,-33.82,-28.0,0.084
2024-07-03T06:43:15.000,23.74,18.29,17.78,17.19,20.38,102646,-33.87,-28.0,0.084
2024-07-03T06:44:14.000,23.86,17.66,17.46,17.28,20.38,102647,-33.91,-28.0,0.084
2024-07-03T06:45:15.000,23.89,16.29,17.16,17.24,20.38,102648,-33.95,-28.0,0.084
2024-07-03T06:46:15.000,23.99,15.54,16.07,17.23,20.38,102649,-34.0,-27.0,0.084
2024-07-03T06:47:15.000,24.17,14.6,15.27,17.35,20.38,102650,-34.04,-27.0,0.084
2024-07-03T06:48:15.000,24.42,14.36,14.75,17.23,20.38,102651,-34.08,-27.0,0.084
2024-07-03T06:49:15.000,24.75,14.1,15.0,17.37,20.38,102652,-34.12,-27.0,0.083
2024-07-03T06:50:15.000,24.91,13.64,14.88,17.37,20.38,102653,-34.16,-27.0,0.083
2024-07-03T06:51:15.000,25.1,13.72,14.92,17.31,20.38,102654,-34.19,-27.0,0.083
2024-07-03T06:52:16.000,25.25,13.97,14.71,17.47,20.38,102655,-34.23,-27.0,0.083
2024-07-03T06:53:17.000,25.34,13.92,14.51,17.48,20.38,102656,-34.27,-27.0,0.083
2024-07-03T06:54:17.000,25.41,13.92,14.34,17.49,20.38,102657,-34.3,-27.0,0.083
2024-07-03T06:55:18.000,25.5,14.01,13.95,17.52,20.38,102658,-34.34,-27.0,0.083
2024-07-03T06:56:18.000,25.56,13.98,13.13,17.59,20.38,102659,-34.37,-27.0,0.083
2024-07-03T06:57:18.000,25.62,13.93,11.84,17.71,20.38,102660,-34.4,-26.0,0.083
2024-07-03T06:58:19.000,25.67,13.79,9.81,17.82,20.38,102661,-34.43,-26.0,0.083
2024-07-03T06:59:19.000,25.68,13.5,8.5,17.91,20.38,102662,-34.46,-26.0,0.083
2024-07-03T07:00:19.000,25.66,13.34,8.01,18.12,20.38,102663,-34.49,-26.0,0.083
2024-07-03T07:01:19.000,25.65,13.17,7.98,18.13,20.38,102664,-34.52,-26.0,0.083
2024-07-03T07:02:19.000,25.62,12.97,7.75,18.17,20.38,102665,-34.54,-26.0,0.083
2024-07-03T07:03:20.000,25.62,12.82,7.13,18.25,20.38,102666,-34.57,-26.0,0.083
