Downloads/jupyter/ECSV/stars19/stars19_2024-01.ecsv
# %ECSV 1.0
# ---
# datatype:
# - {name: time, datatype: string}
# - {name: Enclosure Temperature, unit: deg_C, datatype: float64}
# - {name: Sky Temperature, unit: deg_C, datatype: float64}
# - {name: Frequency, unit: Hz, datatype: float64}
# - {name: MSAS, unit: mag / arcsec2, datatype: float64}
# - {name: ZP, datatype: float64}
# - {name: Sequence Number, datatype: int64}
# - {name: Sun Alt, unit: deg, datatype: float64}
# - {name: Moon Alt, unit: deg, datatype: float64}
# - {name: Moon Illumination, datatype: float64}
# delimiter: ','
# meta: !!omap
# - ida:
#     Data supplier: {affiliation: null, observer: null}
#     Device type: TESS-W
#     Field of view: 17.0
#     Filters per channel: None
#     Instrument ID: stars19
#     License: ODbL 1.0 http://opendatacommons.org/licenses/odbl/summary/
#     Local timezone: America/Phoenix
#     Location name: {country: '- Tucson', place: Tucson, region: United States, sub_region: Arizona, town: Pima County}
#     Measurement direction per channel: {azimuth: 0.0, zenital: 0.0}
#     Moving / Fixed look direction: FIXED
#     Moving / Stationary position: STATIONARY
#     Number of channels: 1
#     Number of fields per line: 8
#     Number of header lines: 35
#     Position: {height: 0.0, latitude: 32.223877, longitude: -110.767532}
#     TESS MAC address: 18:FE:34:CF:EC:06
#     TESS cover offset value: 0.0
#     TESS firmware version: '1.0'
#     TESS zero point: 20.38
#     Time Synchronization: timestamp added by MQTT subscriber
#     URL: http://www.darksky.org/NSBM/sdf1.0.pdf
# - __serialized_columns__:
#     Enclosure Temperature:
#       __class__: astropy.units.quantity.Quantity
#       unit: &id001 !astropy.units.Unit {unit: deg_C}
#       value: !astropy.table.SerializedColumn {name: Enclosure Temperature}
#     Frequency:
#       __class__: astropy.units.quantity.Quantity
#       unit: !astropy.units.Unit {unit: Hz}
#       value: !astropy.table.SerializedColumn {name: Frequency}
#     MSAS:
#       __class__: astropy.units.quantity.Quantity
#       unit: !astropy.units.Unit {unit: mag / arcsec2}
#       value: !astropy.table.SerializedColumn {name: MSAS}
#     Moon Alt:
#       __class__: astropy.units.quantity.Quantity
#       unit: &id002 !astropy.units.Unit {unit: deg}
#       value: !astropy.table.SerializedColumn {name: Moon Alt}
#     Sky Temperature:
#       __class__: astropy.units.quantity.Quantity
#       unit: *id001
#       value: !astropy.table.SerializedColumn {name: Sky Temperature}
#     Sun Alt:
#       __class__: astropy.units.quantity.Quantity
#       unit: *id002
#       value: !astropy.table.SerializedColumn {name: Sun Alt}
#     time:
#       __class__: astropy.time.core.Time
#       format: isot
#       in_subfmt: '*'
#       out_subfmt: '*'
#       precision: 3
#       scale: utc
#       value: !astropy.table.SerializedColumn {name: time}
# schema: astropy-2.0
time,Enclosure Temperature,Sky Temperature,Frequency,MSAS,ZP,Sequence Number,Sun Alt,Moon Alt,Moon Illumination
[from data line 21082]
2024-01-25T07:19:07.000,11.14,-6.82,298.51,14.2,20.38,166848,-76.35,83.0,0.996
2024-01-25T07:36:13.000,11.1,-4.46,58.88,15.96,20.38,166864,-76.84,82.0,0.996
2024-01-25T07:37:12.000,11.13,-4.49,96.16,15.43,20.38,166865,-76.83,82.0,0.996
2024-01-25T07:38:13.000,11.18,-4.68,130.49,15.09,20.38,166866,-76.82,82.0,0.996
2024-01-25T07:40:14.000,11.09,-5.65,199.96,14.63,20.38,166868,-76.79,81.0,0.996
2024-01-25T07:41:14.000,11.07,-6.02,191.15,14.68,20.38,166869,-76.77,81.0,0.996
2024-01-25T07:42:14.000,11.06,-6.52,207.19,14.59,20.38,166870,-76.74,81.0,0.996
2024-01-25T07:43:14.000,11.09,-6.94,235.91,14.45,20.38,166871,-76.71,81.0,0.996
2024-01-25T07:44:14.000,11.1,-7.51,236.11,14.45,20.38,166872,-76.68,81.0,0.996
2024-01-25T07:45:15.000,11.11,-7.82,226.67,14.49,20.38,166873,-76.65,81.0,0.996
2024-01-25T07:46:14.000,11.14,-8.05,203.4,14.61,20.38,166874,-76.61,81.0,0.996
2024-01-25T07:47:15.000,11.15,-8.1,170.47,14.81,20.38,166875,-76.56,80.0,0.996
2024-01-25T07:48:15.000,11.17,-8.14,151.36,14.94,20.38,166876,-76.51,80.0,0.996
2024-01-25T07:49:15.000,11.17,-7.91,138.81,15.02,20.38,166877,-76.46,80.0,0.997
2024-01-25T08:06:19.000,11.01,-7.32,290.47,14.23,20.38,166893,-75.1,77.0,0.997
2024-01-25T08:07:19.000,10.96,-6.94,262.71,14.34,20.38,166894,-74.99,77.0,0.997
2024-01-25T08:08:21.000,10.93,-6.17,283.15,14.26,20.38,166895,-74.88,77.0,0.997
2024-01-25T08:09:21.000,10.93,-5.21,252.38,14.38,20.38,166896,-74.77,77.0,0.997
2024-01-25T08:10:24.000,10.95,-3.93,216.73,14.55,20.38,166897,-74.65,77.0,0.997
2024-01-25T08:11:24.000,10.95,-3.08,169.71,14.81,20.38,166898,-74.53,77.0,0.997
2024-01-25T08:12:24.000,10.89,-2.56,160.02,14.87,20.38,166899,-74.41,76.0,0.997
2024-01-25T08:13:24.000,10.79,-2.07,148.52,14.95,20.38,166900,-74.29,76.0,0.997
2024-01-25T08:14:24.000,10.74,-1.57,140.07,15.02,20.38,166901,-74.16,76.0,0.997
2024-01-25T08:15:24.000,10.75,-1.35,118.86,15.19,20.38,166902,-74.04,76.0,0.997
2024-01-25T08:16:24.000,10.73,-1.67,140.52,15.04,20.38,166903,-73.91,76.0,0.997
2024-01-25T08:17:24.000,10.76,-1.82,138.18,15.04,20.38,166904,-73.78,75.0,0.997
2024-01-25T08:18:24.000,10.79,-2.25,122.22,15.17,20.38,166905,-73.65,75.0,0.997
2024-01-25T08:19:24.000,10.77,-2.95,146.23,14.98,20.38,166906,-73.51,75.0,0.997
2024-01-25T08:20:25.000,10.74,-3.92,139.53,15.02,20.38,166907,-73.38,75.0,0.997
2024-01-25T08:21:25.000,10.74,-4.91,149.12,14.95,20.38,166908,-73.24,75.0,0.997
2024-01-25T08:25:25.000,10.78,-5.8,156.68,14.9,20.38,166912,-72.67,74.0,0.997
2024-01-25T08:27:26.000,10.76,-6.2,170.79,14.87,20.38,166914,-72.37,74.0,0.997
2024-01-25T08:28:26.000,10.8,-5.93,156.04,14.95,20.38,166915,-72.22,73.0,0.997
2024-01-25T08:29:26.000,10.86,-5.93,148.9,14.98,20.38,166916,-72.07,73.0,0.997
2024-01-25T08:30:26.000,10.89,-5.91,141.48,15.03,20.38,166917,-71.92,73.0,0.997
2024-01-25T08:31:27.000,10.91,-5.85,86.9,15.53,20.38,166918,-71.76,73.0,0.997
2024-01-25T08:32:27.000,10.92,-5.76,97.68,15.45,20.38,166919,-71.6,73.0,0.997
2024-01-25T08:33:27.000,10.94,-5.48,99.6,15.4,20.38,166920,-71.45,72.0,0.997
2024-01-25T08:34:27.000,10.97,-5.08,83.91,15.57,20.38,166921,-71.29,72.0,0.997
2024-01-25T08:35:27.000,11.01,-4.75,93.21,15.47,20.38,166922,-71.13,72.0,0.997
2024-01-25T08:36:27.000,11.05,-4.7,106.73,15.32,20.38,166923,-70.97,72.0,0.997
2024-01-25T08:37:29.000,11.07,-4.65,104.22,15.34,20.38,166924,-70.8,72.0,0.997
2024-01-25T08:38:28.000,11.11,-4.66,103.89,15.35,20.38,166925,-70.64,71.0,0.997
2024-01-25T08:39:28.000,11.12,-4.6,78.3,15.65,20.38,166926,-70.47,71.0,0.997
2024-01-25T08:40:30.000,11.14,-4.65,73.36,15.72,20.38,166927,-70.3,71.0,0.997
2024-01-25T08:41:30.000,11.16,-4.42,81.48,15.61,20.38,166928,-70.13,71.0,0.997
2024-01-25T08:42:30.000,11.14,-4.4,70.56,15.76,20.38,166929,-69.96,71.0,0.997
2024-01-25T08:43:30.000,11.1,-3.98,62.3,15.9,20.38,166930,-69.79,70.0,0.997
2024-01-25T08:44:32.000,11.08,-3.48,52.96,16.07,20.38,166931,-69.62,70.0,0.997
2024-01-25T08:45:34.000,11.08,-3.01,58.4,15.97,20.38,166932,-69.44,70.0,0.997
2024-01-25T08:46:35.000,11.08,-2.83,50.74,16.12,20.38,166933,-69.27,70.0,0.997
2024-01-25T08:47:35.000,11.07,-2.78,53.66,16.06,20.38,166934,-69.09,70.0,0.997
2024-01-25T08:48:35.000,11.04,-2.83,50.84,16.12,20.38,166935,-68.92,69.0,0.997
2024-01-25T08:49:35.000,11.06,-2.66,49.81,16.14,20.38,166936,-68.74,69.0,0.997
2024-01-25T08:50:35.000,11.09,-2.68,47.67,16.18,20.38,166937,-68.57,69.0,0.997
2024-01-25T08:51:35.000,11.08,-2.88,46.82,16.2,20.38,166938,-68.39,69.0,0.997
2024-01-25T08:52:35.000,11.06,-2.81,46.43,16.21,20.38,166939,-68.21,69.0,0.997
2024-01-25T08:53:35.000,11.08,-2.48,48.0,16.18,20.38,166940,-68.03,68.0,0.997
2024-01-25T08:54:35.000,11.11,-2.33,48.13,16.17,20.38,166941,-67.85,68.0,0.997
2024-01-25T08:55:35.000,11.14,-2.2,49.44,16.14,20.38,166942,-67.67,68.0,0.997
2024-01-25T08:56:35.000,11.17,-2.14,49.82,16.14,20.38,166943,-67.49,68.0,0.997
2024-01-25T08:57:36.000,11.18,-2.29,50.74,16.12,20.38,166944,-67.31,68.0,0.997
2024-01-25T08:58:37.000,11.13,-2.55,50.86,16.11,20.38,166945,-67.12,67.0,0.997
2024-01-25T08:59:38.000,11.14,-2.62,52.25,16.09,20.38,166946,-66.93,67.0,0.997
2024-01-25T09:00:38.000,11.15,-2.81,54.65,16.04,20.38,166947,-66.75,67.0,0.997
2024-01-25T09:01:38.000,11.2,-2.84,56.0,16.01,20.38,166948,-66.56,67.0,0.997
2024-01-25T09:02:38.000,11.25,-3.07,57.41,15.98,20.38,166949,-66.38,67.0,0.997
2024-01-25T09:03:38.000,11.3,-3.04,57.39,15.98,20.38,166950,-66.19,66.0,0.997
2024-01-25T09:04:38.000,11.31,-2.91,57.26,15.99,20.38,166951,-66.01,66.0,0.997
2024-01-25T09:05:39.000,11.33,-2.77,58.7,15.96,20.38,166952,-65.82,66.0,0.997
2024-01-25T09:07:39.000,11.4,-3.5,73.36,15.72,20.38,166954,-65.44,66.0,0.997
2024-01-25T09:08:40.000,11.42,-4.0,74.39,15.7,20.38,166955,-65.25,65.0,0.997
2024-01-25T09:09:40.000,11.4,-4.07,68.02,15.8,20.38,166956,-65.06,65.0,0.997
2024-01-25T09:10:40.000,11.36,-3.92,66.32,15.83,20.38,166957,-64.87,65.0,0.997
2024-01-25T09:11:40.000,11.36,-3.74,61.3,15.91,20.38,166958,-64.68,65.0,0.997
2024-01-25T09:12:40.000,11.36,-3.72,57.77,15.98,20.38,166959,-64.49,64.0,0.997
2024-01-25T09:13:40.000,11.36,-3.79,55.43,16.02,20.38,166960,-64.29,64.0,0.997
2024-01-25T09:14:40.000,11.3,-3.99,61.59,15.91,20.38,166961,-64.1,64.0,0.997
2024-01-25T09:15:40.000,11.26,-4.13,64.93,15.85,20.38,166962,-63.91,64.0,0.997
2024-01-25T09:16:41.000,11.2,-4.67,59.25,15.95,20.38,166963,-63.71,64.0,0.997
2024-01-25T09:17:41.000,11.14,-5.31,64.91,15.85,20.38,166964,-63.52,63.0,0.997
2024-01-25T09:18:41.000,11.14,-5.8,67.3,15.81,20.38,166965,-63.32,63.0,0.997
2024-01-25T09:19:41.000,11.18,-6.07,59.45,15.95,20.38,166966,-63.13,63.0,0.997
2024-01-25T09:20:42.000,11.23,-6.31,54.41,16.04,20.38,166967,-62.93,63.0,0.997
2024-01-25T09:21:43.000,11.21,-6.31,56.8,15.99,20.38,166968,-62.73,63.0,0.997
2024-01-25T09:22:43.000,11.18,-6.1,51.5,16.1,20.38,166969,-62.54,62.0,0.997
2024-01-25T09:23:43.000,11.17,-6.26,43.25,16.29,20.38,166970,-62.34,62.0,0.997
2024-01-25T09:24:43.000,11.14,-6.84,35.35,16.51,20.38,166971,-62.14,62.0,0.997
2024-01-25T09:25:43.000,11.08,-7.54,27.42,16.73,20.38,166972,-61.95,62.0,0.997
2024-01-25T09:26:43.000,11.01,-8.07,22.6,17.0,20.38,166973,-61.75,62.0,0.997
2024-01-25T09:27:43.000,10.96,-8.37,17.96,17.25,20.38,166974,-61.55,61.0,0.997
2024-01-25T09:28:43.000,10.93,-8.36,16.05,17.37,20.38,166975,-61.35,61.0,0.997
2024-01-25T09:29:43.000,10.92,-8.22,17.59,17.27,20.38,166976,-61.16,61.0,0.997
2024-01-25T09:30:43.000,10.9,-7.76,24.21,16.93,20.38,166977,-60.96,61.0,0.997
2024-01-25T09:31:43.000,10.88,-6.81,33.1,16.59,20.38,166978,-60.76,61.0,0.997
2024-01-25T09:32:44.000,10.88,-5.62,42.4,16.31,20.38,166979,-60.56,60.0,0.997
2024-01-25T09:33:44.000,10.91,-4.74,45.66,16.23,20.38,166980,-60.36,60.0,0.997
2024-01-25T09:34:44.000,10.92,-4.41,45.96,16.22,20.38,166981,-60.16,60.0,0.997
2024-01-25T09:35:46.000,10.97,-4.25,48.24,16.17,20.38,166982,-59.95,60.0,0.997
2024-01-25T09:36:45.000,11.03,-3.94,48.62,16.16,20.38,166983,-59.75,60.0,0.997
2024-01-25T09:37:45.000,11.06,-3.6,47.29,16.19,20.38,166984,-59.55,59.0,0.997
2024-01-25T09:38:45.000,11.05,-3.33,45.61,16.23,20.38,166985,-59.35,59.0,0.997
2024-01-25T09:39:45.000,11.04,-2.86,47.53,16.19,20.38,166986,-59.15,59.0,0.997
2024-01-25T09:40:49.000,11.04,-2.39,48.22,16.17,20.38,166987,-58.93,59.0,0.997
2024-01-25T09:41:49.000,11.02,-2.0,49.69,16.14,20.38,166988,-58.73,58.0,0.997
2024-01-25T09:42:49.000,11.0,-1.75,49.3,16.15,20.38,166989,-58.53,58.0,0.997
2024-01-25T09:43:49.000,10.99,-1.58,51.16,16.11,20.38,166990,-58.33,58.0,0.997
2024-01-25T09:45:53.000,10.95,-1.58,48.76,16.16,20.38,166992,-57.91,58.0,0.997
2024-01-25T09:46:53.000,10.95,-1.28,50.33,16.13,20.38,166993,-57.7,57.0,0.997
2024-01-25T09:47:53.000,10.93,-0.94,49.92,16.13,20.38,166994,-57.5,57.0,0.997
2024-01-25T09:48:54.000,10.95,-0.73,49.77,16.14,20.38,166995,-57.29,57.0,0.997
2024-01-25T09:49:54.000,10.95,-0.75,49.57,16.14,20.38,166996,-57.09,57.0,0.997
2024-01-25T09:50:54.000,10.94,-1.04,47.41,16.19,20.38,166997,-56.89,57.0,0.997
2024-01-25T09:51:54.000,10.95,-1.19,47.21,16.19,20.38,166998,-56.68,56.0,0.997
2024-01-25T09:52:55.000,10.97,-1.39,47.04,16.2,20.38,166999,-56.47,56.0,0.997
2024-01-25T09:53:55.000,11.02,-1.31,46.38,16.21,20.38,167000,-56.27,56.0,0.997
2024-01-25T09:54:55.000,11.08,-1.24,45.71,16.23,20.38,167001,-56.06,56.0,0.997
2024-01-25T09:55:55.000,11.12,-1.26,46.13,16.22,20.38,167002,-55.86,56.0,0.997
2024-01-25T09:56:55.000,11.09,-1.5,45.27,16.24,20.38,167003,-55.65,55.0,0.997
2024-01-25T09:57:55.000,10.99,-1.76,47.0,16.2,20.38,167004,-55.45,55.0,0.997
2024-01-25T09:58:58.000,10.96,-1.74,48.08,16.18,20.38,167005,-55.23,55.0,0.997
2024-01-25T10:01:58.000,11.11,-1.59,46.63,16.21,20.38,167008,-54.61,54.0,0.997
2024-01-25T10:06:00.000,11.06,-1.99,40.03,16.37,20.38,167012,-53.78,53.0,0.997
2024-01-25T10:07:00.000,11.07,-2.4,38.33,16.42,20.38,167013,-53.57,53.0,0.997
2024-01-25T10:08:01.000,11.08,-2.66,35.5,16.5,20.38,167014,-53.36,53.0,0.997
2024-01-25T10:09:02.000,11.07,-2.72,34.29,16.54,20.38,167015,-53.15,53.0,0.997
2024-01-25T10:10:01.000,11.05,-2.6,36.21,16.48,20.38,167016,-52.95,53.0,0.997
2024-01-25T10:11:03.000,11.02,-2.37,41.36,16.34,20.38,167017,-52.73,52.0,0.997
2024-01-25T10:12:03.000,10.96,-2.3,41.37,16.34,20.38,167018,-52.53,52.0,0.997
2024-01-25T10:13:03.000,10.96,-2.55,40.64,16.36,20.38,167019,-52.32,52.0,0.997
2024-01-25T10:14:03.000,10.96,-3.31,39.84,16.38,20.38,167020,-52.11,52.0,0.997
2024-01-25T10:15:03.000,10.95,-4.08,34.82,16.53,20.38,167021,-51.9,52.0,0.997
2024-01-25T10:16:03.000,10.91,-4.64,27.27,16.79,20.38,167022,-51.69,51.0,0.997
2024-01-25T10:17:04.000,10.9,-5.0,18.97,17.19,20.38,167023,-51.48,51.0,0.997
2024-01-25T10:18:04.000,10.85,-5.46,18.99,17.19,20.38,167024,-51.27,51.0,0.997
2024-01-25T10:19:04.000,10.77,-5.83,21.54,17.05,20.38,167025,-51.07,51.0,0.997
2024-01-25T10:20:04.000,10.74,-5.37,22.59,17.0,20.38,167026,-50.86,51.0,0.997
2024-01-25T10:21:05.000,10.74,-4.72,24.3,16.92,20.38,167027,-50.64,50.0,0.997
2024-01-25T10:30:05.000,11.14,-1.92,29.27,16.72,20.38,167036,-48.76,48.0,0.997
2024-01-25T10:31:05.000,11.19,-1.61,33.86,16.56,20.38,167037,-48.55,48.0,0.997
2024-01-25T10:32:05.000,11.25,-1.14,33.89,16.56,20.38,167038,-48.34,48.0,0.997
2024-01-25T10:33:05.000,11.28,-0.49,35.1,16.52,20.38,167039,-48.13,48.0,0.997
2024-01-25T10:34:05.000,11.29,0.16,34.14,16.55,20.38,167040,-47.92,48.0,0.997
2024-01-25T10:35:05.000,11.32,0.6,34.17,16.55,20.38,167041,-47.71,47.0,0.997
2024-01-25T10:36:05.000,11.33,0.83,32.88,16.59,20.38,167042,-47.5,47.0,0.997
2024-01-25T10:37:05.000,11.31,0.83,35.25,16.51,20.38,167043,-47.29,47.0,0.997
2024-01-25T10:38:05.000,11.27,0.69,40.86,16.35,20.38,167044,-47.08,47.0,0.997
2024-01-25T10:39:08.000,11.22,0.26,41.08,16.35,20.38,167045,-46.86,47.0,0.997
2024-01-25T10:40:08.000,11.15,-0.71,35.75,16.5,20.38,167046,-46.65,46.0,0.997
2024-01-25T10:41:08.000,11.09,-1.87,32.21,16.61,20.38,167047,-46.44,46.0,0.997
2024-01-25T10:42:10.000,11.07,-2.91,33.32,16.57,20.38,167048,-46.22,46.0,0.997
2024-01-25T10:43:10.000,11.08,-3.92,25.01,16.9,20.38,167049,-46.01,46.0,0.997
2024-01-25T10:44:10.000,11.11,-5.02,15.39,17.42,20.38,167050,-45.8,46.0,0.997
2024-01-25T10:45:10.000,11.12,-6.21,11.49,17.73,20.38,167051,-45.59,45.0,0.997
2024-01-25T10:46:10.000,11.12,-7.28,10.19,17.86,20.38,167052,-45.38,45.0,0.997
2024-01-25T10:47:10.000,11.12,-8.18,7.9,18.14,20.38,167053,-45.17,45.0,0.997
2024-01-25T10:48:10.000,11.13,-8.92,5.97,18.44,20.38,167054,-44.96,45.0,0.997
2024-01-25T10:49:10.000,11.14,-9.36,5.4,18.55,20.38,167055,-44.75,44.0,0.997
2024-01-25T10:50:10.000,11.14,-9.68,5.0,18.63,20.38,167056,-44.54,44.0,0.997
2024-01-25T10:51:10.000,11.16,-9.75,4.87,18.66,20.38,167057,-44.33,44.0,0.997
2024-01-25T10:52:10.000,11.2,-9.94,4.83,18.67,20.38,167058,-44.12,44.0,0.997
2024-01-25T10:53:10.000,11.22,-10.32,4.78,18.68,20.38,167059,-43.9,44.0,0.997
2024-01-25T10:54:10.000,11.23,-10.58,4.72,18.7,20.38,167060,-43.69,43.0,0.997
2024-01-25T10:55:10.000,11.2,-10.7,4.73,18.69,20.38,167061,-43.48,43.0,0.997
2024-01-25T10:56:12.000,11.19,-10.78,4.67,18.71,20.38,167062,-43.26,43.0,0.997
2024-01-25T10:57:12.000,11.17,-10.9,4.53,18.74,20.38,167063,-43.05,43.0,0.997
2024-01-25T10:58:13.000,11.15,-10.98,4.48,18.75,20.38,167064,-42.84,43.0,0.997
2024-01-25T10:59:14.000,11.17,-10.94,4.43,18.76,20.38,167065,-42.62,42.0,0.997
2024-01-25T11:00:14.000,11.14,-11.14,4.41,18.77,20.38,167066,-42.41,42.0,0.997
2024-01-25T11:01:14.000,11.08,-11.13,4.4,18.77,20.38,167067,-42.2,42.0,0.997
2024-01-25T11:02:14.000,11.03,-11.07,4.44,18.76,20.38,167068,-41.99,42.0,0.997
2024-01-25T11:03:14.000,11.01,-10.91,4.47,18.75,20.38,167069,-41.78,42.0,0.997
2024-01-25T11:04:14.000,11.0,-10.8,4.47,18.75,20.38,167070,-41.57,41.0,0.997
2024-01-25T11:05:14.000,10.99,-10.78,4.45,18.76,20.38,167071,-41.36,41.0,0.997
2024-01-25T11:06:16.000,10.97,-10.85,4.41,18.77,20.38,167072,-41.14,41.0,0.997
2024-01-25T11:07:16.000,10.97,-10.92,4.35,18.78,20.38,167073,-40.93,41.0,0.997
2024-01-25T11:08:16.000,10.91,-11.32,4.29,18.8,20.38,167074,-40.72,41.0,0.997
2024-01-25T11:09:16.000,10.79,-11.52,4.23,18.81,20.38,167075,-40.5,40.0,0.997
2024-01-25T11:10:16.000,10.75,-11.43,4.19,18.83,20.38,167076,-40.29,40.0,0.997
2024-01-25T11:11:16.000,10.72,-11.58,4.16,18.83,20.38,167077,-40.08,40.0,0.997
2024-01-25T11:12:16.000,10.62,-11.84,4.13,18.84,20.38,167078,-39.87,40.0,0.997
2024-01-25T11:13:16.000,10.53,-11.77,4.1,18.85,20.38,167079,-39.66,40.0,0.997
2024-01-25T11:14:16.000,10.44,-11.88,4.08,18.85,20.38,167080,-39.45,39.0,0.997
2024-01-25T11:15:16.000,10.35,-11.92,4.09,18.85,20.38,167081,-39.24,39.0,0.997
2024-01-25T11:16:16.000,10.27,-11.89,4.1,18.85,20.38,167082,-39.02,39.0,0.997
2024-01-25T11:17:16.000,10.19,-11.87,4.11,18.85,20.38,167083,-38.81,39.0,0.997
2024-01-25T11:18:16.000,10.18,-11.63,4.12,18.84,20.38,167084,-38.6,38.0,0.997
2024-01-25T11:19:16.000,10.18,-11.61,4.15,18.83,20.38,167085,-38.39,38.0,0.997
2024-01-25T11:20:17.000,10.19,-11.57,4.18,18.83,20.38,167086,-38.17,38.0,0.997
2024-01-25T11:21:18.000,10.22,-11.41,4.05,18.86,20.38,167087,-37.96,38.0,0.997
2024-01-25T11:22:18.000,10.25,-11.4,4.05,18.86,20.38,167088,-37.75,38.0,0.997
2024-01-25T11:23:18.000,10.2,-11.78,4.26,18.81,20.38,167089,-37.54,37.0,0.998
2024-01-25T11:24:18.000,10.09,-11.71,5.16,18.6,20.38,167090,-37.32,37.0,0.998
2024-01-25T11:25:18.000,10.03,-11.49,5.75,18.48,20.38,167091,-37.11,37.0,0.998
2024-01-25T11:26:18.000,10.02,-11.04,6.17,18.4,20.38,167092,-36.9,37.0,0.998
2024-01-25T11:27:18.000,10.06,-10.6,6.49,18.35,20.38,167093,-36.69,37.0,0.998
2024-01-25T11:28:18.000,10.14,-10.23,6.62,18.33,20.38,167094,-36.48,36.0,0.998
2024-01-25T11:29:18.000,10.17,-9.9,7.77,18.16,20.38,167095,-36.27,36.0,0.998
2024-01-25T11:30:18.000,10.2,-9.41,9.08,17.99,20.38,167096,-36.06,36.0,0.998
2024-01-25T11:31:18.000,10.21,-8.63,11.02,17.78,20.38,167097,-35.84,36.0,0.998
2024-01-25T11:32:18.000,10.24,-7.99,11.81,17.7,20.38,167098,-35.63,36.0,0.998
2024-01-25T11:33:18.000,10.17,-7.94,11.99,17.68,20.38,167099,-35.42,35.0,0.998
2024-01-25T11:34:18.000,10.12,-7.63,11.15,17.76,20.38,167100,-35.21,35.0,0.998
