Downloads/jupyter/ECSV/stars19/stars19_2024-05.ecsv
# %ECSV 1.0
# ---
# datatype:
# - {name: time, datatype: string}
# - {name: Enclosure Temperature, unit: deg_C, datatype: float64}
# - {name: Sky Temperature, unit: deg_C, datatype: float64}
# - {name: Frequency, unit: Hz, datatype: float64}
# - {name: MSAS, unit: mag / arcsec2, datatype: float64}
# - {name: ZP, datatype: float64}
# - {name: Sequence Number, datatype: int64}
# - {name: Sun Alt, unit: deg, datatype: float64}
# - {name: Moon Alt, unit: deg, datatype: float64}
# - {name: Moon Illumination, datatype: float64}
# delimiter: ','
# meta: !!omap
# - ida:
#     Data supplier: {affiliation: null, observer: null}
#     Device type: TESS-W
#     Field of view: 17.0
#     Filters per channel: None
#     Instrument ID: stars19
#     License: ODbL 1.0 http://opendatacommons.org/licenses/odbl/summary/
#     Local timezone: America/Phoenix
#     Location name: {country: '- Tucson', place: Tucson, region: United States, sub_region: Arizona, town: Pima County}
#     Measurement direction per channel: {azimuth: 0.0, zenital: 0.0}
#     Moving / Fixed look direction: FIXED
#     Moving / Stationary position: STATIONARY
#     Number of channels: 1
#     Number of fields per line: 8
#     Number of header lines: 35
#     Position: {height: 0.0, latitude: 32.223877, longitude: -110.767532}
#     TESS MAC address: 18:FE:34:CF:EC:06
#     TESS cover offset value: 0.0
#     TESS firmware version: '1.0'
#     TESS zero point: 20.38
#     Time Synchronization: timestamp added by MQTT subscriber
#     URL: http://www.darksky.org/NSBM/sdf1.0.pdf
# - __serialized_columns__:
#     Enclosure Temperature:
#       __class__: astropy.units.quantity.Quantity
#       unit: &id001 !astropy.units.Unit {unit: deg_C}
#       value: !astropy.table.SerializedColumn {name: Enclosure Temperature}
#     Frequency:
#       __class__: astropy.units.quantity.Quantity
#       unit: !astropy.units.Unit {unit: Hz}
#       value: !astropy.table.SerializedColumn {name: Frequency}
#     MSAS:
#       __class__: astropy.units.quantity.Quantity
#       unit: !astropy.units.Unit {unit: mag / arcsec2}
#       value: !astropy.table.SerializedColumn {name: MSAS}
#     Moon Alt:
#       __class__: astropy.units.quantity.Quantity
#       unit: &id002 !astropy.units.Unit {unit: deg}
#       value: !astropy.table.SerializedColumn {name: Moon Alt}
#     Sky Temperature:
#       __class__: astropy.units.quantity.Quantity
#       unit: *id001
#       value: !astropy.table.SerializedColumn {name: Sky Temperature}
#     Sun Alt:
#       __class__: astropy.units.quantity.Quantity
#       unit: *id002
#       value: !astropy.table.SerializedColumn {name: Sun Alt}
#     time:
#       __class__: astropy.time.core.Time
#       format: isot
#       in_subfmt: '*'
#       out_subfmt: '*'
#       precision: 3
#       scale: utc
#       value: !astropy.table.SerializedColumn {name: time}
# schema: astropy-2.0
time,Enclosure Temperature,Sky Temperature,Frequency,MSAS,ZP,Sequence Number,Sun Alt,Moon Alt,Moon Illumination
[from data line 13379]
2024-05-17T14:05:00.000,23.52,2.85,0.0,0.0,20.38,35931,19.6,-50.0,0.695
2024-05-17T14:06:00.000,23.57,2.96,0.0,0.0,20.38,35932,19.81,-50.0,0.695
2024-05-17T14:08:01.000,23.64,3.02,0.0,0.0,20.38,35934,20.23,-50.0,0.695
2024-05-17T14:09:02.000,23.68,3.02,0.0,0.0,20.38,35935,20.44,-50.0,0.695
2024-05-17T14:10:02.000,23.66,3.02,0.0,0.0,20.38,35936,20.64,-50.0,0.696
2024-05-17T14:33:10.000,24.63,5.4,0.0,0.0,20.38,35959,25.47,-52.0,0.697
2024-05-17T14:34:11.000,24.69,5.59,0.0,0.0,20.38,35960,25.69,-52.0,0.697
2024-05-17T14:35:11.000,24.77,5.74,0.0,0.0,20.38,35961,25.9,-52.0,0.697
2024-05-17T14:37:11.000,24.81,5.82,0.0,0.0,20.38,35963,26.32,-52.0,0.697
2024-05-17T14:38:11.000,24.81,5.86,0.0,0.0,20.38,35964,26.53,-52.0,0.697
2024-05-17T14:39:11.000,24.87,6.26,0.0,0.0,20.38,35965,26.74,-52.0,0.697
2024-05-17T14:58:13.000,26.59,8.6,0.0,0.0,20.38,35984,30.74,-52.0,0.698
2024-05-17T14:59:13.000,26.7,8.74,0.0,0.0,20.38,35985,30.95,-53.0,0.699
2024-05-17T15:00:14.000,26.83,8.83,0.0,0.0,20.38,35986,31.17,-53.0,0.699
2024-05-17T15:03:15.000,26.92,8.81,0.0,0.0,20.38,35989,31.8,-53.0,0.699
2024-05-17T15:04:16.000,27.1,9.24,0.0,0.0,20.38,35990,32.02,-53.0,0.699
2024-05-17T15:06:16.000,27.39,9.6,0.0,0.0,20.38,35992,32.44,-53.0,0.699
2024-05-17T15:08:17.000,27.69,9.69,0.0,0.0,20.38,35994,32.86,-53.0,0.699
2024-05-17T15:09:17.000,27.81,9.89,0.0,0.0,20.38,35995,33.08,-53.0,0.699
2024-05-17T15:10:17.000,27.91,9.89,0.0,0.0,20.38,35996,33.29,-53.0,0.699
2024-05-17T15:19:20.000,28.41,10.43,0.0,0.0,20.38,36005,35.2,-53.0,0.7
2024-05-17T15:20:20.000,28.45,10.56,0.0,0.0,20.38,36006,35.41,-53.0,0.7
2024-05-17T15:21:20.000,28.54,10.65,0.0,0.0,20.38,36007,35.62,-53.0,0.7
2024-05-17T15:26:21.000,29.02,11.33,0.0,0.0,20.38,36012,36.68,-52.0,0.7
2024-05-17T15:28:21.000,29.34,11.51,0.0,0.0,20.38,36014,37.11,-52.0,0.7
2024-05-17T15:30:21.000,29.45,11.5,0.0,0.0,20.38,36016,37.53,-52.0,0.7
2024-05-17T15:32:21.000,29.67,11.83,0.0,0.0,20.38,36018,37.95,-52.0,0.701
2024-05-17T15:37:21.000,32.28,15.68,0.0,0.0,20.38,36023,39.01,-52.0,0.701
2024-05-17T15:39:22.000,33.4,16.0,0.0,0.0,20.38,36025,39.44,-52.0,0.701
2024-05-17T15:40:22.000,33.82,15.71,0.0,0.0,20.38,36026,39.65,-52.0,0.701
2024-05-17T15:41:22.000,34.2,15.69,0.0,0.0,20.38,36027,39.86,-52.0,0.701
2024-05-17T15:42:22.000,34.65,16.06,0.0,0.0,20.38,36028,40.07,-52.0,0.701
2024-05-17T15:43:22.000,35.02,15.76,0.0,0.0,20.38,36029,40.28,-52.0,0.701
2024-05-17T15:45:22.000,35.35,15.06,0.0,0.0,20.38,36031,40.71,-52.0,0.701
2024-05-17T15:46:22.000,35.55,15.18,0.0,0.0,20.38,36032,40.92,-52.0,0.701
2024-05-17T15:47:22.000,35.91,16.03,0.0,0.0,20.38,36033,41.13,-52.0,0.701
2024-05-17T15:48:22.000,36.35,16.22,0.0,0.0,20.38,36034,41.34,-52.0,0.701
2024-05-17T15:49:22.000,36.64,15.7,0.0,0.0,20.38,36035,41.55,-52.0,0.702
2024-05-17T15:51:23.000,37.25,16.18,0.0,0.0,20.38,36037,41.98,-51.0,0.702
2024-05-17T15:53:23.000,37.36,15.99,0.0,0.0,20.38,36039,42.4,-51.0,0.702
2024-05-17T15:55:23.000,37.75,15.96,0.0,0.0,20.38,36041,42.82,-51.0,0.702
2024-05-17T15:56:23.000,37.96,16.37,0.0,0.0,20.38,36042,43.03,-51.0,0.702
2024-05-17T15:57:23.000,38.19,15.88,0.0,0.0,20.38,36043,43.25,-51.0,0.702
2024-05-17T15:58:23.000,38.18,15.91,0.0,0.0,20.38,36044,43.46,-51.0,0.702
2024-05-17T15:59:23.000,37.96,14.4,0.0,0.0,20.38,36045,43.67,-51.0,0.702
2024-05-17T16:01:25.000,37.52,14.96,0.0,0.0,20.38,36047,44.1,-51.0,0.702
2024-05-17T16:03:25.000,37.63,16.15,0.0,0.0,20.38,36049,44.52,-51.0,0.702
2024-05-17T16:05:25.000,38.01,16.07,0.0,0.0,20.38,36051,44.94,-51.0,0.702
2024-05-17T16:06:25.000,38.18,15.99,0.0,0.0,20.38,36052,45.15,-51.0,0.703
2024-05-17T16:07:25.000,38.4,16.54,0.0,0.0,20.38,36053,45.36,-50.0,0.703
2024-05-17T16:08:26.000,38.72,16.75,0.0,0.0,20.38,36054,45.58,-50.0,0.703
2024-05-17T16:10:26.000,39.16,16.81,0.0,0.0,20.38,36056,46.0,-50.0,0.703
2024-05-17T16:11:26.000,39.39,16.76,0.0,0.0,20.38,36057,46.21,-50.0,0.703
2024-05-17T16:12:26.000,39.47,16.47,0.0,0.0,20.38,36058,46.42,-50.0,0.703
2024-05-17T16:23:31.000,40.78,17.25,0.0,0.0,20.38,36069,48.75,-49.0,0.704
2024-05-17T16:24:31.000,40.8,16.68,0.0,0.0,20.38,36070,48.96,-49.0,0.704
2024-05-17T16:25:32.000,40.83,16.8,0.0,0.0,20.38,36071,49.18,-49.0,0.704
2024-05-17T16:31:33.000,41.39,17.77,0.0,0.0,20.38,36077,50.44,-48.0,0.704
2024-05-17T16:32:33.000,41.38,16.5,0.0,0.0,20.38,36078,50.65,-48.0,0.704
2024-05-17T16:33:33.000,41.14,16.54,0.0,0.0,20.38,36079,50.86,-48.0,0.704
2024-05-17T16:42:35.000,41.09,17.64,0.0,0.0,20.38,36088,52.74,-47.0,0.705
2024-05-17T16:43:35.000,41.17,16.87,0.0,0.0,20.38,36089,52.95,-47.0,0.705
2024-05-17T16:44:35.000,41.27,17.38,0.0,0.0,20.38,36090,53.16,-47.0,0.705
2024-05-17T16:46:35.000,41.67,17.56,0.0,0.0,20.38,36092,53.58,-47.0,0.705
2024-05-17T16:47:36.000,41.92,17.64,0.0,0.0,20.38,36093,53.79,-47.0,0.705
2024-05-17T16:48:36.000,41.82,16.79,0.0,0.0,20.38,36094,53.99,-46.0,0.705
2024-05-17T17:12:44.000,42.08,17.67,0.0,0.0,20.38,36118,58.95,-43.0,0.707
2024-05-17T17:13:44.000,42.07,17.49,0.0,0.0,20.38,36119,59.16,-43.0,0.707
2024-05-17T17:14:44.000,41.9,16.78,0.0,0.0,20.38,36120,59.36,-43.0,0.707
2024-05-17T17:18:46.000,41.98,17.6,0.0,0.0,20.38,36124,60.18,-43.0,0.707
2024-05-17T17:19:46.000,42.32,18.61,0.0,0.0,20.38,36125,60.38,-42.0,0.707
2024-05-17T17:20:47.000,42.73,18.7,0.0,0.0,20.38,36126,60.58,-42.0,0.707
2024-05-17T18:15:57.000,44.43,17.93,0.0,0.0,20.38,36181,70.95,-34.0,0.71
2024-05-17T18:16:57.000,44.38,17.98,0.0,0.0,20.38,36182,71.11,-33.0,0.71
2024-05-17T18:17:57.000,44.58,18.53,0.0,0.0,20.38,36183,71.28,-33.0,0.71
2024-05-17T18:20:00.000,45.01,18.2,0.0,0.0,20.38,36185,71.62,-33.0,0.711
2024-05-17T18:21:01.000,44.97,17.64,0.0,0.0,20.38,36186,71.78,-33.0,0.711
2024-05-17T18:22:01.000,44.89,18.43,0.0,0.0,20.38,36187,71.94,-33.0,0.711
2024-05-17T18:32:03.000,45.75,18.68,0.0,0.0,20.38,36197,73.47,-31.0,0.711
2024-05-17T18:33:03.000,45.99,18.3,0.0,0.0,20.38,36198,73.61,-31.0,0.711
2024-05-17T18:34:04.000,46.15,18.99,0.0,0.0,20.38,36199,73.75,-30.0,0.711
2024-05-17T18:36:04.000,46.25,17.57,0.0,0.0,20.38,36201,74.03,-30.0,0.712
2024-05-17T18:37:04.000,45.85,16.82,0.0,0.0,20.38,36202,74.17,-30.0,0.712
2024-05-17T18:39:04.000,45.75,17.9,0.0,0.0,20.38,36204,74.43,-30.0,0.712
2024-05-17T18:40:04.000,45.61,17.34,0.0,0.0,20.38,36205,74.56,-29.0,0.712
2024-05-17T18:41:04.000,45.39,17.31,0.0,0.0,20.38,36206,74.69,-29.0,0.712
2024-05-17T18:42:04.000,45.39,17.35,0.0,0.0,20.38,36207,74.81,-29.0,0.712
2024-05-17T18:44:04.000,45.38,18.16,0.0,0.0,20.38,36209,75.06,-29.0,0.712
2024-05-17T18:45:05.000,45.78,18.77,0.0,0.0,20.38,36210,75.18,-29.0,0.712
2024-05-17T18:46:05.000,46.01,18.41,0.0,0.0,20.38,36211,75.29,-28.0,0.712
2024-05-17T18:59:06.000,46.77,17.77,0.0,0.0,20.38,36224,76.54,-26.0,0.713
2024-05-17T19:00:06.000,46.79,17.84,0.0,0.0,20.38,36225,76.62,-26.0,0.713
2024-05-17T19:01:06.000,46.78,17.82,0.0,0.0,20.38,36226,76.69,-26.0,0.713
2024-05-17T19:05:07.000,47.43,18.36,0.0,0.0,20.38,36230,76.94,-25.0,0.713
2024-05-17T19:08:08.000,47.56,18.69,0.0,0.0,20.38,36233,77.09,-24.0,0.713
2024-05-17T19:09:09.000,47.8,18.8,0.0,0.0,20.38,36234,77.13,-24.0,0.713
2024-05-17T19:10:09.000,47.87,18.26,0.0,0.0,20.38,36235,77.17,-24.0,0.714
2024-05-17T19:16:11.000,47.08,17.18,0.0,0.0,20.38,36241,77.32,-23.0,0.714
2024-05-17T19:17:11.000,46.69,16.41,0.0,0.0,20.38,36242,77.34,-23.0,0.714
2024-05-17T19:18:11.000,46.2,15.65,0.0,0.0,20.38,36243,77.34,-22.0,0.714
2024-05-17T19:20:12.000,45.91,17.25,0.0,0.0,20.38,36245,77.35,-22.0,0.714
2024-05-17T19:21:12.000,45.87,17.13,0.0,0.0,20.38,36246,77.34,-22.0,0.714
2024-05-17T19:23:14.000,46.5,18.98,0.0,0.0,20.38,36248,77.32,-21.0,0.714
2024-05-17T19:24:14.000,46.63,17.22,0.0,0.0,20.38,36249,77.3,-21.0,0.714
2024-05-17T19:25:14.000,46.42,16.92,0.0,0.0,20.38,36250,77.28,-21.0,0.714
2024-05-17T19:34:15.000,47.78,17.62,0.0,0.0,20.38,36259,76.92,-19.0,0.715
2024-05-17T19:35:15.000,47.75,17.63,0.0,0.0,20.38,36260,76.87,-19.0,0.715
2024-05-17T19:36:16.000,47.75,17.06,0.0,0.0,20.38,36261,76.8,-19.0,0.715
2024-05-17T19:38:16.000,47.6,17.08,0.0,0.0,20.38,36263,76.67,-19.0,0.715
2024-05-17T19:39:16.000,47.62,17.29,0.0,0.0,20.38,36264,76.6,-18.0,0.715
2024-05-17T19:40:16.000,47.38,16.41,0.0,0.0,20.38,36265,76.52,-18.0,0.715
2024-05-17T19:45:16.000,47.45,17.59,0.0,0.0,20.38,36270,76.1,-17.0,0.716
2024-05-17T19:46:16.000,47.45,17.08,0.0,0.0,20.38,36271,76.0,-17.0,0.716
2024-05-17T19:47:17.000,47.42,17.29,0.0,0.0,20.38,36272,75.9,-17.0,0.716
2024-05-17T19:49:17.000,47.49,17.3,0.0,0.0,20.38,36274,75.7,-16.0,0.716
2024-05-17T19:50:18.000,47.67,17.46,0.0,0.0,20.38,36275,75.59,-16.0,0.716
2024-05-17T19:51:18.000,47.75,17.35,0.0,0.0,20.38,36276,75.48,-16.0,0.716
2024-05-17T20:08:41.000,48.49,16.22,0.0,0.0,20.38,36293,73.23,-13.0,0.717
2024-05-17T20:09:41.000,48.27,16.38,0.0,0.0,20.38,36294,73.08,-12.0,0.717
2024-05-17T20:10:44.000,48.44,17.28,0.0,0.0,20.38,36295,72.92,-12.0,0.717
2024-05-17T20:12:47.000,48.33,15.96,0.0,0.0,20.38,36297,72.61,-12.0,0.717
2024-05-17T20:13:48.000,48.34,17.06,0.0,0.0,20.38,36298,72.45,-12.0,0.717
2024-05-17T20:14:48.000,48.45,16.77,0.0,0.0,20.38,36299,72.3,-11.0,0.717
2024-05-17T20:18:51.000,48.6,17.65,0.0,0.0,20.38,36303,71.65,-11.0,0.718
2024-05-17T20:19:53.000,48.83,17.77,0.0,0.0,20.38,36304,71.49,-10.0,0.718
2024-05-17T20:20:53.000,49.18,18.06,0.0,0.0,20.38,36305,71.32,-10.0,0.718
2024-05-17T20:22:58.000,48.88,16.55,0.0,0.0,20.38,36307,70.98,-10.0,0.718
2024-05-17T20:23:58.000,48.58,15.75,0.0,0.0,20.38,36308,70.81,-10.0,0.718
2024-05-17T20:26:04.000,47.94,16.48,0.0,0.0,20.38,36310,70.45,-9.0,0.718
2024-05-17T20:27:04.000,48.02,16.92,0.0,0.0,20.38,36311,70.28,-9.0,0.718
2024-05-17T20:28:04.000,48.19,17.81,0.0,0.0,20.38,36312,70.11,-9.0,0.718
2024-05-17T20:33:07.000,49.05,17.44,0.0,0.0,20.38,36317,69.23,-8.0,0.718
2024-05-17T20:34:07.000,48.91,16.81,0.0,0.0,20.38,36318,69.05,-8.0,0.718
2024-05-17T20:35:08.000,48.79,16.67,0.0,0.0,20.38,36319,68.87,-7.0,0.719
2024-05-17T20:37:10.000,48.7,16.86,0.0,0.0,20.38,36321,68.5,-7.0,0.719
2024-05-17T20:38:10.000,48.64,16.56,0.0,0.0,20.38,36322,68.32,-7.0,0.719
2024-05-17T20:39:11.000,48.4,16.04,0.0,0.0,20.38,36323,68.14,-7.0,0.719
2024-05-17T20:45:12.000,48.16,15.61,0.0,0.0,20.38,36329,67.03,-5.0,0.719
2024-05-17T20:46:12.000,48.06,15.99,0.0,0.0,20.38,36330,66.84,-5.0,0.719
2024-05-17T20:47:12.000,47.66,15.2,0.0,0.0,20.38,36331,66.65,-5.0,0.719
2024-05-17T20:49:12.000,47.7,16.96,0.0,0.0,20.38,36333,66.28,-4.0,0.719
2024-05-17T20:50:12.000,48.0,17.54,0.0,0.0,20.38,36334,66.09,-4.0,0.719
2024-05-17T20:51:13.000,47.81,15.25,0.0,0.0,20.38,36335,65.89,-4.0,0.72
2024-05-17T21:16:23.000,48.71,16.49,0.0,0.0,20.38,36360,60.97,1.0,0.721
2024-05-17T21:17:23.000,48.65,16.84,0.0,0.0,20.38,36361,60.77,1.0,0.721
2024-05-17T21:18:23.000,48.89,17.03,0.0,0.0,20.38,36362,60.57,1.0,0.721
2024-05-17T21:20:24.000,48.67,15.61,0.0,0.0,20.38,36364,60.16,2.0,0.721
2024-05-17T21:21:25.000,48.21,15.1,0.0,0.0,20.38,36365,59.96,2.0,0.721
2024-05-17T21:26:25.000,48.34,17.02,0.0,0.0,20.38,36370,58.95,3.0,0.722
2024-05-17T21:27:25.000,48.15,15.83,0.0,0.0,20.38,36371,58.74,3.0,0.722
2024-05-17T21:28:25.000,47.81,15.85,0.0,0.0,20.38,36372,58.54,3.0,0.722
2024-05-17T21:29:26.000,47.6,16.12,0.0,0.0,20.38,36373,58.33,4.0,0.722
2024-05-17T21:33:26.000,45.25,10.86,0.0,0.0,20.38,36377,57.51,4.0,0.722
2024-05-17T21:35:26.000,44.28,11.38,0.0,0.0,20.38,36379,57.11,5.0,0.722
2024-05-17T21:38:26.000,43.08,11.77,0.0,0.0,20.38,36382,56.49,6.0,0.722
2024-05-17T21:39:26.000,42.94,12.43,0.0,0.0,20.38,36383,56.28,6.0,0.722
2024-05-17T21:46:27.000,42.14,12.65,0.0,0.0,20.38,36390,54.84,7.0,0.723
2024-05-17T21:47:28.000,42.09,12.18,0.0,0.0,20.38,36391,54.63,7.0,0.723
2024-05-17T21:48:28.000,41.81,11.69,0.0,0.0,20.38,36392,54.42,8.0,0.723
2024-05-17T21:52:28.000,40.71,11.71,0.0,0.0,20.38,36396,53.59,8.0,0.723
2024-05-17T21:53:28.000,40.54,11.85,0.0,0.0,20.38,36397,53.38,9.0,0.723
2024-05-17T21:54:29.000,40.55,12.31,0.0,0.0,20.38,36398,53.17,9.0,0.723
2024-05-17T21:56:29.000,40.7,12.45,0.0,0.0,20.38,36400,52.75,9.0,0.723
2024-05-17T21:57:29.000,40.61,11.77,0.0,0.0,20.38,36401,52.55,9.0,0.723
2024-05-17T21:58:29.000,40.47,11.58,0.0,0.0,20.38,36402,52.34,10.0,0.723
2024-05-17T21:59:29.000,40.38,11.92,0.0,0.0,20.38,36403,52.13,10.0,0.724
2024-05-17T22:01:31.000,40.41,12.08,0.0,0.0,20.38,36405,51.7,10.0,0.724
2024-05-17T22:02:32.000,40.36,11.97,0.0,0.0,20.38,36406,51.49,10.0,0.724
2024-05-17T22:03:32.000,40.38,12.39,0.0,0.0,20.38,36407,51.28,11.0,0.724
2024-05-17T22:09:34.000,40.28,12.37,0.0,0.0,20.38,36413,50.02,12.0,0.724
2024-05-17T22:10:34.000,40.09,11.81,0.0,0.0,20.38,36414,49.81,12.0,0.724
2024-05-17T22:11:34.000,39.97,12.0,0.0,0.0,20.38,36415,49.6,12.0,0.724
2024-05-17T22:14:34.000,39.75,12.22,0.0,0.0,20.38,36418,48.97,13.0,0.724
2024-05-17T22:15:35.000,39.73,12.06,0.0,0.0,20.38,36419,48.76,13.0,0.724
2024-05-17T22:16:35.000,39.69,12.35,0.0,0.0,20.38,36420,48.55,13.0,0.725
2024-05-17T22:31:38.000,39.7,12.06,0.0,0.0,20.38,36435,45.38,16.0,0.725
2024-05-17T22:32:38.000,39.64,12.08,0.0,0.0,20.38,36436,45.17,17.0,0.725
2024-05-17T22:33:38.000,39.58,12.0,0.0,0.0,20.38,36437,44.96,17.0,0.726
2024-05-17T22:35:39.000,39.31,11.92,0.0,0.0,20.38,36439,44.53,17.0,0.726
2024-05-17T22:37:39.000,39.32,12.36,0.0,0.0,20.38,36441,44.11,18.0,0.726
2024-05-17T22:41:39.000,39.31,12.19,0.0,0.0,20.38,36445,43.27,18.0,0.726
2024-05-17T22:43:39.000,39.25,12.77,0.0,0.0,20.38,36447,42.85,19.0,0.726
2024-05-17T22:45:39.000,39.13,12.74,0.0,0.0,20.38,36449,42.42,19.0,0.726
2024-05-17T22:46:40.000,39.24,13.12,0.0,0.0,20.38,36450,42.21,19.0,0.726
2024-05-17T22:58:40.000,39.31,12.64,0.0,0.0,20.38,36462,39.67,22.0,0.727
2024-05-17T23:00:41.000,39.23,12.91,0.0,0.0,20.38,36464,39.25,22.0,0.727
2024-05-17T23:01:42.000,39.19,12.61,0.0,0.0,20.38,36465,39.03,22.0,0.727
2024-05-17T23:02:42.000,39.14,12.71,0.0,0.0,20.38,36466,38.82,23.0,0.727
2024-05-17T23:12:44.000,39.17,12.53,0.0,0.0,20.38,36476,36.7,25.0,0.728
2024-05-17T23:13:44.000,39.12,12.6,0.0,0.0,20.38,36477,36.49,25.0,0.728
2024-05-17T23:14:45.000,39.04,12.52,0.0,0.0,20.38,36478,36.27,25.0,0.728
2024-05-17T23:16:45.000,38.98,12.53,0.0,0.0,20.38,36480,35.85,25.0,0.728
2024-05-17T23:17:45.000,39.09,12.97,0.0,0.0,20.38,36481,35.64,26.0,0.728
2024-05-17T23:19:45.000,39.24,13.0,0.0,0.0,20.38,36483,35.22,26.0,0.728
2024-05-17T23:21:47.000,38.99,12.26,0.0,0.0,20.38,36485,34.79,26.0,0.728
2024-05-17T23:22:47.000,38.99,12.74,0.0,0.0,20.38,36486,34.57,27.0,0.728
2024-05-17T23:23:47.000,38.93,12.47,0.0,0.0,20.38,36487,34.36,27.0,0.728
2024-05-17T23:47:50.000,38.6,12.84,0.0,0.0,20.38,36511,29.29,32.0,0.73
2024-05-17T23:48:50.000,38.62,13.04,0.0,0.0,20.38,36512,29.08,32.0,0.73
2024-05-17T23:49:51.000,38.66,12.91,0.0,0.0,20.38,36513,28.87,32.0,0.73
2024-05-17T23:51:51.000,38.72,12.84,0.0,0.0,20.38,36515,28.45,32.0,0.73
2024-05-17T23:52:51.000,38.6,12.59,0.0,0.0,20.38,36516,28.24,33.0,0.73
2024-05-17T23:54:51.000,38.48,12.87,0.0,0.0,20.38,36518,27.82,33.0,0.73
2024-05-17T23:56:51.000,38.42,12.87,0.0,0.0,20.38,36520,27.4,33.0,0.73
2024-05-17T23:57:52.000,38.39,12.74,0.0,0.0,20.38,36521,27.19,34.0,0.73
2024-05-17T23:58:52.000,38.42,12.91,0.0,0.0,20.38,36522,26.98,34.0,0.731
2024-05-18T00:32:01.000,38.44,12.42,0.0,0.0,20.38,36555,20.06,40.0,0.732
2024-05-18T00:33:01.000,38.39,12.39,0.0,0.0,20.38,36556,19.85,40.0,0.732
2024-05-18T00:34:01.000,38.4,12.64,0.0,0.0,20.38,36557,19.64,40.0,0.733
2024-05-18T00:36:02.000,38.26,12.4,0.0,0.0,20.38,36559,19.22,41.0,0.733
2024-05-18T00:38:02.000,38.02,12.05,0.0,0.0,20.38,36561,18.81,41.0,0.733
2024-05-18T00:39:02.000,37.93,12.08,0.0,0.0,20.38,36562,18.6,41.0,0.733
2024-05-18T00:40:02.000,37.9,12.15,0.0,0.0,20.38,36563,18.4,41.0,0.733
2024-05-18T01:00:18.000,37.65,12.09,0.0,0.0,20.38,36582,14.23,45.0,0.734
2024-05-18T01:01:19.000,37.58,11.64,0.0,0.0,20.38,36583,14.02,45.0,0.734
2024-05-18T01:02:20.000,37.47,11.49,0.0,0.0,20.38,36584,13.81,45.0,0.734
2024-05-18T01:04:20.000,37.51,11.69,0.0,0.0,20.38,36586,13.4,46.0,0.734
2024-05-18T01:05:20.000,37.52,11.7,0.0,0.0,20.38,36587,13.2,46.0,0.734
