Downloads/jupyter/ECSV/stars19/stars19_2021-04.ecsv
# %ECSV 1.0
# ---
# datatype:
# - {name: time, datatype: string}
# - {name: Enclosure Temperature, unit: deg_C, datatype: float64}
# - {name: Sky Temperature, unit: deg_C, datatype: float64}
# - {name: Frequency, unit: Hz, datatype: float64}
# - {name: MSAS, unit: mag / arcsec2, datatype: float64}
# - {name: ZP, datatype: float64}
# - {name: Sequence Number, datatype: int64}
# - {name: Sun Alt, unit: deg, datatype: float64}
# - {name: Moon Alt, unit: deg, datatype: float64}
# - {name: Moon Illumination, datatype: float64}
# delimiter: ','
# meta: !!omap
# - ida:
#     Data supplier: {affiliation: null, observer: null}
#     Device type: TESS-W
#     Field of view: 17.0
#     Filters per channel: None
#     Instrument ID: stars19
#     License: ODbL 1.0 http://opendatacommons.org/licenses/odbl/summary/
#     Local timezone: America/Phoenix
#     Location name: {country: '- Tucson', place: Tucson, region: United States, sub_region: Arizona, town: Pima County}
#     Measurement direction per channel: {azimuth: 0.0, zenital: 0.0}
#     Moving / Fixed look direction: FIXED
#     Moving / Stationary position: STATIONARY
#     Number of channels: 1
#     Number of fields per line: 8
#     Number of header lines: 35
#     Position: {height: 0.0, latitude: 32.223877, longitude: -110.767532}
#     TESS MAC address: 18:FE:34:CF:EC:06
#     TESS cover offset value: 0.0
#     TESS firmware version: '1.0'
#     TESS zero point: 20.5
#     Time Synchronization: timestamp added by MQTT subscriber
#     URL: http://www.darksky.org/NSBM/sdf1.0.pdf
# - __serialized_columns__:
#     Enclosure Temperature:
#       __class__: astropy.units.quantity.Quantity
#       unit: &id001 !astropy.units.Unit {unit: deg_C}
#       value: !astropy.table.SerializedColumn {name: Enclosure Temperature}
#     Frequency:
#       __class__: astropy.units.quantity.Quantity
#       unit: !astropy.units.Unit {unit: Hz}
#       value: !astropy.table.SerializedColumn {name: Frequency}
#     MSAS:
#       __class__: astropy.units.quantity.Quantity
#       unit: !astropy.units.Unit {unit: mag / arcsec2}
#       value: !astropy.table.SerializedColumn {name: MSAS}
#     Moon Alt:
#       __class__: astropy.units.quantity.Quantity
#       unit: &id002 !astropy.units.Unit {unit: deg}
#       value: !astropy.table.SerializedColumn {name: Moon Alt}
#     Sky Temperature:
#       __class__: astropy.units.quantity.Quantity
#       unit: *id001
#       value: !astropy.table.SerializedColumn {name: Sky Temperature}
#     Sun Alt:
#       __class__: astropy.units.quantity.Quantity
#       unit: *id002
#       value: !astropy.table.SerializedColumn {name: Sun Alt}
#     time:
#       __class__: astropy.time.core.Time
#       format: isot
#       in_subfmt: '*'
#       out_subfmt: '*'
#       precision: 3
#       scale: utc
#       value: !astropy.table.SerializedColumn {name: time}
# schema: astropy-2.0
time,Enclosure Temperature,Sky Temperature,Frequency,MSAS,ZP,Sequence Number,Sun Alt,Moon Alt,Moon Illumination
[from data line 2593]
2021-04-04T07:35:27.000,21.4,-1.05,1.13,20.25,20.5,96090,-51.9,-13.0,0.513
2021-04-04T07:36:27.000,21.37,-1.16,1.13,20.25,20.5,96091,-51.88,-13.0,0.512
2021-04-04T07:37:27.000,21.35,-1.16,1.13,20.25,20.5,96092,-51.87,-13.0,0.512
2021-04-04T07:40:28.000,21.39,-1.08,1.13,20.25,20.5,96095,-51.81,-12.0,0.512
2021-04-04T07:41:28.000,21.37,-1.15,1.13,20.25,20.5,96096,-51.79,-12.0,0.512
2021-04-04T07:42:28.000,21.35,-1.18,1.13,20.25,20.5,96097,-51.76,-12.0,0.512
2021-04-04T07:43:29.000,21.33,-1.21,1.13,20.25,20.5,96098,-51.74,-12.0,0.512
2021-04-04T07:47:29.000,21.31,-1.23,1.13,20.25,20.5,96102,-51.62,-11.0,0.512
2021-04-04T07:49:30.000,21.3,-1.17,1.13,20.24,20.5,96104,-51.55,-11.0,0.511
2021-04-04T07:50:30.000,21.33,-1.17,1.13,20.25,20.5,96105,-51.52,-11.0,0.511
2021-04-04T07:51:30.000,21.31,-1.23,1.13,20.25,20.5,96106,-51.48,-10.0,0.511
2021-04-04T07:52:30.000,21.29,-1.23,1.13,20.25,20.5,96107,-51.44,-10.0,0.511
2021-04-04T07:54:31.000,21.28,-1.22,1.13,20.25,20.5,96109,-51.36,-10.0,0.511
2021-04-04T07:55:32.000,21.3,-1.15,1.13,20.25,20.5,96110,-51.32,-10.0,0.511
2021-04-04T07:56:32.000,21.31,-1.14,1.13,20.25,20.5,96111,-51.27,-9.0,0.511
2021-04-04T07:57:32.000,21.3,-1.18,1.13,20.25,20.5,96112,-51.23,-9.0,0.511
2021-04-04T07:58:32.000,21.29,-1.15,1.13,20.25,20.5,96113,-51.18,-9.0,0.511
2021-04-04T07:59:32.000,21.3,-1.12,1.13,20.25,20.5,96114,-51.13,-9.0,0.511
2021-04-04T08:00:33.000,21.3,-1.12,1.13,20.25,20.5,96115,-51.08,-9.0,0.511
2021-04-04T08:01:33.000,21.31,-1.13,1.13,20.25,20.5,96116,-51.03,-9.0,0.511
2021-04-04T08:02:33.000,21.29,-1.14,1.13,20.25,20.5,96117,-50.98,-8.0,0.51
2021-04-04T08:03:33.000,21.28,-1.15,1.13,20.25,20.5,96118,-50.92,-8.0,0.51
2021-04-04T08:04:33.000,21.27,-1.16,1.13,20.25,20.5,96119,-50.87,-8.0,0.51
2021-04-04T08:05:34.000,21.26,-1.18,1.13,20.25,20.5,96120,-50.81,-8.0,0.51
2021-04-04T08:06:34.000,21.24,-1.23,1.12,20.25,20.5,96121,-50.75,-8.0,0.51
2021-04-04T08:07:34.000,21.21,-1.21,1.12,20.25,20.5,96122,-50.69,-7.0,0.51
2021-04-04T08:08:34.000,21.19,-1.22,1.12,20.25,20.5,96123,-50.63,-7.0,0.51
2021-04-04T08:09:34.000,21.15,-1.24,1.12,20.25,20.5,96124,-50.57,-7.0,0.51
2021-04-04T08:10:35.000,21.15,-1.14,1.12,20.25,20.5,96125,-50.5,-7.0,0.51
2021-04-04T08:16:35.000,21.1,-1.15,1.12,20.25,20.5,96131,-50.1,-6.0,0.509
2021-04-04T08:22:36.000,21.11,-1.16,1.12,20.25,20.5,96137,-49.64,-5.0,0.509
2021-04-04T08:23:37.000,21.11,-1.19,1.12,20.25,20.5,96138,-49.56,-5.0,0.509
2021-04-04T08:24:37.000,21.1,-1.22,1.12,20.25,20.5,96139,-49.48,-4.0,0.509
2021-04-04T08:25:37.000,21.09,-1.23,1.12,20.25,20.5,96140,-49.39,-4.0,0.509
2021-04-04T08:26:37.000,21.06,-1.26,1.12,20.25,20.5,96141,-49.31,-4.0,0.509
2021-04-04T08:27:37.000,21.05,-1.22,1.12,20.25,20.5,96142,-49.22,-4.0,0.509
2021-04-04T08:28:38.000,21.02,-1.28,1.12,20.25,20.5,96143,-49.14,-4.0,0.508
2021-04-04T08:29:38.000,21.0,-1.31,1.12,20.25,20.5,96144,-49.05,-3.0,0.508
2021-04-04T08:30:38.000,20.99,-1.29,1.12,20.25,20.5,96145,-48.96,-3.0,0.508
2021-04-04T08:31:38.000,20.97,-1.32,1.13,20.25,20.5,96146,-48.87,-3.0,0.508
2021-04-04T08:35:39.000,20.89,-1.32,1.13,20.25,20.5,96150,-48.5,-2.0,0.508
2021-04-04T08:36:39.000,20.88,-1.29,1.13,20.25,20.5,96151,-48.4,-2.0,0.508
2021-04-04T08:37:40.000,20.86,-1.36,1.13,20.25,20.5,96152,-48.3,-2.0,0.508
2021-04-04T08:38:40.000,20.86,-1.31,1.13,20.25,20.5,96153,-48.2,-2.0,0.508
2021-04-04T08:39:40.000,20.87,-1.3,1.13,20.25,20.5,96154,-48.11,-2.0,0.508
2021-04-04T08:40:41.000,20.85,-1.33,1.13,20.24,20.5,96155,-48.0,-1.0,0.508
2021-04-04T08:42:41.000,20.88,-1.3,1.14,20.24,20.5,96157,-47.8,-1.0,0.507
2021-04-04T08:43:42.000,20.88,-1.34,1.14,20.24,20.5,96158,-47.69,-1.0,0.507
2021-04-04T08:44:42.000,20.86,-1.32,1.14,20.24,20.5,96159,-47.59,-1.0,0.507
2021-04-04T08:45:43.000,20.87,-1.26,1.14,20.24,20.5,96160,-47.48,-1.0,0.507
2021-04-04T08:46:43.000,20.85,-1.32,1.14,20.23,20.5,96161,-47.37,-0.0,0.507
2021-04-04T08:47:43.000,20.88,-1.22,1.15,20.23,20.5,96162,-47.27,-0.0,0.507
2021-04-04T08:48:43.000,20.89,-1.28,1.15,20.23,20.5,96163,-47.16,-0.0,0.507
2021-04-04T08:49:43.000,20.9,-1.22,1.15,20.23,20.5,96164,-47.05,0.0,0.507
2021-04-04T08:50:44.000,20.93,-1.27,1.15,20.23,20.5,96165,-46.94,0.0,0.507
2021-04-04T08:51:44.000,20.97,-1.16,1.16,20.22,20.5,96166,-46.82,0.0,0.507
2021-04-04T08:52:44.000,21.01,-1.16,1.16,20.22,20.5,96167,-46.71,1.0,0.507
2021-04-04T08:54:44.000,21.07,-1.13,1.16,20.22,20.5,96169,-46.48,1.0,0.506
2021-04-04T09:01:45.000,21.17,-1.14,1.18,20.2,20.5,96176,-45.65,2.0,0.506
2021-04-04T09:03:46.000,21.18,-1.11,1.18,20.2,20.5,96178,-45.4,3.0,0.506
2021-04-04T09:04:46.000,21.18,-1.2,1.19,20.19,20.5,96179,-45.27,3.0,0.506
2021-04-04T09:07:46.000,21.06,-1.35,1.19,20.19,20.5,96182,-44.89,3.0,0.505
2021-04-04T09:10:46.000,20.91,-1.42,1.2,20.18,20.5,96185,-44.51,4.0,0.505
2021-04-04T09:22:47.000,20.38,-2.0,1.23,20.16,20.5,96197,-42.88,6.0,0.504
2021-04-04T09:23:48.000,20.3,-1.84,1.23,20.16,20.5,96198,-42.74,6.0,0.504
2021-04-04T09:24:48.000,20.28,-1.83,1.23,20.15,20.5,96199,-42.59,6.0,0.504
2021-04-04T09:26:48.000,20.24,-1.93,1.24,20.15,20.5,96201,-42.31,6.0,0.504
2021-04-04T09:27:51.000,20.23,-2.03,1.24,20.15,20.5,96202,-42.16,7.0,0.504
2021-04-04T09:28:51.000,20.2,-2.08,1.24,20.15,20.5,96203,-42.01,7.0,0.504
2021-04-04T09:29:52.000,20.15,-2.08,1.24,20.15,20.5,96204,-41.87,7.0,0.504
2021-04-04T09:30:52.000,20.1,-2.0,1.24,20.14,20.5,96205,-41.72,7.0,0.504
2021-04-04T09:31:52.000,20.08,-2.0,1.24,20.14,20.5,96206,-41.57,7.0,0.504
2021-04-04T09:32:52.000,20.05,-1.97,1.25,20.14,20.5,96207,-41.43,7.0,0.504
2021-04-04T09:33:53.000,20.01,-2.1,1.25,20.14,20.5,96208,-41.28,8.0,0.503
2021-04-04T09:34:53.000,19.95,-2.23,1.25,20.14,20.5,96209,-41.13,8.0,0.503
2021-04-04T09:35:53.000,19.86,-2.27,1.25,20.13,20.5,96210,-40.98,8.0,0.503
2021-04-04T09:36:53.000,19.85,-2.06,1.26,20.13,20.5,96211,-40.83,8.0,0.503
2021-04-04T09:37:54.000,19.85,-2.05,1.26,20.13,20.5,96212,-40.67,8.0,0.503
2021-04-04T09:38:54.000,19.86,-2.07,1.26,20.13,20.5,96213,-40.52,8.0,0.503
2021-04-04T09:39:54.000,19.85,-2.13,1.26,20.13,20.5,96214,-40.37,9.0,0.503
2021-04-04T09:40:54.000,19.82,-2.13,1.26,20.13,20.5,96215,-40.22,9.0,0.503
2021-04-04T09:41:55.000,19.79,-2.18,1.27,20.12,20.5,96216,-40.06,9.0,0.503
2021-04-04T09:42:55.000,19.76,-2.12,1.27,20.12,20.5,96217,-39.91,9.0,0.503
2021-04-04T09:43:55.000,19.75,-2.15,1.27,20.12,20.5,96218,-39.75,9.0,0.503
2021-04-04T09:44:55.000,19.74,-2.19,1.27,20.12,20.5,96219,-39.6,9.0,0.503
2021-04-04T09:45:55.000,19.73,-2.25,1.27,20.12,20.5,96220,-39.44,9.0,0.503
2021-04-04T09:46:55.000,19.7,-2.31,1.27,20.12,20.5,96221,-39.28,10.0,0.502
2021-04-04T09:47:55.000,19.69,-2.26,1.28,20.12,20.5,96222,-39.13,10.0,0.502
2021-04-04T09:48:55.000,19.66,-2.36,1.28,20.11,20.5,96223,-38.97,10.0,0.502
2021-04-04T09:49:56.000,19.63,-2.33,1.28,20.11,20.5,96224,-38.81,10.0,0.502
2021-04-04T09:50:56.000,19.6,-2.33,1.29,20.11,20.5,96225,-38.65,10.0,0.502
2021-04-04T09:51:56.000,19.59,-2.28,1.29,20.11,20.5,96226,-38.49,10.0,0.502
2021-04-04T09:52:57.000,19.59,-2.3,1.29,20.11,20.5,96227,-38.33,11.0,0.502
2021-04-04T09:53:57.000,19.57,-2.35,1.29,20.11,20.5,96228,-38.16,11.0,0.502
2021-04-04T09:54:58.000,19.53,-2.47,1.29,20.1,20.5,96229,-38.0,11.0,0.502
2021-04-04T09:55:58.000,19.52,-2.43,1.29,20.1,20.5,96230,-37.84,11.0,0.502
2021-04-04T09:56:58.000,19.49,-2.51,1.29,20.1,20.5,96231,-37.68,11.0,0.502
2021-04-04T09:57:59.000,19.44,-2.6,1.3,20.1,20.5,96232,-37.51,11.0,0.502
2021-04-04T09:58:59.000,19.4,-2.53,1.3,20.1,20.5,96233,-37.35,12.0,0.502
2021-04-04T09:59:59.000,19.38,-2.54,1.3,20.1,20.5,96234,-37.18,12.0,0.501
2021-04-04T10:00:59.000,19.36,-2.52,1.3,20.1,20.5,96235,-37.02,12.0,0.501
2021-04-04T10:01:59.000,19.33,-2.57,1.3,20.09,20.5,96236,-36.85,12.0,0.501
2021-04-04T10:03:00.000,19.29,-2.61,1.3,20.09,20.5,96237,-36.68,12.0,0.501
2021-04-04T10:04:00.000,19.24,-2.6,1.31,20.09,20.5,96238,-36.52,12.0,0.501
2021-04-04T10:05:00.000,19.24,-2.59,1.31,20.09,20.5,96239,-36.35,12.0,0.501
2021-04-04T10:06:00.000,19.24,-2.62,1.31,20.08,20.5,96240,-36.18,13.0,0.501
2021-04-04T10:07:01.000,19.22,-2.61,1.32,20.08,20.5,96241,-36.01,13.0,0.501
2021-04-04T10:08:01.000,19.22,-2.67,1.32,20.08,20.5,96242,-35.84,13.0,0.501
2021-04-04T10:09:01.000,19.21,-2.69,1.32,20.08,20.5,96243,-35.67,13.0,0.501
2021-04-04T10:10:01.000,19.2,-2.65,1.32,20.08,20.5,96244,-35.5,13.0,0.501
2021-04-04T10:11:01.000,19.19,-2.71,1.33,20.07,20.5,96245,-35.33,13.0,0.501
2021-04-04T10:12:02.000,19.17,-2.78,1.33,20.07,20.5,96246,-35.16,13.0,0.501
2021-04-04T10:13:02.000,19.11,-2.93,1.33,20.07,20.5,96247,-34.99,14.0,0.5
2021-04-04T10:15:02.000,18.96,-2.97,1.33,20.07,20.5,96249,-34.65,14.0,0.5
2021-04-04T10:16:02.000,18.89,-3.05,1.34,20.06,20.5,96250,-34.47,14.0,0.5
2021-04-04T10:17:02.000,18.83,-3.01,1.34,20.06,20.5,96251,-34.3,14.0,0.5
2021-04-04T10:18:02.000,18.84,-2.78,1.34,20.06,20.5,96252,-34.13,14.0,0.5
2021-04-04T10:23:03.000,18.88,-3.05,1.35,20.05,20.5,96257,-33.25,15.0,0.5
2021-04-04T10:24:04.000,18.87,-3.09,1.35,20.05,20.5,96258,-33.07,15.0,0.5
2021-04-04T10:25:04.000,18.85,-3.08,1.36,20.05,20.5,96259,-32.9,15.0,0.5
2021-04-04T10:26:04.000,18.83,-3.05,1.36,20.05,20.5,96260,-32.72,16.0,0.499
2021-04-04T10:27:04.000,18.81,-3.08,1.36,20.05,20.5,96261,-32.54,16.0,0.499
2021-04-04T10:28:05.000,18.78,-3.13,1.36,20.04,20.5,96262,-32.36,16.0,0.499
2021-04-04T10:29:05.000,18.72,-3.03,1.37,20.04,20.5,96263,-32.18,16.0,0.499
2021-04-04T10:30:05.000,18.71,-3.1,1.37,20.04,20.5,96264,-32.0,16.0,0.499
2021-04-04T10:31:05.000,18.68,-3.15,1.37,20.04,20.5,96265,-31.83,16.0,0.499
2021-04-04T10:32:05.000,18.66,-3.09,1.38,20.03,20.5,96266,-31.65,16.0,0.499
2021-04-04T10:33:06.000,18.67,-3.05,1.38,20.03,20.5,96267,-31.46,17.0,0.499
2021-04-04T10:34:06.000,18.66,-3.05,1.38,20.03,20.5,96268,-31.28,17.0,0.499
2021-04-04T10:35:06.000,18.65,-3.14,1.38,20.03,20.5,96269,-31.1,17.0,0.499
2021-04-04T10:36:06.000,18.65,-3.07,1.38,20.03,20.5,96270,-30.92,17.0,0.499
2021-04-04T10:37:06.000,18.63,-3.19,1.39,20.02,20.5,96271,-30.74,17.0,0.499
2021-04-04T10:38:07.000,18.62,-3.21,1.39,20.02,20.5,96272,-30.56,17.0,0.499
2021-04-04T10:40:07.000,18.59,-3.2,1.4,20.02,20.5,96274,-30.19,18.0,0.498
2021-04-04T10:43:08.000,18.53,-3.16,1.41,20.01,20.5,96277,-29.64,18.0,0.498
2021-04-04T10:44:08.000,18.53,-3.15,1.41,20.01,20.5,96278,-29.45,18.0,0.498
2021-04-04T10:45:09.000,18.53,-3.19,1.41,20.01,20.5,96279,-29.27,18.0,0.498
2021-04-04T10:46:09.000,18.52,-3.19,1.41,20.0,20.5,96280,-29.08,18.0,0.498
2021-04-04T10:47:09.000,18.5,-3.11,1.42,20.0,20.5,96281,-28.9,18.0,0.498
2021-04-04T10:48:09.000,18.49,-3.1,1.42,20.0,20.5,96282,-28.71,19.0,0.498
2021-04-04T10:49:09.000,18.47,-3.19,1.42,20.0,20.5,96283,-28.53,19.0,0.498
2021-04-04T10:50:10.000,18.43,-3.26,1.43,19.99,20.5,96284,-28.34,19.0,0.498
2021-04-04T10:51:10.000,18.38,-3.23,1.43,19.99,20.5,96285,-28.15,19.0,0.498
2021-04-04T10:53:10.000,18.33,-3.25,1.43,19.99,20.5,96287,-27.78,19.0,0.497
2021-04-04T10:54:10.000,18.3,-3.19,1.44,19.99,20.5,96288,-27.59,19.0,0.497
2021-04-04T10:55:11.000,18.3,-3.13,1.44,19.99,20.5,96289,-27.4,20.0,0.497
2021-04-04T10:56:11.000,18.29,-3.23,1.44,19.98,20.5,96290,-27.21,20.0,0.497
2021-04-04T10:57:12.000,18.26,-3.32,1.44,19.98,20.5,96291,-27.02,20.0,0.497
2021-04-04T10:58:12.000,18.26,-3.24,1.45,19.98,20.5,96292,-26.83,20.0,0.497
2021-04-04T10:59:12.000,18.22,-3.41,1.45,19.98,20.5,96293,-26.64,20.0,0.497
2021-04-04T11:00:12.000,18.17,-3.33,1.45,19.97,20.5,96294,-26.46,20.0,0.497
2021-04-04T11:01:12.000,18.17,-3.32,1.46,19.97,20.5,96295,-26.27,20.0,0.497
2021-04-04T11:02:13.000,18.19,-3.28,1.46,19.97,20.5,96296,-26.07,20.0,0.497
2021-04-04T11:03:13.000,18.2,-3.26,1.46,19.97,20.5,96297,-25.88,21.0,0.497
2021-04-04T11:04:13.000,18.19,-3.3,1.47,19.96,20.5,96298,-25.69,21.0,0.497
2021-04-04T11:05:13.000,18.19,-3.25,1.47,19.96,20.5,96299,-25.5,21.0,0.496
2021-04-04T11:06:13.000,18.22,-3.2,1.47,19.96,20.5,96300,-25.31,21.0,0.496
2021-04-04T11:07:14.000,18.23,-3.25,1.48,19.96,20.5,96301,-25.12,21.0,0.496
2021-04-04T11:09:21.000,18.22,-3.22,1.49,19.95,20.5,96303,-24.71,21.0,0.496
2021-04-04T11:10:21.000,18.22,-3.29,1.49,19.95,20.5,96304,-24.52,21.0,0.496
2021-04-04T11:11:21.000,18.2,-3.28,1.5,19.94,20.5,96305,-24.33,22.0,0.496
2021-04-04T11:12:21.000,18.19,-3.23,1.5,19.94,20.5,96306,-24.13,22.0,0.496
2021-04-04T11:13:21.000,18.18,-3.37,1.5,19.94,20.5,96307,-23.94,22.0,0.496
2021-04-04T11:14:22.000,18.16,-3.42,1.51,19.94,20.5,96308,-23.75,22.0,0.496
2021-04-04T11:15:22.000,18.15,-3.37,1.51,19.94,20.5,96309,-23.55,22.0,0.496
2021-04-04T11:16:22.000,18.15,-3.41,1.51,19.93,20.5,96310,-23.36,22.0,0.496
2021-04-04T11:17:22.000,18.11,-3.49,1.52,19.93,20.5,96311,-23.17,22.0,0.496
2021-04-04T11:21:23.000,18.1,-3.33,1.53,19.92,20.5,96315,-22.38,23.0,0.495
2021-04-04T11:22:23.000,18.1,-3.28,1.53,19.92,20.5,96316,-22.19,23.0,0.495
2021-04-04T11:23:24.000,18.11,-3.26,1.54,19.91,20.5,96317,-21.99,23.0,0.495
2021-04-04T11:29:24.000,18.1,-3.3,1.56,19.9,20.5,96323,-20.81,24.0,0.495
2021-04-04T11:30:25.000,18.08,-3.32,1.56,19.9,20.5,96324,-20.61,24.0,0.495
2021-04-04T11:31:25.000,18.07,-3.28,1.56,19.89,20.5,96325,-20.42,24.0,0.494
2021-04-04T11:32:25.000,18.08,-3.33,1.57,19.89,20.5,96326,-20.22,24.0,0.494
2021-04-04T11:33:25.000,18.07,-3.38,1.57,19.89,20.5,96327,-20.02,24.0,0.494
2021-04-04T11:34:25.000,18.01,-3.49,1.57,19.89,20.5,96328,-19.82,24.0,0.494
2021-04-04T11:35:25.000,18.02,-3.41,1.58,19.88,20.5,96329,-19.63,24.0,0.494
2021-04-04T11:36:26.000,18.02,-3.43,1.58,19.88,20.5,96330,-19.43,24.0,0.494
2021-04-04T11:37:26.000,18.02,-3.44,1.58,19.88,20.5,96331,-19.23,25.0,0.494
2021-04-04T11:38:26.000,18.03,-3.39,1.59,19.88,20.5,96332,-19.03,25.0,0.494
2021-04-04T11:39:26.000,18.05,-3.4,1.59,19.88,20.5,96333,-18.83,25.0,0.494
2021-04-04T11:40:26.000,18.06,-3.41,1.59,19.87,20.5,96334,-18.63,25.0,0.494
2021-04-04T11:41:27.000,18.05,-3.5,1.59,19.87,20.5,96335,-18.43,25.0,0.494
2021-04-04T11:42:27.000,18.01,-3.57,1.6,19.87,20.5,96336,-18.23,25.0,0.494
2021-04-04T11:43:27.000,17.98,-3.55,1.6,19.87,20.5,96337,-18.03,25.0,0.494
2021-04-04T11:44:27.000,17.97,-3.49,1.6,19.87,20.5,96338,-17.83,25.0,0.493
2021-04-04T11:45:27.000,17.97,-3.5,1.6,19.87,20.5,96339,-17.63,25.0,0.493
2021-04-04T11:46:28.000,17.95,-3.51,1.61,19.87,20.5,96340,-17.43,25.0,0.493
2021-04-04T11:47:28.000,17.94,-3.52,1.61,19.86,20.5,96341,-17.23,26.0,0.493
2021-04-04T11:55:29.000,17.78,-3.48,1.64,19.84,20.5,96349,-15.61,26.0,0.493
2021-04-04T11:56:29.000,17.8,-3.51,1.65,19.84,20.5,96350,-15.41,26.0,0.493
2021-04-04T11:57:30.000,17.8,-3.51,1.66,19.83,20.5,96351,-15.21,26.0,0.492
2021-04-04T11:58:30.000,17.77,-3.61,1.67,19.82,20.5,96352,-15.0,27.0,0.492
2021-04-04T11:59:30.000,17.73,-3.6,1.68,19.81,20.5,96353,-14.8,27.0,0.492
2021-04-04T12:00:30.000,17.72,-3.53,1.7,19.8,20.5,96354,-14.6,27.0,0.492
2021-04-04T12:01:30.000,17.7,-3.51,1.72,19.79,20.5,96355,-14.4,27.0,0.492
2021-04-04T12:02:31.000,17.69,-3.5,1.75,19.78,20.5,96356,-14.19,27.0,0.492
2021-04-04T12:03:31.000,17.67,-3.53,1.77,19.76,20.5,96357,-13.99,27.0,0.492
2021-04-04T12:04:31.000,17.67,-3.51,1.81,19.74,20.5,96358,-13.78,27.0,0.492
2021-04-04T12:08:32.000,17.62,-3.57,2.03,19.61,20.5,96362,-12.97,27.0,0.492
2021-04-04T12:09:32.000,17.62,-3.51,2.11,19.57,20.5,96363,-12.76,28.0,0.492
2021-04-04T12:10:32.000,17.62,-3.49,2.2,19.52,20.5,96364,-12.56,28.0,0.491
2021-04-04T12:11:33.000,17.62,-3.48,2.33,19.46,20.5,96365,-12.35,28.0,0.491
2021-04-04T12:12:33.000,17.62,-3.53,2.47,19.4,20.5,96366,-12.15,28.0,0.491
2021-04-04T12:13:33.000,17.59,-3.7,2.66,19.32,20.5,96367,-11.94,28.0,0.491
2021-04-04T12:15:33.000,17.63,-3.56,3.15,19.13,20.5,96369,-11.53,28.0,0.491
2021-04-04T12:16:34.000,17.66,-3.55,3.47,19.03,20.5,96370,-11.32,28.0,0.491
2021-04-04T12:19:34.000,17.71,-3.63,4.92,18.65,20.5,96373,-10.71,28.0,0.491
2021-04-04T12:26:35.000,17.62,-3.88,14.54,17.47,20.5,96380,-9.26,29.0,0.49
2021-04-04T12:27:35.000,17.59,-4.01,17.4,17.28,20.5,96381,-9.06,29.0,0.49
2021-04-04T12:28:36.000,17.58,-3.93,20.86,17.08,20.5,96382,-8.85,29.0,0.49
2021-04-04T12:29:36.000,17.56,-3.94,25.25,16.88,20.5,96383,-8.64,29.0,0.49
