Downloads/jupyter/ECSV/stars19/stars19_2022-02.ecsv
# %ECSV 1.0
# ---
# datatype:
# - {name: time, datatype: string}
# - {name: Enclosure Temperature, unit: deg_C, datatype: float64}
# - {name: Sky Temperature, unit: deg_C, datatype: float64}
# - {name: Frequency, unit: Hz, datatype: float64}
# - {name: MSAS, unit: mag / arcsec2, datatype: float64}
# - {name: ZP, datatype: float64}
# - {name: Sequence Number, datatype: int64}
# - {name: Sun Alt, unit: deg, datatype: float64}
# - {name: Moon Alt, unit: deg, datatype: float64}
# - {name: Moon Illumination, datatype: float64}
# delimiter: ','
# meta: !!omap
# - ida:
#     Data supplier: {affiliation: null, observer: null}
#     Device type: TESS-W
#     Field of view: 17.0
#     Filters per channel: None
#     Instrument ID: stars19
#     License: ODbL 1.0 http://opendatacommons.org/licenses/odbl/summary/
#     Local timezone: America/Phoenix
#     Location name: {country: '- Tucson', place: Tucson, region: United States, sub_region: Arizona, town: Pima County}
#     Measurement direction per channel: {azimuth: 0.0, zenital: 0.0}
#     Moving / Fixed look direction: FIXED
#     Moving / Stationary position: STATIONARY
#     Number of channels: 1
#     Number of fields per line: 8
#     Number of header lines: 35
#     Position: {height: 0.0, latitude: 32.223877, longitude: -110.767532}
#     TESS MAC address: 18:FE:34:CF:EC:06
#     TESS cover offset value: 0.0
#     TESS firmware version: '1.0'
#     TESS zero point: 20.5
#     Time Synchronization: timestamp added by MQTT subscriber
#     URL: http://www.darksky.org/NSBM/sdf1.0.pdf
# - __serialized_columns__:
#     Enclosure Temperature:
#       __class__: astropy.units.quantity.Quantity
#       unit: &id001 !astropy.units.Unit {unit: deg_C}
#       value: !astropy.table.SerializedColumn {name: Enclosure Temperature}
#     Frequency:
#       __class__: astropy.units.quantity.Quantity
#       unit: !astropy.units.Unit {unit: Hz}
#       value: !astropy.table.SerializedColumn {name: Frequency}
#     MSAS:
#       __class__: astropy.units.quantity.Quantity
#       unit: !astropy.units.Unit {unit: mag / arcsec2}
#       value: !astropy.table.SerializedColumn {name: MSAS}
#     Moon Alt:
#       __class__: astropy.units.quantity.Quantity
#       unit: &id002 !astropy.units.Unit {unit: deg}
#       value: !astropy.table.SerializedColumn {name: Moon Alt}
#     Sky Temperature:
#       __class__: astropy.units.quantity.Quantity
#       unit: *id001
#       value: !astropy.table.SerializedColumn {name: Sky Temperature}
#     Sun Alt:
#       __class__: astropy.units.quantity.Quantity
#       unit: *id002
#       value: !astropy.table.SerializedColumn {name: Sun Alt}
#     time:
#       __class__: astropy.time.core.Time
#       format: isot
#       in_subfmt: '*'
#       out_subfmt: '*'
#       precision: 3
#       scale: utc
#       value: !astropy.table.SerializedColumn {name: time}
# schema: astropy-2.0
time,Enclosure Temperature,Sky Temperature,Frequency,MSAS,ZP,Sequence Number,Sun Alt,Moon Alt,Moon Illumination
[from data line 17359]
2022-02-22T11:53:56.000,10.65,-16.16,3.85,18.92,20.5,13837,-27.0,41.0,0.661
2022-02-22T11:54:56.000,10.62,-16.4,3.86,18.91,20.5,13838,-26.79,42.0,0.661
2022-02-22T11:55:56.000,10.51,-16.33,3.87,18.91,20.5,13839,-26.58,42.0,0.661
2022-02-22T11:56:58.000,10.37,-16.32,3.88,18.91,20.5,13840,-26.36,42.0,0.661
2022-02-22T11:57:59.000,10.21,-16.29,3.91,18.9,20.5,13841,-26.15,42.0,0.661
2022-02-22T11:58:59.000,10.06,-16.2,3.94,18.89,20.5,13842,-25.94,42.0,0.66
2022-02-22T11:59:59.000,10.01,-16.01,3.96,18.89,20.5,13843,-25.73,42.0,0.66
2022-02-22T12:01:00.000,10.36,-15.45,7.02,18.59,20.5,13844,-25.51,42.0,0.66
2022-02-22T12:03:00.000,10.64,-16.17,3.91,18.9,20.5,13846,-25.09,42.0,0.66
2022-02-22T12:06:01.000,10.18,-16.28,3.88,18.91,20.5,13849,-24.45,42.0,0.66
2022-02-22T12:07:01.000,10.04,-16.27,3.88,18.91,20.5,13850,-24.24,42.0,0.66
2022-02-22T12:09:02.000,10.62,-15.71,3.87,18.91,20.5,13852,-23.82,42.0,0.66
2022-02-22T12:10:02.000,10.73,-16.03,3.86,18.91,20.5,13853,-23.6,42.0,0.66
2022-02-22T12:11:02.000,10.65,-16.15,3.85,18.92,20.5,13854,-23.39,41.0,0.66
2022-02-22T12:12:02.000,10.49,-16.26,3.84,18.92,20.5,13855,-23.18,41.0,0.66
2022-02-22T12:13:02.000,10.3,-16.25,3.83,18.92,20.5,13856,-22.97,41.0,0.659
2022-02-22T12:14:03.000,10.09,-16.43,3.82,18.93,20.5,13857,-22.75,41.0,0.659
2022-02-22T12:15:03.000,10.08,-15.78,3.8,18.93,20.5,13858,-22.54,41.0,0.659
2022-02-22T12:16:03.000,10.64,-15.68,3.79,18.93,20.5,13859,-22.33,41.0,0.659
2022-02-22T12:18:11.000,10.7,-16.18,3.77,18.94,20.5,13861,-21.88,41.0,0.659
2022-02-22T12:19:11.000,10.54,-16.1,3.76,18.94,20.5,13862,-21.67,41.0,0.659
2022-02-22T12:20:11.000,10.4,-15.97,3.75,18.94,20.5,13863,-21.46,41.0,0.659
2022-02-22T12:21:12.000,10.27,-16.04,3.74,18.95,20.5,13864,-21.24,41.0,0.659
2022-02-22T12:22:12.000,10.13,-16.05,3.74,18.95,20.5,13865,-21.03,41.0,0.659
2022-02-22T12:25:13.000,10.51,-15.92,3.71,18.96,20.5,13868,-20.39,41.0,0.659
2022-02-22T12:26:13.000,10.48,-16.28,3.69,18.96,20.5,13869,-20.18,41.0,0.658
2022-02-22T12:27:13.000,10.32,-16.26,3.69,18.96,20.5,13870,-19.97,41.0,0.658
2022-02-22T12:28:16.000,10.18,-16.1,3.68,18.97,20.5,13871,-19.75,41.0,0.658
2022-02-22T12:29:17.000,10.06,-15.97,3.67,18.97,20.5,13872,-19.53,41.0,0.658
2022-02-22T12:30:18.000,10.04,-15.64,3.66,18.97,20.5,13873,-19.32,41.0,0.658
2022-02-22T12:31:18.000,10.34,-15.56,3.65,18.97,20.5,13874,-19.1,41.0,0.658
2022-02-22T12:32:18.000,10.45,-15.8,3.64,18.98,20.5,13875,-18.89,41.0,0.658
2022-02-22T12:33:18.000,10.4,-15.94,3.63,18.98,20.5,13876,-18.68,41.0,0.658
2022-02-22T12:34:18.000,10.29,-15.97,3.63,18.98,20.5,13877,-18.47,41.0,0.658
2022-02-22T12:35:19.000,10.15,-15.98,3.62,18.98,20.5,13878,-18.25,41.0,0.658
2022-02-22T12:36:19.000,10.05,-15.86,3.61,18.99,20.5,13879,-18.04,41.0,0.658
2022-02-22T12:37:20.000,10.0,-15.72,3.6,18.99,20.5,13880,-17.83,41.0,0.658
2022-02-22T12:38:20.000,10.38,-15.46,3.59,18.99,20.5,13881,-17.62,41.0,0.658
2022-02-22T12:39:21.000,10.62,-16.05,3.59,18.99,20.5,13882,-17.4,41.0,0.658
2022-02-22T12:40:21.000,10.52,-16.35,3.58,19.0,20.5,13883,-17.19,41.0,0.657
2022-02-22T12:41:21.000,10.28,-16.69,3.57,19.0,20.5,13884,-16.98,41.0,0.657
2022-02-22T12:42:23.000,9.97,-16.73,3.56,19.0,20.5,13885,-16.76,41.0,0.657
2022-02-22T12:43:24.000,10.29,-15.97,3.54,19.01,20.5,13886,-16.54,41.0,0.657
2022-02-22T12:44:25.000,10.73,-16.26,3.53,19.01,20.5,13887,-16.33,41.0,0.657
2022-02-22T12:45:25.000,10.8,-16.25,3.52,19.01,20.5,13888,-16.12,41.0,0.657
2022-02-22T12:46:25.000,10.68,-16.39,3.52,19.02,20.5,13889,-15.91,40.0,0.657
2022-02-22T12:47:25.000,10.51,-16.44,3.51,19.02,20.5,13890,-15.69,40.0,0.657
2022-02-22T12:48:25.000,10.26,-16.65,3.5,19.02,20.5,13891,-15.48,40.0,0.657
2022-02-22T12:49:26.000,10.05,-16.43,3.49,19.02,20.5,13892,-15.27,40.0,0.657
2022-02-22T12:52:26.000,10.63,-16.35,3.49,19.02,20.5,13895,-14.63,40.0,0.657
2022-02-22T12:53:27.000,10.51,-16.49,3.49,19.02,20.5,13896,-14.42,40.0,0.656
2022-02-22T12:54:27.000,10.35,-16.43,3.5,19.02,20.5,13897,-14.21,40.0,0.656
2022-02-22T12:58:34.000,10.59,-16.08,3.59,18.99,20.5,13901,-13.34,40.0,0.656
2022-02-22T12:59:34.000,10.71,-16.63,3.63,18.98,20.5,13902,-13.13,40.0,0.656
2022-02-22T13:02:40.000,10.04,-16.68,3.82,18.92,20.5,13905,-12.47,40.0,0.656
2022-02-22T13:03:41.000,10.18,-15.8,3.92,18.9,20.5,13906,-12.26,39.0,0.656
2022-02-22T13:04:41.000,10.75,-16.11,4.05,18.86,20.5,13907,-12.05,39.0,0.656
2022-02-22T13:05:41.000,10.84,-16.65,4.2,18.82,20.5,13908,-11.84,39.0,0.656
2022-02-22T13:06:42.000,10.68,-16.85,4.38,18.78,20.5,13909,-11.62,39.0,0.656
2022-02-22T13:07:43.000,10.4,-17.2,4.6,18.72,20.5,13910,-11.41,39.0,0.655
2022-02-22T13:08:43.000,10.08,-17.28,4.87,18.66,20.5,13911,-11.2,39.0,0.655
2022-02-22T13:09:43.000,10.01,-16.62,5.2,18.59,20.5,13912,-10.99,39.0,0.655
2022-02-22T13:10:43.000,10.7,-16.25,5.6,18.51,20.5,13913,-10.77,39.0,0.655
2022-02-22T13:11:43.000,10.98,-16.65,6.07,18.42,20.5,13914,-10.56,39.0,0.655
2022-02-22T13:12:44.000,10.9,-16.87,6.7,18.32,20.5,13915,-10.35,39.0,0.655
2022-02-22T13:13:44.000,10.67,-16.93,7.43,18.2,20.5,13916,-10.14,39.0,0.655
2022-02-22T13:15:50.000,10.1,-16.84,9.58,17.93,20.5,13918,-9.7,39.0,0.655
2022-02-22T13:16:50.000,10.02,-16.25,10.97,17.78,20.5,13919,-9.49,39.0,0.655
2022-02-22T13:17:50.000,10.58,-15.94,12.64,17.63,20.5,13920,-9.28,38.0,0.655
2022-02-22T13:18:51.000,10.81,-16.45,14.68,17.46,20.5,13921,-9.06,38.0,0.655
2022-02-22T13:19:51.000,10.61,-17.11,17.35,17.28,20.5,13922,-8.85,38.0,0.655
2022-02-22T13:20:51.000,10.36,-17.07,20.54,17.1,20.5,13923,-8.64,38.0,0.654
2022-02-22T13:21:52.000,10.12,-17.03,24.62,16.9,20.5,13924,-8.43,38.0,0.654
2022-02-22T13:22:52.000,9.99,-16.65,29.81,16.7,20.5,13925,-8.22,38.0,0.654
2022-02-22T13:23:52.000,10.49,-16.14,36.39,16.48,20.5,13926,-8.01,38.0,0.654
2022-02-22T13:24:52.000,10.76,-16.53,44.66,16.26,20.5,13927,-7.8,38.0,0.654
2022-02-22T13:25:53.000,10.67,-16.87,55.56,16.02,20.5,13928,-7.58,38.0,0.654
2022-02-22T13:26:53.000,10.41,-17.06,70.22,15.77,20.5,13929,-7.37,38.0,0.654
2022-02-22T13:28:54.000,10.0,-16.7,114.67,15.23,20.5,13931,-6.95,38.0,0.654
2022-02-22T13:29:55.000,10.37,-15.85,148.31,14.96,20.5,13932,-6.74,37.0,0.654
2022-02-22T13:30:55.000,10.74,-16.31,192.31,14.67,20.5,13933,-6.53,37.0,0.654
2022-02-22T13:32:55.000,10.33,-17.19,322.87,14.11,20.5,13935,-6.11,37.0,0.654
2022-02-22T13:33:55.000,10.11,-16.9,418.49,13.83,20.5,13936,-5.9,37.0,0.653
2022-02-22T13:34:56.000,9.91,-16.91,542.64,13.55,20.5,13937,-5.69,37.0,0.653
2022-02-22T13:35:56.000,9.65,-17.03,702.9,13.27,20.5,13938,-5.48,37.0,0.653
2022-02-22T13:36:56.000,9.47,-16.76,909.73,12.99,20.5,13939,-5.27,37.0,0.653
2022-02-22T13:37:56.000,9.26,-16.93,1175.28,12.71,20.5,13940,-5.06,37.0,0.653
2022-02-22T13:38:57.000,9.11,-16.67,1517.71,12.43,20.5,13941,-4.85,37.0,0.653
2022-02-22T13:39:57.000,8.99,-16.89,1963.73,12.15,20.5,13942,-4.64,36.0,0.653
2022-02-22T13:40:57.000,8.92,-16.62,2538.36,11.87,20.5,13943,-4.43,36.0,0.653
2022-02-22T13:41:57.000,8.88,-16.55,3287.13,11.59,20.5,13944,-4.22,36.0,0.653
2022-02-22T13:42:57.000,8.82,-16.64,4269.93,11.31,20.5,13945,-4.01,36.0,0.653
2022-02-22T13:43:58.000,8.68,-16.65,5547.78,11.02,20.5,13946,-3.8,36.0,0.653
2022-02-22T13:44:58.000,8.66,-16.33,7115.13,10.75,20.5,13947,-3.59,36.0,0.653
2022-02-22T13:45:58.000,8.69,-16.19,9104.58,10.48,20.5,13948,-3.38,36.0,0.653
2022-02-22T13:46:58.000,8.69,-16.29,11654.36,10.22,20.5,13949,-3.17,36.0,0.653
2022-02-22T13:47:58.000,8.67,-16.4,14640.16,9.97,20.5,13950,-2.96,36.0,0.652
2022-02-22T13:48:59.000,8.53,-16.77,18133.89,9.74,20.5,13951,-2.75,36.0,0.652
2022-02-22T13:49:59.000,8.37,-16.87,22321.87,9.51,20.5,13952,-2.54,35.0,0.652
2022-02-22T13:50:59.000,8.24,-16.87,26849.53,9.39,20.5,13953,-2.33,35.0,0.652
2022-02-22T13:51:59.000,8.22,-16.48,32504.7,9.1,20.5,13954,-2.13,35.0,0.652
2022-02-22T13:54:00.000,8.09,-16.64,44568.77,8.76,20.5,13956,-1.71,35.0,0.652
2022-02-22T13:55:00.000,8.03,-16.39,51259.27,8.61,20.5,13957,-1.5,35.0,0.652
2022-02-22T13:56:00.000,8.05,-16.36,58745.31,8.46,20.5,13958,-1.29,35.0,0.652
2022-02-22T13:57:00.000,7.98,-16.73,16529.55,2.16,20.5,13959,-1.08,35.0,0.652
2022-02-22T13:58:01.000,7.93,-16.68,0.0,0.0,20.5,13960,-0.87,35.0,0.652
2022-02-22T13:59:01.000,7.94,-16.67,0.0,0.0,20.5,13961,-0.67,34.0,0.652
2022-02-22T14:01:01.000,7.9,-16.91,0.0,0.0,20.5,13963,-0.25,34.0,0.651
2022-02-22T14:07:04.000,7.76,-16.46,0.0,0.0,20.5,13969,1.0,33.0,0.651
2022-02-22T14:08:04.000,7.78,-16.41,0.0,0.0,20.5,13970,1.21,33.0,0.651
2022-02-22T14:09:04.000,7.81,-16.36,0.0,0.0,20.5,13971,1.41,33.0,0.651
2022-02-22T14:14:08.000,7.91,-16.44,0.0,0.0,20.5,13976,2.46,33.0,0.651
2022-02-22T14:17:08.000,8.09,-16.41,0.0,0.0,20.5,13979,3.07,32.0,0.65
2022-02-22T14:18:08.000,8.12,-16.53,0.0,0.0,20.5,13980,3.28,32.0,0.65
2022-02-22T14:19:09.000,8.11,-16.55,0.0,0.0,20.5,13981,3.49,32.0,0.65
2022-02-22T14:20:09.000,8.1,-16.55,0.0,0.0,20.5,13982,3.69,32.0,0.65
2022-02-22T14:21:09.000,8.11,-16.46,0.0,0.0,20.5,13983,3.9,32.0,0.65
2022-02-22T14:22:09.000,8.15,-16.47,0.0,0.0,20.5,13984,4.1,32.0,0.65
2022-02-22T14:24:10.000,8.11,-16.47,0.0,0.0,20.5,13986,4.52,31.0,0.65
2022-02-22T14:25:10.000,8.14,-16.5,0.0,0.0,20.5,13987,4.72,31.0,0.65
2022-02-22T14:26:10.000,8.17,-16.45,0.0,0.0,20.5,13988,4.93,31.0,0.65
2022-02-22T14:27:10.000,8.19,-16.5,0.0,0.0,20.5,13989,5.13,31.0,0.65
2022-02-22T14:29:18.000,8.2,-16.4,0.11,0.09,20.5,13991,5.56,31.0,0.649
2022-02-22T14:30:18.000,8.22,-16.31,0.0,0.0,20.5,13992,5.77,31.0,0.649
2022-02-22T14:31:19.000,8.25,-16.34,0.21,0.09,20.5,13993,5.98,30.0,0.649
2022-02-22T14:32:19.000,8.27,-16.3,0.11,0.09,20.5,13994,6.18,30.0,0.649
2022-02-22T14:33:19.000,8.33,-16.15,0.0,0.0,20.5,13995,6.38,30.0,0.649
2022-02-22T14:34:19.000,8.35,-16.36,0.11,0.1,20.5,13996,6.59,30.0,0.649
2022-02-22T14:35:19.000,8.36,-16.25,0.0,0.0,20.5,13997,6.79,30.0,0.649
2022-02-22T14:36:20.000,8.44,-16.09,0.0,0.0,20.5,13998,7.0,30.0,0.649
2022-02-22T14:37:20.000,8.49,-16.09,0.0,0.0,20.5,13999,7.2,30.0,0.649
2022-02-22T14:38:20.000,8.52,-16.09,0.24,0.1,20.5,14000,7.4,29.0,0.649
2022-02-22T14:39:20.000,8.61,-15.92,0.0,0.0,20.5,14001,7.6,29.0,0.649
2022-02-22T14:40:21.000,8.66,-16.06,0.0,0.0,20.5,14002,7.81,29.0,0.649
2022-02-22T14:41:21.000,8.67,-15.98,0.0,0.0,20.5,14003,8.01,29.0,0.649
2022-02-22T14:43:21.000,8.8,-15.89,0.0,0.0,20.5,14005,8.41,29.0,0.648
2022-02-22T14:44:21.000,8.83,-15.91,0.0,0.0,20.5,14006,8.62,29.0,0.648
2022-02-22T14:45:22.000,8.91,-15.84,0.0,0.0,20.5,14007,8.82,28.0,0.648
2022-02-22T14:49:22.000,9.09,-15.77,0.0,0.0,20.5,14011,9.63,28.0,0.648
2022-02-22T14:50:23.000,9.15,-15.74,0.0,0.0,20.5,14012,9.83,28.0,0.648
2022-02-22T14:51:23.000,9.22,-15.66,0.0,0.0,20.5,14013,10.03,28.0,0.648
2022-02-22T14:54:25.000,9.38,-15.76,0.0,0.0,20.5,14016,10.64,27.0,0.648
2022-02-22T14:57:26.000,9.5,-15.7,0.0,0.0,20.5,14019,11.24,27.0,0.647
2022-02-22T14:58:26.000,9.51,-15.7,0.0,0.0,20.5,14020,11.44,26.0,0.647
2022-02-22T14:59:26.000,9.56,-15.6,0.0,0.0,20.5,14021,11.64,26.0,0.647
2022-02-22T15:00:27.000,9.61,-15.64,0.0,0.0,20.5,14022,11.84,26.0,0.647
2022-02-22T15:02:33.000,9.63,-15.63,0.0,0.0,20.5,14024,12.26,26.0,0.647
2022-02-22T15:03:33.000,9.65,-15.5,0.0,0.0,20.5,14025,12.46,26.0,0.647
2022-02-22T15:04:33.000,9.66,-15.54,0.0,0.0,20.5,14026,12.65,26.0,0.647
2022-02-22T15:05:34.000,9.66,-15.62,0.0,0.0,20.5,14027,12.86,25.0,0.647
2022-02-22T15:08:40.000,9.78,-15.25,0.0,0.0,20.5,14030,13.47,25.0,0.646
2022-02-22T15:11:41.000,9.89,-15.39,0.0,0.0,20.5,14033,14.06,24.0,0.646
2022-02-22T15:12:41.000,9.88,-15.25,0.0,0.0,20.5,14034,14.26,24.0,0.646
2022-02-22T15:15:42.000,10.16,-14.97,0.0,0.0,20.5,14037,14.85,24.0,0.646
2022-02-22T15:16:42.000,10.21,-14.92,0.0,0.0,20.5,14038,15.05,24.0,0.646
2022-02-22T15:17:42.000,10.26,-14.92,0.0,0.0,20.5,14039,15.24,24.0,0.646
2022-02-22T15:25:44.000,10.99,-14.38,0.0,0.0,20.5,14047,16.8,22.0,0.645
2022-02-22T15:26:44.000,11.06,-14.4,0.0,0.0,20.5,14048,17.0,22.0,0.645
2022-02-22T15:27:44.000,11.12,-14.43,0.0,0.0,20.5,14049,17.19,22.0,0.645
2022-02-22T15:32:46.000,11.29,-14.22,0.0,0.0,20.5,14054,18.16,21.0,0.645
2022-02-22T15:33:46.000,11.3,-14.21,0.0,0.0,20.5,14055,18.35,21.0,0.645
2022-02-22T15:34:47.000,11.3,-14.11,0.0,0.0,20.5,14056,18.54,21.0,0.645
2022-02-22T15:37:47.000,11.44,-13.89,0.0,0.0,20.5,14059,19.12,20.0,0.644
2022-02-22T15:38:48.000,11.49,-13.62,0.0,0.0,20.5,14060,19.31,20.0,0.644
2022-02-22T15:39:47.000,11.55,-13.55,0.0,0.0,20.5,14061,19.5,20.0,0.644
2022-02-22T15:41:48.000,11.75,-13.15,0.0,0.0,20.5,14063,19.88,20.0,0.644
2022-02-22T15:42:48.000,11.81,-13.13,0.0,0.0,20.5,14064,20.07,19.0,0.644
2022-02-22T15:43:49.000,11.93,-12.92,0.0,0.0,20.5,14065,20.26,19.0,0.644
2022-02-22T15:44:49.000,12.0,-12.91,0.0,0.0,20.5,14066,20.45,19.0,0.644
2022-02-22T15:45:49.000,12.09,-12.95,0.0,0.0,20.5,14067,20.64,19.0,0.644
2022-02-22T15:46:49.000,12.14,-12.94,0.0,0.0,20.5,14068,20.83,19.0,0.644
2022-02-22T15:49:50.000,12.27,-12.93,0.0,0.0,20.5,14071,21.39,18.0,0.643
2022-02-22T15:50:50.000,12.27,-12.78,0.0,0.0,20.5,14072,21.58,18.0,0.643
2022-02-22T16:01:52.000,13.05,-11.27,0.0,0.0,20.5,14083,23.62,16.0,0.643
2022-02-22T16:02:52.000,13.07,-11.34,0.0,0.0,20.5,14084,23.8,16.0,0.642
2022-02-22T16:03:52.000,13.06,-11.33,0.0,0.0,20.5,14085,23.99,16.0,0.642
2022-02-22T16:05:53.000,13.09,-11.02,0.0,0.0,20.5,14087,24.35,15.0,0.642
2022-02-22T16:06:54.000,13.17,-10.75,0.0,0.0,20.5,14088,24.54,15.0,0.642
2022-02-22T16:07:55.000,13.27,-10.48,0.0,0.0,20.5,14089,24.72,15.0,0.642
2022-02-22T16:10:01.000,13.53,-10.11,0.0,0.0,20.5,14091,25.1,15.0,0.642
2022-02-22T16:14:02.000,13.71,-9.87,0.0,0.0,20.5,14095,25.82,14.0,0.642
2022-02-22T16:15:02.000,13.83,-9.66,0.0,0.0,20.5,14096,26.0,14.0,0.642
2022-02-22T16:16:02.000,13.89,-9.56,0.0,0.0,20.5,14097,26.18,14.0,0.641
2022-02-22T16:23:04.000,14.49,-8.26,0.0,0.0,20.5,14104,27.43,12.0,0.641
2022-02-22T16:24:04.000,14.62,-8.14,0.0,0.0,20.5,14105,27.6,12.0,0.641
2022-02-22T16:25:04.000,14.64,-8.26,0.0,0.0,20.5,14106,27.78,12.0,0.641
2022-02-22T16:27:06.000,14.62,-8.03,0.0,0.0,20.5,14108,28.13,12.0,0.641
2022-02-22T16:29:13.000,14.63,-8.0,0.0,0.0,20.5,14110,28.5,11.0,0.64
2022-02-22T16:31:14.000,14.7,-7.19,0.0,0.0,20.5,14112,28.85,11.0,0.64
2022-02-22T16:32:14.000,14.86,-6.61,0.0,0.0,20.5,14113,29.02,11.0,0.64
2022-02-22T16:33:14.000,14.93,-6.95,0.0,0.0,20.5,14114,29.19,10.0,0.64
2022-02-22T16:34:14.000,15.02,-6.58,0.0,0.0,20.5,14115,29.36,10.0,0.64
2022-02-22T16:36:15.000,15.24,-6.24,0.0,0.0,20.5,14117,29.7,10.0,0.64
2022-02-22T16:37:15.000,15.3,-6.11,0.0,0.0,20.5,14118,29.87,10.0,0.64
2022-02-22T17:02:18.000,17.37,-3.06,0.0,0.0,20.5,14143,33.96,5.0,0.638
2022-02-22T17:06:24.000,17.77,-2.51,0.0,0.0,20.5,14147,34.6,4.0,0.638
2022-02-22T17:08:32.000,17.9,-2.7,0.0,0.0,20.5,14149,34.93,4.0,0.638
2022-02-22T17:09:32.000,17.74,-3.27,0.0,0.0,20.5,14150,35.08,4.0,0.637
2022-02-22T17:10:32.000,17.77,-2.73,0.0,0.0,20.5,14151,35.23,4.0,0.637
2022-02-22T17:25:35.000,22.67,2.96,0.0,0.0,20.5,14166,37.45,1.0,0.636
2022-02-22T17:26:35.000,23.27,2.49,0.0,0.0,20.5,14167,37.59,0.0,0.636
2022-02-22T17:27:36.000,23.72,2.18,0.0,0.0,20.5,14168,37.73,0.0,0.636
2022-02-22T17:29:42.000,24.95,2.98,0.0,0.0,20.5,14170,38.03,-0.0,0.636
2022-02-22T17:30:42.000,25.48,2.66,0.0,0.0,20.5,14171,38.16,-0.0,0.636
2022-02-22T17:31:42.000,25.78,2.14,0.0,0.0,20.5,14172,38.3,-1.0,0.636
2022-02-22T17:33:43.000,26.56,2.28,0.0,0.0,20.5,14174,38.58,-1.0,0.636
2022-02-22T17:34:43.000,26.94,2.8,0.0,0.0,20.5,14175,38.72,-1.0,0.636
2022-02-22T17:35:43.000,27.33,2.19,0.0,0.0,20.5,14176,38.85,-1.0,0.636
2022-02-22T17:36:43.000,27.46,1.65,0.0,0.0,20.5,14177,38.98,-2.0,0.635
2022-02-22T17:37:44.000,27.49,1.63,0.0,0.0,20.5,14178,39.12,-2.0,0.635
2022-02-22T17:38:44.000,27.8,1.92,0.0,0.0,20.5,14179,39.25,-2.0,0.635
2022-02-22T17:42:45.000,28.16,1.75,0.0,0.0,20.5,14183,39.78,-3.0,0.635
2022-02-22T17:43:45.000,28.38,1.85,0.0,0.0,20.5,14184,39.91,-3.0,0.635
2022-02-22T17:44:46.000,28.6,2.06,0.0,0.0,20.5,14185,40.04,-3.0,0.635
2022-02-22T17:48:48.000,29.32,1.9,0.0,0.0,20.5,14189,40.55,-4.0,0.635
