Downloads/jupyter/ECSV/stars19/stars19_2019-09.ecsv
# %ECSV 1.0
# ---
# datatype:
# - {name: time, datatype: string}
# - {name: Enclosure Temperature, unit: deg_C, datatype: float64}
# - {name: Sky Temperature, unit: deg_C, datatype: float64}
# - {name: Frequency, unit: Hz, datatype: float64}
# - {name: MSAS, unit: mag / arcsec2, datatype: float64}
# - {name: ZP, datatype: float64}
# - {name: Sequence Number, datatype: int64}
# - {name: Sun Alt, unit: deg, datatype: float64}
# - {name: Moon Alt, unit: deg, datatype: float64}
# - {name: Moon Illumination, datatype: float64}
# delimiter: ','
# meta: !!omap
# - ida:
#     Data supplier: {affiliation: null, observer: null}
#     Device type: TESS-W
#     Field of view: 17.0
#     Filters per channel: None
#     Instrument ID: stars19
#     License: ODbL 1.0 http://opendatacommons.org/licenses/odbl/summary/
#     Local timezone: America/Phoenix
#     Location name: {country: '- Tucson', place: Tucson, region: United States, sub_region: Arizona, town: Pima County}
#     Measurement direction per channel: {azimuth: 0.0, zenital: 0.0}
#     Moving / Fixed look direction: FIXED
#     Moving / Stationary position: STATIONARY
#     Number of channels: 1
#     Number of fields per line: 8
#     Number of header lines: 35
#     Position: {height: 0.0, latitude: 32.223877, longitude: -110.767532}
#     TESS MAC address: 18:FE:34:CF:EC:06
#     TESS cover offset value: 0.0
#     TESS firmware version: '1.0'
#     TESS zero point: 20.5
#     Time Synchronization: timestamp added by MQTT subscriber
#     URL: http://www.darksky.org/NSBM/sdf1.0.pdf
# - __serialized_columns__:
#     Enclosure Temperature:
#       __class__: astropy.units.quantity.Quantity
#       unit: &id001 !astropy.units.Unit {unit: deg_C}
#       value: !astropy.table.SerializedColumn {name: Enclosure Temperature}
#     Frequency:
#       __class__: astropy.units.quantity.Quantity
#       unit: !astropy.units.Unit {unit: Hz}
#       value: !astropy.table.SerializedColumn {name: Frequency}
#     MSAS:
#       __class__: astropy.units.quantity.Quantity
#       unit: !astropy.units.Unit {unit: mag / arcsec2}
#       value: !astropy.table.SerializedColumn {name: MSAS}
#     Moon Alt:
#       __class__: astropy.units.quantity.Quantity
#       unit: &id002 !astropy.units.Unit {unit: deg}
#       value: !astropy.table.SerializedColumn {name: Moon Alt}
#     Sky Temperature:
#       __class__: astropy.units.quantity.Quantity
#       unit: *id001
#       value: !astropy.table.SerializedColumn {name: Sky Temperature}
#     Sun Alt:
#       __class__: astropy.units.quantity.Quantity
#       unit: *id002
#       value: !astropy.table.SerializedColumn {name: Sun Alt}
#     time:
#       __class__: astropy.time.core.Time
#       format: isot
#       in_subfmt: '*'
#       out_subfmt: '*'
#       precision: 3
#       scale: utc
#       value: !astropy.table.SerializedColumn {name: time}
# schema: astropy-2.0
time,Enclosure Temperature,Sky Temperature,Frequency,MSAS,ZP,Sequence Number,Sun Alt,Moon Alt,Moon Illumination
[from data line 18957]
2019-09-25T03:11:19.000,21.78,2.57,1.26,20.13,20.5,90415,-24.7,-37.0,0.187
2019-09-25T03:12:19.000,21.78,2.62,1.24,20.14,20.5,90416,-24.9,-37.0,0.187
2019-09-25T03:13:19.000,21.78,2.59,1.24,20.15,20.5,90417,-25.11,-37.0,0.187
2019-09-25T03:14:20.000,21.77,2.56,1.24,20.15,20.5,90418,-25.31,-38.0,0.187
2019-09-25T03:21:23.000,21.58,2.36,1.23,20.16,20.5,90425,-26.74,-38.0,0.186
2019-09-25T03:22:23.000,21.52,2.34,1.23,20.16,20.5,90426,-26.94,-38.0,0.186
2019-09-25T03:24:24.000,21.46,2.33,1.22,20.16,20.5,90428,-27.35,-38.0,0.186
2019-09-25T03:25:24.000,21.44,2.26,1.22,20.17,20.5,90429,-27.55,-38.0,0.186
2019-09-25T03:26:25.000,21.46,2.4,1.23,20.15,20.5,90430,-27.76,-38.0,0.186
2019-09-25T03:27:25.000,21.51,2.37,1.22,20.17,20.5,90431,-27.96,-38.0,0.186
2019-09-25T03:28:25.000,21.52,2.34,1.22,20.16,20.5,90432,-28.16,-38.0,0.186
2019-09-25T03:29:25.000,21.54,2.34,1.22,20.16,20.5,90433,-28.36,-38.0,0.186
2019-09-25T03:35:26.000,21.57,2.21,1.21,20.17,20.5,90439,-29.56,-38.0,0.185
2019-09-25T03:36:27.000,21.52,2.15,1.21,20.17,20.5,90440,-29.76,-38.0,0.185
2019-09-25T03:43:28.000,21.45,2.22,1.2,20.18,20.5,90447,-31.15,-39.0,0.185
2019-09-25T03:44:29.000,21.46,2.26,1.2,20.18,20.5,90448,-31.35,-39.0,0.185
2019-09-25T03:45:29.000,21.45,2.25,1.2,20.18,20.5,90449,-31.55,-39.0,0.185
2019-09-25T03:46:30.000,21.42,2.25,1.2,20.18,20.5,90450,-31.75,-39.0,0.185
2019-09-25T03:47:30.000,21.39,2.21,1.2,20.18,20.5,90451,-31.94,-39.0,0.185
2019-09-25T03:48:30.000,21.33,2.23,1.2,20.18,20.5,90452,-32.14,-39.0,0.185
2019-09-25T03:49:31.000,21.32,2.29,1.2,20.18,20.5,90453,-32.34,-39.0,0.185
2019-09-25T03:50:31.000,21.32,2.23,1.2,20.18,20.5,90454,-32.54,-39.0,0.184
2019-09-25T03:51:31.000,21.33,2.24,1.2,20.18,20.5,90455,-32.73,-39.0,0.184
2019-09-25T03:52:32.000,21.35,2.21,1.2,20.18,20.5,90456,-32.93,-39.0,0.184
2019-09-25T03:53:32.000,21.31,2.03,1.2,20.19,20.5,90457,-33.12,-39.0,0.184
2019-09-25T03:54:32.000,21.25,2.02,1.2,20.19,20.5,90458,-33.32,-39.0,0.184
2019-09-25T03:55:32.000,21.2,2.01,1.19,20.19,20.5,90459,-33.51,-39.0,0.184
2019-09-25T03:56:32.000,21.15,2.03,1.2,20.19,20.5,90460,-33.71,-39.0,0.184
2019-09-25T03:57:33.000,21.13,2.03,1.19,20.19,20.5,90461,-33.9,-39.0,0.184
2019-09-25T03:58:33.000,21.11,2.07,1.19,20.19,20.5,90462,-34.1,-39.0,0.184
2019-09-25T03:59:33.000,21.1,2.02,1.19,20.19,20.5,90463,-34.29,-39.0,0.184
2019-09-25T04:00:34.000,21.07,1.95,1.19,20.19,20.5,90464,-34.49,-39.0,0.184
2019-09-25T04:01:34.000,21.04,1.81,1.19,20.19,20.5,90465,-34.68,-39.0,0.184
2019-09-25T04:02:34.000,21.0,1.78,1.19,20.19,20.5,90466,-34.87,-39.0,0.184
2019-09-25T04:03:34.000,20.97,1.76,1.19,20.19,20.5,90467,-35.06,-39.0,0.184
2019-09-25T04:04:35.000,20.98,1.81,1.19,20.19,20.5,90468,-35.26,-39.0,0.184
2019-09-25T04:05:35.000,20.93,1.71,1.19,20.19,20.5,90469,-35.45,-39.0,0.183
2019-09-25T04:06:35.000,20.93,1.81,1.19,20.19,20.5,90470,-35.64,-39.0,0.183
2019-09-25T04:07:36.000,20.91,1.8,1.19,20.19,20.5,90471,-35.83,-39.0,0.183
2019-09-25T04:09:38.000,20.93,2.0,1.2,20.18,20.5,90473,-36.22,-39.0,0.183
2019-09-25T04:10:38.000,20.92,1.99,1.2,20.18,20.5,90474,-36.41,-39.0,0.183
2019-09-25T04:11:39.000,20.93,2.09,1.24,20.15,20.5,90475,-36.6,-39.0,0.183
2019-09-25T04:12:39.000,20.92,2.07,1.24,20.15,20.5,90476,-36.79,-39.0,0.183
2019-09-25T04:13:39.000,20.93,2.17,1.25,20.14,20.5,90477,-36.98,-39.0,0.183
2019-09-25T04:14:40.000,20.93,2.18,1.26,20.13,20.5,90478,-37.17,-39.0,0.183
2019-09-25T04:18:40.000,20.89,2.44,1.41,20.01,20.5,90482,-37.92,-39.0,0.183
2019-09-25T04:19:41.000,20.89,2.71,1.51,19.93,20.5,90483,-38.11,-39.0,0.183
2019-09-25T04:20:41.000,20.92,2.98,1.68,19.82,20.5,90484,-38.3,-39.0,0.183
2019-09-25T04:24:44.000,20.99,2.95,1.36,20.04,20.5,90488,-39.05,-39.0,0.182
2019-09-25T04:25:44.000,21.01,2.66,1.34,20.06,20.5,90489,-39.23,-39.0,0.182
2019-09-25T04:26:44.000,20.99,2.49,1.33,20.07,20.5,90490,-39.41,-39.0,0.182
2019-09-25T04:27:44.000,21.02,2.68,1.34,20.06,20.5,90491,-39.6,-39.0,0.182
2019-09-25T04:28:45.000,21.06,2.75,1.36,20.05,20.5,90492,-39.78,-39.0,0.182
2019-09-25T04:29:45.000,21.09,2.85,1.37,20.04,20.5,90493,-39.97,-39.0,0.182
2019-09-25T04:30:45.000,21.13,2.88,1.4,20.01,20.5,90494,-40.15,-39.0,0.182
2019-09-25T04:31:46.000,21.15,2.93,1.5,19.94,20.5,90495,-40.33,-39.0,0.182
2019-09-25T04:32:47.000,21.16,3.15,1.61,19.86,20.5,90496,-40.52,-39.0,0.182
2019-09-25T04:33:47.000,21.19,3.37,1.68,19.82,20.5,90497,-40.7,-39.0,0.182
2019-09-25T04:34:48.000,21.21,3.75,1.71,19.8,20.5,90498,-40.88,-39.0,0.182
2019-09-25T04:35:49.000,21.24,3.99,1.91,19.68,20.5,90499,-41.06,-39.0,0.182
2019-09-25T04:36:50.000,21.23,4.1,2.26,19.5,20.5,90500,-41.25,-39.0,0.182
2019-09-25T04:37:51.000,21.22,4.28,2.44,19.41,20.5,90501,-41.43,-38.0,0.181
2019-09-25T04:39:51.000,21.24,4.7,2.66,19.32,20.5,90503,-41.78,-38.0,0.181
2019-09-25T04:46:53.000,21.27,6.19,4.63,18.72,20.5,90510,-43.02,-38.0,0.181
2019-09-25T04:47:53.000,21.29,6.72,5.38,18.55,20.5,90511,-43.2,-38.0,0.181
2019-09-25T04:48:53.000,21.34,7.05,6.19,18.4,20.5,90512,-43.37,-38.0,0.181
2019-09-25T04:53:56.000,21.42,8.3,7.17,18.24,20.5,90517,-44.24,-38.0,0.18
2019-09-25T04:54:56.000,21.44,8.36,7.3,18.22,20.5,90518,-44.41,-38.0,0.18
2019-09-25T04:55:57.000,21.45,8.36,7.38,18.21,20.5,90519,-44.58,-38.0,0.18
2019-09-25T04:56:58.000,21.44,8.36,7.76,18.16,20.5,90520,-44.75,-38.0,0.18
2019-09-25T04:58:58.000,21.52,8.34,7.04,18.26,20.5,90522,-45.09,-38.0,0.18
2019-09-25T04:59:59.000,21.59,8.18,6.31,18.38,20.5,90523,-45.26,-38.0,0.18
2019-09-25T05:01:59.000,21.69,7.89,5.08,18.62,20.5,90525,-45.59,-37.0,0.18
2019-09-25T05:05:01.000,21.62,7.19,4.28,18.8,20.5,90528,-46.09,-37.0,0.18
2019-09-25T05:06:01.000,21.54,7.05,4.23,18.81,20.5,90529,-46.26,-37.0,0.18
2019-09-25T05:07:02.000,21.49,7.02,4.25,18.81,20.5,90530,-46.42,-37.0,0.18
2019-09-25T05:09:03.000,21.51,6.9,3.98,18.88,20.5,90532,-46.75,-37.0,0.179
2019-09-25T05:10:04.000,21.57,6.95,3.51,19.02,20.5,90533,-46.91,-37.0,0.179
2019-09-25T05:11:05.000,21.55,6.75,3.26,19.1,20.5,90534,-47.08,-37.0,0.179
2019-09-25T05:12:05.000,21.6,6.88,3.28,19.09,20.5,90535,-47.24,-37.0,0.179
2019-09-25T05:13:05.000,21.64,6.9,3.69,18.96,20.5,90536,-47.4,-37.0,0.179
2019-09-25T05:14:06.000,21.68,7.08,4.2,18.82,20.5,90537,-47.56,-37.0,0.179
2019-09-25T05:15:07.000,21.69,7.38,4.93,18.65,20.5,90538,-47.72,-37.0,0.179
2019-09-25T05:16:07.000,21.74,7.8,6.14,18.41,20.5,90539,-47.87,-37.0,0.179
2019-09-25T05:17:07.000,21.76,8.08,7.93,18.13,20.5,90540,-48.03,-37.0,0.179
2019-09-25T05:18:08.000,21.66,8.37,9.74,17.91,20.5,90541,-48.19,-37.0,0.179
2019-09-25T05:19:08.000,21.66,8.81,10.41,17.84,20.5,90542,-48.34,-36.0,0.179
2019-09-25T05:20:08.000,21.68,9.06,8.68,18.04,20.5,90543,-48.5,-36.0,0.179
2019-09-25T05:21:08.000,21.74,9.03,6.97,18.27,20.5,90544,-48.65,-36.0,0.179
2019-09-25T05:22:09.000,21.75,8.73,7.52,18.19,20.5,90545,-48.8,-36.0,0.179
2019-09-25T05:23:09.000,21.74,8.19,5.63,18.51,20.5,90546,-48.95,-36.0,0.179
2019-09-25T05:24:10.000,21.72,7.82,3.77,18.94,20.5,90547,-49.11,-36.0,0.179
2019-09-25T05:25:10.000,21.73,7.72,3.41,19.05,20.5,90548,-49.26,-36.0,0.178
2019-09-25T05:26:11.000,21.68,7.59,4.82,18.68,20.5,90549,-49.41,-36.0,0.178
2019-09-25T05:27:11.000,21.7,7.94,6.87,18.29,20.5,90550,-49.56,-36.0,0.178
2019-09-25T05:28:11.000,21.72,8.14,7.83,18.15,20.5,90551,-49.71,-36.0,0.178
2019-09-25T05:29:12.000,21.71,8.26,7.75,18.16,20.5,90552,-49.85,-36.0,0.178
2019-09-25T05:31:13.000,21.73,8.74,7.31,18.22,20.5,90554,-50.15,-36.0,0.178
2019-09-25T05:32:13.000,21.78,8.84,7.16,18.24,20.5,90555,-50.29,-35.0,0.178
2019-09-25T05:33:13.000,21.81,8.9,7.91,18.14,20.5,90556,-50.44,-35.0,0.178
2019-09-25T05:34:14.000,21.83,8.82,7.59,18.18,20.5,90557,-50.58,-35.0,0.178
2019-09-25T05:35:15.000,21.84,8.73,6.67,18.32,20.5,90558,-50.72,-35.0,0.178
2019-09-25T05:36:15.000,21.78,8.32,5.97,18.44,20.5,90559,-50.86,-35.0,0.178
2019-09-25T05:37:15.000,21.73,7.88,4.8,18.68,20.5,90560,-51.0,-35.0,0.178
2019-09-25T05:38:16.000,21.67,7.07,2.97,19.21,20.5,90561,-51.14,-35.0,0.178
2019-09-25T05:39:16.000,21.6,6.34,2.04,19.61,20.5,90562,-51.28,-35.0,0.178
2019-09-25T05:41:17.000,21.59,5.55,1.48,19.95,20.5,90564,-51.56,-35.0,0.177
2019-09-25T05:42:17.000,21.59,5.43,1.61,19.86,20.5,90565,-51.69,-35.0,0.177
2019-09-25T05:43:17.000,21.62,5.14,1.74,19.78,20.5,90566,-51.83,-35.0,0.177
2019-09-25T05:44:18.000,21.61,4.94,1.83,19.73,20.5,90567,-51.96,-34.0,0.177
2019-09-25T05:45:18.000,21.61,4.87,1.97,19.64,20.5,90568,-52.09,-34.0,0.177
2019-09-25T05:46:18.000,21.61,4.85,1.92,19.67,20.5,90569,-52.22,-34.0,0.177
2019-09-25T05:47:19.000,21.59,5.01,2.01,19.62,20.5,90570,-52.36,-34.0,0.177
2019-09-25T05:48:19.000,21.53,5.17,2.21,19.52,20.5,90571,-52.49,-34.0,0.177
2019-09-25T05:49:19.000,21.53,5.42,2.68,19.31,20.5,90572,-52.61,-34.0,0.177
2019-09-25T05:50:20.000,21.54,5.36,2.91,19.22,20.5,90573,-52.74,-34.0,0.177
2019-09-25T05:51:20.000,21.54,5.09,2.71,19.3,20.5,90574,-52.87,-34.0,0.177
2019-09-25T05:52:21.000,21.52,4.86,2.47,19.4,20.5,90575,-52.99,-34.0,0.177
2019-09-25T05:53:21.000,21.53,4.6,1.92,19.68,20.5,90576,-53.12,-34.0,0.177
2019-09-25T05:54:21.000,21.53,4.32,1.64,19.84,20.5,90577,-53.24,-34.0,0.177
2019-09-25T05:55:22.000,21.5,4.18,1.54,19.91,20.5,90578,-53.36,-33.0,0.177
2019-09-25T05:56:23.000,21.48,4.06,1.39,20.02,20.5,90579,-53.49,-33.0,0.177
2019-09-25T05:59:23.000,21.5,4.83,1.53,19.92,20.5,90582,-53.84,-33.0,0.176
2019-09-25T06:05:24.000,21.69,7.85,6.14,18.41,20.5,90588,-54.52,-32.0,0.176
2019-09-25T06:06:24.000,21.65,8.12,7.52,18.19,20.5,90589,-54.63,-32.0,0.176
2019-09-25T06:07:25.000,21.68,8.62,8.02,18.12,20.5,90590,-54.74,-32.0,0.176
2019-09-25T06:08:26.000,21.68,8.71,8.43,18.07,20.5,90591,-54.84,-32.0,0.176
2019-09-25T06:10:26.000,21.67,8.62,11.1,17.77,20.5,90593,-55.05,-32.0,0.176
2019-09-25T06:11:27.000,21.61,8.53,9.74,17.91,20.5,90594,-55.15,-32.0,0.176
2019-09-25T06:14:35.000,21.61,8.53,6.02,18.43,20.5,90597,-55.47,-31.0,0.175
2019-09-25T06:15:35.000,21.55,8.41,5.59,18.51,20.5,90598,-55.56,-31.0,0.175
2019-09-25T06:16:36.000,21.5,8.46,5.25,18.58,20.5,90599,-55.66,-31.0,0.175
2019-09-25T06:17:36.000,21.51,8.39,5.06,18.62,20.5,90600,-55.75,-31.0,0.175
2019-09-25T06:19:37.000,21.49,8.37,4.65,18.71,20.5,90602,-55.94,-31.0,0.175
2019-09-25T06:20:44.000,21.5,8.26,4.35,18.78,20.5,90603,-56.04,-31.0,0.175
2019-09-25T06:21:45.000,21.48,8.22,4.09,18.85,20.5,90604,-56.13,-31.0,0.175
2019-09-25T06:25:46.000,21.51,8.37,4.38,18.78,20.5,90608,-56.47,-30.0,0.175
2019-09-25T06:26:46.000,21.51,8.36,4.41,18.77,20.5,90609,-56.55,-30.0,0.175
2019-09-25T06:27:47.000,21.53,8.66,4.28,18.8,20.5,90610,-56.63,-30.0,0.175
2019-09-25T06:28:48.000,21.49,9.02,4.52,18.74,20.5,90611,-56.71,-30.0,0.174
2019-09-25T06:29:48.000,21.63,9.4,5.86,18.47,20.5,90612,-56.79,-30.0,0.174
2019-09-25T06:30:48.000,21.6,9.65,7.06,18.26,20.5,90613,-56.86,-29.0,0.174
2019-09-25T06:31:49.000,21.6,9.9,6.92,18.28,20.5,90614,-56.94,-29.0,0.174
2019-09-25T06:32:49.000,21.63,9.98,6.8,18.3,20.5,90615,-57.01,-29.0,0.174
2019-09-25T06:33:49.000,21.65,9.76,6.93,18.28,20.5,90616,-57.08,-29.0,0.174
2019-09-25T06:36:51.000,21.61,9.29,6.45,18.36,20.5,90619,-57.28,-29.0,0.174
2019-09-25T06:37:51.000,21.52,9.21,6.91,18.28,20.5,90620,-57.35,-29.0,0.174
2019-09-25T06:38:52.000,21.51,9.36,7.57,18.18,20.5,90621,-57.41,-28.0,0.174
2019-09-25T06:39:52.000,21.47,9.16,8.44,18.06,20.5,90622,-57.47,-28.0,0.174
2019-09-25T06:40:52.000,21.49,9.59,9.74,17.91,20.5,90623,-57.53,-28.0,0.174
2019-09-25T06:41:52.000,21.51,9.62,11.14,17.76,20.5,90624,-57.59,-28.0,0.174
2019-09-25T06:42:52.000,21.52,9.76,12.22,17.66,20.5,90625,-57.64,-28.0,0.174
2019-09-25T06:43:52.000,21.5,9.92,13.43,17.56,20.5,90626,-57.7,-28.0,0.174
2019-09-25T06:44:52.000,21.51,10.32,14.55,17.47,20.5,90627,-57.75,-28.0,0.173
2019-09-25T06:45:52.000,21.6,10.65,15.14,17.43,20.5,90628,-57.8,-28.0,0.173
2019-09-25T06:46:52.000,21.58,10.71,15.27,17.42,20.5,90629,-57.85,-27.0,0.173
2019-09-25T06:47:53.000,21.62,11.12,15.3,17.42,20.5,90630,-57.9,-27.0,0.173
2019-09-25T06:48:53.000,21.64,11.25,15.64,17.39,20.5,90631,-57.95,-27.0,0.173
2019-09-25T06:49:53.000,21.66,11.7,16.49,17.34,20.5,90632,-57.99,-27.0,0.173
2019-09-25T06:50:54.000,21.74,11.98,17.38,17.28,20.5,90633,-58.04,-27.0,0.173
2019-09-25T06:51:54.000,21.83,12.17,17.18,17.29,20.5,90634,-58.08,-27.0,0.173
2019-09-25T06:52:55.000,21.87,11.96,16.38,17.34,20.5,90635,-58.12,-27.0,0.173
2019-09-25T06:53:55.000,21.96,12.15,16.06,17.37,20.5,90636,-58.15,-27.0,0.173
2019-09-25T06:54:55.000,22.02,12.2,16.0,17.37,20.5,90637,-58.19,-26.0,0.173
2019-09-25T06:55:55.000,22.08,12.25,16.79,17.32,20.5,90638,-58.22,-26.0,0.173
2019-09-25T06:56:55.000,22.07,12.23,17.44,17.28,20.5,90639,-58.26,-26.0,0.173
2019-09-25T06:57:56.000,22.09,12.27,16.64,17.33,20.5,90640,-58.29,-26.0,0.173
2019-09-25T06:58:56.000,22.14,12.25,15.43,17.41,20.5,90641,-58.32,-26.0,0.173
2019-09-25T07:00:56.000,22.24,12.38,14.77,17.46,20.5,90643,-58.37,-26.0,0.172
2019-09-25T07:01:57.000,22.24,12.21,14.7,17.46,20.5,90644,-58.4,-25.0,0.172
2019-09-25T07:03:57.000,22.17,12.42,14.97,17.44,20.5,90646,-58.44,-25.0,0.172
2019-09-25T07:04:57.000,22.24,12.56,14.87,17.45,20.5,90647,-58.46,-25.0,0.172
2019-09-25T07:05:58.000,22.31,12.55,14.5,17.48,20.5,90648,-58.47,-25.0,0.172
2019-09-25T07:06:58.000,22.37,12.61,13.97,17.52,20.5,90649,-58.49,-25.0,0.172
2019-09-25T07:09:59.000,21.73,11.72,12.64,17.63,20.5,90652,-58.52,-24.0,0.172
2019-09-25T07:11:00.000,21.53,11.68,12.04,17.68,20.5,90653,-58.53,-24.0,0.172
2019-09-25T07:13:01.000,21.41,12.27,11.59,17.72,20.5,90655,-58.54,-24.0,0.172
2019-09-25T07:14:01.000,21.01,11.24,11.07,17.77,20.5,90656,-58.55,-24.0,0.172
2019-09-25T07:15:02.000,20.71,11.79,10.24,17.85,20.5,90657,-58.55,-24.0,0.172
2019-09-25T07:16:02.000,20.56,11.69,9.44,17.94,20.5,90658,-58.55,-23.0,0.172
2019-09-25T07:18:02.000,20.59,12.73,8.9,18.01,20.5,90660,-58.54,-23.0,0.171
2019-09-25T07:19:03.000,20.6,12.48,9.1,17.98,20.5,90661,-58.53,-23.0,0.171
2019-09-25T07:20:03.000,20.69,12.7,8.81,18.02,20.5,90662,-58.52,-23.0,0.171
2019-09-25T07:22:04.000,20.7,13.96,8.32,18.08,20.5,90664,-58.5,-23.0,0.171
2019-09-25T07:23:04.000,20.75,14.38,7.68,18.17,20.5,90665,-58.49,-22.0,0.171
2019-09-25T07:24:04.000,20.72,14.08,7.01,18.27,20.5,90666,-58.47,-22.0,0.171
2019-09-25T07:25:05.000,20.63,13.62,6.34,18.38,20.5,90667,-58.46,-22.0,0.171
2019-09-25T07:27:06.000,20.59,13.02,5.56,18.52,20.5,90669,-58.42,-22.0,0.171
2019-09-25T07:28:05.000,20.46,12.2,5.0,18.63,20.5,90670,-58.4,-22.0,0.171
2019-09-25T07:29:06.000,20.3,11.54,4.52,18.74,20.5,90671,-58.37,-21.0,0.171
2019-09-25T07:30:07.000,20.16,11.32,4.35,18.78,20.5,90672,-58.35,-21.0,0.171
2019-09-25T07:34:08.000,19.96,11.57,7.21,18.24,20.5,90676,-58.23,-21.0,0.17
2019-09-25T07:35:08.000,20.0,11.67,7.3,18.22,20.5,90677,-58.19,-21.0,0.17
2019-09-25T07:36:09.000,20.05,12.24,8.03,18.12,20.5,90678,-58.15,-20.0,0.17
2019-09-25T07:37:10.000,20.07,12.41,8.98,18.0,20.5,90679,-58.12,-20.0,0.17
2019-09-25T07:38:10.000,19.84,11.7,9.34,17.95,20.5,90680,-58.08,-20.0,0.17
2019-09-25T07:39:10.000,19.65,11.87,9.21,17.97,20.5,90681,-58.04,-20.0,0.17
2019-09-25T07:40:12.000,19.57,11.62,8.74,18.03,20.5,90682,-57.99,-20.0,0.17
2019-09-25T07:46:12.000,19.36,11.97,9.22,17.97,20.5,90688,-57.7,-19.0,0.17
2019-09-25T07:48:13.000,19.52,11.71,7.28,18.23,20.5,90690,-57.59,-18.0,0.17
2019-09-25T07:51:13.000,19.53,11.35,4.62,18.72,20.5,90693,-57.41,-18.0,0.169
2019-09-25T07:53:14.000,19.47,10.0,4.29,18.8,20.5,90695,-57.28,-18.0,0.169
2019-09-25T07:55:15.000,19.52,9.15,2.7,19.3,20.5,90697,-57.15,-17.0,0.169
2019-09-25T07:56:15.000,19.57,8.6,2.46,19.4,20.5,90698,-57.08,-17.0,0.169
2019-09-25T07:57:15.000,19.62,7.81,2.09,19.58,20.5,90699,-57.01,-17.0,0.169
2019-09-25T07:58:15.000,19.55,7.1,1.9,19.68,20.5,90700,-56.94,-17.0,0.169
2019-09-25T07:59:15.000,19.58,6.86,1.6,19.87,20.5,90701,-56.86,-17.0,0.169
2019-09-25T08:00:15.000,19.62,6.19,1.61,19.86,20.5,90702,-56.79,-17.0,0.169
2019-09-25T08:01:15.000,19.57,5.49,1.71,19.8,20.5,90703,-56.71,-16.0,0.169
2019-09-25T08:02:15.000,19.66,5.18,1.28,20.11,20.5,90704,-56.63,-16.0,0.169
