Downloads/jupyter/ECSV/stars19/stars19_2024-01.ecsv
# %ECSV 1.0
# ---
# datatype:
# - {name: time, datatype: string}
# - {name: Enclosure Temperature, unit: deg_C, datatype: float64}
# - {name: Sky Temperature, unit: deg_C, datatype: float64}
# - {name: Frequency, unit: Hz, datatype: float64}
# - {name: MSAS, unit: mag / arcsec2, datatype: float64}
# - {name: ZP, datatype: float64}
# - {name: Sequence Number, datatype: int64}
# - {name: Sun Alt, unit: deg, datatype: float64}
# - {name: Moon Alt, unit: deg, datatype: float64}
# - {name: Moon Illumination, datatype: float64}
# delimiter: ','
# meta: !!omap
# - ida:
#     Data supplier: {affiliation: null, observer: null}
#     Device type: TESS-W
#     Field of view: 17.0
#     Filters per channel: None
#     Instrument ID: stars19
#     License: ODbL 1.0 http://opendatacommons.org/licenses/odbl/summary/
#     Local timezone: America/Phoenix
#     Location name: {country: '- Tucson', place: Tucson, region: United States, sub_region: Arizona, town: Pima County}
#     Measurement direction per channel: {azimuth: 0.0, zenital: 0.0}
#     Moving / Fixed look direction: FIXED
#     Moving / Stationary position: STATIONARY
#     Number of channels: 1
#     Number of fields per line: 8
#     Number of header lines: 35
#     Position: {height: 0.0, latitude: 32.223877, longitude: -110.767532}
#     TESS MAC address: 18:FE:34:CF:EC:06
#     TESS cover offset value: 0.0
#     TESS firmware version: '1.0'
#     TESS zero point: 20.38
#     Time Synchronization: timestamp added by MQTT subscriber
#     URL: http://www.darksky.org/NSBM/sdf1.0.pdf
# - __serialized_columns__:
#     Enclosure Temperature:
#       __class__: astropy.units.quantity.Quantity
#       unit: &id001 !astropy.units.Unit {unit: deg_C}
#       value: !astropy.table.SerializedColumn {name: Enclosure Temperature}
#     Frequency:
#       __class__: astropy.units.quantity.Quantity
#       unit: !astropy.units.Unit {unit: Hz}
#       value: !astropy.table.SerializedColumn {name: Frequency}
#     MSAS:
#       __class__: astropy.units.quantity.Quantity
#       unit: !astropy.units.Unit {unit: mag / arcsec2}
#       value: !astropy.table.SerializedColumn {name: MSAS}
#     Moon Alt:
#       __class__: astropy.units.quantity.Quantity
#       unit: &id002 !astropy.units.Unit {unit: deg}
#       value: !astropy.table.SerializedColumn {name: Moon Alt}
#     Sky Temperature:
#       __class__: astropy.units.quantity.Quantity
#       unit: *id001
#       value: !astropy.table.SerializedColumn {name: Sky Temperature}
#     Sun Alt:
#       __class__: astropy.units.quantity.Quantity
#       unit: *id002
#       value: !astropy.table.SerializedColumn {name: Sun Alt}
#     time:
#       __class__: astropy.time.core.Time
#       format: isot
#       in_subfmt: '*'
#       out_subfmt: '*'
#       precision: 3
#       scale: utc
#       value: !astropy.table.SerializedColumn {name: time}
# schema: astropy-2.0
time,Enclosure Temperature,Sky Temperature,Frequency,MSAS,ZP,Sequence Number,Sun Alt,Moon Alt,Moon Illumination
[from data line 25416]
2024-01-30T12:48:47.000,11.25,-10.27,6.11,18.41,20.38,174311,-19.15,48.0,0.807
2024-01-30T12:49:48.000,11.23,-10.22,6.17,18.4,20.38,174312,-18.93,48.0,0.807
2024-01-30T12:50:49.000,11.26,-10.21,6.27,18.39,20.38,174313,-18.72,48.0,0.807
2024-01-30T12:51:49.000,11.28,-10.26,6.35,18.37,20.38,174314,-18.51,48.0,0.807
2024-01-30T12:52:49.000,11.27,-10.41,6.35,18.37,20.38,174315,-18.3,47.0,0.807
2024-01-30T12:53:49.000,11.29,-10.19,6.41,18.36,20.38,174316,-18.1,47.0,0.807
2024-01-30T12:54:50.000,11.32,-10.2,6.52,18.34,20.38,174317,-17.88,47.0,0.807
2024-01-30T12:55:50.000,11.32,-10.25,6.55,18.34,20.38,174318,-17.68,47.0,0.807
2024-01-30T12:56:50.000,11.32,-10.27,6.58,18.33,20.38,174319,-17.47,47.0,0.807
2024-01-30T12:57:50.000,11.32,-10.19,6.55,18.34,20.38,174320,-17.26,47.0,0.807
2024-01-30T12:58:50.000,11.39,-10.08,6.55,18.34,20.38,174321,-17.05,46.0,0.807
2024-01-30T12:59:50.000,11.38,-10.29,6.57,18.34,20.38,174322,-16.84,46.0,0.807
2024-01-30T13:00:50.000,11.32,-10.33,6.66,18.32,20.38,174323,-16.64,46.0,0.806
2024-01-30T13:01:50.000,11.34,-10.16,6.66,18.32,20.38,174324,-16.43,46.0,0.806
2024-01-30T13:02:50.000,11.34,-10.17,6.62,18.33,20.38,174325,-16.22,46.0,0.806
2024-01-30T13:03:52.000,11.32,-10.21,6.54,18.34,20.38,174326,-16.0,46.0,0.806
2024-01-30T13:04:52.000,11.3,-10.15,6.52,18.34,20.38,174327,-15.8,45.0,0.806
2024-01-30T13:05:52.000,11.32,-10.15,6.54,18.34,20.38,174328,-15.59,45.0,0.806
2024-01-30T13:06:52.000,11.28,-10.35,6.42,18.36,20.38,174329,-15.38,45.0,0.806
2024-01-30T13:07:53.000,11.28,-10.12,6.34,18.37,20.38,174330,-15.17,45.0,0.806
2024-01-30T13:08:53.000,11.33,-9.95,6.31,18.38,20.38,174331,-14.96,45.0,0.806
2024-01-30T13:09:53.000,11.42,-9.82,6.26,18.39,20.38,174332,-14.76,45.0,0.806
2024-01-30T13:10:53.000,11.45,-9.89,6.19,18.4,20.38,174333,-14.55,44.0,0.806
2024-01-30T13:12:54.000,11.51,-9.8,5.99,18.44,20.38,174335,-14.13,44.0,0.806
2024-01-30T13:13:53.000,11.51,-9.85,5.93,18.45,20.38,174336,-13.93,44.0,0.806
2024-01-30T13:14:53.000,11.5,-9.91,5.83,18.47,20.38,174337,-13.72,44.0,0.806
2024-01-30T13:15:53.000,11.52,-9.77,5.75,18.48,20.38,174338,-13.52,44.0,0.806
2024-01-30T13:19:56.000,11.43,-10.11,5.58,18.51,20.38,174342,-12.68,43.0,0.805
2024-01-30T13:20:56.000,11.45,-10.0,5.48,18.56,20.38,174343,-12.48,43.0,0.805
2024-01-30T13:21:56.000,11.49,-9.97,5.46,18.54,20.38,174344,-12.27,43.0,0.805
2024-01-30T13:23:57.000,11.61,-9.9,5.39,18.55,20.38,174346,-11.85,42.0,0.805
2024-01-30T13:24:57.000,11.66,-9.71,5.39,18.55,20.38,174347,-11.65,42.0,0.805
2024-01-30T13:25:57.000,11.73,-9.67,5.44,18.54,20.38,174348,-11.44,42.0,0.805
2024-01-30T13:26:57.000,11.76,-9.64,5.52,18.53,20.38,174349,-11.24,42.0,0.805
2024-01-30T13:27:57.000,11.79,-9.61,4.98,18.64,20.38,174350,-11.03,42.0,0.805
2024-01-30T13:28:57.000,11.8,-9.63,3.86,18.92,20.38,174351,-10.83,41.0,0.805
2024-01-30T13:29:57.000,11.82,-9.71,4.02,18.87,20.38,174352,-10.62,41.0,0.805
2024-01-30T13:30:57.000,11.8,-9.92,4.45,18.76,20.38,174353,-10.42,41.0,0.805
2024-01-30T13:31:57.000,11.73,-9.97,4.98,18.64,20.38,174354,-10.21,41.0,0.805
2024-01-30T13:32:58.000,11.66,-10.09,5.59,18.51,20.38,174355,-10.01,41.0,0.805
2024-01-30T13:33:58.000,11.58,-10.08,6.38,18.37,20.38,174356,-9.8,41.0,0.805
2024-01-30T13:34:58.000,11.53,-9.95,7.32,18.22,20.38,174357,-9.6,40.0,0.805
2024-01-30T13:35:58.000,11.57,-9.8,8.53,18.05,20.38,174358,-9.39,40.0,0.805
2024-01-30T13:36:58.000,11.59,-9.78,9.95,17.89,20.38,174359,-9.19,40.0,0.805
2024-01-30T13:37:58.000,11.61,-9.72,11.72,17.71,20.38,174360,-8.98,40.0,0.805
2024-01-30T13:38:58.000,11.66,-9.61,14.04,17.51,20.38,174361,-8.78,40.0,0.805
2024-01-30T13:39:58.000,11.66,-9.93,16.8,17.32,20.38,174362,-8.58,39.0,0.804
2024-01-30T13:40:58.000,11.63,-9.69,20.36,17.11,20.38,174363,-8.37,39.0,0.804
2024-01-30T13:41:58.000,11.65,-9.79,24.79,16.9,20.38,174364,-8.17,39.0,0.804
2024-01-30T13:42:58.000,11.7,-9.66,30.52,16.67,20.38,174365,-7.96,39.0,0.804
2024-01-30T13:43:58.000,11.69,-9.87,38.21,16.43,20.38,174366,-7.76,39.0,0.804
2024-01-30T13:44:58.000,11.65,-9.91,46.78,16.21,20.38,174367,-7.56,39.0,0.804
2024-01-30T13:45:58.000,11.64,-9.81,60.86,15.92,20.38,174368,-7.36,38.0,0.804
2024-01-30T13:46:58.000,11.59,-9.93,78.52,15.65,20.38,174369,-7.15,38.0,0.804
2024-01-30T13:47:58.000,11.53,-9.96,101.02,15.37,20.38,174370,-6.95,38.0,0.804
2024-01-30T13:48:59.000,11.47,-9.98,130.31,15.1,20.38,174371,-6.74,38.0,0.804
2024-01-30T13:49:59.000,11.41,-10.04,167.84,14.82,20.38,174372,-6.54,38.0,0.804
2024-01-30T13:51:00.000,11.36,-9.97,215.42,14.55,20.38,174373,-6.33,37.0,0.804
2024-01-30T13:52:00.000,11.32,-10.06,276.42,14.28,20.38,174374,-6.13,37.0,0.804
2024-01-30T13:53:00.000,11.25,-10.09,355.18,14.01,20.38,174375,-5.93,37.0,0.804
2024-01-30T13:54:00.000,11.21,-9.91,454.94,13.74,20.38,174376,-5.73,37.0,0.804
2024-01-30T13:55:00.000,11.19,-9.81,581.64,13.47,20.38,174377,-5.53,37.0,0.804
2024-01-30T13:56:00.000,11.2,-9.77,742.63,13.21,20.38,174378,-5.32,37.0,0.804
2024-01-30T13:57:00.000,11.22,-9.68,949.24,12.94,20.38,174379,-5.12,36.0,0.804
2024-01-30T13:58:01.000,11.26,-9.65,1212.65,12.67,20.38,174380,-4.92,36.0,0.804
2024-01-30T13:59:02.000,11.28,-9.81,1549.82,12.41,20.38,174381,-4.71,36.0,0.803
2024-01-30T14:00:02.000,11.29,-9.7,1980.22,12.14,20.38,174382,-4.51,36.0,0.803
2024-01-30T14:01:02.000,11.33,-9.63,2519.37,11.88,20.38,174383,-4.31,36.0,0.803
2024-01-30T14:02:02.000,11.36,-9.8,3205.24,11.62,20.38,174384,-4.11,35.0,0.803
2024-01-30T14:03:02.000,11.4,-9.58,4082.36,11.36,20.38,174385,-3.91,35.0,0.803
2024-01-30T14:04:03.000,11.46,-9.55,5189.55,11.09,20.38,174386,-3.71,35.0,0.803
2024-01-30T14:05:02.000,11.55,-9.42,6544.2,10.84,20.38,174387,-3.51,35.0,0.803
2024-01-30T14:06:02.000,11.54,-9.79,8169.51,10.6,20.38,174388,-3.31,35.0,0.803
2024-01-30T14:07:02.000,11.54,-9.67,10128.94,10.37,20.38,174389,-3.11,34.0,0.803
2024-01-30T14:08:05.000,11.56,-9.71,12468.31,10.14,20.38,174390,-2.9,34.0,0.803
2024-01-30T14:09:05.000,11.55,-9.73,15223.91,9.93,20.38,174391,-2.7,34.0,0.803
2024-01-30T14:10:05.000,11.54,-9.71,18130.2,9.81,20.38,174392,-2.5,34.0,0.803
2024-01-30T14:11:05.000,11.55,-9.55,21821.51,9.53,20.38,174393,-2.3,34.0,0.803
2024-01-30T14:12:05.000,11.61,-9.38,25314.24,9.45,20.38,174394,-2.1,34.0,0.803
2024-01-30T14:13:06.000,11.66,-9.52,29734.34,9.2,20.38,174395,-1.9,33.0,0.803
2024-01-30T14:14:06.000,11.65,-9.62,34336.75,9.04,20.38,174396,-1.7,33.0,0.803
2024-01-30T14:15:06.000,11.63,-9.69,39343.75,8.89,20.38,174397,-1.5,33.0,0.803
2024-01-30T14:16:06.000,11.59,-9.72,44659.23,8.76,20.38,174398,-1.3,33.0,0.803
2024-01-30T14:17:06.000,11.59,-9.45,50289.18,8.63,20.38,174399,-1.1,33.0,0.803
2024-01-30T14:18:06.000,11.66,-9.4,56077.04,8.51,20.38,174400,-0.9,32.0,0.802
2024-01-30T14:19:06.000,11.63,-9.82,61285.4,8.31,20.38,174401,-0.71,32.0,0.802
2024-01-30T14:20:08.000,11.56,-9.82,0.0,0.0,20.38,174402,-0.5,32.0,0.802
2024-01-30T14:21:07.000,11.56,-9.67,0.0,0.0,20.38,174403,-0.31,32.0,0.802
2024-01-30T14:22:07.000,11.53,-9.8,0.0,0.0,20.38,174404,-0.11,32.0,0.802
2024-01-30T14:23:08.000,11.54,-9.64,0.1,0.2,20.38,174405,0.09,31.0,0.802
2024-01-30T14:24:08.000,11.56,-9.58,0.0,0.0,20.38,174406,0.29,31.0,0.802
2024-01-30T14:25:08.000,11.61,-9.46,0.0,0.0,20.38,174407,0.49,31.0,0.802
2024-01-30T14:26:08.000,11.63,-9.64,0.0,0.0,20.38,174408,0.68,31.0,0.802
2024-01-30T14:29:08.000,11.51,-9.84,0.0,0.0,20.38,174411,1.27,30.0,0.802
2024-01-30T14:30:08.000,11.48,-9.83,0.0,0.0,20.38,174412,1.47,30.0,0.802
2024-01-30T14:31:08.000,11.48,-9.75,0.0,0.0,20.38,174413,1.66,30.0,0.802
2024-01-30T14:32:08.000,11.48,-9.73,0.21,0.17,20.38,174414,1.86,30.0,0.802
2024-01-30T14:33:08.000,11.53,-9.53,0.0,0.0,20.38,174415,2.06,29.0,0.802
2024-01-30T14:34:08.000,11.57,-9.69,0.0,0.0,20.38,174416,2.25,29.0,0.802
2024-01-30T14:35:08.000,11.55,-9.84,0.0,0.0,20.38,174417,2.45,29.0,0.802
2024-01-30T14:54:12.000,11.76,-9.3,0.0,0.0,20.38,174436,6.13,25.0,0.801
2024-01-30T14:55:12.000,11.82,-9.37,0.0,0.0,20.38,174437,6.32,25.0,0.801
2024-01-30T14:56:12.000,11.86,-9.35,0.0,0.0,20.38,174438,6.51,25.0,0.8
2024-01-30T14:57:12.000,11.91,-9.36,0.25,0.09,20.38,174439,6.7,25.0,0.8
2024-01-30T14:58:12.000,11.95,-9.34,0.0,0.0,20.38,174440,6.89,24.0,0.8
2024-01-30T14:59:14.000,11.99,-9.26,0.0,0.0,20.38,174441,7.09,24.0,0.8
2024-01-30T15:00:13.000,12.02,-9.23,0.0,0.0,20.38,174442,7.28,24.0,0.8
2024-01-30T15:01:13.000,12.05,-9.35,0.0,0.0,20.38,174443,7.47,24.0,0.8
2024-01-30T15:02:14.000,12.06,-9.36,0.0,0.0,20.38,174444,7.66,24.0,0.8
2024-01-30T15:03:14.000,12.09,-9.27,0.0,0.0,20.38,174445,7.85,23.0,0.8
2024-01-30T15:04:14.000,12.11,-9.26,0.29,0.18,20.38,174446,8.04,23.0,0.8
2024-01-30T15:05:14.000,12.1,-9.37,0.0,0.0,20.38,174447,8.23,23.0,0.8
2024-01-30T15:06:14.000,12.09,-9.29,0.25,0.09,20.38,174448,8.41,23.0,0.8
2024-01-30T15:07:14.000,12.09,-9.21,0.0,0.0,20.38,174449,8.6,23.0,0.8
2024-01-30T15:08:16.000,12.06,-9.32,0.0,0.0,20.38,174450,8.8,22.0,0.8
2024-01-30T15:09:15.000,12.02,-9.17,0.21,0.09,20.38,174451,8.98,22.0,0.8
2024-01-30T15:10:15.000,12.04,-9.16,0.0,0.0,20.38,174452,9.17,22.0,0.8
2024-01-30T15:11:16.000,12.04,-9.01,0.0,0.0,20.38,174453,9.36,22.0,0.8
2024-01-30T15:12:16.000,12.06,-9.0,0.0,0.0,20.38,174454,9.54,22.0,0.8
2024-01-30T16:39:29.000,16.34,-3.81,0.0,0.0,20.38,174541,24.58,4.0,0.795
2024-01-30T16:40:30.000,16.42,-3.71,0.0,0.0,20.38,174542,24.74,4.0,0.795
2024-01-30T16:41:30.000,16.46,-3.61,0.0,0.0,20.38,174543,24.9,3.0,0.795
2024-01-30T16:43:30.000,16.71,-2.75,0.0,0.0,20.38,174545,25.2,3.0,0.795
2024-01-30T16:44:31.000,16.86,-2.46,0.0,0.0,20.38,174546,25.36,3.0,0.795
2024-01-30T16:45:31.000,17.02,-2.24,0.0,0.0,20.38,174547,25.51,2.0,0.795
2024-01-30T16:47:31.000,17.28,-1.77,0.0,0.0,20.38,174549,25.81,2.0,0.795
2024-01-30T16:49:31.000,17.54,-1.31,0.0,0.0,20.38,174551,26.11,2.0,0.795
2024-01-30T16:50:31.000,17.62,-1.14,0.0,0.0,20.38,174552,26.26,1.0,0.795
2024-01-30T16:51:32.000,17.69,-0.96,0.0,0.0,20.38,174553,26.41,1.0,0.794
2024-01-30T16:55:32.000,18.07,-0.63,0.0,0.0,20.38,174557,27.0,0.0,0.794
2024-01-30T16:56:32.000,18.17,-0.46,0.0,0.0,20.38,174558,27.15,0.0,0.794
2024-01-30T16:57:32.000,18.29,-0.43,0.0,0.0,20.38,174559,27.29,-0.0,0.794
2024-01-30T17:00:36.000,18.58,-0.24,0.0,0.0,20.38,174562,27.73,-1.0,0.794
2024-01-30T17:01:36.000,18.69,-0.07,0.0,0.0,20.38,174563,27.88,-1.0,0.794
2024-01-30T17:02:36.000,18.67,-0.25,0.0,0.0,20.38,174564,28.02,-1.0,0.794
2024-01-30T17:08:37.000,18.8,-0.06,0.0,0.0,20.38,174570,28.86,-2.0,0.794
2024-01-30T17:09:37.000,18.88,0.14,0.0,0.0,20.38,174571,29.0,-3.0,0.794
2024-01-30T17:10:37.000,18.96,0.04,0.0,0.0,20.38,174572,29.14,-3.0,0.793
2024-01-30T17:12:37.000,19.21,0.43,0.0,0.0,20.38,174574,29.41,-3.0,0.793
2024-01-30T17:14:38.000,19.59,1.01,0.0,0.0,20.38,174576,29.68,-4.0,0.793
2024-01-30T17:15:38.000,19.76,1.05,0.0,0.0,20.38,174577,29.82,-4.0,0.793
2024-01-30T17:16:39.000,19.89,0.99,0.0,0.0,20.38,174578,29.95,-4.0,0.793
2024-01-30T17:19:39.000,20.15,0.81,0.0,0.0,20.38,174581,30.35,-5.0,0.793
2024-01-30T17:20:40.000,20.19,0.64,0.0,0.0,20.38,174582,30.48,-5.0,0.793
2024-01-30T17:21:40.000,20.24,0.73,0.0,0.0,20.38,174583,30.61,-5.0,0.793
2024-01-30T17:23:40.000,20.4,0.51,0.0,0.0,20.38,174585,30.87,-5.0,0.793
2024-01-30T17:24:40.000,20.46,0.67,0.0,0.0,20.38,174586,31.0,-6.0,0.793
2024-01-30T17:25:40.000,20.55,0.57,0.0,0.0,20.38,174587,31.13,-6.0,0.793
2024-01-30T17:48:42.000,21.87,0.82,0.0,0.0,20.38,174610,33.86,-11.0,0.791
2024-01-30T17:49:42.000,21.93,1.02,0.0,0.0,20.38,174611,33.97,-11.0,0.791
2024-01-30T17:50:42.000,21.91,0.52,0.0,0.0,20.38,174612,34.08,-11.0,0.791
2024-01-30T17:52:43.000,21.93,0.54,0.0,0.0,20.38,174614,34.3,-11.0,0.791
2024-01-30T17:53:43.000,22.0,0.62,0.0,0.0,20.38,174615,34.4,-12.0,0.791
2024-01-30T17:54:43.000,22.09,0.48,0.0,0.0,20.38,174616,34.51,-12.0,0.791
2024-01-30T18:01:45.000,22.31,0.44,0.0,0.0,20.38,174623,35.23,-13.0,0.791
2024-01-30T18:02:45.000,22.38,0.36,0.0,0.0,20.38,174624,35.33,-14.0,0.791
2024-01-30T18:03:46.000,22.37,0.22,0.0,0.0,20.38,174625,35.42,-14.0,0.791
2024-01-30T18:05:46.000,22.4,0.71,0.0,0.0,20.38,174627,35.62,-14.0,0.791
2024-01-30T18:06:46.000,22.49,0.93,0.0,0.0,20.38,174628,35.71,-14.0,0.79
2024-01-30T18:07:47.000,22.55,1.21,0.0,0.0,20.38,174629,35.81,-15.0,0.79
2024-01-30T18:58:57.000,27.27,5.83,0.0,0.0,20.38,174680,39.34,-25.0,0.788
2024-01-30T18:59:57.000,27.31,5.92,0.0,0.0,20.38,174681,39.38,-25.0,0.788
2024-01-30T19:00:57.000,27.44,6.15,0.0,0.0,20.38,174682,39.42,-25.0,0.788
2024-01-30T19:02:58.000,27.38,5.55,0.0,0.0,20.38,174684,39.5,-26.0,0.788
2024-01-30T19:03:58.000,27.39,5.85,0.0,0.0,20.38,174685,39.54,-26.0,0.787
2024-01-30T19:04:58.000,27.43,5.71,0.0,0.0,20.38,174686,39.57,-26.0,0.787
2024-01-30T19:05:58.000,27.37,5.4,0.0,0.0,20.38,174687,39.61,-26.0,0.787
2024-01-30T19:06:58.000,27.36,5.55,0.0,0.0,20.38,174688,39.64,-27.0,0.787
2024-01-30T19:09:00.000,27.26,5.71,0.0,0.0,20.38,174690,39.71,-27.0,0.787
2024-01-30T19:10:00.000,27.36,6.36,0.0,0.0,20.38,174691,39.74,-27.0,0.787
2024-01-30T19:11:00.000,27.52,6.57,0.0,0.0,20.38,174692,39.77,-27.0,0.787
2024-01-30T19:15:02.000,28.82,9.43,0.0,0.0,20.38,174696,39.88,-28.0,0.787
2024-01-30T19:16:02.000,29.06,7.78,0.0,0.0,20.38,174697,39.9,-28.0,0.787
2024-01-30T19:17:02.000,29.05,7.32,0.0,0.0,20.38,174698,39.92,-29.0,0.787
2024-01-30T19:19:04.000,29.1,7.08,0.0,0.0,20.38,174700,39.97,-29.0,0.787
2024-01-30T19:20:04.000,29.25,7.67,0.0,0.0,20.38,174701,39.99,-29.0,0.787
2024-01-30T19:21:04.000,29.46,7.69,0.0,0.0,20.38,174702,40.0,-29.0,0.787
2024-01-30T19:30:05.000,30.37,6.83,0.0,0.0,20.38,174711,40.12,-31.0,0.786
2024-01-30T19:31:05.000,30.25,6.32,0.0,0.0,20.38,174712,40.12,-31.0,0.786
2024-01-30T19:32:05.000,30.11,6.47,0.0,0.0,20.38,174713,40.13,-32.0,0.786
2024-01-30T19:35:13.000,30.15,7.17,0.0,0.0,20.38,174716,40.14,-32.0,0.786
2024-01-30T19:36:13.000,30.36,8.08,0.0,0.0,20.38,174717,40.14,-32.0,0.786
2024-01-30T19:37:13.000,30.58,8.09,0.0,0.0,20.38,174718,40.14,-32.0,0.786
2024-01-30T20:21:24.000,38.27,10.82,0.0,0.0,20.38,174762,38.99,-41.0,0.783
2024-01-30T20:22:25.000,38.68,11.26,0.0,0.0,20.38,174763,38.94,-41.0,0.783
2024-01-30T20:23:25.000,39.01,10.76,0.0,0.0,20.38,174764,38.89,-41.0,0.783
2024-01-30T20:25:25.000,39.47,10.79,0.0,0.0,20.38,174766,38.78,-41.0,0.783
2024-01-30T20:26:25.000,39.77,10.1,0.0,0.0,20.38,174767,38.73,-42.0,0.783
2024-01-30T20:27:26.000,39.67,9.65,0.0,0.0,20.38,174768,38.67,-42.0,0.783
2024-01-30T21:00:36.000,36.44,9.74,0.0,0.0,20.38,174801,36.22,-47.0,0.781
2024-01-30T21:01:36.000,36.53,9.15,0.0,0.0,20.38,174802,36.13,-48.0,0.781
2024-01-30T21:02:36.000,36.46,8.9,0.0,0.0,20.38,174803,36.04,-48.0,0.781
2024-01-30T21:04:40.000,36.77,10.28,0.0,0.0,20.38,174805,35.85,-48.0,0.781
2024-01-30T21:05:40.000,37.2,11.04,0.0,0.0,20.38,174806,35.76,-48.0,0.781
2024-01-30T21:06:40.000,37.73,11.46,0.0,0.0,20.38,174807,35.66,-48.0,0.781
2024-01-30T21:08:41.000,38.57,11.43,0.0,0.0,20.38,174809,35.47,-49.0,0.781
2024-01-30T21:09:41.000,38.86,10.77,0.0,0.0,20.38,174810,35.37,-49.0,0.781
2024-01-30T21:10:42.000,38.95,10.35,0.0,0.0,20.38,174811,35.27,-49.0,0.781
2024-01-30T21:28:50.000,40.18,5.66,0.0,0.0,20.38,174829,33.35,-52.0,0.78
2024-01-30T21:29:50.000,39.55,4.1,0.0,0.0,20.38,174830,33.23,-52.0,0.78
2024-01-30T21:30:50.000,39.31,5.13,0.0,0.0,20.38,174831,33.12,-52.0,0.78
2024-01-30T21:34:52.000,38.88,5.67,0.0,0.0,20.38,174835,32.65,-53.0,0.779
2024-01-30T21:35:52.000,38.7,5.33,0.0,0.0,20.38,174836,32.53,-53.0,0.779
2024-01-30T21:36:52.000,38.67,6.45,0.0,0.0,20.38,174837,32.41,-53.0,0.779
2024-01-30T21:44:54.000,38.82,5.41,0.0,0.0,20.38,174845,31.42,-54.0,0.779
2024-01-30T21:45:54.000,38.42,4.49,0.0,0.0,20.38,174846,31.3,-54.0,0.779
2024-01-30T21:46:54.000,37.88,4.65,0.0,0.0,20.38,174847,31.17,-54.0,0.779
2024-01-30T21:48:55.000,37.47,5.17,0.0,0.0,20.38,174849,30.91,-54.0,0.779
2024-01-30T21:49:55.000,37.26,5.21,0.0,0.0,20.38,174850,30.78,-55.0,0.779
2024-01-30T21:51:56.000,37.5,6.16,0.0,0.0,20.38,174852,30.52,-55.0,0.778
2024-01-30T21:54:57.000,36.9,4.53,0.0,0.0,20.38,174855,30.13,-55.0,0.778
