Downloads/jupyter/ECSV/stars19/stars19_2022-04.ecsv
# %ECSV 1.0
# ---
# datatype:
# - {name: time, datatype: string}
# - {name: Enclosure Temperature, unit: deg_C, datatype: float64}
# - {name: Sky Temperature, unit: deg_C, datatype: float64}
# - {name: Frequency, unit: Hz, datatype: float64}
# - {name: MSAS, unit: mag / arcsec2, datatype: float64}
# - {name: ZP, datatype: float64}
# - {name: Sequence Number, datatype: int64}
# - {name: Sun Alt, unit: deg, datatype: float64}
# - {name: Moon Alt, unit: deg, datatype: float64}
# - {name: Moon Illumination, datatype: float64}
# delimiter: ','
# meta: !!omap
# - ida:
#     Data supplier: {affiliation: null, observer: null}
#     Device type: TESS-W
#     Field of view: 17.0
#     Filters per channel: None
#     Instrument ID: stars19
#     License: ODbL 1.0 http://opendatacommons.org/licenses/odbl/summary/
#     Local timezone: America/Phoenix
#     Location name: {country: '- Tucson', place: Tucson, region: United States, sub_region: Arizona, town: Pima County}
#     Measurement direction per channel: {azimuth: 0.0, zenital: 0.0}
#     Moving / Fixed look direction: FIXED
#     Moving / Stationary position: STATIONARY
#     Number of channels: 1
#     Number of fields per line: 8
#     Number of header lines: 35
#     Position: {height: 0.0, latitude: 32.223877, longitude: -110.767532}
#     TESS MAC address: 18:FE:34:CF:EC:06
#     TESS cover offset value: 0.0
#     TESS firmware version: '1.0'
#     TESS zero point: 20.5
#     Time Synchronization: timestamp added by MQTT subscriber
#     URL: http://www.darksky.org/NSBM/sdf1.0.pdf
# - __serialized_columns__:
#     Enclosure Temperature:
#       __class__: astropy.units.quantity.Quantity
#       unit: &id001 !astropy.units.Unit {unit: deg_C}
#       value: !astropy.table.SerializedColumn {name: Enclosure Temperature}
#     Frequency:
#       __class__: astropy.units.quantity.Quantity
#       unit: !astropy.units.Unit {unit: Hz}
#       value: !astropy.table.SerializedColumn {name: Frequency}
#     MSAS:
#       __class__: astropy.units.quantity.Quantity
#       unit: !astropy.units.Unit {unit: mag / arcsec2}
#       value: !astropy.table.SerializedColumn {name: MSAS}
#     Moon Alt:
#       __class__: astropy.units.quantity.Quantity
#       unit: &id002 !astropy.units.Unit {unit: deg}
#       value: !astropy.table.SerializedColumn {name: Moon Alt}
#     Sky Temperature:
#       __class__: astropy.units.quantity.Quantity
#       unit: *id001
#       value: !astropy.table.SerializedColumn {name: Sky Temperature}
#     Sun Alt:
#       __class__: astropy.units.quantity.Quantity
#       unit: *id002
#       value: !astropy.table.SerializedColumn {name: Sun Alt}
#     time:
#       __class__: astropy.time.core.Time
#       format: isot
#       in_subfmt: '*'
#       out_subfmt: '*'
#       precision: 3
#       scale: utc
#       value: !astropy.table.SerializedColumn {name: time}
# schema: astropy-2.0
time,Enclosure Temperature,Sky Temperature,Frequency,MSAS,ZP,Sequence Number,Sun Alt,Moon Alt,Moon Illumination
[from data line 21585]
2022-04-24T04:39:56.000,21.48,-6.82,1.41,20.01,20.5,100778,-30.68,-58.0,0.423
2022-04-24T04:40:56.000,21.5,-6.9,1.41,20.01,20.5,100779,-30.83,-58.0,0.423
2022-04-24T04:41:56.000,21.55,-6.83,1.41,20.01,20.5,100780,-30.98,-58.0,0.423
2022-04-24T04:42:56.000,21.58,-6.91,1.41,20.01,20.5,100781,-31.14,-58.0,0.423
2022-04-24T04:43:56.000,21.59,-7.03,1.41,20.01,20.5,100782,-31.29,-58.0,0.423
2022-04-24T04:44:56.000,21.61,-7.02,1.41,20.01,20.5,100783,-31.44,-57.0,0.422
2022-04-24T04:45:56.000,21.61,-7.05,1.41,20.01,20.5,100784,-31.6,-57.0,0.422
2022-04-24T04:46:56.000,21.63,-7.03,1.41,20.01,20.5,100785,-31.75,-57.0,0.422
2022-04-24T04:47:56.000,21.63,-7.0,1.41,20.01,20.5,100786,-31.9,-57.0,0.422
2022-04-24T04:49:57.000,21.62,-7.12,1.41,20.01,20.5,100788,-32.2,-56.0,0.422
2022-04-24T04:50:57.000,21.6,-7.14,1.41,20.01,20.5,100789,-32.35,-56.0,0.422
2022-04-24T04:51:57.000,21.61,-7.06,1.4,20.01,20.5,100790,-32.5,-56.0,0.422
2022-04-24T04:52:57.000,21.62,-7.12,1.64,19.87,20.5,100791,-32.64,-56.0,0.422
2022-04-24T04:53:57.000,21.6,-7.25,1.6,19.88,20.5,100792,-32.79,-56.0,0.422
2022-04-24T04:55:57.000,21.54,-7.35,1.42,20.0,20.5,100794,-33.08,-55.0,0.422
2022-04-24T04:56:57.000,21.51,-7.34,1.42,20.0,20.5,100795,-33.23,-55.0,0.422
2022-04-24T04:57:57.000,21.5,-7.42,1.4,20.02,20.5,100796,-33.37,-55.0,0.421
2022-04-24T04:58:57.000,21.45,-7.51,1.37,20.04,20.5,100797,-33.52,-55.0,0.421
2022-04-24T04:59:57.000,21.42,-7.54,1.37,20.04,20.5,100798,-33.66,-54.0,0.421
2022-04-24T05:00:57.000,21.41,-7.49,1.37,20.04,20.5,100799,-33.8,-54.0,0.421
2022-04-24T05:01:57.000,21.39,-7.59,1.36,20.04,20.5,100800,-33.95,-54.0,0.421
2022-04-24T05:02:57.000,21.34,-7.65,1.36,20.04,20.5,100801,-34.09,-54.0,0.421
2022-04-24T05:03:57.000,21.32,-7.58,1.36,20.04,20.5,100802,-34.23,-54.0,0.421
2022-04-24T05:04:58.000,21.27,-7.93,1.38,20.03,20.5,100803,-34.37,-53.0,0.421
2022-04-24T05:06:58.000,20.96,-8.18,1.36,20.05,20.5,100805,-34.65,-53.0,0.421
2022-04-24T05:08:58.000,20.8,-8.02,1.35,20.05,20.5,100807,-34.92,-53.0,0.421
2022-04-24T05:10:59.000,20.74,-8.05,1.35,20.06,20.5,100809,-35.2,-52.0,0.42
2022-04-24T05:14:59.000,20.39,-8.43,1.35,20.05,20.5,100813,-35.74,-51.0,0.42
2022-04-24T05:15:59.000,20.35,-8.28,1.34,20.06,20.5,100814,-35.87,-51.0,0.42
2022-04-24T05:16:59.000,20.29,-8.26,1.32,20.08,20.5,100815,-36.0,-51.0,0.42
2022-04-24T05:17:59.000,20.24,-8.32,1.3,20.1,20.5,100816,-36.13,-51.0,0.42
2022-04-24T05:19:00.000,20.13,-8.5,1.29,20.1,20.5,100817,-36.26,-51.0,0.42
2022-04-24T05:20:00.000,20.04,-8.44,1.29,20.1,20.5,100818,-36.39,-50.0,0.42
2022-04-24T05:21:00.000,19.94,-8.4,1.29,20.11,20.5,100819,-36.52,-50.0,0.42
2022-04-24T05:23:00.000,19.84,-8.26,1.29,20.11,20.5,100821,-36.78,-50.0,0.42
2022-04-24T05:26:00.000,19.83,-8.17,1.29,20.11,20.5,100824,-37.15,-49.0,0.419
2022-04-24T05:27:01.000,19.81,-8.12,1.29,20.11,20.5,100825,-37.28,-49.0,0.419
2022-04-24T05:28:01.000,19.83,-8.02,1.29,20.1,20.5,100826,-37.4,-49.0,0.419
2022-04-24T05:29:01.000,19.87,-7.93,1.29,20.11,20.5,100827,-37.53,-49.0,0.419
2022-04-24T05:30:01.000,19.86,-8.15,1.29,20.11,20.5,100828,-37.65,-48.0,0.419
2022-04-24T05:31:01.000,19.82,-8.23,1.28,20.11,20.5,100829,-37.77,-48.0,0.419
2022-04-24T05:32:01.000,19.8,-8.22,1.28,20.11,20.5,100830,-37.89,-48.0,0.419
2022-04-24T05:33:01.000,19.78,-8.22,1.28,20.12,20.5,100831,-38.01,-48.0,0.419
2022-04-24T05:34:02.000,19.76,-8.29,1.27,20.12,20.5,100832,-38.13,-48.0,0.419
2022-04-24T05:35:01.000,19.77,-8.23,1.27,20.12,20.5,100833,-38.24,-47.0,0.419
2022-04-24T05:36:02.000,19.82,-8.25,1.27,20.12,20.5,100834,-38.36,-47.0,0.419
2022-04-24T05:37:02.000,19.84,-8.21,1.27,20.12,20.5,100835,-38.48,-47.0,0.418
2022-04-24T05:38:02.000,19.88,-8.16,1.27,20.12,20.5,100836,-38.59,-47.0,0.418
2022-04-24T05:39:02.000,19.9,-8.24,1.28,20.11,20.5,100837,-38.71,-47.0,0.418
2022-04-24T05:40:03.000,19.87,-8.35,1.28,20.11,20.5,100838,-38.82,-46.0,0.418
2022-04-24T05:42:03.000,19.83,-8.3,1.28,20.11,20.5,100840,-39.05,-46.0,0.418
2022-04-24T05:44:03.000,19.78,-8.34,1.28,20.11,20.5,100842,-39.27,-46.0,0.418
2022-04-24T05:45:03.000,19.79,-8.16,1.28,20.11,20.5,100843,-39.38,-45.0,0.418
2022-04-24T05:46:03.000,19.77,-8.29,1.29,20.11,20.5,100844,-39.49,-45.0,0.418
2022-04-24T05:47:03.000,19.75,-8.21,1.29,20.1,20.5,100845,-39.59,-45.0,0.418
2022-04-24T05:48:03.000,19.74,-8.25,1.29,20.1,20.5,100846,-39.7,-45.0,0.418
2022-04-24T05:49:03.000,19.69,-8.4,1.29,20.11,20.5,100847,-39.8,-45.0,0.418
2022-04-24T05:50:03.000,19.59,-8.41,1.29,20.11,20.5,100848,-39.91,-44.0,0.417
2022-04-24T05:51:03.000,19.55,-8.27,1.29,20.1,20.5,100849,-40.01,-44.0,0.417
2022-04-24T05:56:04.000,19.44,-8.2,1.29,20.11,20.5,100854,-40.52,-43.0,0.417
2022-04-24T05:58:04.000,19.48,-8.17,1.28,20.11,20.5,100856,-40.71,-43.0,0.417
2022-04-24T05:59:04.000,19.43,-8.42,1.28,20.11,20.5,100857,-40.81,-42.0,0.417
2022-04-24T06:00:04.000,19.44,-8.37,1.27,20.12,20.5,100858,-40.9,-42.0,0.417
2022-04-24T06:02:04.000,19.4,-8.61,1.26,20.13,20.5,100860,-41.09,-42.0,0.417
2022-04-24T06:03:04.000,19.39,-8.64,1.25,20.13,20.5,100861,-41.18,-42.0,0.416
2022-04-24T06:04:04.000,19.41,-8.54,1.26,20.13,20.5,100862,-41.27,-41.0,0.416
2022-04-24T06:05:04.000,19.4,-8.56,1.26,20.13,20.5,100863,-41.36,-41.0,0.416
2022-04-24T06:12:05.000,19.26,-8.72,1.25,20.13,20.5,100870,-41.97,-40.0,0.416
2022-04-24T06:13:05.000,19.27,-8.59,1.25,20.13,20.5,100871,-42.05,-40.0,0.416
2022-04-24T06:14:05.000,19.29,-8.62,1.25,20.14,20.5,100872,-42.13,-39.0,0.416
2022-04-24T06:16:05.000,19.3,-8.73,1.25,20.14,20.5,100874,-42.29,-39.0,0.415
2022-04-24T06:18:05.000,19.25,-8.89,1.25,20.14,20.5,100876,-42.44,-39.0,0.415
2022-04-24T06:19:05.000,19.23,-8.86,1.24,20.15,20.5,100877,-42.52,-38.0,0.415
2022-04-24T06:21:05.000,19.22,-8.95,1.22,20.17,20.5,100879,-42.66,-38.0,0.415
2022-04-24T06:22:05.000,19.2,-8.94,1.22,20.17,20.5,100880,-42.73,-38.0,0.415
2022-04-24T06:23:05.000,19.17,-8.96,1.21,20.17,20.5,100881,-42.81,-38.0,0.415
2022-04-24T06:25:11.000,19.07,-8.99,1.23,20.15,20.5,100883,-42.95,-37.0,0.415
2022-04-24T06:26:12.000,19.03,-8.99,1.23,20.15,20.5,100884,-43.02,-37.0,0.415
2022-04-24T06:27:12.000,18.99,-9.01,1.23,20.16,20.5,100885,-43.09,-37.0,0.415
2022-04-24T06:28:12.000,18.95,-9.06,1.23,20.16,20.5,100886,-43.15,-37.0,0.415
2022-04-24T06:29:12.000,18.9,-9.13,1.22,20.16,20.5,100887,-43.21,-36.0,0.414
2022-04-24T06:30:12.000,18.88,-9.06,1.22,20.16,20.5,100888,-43.28,-36.0,0.414
2022-04-24T06:31:12.000,18.86,-9.16,1.22,20.16,20.5,100889,-43.34,-36.0,0.414
2022-04-24T06:32:13.000,18.85,-9.1,1.22,20.17,20.5,100890,-43.4,-36.0,0.414
2022-04-24T06:33:13.000,18.81,-9.24,1.22,20.17,20.5,100891,-43.46,-36.0,0.414
2022-04-24T06:34:13.000,18.77,-9.13,1.22,20.16,20.5,100892,-43.52,-35.0,0.414
2022-04-24T06:35:13.000,18.71,-9.2,1.2,20.19,20.5,100893,-43.58,-35.0,0.414
2022-04-24T06:36:13.000,18.66,-9.16,1.2,20.19,20.5,100894,-43.63,-35.0,0.414
2022-04-24T06:37:13.000,18.63,-9.08,1.19,20.19,20.5,100895,-43.69,-35.0,0.414
2022-04-24T06:38:13.000,18.6,-9.09,1.19,20.19,20.5,100896,-43.74,-35.0,0.414
2022-04-24T06:39:14.000,18.54,-9.11,1.19,20.19,20.5,100897,-43.79,-34.0,0.414
2022-04-24T06:40:13.000,18.49,-9.21,1.19,20.19,20.5,100898,-43.84,-34.0,0.414
2022-04-24T06:41:14.000,18.48,-9.02,1.19,20.19,20.5,100899,-43.9,-34.0,0.414
2022-04-24T06:42:14.000,18.47,-9.11,1.19,20.19,20.5,100900,-43.94,-34.0,0.413
2022-04-24T06:43:14.000,18.46,-9.16,1.19,20.19,20.5,100901,-43.99,-34.0,0.413
2022-04-24T06:44:14.000,18.44,-9.21,1.2,20.19,20.5,100902,-44.04,-33.0,0.413
2022-04-24T06:45:14.000,18.37,-9.23,1.21,20.17,20.5,100903,-44.08,-33.0,0.413
2022-04-24T06:46:14.000,18.28,-9.35,1.22,20.16,20.5,100904,-44.13,-33.0,0.413
2022-04-24T06:47:14.000,18.26,-9.12,1.22,20.16,20.5,100905,-44.17,-33.0,0.413
2022-04-24T06:48:15.000,18.24,-9.1,1.22,20.17,20.5,100906,-44.21,-33.0,0.413
2022-04-24T06:49:15.000,18.22,-9.09,1.22,20.17,20.5,100907,-44.25,-32.0,0.413
2022-04-24T06:50:15.000,18.24,-8.96,1.22,20.17,20.5,100908,-44.29,-32.0,0.413
2022-04-24T06:51:15.000,18.23,-9.03,1.22,20.17,20.5,100909,-44.33,-32.0,0.413
2022-04-24T06:52:15.000,18.22,-9.05,1.22,20.17,20.5,100910,-44.37,-32.0,0.413
2022-04-24T06:53:15.000,18.22,-8.98,1.21,20.17,20.5,100911,-44.4,-32.0,0.413
2022-04-24T06:54:15.000,18.24,-8.88,1.21,20.17,20.5,100912,-44.44,-31.0,0.413
2022-04-24T06:55:15.000,18.27,-8.9,1.22,20.17,20.5,100913,-44.47,-31.0,0.412
2022-04-24T06:56:15.000,18.29,-8.89,1.2,20.19,20.5,100914,-44.5,-31.0,0.412
2022-04-24T06:57:15.000,18.3,-8.87,1.18,20.2,20.5,100915,-44.53,-31.0,0.412
2022-04-24T06:58:16.000,18.31,-8.84,1.18,20.2,20.5,100916,-44.56,-31.0,0.412
2022-04-24T06:59:16.000,18.33,-8.78,1.18,20.2,20.5,100917,-44.59,-30.0,0.412
2022-04-24T07:00:16.000,18.34,-8.89,1.18,20.2,20.5,100918,-44.62,-30.0,0.412
2022-04-24T07:01:16.000,18.35,-8.85,1.16,20.22,20.5,100919,-44.64,-30.0,0.412
2022-04-24T07:02:16.000,18.34,-9.0,1.16,20.22,20.5,100920,-44.67,-30.0,0.412
2022-04-24T07:03:16.000,18.38,-8.88,1.16,20.22,20.5,100921,-44.69,-30.0,0.412
2022-04-24T07:04:16.000,18.45,-8.9,1.16,20.22,20.5,100922,-44.71,-29.0,0.412
2022-04-24T07:05:16.000,18.48,-8.97,1.16,20.22,20.5,100923,-44.73,-29.0,0.412
2022-04-24T07:06:16.000,18.48,-9.0,1.15,20.22,20.5,100924,-44.75,-29.0,0.412
2022-04-24T07:07:16.000,18.52,-8.9,1.15,20.22,20.5,100925,-44.77,-29.0,0.412
2022-04-24T07:08:16.000,18.52,-9.05,1.15,20.23,20.5,100926,-44.79,-29.0,0.411
2022-04-24T07:09:17.000,18.48,-9.1,1.15,20.22,20.5,100927,-44.8,-28.0,0.411
2022-04-24T07:10:17.000,18.46,-9.06,1.15,20.22,20.5,100928,-44.82,-28.0,0.411
2022-04-24T07:11:17.000,18.46,-9.09,1.15,20.23,20.5,100929,-44.83,-28.0,0.411
2022-04-24T07:12:17.000,18.47,-9.02,1.15,20.23,20.5,100930,-44.84,-28.0,0.411
2022-04-24T07:13:18.000,18.47,-9.09,1.15,20.23,20.5,100931,-44.85,-27.0,0.411
2022-04-24T07:14:18.000,18.47,-9.09,1.15,20.23,20.5,100932,-44.86,-27.0,0.411
2022-04-24T07:15:18.000,18.45,-9.09,1.15,20.23,20.5,100933,-44.87,-27.0,0.411
2022-04-24T07:16:18.000,18.43,-9.15,1.15,20.23,20.5,100934,-44.88,-27.0,0.411
2022-04-24T07:20:24.000,18.23,-9.35,1.13,20.24,20.5,100938,-44.89,-26.0,0.411
2022-04-24T07:21:24.000,18.16,-9.37,1.13,20.24,20.5,100939,-44.89,-26.0,0.41
2022-04-24T07:22:24.000,18.16,-9.25,1.13,20.25,20.5,100940,-44.89,-26.0,0.41
2022-04-24T07:23:24.000,18.15,-9.28,1.13,20.25,20.5,100941,-44.89,-25.0,0.41
2022-04-24T07:24:24.000,18.13,-9.34,1.13,20.25,20.5,100942,-44.88,-25.0,0.41
2022-04-24T07:25:25.000,18.13,-9.38,1.13,20.25,20.5,100943,-44.88,-25.0,0.41
2022-04-24T07:27:25.000,18.11,-9.41,1.12,20.25,20.5,100945,-44.87,-25.0,0.41
2022-04-24T07:33:27.000,17.92,-9.52,1.12,20.26,20.5,100951,-44.79,-23.0,0.41
2022-04-24T07:34:26.000,17.92,-9.42,1.12,20.26,20.5,100952,-44.78,-23.0,0.409
2022-04-24T07:37:27.000,17.9,-9.61,1.1,20.27,20.5,100955,-44.72,-23.0,0.409
2022-04-24T07:38:27.000,17.89,-9.59,1.1,20.27,20.5,100956,-44.7,-22.0,0.409
2022-04-24T07:40:27.000,17.84,-9.58,1.11,20.27,20.5,100958,-44.65,-22.0,0.409
2022-04-24T07:42:27.000,17.82,-9.64,1.11,20.27,20.5,100960,-44.6,-22.0,0.409
2022-04-24T07:43:27.000,17.8,-9.67,1.1,20.27,20.5,100961,-44.57,-21.0,0.409
2022-04-24T07:45:27.000,17.54,-10.32,1.1,20.27,20.5,100963,-44.52,-21.0,0.409
2022-04-24T07:46:27.000,17.46,-9.98,1.1,20.27,20.5,100964,-44.48,-21.0,0.409
2022-04-24T07:48:27.000,17.45,-9.93,1.1,20.28,20.5,100966,-44.42,-20.0,0.408
2022-04-24T07:49:28.000,17.41,-10.02,1.1,20.28,20.5,100967,-44.38,-20.0,0.408
2022-04-24T07:50:27.000,17.37,-9.99,1.1,20.28,20.5,100968,-44.35,-20.0,0.408
2022-04-24T07:51:28.000,17.37,-9.96,1.1,20.28,20.5,100969,-44.31,-20.0,0.408
2022-04-24T07:52:27.000,17.36,-10.02,1.1,20.28,20.5,100970,-44.27,-20.0,0.408
2022-04-24T07:53:28.000,17.35,-10.05,1.1,20.28,20.5,100971,-44.23,-19.0,0.408
2022-04-24T07:54:28.000,17.38,-9.88,1.1,20.28,20.5,100972,-44.19,-19.0,0.408
2022-04-24T07:55:28.000,17.39,-9.97,1.09,20.28,20.5,100973,-44.15,-19.0,0.408
2022-04-24T07:56:28.000,17.4,-9.92,1.09,20.28,20.5,100974,-44.1,-19.0,0.408
2022-04-24T07:57:28.000,17.4,-9.96,1.09,20.28,20.5,100975,-44.06,-19.0,0.408
2022-04-24T07:58:28.000,17.4,-9.99,1.09,20.28,20.5,100976,-44.01,-19.0,0.408
2022-04-24T07:59:28.000,17.4,-9.97,1.09,20.28,20.5,100977,-43.97,-18.0,0.408
2022-04-24T08:00:28.000,17.41,-10.04,1.09,20.28,20.5,100978,-43.92,-18.0,0.407
2022-04-24T08:01:28.000,17.41,-10.03,1.09,20.29,20.5,100979,-43.87,-18.0,0.407
2022-04-24T08:02:28.000,17.33,-10.24,1.09,20.29,20.5,100980,-43.82,-18.0,0.407
2022-04-24T08:03:28.000,17.28,-10.07,1.09,20.29,20.5,100981,-43.76,-18.0,0.407
2022-04-24T08:04:28.000,17.3,-9.92,1.09,20.29,20.5,100982,-43.71,-17.0,0.407
2022-04-24T08:05:29.000,17.3,-9.99,1.11,20.26,20.5,100983,-43.66,-17.0,0.407
2022-04-24T08:07:28.000,17.25,-10.06,1.09,20.29,20.5,100985,-43.55,-17.0,0.407
2022-04-24T08:08:28.000,17.21,-10.07,1.09,20.29,20.5,100986,-43.49,-17.0,0.407
2022-04-24T08:09:29.000,17.17,-10.05,1.09,20.29,20.5,100987,-43.43,-16.0,0.407
2022-04-24T08:10:29.000,17.17,-9.93,1.08,20.29,20.5,100988,-43.37,-16.0,0.407
2022-04-24T08:12:29.000,17.15,-10.03,1.08,20.3,20.5,100990,-43.24,-16.0,0.407
2022-04-24T08:13:29.000,17.14,-10.06,1.08,20.3,20.5,100991,-43.18,-16.0,0.406
2022-04-24T08:14:29.000,17.14,-10.04,1.08,20.3,20.5,100992,-43.12,-15.0,0.406
2022-04-24T08:15:30.000,17.12,-10.06,1.08,20.3,20.5,100993,-43.05,-15.0,0.406
2022-04-24T08:16:30.000,17.12,-10.07,1.07,20.3,20.5,100994,-42.98,-15.0,0.406
2022-04-24T08:17:30.000,17.11,-10.05,1.07,20.3,20.5,100995,-42.91,-15.0,0.406
2022-04-24T08:18:30.000,17.06,-10.23,1.07,20.3,20.5,100996,-42.84,-15.0,0.406
2022-04-24T08:19:31.000,17.05,-10.12,1.07,20.3,20.5,100997,-42.77,-14.0,0.406
2022-04-24T08:20:30.000,17.04,-10.14,1.07,20.3,20.5,100998,-42.7,-14.0,0.406
2022-04-24T08:21:30.000,17.05,-10.22,1.07,20.3,20.5,100999,-42.63,-14.0,0.406
2022-04-24T08:22:30.000,17.03,-10.33,1.07,20.3,20.5,101000,-42.56,-14.0,0.406
2022-04-24T08:23:31.000,17.0,-10.48,1.07,20.3,20.5,101001,-42.48,-14.0,0.406
2022-04-24T08:24:31.000,16.95,-10.52,1.07,20.3,20.5,101002,-42.4,-13.0,0.406
2022-04-24T08:25:31.000,16.93,-10.56,1.07,20.3,20.5,101003,-42.33,-13.0,0.406
2022-04-24T08:26:31.000,16.89,-10.56,1.07,20.3,20.5,101004,-42.25,-13.0,0.405
2022-04-24T08:27:32.000,16.86,-10.46,1.07,20.3,20.5,101005,-42.17,-13.0,0.405
2022-04-24T08:28:32.000,16.81,-10.46,1.07,20.3,20.5,101006,-42.09,-13.0,0.405
2022-04-24T08:29:32.000,16.79,-10.44,1.08,20.3,20.5,101007,-42.01,-12.0,0.405
2022-04-24T08:30:32.000,16.77,-10.37,1.07,20.3,20.5,101008,-41.93,-12.0,0.405
2022-04-24T08:31:32.000,16.75,-10.28,1.08,20.3,20.5,101009,-41.84,-12.0,0.405
2022-04-24T08:32:32.000,16.78,-10.17,1.08,20.3,20.5,101010,-41.76,-12.0,0.405
2022-04-24T08:34:32.000,16.72,-10.76,1.08,20.3,20.5,101012,-41.59,-11.0,0.405
2022-04-24T08:35:32.000,16.65,-10.77,1.08,20.3,20.5,101013,-41.5,-11.0,0.405
2022-04-24T08:36:33.000,16.62,-10.55,1.08,20.3,20.5,101014,-41.41,-11.0,0.405
2022-04-24T08:37:33.000,16.64,-10.48,1.08,20.3,20.5,101015,-41.32,-11.0,0.405
2022-04-24T08:38:33.000,16.65,-10.7,1.08,20.3,20.5,101016,-41.23,-11.0,0.405
2022-04-24T08:39:33.000,16.54,-11.02,1.08,20.3,20.5,101017,-41.14,-10.0,0.404
2022-04-24T08:40:33.000,16.39,-11.11,1.08,20.3,20.5,101018,-41.05,-10.0,0.404
2022-04-24T08:41:33.000,16.26,-10.96,1.07,20.3,20.5,101019,-40.95,-10.0,0.404
2022-04-24T08:42:33.000,16.19,-10.87,1.07,20.3,20.5,101020,-40.86,-10.0,0.404
2022-04-24T08:43:33.000,16.05,-11.13,1.08,20.3,20.5,101021,-40.76,-10.0,0.404
2022-04-24T08:44:33.000,15.96,-10.86,1.08,20.3,20.5,101022,-40.67,-10.0,0.404
2022-04-24T08:46:33.000,15.89,-10.79,1.07,20.3,20.5,101024,-40.47,-9.0,0.404
2022-04-24T08:47:34.000,15.9,-10.75,1.07,20.3,20.5,101025,-40.37,-9.0,0.404
2022-04-24T08:48:34.000,15.89,-10.81,1.07,20.3,20.5,101026,-40.27,-9.0,0.404
2022-04-24T08:49:34.000,15.85,-10.78,1.08,20.3,20.5,101027,-40.17,-9.0,0.404
2022-04-24T08:50:34.000,15.83,-10.8,1.08,20.3,20.5,101028,-40.07,-8.0,0.404
2022-04-24T08:51:34.000,15.84,-10.69,1.08,20.3,20.5,101029,-39.96,-8.0,0.404
2022-04-24T08:52:34.000,15.83,-10.78,1.08,20.3,20.5,101030,-39.86,-8.0,0.403
2022-04-24T08:53:34.000,15.8,-10.94,1.08,20.3,20.5,101031,-39.75,-8.0,0.403
