Downloads/jupyter/ECSV/stars19/stars19_2022-10.ecsv
# %ECSV 1.0
# ---
# datatype:
# - {name: time, datatype: string}
# - {name: Enclosure Temperature, unit: deg_C, datatype: float64}
# - {name: Sky Temperature, unit: deg_C, datatype: float64}
# - {name: Frequency, unit: Hz, datatype: float64}
# - {name: MSAS, unit: mag / arcsec2, datatype: float64}
# - {name: ZP, datatype: float64}
# - {name: Sequence Number, datatype: int64}
# - {name: Sun Alt, unit: deg, datatype: float64}
# - {name: Moon Alt, unit: deg, datatype: float64}
# - {name: Moon Illumination, datatype: float64}
# delimiter: ','
# meta: !!omap
# - ida:
#     Data supplier: {affiliation: null, observer: null}
#     Device type: TESS-W
#     Field of view: 17.0
#     Filters per channel: None
#     Instrument ID: stars19
#     License: ODbL 1.0 http://opendatacommons.org/licenses/odbl/summary/
#     Local timezone: America/Phoenix
#     Location name: {country: '- Tucson', place: Tucson, region: United States, sub_region: Arizona, town: Pima County}
#     Measurement direction per channel: {azimuth: 0.0, zenital: 0.0}
#     Moving / Fixed look direction: FIXED
#     Moving / Stationary position: STATIONARY
#     Number of channels: 1
#     Number of fields per line: 8
#     Number of header lines: 35
#     Position: {height: 0.0, latitude: 32.223877, longitude: -110.767532}
#     TESS MAC address: 18:FE:34:CF:EC:06
#     TESS cover offset value: 0.0
#     TESS firmware version: '1.0'
#     TESS zero point: 20.5
#     Time Synchronization: timestamp added by MQTT subscriber
#     URL: http://www.darksky.org/NSBM/sdf1.0.pdf
# - __serialized_columns__:
#     Enclosure Temperature:
#       __class__: astropy.units.quantity.Quantity
#       unit: &id001 !astropy.units.Unit {unit: deg_C}
#       value: !astropy.table.SerializedColumn {name: Enclosure Temperature}
#     Frequency:
#       __class__: astropy.units.quantity.Quantity
#       unit: !astropy.units.Unit {unit: Hz}
#       value: !astropy.table.SerializedColumn {name: Frequency}
#     MSAS:
#       __class__: astropy.units.quantity.Quantity
#       unit: !astropy.units.Unit {unit: mag / arcsec2}
#       value: !astropy.table.SerializedColumn {name: MSAS}
#     Moon Alt:
#       __class__: astropy.units.quantity.Quantity
#       unit: &id002 !astropy.units.Unit {unit: deg}
#       value: !astropy.table.SerializedColumn {name: Moon Alt}
#     Sky Temperature:
#       __class__: astropy.units.quantity.Quantity
#       unit: *id001
#       value: !astropy.table.SerializedColumn {name: Sky Temperature}
#     Sun Alt:
#       __class__: astropy.units.quantity.Quantity
#       unit: *id002
#       value: !astropy.table.SerializedColumn {name: Sun Alt}
#     time:
#       __class__: astropy.time.core.Time
#       format: isot
#       in_subfmt: '*'
#       out_subfmt: '*'
#       precision: 3
#       scale: utc
#       value: !astropy.table.SerializedColumn {name: time}
# schema: astropy-2.0
time,Enclosure Temperature,Sky Temperature,Frequency,MSAS,ZP,Sequence Number,Sun Alt,Moon Alt,Moon Illumination
[from data line 11002]
2022-10-15T21:37:51.000,26.0,16.04,0.0,0.0,20.5,61442,35.74,-23.0,0.67
2022-10-15T21:38:51.000,26.15,16.06,0.0,0.0,20.5,61443,35.58,-23.0,0.67
2022-10-15T21:42:51.000,27.02,14.81,0.0,0.0,20.5,61447,34.95,-23.0,0.67
2022-10-15T21:43:52.000,27.0,13.4,0.0,0.0,20.5,61448,34.79,-23.0,0.67
2022-10-15T21:44:52.000,27.08,12.89,0.0,0.0,20.5,61449,34.63,-23.0,0.67
2022-10-15T21:46:52.000,26.01,15.76,0.0,0.0,20.5,61451,34.31,-24.0,0.67
2022-10-15T21:49:00.000,25.86,21.3,0.0,0.0,20.5,61453,33.96,-24.0,0.669
2022-10-15T21:50:05.000,25.9,21.21,0.0,0.0,20.5,61454,33.79,-24.0,0.669
2022-10-15T21:51:06.000,25.63,19.32,0.0,0.0,20.5,61455,33.62,-24.0,0.669
2022-10-15T21:53:08.000,25.41,18.82,0.0,0.0,20.5,61457,33.29,-24.0,0.669
2022-10-15T21:54:08.000,25.47,18.54,0.0,0.0,20.5,61458,33.12,-24.0,0.669
2022-10-15T21:55:08.000,25.4,17.89,0.0,0.0,20.5,61459,32.96,-24.0,0.669
2022-10-15T21:58:08.000,25.54,17.15,0.0,0.0,20.5,61462,32.46,-25.0,0.669
2022-10-15T21:59:09.000,25.63,16.59,0.0,0.0,20.5,61463,32.29,-25.0,0.669
2022-10-15T22:00:09.000,25.61,16.14,0.0,0.0,20.5,61464,32.12,-25.0,0.669
2022-10-15T22:04:10.000,26.02,16.56,0.0,0.0,20.5,61468,31.44,-25.0,0.668
2022-10-15T22:05:10.000,25.77,17.37,0.0,0.0,20.5,61469,31.27,-25.0,0.668
2022-10-15T22:06:11.000,25.62,18.1,0.0,0.0,20.5,61470,31.1,-25.0,0.668
2022-10-15T22:08:17.000,25.04,20.07,0.0,0.0,20.5,61472,30.74,-26.0,0.668
2022-10-15T22:09:17.000,24.8,20.42,0.0,0.0,20.5,61473,30.57,-26.0,0.668
2022-10-15T22:10:17.000,24.78,20.86,0.0,0.0,20.5,61474,30.39,-26.0,0.668
2022-10-15T22:19:19.000,22.83,16.05,0.0,0.0,20.5,61483,28.82,-27.0,0.668
2022-10-15T22:20:19.000,22.62,15.97,0.0,0.0,20.5,61484,28.64,-27.0,0.667
2022-10-15T22:21:19.000,22.37,16.07,0.0,0.0,20.5,61485,28.46,-27.0,0.667
2022-10-15T22:23:20.000,22.39,16.62,0.0,0.0,20.5,61487,28.1,-27.0,0.667
2022-10-15T22:25:26.000,22.45,16.57,0.0,0.0,20.5,61489,27.73,-27.0,0.667
2022-10-15T22:26:26.000,22.55,16.77,0.0,0.0,20.5,61490,27.55,-27.0,0.667
2022-10-15T22:27:26.000,22.57,16.39,0.41,0.2,20.5,61491,27.37,-27.0,0.667
2022-10-15T22:28:27.000,22.55,16.52,0.0,0.0,20.5,61492,27.19,-27.0,0.667
2022-10-15T22:29:26.000,22.6,16.12,0.0,0.0,20.5,61493,27.01,-27.0,0.667
2022-10-15T22:30:27.000,22.39,15.83,0.0,0.0,20.5,61494,26.83,-28.0,0.667
2022-10-15T22:31:27.000,22.49,16.14,0.0,0.0,20.5,61495,26.65,-28.0,0.667
2022-10-15T22:32:27.000,22.46,15.79,0.0,0.0,20.5,61496,26.46,-28.0,0.667
2022-10-15T22:33:28.000,22.28,15.6,0.0,0.0,20.5,61497,26.28,-28.0,0.667
2022-10-15T22:36:34.000,21.71,15.51,0.0,0.0,20.5,61500,25.71,-28.0,0.666
2022-10-15T22:37:34.000,21.15,15.56,0.0,0.0,20.5,61501,25.53,-28.0,0.666
2022-10-15T22:38:34.000,20.48,13.28,0.0,0.0,20.5,61502,25.35,-28.0,0.666
2022-10-15T22:40:35.000,19.24,13.32,0.0,0.0,20.5,61504,24.98,-28.0,0.666
2022-10-15T22:42:41.000,18.95,14.76,0.0,0.0,20.5,61506,24.59,-28.0,0.666
2022-10-15T22:45:48.000,19.9,17.38,0.0,0.0,20.5,61509,24.01,-29.0,0.666
2022-10-15T22:48:53.000,20.03,16.23,0.0,0.0,20.5,61512,23.44,-29.0,0.666
2022-10-15T22:50:59.000,20.44,18.2,0.0,0.0,20.5,61514,23.04,-29.0,0.666
2022-10-15T22:51:59.000,20.52,17.66,0.0,0.0,20.5,61515,22.86,-29.0,0.665
2022-10-15T22:53:00.000,20.5,17.48,0.0,0.0,20.5,61516,22.66,-29.0,0.665
2022-10-15T22:54:00.000,20.68,17.91,0.0,0.0,20.5,61517,22.48,-29.0,0.665
2022-10-15T23:00:01.000,20.74,17.38,0.0,0.0,20.5,61523,21.34,-29.0,0.665
2022-10-15T23:01:01.000,20.67,16.96,0.0,0.0,20.5,61524,21.15,-29.0,0.665
2022-10-15T23:02:01.000,20.57,16.99,0.0,0.0,20.5,61525,20.96,-30.0,0.665
2022-10-15T23:04:01.000,20.76,17.77,0.0,0.0,20.5,61527,20.57,-30.0,0.665
2022-10-15T23:05:02.000,20.99,18.33,0.0,0.0,20.5,61528,20.38,-30.0,0.665
2022-10-15T23:06:02.000,21.1,18.18,0.0,0.0,20.5,61529,20.19,-30.0,0.665
2022-10-15T23:08:08.000,21.36,18.59,0.0,0.0,20.5,61531,19.79,-30.0,0.664
2022-10-15T23:11:16.000,21.16,16.95,0.0,0.0,20.5,61534,19.18,-30.0,0.664
2022-10-15T23:12:16.000,21.06,17.7,0.0,0.0,20.5,61535,18.99,-30.0,0.664
2022-10-15T23:13:16.000,21.2,18.1,0.0,0.0,20.5,61536,18.8,-30.0,0.664
2022-10-15T23:39:19.000,21.48,17.56,0.0,0.0,20.5,61562,13.68,-31.0,0.663
2022-10-15T23:40:19.000,21.5,17.08,0.0,0.0,20.5,61563,13.48,-31.0,0.662
2022-10-15T23:41:19.000,21.37,16.18,0.0,0.0,20.5,61564,13.28,-31.0,0.662
2022-10-15T23:45:33.000,20.71,12.01,0.0,0.0,20.5,61568,12.43,-31.0,0.662
2022-10-15T23:48:34.000,20.79,12.64,0.0,0.0,20.5,61571,11.83,-31.0,0.662
2022-10-15T23:49:34.000,20.81,12.44,0.0,0.0,20.5,61572,11.63,-31.0,0.662
2022-10-15T23:50:34.000,20.89,12.28,0.0,0.0,20.5,61573,11.43,-31.0,0.662
2022-10-15T23:51:34.000,21.07,11.83,0.0,0.0,20.5,61574,11.22,-31.0,0.662
2022-10-15T23:52:34.000,21.18,10.91,0.0,0.0,20.5,61575,11.02,-31.0,0.662
2022-10-15T23:54:35.000,21.14,8.44,0.0,0.0,20.5,61577,10.62,-31.0,0.662
2022-10-15T23:56:41.000,21.26,7.69,0.0,0.0,20.5,61579,10.19,-31.0,0.661
2022-10-15T23:57:41.000,21.25,7.23,0.0,0.0,20.5,61580,9.99,-31.0,0.661
2022-10-15T23:58:41.000,21.39,7.59,0.0,0.0,20.5,61581,9.79,-31.0,0.661
2022-10-16T00:00:41.000,21.37,7.04,0.0,0.0,20.5,61583,9.38,-31.0,0.661
2022-10-16T00:01:42.000,21.44,7.17,0.0,0.0,20.5,61584,9.18,-31.0,0.661
2022-10-16T00:02:42.000,21.49,6.87,0.0,0.0,20.5,61585,8.97,-31.0,0.661
2022-10-16T00:04:42.000,21.6,6.86,0.0,0.0,20.5,61587,8.57,-31.0,0.661
2022-10-16T00:06:42.000,21.69,5.97,0.0,0.0,20.5,61589,8.16,-31.0,0.661
2022-10-16T00:07:42.000,21.76,5.46,0.0,0.0,20.5,61590,7.96,-31.0,0.661
2022-10-16T00:08:42.000,21.88,5.45,0.0,0.0,20.5,61591,7.75,-31.0,0.661
2022-10-16T00:10:42.000,22.13,5.75,0.0,0.0,20.5,61593,7.34,-31.0,0.661
2022-10-16T00:11:42.000,22.19,5.91,0.0,0.0,20.5,61594,7.14,-31.0,0.66
2022-10-16T00:12:42.000,22.29,6.04,0.0,0.0,20.5,61595,6.94,-31.0,0.66
2022-10-16T00:14:42.000,22.34,6.21,0.0,0.0,20.5,61597,6.53,-31.0,0.66
2022-10-16T00:16:43.000,22.5,6.13,0.0,0.0,20.5,61599,6.11,-31.0,0.66
2022-10-16T00:17:45.000,22.57,5.89,0.78,0.36,20.5,61600,5.9,-31.0,0.66
2022-10-16T00:18:45.000,22.62,5.77,0.0,0.0,20.5,61601,5.7,-31.0,0.66
2022-10-16T00:19:45.000,22.68,5.74,0.0,0.0,20.5,61602,5.49,-31.0,0.66
2022-10-16T00:20:45.000,22.66,5.44,0.0,0.0,20.5,61603,5.29,-31.0,0.66
2022-10-16T00:25:46.000,22.8,5.83,0.0,0.0,20.5,61608,4.25,-31.0,0.66
2022-10-16T00:26:46.000,22.88,5.83,0.0,0.0,20.5,61609,4.05,-31.0,0.66
2022-10-16T00:27:46.000,22.94,5.84,0.0,0.0,20.5,61610,3.84,-31.0,0.659
2022-10-16T00:28:46.000,23.01,5.72,0.48,0.19,20.5,61611,3.63,-31.0,0.659
2022-10-16T00:29:46.000,23.05,5.71,0.0,0.0,20.5,61612,3.43,-31.0,0.659
2022-10-16T00:30:46.000,23.08,5.59,0.0,0.0,20.5,61613,3.22,-31.0,0.659
2022-10-16T00:31:47.000,23.06,5.41,0.0,0.0,20.5,61614,3.01,-31.0,0.659
2022-10-16T00:32:47.000,23.01,5.27,0.0,0.0,20.5,61615,2.8,-31.0,0.659
2022-10-16T00:33:47.000,22.95,5.25,0.13,0.11,20.5,61616,2.6,-31.0,0.659
2022-10-16T00:34:47.000,22.88,5.16,0.0,0.0,20.5,61617,2.39,-31.0,0.659
2022-10-16T00:35:47.000,22.81,5.14,0.0,0.0,20.5,61618,2.18,-31.0,0.659
2022-10-16T00:36:48.000,22.78,5.26,0.0,0.0,20.5,61619,1.97,-31.0,0.659
2022-10-16T00:39:49.000,22.88,5.44,0.0,0.0,20.5,61622,1.35,-31.0,0.659
2022-10-16T00:40:50.000,22.87,5.25,0.0,0.0,20.5,61623,1.14,-30.0,0.659
2022-10-16T00:41:50.000,22.86,5.26,0.0,0.0,20.5,61624,0.93,-30.0,0.659
2022-10-16T00:47:08.000,22.74,6.86,0.0,0.0,20.5,61629,-0.17,-30.0,0.658
2022-10-16T00:50:20.000,22.48,6.6,0.0,0.0,20.5,61632,-0.84,-30.0,0.658
2022-10-16T00:51:20.000,22.5,6.56,0.0,0.0,20.5,61633,-1.05,-30.0,0.658
2022-10-16T00:52:20.000,22.59,6.5,0.0,0.0,20.5,61634,-1.26,-30.0,0.658
2022-10-16T00:53:21.000,22.67,6.28,32326.38,4.49,20.5,61635,-1.47,-30.0,0.658
2022-10-16T00:54:21.000,22.65,5.82,53225.93,8.57,20.5,61636,-1.68,-30.0,0.658
2022-10-16T00:55:21.000,22.55,5.7,46990.9,8.7,20.5,61637,-1.89,-30.0,0.658
2022-10-16T00:56:21.000,22.48,5.8,37941.55,8.93,20.5,61638,-2.1,-30.0,0.658
2022-10-16T00:57:21.000,22.4,5.99,32380.88,9.11,20.5,61639,-2.31,-30.0,0.658
2022-10-16T00:58:21.000,22.4,6.95,28880.02,9.23,20.5,61640,-2.51,-30.0,0.658
2022-10-16T00:59:21.000,22.46,8.13,24958.92,9.61,20.5,61641,-2.72,-30.0,0.658
2022-10-16T01:00:21.000,22.5,9.21,23345.28,9.46,20.5,61642,-2.93,-30.0,0.657
2022-10-16T01:01:21.000,22.47,10.07,20490.31,9.6,20.5,61643,-3.14,-30.0,0.657
2022-10-16T01:02:21.000,22.55,10.47,16579.31,9.83,20.5,61644,-3.35,-30.0,0.657
2022-10-16T01:03:21.000,22.63,9.93,13706.0,10.04,20.5,61645,-3.56,-30.0,0.657
2022-10-16T01:04:21.000,22.68,9.02,11564.8,10.22,20.5,61646,-3.77,-29.0,0.657
2022-10-16T01:05:21.000,22.75,7.91,8375.91,10.58,20.5,61647,-3.98,-29.0,0.657
2022-10-16T01:06:22.000,22.83,7.31,5899.96,10.96,20.5,61648,-4.19,-29.0,0.657
2022-10-16T01:07:21.000,22.85,7.16,5046.51,11.12,20.5,61649,-4.4,-29.0,0.657
2022-10-16T01:08:21.000,22.84,7.27,4798.92,11.18,20.5,61650,-4.61,-29.0,0.657
2022-10-16T01:09:22.000,22.83,6.72,3293.53,11.6,20.5,61651,-4.82,-29.0,0.657
2022-10-16T01:10:22.000,22.81,6.26,2359.37,11.95,20.5,61652,-5.03,-29.0,0.657
2022-10-16T01:11:22.000,22.81,5.42,1697.36,12.31,20.5,61653,-5.24,-29.0,0.657
2022-10-16T01:12:22.000,22.8,5.11,1239.98,12.65,20.5,61654,-5.45,-29.0,0.657
2022-10-16T01:13:22.000,22.8,5.23,950.31,12.94,20.5,61655,-5.66,-29.0,0.657
2022-10-16T01:14:22.000,22.83,5.21,736.09,13.22,20.5,61656,-5.87,-29.0,0.657
2022-10-16T01:15:22.000,22.83,5.17,569.8,13.49,20.5,61657,-6.08,-29.0,0.657
2022-10-16T01:16:22.000,22.86,5.12,441.91,13.77,20.5,61658,-6.29,-29.0,0.656
2022-10-16T01:17:23.000,22.84,4.92,344.38,14.04,20.5,61659,-6.51,-29.0,0.656
2022-10-16T01:18:23.000,22.83,5.07,271.07,14.3,20.5,61660,-6.72,-29.0,0.656
2022-10-16T01:19:23.000,22.81,5.43,225.69,14.5,20.5,61661,-6.93,-29.0,0.656
2022-10-16T01:20:23.000,22.83,6.16,203.15,14.61,20.5,61662,-7.14,-29.0,0.656
2022-10-16T01:21:23.000,22.85,6.43,167.39,14.82,20.5,61663,-7.35,-28.0,0.656
2022-10-16T01:22:23.000,22.75,6.57,123.36,15.16,20.5,61664,-7.56,-28.0,0.656
2022-10-16T01:23:23.000,22.74,7.87,102.81,15.35,20.5,61665,-7.77,-28.0,0.656
2022-10-16T01:24:23.000,22.74,8.99,111.07,15.27,20.5,61666,-7.98,-28.0,0.656
2022-10-16T01:25:23.000,22.67,9.83,137.28,15.04,20.5,61667,-8.19,-28.0,0.656
2022-10-16T01:26:23.000,22.65,10.42,95.37,15.44,20.5,61668,-8.4,-28.0,0.656
2022-10-16T01:27:23.000,22.61,10.83,84.18,15.57,20.5,61669,-8.61,-28.0,0.656
2022-10-16T01:28:24.000,22.55,11.6,83.25,15.58,20.5,61670,-8.83,-28.0,0.656
2022-10-16T01:29:24.000,22.49,12.3,81.59,15.6,20.5,61671,-9.04,-28.0,0.656
2022-10-16T01:30:24.000,22.47,12.26,75.11,15.7,20.5,61672,-9.25,-28.0,0.656
2022-10-16T01:31:25.000,22.33,11.69,46.54,16.21,20.5,61673,-9.46,-28.0,0.655
2022-10-16T01:32:26.000,22.33,11.15,33.89,16.57,20.5,61674,-9.68,-28.0,0.655
2022-10-16T01:34:26.000,22.51,11.5,29.13,16.72,20.5,61676,-10.1,-28.0,0.655
2022-10-16T01:35:26.000,22.62,11.84,27.08,16.8,20.5,61677,-10.31,-27.0,0.655
2022-10-16T01:36:26.000,22.68,11.13,23.7,16.94,20.5,61678,-10.52,-27.0,0.655
2022-10-16T01:38:27.000,22.73,9.57,10.37,17.84,20.5,61680,-10.95,-27.0,0.655
2022-10-16T01:39:27.000,22.68,10.03,12.55,17.64,20.5,61681,-11.16,-27.0,0.655
2022-10-16T01:41:33.000,22.81,11.76,16.7,17.32,20.5,61683,-11.6,-27.0,0.655
2022-10-16T01:42:33.000,22.81,12.42,18.84,17.19,20.5,61684,-11.82,-27.0,0.655
2022-10-16T01:43:34.000,22.84,12.91,17.07,17.3,20.5,61685,-12.03,-27.0,0.655
2022-10-16T01:46:47.000,22.84,9.27,4.66,18.71,20.5,61688,-12.71,-27.0,0.655
2022-10-16T01:47:47.000,22.8,8.61,3.95,18.89,20.5,61689,-12.92,-26.0,0.654
2022-10-16T01:48:48.000,22.72,9.88,7.86,18.17,20.5,61690,-13.14,-26.0,0.654
2022-10-16T01:49:48.000,22.67,11.81,13.0,17.6,20.5,61691,-13.35,-26.0,0.654
2022-10-16T01:50:48.000,22.7,12.5,12.48,17.64,20.5,61692,-13.56,-26.0,0.654
2022-10-16T01:51:48.000,22.75,12.55,12.57,17.63,20.5,61693,-13.77,-26.0,0.654
2022-10-16T01:52:48.000,22.75,12.02,11.69,17.72,20.5,61694,-13.98,-26.0,0.654
2022-10-16T01:53:49.000,22.76,11.74,9.62,17.92,20.5,61695,-14.2,-26.0,0.654
2022-10-16T01:54:49.000,22.82,12.31,7.58,18.19,20.5,61696,-14.41,-26.0,0.654
2022-10-16T01:55:49.000,22.89,12.82,8.35,18.08,20.5,61697,-14.62,-26.0,0.654
2022-10-16T01:56:49.000,22.93,12.71,9.95,17.89,20.5,61698,-14.83,-26.0,0.654
2022-10-16T01:58:49.000,22.7,12.04,10.47,17.83,20.5,61700,-15.26,-25.0,0.654
2022-10-16T01:59:49.000,22.68,12.59,12.15,17.67,20.5,61701,-15.47,-25.0,0.654
2022-10-16T02:00:49.000,22.68,12.92,13.57,17.55,20.5,61702,-15.68,-25.0,0.654
2022-10-16T02:01:49.000,22.69,12.69,12.23,17.66,20.5,61703,-15.89,-25.0,0.654
2022-10-16T02:02:49.000,22.75,12.11,10.84,17.79,20.5,61704,-16.1,-25.0,0.654
2022-10-16T02:03:49.000,22.75,11.55,11.98,17.68,20.5,61705,-16.31,-25.0,0.653
2022-10-16T02:05:49.000,22.71,12.07,12.71,17.62,20.5,61707,-16.74,-25.0,0.653
2022-10-16T02:07:50.000,22.83,12.37,6.87,18.29,20.5,61709,-17.16,-25.0,0.653
2022-10-16T02:08:50.000,22.85,12.88,10.14,17.87,20.5,61710,-17.38,-24.0,0.653
2022-10-16T02:09:50.000,22.86,13.48,12.19,17.67,20.5,61711,-17.59,-24.0,0.653
2022-10-16T02:10:50.000,22.84,13.55,12.71,17.62,20.5,61712,-17.8,-24.0,0.653
2022-10-16T02:11:50.000,22.82,13.74,14.41,17.48,20.5,61713,-18.01,-24.0,0.653
2022-10-16T02:12:50.000,22.85,13.99,14.44,17.48,20.5,61714,-18.22,-24.0,0.653
2022-10-16T02:13:50.000,22.89,13.81,16.38,17.34,20.5,61715,-18.43,-24.0,0.653
2022-10-16T02:14:50.000,22.89,13.26,11.98,17.69,20.5,61716,-18.65,-24.0,0.653
2022-10-16T02:15:50.000,22.78,12.89,11.35,17.74,20.5,61717,-18.86,-24.0,0.653
2022-10-16T02:16:50.000,22.76,13.46,13.67,17.55,20.5,61718,-19.07,-24.0,0.653
2022-10-16T02:17:51.000,22.84,14.04,16.8,17.32,20.5,61719,-19.28,-24.0,0.653
2022-10-16T02:18:51.000,22.9,13.63,17.46,17.28,20.5,61720,-19.5,-23.0,0.653
2022-10-16T02:19:51.000,22.9,12.61,14.0,17.52,20.5,61721,-19.71,-23.0,0.652
2022-10-16T02:20:51.000,22.96,11.78,10.98,17.78,20.5,61722,-19.92,-23.0,0.652
2022-10-16T02:21:52.000,22.99,11.38,7.73,18.16,20.5,61723,-20.13,-23.0,0.652
2022-10-16T02:22:53.000,22.99,12.11,8.29,18.09,20.5,61724,-20.35,-23.0,0.652
2022-10-16T02:23:53.000,23.03,13.32,12.85,17.62,20.5,61725,-20.56,-23.0,0.652
2022-10-16T02:24:54.000,23.05,13.72,17.59,17.27,20.5,61726,-20.78,-23.0,0.652
2022-10-16T02:25:54.000,23.04,12.9,12.96,17.62,20.5,61727,-20.99,-23.0,0.652
2022-10-16T02:26:54.000,23.05,11.91,7.89,18.14,20.5,61728,-21.2,-23.0,0.652
2022-10-16T02:28:54.000,23.17,11.86,12.09,17.67,20.5,61730,-21.62,-22.0,0.652
2022-10-16T02:29:54.000,23.2,11.23,11.81,17.7,20.5,61731,-21.83,-22.0,0.652
2022-10-16T02:30:56.000,23.2,9.71,6.55,18.39,20.5,61732,-22.05,-22.0,0.652
2022-10-16T02:31:56.000,23.22,8.1,3.1,19.15,20.5,61733,-22.26,-22.0,0.652
2022-10-16T02:32:56.000,23.26,8.35,3.78,18.94,20.5,61734,-22.47,-22.0,0.652
2022-10-16T02:33:56.000,23.32,9.38,4.61,18.72,20.5,61735,-22.68,-22.0,0.652
2022-10-16T02:34:56.000,23.35,10.6,6.21,18.41,20.5,61736,-22.9,-22.0,0.652
2022-10-16T02:35:57.000,23.31,11.51,7.73,18.16,20.5,61737,-23.11,-22.0,0.651
2022-10-16T02:36:57.000,23.27,11.83,8.6,18.05,20.5,61738,-23.32,-21.0,0.651
2022-10-16T02:39:03.000,23.13,11.09,11.64,17.72,20.5,61740,-23.76,-21.0,0.651
2022-10-16T02:40:06.000,23.07,10.25,13.64,17.54,20.5,61741,-23.99,-21.0,0.651
2022-10-16T02:41:06.000,23.01,9.58,8.14,18.15,20.5,61742,-24.2,-21.0,0.651
2022-10-16T02:42:06.000,22.99,9.51,4.45,18.76,20.5,61743,-24.41,-21.0,0.651
2022-10-16T02:44:12.000,22.99,10.64,8.79,18.02,20.5,61745,-24.85,-21.0,0.651
2022-10-16T02:45:12.000,22.83,10.35,11.12,17.77,20.5,61746,-25.06,-20.0,0.651
2022-10-16T02:47:17.000,22.77,10.36,6.3,18.39,20.5,61748,-25.5,-20.0,0.651
2022-10-16T02:49:26.000,22.85,11.36,7.41,18.21,20.5,61750,-25.95,-20.0,0.651
2022-10-16T02:50:25.000,22.82,11.17,7.75,18.16,20.5,61751,-26.16,-20.0,0.651
2022-10-16T02:51:26.000,22.75,11.12,8.64,18.04,20.5,61752,-26.37,-20.0,0.65
2022-10-16T02:52:26.000,22.8,11.22,7.19,18.24,20.5,61753,-26.58,-20.0,0.65
2022-10-16T02:53:26.000,22.78,11.36,9.77,17.91,20.5,61754,-26.79,-19.0,0.65
2022-10-16T02:54:26.000,22.77,11.41,11.22,17.76,20.5,61755,-27.0,-19.0,0.65
2022-10-16T02:55:26.000,22.74,10.82,8.55,18.05,20.5,61756,-27.22,-19.0,0.65
2022-10-16T02:56:26.000,22.72,10.75,9.27,17.97,20.5,61757,-27.43,-19.0,0.65
2022-10-16T02:57:26.000,22.72,10.29,10.39,17.84,20.5,61758,-27.64,-19.0,0.65
