Downloads/jupyter/ECSV/stars19/stars19_2020-06.ecsv
# %ECSV 1.0
# ---
# datatype:
# - {name: time, datatype: string}
# - {name: Enclosure Temperature, unit: deg_C, datatype: float64}
# - {name: Sky Temperature, unit: deg_C, datatype: float64}
# - {name: Frequency, unit: Hz, datatype: float64}
# - {name: MSAS, unit: mag / arcsec2, datatype: float64}
# - {name: ZP, datatype: float64}
# - {name: Sequence Number, datatype: int64}
# - {name: Sun Alt, unit: deg, datatype: float64}
# - {name: Moon Alt, unit: deg, datatype: float64}
# - {name: Moon Illumination, datatype: float64}
# delimiter: ','
# meta: !!omap
# - ida:
#     Data supplier: {affiliation: null, observer: null}
#     Device type: TESS-W
#     Field of view: 17.0
#     Filters per channel: None
#     Instrument ID: stars19
#     License: ODbL 1.0 http://opendatacommons.org/licenses/odbl/summary/
#     Local timezone: America/Phoenix
#     Location name: {country: '- Tucson', place: Tucson, region: United States, sub_region: Arizona, town: Pima County}
#     Measurement direction per channel: {azimuth: 0.0, zenital: 0.0}
#     Moving / Fixed look direction: FIXED
#     Moving / Stationary position: STATIONARY
#     Number of channels: 1
#     Number of fields per line: 8
#     Number of header lines: 35
#     Position: {height: 0.0, latitude: 32.223877, longitude: -110.767532}
#     TESS MAC address: 18:FE:34:CF:EC:06
#     TESS cover offset value: 0.0
#     TESS firmware version: '1.0'
#     TESS zero point: 20.5
#     Time Synchronization: timestamp added by MQTT subscriber
#     URL: http://www.darksky.org/NSBM/sdf1.0.pdf
# - __serialized_columns__:
#     Enclosure Temperature:
#       __class__: astropy.units.quantity.Quantity
#       unit: &id001 !astropy.units.Unit {unit: deg_C}
#       value: !astropy.table.SerializedColumn {name: Enclosure Temperature}
#     Frequency:
#       __class__: astropy.units.quantity.Quantity
#       unit: !astropy.units.Unit {unit: Hz}
#       value: !astropy.table.SerializedColumn {name: Frequency}
#     MSAS:
#       __class__: astropy.units.quantity.Quantity
#       unit: !astropy.units.Unit {unit: mag / arcsec2}
#       value: !astropy.table.SerializedColumn {name: MSAS}
#     Moon Alt:
#       __class__: astropy.units.quantity.Quantity
#       unit: &id002 !astropy.units.Unit {unit: deg}
#       value: !astropy.table.SerializedColumn {name: Moon Alt}
#     Sky Temperature:
#       __class__: astropy.units.quantity.Quantity
#       unit: *id001
#       value: !astropy.table.SerializedColumn {name: Sky Temperature}
#     Sun Alt:
#       __class__: astropy.units.quantity.Quantity
#       unit: *id002
#       value: !astropy.table.SerializedColumn {name: Sun Alt}
#     time:
#       __class__: astropy.time.core.Time
#       format: isot
#       in_subfmt: '*'
#       out_subfmt: '*'
#       precision: 3
#       scale: utc
#       value: !astropy.table.SerializedColumn {name: time}
# schema: astropy-2.0
time,Enclosure Temperature,Sky Temperature,Frequency,MSAS,ZP,Sequence Number,Sun Alt,Moon Alt,Moon Illumination
[from data line 15850]
2020-06-21T05:20:01.000,31.18,7.35,1.16,20.22,20.5,80783,-26.85,-28.0,0.0
2020-06-21T05:21:02.000,31.2,7.34,1.15,20.23,20.5,80784,-26.97,-28.0,0.0
2020-06-21T05:22:02.000,31.21,7.25,1.14,20.24,20.5,80785,-27.08,-28.0,0.0
2020-06-21T05:23:03.000,31.21,7.26,1.14,20.24,20.5,80786,-27.19,-28.0,0.0
2020-06-21T05:24:04.000,31.22,7.33,1.14,20.23,20.5,80787,-27.3,-28.0,0.0
2020-06-21T05:25:04.000,31.22,7.33,1.13,20.24,20.5,80788,-27.41,-28.0,0.0
2020-06-21T05:26:05.000,31.24,7.35,1.13,20.25,20.5,80789,-27.52,-29.0,0.0
2020-06-21T05:27:06.000,31.24,7.36,1.13,20.24,20.5,80790,-27.63,-29.0,0.0
2020-06-21T05:28:07.000,31.24,7.34,1.14,20.24,20.5,80791,-27.74,-29.0,0.0
2020-06-21T05:29:08.000,31.24,7.39,1.12,20.25,20.5,80792,-27.85,-29.0,0.0
2020-06-21T05:30:08.000,31.25,7.32,1.12,20.26,20.5,80793,-27.96,-29.0,0.0
2020-06-21T05:31:14.000,31.28,7.41,1.11,20.26,20.5,80794,-28.07,-29.0,0.0
2020-06-21T05:32:15.000,31.28,7.37,1.1,20.27,20.5,80795,-28.18,-29.0,0.0
2020-06-21T05:35:15.000,31.36,7.24,1.1,20.27,20.5,80798,-28.49,-29.0,0.0
2020-06-21T05:36:16.000,31.37,7.27,1.1,20.27,20.5,80799,-28.59,-30.0,0.0
2020-06-21T05:37:17.000,31.38,7.21,1.1,20.28,20.5,80800,-28.69,-30.0,0.0
2020-06-21T05:38:17.000,31.37,7.19,1.1,20.27,20.5,80801,-28.79,-30.0,0.0
2020-06-21T05:39:18.000,31.36,7.15,1.11,20.27,20.5,80802,-28.89,-30.0,0.0
2020-06-21T05:40:18.000,31.37,7.19,1.11,20.27,20.5,80803,-28.99,-30.0,0.0
2020-06-21T05:42:19.000,31.37,7.15,1.1,20.27,20.5,80805,-29.19,-30.0,0.0
2020-06-21T05:43:20.000,31.37,7.12,1.1,20.28,20.5,80806,-29.28,-30.0,0.0
2020-06-21T05:44:20.000,31.38,7.14,1.1,20.28,20.5,80807,-29.38,-30.0,0.0
2020-06-21T05:45:20.000,31.37,7.1,1.08,20.29,20.5,80808,-29.47,-30.0,0.0
2020-06-21T05:46:21.000,31.37,7.08,1.07,20.3,20.5,80809,-29.57,-30.0,0.0
2020-06-21T05:47:21.000,31.35,7.06,1.07,20.3,20.5,80810,-29.66,-31.0,0.0
2020-06-21T05:48:21.000,31.35,7.05,1.07,20.31,20.5,80811,-29.75,-31.0,0.0
2020-06-21T05:49:21.000,31.35,7.05,1.07,20.31,20.5,80812,-29.84,-31.0,0.0
2020-06-21T05:50:22.000,31.31,6.95,1.07,20.31,20.5,80813,-29.93,-31.0,0.0
2020-06-21T05:51:23.000,31.28,6.96,1.07,20.31,20.5,80814,-30.02,-31.0,0.0
2020-06-21T05:52:23.000,31.26,6.94,1.07,20.31,20.5,80815,-30.11,-31.0,0.0
2020-06-21T05:53:24.000,31.24,6.97,1.07,20.3,20.5,80816,-30.2,-31.0,0.0
2020-06-21T05:54:25.000,31.24,6.97,1.08,20.3,20.5,80817,-30.29,-31.0,0.0
2020-06-21T05:56:26.000,31.19,6.88,1.09,20.28,20.5,80819,-30.46,-31.0,0.0
2020-06-21T05:58:27.000,31.17,6.92,1.1,20.28,20.5,80821,-30.63,-31.0,0.0
2020-06-21T05:59:27.000,31.16,6.96,1.09,20.28,20.5,80822,-30.72,-32.0,0.0
2020-06-21T06:02:27.000,31.11,6.87,1.08,20.29,20.5,80825,-30.96,-32.0,0.0
2020-06-21T06:04:28.000,31.07,6.81,1.08,20.29,20.5,80827,-31.12,-32.0,0.0
2020-06-21T06:05:28.000,31.06,6.82,1.09,20.29,20.5,80828,-31.19,-32.0,0.0
2020-06-21T06:06:29.000,31.06,6.85,1.09,20.28,20.5,80829,-31.27,-32.0,0.0
2020-06-21T06:07:29.000,31.04,6.82,1.08,20.29,20.5,80830,-31.35,-32.0,0.0
2020-06-21T06:08:29.000,31.03,6.77,1.08,20.29,20.5,80831,-31.42,-32.0,0.0
2020-06-21T06:09:30.000,31.0,6.76,1.08,20.3,20.5,80832,-31.5,-32.0,0.0
2020-06-21T06:10:31.000,30.99,6.76,1.08,20.29,20.5,80833,-31.57,-32.0,0.0
2020-06-21T06:11:31.000,30.97,6.74,1.09,20.28,20.5,80834,-31.64,-32.0,0.0
2020-06-21T06:12:31.000,30.96,6.73,1.08,20.29,20.5,80835,-31.72,-32.0,0.0
2020-06-21T06:13:31.000,30.93,6.7,1.07,20.3,20.5,80836,-31.79,-33.0,0.0
2020-06-21T06:14:32.000,30.92,6.68,1.07,20.31,20.5,80837,-31.86,-33.0,0.0
2020-06-21T06:15:33.000,30.91,6.66,1.07,20.31,20.5,80838,-31.93,-33.0,0.0
2020-06-21T06:16:33.000,30.88,6.58,1.07,20.31,20.5,80839,-31.99,-33.0,0.0
2020-06-21T06:17:34.000,30.85,6.57,1.07,20.31,20.5,80840,-32.06,-33.0,0.0
2020-06-21T06:18:35.000,30.83,6.52,1.06,20.32,20.5,80841,-32.13,-33.0,0.0
2020-06-21T06:19:35.000,30.81,6.47,1.06,20.31,20.5,80842,-32.19,-33.0,0.0
2020-06-21T06:20:36.000,30.75,6.42,1.06,20.32,20.5,80843,-32.26,-33.0,0.0
2020-06-21T06:23:36.000,30.64,6.25,1.06,20.32,20.5,80846,-32.45,-33.0,0.0
2020-06-21T06:24:36.000,30.6,6.2,1.06,20.31,20.5,80847,-32.51,-33.0,0.0
2020-06-21T06:25:37.000,30.55,6.13,1.06,20.31,20.5,80848,-32.57,-33.0,0.0
2020-06-21T06:26:37.000,30.5,6.08,1.06,20.31,20.5,80849,-32.63,-33.0,0.0
2020-06-21T06:27:37.000,30.47,6.06,1.06,20.32,20.5,80850,-32.68,-33.0,0.0
2020-06-21T06:28:38.000,30.44,6.05,1.05,20.32,20.5,80851,-32.74,-33.0,0.0
2020-06-21T06:29:38.000,30.36,5.78,1.05,20.32,20.5,80852,-32.8,-33.0,0.0
2020-06-21T06:30:38.000,30.23,5.57,1.05,20.32,20.5,80853,-32.85,-34.0,0.0
2020-06-21T06:31:40.000,30.16,5.68,1.06,20.32,20.5,80854,-32.91,-34.0,0.0
2020-06-21T06:32:41.000,30.08,5.6,1.28,20.14,20.5,80855,-32.96,-34.0,0.0
2020-06-21T06:33:41.000,30.0,5.55,1.14,20.24,20.5,80856,-33.01,-34.0,0.0
2020-06-21T06:36:41.000,29.79,5.48,1.13,20.25,20.5,80859,-33.16,-34.0,0.0
2020-06-21T06:37:42.000,29.68,5.44,1.13,20.25,20.5,80860,-33.21,-34.0,0.0
2020-06-21T06:38:42.000,29.65,5.7,1.14,20.24,20.5,80861,-33.26,-34.0,0.0
2020-06-21T06:39:42.000,29.6,5.56,1.16,20.22,20.5,80862,-33.3,-34.0,0.0
2020-06-21T06:40:44.000,29.55,5.53,1.17,20.21,20.5,80863,-33.35,-34.0,0.0
2020-06-21T06:42:46.000,29.4,5.4,1.16,20.22,20.5,80865,-33.44,-34.0,0.0
2020-06-21T06:43:45.000,29.36,5.5,1.16,20.22,20.5,80866,-33.48,-34.0,0.0
2020-06-21T06:45:46.000,29.41,5.72,1.16,20.22,20.5,80868,-33.56,-34.0,0.0
2020-06-21T06:46:48.000,29.42,5.63,1.19,20.2,20.5,80869,-33.6,-34.0,0.0
2020-06-21T06:47:49.000,29.41,5.6,1.14,20.24,20.5,80870,-33.64,-34.0,0.0
2020-06-21T06:50:50.000,29.35,5.46,1.19,20.19,20.5,80873,-33.75,-34.0,0.0
2020-06-21T06:51:50.000,29.33,5.46,1.21,20.17,20.5,80874,-33.78,-34.0,0.0
2020-06-21T06:55:51.000,29.29,5.41,1.16,20.22,20.5,80878,-33.91,-35.0,0.0
2020-06-21T06:56:51.000,29.27,5.3,1.15,20.23,20.5,80879,-33.94,-35.0,0.0
2020-06-21T06:58:53.000,29.21,5.31,1.16,20.22,20.5,80881,-34.0,-35.0,0.0
2020-06-21T07:00:53.000,29.16,5.22,1.14,20.24,20.5,80883,-34.05,-35.0,0.0
2020-06-21T07:01:53.000,29.14,5.25,1.13,20.25,20.5,80884,-34.07,-35.0,0.0
2020-06-21T07:03:01.000,29.11,5.19,1.13,20.25,20.5,80885,-34.1,-35.0,0.0
2020-06-21T07:04:01.000,29.08,5.15,1.13,20.25,20.5,80886,-34.12,-35.0,0.0
2020-06-21T07:05:01.000,29.06,5.11,1.12,20.25,20.5,80887,-34.14,-35.0,0.0
2020-06-21T07:07:05.000,29.0,5.06,1.13,20.24,20.5,80889,-34.18,-35.0,0.0
2020-06-21T07:08:05.000,28.98,5.03,1.14,20.24,20.5,80890,-34.2,-35.0,0.0
2020-06-21T07:09:05.000,28.95,4.96,1.13,20.24,20.5,80891,-34.21,-35.0,0.0
2020-06-21T07:10:05.000,28.93,4.92,1.12,20.25,20.5,80892,-34.23,-35.0,0.0
2020-06-21T07:11:06.000,28.91,4.96,1.13,20.24,20.5,80893,-34.24,-35.0,0.0
2020-06-21T07:12:06.000,28.9,4.93,1.14,20.24,20.5,80894,-34.26,-35.0,0.0
2020-06-21T07:13:06.000,28.88,4.93,1.14,20.23,20.5,80895,-34.27,-35.0,0.0
2020-06-21T07:14:06.000,28.83,4.84,1.14,20.24,20.5,80896,-34.28,-35.0,0.0
2020-06-21T07:15:07.000,28.81,4.89,1.14,20.24,20.5,80897,-34.29,-35.0,0.0
2020-06-21T07:16:07.000,28.8,4.91,1.15,20.23,20.5,80898,-34.3,-35.0,0.0
2020-06-21T07:17:10.000,28.8,4.93,1.16,20.22,20.5,80899,-34.31,-35.0,0.0
2020-06-21T07:18:10.000,28.79,4.95,1.17,20.21,20.5,80900,-34.32,-35.0,0.0
2020-06-21T07:19:10.000,28.77,4.91,1.15,20.23,20.5,80901,-34.32,-35.0,0.0
2020-06-21T07:20:10.000,28.76,4.86,1.15,20.23,20.5,80902,-34.33,-35.0,0.0
2020-06-21T07:21:11.000,28.76,4.81,1.16,20.21,20.5,80903,-34.33,-35.0,0.0
2020-06-21T07:22:12.000,28.73,4.82,1.18,20.2,20.5,80904,-34.34,-35.0,0.0
2020-06-21T07:23:12.000,28.72,4.85,1.18,20.2,20.5,80905,-34.34,-35.0,0.0
2020-06-21T07:24:12.000,28.71,4.81,1.19,20.19,20.5,80906,-34.34,-35.0,0.0
2020-06-21T07:25:13.000,28.68,4.74,1.21,20.18,20.5,80907,-34.34,-35.0,0.0
2020-06-21T07:26:14.000,28.65,4.8,1.21,20.17,20.5,80908,-34.34,-35.0,0.0
2020-06-21T07:27:15.000,28.62,4.79,1.23,20.16,20.5,80909,-34.34,-35.0,0.0
2020-06-21T07:28:16.000,28.61,4.77,1.23,20.16,20.5,80910,-34.34,-35.0,0.0
2020-06-21T07:29:17.000,28.57,4.75,1.22,20.17,20.5,80911,-34.33,-35.0,0.0
2020-06-21T07:30:18.000,28.53,4.77,1.22,20.17,20.5,80912,-34.33,-35.0,0.0
2020-06-21T07:31:18.000,28.47,4.8,1.21,20.17,20.5,80913,-34.32,-35.0,0.0
2020-06-21T07:32:20.000,28.44,4.81,1.2,20.18,20.5,80914,-34.31,-35.0,0.0
2020-06-21T07:33:20.000,28.4,4.81,1.21,20.17,20.5,80915,-34.31,-35.0,0.0
2020-06-21T07:34:21.000,28.36,4.78,1.22,20.16,20.5,80916,-34.3,-35.0,0.0
2020-06-21T07:35:21.000,28.33,4.81,1.22,20.16,20.5,80917,-34.29,-35.0,0.0
2020-06-21T07:36:21.000,28.3,4.85,1.23,20.15,20.5,80918,-34.28,-35.0,0.0
2020-06-21T07:37:21.000,28.29,4.84,1.25,20.14,20.5,80919,-34.26,-35.0,0.0
2020-06-21T07:38:22.000,28.27,4.84,1.26,20.13,20.5,80920,-34.25,-35.0,0.0
2020-06-21T07:40:23.000,28.22,4.74,1.29,20.1,20.5,80922,-34.22,-35.0,0.0
2020-06-21T07:41:24.000,28.22,4.83,1.32,20.08,20.5,80923,-34.2,-35.0,0.0
2020-06-21T07:42:26.000,28.2,4.74,1.34,20.06,20.5,80924,-34.19,-35.0,0.0
2020-06-21T07:46:26.000,28.13,4.67,1.35,20.05,20.5,80928,-34.11,-35.0,0.0
2020-06-21T07:47:27.000,28.11,4.56,1.38,20.03,20.5,80929,-34.08,-35.0,0.0
2020-06-21T07:48:28.000,28.06,4.58,1.42,20.0,20.5,80930,-34.06,-35.0,0.0
2020-06-21T07:49:29.000,28.04,4.58,1.46,19.97,20.5,80931,-34.03,-35.0,0.0
2020-06-21T07:50:29.000,28.03,4.62,1.49,19.95,20.5,80932,-34.01,-35.0,0.0
2020-06-21T07:51:30.000,28.0,4.6,1.5,19.94,20.5,80933,-33.98,-35.0,0.0
2020-06-21T07:52:30.000,27.99,4.64,1.5,19.94,20.5,80934,-33.95,-35.0,0.0
2020-06-21T07:53:30.000,27.94,4.6,1.49,19.94,20.5,80935,-33.93,-35.0,0.0
2020-06-21T07:54:31.000,27.92,4.59,1.49,19.95,20.5,80936,-33.9,-35.0,0.0
2020-06-21T07:55:31.000,27.89,4.61,1.49,19.94,20.5,80937,-33.87,-35.0,0.0
2020-06-21T07:56:32.000,27.87,4.56,1.5,19.94,20.5,80938,-33.83,-35.0,0.0
2020-06-21T07:57:33.000,27.85,4.5,1.51,19.94,20.5,80939,-33.8,-34.0,0.0
2020-06-21T08:06:35.000,27.71,4.42,1.46,19.97,20.5,80948,-33.46,-34.0,0.0
2020-06-21T08:07:35.000,27.69,4.46,1.46,19.97,20.5,80949,-33.42,-34.0,0.0
2020-06-21T08:08:35.000,27.68,4.51,1.45,19.98,20.5,80950,-33.37,-34.0,0.0
2020-06-21T08:09:36.000,27.66,4.46,1.43,19.99,20.5,80951,-33.33,-34.0,0.0
2020-06-21T08:10:37.000,27.63,4.47,1.41,20.0,20.5,80952,-33.28,-34.0,0.0
2020-06-21T08:11:37.000,27.62,4.47,1.39,20.02,20.5,80953,-33.24,-34.0,0.0
2020-06-21T08:13:37.000,27.58,4.44,1.37,20.04,20.5,80955,-33.14,-34.0,0.0
2020-06-21T08:14:39.000,27.58,4.42,1.37,20.04,20.5,80956,-33.09,-34.0,0.0
2020-06-21T08:15:40.000,27.55,4.37,1.37,20.04,20.5,80957,-33.04,-34.0,0.0
2020-06-21T08:16:40.000,27.54,4.35,1.35,20.05,20.5,80958,-32.99,-34.0,0.0
2020-06-21T08:17:40.000,27.54,4.36,1.35,20.05,20.5,80959,-32.94,-34.0,0.0
2020-06-21T08:18:40.000,27.51,4.34,1.34,20.06,20.5,80960,-32.88,-34.0,0.0
2020-06-21T08:19:41.000,27.5,4.42,1.34,20.06,20.5,80961,-32.83,-34.0,0.0
2020-06-21T08:20:41.000,27.5,4.38,1.34,20.06,20.5,80962,-32.77,-34.0,0.0
2020-06-21T08:21:41.000,27.48,4.42,1.34,20.07,20.5,80963,-32.72,-34.0,0.0
2020-06-21T08:22:42.000,27.46,4.37,1.33,20.07,20.5,80964,-32.66,-33.0,0.0
2020-06-21T08:23:42.000,27.45,4.43,1.32,20.08,20.5,80965,-32.6,-33.0,0.0
2020-06-21T08:24:43.000,27.43,4.44,1.33,20.07,20.5,80966,-32.54,-33.0,0.0
2020-06-21T08:25:43.000,27.42,4.49,1.34,20.06,20.5,80967,-32.48,-33.0,0.0
2020-06-21T08:26:44.000,27.42,4.54,1.35,20.06,20.5,80968,-32.42,-33.0,0.0
2020-06-21T08:27:45.000,27.42,4.47,1.33,20.07,20.5,80969,-32.36,-33.0,0.0
2020-06-21T08:28:45.000,27.43,4.53,1.33,20.07,20.5,80970,-32.29,-33.0,0.0
2020-06-21T08:34:47.000,27.49,4.34,1.29,20.11,20.5,80976,-31.9,-33.0,0.0
2020-06-21T08:35:47.000,27.46,4.29,1.29,20.11,20.5,80977,-31.83,-33.0,0.0
2020-06-21T08:36:48.000,27.45,4.23,1.28,20.11,20.5,80978,-31.76,-33.0,0.0
2020-06-21T08:37:48.000,27.43,4.23,1.28,20.11,20.5,80979,-31.69,-33.0,0.0
2020-06-21T08:39:50.000,27.4,4.18,1.27,20.12,20.5,80981,-31.54,-32.0,0.0
2020-06-21T08:40:52.000,27.39,4.16,1.26,20.13,20.5,80982,-31.46,-32.0,0.0
2020-06-21T08:41:52.000,27.36,4.12,1.26,20.13,20.5,80983,-31.39,-32.0,0.0
2020-06-21T08:42:52.000,27.36,4.1,1.25,20.14,20.5,80984,-31.31,-32.0,0.0
2020-06-21T08:43:54.000,27.35,4.08,1.24,20.14,20.5,80985,-31.23,-32.0,0.0
2020-06-21T08:44:54.000,27.32,4.05,1.26,20.13,20.5,80986,-31.16,-32.0,0.0
2020-06-21T08:45:54.000,27.3,4.07,1.27,20.12,20.5,80987,-31.08,-32.0,0.0
2020-06-21T08:46:55.000,27.29,4.07,1.27,20.12,20.5,80988,-31.0,-32.0,0.0
2020-06-21T08:47:56.000,27.26,4.05,1.28,20.11,20.5,80989,-30.92,-32.0,0.0
2020-06-21T08:48:57.000,27.23,4.0,1.28,20.11,20.5,80990,-30.84,-32.0,0.0
2020-06-21T08:49:57.000,27.23,4.04,1.28,20.11,20.5,80991,-30.75,-32.0,0.0
2020-06-21T08:50:58.000,27.22,4.0,1.3,20.1,20.5,80992,-30.67,-32.0,0.0
2020-06-21T08:52:00.000,27.18,3.94,1.32,20.08,20.5,80993,-30.59,-32.0,0.0
2020-06-21T08:53:00.000,27.16,4.01,1.34,20.07,20.5,80994,-30.5,-31.0,0.0
2020-06-21T08:55:01.000,27.14,4.12,1.34,20.07,20.5,80996,-30.33,-31.0,0.0
2020-06-21T08:58:02.000,27.11,4.11,1.36,20.05,20.5,80999,-30.07,-31.0,0.0
2020-06-21T08:59:02.000,27.09,4.1,1.38,20.03,20.5,81000,-29.98,-31.0,0.0
2020-06-21T09:01:03.000,27.08,4.04,1.4,20.02,20.5,81002,-29.8,-31.0,0.0
2020-06-21T09:02:03.000,27.07,4.0,1.38,20.03,20.5,81003,-29.7,-31.0,0.0
2020-06-21T09:03:03.000,27.05,4.01,1.37,20.04,20.5,81004,-29.61,-31.0,0.0
2020-06-21T09:04:03.000,27.05,4.06,1.38,20.03,20.5,81005,-29.52,-31.0,0.0
2020-06-21T09:05:03.000,27.05,3.93,1.41,20.0,20.5,81006,-29.42,-31.0,0.0
2020-06-21T09:06:03.000,27.03,3.94,1.43,19.99,20.5,81007,-29.33,-30.0,0.0
2020-06-21T09:07:03.000,27.02,3.94,1.44,19.98,20.5,81008,-29.23,-30.0,0.0
2020-06-21T09:08:03.000,26.99,3.83,1.46,19.97,20.5,81009,-29.14,-30.0,0.0
2020-06-21T09:09:05.000,26.94,3.73,1.47,19.96,20.5,81010,-29.04,-30.0,0.0
2020-06-21T09:10:06.000,26.89,3.73,1.48,19.95,20.5,81011,-28.94,-30.0,0.0
2020-06-21T09:11:07.000,26.87,3.77,1.5,19.94,20.5,81012,-28.84,-30.0,0.0
2020-06-21T09:12:07.000,26.85,3.83,1.52,19.92,20.5,81013,-28.74,-30.0,0.0
2020-06-21T09:13:07.000,26.84,3.83,1.52,19.92,20.5,81014,-28.64,-30.0,0.0
2020-06-21T09:14:09.000,26.84,3.79,1.53,19.92,20.5,81015,-28.54,-30.0,0.0
2020-06-21T09:15:09.000,26.8,3.75,1.55,19.9,20.5,81016,-28.43,-30.0,0.0
2020-06-21T09:16:10.000,26.77,3.79,1.56,19.9,20.5,81017,-28.33,-30.0,0.0
2020-06-21T09:18:11.000,26.75,3.81,1.57,19.89,20.5,81019,-28.12,-29.0,0.0
2020-06-21T09:19:11.000,26.74,3.69,1.56,19.9,20.5,81020,-28.02,-29.0,0.0
2020-06-21T09:20:11.000,26.71,3.65,1.55,19.9,20.5,81021,-27.91,-29.0,0.0
2020-06-21T09:21:12.000,26.71,3.73,1.55,19.91,20.5,81022,-27.8,-29.0,0.0
2020-06-21T09:22:12.000,26.73,3.71,1.54,19.91,20.5,81023,-27.7,-29.0,0.0
2020-06-21T09:23:12.000,26.73,3.77,1.53,19.92,20.5,81024,-27.59,-29.0,0.0
2020-06-21T09:25:12.000,26.74,3.78,1.53,19.92,20.5,81026,-27.37,-29.0,0.0
2020-06-21T09:26:13.000,26.73,3.75,1.52,19.92,20.5,81027,-27.26,-29.0,0.0
2020-06-21T09:27:13.000,26.72,3.72,1.52,19.93,20.5,81028,-27.15,-28.0,0.0
2020-06-21T09:28:14.000,26.71,3.64,1.51,19.93,20.5,81029,-27.04,-28.0,0.0
2020-06-21T09:29:14.000,26.72,3.71,1.49,19.94,20.5,81030,-26.92,-28.0,0.0
2020-06-21T09:30:15.000,26.74,3.75,1.48,19.95,20.5,81031,-26.81,-28.0,0.0
2020-06-21T09:31:15.000,26.77,3.76,1.48,19.96,20.5,81032,-26.7,-28.0,0.0
2020-06-21T09:32:16.000,26.76,3.73,1.46,19.97,20.5,81033,-26.58,-28.0,0.0
2020-06-21T09:33:16.000,26.77,3.73,1.44,19.98,20.5,81034,-26.46,-28.0,0.0
2020-06-21T09:34:19.000,26.78,3.69,1.43,19.99,20.5,81035,-26.34,-28.0,0.0
2020-06-21T09:35:20.000,26.76,3.61,1.43,19.99,20.5,81036,-26.23,-28.0,0.0
2020-06-21T09:36:20.000,26.75,3.67,1.43,19.99,20.5,81037,-26.11,-27.0,0.0
2020-06-21T09:37:20.000,26.73,3.61,1.45,19.98,20.5,81038,-25.99,-27.0,0.0
2020-06-21T09:38:21.000,26.74,3.7,1.46,19.97,20.5,81039,-25.87,-27.0,0.0
2020-06-21T09:39:21.000,26.73,3.64,1.48,19.96,20.5,81040,-25.75,-27.0,0.0
2020-06-21T09:40:21.000,26.74,3.7,1.48,19.95,20.5,81041,-25.63,-27.0,0.0
2020-06-21T09:41:22.000,26.73,3.69,1.49,19.95,20.5,81042,-25.51,-27.0,0.0
2020-06-21T09:42:22.000,26.71,3.66,1.5,19.94,20.5,81043,-25.39,-27.0,0.0
2020-06-21T09:43:22.000,26.72,3.69,1.51,19.93,20.5,81044,-25.27,-27.0,0.0
2020-06-21T09:44:23.000,26.72,3.62,1.52,19.92,20.5,81045,-25.14,-27.0,0.0
2020-06-21T09:45:23.000,26.72,3.62,1.52,19.92,20.5,81046,-25.02,-26.0,0.0
