Downloads/jupyter/ECSV/stars19/stars19_2021-07.ecsv
# %ECSV 1.0
# ---
# datatype:
# - {name: time, datatype: string}
# - {name: Enclosure Temperature, unit: deg_C, datatype: float64}
# - {name: Sky Temperature, unit: deg_C, datatype: float64}
# - {name: Frequency, unit: Hz, datatype: float64}
# - {name: MSAS, unit: mag / arcsec2, datatype: float64}
# - {name: ZP, datatype: float64}
# - {name: Sequence Number, datatype: int64}
# - {name: Sun Alt, unit: deg, datatype: float64}
# - {name: Moon Alt, unit: deg, datatype: float64}
# - {name: Moon Illumination, datatype: float64}
# delimiter: ','
# meta: !!omap
# - ida:
#     Data supplier: {affiliation: null, observer: null}
#     Device type: TESS-W
#     Field of view: 17.0
#     Filters per channel: None
#     Instrument ID: stars19
#     License: ODbL 1.0 http://opendatacommons.org/licenses/odbl/summary/
#     Local timezone: America/Phoenix
#     Location name: {country: '- Tucson', place: Tucson, region: United States, sub_region: Arizona, town: Pima County}
#     Measurement direction per channel: {azimuth: 0.0, zenital: 0.0}
#     Moving / Fixed look direction: FIXED
#     Moving / Stationary position: STATIONARY
#     Number of channels: 1
#     Number of fields per line: 8
#     Number of header lines: 35
#     Position: {height: 0.0, latitude: 32.223877, longitude: -110.767532}
#     TESS MAC address: 18:FE:34:CF:EC:06
#     TESS cover offset value: 0.0
#     TESS firmware version: '1.0'
#     TESS zero point: 20.5
#     Time Synchronization: timestamp added by MQTT subscriber
#     URL: http://www.darksky.org/NSBM/sdf1.0.pdf
# - __serialized_columns__:
#     Enclosure Temperature:
#       __class__: astropy.units.quantity.Quantity
#       unit: &id001 !astropy.units.Unit {unit: deg_C}
#       value: !astropy.table.SerializedColumn {name: Enclosure Temperature}
#     Frequency:
#       __class__: astropy.units.quantity.Quantity
#       unit: !astropy.units.Unit {unit: Hz}
#       value: !astropy.table.SerializedColumn {name: Frequency}
#     MSAS:
#       __class__: astropy.units.quantity.Quantity
#       unit: !astropy.units.Unit {unit: mag / arcsec2}
#       value: !astropy.table.SerializedColumn {name: MSAS}
#     Moon Alt:
#       __class__: astropy.units.quantity.Quantity
#       unit: &id002 !astropy.units.Unit {unit: deg}
#       value: !astropy.table.SerializedColumn {name: Moon Alt}
#     Sky Temperature:
#       __class__: astropy.units.quantity.Quantity
#       unit: *id001
#       value: !astropy.table.SerializedColumn {name: Sky Temperature}
#     Sun Alt:
#       __class__: astropy.units.quantity.Quantity
#       unit: *id002
#       value: !astropy.table.SerializedColumn {name: Sun Alt}
#     time:
#       __class__: astropy.time.core.Time
#       format: isot
#       in_subfmt: '*'
#       out_subfmt: '*'
#       precision: 3
#       scale: utc
#       value: !astropy.table.SerializedColumn {name: time}
# schema: astropy-2.0
time,Enclosure Temperature,Sky Temperature,Frequency,MSAS,ZP,Sequence Number,Sun Alt,Moon Alt,Moon Illumination
[from data line 7534]
2021-07-11T04:16:49.000,23.27,21.03,19.75,17.08,20.5,95517,-18.95,-9.0,0.014
2021-07-11T04:17:49.000,23.14,20.47,19.55,17.15,20.5,95518,-19.1,-9.0,0.014
2021-07-11T04:18:49.000,23.08,21.01,19.12,17.11,20.5,95519,-19.26,-9.0,0.014
2021-07-11T04:19:50.000,23.12,20.9,18.67,17.21,20.5,95520,-19.41,-10.0,0.014
2021-07-11T04:20:50.000,23.09,21.12,18.24,17.16,20.5,95521,-19.57,-10.0,0.014
2021-07-11T04:21:50.000,23.06,20.89,18.72,17.2,20.5,95522,-19.72,-10.0,0.014
2021-07-11T04:22:50.000,23.03,20.83,19.38,17.1,20.5,95523,-19.87,-10.0,0.014
2021-07-11T04:23:50.000,23.0,20.79,19.21,17.11,20.5,95524,-20.02,-10.0,0.014
2021-07-11T04:24:51.000,22.91,20.57,18.26,17.16,20.5,95525,-20.17,-10.0,0.014
2021-07-11T04:25:51.000,22.97,21.07,17.68,17.26,20.5,95526,-20.32,-11.0,0.014
2021-07-11T04:26:51.000,23.08,21.2,16.72,17.32,20.5,95527,-20.47,-11.0,0.014
2021-07-11T04:27:51.000,23.08,21.05,16.46,17.27,20.5,95528,-20.62,-11.0,0.014
2021-07-11T04:28:51.000,23.2,21.34,17.73,17.26,20.5,95529,-20.77,-11.0,0.014
2021-07-11T04:29:51.000,23.28,21.29,18.38,17.22,20.5,95530,-20.92,-11.0,0.014
2021-07-11T04:30:51.000,23.38,21.51,18.51,17.21,20.5,95531,-21.06,-11.0,0.014
2021-07-11T04:31:51.000,23.54,21.52,18.98,17.18,20.5,95532,-21.21,-12.0,0.014
2021-07-11T04:32:52.000,23.59,21.12,18.84,17.19,20.5,95533,-21.36,-12.0,0.014
2021-07-11T04:33:52.000,23.55,20.54,18.58,17.21,20.5,95534,-21.51,-12.0,0.014
2021-07-11T04:34:52.000,23.56,20.44,18.47,17.21,20.5,95535,-21.65,-12.0,0.014
2021-07-11T04:37:52.000,23.55,19.14,18.19,17.23,20.5,95538,-22.08,-13.0,0.014
2021-07-11T04:43:53.000,23.81,17.63,17.84,17.25,20.5,95544,-22.94,-14.0,0.014
2021-07-11T04:50:54.000,23.93,16.15,17.44,17.28,20.5,95551,-23.91,-15.0,0.015
2021-07-11T04:51:54.000,23.91,15.9,17.53,17.27,20.5,95552,-24.04,-15.0,0.015
2021-07-11T04:52:54.000,23.91,15.77,17.55,17.27,20.5,95553,-24.18,-15.0,0.015
2021-07-11T04:53:54.000,23.92,15.72,17.54,17.27,20.5,95554,-24.31,-15.0,0.015
2021-07-11T04:55:54.000,23.97,15.47,17.46,17.27,20.5,95556,-24.58,-15.0,0.015
2021-07-11T05:05:56.000,24.24,15.43,17.09,17.3,20.5,95566,-25.89,-17.0,0.015
2021-07-11T05:07:00.000,24.22,15.45,17.17,17.29,20.5,95567,-26.02,-17.0,0.015
2021-07-11T05:08:00.000,24.22,15.65,16.71,17.32,20.5,95568,-26.15,-17.0,0.015
2021-07-11T05:09:00.000,24.28,15.81,16.82,17.32,20.5,95569,-26.27,-17.0,0.015
2021-07-11T05:11:01.000,24.39,15.99,17.41,17.28,20.5,95571,-26.52,-18.0,0.015
2021-07-11T05:12:02.000,24.43,15.98,17.26,17.29,20.5,95572,-26.65,-18.0,0.015
2021-07-11T05:13:02.000,24.43,15.94,16.71,17.32,20.5,95573,-26.77,-18.0,0.015
2021-07-11T05:15:02.000,24.34,15.75,16.18,17.36,20.5,95575,-27.02,-18.0,0.015
2021-07-11T05:16:02.000,24.36,15.72,15.63,17.4,20.5,95576,-27.14,-18.0,0.015
2021-07-11T05:17:03.000,24.45,15.56,15.73,17.39,20.5,95577,-27.26,-19.0,0.015
2021-07-11T05:18:03.000,24.6,15.38,15.66,17.39,20.5,95578,-27.38,-19.0,0.015
2021-07-11T05:24:04.000,25.37,14.65,15.26,17.42,20.5,95584,-28.08,-20.0,0.015
2021-07-11T05:28:05.000,25.51,14.34,15.07,17.43,20.5,95588,-28.54,-20.0,0.015
2021-07-11T05:29:05.000,25.54,14.29,14.99,17.44,20.5,95589,-28.65,-20.0,0.015
2021-07-11T05:30:05.000,25.59,14.26,14.96,17.44,20.5,95590,-28.76,-21.0,0.015
2021-07-11T05:31:05.000,25.63,14.27,14.91,17.45,20.5,95591,-28.87,-21.0,0.015
2021-07-11T05:32:05.000,25.67,14.23,14.96,17.44,20.5,95592,-28.98,-21.0,0.015
2021-07-11T05:33:06.000,25.7,14.21,15.0,17.44,20.5,95593,-29.09,-21.0,0.015
2021-07-11T05:34:06.000,25.74,14.31,14.99,17.44,20.5,95594,-29.2,-21.0,0.015
2021-07-11T05:35:06.000,25.79,14.24,14.98,17.44,20.5,95595,-29.31,-21.0,0.015
2021-07-11T05:36:06.000,25.81,14.27,15.03,17.44,20.5,95596,-29.41,-21.0,0.015
2021-07-11T05:37:06.000,25.84,14.27,15.11,17.43,20.5,95597,-29.52,-21.0,0.015
2021-07-11T05:38:07.000,25.89,14.34,15.23,17.42,20.5,95598,-29.63,-22.0,0.015
2021-07-11T05:39:07.000,25.96,14.34,15.31,17.42,20.5,95599,-29.73,-22.0,0.015
2021-07-11T05:51:08.000,26.05,14.06,14.91,17.45,20.5,95611,-30.92,-23.0,0.016
2021-07-11T05:52:09.000,26.04,14.2,15.04,17.44,20.5,95612,-31.02,-24.0,0.016
2021-07-11T05:53:09.000,26.08,14.37,14.93,17.44,20.5,95613,-31.11,-24.0,0.016
2021-07-11T05:55:09.000,26.19,14.37,15.05,17.44,20.5,95615,-31.29,-24.0,0.016
2021-07-11T05:56:10.000,26.2,14.39,15.11,17.43,20.5,95616,-31.39,-24.0,0.016
2021-07-11T05:57:11.000,26.16,14.17,15.23,17.42,20.5,95617,-31.48,-24.0,0.016
2021-07-11T05:58:11.000,26.07,14.19,14.97,17.44,20.5,95618,-31.57,-24.0,0.016
2021-07-11T05:59:11.000,26.03,14.27,14.85,17.45,20.5,95619,-31.65,-24.0,0.016
2021-07-11T06:00:11.000,26.02,14.27,14.59,17.47,20.5,95620,-31.74,-25.0,0.016
2021-07-11T06:01:12.000,25.99,14.23,14.11,17.51,20.5,95621,-31.83,-25.0,0.016
2021-07-11T06:02:12.000,26.01,14.42,14.07,17.51,20.5,95622,-31.91,-25.0,0.016
2021-07-11T06:03:12.000,26.02,14.37,14.26,17.49,20.5,95623,-32.0,-25.0,0.016
2021-07-11T06:04:12.000,26.0,14.26,14.65,17.47,20.5,95624,-32.08,-25.0,0.016
2021-07-11T06:05:12.000,25.99,14.3,15.17,17.43,20.5,95625,-32.17,-25.0,0.016
2021-07-11T06:06:13.000,25.98,14.33,15.14,17.43,20.5,95626,-32.25,-25.0,0.016
2021-07-11T06:11:15.000,25.91,14.29,13.38,17.56,20.5,95631,-32.65,-26.0,0.016
2021-07-11T06:12:15.000,26.0,14.09,13.57,17.55,20.5,95632,-32.72,-26.0,0.016
2021-07-11T06:19:16.000,26.04,14.23,15.18,17.43,20.5,95639,-33.24,-27.0,0.016
2021-07-11T06:20:16.000,26.05,14.08,15.83,17.38,20.5,95640,-33.31,-27.0,0.016
2021-07-11T06:21:17.000,25.99,14.0,14.73,17.46,20.5,95641,-33.38,-27.0,0.016
2021-07-11T06:22:17.000,25.98,14.23,14.5,17.48,20.5,95642,-33.44,-27.0,0.016
2021-07-11T06:23:17.000,26.0,14.31,14.35,17.49,20.5,95643,-33.51,-27.0,0.016
2021-07-11T06:24:17.000,26.02,14.36,14.31,17.49,20.5,95644,-33.58,-27.0,0.016
2021-07-11T06:25:17.000,26.0,14.11,14.24,17.5,20.5,95645,-33.64,-27.0,0.016
2021-07-11T06:26:18.000,26.02,14.34,14.16,17.5,20.5,95646,-33.71,-28.0,0.016
2021-07-11T06:27:18.000,26.04,14.29,14.16,17.5,20.5,95647,-33.77,-28.0,0.016
2021-07-11T06:28:18.000,26.04,14.15,14.13,17.5,20.5,95648,-33.83,-28.0,0.016
2021-07-11T06:29:18.000,26.03,14.31,14.02,17.51,20.5,95649,-33.89,-28.0,0.016
2021-07-11T06:30:18.000,26.07,14.26,13.96,17.52,20.5,95650,-33.95,-28.0,0.016
2021-07-11T06:31:19.000,26.05,14.17,13.74,17.54,20.5,95651,-34.01,-28.0,0.016
2021-07-11T06:32:19.000,26.09,14.3,13.63,17.54,20.5,95652,-34.07,-28.0,0.016
2021-07-11T06:33:19.000,26.1,14.12,13.6,17.55,20.5,95653,-34.13,-28.0,0.016
2021-07-11T06:34:19.000,26.07,14.02,13.66,17.54,20.5,95654,-34.18,-28.0,0.016
2021-07-11T06:35:20.000,26.08,14.08,13.7,17.54,20.5,95655,-34.24,-29.0,0.016
2021-07-11T06:36:20.000,26.07,14.05,13.82,17.53,20.5,95656,-34.29,-29.0,0.016
2021-07-11T06:37:20.000,26.12,14.15,13.95,17.52,20.5,95657,-34.35,-29.0,0.016
2021-07-11T06:38:20.000,26.16,14.06,14.11,17.51,20.5,95658,-34.4,-29.0,0.016
2021-07-11T06:39:20.000,26.14,14.04,14.19,17.5,20.5,95659,-34.45,-29.0,0.016
2021-07-11T06:40:21.000,26.15,14.09,14.22,17.5,20.5,95660,-34.5,-29.0,0.016
2021-07-11T06:41:21.000,26.16,14.1,14.19,17.5,20.5,95661,-34.55,-29.0,0.016
2021-07-11T06:42:21.000,26.16,14.16,14.22,17.5,20.5,95662,-34.6,-29.0,0.016
2021-07-11T06:43:21.000,26.18,14.22,14.21,17.5,20.5,95663,-34.65,-29.0,0.017
2021-07-11T06:44:21.000,26.25,14.42,14.21,17.5,20.5,95664,-34.69,-29.0,0.017
2021-07-11T06:45:21.000,26.32,14.49,14.27,17.49,20.5,95665,-34.74,-30.0,0.017
2021-07-11T06:46:21.000,26.35,14.45,14.35,17.49,20.5,95666,-34.78,-30.0,0.017
2021-07-11T06:47:22.000,26.37,14.58,14.43,17.48,20.5,95667,-34.83,-30.0,0.017
2021-07-11T06:48:22.000,26.4,14.66,14.43,17.48,20.5,95668,-34.87,-30.0,0.017
2021-07-11T06:49:22.000,26.42,14.62,14.43,17.48,20.5,95669,-34.91,-30.0,0.017
2021-07-11T06:50:22.000,26.44,14.74,14.42,17.48,20.5,95670,-34.95,-30.0,0.017
2021-07-11T06:51:23.000,26.42,14.72,14.29,17.49,20.5,95671,-34.99,-30.0,0.017
2021-07-11T06:52:23.000,26.47,14.89,14.18,17.5,20.5,95672,-35.03,-30.0,0.017
2021-07-11T06:53:23.000,26.45,14.81,14.06,17.51,20.5,95673,-35.07,-30.0,0.017
2021-07-11T06:54:23.000,26.47,14.97,13.95,17.52,20.5,95674,-35.1,-30.0,0.017
2021-07-11T06:55:23.000,26.5,15.01,13.85,17.53,20.5,95675,-35.14,-31.0,0.017
2021-07-11T06:56:24.000,26.52,15.03,13.74,17.54,20.5,95676,-35.17,-31.0,0.017
2021-07-11T06:57:24.000,26.44,15.07,13.53,17.55,20.5,95677,-35.21,-31.0,0.017
2021-07-11T06:58:24.000,26.53,15.02,13.25,17.57,20.5,95678,-35.24,-31.0,0.017
2021-07-11T06:59:24.000,26.54,15.05,13.04,17.59,20.5,95679,-35.27,-31.0,0.017
2021-07-11T07:00:24.000,26.56,15.19,12.78,17.61,20.5,95680,-35.3,-31.0,0.017
2021-07-11T07:01:25.000,26.61,15.08,12.27,17.66,20.5,95681,-35.33,-31.0,0.017
2021-07-11T07:22:41.000,26.52,13.95,9.37,17.95,20.5,95701,-35.7,-33.0,0.017
2021-07-11T07:23:41.000,26.54,14.01,9.28,17.96,20.5,95702,-35.71,-33.0,0.017
2021-07-11T07:25:42.000,26.65,13.94,9.12,17.98,20.5,95704,-35.71,-33.0,0.017
2021-07-11T07:26:42.000,26.66,13.83,9.01,17.99,20.5,95705,-35.72,-33.0,0.017
2021-07-11T07:27:42.000,26.67,13.88,8.91,18.01,20.5,95706,-35.72,-33.0,0.017
2021-07-11T07:28:42.000,26.66,13.71,8.8,18.02,20.5,95707,-35.72,-33.0,0.017
2021-07-11T07:29:42.000,26.69,13.62,8.74,18.03,20.5,95708,-35.72,-33.0,0.017
2021-07-11T07:30:43.000,26.74,13.58,8.63,18.04,20.5,95709,-35.72,-33.0,0.017
2021-07-11T07:31:43.000,26.77,13.61,8.52,18.05,20.5,95710,-35.71,-33.0,0.017
2021-07-11T07:32:43.000,26.82,13.62,8.38,18.07,20.5,95711,-35.71,-33.0,0.017
2021-07-11T07:33:47.000,26.86,13.63,8.25,18.09,20.5,95712,-35.71,-33.0,0.017
2021-07-11T07:34:47.000,26.88,13.54,8.04,18.12,20.5,95713,-35.7,-33.0,0.017
2021-07-11T07:35:47.000,26.88,13.49,7.95,18.13,20.5,95714,-35.69,-33.0,0.017
2021-07-11T07:36:48.000,26.88,13.51,7.74,18.16,20.5,95715,-35.68,-34.0,0.017
2021-07-11T07:37:48.000,26.9,13.52,7.61,18.18,20.5,95716,-35.68,-34.0,0.017
2021-07-11T07:38:48.000,26.92,13.5,7.42,18.2,20.5,95717,-35.67,-34.0,0.018
2021-07-11T07:39:48.000,26.94,13.49,7.22,18.23,20.5,95718,-35.65,-34.0,0.018
2021-07-11T07:41:49.000,26.95,13.33,6.93,18.28,20.5,95720,-35.63,-34.0,0.018
2021-07-11T07:50:49.000,26.73,12.77,5.25,18.58,20.5,95729,-35.46,-34.0,0.018
2021-07-11T07:53:50.000,26.7,12.62,4.9,18.65,20.5,95732,-35.39,-34.0,0.018
2021-07-11T07:54:50.000,26.72,12.62,4.77,18.68,20.5,95733,-35.36,-34.0,0.018
2021-07-11T07:55:50.000,26.74,12.54,4.63,18.72,20.5,95734,-35.33,-34.0,0.018
2021-07-11T07:56:51.000,26.74,12.46,4.66,18.71,20.5,95735,-35.3,-34.0,0.018
2021-07-11T07:57:51.000,26.71,12.28,4.34,18.79,20.5,95736,-35.27,-35.0,0.018
2021-07-11T07:58:51.000,26.64,12.17,4.16,18.83,20.5,95737,-35.24,-35.0,0.018
2021-07-11T07:59:51.000,26.65,12.31,4.0,18.87,20.5,95738,-35.21,-35.0,0.018
2021-07-11T08:00:51.000,26.66,12.14,3.85,18.92,20.5,95739,-35.18,-35.0,0.018
2021-07-11T08:01:51.000,26.61,11.95,3.71,18.96,20.5,95740,-35.14,-35.0,0.018
2021-07-11T08:02:51.000,26.63,12.02,3.58,19.0,20.5,95741,-35.11,-35.0,0.018
2021-07-11T08:03:51.000,26.6,11.9,3.45,19.04,20.5,95742,-35.07,-35.0,0.018
2021-07-11T08:04:52.000,26.58,11.75,3.34,19.07,20.5,95743,-35.03,-35.0,0.018
2021-07-11T08:05:52.000,26.54,11.71,3.27,19.09,20.5,95744,-35.0,-35.0,0.018
2021-07-11T08:06:52.000,26.54,11.76,3.23,19.11,20.5,95745,-34.96,-35.0,0.018
2021-07-11T08:07:52.000,26.55,11.73,3.2,19.12,20.5,95746,-34.92,-35.0,0.018
2021-07-11T08:08:52.000,26.55,11.66,3.17,19.13,20.5,95747,-34.88,-35.0,0.018
2021-07-11T08:09:53.000,26.53,11.5,3.15,19.13,20.5,95748,-34.83,-35.0,0.018
2021-07-11T08:10:53.000,26.53,11.54,3.12,19.15,20.5,95749,-34.79,-35.0,0.018
2021-07-11T08:11:53.000,26.54,11.52,3.17,19.13,20.5,95750,-34.75,-35.0,0.018
2021-07-11T08:12:53.000,26.55,11.48,3.09,19.16,20.5,95751,-34.7,-35.0,0.018
2021-07-11T08:13:53.000,26.55,11.44,3.01,19.19,20.5,95752,-34.65,-35.0,0.018
2021-07-11T08:14:54.000,26.54,11.29,2.98,19.2,20.5,95753,-34.61,-35.0,0.018
2021-07-11T08:15:54.000,26.51,11.23,2.94,19.21,20.5,95754,-34.56,-35.0,0.018
2021-07-11T08:16:54.000,26.48,11.18,2.9,19.22,20.5,95755,-34.51,-35.0,0.018
2021-07-11T08:17:54.000,26.46,11.17,2.85,19.24,20.5,95756,-34.46,-35.0,0.018
2021-07-11T08:18:54.000,26.48,11.27,2.81,19.26,20.5,95757,-34.41,-35.0,0.018
2021-07-11T08:19:55.000,26.51,11.2,2.77,19.27,20.5,95758,-34.35,-35.0,0.018
2021-07-11T08:20:55.000,26.52,11.1,2.73,19.29,20.5,95759,-34.3,-35.0,0.018
2021-07-11T08:21:55.000,26.51,11.1,2.75,19.28,20.5,95760,-34.25,-35.0,0.018
2021-07-11T08:22:55.000,26.52,11.06,2.75,19.28,20.5,95761,-34.19,-35.0,0.018
2021-07-11T08:23:56.000,26.52,11.05,2.79,19.27,20.5,95762,-34.14,-35.0,0.018
2021-07-11T08:24:56.000,26.51,11.0,2.82,19.25,20.5,95763,-34.08,-35.0,0.018
2021-07-11T08:25:56.000,26.5,11.01,2.83,19.25,20.5,95764,-34.02,-35.0,0.018
2021-07-11T08:26:56.000,26.49,11.01,2.88,19.23,20.5,95765,-33.96,-35.0,0.018
2021-07-11T08:27:56.000,26.48,10.98,2.93,19.21,20.5,95766,-33.9,-35.0,0.018
2021-07-11T08:29:57.000,26.42,10.92,3.0,19.19,20.5,95768,-33.78,-35.0,0.018
2021-07-11T08:30:57.000,26.42,11.01,3.04,19.17,20.5,95769,-33.72,-35.0,0.018
2021-07-11T08:31:57.000,26.45,11.07,3.06,19.17,20.5,95770,-33.65,-35.0,0.018
2021-07-11T08:32:57.000,26.48,11.08,3.05,19.17,20.5,95771,-33.59,-35.0,0.019
2021-07-11T08:33:58.000,26.5,11.1,3.02,19.18,20.5,95772,-33.52,-35.0,0.019
2021-07-11T08:34:58.000,26.52,11.08,2.98,19.19,20.5,95773,-33.45,-35.0,0.019
2021-07-11T08:35:58.000,26.54,11.01,2.95,19.21,20.5,95774,-33.39,-35.0,0.019
2021-07-11T08:44:59.000,26.56,10.94,2.62,19.33,20.5,95783,-32.74,-35.0,0.019
2021-07-11T08:45:59.000,26.55,10.76,2.6,19.34,20.5,95784,-32.66,-35.0,0.019
2021-07-11T08:47:00.000,26.54,10.64,2.56,19.36,20.5,95785,-32.58,-35.0,0.019
2021-07-11T08:48:00.000,26.52,10.61,2.54,19.37,20.5,95786,-32.5,-35.0,0.019
2021-07-11T08:49:00.000,26.5,10.57,2.51,19.38,20.5,95787,-32.42,-35.0,0.019
2021-07-11T08:50:00.000,26.45,10.58,2.48,19.39,20.5,95788,-32.34,-35.0,0.019
2021-07-11T08:51:00.000,26.45,10.77,2.46,19.4,20.5,95789,-32.26,-35.0,0.019
2021-07-11T08:53:00.000,26.51,10.65,2.43,19.42,20.5,95791,-32.1,-35.0,0.019
2021-07-11T08:54:01.000,26.5,10.53,2.44,19.41,20.5,95792,-32.01,-35.0,0.019
2021-07-11T08:55:01.000,26.48,10.56,2.44,19.41,20.5,95793,-31.93,-35.0,0.019
2021-07-11T08:56:01.000,26.46,10.66,2.42,19.42,20.5,95794,-31.84,-35.0,0.019
2021-07-11T08:57:01.000,26.48,10.68,2.43,19.41,20.5,95795,-31.76,-35.0,0.019
2021-07-11T08:58:02.000,26.5,10.73,2.43,19.42,20.5,95796,-31.67,-35.0,0.019
2021-07-11T08:59:02.000,26.52,10.78,2.42,19.42,20.5,95797,-31.58,-35.0,0.019
2021-07-11T09:06:04.000,26.42,10.54,2.38,19.44,20.5,95804,-30.94,-35.0,0.019
2021-07-11T09:07:05.000,26.41,10.71,2.36,19.45,20.5,95805,-30.84,-35.0,0.019
2021-07-11T09:08:05.000,26.44,10.77,2.34,19.46,20.5,95806,-30.75,-35.0,0.019
2021-07-11T09:09:05.000,26.48,10.81,2.33,19.46,20.5,95807,-30.65,-35.0,0.019
2021-07-11T09:10:05.000,26.49,10.79,2.31,19.47,20.5,95808,-30.55,-35.0,0.019
2021-07-11T09:13:05.000,26.5,10.71,2.29,19.48,20.5,95811,-30.26,-35.0,0.019
2021-07-11T09:28:07.000,26.58,10.38,1.89,19.69,20.5,95826,-28.67,-34.0,0.02
2021-07-11T09:29:07.000,26.6,10.32,1.81,19.73,20.5,95827,-28.56,-34.0,0.02
2021-07-11T09:30:07.000,26.6,10.23,1.75,19.77,20.5,95828,-28.45,-34.0,0.02
2021-07-11T09:31:08.000,26.58,10.18,1.7,19.81,20.5,95829,-28.33,-34.0,0.02
2021-07-11T09:32:08.000,26.54,10.11,1.65,19.83,20.5,95830,-28.22,-34.0,0.02
2021-07-11T09:33:08.000,26.52,10.25,1.62,19.86,20.5,95831,-28.1,-34.0,0.02
2021-07-11T09:34:08.000,26.53,10.24,1.6,19.87,20.5,95832,-27.99,-34.0,0.02
2021-07-11T09:35:08.000,26.54,10.26,1.59,19.87,20.5,95833,-27.87,-34.0,0.02
2021-07-11T09:36:09.000,26.54,10.18,1.59,19.88,20.5,95834,-27.75,-34.0,0.02
2021-07-11T09:37:09.000,26.55,10.14,1.58,19.88,20.5,95835,-27.64,-34.0,0.02
2021-07-11T09:38:10.000,26.54,10.11,1.58,19.89,20.5,95836,-27.52,-34.0,0.02
2021-07-11T09:39:10.000,26.53,10.09,1.57,19.89,20.5,95837,-27.4,-34.0,0.02
2021-07-11T09:40:10.000,26.55,10.05,1.56,19.9,20.5,95838,-27.28,-33.0,0.02
2021-07-11T09:41:11.000,26.56,10.09,1.55,19.9,20.5,95839,-27.16,-33.0,0.02
2021-07-11T09:42:11.000,26.55,10.09,1.56,19.9,20.5,95840,-27.04,-33.0,0.02
2021-07-11T09:43:11.000,26.52,10.02,1.56,19.9,20.5,95841,-26.92,-33.0,0.02
