Downloads/jupyter/ECSV/stars19/stars19_2023-08.ecsv
# %ECSV 1.0
# ---
# datatype:
# - {name: time, datatype: string}
# - {name: Enclosure Temperature, unit: deg_C, datatype: float64}
# - {name: Sky Temperature, unit: deg_C, datatype: float64}
# - {name: Frequency, unit: Hz, datatype: float64}
# - {name: MSAS, unit: mag / arcsec2, datatype: float64}
# - {name: ZP, datatype: float64}
# - {name: Sequence Number, datatype: int64}
# - {name: Sun Alt, unit: deg, datatype: float64}
# - {name: Moon Alt, unit: deg, datatype: float64}
# - {name: Moon Illumination, datatype: float64}
# delimiter: ','
# meta: !!omap
# - ida:
#     Data supplier: {affiliation: null, observer: null}
#     Device type: TESS-W
#     Field of view: 17.0
#     Filters per channel: None
#     Instrument ID: stars19
#     License: ODbL 1.0 http://opendatacommons.org/licenses/odbl/summary/
#     Local timezone: America/Phoenix
#     Location name: {country: '- Tucson', place: Tucson, region: United States, sub_region: Arizona, town: Pima County}
#     Measurement direction per channel: {azimuth: 0.0, zenital: 0.0}
#     Moving / Fixed look direction: FIXED
#     Moving / Stationary position: STATIONARY
#     Number of channels: 1
#     Number of fields per line: 8
#     Number of header lines: 35
#     Position: {height: 0.0, latitude: 32.223877, longitude: -110.767532}
#     TESS MAC address: 18:FE:34:CF:EC:06
#     TESS cover offset value: 0.0
#     TESS firmware version: '1.0'
#     TESS zero point: 20.38
#     Time Synchronization: timestamp added by MQTT subscriber
#     URL: http://www.darksky.org/NSBM/sdf1.0.pdf
# - __serialized_columns__:
#     Enclosure Temperature:
#       __class__: astropy.units.quantity.Quantity
#       unit: &id001 !astropy.units.Unit {unit: deg_C}
#       value: !astropy.table.SerializedColumn {name: Enclosure Temperature}
#     Frequency:
#       __class__: astropy.units.quantity.Quantity
#       unit: !astropy.units.Unit {unit: Hz}
#       value: !astropy.table.SerializedColumn {name: Frequency}
#     MSAS:
#       __class__: astropy.units.quantity.Quantity
#       unit: !astropy.units.Unit {unit: mag / arcsec2}
#       value: !astropy.table.SerializedColumn {name: MSAS}
#     Moon Alt:
#       __class__: astropy.units.quantity.Quantity
#       unit: &id002 !astropy.units.Unit {unit: deg}
#       value: !astropy.table.SerializedColumn {name: Moon Alt}
#     Sky Temperature:
#       __class__: astropy.units.quantity.Quantity
#       unit: *id001
#       value: !astropy.table.SerializedColumn {name: Sky Temperature}
#     Sun Alt:
#       __class__: astropy.units.quantity.Quantity
#       unit: *id002
#       value: !astropy.table.SerializedColumn {name: Sun Alt}
#     time:
#       __class__: astropy.time.core.Time
#       format: isot
#       in_subfmt: '*'
#       out_subfmt: '*'
#       precision: 3
#       scale: utc
#       value: !astropy.table.SerializedColumn {name: time}
# schema: astropy-2.0
time,Enclosure Temperature,Sky Temperature,Frequency,MSAS,ZP,Sequence Number,Sun Alt,Moon Alt,Moon Illumination
[from data line 16307]
2023-08-21T17:36:42.000,42.98,21.5,0.0,0.0,20.38,45376,57.75,0.0,0.241
2023-08-21T17:37:42.000,42.64,21.55,0.0,0.0,20.38,45377,57.93,0.0,0.241
2023-08-21T17:38:42.000,42.39,21.31,0.0,0.0,20.38,45378,58.11,1.0,0.241
2023-08-21T17:49:45.000,45.03,25.21,0.0,0.0,20.38,45389,60.02,3.0,0.241
2023-08-21T17:50:47.000,45.53,25.48,0.0,0.0,20.38,45390,60.2,3.0,0.242
2023-08-21T17:51:47.000,45.65,24.83,0.0,0.0,20.38,45391,60.36,3.0,0.242
2023-08-21T17:54:47.000,46.35,25.71,0.0,0.0,20.38,45394,60.86,4.0,0.242
2023-08-21T17:57:48.000,47.06,25.53,0.0,0.0,20.38,45397,61.36,4.0,0.242
2023-08-21T17:58:49.000,47.09,25.42,0.0,0.0,20.38,45398,61.52,5.0,0.242
2023-08-21T17:59:50.000,47.2,25.13,0.0,0.0,20.38,45399,61.68,5.0,0.242
2023-08-21T18:02:51.000,46.68,23.38,0.0,0.0,20.38,45402,62.16,5.0,0.242
2023-08-21T18:03:51.000,46.66,24.62,0.0,0.0,20.38,45403,62.32,6.0,0.242
2023-08-21T18:04:52.000,46.81,24.49,0.0,0.0,20.38,45404,62.48,6.0,0.242
2023-08-21T18:06:52.000,47.18,25.56,0.0,0.0,20.38,45406,62.79,6.0,0.242
2023-08-21T18:07:53.000,47.57,25.89,0.0,0.0,20.38,45407,62.94,6.0,0.243
2023-08-21T18:09:53.000,47.67,24.26,0.0,0.0,20.38,45409,63.25,7.0,0.243
2023-08-21T18:10:53.000,47.12,22.4,0.0,0.0,20.38,45410,63.4,7.0,0.243
2023-08-21T18:11:53.000,46.78,23.94,0.0,0.0,20.38,45411,63.54,7.0,0.243
2023-08-21T18:12:54.000,46.51,23.32,0.0,0.0,20.38,45412,63.69,7.0,0.243
2023-08-21T18:13:54.000,47.08,26.55,0.0,0.0,20.38,45413,63.84,8.0,0.243
2023-08-21T18:14:54.000,47.51,25.97,0.0,0.0,20.38,45414,63.98,8.0,0.243
2023-08-21T18:16:55.000,47.49,24.09,0.0,0.0,20.38,45416,64.27,8.0,0.243
2023-08-21T18:17:57.000,46.69,21.2,0.0,0.0,20.38,45417,64.42,8.0,0.243
2023-08-21T18:18:57.000,46.31,23.93,0.0,0.0,20.38,45418,64.56,9.0,0.243
2023-08-21T18:25:04.000,48.45,26.28,0.0,0.0,20.38,45424,65.38,10.0,0.244
2023-08-21T18:26:05.000,48.1,24.24,0.0,0.0,20.38,45425,65.52,10.0,0.244
2023-08-21T18:27:06.000,47.32,23.21,0.0,0.0,20.38,45426,65.65,10.0,0.244
2023-08-21T18:29:07.000,47.25,25.25,0.0,0.0,20.38,45428,65.9,10.0,0.244
2023-08-21T18:30:08.000,46.77,23.93,0.0,0.0,20.38,45429,66.03,11.0,0.244
2023-08-21T18:31:08.000,46.23,23.21,0.0,0.0,20.38,45430,66.15,11.0,0.244
2023-08-21T19:10:18.000,47.36,27.02,0.0,0.0,20.38,45469,69.45,18.0,0.246
2023-08-21T19:11:18.000,47.55,27.7,0.0,0.0,20.38,45470,69.49,18.0,0.246
2023-08-21T19:12:18.000,48.17,28.99,0.0,0.0,20.38,45471,69.53,19.0,0.246
2023-08-21T19:15:18.000,47.27,26.27,0.0,0.0,20.38,45474,69.62,19.0,0.246
2023-08-21T19:16:19.000,46.6,24.54,0.0,0.0,20.38,45475,69.65,19.0,0.247
2023-08-21T19:17:21.000,45.72,25.59,0.0,0.0,20.38,45476,69.67,19.0,0.247
2023-08-21T19:33:28.000,46.71,25.38,0.0,0.0,20.38,45492,69.7,22.0,0.248
2023-08-21T19:34:28.000,46.67,27.55,0.0,0.0,20.38,45493,69.68,22.0,0.248
2023-08-21T19:35:29.000,46.8,27.94,0.0,0.0,20.38,45494,69.66,23.0,0.248
2023-08-21T19:37:29.000,47.62,28.06,0.0,0.0,20.38,45496,69.61,23.0,0.248
2023-08-21T19:38:29.000,47.5,26.7,0.0,0.0,20.38,45497,69.58,23.0,0.248
2023-08-21T19:39:30.000,47.68,27.02,0.0,0.0,20.38,45498,69.54,23.0,0.248
2023-08-21T19:40:30.000,47.76,27.53,0.0,0.0,20.38,45499,69.51,23.0,0.248
2023-08-21T19:41:30.000,48.09,28.36,0.0,0.0,20.38,45500,69.47,24.0,0.248
2023-08-21T19:42:31.000,48.47,28.57,0.0,0.0,20.38,45501,69.43,24.0,0.248
2023-08-21T19:45:31.000,48.89,28.03,0.0,0.0,20.38,45504,69.29,24.0,0.248
2023-08-21T19:56:31.000,47.06,27.19,0.0,0.0,20.38,45515,68.6,26.0,0.249
2023-08-21T19:57:32.000,46.85,27.15,0.0,0.0,20.38,45516,68.52,26.0,0.249
2023-08-21T19:58:33.000,46.61,28.58,0.0,0.0,20.38,45517,68.45,27.0,0.249
2023-08-21T20:42:52.000,42.05,23.05,0.0,0.0,20.38,45561,63.17,33.0,0.252
2023-08-21T20:43:52.000,41.78,23.02,0.0,0.0,20.38,45562,63.02,34.0,0.252
2023-08-21T20:44:53.000,41.59,23.34,0.0,0.0,20.38,45563,62.87,34.0,0.252
2023-08-21T20:46:53.000,41.45,23.44,0.0,0.0,20.38,45565,62.56,34.0,0.252
2023-08-21T20:53:54.000,41.35,23.29,0.0,0.0,20.38,45572,61.45,35.0,0.252
2023-08-21T20:54:54.000,41.23,23.19,0.0,0.0,20.38,45573,61.28,35.0,0.252
2023-08-21T20:55:55.000,41.28,23.8,0.0,0.0,20.38,45574,61.12,35.0,0.252
2023-08-21T21:20:10.000,45.88,24.14,0.0,0.0,20.38,45598,56.92,38.0,0.254
2023-08-21T21:21:10.000,45.8,23.92,0.0,0.0,20.38,45599,56.74,38.0,0.254
2023-08-21T21:22:12.000,45.96,24.51,0.0,0.0,20.38,45600,56.55,39.0,0.254
2023-08-21T21:24:17.000,46.15,24.53,0.0,0.0,20.38,45602,56.17,39.0,0.254
2023-08-21T21:25:18.000,46.34,24.39,0.0,0.0,20.38,45603,55.99,39.0,0.254
2023-08-21T21:26:19.000,46.3,23.6,0.0,0.0,20.38,45604,55.8,39.0,0.254
2023-08-21T21:39:22.000,42.17,18.86,0.0,0.0,20.38,45617,53.35,40.0,0.255
2023-08-21T21:40:22.000,41.76,18.37,0.0,0.0,20.38,45618,53.16,41.0,0.255
2023-08-21T21:41:23.000,41.35,18.56,0.0,0.0,20.38,45619,52.97,41.0,0.255
2023-08-21T21:44:24.000,40.58,18.91,0.0,0.0,20.38,45622,52.39,41.0,0.255
2023-08-21T21:45:24.000,40.32,19.04,0.0,0.0,20.38,45623,52.2,41.0,0.255
2023-08-21T21:46:24.000,40.09,19.13,0.0,0.0,20.38,45624,52.0,41.0,0.256
2023-08-21T21:47:24.000,39.85,19.53,0.0,0.0,20.38,45625,51.81,41.0,0.256
2023-08-21T21:48:24.000,39.79,19.79,0.0,0.0,20.38,45626,51.62,41.0,0.256
2023-08-21T21:54:25.000,39.05,20.24,0.0,0.0,20.38,45632,50.44,42.0,0.256
2023-08-21T21:55:26.000,39.01,20.22,0.0,0.0,20.38,45633,50.24,42.0,0.256
2023-08-21T21:56:26.000,38.86,19.9,0.0,0.0,20.38,45634,50.05,42.0,0.256
2023-08-21T22:07:32.000,37.13,20.43,0.0,0.0,20.38,45645,47.85,43.0,0.257
2023-08-21T22:08:32.000,36.97,20.5,0.0,0.0,20.38,45646,47.65,43.0,0.257
2023-08-21T22:09:32.000,36.8,20.79,0.0,0.0,20.38,45647,47.45,43.0,0.257
2023-08-21T22:16:00.000,35.89,20.6,0.0,0.0,20.38,45653,46.15,44.0,0.257
2023-08-21T22:17:00.000,35.76,20.61,0.0,0.0,20.38,45654,45.94,44.0,0.257
2023-08-21T22:19:02.000,35.54,20.55,0.0,0.0,20.38,45656,45.53,44.0,0.257
2023-08-21T22:20:03.000,35.21,19.72,0.0,0.0,20.38,45657,45.33,44.0,0.258
2023-08-21T22:21:04.000,34.95,19.8,0.0,0.0,20.38,45658,45.12,44.0,0.258
2023-08-21T22:22:05.000,34.68,19.58,0.0,0.0,20.38,45659,44.92,44.0,0.258
2023-08-21T22:24:06.000,34.25,20.05,0.0,0.0,20.38,45661,44.51,44.0,0.258
2023-08-21T22:25:06.000,34.11,20.38,0.0,0.0,20.38,45662,44.3,44.0,0.258
2023-08-21T22:26:08.000,33.94,20.37,0.0,0.0,20.38,45663,44.09,44.0,0.258
2023-08-21T22:34:10.000,33.23,20.99,0.0,0.0,20.38,45671,42.45,45.0,0.258
2023-08-21T22:35:12.000,33.21,20.91,0.0,0.0,20.38,45672,42.24,45.0,0.258
2023-08-21T22:36:12.000,33.24,20.9,0.0,0.0,20.38,45673,42.03,45.0,0.259
2023-08-21T22:38:13.000,33.31,20.73,0.0,0.0,20.38,45675,41.62,45.0,0.259
2023-08-21T22:39:13.000,33.29,20.63,0.0,0.0,20.38,45676,41.41,45.0,0.259
2023-08-21T22:40:13.000,33.27,20.72,0.0,0.0,20.38,45677,41.2,45.0,0.259
2023-08-21T22:43:14.000,33.25,20.69,0.0,0.0,20.38,45680,40.58,45.0,0.259
2023-08-21T22:44:14.000,33.21,20.74,0.0,0.0,20.38,45681,40.37,45.0,0.259
2023-08-21T22:45:14.000,33.23,20.79,0.0,0.0,20.38,45682,40.17,45.0,0.259
2023-08-21T22:47:14.000,33.21,20.71,0.0,0.0,20.38,45684,39.75,45.0,0.259
2023-08-21T22:48:15.000,33.17,20.66,0.0,0.0,20.38,45685,39.54,45.0,0.259
2023-08-21T22:53:15.000,32.77,20.13,0.0,0.0,20.38,45690,38.51,45.0,0.26
2023-08-21T22:54:15.000,32.22,18.96,0.0,0.0,20.38,45691,38.3,45.0,0.26
2023-08-21T22:55:16.000,31.84,18.49,0.0,0.0,20.38,45692,38.09,45.0,0.26
2023-08-21T22:57:18.000,30.46,18.94,0.0,0.0,20.38,45694,37.66,45.0,0.26
2023-08-21T22:58:18.000,30.14,19.04,0.0,0.0,20.38,45695,37.45,45.0,0.26
2023-08-21T22:59:22.000,29.8,18.71,0.0,0.0,20.38,45696,37.23,45.0,0.26
2023-08-21T23:01:23.000,28.46,16.94,0.0,0.0,20.38,45698,36.81,45.0,0.26
2023-08-21T23:02:23.000,27.93,16.97,0.0,0.0,20.38,45699,36.6,45.0,0.26
2023-08-21T23:07:24.000,26.44,16.64,0.0,0.0,20.38,45704,35.55,45.0,0.26
2023-08-21T23:11:25.000,26.36,17.4,0.0,0.0,20.38,45708,34.71,45.0,0.261
2023-08-21T23:14:25.000,27.05,17.74,0.0,0.0,20.38,45711,34.08,45.0,0.261
2023-08-21T23:16:26.000,28.1,17.99,0.0,0.0,20.38,45713,33.66,45.0,0.261
2023-08-21T23:21:29.000,30.68,19.36,0.0,0.0,20.38,45718,32.6,45.0,0.261
2023-08-21T23:22:30.000,31.08,19.27,0.0,0.0,20.38,45719,32.38,45.0,0.261
2023-08-21T23:23:30.000,31.42,19.24,0.0,0.0,20.38,45720,32.17,45.0,0.261
2023-08-21T23:24:30.000,31.69,19.15,0.0,0.0,20.38,45721,31.96,45.0,0.261
2023-08-21T23:26:32.000,32.05,18.79,0.0,0.0,20.38,45723,31.54,45.0,0.262
2023-08-21T23:27:32.000,32.23,18.9,0.0,0.0,20.38,45724,31.33,45.0,0.262
2023-08-21T23:28:33.000,32.45,19.1,0.0,0.0,20.38,45725,31.11,45.0,0.262
2023-08-21T23:39:38.000,34.94,20.15,0.0,0.0,20.38,45736,28.77,45.0,0.262
2023-08-21T23:40:38.000,35.07,20.07,0.0,0.0,20.38,45737,28.56,45.0,0.262
2023-08-21T23:41:38.000,35.04,20.06,0.0,0.0,20.38,45738,28.35,45.0,0.262
2023-08-21T23:49:39.000,34.94,22.01,0.0,0.0,20.38,45746,26.66,44.0,0.263
2023-08-21T23:50:40.000,34.93,22.22,0.0,0.0,20.38,45747,26.44,44.0,0.263
2023-08-21T23:51:40.000,34.91,22.03,0.0,0.0,20.38,45748,26.23,44.0,0.263
2023-08-22T00:25:57.000,32.12,19.26,0.0,0.0,20.38,45782,18.98,42.0,0.265
2023-08-22T00:26:57.000,32.15,19.29,0.0,0.0,20.38,45783,18.76,42.0,0.265
2023-08-22T00:27:57.000,32.25,19.41,0.0,0.0,20.38,45784,18.55,42.0,0.265
2023-08-22T00:29:59.000,32.43,19.67,0.0,0.0,20.38,45786,18.12,42.0,0.265
2023-08-22T00:30:59.000,32.47,19.89,0.0,0.0,20.38,45787,17.91,42.0,0.265
2023-08-22T00:32:00.000,32.52,19.93,0.0,0.0,20.38,45788,17.7,41.0,0.266
2023-08-22T00:43:03.000,31.79,20.67,0.0,0.0,20.38,45799,15.36,40.0,0.266
2023-08-22T00:44:04.000,31.67,20.26,0.0,0.0,20.38,45800,15.15,40.0,0.266
2023-08-22T00:45:04.000,30.89,18.74,0.0,0.0,20.38,45801,14.94,40.0,0.266
2023-08-22T00:47:05.000,29.43,17.57,0.0,0.0,20.38,45803,14.51,40.0,0.266
2023-08-22T00:48:06.000,28.79,16.04,0.0,0.0,20.38,45804,14.3,40.0,0.267
2023-08-22T00:49:06.000,27.97,16.58,0.0,0.0,20.38,45805,14.09,40.0,0.267
2023-08-22T00:54:07.000,26.42,16.63,0.0,0.0,20.38,45810,13.03,39.0,0.267
2023-08-22T00:55:07.000,26.21,16.43,0.0,0.0,20.38,45811,12.82,39.0,0.267
2023-08-22T00:56:08.000,26.35,17.52,0.0,0.0,20.38,45812,12.61,39.0,0.267
2023-08-22T00:58:09.000,26.99,18.49,0.0,0.0,20.38,45814,12.18,39.0,0.267
2023-08-22T00:59:09.000,27.18,18.53,0.0,0.0,20.38,45815,11.97,39.0,0.267
2023-08-22T01:00:09.000,27.42,18.79,0.0,0.0,20.38,45816,11.76,39.0,0.267
2023-08-22T01:01:10.000,27.64,18.92,0.0,0.0,20.38,45817,11.55,38.0,0.267
2023-08-22T01:03:10.000,27.98,18.57,0.0,0.0,20.38,45819,11.13,38.0,0.267
2023-08-22T01:04:12.000,27.49,16.87,0.0,0.0,20.38,45820,10.91,38.0,0.268
2023-08-22T01:05:12.000,26.65,16.21,0.0,0.0,20.38,45821,10.7,38.0,0.268
2023-08-22T01:11:14.000,25.15,16.77,0.0,0.0,20.38,45827,9.44,37.0,0.268
2023-08-22T01:12:14.000,25.25,17.24,0.0,0.0,20.38,45828,9.23,37.0,0.268
2023-08-22T01:13:15.000,25.49,18.04,0.0,0.0,20.38,45829,9.01,37.0,0.268
2023-08-22T01:16:16.000,26.51,19.53,0.0,0.0,20.38,45832,8.38,37.0,0.268
2023-08-22T01:17:18.000,26.9,19.9,0.0,0.0,20.38,45833,8.17,36.0,0.268
2023-08-22T01:18:18.000,26.83,18.71,0.0,0.0,20.38,45834,7.96,36.0,0.268
2023-08-22T01:43:25.000,26.63,16.39,0.0,0.0,20.38,45859,2.74,33.0,0.27
2023-08-22T01:44:26.000,27.05,16.66,0.0,0.0,20.38,45860,2.53,33.0,0.27
2023-08-22T01:45:26.000,27.41,16.47,0.0,0.0,20.38,45861,2.32,32.0,0.27
2023-08-22T01:46:27.000,27.7,16.65,0.29,0.11,20.38,45862,2.11,32.0,0.27
2023-08-22T01:47:27.000,27.91,17.0,0.0,0.0,20.38,45863,1.9,32.0,0.27
2023-08-22T01:48:27.000,28.07,17.59,0.0,0.0,20.38,45864,1.7,32.0,0.27
2023-08-22T01:49:28.000,28.25,17.93,0.0,0.0,20.38,45865,1.49,32.0,0.27
2023-08-22T01:50:27.000,28.42,18.14,25195.06,3.4,20.38,45866,1.28,32.0,0.27
2023-08-22T01:51:28.000,28.58,18.08,57461.13,8.48,20.38,45867,1.07,32.0,0.27
2023-08-22T01:52:28.000,28.69,18.04,52850.59,8.57,20.38,45868,0.87,31.0,0.27
2023-08-22T01:53:28.000,28.76,18.04,46824.4,8.7,20.38,45869,0.66,31.0,0.271
2023-08-22T01:54:29.000,28.81,18.13,40219.45,8.87,20.38,45870,0.45,31.0,0.271
2023-08-22T01:55:29.000,28.85,18.19,35801.46,9.0,20.38,45871,0.25,31.0,0.271
2023-08-22T01:56:29.000,28.85,18.2,27326.83,9.43,20.38,45872,0.04,31.0,0.271
2023-08-22T01:57:30.000,28.84,18.23,21722.6,9.54,20.38,45873,-0.17,31.0,0.271
2023-08-22T01:58:30.000,28.87,18.25,17732.37,9.76,20.38,45874,-0.37,31.0,0.271
2023-08-22T01:59:32.000,28.88,18.2,15539.55,9.9,20.38,45875,-0.58,30.0,0.271
2023-08-22T02:00:32.000,28.9,18.18,13056.2,10.09,20.38,45876,-0.79,30.0,0.271
2023-08-22T02:01:33.000,28.87,18.3,12006.0,10.18,20.38,45877,-1.0,30.0,0.271
2023-08-22T02:02:33.000,28.86,18.81,12319.78,10.15,20.38,45878,-1.2,30.0,0.271
2023-08-22T02:03:33.000,28.8,19.7,5933.13,11.01,20.38,45879,-1.4,30.0,0.271
2023-08-22T02:06:35.000,28.19,18.18,7395.44,10.75,20.38,45882,-2.02,29.0,0.271
2023-08-22T02:08:36.000,27.83,16.49,15500.56,9.9,20.38,45884,-2.44,29.0,0.271
2023-08-22T02:09:36.000,27.64,15.83,15274.67,9.92,20.38,45885,-2.64,29.0,0.272
2023-08-22T02:10:36.000,27.41,16.44,11751.31,10.22,20.38,45886,-2.84,29.0,0.272
2023-08-22T02:11:36.000,27.0,15.93,5945.96,10.97,20.38,45887,-3.05,28.0,0.272
2023-08-22T02:12:37.000,26.25,15.12,3365.84,11.58,20.38,45888,-3.25,28.0,0.272
2023-08-22T02:13:37.000,25.97,15.99,2615.27,11.84,20.38,45889,-3.46,28.0,0.272
2023-08-22T02:15:37.000,26.05,17.06,2457.67,11.9,20.38,45891,-3.86,28.0,0.272
2023-08-22T02:16:38.000,26.02,16.75,1890.76,12.19,20.38,45892,-4.07,28.0,0.272
2023-08-22T02:17:40.000,25.87,16.29,1409.89,12.51,20.38,45893,-4.28,27.0,0.272
2023-08-22T02:18:40.000,25.84,16.65,1254.49,12.63,20.38,45894,-4.48,27.0,0.272
2023-08-22T02:19:40.000,25.89,16.74,1124.96,12.75,20.38,45895,-4.68,27.0,0.272
2023-08-22T02:20:41.000,25.9,16.54,1127.67,12.96,20.38,45896,-4.89,27.0,0.272
2023-08-22T02:21:42.000,25.85,16.67,454.24,13.78,20.38,45897,-5.09,27.0,0.272
2023-08-22T02:22:42.000,25.53,16.07,204.95,14.62,20.38,45898,-5.29,27.0,0.272
2023-08-22T02:23:43.000,24.64,16.36,127.89,15.12,20.38,45899,-5.5,26.0,0.272
2023-08-22T02:24:43.000,23.47,16.22,92.36,15.47,20.38,45900,-5.7,26.0,0.272
2023-08-22T02:25:43.000,22.99,18.08,73.98,15.74,20.38,45901,-5.9,26.0,0.273
2023-08-22T02:26:44.000,22.84,18.42,56.4,16.01,20.38,45902,-6.11,26.0,0.273
2023-08-22T02:27:44.000,22.64,18.23,44.75,16.26,20.38,45903,-6.31,26.0,0.273
2023-08-22T02:31:45.000,22.1,17.94,28.27,16.51,20.38,45907,-7.11,25.0,0.273
2023-08-22T02:32:45.000,21.93,17.89,27.69,16.78,20.38,45908,-7.31,25.0,0.273
2023-08-22T02:33:45.000,21.77,17.7,30.04,16.79,20.38,45909,-7.51,25.0,0.273
2023-08-22T02:34:46.000,21.64,17.68,36.47,16.83,20.38,45910,-7.72,25.0,0.273
2023-08-22T02:35:46.000,21.56,17.84,25.16,16.88,20.38,45911,-7.92,24.0,0.273
2023-08-22T02:36:46.000,21.55,18.0,137.98,16.86,20.38,45912,-8.12,24.0,0.273
2023-08-22T02:37:47.000,21.62,18.23,24.53,16.91,20.38,45913,-8.32,24.0,0.273
2023-08-22T02:38:47.000,21.63,18.19,24.01,16.93,20.38,45914,-8.52,24.0,0.273
2023-08-22T02:39:47.000,21.6,18.07,23.44,16.96,20.38,45915,-8.72,24.0,0.273
2023-08-22T02:40:47.000,21.53,17.96,23.98,16.87,20.38,45916,-8.91,24.0,0.273
2023-08-22T02:41:47.000,21.42,17.64,24.13,16.93,20.38,45917,-9.11,23.0,0.274
2023-08-22T02:42:47.000,21.45,18.13,23.39,16.96,20.38,45918,-9.31,23.0,0.274
2023-08-22T02:44:48.000,21.63,18.48,23.18,16.91,20.38,45920,-9.71,23.0,0.274
2023-08-22T02:45:48.000,21.62,17.98,23.36,16.96,20.38,45921,-9.91,23.0,0.274
2023-08-22T02:46:49.000,21.49,17.62,23.53,16.95,20.38,45922,-10.11,23.0,0.274
2023-08-22T02:47:50.000,21.43,17.76,23.31,16.96,20.38,45923,-10.31,22.0,0.274
2023-08-22T02:48:50.000,21.31,17.2,23.32,16.9,20.38,45924,-10.51,22.0,0.274
2023-08-22T02:49:50.000,21.17,17.25,23.0,16.98,20.38,45925,-10.7,22.0,0.274
2023-08-22T02:50:50.000,21.06,16.5,22.94,16.98,20.38,45926,-10.9,22.0,0.274
2023-08-22T02:51:50.000,20.97,16.47,23.33,16.96,20.38,45927,-11.1,22.0,0.274
2023-08-22T02:52:51.000,20.94,16.58,23.18,16.97,20.38,45928,-11.3,21.0,0.274
2023-08-22T02:53:51.000,20.97,17.38,23.51,16.95,20.38,45929,-11.49,21.0,0.274
2023-08-22T02:59:55.000,20.8,17.21,22.97,16.98,20.38,45935,-12.68,20.0,0.275
2023-08-22T03:03:00.000,20.58,16.89,22.17,17.02,20.38,45938,-13.28,20.0,0.275
2023-08-22T03:04:01.000,20.57,15.58,21.95,17.03,20.38,45939,-13.48,19.0,0.275
2023-08-22T03:06:02.000,20.59,17.08,25.5,16.97,20.38,45941,-13.87,19.0,0.275
