Downloads/jupyter/ECSV/stars19/stars19_2021-02.ecsv
# %ECSV 1.0
# ---
# datatype:
# - {name: time, datatype: string}
# - {name: Enclosure Temperature, unit: deg_C, datatype: float64}
# - {name: Sky Temperature, unit: deg_C, datatype: float64}
# - {name: Frequency, unit: Hz, datatype: float64}
# - {name: MSAS, unit: mag / arcsec2, datatype: float64}
# - {name: ZP, datatype: float64}
# - {name: Sequence Number, datatype: int64}
# - {name: Sun Alt, unit: deg, datatype: float64}
# - {name: Moon Alt, unit: deg, datatype: float64}
# - {name: Moon Illumination, datatype: float64}
# delimiter: ','
# meta: !!omap
# - ida:
#     Data supplier: {affiliation: null, observer: null}
#     Device type: TESS-W
#     Field of view: 17.0
#     Filters per channel: None
#     Instrument ID: stars19
#     License: ODbL 1.0 http://opendatacommons.org/licenses/odbl/summary/
#     Local timezone: America/Phoenix
#     Location name: {country: '- Tucson', place: Tucson, region: United States, sub_region: Arizona, town: Pima County}
#     Measurement direction per channel: {azimuth: 0.0, zenital: 0.0}
#     Moving / Fixed look direction: FIXED
#     Moving / Stationary position: STATIONARY
#     Number of channels: 1
#     Number of fields per line: 8
#     Number of header lines: 35
#     Position: {height: 0.0, latitude: 32.223877, longitude: -110.767532}
#     TESS MAC address: 18:FE:34:CF:EC:06
#     TESS cover offset value: 0.0
#     TESS firmware version: '1.0'
#     TESS zero point: 20.5
#     Time Synchronization: timestamp added by MQTT subscriber
#     URL: http://www.darksky.org/NSBM/sdf1.0.pdf
# - __serialized_columns__:
#     Enclosure Temperature:
#       __class__: astropy.units.quantity.Quantity
#       unit: &id001 !astropy.units.Unit {unit: deg_C}
#       value: !astropy.table.SerializedColumn {name: Enclosure Temperature}
#     Frequency:
#       __class__: astropy.units.quantity.Quantity
#       unit: !astropy.units.Unit {unit: Hz}
#       value: !astropy.table.SerializedColumn {name: Frequency}
#     MSAS:
#       __class__: astropy.units.quantity.Quantity
#       unit: !astropy.units.Unit {unit: mag / arcsec2}
#       value: !astropy.table.SerializedColumn {name: MSAS}
#     Moon Alt:
#       __class__: astropy.units.quantity.Quantity
#       unit: &id002 !astropy.units.Unit {unit: deg}
#       value: !astropy.table.SerializedColumn {name: Moon Alt}
#     Sky Temperature:
#       __class__: astropy.units.quantity.Quantity
#       unit: *id001
#       value: !astropy.table.SerializedColumn {name: Sky Temperature}
#     Sun Alt:
#       __class__: astropy.units.quantity.Quantity
#       unit: *id002
#       value: !astropy.table.SerializedColumn {name: Sun Alt}
#     time:
#       __class__: astropy.time.core.Time
#       format: isot
#       in_subfmt: '*'
#       out_subfmt: '*'
#       precision: 3
#       scale: utc
#       value: !astropy.table.SerializedColumn {name: time}
# schema: astropy-2.0
time,Enclosure Temperature,Sky Temperature,Frequency,MSAS,ZP,Sequence Number,Sun Alt,Moon Alt,Moon Illumination
[from data line 14800]
2021-02-18T02:56:05.000,12.64,-13.63,1.72,19.79,20.5,31457,-22.8,47.0,0.347
2021-02-18T02:57:05.000,12.58,-13.68,1.72,19.79,20.5,31458,-23.01,47.0,0.347
2021-02-18T02:58:05.000,12.55,-13.67,1.71,19.8,20.5,31459,-23.22,46.0,0.348
2021-02-18T02:59:05.000,12.51,-13.71,1.71,19.8,20.5,31460,-23.43,46.0,0.348
2021-02-18T03:00:06.000,12.51,-13.61,1.71,19.8,20.5,31461,-23.65,46.0,0.348
2021-02-18T03:03:25.000,12.46,-13.76,1.7,19.8,20.5,31464,-24.35,45.0,0.348
2021-02-18T03:04:25.000,12.45,-13.77,1.72,19.79,20.5,31465,-24.56,45.0,0.348
2021-02-18T03:05:26.000,12.39,-13.88,1.71,19.8,20.5,31466,-24.77,45.0,0.348
2021-02-18T03:06:26.000,12.36,-13.86,1.72,19.79,20.5,31467,-24.99,45.0,0.348
2021-02-18T03:07:26.000,12.36,-13.74,1.75,19.77,20.5,31468,-25.2,45.0,0.348
2021-02-18T03:08:26.000,12.35,-13.8,1.71,19.79,20.5,31469,-25.41,44.0,0.348
2021-02-18T03:09:26.000,12.34,-13.73,1.71,19.8,20.5,31470,-25.62,44.0,0.348
2021-02-18T03:10:27.000,12.34,-13.79,1.71,19.8,20.5,31471,-25.83,44.0,0.348
2021-02-18T03:11:27.000,12.32,-13.78,1.71,19.8,20.5,31472,-26.05,44.0,0.348
2021-02-18T03:12:27.000,12.32,-13.79,1.71,19.8,20.5,31473,-26.26,44.0,0.348
2021-02-18T03:13:27.000,12.32,-13.8,1.71,19.8,20.5,31474,-26.47,43.0,0.349
2021-02-18T03:14:28.000,12.28,-13.88,1.7,19.8,20.5,31475,-26.68,43.0,0.349
2021-02-18T03:15:28.000,12.22,-13.89,1.7,19.8,20.5,31476,-26.89,43.0,0.349
2021-02-18T03:16:28.000,12.21,-13.91,1.7,19.8,20.5,31477,-27.1,43.0,0.349
2021-02-18T03:17:29.000,12.17,-13.92,1.7,19.8,20.5,31478,-27.32,43.0,0.349
2021-02-18T03:18:29.000,12.16,-14.03,1.68,19.81,20.5,31479,-27.53,42.0,0.349
2021-02-18T03:19:29.000,12.1,-13.98,1.68,19.82,20.5,31480,-27.74,42.0,0.349
2021-02-18T03:20:29.000,12.08,-13.98,1.68,19.82,20.5,31481,-27.95,42.0,0.349
2021-02-18T03:21:37.000,12.06,-14.07,1.68,19.81,20.5,31482,-28.19,42.0,0.349
2021-02-18T03:22:37.000,11.98,-14.14,1.68,19.82,20.5,31483,-28.4,42.0,0.349
2021-02-18T03:23:38.000,11.97,-14.01,1.68,19.82,20.5,31484,-28.62,41.0,0.349
2021-02-18T03:24:38.000,11.95,-14.13,1.67,19.82,20.5,31485,-28.83,41.0,0.349
2021-02-18T03:27:38.000,11.86,-14.09,1.67,19.83,20.5,31488,-29.46,41.0,0.349
2021-02-18T03:28:39.000,11.88,-14.06,1.66,19.83,20.5,31489,-29.67,40.0,0.349
2021-02-18T03:31:39.000,11.82,-14.14,1.71,19.8,20.5,31492,-30.3,40.0,0.35
2021-02-18T03:32:40.000,11.81,-14.21,1.67,19.82,20.5,31493,-30.52,39.0,0.35
2021-02-18T03:36:45.000,11.66,-14.21,1.65,19.84,20.5,31497,-31.38,39.0,0.35
2021-02-18T03:37:46.000,11.65,-14.26,1.64,19.84,20.5,31498,-31.59,38.0,0.35
2021-02-18T03:44:47.000,11.57,-14.31,1.64,19.84,20.5,31505,-33.06,37.0,0.35
2021-02-18T03:45:47.000,11.56,-14.23,1.63,19.85,20.5,31506,-33.27,37.0,0.351
2021-02-18T03:46:47.000,11.57,-14.25,1.63,19.85,20.5,31507,-33.48,37.0,0.351
2021-02-18T03:47:47.000,11.54,-14.36,1.63,19.85,20.5,31508,-33.69,36.0,0.351
2021-02-18T03:49:47.000,11.5,-14.34,1.63,19.85,20.5,31510,-34.11,36.0,0.351
2021-02-18T04:04:49.000,11.3,-14.64,1.58,19.89,20.5,31525,-37.25,33.0,0.352
2021-02-18T04:05:50.000,11.26,-14.72,1.58,19.88,20.5,31526,-37.46,33.0,0.352
2021-02-18T04:06:50.000,11.23,-14.65,1.58,19.89,20.5,31527,-37.67,33.0,0.352
2021-02-18T04:07:50.000,11.19,-14.64,1.57,19.89,20.5,31528,-37.87,32.0,0.352
2021-02-18T04:08:50.000,11.18,-14.64,1.57,19.89,20.5,31529,-38.08,32.0,0.352
2021-02-18T04:09:51.000,11.14,-14.73,1.57,19.89,20.5,31530,-38.29,32.0,0.352
2021-02-18T04:10:51.000,11.13,-14.58,1.57,19.89,20.5,31531,-38.5,32.0,0.352
2021-02-18T04:11:51.000,11.14,-14.57,1.57,19.89,20.5,31532,-38.71,32.0,0.352
2021-02-18T04:15:52.000,11.06,-14.76,1.57,19.89,20.5,31536,-39.54,31.0,0.352
2021-02-18T04:16:53.000,11.05,-14.86,1.56,19.9,20.5,31537,-39.75,30.0,0.352
2021-02-18T04:17:53.000,11.05,-14.78,1.55,19.9,20.5,31538,-39.95,30.0,0.353
2021-02-18T04:18:53.000,11.04,-14.85,1.55,19.91,20.5,31539,-40.16,30.0,0.353
2021-02-18T04:19:53.000,11.0,-14.9,1.54,19.91,20.5,31540,-40.36,30.0,0.353
2021-02-18T04:20:53.000,10.97,-14.93,1.54,19.91,20.5,31541,-40.57,30.0,0.353
2021-02-18T04:21:53.000,10.96,-14.91,1.53,19.91,20.5,31542,-40.78,29.0,0.353
2021-02-18T04:22:53.000,10.96,-14.96,1.53,19.92,20.5,31543,-40.98,29.0,0.353
2021-02-18T04:23:53.000,10.95,-14.9,1.53,19.92,20.5,31544,-41.19,29.0,0.353
2021-02-18T04:24:53.000,10.94,-14.92,1.53,19.92,20.5,31545,-41.39,29.0,0.353
2021-02-18T04:25:54.000,10.91,-15.01,1.52,19.92,20.5,31546,-41.6,29.0,0.353
2021-02-18T04:29:55.000,10.85,-14.97,1.51,19.93,20.5,31550,-42.42,28.0,0.353
2021-02-18T04:30:57.000,10.82,-15.01,1.51,19.93,20.5,31551,-42.63,28.0,0.353
2021-02-18T04:31:57.000,10.8,-14.91,1.51,19.93,20.5,31552,-42.84,27.0,0.353
2021-02-18T04:32:58.000,10.79,-14.97,1.5,19.94,20.5,31553,-43.05,27.0,0.353
2021-02-18T04:33:58.000,10.77,-14.98,1.5,19.94,20.5,31554,-43.25,27.0,0.354
2021-02-18T04:34:58.000,10.76,-14.95,1.5,19.94,20.5,31555,-43.45,27.0,0.354
2021-02-18T04:35:58.000,10.74,-15.06,1.49,19.94,20.5,31556,-43.66,27.0,0.354
2021-02-18T04:36:58.000,10.72,-15.01,1.5,19.94,20.5,31557,-43.86,26.0,0.354
2021-02-18T04:37:59.000,10.71,-15.01,1.5,19.94,20.5,31558,-44.07,26.0,0.354
2021-02-18T04:38:59.000,10.66,-15.04,1.5,19.94,20.5,31559,-44.27,26.0,0.354
2021-02-18T04:40:59.000,10.65,-15.07,1.5,19.94,20.5,31561,-44.67,26.0,0.354
2021-02-18T04:41:59.000,10.64,-15.06,1.5,19.94,20.5,31562,-44.88,25.0,0.354
2021-02-18T04:42:59.000,10.64,-15.02,1.5,19.94,20.5,31563,-45.08,25.0,0.354
2021-02-18T04:44:00.000,10.62,-15.09,1.5,19.94,20.5,31564,-45.28,25.0,0.354
2021-02-18T04:44:59.000,10.6,-15.06,1.49,19.95,20.5,31565,-45.48,25.0,0.354
2021-02-18T04:46:00.000,10.61,-15.02,1.51,19.94,20.5,31566,-45.69,24.0,0.354
2021-02-18T04:47:00.000,10.63,-15.01,1.59,19.88,20.5,31567,-45.89,24.0,0.354
2021-02-18T04:48:00.000,10.6,-15.11,1.48,19.95,20.5,31568,-46.09,24.0,0.354
2021-02-18T04:49:00.000,10.58,-15.17,1.48,19.96,20.5,31569,-46.29,24.0,0.354
2021-02-18T04:50:01.000,10.56,-15.1,1.47,19.96,20.5,31570,-46.49,24.0,0.355
2021-02-18T04:52:01.000,10.56,-15.11,1.46,19.97,20.5,31572,-46.89,23.0,0.355
2021-02-18T04:53:01.000,10.55,-15.1,1.46,19.97,20.5,31573,-47.09,23.0,0.355
2021-02-18T04:54:01.000,10.55,-15.09,1.45,19.97,20.5,31574,-47.29,23.0,0.355
2021-02-18T04:55:02.000,10.52,-15.23,1.45,19.98,20.5,31575,-47.49,23.0,0.355
2021-02-18T04:56:02.000,10.48,-15.19,1.45,19.98,20.5,31576,-47.69,22.0,0.355
2021-02-18T04:57:02.000,10.46,-15.15,1.45,19.98,20.5,31577,-47.89,22.0,0.355
2021-02-18T04:58:02.000,10.45,-15.24,1.45,19.98,20.5,31578,-48.09,22.0,0.355
2021-02-18T04:59:03.000,10.43,-15.24,1.44,19.98,20.5,31579,-48.29,22.0,0.355
2021-02-18T05:00:03.000,10.4,-15.32,1.44,19.98,20.5,31580,-48.49,22.0,0.355
2021-02-18T05:01:03.000,10.38,-15.22,1.44,19.99,20.5,31581,-48.69,21.0,0.355
2021-02-18T05:02:05.000,10.38,-15.25,1.43,19.99,20.5,31582,-48.89,21.0,0.355
2021-02-18T05:03:05.000,10.36,-15.24,1.43,19.99,20.5,31583,-49.09,21.0,0.355
2021-02-18T05:05:05.000,10.35,-15.26,1.43,19.99,20.5,31585,-49.48,21.0,0.355
2021-02-18T05:06:05.000,10.34,-15.25,1.43,20.0,20.5,31586,-49.68,20.0,0.356
2021-02-18T05:07:06.000,10.33,-15.19,1.42,20.0,20.5,31587,-49.87,20.0,0.356
2021-02-18T05:08:06.000,10.31,-15.25,1.42,20.0,20.5,31588,-50.07,20.0,0.356
2021-02-18T05:09:06.000,10.28,-15.23,1.42,20.0,20.5,31589,-50.26,20.0,0.356
2021-02-18T05:10:06.000,10.26,-15.27,1.42,20.0,20.5,31590,-50.46,20.0,0.356
2021-02-18T05:11:06.000,10.24,-15.22,1.41,20.0,20.5,31591,-50.65,19.0,0.356
2021-02-18T05:12:07.000,10.23,-15.22,1.41,20.01,20.5,31592,-50.85,19.0,0.356
2021-02-18T05:13:07.000,10.21,-15.29,1.41,20.01,20.5,31593,-51.04,19.0,0.356
2021-02-18T05:14:07.000,10.2,-15.3,1.4,20.02,20.5,31594,-51.24,19.0,0.356
2021-02-18T05:15:07.000,10.16,-15.33,1.4,20.02,20.5,31595,-51.43,19.0,0.356
2021-02-18T05:16:07.000,10.15,-15.29,1.4,20.01,20.5,31596,-51.62,18.0,0.356
2021-02-18T05:17:08.000,10.11,-15.33,1.4,20.02,20.5,31597,-51.82,18.0,0.356
2021-02-18T05:18:08.000,10.09,-15.32,1.4,20.02,20.5,31598,-52.01,18.0,0.356
2021-02-18T05:19:08.000,10.05,-15.41,1.39,20.02,20.5,31599,-52.2,18.0,0.356
2021-02-18T05:20:08.000,10.03,-15.35,1.39,20.02,20.5,31600,-52.39,18.0,0.356
2021-02-18T05:21:08.000,10.03,-15.29,1.39,20.02,20.5,31601,-52.58,17.0,0.356
2021-02-18T05:22:08.000,10.03,-15.2,1.39,20.03,20.5,31602,-52.77,17.0,0.357
2021-02-18T05:23:09.000,10.0,-15.32,1.38,20.03,20.5,31603,-52.97,17.0,0.357
2021-02-18T05:24:09.000,10.09,-15.35,1.38,20.03,20.5,31604,-53.15,17.0,0.357
2021-02-18T05:25:09.000,10.31,-15.38,1.38,20.03,20.5,31605,-53.34,16.0,0.357
2021-02-18T05:26:10.000,10.44,-15.43,1.38,20.03,20.5,31606,-53.54,16.0,0.357
2021-02-18T05:27:10.000,10.5,-15.46,1.37,20.04,20.5,31607,-53.72,16.0,0.357
2021-02-18T05:28:10.000,10.47,-15.43,1.37,20.04,20.5,31608,-53.91,16.0,0.357
2021-02-18T05:29:11.000,10.42,-15.49,1.37,20.04,20.5,31609,-54.1,16.0,0.357
2021-02-18T05:30:11.000,10.37,-15.46,1.36,20.04,20.5,31610,-54.29,15.0,0.357
2021-02-18T05:31:11.000,10.31,-15.4,1.36,20.05,20.5,31611,-54.47,15.0,0.357
2021-02-18T05:32:11.000,10.25,-15.44,1.36,20.05,20.5,31612,-54.66,15.0,0.357
2021-02-18T05:33:12.000,10.16,-15.46,1.35,20.05,20.5,31613,-54.85,15.0,0.357
2021-02-18T05:34:12.000,10.11,-15.43,1.35,20.05,20.5,31614,-55.03,15.0,0.357
2021-02-18T05:35:12.000,10.06,-15.47,1.35,20.06,20.5,31615,-55.22,14.0,0.357
2021-02-18T05:36:12.000,10.04,-15.36,1.34,20.06,20.5,31616,-55.4,14.0,0.357
2021-02-18T05:37:12.000,10.01,-15.4,1.34,20.06,20.5,31617,-55.58,14.0,0.357
2021-02-18T05:38:13.000,10.26,-15.54,1.34,20.06,20.5,31618,-55.77,14.0,0.358
2021-02-18T05:39:13.000,10.52,-15.46,1.33,20.07,20.5,31619,-55.95,14.0,0.358
2021-02-18T05:40:13.000,10.62,-15.56,1.33,20.07,20.5,31620,-56.13,13.0,0.358
2021-02-18T05:41:13.000,10.59,-15.62,1.33,20.07,20.5,31621,-56.31,13.0,0.358
2021-02-18T05:42:13.000,10.54,-15.49,1.33,20.07,20.5,31622,-56.49,13.0,0.358
2021-02-18T05:43:14.000,10.5,-15.39,1.32,20.08,20.5,31623,-56.68,13.0,0.358
2021-02-18T05:44:14.000,10.44,-15.39,1.32,20.08,20.5,31624,-56.86,13.0,0.358
2021-02-18T05:48:14.000,10.14,-15.51,1.31,20.09,20.5,31628,-57.57,12.0,0.358
2021-02-18T05:49:15.000,10.09,-15.42,1.31,20.09,20.5,31629,-57.74,12.0,0.358
2021-02-18T05:50:15.000,10.05,-15.38,1.31,20.09,20.5,31630,-57.92,11.0,0.358
2021-02-18T05:51:15.000,10.0,-15.51,1.3,20.09,20.5,31631,-58.09,11.0,0.358
2021-02-18T05:52:15.000,10.07,-15.62,1.3,20.09,20.5,31632,-58.27,11.0,0.358
2021-02-18T05:53:15.000,10.45,-15.67,1.3,20.1,20.5,31633,-58.44,11.0,0.358
2021-02-18T05:54:16.000,10.74,-15.46,1.3,20.1,20.5,31634,-58.62,11.0,0.359
2021-02-18T05:55:16.000,10.84,-15.69,1.29,20.1,20.5,31635,-58.79,10.0,0.359
2021-02-18T05:56:16.000,10.81,-15.54,1.29,20.11,20.5,31636,-58.96,10.0,0.359
2021-02-18T05:57:16.000,10.76,-15.48,1.28,20.11,20.5,31637,-59.13,10.0,0.359
2021-02-18T05:58:16.000,10.68,-15.55,1.28,20.11,20.5,31638,-59.3,10.0,0.359
2021-02-18T05:59:17.000,10.56,-15.47,1.27,20.12,20.5,31639,-59.47,10.0,0.359
2021-02-18T06:00:19.000,10.44,-15.46,1.25,20.13,20.5,31640,-59.65,9.0,0.359
2021-02-18T06:01:20.000,10.35,-15.45,1.24,20.15,20.5,31641,-59.82,9.0,0.359
2021-02-18T06:02:20.000,10.24,-15.53,1.24,20.15,20.5,31642,-59.98,9.0,0.359
2021-02-18T06:03:20.000,10.13,-15.48,1.23,20.16,20.5,31643,-60.15,9.0,0.359
2021-02-18T06:04:21.000,10.03,-15.5,1.22,20.16,20.5,31644,-60.32,9.0,0.359
2021-02-18T06:05:22.000,10.03,-15.51,1.22,20.16,20.5,31645,-60.48,8.0,0.359
2021-02-18T06:06:22.000,10.29,-15.75,1.22,20.16,20.5,31646,-60.65,8.0,0.359
2021-02-18T06:07:22.000,10.52,-15.59,1.22,20.16,20.5,31647,-60.81,8.0,0.359
2021-02-18T06:08:22.000,10.59,-15.53,1.22,20.16,20.5,31648,-60.97,8.0,0.359
2021-02-18T06:09:23.000,10.58,-15.5,1.21,20.17,20.5,31649,-61.13,8.0,0.36
2021-02-18T06:10:23.000,10.52,-15.45,1.21,20.18,20.5,31650,-61.29,7.0,0.36
2021-02-18T06:11:23.000,10.43,-15.43,1.21,20.18,20.5,31651,-61.45,7.0,0.36
2021-02-18T06:12:23.000,10.37,-15.37,1.2,20.18,20.5,31652,-61.61,7.0,0.36
2021-02-18T06:13:24.000,10.26,-15.48,1.21,20.18,20.5,31653,-61.77,7.0,0.36
2021-02-18T06:14:24.000,10.16,-15.43,1.21,20.18,20.5,31654,-61.92,7.0,0.36
2021-02-18T06:15:24.000,10.08,-15.37,1.2,20.18,20.5,31655,-62.08,6.0,0.36
2021-02-18T06:16:24.000,10.0,-15.35,1.19,20.19,20.5,31656,-62.23,6.0,0.36
2021-02-18T06:17:25.000,10.1,-15.54,1.19,20.19,20.5,31657,-62.39,6.0,0.36
2021-02-18T06:18:25.000,10.34,-15.68,1.19,20.19,20.5,31658,-62.54,6.0,0.36
2021-02-18T06:19:25.000,10.41,-15.59,1.19,20.19,20.5,31659,-62.69,6.0,0.36
2021-02-18T06:20:26.000,10.45,-15.52,1.19,20.19,20.5,31660,-62.84,5.0,0.36
2021-02-18T06:21:26.000,10.41,-15.55,1.18,20.2,20.5,31661,-62.99,5.0,0.36
2021-02-18T06:22:26.000,10.32,-15.55,1.17,20.21,20.5,31662,-63.13,5.0,0.36
2021-02-18T06:23:27.000,10.22,-15.43,1.17,20.21,20.5,31663,-63.28,5.0,0.36
2021-02-18T06:24:27.000,10.12,-15.38,1.17,20.21,20.5,31664,-63.43,4.0,0.36
2021-02-18T06:25:27.000,10.04,-15.42,1.17,20.21,20.5,31665,-63.57,4.0,0.361
2021-02-18T06:26:27.000,9.99,-15.59,1.16,20.22,20.5,31666,-63.71,4.0,0.361
2021-02-18T06:27:28.000,10.34,-15.6,1.16,20.22,20.5,31667,-63.85,4.0,0.361
2021-02-18T06:28:28.000,10.7,-15.59,1.15,20.23,20.5,31668,-63.99,4.0,0.361
2021-02-18T06:29:28.000,10.87,-15.52,1.15,20.23,20.5,31669,-64.13,3.0,0.361
2021-02-18T06:30:29.000,10.88,-15.51,1.15,20.23,20.5,31670,-64.27,3.0,0.361
2021-02-18T06:31:29.000,10.8,-15.62,1.14,20.23,20.5,31671,-64.41,3.0,0.361
2021-02-18T06:32:29.000,10.66,-15.56,1.14,20.24,20.5,31672,-64.54,3.0,0.361
2021-02-18T06:33:29.000,10.55,-15.47,1.13,20.24,20.5,31673,-64.68,3.0,0.361
2021-02-18T06:34:29.000,10.42,-15.59,1.13,20.24,20.5,31674,-64.81,3.0,0.361
2021-02-18T06:35:30.000,10.25,-15.82,1.14,20.24,20.5,31675,-64.94,2.0,0.361
2021-02-18T06:36:30.000,10.09,-16.05,1.14,20.24,20.5,31676,-65.07,2.0,0.361
2021-02-18T06:37:30.000,9.96,-16.17,1.14,20.24,20.5,31677,-65.2,2.0,0.361
2021-02-18T06:38:30.000,10.21,-16.49,1.13,20.24,20.5,31678,-65.32,2.0,0.361
2021-02-18T06:39:30.000,10.57,-16.4,1.13,20.25,20.5,31679,-65.45,2.0,0.361
2021-02-18T06:43:31.000,10.55,-15.76,1.12,20.26,20.5,31683,-65.93,1.0,0.362
2021-02-18T06:44:31.000,10.44,-16.02,1.12,20.25,20.5,31684,-66.05,1.0,0.362
2021-02-18T06:48:31.000,10.03,-15.67,1.11,20.26,20.5,31688,-66.49,-0.0,0.362
2021-02-18T07:02:39.000,10.39,-16.16,1.06,20.32,20.5,31702,-67.85,-3.0,0.363
2021-02-18T07:03:41.000,10.55,-16.13,1.06,20.32,20.5,31703,-67.93,-3.0,0.363
2021-02-18T07:04:44.000,10.51,-16.3,1.05,20.32,20.5,31704,-68.01,-3.0,0.363
2021-02-18T07:06:44.000,10.18,-16.16,1.05,20.32,20.5,31706,-68.16,-4.0,0.363
2021-02-18T07:08:47.000,10.01,-16.2,1.05,20.33,20.5,31708,-68.31,-4.0,0.363
2021-02-18T07:09:57.000,10.4,-16.44,1.05,20.33,20.5,31709,-68.39,-4.0,0.363
2021-02-18T07:13:00.000,10.72,-16.13,1.05,20.33,20.5,31712,-68.58,-5.0,0.364
2021-02-18T07:20:13.000,10.74,-16.38,1.04,20.34,20.5,31719,-68.94,-6.0,0.364
2021-02-18T07:21:13.000,10.79,-16.38,1.04,20.34,20.5,31720,-68.98,-7.0,0.364
2021-02-18T07:22:13.000,10.68,-16.38,1.03,20.34,20.5,31721,-69.02,-7.0,0.364
2021-02-18T07:23:13.000,10.52,-16.36,1.03,20.34,20.5,31722,-69.06,-7.0,0.364
2021-02-18T07:24:13.000,10.3,-16.38,1.03,20.34,20.5,31723,-69.09,-7.0,0.364
2021-02-18T07:25:14.000,10.12,-16.31,1.03,20.35,20.5,31724,-69.12,-7.0,0.364
2021-02-18T07:32:25.000,10.87,-16.39,1.03,20.35,20.5,31731,-69.27,-9.0,0.365
2021-02-18T07:33:25.000,10.66,-16.33,1.03,20.35,20.5,31732,-69.28,-9.0,0.365
2021-02-18T07:34:25.000,10.46,-16.37,1.03,20.35,20.5,31733,-69.29,-9.0,0.365
2021-02-18T07:35:25.000,10.19,-16.41,1.03,20.35,20.5,31734,-69.29,-9.0,0.365
2021-02-18T07:36:26.000,9.97,-16.38,1.03,20.35,20.5,31735,-69.29,-9.0,0.365
2021-02-18T07:37:26.000,10.01,-16.68,1.02,20.35,20.5,31736,-69.29,-10.0,0.365
2021-02-18T07:38:26.000,10.44,-16.95,1.02,20.36,20.5,31737,-69.29,-10.0,0.365
2021-02-18T07:39:26.000,10.74,-16.74,1.02,20.36,20.5,31738,-69.29,-10.0,0.365
2021-02-18T07:40:27.000,10.87,-16.56,1.02,20.35,20.5,31739,-69.28,-10.0,0.365
2021-02-18T07:41:27.000,10.83,-16.5,1.02,20.36,20.5,31740,-69.27,-10.0,0.365
2021-02-18T07:43:27.000,10.51,-16.37,1.02,20.36,20.5,31742,-69.24,-11.0,0.365
2021-02-18T07:44:27.000,10.27,-16.48,1.02,20.36,20.5,31743,-69.22,-11.0,0.365
