Downloads/jupyter/ECSV/stars19/stars19_2024-03.ecsv
# %ECSV 1.0
# ---
# datatype:
# - {name: time, datatype: string}
# - {name: Enclosure Temperature, unit: deg_C, datatype: float64}
# - {name: Sky Temperature, unit: deg_C, datatype: float64}
# - {name: Frequency, unit: Hz, datatype: float64}
# - {name: MSAS, unit: mag / arcsec2, datatype: float64}
# - {name: ZP, datatype: float64}
# - {name: Sequence Number, datatype: int64}
# - {name: Sun Alt, unit: deg, datatype: float64}
# - {name: Moon Alt, unit: deg, datatype: float64}
# - {name: Moon Illumination, datatype: float64}
# delimiter: ','
# meta: !!omap
# - ida:
#     Data supplier: {affiliation: null, observer: null}
#     Device type: TESS-W
#     Field of view: 17.0
#     Filters per channel: None
#     Instrument ID: stars19
#     License: ODbL 1.0 http://opendatacommons.org/licenses/odbl/summary/
#     Local timezone: America/Phoenix
#     Location name: {country: '- Tucson', place: Tucson, region: United States, sub_region: Arizona, town: Pima County}
#     Measurement direction per channel: {azimuth: 0.0, zenital: 0.0}
#     Moving / Fixed look direction: FIXED
#     Moving / Stationary position: STATIONARY
#     Number of channels: 1
#     Number of fields per line: 8
#     Number of header lines: 35
#     Position: {height: 0.0, latitude: 32.223877, longitude: -110.767532}
#     TESS MAC address: 18:FE:34:CF:EC:06
#     TESS cover offset value: 0.0
#     TESS firmware version: '1.0'
#     TESS zero point: 20.38
#     Time Synchronization: timestamp added by MQTT subscriber
#     URL: http://www.darksky.org/NSBM/sdf1.0.pdf
# - __serialized_columns__:
#     Enclosure Temperature:
#       __class__: astropy.units.quantity.Quantity
#       unit: &id001 !astropy.units.Unit {unit: deg_C}
#       value: !astropy.table.SerializedColumn {name: Enclosure Temperature}
#     Frequency:
#       __class__: astropy.units.quantity.Quantity
#       unit: !astropy.units.Unit {unit: Hz}
#       value: !astropy.table.SerializedColumn {name: Frequency}
#     MSAS:
#       __class__: astropy.units.quantity.Quantity
#       unit: !astropy.units.Unit {unit: mag / arcsec2}
#       value: !astropy.table.SerializedColumn {name: MSAS}
#     Moon Alt:
#       __class__: astropy.units.quantity.Quantity
#       unit: &id002 !astropy.units.Unit {unit: deg}
#       value: !astropy.table.SerializedColumn {name: Moon Alt}
#     Sky Temperature:
#       __class__: astropy.units.quantity.Quantity
#       unit: *id001
#       value: !astropy.table.SerializedColumn {name: Sky Temperature}
#     Sun Alt:
#       __class__: astropy.units.quantity.Quantity
#       unit: *id002
#       value: !astropy.table.SerializedColumn {name: Sun Alt}
#     time:
#       __class__: astropy.time.core.Time
#       format: isot
#       in_subfmt: '*'
#       out_subfmt: '*'
#       precision: 3
#       scale: utc
#       value: !astropy.table.SerializedColumn {name: time}
# schema: astropy-2.0
time,Enclosure Temperature,Sky Temperature,Frequency,MSAS,ZP,Sequence Number,Sun Alt,Moon Alt,Moon Illumination
[from data line 11352]
2024-03-14T13:06:13.000,12.16,-11.07,200.72,14.63,20.38,237417,-6.65,-30.0,0.232
2024-03-14T13:07:13.000,12.11,-11.11,260.09,14.35,20.38,237418,-6.44,-30.0,0.232
2024-03-14T13:08:14.000,12.12,-11.06,337.6,14.06,20.38,237419,-6.23,-30.0,0.232
2024-03-14T13:09:14.000,12.13,-11.01,438.96,13.78,20.38,237420,-6.01,-30.0,0.232
2024-03-14T13:11:15.000,12.14,-11.11,744.24,13.2,20.38,237422,-5.59,-30.0,0.232
2024-03-14T13:12:15.000,12.08,-11.38,971.44,12.91,20.38,237423,-5.38,-30.0,0.232
2024-03-14T13:13:15.000,11.99,-11.44,1266.65,12.63,20.38,237424,-5.16,-29.0,0.232
2024-03-14T13:14:15.000,11.89,-11.6,1649.98,12.34,20.38,237425,-4.95,-29.0,0.232
2024-03-14T13:15:15.000,11.82,-11.56,2138.54,12.06,20.38,237426,-4.74,-29.0,0.232
2024-03-14T13:16:15.000,11.76,-11.6,2749.6,11.78,20.38,237427,-4.53,-29.0,0.233
2024-03-14T13:17:15.000,11.69,-11.61,3505.03,11.52,20.38,237428,-4.32,-29.0,0.233
2024-03-14T13:18:15.000,11.64,-11.63,4433.57,11.27,20.38,237429,-4.11,-29.0,0.233
2024-03-14T13:19:15.000,11.64,-11.38,5599.42,11.01,20.38,237430,-3.89,-29.0,0.233
2024-03-14T13:20:15.000,11.68,-11.28,7063.03,10.76,20.38,237431,-3.68,-29.0,0.233
2024-03-14T13:21:15.000,11.74,-11.32,8886.04,10.51,20.38,237432,-3.47,-29.0,0.233
2024-03-14T13:22:15.000,11.74,-11.37,11152.98,10.26,20.38,237433,-3.26,-28.0,0.233
2024-03-14T13:23:15.000,11.69,-11.5,13912.79,10.02,20.38,237434,-3.05,-28.0,0.233
2024-03-14T13:24:15.000,11.73,-11.37,17252.87,9.79,20.38,237435,-2.84,-28.0,0.233
2024-03-14T13:25:15.000,11.71,-11.46,21190.25,9.57,20.38,237436,-2.62,-28.0,0.233
2024-03-14T13:26:15.000,11.67,-11.51,25418.68,9.45,20.38,237437,-2.41,-28.0,0.233
2024-03-14T13:27:15.000,11.65,-11.52,30791.84,9.16,20.38,237438,-2.2,-28.0,0.233
2024-03-14T13:28:15.000,11.61,-11.66,35977.16,9.07,20.38,237439,-1.99,-28.0,0.233
2024-03-14T13:29:16.000,11.61,-11.32,42544.0,8.81,20.38,237440,-1.77,-28.0,0.233
2024-03-14T13:30:16.000,11.65,-11.33,49320.79,8.65,20.38,237441,-1.56,-27.0,0.233
2024-03-14T13:31:16.000,11.68,-11.31,56069.93,8.61,20.38,237442,-1.35,-27.0,0.234
2024-03-14T13:32:16.000,11.7,-11.27,33864.14,4.52,20.38,237443,-1.14,-27.0,0.234
2024-03-14T13:33:16.000,11.74,-11.3,0.0,0.0,20.38,237444,-0.93,-27.0,0.234
2024-03-14T13:34:16.000,11.74,-11.35,0.0,0.0,20.38,237445,-0.72,-27.0,0.234
2024-03-14T13:35:16.000,11.73,-11.41,0.0,0.0,20.38,237446,-0.5,-27.0,0.234
2024-03-14T13:53:18.000,11.48,-11.09,0.0,0.0,20.38,237464,3.31,-24.0,0.235
2024-03-14T13:54:18.000,11.5,-11.26,0.0,0.0,20.38,237465,3.52,-24.0,0.235
2024-03-14T13:55:18.000,11.49,-11.15,0.0,0.0,20.38,237466,3.73,-24.0,0.235
2024-03-14T13:56:18.000,11.56,-11.06,0.12,0.1,20.38,237467,3.94,-24.0,0.235
2024-03-14T13:57:18.000,11.58,-11.04,0.0,0.0,20.38,237468,4.15,-24.0,0.235
2024-03-14T13:58:18.000,11.59,-11.01,0.23,0.09,20.38,237469,4.36,-24.0,0.235
2024-03-14T13:59:18.000,11.61,-11.07,0.0,0.0,20.38,237470,4.57,-24.0,0.235
2024-03-14T14:00:18.000,11.61,-11.03,0.37,0.18,20.38,237471,4.78,-23.0,0.235
2024-03-14T14:01:18.000,11.64,-10.93,0.0,0.0,20.38,237472,4.99,-23.0,0.236
2024-03-14T14:02:18.000,11.67,-11.0,0.0,0.0,20.38,237473,5.2,-23.0,0.236
2024-03-14T14:03:19.000,11.72,-10.86,0.1,0.09,20.38,237474,5.42,-23.0,0.236
2024-03-14T14:08:20.000,11.92,-10.77,0.0,0.0,20.38,237479,6.47,-22.0,0.236
2024-03-14T14:09:20.000,11.92,-10.72,0.0,0.0,20.38,237480,6.68,-22.0,0.236
2024-03-14T14:10:20.000,11.93,-10.74,0.0,0.0,20.38,237481,6.89,-22.0,0.236
2024-03-14T14:11:21.000,11.97,-10.65,0.0,0.0,20.38,237482,7.11,-22.0,0.236
2024-03-14T14:12:20.000,11.98,-10.66,0.0,0.0,20.38,237483,7.31,-22.0,0.236
2024-03-14T14:13:20.000,12.03,-10.62,0.2,0.1,20.38,237484,7.52,-22.0,0.236
2024-03-14T14:14:20.000,12.04,-10.71,0.0,0.0,20.38,237485,7.73,-21.0,0.236
2024-03-14T14:15:20.000,12.03,-10.77,0.0,0.0,20.38,237486,7.94,-21.0,0.236
2024-03-14T14:16:20.000,12.03,-10.76,0.0,0.0,20.38,237487,8.15,-21.0,0.237
2024-03-14T14:21:21.000,12.23,-10.42,0.0,0.0,20.38,237492,9.2,-20.0,0.237
2024-03-14T14:22:21.000,12.31,-10.33,0.0,0.0,20.38,237493,9.41,-20.0,0.237
2024-03-14T14:23:21.000,12.37,-10.32,0.0,0.0,20.38,237494,9.62,-20.0,0.237
2024-03-14T14:25:21.000,12.39,-10.3,0.0,0.0,20.38,237496,10.04,-20.0,0.237
2024-03-14T14:26:21.000,12.38,-10.57,0.0,0.0,20.38,237497,10.25,-20.0,0.237
2024-03-14T14:27:21.000,12.33,-10.56,0.0,0.0,20.38,237498,10.46,-19.0,0.237
2024-03-14T15:05:25.000,14.34,-8.34,0.0,0.0,20.38,237536,18.34,-13.0,0.24
2024-03-14T15:06:25.000,14.31,-8.47,0.0,0.0,20.38,237537,18.54,-13.0,0.24
2024-03-14T15:07:25.000,14.25,-8.49,0.0,0.0,20.38,237538,18.74,-13.0,0.24
2024-03-14T15:09:26.000,14.31,-8.09,0.0,0.0,20.38,237540,19.16,-13.0,0.24
2024-03-14T15:10:26.000,14.36,-7.96,0.0,0.0,20.38,237541,19.36,-12.0,0.24
2024-03-14T15:11:27.000,14.43,-7.79,0.0,0.0,20.38,237542,19.57,-12.0,0.24
2024-03-14T15:26:29.000,15.19,-6.18,0.0,0.0,20.38,237557,22.61,-10.0,0.241
2024-03-14T15:27:29.000,15.18,-5.95,0.0,0.0,20.38,237558,22.81,-10.0,0.241
2024-03-14T15:28:29.000,15.22,-5.61,0.0,0.0,20.38,237559,23.01,-9.0,0.241
2024-03-14T15:30:29.000,15.29,-5.46,0.0,0.0,20.38,237561,23.42,-9.0,0.241
2024-03-14T15:31:29.000,15.33,-5.29,0.0,0.0,20.38,237562,23.62,-9.0,0.242
2024-03-14T15:34:29.000,15.56,-4.7,0.0,0.0,20.38,237565,24.22,-8.0,0.242
2024-03-14T15:35:29.000,15.64,-4.6,0.0,0.0,20.38,237566,24.42,-8.0,0.242
2024-03-14T15:37:30.000,15.8,-4.33,0.0,0.0,20.38,237568,24.82,-8.0,0.242
2024-03-14T15:38:30.000,15.86,-3.95,0.0,0.0,20.38,237569,25.02,-8.0,0.242
2024-03-14T15:39:30.000,16.0,-3.77,0.0,0.0,20.38,237570,25.21,-7.0,0.242
2024-03-14T16:27:37.000,19.16,3.26,0.0,0.0,20.38,237618,34.47,1.0,0.245
2024-03-14T16:28:37.000,19.31,3.19,0.0,0.0,20.38,237619,34.66,2.0,0.245
2024-03-14T16:29:37.000,19.37,3.11,0.0,0.0,20.38,237620,34.84,2.0,0.245
2024-03-14T16:31:37.000,19.45,3.38,0.0,0.0,20.38,237622,35.21,2.0,0.246
2024-03-14T16:32:37.000,19.49,3.09,0.0,0.0,20.38,237623,35.39,2.0,0.246
2024-03-14T16:33:38.000,19.48,3.25,0.0,0.0,20.38,237624,35.58,2.0,0.246
2024-03-14T16:34:38.000,19.56,3.53,0.0,0.0,20.38,237625,35.76,3.0,0.246
2024-03-14T16:35:38.000,19.58,3.41,0.0,0.0,20.38,237626,35.94,3.0,0.246
2024-03-14T16:36:39.000,19.68,3.76,0.0,0.0,20.38,237627,36.13,3.0,0.246
2024-03-14T16:38:39.000,19.89,3.77,0.0,0.0,20.38,237629,36.49,3.0,0.246
2024-03-14T16:41:39.000,20.12,4.34,0.0,0.0,20.38,237632,37.03,4.0,0.246
2024-03-14T16:42:39.000,20.18,3.92,0.0,0.0,20.38,237633,37.21,4.0,0.246
2024-03-14T16:43:39.000,20.23,4.27,0.0,0.0,20.38,237634,37.39,4.0,0.246
2024-03-14T16:54:40.000,21.54,6.59,0.0,0.0,20.38,237645,39.33,6.0,0.247
2024-03-14T16:55:40.000,22.17,8.18,0.0,0.0,20.38,237646,39.5,7.0,0.247
2024-03-14T16:56:40.000,22.87,8.85,0.0,0.0,20.38,237647,39.67,7.0,0.247
2024-03-14T16:58:41.000,24.13,9.58,0.0,0.0,20.38,237649,40.02,7.0,0.247
2024-03-14T16:59:41.000,24.82,9.72,0.0,0.0,20.38,237650,40.19,7.0,0.248
2024-03-14T17:00:41.000,25.35,9.93,0.0,0.0,20.38,237651,40.36,8.0,0.248
2024-03-14T17:01:42.000,26.06,10.25,0.0,0.0,20.38,237652,40.54,8.0,0.248
2024-03-14T17:07:42.000,28.91,10.78,0.0,0.0,20.38,237658,41.55,9.0,0.248
2024-03-14T17:08:42.000,29.25,10.03,0.0,0.0,20.38,237659,41.71,9.0,0.248
2024-03-14T17:09:42.000,29.58,11.02,0.0,0.0,20.38,237660,41.88,9.0,0.248
2024-03-14T17:10:42.000,30.1,10.55,0.0,0.0,20.38,237661,42.04,10.0,0.248
2024-03-14T17:12:43.000,30.49,10.77,0.0,0.0,20.38,237663,42.37,10.0,0.248
2024-03-14T17:13:43.000,30.86,11.41,0.0,0.0,20.38,237664,42.54,10.0,0.248
2024-03-14T17:14:43.000,31.23,11.31,0.0,0.0,20.38,237665,42.7,10.0,0.249
2024-03-14T17:17:43.000,31.28,9.86,0.0,0.0,20.38,237668,43.18,11.0,0.249
2024-03-14T17:18:43.000,31.1,10.1,0.0,0.0,20.38,237669,43.34,11.0,0.249
2024-03-14T17:19:43.000,30.9,10.11,0.0,0.0,20.38,237670,43.5,11.0,0.249
2024-03-14T17:21:43.000,30.85,11.9,0.0,0.0,20.38,237672,43.82,12.0,0.249
2024-03-14T17:23:44.000,31.42,13.79,0.0,0.0,20.38,237674,44.14,12.0,0.249
2024-03-14T17:25:44.000,32.36,15.69,0.0,0.0,20.38,237676,44.45,12.0,0.249
2024-03-14T17:27:44.000,32.77,15.61,0.0,0.0,20.38,237678,44.76,13.0,0.249
2024-03-14T17:28:44.000,32.89,16.62,0.0,0.0,20.38,237679,44.91,13.0,0.249
2024-03-14T17:30:44.000,33.32,18.53,0.0,0.0,20.38,237681,45.22,13.0,0.25
2024-03-14T17:31:44.000,33.64,18.75,0.0,0.0,20.38,237682,45.37,14.0,0.25
2024-03-14T17:32:44.000,34.07,18.96,0.0,0.0,20.38,237683,45.52,14.0,0.25
2024-03-14T17:34:44.000,34.21,17.51,0.0,0.0,20.38,237685,45.82,14.0,0.25
2024-03-14T17:35:44.000,34.2,17.23,0.0,0.0,20.38,237686,45.97,14.0,0.25
2024-03-14T17:38:44.000,33.51,15.74,0.0,0.0,20.38,237689,46.41,15.0,0.25
2024-03-14T17:39:45.000,33.58,13.98,0.0,0.0,20.38,237690,46.56,15.0,0.25
2024-03-14T17:41:45.000,33.89,13.8,0.0,0.0,20.38,237692,46.84,16.0,0.25
2024-03-14T17:42:45.000,33.62,13.16,0.0,0.0,20.38,237693,46.99,16.0,0.25
2024-03-14T17:43:45.000,33.13,9.71,0.0,0.0,20.38,237694,47.13,16.0,0.25
2024-03-14T17:44:45.000,32.0,8.71,0.0,0.0,20.38,237695,47.27,16.0,0.251
2024-03-14T17:45:45.000,31.42,8.06,0.0,0.0,20.38,237696,47.41,16.0,0.251
2024-03-14T17:46:45.000,30.65,7.75,0.0,0.0,20.38,237697,47.55,17.0,0.251
2024-03-14T17:48:45.000,30.18,8.65,0.0,0.0,20.38,237699,47.83,17.0,0.251
2024-03-14T17:49:45.000,29.91,7.99,0.0,0.0,20.38,237700,47.96,17.0,0.251
2024-03-14T17:50:45.000,29.47,8.62,0.0,0.0,20.38,237701,48.1,17.0,0.251
2024-03-14T17:51:45.000,29.69,11.28,0.0,0.0,20.38,237702,48.24,18.0,0.251
2024-03-14T17:53:45.000,31.01,14.19,0.0,0.0,20.38,237704,48.5,18.0,0.251
2024-03-14T17:54:46.000,31.68,15.25,0.0,0.0,20.38,237705,48.64,18.0,0.251
2024-03-14T17:55:46.000,32.55,15.6,0.0,0.0,20.38,237706,48.77,18.0,0.251
2024-03-14T18:05:48.000,34.48,12.34,0.0,0.0,20.38,237716,50.04,20.0,0.252
2024-03-14T18:06:48.000,34.77,12.62,0.0,0.0,20.38,237717,50.16,21.0,0.252
2024-03-14T18:07:48.000,34.92,11.13,0.0,0.0,20.38,237718,50.28,21.0,0.252
2024-03-14T18:09:49.000,35.29,11.26,0.0,0.0,20.38,237720,50.51,21.0,0.252
2024-03-14T18:10:49.000,35.65,11.38,0.0,0.0,20.38,237721,50.63,21.0,0.252
2024-03-14T18:11:51.000,35.91,11.38,0.0,0.0,20.38,237722,50.75,22.0,0.252
2024-03-14T18:17:51.000,35.54,7.67,0.0,0.0,20.38,237728,51.42,23.0,0.253
2024-03-14T18:18:51.000,34.43,8.25,0.0,0.0,20.38,237729,51.53,23.0,0.253
2024-03-14T18:19:53.000,34.44,12.94,0.0,0.0,20.38,237730,51.64,23.0,0.253
2024-03-14T18:22:53.000,35.79,13.57,0.0,0.0,20.38,237733,51.95,24.0,0.253
2024-03-14T18:23:53.000,36.04,13.16,0.0,0.0,20.38,237734,52.05,24.0,0.253
2024-03-14T18:24:54.000,36.31,12.46,0.0,0.0,20.38,237735,52.15,24.0,0.253
2024-03-14T19:57:10.000,31.58,10.67,0.0,0.0,20.38,237827,55.17,43.0,0.26
2024-03-14T19:58:11.000,31.53,9.24,0.0,0.0,20.38,237828,55.12,43.0,0.26
2024-03-14T19:59:11.000,31.58,10.64,0.0,0.0,20.38,237829,55.08,44.0,0.26
2024-03-14T20:01:11.000,31.59,10.99,0.0,0.0,20.38,237831,54.99,44.0,0.26
2024-03-14T20:02:12.000,32.38,15.0,0.0,0.0,20.38,237832,54.94,44.0,0.26
2024-03-14T20:03:12.000,33.33,15.14,0.0,0.0,20.38,237833,54.9,45.0,0.26
2024-03-14T21:14:22.000,38.45,10.83,0.0,0.0,20.38,237904,48.0,59.0,0.265
2024-03-14T21:15:22.000,38.36,9.73,0.0,0.0,20.38,237905,47.87,59.0,0.265
2024-03-14T21:16:22.000,38.46,9.66,0.0,0.0,20.38,237906,47.73,60.0,0.265
2024-03-14T21:18:22.000,38.99,8.25,0.0,0.0,20.38,237908,47.45,60.0,0.265
2024-03-14T21:19:22.000,39.0,7.09,0.0,0.0,20.38,237909,47.31,60.0,0.265
2024-03-14T21:20:23.000,38.95,7.08,0.0,0.0,20.38,237910,47.17,60.0,0.265
2024-03-14T21:33:24.000,38.33,6.02,0.0,0.0,20.38,237923,45.26,63.0,0.266
2024-03-14T21:34:24.000,38.18,5.9,0.0,0.0,20.38,237924,45.11,63.0,0.266
2024-03-14T21:35:24.000,37.71,4.48,0.0,0.0,20.38,237925,44.95,64.0,0.266
2024-03-14T21:42:25.000,35.66,3.45,0.0,0.0,20.38,237932,43.86,65.0,0.267
2024-03-14T21:43:25.000,35.65,4.78,0.0,0.0,20.38,237933,43.71,65.0,0.267
2024-03-14T21:44:25.000,36.27,6.24,0.0,0.0,20.38,237934,43.55,65.0,0.267
2024-03-14T21:51:27.000,37.1,5.02,0.0,0.0,20.38,237941,42.41,67.0,0.267
2024-03-14T21:52:26.000,36.92,4.82,0.0,0.0,20.38,237942,42.25,67.0,0.267
2024-03-14T21:53:27.000,36.74,4.85,0.0,0.0,20.38,237943,42.08,67.0,0.268
2024-03-14T22:04:30.000,38.96,5.58,0.0,0.0,20.38,237954,40.23,69.0,0.268
2024-03-14T22:05:30.000,38.38,4.05,0.0,0.0,20.38,237955,40.06,69.0,0.268
2024-03-14T22:06:30.000,37.82,3.09,0.0,0.0,20.38,237956,39.89,70.0,0.268
2024-03-14T22:08:31.000,35.98,0.34,0.0,0.0,20.38,237958,39.54,70.0,0.269
2024-03-14T22:10:31.000,34.77,1.04,0.0,0.0,20.38,237960,39.19,70.0,0.269
2024-03-14T22:11:31.000,34.08,0.32,0.0,0.0,20.38,237961,39.02,71.0,0.269
2024-03-14T22:13:31.000,32.27,-0.46,0.0,0.0,20.38,237963,38.67,71.0,0.269
2024-03-14T22:14:31.000,31.62,-0.83,0.0,0.0,20.38,237964,38.49,71.0,0.269
2024-03-14T22:15:31.000,30.93,-0.64,0.0,0.0,20.38,237965,38.32,71.0,0.269
2024-03-14T22:16:32.000,30.39,-0.81,0.0,0.0,20.38,237966,38.14,72.0,0.269
2024-03-14T22:20:33.000,29.15,0.62,0.0,0.0,20.38,237970,37.43,72.0,0.269
2024-03-14T22:21:33.000,28.99,1.25,0.0,0.0,20.38,237971,37.25,72.0,0.269
2024-03-14T22:22:33.000,29.09,1.49,0.0,0.0,20.38,237972,37.07,73.0,0.27
2024-03-14T23:20:42.000,27.39,3.86,0.0,0.0,20.38,238030,26.05,81.0,0.274
2024-03-14T23:21:42.000,27.34,4.2,0.0,0.0,20.38,238031,25.86,81.0,0.274
2024-03-14T23:22:42.000,27.35,5.01,0.0,0.0,20.38,238032,25.66,81.0,0.274
2024-03-14T23:58:08.000,26.14,1.8,0.0,0.0,20.38,238067,18.52,79.0,0.276
2024-03-14T23:59:08.000,26.03,1.7,0.0,0.0,20.38,238068,18.32,79.0,0.276
2024-03-15T00:00:08.000,26.0,1.61,0.0,0.0,20.38,238069,18.11,79.0,0.276
2024-03-15T00:46:12.000,24.17,0.05,0.0,0.0,20.38,238115,8.56,71.0,0.28
2024-03-15T00:47:12.000,24.16,-0.02,0.0,0.0,20.38,238116,8.35,71.0,0.28
2024-03-15T00:48:12.000,24.12,-0.18,0.0,0.0,20.38,238117,8.14,71.0,0.28
2024-03-15T00:49:12.000,24.03,-0.19,0.19,0.09,20.38,238118,7.94,71.0,0.28
2024-03-15T00:50:12.000,23.94,-0.03,0.0,0.0,20.38,238119,7.73,70.0,0.28
2024-03-15T00:51:12.000,23.88,0.23,0.0,0.0,20.38,238120,7.52,70.0,0.28
2024-03-15T00:52:12.000,23.79,0.38,0.0,0.0,20.38,238121,7.31,70.0,0.28
2024-03-15T01:01:13.000,23.37,1.41,0.0,0.0,20.38,238130,5.41,68.0,0.281
2024-03-15T01:02:13.000,23.39,2.34,0.0,0.0,20.38,238131,5.2,68.0,0.281
2024-03-15T01:03:13.000,23.39,2.96,0.0,0.0,20.38,238132,4.99,68.0,0.281
2024-03-15T01:05:13.000,23.39,3.54,0.0,0.0,20.38,238134,4.57,68.0,0.281
2024-03-15T01:06:13.000,23.41,3.62,0.0,0.0,20.38,238135,4.36,67.0,0.281
2024-03-15T01:07:13.000,23.42,3.72,0.0,0.0,20.38,238136,4.15,67.0,0.281
2024-03-15T01:24:17.000,23.13,1.58,0.0,0.0,20.38,238153,0.55,64.0,0.282
2024-03-15T01:25:17.000,23.09,1.56,0.0,0.0,20.38,238154,0.34,64.0,0.282
2024-03-15T01:26:17.000,23.08,1.42,0.0,0.0,20.38,238155,0.13,63.0,0.282
2024-03-15T01:28:36.000,23.04,0.51,0.0,0.0,20.38,238157,-0.36,63.0,0.282
2024-03-15T01:29:37.000,22.95,0.25,0.0,0.0,20.38,238158,-0.58,63.0,0.283
2024-03-15T01:30:37.000,22.82,0.34,0.0,0.0,20.38,238159,-0.79,62.0,0.283
2024-03-15T01:31:37.000,22.73,1.33,0.0,0.0,20.38,238160,-1.0,62.0,0.283
2024-03-15T01:32:37.000,22.72,2.67,0.0,0.0,20.38,238161,-1.21,62.0,0.283
2024-03-15T01:33:37.000,22.68,3.93,0.0,0.0,20.38,238162,-1.42,62.0,0.283
2024-03-15T01:34:37.000,22.61,4.41,57322.52,7.74,20.38,238163,-1.63,62.0,0.283
2024-03-15T01:35:37.000,22.49,3.89,54777.14,8.54,20.38,238164,-1.84,61.0,0.283
2024-03-15T01:36:37.000,22.4,3.17,43177.33,8.79,20.38,238165,-2.06,61.0,0.283
2024-03-15T01:37:37.000,22.41,2.28,34143.73,9.05,20.38,238166,-2.27,61.0,0.283
2024-03-15T01:38:37.000,22.36,1.75,26162.52,9.34,20.38,238167,-2.48,61.0,0.283
2024-03-15T01:39:37.000,22.36,1.69,21414.53,9.55,20.38,238168,-2.69,61.0,0.283
2024-03-15T01:40:37.000,22.37,1.64,20144.16,9.62,20.38,238169,-2.9,60.0,0.283
2024-03-15T01:42:38.000,22.34,1.91,14220.43,10.0,20.38,238171,-3.33,60.0,0.283
2024-03-15T01:43:38.000,22.27,1.77,10012.76,10.38,20.38,238172,-3.54,60.0,0.283
2024-03-15T01:44:38.000,22.22,1.98,8060.47,10.61,20.38,238173,-3.75,60.0,0.284
2024-03-15T01:45:38.000,22.2,1.96,6683.57,10.82,20.38,238174,-3.96,59.0,0.284
2024-03-15T01:46:38.000,22.19,1.87,4825.66,11.18,20.38,238175,-4.17,59.0,0.284
2024-03-15T01:47:39.000,22.16,1.83,3532.47,11.51,20.38,238176,-4.39,59.0,0.284
2024-03-15T01:48:39.000,22.14,1.96,2761.98,11.78,20.38,238177,-4.6,59.0,0.284
