Downloads/jupyter/ECSV/stars19/stars19_2020-05.ecsv
# %ECSV 1.0
# ---
# datatype:
# - {name: time, datatype: string}
# - {name: Enclosure Temperature, unit: deg_C, datatype: float64}
# - {name: Sky Temperature, unit: deg_C, datatype: float64}
# - {name: Frequency, unit: Hz, datatype: float64}
# - {name: MSAS, unit: mag / arcsec2, datatype: float64}
# - {name: ZP, datatype: float64}
# - {name: Sequence Number, datatype: int64}
# - {name: Sun Alt, unit: deg, datatype: float64}
# - {name: Moon Alt, unit: deg, datatype: float64}
# - {name: Moon Illumination, datatype: float64}
# delimiter: ','
# meta: !!omap
# - ida:
#     Data supplier: {affiliation: null, observer: null}
#     Device type: TESS-W
#     Field of view: 17.0
#     Filters per channel: None
#     Instrument ID: stars19
#     License: ODbL 1.0 http://opendatacommons.org/licenses/odbl/summary/
#     Local timezone: America/Phoenix
#     Location name: {country: '- Tucson', place: Tucson, region: United States, sub_region: Arizona, town: Pima County}
#     Measurement direction per channel: {azimuth: 0.0, zenital: 0.0}
#     Moving / Fixed look direction: FIXED
#     Moving / Stationary position: STATIONARY
#     Number of channels: 1
#     Number of fields per line: 8
#     Number of header lines: 35
#     Position: {height: 0.0, latitude: 32.223877, longitude: -110.767532}
#     TESS MAC address: 18:FE:34:CF:EC:06
#     TESS cover offset value: 0.0
#     TESS firmware version: '1.0'
#     TESS zero point: 20.5
#     Time Synchronization: timestamp added by MQTT subscriber
#     URL: http://www.darksky.org/NSBM/sdf1.0.pdf
# - __serialized_columns__:
#     Enclosure Temperature:
#       __class__: astropy.units.quantity.Quantity
#       unit: &id001 !astropy.units.Unit {unit: deg_C}
#       value: !astropy.table.SerializedColumn {name: Enclosure Temperature}
#     Frequency:
#       __class__: astropy.units.quantity.Quantity
#       unit: !astropy.units.Unit {unit: Hz}
#       value: !astropy.table.SerializedColumn {name: Frequency}
#     MSAS:
#       __class__: astropy.units.quantity.Quantity
#       unit: !astropy.units.Unit {unit: mag / arcsec2}
#       value: !astropy.table.SerializedColumn {name: MSAS}
#     Moon Alt:
#       __class__: astropy.units.quantity.Quantity
#       unit: &id002 !astropy.units.Unit {unit: deg}
#       value: !astropy.table.SerializedColumn {name: Moon Alt}
#     Sky Temperature:
#       __class__: astropy.units.quantity.Quantity
#       unit: *id001
#       value: !astropy.table.SerializedColumn {name: Sky Temperature}
#     Sun Alt:
#       __class__: astropy.units.quantity.Quantity
#       unit: *id002
#       value: !astropy.table.SerializedColumn {name: Sun Alt}
#     time:
#       __class__: astropy.time.core.Time
#       format: isot
#       in_subfmt: '*'
#       out_subfmt: '*'
#       precision: 3
#       scale: utc
#       value: !astropy.table.SerializedColumn {name: time}
# schema: astropy-2.0
time,Enclosure Temperature,Sky Temperature,Frequency,MSAS,ZP,Sequence Number,Sun Alt,Moon Alt,Moon Illumination
[from data line 7815]
2020-05-11T07:14:49.000,26.14,6.05,2.95,19.21,20.5,22181,-39.75,12.0,0.814
2020-05-11T07:15:50.000,26.12,6.19,2.85,19.24,20.5,22182,-39.75,12.0,0.814
2020-05-11T07:16:50.000,26.14,6.11,2.72,19.29,20.5,22183,-39.75,12.0,0.814
2020-05-11T07:17:53.000,26.12,5.97,2.61,19.34,20.5,22184,-39.76,12.0,0.814
2020-05-11T07:18:53.000,26.1,5.9,2.49,19.39,20.5,22185,-39.76,12.0,0.814
2020-05-11T07:19:53.000,26.06,5.79,2.38,19.44,20.5,22186,-39.76,12.0,0.814
2020-05-11T07:20:54.000,26.05,5.66,2.3,19.48,20.5,22187,-39.76,12.0,0.814
2020-05-11T07:27:55.000,25.85,5.25,2.5,19.38,20.5,22194,-39.71,14.0,0.813
2020-05-11T07:28:55.000,25.84,5.32,2.72,19.29,20.5,22195,-39.7,14.0,0.813
2020-05-11T07:30:56.000,25.82,5.24,2.49,19.39,20.5,22197,-39.68,14.0,0.813
2020-05-11T07:31:56.000,25.81,5.31,2.39,19.43,20.5,22198,-39.67,14.0,0.813
2020-05-11T07:32:56.000,25.82,5.25,2.35,19.45,20.5,22199,-39.65,14.0,0.813
2020-05-11T07:33:57.000,25.82,5.21,2.27,19.49,20.5,22200,-39.63,14.0,0.813
2020-05-11T07:36:57.000,25.81,5.08,2.24,19.5,20.5,22203,-39.58,15.0,0.813
2020-05-11T07:39:57.000,25.73,5.05,2.41,19.43,20.5,22206,-39.51,15.0,0.812
2020-05-11T07:42:58.000,25.64,5.09,2.84,19.25,20.5,22209,-39.44,16.0,0.812
2020-05-11T07:43:58.000,25.61,5.17,2.86,19.24,20.5,22210,-39.41,16.0,0.812
2020-05-11T07:44:59.000,25.58,5.24,2.85,19.24,20.5,22211,-39.38,16.0,0.812
2020-05-11T07:45:59.000,25.56,5.25,2.99,19.19,20.5,22212,-39.35,16.0,0.812
2020-05-11T07:46:59.000,25.54,5.22,2.99,19.19,20.5,22213,-39.32,16.0,0.812
2020-05-11T07:48:00.000,25.49,5.08,2.89,19.23,20.5,22214,-39.29,17.0,0.812
2020-05-11T07:49:00.000,25.44,5.17,2.78,19.27,20.5,22215,-39.26,17.0,0.812
2020-05-11T07:50:00.000,25.42,5.06,2.81,19.26,20.5,22216,-39.22,17.0,0.812
2020-05-11T07:51:00.000,25.35,4.91,2.86,19.24,20.5,22217,-39.19,17.0,0.812
2020-05-11T07:52:00.000,25.33,4.99,2.95,19.21,20.5,22218,-39.15,17.0,0.812
2020-05-11T07:53:01.000,25.3,4.94,3.08,19.16,20.5,22219,-39.11,17.0,0.812
2020-05-11T07:54:01.000,25.26,4.98,3.23,19.11,20.5,22220,-39.07,17.0,0.812
2020-05-11T07:55:02.000,25.23,4.99,3.47,19.03,20.5,22221,-39.03,18.0,0.812
2020-05-11T07:56:02.000,25.2,5.03,3.51,19.02,20.5,22222,-38.99,18.0,0.812
2020-05-11T07:57:02.000,25.17,5.02,3.35,19.07,20.5,22223,-38.95,18.0,0.811
2020-05-11T07:58:02.000,25.16,5.07,3.25,19.1,20.5,22224,-38.91,18.0,0.811
2020-05-11T07:59:02.000,25.13,5.02,3.13,19.14,20.5,22225,-38.86,18.0,0.811
2020-05-11T08:00:03.000,25.12,5.05,3.03,19.18,20.5,22226,-38.82,18.0,0.811
2020-05-11T08:01:03.000,25.12,5.04,2.99,19.19,20.5,22227,-38.77,18.0,0.811
2020-05-11T08:02:03.000,25.12,5.04,3.07,19.16,20.5,22228,-38.72,19.0,0.811
2020-05-11T08:03:03.000,25.11,4.96,3.25,19.1,20.5,22229,-38.68,19.0,0.811
2020-05-11T08:04:03.000,25.08,4.85,3.15,19.13,20.5,22230,-38.63,19.0,0.811
2020-05-11T08:05:04.000,25.03,4.79,2.95,19.21,20.5,22231,-38.57,19.0,0.811
2020-05-11T08:06:04.000,25.01,4.79,2.83,19.25,20.5,22232,-38.52,19.0,0.811
2020-05-11T08:08:04.000,24.94,4.64,2.78,19.27,20.5,22234,-38.42,19.0,0.811
2020-05-11T08:10:05.000,24.94,4.68,2.7,19.3,20.5,22236,-38.31,20.0,0.811
2020-05-11T08:11:05.000,24.93,4.66,2.65,19.32,20.5,22237,-38.25,20.0,0.811
2020-05-11T08:12:05.000,24.93,4.69,2.63,19.33,20.5,22238,-38.19,20.0,0.811
2020-05-11T08:13:06.000,24.93,4.69,2.59,19.35,20.5,22239,-38.13,20.0,0.811
2020-05-11T08:14:06.000,24.93,4.69,2.59,19.34,20.5,22240,-38.07,20.0,0.81
2020-05-11T08:15:07.000,24.87,4.45,2.66,19.32,20.5,22241,-38.01,20.0,0.81
2020-05-11T08:16:07.000,24.83,4.73,2.78,19.27,20.5,22242,-37.95,20.0,0.81
2020-05-11T08:17:07.000,24.84,4.79,2.91,19.22,20.5,22243,-37.88,21.0,0.81
2020-05-11T08:18:07.000,24.84,4.88,2.99,19.19,20.5,22244,-37.82,21.0,0.81
2020-05-11T08:19:07.000,24.83,4.97,3.2,19.12,20.5,22245,-37.75,21.0,0.81
2020-05-11T08:20:07.000,24.82,5.01,3.48,19.03,20.5,22246,-37.69,21.0,0.81
2020-05-11T08:21:07.000,24.81,5.16,3.8,18.93,20.5,22247,-37.62,21.0,0.81
2020-05-11T08:22:08.000,24.81,5.15,4.21,18.82,20.5,22248,-37.55,21.0,0.81
2020-05-11T08:23:08.000,24.75,4.94,4.46,18.76,20.5,22249,-37.48,21.0,0.81
2020-05-11T08:24:08.000,24.65,5.06,4.38,18.78,20.5,22250,-37.41,22.0,0.81
2020-05-11T08:25:09.000,24.62,5.24,4.43,18.77,20.5,22251,-37.34,22.0,0.81
2020-05-11T08:26:09.000,24.64,5.22,4.43,18.76,20.5,22252,-37.27,22.0,0.81
2020-05-11T08:28:10.000,24.62,5.21,4.07,18.86,20.5,22254,-37.12,22.0,0.81
2020-05-11T08:29:10.000,24.62,5.22,3.9,18.9,20.5,22255,-37.04,22.0,0.81
2020-05-11T08:30:11.000,24.63,5.22,3.76,18.94,20.5,22256,-36.97,22.0,0.809
2020-05-11T08:31:11.000,24.62,5.16,3.69,18.96,20.5,22257,-36.89,22.0,0.809
2020-05-11T08:32:11.000,24.62,5.23,3.7,18.96,20.5,22258,-36.81,23.0,0.809
2020-05-11T08:33:11.000,24.63,5.18,3.79,18.93,20.5,22259,-36.73,23.0,0.809
2020-05-11T08:35:12.000,24.61,5.06,4.09,18.85,20.5,22261,-36.57,23.0,0.809
2020-05-11T08:44:13.000,24.62,4.62,3.6,18.99,20.5,22270,-35.8,24.0,0.809
2020-05-11T08:46:14.000,24.47,4.48,3.77,18.94,20.5,22272,-35.62,24.0,0.809
2020-05-11T08:47:14.000,24.42,4.42,3.84,18.92,20.5,22273,-35.52,24.0,0.808
2020-05-11T08:48:15.000,24.41,4.7,3.78,18.94,20.5,22274,-35.43,24.0,0.808
2020-05-11T08:49:15.000,24.41,4.66,3.84,18.92,20.5,22275,-35.33,25.0,0.808
2020-05-11T08:50:15.000,24.37,4.64,3.9,18.9,20.5,22276,-35.24,25.0,0.808
2020-05-11T08:51:16.000,24.33,4.71,4.03,18.87,20.5,22277,-35.14,25.0,0.808
2020-05-11T08:52:16.000,24.29,4.76,4.39,18.77,20.5,22278,-35.05,25.0,0.808
2020-05-11T08:53:16.000,24.26,4.86,4.76,18.69,20.5,22279,-34.95,25.0,0.808
2020-05-11T08:54:17.000,24.24,4.84,5.23,18.59,20.5,22280,-34.85,25.0,0.808
2020-05-11T08:55:17.000,24.24,5.0,5.59,18.51,20.5,22281,-34.75,25.0,0.808
2020-05-11T08:56:17.000,24.27,4.99,5.68,18.49,20.5,22282,-34.65,25.0,0.808
2020-05-11T08:57:18.000,24.29,4.97,5.56,18.52,20.5,22283,-34.55,25.0,0.808
2020-05-11T08:58:18.000,24.29,5.03,5.29,18.57,20.5,22284,-34.45,26.0,0.808
2020-05-11T08:59:18.000,24.3,4.96,4.95,18.64,20.5,22285,-34.34,26.0,0.808
2020-05-11T09:00:18.000,24.26,4.69,4.63,18.72,20.5,22286,-34.24,26.0,0.808
2020-05-11T09:01:18.000,24.16,4.69,4.46,18.76,20.5,22287,-34.14,26.0,0.808
2020-05-11T09:02:19.000,24.17,4.96,4.41,18.77,20.5,22288,-34.03,26.0,0.808
2020-05-11T09:03:19.000,24.19,4.88,4.34,18.79,20.5,22289,-33.92,26.0,0.808
2020-05-11T09:05:20.000,24.16,4.77,4.51,18.74,20.5,22291,-33.71,26.0,0.807
2020-05-11T09:06:20.000,24.14,4.8,4.72,18.7,20.5,22292,-33.6,26.0,0.807
2020-05-11T09:07:20.000,24.11,4.82,4.95,18.64,20.5,22293,-33.49,27.0,0.807
2020-05-11T09:08:20.000,24.09,4.98,4.97,18.64,20.5,22294,-33.38,27.0,0.807
2020-05-11T09:09:20.000,24.03,4.71,5.11,18.61,20.5,22295,-33.27,27.0,0.807
2020-05-11T09:11:22.000,23.94,5.21,5.78,18.48,20.5,22297,-33.04,27.0,0.807
2020-05-11T09:12:22.000,23.97,5.29,6.25,18.39,20.5,22298,-32.93,27.0,0.807
2020-05-11T09:14:23.000,23.96,5.34,6.39,18.37,20.5,22300,-32.7,27.0,0.807
2020-05-11T09:18:24.000,23.74,5.23,6.29,18.38,20.5,22304,-32.23,28.0,0.807
2020-05-11T09:19:24.000,23.78,5.49,6.25,18.39,20.5,22305,-32.11,28.0,0.807
2020-05-11T09:20:24.000,23.84,5.46,6.07,18.42,20.5,22306,-31.99,28.0,0.807
2020-05-11T09:21:24.000,23.88,5.42,6.13,18.41,20.5,22307,-31.87,28.0,0.806
2020-05-11T09:22:24.000,23.89,5.37,6.28,18.39,20.5,22308,-31.75,28.0,0.806
2020-05-11T09:23:25.000,23.9,5.32,6.36,18.37,20.5,22309,-31.63,28.0,0.806
2020-05-11T09:24:25.000,23.87,5.24,6.34,18.38,20.5,22310,-31.51,28.0,0.806
2020-05-11T09:25:25.000,23.87,5.34,6.06,18.42,20.5,22311,-31.38,28.0,0.806
2020-05-11T09:26:25.000,23.85,5.28,5.64,18.5,20.5,22312,-31.26,28.0,0.806
2020-05-11T09:27:26.000,23.86,5.41,5.38,18.55,20.5,22313,-31.13,28.0,0.806
2020-05-11T09:28:26.000,23.87,5.44,5.44,18.54,20.5,22314,-31.01,29.0,0.806
2020-05-11T09:29:26.000,23.89,5.43,5.6,18.51,20.5,22315,-30.88,29.0,0.806
2020-05-11T09:30:27.000,23.89,5.47,5.83,18.47,20.5,22316,-30.75,29.0,0.806
2020-05-11T09:31:28.000,23.88,5.38,6.2,18.4,20.5,22317,-30.63,29.0,0.806
2020-05-11T09:32:28.000,23.77,5.16,6.36,18.37,20.5,22318,-30.5,29.0,0.806
2020-05-11T09:33:28.000,23.69,5.33,6.35,18.37,20.5,22319,-30.37,29.0,0.806
2020-05-11T09:35:29.000,23.65,5.55,6.36,18.37,20.5,22321,-30.11,29.0,0.806
2020-05-11T09:37:29.000,23.61,5.52,6.28,18.39,20.5,22323,-29.85,29.0,0.806
2020-05-11T09:38:29.000,23.62,5.55,6.16,18.41,20.5,22324,-29.71,29.0,0.805
2020-05-11T09:39:30.000,23.6,5.47,6.1,18.42,20.5,22325,-29.58,29.0,0.805
2020-05-11T09:42:30.000,23.58,5.51,5.93,18.45,20.5,22328,-29.18,30.0,0.805
2020-05-11T09:43:30.000,23.58,5.42,5.76,18.48,20.5,22329,-29.04,30.0,0.805
2020-05-11T09:48:31.000,23.59,5.39,5.72,18.49,20.5,22334,-28.36,30.0,0.805
2020-05-11T09:49:31.000,23.62,5.45,5.7,18.49,20.5,22335,-28.22,30.0,0.805
2020-05-11T09:50:31.000,23.65,5.48,5.76,18.48,20.5,22336,-28.08,30.0,0.805
2020-05-11T09:51:31.000,23.7,5.56,5.91,18.45,20.5,22337,-27.94,30.0,0.805
2020-05-11T09:52:32.000,23.75,5.57,5.89,18.46,20.5,22338,-27.8,30.0,0.805
2020-05-11T09:53:32.000,23.79,5.53,5.74,18.48,20.5,22339,-27.65,30.0,0.805
2020-05-11T09:54:32.000,23.75,5.28,5.66,18.5,20.5,22340,-27.51,31.0,0.804
2020-05-11T09:55:33.000,23.69,5.17,5.63,18.5,20.5,22341,-27.37,31.0,0.804
2020-05-11T09:56:33.000,23.64,5.25,5.65,18.5,20.5,22342,-27.22,31.0,0.804
2020-05-11T09:57:34.000,23.6,5.32,5.72,18.49,20.5,22343,-27.08,31.0,0.804
2020-05-11T09:58:34.000,23.67,5.51,5.72,18.49,20.5,22344,-26.93,31.0,0.804
2020-05-11T10:01:35.000,23.79,5.54,5.77,18.48,20.5,22347,-26.5,31.0,0.804
2020-05-11T10:03:35.000,23.8,5.51,5.73,18.48,20.5,22349,-26.2,31.0,0.804
2020-05-11T10:04:35.000,23.8,5.61,5.84,18.46,20.5,22350,-26.05,31.0,0.804
2020-05-11T10:05:36.000,23.81,5.6,5.69,18.49,20.5,22351,-25.9,31.0,0.804
2020-05-11T10:07:36.000,23.81,5.52,5.76,18.48,20.5,22353,-25.61,31.0,0.804
2020-05-11T10:08:36.000,23.81,5.6,5.92,18.45,20.5,22354,-25.46,31.0,0.804
2020-05-11T10:09:36.000,23.8,5.51,6.14,18.41,20.5,22355,-25.31,31.0,0.804
2020-05-11T10:10:37.000,23.71,5.44,6.13,18.41,20.5,22356,-25.15,31.0,0.804
2020-05-11T10:11:37.000,23.72,5.79,6.29,18.38,20.5,22357,-25.0,32.0,0.803
2020-05-11T10:12:37.000,23.72,5.81,6.41,18.36,20.5,22358,-24.85,32.0,0.803
2020-05-11T10:14:37.000,23.73,5.93,6.81,18.3,20.5,22360,-24.54,32.0,0.803
2020-05-11T10:23:38.000,23.77,6.39,8.91,18.0,20.5,22369,-23.14,32.0,0.803
2020-05-11T10:24:38.000,23.76,6.37,8.82,18.02,20.5,22370,-22.99,32.0,0.803
2020-05-11T10:27:39.000,23.72,6.28,8.72,18.03,20.5,22373,-22.51,32.0,0.803
2020-05-11T10:28:40.000,23.71,6.28,8.55,18.05,20.5,22374,-22.34,32.0,0.802
2020-05-11T10:29:40.000,23.7,6.18,8.28,18.09,20.5,22375,-22.18,32.0,0.802
2020-05-11T10:34:41.000,23.63,6.04,7.91,18.14,20.5,22380,-21.37,32.0,0.802
2020-05-11T10:36:42.000,23.63,5.89,7.64,18.17,20.5,22382,-21.05,33.0,0.802
2020-05-11T10:37:42.000,23.63,5.82,7.68,18.17,20.5,22383,-20.88,33.0,0.802
2020-05-11T10:38:42.000,23.63,5.82,7.64,18.17,20.5,22384,-20.72,33.0,0.802
2020-05-11T10:39:43.000,23.63,5.88,7.62,18.18,20.5,22385,-20.55,33.0,0.802
2020-05-11T10:40:43.000,23.66,5.82,7.38,18.21,20.5,22386,-20.39,33.0,0.802
2020-05-11T10:41:43.000,23.67,5.85,7.21,18.24,20.5,22387,-20.22,33.0,0.802
2020-05-11T10:42:44.000,23.68,5.84,6.89,18.28,20.5,22388,-20.05,33.0,0.802
2020-05-11T10:43:44.000,23.7,5.82,6.42,18.36,20.5,22389,-19.89,33.0,0.802
2020-05-11T10:44:44.000,23.69,5.78,6.25,18.39,20.5,22390,-19.72,33.0,0.801
2020-05-11T10:45:44.000,23.68,5.91,6.28,18.39,20.5,22391,-19.55,33.0,0.801
2020-05-11T10:46:44.000,23.64,5.79,6.31,18.38,20.5,22392,-19.38,33.0,0.801
2020-05-11T10:47:44.000,23.54,5.74,6.26,18.39,20.5,22393,-19.22,33.0,0.801
2020-05-11T10:48:45.000,23.52,5.98,6.49,18.35,20.5,22394,-19.05,33.0,0.801
2020-05-11T10:49:44.000,23.52,6.13,6.95,18.27,20.5,22395,-18.88,33.0,0.801
2020-05-11T10:50:45.000,23.49,6.03,7.25,18.23,20.5,22396,-18.71,33.0,0.801
2020-05-11T10:51:45.000,23.33,5.97,7.59,18.18,20.5,22397,-18.54,33.0,0.801
2020-05-11T10:54:46.000,23.48,6.14,8.05,18.12,20.5,22400,-18.02,33.0,0.801
2020-05-11T10:55:46.000,23.5,6.2,8.42,18.07,20.5,22401,-17.85,33.0,0.801
2020-05-11T10:56:46.000,23.52,6.23,7.9,18.14,20.5,22402,-17.68,33.0,0.801
2020-05-11T10:57:46.000,23.56,6.07,7.25,18.23,20.5,22403,-17.51,33.0,0.801
2020-05-11T10:58:46.000,23.55,5.99,7.22,18.23,20.5,22404,-17.34,33.0,0.801
2020-05-11T10:59:47.000,23.56,5.94,7.45,18.2,20.5,22405,-17.16,33.0,0.801
2020-05-11T11:00:47.000,23.57,5.9,7.41,18.21,20.5,22406,-16.99,33.0,0.801
2020-05-11T11:01:47.000,23.6,5.83,7.13,18.25,20.5,22407,-16.82,33.0,0.8
2020-05-11T11:02:47.000,23.62,5.67,6.82,18.3,20.5,22408,-16.64,33.0,0.8
2020-05-11T11:03:47.000,23.62,5.5,6.4,18.36,20.5,22409,-16.47,33.0,0.8
2020-05-11T11:04:48.000,23.61,5.39,6.33,18.38,20.5,22410,-16.29,33.0,0.8
2020-05-11T11:05:48.000,23.59,5.27,6.43,18.36,20.5,22411,-16.12,33.0,0.8
2020-05-11T11:09:49.000,23.58,5.25,6.99,18.27,20.5,22415,-15.41,33.0,0.8
2020-05-11T11:10:49.000,23.59,5.08,6.67,18.32,20.5,22416,-15.24,33.0,0.8
2020-05-11T11:11:49.000,23.58,5.07,6.42,18.36,20.5,22417,-15.06,33.0,0.8
2020-05-11T11:12:49.000,23.59,4.99,5.93,18.45,20.5,22418,-14.88,33.0,0.8
2020-05-11T11:13:50.000,23.57,4.91,5.74,18.48,20.5,22419,-14.7,33.0,0.8
2020-05-11T11:14:51.000,23.56,4.9,5.74,18.48,20.5,22420,-14.52,33.0,0.8
2020-05-11T11:15:51.000,23.53,4.87,5.84,18.46,20.5,22421,-14.34,33.0,0.8
2020-05-11T11:17:52.000,23.46,4.97,6.07,18.42,20.5,22423,-13.98,33.0,0.8
2020-05-11T11:18:52.000,23.44,4.98,6.26,18.39,20.5,22424,-13.8,33.0,0.799
2020-05-11T11:19:53.000,23.44,5.16,6.32,18.38,20.5,22425,-13.62,33.0,0.799
2020-05-11T11:20:53.000,23.44,5.15,6.26,18.39,20.5,22426,-13.44,33.0,0.799
2020-05-11T11:21:53.000,23.43,5.16,6.17,18.4,20.5,22427,-13.26,33.0,0.799
2020-05-11T11:22:53.000,23.45,5.26,6.38,18.37,20.5,22428,-13.08,33.0,0.799
2020-05-11T11:23:53.000,23.48,5.27,6.42,18.36,20.5,22429,-12.9,33.0,0.799
2020-05-11T11:24:54.000,23.48,5.29,6.36,18.37,20.5,22430,-12.72,33.0,0.799
2020-05-11T11:25:54.000,23.45,5.25,6.53,18.34,20.5,22431,-12.54,33.0,0.799
2020-05-11T11:26:54.000,23.41,5.26,6.78,18.3,20.5,22432,-12.35,33.0,0.799
2020-05-11T11:27:55.000,23.4,5.34,7.03,18.26,20.5,22433,-12.17,33.0,0.799
2020-05-11T11:28:55.000,23.38,5.3,7.38,18.21,20.5,22434,-11.99,33.0,0.799
2020-05-11T11:29:55.000,23.37,5.31,7.56,18.18,20.5,22435,-11.81,33.0,0.799
2020-05-11T11:30:56.000,23.33,5.31,7.67,18.17,20.5,22436,-11.62,33.0,0.799
2020-05-11T11:31:56.000,23.32,5.4,7.79,18.15,20.5,22437,-11.44,33.0,0.799
2020-05-11T11:32:56.000,23.34,5.44,8.14,18.1,20.5,22438,-11.25,33.0,0.799
2020-05-11T11:33:56.000,23.34,5.39,8.4,18.07,20.5,22439,-11.07,33.0,0.799
2020-05-11T11:34:57.000,23.31,5.34,8.49,18.06,20.5,22440,-10.88,33.0,0.798
2020-05-11T11:35:57.000,23.32,5.41,8.73,18.03,20.5,22441,-10.7,33.0,0.798
2020-05-11T11:36:57.000,23.34,5.38,9.4,17.95,20.5,22442,-10.51,33.0,0.798
2020-05-11T11:37:58.000,23.34,5.31,10.12,17.87,20.5,22443,-10.33,33.0,0.798
2020-05-11T11:38:58.000,23.34,5.32,10.42,17.84,20.5,22444,-10.14,33.0,0.798
2020-05-11T11:39:58.000,23.32,5.23,10.97,17.78,20.5,22445,-9.96,33.0,0.798
2020-05-11T11:40:59.000,23.27,5.19,12.13,17.67,20.5,22446,-9.77,32.0,0.798
2020-05-11T11:41:59.000,23.26,5.22,13.27,17.57,20.5,22447,-9.58,32.0,0.798
2020-05-11T11:42:59.000,23.25,5.19,14.53,17.47,20.5,22448,-9.4,32.0,0.798
2020-05-11T11:43:59.000,23.22,5.07,15.96,17.37,20.5,22449,-9.21,32.0,0.798
2020-05-11T11:44:59.000,23.22,5.1,17.65,17.26,20.5,22450,-9.02,32.0,0.798
2020-05-11T11:46:00.000,23.2,5.07,19.04,17.18,20.5,22451,-8.83,32.0,0.798
2020-05-11T11:47:00.000,23.18,5.07,21.05,17.07,20.5,22452,-8.65,32.0,0.798
2020-05-11T11:48:00.000,23.16,4.98,23.86,16.94,20.5,22453,-8.46,32.0,0.798
2020-05-11T11:49:00.000,23.13,4.95,27.33,16.79,20.5,22454,-8.27,32.0,0.798
2020-05-11T11:51:01.000,23.08,4.73,40.25,16.37,20.5,22456,-7.89,32.0,0.798
2020-05-11T11:52:01.000,23.07,4.56,47.66,16.19,20.5,22457,-7.7,32.0,0.797
2020-05-11T11:55:02.000,23.0,4.23,83.0,15.58,20.5,22460,-7.14,32.0,0.797
2020-05-11T11:56:02.000,22.97,4.02,99.21,15.39,20.5,22461,-6.95,32.0,0.797
2020-05-11T11:57:02.000,22.85,3.66,120.04,15.18,20.5,22462,-6.76,32.0,0.797
2020-05-11T11:58:03.000,22.82,3.76,150.04,14.94,20.5,22463,-6.56,32.0,0.797
