Downloads/jupyter/ECSV/stars19/stars19_2020-11.ecsv
# %ECSV 1.0
# ---
# datatype:
# - {name: time, datatype: string}
# - {name: Enclosure Temperature, unit: deg_C, datatype: float64}
# - {name: Sky Temperature, unit: deg_C, datatype: float64}
# - {name: Frequency, unit: Hz, datatype: float64}
# - {name: MSAS, unit: mag / arcsec2, datatype: float64}
# - {name: ZP, datatype: float64}
# - {name: Sequence Number, datatype: int64}
# - {name: Sun Alt, unit: deg, datatype: float64}
# - {name: Moon Alt, unit: deg, datatype: float64}
# - {name: Moon Illumination, datatype: float64}
# delimiter: ','
# meta: !!omap
# - ida:
#     Data supplier: {affiliation: null, observer: null}
#     Device type: TESS-W
#     Field of view: 17.0
#     Filters per channel: None
#     Instrument ID: stars19
#     License: ODbL 1.0 http://opendatacommons.org/licenses/odbl/summary/
#     Local timezone: America/Phoenix
#     Location name: {country: '- Tucson', place: Tucson, region: United States, sub_region: Arizona, town: Pima County}
#     Measurement direction per channel: {azimuth: 0.0, zenital: 0.0}
#     Moving / Fixed look direction: FIXED
#     Moving / Stationary position: STATIONARY
#     Number of channels: 1
#     Number of fields per line: 8
#     Number of header lines: 35
#     Position: {height: 0.0, latitude: 32.223877, longitude: -110.767532}
#     TESS MAC address: 18:FE:34:CF:EC:06
#     TESS cover offset value: 0.0
#     TESS firmware version: '1.0'
#     TESS zero point: 20.5
#     Time Synchronization: timestamp added by MQTT subscriber
#     URL: http://www.darksky.org/NSBM/sdf1.0.pdf
# - __serialized_columns__:
#     Enclosure Temperature:
#       __class__: astropy.units.quantity.Quantity
#       unit: &id001 !astropy.units.Unit {unit: deg_C}
#       value: !astropy.table.SerializedColumn {name: Enclosure Temperature}
#     Frequency:
#       __class__: astropy.units.quantity.Quantity
#       unit: !astropy.units.Unit {unit: Hz}
#       value: !astropy.table.SerializedColumn {name: Frequency}
#     MSAS:
#       __class__: astropy.units.quantity.Quantity
#       unit: !astropy.units.Unit {unit: mag / arcsec2}
#       value: !astropy.table.SerializedColumn {name: MSAS}
#     Moon Alt:
#       __class__: astropy.units.quantity.Quantity
#       unit: &id002 !astropy.units.Unit {unit: deg}
#       value: !astropy.table.SerializedColumn {name: Moon Alt}
#     Sky Temperature:
#       __class__: astropy.units.quantity.Quantity
#       unit: *id001
#       value: !astropy.table.SerializedColumn {name: Sky Temperature}
#     Sun Alt:
#       __class__: astropy.units.quantity.Quantity
#       unit: *id002
#       value: !astropy.table.SerializedColumn {name: Sun Alt}
#     time:
#       __class__: astropy.time.core.Time
#       format: isot
#       in_subfmt: '*'
#       out_subfmt: '*'
#       precision: 3
#       scale: utc
#       value: !astropy.table.SerializedColumn {name: time}
# schema: astropy-2.0
time,Enclosure Temperature,Sky Temperature,Frequency,MSAS,ZP,Sequence Number,Sun Alt,Moon Alt,Moon Illumination
[from data line 8624]
2020-11-11T07:20:42.000,9.96,-13.4,1.03,20.35,20.5,116718,-75.02,-27.0,0.213
2020-11-11T07:21:42.000,10.27,-13.59,1.03,20.35,20.5,116719,-74.98,-27.0,0.213
2020-11-11T07:22:42.000,10.64,-13.45,1.03,20.35,20.5,116720,-74.93,-27.0,0.213
2020-11-11T07:23:42.000,10.86,-13.32,1.03,20.35,20.5,116721,-74.87,-26.0,0.213
2020-11-11T07:24:42.000,10.9,-13.31,1.03,20.35,20.5,116722,-74.81,-26.0,0.213
2020-11-11T07:25:42.000,10.8,-13.36,1.03,20.35,20.5,116723,-74.75,-26.0,0.213
2020-11-11T07:26:42.000,10.66,-13.26,1.03,20.35,20.5,116724,-74.69,-26.0,0.213
2020-11-11T07:27:42.000,10.5,-13.22,1.03,20.35,20.5,116725,-74.62,-26.0,0.213
2020-11-11T07:28:42.000,10.33,-13.26,1.01,20.37,20.5,116726,-74.56,-26.0,0.213
2020-11-11T07:29:42.000,10.17,-13.19,1.01,20.37,20.5,116727,-74.48,-25.0,0.213
2020-11-11T07:30:42.000,10.02,-13.25,1.01,20.37,20.5,116728,-74.41,-25.0,0.212
2020-11-11T07:31:42.000,10.03,-13.39,1.01,20.36,20.5,116729,-74.33,-25.0,0.212
2020-11-11T07:32:42.000,10.39,-13.38,1.01,20.36,20.5,116730,-74.25,-25.0,0.212
2020-11-11T07:33:42.000,10.71,-13.21,1.02,20.36,20.5,116731,-74.16,-25.0,0.212
2020-11-11T07:34:42.000,10.85,-13.32,1.02,20.36,20.5,116732,-74.08,-24.0,0.212
2020-11-11T07:35:42.000,10.84,-13.25,1.03,20.35,20.5,116733,-73.99,-24.0,0.212
2020-11-11T07:36:43.000,10.74,-13.25,1.04,20.34,20.5,116734,-73.89,-24.0,0.212
2020-11-11T07:37:43.000,10.59,-13.27,1.04,20.34,20.5,116735,-73.8,-24.0,0.212
2020-11-11T07:38:43.000,10.36,-13.52,1.04,20.34,20.5,116736,-73.7,-24.0,0.212
2020-11-11T07:39:43.000,10.11,-13.42,1.04,20.34,20.5,116737,-73.6,-24.0,0.212
2020-11-11T07:40:43.000,9.95,-13.35,1.04,20.34,20.5,116738,-73.5,-23.0,0.212
2020-11-11T07:41:43.000,10.2,-13.52,1.04,20.34,20.5,116739,-73.39,-23.0,0.212
2020-11-11T07:42:43.000,10.65,-13.47,1.04,20.34,20.5,116740,-73.29,-23.0,0.212
2020-11-11T07:43:43.000,10.89,-13.33,1.04,20.34,20.5,116741,-73.18,-23.0,0.212
2020-11-11T07:44:43.000,10.93,-13.34,1.04,20.34,20.5,116742,-73.07,-23.0,0.212
2020-11-11T07:45:43.000,10.89,-13.21,1.04,20.34,20.5,116743,-72.95,-22.0,0.211
2020-11-11T07:46:43.000,10.74,-13.35,1.04,20.34,20.5,116744,-72.84,-22.0,0.211
2020-11-11T07:47:43.000,10.54,-13.51,1.04,20.34,20.5,116745,-72.72,-22.0,0.211
2020-11-11T07:48:43.000,10.3,-13.36,1.04,20.33,20.5,116746,-72.6,-22.0,0.211
2020-11-11T07:49:43.000,10.13,-13.24,1.04,20.34,20.5,116747,-72.47,-22.0,0.211
2020-11-11T07:50:43.000,9.96,-13.43,1.04,20.34,20.5,116748,-72.35,-22.0,0.211
2020-11-11T07:51:43.000,10.07,-13.49,1.04,20.33,20.5,116749,-72.22,-21.0,0.211
2020-11-11T07:52:43.000,10.53,-13.67,1.04,20.34,20.5,116750,-72.1,-21.0,0.211
2020-11-11T07:53:44.000,10.83,-13.38,1.04,20.33,20.5,116751,-71.96,-21.0,0.211
2020-11-11T07:54:44.000,10.94,-13.37,1.04,20.34,20.5,116752,-71.83,-21.0,0.211
2020-11-11T07:55:44.000,10.93,-13.32,1.04,20.33,20.5,116753,-71.7,-21.0,0.211
2020-11-11T07:56:44.000,10.82,-13.41,1.04,20.34,20.5,116754,-71.56,-20.0,0.211
2020-11-11T07:57:44.000,10.64,-13.26,1.04,20.34,20.5,116755,-71.42,-20.0,0.211
2020-11-11T07:58:44.000,10.46,-13.37,1.04,20.34,20.5,116756,-71.28,-20.0,0.211
2020-11-11T07:59:44.000,10.22,-13.47,1.04,20.34,20.5,116757,-71.14,-20.0,0.211
2020-11-11T08:00:44.000,10.01,-13.3,1.04,20.34,20.5,116758,-71.0,-20.0,0.21
2020-11-11T08:01:44.000,10.04,-13.38,1.04,20.34,20.5,116759,-70.86,-19.0,0.21
2020-11-11T08:02:44.000,10.46,-13.48,1.04,20.34,20.5,116760,-70.71,-19.0,0.21
2020-11-11T08:03:44.000,10.68,-13.54,1.03,20.34,20.5,116761,-70.56,-19.0,0.21
2020-11-11T08:04:44.000,10.73,-13.42,1.03,20.34,20.5,116762,-70.41,-19.0,0.21
2020-11-11T08:05:45.000,10.67,-13.21,1.03,20.34,20.5,116763,-70.26,-19.0,0.21
2020-11-11T08:06:44.000,10.57,-13.15,1.03,20.34,20.5,116764,-70.11,-19.0,0.21
2020-11-11T08:07:44.000,10.42,-13.18,1.03,20.34,20.5,116765,-69.96,-18.0,0.21
2020-11-11T08:08:44.000,10.26,-13.18,1.04,20.34,20.5,116766,-69.8,-18.0,0.21
2020-11-11T08:09:45.000,10.1,-13.16,1.03,20.34,20.5,116767,-69.65,-18.0,0.21
2020-11-11T08:10:45.000,9.95,-13.2,1.03,20.34,20.5,116768,-69.49,-18.0,0.21
2020-11-11T08:11:45.000,10.21,-13.44,1.03,20.34,20.5,116769,-69.33,-18.0,0.21
2020-11-11T08:12:45.000,10.62,-13.49,1.03,20.34,20.5,116770,-69.17,-17.0,0.21
2020-11-11T08:13:45.000,10.8,-13.39,1.03,20.34,20.5,116771,-69.01,-17.0,0.21
2020-11-11T08:14:45.000,10.82,-13.41,1.03,20.34,20.5,116772,-68.85,-17.0,0.21
2020-11-11T08:15:45.000,10.66,-13.53,1.03,20.34,20.5,116773,-68.69,-17.0,0.21
2020-11-11T08:16:45.000,10.46,-13.28,1.03,20.34,20.5,116774,-68.52,-17.0,0.209
2020-11-11T08:17:45.000,10.24,-13.5,1.03,20.34,20.5,116775,-68.36,-16.0,0.209
2020-11-11T08:18:45.000,9.96,-13.51,1.03,20.34,20.5,116776,-68.19,-16.0,0.209
2020-11-11T08:19:45.000,10.01,-13.65,1.03,20.35,20.5,116777,-68.02,-16.0,0.209
2020-11-11T08:20:45.000,10.44,-13.76,1.03,20.35,20.5,116778,-67.86,-16.0,0.209
2020-11-11T08:21:45.000,10.73,-13.47,1.03,20.35,20.5,116779,-67.69,-16.0,0.209
2020-11-11T08:22:45.000,10.76,-13.56,1.03,20.35,20.5,116780,-67.52,-16.0,0.209
2020-11-11T08:23:45.000,10.68,-13.34,1.01,20.37,20.5,116781,-67.35,-15.0,0.209
2020-11-11T08:24:45.000,10.54,-13.1,1.0,20.38,20.5,116782,-67.17,-15.0,0.209
2020-11-11T08:25:45.000,10.41,-12.97,1.0,20.38,20.5,116783,-67.0,-15.0,0.209
2020-11-11T08:26:46.000,10.23,-13.14,1.0,20.38,20.5,116784,-66.82,-15.0,0.209
2020-11-11T08:27:46.000,10.0,-13.2,1.0,20.38,20.5,116785,-66.65,-15.0,0.209
2020-11-11T08:28:46.000,9.96,-13.47,1.0,20.38,20.5,116786,-66.47,-14.0,0.209
2020-11-11T08:29:46.000,10.48,-13.29,1.0,20.38,20.5,116787,-66.3,-14.0,0.209
2020-11-11T08:30:46.000,10.98,-12.97,1.0,20.38,20.5,116788,-66.12,-14.0,0.209
2020-11-11T08:31:46.000,11.23,-12.95,1.0,20.38,20.5,116789,-65.94,-14.0,0.208
2020-11-11T08:32:46.000,11.2,-13.34,1.0,20.38,20.5,116790,-65.76,-14.0,0.208
2020-11-11T08:33:46.000,10.95,-13.71,1.0,20.38,20.5,116791,-65.58,-13.0,0.208
2020-11-11T08:34:46.000,10.7,-13.1,1.0,20.38,20.5,116792,-65.4,-13.0,0.208
2020-11-11T08:35:46.000,10.52,-12.94,1.0,20.38,20.5,116793,-65.22,-13.0,0.208
2020-11-11T08:36:46.000,10.3,-13.09,1.0,20.38,20.5,116794,-65.04,-13.0,0.208
2020-11-11T08:37:46.000,10.07,-13.08,1.0,20.38,20.5,116795,-64.86,-13.0,0.208
2020-11-11T08:38:46.000,9.92,-13.21,1.0,20.38,20.5,116796,-64.67,-12.0,0.208
2020-11-11T08:39:46.000,10.26,-13.31,1.0,20.39,20.5,116797,-64.49,-12.0,0.208
2020-11-11T08:40:46.000,10.74,-13.33,0.99,20.39,20.5,116798,-64.31,-12.0,0.208
2020-11-11T08:41:46.000,10.96,-13.21,0.99,20.39,20.5,116799,-64.12,-12.0,0.208
2020-11-11T08:42:47.000,10.99,-13.27,0.99,20.39,20.5,116800,-63.93,-12.0,0.208
2020-11-11T08:43:47.000,10.91,-12.94,0.99,20.39,20.5,116801,-63.75,-11.0,0.208
2020-11-11T08:44:47.000,10.76,-13.07,0.99,20.39,20.5,116802,-63.56,-11.0,0.208
2020-11-11T08:45:47.000,10.56,-13.03,0.99,20.39,20.5,116803,-63.37,-11.0,0.208
2020-11-11T08:46:47.000,10.34,-13.16,1.0,20.39,20.5,116804,-63.19,-11.0,0.207
2020-11-11T08:47:47.000,10.13,-13.04,0.99,20.39,20.5,116805,-63.0,-11.0,0.207
2020-11-11T08:48:47.000,9.95,-13.16,1.0,20.38,20.5,116806,-62.81,-10.0,0.207
2020-11-11T08:49:47.000,10.18,-13.33,0.99,20.39,20.5,116807,-62.62,-10.0,0.207
2020-11-11T08:50:47.000,10.65,-13.36,0.99,20.39,20.5,116808,-62.43,-10.0,0.207
2020-11-11T08:51:47.000,10.85,-13.37,0.99,20.39,20.5,116809,-62.24,-10.0,0.207
2020-11-11T08:52:47.000,10.82,-13.3,1.0,20.38,20.5,116810,-62.05,-10.0,0.207
2020-11-11T08:53:47.000,10.69,-13.2,1.0,20.38,20.5,116811,-61.86,-10.0,0.207
2020-11-11T08:54:47.000,10.47,-13.36,1.0,20.38,20.5,116812,-61.66,-9.0,0.207
2020-11-11T08:55:47.000,10.19,-13.48,1.0,20.38,20.5,116813,-61.47,-9.0,0.207
2020-11-11T08:56:47.000,9.95,-13.18,1.0,20.38,20.5,116814,-61.28,-9.0,0.207
2020-11-11T08:57:47.000,10.18,-13.25,1.0,20.38,20.5,116815,-61.09,-9.0,0.207
2020-11-11T08:58:47.000,10.52,-13.38,1.0,20.38,20.5,116816,-60.89,-9.0,0.207
2020-11-11T08:59:48.000,10.65,-13.26,1.0,20.38,20.5,116817,-60.69,-8.0,0.207
2020-11-11T09:00:48.000,10.65,-13.23,1.0,20.38,20.5,116818,-60.5,-8.0,0.207
2020-11-11T09:01:48.000,10.54,-13.21,1.0,20.38,20.5,116819,-60.3,-8.0,0.206
2020-11-11T09:02:48.000,10.4,-13.14,1.0,20.38,20.5,116820,-60.11,-8.0,0.206
2020-11-11T09:03:48.000,10.23,-13.16,1.0,20.38,20.5,116821,-59.91,-8.0,0.206
2020-11-11T09:04:48.000,10.05,-13.1,1.0,20.38,20.5,116822,-59.72,-7.0,0.206
2020-11-11T09:05:48.000,9.96,-13.19,1.0,20.38,20.5,116823,-59.52,-7.0,0.206
2020-11-11T09:06:48.000,10.29,-13.43,1.0,20.38,20.5,116824,-59.32,-7.0,0.206
2020-11-11T09:07:48.000,10.63,-13.42,1.0,20.38,20.5,116825,-59.13,-7.0,0.206
2020-11-11T09:08:48.000,10.69,-13.48,1.0,20.38,20.5,116826,-58.93,-7.0,0.206
2020-11-11T09:09:48.000,10.63,-13.64,1.0,20.38,20.5,116827,-58.73,-6.0,0.206
2020-11-11T09:10:48.000,10.34,-13.77,1.0,20.38,20.5,116828,-58.53,-6.0,0.206
2020-11-11T09:11:48.000,10.14,-13.26,1.0,20.38,20.5,116829,-58.34,-6.0,0.206
2020-11-11T09:12:48.000,9.94,-13.43,1.0,20.38,20.5,116830,-58.14,-6.0,0.206
2020-11-11T09:13:48.000,10.12,-13.45,1.0,20.38,20.5,116831,-57.94,-6.0,0.206
2020-11-11T09:14:48.000,10.61,-13.46,1.0,20.38,20.5,116832,-57.74,-5.0,0.206
2020-11-11T09:15:49.000,10.89,-13.32,1.0,20.38,20.5,116833,-57.53,-5.0,0.206
2020-11-11T09:16:49.000,10.96,-13.26,1.0,20.37,20.5,116834,-57.33,-5.0,0.205
2020-11-11T09:17:49.000,10.89,-13.31,1.01,20.37,20.5,116835,-57.13,-5.0,0.205
2020-11-11T09:18:49.000,10.69,-13.49,1.01,20.37,20.5,116836,-56.93,-5.0,0.205
2020-11-11T09:19:49.000,10.43,-13.46,1.01,20.37,20.5,116837,-56.73,-4.0,0.205
2020-11-11T09:20:49.000,10.17,-13.45,1.01,20.37,20.5,116838,-56.53,-4.0,0.205
2020-11-11T09:21:49.000,9.96,-13.42,1.01,20.37,20.5,116839,-56.33,-4.0,0.205
2020-11-11T09:22:49.000,10.09,-13.66,1.01,20.37,20.5,116840,-56.13,-4.0,0.205
2020-11-11T09:23:49.000,10.58,-13.64,1.01,20.37,20.5,116841,-55.93,-4.0,0.205
2020-11-11T09:24:49.000,10.8,-13.75,1.01,20.37,20.5,116842,-55.73,-3.0,0.205
2020-11-11T09:25:49.000,10.85,-13.6,1.01,20.37,20.5,116843,-55.52,-3.0,0.205
2020-11-11T09:26:49.000,10.75,-13.5,1.01,20.37,20.5,116844,-55.32,-3.0,0.205
2020-11-11T09:27:49.000,10.57,-13.43,1.01,20.37,20.5,116845,-55.12,-3.0,0.205
2020-11-11T09:28:49.000,10.32,-13.45,1.01,20.36,20.5,116846,-54.91,-3.0,0.205
2020-11-11T09:29:49.000,10.08,-13.44,1.02,20.36,20.5,116847,-54.71,-2.0,0.205
2020-11-11T09:30:49.000,9.92,-13.46,1.02,20.36,20.5,116848,-54.51,-2.0,0.205
2020-11-11T09:31:49.000,10.31,-13.59,1.02,20.36,20.5,116849,-54.3,-2.0,0.204
2020-11-11T09:32:50.000,10.74,-13.59,1.02,20.36,20.5,116850,-54.1,-2.0,0.204
2020-11-11T09:33:50.000,10.91,-13.5,1.02,20.36,20.5,116851,-53.89,-2.0,0.204
2020-11-11T09:34:50.000,10.9,-13.35,1.02,20.36,20.5,116852,-53.69,-1.0,0.204
2020-11-11T09:35:50.000,10.77,-13.28,1.02,20.36,20.5,116853,-53.48,-1.0,0.204
2020-11-11T09:36:50.000,10.56,-13.36,1.02,20.35,20.5,116854,-53.28,-1.0,0.204
2020-11-11T09:37:50.000,10.32,-13.34,1.03,20.35,20.5,116855,-53.07,-1.0,0.204
2020-11-11T09:38:50.000,10.06,-13.31,1.03,20.35,20.5,116856,-52.87,-1.0,0.204
2020-11-11T09:39:50.000,9.91,-13.48,1.03,20.35,20.5,116857,-52.66,-0.0,0.204
2020-11-11T09:40:50.000,10.33,-13.46,1.03,20.35,20.5,116858,-52.46,-0.0,0.204
2020-11-11T09:41:50.000,10.83,-13.49,1.03,20.35,20.5,116859,-52.25,0.0,0.204
2020-11-11T09:42:50.000,11.0,-13.46,1.03,20.35,20.5,116860,-52.05,0.0,0.204
2020-11-11T09:43:50.000,10.98,-13.37,1.03,20.35,20.5,116861,-51.84,0.0,0.204
2020-11-11T09:44:50.000,10.81,-13.39,1.03,20.35,20.5,116862,-51.63,1.0,0.204
2020-11-11T09:45:50.000,10.58,-13.3,1.03,20.34,20.5,116863,-51.43,1.0,0.204
2020-11-11T09:46:50.000,10.36,-13.22,1.04,20.34,20.5,116864,-51.22,1.0,0.203
2020-11-11T09:47:50.000,10.1,-13.33,1.04,20.34,20.5,116865,-51.02,1.0,0.203
2020-11-11T09:48:51.000,9.91,-13.37,1.04,20.34,20.5,116866,-50.81,1.0,0.203
2020-11-11T09:49:51.000,10.16,-13.71,1.04,20.34,20.5,116867,-50.6,2.0,0.203
2020-11-11T09:50:51.000,10.61,-13.54,1.04,20.33,20.5,116868,-50.39,2.0,0.203
2020-11-11T09:51:51.000,10.84,-13.38,1.04,20.34,20.5,116869,-50.18,2.0,0.203
2020-11-11T09:52:52.000,10.88,-13.23,1.04,20.33,20.5,116870,-49.97,2.0,0.203
2020-11-11T09:53:51.000,10.78,-13.18,1.05,20.33,20.5,116871,-49.77,2.0,0.203
2020-11-11T09:54:51.000,10.59,-13.08,1.05,20.33,20.5,116872,-49.56,3.0,0.203
2020-11-11T09:55:51.000,10.4,-13.13,1.05,20.33,20.5,116873,-49.35,3.0,0.203
2020-11-11T09:56:52.000,10.15,-13.22,1.05,20.33,20.5,116874,-49.14,3.0,0.203
2020-11-11T09:57:52.000,9.92,-13.26,1.05,20.33,20.5,116875,-48.94,3.0,0.203
2020-11-11T09:58:52.000,10.15,-13.39,1.05,20.33,20.5,116876,-48.73,3.0,0.203
2020-11-11T09:59:52.000,10.62,-13.39,1.05,20.33,20.5,116877,-48.52,4.0,0.203
2020-11-11T10:00:52.000,10.91,-13.13,1.05,20.33,20.5,116878,-48.31,4.0,0.203
2020-11-11T10:01:52.000,10.95,-13.2,1.05,20.33,20.5,116879,-48.1,4.0,0.202
2020-11-11T10:02:52.000,10.87,-13.04,1.05,20.33,20.5,116880,-47.89,4.0,0.202
2020-11-11T10:03:52.000,10.69,-13.01,1.05,20.33,20.5,116881,-47.69,4.0,0.202
2020-11-11T10:04:52.000,10.48,-13.01,1.05,20.33,20.5,116882,-47.48,5.0,0.202
2020-11-11T10:05:52.000,10.24,-13.08,1.05,20.32,20.5,116883,-47.27,5.0,0.202
2020-11-11T10:06:52.000,9.99,-13.08,1.05,20.32,20.5,116884,-47.06,5.0,0.202
2020-11-11T10:07:52.000,10.03,-13.18,1.05,20.32,20.5,116885,-46.85,5.0,0.202
2020-11-11T10:08:52.000,10.48,-13.32,1.05,20.32,20.5,116886,-46.64,5.0,0.202
2020-11-11T10:09:52.000,10.73,-13.4,1.05,20.32,20.5,116887,-46.43,6.0,0.202
2020-11-11T10:10:52.000,10.75,-13.28,1.05,20.32,20.5,116888,-46.22,6.0,0.202
2020-11-11T10:11:52.000,10.66,-13.13,1.05,20.32,20.5,116889,-46.01,6.0,0.202
2020-11-11T10:12:53.000,10.49,-13.03,1.05,20.32,20.5,116890,-45.8,6.0,0.202
2020-11-11T10:13:53.000,10.29,-13.08,1.05,20.32,20.5,116891,-45.59,6.0,0.202
2020-11-11T10:14:53.000,10.06,-13.1,1.05,20.32,20.5,116892,-45.38,7.0,0.202
2020-11-11T10:15:53.000,9.94,-13.23,1.06,20.32,20.5,116893,-45.17,7.0,0.202
2020-11-11T10:16:53.000,10.32,-13.29,1.05,20.32,20.5,116894,-44.96,7.0,0.202
2020-11-11T10:17:53.000,10.75,-13.16,1.06,20.32,20.5,116895,-44.75,7.0,0.201
2020-11-11T10:18:53.000,10.92,-13.15,1.06,20.32,20.5,116896,-44.54,8.0,0.201
2020-11-11T10:19:53.000,10.84,-13.32,1.05,20.32,20.5,116897,-44.33,8.0,0.201
2020-11-11T10:20:53.000,10.62,-13.08,1.05,20.32,20.5,116898,-44.12,8.0,0.201
2020-11-11T10:21:53.000,10.42,-13.0,1.05,20.32,20.5,116899,-43.91,8.0,0.201
2020-11-11T10:22:53.000,10.2,-13.05,1.05,20.32,20.5,116900,-43.7,8.0,0.201
2020-11-11T10:23:53.000,9.97,-13.11,1.05,20.32,20.5,116901,-43.49,9.0,0.201
2020-11-11T10:24:53.000,10.1,-13.22,1.06,20.32,20.5,116902,-43.28,9.0,0.201
2020-11-11T10:25:53.000,10.52,-13.32,1.06,20.32,20.5,116903,-43.07,9.0,0.201
2020-11-11T10:26:53.000,10.73,-13.34,1.06,20.32,20.5,116904,-42.86,9.0,0.201
2020-11-11T10:27:53.000,10.7,-13.47,1.06,20.32,20.5,116905,-42.65,9.0,0.201
2020-11-11T10:28:53.000,10.51,-13.49,1.06,20.32,20.5,116906,-42.44,10.0,0.201
2020-11-11T10:29:54.000,10.28,-13.35,1.06,20.32,20.5,116907,-42.23,10.0,0.201
2020-11-11T10:30:54.000,10.05,-13.26,1.06,20.32,20.5,116908,-42.02,10.0,0.201
2020-11-11T10:31:54.000,9.91,-13.31,1.06,20.32,20.5,116909,-41.81,10.0,0.201
2020-11-11T10:32:54.000,10.28,-13.54,1.06,20.32,20.5,116910,-41.6,10.0,0.2
2020-11-11T10:33:54.000,10.66,-13.44,1.06,20.32,20.5,116911,-41.38,11.0,0.2
2020-11-11T10:34:54.000,10.82,-13.23,1.06,20.32,20.5,116912,-41.17,11.0,0.2
2020-11-11T10:35:54.000,10.86,-13.12,1.06,20.32,20.5,116913,-40.96,11.0,0.2
2020-11-11T10:36:54.000,10.73,-13.16,1.06,20.32,20.5,116914,-40.75,11.0,0.2
2020-11-11T10:37:54.000,10.46,-13.37,1.06,20.32,20.5,116915,-40.54,11.0,0.2
2020-11-11T10:38:54.000,10.19,-13.17,1.06,20.32,20.5,116916,-40.33,12.0,0.2
2020-11-11T10:39:54.000,9.98,-13.13,1.06,20.32,20.5,116917,-40.12,12.0,0.2
2020-11-11T10:40:54.000,9.99,-13.45,1.06,20.32,20.5,116918,-39.91,12.0,0.2
2020-11-11T10:41:54.000,10.48,-13.45,1.06,20.32,20.5,116919,-39.7,12.0,0.2
2020-11-11T10:42:54.000,10.84,-13.58,1.06,20.32,20.5,116920,-39.49,12.0,0.2
2020-11-11T10:43:54.000,10.9,-13.8,1.06,20.32,20.5,116921,-39.28,13.0,0.2
2020-11-11T10:44:54.000,10.73,-13.57,1.06,20.32,20.5,116922,-39.06,13.0,0.2
2020-11-11T10:45:55.000,10.55,-13.49,1.06,20.32,20.5,116923,-38.85,13.0,0.2
