Downloads/jupyter/ECSV/stars19/stars19_2020-06.ecsv
# %ECSV 1.0
# ---
# datatype:
# - {name: time, datatype: string}
# - {name: Enclosure Temperature, unit: deg_C, datatype: float64}
# - {name: Sky Temperature, unit: deg_C, datatype: float64}
# - {name: Frequency, unit: Hz, datatype: float64}
# - {name: MSAS, unit: mag / arcsec2, datatype: float64}
# - {name: ZP, datatype: float64}
# - {name: Sequence Number, datatype: int64}
# - {name: Sun Alt, unit: deg, datatype: float64}
# - {name: Moon Alt, unit: deg, datatype: float64}
# - {name: Moon Illumination, datatype: float64}
# delimiter: ','
# meta: !!omap
# - ida:
#     Data supplier: {affiliation: null, observer: null}
#     Device type: TESS-W
#     Field of view: 17.0
#     Filters per channel: None
#     Instrument ID: stars19
#     License: ODbL 1.0 http://opendatacommons.org/licenses/odbl/summary/
#     Local timezone: America/Phoenix
#     Location name: {country: '- Tucson', place: Tucson, region: United States, sub_region: Arizona, town: Pima County}
#     Measurement direction per channel: {azimuth: 0.0, zenital: 0.0}
#     Moving / Fixed look direction: FIXED
#     Moving / Stationary position: STATIONARY
#     Number of channels: 1
#     Number of fields per line: 8
#     Number of header lines: 35
#     Position: {height: 0.0, latitude: 32.223877, longitude: -110.767532}
#     TESS MAC address: 18:FE:34:CF:EC:06
#     TESS cover offset value: 0.0
#     TESS firmware version: '1.0'
#     TESS zero point: 20.5
#     Time Synchronization: timestamp added by MQTT subscriber
#     URL: http://www.darksky.org/NSBM/sdf1.0.pdf
# - __serialized_columns__:
#     Enclosure Temperature:
#       __class__: astropy.units.quantity.Quantity
#       unit: &id001 !astropy.units.Unit {unit: deg_C}
#       value: !astropy.table.SerializedColumn {name: Enclosure Temperature}
#     Frequency:
#       __class__: astropy.units.quantity.Quantity
#       unit: !astropy.units.Unit {unit: Hz}
#       value: !astropy.table.SerializedColumn {name: Frequency}
#     MSAS:
#       __class__: astropy.units.quantity.Quantity
#       unit: !astropy.units.Unit {unit: mag / arcsec2}
#       value: !astropy.table.SerializedColumn {name: MSAS}
#     Moon Alt:
#       __class__: astropy.units.quantity.Quantity
#       unit: &id002 !astropy.units.Unit {unit: deg}
#       value: !astropy.table.SerializedColumn {name: Moon Alt}
#     Sky Temperature:
#       __class__: astropy.units.quantity.Quantity
#       unit: *id001
#       value: !astropy.table.SerializedColumn {name: Sky Temperature}
#     Sun Alt:
#       __class__: astropy.units.quantity.Quantity
#       unit: *id002
#       value: !astropy.table.SerializedColumn {name: Sun Alt}
#     time:
#       __class__: astropy.time.core.Time
#       format: isot
#       in_subfmt: '*'
#       out_subfmt: '*'
#       precision: 3
#       scale: utc
#       value: !astropy.table.SerializedColumn {name: time}
# schema: astropy-2.0
time,Enclosure Temperature,Sky Temperature,Frequency,MSAS,ZP,Sequence Number,Sun Alt,Moon Alt,Moon Illumination
[from data line 11724]
2020-06-16T02:42:45.000,36.37,18.09,16496.13,9.84,20.5,73470,-2.92,-51.0,0.243
2020-06-16T02:43:45.000,36.33,17.89,13437.69,10.06,20.5,73471,-3.1,-51.0,0.243
2020-06-16T02:44:45.000,36.21,17.71,11193.17,10.26,20.5,73472,-3.28,-51.0,0.243
2020-06-16T02:45:46.000,36.17,17.87,9251.49,10.47,20.5,73473,-3.47,-51.0,0.243
2020-06-16T02:46:45.000,36.15,17.94,7462.2,10.7,20.5,73474,-3.65,-51.0,0.243
2020-06-16T02:48:46.000,35.98,17.96,4856.6,11.17,20.5,73476,-4.01,-51.0,0.243
2020-06-16T02:49:46.000,35.86,18.17,3947.36,11.39,20.5,73477,-4.19,-51.0,0.243
2020-06-16T02:55:47.000,35.48,20.6,996.27,12.89,20.5,73483,-5.28,-52.0,0.242
2020-06-16T02:56:48.000,35.42,20.55,794.55,13.13,20.5,73484,-5.46,-52.0,0.242
2020-06-16T02:57:48.000,35.42,21.03,643.17,13.36,20.5,73485,-5.64,-52.0,0.242
2020-06-16T02:58:48.000,35.43,20.95,529.22,13.57,20.5,73486,-5.82,-52.0,0.242
2020-06-16T02:59:48.000,35.44,20.85,440.81,13.77,20.5,73487,-6.0,-52.0,0.242
2020-06-16T03:00:48.000,35.41,20.58,372.09,13.95,20.5,73488,-6.18,-52.0,0.242
2020-06-16T03:01:48.000,35.38,20.44,319.96,14.12,20.5,73489,-6.35,-52.0,0.242
2020-06-16T03:02:48.000,35.43,20.36,277.75,14.27,20.5,73490,-6.53,-52.0,0.242
2020-06-16T03:03:49.000,35.43,19.87,241.36,14.42,20.5,73491,-6.71,-52.0,0.242
2020-06-16T03:05:49.000,35.25,18.99,166.02,14.83,20.5,73493,-7.07,-52.0,0.242
2020-06-16T03:06:49.000,35.21,18.56,132.56,15.08,20.5,73494,-7.24,-52.0,0.242
2020-06-16T03:07:49.000,35.18,18.15,107.03,15.31,20.5,73495,-7.42,-52.0,0.242
2020-06-16T03:08:50.000,35.13,17.67,88.5,15.51,20.5,73496,-7.6,-52.0,0.242
2020-06-16T03:09:50.000,35.08,17.15,72.83,15.73,20.5,73497,-7.77,-52.0,0.242
2020-06-16T03:10:50.000,35.02,16.71,59.57,15.94,20.5,73498,-7.95,-52.0,0.242
2020-06-16T03:11:50.000,34.93,16.21,47.3,16.19,20.5,73499,-8.12,-52.0,0.241
2020-06-16T03:12:51.000,34.98,15.9,37.82,16.44,20.5,73500,-8.3,-52.0,0.241
2020-06-16T03:13:50.000,34.92,15.16,27.98,16.77,20.5,73501,-8.47,-52.0,0.241
2020-06-16T03:14:51.000,34.87,14.82,21.69,17.04,20.5,73502,-8.65,-52.0,0.241
2020-06-16T03:16:51.000,34.74,14.14,15.2,17.43,20.5,73504,-8.99,-52.0,0.241
2020-06-16T03:17:52.000,34.67,13.86,12.89,17.61,20.5,73505,-9.17,-52.0,0.241
2020-06-16T03:18:52.000,34.57,13.34,10.78,17.8,20.5,73506,-9.34,-52.0,0.241
2020-06-16T03:19:52.000,34.46,13.1,9.17,17.98,20.5,73507,-9.52,-52.0,0.241
2020-06-16T03:20:52.000,34.32,12.96,7.79,18.15,20.5,73508,-9.69,-52.0,0.241
2020-06-16T03:29:53.000,34.17,12.96,3.03,19.18,20.5,73517,-11.22,-52.0,0.24
2020-06-16T03:30:53.000,34.14,13.34,2.9,19.22,20.5,73518,-11.39,-52.0,0.24
2020-06-16T03:32:54.000,34.18,14.18,2.89,19.23,20.5,73520,-11.73,-52.0,0.24
2020-06-16T03:33:54.000,34.16,14.52,3.05,19.17,20.5,73521,-11.9,-52.0,0.24
2020-06-16T03:35:54.000,34.18,15.29,3.71,18.96,20.5,73523,-12.23,-52.0,0.24
2020-06-16T03:36:54.000,34.17,15.32,3.78,18.94,20.5,73524,-12.4,-52.0,0.24
2020-06-16T03:37:55.000,34.19,15.42,3.73,18.95,20.5,73525,-12.57,-52.0,0.24
2020-06-16T03:38:55.000,34.15,15.26,3.67,18.97,20.5,73526,-12.73,-52.0,0.24
2020-06-16T03:39:55.000,34.17,15.34,3.73,18.95,20.5,73527,-12.9,-52.0,0.24
2020-06-16T03:40:55.000,34.18,15.51,4.03,18.87,20.5,73528,-13.06,-52.0,0.24
2020-06-16T03:41:56.000,34.17,15.45,4.53,18.74,20.5,73529,-13.23,-52.0,0.24
2020-06-16T03:42:56.000,34.14,15.61,5.04,18.62,20.5,73530,-13.39,-52.0,0.24
2020-06-16T03:43:56.000,34.12,15.85,5.47,18.54,20.5,73531,-13.56,-52.0,0.24
2020-06-16T03:44:56.000,34.08,15.95,5.75,18.48,20.5,73532,-13.72,-52.0,0.24
2020-06-16T03:45:57.000,34.07,16.13,5.83,18.47,20.5,73533,-13.89,-52.0,0.24
2020-06-16T03:46:57.000,34.06,16.21,5.86,18.46,20.5,73534,-14.05,-52.0,0.24
2020-06-16T03:47:57.000,34.03,16.0,5.87,18.46,20.5,73535,-14.21,-52.0,0.239
2020-06-16T03:49:58.000,33.97,16.38,5.88,18.46,20.5,73537,-14.54,-52.0,0.239
2020-06-16T03:50:58.000,33.97,16.58,5.76,18.48,20.5,73538,-14.7,-52.0,0.239
2020-06-16T03:51:58.000,33.94,16.52,5.7,18.49,20.5,73539,-14.86,-52.0,0.239
2020-06-16T03:52:59.000,33.92,16.36,5.69,18.49,20.5,73540,-15.02,-52.0,0.239
2020-06-16T03:53:59.000,33.94,16.04,5.44,18.54,20.5,73541,-15.18,-52.0,0.239
2020-06-16T03:55:59.000,33.89,14.71,3.86,18.92,20.5,73543,-15.5,-52.0,0.239
2020-06-16T03:56:59.000,33.83,14.06,2.95,19.21,20.5,73544,-15.66,-52.0,0.239
2020-06-16T03:58:00.000,33.82,13.8,2.35,19.45,20.5,73545,-15.82,-52.0,0.239
2020-06-16T03:59:00.000,33.78,13.3,1.94,19.66,20.5,73546,-15.97,-52.0,0.239
2020-06-16T04:00:00.000,33.72,13.1,1.71,19.8,20.5,73547,-16.13,-52.0,0.239
2020-06-16T04:03:01.000,33.65,13.51,1.75,19.77,20.5,73550,-16.6,-51.0,0.239
2020-06-16T04:06:02.000,33.64,14.75,4.57,18.73,20.5,73553,-17.07,-51.0,0.238
2020-06-16T04:07:02.000,33.62,14.93,5.66,18.5,20.5,73554,-17.22,-51.0,0.238
2020-06-16T04:08:02.000,33.58,15.4,5.93,18.45,20.5,73555,-17.38,-51.0,0.238
2020-06-16T04:09:02.000,33.63,15.68,5.86,18.46,20.5,73556,-17.53,-51.0,0.238
2020-06-16T04:10:03.000,33.63,15.53,5.71,18.49,20.5,73557,-17.69,-51.0,0.238
2020-06-16T04:11:03.000,33.67,15.56,5.31,18.57,20.5,73558,-17.84,-51.0,0.238
2020-06-16T04:12:03.000,33.7,15.26,4.57,18.73,20.5,73559,-17.99,-51.0,0.238
2020-06-16T04:13:03.000,33.68,14.91,3.85,18.92,20.5,73560,-18.14,-51.0,0.238
2020-06-16T04:14:03.000,33.65,14.51,3.26,19.1,20.5,73561,-18.29,-51.0,0.238
2020-06-16T04:15:04.000,33.65,14.28,2.75,19.28,20.5,73562,-18.45,-51.0,0.238
2020-06-16T04:20:04.000,33.69,13.63,1.68,19.82,20.5,73567,-19.19,-50.0,0.238
2020-06-16T04:25:06.000,33.71,12.94,1.42,20.0,20.5,73572,-19.93,-50.0,0.237
2020-06-16T04:26:06.000,33.74,12.93,1.39,20.02,20.5,73573,-20.07,-50.0,0.237
2020-06-16T04:27:06.000,33.7,12.63,1.37,20.03,20.5,73574,-20.22,-50.0,0.237
2020-06-16T04:28:06.000,33.7,12.78,1.35,20.06,20.5,73575,-20.36,-50.0,0.237
2020-06-16T04:29:07.000,33.71,12.7,1.34,20.06,20.5,73576,-20.51,-50.0,0.237
2020-06-16T04:33:07.000,33.7,12.27,1.3,20.09,20.5,73580,-21.07,-49.0,0.237
2020-06-16T04:42:09.000,33.52,11.86,1.28,20.11,20.5,73589,-22.33,-49.0,0.236
2020-06-16T04:43:09.000,33.49,11.8,1.28,20.11,20.5,73590,-22.46,-49.0,0.236
2020-06-16T04:44:09.000,33.46,11.82,1.28,20.11,20.5,73591,-22.6,-48.0,0.236
2020-06-16T04:45:10.000,33.43,11.73,1.28,20.12,20.5,73592,-22.73,-48.0,0.236
2020-06-16T04:47:10.000,33.37,11.7,1.27,20.12,20.5,73594,-23.0,-48.0,0.236
2020-06-16T04:48:10.000,33.32,11.51,1.27,20.12,20.5,73595,-23.13,-48.0,0.236
2020-06-16T04:49:11.000,33.26,11.61,1.28,20.11,20.5,73596,-23.27,-48.0,0.236
2020-06-16T04:51:11.000,33.19,11.72,1.24,20.14,20.5,73598,-23.53,-48.0,0.236
2020-06-16T04:52:11.000,33.18,11.66,1.24,20.14,20.5,73599,-23.66,-48.0,0.236
2020-06-16T04:53:12.000,33.17,11.66,1.24,20.14,20.5,73600,-23.79,-48.0,0.236
2020-06-16T04:54:12.000,33.15,11.51,1.25,20.14,20.5,73601,-23.92,-47.0,0.236
2020-06-16T04:55:13.000,33.12,11.62,1.24,20.14,20.5,73602,-24.05,-47.0,0.236
2020-06-16T04:56:13.000,33.13,11.59,1.24,20.14,20.5,73603,-24.18,-47.0,0.236
2020-06-16T04:57:13.000,33.14,11.58,1.24,20.15,20.5,73604,-24.31,-47.0,0.236
2020-06-16T04:58:13.000,33.13,11.48,1.23,20.15,20.5,73605,-24.44,-47.0,0.235
2020-06-16T04:59:13.000,33.11,11.49,1.23,20.15,20.5,73606,-24.56,-47.0,0.235
2020-06-16T05:00:14.000,33.08,11.37,1.23,20.16,20.5,73607,-24.69,-47.0,0.235
2020-06-16T05:01:13.000,33.02,11.34,1.22,20.16,20.5,73608,-24.81,-47.0,0.235
2020-06-16T05:04:14.000,32.97,11.39,1.22,20.17,20.5,73611,-25.19,-46.0,0.235
2020-06-16T05:14:15.000,32.71,11.36,1.22,20.17,20.5,73621,-26.38,-45.0,0.235
2020-06-16T05:15:16.000,32.74,11.34,1.22,20.17,20.5,73622,-26.5,-45.0,0.235
2020-06-16T05:16:16.000,32.69,11.13,1.22,20.17,20.5,73623,-26.62,-45.0,0.234
2020-06-16T05:17:16.000,32.65,11.2,1.21,20.17,20.5,73624,-26.73,-45.0,0.234
2020-06-16T05:18:16.000,32.63,11.14,1.21,20.17,20.5,73625,-26.84,-45.0,0.234
2020-06-16T05:19:16.000,32.6,11.13,1.21,20.17,20.5,73626,-26.96,-45.0,0.234
2020-06-16T05:20:17.000,32.59,11.2,1.21,20.17,20.5,73627,-27.07,-44.0,0.234
2020-06-16T05:21:17.000,32.63,11.3,1.21,20.17,20.5,73628,-27.18,-44.0,0.234
2020-06-16T05:22:17.000,32.64,11.26,1.21,20.17,20.5,73629,-27.29,-44.0,0.234
2020-06-16T05:23:18.000,32.62,11.22,1.21,20.17,20.5,73630,-27.4,-44.0,0.234
2020-06-16T05:24:18.000,32.59,11.08,1.21,20.17,20.5,73631,-27.51,-44.0,0.234
2020-06-16T05:25:18.000,32.56,11.18,1.21,20.18,20.5,73632,-27.62,-44.0,0.234
2020-06-16T05:26:18.000,32.54,11.12,1.21,20.18,20.5,73633,-27.73,-44.0,0.234
2020-06-16T05:27:19.000,32.55,11.17,1.21,20.18,20.5,73634,-27.84,-43.0,0.234
2020-06-16T05:28:19.000,32.57,11.14,1.2,20.18,20.5,73635,-27.95,-43.0,0.234
2020-06-16T05:29:19.000,32.58,11.1,1.21,20.18,20.5,73636,-28.05,-43.0,0.234
2020-06-16T05:31:19.000,32.56,11.06,1.2,20.18,20.5,73638,-28.26,-43.0,0.234
2020-06-16T05:32:20.000,32.54,11.07,1.21,20.18,20.5,73639,-28.37,-43.0,0.234
2020-06-16T05:33:20.000,32.53,11.01,1.2,20.18,20.5,73640,-28.47,-43.0,0.233
2020-06-16T05:34:20.000,32.5,11.04,1.2,20.18,20.5,73641,-28.57,-43.0,0.233
2020-06-16T05:35:20.000,32.49,11.06,1.2,20.19,20.5,73642,-28.67,-42.0,0.233
2020-06-16T05:36:20.000,32.49,11.07,1.2,20.19,20.5,73643,-28.77,-42.0,0.233
2020-06-16T05:37:21.000,32.47,11.02,1.19,20.19,20.5,73644,-28.87,-42.0,0.233
2020-06-16T05:38:21.000,32.47,11.15,1.19,20.19,20.5,73645,-28.97,-42.0,0.233
2020-06-16T05:39:21.000,32.47,11.14,1.19,20.19,20.5,73646,-29.07,-42.0,0.233
2020-06-16T05:40:21.000,32.47,11.07,1.19,20.19,20.5,73647,-29.17,-42.0,0.233
2020-06-16T05:41:21.000,32.46,11.06,1.19,20.19,20.5,73648,-29.27,-42.0,0.233
2020-06-16T05:42:22.000,32.47,11.05,1.19,20.19,20.5,73649,-29.36,-41.0,0.233
2020-06-16T05:43:22.000,32.47,11.02,1.19,20.19,20.5,73650,-29.46,-41.0,0.233
2020-06-16T05:44:23.000,32.47,11.04,1.18,20.2,20.5,73651,-29.55,-41.0,0.233
2020-06-16T05:45:23.000,32.48,11.04,1.19,20.2,20.5,73652,-29.65,-41.0,0.233
2020-06-16T05:47:24.000,32.45,11.08,1.18,20.2,20.5,73654,-29.83,-41.0,0.233
2020-06-16T05:49:24.000,32.4,11.0,1.18,20.2,20.5,73656,-30.01,-40.0,0.233
2020-06-16T05:50:24.000,32.42,11.04,1.17,20.21,20.5,73657,-30.1,-40.0,0.233
2020-06-16T05:51:24.000,32.41,10.96,1.17,20.21,20.5,73658,-30.19,-40.0,0.232
2020-06-16T05:52:24.000,32.34,10.82,1.17,20.21,20.5,73659,-30.28,-40.0,0.232
2020-06-16T05:53:24.000,32.33,10.86,1.17,20.21,20.5,73660,-30.37,-40.0,0.232
2020-06-16T05:54:25.000,32.28,10.81,1.17,20.21,20.5,73661,-30.45,-40.0,0.232
2020-06-16T05:55:25.000,32.27,10.87,1.17,20.21,20.5,73662,-30.54,-39.0,0.232
2020-06-16T05:56:25.000,32.26,10.76,1.17,20.21,20.5,73663,-30.62,-39.0,0.232
2020-06-16T05:57:26.000,32.27,10.84,1.17,20.21,20.5,73664,-30.71,-39.0,0.232
2020-06-16T05:58:26.000,32.25,10.83,1.17,20.21,20.5,73665,-30.79,-39.0,0.232
2020-06-16T05:59:26.000,32.26,10.71,1.17,20.21,20.5,73666,-30.87,-39.0,0.232
2020-06-16T06:01:27.000,32.19,10.52,1.16,20.22,20.5,73668,-31.04,-39.0,0.232
2020-06-16T06:02:27.000,32.09,10.5,1.16,20.21,20.5,73669,-31.11,-38.0,0.232
2020-06-16T06:03:26.000,32.08,10.72,1.17,20.21,20.5,73670,-31.19,-38.0,0.232
2020-06-16T06:05:27.000,32.09,10.73,1.16,20.22,20.5,73672,-31.35,-38.0,0.232
2020-06-16T06:06:27.000,31.97,10.22,1.16,20.22,20.5,73673,-31.42,-38.0,0.232
2020-06-16T06:07:27.000,31.89,10.29,1.16,20.22,20.5,73674,-31.5,-38.0,0.232
2020-06-16T06:08:28.000,31.87,10.52,1.17,20.21,20.5,73675,-31.57,-37.0,0.232
2020-06-16T06:09:28.000,31.83,10.49,1.23,20.15,20.5,73676,-31.65,-37.0,0.231
2020-06-16T06:10:28.000,31.79,10.54,1.35,20.06,20.5,73677,-31.72,-37.0,0.231
2020-06-16T06:11:28.000,31.78,10.79,1.63,19.85,20.5,73678,-31.79,-37.0,0.231
2020-06-16T06:12:28.000,31.79,11.16,2.22,19.52,20.5,73679,-31.86,-37.0,0.231
2020-06-16T06:13:29.000,31.81,11.45,2.62,19.33,20.5,73680,-31.93,-37.0,0.231
2020-06-16T06:15:29.000,31.69,12.02,3.63,18.98,20.5,73682,-32.07,-36.0,0.231
2020-06-16T06:16:29.000,31.66,12.21,3.88,18.91,20.5,73683,-32.13,-36.0,0.231
2020-06-16T06:17:29.000,31.69,12.78,4.06,18.86,20.5,73684,-32.2,-36.0,0.231
2020-06-16T06:18:29.000,31.74,13.11,3.81,18.93,20.5,73685,-32.26,-36.0,0.231
2020-06-16T06:19:30.000,31.76,13.29,4.32,18.79,20.5,73686,-32.33,-36.0,0.231
2020-06-16T06:20:29.000,31.78,13.63,4.79,18.68,20.5,73687,-32.39,-35.0,0.231
2020-06-16T06:21:30.000,31.79,13.81,4.26,18.81,20.5,73688,-32.46,-35.0,0.231
2020-06-16T06:22:30.000,31.79,14.09,4.9,18.66,20.5,73689,-32.52,-35.0,0.231
2020-06-16T06:23:30.000,31.79,14.44,6.23,18.4,20.5,73690,-32.58,-35.0,0.231
2020-06-16T06:24:30.000,31.77,14.61,6.85,18.29,20.5,73691,-32.64,-35.0,0.231
2020-06-16T06:25:30.000,31.79,14.92,6.62,18.33,20.5,73692,-32.7,-35.0,0.231
2020-06-16T06:26:31.000,31.84,15.09,6.34,18.38,20.5,73693,-32.75,-34.0,0.231
2020-06-16T06:27:31.000,31.88,15.25,6.64,18.32,20.5,73694,-32.81,-34.0,0.23
2020-06-16T06:28:31.000,31.91,15.42,6.99,18.27,20.5,73695,-32.87,-34.0,0.23
2020-06-16T06:29:31.000,31.91,15.4,7.52,18.19,20.5,73696,-32.92,-34.0,0.23
2020-06-16T06:30:31.000,31.92,15.51,7.47,18.2,20.5,73697,-32.97,-34.0,0.23
2020-06-16T06:31:31.000,31.94,15.49,7.27,18.23,20.5,73698,-33.03,-34.0,0.23
2020-06-16T06:32:31.000,31.95,15.44,8.1,18.11,20.5,73699,-33.08,-33.0,0.23
2020-06-16T06:33:32.000,31.92,15.4,9.91,17.89,20.5,73700,-33.13,-33.0,0.23
2020-06-16T06:34:32.000,31.92,15.52,9.55,17.93,20.5,73701,-33.18,-33.0,0.23
2020-06-16T06:35:32.000,31.92,15.43,9.09,17.98,20.5,73702,-33.23,-33.0,0.23
2020-06-16T06:36:32.000,31.93,15.35,9.38,17.95,20.5,73703,-33.28,-33.0,0.23
2020-06-16T06:37:33.000,31.92,15.1,8.31,18.08,20.5,73704,-33.33,-33.0,0.23
2020-06-16T06:38:33.000,31.92,14.95,6.72,18.31,20.5,73705,-33.37,-32.0,0.23
2020-06-16T06:39:33.000,31.92,14.82,6.24,18.39,20.5,73706,-33.42,-32.0,0.23
2020-06-16T06:40:33.000,31.89,14.89,5.07,18.62,20.5,73707,-33.46,-32.0,0.23
2020-06-16T06:41:33.000,31.88,15.06,4.28,18.8,20.5,73708,-33.5,-32.0,0.23
2020-06-16T06:42:34.000,31.91,15.12,4.58,18.73,20.5,73709,-33.55,-32.0,0.23
2020-06-16T06:45:35.000,31.92,14.9,4.76,18.69,20.5,73712,-33.67,-31.0,0.229
2020-06-16T06:46:36.000,31.91,14.87,4.26,18.81,20.5,73713,-33.71,-31.0,0.229
2020-06-16T06:47:36.000,31.91,15.05,4.4,18.77,20.5,73714,-33.74,-31.0,0.229
2020-06-16T06:48:36.000,31.89,14.77,4.45,18.76,20.5,73715,-33.78,-31.0,0.229
2020-06-16T06:49:37.000,31.78,14.76,4.3,18.8,20.5,73716,-33.82,-31.0,0.229
2020-06-16T06:50:37.000,31.78,15.08,4.73,18.69,20.5,73717,-33.85,-30.0,0.229
2020-06-16T06:51:37.000,31.77,14.87,4.79,18.68,20.5,73718,-33.88,-30.0,0.229
2020-06-16T06:52:37.000,31.75,14.79,4.12,18.84,20.5,73719,-33.92,-30.0,0.229
2020-06-16T06:53:38.000,31.74,14.78,3.66,18.97,20.5,73720,-33.95,-30.0,0.229
2020-06-16T06:54:38.000,31.76,14.62,3.54,19.01,20.5,73721,-33.98,-30.0,0.229
2020-06-16T06:55:38.000,31.76,14.48,3.45,19.04,20.5,73722,-34.01,-29.0,0.229
2020-06-16T06:56:39.000,31.75,14.19,2.99,19.19,20.5,73723,-34.04,-29.0,0.229
2020-06-16T06:57:39.000,31.74,13.91,2.79,19.27,20.5,73724,-34.06,-29.0,0.229
2020-06-16T06:58:39.000,31.68,13.53,2.62,19.33,20.5,73725,-34.09,-29.0,0.229
2020-06-16T06:59:39.000,31.61,13.43,2.36,19.45,20.5,73726,-34.12,-29.0,0.229
2020-06-16T07:02:40.000,31.55,13.17,2.46,19.4,20.5,73729,-34.19,-28.0,0.228
2020-06-16T07:03:40.000,31.53,13.0,2.55,19.37,20.5,73730,-34.21,-28.0,0.228
2020-06-16T07:04:41.000,31.5,12.96,2.66,19.32,20.5,73731,-34.23,-28.0,0.228
2020-06-16T07:05:41.000,31.45,12.96,2.84,19.25,20.5,73732,-34.25,-28.0,0.228
2020-06-16T07:06:41.000,31.44,13.09,2.88,19.23,20.5,73733,-34.26,-27.0,0.228
2020-06-16T07:08:42.000,31.39,12.8,3.03,19.18,20.5,73735,-34.3,-27.0,0.228
2020-06-16T07:09:42.000,31.36,12.49,2.57,19.35,20.5,73736,-34.31,-27.0,0.228
2020-06-16T07:10:42.000,31.36,12.39,2.46,19.4,20.5,73737,-34.33,-27.0,0.228
2020-06-16T07:11:43.000,31.33,12.07,2.84,19.25,20.5,73738,-34.34,-27.0,0.228
2020-06-16T07:12:43.000,31.34,11.78,2.64,19.33,20.5,73739,-34.35,-26.0,0.228
2020-06-16T07:13:43.000,31.33,11.48,2.04,19.61,20.5,73740,-34.36,-26.0,0.228
2020-06-16T07:14:43.000,31.23,10.88,1.82,19.73,20.5,73741,-34.37,-26.0,0.228
2020-06-16T07:15:44.000,31.2,10.7,1.46,19.97,20.5,73742,-34.38,-26.0,0.228
2020-06-16T07:16:44.000,31.19,10.54,1.29,20.11,20.5,73743,-34.39,-26.0,0.228
2020-06-16T07:17:44.000,31.17,10.39,1.23,20.16,20.5,73744,-34.4,-25.0,0.228
