Downloads/jupyter/ECSV/stars19/stars19_2019-08.ecsv
# %ECSV 1.0
# ---
# datatype:
# - {name: time, datatype: string}
# - {name: Enclosure Temperature, unit: deg_C, datatype: float64}
# - {name: Sky Temperature, unit: deg_C, datatype: float64}
# - {name: Frequency, unit: Hz, datatype: float64}
# - {name: MSAS, unit: mag / arcsec2, datatype: float64}
# - {name: ZP, datatype: float64}
# - {name: Sequence Number, datatype: int64}
# - {name: Sun Alt, unit: deg, datatype: float64}
# - {name: Moon Alt, unit: deg, datatype: float64}
# - {name: Moon Illumination, datatype: float64}
# delimiter: ','
# meta: !!omap
# - ida:
#     Data supplier: {affiliation: null, observer: null}
#     Device type: TESS-W
#     Field of view: 17.0
#     Filters per channel: None
#     Instrument ID: stars19
#     License: ODbL 1.0 http://opendatacommons.org/licenses/odbl/summary/
#     Local timezone: America/Phoenix
#     Location name: {country: '- Tucson', place: Tucson, region: United States, sub_region: Arizona, town: Pima County}
#     Measurement direction per channel: {azimuth: 0.0, zenital: 0.0}
#     Moving / Fixed look direction: FIXED
#     Moving / Stationary position: STATIONARY
#     Number of channels: 1
#     Number of fields per line: 8
#     Number of header lines: 35
#     Position: {height: 0.0, latitude: 32.223877, longitude: -110.767532}
#     TESS MAC address: 18:FE:34:CF:EC:06
#     TESS cover offset value: 0.0
#     TESS firmware version: '1.0'
#     TESS zero point: 20.5
#     Time Synchronization: timestamp added by MQTT subscriber
#     URL: http://www.darksky.org/NSBM/sdf1.0.pdf
# - __serialized_columns__:
#     Enclosure Temperature:
#       __class__: astropy.units.quantity.Quantity
#       unit: &id001 !astropy.units.Unit {unit: deg_C}
#       value: !astropy.table.SerializedColumn {name: Enclosure Temperature}
#     Frequency:
#       __class__: astropy.units.quantity.Quantity
#       unit: !astropy.units.Unit {unit: Hz}
#       value: !astropy.table.SerializedColumn {name: Frequency}
#     MSAS:
#       __class__: astropy.units.quantity.Quantity
#       unit: !astropy.units.Unit {unit: mag / arcsec2}
#       value: !astropy.table.SerializedColumn {name: MSAS}
#     Moon Alt:
#       __class__: astropy.units.quantity.Quantity
#       unit: &id002 !astropy.units.Unit {unit: deg}
#       value: !astropy.table.SerializedColumn {name: Moon Alt}
#     Sky Temperature:
#       __class__: astropy.units.quantity.Quantity
#       unit: *id001
#       value: !astropy.table.SerializedColumn {name: Sky Temperature}
#     Sun Alt:
#       __class__: astropy.units.quantity.Quantity
#       unit: *id002
#       value: !astropy.table.SerializedColumn {name: Sun Alt}
#     time:
#       __class__: astropy.time.core.Time
#       format: isot
#       in_subfmt: '*'
#       out_subfmt: '*'
#       precision: 3
#       scale: utc
#       value: !astropy.table.SerializedColumn {name: time}
# schema: astropy-2.0
time,Enclosure Temperature,Sky Temperature,Frequency,MSAS,ZP,Sequence Number,Sun Alt,Moon Alt,Moon Illumination
[from data line 15228]
2019-08-30T01:47:17.000,38.01,21.58,0.0,0.0,20.5,53144,-0.01,-1.0,0.003
2019-08-30T01:48:18.000,37.94,21.36,0.0,0.0,20.5,53145,-0.23,-1.0,0.003
2019-08-30T01:50:21.000,37.71,20.5,0.0,0.0,20.5,53147,-0.65,-2.0,0.003
2019-08-30T01:52:21.000,37.54,19.92,0.0,0.0,20.5,53149,-1.07,-2.0,0.003
2019-08-30T01:53:22.000,37.45,19.51,0.0,0.0,20.5,53150,-1.28,-2.0,0.003
2019-08-30T01:54:22.000,37.37,19.31,0.0,0.0,20.5,53151,-1.48,-3.0,0.003
2019-08-30T01:56:22.000,37.19,18.77,52349.29,8.66,20.5,53153,-1.9,-3.0,0.003
2019-08-30T01:58:23.000,37.02,18.43,41769.59,8.83,20.5,53155,-2.32,-3.0,0.003
2019-08-30T01:59:23.000,36.95,18.49,38431.4,8.92,20.5,53156,-2.52,-4.0,0.003
2019-08-30T02:00:23.000,36.87,18.29,35526.89,9.0,20.5,53157,-2.73,-4.0,0.003
2019-08-30T02:01:24.000,36.82,18.23,31709.1,9.13,20.5,53158,-2.94,-4.0,0.003
2019-08-30T02:02:24.000,36.79,17.96,26596.76,9.59,20.5,53159,-3.15,-4.0,0.003
2019-08-30T02:03:24.000,36.68,17.66,23120.0,9.47,20.5,53160,-3.35,-4.0,0.003
2019-08-30T02:04:24.000,36.61,17.46,17770.89,9.76,20.5,53161,-3.56,-4.0,0.003
2019-08-30T02:06:25.000,36.49,17.53,9648.49,10.42,20.5,53163,-3.97,-5.0,0.003
2019-08-30T02:09:26.000,36.35,18.33,5609.31,11.01,20.5,53166,-4.59,-5.0,0.003
2019-08-30T02:10:26.000,36.31,18.51,4543.96,11.24,20.5,53167,-4.8,-6.0,0.003
2019-08-30T02:11:26.000,36.27,18.58,3592.9,11.49,20.5,53168,-5.01,-6.0,0.003
2019-08-30T02:12:26.000,36.24,18.64,2801.47,11.76,20.5,53169,-5.21,-6.0,0.003
2019-08-30T02:13:26.000,36.21,18.57,2140.58,12.06,20.5,53170,-5.42,-6.0,0.003
2019-08-30T02:14:26.000,36.15,18.58,1582.22,12.39,20.5,53171,-5.62,-6.0,0.003
2019-08-30T02:15:27.000,36.16,18.76,1203.15,12.68,20.5,53172,-5.83,-7.0,0.003
2019-08-30T02:16:27.000,36.12,18.84,988.62,12.89,20.5,53173,-6.03,-7.0,0.003
2019-08-30T02:17:27.000,36.07,19.05,855.71,13.05,20.5,53174,-6.24,-7.0,0.003
2019-08-30T02:18:27.000,36.02,19.16,727.62,13.23,20.5,53175,-6.44,-7.0,0.003
2019-08-30T02:19:28.000,36.0,19.1,559.4,13.52,20.5,53176,-6.65,-7.0,0.003
2019-08-30T02:20:27.000,35.98,19.0,400.61,13.88,20.5,53177,-6.85,-8.0,0.003
2019-08-30T02:21:27.000,35.95,18.93,295.42,14.21,20.5,53178,-7.06,-8.0,0.003
2019-08-30T02:22:28.000,35.91,18.97,232.63,14.47,20.5,53179,-7.26,-8.0,0.003
2019-08-30T02:23:28.000,35.87,18.97,186.52,14.71,20.5,53180,-7.47,-8.0,0.003
2019-08-30T02:24:28.000,35.89,19.06,152.65,14.92,20.5,53181,-7.67,-8.0,0.003
2019-08-30T02:25:28.000,35.9,18.92,124.02,15.15,20.5,53182,-7.87,-9.0,0.003
2019-08-30T02:30:29.000,35.8,18.61,42.79,16.3,20.5,53187,-8.89,-9.0,0.003
2019-08-30T02:31:29.000,35.76,18.37,35.36,16.51,20.5,53188,-9.09,-10.0,0.003
2019-08-30T02:32:29.000,35.74,18.23,30.44,16.67,20.5,53189,-9.3,-10.0,0.003
2019-08-30T02:35:30.000,35.62,17.46,14.94,17.45,20.5,53192,-9.91,-10.0,0.003
2019-08-30T02:36:30.000,35.62,17.27,11.98,17.69,20.5,53193,-10.11,-11.0,0.003
2019-08-30T02:37:30.000,35.56,16.91,10.04,17.88,20.5,53194,-10.31,-11.0,0.003
2019-08-30T02:38:31.000,35.47,16.84,8.54,18.05,20.5,53195,-10.52,-11.0,0.003
2019-08-30T02:39:31.000,35.45,16.7,7.43,18.2,20.5,53196,-10.72,-11.0,0.003
2019-08-30T02:40:31.000,35.39,16.42,6.65,18.32,20.5,53197,-10.92,-11.0,0.003
2019-08-30T02:41:31.000,35.36,16.42,6.11,18.42,20.5,53198,-11.12,-12.0,0.003
2019-08-30T02:42:32.000,35.32,16.34,5.73,18.49,20.5,53199,-11.32,-12.0,0.003
2019-08-30T02:43:32.000,35.3,16.31,5.48,18.53,20.5,53200,-11.52,-12.0,0.003
2019-08-30T02:44:32.000,35.27,16.1,5.14,18.6,20.5,53201,-11.72,-12.0,0.003
2019-08-30T02:45:33.000,35.24,15.95,4.7,18.7,20.5,53202,-11.93,-12.0,0.003
2019-08-30T02:46:33.000,35.18,15.63,4.07,18.86,20.5,53203,-12.13,-12.0,0.003
2019-08-30T02:47:33.000,35.12,15.44,3.36,19.07,20.5,53204,-12.33,-13.0,0.003
2019-08-30T02:48:34.000,35.08,15.3,2.71,19.3,20.5,53205,-12.53,-13.0,0.003
2019-08-30T02:49:34.000,35.08,15.15,2.25,19.5,20.5,53206,-12.73,-13.0,0.003
2019-08-30T02:52:34.000,34.95,14.86,1.77,19.76,20.5,53209,-13.33,-14.0,0.003
2019-08-30T02:53:35.000,34.91,14.81,1.72,19.79,20.5,53210,-13.53,-14.0,0.003
2019-08-30T02:55:36.000,34.88,14.82,1.62,19.86,20.5,53212,-13.93,-14.0,0.003
2019-08-30T02:56:36.000,34.88,14.8,1.58,19.89,20.5,53213,-14.13,-14.0,0.003
2019-08-30T02:57:36.000,34.84,14.69,1.54,19.91,20.5,53214,-14.33,-15.0,0.003
2019-08-30T02:58:36.000,34.82,14.7,1.51,19.93,20.5,53215,-14.52,-15.0,0.003
2019-08-30T02:59:36.000,34.78,14.6,1.49,19.95,20.5,53216,-14.72,-15.0,0.003
2019-08-30T03:00:36.000,34.76,14.63,1.47,19.96,20.5,53217,-14.92,-15.0,0.003
2019-08-30T03:01:37.000,34.76,14.56,1.45,19.98,20.5,53218,-15.12,-15.0,0.003
2019-08-30T03:06:38.000,34.64,14.33,1.41,20.01,20.5,53223,-16.11,-16.0,0.003
2019-08-30T03:07:38.000,34.59,14.23,1.41,20.01,20.5,53224,-16.3,-16.0,0.003
2019-08-30T03:08:38.000,34.56,14.27,1.4,20.01,20.5,53225,-16.5,-17.0,0.003
2019-08-30T03:09:39.000,34.52,14.14,1.4,20.02,20.5,53226,-16.7,-17.0,0.003
2019-08-30T03:10:39.000,34.47,14.21,1.39,20.02,20.5,53227,-16.89,-17.0,0.003
2019-08-30T03:11:39.000,34.45,14.22,1.39,20.02,20.5,53228,-17.09,-17.0,0.003
2019-08-30T03:12:40.000,34.43,14.23,1.39,20.02,20.5,53229,-17.28,-17.0,0.003
2019-08-30T03:13:40.000,34.4,14.15,1.39,20.02,20.5,53230,-17.48,-17.0,0.003
2019-08-30T03:14:40.000,34.37,14.16,1.39,20.02,20.5,53231,-17.67,-18.0,0.002
2019-08-30T03:15:40.000,34.36,14.18,1.38,20.03,20.5,53232,-17.87,-18.0,0.002
2019-08-30T03:21:41.000,34.23,14.06,1.36,20.04,20.5,53238,-19.03,-19.0,0.002
2019-08-30T03:30:42.000,34.09,13.97,1.39,20.02,20.5,53247,-20.76,-20.0,0.002
2019-08-30T03:31:42.000,34.08,13.92,1.35,20.06,20.5,53248,-20.95,-21.0,0.002
2019-08-30T03:32:42.000,34.05,13.88,1.34,20.06,20.5,53249,-21.14,-21.0,0.002
2019-08-30T03:33:42.000,34.02,13.82,1.34,20.06,20.5,53250,-21.33,-21.0,0.002
2019-08-30T03:34:43.000,33.98,13.82,1.33,20.07,20.5,53251,-21.52,-21.0,0.002
2019-08-30T03:35:43.000,33.94,13.86,1.33,20.07,20.5,53252,-21.71,-21.0,0.002
2019-08-30T03:36:43.000,33.9,13.82,1.32,20.08,20.5,53253,-21.9,-21.0,0.002
2019-08-30T03:37:43.000,33.86,13.83,1.31,20.08,20.5,53254,-22.08,-22.0,0.002
2019-08-30T03:38:43.000,33.85,13.79,1.31,20.08,20.5,53255,-22.27,-22.0,0.002
2019-08-30T03:39:43.000,33.82,13.79,1.31,20.09,20.5,53256,-22.46,-22.0,0.002
2019-08-30T03:40:43.000,33.8,13.77,1.31,20.09,20.5,53257,-22.65,-22.0,0.002
2019-08-30T03:41:44.000,33.76,13.78,1.31,20.09,20.5,53258,-22.84,-22.0,0.002
2019-08-30T03:42:44.000,33.75,13.83,1.32,20.08,20.5,53259,-23.02,-22.0,0.002
2019-08-30T03:43:44.000,33.73,13.82,1.31,20.08,20.5,53260,-23.21,-23.0,0.002
2019-08-30T03:46:45.000,33.68,13.87,1.37,20.04,20.5,53263,-23.77,-23.0,0.002
2019-08-30T03:47:45.000,33.68,13.87,1.33,20.07,20.5,53264,-23.96,-23.0,0.002
2019-08-30T03:48:46.000,33.67,13.88,1.32,20.08,20.5,53265,-24.15,-24.0,0.002
2019-08-30T03:49:46.000,33.65,13.87,1.32,20.08,20.5,53266,-24.33,-24.0,0.002
2019-08-30T03:50:46.000,33.65,13.88,1.32,20.08,20.5,53267,-24.51,-24.0,0.002
2019-08-30T03:51:47.000,33.64,13.84,1.32,20.08,20.5,53268,-24.7,-24.0,0.002
2019-08-30T03:52:47.000,33.61,13.78,1.32,20.08,20.5,53269,-24.88,-24.0,0.002
2019-08-30T03:53:47.000,33.58,13.81,1.32,20.08,20.5,53270,-25.07,-24.0,0.002
2019-08-30T03:54:47.000,33.56,13.76,1.32,20.08,20.5,53271,-25.25,-25.0,0.002
2019-08-30T03:55:47.000,33.55,13.77,1.33,20.07,20.5,53272,-25.43,-25.0,0.002
2019-08-30T03:56:47.000,33.54,13.78,1.31,20.08,20.5,53273,-25.62,-25.0,0.002
2019-08-30T03:58:47.000,33.53,13.75,1.32,20.08,20.5,53275,-25.98,-25.0,0.002
2019-08-30T03:59:47.000,33.51,13.77,1.32,20.08,20.5,53276,-26.16,-25.0,0.002
2019-08-30T04:00:48.000,33.5,13.81,1.32,20.08,20.5,53277,-26.34,-25.0,0.002
2019-08-30T04:06:55.000,33.46,13.84,1.31,20.08,20.5,53283,-27.44,-26.0,0.002
2019-08-30T04:07:55.000,33.45,13.85,1.31,20.08,20.5,53284,-27.62,-27.0,0.002
2019-08-30T04:08:56.000,33.45,13.9,1.32,20.08,20.5,53285,-27.8,-27.0,0.002
2019-08-30T04:10:57.000,33.46,13.86,1.31,20.09,20.5,53287,-28.16,-27.0,0.002
2019-08-30T04:12:59.000,33.45,13.75,1.31,20.09,20.5,53289,-28.52,-27.0,0.002
2019-08-30T04:14:00.000,33.41,13.72,1.35,20.07,20.5,53290,-28.7,-28.0,0.002
2019-08-30T04:15:01.000,33.38,13.68,1.32,20.08,20.5,53291,-28.88,-28.0,0.002
2019-08-30T04:16:02.000,33.35,13.68,1.3,20.09,20.5,53292,-29.05,-28.0,0.002
2019-08-30T04:17:02.000,33.34,13.73,1.3,20.09,20.5,53293,-29.23,-28.0,0.002
2019-08-30T04:18:02.000,33.32,13.67,1.31,20.09,20.5,53294,-29.4,-28.0,0.002
2019-08-30T04:19:03.000,33.31,13.69,1.31,20.09,20.5,53295,-29.58,-28.0,0.002
2019-08-30T04:20:03.000,33.31,13.73,1.32,20.08,20.5,53296,-29.75,-29.0,0.002
2019-08-30T04:21:03.000,33.32,13.7,1.31,20.09,20.5,53297,-29.93,-29.0,0.002
2019-08-30T04:26:04.000,33.29,13.6,1.31,20.09,20.5,53302,-30.79,-29.0,0.002
2019-08-30T04:27:05.000,33.28,13.57,1.31,20.09,20.5,53303,-30.96,-30.0,0.002
2019-08-30T04:28:05.000,33.27,13.53,1.31,20.09,20.5,53304,-31.13,-30.0,0.002
2019-08-30T04:30:08.000,33.16,13.27,1.31,20.08,20.5,53306,-31.48,-30.0,0.002
2019-08-30T04:31:08.000,33.14,13.35,1.3,20.09,20.5,53307,-31.64,-30.0,0.002
2019-08-30T04:32:08.000,33.13,13.32,1.31,20.09,20.5,53308,-31.81,-30.0,0.002
2019-08-30T04:33:09.000,33.11,13.41,1.3,20.09,20.5,53309,-31.98,-31.0,0.002
2019-08-30T04:34:09.000,33.08,13.35,1.3,20.09,20.5,53310,-32.15,-31.0,0.002
2019-08-30T04:36:10.000,33.0,13.22,1.3,20.09,20.5,53312,-32.48,-31.0,0.002
2019-08-30T04:37:10.000,32.91,13.09,1.31,20.09,20.5,53313,-32.65,-31.0,0.002
2019-08-30T04:39:12.000,32.76,13.05,1.3,20.09,20.5,53315,-32.98,-31.0,0.002
2019-08-30T04:41:14.000,32.75,13.38,1.3,20.09,20.5,53317,-33.32,-32.0,0.002
2019-08-30T04:42:14.000,32.76,13.24,1.31,20.09,20.5,53318,-33.48,-32.0,0.002
2019-08-30T04:43:15.000,32.75,13.26,1.31,20.09,20.5,53319,-33.64,-32.0,0.002
2019-08-30T04:44:15.000,32.74,13.21,1.31,20.09,20.5,53320,-33.81,-32.0,0.002
2019-08-30T04:45:15.000,32.73,13.2,1.31,20.09,20.5,53321,-33.97,-32.0,0.002
2019-08-30T04:46:16.000,32.72,13.21,1.31,20.09,20.5,53322,-34.13,-32.0,0.002
2019-08-30T04:47:16.000,32.68,13.18,1.32,20.08,20.5,53323,-34.29,-33.0,0.002
2019-08-30T04:51:20.000,32.58,14.12,2.38,19.45,20.5,53327,-34.94,-33.0,0.002
2019-08-30T04:52:21.000,32.58,14.76,3.94,18.9,20.5,53328,-35.1,-33.0,0.002
2019-08-30T04:53:21.000,32.57,15.07,4.19,18.83,20.5,53329,-35.25,-33.0,0.002
2019-08-30T04:54:21.000,32.54,15.07,3.05,19.18,20.5,53330,-35.41,-34.0,0.002
2019-08-30T04:55:21.000,32.55,14.97,2.15,19.55,20.5,53331,-35.56,-34.0,0.002
2019-08-30T04:56:22.000,32.52,14.76,1.71,19.8,20.5,53332,-35.72,-34.0,0.002
2019-08-30T04:57:22.000,32.52,14.64,1.58,19.88,20.5,53333,-35.87,-34.0,0.002
2019-08-30T04:58:22.000,32.55,14.48,1.54,19.91,20.5,53334,-36.03,-34.0,0.002
2019-08-30T04:59:23.000,32.56,14.41,1.55,19.91,20.5,53335,-36.18,-34.0,0.002
2019-08-30T05:00:24.000,32.56,14.44,1.58,19.89,20.5,53336,-36.34,-34.0,0.002
2019-08-30T05:01:23.000,32.57,14.59,1.64,19.84,20.5,53337,-36.49,-35.0,0.002
2019-08-30T05:02:24.000,32.59,14.69,1.75,19.77,20.5,53338,-36.64,-35.0,0.002
2019-08-30T05:03:25.000,32.59,14.82,1.85,19.71,20.5,53339,-36.8,-35.0,0.002
2019-08-30T05:04:25.000,32.61,15.02,2.02,19.62,20.5,53340,-36.95,-35.0,0.002
2019-08-30T05:05:25.000,32.63,15.21,2.52,19.38,20.5,53341,-37.09,-35.0,0.002
2019-08-30T05:06:26.000,32.63,15.27,2.83,19.25,20.5,53342,-37.25,-35.0,0.002
2019-08-30T05:07:27.000,32.63,15.26,2.32,19.47,20.5,53343,-37.4,-35.0,0.002
2019-08-30T05:10:28.000,32.6,15.05,3.12,19.15,20.5,53346,-37.84,-36.0,0.002
2019-08-30T05:11:28.000,32.58,14.98,3.34,19.07,20.5,53347,-37.98,-36.0,0.002
2019-08-30T05:12:29.000,32.58,14.78,2.47,19.4,20.5,53348,-38.13,-36.0,0.002
2019-08-30T05:13:30.000,32.53,14.46,1.76,19.77,20.5,53349,-38.28,-36.0,0.002
2019-08-30T05:14:31.000,32.51,14.26,1.48,19.96,20.5,53350,-38.42,-36.0,0.002
2019-08-30T05:15:32.000,32.46,13.86,1.38,20.03,20.5,53351,-38.57,-36.0,0.002
2019-08-30T05:16:32.000,32.45,13.74,1.28,20.11,20.5,53352,-38.71,-37.0,0.002
2019-08-30T05:17:32.000,32.42,13.48,1.25,20.13,20.5,53353,-38.85,-37.0,0.002
2019-08-30T05:18:33.000,32.4,13.38,1.24,20.15,20.5,53354,-38.99,-37.0,0.002
2019-08-30T05:19:34.000,32.34,13.29,1.23,20.16,20.5,53355,-39.13,-37.0,0.002
2019-08-30T05:20:34.000,32.36,13.38,1.22,20.16,20.5,53356,-39.27,-37.0,0.002
2019-08-30T05:27:36.000,32.15,12.92,1.17,20.21,20.5,53363,-40.23,-38.0,0.002
2019-08-30T05:28:36.000,32.18,13.02,1.17,20.21,20.5,53364,-40.36,-38.0,0.002
2019-08-30T05:29:37.000,32.21,12.98,1.17,20.21,20.5,53365,-40.5,-38.0,0.002
2019-08-30T05:30:37.000,32.22,12.95,1.16,20.22,20.5,53366,-40.63,-38.0,0.002
2019-08-30T05:31:38.000,32.2,12.96,1.15,20.23,20.5,53367,-40.76,-38.0,0.002
2019-08-30T05:33:38.000,32.16,12.89,1.15,20.23,20.5,53369,-41.02,-39.0,0.002
2019-08-30T05:34:39.000,32.15,12.85,1.14,20.24,20.5,53370,-41.15,-39.0,0.002
2019-08-30T05:35:40.000,32.15,12.95,1.14,20.24,20.5,53371,-41.28,-39.0,0.002
2019-08-30T05:36:40.000,32.18,12.96,1.14,20.24,20.5,53372,-41.4,-39.0,0.002
2019-08-30T05:38:41.000,32.15,12.65,1.13,20.25,20.5,53374,-41.65,-39.0,0.002
2019-08-30T05:39:42.000,32.12,12.54,1.13,20.25,20.5,53375,-41.78,-39.0,0.002
2019-08-30T05:40:43.000,32.09,12.54,1.13,20.25,20.5,53376,-41.9,-39.0,0.002
2019-08-30T05:41:43.000,32.06,12.64,1.13,20.25,20.5,53377,-42.03,-39.0,0.002
2019-08-30T05:42:44.000,32.02,12.74,1.13,20.25,20.5,53378,-42.15,-40.0,0.002
2019-08-30T05:43:45.000,32.02,12.71,1.13,20.25,20.5,53379,-42.27,-40.0,0.002
2019-08-30T05:44:45.000,32.0,12.69,1.13,20.25,20.5,53380,-42.39,-40.0,0.002
2019-08-30T05:45:46.000,31.98,12.7,1.13,20.25,20.5,53381,-42.51,-40.0,0.002
2019-08-30T05:46:46.000,31.97,12.69,1.13,20.25,20.5,53382,-42.63,-40.0,0.002
2019-08-30T05:47:46.000,31.96,12.68,1.13,20.25,20.5,53383,-42.74,-40.0,0.002
2019-08-30T05:48:47.000,31.95,12.65,1.13,20.25,20.5,53384,-42.86,-40.0,0.002
2019-08-30T05:49:47.000,31.91,12.49,1.13,20.25,20.5,53385,-42.98,-40.0,0.002
2019-08-30T05:50:48.000,31.85,12.47,1.13,20.25,20.5,53386,-43.09,-40.0,0.002
2019-08-30T05:51:48.000,31.79,12.5,1.13,20.25,20.5,53387,-43.2,-40.0,0.002
2019-08-30T05:52:48.000,31.76,12.55,1.13,20.25,20.5,53388,-43.32,-41.0,0.002
2019-08-30T05:53:49.000,31.73,12.47,1.12,20.25,20.5,53389,-43.43,-41.0,0.002
2019-08-30T05:54:49.000,31.68,12.5,1.12,20.26,20.5,53390,-43.54,-41.0,0.002
2019-08-30T05:55:49.000,31.64,12.44,1.12,20.26,20.5,53391,-43.65,-41.0,0.002
2019-08-30T05:56:49.000,31.61,12.5,1.12,20.26,20.5,53392,-43.76,-41.0,0.002
2019-08-30T05:57:50.000,31.6,12.48,1.12,20.26,20.5,53393,-43.86,-41.0,0.002
2019-08-30T05:59:51.000,31.55,12.33,1.11,20.27,20.5,53395,-44.08,-41.0,0.002
2019-08-30T06:00:51.000,31.51,12.35,1.1,20.28,20.5,53396,-44.18,-41.0,0.002
2019-08-30T06:01:52.000,31.47,12.31,1.09,20.28,20.5,53397,-44.29,-41.0,0.002
2019-08-30T06:02:52.000,31.43,12.35,1.09,20.28,20.5,53398,-44.39,-41.0,0.002
2019-08-30T06:03:53.000,31.39,12.29,1.09,20.29,20.5,53399,-44.49,-42.0,0.002
2019-08-30T06:04:53.000,31.35,12.32,1.09,20.29,20.5,53400,-44.59,-42.0,0.002
2019-08-30T06:05:54.000,31.33,12.45,1.09,20.29,20.5,53401,-44.69,-42.0,0.002
2019-08-30T06:06:54.000,31.33,12.61,1.09,20.29,20.5,53402,-44.79,-42.0,0.002
2019-08-30T06:07:55.000,31.32,12.59,1.09,20.29,20.5,53403,-44.89,-42.0,0.002
2019-08-30T06:08:56.000,31.33,12.63,1.09,20.28,20.5,53404,-44.98,-42.0,0.002
2019-08-30T06:10:56.000,31.34,12.51,1.09,20.29,20.5,53406,-45.17,-42.0,0.002
2019-08-30T06:11:57.000,31.33,12.46,1.09,20.29,20.5,53407,-45.27,-42.0,0.002
2019-08-30T06:23:59.000,31.17,12.23,1.06,20.31,20.5,53419,-46.29,-43.0,0.002
2019-08-30T06:26:00.000,31.17,12.35,1.06,20.32,20.5,53421,-46.45,-43.0,0.002
2019-08-30T06:27:01.000,31.17,12.37,1.06,20.32,20.5,53422,-46.52,-43.0,0.002
2019-08-30T06:28:01.000,31.19,12.43,1.06,20.32,20.5,53423,-46.6,-43.0,0.002
2019-08-30T06:29:01.000,31.2,12.28,1.06,20.32,20.5,53424,-46.67,-43.0,0.002
2019-08-30T06:30:02.000,31.19,12.17,1.06,20.32,20.5,53425,-46.74,-43.0,0.002
2019-08-30T06:32:03.000,31.15,12.09,1.05,20.32,20.5,53427,-46.88,-44.0,0.002
2019-08-30T06:33:03.000,31.11,11.97,1.05,20.33,20.5,53428,-46.95,-44.0,0.002
2019-08-30T06:34:03.000,31.06,11.79,1.05,20.33,20.5,53429,-47.02,-44.0,0.002
2019-08-30T06:35:04.000,31.02,11.77,1.05,20.33,20.5,53430,-47.09,-44.0,0.002
