Downloads/jupyter/ECSV/stars19/stars19_2020-04.ecsv
# %ECSV 1.0
# ---
# datatype:
# - {name: time, datatype: string}
# - {name: Enclosure Temperature, unit: deg_C, datatype: float64}
# - {name: Sky Temperature, unit: deg_C, datatype: float64}
# - {name: Frequency, unit: Hz, datatype: float64}
# - {name: MSAS, unit: mag / arcsec2, datatype: float64}
# - {name: ZP, datatype: float64}
# - {name: Sequence Number, datatype: int64}
# - {name: Sun Alt, unit: deg, datatype: float64}
# - {name: Moon Alt, unit: deg, datatype: float64}
# - {name: Moon Illumination, datatype: float64}
# delimiter: ','
# meta: !!omap
# - ida:
#     Data supplier: {affiliation: null, observer: null}
#     Device type: TESS-W
#     Field of view: 17.0
#     Filters per channel: None
#     Instrument ID: stars19
#     License: ODbL 1.0 http://opendatacommons.org/licenses/odbl/summary/
#     Local timezone: America/Phoenix
#     Location name: {country: '- Tucson', place: Tucson, region: United States, sub_region: Arizona, town: Pima County}
#     Measurement direction per channel: {azimuth: 0.0, zenital: 0.0}
#     Moving / Fixed look direction: FIXED
#     Moving / Stationary position: STATIONARY
#     Number of channels: 1
#     Number of fields per line: 8
#     Number of header lines: 35
#     Position: {height: 0.0, latitude: 32.223877, longitude: -110.767532}
#     TESS MAC address: 18:FE:34:CF:EC:06
#     TESS cover offset value: 0.0
#     TESS firmware version: '1.0'
#     TESS zero point: 20.5
#     Time Synchronization: timestamp added by MQTT subscriber
#     URL: http://www.darksky.org/NSBM/sdf1.0.pdf
# - __serialized_columns__:
#     Enclosure Temperature:
#       __class__: astropy.units.quantity.Quantity
#       unit: &id001 !astropy.units.Unit {unit: deg_C}
#       value: !astropy.table.SerializedColumn {name: Enclosure Temperature}
#     Frequency:
#       __class__: astropy.units.quantity.Quantity
#       unit: !astropy.units.Unit {unit: Hz}
#       value: !astropy.table.SerializedColumn {name: Frequency}
#     MSAS:
#       __class__: astropy.units.quantity.Quantity
#       unit: !astropy.units.Unit {unit: mag / arcsec2}
#       value: !astropy.table.SerializedColumn {name: MSAS}
#     Moon Alt:
#       __class__: astropy.units.quantity.Quantity
#       unit: &id002 !astropy.units.Unit {unit: deg}
#       value: !astropy.table.SerializedColumn {name: Moon Alt}
#     Sky Temperature:
#       __class__: astropy.units.quantity.Quantity
#       unit: *id001
#       value: !astropy.table.SerializedColumn {name: Sky Temperature}
#     Sun Alt:
#       __class__: astropy.units.quantity.Quantity
#       unit: *id002
#       value: !astropy.table.SerializedColumn {name: Sun Alt}
#     time:
#       __class__: astropy.time.core.Time
#       format: isot
#       in_subfmt: '*'
#       out_subfmt: '*'
#       precision: 3
#       scale: utc
#       value: !astropy.table.SerializedColumn {name: time}
# schema: astropy-2.0
time,Enclosure Temperature,Sky Temperature,Frequency,MSAS,ZP,Sequence Number,Sun Alt,Moon Alt,Moon Illumination
[from data line 1917]
2020-04-03T06:48:18.000,18.47,-5.11,2.09,19.58,20.5,363889,-51.2,41.0,0.697
2020-04-03T06:49:19.000,18.46,-5.14,2.09,19.58,20.5,363890,-51.25,41.0,0.697
2020-04-03T06:50:19.000,18.46,-5.21,2.09,19.58,20.5,363891,-51.3,41.0,0.697
2020-04-03T06:51:19.000,18.44,-5.27,2.08,19.59,20.5,363892,-51.36,40.0,0.697
2020-04-03T06:52:19.000,18.39,-5.23,2.08,19.59,20.5,363893,-51.41,40.0,0.697
2020-04-03T06:53:19.000,18.35,-5.28,2.08,19.59,20.5,363894,-51.45,40.0,0.697
2020-04-03T06:56:20.000,18.32,-5.17,2.06,19.6,20.5,363897,-51.59,39.0,0.698
2020-04-03T06:57:20.000,18.31,-5.18,2.06,19.59,20.5,363898,-51.64,39.0,0.698
2020-04-03T06:58:21.000,18.28,-5.13,2.06,19.6,20.5,363899,-51.68,39.0,0.698
2020-04-03T06:59:21.000,18.26,-5.13,2.05,19.6,20.5,363900,-51.72,39.0,0.698
2020-04-03T07:00:21.000,18.21,-5.21,2.04,19.61,20.5,363901,-51.76,39.0,0.698
2020-04-03T07:01:21.000,18.15,-5.19,2.02,19.62,20.5,363902,-51.8,38.0,0.698
2020-04-03T07:02:21.000,18.12,-5.24,2.01,19.62,20.5,363903,-51.83,38.0,0.698
2020-04-03T07:03:22.000,18.11,-5.18,2.01,19.62,20.5,363904,-51.87,38.0,0.698
2020-04-03T07:05:22.000,18.09,-5.06,2.0,19.63,20.5,363906,-51.93,38.0,0.698
2020-04-03T07:06:22.000,18.09,-4.96,2.0,19.63,20.5,363907,-51.96,37.0,0.698
2020-04-03T07:07:23.000,18.09,-5.02,2.0,19.63,20.5,363908,-51.99,37.0,0.698
2020-04-03T07:08:23.000,18.09,-5.08,2.0,19.63,20.5,363909,-52.02,37.0,0.699
2020-04-03T07:09:24.000,18.09,-5.1,1.99,19.63,20.5,363910,-52.04,37.0,0.699
2020-04-03T07:10:24.000,18.11,-5.15,1.99,19.63,20.5,363911,-52.07,37.0,0.699
2020-04-03T07:11:24.000,18.09,-5.19,1.99,19.64,20.5,363912,-52.09,36.0,0.699
2020-04-03T07:13:25.000,18.09,-5.1,1.98,19.64,20.5,363914,-52.13,36.0,0.699
2020-04-03T07:14:25.000,18.11,-5.13,1.97,19.64,20.5,363915,-52.15,36.0,0.699
2020-04-03T07:26:26.000,18.14,-5.23,1.92,19.67,20.5,363927,-52.25,33.0,0.7
2020-04-03T07:27:27.000,18.12,-5.18,1.91,19.67,20.5,363928,-52.25,33.0,0.7
2020-04-03T07:28:27.000,18.12,-5.08,1.91,19.68,20.5,363929,-52.25,33.0,0.7
2020-04-03T07:29:27.000,18.13,-5.13,1.91,19.68,20.5,363930,-52.24,33.0,0.7
2020-04-03T07:30:27.000,18.12,-5.15,1.9,19.68,20.5,363931,-52.24,32.0,0.7
2020-04-03T07:31:27.000,18.12,-5.21,1.9,19.68,20.5,363932,-52.23,32.0,0.7
2020-04-03T07:33:28.000,18.1,-5.21,1.9,19.68,20.5,363934,-52.21,32.0,0.7
2020-04-03T07:34:28.000,18.08,-5.23,1.89,19.69,20.5,363935,-52.2,32.0,0.7
2020-04-03T07:36:29.000,18.11,-5.2,1.89,19.69,20.5,363937,-52.17,31.0,0.701
2020-04-03T07:37:29.000,18.11,-5.16,1.88,19.69,20.5,363938,-52.16,31.0,0.701
2020-04-03T07:38:29.000,18.09,-5.16,1.88,19.7,20.5,363939,-52.14,31.0,0.701
2020-04-03T07:39:29.000,18.08,-5.03,1.87,19.7,20.5,363940,-52.12,31.0,0.701
2020-04-03T07:40:29.000,18.08,-5.05,1.87,19.7,20.5,363941,-52.1,30.0,0.701
2020-04-03T07:41:30.000,18.09,-5.09,1.86,19.7,20.5,363942,-52.08,30.0,0.701
2020-04-03T07:42:31.000,18.09,-5.1,1.86,19.71,20.5,363943,-52.05,30.0,0.701
2020-04-03T07:43:31.000,18.1,-5.16,1.85,19.71,20.5,363944,-52.03,30.0,0.701
2020-04-03T07:44:31.000,18.1,-5.18,1.85,19.71,20.5,363945,-52.0,30.0,0.701
2020-04-03T07:45:32.000,18.09,-5.23,1.85,19.71,20.5,363946,-51.97,29.0,0.701
2020-04-03T07:46:32.000,18.09,-5.22,1.85,19.71,20.5,363947,-51.94,29.0,0.701
2020-04-03T07:47:32.000,18.1,-5.2,1.84,19.72,20.5,363948,-51.91,29.0,0.701
2020-04-03T07:48:32.000,18.1,-5.23,1.84,19.72,20.5,363949,-51.88,29.0,0.701
2020-04-03T07:49:32.000,18.09,-5.26,1.84,19.72,20.5,363950,-51.84,28.0,0.701
2020-04-03T07:50:32.000,18.08,-5.26,1.83,19.72,20.5,363951,-51.81,28.0,0.702
2020-04-03T07:51:32.000,18.07,-5.3,1.83,19.73,20.5,363952,-51.77,28.0,0.702
2020-04-03T07:52:32.000,18.05,-5.31,1.82,19.73,20.5,363953,-51.73,28.0,0.702
2020-04-03T07:53:32.000,18.02,-5.33,1.81,19.73,20.5,363954,-51.69,28.0,0.702
2020-04-03T07:54:32.000,18.0,-5.36,1.81,19.74,20.5,363955,-51.65,27.0,0.702
2020-04-03T07:55:33.000,17.98,-5.29,1.8,19.74,20.5,363956,-51.61,27.0,0.702
2020-04-03T07:56:33.000,17.98,-5.31,1.79,19.75,20.5,363957,-51.56,27.0,0.702
2020-04-03T07:57:33.000,17.95,-5.36,1.79,19.75,20.5,363958,-51.52,27.0,0.702
2020-04-03T07:58:34.000,17.94,-5.34,1.79,19.75,20.5,363959,-51.47,27.0,0.702
2020-04-03T07:59:34.000,17.93,-5.27,1.78,19.75,20.5,363960,-51.42,26.0,0.702
2020-04-03T08:00:34.000,17.92,-5.31,1.78,19.76,20.5,363961,-51.37,26.0,0.702
2020-04-03T08:01:34.000,17.91,-5.33,1.77,19.76,20.5,363962,-51.32,26.0,0.702
2020-04-03T08:02:34.000,17.89,-5.27,1.77,19.76,20.5,363963,-51.27,26.0,0.702
2020-04-03T08:03:35.000,17.86,-5.34,1.77,19.76,20.5,363964,-51.21,26.0,0.702
2020-04-03T08:04:35.000,17.86,-5.24,1.76,19.76,20.5,363965,-51.16,25.0,0.703
2020-04-03T08:05:35.000,17.85,-5.25,1.76,19.77,20.5,363966,-51.1,25.0,0.703
2020-04-03T08:06:35.000,17.86,-5.18,1.76,19.77,20.5,363967,-51.04,25.0,0.703
2020-04-03T08:07:36.000,17.85,-5.2,1.76,19.77,20.5,363968,-50.98,25.0,0.703
2020-04-03T08:08:36.000,17.83,-5.2,1.75,19.77,20.5,363969,-50.92,25.0,0.703
2020-04-03T08:14:37.000,17.78,-5.23,1.73,19.78,20.5,363975,-50.53,23.0,0.703
2020-04-03T08:15:37.000,17.76,-5.35,1.72,19.79,20.5,363976,-50.46,23.0,0.703
2020-04-03T08:18:37.000,17.7,-5.33,1.72,19.79,20.5,363979,-50.24,23.0,0.704
2020-04-03T08:21:38.000,17.65,-5.29,1.7,19.8,20.5,363982,-50.01,22.0,0.704
2020-04-03T08:26:39.000,17.6,-5.29,1.68,19.81,20.5,363987,-49.6,21.0,0.704
2020-04-03T08:27:39.000,17.59,-5.31,1.68,19.82,20.5,363988,-49.51,21.0,0.704
2020-04-03T08:28:39.000,17.62,-5.16,1.68,19.82,20.5,363989,-49.42,21.0,0.704
2020-04-03T08:29:39.000,17.64,-5.2,1.68,19.82,20.5,363990,-49.34,20.0,0.704
2020-04-03T08:30:40.000,17.65,-5.34,1.67,19.82,20.5,363991,-49.25,20.0,0.704
2020-04-03T08:31:40.000,17.62,-5.82,1.67,19.82,20.5,363992,-49.16,20.0,0.704
2020-04-03T08:32:40.000,17.56,-5.93,1.66,19.83,20.5,363993,-49.06,20.0,0.705
2020-04-03T08:33:40.000,17.53,-5.97,1.66,19.83,20.5,363994,-48.97,20.0,0.705
2020-04-03T08:34:40.000,17.5,-5.95,1.65,19.83,20.5,363995,-48.88,19.0,0.705
2020-04-03T08:35:41.000,17.48,-5.97,1.65,19.84,20.5,363996,-48.78,19.0,0.705
2020-04-03T08:36:42.000,17.44,-5.94,1.65,19.84,20.5,363997,-48.68,19.0,0.705
2020-04-03T08:37:42.000,17.42,-5.93,1.64,19.84,20.5,363998,-48.59,19.0,0.705
2020-04-03T08:38:43.000,17.38,-6.12,1.64,19.84,20.5,363999,-48.49,19.0,0.705
2020-04-03T08:39:43.000,17.34,-6.12,1.64,19.84,20.5,364000,-48.39,18.0,0.705
2020-04-03T08:40:43.000,17.3,-6.04,1.64,19.85,20.5,364001,-48.29,18.0,0.705
2020-04-03T08:41:43.000,17.24,-6.11,1.63,19.85,20.5,364002,-48.18,18.0,0.705
2020-04-03T08:42:44.000,17.19,-6.0,1.63,19.85,20.5,364003,-48.08,18.0,0.705
2020-04-03T08:57:47.000,16.93,-6.3,1.57,19.89,20.5,364018,-46.4,15.0,0.706
2020-04-03T08:58:47.000,16.93,-6.15,1.57,19.89,20.5,364019,-46.29,15.0,0.706
2020-04-03T08:59:47.000,16.94,-6.16,1.56,19.9,20.5,364020,-46.16,14.0,0.706
2020-04-03T09:04:48.000,16.87,-6.34,1.54,19.91,20.5,364025,-45.55,13.0,0.707
2020-04-03T09:05:49.000,16.86,-6.3,1.54,19.91,20.5,364026,-45.42,13.0,0.707
2020-04-03T09:06:49.000,16.83,-6.31,1.53,19.92,20.5,364027,-45.29,13.0,0.707
2020-04-03T09:07:50.000,16.79,-6.47,1.53,19.92,20.5,364028,-45.16,13.0,0.707
2020-04-03T09:08:50.000,16.77,-6.36,1.52,19.92,20.5,364029,-45.03,13.0,0.707
2020-04-03T09:09:51.000,16.75,-6.26,1.52,19.93,20.5,364030,-44.9,12.0,0.707
2020-04-03T09:11:51.000,16.72,-6.4,1.51,19.93,20.5,364032,-44.64,12.0,0.707
2020-04-03T09:12:51.000,16.7,-6.37,1.5,19.94,20.5,364033,-44.51,12.0,0.707
2020-04-03T09:13:52.000,16.68,-6.38,1.5,19.94,20.5,364034,-44.37,12.0,0.707
2020-04-03T09:14:52.000,16.68,-6.29,1.49,19.95,20.5,364035,-44.24,11.0,0.708
2020-04-03T09:15:52.000,16.67,-6.4,1.49,19.95,20.5,364036,-44.1,11.0,0.708
2020-04-03T09:16:52.000,16.62,-6.29,1.48,19.95,20.5,364037,-43.97,11.0,0.708
2020-04-03T09:17:52.000,16.62,-6.39,1.48,19.96,20.5,364038,-43.83,11.0,0.708
2020-04-03T09:18:53.000,16.6,-6.42,1.47,19.96,20.5,364039,-43.69,11.0,0.708
2020-04-03T09:20:53.000,16.56,-6.51,1.46,19.97,20.5,364041,-43.42,10.0,0.708
2020-04-03T09:21:53.000,16.53,-6.6,1.45,19.97,20.5,364042,-43.28,10.0,0.708
2020-04-03T09:22:53.000,16.49,-6.49,1.45,19.98,20.5,364043,-43.14,10.0,0.708
2020-04-03T09:23:54.000,16.45,-6.54,1.44,19.98,20.5,364044,-42.99,10.0,0.708
2020-04-03T09:24:54.000,16.43,-6.47,1.44,19.99,20.5,364045,-42.85,9.0,0.708
2020-04-03T09:25:54.000,16.44,-6.47,1.43,19.99,20.5,364046,-42.71,9.0,0.708
2020-04-03T09:26:54.000,16.44,-6.47,1.43,19.99,20.5,364047,-42.56,9.0,0.708
2020-04-03T09:28:55.000,16.35,-6.86,1.42,20.0,20.5,364049,-42.27,9.0,0.709
2020-04-03T09:29:55.000,16.31,-6.63,1.41,20.01,20.5,364050,-42.13,8.0,0.709
2020-04-03T09:30:55.000,16.28,-6.68,1.41,20.01,20.5,364051,-41.98,8.0,0.709
2020-04-03T09:32:56.000,16.22,-6.65,1.39,20.02,20.5,364053,-41.68,8.0,0.709
2020-04-03T09:33:56.000,16.21,-6.57,1.39,20.03,20.5,364054,-41.53,8.0,0.709
2020-04-03T09:34:56.000,16.19,-6.67,1.38,20.03,20.5,364055,-41.38,7.0,0.709
2020-04-03T09:35:56.000,16.17,-6.79,1.37,20.04,20.5,364056,-41.23,7.0,0.709
2020-04-03T09:36:57.000,16.1,-6.88,1.37,20.04,20.5,364057,-41.08,7.0,0.709
2020-04-03T09:37:57.000,16.08,-6.74,1.36,20.05,20.5,364058,-40.93,7.0,0.709
2020-04-03T09:41:58.000,16.02,-6.88,1.33,20.07,20.5,364062,-40.32,6.0,0.709
2020-04-03T09:42:59.000,15.99,-6.93,1.33,20.07,20.5,364063,-40.16,6.0,0.71
2020-04-03T09:43:59.000,15.98,-6.88,1.32,20.08,20.5,364064,-40.0,6.0,0.71
2020-04-03T09:44:59.000,15.98,-6.9,1.31,20.08,20.5,364065,-39.85,6.0,0.71
2020-04-03T09:45:59.000,15.96,-6.95,1.31,20.09,20.5,364066,-39.69,5.0,0.71
2020-04-03T09:46:59.000,15.94,-6.99,1.3,20.1,20.5,364067,-39.53,5.0,0.71
2020-04-03T09:48:00.000,15.93,-6.94,1.29,20.1,20.5,364068,-39.37,5.0,0.71
2020-04-03T09:49:00.000,15.93,-6.93,1.28,20.11,20.5,364069,-39.21,5.0,0.71
2020-04-03T09:51:00.000,15.96,-6.92,1.27,20.12,20.5,364071,-38.9,4.0,0.71
2020-04-03T09:52:00.000,15.96,-7.0,1.26,20.13,20.5,364072,-38.74,4.0,0.71
2020-04-03T09:53:00.000,15.94,-7.05,1.26,20.13,20.5,364073,-38.58,4.0,0.71
2020-04-03T09:54:00.000,15.91,-7.03,1.25,20.14,20.5,364074,-38.41,4.0,0.71
2020-04-03T09:56:01.000,15.9,-6.99,1.24,20.15,20.5,364076,-38.09,3.0,0.71
2020-04-03T09:57:01.000,15.87,-7.12,1.23,20.15,20.5,364077,-37.92,3.0,0.711
2020-04-03T09:58:01.000,15.82,-7.21,1.22,20.16,20.5,364078,-37.76,3.0,0.711
2020-04-03T09:59:01.000,15.77,-7.21,1.22,20.17,20.5,364079,-37.6,3.0,0.711
2020-04-03T10:01:02.000,15.69,-7.25,1.2,20.18,20.5,364081,-37.26,2.0,0.711
2020-04-03T10:02:02.000,15.66,-7.23,1.2,20.18,20.5,364082,-37.1,2.0,0.711
2020-04-03T10:03:02.000,15.64,-7.22,1.19,20.19,20.5,364083,-36.93,2.0,0.711
2020-04-03T10:04:02.000,15.62,-7.25,1.19,20.19,20.5,364084,-36.76,2.0,0.711
2020-04-03T10:05:02.000,15.58,-7.3,1.18,20.2,20.5,364085,-36.6,2.0,0.711
2020-04-03T10:07:03.000,15.56,-7.2,1.16,20.21,20.5,364087,-36.26,1.0,0.711
2020-04-03T10:08:04.000,15.55,-7.22,1.16,20.22,20.5,364088,-36.09,1.0,0.711
2020-04-03T10:09:04.000,15.55,-7.27,1.15,20.23,20.5,364089,-35.92,1.0,0.711
2020-04-03T10:10:04.000,15.53,-7.3,1.14,20.23,20.5,364090,-35.75,1.0,0.711
2020-04-03T10:11:05.000,15.51,-7.27,1.14,20.24,20.5,364091,-35.57,1.0,0.712
2020-04-03T10:13:05.000,15.5,-7.29,1.13,20.25,20.5,364093,-35.23,0.0,0.712
2020-04-03T10:14:05.000,15.5,-7.34,1.12,20.26,20.5,364094,-35.06,0.0,0.712
2020-04-03T10:23:07.000,15.36,-7.65,1.07,20.31,20.5,364103,-33.48,-2.0,0.712
2020-04-03T10:25:08.000,15.35,-7.38,1.06,20.31,20.5,364105,-33.13,-2.0,0.713
2020-04-03T10:40:09.000,15.28,-7.54,1.05,20.33,20.5,364120,-30.42,-5.0,0.714
2020-04-03T10:45:11.000,15.2,-7.65,1.05,20.33,20.5,364125,-29.5,-6.0,0.714
2020-04-03T10:46:11.000,15.19,-7.64,1.05,20.33,20.5,364126,-29.31,-6.0,0.714
2020-04-03T10:52:12.000,15.13,-7.69,1.05,20.33,20.5,364132,-28.19,-7.0,0.714
2020-04-03T10:53:12.000,15.12,-7.65,1.05,20.33,20.5,364133,-28.01,-7.0,0.715
2020-04-03T10:54:12.000,15.11,-7.67,1.05,20.33,20.5,364134,-27.82,-7.0,0.715
2020-04-03T10:57:17.000,15.04,-7.59,1.05,20.32,20.5,364137,-27.24,-8.0,0.715
2020-04-03T11:03:18.000,15.04,-7.7,1.06,20.32,20.5,364143,-26.1,-9.0,0.715
2020-04-03T11:04:17.000,15.03,-7.63,1.06,20.32,20.5,364144,-25.91,-9.0,0.715
2020-04-03T11:05:18.000,15.04,-7.61,1.06,20.31,20.5,364145,-25.72,-9.0,0.715
2020-04-03T11:06:18.000,15.04,-7.63,1.07,20.31,20.5,364146,-25.53,-9.0,0.715
2020-04-03T11:07:19.000,15.04,-7.58,1.08,20.3,20.5,364147,-25.33,-10.0,0.716
2020-04-03T11:08:19.000,15.05,-7.6,1.1,20.28,20.5,364148,-25.14,-10.0,0.716
2020-04-03T11:09:20.000,15.04,-7.63,1.08,20.3,20.5,364149,-24.94,-10.0,0.716
2020-04-03T11:10:20.000,15.04,-7.68,1.08,20.29,20.5,364150,-24.75,-10.0,0.716
2020-04-03T11:11:21.000,15.03,-7.69,1.08,20.29,20.5,364151,-24.56,-10.0,0.716
2020-04-03T11:14:21.000,15.0,-7.69,1.09,20.29,20.5,364154,-23.98,-11.0,0.716
2020-04-03T11:20:22.000,14.96,-7.67,1.08,20.3,20.5,364160,-22.81,-12.0,0.716
2020-04-03T11:21:23.000,14.97,-7.63,1.08,20.3,20.5,364161,-22.61,-12.0,0.717
2020-04-03T11:22:23.000,14.96,-7.69,1.08,20.3,20.5,364162,-22.41,-12.0,0.717
2020-04-03T11:23:23.000,14.96,-7.65,1.08,20.3,20.5,364163,-22.22,-12.0,0.717
2020-04-03T11:24:23.000,14.95,-7.64,1.08,20.3,20.5,364164,-22.02,-13.0,0.717
2020-04-03T11:25:23.000,14.96,-7.67,1.08,20.29,20.5,364165,-21.83,-13.0,0.717
2020-04-03T11:26:24.000,14.95,-7.72,1.08,20.29,20.5,364166,-21.63,-13.0,0.717
2020-04-03T11:28:24.000,14.86,-7.82,1.09,20.29,20.5,364168,-21.23,-13.0,0.717
2020-04-03T11:29:24.000,14.85,-7.85,1.09,20.29,20.5,364169,-21.04,-13.0,0.717
2020-04-03T11:30:24.000,14.8,-7.97,1.09,20.29,20.5,364170,-20.84,-14.0,0.717
2020-04-03T11:31:25.000,14.78,-7.88,1.09,20.29,20.5,364171,-20.64,-14.0,0.717
2020-04-03T11:32:25.000,14.77,-7.78,1.09,20.29,20.5,364172,-20.44,-14.0,0.717
2020-04-03T11:33:25.000,14.77,-7.78,1.09,20.29,20.5,364173,-20.24,-14.0,0.717
2020-04-03T11:34:25.000,14.78,-7.67,1.09,20.28,20.5,364174,-20.05,-14.0,0.717
2020-04-03T11:35:26.000,14.78,-7.73,1.09,20.28,20.5,364175,-19.84,-14.0,0.718
2020-04-03T11:36:26.000,14.78,-7.71,1.09,20.28,20.5,364176,-19.65,-15.0,0.718
2020-04-03T11:37:26.000,14.78,-7.75,1.09,20.28,20.5,364177,-19.45,-15.0,0.718
2020-04-03T11:38:26.000,14.77,-7.8,1.09,20.28,20.5,364178,-19.25,-15.0,0.718
2020-04-03T11:39:26.000,14.77,-7.77,1.09,20.28,20.5,364179,-19.05,-15.0,0.718
2020-04-03T11:42:27.000,14.76,-7.78,1.1,20.28,20.5,364182,-18.45,-16.0,0.718
2020-04-03T11:43:28.000,14.76,-7.75,1.11,20.27,20.5,364183,-18.25,-16.0,0.718
2020-04-03T11:44:28.000,14.77,-7.77,1.17,20.22,20.5,364184,-18.05,-16.0,0.718
2020-04-03T11:45:28.000,14.74,-7.82,1.11,20.26,20.5,364185,-17.85,-16.0,0.718
2020-04-03T11:46:28.000,14.7,-7.96,1.12,20.26,20.5,364186,-17.64,-16.0,0.718
2020-04-03T11:47:28.000,14.65,-7.96,1.12,20.26,20.5,364187,-17.44,-16.0,0.718
2020-04-03T11:48:29.000,14.61,-8.02,1.12,20.26,20.5,364188,-17.24,-17.0,0.718
2020-04-03T11:57:30.000,14.55,-7.99,1.13,20.25,20.5,364197,-15.42,-18.0,0.719
2020-04-03T11:58:30.000,14.5,-8.02,1.14,20.24,20.5,364198,-15.22,-18.0,0.719
2020-04-03T11:59:30.000,14.5,-7.98,1.14,20.23,20.5,364199,-15.02,-18.0,0.719
2020-04-03T12:00:30.000,14.49,-8.01,1.15,20.22,20.5,364200,-14.81,-18.0,0.719
2020-04-03T12:01:31.000,14.49,-7.91,1.17,20.21,20.5,364201,-14.61,-19.0,0.719
2020-04-03T12:02:32.000,14.5,-7.98,1.18,20.2,20.5,364202,-14.4,-19.0,0.719
2020-04-03T12:03:32.000,14.5,-7.96,1.2,20.18,20.5,364203,-14.2,-19.0,0.719
2020-04-03T12:04:32.000,14.52,-7.93,1.22,20.16,20.5,364204,-13.99,-19.0,0.72
2020-04-03T12:05:32.000,14.54,-7.97,1.25,20.14,20.5,364205,-13.79,-19.0,0.72
2020-04-03T12:06:32.000,14.51,-8.02,1.28,20.11,20.5,364206,-13.59,-19.0,0.72
2020-04-03T12:07:32.000,14.49,-8.04,1.32,20.08,20.5,364207,-13.38,-20.0,0.72
2020-04-03T12:08:33.000,14.47,-8.05,1.36,20.05,20.5,364208,-13.18,-20.0,0.72
2020-04-03T12:09:33.000,14.45,-8.11,1.42,20.0,20.5,364209,-12.97,-20.0,0.72
2020-04-03T12:10:33.000,14.44,-8.1,1.49,19.95,20.5,364210,-12.77,-20.0,0.72
2020-04-03T12:11:34.000,14.43,-8.02,1.57,19.89,20.5,364211,-12.56,-20.0,0.72
2020-04-03T12:12:34.000,14.42,-8.09,1.67,19.83,20.5,364212,-12.36,-20.0,0.72
2020-04-03T12:13:34.000,14.46,-7.89,1.79,19.75,20.5,364213,-12.15,-20.0,0.72
2020-04-03T12:14:34.000,14.5,-7.97,1.93,19.67,20.5,364214,-11.95,-21.0,0.72
