Downloads/jupyter/ECSV/stars19/stars19_2020-12.ecsv
# %ECSV 1.0
# ---
# datatype:
# - {name: time, datatype: string}
# - {name: Enclosure Temperature, unit: deg_C, datatype: float64}
# - {name: Sky Temperature, unit: deg_C, datatype: float64}
# - {name: Frequency, unit: Hz, datatype: float64}
# - {name: MSAS, unit: mag / arcsec2, datatype: float64}
# - {name: ZP, datatype: float64}
# - {name: Sequence Number, datatype: int64}
# - {name: Sun Alt, unit: deg, datatype: float64}
# - {name: Moon Alt, unit: deg, datatype: float64}
# - {name: Moon Illumination, datatype: float64}
# delimiter: ','
# meta: !!omap
# - ida:
#     Data supplier: {affiliation: null, observer: null}
#     Device type: TESS-W
#     Field of view: 17.0
#     Filters per channel: None
#     Instrument ID: stars19
#     License: ODbL 1.0 http://opendatacommons.org/licenses/odbl/summary/
#     Local timezone: America/Phoenix
#     Location name: {country: '- Tucson', place: Tucson, region: United States, sub_region: Arizona, town: Pima County}
#     Measurement direction per channel: {azimuth: 0.0, zenital: 0.0}
#     Moving / Fixed look direction: FIXED
#     Moving / Stationary position: STATIONARY
#     Number of channels: 1
#     Number of fields per line: 8
#     Number of header lines: 35
#     Position: {height: 0.0, latitude: 32.223877, longitude: -110.767532}
#     TESS MAC address: 18:FE:34:CF:EC:06
#     TESS cover offset value: 0.0
#     TESS firmware version: '1.0'
#     TESS zero point: 20.5
#     Time Synchronization: timestamp added by MQTT subscriber
#     URL: http://www.darksky.org/NSBM/sdf1.0.pdf
# - __serialized_columns__:
#     Enclosure Temperature:
#       __class__: astropy.units.quantity.Quantity
#       unit: &id001 !astropy.units.Unit {unit: deg_C}
#       value: !astropy.table.SerializedColumn {name: Enclosure Temperature}
#     Frequency:
#       __class__: astropy.units.quantity.Quantity
#       unit: !astropy.units.Unit {unit: Hz}
#       value: !astropy.table.SerializedColumn {name: Frequency}
#     MSAS:
#       __class__: astropy.units.quantity.Quantity
#       unit: !astropy.units.Unit {unit: mag / arcsec2}
#       value: !astropy.table.SerializedColumn {name: MSAS}
#     Moon Alt:
#       __class__: astropy.units.quantity.Quantity
#       unit: &id002 !astropy.units.Unit {unit: deg}
#       value: !astropy.table.SerializedColumn {name: Moon Alt}
#     Sky Temperature:
#       __class__: astropy.units.quantity.Quantity
#       unit: *id001
#       value: !astropy.table.SerializedColumn {name: Sky Temperature}
#     Sun Alt:
#       __class__: astropy.units.quantity.Quantity
#       unit: *id002
#       value: !astropy.table.SerializedColumn {name: Sun Alt}
#     time:
#       __class__: astropy.time.core.Time
#       format: isot
#       in_subfmt: '*'
#       out_subfmt: '*'
#       precision: 3
#       scale: utc
#       value: !astropy.table.SerializedColumn {name: time}
# schema: astropy-2.0
time,Enclosure Temperature,Sky Temperature,Frequency,MSAS,ZP,Sequence Number,Sun Alt,Moon Alt,Moon Illumination
[from data line 14753]
2020-12-17T17:03:17.000,16.19,-5.65,0.0,0.0,20.5,169043,25.57,-3.0,0.117
2020-12-17T17:04:17.000,16.31,-5.69,0.0,0.0,20.5,169044,25.69,-3.0,0.117
2020-12-17T17:10:17.000,17.01,-4.71,0.0,0.0,20.5,169050,26.4,-2.0,0.118
2020-12-17T17:11:17.000,17.15,-4.6,0.0,0.0,20.5,169051,26.52,-2.0,0.118
2020-12-17T17:13:17.000,17.38,-4.37,0.0,0.0,20.5,169053,26.74,-1.0,0.118
2020-12-17T17:14:17.000,17.49,-4.32,0.0,0.0,20.5,169054,26.86,-1.0,0.118
2020-12-17T17:19:18.000,18.29,-3.92,0.0,0.0,20.5,169059,27.42,-0.0,0.118
2020-12-17T17:22:18.000,18.57,-3.61,0.0,0.0,20.5,169062,27.74,0.0,0.118
2020-12-17T17:25:18.000,18.82,-3.35,0.0,0.0,20.5,169065,28.06,1.0,0.118
2020-12-17T17:26:18.000,19.02,-2.68,0.0,0.0,20.5,169066,28.16,1.0,0.118
2020-12-17T17:27:18.000,19.29,-2.39,0.0,0.0,20.5,169067,28.27,1.0,0.118
2020-12-17T17:28:18.000,19.54,-2.48,0.0,0.0,20.5,169068,28.37,2.0,0.119
2020-12-17T17:29:18.000,19.73,-2.47,0.0,0.0,20.5,169069,28.47,2.0,0.119
2020-12-17T17:31:18.000,19.89,-2.64,0.0,0.0,20.5,169071,28.68,2.0,0.119
2020-12-17T17:33:18.000,20.11,-2.5,0.0,0.0,20.5,169073,28.88,2.0,0.119
2020-12-17T17:35:19.000,20.5,-1.82,0.0,0.0,20.5,169075,29.07,3.0,0.119
2020-12-17T17:36:19.000,20.74,-1.9,0.0,0.0,20.5,169076,29.17,3.0,0.119
2020-12-17T17:37:19.000,20.96,-1.75,0.0,0.0,20.5,169077,29.27,3.0,0.119
2020-12-17T17:39:19.000,21.24,-1.8,0.0,0.0,20.5,169079,29.46,4.0,0.119
2020-12-17T17:40:19.000,21.45,-1.56,0.0,0.0,20.5,169080,29.55,4.0,0.119
2020-12-17T17:41:19.000,21.72,-1.27,0.0,0.0,20.5,169081,29.65,4.0,0.119
2020-12-17T17:43:19.000,22.16,-1.83,0.0,0.0,20.5,169083,29.83,4.0,0.119
2020-12-17T17:46:19.000,22.27,-1.45,0.0,0.0,20.5,169086,30.1,5.0,0.119
2020-12-17T17:47:19.000,22.55,-0.84,0.0,0.0,20.5,169087,30.19,5.0,0.119
2020-12-17T17:48:20.000,23.26,0.77,0.0,0.0,20.5,169088,30.28,5.0,0.12
2020-12-17T17:51:20.000,26.86,2.3,0.0,0.0,20.5,169091,30.53,6.0,0.12
2020-12-17T17:52:20.000,28.05,2.99,0.0,0.0,20.5,169092,30.62,6.0,0.12
2020-12-17T17:53:20.000,29.02,2.35,0.0,0.0,20.5,169093,30.7,6.0,0.12
2020-12-17T17:55:20.000,30.4,2.32,0.0,0.0,20.5,169095,30.87,6.0,0.12
2020-12-17T17:56:20.000,31.06,2.58,0.0,0.0,20.5,169096,30.95,7.0,0.12
2020-12-17T17:57:20.000,31.77,2.55,0.0,0.0,20.5,169097,31.03,7.0,0.12
2020-12-17T17:59:20.000,32.89,2.58,0.0,0.0,20.5,169099,31.18,7.0,0.12
2020-12-17T18:01:20.000,33.83,2.8,0.0,0.0,20.5,169101,31.34,7.0,0.12
2020-12-17T18:02:20.000,34.37,2.83,0.0,0.0,20.5,169102,31.41,8.0,0.12
2020-12-17T18:03:20.000,34.55,1.43,0.0,0.0,20.5,169103,31.49,8.0,0.12
2020-12-17T18:04:20.000,34.22,0.2,0.0,0.0,20.5,169104,31.56,8.0,0.12
2020-12-17T18:05:20.000,34.12,1.36,0.0,0.0,20.5,169105,31.63,8.0,0.12
2020-12-17T18:06:20.000,34.29,2.16,0.0,0.0,20.5,169106,31.71,8.0,0.12
2020-12-17T18:08:21.000,35.22,2.94,0.0,0.0,20.5,169108,31.85,9.0,0.121
2020-12-17T18:09:21.000,35.73,2.8,0.0,0.0,20.5,169109,31.92,9.0,0.121
2020-12-17T18:10:21.000,36.07,2.53,0.0,0.0,20.5,169110,31.99,9.0,0.121
2020-12-17T18:35:22.000,40.85,2.71,0.0,0.0,20.5,169135,33.4,13.0,0.122
2020-12-17T18:36:22.000,41.1,3.48,0.0,0.0,20.5,169136,33.44,13.0,0.122
2020-12-17T18:37:22.000,41.45,3.48,0.0,0.0,20.5,169137,33.48,13.0,0.122
2020-12-17T18:39:22.000,41.74,3.19,0.0,0.0,20.5,169139,33.57,14.0,0.122
2020-12-17T18:40:23.000,42.04,3.76,0.0,0.0,20.5,169140,33.61,14.0,0.122
2020-12-17T18:41:23.000,42.39,3.99,0.0,0.0,20.5,169141,33.65,14.0,0.122
2020-12-17T20:19:37.000,45.23,2.63,0.0,0.0,20.5,169239,32.57,28.0,0.127
2020-12-17T20:20:37.000,45.21,1.92,0.0,0.0,20.5,169240,32.51,28.0,0.127
2020-12-17T20:21:37.000,44.95,1.55,0.0,0.0,20.5,169241,32.45,28.0,0.127
2020-12-17T20:23:39.000,44.47,1.57,0.0,0.0,20.5,169243,32.32,28.0,0.127
2020-12-17T20:24:39.000,44.37,1.8,0.0,0.0,20.5,169244,32.25,28.0,0.127
2020-12-17T20:26:39.000,44.57,2.7,0.0,0.0,20.5,169246,32.12,28.0,0.127
2020-12-17T20:27:40.000,44.68,2.28,0.0,0.0,20.5,169247,32.06,28.0,0.127
2020-12-17T20:29:40.000,44.94,2.27,0.0,0.0,20.5,169249,31.92,29.0,0.128
2020-12-17T20:30:40.000,44.89,1.55,0.0,0.0,20.5,169250,31.85,29.0,0.128
2020-12-17T20:31:40.000,44.81,1.92,0.0,0.0,20.5,169251,31.78,29.0,0.128
2020-12-17T20:33:40.000,44.89,1.98,0.0,0.0,20.5,169253,31.64,29.0,0.128
2020-12-17T20:36:40.000,44.99,2.13,0.0,0.0,20.5,169256,31.42,29.0,0.128
2020-12-17T20:37:40.000,45.09,1.89,0.0,0.0,20.5,169257,31.34,29.0,0.128
2020-12-17T20:38:40.000,45.03,1.55,0.0,0.0,20.5,169258,31.26,30.0,0.128
2020-12-17T20:40:40.000,44.96,1.37,0.0,0.0,20.5,169260,31.11,30.0,0.128
2020-12-17T20:41:40.000,44.83,0.98,0.0,0.0,20.5,169261,31.03,30.0,0.128
2020-12-17T20:42:40.000,44.71,1.21,0.0,0.0,20.5,169262,30.95,30.0,0.128
2020-12-17T21:12:42.000,42.04,1.11,0.0,0.0,20.5,169292,28.17,32.0,0.13
2020-12-17T21:13:42.000,42.05,0.7,0.0,0.0,20.5,169293,28.07,33.0,0.13
2020-12-17T21:14:42.000,42.08,0.8,0.0,0.0,20.5,169294,27.96,33.0,0.13
2020-12-17T21:16:43.000,42.0,0.31,0.0,0.0,20.5,169296,27.74,33.0,0.13
2020-12-17T21:17:43.000,41.77,-1.17,0.0,0.0,20.5,169297,27.64,33.0,0.13
2020-12-17T21:18:43.000,41.07,-1.6,0.0,0.0,20.5,169298,27.53,33.0,0.13
2020-12-17T21:21:43.000,40.29,0.01,0.0,0.0,20.5,169301,27.2,33.0,0.13
2020-12-17T21:22:43.000,40.46,1.59,0.0,0.0,20.5,169302,27.09,33.0,0.13
2020-12-17T21:23:43.000,40.76,1.69,0.0,0.0,20.5,169303,26.98,33.0,0.13
2020-12-17T21:26:43.000,41.54,2.64,0.0,0.0,20.5,169306,26.64,33.0,0.13
2020-12-17T21:28:43.000,41.82,2.08,0.0,0.0,20.5,169308,26.41,33.0,0.131
2020-12-17T21:30:43.000,41.33,0.36,0.0,0.0,20.5,169310,26.17,34.0,0.131
2020-12-17T21:31:43.000,41.02,0.51,0.0,0.0,20.5,169311,26.06,34.0,0.131
2020-12-17T21:32:44.000,41.07,1.44,0.0,0.0,20.5,169312,25.94,34.0,0.131
2020-12-17T21:43:44.000,41.85,1.21,0.0,0.0,20.5,169323,24.59,34.0,0.131
2020-12-17T21:44:44.000,41.79,1.38,0.0,0.0,20.5,169324,24.47,34.0,0.131
2020-12-17T21:45:44.000,41.53,1.11,0.0,0.0,20.5,169325,24.34,34.0,0.131
2020-12-17T21:47:44.000,41.3,0.92,0.0,0.0,20.5,169327,24.09,34.0,0.132
2020-12-17T21:48:45.000,41.07,1.37,0.0,0.0,20.5,169328,23.96,34.0,0.132
2020-12-17T21:50:45.000,40.65,1.57,0.0,0.0,20.5,169330,23.7,34.0,0.132
2020-12-17T21:51:45.000,40.39,1.69,0.0,0.0,20.5,169331,23.57,35.0,0.132
2020-12-17T21:52:45.000,40.12,2.26,0.0,0.0,20.5,169332,23.44,35.0,0.132
2020-12-17T21:53:45.000,39.8,2.11,0.0,0.0,20.5,169333,23.3,35.0,0.132
2020-12-17T21:54:45.000,39.47,2.15,0.0,0.0,20.5,169334,23.17,35.0,0.132
2020-12-17T21:57:51.000,38.36,1.61,0.0,0.0,20.5,169337,22.76,35.0,0.132
2020-12-17T21:58:51.000,38.11,1.09,0.0,0.0,20.5,169338,22.63,35.0,0.132
2020-12-17T21:59:51.000,37.72,0.48,0.0,0.0,20.5,169339,22.49,35.0,0.132
2020-12-17T22:00:51.000,37.34,0.59,0.0,0.0,20.5,169340,22.36,35.0,0.132
2020-12-17T22:01:51.000,36.93,0.35,0.0,0.0,20.5,169341,22.22,35.0,0.132
2020-12-17T22:03:51.000,36.11,-0.13,0.0,0.0,20.5,169343,21.95,35.0,0.132
2020-12-17T22:04:51.000,35.76,0.33,0.0,0.0,20.5,169344,21.81,35.0,0.132
2020-12-17T22:05:51.000,35.38,0.28,0.0,0.0,20.5,169345,21.67,35.0,0.132
2020-12-17T22:23:52.000,31.11,-0.34,0.0,0.0,20.5,169363,19.09,35.0,0.133
2020-12-17T22:24:52.000,30.9,-0.58,0.0,0.0,20.5,169364,18.94,35.0,0.133
2020-12-17T22:25:52.000,30.69,-0.41,0.0,0.0,20.5,169365,18.79,35.0,0.134
2020-12-17T22:27:53.000,30.45,0.41,0.0,0.0,20.5,169367,18.49,35.0,0.134
2020-12-17T22:30:53.000,30.02,0.95,0.0,0.0,20.5,169370,18.04,35.0,0.134
2020-12-17T22:31:53.000,29.97,0.95,0.0,0.0,20.5,169371,17.89,35.0,0.134
2020-12-17T22:32:53.000,29.92,1.05,0.0,0.0,20.5,169372,17.73,35.0,0.134
2020-12-17T22:33:53.000,29.86,1.35,0.0,0.0,20.5,169373,17.58,35.0,0.134
2020-12-17T22:35:53.000,29.8,2.08,0.0,0.0,20.5,169375,17.28,35.0,0.134
2020-12-17T22:36:53.000,29.77,2.4,0.0,0.0,20.5,169376,17.12,35.0,0.134
2020-12-17T22:39:53.000,29.47,2.55,0.0,0.0,20.5,169379,16.66,35.0,0.134
2020-12-17T22:40:53.000,29.44,2.41,0.0,0.0,20.5,169380,16.5,35.0,0.134
2020-12-17T22:41:53.000,29.42,2.19,0.0,0.0,20.5,169381,16.35,35.0,0.134
2020-12-17T22:43:54.000,29.26,2.06,0.0,0.0,20.5,169383,16.03,35.0,0.134
2020-12-17T22:44:54.000,29.21,2.04,0.0,0.0,20.5,169384,15.87,35.0,0.134
2020-12-17T22:45:54.000,29.1,1.99,0.0,0.0,20.5,169385,15.72,35.0,0.135
2020-12-17T22:47:54.000,28.95,2.02,0.0,0.0,20.5,169387,15.4,35.0,0.135
2020-12-17T22:48:54.000,28.87,2.22,0.0,0.0,20.5,169388,15.24,35.0,0.135
2020-12-17T22:49:54.000,28.79,2.18,0.0,0.0,20.5,169389,15.08,35.0,0.135
2020-12-17T22:52:01.000,28.71,2.48,0.0,0.0,20.5,169391,14.74,35.0,0.135
2020-12-17T22:53:01.000,28.66,2.66,0.0,0.0,20.5,169392,14.58,35.0,0.135
2020-12-17T22:54:01.000,28.66,2.81,0.0,0.0,20.5,169393,14.42,35.0,0.135
2020-12-17T22:56:01.000,28.64,2.45,0.0,0.0,20.5,169395,14.1,35.0,0.135
2020-12-17T22:57:01.000,28.6,2.04,0.0,0.0,20.5,169396,13.93,35.0,0.135
2020-12-17T22:58:01.000,28.53,1.65,0.0,0.0,20.5,169397,13.77,35.0,0.135
2020-12-17T23:54:06.000,24.27,-0.89,0.0,0.0,20.5,169453,4.09,32.0,0.138
2020-12-17T23:55:06.000,24.21,-0.86,0.0,0.0,20.5,169454,3.91,31.0,0.138
2020-12-17T23:56:06.000,24.11,-0.83,0.0,0.0,20.5,169455,3.73,31.0,0.138
2020-12-17T23:57:06.000,24.03,-0.55,0.18,0.09,20.5,169456,3.55,31.0,0.138
2020-12-17T23:58:06.000,23.97,-0.2,0.0,0.0,20.5,169457,3.37,31.0,0.138
2020-12-17T23:59:06.000,23.94,-0.09,0.0,0.0,20.5,169458,3.18,31.0,0.138
2020-12-18T00:00:06.000,23.89,0.11,0.0,0.0,20.5,169459,3.0,31.0,0.138
2020-12-18T00:01:06.000,23.82,0.08,0.26,0.09,20.5,169460,2.82,31.0,0.138
2020-12-18T00:02:06.000,23.75,0.13,0.0,0.0,20.5,169461,2.63,31.0,0.138
2020-12-18T00:03:07.000,23.69,0.17,0.0,0.0,20.5,169462,2.45,31.0,0.139
2020-12-18T00:04:07.000,23.61,0.11,0.0,0.0,20.5,169463,2.26,31.0,0.139
2020-12-18T00:20:08.000,22.38,-1.09,0.0,0.0,20.5,169479,-0.71,29.0,0.139
2020-12-18T00:21:08.000,22.3,-1.06,0.0,0.0,20.5,169480,-0.9,29.0,0.139
2020-12-18T00:22:08.000,22.21,-1.07,0.0,0.0,20.5,169481,-1.08,29.0,0.14
2020-12-18T00:23:08.000,22.16,-1.15,28134.54,3.66,20.5,169482,-1.27,29.0,0.14
2020-12-18T00:24:08.000,22.1,-1.04,60400.46,8.43,20.5,169483,-1.46,29.0,0.14
2020-12-18T00:25:08.000,22.03,-0.97,54657.64,8.54,20.5,169484,-1.65,29.0,0.14
2020-12-18T00:26:08.000,21.98,-0.84,48973.64,8.66,20.5,169485,-1.84,29.0,0.14
2020-12-18T00:27:08.000,21.91,-0.75,42127.44,8.82,20.5,169486,-2.03,28.0,0.14
2020-12-18T00:28:09.000,21.84,-0.64,38084.77,8.93,20.5,169487,-2.22,28.0,0.14
2020-12-18T00:29:09.000,21.8,-0.57,30302.93,9.18,20.5,169488,-2.41,28.0,0.14
2020-12-18T00:30:09.000,21.74,-0.57,25574.2,9.36,20.5,169489,-2.6,28.0,0.14
2020-12-18T00:31:09.000,21.67,-0.55,21835.6,9.53,20.5,169490,-2.79,28.0,0.14
2020-12-18T00:32:09.000,21.6,-0.67,19223.62,9.67,20.5,169491,-2.98,28.0,0.14
2020-12-18T00:33:09.000,21.52,-0.73,15288.65,9.92,20.5,169492,-3.17,28.0,0.14
2020-12-18T00:34:09.000,21.45,-0.78,11836.47,10.2,20.5,169493,-3.36,28.0,0.14
2020-12-18T00:35:09.000,21.39,-0.77,9304.88,10.46,20.5,169494,-3.55,28.0,0.14
2020-12-18T00:36:09.000,21.33,-0.62,7453.82,10.7,20.5,169495,-3.74,28.0,0.14
2020-12-18T00:37:09.000,21.29,-0.47,5785.56,10.98,20.5,169496,-3.93,27.0,0.14
2020-12-18T00:38:09.000,21.27,-0.29,4629.73,11.22,20.5,169497,-4.12,27.0,0.14
2020-12-18T00:39:09.000,21.23,-0.3,3745.89,11.45,20.5,169498,-4.32,27.0,0.14
2020-12-18T00:40:09.000,21.18,-0.31,2920.89,11.72,20.5,169499,-4.51,27.0,0.14
2020-12-18T00:41:09.000,21.15,-0.31,2357.73,11.95,20.5,169500,-4.7,27.0,0.141
2020-12-18T00:42:09.000,21.12,-0.6,1872.27,12.2,20.5,169501,-4.89,27.0,0.141
2020-12-18T00:43:09.000,21.06,-0.66,1529.42,12.42,20.5,169502,-5.08,27.0,0.141
2020-12-18T00:44:10.000,20.99,-0.69,1174.85,12.71,20.5,169503,-5.28,27.0,0.141
2020-12-18T00:45:10.000,20.94,-0.62,887.56,13.01,20.5,169504,-5.47,26.0,0.141
2020-12-18T00:46:10.000,20.9,-0.52,704.72,13.26,20.5,169505,-5.66,26.0,0.141
2020-12-18T00:47:10.000,20.84,-0.38,551.06,13.53,20.5,169506,-5.86,26.0,0.141
2020-12-18T00:48:10.000,20.79,-0.27,444.18,13.76,20.5,169507,-6.05,26.0,0.141
2020-12-18T00:49:10.000,20.74,-0.26,365.55,13.97,20.5,169508,-6.24,26.0,0.141
2020-12-18T00:50:10.000,20.71,-0.27,310.85,14.15,20.5,169509,-6.44,26.0,0.141
2020-12-18T00:51:10.000,20.68,-0.15,234.13,14.46,20.5,169510,-6.63,26.0,0.141
2020-12-18T00:52:10.000,20.64,-0.02,182.76,14.73,20.5,169511,-6.83,26.0,0.141
2020-12-18T00:53:10.000,20.63,0.01,150.99,14.93,20.5,169512,-7.02,26.0,0.141
2020-12-18T00:54:10.000,20.61,0.02,123.05,15.16,20.5,169513,-7.21,25.0,0.141
2020-12-18T00:55:10.000,20.58,0.06,101.87,15.36,20.5,169514,-7.41,25.0,0.141
2020-12-18T00:56:10.000,20.55,0.04,83.93,15.57,20.5,169515,-7.6,25.0,0.141
2020-12-18T00:57:10.000,20.51,0.03,68.23,15.8,20.5,169516,-7.8,25.0,0.141
2020-12-18T00:58:10.000,20.46,-0.01,57.82,15.98,20.5,169517,-7.99,25.0,0.141
2020-12-18T00:59:10.000,20.46,-0.01,47.8,16.18,20.5,169518,-8.19,25.0,0.141
2020-12-18T01:00:10.000,20.43,-0.23,42.11,16.32,20.5,169519,-8.38,25.0,0.142
2020-12-18T01:02:11.000,20.36,-0.35,30.92,16.66,20.5,169521,-8.78,24.0,0.142
2020-12-18T01:03:11.000,20.24,-0.7,26.13,16.84,20.5,169522,-8.97,24.0,0.142
2020-12-18T01:04:11.000,20.21,-0.39,22.9,16.98,20.5,169523,-9.17,24.0,0.142
2020-12-18T01:05:11.000,20.2,-0.42,20.95,17.08,20.5,169524,-9.37,24.0,0.142
2020-12-18T01:06:11.000,20.18,-0.3,19.98,17.13,20.5,169525,-9.56,24.0,0.142
2020-12-18T01:07:11.000,20.19,-0.19,18.79,17.2,20.5,169526,-9.76,24.0,0.142
2020-12-18T01:08:11.000,20.17,-0.22,17.37,17.28,20.5,169527,-9.96,24.0,0.142
2020-12-18T01:09:11.000,20.15,-0.26,15.83,17.38,20.5,169528,-10.15,23.0,0.142
2020-12-18T01:11:11.000,20.08,-0.3,13.69,17.54,20.5,169530,-10.55,23.0,0.142
2020-12-18T01:12:11.000,20.05,-0.28,13.55,17.55,20.5,169531,-10.74,23.0,0.142
2020-12-18T01:13:11.000,20.03,-0.2,14.08,17.51,20.5,169532,-10.94,23.0,0.142
2020-12-18T01:14:11.000,20.02,-0.06,13.74,17.54,20.5,169533,-11.14,23.0,0.142
2020-12-18T01:15:11.000,20.02,-0.04,13.03,17.59,20.5,169534,-11.34,23.0,0.142
2020-12-18T01:16:11.000,19.99,-0.11,12.76,17.62,20.5,169535,-11.53,23.0,0.142
2020-12-18T01:17:12.000,19.96,-0.04,13.3,17.57,20.5,169536,-11.74,22.0,0.142
2020-12-18T01:18:12.000,19.93,0.02,14.05,17.51,20.5,169537,-11.93,22.0,0.142
2020-12-18T01:19:12.000,19.91,0.16,14.24,17.5,20.5,169538,-12.13,22.0,0.143
2020-12-18T01:20:12.000,19.89,0.11,14.08,17.51,20.5,169539,-12.33,22.0,0.143
2020-12-18T01:21:12.000,19.86,0.22,14.08,17.51,20.5,169540,-12.53,22.0,0.143
2020-12-18T01:22:12.000,19.85,0.26,14.14,17.5,20.5,169541,-12.73,22.0,0.143
2020-12-18T01:23:12.000,19.83,0.27,13.81,17.53,20.5,169542,-12.93,22.0,0.143
2020-12-18T01:24:12.000,19.79,0.28,13.42,17.56,20.5,169543,-13.13,21.0,0.143
2020-12-18T01:25:12.000,19.78,0.37,13.36,17.57,20.5,169544,-13.33,21.0,0.143
2020-12-18T01:26:12.000,19.77,0.49,13.78,17.53,20.5,169545,-13.53,21.0,0.143
2020-12-18T01:27:12.000,19.75,0.44,14.15,17.5,20.5,169546,-13.72,21.0,0.143
2020-12-18T01:28:12.000,19.71,0.49,14.21,17.5,20.5,169547,-13.92,21.0,0.143
2020-12-18T01:29:12.000,19.68,0.51,13.8,17.53,20.5,169548,-14.12,21.0,0.143
2020-12-18T01:30:12.000,19.65,0.48,13.02,17.59,20.5,169549,-14.32,21.0,0.143
2020-12-18T01:31:12.000,19.62,0.4,12.79,17.61,20.5,169550,-14.52,20.0,0.143
2020-12-18T01:32:12.000,19.6,0.37,13.01,17.59,20.5,169551,-14.72,20.0,0.143
2020-12-18T01:33:12.000,19.57,0.36,13.9,17.52,20.5,169552,-14.93,20.0,0.143
2020-12-18T01:34:13.000,19.55,0.4,14.1,17.51,20.5,169553,-15.13,20.0,0.143
2020-12-18T01:35:13.000,19.54,0.4,14.4,17.48,20.5,169554,-15.33,20.0,0.143
2020-12-18T01:36:13.000,19.5,0.31,14.3,17.49,20.5,169555,-15.53,20.0,0.143
2020-12-18T01:37:13.000,19.48,0.4,14.19,17.5,20.5,169556,-15.73,20.0,0.143
2020-12-18T01:38:13.000,19.43,0.23,13.93,17.52,20.5,169557,-15.93,19.0,0.144
2020-12-18T01:39:13.000,19.38,0.23,13.01,17.59,20.5,169558,-16.13,19.0,0.144
2020-12-18T01:40:13.000,19.34,0.11,12.03,17.68,20.5,169559,-16.34,19.0,0.144
2020-12-18T01:41:13.000,19.29,-0.08,11.37,17.74,20.5,169560,-16.54,19.0,0.144
2020-12-18T01:42:13.000,19.23,-0.14,11.21,17.76,20.5,169561,-16.74,19.0,0.144
2020-12-18T01:43:13.000,19.21,-0.1,11.39,17.74,20.5,169562,-16.94,19.0,0.144
2020-12-18T01:44:13.000,19.19,-0.07,11.98,17.68,20.5,169563,-17.14,19.0,0.144
2020-12-18T01:45:13.000,19.17,0.02,12.67,17.62,20.5,169564,-17.34,18.0,0.144
