Downloads/jupyter/ECSV/stars19/stars19_2023-12.ecsv
# %ECSV 1.0
# ---
# datatype:
# - {name: time, datatype: string}
# - {name: Enclosure Temperature, unit: deg_C, datatype: float64}
# - {name: Sky Temperature, unit: deg_C, datatype: float64}
# - {name: Frequency, unit: Hz, datatype: float64}
# - {name: MSAS, unit: mag / arcsec2, datatype: float64}
# - {name: ZP, datatype: float64}
# - {name: Sequence Number, datatype: int64}
# - {name: Sun Alt, unit: deg, datatype: float64}
# - {name: Moon Alt, unit: deg, datatype: float64}
# - {name: Moon Illumination, datatype: float64}
# delimiter: ','
# meta: !!omap
# - ida:
#     Data supplier: {affiliation: null, observer: null}
#     Device type: TESS-W
#     Field of view: 17.0
#     Filters per channel: None
#     Instrument ID: stars19
#     License: ODbL 1.0 http://opendatacommons.org/licenses/odbl/summary/
#     Local timezone: America/Phoenix
#     Location name: {country: '- Tucson', place: Tucson, region: United States, sub_region: Arizona, town: Pima County}
#     Measurement direction per channel: {azimuth: 0.0, zenital: 0.0}
#     Moving / Fixed look direction: FIXED
#     Moving / Stationary position: STATIONARY
#     Number of channels: 1
#     Number of fields per line: 8
#     Number of header lines: 35
#     Position: {height: 0.0, latitude: 32.223877, longitude: -110.767532}
#     TESS MAC address: 18:FE:34:CF:EC:06
#     TESS cover offset value: 0.0
#     TESS firmware version: '1.0'
#     TESS zero point: 20.38
#     Time Synchronization: timestamp added by MQTT subscriber
#     URL: http://www.darksky.org/NSBM/sdf1.0.pdf
# - __serialized_columns__:
#     Enclosure Temperature:
#       __class__: astropy.units.quantity.Quantity
#       unit: &id001 !astropy.units.Unit {unit: deg_C}
#       value: !astropy.table.SerializedColumn {name: Enclosure Temperature}
#     Frequency:
#       __class__: astropy.units.quantity.Quantity
#       unit: !astropy.units.Unit {unit: Hz}
#       value: !astropy.table.SerializedColumn {name: Frequency}
#     MSAS:
#       __class__: astropy.units.quantity.Quantity
#       unit: !astropy.units.Unit {unit: mag / arcsec2}
#       value: !astropy.table.SerializedColumn {name: MSAS}
#     Moon Alt:
#       __class__: astropy.units.quantity.Quantity
#       unit: &id002 !astropy.units.Unit {unit: deg}
#       value: !astropy.table.SerializedColumn {name: Moon Alt}
#     Sky Temperature:
#       __class__: astropy.units.quantity.Quantity
#       unit: *id001
#       value: !astropy.table.SerializedColumn {name: Sky Temperature}
#     Sun Alt:
#       __class__: astropy.units.quantity.Quantity
#       unit: *id002
#       value: !astropy.table.SerializedColumn {name: Sun Alt}
#     time:
#       __class__: astropy.time.core.Time
#       format: isot
#       in_subfmt: '*'
#       out_subfmt: '*'
#       precision: 3
#       scale: utc
#       value: !astropy.table.SerializedColumn {name: time}
# schema: astropy-2.0
time,Enclosure Temperature,Sky Temperature,Frequency,MSAS,ZP,Sequence Number,Sun Alt,Moon Alt,Moon Illumination
[from data line 13716]
2023-12-16T18:15:45.000,29.65,5.57,0.0,0.0,20.38,110286,32.45,3.0,0.181
2023-12-16T18:17:46.000,29.98,4.26,0.0,0.0,20.38,110288,32.57,4.0,0.181
2023-12-16T18:18:46.000,29.81,3.13,0.0,0.0,20.38,110289,32.63,4.0,0.181
2023-12-16T18:20:47.000,29.95,5.05,0.0,0.0,20.38,110291,32.75,4.0,0.181
2023-12-16T18:21:48.000,29.94,2.4,0.0,0.0,20.38,110292,32.81,4.0,0.181
2023-12-16T18:22:47.000,29.55,1.33,0.0,0.0,20.38,110293,32.87,5.0,0.181
2023-12-16T18:36:51.000,29.09,2.63,0.0,0.0,20.38,110307,33.56,7.0,0.182
2023-12-16T18:37:52.000,29.0,1.23,0.0,0.0,20.38,110308,33.6,7.0,0.182
2023-12-16T18:38:52.000,28.84,2.14,0.0,0.0,20.38,110309,33.64,8.0,0.182
2023-12-16T18:40:52.000,29.1,2.14,0.0,0.0,20.38,110311,33.72,8.0,0.183
2023-12-16T18:41:52.000,29.2,2.08,0.0,0.0,20.38,110312,33.76,8.0,0.183
2023-12-16T18:42:52.000,29.2,2.25,0.0,0.0,20.38,110313,33.79,8.0,0.183
2023-12-16T19:17:13.000,29.85,1.91,0.0,0.0,20.38,110347,34.45,14.0,0.185
2023-12-16T19:18:17.000,29.78,2.52,0.0,0.0,20.38,110348,34.45,14.0,0.185
2023-12-16T19:19:17.000,29.86,2.94,0.0,0.0,20.38,110349,34.45,14.0,0.185
2023-12-16T19:24:19.000,29.01,0.29,0.0,0.0,20.38,110354,34.43,15.0,0.185
2023-12-16T19:25:19.000,29.05,1.53,0.0,0.0,20.38,110355,34.42,15.0,0.185
2023-12-16T19:26:19.000,29.06,1.43,0.0,0.0,20.38,110356,34.42,16.0,0.185
2023-12-16T19:33:20.000,29.36,2.07,0.0,0.0,20.38,110363,34.34,17.0,0.186
2023-12-16T19:34:20.000,29.23,1.87,0.0,0.0,20.38,110364,34.32,17.0,0.186
2023-12-16T19:35:20.000,29.2,1.92,0.0,0.0,20.38,110365,34.3,17.0,0.186
2023-12-16T19:37:24.000,29.94,2.93,0.0,0.0,20.38,110367,34.27,17.0,0.186
2023-12-16T19:38:24.000,29.81,2.31,0.0,0.0,20.38,110368,34.25,18.0,0.186
2023-12-16T19:39:24.000,29.91,2.75,0.0,0.0,20.38,110369,34.23,18.0,0.186
2023-12-16T19:44:26.000,30.05,1.93,0.0,0.0,20.38,110374,34.11,18.0,0.187
2023-12-16T19:45:26.000,29.73,1.19,0.0,0.0,20.38,110375,34.08,19.0,0.187
2023-12-16T19:46:26.000,29.82,2.03,0.0,0.0,20.38,110376,34.05,19.0,0.187
2023-12-16T19:54:27.000,29.86,1.74,0.0,0.0,20.38,110384,33.79,20.0,0.187
2023-12-16T19:57:27.000,29.65,1.42,0.0,0.0,20.38,110387,33.68,20.0,0.187
2023-12-16T19:58:27.000,29.4,-0.09,0.0,0.0,20.38,110388,33.64,21.0,0.187
2023-12-16T19:59:27.000,28.94,-0.38,0.0,0.0,20.38,110389,33.6,21.0,0.188
2023-12-16T20:05:27.000,27.95,-0.07,0.0,0.0,20.38,110395,33.33,22.0,0.188
2023-12-16T20:06:28.000,27.83,0.47,0.0,0.0,20.38,110396,33.29,22.0,0.188
2023-12-16T20:08:28.000,28.15,1.44,0.0,0.0,20.38,110398,33.19,22.0,0.188
2023-12-16T20:09:29.000,28.35,2.39,0.0,0.0,20.38,110399,33.14,22.0,0.188
2023-12-16T20:10:28.000,28.59,2.91,0.0,0.0,20.38,110400,33.09,22.0,0.188
2023-12-16T20:17:29.000,28.94,1.11,0.0,0.0,20.38,110407,32.7,23.0,0.189
2023-12-16T20:18:30.000,28.71,0.88,0.0,0.0,20.38,110408,32.64,24.0,0.189
2023-12-16T20:19:30.000,28.42,1.25,0.0,0.0,20.38,110409,32.58,24.0,0.189
2023-12-16T20:22:31.000,28.33,2.08,0.0,0.0,20.38,110412,32.39,24.0,0.189
2023-12-16T20:23:32.000,28.36,1.94,0.0,0.0,20.38,110413,32.33,24.0,0.189
2023-12-16T20:25:32.000,28.4,2.36,0.0,0.0,20.38,110415,32.2,24.0,0.189
2023-12-16T20:26:32.000,28.54,3.19,0.0,0.0,20.38,110416,32.13,25.0,0.189
2023-12-16T20:30:32.000,29.88,5.34,0.0,0.0,20.38,110420,31.86,25.0,0.189
2023-12-16T20:31:32.000,30.14,4.87,0.0,0.0,20.38,110421,31.79,25.0,0.19
2023-12-16T20:33:32.000,30.69,4.69,0.0,0.0,20.38,110423,31.64,26.0,0.19
2023-12-16T20:35:33.000,31.41,5.59,0.0,0.0,20.38,110425,31.49,26.0,0.19
2023-12-16T20:37:34.000,31.39,3.87,0.0,0.0,20.38,110427,31.34,26.0,0.19
2023-12-16T20:38:35.000,31.51,3.54,0.0,0.0,20.38,110428,31.26,26.0,0.19
2023-12-16T20:39:36.000,31.22,3.19,0.0,0.0,20.38,110429,31.18,26.0,0.19
2023-12-16T20:47:37.000,31.89,1.52,0.0,0.0,20.38,110437,30.52,27.0,0.191
2023-12-16T20:48:36.000,31.36,-0.08,0.0,0.0,20.38,110438,30.44,27.0,0.191
2023-12-16T20:49:36.000,31.07,0.51,0.0,0.0,20.38,110439,30.35,28.0,0.191
2023-12-16T20:51:38.000,31.19,0.19,0.0,0.0,20.38,110441,30.18,28.0,0.191
2023-12-16T20:52:38.000,30.93,0.66,0.0,0.0,20.38,110442,30.09,28.0,0.191
2023-12-16T20:53:38.000,31.06,1.35,0.0,0.0,20.38,110443,30.0,28.0,0.191
2023-12-16T20:57:38.000,30.8,0.79,0.0,0.0,20.38,110447,29.63,29.0,0.191
2023-12-16T20:58:39.000,30.86,1.18,0.0,0.0,20.38,110448,29.53,29.0,0.191
2023-12-16T20:59:38.000,30.66,0.18,0.0,0.0,20.38,110449,29.44,29.0,0.191
2023-12-16T21:02:40.000,30.62,1.59,0.0,0.0,20.38,110452,29.15,29.0,0.192
2023-12-16T21:04:40.000,31.15,3.41,0.0,0.0,20.38,110454,28.95,29.0,0.192
2023-12-16T21:05:40.000,31.29,2.79,0.0,0.0,20.38,110455,28.85,30.0,0.192
2023-12-16T21:06:41.000,31.41,2.57,0.0,0.0,20.38,110456,28.75,30.0,0.192
2023-12-16T21:35:45.000,31.96,-0.16,0.0,0.0,20.38,110485,25.52,33.0,0.194
2023-12-16T21:36:47.000,32.05,0.82,0.0,0.0,20.38,110486,25.4,33.0,0.194
2023-12-16T21:37:47.000,31.85,-0.28,0.0,0.0,20.38,110487,25.27,33.0,0.194
2023-12-16T21:40:49.000,31.06,-0.14,0.0,0.0,20.38,110490,24.9,33.0,0.194
2023-12-16T21:41:49.000,30.73,-0.75,0.0,0.0,20.38,110491,24.78,33.0,0.194
2023-12-16T21:42:48.000,30.95,0.55,0.0,0.0,20.38,110492,24.65,33.0,0.194
2023-12-16T21:58:52.000,32.98,1.61,0.0,0.0,20.38,110508,22.56,34.0,0.195
2023-12-16T21:59:52.000,32.81,0.81,0.0,0.0,20.38,110509,22.42,34.0,0.195
2023-12-16T22:00:52.000,32.81,1.39,0.0,0.0,20.38,110510,22.28,35.0,0.195
2023-12-16T22:02:52.000,33.11,1.79,0.0,0.0,20.38,110512,22.01,35.0,0.195
2023-12-16T22:03:52.000,33.24,1.86,0.0,0.0,20.38,110513,21.87,35.0,0.195
2023-12-16T22:04:53.000,33.18,0.5,0.0,0.0,20.38,110514,21.73,35.0,0.195
2023-12-16T22:17:55.000,31.18,-0.25,0.0,0.0,20.38,110527,19.88,36.0,0.196
2023-12-16T22:18:55.000,31.13,-0.54,0.0,0.0,20.38,110528,19.73,36.0,0.196
2023-12-16T22:19:55.000,30.85,-1.48,0.0,0.0,20.38,110529,19.59,36.0,0.196
2023-12-16T22:21:57.000,30.3,-0.64,0.0,0.0,20.38,110531,19.29,36.0,0.197
2023-12-16T22:22:58.000,30.36,-0.77,0.0,0.0,20.38,110532,19.14,36.0,0.197
2023-12-16T22:23:57.000,30.24,-0.79,0.0,0.0,20.38,110533,18.99,36.0,0.197
2023-12-16T22:45:05.000,28.55,-1.97,0.0,0.0,20.38,110554,15.75,37.0,0.198
2023-12-16T22:46:05.000,28.29,-2.29,0.0,0.0,20.38,110555,15.59,37.0,0.198
2023-12-16T22:47:06.000,28.04,-2.21,0.0,0.0,20.38,110556,15.43,37.0,0.198
2023-12-16T22:49:06.000,28.0,-1.16,0.0,0.0,20.38,110558,15.11,37.0,0.198
2023-12-16T22:50:06.000,28.05,-1.58,0.0,0.0,20.38,110559,14.95,37.0,0.198
2023-12-16T22:51:07.000,28.17,-0.97,0.0,0.0,20.38,110560,14.79,37.0,0.198
2023-12-16T22:52:07.000,28.19,-1.64,0.0,0.0,20.38,110561,14.63,37.0,0.198
2023-12-16T22:53:07.000,28.1,-1.9,0.0,0.0,20.38,110562,14.47,37.0,0.199
2023-12-16T22:54:07.000,28.06,-1.53,0.0,0.0,20.38,110563,14.31,37.0,0.199
2023-12-16T22:56:07.000,28.09,-1.46,0.0,0.0,20.38,110565,13.98,37.0,0.199
2023-12-16T22:57:07.000,28.07,-1.66,0.0,0.0,20.38,110566,13.82,37.0,0.199
2023-12-16T22:58:07.000,28.02,-1.91,0.0,0.0,20.38,110567,13.66,37.0,0.199
2023-12-16T23:22:14.000,25.49,-3.18,0.0,0.0,20.38,110591,9.61,37.0,0.2
2023-12-16T23:23:14.000,25.46,-3.11,0.0,0.0,20.38,110592,9.44,37.0,0.2
2023-12-16T23:24:14.000,25.47,-3.29,0.0,0.0,20.38,110593,9.27,37.0,0.201
2023-12-16T23:26:15.000,25.18,-3.59,0.0,0.0,20.38,110595,8.92,37.0,0.201
2023-12-16T23:28:15.000,25.04,-3.91,0.0,0.0,20.38,110597,8.57,37.0,0.201
2023-12-16T23:29:15.000,25.0,-3.44,0.0,0.0,20.38,110598,8.4,37.0,0.201
2023-12-16T23:30:15.000,25.04,-3.33,0.0,0.0,20.38,110599,8.22,37.0,0.201
2023-12-16T23:31:15.000,25.0,-3.79,0.0,0.0,20.38,110600,8.05,37.0,0.201
2023-12-16T23:32:15.000,24.89,-3.88,0.0,0.0,20.38,110601,7.87,37.0,0.201
2023-12-16T23:34:17.000,24.76,-4.09,0.0,0.0,20.38,110603,7.51,37.0,0.201
2023-12-16T23:35:17.000,24.55,-4.07,0.0,0.0,20.38,110604,7.34,37.0,0.201
2023-12-16T23:36:17.000,24.55,-3.84,0.0,0.0,20.38,110605,7.16,37.0,0.201
2023-12-16T23:46:19.000,24.13,-4.09,0.0,0.0,20.38,110615,5.38,36.0,0.202
2023-12-16T23:47:19.000,24.2,-3.71,0.0,0.0,20.38,110616,5.2,36.0,0.202
2023-12-16T23:48:20.000,24.14,-3.95,0.0,0.0,20.38,110617,5.01,36.0,0.202
2023-12-16T23:50:20.000,24.12,-4.25,0.0,0.0,20.38,110619,4.65,36.0,0.202
2023-12-16T23:51:24.000,24.06,-4.21,0.16,0.1,20.38,110620,4.46,36.0,0.202
2023-12-16T23:52:24.000,24.07,-3.92,0.0,0.0,20.38,110621,4.28,36.0,0.202
2023-12-16T23:53:24.000,24.06,-4.05,0.0,0.0,20.38,110622,4.1,36.0,0.202
2023-12-16T23:54:24.000,23.94,-4.84,0.0,0.0,20.38,110623,3.92,36.0,0.203
2023-12-17T00:00:24.000,23.45,-4.91,0.0,0.0,20.38,110629,2.82,36.0,0.203
2023-12-17T00:01:24.000,23.4,-4.82,0.0,0.0,20.38,110630,2.64,36.0,0.203
2023-12-17T00:02:24.000,23.31,-4.93,0.0,0.0,20.38,110631,2.46,36.0,0.203
2023-12-17T00:03:24.000,23.34,-4.74,0.25,0.09,20.38,110632,2.27,36.0,0.203
2023-12-17T00:04:25.000,23.35,-4.61,0.0,0.0,20.38,110633,2.09,36.0,0.203
2023-12-17T00:05:25.000,23.31,-4.99,0.0,0.0,20.38,110634,1.9,36.0,0.203
2023-12-17T00:06:25.000,23.28,-4.94,0.0,0.0,20.38,110635,1.72,35.0,0.203
2023-12-17T00:14:26.000,22.95,-5.6,0.0,0.0,20.38,110643,0.23,35.0,0.204
2023-12-17T00:15:26.000,22.82,-5.85,0.0,0.0,20.38,110644,0.04,35.0,0.204
2023-12-17T00:16:26.000,22.75,-5.77,0.0,0.0,20.38,110645,-0.14,35.0,0.204
2023-12-17T00:17:26.000,22.65,-5.88,0.17,0.19,20.38,110646,-0.33,35.0,0.204
2023-12-17T00:18:27.000,22.6,-5.78,0.0,0.0,20.38,110647,-0.52,35.0,0.204
2023-12-17T00:19:26.000,22.55,-5.71,0.0,0.0,20.38,110648,-0.71,35.0,0.204
2023-12-17T00:20:27.000,22.53,-5.81,0.0,0.0,20.38,110649,-0.9,35.0,0.204
2023-12-17T00:22:27.000,22.5,-5.81,0.0,0.0,20.38,110651,-1.27,34.0,0.204
2023-12-17T00:23:28.000,22.44,-5.95,0.0,0.0,20.38,110652,-1.46,34.0,0.204
2023-12-17T00:24:27.000,22.4,-5.74,0.0,0.0,20.38,110653,-1.65,34.0,0.204
2023-12-17T00:25:28.000,22.33,-6.11,59435.3,8.02,20.38,110654,-1.84,34.0,0.205
2023-12-17T00:26:28.000,22.26,-6.03,56951.98,8.49,20.38,110655,-2.03,34.0,0.205
2023-12-17T00:27:28.000,22.22,-5.9,51580.74,8.6,20.38,110656,-2.22,34.0,0.205
2023-12-17T00:28:28.000,22.27,-5.64,45828.68,8.73,20.38,110657,-2.41,34.0,0.205
2023-12-17T00:29:28.000,22.31,-5.54,39819.67,8.88,20.38,110658,-2.6,34.0,0.205
2023-12-17T00:30:28.000,22.36,-5.7,33259.04,9.23,20.38,110659,-2.79,34.0,0.205
2023-12-17T00:31:28.000,22.37,-5.77,28455.89,9.25,20.38,110660,-2.98,34.0,0.205
2023-12-17T00:32:29.000,22.38,-5.75,23520.56,9.45,20.38,110661,-3.17,34.0,0.205
2023-12-17T00:33:29.000,22.26,-6.11,19310.81,9.74,20.38,110662,-3.36,34.0,0.205
2023-12-17T00:34:29.000,22.27,-5.98,15872.22,9.88,20.38,110663,-3.55,34.0,0.205
2023-12-17T00:35:29.000,22.15,-6.01,12624.97,10.13,20.38,110664,-3.75,33.0,0.205
2023-12-17T00:36:30.000,22.12,-6.12,9872.97,10.4,20.38,110665,-3.94,33.0,0.205
2023-12-17T00:37:30.000,22.08,-6.2,7533.69,10.69,20.38,110666,-4.13,33.0,0.205
2023-12-17T00:38:30.000,21.99,-6.39,5704.72,10.99,20.38,110667,-4.32,33.0,0.205
2023-12-17T00:39:31.000,21.96,-6.08,4406.51,11.27,20.38,110668,-4.52,33.0,0.205
2023-12-17T00:40:30.000,21.96,-6.3,3370.51,11.56,20.38,110669,-4.71,33.0,0.206
2023-12-17T00:41:30.000,21.8,-6.76,2565.6,11.86,20.38,110670,-4.9,33.0,0.206
2023-12-17T00:42:30.000,21.75,-6.3,1949.33,12.16,20.38,110671,-5.09,33.0,0.206
2023-12-17T00:43:31.000,21.73,-6.32,1475.24,12.46,20.38,110672,-5.29,33.0,0.206
2023-12-17T00:44:31.000,21.65,-6.71,1116.56,12.76,20.38,110673,-5.48,33.0,0.206
2023-12-17T00:45:31.000,21.6,-6.39,848.27,13.06,20.38,110674,-5.67,33.0,0.206
2023-12-17T00:46:31.000,21.64,-6.34,648.47,13.35,20.38,110675,-5.87,33.0,0.206
2023-12-17T00:47:34.000,21.6,-6.52,500.72,13.63,20.38,110676,-6.07,32.0,0.206
2023-12-17T00:48:33.000,21.63,-6.41,384.82,13.92,20.38,110677,-6.26,32.0,0.206
2023-12-17T00:49:33.000,21.61,-6.54,299.29,14.19,20.38,110678,-6.45,32.0,0.206
2023-12-17T00:50:34.000,21.62,-6.42,233.28,14.46,20.38,110679,-6.65,32.0,0.206
2023-12-17T00:51:34.000,21.68,-6.42,182.29,14.73,20.38,110680,-6.84,32.0,0.206
2023-12-17T00:52:34.000,21.73,-6.33,143.64,14.99,20.38,110681,-7.04,32.0,0.206
2023-12-17T00:53:34.000,21.71,-6.73,113.52,15.24,20.38,110682,-7.23,32.0,0.206
2023-12-17T00:54:34.000,21.7,-6.75,89.91,15.5,20.38,110683,-7.43,32.0,0.206
2023-12-17T00:55:35.000,21.69,-6.7,71.23,15.75,20.38,110684,-7.63,32.0,0.206
2023-12-17T00:56:35.000,21.63,-7.01,57.45,15.98,20.38,110685,-7.82,32.0,0.207
2023-12-17T00:57:35.000,21.45,-7.29,46.03,16.22,20.38,110686,-8.02,31.0,0.207
2023-12-17T00:58:35.000,21.33,-7.32,38.26,16.43,20.38,110687,-8.21,31.0,0.207
2023-12-17T01:00:35.000,21.27,-6.85,26.01,16.84,20.38,110689,-8.6,31.0,0.207
2023-12-17T01:01:35.000,21.32,-6.74,21.68,17.04,20.38,110690,-8.8,31.0,0.207
2023-12-17T01:02:36.000,21.4,-6.78,18.09,17.24,20.38,110691,-9.0,31.0,0.207
2023-12-17T01:03:35.000,21.38,-6.98,15.32,17.42,20.38,110692,-9.19,31.0,0.207
2023-12-17T01:04:36.000,21.36,-7.01,13.08,17.59,20.38,110693,-9.39,31.0,0.207
2023-12-17T01:05:36.000,21.21,-7.41,11.04,17.77,20.38,110694,-9.59,31.0,0.207
2023-12-17T01:06:37.000,21.17,-7.07,9.47,17.94,20.38,110695,-9.79,31.0,0.207
2023-12-17T01:07:37.000,21.19,-6.91,8.12,18.11,20.38,110696,-9.98,30.0,0.207
2023-12-17T01:08:37.000,21.24,-6.94,7.05,18.26,20.38,110697,-10.18,30.0,0.207
2023-12-17T01:09:37.000,21.21,-7.11,6.15,18.41,20.38,110698,-10.38,30.0,0.207
2023-12-17T01:10:37.000,21.13,-7.39,5.43,18.54,20.38,110699,-10.57,30.0,0.207
2023-12-17T01:11:37.000,21.08,-7.36,4.82,18.67,20.38,110700,-10.77,30.0,0.208
2023-12-17T01:12:37.000,21.07,-7.15,4.32,18.79,20.38,110701,-10.97,30.0,0.208
2023-12-17T01:13:38.000,21.05,-7.39,3.92,18.9,20.38,110702,-11.17,30.0,0.208
2023-12-17T01:14:37.000,20.88,-7.87,3.56,19.0,20.38,110703,-11.36,30.0,0.208
2023-12-17T01:15:37.000,20.72,-7.82,3.27,19.09,20.38,110704,-11.56,30.0,0.208
2023-12-17T01:16:38.000,20.68,-7.52,3.04,19.17,20.38,110705,-11.76,29.0,0.208
2023-12-17T01:17:38.000,20.6,-7.47,2.92,19.22,20.38,110706,-11.96,29.0,0.208
2023-12-17T01:18:39.000,20.58,-7.55,2.75,19.28,20.38,110707,-12.16,29.0,0.208
2023-12-17T01:19:39.000,20.53,-7.5,2.63,19.33,20.38,110708,-12.36,29.0,0.208
2023-12-17T01:20:40.000,20.52,-7.41,2.53,19.37,20.38,110709,-12.57,29.0,0.208
2023-12-17T01:21:40.000,20.5,-7.52,2.43,19.42,20.38,110710,-12.76,29.0,0.208
2023-12-17T01:22:40.000,20.45,-7.48,2.36,19.45,20.38,110711,-12.96,29.0,0.208
2023-12-17T01:23:40.000,20.4,-7.63,2.34,19.46,20.38,110712,-13.16,29.0,0.208
2023-12-17T01:24:40.000,20.39,-7.47,2.25,19.5,20.38,110713,-13.36,29.0,0.208
2023-12-17T01:25:41.000,20.36,-7.61,2.2,19.52,20.38,110714,-13.56,28.0,0.208
2023-12-17T01:26:41.000,20.31,-7.58,2.14,19.56,20.38,110715,-13.76,28.0,0.209
2023-12-17T01:27:41.000,20.29,-7.5,2.09,19.58,20.38,110716,-13.96,28.0,0.209
2023-12-17T01:28:42.000,20.25,-7.66,2.12,19.57,20.38,110717,-14.17,28.0,0.209
2023-12-17T01:29:42.000,20.24,-7.6,2.1,19.57,20.38,110718,-14.37,28.0,0.209
2023-12-17T01:30:42.000,20.19,-7.79,2.08,19.58,20.38,110719,-14.57,28.0,0.209
2023-12-17T01:31:42.000,20.1,-7.88,2.07,19.59,20.38,110720,-14.77,28.0,0.209
2023-12-17T01:32:42.000,20.06,-7.7,2.06,19.6,20.38,110721,-14.97,28.0,0.209
2023-12-17T01:33:42.000,20.08,-7.6,2.04,19.6,20.38,110722,-15.17,27.0,0.209
2023-12-17T01:34:42.000,20.12,-7.54,2.05,19.6,20.38,110723,-15.37,27.0,0.209
2023-12-17T01:35:42.000,20.1,-7.79,2.04,19.61,20.38,110724,-15.57,27.0,0.209
2023-12-17T01:36:43.000,20.09,-7.57,2.03,19.61,20.38,110725,-15.78,27.0,0.209
2023-12-17T01:38:45.000,20.09,-7.58,2.01,19.62,20.38,110727,-16.18,27.0,0.209
2023-12-17T01:39:45.000,20.15,-7.55,2.01,19.62,20.38,110728,-16.39,27.0,0.209
2023-12-17T01:41:45.000,20.07,-7.69,2.0,19.62,20.38,110730,-16.79,26.0,0.21
2023-12-17T01:42:45.000,20.09,-7.79,2.0,19.63,20.38,110731,-16.99,26.0,0.21
2023-12-17T01:43:45.000,20.04,-7.85,2.0,19.63,20.38,110732,-17.19,26.0,0.21
2023-12-17T01:45:46.000,19.93,-7.96,2.0,19.63,20.38,110734,-17.6,26.0,0.21
2023-12-17T01:46:49.000,19.85,-8.2,2.0,19.63,20.38,110735,-17.81,26.0,0.21
2023-12-17T01:47:48.000,19.81,-7.95,2.0,19.63,20.38,110736,-18.01,26.0,0.21
2023-12-17T01:48:48.000,19.81,-7.89,2.0,19.63,20.38,110737,-18.22,26.0,0.21
2023-12-17T01:49:49.000,19.82,-8.0,2.04,19.61,20.38,110738,-18.42,25.0,0.21
2023-12-17T01:50:49.000,19.87,-7.71,2.02,19.62,20.38,110739,-18.62,25.0,0.21
2023-12-17T01:52:49.000,19.99,-7.8,2.0,19.63,20.38,110741,-19.03,25.0,0.21
