Downloads/jupyter/ECSV/stars19/stars19_2024-02.ecsv
# %ECSV 1.0
# ---
# datatype:
# - {name: time, datatype: string}
# - {name: Enclosure Temperature, unit: deg_C, datatype: float64}
# - {name: Sky Temperature, unit: deg_C, datatype: float64}
# - {name: Frequency, unit: Hz, datatype: float64}
# - {name: MSAS, unit: mag / arcsec2, datatype: float64}
# - {name: ZP, datatype: float64}
# - {name: Sequence Number, datatype: int64}
# - {name: Sun Alt, unit: deg, datatype: float64}
# - {name: Moon Alt, unit: deg, datatype: float64}
# - {name: Moon Illumination, datatype: float64}
# delimiter: ','
# meta: !!omap
# - ida:
#     Data supplier: {affiliation: null, observer: null}
#     Device type: TESS-W
#     Field of view: 17.0
#     Filters per channel: None
#     Instrument ID: stars19
#     License: ODbL 1.0 http://opendatacommons.org/licenses/odbl/summary/
#     Local timezone: America/Phoenix
#     Location name: {country: '- Tucson', place: Tucson, region: United States, sub_region: Arizona, town: Pima County}
#     Measurement direction per channel: {azimuth: 0.0, zenital: 0.0}
#     Moving / Fixed look direction: FIXED
#     Moving / Stationary position: STATIONARY
#     Number of channels: 1
#     Number of fields per line: 8
#     Number of header lines: 35
#     Position: {height: 0.0, latitude: 32.223877, longitude: -110.767532}
#     TESS MAC address: 18:FE:34:CF:EC:06
#     TESS cover offset value: 0.0
#     TESS firmware version: '1.0'
#     TESS zero point: 20.38
#     Time Synchronization: timestamp added by MQTT subscriber
#     URL: http://www.darksky.org/NSBM/sdf1.0.pdf
# - __serialized_columns__:
#     Enclosure Temperature:
#       __class__: astropy.units.quantity.Quantity
#       unit: &id001 !astropy.units.Unit {unit: deg_C}
#       value: !astropy.table.SerializedColumn {name: Enclosure Temperature}
#     Frequency:
#       __class__: astropy.units.quantity.Quantity
#       unit: !astropy.units.Unit {unit: Hz}
#       value: !astropy.table.SerializedColumn {name: Frequency}
#     MSAS:
#       __class__: astropy.units.quantity.Quantity
#       unit: !astropy.units.Unit {unit: mag / arcsec2}
#       value: !astropy.table.SerializedColumn {name: MSAS}
#     Moon Alt:
#       __class__: astropy.units.quantity.Quantity
#       unit: &id002 !astropy.units.Unit {unit: deg}
#       value: !astropy.table.SerializedColumn {name: Moon Alt}
#     Sky Temperature:
#       __class__: astropy.units.quantity.Quantity
#       unit: *id001
#       value: !astropy.table.SerializedColumn {name: Sky Temperature}
#     Sun Alt:
#       __class__: astropy.units.quantity.Quantity
#       unit: *id002
#       value: !astropy.table.SerializedColumn {name: Sun Alt}
#     time:
#       __class__: astropy.time.core.Time
#       format: isot
#       in_subfmt: '*'
#       out_subfmt: '*'
#       precision: 3
#       scale: utc
#       value: !astropy.table.SerializedColumn {name: time}
# schema: astropy-2.0
time,Enclosure Temperature,Sky Temperature,Frequency,MSAS,ZP,Sequence Number,Sun Alt,Moon Alt,Moon Illumination
[from data line 7281]
2024-02-09T06:38:54.000,10.41,-11.02,1.52,19.93,20.38,188257,-68.11,-79.0,0.009
2024-02-09T06:39:54.000,10.77,-11.68,1.16,20.22,20.38,188258,-68.24,-79.0,0.009
2024-02-09T06:40:54.000,10.81,-11.47,1.17,20.21,20.38,188259,-68.38,-79.0,0.009
2024-02-09T06:41:54.000,10.72,-10.82,1.35,20.06,20.38,188260,-68.51,-79.0,0.009
2024-02-09T06:42:55.000,10.57,-9.53,1.78,19.75,20.38,188261,-68.65,-79.0,0.009
2024-02-09T06:43:55.000,10.46,-8.73,2.05,19.6,20.38,188262,-68.78,-79.0,0.009
2024-02-09T06:44:55.000,10.25,-8.95,2.15,19.55,20.38,188263,-68.91,-79.0,0.009
2024-02-09T06:46:59.000,10.43,-5.79,3.62,18.98,20.38,188265,-69.17,-79.0,0.009
2024-02-09T06:48:59.000,10.61,-5.78,2.92,19.22,20.38,188267,-69.41,-79.0,0.009
2024-02-09T06:50:00.000,10.51,-6.77,2.32,19.47,20.38,188268,-69.54,-80.0,0.009
2024-02-09T06:51:00.000,10.42,-7.47,1.97,19.64,20.38,188269,-69.66,-80.0,0.009
2024-02-09T06:52:00.000,10.29,-7.71,2.0,19.63,20.38,188270,-69.77,-80.0,0.009
2024-02-09T06:53:00.000,10.17,-7.59,1.8,19.74,20.38,188271,-69.89,-80.0,0.008
2024-02-09T06:54:01.000,10.01,-7.29,1.83,19.72,20.38,188272,-70.0,-80.0,0.008
2024-02-09T06:55:02.000,10.12,-6.28,2.07,19.59,20.38,188273,-70.11,-80.0,0.008
2024-02-09T06:56:01.000,10.77,-5.48,2.16,19.54,20.38,188274,-70.22,-80.0,0.008
2024-02-09T06:57:02.000,11.0,-5.43,2.11,19.57,20.38,188275,-70.33,-80.0,0.008
2024-02-09T06:59:02.000,10.67,-3.66,2.87,19.24,20.38,188277,-70.54,-80.0,0.008
2024-02-09T07:00:02.000,10.46,-1.85,3.95,18.9,20.38,188278,-70.64,-80.0,0.008
2024-02-09T07:01:02.000,10.29,-0.81,5.21,18.59,20.38,188279,-70.74,-80.0,0.008
2024-02-09T07:02:02.000,10.12,-0.42,6.13,18.41,20.38,188280,-70.83,-80.0,0.008
2024-02-09T07:03:02.000,10.01,-0.11,5.91,18.45,20.38,188281,-70.93,-80.0,0.008
2024-02-09T07:04:03.000,10.15,0.26,5.83,18.47,20.38,188282,-71.02,-80.0,0.008
2024-02-09T07:05:03.000,10.4,0.12,5.82,18.47,20.38,188283,-71.11,-80.0,0.008
2024-02-09T07:09:09.000,9.99,0.36,7.5,18.2,20.38,188287,-71.45,-80.0,0.008
2024-02-09T07:11:09.000,10.67,0.43,10.69,17.81,20.38,188289,-71.6,-80.0,0.008
2024-02-09T07:12:09.000,10.59,0.31,11.28,17.75,20.38,188290,-71.67,-80.0,0.008
2024-02-09T07:13:09.000,10.36,0.33,11.55,17.72,20.38,188291,-71.74,-80.0,0.008
2024-02-09T07:14:09.000,10.12,0.24,11.34,17.74,20.38,188292,-71.81,-80.0,0.008
2024-02-09T07:18:15.000,10.7,0.37,11.4,17.74,20.38,188296,-72.06,-80.0,0.008
2024-02-09T07:19:16.000,10.42,0.36,12.53,17.64,20.38,188297,-72.11,-80.0,0.008
2024-02-09T07:21:16.000,9.97,0.58,13.3,17.57,20.38,188299,-72.21,-79.0,0.008
2024-02-09T07:22:17.000,10.35,0.81,12.3,17.66,20.38,188300,-72.25,-79.0,0.008
2024-02-09T07:29:18.000,10.26,-3.34,3.63,18.98,20.38,188307,-72.49,-79.0,0.008
2024-02-09T07:30:18.000,10.56,-4.02,3.27,19.09,20.38,188308,-72.51,-79.0,0.008
2024-02-09T07:31:18.000,10.54,-4.81,2.65,19.32,20.38,188309,-72.53,-79.0,0.008
2024-02-09T07:33:19.000,10.13,-3.51,4.35,18.79,20.38,188311,-72.56,-78.0,0.008
2024-02-09T07:34:19.000,9.97,-2.12,6.14,18.41,20.38,188312,-72.57,-78.0,0.008
2024-02-09T07:35:22.000,10.35,-0.86,7.64,18.17,20.38,188313,-72.58,-78.0,0.008
2024-02-09T07:36:27.000,10.68,-0.41,7.88,18.14,20.38,188314,-72.58,-78.0,0.008
2024-02-09T07:37:27.000,10.65,-0.23,8.65,18.04,20.38,188315,-72.58,-78.0,0.008
2024-02-09T07:39:28.000,10.25,0.11,7.96,18.13,20.38,188317,-72.57,-78.0,0.008
2024-02-09T07:40:28.000,10.01,-0.25,6.91,18.28,20.38,188318,-72.56,-78.0,0.008
2024-02-09T07:41:28.000,10.19,0.08,6.4,18.36,20.38,188319,-72.55,-77.0,0.008
2024-02-09T07:42:29.000,10.69,0.1,8.74,18.03,20.38,188320,-72.54,-77.0,0.008
2024-02-09T07:43:29.000,10.86,-0.08,8.6,18.05,20.38,188321,-72.52,-77.0,0.008
2024-02-09T07:44:29.000,10.72,-0.49,7.9,18.14,20.38,188322,-72.5,-77.0,0.008
2024-02-09T07:45:29.000,10.47,-0.69,9.06,17.99,20.38,188323,-72.48,-77.0,0.008
2024-02-09T07:46:30.000,10.21,-0.77,8.37,18.07,20.38,188324,-72.45,-77.0,0.008
2024-02-09T07:47:31.000,10.01,-1.73,6.54,18.35,20.38,188325,-72.42,-77.0,0.008
2024-02-09T07:48:31.000,10.21,-2.61,3.72,18.96,20.38,188326,-72.39,-76.0,0.008
2024-02-09T07:49:31.000,10.62,-3.51,2.96,19.2,20.38,188327,-72.35,-76.0,0.008
2024-02-09T07:50:31.000,10.64,-3.72,3.65,18.98,20.38,188328,-72.32,-76.0,0.008
2024-02-09T07:51:32.000,10.52,-3.36,4.34,18.79,20.38,188329,-72.27,-76.0,0.008
2024-02-09T07:52:32.000,10.36,-3.35,4.7,18.71,20.38,188330,-72.23,-76.0,0.008
2024-02-09T07:53:32.000,10.14,-3.59,3.37,19.06,20.38,188331,-72.18,-76.0,0.008
2024-02-09T07:55:33.000,10.34,-3.29,3.26,19.11,20.38,188333,-72.08,-75.0,0.008
2024-02-09T07:56:33.000,10.76,-4.08,2.66,19.32,20.38,188334,-72.03,-75.0,0.008
2024-02-09T07:57:33.000,10.73,-5.07,2.94,19.21,20.38,188335,-71.97,-75.0,0.008
2024-02-09T07:58:33.000,10.52,-4.71,3.55,19.01,20.38,188336,-71.91,-75.0,0.008
2024-02-09T07:59:34.000,10.34,-3.3,4.56,18.73,20.38,188337,-71.85,-75.0,0.008
2024-02-09T08:00:34.000,10.15,-2.32,4.15,18.84,20.38,188338,-71.78,-75.0,0.008
2024-02-09T08:01:34.000,10.0,-1.53,5.31,18.57,20.38,188339,-71.71,-74.0,0.008
2024-02-09T08:02:34.000,10.24,-1.69,4.95,18.65,20.38,188340,-71.64,-74.0,0.008
2024-02-09T08:04:40.000,10.66,-4.66,3.4,19.05,20.38,188342,-71.49,-74.0,0.007
2024-02-09T08:05:40.000,10.54,-4.92,3.38,19.06,20.38,188343,-71.41,-74.0,0.007
2024-02-09T08:06:40.000,10.38,-4.84,3.01,19.18,20.38,188344,-71.33,-74.0,0.007
2024-02-09T08:07:41.000,10.25,-4.16,3.66,18.97,20.38,188345,-71.24,-73.0,0.007
2024-02-09T08:08:44.000,10.19,-3.07,3.47,19.03,20.38,188346,-71.15,-73.0,0.007
2024-02-09T08:10:45.000,10.09,-1.78,3.93,18.9,20.38,188348,-70.97,-73.0,0.007
2024-02-09T08:17:48.000,10.17,-5.41,2.51,19.38,20.38,188355,-70.27,-72.0,0.007
2024-02-09T08:18:48.000,10.11,-5.28,3.02,19.18,20.38,188356,-70.16,-72.0,0.007
2024-02-09T08:19:48.000,10.09,-5.09,3.09,19.16,20.38,188357,-70.05,-71.0,0.007
2024-02-09T08:20:49.000,10.06,-5.49,3.52,19.01,20.38,188358,-69.94,-71.0,0.007
2024-02-09T08:21:50.000,10.0,-6.58,2.47,19.41,20.38,188359,-69.82,-71.0,0.007
2024-02-09T08:22:50.000,10.29,-7.04,2.16,19.54,20.38,188360,-69.71,-71.0,0.007
2024-02-09T08:23:50.000,10.72,-8.71,1.88,19.7,20.38,188361,-69.59,-71.0,0.007
2024-02-09T08:24:51.000,10.8,-10.76,1.29,20.12,20.38,188362,-69.47,-70.0,0.007
2024-02-09T08:25:51.000,10.7,-12.59,1.22,20.17,20.38,188363,-69.35,-70.0,0.007
2024-02-09T08:29:52.000,10.0,-13.67,1.1,20.28,20.38,188367,-68.84,-70.0,0.007
2024-02-09T08:30:52.000,10.27,-12.3,1.1,20.28,20.38,188368,-68.71,-69.0,0.007
2024-02-09T08:31:53.000,10.73,-10.64,1.53,19.93,20.38,188369,-68.58,-69.0,0.007
2024-02-09T08:32:53.000,10.77,-8.52,2.03,19.61,20.38,188370,-68.45,-69.0,0.007
2024-02-09T08:33:54.000,10.63,-6.48,2.63,19.33,20.38,188371,-68.31,-69.0,0.007
2024-02-09T08:34:54.000,10.43,-5.17,2.94,19.21,20.38,188372,-68.17,-69.0,0.007
2024-02-09T08:35:56.000,10.23,-4.3,3.11,19.15,20.38,188373,-68.03,-68.0,0.007
2024-02-09T08:36:56.000,10.09,-3.7,3.26,19.1,20.38,188374,-67.89,-68.0,0.007
2024-02-09T08:37:56.000,10.01,-3.77,3.31,19.08,20.38,188375,-67.75,-68.0,0.007
2024-02-09T08:38:57.000,10.22,-3.67,3.46,19.03,20.38,188376,-67.6,-68.0,0.007
2024-02-09T08:39:57.000,10.53,-4.79,3.51,19.02,20.38,188377,-67.46,-68.0,0.007
2024-02-09T08:40:58.000,10.54,-5.47,3.55,19.01,20.38,188378,-67.31,-67.0,0.007
2024-02-09T08:41:58.000,10.46,-6.29,3.63,18.98,20.38,188379,-67.17,-67.0,0.007
2024-02-09T08:42:58.000,10.32,-6.89,3.15,19.14,20.38,188380,-67.02,-67.0,0.007
2024-02-09T08:43:59.000,10.16,-8.09,2.51,19.38,20.38,188381,-66.87,-67.0,0.007
2024-02-09T08:44:59.000,9.99,-9.43,2.15,19.55,20.38,188382,-66.72,-67.0,0.007
2024-02-09T08:45:59.000,10.31,-10.08,2.0,19.63,20.38,188383,-66.57,-67.0,0.007
2024-02-09T08:47:00.000,10.74,-12.04,1.5,19.94,20.38,188384,-66.41,-66.0,0.007
2024-02-09T08:48:01.000,10.74,-12.89,1.3,20.1,20.38,188385,-66.25,-66.0,0.007
2024-02-09T08:49:01.000,10.6,-12.79,1.47,19.96,20.38,188386,-66.1,-66.0,0.007
2024-02-09T08:50:02.000,10.46,-12.55,1.59,19.88,20.38,188387,-65.94,-66.0,0.007
2024-02-09T08:51:02.000,10.31,-12.73,1.34,20.06,20.38,188388,-65.78,-66.0,0.007
2024-02-09T08:52:02.000,10.13,-12.97,1.36,20.05,20.38,188389,-65.62,-65.0,0.007
2024-02-09T08:53:02.000,9.99,-13.69,1.23,20.16,20.38,188390,-65.46,-65.0,0.007
2024-02-09T08:54:03.000,10.28,-14.01,0.98,20.4,20.38,188391,-65.3,-65.0,0.007
2024-02-09T08:55:03.000,10.74,-14.81,0.93,20.46,20.38,188392,-65.14,-65.0,0.007
2024-02-09T08:56:03.000,10.78,-15.17,0.92,20.47,20.38,188393,-64.98,-65.0,0.007
2024-02-09T08:57:04.000,10.58,-15.85,0.92,20.47,20.38,188394,-64.81,-64.0,0.007
2024-02-09T09:02:05.000,11.1,-15.6,0.93,20.46,20.38,188399,-63.98,-63.0,0.007
2024-02-09T09:03:05.000,10.82,-15.98,0.93,20.46,20.38,188400,-63.81,-63.0,0.007
2024-02-09T09:04:06.000,10.51,-15.77,0.93,20.46,20.38,188401,-63.63,-63.0,0.007
2024-02-09T09:06:06.000,10.09,-15.53,0.93,20.46,20.38,188403,-63.29,-63.0,0.007
2024-02-09T09:07:07.000,9.96,-15.56,0.93,20.46,20.38,188404,-63.11,-62.0,0.007
2024-02-09T09:08:07.000,10.53,-15.02,0.92,20.47,20.38,188405,-62.94,-62.0,0.007
2024-02-09T09:09:08.000,10.85,-15.75,0.92,20.47,20.38,188406,-62.76,-62.0,0.007
2024-02-09T09:10:09.000,10.7,-16.12,0.92,20.47,20.38,188407,-62.59,-62.0,0.007
2024-02-09T09:11:09.000,10.43,-16.18,0.92,20.47,20.38,188408,-62.41,-62.0,0.007
2024-02-09T09:12:10.000,10.13,-16.16,0.92,20.47,20.38,188409,-62.23,-62.0,0.007
2024-02-09T09:13:10.000,9.96,-15.81,0.92,20.47,20.38,188410,-62.05,-61.0,0.007
2024-02-09T09:14:10.000,10.53,-15.22,0.92,20.47,20.38,188411,-61.88,-61.0,0.007
2024-02-09T09:15:10.000,10.91,-15.76,0.92,20.47,20.38,188412,-61.7,-61.0,0.007
2024-02-09T09:16:10.000,10.91,-15.84,0.92,20.47,20.38,188413,-61.52,-61.0,0.007
2024-02-09T09:19:16.000,10.15,-16.23,0.92,20.47,20.38,188416,-60.96,-60.0,0.007
2024-02-09T09:20:17.000,9.92,-16.11,0.92,20.47,20.38,188417,-60.77,-60.0,0.007
2024-02-09T09:21:17.000,10.54,-15.23,0.92,20.47,20.38,188418,-60.59,-60.0,0.007
2024-02-09T09:23:18.000,11.0,-16.27,0.92,20.47,20.38,188420,-60.22,-59.0,0.006
2024-02-09T09:24:18.000,10.72,-16.26,0.92,20.47,20.38,188421,-60.04,-59.0,0.006
2024-02-09T09:25:18.000,10.46,-16.2,0.92,20.47,20.38,188422,-59.85,-59.0,0.006
2024-02-09T09:27:19.000,9.99,-16.01,0.92,20.48,20.38,188424,-59.48,-59.0,0.006
2024-02-09T09:28:19.000,10.21,-15.4,0.91,20.48,20.38,188425,-59.29,-58.0,0.006
2024-02-09T09:29:18.000,10.75,-15.62,0.91,20.48,20.38,188426,-59.11,-58.0,0.006
2024-02-09T09:30:20.000,10.83,-16.04,0.91,20.48,20.38,188427,-58.91,-58.0,0.006
2024-02-09T09:31:21.000,10.63,-16.29,0.91,20.48,20.38,188428,-58.72,-58.0,0.006
2024-02-09T09:32:21.000,10.35,-16.37,0.91,20.48,20.38,188429,-58.53,-58.0,0.006
2024-02-09T09:33:21.000,10.02,-16.57,0.91,20.48,20.38,188430,-58.35,-57.0,0.006
2024-02-09T09:34:21.000,10.1,-15.85,0.91,20.48,20.38,188431,-58.16,-57.0,0.006
2024-02-09T09:35:28.000,10.75,-15.96,0.91,20.48,20.38,188432,-57.94,-57.0,0.006
2024-02-09T09:36:29.000,10.83,-16.61,0.91,20.48,20.38,188433,-57.75,-57.0,0.006
2024-02-09T09:38:30.000,10.25,-16.68,0.91,20.48,20.38,188435,-57.36,-56.0,0.006
2024-02-09T09:39:30.000,9.98,-16.38,0.91,20.48,20.38,188436,-57.17,-56.0,0.006
2024-02-09T09:40:30.000,10.3,-15.67,0.91,20.48,20.38,188437,-56.98,-56.0,0.006
2024-02-09T09:41:33.000,10.74,-15.97,0.91,20.48,20.38,188438,-56.78,-56.0,0.006
2024-02-09T09:42:33.000,10.68,-16.56,0.91,20.48,20.38,188439,-56.59,-55.0,0.006
2024-02-09T09:43:33.000,10.25,-17.24,0.91,20.48,20.38,188440,-56.39,-55.0,0.006
2024-02-09T09:44:34.000,9.87,-16.92,0.91,20.48,20.38,188441,-56.2,-55.0,0.006
2024-02-09T09:45:34.000,10.49,-15.66,0.91,20.48,20.38,188442,-56.0,-55.0,0.006
2024-02-09T09:46:35.000,11.12,-16.16,0.91,20.48,20.38,188443,-55.8,-55.0,0.006
2024-02-09T09:47:35.000,11.08,-16.64,0.91,20.48,20.38,188444,-55.61,-54.0,0.006
2024-02-09T09:48:35.000,10.82,-16.55,0.91,20.48,20.38,188445,-55.41,-54.0,0.006
2024-02-09T09:49:36.000,10.46,-16.68,0.91,20.48,20.38,188446,-55.21,-54.0,0.006
2024-02-09T09:50:36.000,10.13,-16.57,0.91,20.48,20.38,188447,-55.02,-54.0,0.006
2024-02-09T09:51:36.000,9.93,-16.21,0.91,20.48,20.38,188448,-54.82,-54.0,0.006
2024-02-09T09:52:37.000,10.49,-15.77,0.91,20.48,20.38,188449,-54.62,-53.0,0.006
2024-02-09T09:53:37.000,10.87,-16.17,0.91,20.48,20.38,188450,-54.42,-53.0,0.006
2024-02-09T09:54:37.000,10.73,-16.7,0.91,20.48,20.38,188451,-54.23,-53.0,0.006
2024-02-09T09:55:37.000,10.4,-16.75,0.91,20.48,20.38,188452,-54.03,-53.0,0.006
2024-02-09T09:59:38.000,10.85,-16.67,0.91,20.49,20.38,188456,-53.23,-52.0,0.006
2024-02-09T10:00:38.000,10.61,-17.05,0.91,20.49,20.38,188457,-53.03,-52.0,0.006
2024-02-09T10:02:39.000,10.0,-16.66,0.91,20.49,20.38,188459,-52.63,-51.0,0.006
2024-02-09T10:04:40.000,10.69,-16.3,0.9,20.49,20.38,188461,-52.23,-51.0,0.006
2024-02-09T10:05:40.000,10.67,-17.03,0.9,20.49,20.38,188462,-52.03,-51.0,0.006
2024-02-09T10:08:43.000,10.06,-16.37,0.9,20.49,20.38,188465,-51.41,-50.0,0.006
2024-02-09T10:09:43.000,10.67,-16.43,0.9,20.49,20.38,188466,-51.21,-50.0,0.006
2024-02-09T10:10:43.000,10.77,-16.9,0.9,20.49,20.38,188467,-51.01,-50.0,0.006
2024-02-09T10:11:43.000,10.56,-16.98,0.91,20.49,20.38,188468,-50.81,-50.0,0.006
2024-02-09T10:12:44.000,10.26,-17.02,0.9,20.49,20.38,188469,-50.6,-49.0,0.006
2024-02-09T10:13:44.000,9.96,-16.91,0.9,20.49,20.38,188470,-50.4,-49.0,0.006
2024-02-09T10:14:44.000,10.23,-16.07,0.9,20.49,20.38,188471,-50.2,-49.0,0.006
2024-02-09T10:15:44.000,10.8,-16.44,0.9,20.49,20.38,188472,-49.99,-49.0,0.006
2024-02-09T10:16:44.000,10.81,-16.88,0.9,20.49,20.38,188473,-49.79,-49.0,0.006
2024-02-09T10:17:47.000,10.56,-16.97,0.9,20.49,20.38,188474,-49.58,-48.0,0.006
2024-02-09T10:18:47.000,10.22,-17.09,0.9,20.49,20.38,188475,-49.37,-48.0,0.006
2024-02-09T10:19:47.000,9.92,-16.96,0.9,20.5,20.38,188476,-49.17,-48.0,0.006
2024-02-09T10:21:49.000,10.86,-16.88,0.9,20.49,20.38,188478,-48.76,-48.0,0.006
2024-02-09T10:25:49.000,9.88,-16.96,0.9,20.5,20.38,188482,-47.94,-47.0,0.006
2024-02-09T10:27:50.000,11.01,-16.35,0.91,20.49,20.38,188484,-47.52,-46.0,0.006
2024-02-09T10:28:50.000,10.93,-16.89,0.91,20.49,20.38,188485,-47.32,-46.0,0.006
2024-02-09T10:29:50.000,10.57,-17.09,0.9,20.49,20.38,188486,-47.11,-46.0,0.006
2024-02-09T10:30:51.000,10.11,-17.27,0.9,20.49,20.38,188487,-46.9,-46.0,0.006
2024-02-09T10:31:51.000,9.9,-16.73,0.91,20.49,20.38,188488,-46.7,-46.0,0.006
2024-02-09T10:32:51.000,10.65,-15.91,0.92,20.47,20.38,188489,-46.49,-45.0,0.006
2024-02-09T10:33:51.000,11.1,-16.53,0.91,20.49,20.38,188490,-46.29,-45.0,0.006
2024-02-09T10:34:52.000,10.94,-16.95,0.89,20.5,20.38,188491,-46.08,-45.0,0.006
2024-02-09T10:35:54.000,10.56,-17.1,0.89,20.51,20.38,188492,-45.86,-45.0,0.006
2024-02-09T10:36:54.000,10.16,-17.09,0.89,20.51,20.38,188493,-45.66,-45.0,0.006
2024-02-09T10:37:55.000,9.96,-16.53,0.89,20.51,20.38,188494,-45.45,-44.0,0.006
2024-02-09T10:38:55.000,10.57,-16.04,0.89,20.51,20.38,188495,-45.24,-44.0,0.006
2024-02-09T10:39:55.000,10.86,-16.69,0.89,20.5,20.38,188496,-45.03,-44.0,0.006
2024-02-09T10:40:55.000,10.69,-16.76,0.92,20.48,20.38,188497,-44.82,-44.0,0.006
2024-02-09T10:41:55.000,10.36,-16.75,0.94,20.44,20.38,188498,-44.62,-44.0,0.006
2024-02-09T10:42:56.000,9.99,-16.48,0.99,20.39,20.38,188499,-44.41,-43.0,0.006
2024-02-09T10:43:56.000,10.17,-15.23,1.04,20.34,20.38,188500,-44.2,-43.0,0.006
2024-02-09T10:44:57.000,10.81,-15.33,1.01,20.37,20.38,188501,-43.99,-43.0,0.006
2024-02-09T10:45:57.000,10.84,-16.11,0.94,20.45,20.38,188502,-43.78,-43.0,0.006
2024-02-09T10:46:58.000,10.56,-16.48,0.9,20.49,20.38,188503,-43.57,-43.0,0.006
2024-02-09T10:47:58.000,10.16,-16.75,0.9,20.5,20.38,188504,-43.36,-42.0,0.006
2024-02-09T10:48:58.000,9.89,-16.45,0.9,20.49,20.38,188505,-43.15,-42.0,0.006
2024-02-09T10:49:58.000,10.48,-15.77,0.9,20.49,20.38,188506,-42.94,-42.0,0.005
2024-02-09T10:50:59.000,10.91,-16.43,0.9,20.49,20.38,188507,-42.73,-42.0,0.005
2024-02-09T10:51:59.000,10.75,-16.93,0.9,20.5,20.38,188508,-42.52,-42.0,0.005
2024-02-09T10:52:59.000,10.4,-16.97,0.9,20.5,20.38,188509,-42.32,-41.0,0.005
2024-02-09T10:53:59.000,10.07,-16.81,0.9,20.5,20.38,188510,-42.11,-41.0,0.005
2024-02-09T10:55:00.000,9.98,-16.28,0.9,20.5,20.38,188511,-41.89,-41.0,0.005
