Downloads/jupyter/ECSV/stars19/stars19_2022-10.ecsv
# %ECSV 1.0
# ---
# datatype:
# - {name: time, datatype: string}
# - {name: Enclosure Temperature, unit: deg_C, datatype: float64}
# - {name: Sky Temperature, unit: deg_C, datatype: float64}
# - {name: Frequency, unit: Hz, datatype: float64}
# - {name: MSAS, unit: mag / arcsec2, datatype: float64}
# - {name: ZP, datatype: float64}
# - {name: Sequence Number, datatype: int64}
# - {name: Sun Alt, unit: deg, datatype: float64}
# - {name: Moon Alt, unit: deg, datatype: float64}
# - {name: Moon Illumination, datatype: float64}
# delimiter: ','
# meta: !!omap
# - ida:
#     Data supplier: {affiliation: null, observer: null}
#     Device type: TESS-W
#     Field of view: 17.0
#     Filters per channel: None
#     Instrument ID: stars19
#     License: ODbL 1.0 http://opendatacommons.org/licenses/odbl/summary/
#     Local timezone: America/Phoenix
#     Location name: {country: '- Tucson', place: Tucson, region: United States, sub_region: Arizona, town: Pima County}
#     Measurement direction per channel: {azimuth: 0.0, zenital: 0.0}
#     Moving / Fixed look direction: FIXED
#     Moving / Stationary position: STATIONARY
#     Number of channels: 1
#     Number of fields per line: 8
#     Number of header lines: 35
#     Position: {height: 0.0, latitude: 32.223877, longitude: -110.767532}
#     TESS MAC address: 18:FE:34:CF:EC:06
#     TESS cover offset value: 0.0
#     TESS firmware version: '1.0'
#     TESS zero point: 20.5
#     Time Synchronization: timestamp added by MQTT subscriber
#     URL: http://www.darksky.org/NSBM/sdf1.0.pdf
# - __serialized_columns__:
#     Enclosure Temperature:
#       __class__: astropy.units.quantity.Quantity
#       unit: &id001 !astropy.units.Unit {unit: deg_C}
#       value: !astropy.table.SerializedColumn {name: Enclosure Temperature}
#     Frequency:
#       __class__: astropy.units.quantity.Quantity
#       unit: !astropy.units.Unit {unit: Hz}
#       value: !astropy.table.SerializedColumn {name: Frequency}
#     MSAS:
#       __class__: astropy.units.quantity.Quantity
#       unit: !astropy.units.Unit {unit: mag / arcsec2}
#       value: !astropy.table.SerializedColumn {name: MSAS}
#     Moon Alt:
#       __class__: astropy.units.quantity.Quantity
#       unit: &id002 !astropy.units.Unit {unit: deg}
#       value: !astropy.table.SerializedColumn {name: Moon Alt}
#     Sky Temperature:
#       __class__: astropy.units.quantity.Quantity
#       unit: *id001
#       value: !astropy.table.SerializedColumn {name: Sky Temperature}
#     Sun Alt:
#       __class__: astropy.units.quantity.Quantity
#       unit: *id002
#       value: !astropy.table.SerializedColumn {name: Sun Alt}
#     time:
#       __class__: astropy.time.core.Time
#       format: isot
#       in_subfmt: '*'
#       out_subfmt: '*'
#       precision: 3
#       scale: utc
#       value: !astropy.table.SerializedColumn {name: time}
# schema: astropy-2.0
time,Enclosure Temperature,Sky Temperature,Frequency,MSAS,ZP,Sequence Number,Sun Alt,Moon Alt,Moon Illumination
[from data line 16622]
2022-10-22T01:21:10.000,31.23,12.36,39.23,16.4,20.5,70195,-8.67,-28.0,0.127
2022-10-22T01:22:11.000,31.21,12.39,31.94,16.62,20.5,70196,-8.88,-28.0,0.127
2022-10-22T01:23:11.000,31.2,12.17,25.18,16.88,20.5,70197,-9.09,-28.0,0.127
2022-10-22T01:24:12.000,31.17,11.94,19.28,17.17,20.5,70198,-9.31,-28.0,0.127
2022-10-22T01:25:12.000,31.11,11.94,16.06,17.37,20.5,70199,-9.52,-28.0,0.127
2022-10-22T01:26:12.000,31.09,11.95,13.9,17.52,20.5,70200,-9.73,-29.0,0.127
2022-10-22T01:27:12.000,31.07,11.93,12.99,17.6,20.5,70201,-9.94,-29.0,0.127
2022-10-22T01:28:12.000,31.05,11.97,12.72,17.62,20.5,70202,-10.15,-29.0,0.127
2022-10-22T01:29:12.000,31.01,11.79,10.0,17.89,20.5,70203,-10.36,-29.0,0.127
2022-10-22T01:30:12.000,30.99,11.72,7.86,18.14,20.5,70204,-10.57,-29.0,0.127
2022-10-22T01:31:13.000,30.98,11.73,8.17,18.1,20.5,70205,-10.78,-30.0,0.127
2022-10-22T01:32:13.000,30.91,11.72,7.19,18.24,20.5,70206,-10.99,-30.0,0.127
2022-10-22T01:33:13.000,30.88,12.06,6.06,18.43,20.5,70207,-11.2,-30.0,0.127
2022-10-22T01:35:13.000,30.91,12.48,5.57,18.52,20.5,70209,-11.62,-30.0,0.126
2022-10-22T01:36:13.000,30.91,12.51,5.14,18.6,20.5,70210,-11.83,-30.0,0.126
2022-10-22T01:37:13.000,30.9,12.39,4.69,18.7,20.5,70211,-12.05,-31.0,0.126
2022-10-22T01:39:15.000,30.81,11.82,3.36,19.07,20.5,70213,-12.47,-31.0,0.126
2022-10-22T01:40:15.000,30.75,11.19,2.77,19.28,20.5,70214,-12.68,-31.0,0.126
2022-10-22T01:41:22.000,30.72,11.02,2.85,19.24,20.5,70215,-12.92,-31.0,0.126
2022-10-22T01:42:21.000,30.72,10.54,2.78,19.27,20.5,70216,-13.13,-31.0,0.126
2022-10-22T01:43:21.000,30.69,10.21,2.63,19.33,20.5,70217,-13.34,-32.0,0.126
2022-10-22T01:44:21.000,30.67,9.88,2.7,19.3,20.5,70218,-13.55,-32.0,0.126
2022-10-22T01:45:22.000,30.65,9.53,2.24,19.5,20.5,70219,-13.76,-32.0,0.126
2022-10-22T01:46:22.000,30.57,9.38,2.39,19.44,20.5,70220,-13.97,-32.0,0.126
2022-10-22T01:47:22.000,30.5,9.39,2.32,19.47,20.5,70221,-14.19,-32.0,0.126
2022-10-22T01:49:22.000,30.4,9.71,2.04,19.61,20.5,70223,-14.61,-33.0,0.126
2022-10-22T01:52:35.000,30.34,9.45,1.91,19.68,20.5,70226,-15.29,-33.0,0.126
2022-10-22T01:53:35.000,30.28,9.37,1.91,19.68,20.5,70227,-15.5,-33.0,0.126
2022-10-22T01:54:36.000,30.25,9.42,2.03,19.61,20.5,70228,-15.71,-33.0,0.126
2022-10-22T01:56:42.000,30.19,9.73,1.97,19.64,20.5,70230,-16.16,-34.0,0.125
2022-10-22T01:57:42.000,30.15,9.9,1.97,19.64,20.5,70231,-16.37,-34.0,0.125
2022-10-22T01:58:42.000,30.15,9.92,2.08,19.59,20.5,70232,-16.58,-34.0,0.125
2022-10-22T01:59:42.000,30.09,10.09,2.76,19.28,20.5,70233,-16.79,-34.0,0.125
2022-10-22T02:00:42.000,30.03,10.66,3.93,18.9,20.5,70234,-17.0,-34.0,0.125
2022-10-22T02:02:48.000,30.01,11.35,3.06,19.17,20.5,70236,-17.45,-35.0,0.125
2022-10-22T02:04:54.000,29.93,10.56,2.06,19.6,20.5,70238,-17.89,-35.0,0.125
2022-10-22T02:05:54.000,29.87,10.1,1.97,19.64,20.5,70239,-18.1,-35.0,0.125
2022-10-22T02:06:55.000,29.85,9.77,1.92,19.67,20.5,70240,-18.32,-35.0,0.125
2022-10-22T02:07:55.000,29.84,9.51,1.89,19.69,20.5,70241,-18.53,-36.0,0.125
2022-10-22T02:08:55.000,29.8,9.36,1.88,19.69,20.5,70242,-18.74,-36.0,0.125
2022-10-22T02:09:55.000,29.79,9.4,1.89,19.69,20.5,70243,-18.95,-36.0,0.125
2022-10-22T02:10:55.000,29.78,9.28,1.86,19.7,20.5,70244,-19.16,-36.0,0.125
2022-10-22T02:11:57.000,29.76,9.24,1.85,19.71,20.5,70245,-19.38,-36.0,0.125
2022-10-22T02:12:57.000,29.76,9.22,1.83,19.72,20.5,70246,-19.59,-36.0,0.125
2022-10-22T02:13:57.000,29.75,9.23,1.88,19.7,20.5,70247,-19.81,-36.0,0.125
2022-10-22T02:15:58.000,29.71,9.19,1.98,19.64,20.5,70249,-20.23,-37.0,0.125
2022-10-22T02:18:58.000,29.66,10.36,2.13,19.56,20.5,70252,-20.87,-37.0,0.124
2022-10-22T02:21:04.000,29.66,11.45,3.06,19.17,20.5,70254,-21.31,-38.0,0.124
2022-10-22T02:22:04.000,29.62,11.76,3.33,19.08,20.5,70255,-21.52,-38.0,0.124
2022-10-22T02:23:04.000,29.6,11.65,2.57,19.36,20.5,70256,-21.74,-38.0,0.124
2022-10-22T02:24:04.000,29.59,11.22,2.29,19.48,20.5,70257,-21.95,-38.0,0.124
2022-10-22T02:25:04.000,29.58,10.78,2.15,19.55,20.5,70258,-22.16,-38.0,0.124
2022-10-22T02:26:04.000,29.58,10.24,2.08,19.58,20.5,70259,-22.37,-38.0,0.124
2022-10-22T02:27:04.000,29.56,9.74,1.98,19.64,20.5,70260,-22.58,-38.0,0.124
2022-10-22T02:28:04.000,29.52,9.37,1.92,19.67,20.5,70261,-22.79,-39.0,0.124
2022-10-22T02:29:04.000,29.51,9.18,1.94,19.66,20.5,70262,-23.0,-39.0,0.124
2022-10-22T02:30:04.000,29.52,9.35,1.98,19.64,20.5,70263,-23.22,-39.0,0.124
2022-10-22T02:31:04.000,29.53,9.8,2.83,19.26,20.5,70264,-23.43,-39.0,0.124
2022-10-22T02:32:04.000,29.57,10.39,2.83,19.26,20.5,70265,-23.64,-39.0,0.124
2022-10-22T02:33:04.000,29.61,10.87,2.2,19.52,20.5,70266,-23.85,-39.0,0.124
2022-10-22T02:34:04.000,29.66,11.53,2.36,19.45,20.5,70267,-24.06,-39.0,0.124
2022-10-22T02:35:04.000,29.73,12.09,3.05,19.18,20.5,70268,-24.27,-40.0,0.124
2022-10-22T02:36:05.000,29.77,12.72,4.06,18.86,20.5,70269,-24.49,-40.0,0.124
2022-10-22T02:37:05.000,29.79,13.4,4.12,18.84,20.5,70270,-24.7,-40.0,0.124
2022-10-22T02:38:05.000,29.78,13.95,5.58,18.52,20.5,70271,-24.91,-40.0,0.124
2022-10-22T02:39:05.000,29.75,14.44,6.73,18.31,20.5,70272,-25.12,-40.0,0.123
2022-10-22T02:40:06.000,29.75,14.67,8.05,18.12,20.5,70273,-25.34,-40.0,0.123
2022-10-22T02:41:06.000,29.77,14.4,8.16,18.1,20.5,70274,-25.55,-40.0,0.123
2022-10-22T02:42:06.000,29.78,13.72,6.63,18.33,20.5,70275,-25.76,-41.0,0.123
2022-10-22T02:43:06.000,29.74,13.09,4.59,18.74,20.5,70276,-25.97,-41.0,0.123
2022-10-22T02:44:06.000,29.71,12.44,3.09,19.16,20.5,70277,-26.18,-41.0,0.123
2022-10-22T02:45:06.000,29.7,12.24,3.29,19.09,20.5,70278,-26.39,-41.0,0.123
2022-10-22T02:46:06.000,29.7,12.23,4.22,18.82,20.5,70279,-26.61,-41.0,0.123
2022-10-22T02:47:07.000,29.73,12.4,3.77,18.94,20.5,70280,-26.82,-41.0,0.123
2022-10-22T02:48:07.000,29.75,12.86,3.89,18.91,20.5,70281,-27.03,-41.0,0.123
2022-10-22T02:49:07.000,29.73,13.82,6.02,18.44,20.5,70282,-27.24,-41.0,0.123
2022-10-22T02:50:07.000,29.74,15.03,8.96,18.0,20.5,70283,-27.45,-42.0,0.123
2022-10-22T02:51:13.000,29.76,15.85,11.18,17.76,20.5,70284,-27.69,-42.0,0.123
2022-10-22T02:52:13.000,29.77,16.12,11.94,17.69,20.5,70285,-27.9,-42.0,0.123
2022-10-22T02:53:13.000,29.76,16.14,10.7,17.81,20.5,70286,-28.11,-42.0,0.123
2022-10-22T02:54:16.000,29.76,16.17,10.21,17.86,20.5,70287,-28.33,-42.0,0.123
2022-10-22T02:56:22.000,29.7,16.11,9.52,17.94,20.5,70289,-28.77,-42.0,0.123
2022-10-22T02:58:27.000,29.64,16.27,8.54,18.06,20.5,70291,-29.21,-43.0,0.123
2022-10-22T02:59:27.000,29.6,16.37,13.13,17.59,20.5,70292,-29.42,-43.0,0.123
2022-10-22T03:00:27.000,29.52,16.47,13.25,17.58,20.5,70293,-29.63,-43.0,0.122
2022-10-22T03:01:28.000,29.49,16.26,11.18,17.76,20.5,70294,-29.85,-43.0,0.122
2022-10-22T03:02:28.000,29.47,16.32,10.85,17.79,20.5,70295,-30.06,-43.0,0.122
2022-10-22T03:03:28.000,29.44,16.23,9.04,17.99,20.5,70296,-30.27,-43.0,0.122
2022-10-22T03:04:28.000,29.41,16.46,9.93,17.89,20.5,70297,-30.48,-43.0,0.122
2022-10-22T03:05:28.000,29.35,16.7,12.21,17.66,20.5,70298,-30.69,-43.0,0.122
2022-10-22T03:06:28.000,29.32,16.92,14.28,17.5,20.5,70299,-30.9,-44.0,0.122
2022-10-22T03:07:28.000,29.33,17.24,16.36,17.35,20.5,70300,-31.11,-44.0,0.122
2022-10-22T03:08:28.000,29.31,17.21,15.04,17.44,20.5,70301,-31.32,-44.0,0.122
2022-10-22T03:09:29.000,29.29,17.19,15.57,17.4,20.5,70302,-31.53,-44.0,0.122
2022-10-22T03:10:28.000,29.27,17.06,15.99,17.37,20.5,70303,-31.74,-44.0,0.122
2022-10-22T03:11:29.000,29.27,16.86,13.94,17.52,20.5,70304,-31.95,-44.0,0.122
2022-10-22T03:12:31.000,29.26,16.47,12.74,17.62,20.5,70305,-32.17,-44.0,0.122
2022-10-22T03:13:31.000,29.26,16.16,10.29,17.85,20.5,70306,-32.38,-44.0,0.122
2022-10-22T03:14:31.000,29.27,15.74,9.73,17.91,20.5,70307,-32.59,-45.0,0.122
2022-10-22T03:15:31.000,29.26,15.19,9.61,17.93,20.5,70308,-32.8,-45.0,0.122
2022-10-22T03:16:31.000,29.25,14.65,9.08,17.99,20.5,70309,-33.01,-45.0,0.122
2022-10-22T03:17:31.000,29.28,13.98,6.36,18.4,20.5,70310,-33.22,-45.0,0.122
2022-10-22T03:18:32.000,29.27,13.22,3.55,19.01,20.5,70311,-33.43,-45.0,0.122
2022-10-22T03:19:32.000,29.26,12.68,3.7,18.97,20.5,70312,-33.64,-45.0,0.122
2022-10-22T03:20:32.000,29.23,12.21,4.37,18.78,20.5,70313,-33.85,-45.0,0.122
2022-10-22T03:21:32.000,29.15,11.77,4.06,18.86,20.5,70314,-34.06,-45.0,0.121
2022-10-22T03:22:32.000,29.09,11.54,3.09,19.16,20.5,70315,-34.27,-45.0,0.121
2022-10-22T03:23:32.000,29.03,11.6,3.21,19.12,20.5,70316,-34.48,-45.0,0.121
2022-10-22T03:24:32.000,28.96,12.13,3.33,19.08,20.5,70317,-34.69,-46.0,0.121
2022-10-22T03:25:33.000,28.94,13.07,4.34,18.79,20.5,70318,-34.9,-46.0,0.121
2022-10-22T03:26:33.000,28.91,13.93,6.75,18.31,20.5,70319,-35.11,-46.0,0.121
2022-10-22T03:27:33.000,28.88,14.33,8.2,18.1,20.5,70320,-35.32,-46.0,0.121
2022-10-22T03:28:33.000,28.82,14.38,8.49,18.07,20.5,70321,-35.52,-46.0,0.121
2022-10-22T03:29:34.000,28.8,13.98,8.39,18.07,20.5,70322,-35.74,-46.0,0.121
2022-10-22T03:30:34.000,28.76,12.97,6.46,18.36,20.5,70323,-35.94,-46.0,0.121
2022-10-22T03:31:34.000,28.71,12.04,4.35,18.8,20.5,70324,-36.15,-46.0,0.121
2022-10-22T03:32:35.000,28.68,11.1,2.71,19.31,20.5,70325,-36.36,-46.0,0.121
2022-10-22T03:33:35.000,28.6,10.39,2.41,19.43,20.5,70326,-36.57,-46.0,0.121
2022-10-22T03:34:35.000,28.57,9.97,2.4,19.43,20.5,70327,-36.78,-47.0,0.121
2022-10-22T03:35:35.000,28.5,9.69,2.59,19.35,20.5,70328,-36.99,-47.0,0.121
2022-10-22T03:36:35.000,28.46,9.4,2.29,19.48,20.5,70329,-37.2,-47.0,0.121
2022-10-22T03:37:35.000,28.44,9.19,2.41,19.43,20.5,70330,-37.4,-47.0,0.121
2022-10-22T03:38:35.000,28.46,9.15,2.06,19.6,20.5,70331,-37.61,-47.0,0.121
2022-10-22T03:39:36.000,28.49,9.25,2.06,19.6,20.5,70332,-37.82,-47.0,0.121
2022-10-22T03:40:36.000,28.45,9.27,2.27,19.49,20.5,70333,-38.03,-47.0,0.121
2022-10-22T03:41:36.000,28.44,9.27,2.38,19.44,20.5,70334,-38.24,-47.0,0.121
2022-10-22T03:42:36.000,28.4,9.26,2.05,19.6,20.5,70335,-38.44,-47.0,0.121
2022-10-22T03:43:37.000,28.36,9.28,2.16,19.54,20.5,70336,-38.65,-47.0,0.12
2022-10-22T03:44:37.000,28.33,9.15,2.27,19.49,20.5,70337,-38.86,-47.0,0.12
2022-10-22T03:45:37.000,28.28,9.15,2.1,19.57,20.5,70338,-39.07,-47.0,0.12
2022-10-22T03:46:37.000,28.29,9.34,2.11,19.57,20.5,70339,-39.27,-48.0,0.12
2022-10-22T03:47:37.000,28.29,9.46,2.3,19.48,20.5,70340,-39.48,-48.0,0.12
2022-10-22T03:48:38.000,28.29,9.39,2.27,19.49,20.5,70341,-39.69,-48.0,0.12
2022-10-22T03:49:38.000,28.24,9.2,2.38,19.44,20.5,70342,-39.89,-48.0,0.12
2022-10-22T03:51:48.000,28.23,8.98,2.04,19.61,20.5,70344,-40.34,-48.0,0.12
2022-10-22T03:52:48.000,28.19,8.92,2.11,19.57,20.5,70345,-40.54,-48.0,0.12
2022-10-22T03:53:48.000,28.2,9.0,2.18,19.53,20.5,70346,-40.75,-48.0,0.12
2022-10-22T03:54:49.000,28.18,8.96,2.21,19.52,20.5,70347,-40.96,-48.0,0.12
2022-10-22T03:55:49.000,28.24,9.03,2.11,19.57,20.5,70348,-41.16,-48.0,0.12
2022-10-22T03:56:48.000,28.27,8.68,2.0,19.63,20.5,70349,-41.36,-48.0,0.12
2022-10-22T03:58:55.000,28.29,8.06,1.73,19.79,20.5,70351,-41.8,-48.0,0.12
2022-10-22T03:59:55.000,28.24,7.68,1.67,19.83,20.5,70352,-42.0,-48.0,0.12
2022-10-22T04:00:55.000,28.19,7.8,1.93,19.67,20.5,70353,-42.21,-49.0,0.12
2022-10-22T04:01:55.000,28.19,7.92,1.94,19.66,20.5,70354,-42.41,-49.0,0.12
2022-10-22T04:02:56.000,28.18,8.17,2.37,19.45,20.5,70355,-42.62,-49.0,0.12
2022-10-22T04:04:02.000,28.16,8.46,2.86,19.25,20.5,70356,-42.84,-49.0,0.12
2022-10-22T04:05:02.000,28.16,8.54,2.39,19.44,20.5,70357,-43.04,-49.0,0.119
2022-10-22T04:06:02.000,28.09,8.58,2.86,19.24,20.5,70358,-43.25,-49.0,0.119
2022-10-22T04:07:03.000,28.0,8.53,3.31,19.08,20.5,70359,-43.45,-49.0,0.119
2022-10-22T04:08:03.000,27.87,8.44,2.75,19.28,20.5,70360,-43.66,-49.0,0.119
2022-10-22T04:09:03.000,27.84,8.69,2.77,19.28,20.5,70361,-43.86,-49.0,0.119
2022-10-22T04:10:03.000,27.79,8.63,3.76,18.95,20.5,70362,-44.06,-49.0,0.119
2022-10-22T04:11:04.000,27.71,8.61,3.73,18.95,20.5,70363,-44.27,-49.0,0.119
2022-10-22T04:12:04.000,27.69,8.83,3.76,18.94,20.5,70364,-44.47,-49.0,0.119
2022-10-22T04:13:04.000,27.65,8.87,3.16,19.13,20.5,70365,-44.67,-49.0,0.119
2022-10-22T04:14:05.000,27.55,8.78,2.64,19.33,20.5,70366,-44.88,-49.0,0.119
2022-10-22T04:15:06.000,27.54,8.95,2.65,19.32,20.5,70367,-45.08,-49.0,0.119
2022-10-22T04:16:06.000,27.57,8.91,2.76,19.28,20.5,70368,-45.28,-49.0,0.119
2022-10-22T04:17:06.000,27.6,8.68,2.42,19.42,20.5,70369,-45.48,-49.0,0.119
2022-10-22T04:18:06.000,27.61,8.34,2.24,19.51,20.5,70370,-45.68,-49.0,0.119
2022-10-22T04:19:06.000,27.69,8.23,1.95,19.66,20.5,70371,-45.88,-49.0,0.119
2022-10-22T04:21:12.000,27.74,7.66,1.89,19.69,20.5,70373,-46.3,-50.0,0.119
2022-10-22T04:22:12.000,27.71,7.59,1.95,19.66,20.5,70374,-46.5,-50.0,0.119
2022-10-22T04:23:12.000,27.71,7.61,1.95,19.65,20.5,70375,-46.7,-50.0,0.119
2022-10-22T04:24:12.000,27.72,7.62,1.89,19.69,20.5,70376,-46.9,-50.0,0.119
2022-10-22T04:25:12.000,27.78,7.72,1.86,19.71,20.5,70377,-47.1,-50.0,0.119
2022-10-22T04:26:12.000,27.81,7.48,1.83,19.72,20.5,70378,-47.3,-50.0,0.119
2022-10-22T04:27:13.000,27.8,7.44,1.76,19.77,20.5,70379,-47.5,-50.0,0.118
2022-10-22T04:28:13.000,27.82,7.33,1.71,19.8,20.5,70380,-47.7,-50.0,0.118
2022-10-22T04:29:13.000,27.81,7.15,1.71,19.8,20.5,70381,-47.89,-50.0,0.118
2022-10-22T04:30:14.000,27.82,7.23,1.65,19.84,20.5,70382,-48.09,-50.0,0.118
2022-10-22T04:39:21.000,27.72,6.91,1.56,19.9,20.5,70391,-49.88,-50.0,0.118
2022-10-22T04:40:22.000,27.69,6.77,1.56,19.9,20.5,70392,-50.08,-50.0,0.118
2022-10-22T04:41:22.000,27.65,6.88,1.56,19.9,20.5,70393,-50.27,-50.0,0.118
2022-10-22T04:42:22.000,27.66,6.99,1.48,19.96,20.5,70394,-50.46,-50.0,0.118
2022-10-22T04:43:22.000,27.67,6.97,1.5,19.94,20.5,70395,-50.66,-50.0,0.118
2022-10-22T04:44:22.000,27.68,6.94,1.51,19.94,20.5,70396,-50.85,-50.0,0.118
2022-10-22T04:45:23.000,27.69,6.91,1.51,19.94,20.5,70397,-51.05,-50.0,0.118
2022-10-22T04:48:23.000,27.55,6.7,1.59,19.88,20.5,70400,-51.62,-50.0,0.117
2022-10-22T04:51:29.000,27.38,6.98,1.71,19.8,20.5,70403,-52.21,-50.0,0.117
2022-10-22T04:52:29.000,27.36,7.14,1.75,19.77,20.5,70404,-52.4,-50.0,0.117
2022-10-22T04:53:29.000,27.39,7.08,1.65,19.84,20.5,70405,-52.59,-50.0,0.117
2022-10-22T04:54:29.000,27.42,6.91,1.56,19.9,20.5,70406,-52.78,-50.0,0.117
2022-10-22T04:55:32.000,27.47,6.94,1.56,19.9,20.5,70407,-52.97,-50.0,0.117
2022-10-22T04:57:32.000,27.52,6.87,1.77,19.76,20.5,70409,-53.35,-50.0,0.117
2022-10-22T04:58:32.000,27.55,6.98,2.09,19.58,20.5,70410,-53.54,-50.0,0.117
2022-10-22T04:59:32.000,27.56,6.86,2.06,19.6,20.5,70411,-53.72,-50.0,0.117
2022-10-22T05:00:33.000,27.57,6.92,1.69,19.81,20.5,70412,-53.91,-50.0,0.117
2022-10-22T05:02:40.000,27.53,6.72,1.58,19.88,20.5,70414,-54.3,-50.0,0.117
2022-10-22T05:04:41.000,27.46,6.56,1.64,19.84,20.5,70416,-54.68,-50.0,0.117
2022-10-22T05:05:41.000,27.34,6.29,1.61,19.86,20.5,70417,-54.86,-50.0,0.117
2022-10-22T05:06:41.000,27.22,6.46,1.55,19.9,20.5,70418,-55.04,-50.0,0.117
2022-10-22T05:07:41.000,27.17,6.42,1.57,19.89,20.5,70419,-55.22,-50.0,0.117
2022-10-22T05:08:48.000,27.1,6.38,1.56,19.9,20.5,70420,-55.43,-50.0,0.117
2022-10-22T05:09:49.000,26.93,6.17,1.54,19.91,20.5,70421,-55.61,-50.0,0.117
2022-10-22T05:10:49.000,26.83,6.3,1.55,19.9,20.5,70422,-55.79,-50.0,0.116
2022-10-22T05:12:55.000,26.76,6.57,1.6,19.87,20.5,70424,-56.17,-50.0,0.116
2022-10-22T05:13:54.000,26.77,6.58,1.6,19.87,20.5,70425,-56.34,-50.0,0.116
2022-10-22T05:14:55.000,26.78,6.5,1.62,19.86,20.5,70426,-56.53,-50.0,0.116
2022-10-22T05:15:55.000,26.73,6.4,1.64,19.84,20.5,70427,-56.7,-50.0,0.116
2022-10-22T05:16:55.000,26.71,6.45,1.7,19.81,20.5,70428,-56.88,-50.0,0.116
2022-10-22T05:17:55.000,26.69,6.67,1.75,19.77,20.5,70429,-57.06,-50.0,0.116
2022-10-22T05:18:55.000,26.69,6.6,1.83,19.72,20.5,70430,-57.23,-50.0,0.116
2022-10-22T05:19:56.000,26.63,6.65,1.95,19.65,20.5,70431,-57.41,-49.0,0.116
2022-10-22T05:20:57.000,26.67,6.99,1.96,19.65,20.5,70432,-57.59,-49.0,0.116
2022-10-22T05:21:57.000,26.72,6.96,1.95,19.65,20.5,70433,-57.76,-49.0,0.116
2022-10-22T05:22:57.000,26.71,6.83,1.75,19.77,20.5,70434,-57.93,-49.0,0.116
2022-10-22T05:23:57.000,26.71,6.74,1.64,19.84,20.5,70435,-58.1,-49.0,0.116
2022-10-22T05:24:58.000,26.66,6.55,1.6,19.87,20.5,70436,-58.28,-49.0,0.116
2022-10-22T05:25:58.000,26.66,6.67,1.64,19.84,20.5,70437,-58.45,-49.0,0.116
