Downloads/jupyter/ECSV/stars19/stars19_2019-11.ecsv
# %ECSV 1.0
# ---
# datatype:
# - {name: time, datatype: string}
# - {name: Enclosure Temperature, unit: deg_C, datatype: float64}
# - {name: Sky Temperature, unit: deg_C, datatype: float64}
# - {name: Frequency, unit: Hz, datatype: float64}
# - {name: MSAS, unit: mag / arcsec2, datatype: float64}
# - {name: ZP, datatype: float64}
# - {name: Sequence Number, datatype: int64}
# - {name: Sun Alt, unit: deg, datatype: float64}
# - {name: Moon Alt, unit: deg, datatype: float64}
# - {name: Moon Illumination, datatype: float64}
# delimiter: ','
# meta: !!omap
# - ida:
#     Data supplier: {affiliation: null, observer: null}
#     Device type: TESS-W
#     Field of view: 17.0
#     Filters per channel: None
#     Instrument ID: stars19
#     License: ODbL 1.0 http://opendatacommons.org/licenses/odbl/summary/
#     Local timezone: America/Phoenix
#     Location name: {country: '- Tucson', place: Tucson, region: United States, sub_region: Arizona, town: Pima County}
#     Measurement direction per channel: {azimuth: 0.0, zenital: 0.0}
#     Moving / Fixed look direction: FIXED
#     Moving / Stationary position: STATIONARY
#     Number of channels: 1
#     Number of fields per line: 8
#     Number of header lines: 35
#     Position: {height: 0.0, latitude: 32.223877, longitude: -110.767532}
#     TESS MAC address: 18:FE:34:CF:EC:06
#     TESS cover offset value: 0.0
#     TESS firmware version: '1.0'
#     TESS zero point: 20.5
#     Time Synchronization: timestamp added by MQTT subscriber
#     URL: http://www.darksky.org/NSBM/sdf1.0.pdf
# - __serialized_columns__:
#     Enclosure Temperature:
#       __class__: astropy.units.quantity.Quantity
#       unit: &id001 !astropy.units.Unit {unit: deg_C}
#       value: !astropy.table.SerializedColumn {name: Enclosure Temperature}
#     Frequency:
#       __class__: astropy.units.quantity.Quantity
#       unit: !astropy.units.Unit {unit: Hz}
#       value: !astropy.table.SerializedColumn {name: Frequency}
#     MSAS:
#       __class__: astropy.units.quantity.Quantity
#       unit: !astropy.units.Unit {unit: mag / arcsec2}
#       value: !astropy.table.SerializedColumn {name: MSAS}
#     Moon Alt:
#       __class__: astropy.units.quantity.Quantity
#       unit: &id002 !astropy.units.Unit {unit: deg}
#       value: !astropy.table.SerializedColumn {name: Moon Alt}
#     Sky Temperature:
#       __class__: astropy.units.quantity.Quantity
#       unit: *id001
#       value: !astropy.table.SerializedColumn {name: Sky Temperature}
#     Sun Alt:
#       __class__: astropy.units.quantity.Quantity
#       unit: *id002
#       value: !astropy.table.SerializedColumn {name: Sun Alt}
#     time:
#       __class__: astropy.time.core.Time
#       format: isot
#       in_subfmt: '*'
#       out_subfmt: '*'
#       precision: 3
#       scale: utc
#       value: !astropy.table.SerializedColumn {name: time}
# schema: astropy-2.0
time,Enclosure Temperature,Sky Temperature,Frequency,MSAS,ZP,Sequence Number,Sun Alt,Moon Alt,Moon Illumination
[from data line 11890]
2019-11-14T23:14:30.000,31.92,3.08,0.0,0.0,20.5,163226,12.26,-29.0,0.94
2019-11-14T23:15:31.000,31.89,3.05,0.0,0.0,20.5,163227,12.07,-29.0,0.94
2019-11-14T23:16:31.000,31.82,2.99,0.0,0.0,20.5,163228,11.89,-29.0,0.94
2019-11-14T23:17:32.000,31.79,3.12,0.0,0.0,20.5,163229,11.71,-29.0,0.94
2019-11-14T23:23:35.000,31.54,3.09,0.0,0.0,20.5,163235,10.6,-28.0,0.94
2019-11-14T23:27:35.000,31.46,2.95,0.0,0.0,20.5,163239,9.86,-28.0,0.939
2019-11-14T23:28:36.000,31.42,2.93,0.0,0.0,20.5,163240,9.68,-28.0,0.939
2019-11-14T23:29:36.000,31.39,2.95,0.0,0.0,20.5,163241,9.49,-27.0,0.939
2019-11-14T23:33:37.000,31.26,2.97,0.0,0.0,20.5,163245,8.74,-27.0,0.939
2019-11-14T23:34:37.000,31.24,2.9,0.0,0.0,20.5,163246,8.56,-27.0,0.939
2019-11-14T23:35:37.000,31.21,2.88,0.0,0.0,20.5,163247,8.37,-27.0,0.939
2019-11-14T23:38:40.000,31.04,2.73,0.0,0.0,20.5,163250,7.8,-26.0,0.939
2019-11-14T23:39:40.000,30.99,2.71,0.0,0.0,20.5,163251,7.61,-26.0,0.939
2019-11-14T23:40:40.000,30.93,2.64,0.0,0.0,20.5,163252,7.42,-26.0,0.939
2019-11-14T23:48:41.000,30.51,2.48,0.0,0.0,20.5,163260,5.91,-25.0,0.939
2019-11-14T23:49:41.000,30.46,2.49,0.0,0.0,20.5,163261,5.72,-25.0,0.939
2019-11-14T23:50:41.000,30.4,2.53,0.0,0.0,20.5,163262,5.53,-25.0,0.939
2019-11-14T23:52:44.000,30.29,2.43,0.0,0.0,20.5,163264,5.13,-24.0,0.939
2019-11-14T23:53:44.000,30.21,2.34,0.0,0.0,20.5,163265,4.94,-24.0,0.939
2019-11-14T23:54:44.000,30.15,2.32,0.0,0.0,20.5,163266,4.75,-24.0,0.938
2019-11-14T23:59:46.000,29.78,2.09,0.0,0.0,20.5,163271,3.79,-23.0,0.938
2019-11-15T00:00:46.000,29.72,2.04,0.0,0.0,20.5,163272,3.59,-23.0,0.938
2019-11-15T00:01:46.000,29.65,2.1,0.0,0.0,20.5,163273,3.4,-23.0,0.938
2019-11-15T00:02:47.000,29.62,2.1,0.11,0.1,20.5,163274,3.2,-23.0,0.938
2019-11-15T00:03:47.000,29.56,2.01,0.0,0.0,20.5,163275,3.01,-23.0,0.938
2019-11-15T00:04:47.000,29.5,1.98,0.0,0.0,20.5,163276,2.82,-23.0,0.938
2019-11-15T00:05:48.000,29.46,1.92,0.0,0.0,20.5,163277,2.62,-23.0,0.938
2019-11-15T00:16:51.000,28.56,1.37,0.0,0.0,20.5,163288,0.47,-21.0,0.938
2019-11-15T00:17:51.000,28.49,1.33,0.0,0.0,20.5,163289,0.27,-21.0,0.938
2019-11-15T00:18:52.000,28.42,1.28,0.0,0.0,20.5,163290,0.07,-21.0,0.938
2019-11-15T00:22:53.000,28.15,1.12,0.0,0.0,20.5,163294,-0.72,-20.0,0.937
2019-11-15T00:23:53.000,28.07,1.11,0.0,0.0,20.5,163295,-0.92,-20.0,0.937
2019-11-15T00:28:54.000,27.71,0.8,54506.7,8.54,20.5,163300,-1.91,-19.0,0.937
2019-11-15T00:29:55.000,27.66,0.9,47385.2,8.69,20.5,163301,-2.11,-19.0,0.937
2019-11-15T00:30:55.000,27.6,0.85,41089.18,8.85,20.5,163302,-2.31,-19.0,0.937
2019-11-15T00:31:55.000,27.55,0.74,35475.82,9.01,20.5,163303,-2.51,-19.0,0.937
2019-11-15T00:32:55.000,27.42,0.42,30348.58,9.18,20.5,163304,-2.7,-19.0,0.937
2019-11-15T00:35:56.000,27.15,0.39,17747.71,9.76,20.5,163307,-3.3,-18.0,0.937
2019-11-15T00:37:03.000,27.06,0.51,14448.67,9.98,20.5,163308,-3.53,-18.0,0.937
2019-11-15T00:38:03.000,26.92,0.17,11468.9,10.23,20.5,163309,-3.73,-18.0,0.937
2019-11-15T00:39:04.000,26.74,0.18,9222.44,10.47,20.5,163310,-3.93,-18.0,0.937
2019-11-15T00:40:03.000,26.67,0.43,7401.75,10.71,20.5,163311,-4.13,-17.0,0.937
2019-11-15T00:41:04.000,26.6,0.39,5922.22,10.95,20.5,163312,-4.33,-17.0,0.937
2019-11-15T00:42:05.000,26.53,0.22,4705.22,11.2,20.5,163313,-4.53,-17.0,0.937
2019-11-15T00:44:05.000,26.38,0.26,2923.69,11.72,20.5,163315,-4.93,-17.0,0.937
2019-11-15T00:45:06.000,26.31,0.13,2290.58,11.98,20.5,163316,-5.14,-17.0,0.937
2019-11-15T00:46:06.000,26.21,0.05,1782.67,12.26,20.5,163317,-5.34,-17.0,0.937
2019-11-15T00:47:06.000,26.14,0.02,1376.94,12.54,20.5,163318,-5.54,-16.0,0.937
2019-11-15T00:48:07.000,26.07,0.02,1054.98,12.83,20.5,163319,-5.74,-16.0,0.937
2019-11-15T00:49:07.000,26.02,-0.09,810.38,13.11,20.5,163320,-5.94,-16.0,0.937
2019-11-15T00:50:07.000,25.96,-0.17,626.16,13.39,20.5,163321,-6.15,-16.0,0.937
2019-11-15T00:51:07.000,25.88,-0.25,486.09,13.67,20.5,163322,-6.35,-16.0,0.936
2019-11-15T00:52:08.000,25.83,-0.24,380.62,13.93,20.5,163323,-6.55,-16.0,0.936
2019-11-15T00:55:09.000,25.69,-0.45,191.37,14.68,20.5,163326,-7.16,-15.0,0.936
2019-11-15T00:56:08.000,25.65,-0.52,152.94,14.92,20.5,163327,-7.36,-15.0,0.936
2019-11-15T00:57:09.000,25.6,-0.56,121.93,15.17,20.5,163328,-7.57,-15.0,0.936
2019-11-15T00:58:10.000,25.53,-0.63,97.62,15.41,20.5,163329,-7.77,-15.0,0.936
2019-11-15T00:59:10.000,25.47,-0.7,78.88,15.64,20.5,163330,-7.97,-14.0,0.936
2019-11-15T01:00:10.000,25.42,-0.61,63.77,15.87,20.5,163331,-8.18,-14.0,0.936
2019-11-15T01:01:10.000,25.35,-0.74,50.56,16.12,20.5,163332,-8.38,-14.0,0.936
2019-11-15T01:03:11.000,25.28,-0.82,35.2,16.52,20.5,163334,-8.79,-14.0,0.936
2019-11-15T01:04:11.000,25.2,-0.92,28.89,16.73,20.5,163335,-8.99,-14.0,0.936
2019-11-15T01:05:11.000,25.13,-1.0,23.98,16.93,20.5,163336,-9.2,-13.0,0.936
2019-11-15T01:06:11.000,25.08,-0.94,19.83,17.14,20.5,163337,-9.4,-13.0,0.936
2019-11-15T01:09:12.000,24.95,-1.06,11.59,17.72,20.5,163340,-10.01,-13.0,0.936
2019-11-15T01:12:12.000,24.8,-1.18,7.01,18.27,20.5,163343,-10.63,-12.0,0.936
2019-11-15T01:13:12.000,24.75,-1.21,6.0,18.44,20.5,163344,-10.83,-12.0,0.936
2019-11-15T01:14:13.000,24.68,-1.26,5.18,18.59,20.5,163345,-11.04,-12.0,0.936
2019-11-15T01:15:13.000,24.64,-1.33,4.51,18.75,20.5,163346,-11.24,-12.0,0.936
2019-11-15T01:17:14.000,24.52,-1.37,3.51,19.02,20.5,163348,-11.66,-11.0,0.936
2019-11-15T01:18:14.000,24.47,-1.4,3.15,19.14,20.5,163349,-11.86,-11.0,0.936
2019-11-15T01:19:14.000,24.42,-1.43,2.85,19.24,20.5,163350,-12.07,-11.0,0.935
2019-11-15T01:20:14.000,24.39,-1.48,2.62,19.34,20.5,163351,-12.27,-11.0,0.935
2019-11-15T01:21:15.000,24.32,-1.56,2.42,19.42,20.5,163352,-12.48,-11.0,0.935
2019-11-15T01:22:15.000,24.29,-1.52,2.25,19.5,20.5,163353,-12.68,-11.0,0.935
2019-11-15T01:23:15.000,24.26,-1.55,2.13,19.56,20.5,163354,-12.89,-10.0,0.935
2019-11-15T01:24:16.000,24.22,-1.58,2.11,19.57,20.5,163355,-13.1,-10.0,0.935
2019-11-15T01:25:16.000,24.18,-1.66,1.96,19.65,20.5,163356,-13.3,-10.0,0.935
2019-11-15T01:26:16.000,24.08,-1.96,1.89,19.69,20.5,163357,-13.51,-10.0,0.935
2019-11-15T01:28:17.000,23.94,-1.7,1.77,19.76,20.5,163359,-13.93,-10.0,0.935
2019-11-15T01:29:17.000,23.93,-1.71,1.73,19.78,20.5,163360,-14.13,-9.0,0.935
2019-11-15T01:30:17.000,23.89,-1.87,1.7,19.81,20.5,163361,-14.34,-9.0,0.935
2019-11-15T01:31:17.000,23.84,-1.88,1.67,19.82,20.5,163362,-14.54,-9.0,0.935
2019-11-15T01:32:18.000,23.8,-1.87,1.65,19.84,20.5,163363,-14.75,-9.0,0.935
2019-11-15T01:33:18.000,23.77,-1.92,1.63,19.85,20.5,163364,-14.96,-9.0,0.935
2019-11-15T01:34:18.000,23.72,-2.06,1.61,19.86,20.5,163365,-15.17,-8.0,0.935
2019-11-15T01:36:18.000,23.63,-2.0,1.6,19.87,20.5,163367,-15.58,-8.0,0.935
2019-11-15T01:37:19.000,23.61,-2.01,1.58,19.88,20.5,163368,-15.79,-8.0,0.935
2019-11-15T01:38:19.000,23.56,-2.11,1.57,19.89,20.5,163369,-16.0,-8.0,0.935
2019-11-15T01:39:20.000,23.53,-2.06,1.56,19.89,20.5,163370,-16.21,-8.0,0.935
2019-11-15T01:40:20.000,23.51,-2.06,1.56,19.9,20.5,163371,-16.41,-7.0,0.935
2019-11-15T01:41:20.000,23.48,-2.08,1.56,19.9,20.5,163372,-16.62,-7.0,0.935
2019-11-15T01:42:20.000,23.45,-2.08,1.55,19.9,20.5,163373,-16.83,-7.0,0.935
2019-11-15T01:43:20.000,23.44,-2.09,1.55,19.91,20.5,163374,-17.04,-7.0,0.935
2019-11-15T01:44:21.000,23.41,-2.26,1.55,19.91,20.5,163375,-17.25,-7.0,0.935
2019-11-15T01:45:21.000,23.37,-2.16,1.54,19.91,20.5,163376,-17.46,-7.0,0.935
2019-11-15T01:46:21.000,23.35,-2.29,1.54,19.91,20.5,163377,-17.66,-6.0,0.935
2019-11-15T01:47:21.000,23.25,-2.37,1.54,19.91,20.5,163378,-17.87,-6.0,0.934
2019-11-15T01:48:21.000,23.2,-2.36,1.54,19.91,20.5,163379,-18.08,-6.0,0.934
2019-11-15T01:50:22.000,23.11,-2.25,1.54,19.91,20.5,163381,-18.5,-6.0,0.934
2019-11-15T01:51:22.000,23.07,-2.34,1.53,19.92,20.5,163382,-18.71,-5.0,0.934
2019-11-15T01:52:22.000,23.02,-2.34,1.57,19.89,20.5,163383,-18.91,-5.0,0.934
2019-11-15T01:53:23.000,23.01,-2.21,1.54,19.91,20.5,163384,-19.13,-5.0,0.934
2019-11-15T01:54:23.000,22.97,-2.43,1.54,19.91,20.5,163385,-19.33,-5.0,0.934
2019-11-15T01:55:23.000,22.91,-2.46,1.54,19.91,20.5,163386,-19.54,-5.0,0.934
2019-11-15T01:58:24.000,22.81,-2.48,1.54,19.91,20.5,163389,-20.17,-4.0,0.934
2019-11-15T02:00:24.000,22.75,-2.57,1.54,19.91,20.5,163391,-20.59,-4.0,0.934
2019-11-15T02:02:25.000,22.66,-2.63,1.53,19.92,20.5,163393,-21.01,-3.0,0.934
2019-11-15T02:11:26.000,22.21,-2.76,1.56,19.9,20.5,163402,-22.9,-2.0,0.934
2019-11-15T02:12:27.000,22.19,-2.74,1.56,19.9,20.5,163403,-23.11,-2.0,0.934
2019-11-15T02:13:27.000,22.18,-2.67,1.57,19.89,20.5,163404,-23.32,-1.0,0.934
2019-11-15T02:14:27.000,22.18,-2.73,1.58,19.88,20.5,163405,-23.53,-1.0,0.934
2019-11-15T02:15:28.000,22.17,-2.72,1.59,19.88,20.5,163406,-23.74,-1.0,0.933
2019-11-15T02:16:28.000,22.16,-2.73,1.61,19.86,20.5,163407,-23.95,-1.0,0.933
2019-11-15T02:17:28.000,22.14,-2.79,1.6,19.87,20.5,163408,-24.16,-1.0,0.933
2019-11-15T02:18:29.000,22.14,-2.78,1.61,19.86,20.5,163409,-24.38,-1.0,0.933
2019-11-15T02:22:30.000,22.07,-2.87,1.65,19.84,20.5,163413,-25.22,0.0,0.933
2019-11-15T02:23:30.000,22.04,-2.88,1.66,19.83,20.5,163414,-25.43,0.0,0.933
2019-11-15T02:25:30.000,22.0,-2.95,1.69,19.81,20.5,163416,-25.85,1.0,0.933
2019-11-15T02:26:31.000,21.98,-2.95,1.7,19.8,20.5,163417,-26.06,1.0,0.933
2019-11-15T02:27:31.000,21.96,-2.97,1.71,19.79,20.5,163418,-26.27,1.0,0.933
2019-11-15T02:28:32.000,21.95,-3.02,1.73,19.79,20.5,163419,-26.49,1.0,0.933
2019-11-15T02:29:32.000,21.92,-3.0,1.74,19.78,20.5,163420,-26.7,1.0,0.933
2019-11-15T02:30:32.000,21.91,-2.96,1.76,19.77,20.5,163421,-26.91,2.0,0.933
2019-11-15T02:31:32.000,21.88,-2.99,1.78,19.75,20.5,163422,-27.12,2.0,0.933
2019-11-15T02:32:32.000,21.86,-2.98,1.82,19.73,20.5,163423,-27.33,2.0,0.933
2019-11-15T02:33:33.000,21.84,-3.01,1.8,19.74,20.5,163424,-27.54,2.0,0.933
2019-11-15T02:34:33.000,21.82,-3.02,1.81,19.73,20.5,163425,-27.75,2.0,0.933
2019-11-15T02:35:33.000,21.79,-3.1,1.84,19.72,20.5,163426,-27.97,3.0,0.933
2019-11-15T02:36:33.000,21.75,-3.14,1.85,19.71,20.5,163427,-28.18,3.0,0.933
2019-11-15T02:38:34.000,21.68,-3.23,1.89,19.69,20.5,163429,-28.6,3.0,0.933
2019-11-15T02:39:34.000,21.64,-3.31,1.9,19.68,20.5,163430,-28.81,3.0,0.933
2019-11-15T02:42:35.000,21.38,-3.71,1.94,19.66,20.5,163433,-29.45,4.0,0.932
2019-11-15T02:43:35.000,21.31,-3.53,1.95,19.65,20.5,163434,-29.66,4.0,0.932
2019-11-15T02:44:35.000,21.3,-3.31,1.97,19.64,20.5,163435,-29.87,4.0,0.932
2019-11-15T02:45:36.000,21.33,-3.28,1.99,19.63,20.5,163436,-30.09,5.0,0.932
2019-11-15T02:46:36.000,21.33,-3.35,2.02,19.61,20.5,163437,-30.3,5.0,0.932
2019-11-15T02:47:36.000,21.32,-3.33,2.06,19.6,20.5,163438,-30.51,5.0,0.932
2019-11-15T02:48:36.000,21.3,-3.39,2.08,19.58,20.5,163439,-30.72,5.0,0.932
2019-11-15T02:49:36.000,21.28,-3.46,2.1,19.57,20.5,163440,-30.93,5.0,0.932
2019-11-15T02:50:37.000,21.27,-3.42,2.11,19.57,20.5,163441,-31.14,5.0,0.932
2019-11-15T02:51:37.000,21.24,-3.44,2.13,19.56,20.5,163442,-31.36,6.0,0.932
2019-11-15T02:52:37.000,21.21,-3.43,2.17,19.54,20.5,163443,-31.57,6.0,0.932
2019-11-15T02:53:39.000,21.18,-3.39,2.18,19.53,20.5,163444,-31.79,6.0,0.932
2019-11-15T02:54:39.000,21.15,-3.38,2.2,19.53,20.5,163445,-32.0,6.0,0.932
2019-11-15T02:55:39.000,21.13,-3.47,2.23,19.51,20.5,163446,-32.21,6.0,0.932
2019-11-15T02:56:40.000,21.11,-3.46,2.24,19.5,20.5,163447,-32.42,7.0,0.932
2019-11-15T02:57:40.000,21.1,-3.51,2.26,19.5,20.5,163448,-32.63,7.0,0.932
2019-11-15T02:58:40.000,21.09,-3.5,2.27,19.49,20.5,163449,-32.85,7.0,0.932
2019-11-15T02:59:40.000,21.05,-3.63,2.29,19.48,20.5,163450,-33.06,7.0,0.932
2019-11-15T03:00:40.000,20.97,-3.73,2.31,19.47,20.5,163451,-33.27,7.0,0.932
2019-11-15T03:01:40.000,20.95,-3.71,2.33,19.46,20.5,163452,-33.48,8.0,0.932
2019-11-15T03:02:41.000,20.92,-3.75,2.35,19.45,20.5,163453,-33.7,8.0,0.932
2019-11-15T03:06:42.000,20.38,-4.05,2.43,19.42,20.5,163457,-34.54,9.0,0.932
2019-11-15T03:07:42.000,20.38,-3.66,2.47,19.4,20.5,163458,-34.76,9.0,0.932
2019-11-15T03:08:42.000,20.3,-3.97,2.49,19.39,20.5,163459,-34.97,9.0,0.932
2019-11-15T03:10:42.000,20.36,-3.72,2.52,19.37,20.5,163461,-35.39,9.0,0.931
2019-11-15T03:11:43.000,20.27,-3.98,2.56,19.36,20.5,163462,-35.61,10.0,0.931
2019-11-15T03:12:43.000,20.29,-3.69,2.57,19.36,20.5,163463,-35.82,10.0,0.931
2019-11-15T03:13:43.000,20.33,-3.61,2.58,19.35,20.5,163464,-36.03,10.0,0.931
2019-11-15T03:14:44.000,20.35,-3.66,2.56,19.36,20.5,163465,-36.24,10.0,0.931
2019-11-15T03:15:44.000,20.37,-3.73,2.55,19.36,20.5,163466,-36.46,10.0,0.931
2019-11-15T03:16:45.000,20.35,-3.8,2.55,19.36,20.5,163467,-36.67,10.0,0.931
2019-11-15T03:17:45.000,20.34,-3.8,2.57,19.35,20.5,163468,-36.88,11.0,0.931
2019-11-15T03:18:45.000,20.34,-3.84,2.58,19.35,20.5,163469,-37.09,11.0,0.931
2019-11-15T03:19:46.000,20.31,-3.97,2.58,19.35,20.5,163470,-37.31,11.0,0.931
2019-11-15T03:20:46.000,20.28,-4.11,2.6,19.34,20.5,163471,-37.52,11.0,0.931
2019-11-15T03:21:46.000,20.25,-4.02,2.61,19.34,20.5,163472,-37.73,11.0,0.931
2019-11-15T03:26:47.000,20.03,-4.09,2.68,19.31,20.5,163477,-38.79,12.0,0.931
2019-11-15T03:27:47.000,20.0,-4.18,2.68,19.31,20.5,163478,-39.0,13.0,0.931
2019-11-15T03:28:48.000,19.93,-4.23,2.71,19.3,20.5,163479,-39.22,13.0,0.931
2019-11-15T03:30:48.000,19.8,-4.19,2.72,19.29,20.5,163481,-39.64,13.0,0.931
2019-11-15T03:31:49.000,19.74,-4.22,2.71,19.3,20.5,163482,-39.86,13.0,0.931
2019-11-15T03:32:49.000,19.69,-4.19,2.72,19.29,20.5,163483,-40.07,14.0,0.931
2019-11-15T03:33:49.000,19.67,-4.08,2.73,19.29,20.5,163484,-40.28,14.0,0.931
2019-11-15T03:34:49.000,19.62,-4.28,2.75,19.28,20.5,163485,-40.49,14.0,0.931
2019-11-15T03:35:49.000,19.56,-4.16,2.73,19.29,20.5,163486,-40.7,14.0,0.931
2019-11-15T03:36:50.000,19.53,-4.08,2.76,19.28,20.5,163487,-40.92,14.0,0.93
2019-11-15T03:38:51.000,19.51,-3.98,2.76,19.28,20.5,163489,-41.34,15.0,0.93
2019-11-15T03:39:51.000,19.53,-3.82,2.78,19.27,20.5,163490,-41.55,15.0,0.93
2019-11-15T03:40:51.000,19.53,-3.98,2.78,19.27,20.5,163491,-41.77,15.0,0.93
2019-11-15T03:41:52.000,19.5,-4.06,2.79,19.27,20.5,163492,-41.98,15.0,0.93
2019-11-15T03:42:52.000,19.46,-4.04,2.82,19.25,20.5,163493,-42.19,16.0,0.93
2019-11-15T03:43:52.000,19.44,-4.04,2.8,19.26,20.5,163494,-42.4,16.0,0.93
2019-11-15T03:44:52.000,19.43,-4.05,2.8,19.26,20.5,163495,-42.61,16.0,0.93
2019-11-15T03:58:54.000,19.48,-4.17,2.9,19.22,20.5,163509,-45.57,19.0,0.93
2019-11-15T03:59:54.000,19.43,-4.37,2.91,19.22,20.5,163510,-45.78,19.0,0.93
2019-11-15T04:00:54.000,19.4,-4.28,2.92,19.22,20.5,163511,-45.99,19.0,0.93
2019-11-15T04:03:55.000,19.36,-4.28,2.93,19.21,20.5,163514,-46.62,20.0,0.929
2019-11-15T04:10:56.000,19.3,-4.27,2.99,19.19,20.5,163521,-48.09,21.0,0.929
2019-11-15T04:11:57.000,19.31,-4.2,3.0,19.19,20.5,163522,-48.31,21.0,0.929
2019-11-15T04:12:57.000,19.34,-4.19,3.0,19.19,20.5,163523,-48.52,22.0,0.929
2019-11-15T04:13:57.000,19.36,-4.2,3.01,19.18,20.5,163524,-48.72,22.0,0.929
2019-11-15T04:15:57.000,19.41,-4.24,3.03,19.18,20.5,163526,-49.14,22.0,0.929
2019-11-15T04:16:58.000,19.38,-4.28,3.04,19.17,20.5,163527,-49.36,22.0,0.929
2019-11-15T04:17:58.000,19.39,-4.25,3.05,19.17,20.5,163528,-49.56,23.0,0.929
2019-11-15T04:18:59.000,19.41,-4.24,3.07,19.16,20.5,163529,-49.78,23.0,0.929
2019-11-15T04:19:59.000,19.4,-4.37,3.08,19.16,20.5,163530,-49.98,23.0,0.929
2019-11-15T04:20:59.000,19.4,-4.29,3.18,19.13,20.5,163531,-50.19,23.0,0.929
2019-11-15T04:21:59.000,19.39,-4.37,3.11,19.15,20.5,163532,-50.4,23.0,0.929
2019-11-15T04:22:59.000,19.38,-4.41,3.11,19.15,20.5,163533,-50.61,24.0,0.929
2019-11-15T04:23:59.000,19.38,-4.35,3.12,19.14,20.5,163534,-50.82,24.0,0.929
2019-11-15T04:24:59.000,19.41,-4.31,3.16,19.13,20.5,163535,-51.03,24.0,0.929
2019-11-15T04:25:59.000,19.42,-4.31,3.15,19.13,20.5,163536,-51.23,24.0,0.929
2019-11-15T04:27:00.000,19.42,-4.38,3.17,19.13,20.5,163537,-51.44,24.0,0.929
2019-11-15T04:28:03.000,19.43,-4.3,3.18,19.12,20.5,163538,-51.66,25.0,0.929
2019-11-15T04:30:03.000,19.42,-4.3,3.22,19.11,20.5,163540,-52.08,25.0,0.929
2019-11-15T04:31:04.000,19.41,-4.26,3.21,19.11,20.5,163541,-52.29,25.0,0.928
2019-11-15T04:32:03.000,19.41,-4.24,3.23,19.11,20.5,163542,-52.49,25.0,0.928
2019-11-15T04:33:04.000,19.41,-4.26,3.25,19.1,20.5,163543,-52.7,26.0,0.928
