Downloads/jupyter/ECSV/stars19/stars19_2022-01.ecsv
# %ECSV 1.0
# ---
# datatype:
# - {name: time, datatype: string}
# - {name: Enclosure Temperature, unit: deg_C, datatype: float64}
# - {name: Sky Temperature, unit: deg_C, datatype: float64}
# - {name: Frequency, unit: Hz, datatype: float64}
# - {name: MSAS, unit: mag / arcsec2, datatype: float64}
# - {name: ZP, datatype: float64}
# - {name: Sequence Number, datatype: int64}
# - {name: Sun Alt, unit: deg, datatype: float64}
# - {name: Moon Alt, unit: deg, datatype: float64}
# - {name: Moon Illumination, datatype: float64}
# delimiter: ','
# meta: !!omap
# - ida:
#     Data supplier: {affiliation: null, observer: null}
#     Device type: TESS-W
#     Field of view: 17.0
#     Filters per channel: None
#     Instrument ID: stars19
#     License: ODbL 1.0 http://opendatacommons.org/licenses/odbl/summary/
#     Local timezone: America/Phoenix
#     Location name: {country: '- Tucson', place: Tucson, region: United States, sub_region: Arizona, town: Pima County}
#     Measurement direction per channel: {azimuth: 0.0, zenital: 0.0}
#     Moving / Fixed look direction: FIXED
#     Moving / Stationary position: STATIONARY
#     Number of channels: 1
#     Number of fields per line: 8
#     Number of header lines: 35
#     Position: {height: 0.0, latitude: 32.223877, longitude: -110.767532}
#     TESS MAC address: 18:FE:34:CF:EC:06
#     TESS cover offset value: 0.0
#     TESS firmware version: '1.0'
#     TESS zero point: 20.5
#     Time Synchronization: timestamp added by MQTT subscriber
#     URL: http://www.darksky.org/NSBM/sdf1.0.pdf
# - __serialized_columns__:
#     Enclosure Temperature:
#       __class__: astropy.units.quantity.Quantity
#       unit: &id001 !astropy.units.Unit {unit: deg_C}
#       value: !astropy.table.SerializedColumn {name: Enclosure Temperature}
#     Frequency:
#       __class__: astropy.units.quantity.Quantity
#       unit: !astropy.units.Unit {unit: Hz}
#       value: !astropy.table.SerializedColumn {name: Frequency}
#     MSAS:
#       __class__: astropy.units.quantity.Quantity
#       unit: !astropy.units.Unit {unit: mag / arcsec2}
#       value: !astropy.table.SerializedColumn {name: MSAS}
#     Moon Alt:
#       __class__: astropy.units.quantity.Quantity
#       unit: &id002 !astropy.units.Unit {unit: deg}
#       value: !astropy.table.SerializedColumn {name: Moon Alt}
#     Sky Temperature:
#       __class__: astropy.units.quantity.Quantity
#       unit: *id001
#       value: !astropy.table.SerializedColumn {name: Sky Temperature}
#     Sun Alt:
#       __class__: astropy.units.quantity.Quantity
#       unit: *id002
#       value: !astropy.table.SerializedColumn {name: Sun Alt}
#     time:
#       __class__: astropy.time.core.Time
#       format: isot
#       in_subfmt: '*'
#       out_subfmt: '*'
#       precision: 3
#       scale: utc
#       value: !astropy.table.SerializedColumn {name: time}
# schema: astropy-2.0
time,Enclosure Temperature,Sky Temperature,Frequency,MSAS,ZP,Sequence Number,Sun Alt,Moon Alt,Moon Illumination
[from data line 6883]
2022-01-11T03:21:42.000,13.87,-8.12,8.26,18.09,20.5,358253,-34.3,65.0,0.635
2022-01-11T03:22:42.000,13.9,-8.19,8.39,18.07,20.5,358254,-34.51,64.0,0.635
2022-01-11T03:23:42.000,13.88,-8.3,8.37,18.07,20.5,358255,-34.72,64.0,0.635
2022-01-11T03:24:42.000,13.84,-8.34,8.36,18.07,20.5,358256,-34.93,64.0,0.635
2022-01-11T03:25:42.000,13.79,-8.51,8.44,18.06,20.5,358257,-35.14,64.0,0.635
2022-01-11T03:26:42.000,13.79,-8.17,8.46,18.06,20.5,358258,-35.35,64.0,0.635
2022-01-11T03:27:42.000,13.79,-8.46,8.5,18.06,20.5,358259,-35.56,64.0,0.635
2022-01-11T03:28:42.000,13.75,-8.36,8.58,18.05,20.5,358260,-35.77,64.0,0.635
2022-01-11T03:29:42.000,13.74,-8.37,8.67,18.04,20.5,358261,-35.98,63.0,0.635
2022-01-11T03:30:42.000,13.69,-8.52,8.77,18.02,20.5,358262,-36.19,63.0,0.635
2022-01-11T03:31:42.000,13.63,-8.47,8.89,18.01,20.5,358263,-36.4,63.0,0.635
2022-01-11T03:32:42.000,13.62,-8.45,9.08,17.98,20.5,358264,-36.61,63.0,0.635
2022-01-11T03:33:42.000,13.65,-8.38,9.25,17.96,20.5,358265,-36.82,63.0,0.635
2022-01-11T03:34:42.000,13.62,-8.46,9.44,17.94,20.5,358266,-37.03,63.0,0.635
2022-01-11T03:35:42.000,13.64,-8.33,9.63,17.92,20.5,358267,-37.25,63.0,0.635
2022-01-11T03:36:42.000,13.69,-8.33,9.8,17.9,20.5,358268,-37.46,63.0,0.636
2022-01-11T03:37:42.000,13.62,-8.65,9.94,17.89,20.5,358269,-37.67,62.0,0.636
2022-01-11T03:38:43.000,13.54,-8.59,10.06,17.87,20.5,358270,-37.88,62.0,0.636
2022-01-11T03:50:44.000,13.58,-8.47,10.56,17.82,20.5,358282,-40.42,60.0,0.636
2022-01-11T03:51:44.000,13.57,-8.53,10.57,17.82,20.5,358283,-40.63,60.0,0.637
2022-01-11T03:52:44.000,13.57,-8.49,10.6,17.82,20.5,358284,-40.84,60.0,0.637
2022-01-11T03:53:44.000,13.59,-8.32,10.65,17.81,20.5,358285,-41.05,60.0,0.637
2022-01-11T03:54:44.000,13.61,-8.5,10.65,17.81,20.5,358286,-41.26,60.0,0.637
2022-01-11T03:55:44.000,13.6,-8.46,10.58,17.82,20.5,358287,-41.47,60.0,0.637
2022-01-11T03:56:44.000,13.56,-8.6,10.46,17.83,20.5,358288,-41.69,59.0,0.637
2022-01-11T03:57:44.000,13.54,-8.57,10.34,17.84,20.5,358289,-41.9,59.0,0.637
2022-01-11T03:58:44.000,13.48,-8.81,10.19,17.86,20.5,358290,-42.11,59.0,0.637
2022-01-11T03:59:44.000,13.43,-8.61,10.06,17.87,20.5,358291,-42.32,59.0,0.637
2022-01-11T04:00:45.000,13.51,-8.43,9.93,17.89,20.5,358292,-42.53,59.0,0.637
2022-01-11T04:01:45.000,13.48,-8.63,9.76,17.91,20.5,358293,-42.75,59.0,0.637
2022-01-11T04:07:45.000,13.4,-8.58,8.79,18.02,20.5,358299,-44.01,58.0,0.638
2022-01-11T04:08:45.000,13.38,-8.63,8.68,18.03,20.5,358300,-44.23,57.0,0.638
2022-01-11T04:09:46.000,13.39,-8.44,8.56,18.05,20.5,358301,-44.44,57.0,0.638
2022-01-11T04:10:46.000,13.37,-8.75,8.49,18.06,20.5,358302,-44.65,57.0,0.638
2022-01-11T04:11:46.000,13.35,-8.69,8.44,18.06,20.5,358303,-44.86,57.0,0.638
2022-01-11T04:12:46.000,13.28,-8.84,8.29,18.08,20.5,358304,-45.07,57.0,0.638
2022-01-11T04:13:46.000,13.27,-8.75,8.32,18.08,20.5,358305,-45.29,57.0,0.638
2022-01-11T04:14:46.000,13.25,-8.79,8.26,18.09,20.5,358306,-45.5,56.0,0.638
2022-01-11T04:15:46.000,13.21,-8.81,8.27,18.09,20.5,358307,-45.71,56.0,0.638
2022-01-11T04:16:46.000,13.28,-8.5,8.3,18.08,20.5,358308,-45.92,56.0,0.638
2022-01-11T04:18:51.000,13.29,-8.74,8.19,18.1,20.5,358310,-46.36,56.0,0.638
2022-01-11T04:19:51.000,13.23,-8.83,8.1,18.11,20.5,358311,-46.57,55.0,0.638
2022-01-11T04:20:52.000,13.23,-8.68,8.03,18.12,20.5,358312,-46.79,55.0,0.638
2022-01-11T04:21:52.000,13.23,-8.69,7.93,18.13,20.5,358313,-47.0,55.0,0.638
2022-01-11T04:22:52.000,13.23,-8.69,5.34,18.59,20.5,358314,-47.21,55.0,0.639
2022-01-11T04:23:52.000,13.19,-8.81,2.38,19.45,20.5,358315,-47.42,55.0,0.639
2022-01-11T04:24:52.000,13.16,-8.85,2.09,19.58,20.5,358316,-47.63,55.0,0.639
2022-01-11T04:25:52.000,13.16,-8.74,2.08,19.58,20.5,358317,-47.84,54.0,0.639
2022-01-11T04:26:52.000,13.18,-8.75,2.08,19.59,20.5,358318,-48.05,54.0,0.639
2022-01-11T04:27:52.000,13.19,-8.63,2.08,19.59,20.5,358319,-48.27,54.0,0.639
2022-01-11T04:28:52.000,13.22,-8.63,2.07,19.59,20.5,358320,-48.48,54.0,0.639
2022-01-11T04:29:52.000,13.19,-8.68,2.07,19.59,20.5,358321,-48.69,54.0,0.639
2022-01-11T04:30:52.000,13.22,-8.6,2.07,19.59,20.5,358322,-48.9,53.0,0.639
2022-01-11T04:31:52.000,13.23,-8.67,2.06,19.59,20.5,358323,-49.11,53.0,0.639
2022-01-11T04:32:52.000,13.27,-8.44,2.06,19.6,20.5,358324,-49.32,53.0,0.639
2022-01-11T04:33:52.000,13.33,-8.69,2.06,19.6,20.5,358325,-49.53,53.0,0.639
2022-01-11T04:34:52.000,13.22,-8.94,2.06,19.6,20.5,358326,-49.74,53.0,0.639
2022-01-11T04:35:52.000,13.17,-8.86,2.05,19.6,20.5,358327,-49.95,53.0,0.639
2022-01-11T04:36:53.000,13.21,-8.65,2.05,19.6,20.5,358328,-50.17,52.0,0.639
2022-01-11T04:37:53.000,13.23,-8.71,2.07,19.59,20.5,358329,-50.38,52.0,0.639
2022-01-11T04:38:53.000,13.24,-8.69,2.05,19.6,20.5,358330,-50.59,52.0,0.64
2022-01-11T04:39:53.000,13.11,-9.12,2.04,19.6,20.5,358331,-50.8,52.0,0.64
2022-01-11T04:40:53.000,13.12,-8.79,2.04,19.61,20.5,358332,-51.01,52.0,0.64
2022-01-11T04:41:53.000,13.12,-8.75,2.04,19.61,20.5,358333,-51.22,51.0,0.64
2022-01-11T04:42:53.000,13.16,-8.65,2.04,19.61,20.5,358334,-51.43,51.0,0.64
2022-01-11T04:43:53.000,13.16,-8.74,2.04,19.61,20.5,358335,-51.64,51.0,0.64
2022-01-11T04:44:54.000,13.14,-8.79,2.03,19.61,20.5,358336,-51.86,51.0,0.64
2022-01-11T04:45:54.000,13.13,-8.77,2.03,19.61,20.5,358337,-52.07,51.0,0.64
2022-01-11T04:46:54.000,13.12,-8.9,2.03,19.61,20.5,358338,-52.28,50.0,0.64
2022-01-11T04:47:54.000,13.08,-8.91,2.03,19.61,20.5,358339,-52.49,50.0,0.64
2022-01-11T04:48:54.000,13.1,-8.88,2.03,19.61,20.5,358340,-52.7,50.0,0.64
2022-01-11T04:49:54.000,13.09,-8.84,2.05,19.6,20.5,358341,-52.91,50.0,0.64
2022-01-11T04:50:54.000,13.12,-8.82,2.02,19.62,20.5,358342,-53.12,50.0,0.64
2022-01-11T04:51:54.000,13.14,-8.68,2.02,19.62,20.5,358343,-53.33,50.0,0.64
2022-01-11T04:52:54.000,13.19,-8.63,2.02,19.62,20.5,358344,-53.54,49.0,0.64
2022-01-11T04:53:54.000,13.15,-8.96,2.02,19.62,20.5,358345,-53.75,49.0,0.641
2022-01-11T04:54:54.000,13.09,-9.02,2.01,19.62,20.5,358346,-53.96,49.0,0.641
2022-01-11T04:55:54.000,13.04,-9.1,2.01,19.62,20.5,358347,-54.17,49.0,0.641
2022-01-11T04:56:54.000,13.01,-9.08,2.01,19.62,20.5,358348,-54.38,49.0,0.641
2022-01-11T04:57:54.000,13.02,-8.9,2.01,19.62,20.5,358349,-54.59,48.0,0.641
2022-01-11T04:58:54.000,13.0,-9.06,2.01,19.62,20.5,358350,-54.8,48.0,0.641
2022-01-11T04:59:54.000,13.01,-8.92,2.01,19.62,20.5,358351,-55.01,48.0,0.641
2022-01-11T05:00:54.000,13.0,-9.01,2.0,19.63,20.5,358352,-55.22,48.0,0.641
2022-01-11T05:01:55.000,13.01,-9.05,2.0,19.63,20.5,358353,-55.43,48.0,0.641
2022-01-11T05:02:55.000,12.92,-9.36,2.0,19.63,20.5,358354,-55.64,47.0,0.641
2022-01-11T05:03:55.000,12.9,-8.98,1.99,19.63,20.5,358355,-55.85,47.0,0.641
2022-01-11T05:04:55.000,12.89,-9.3,1.99,19.63,20.5,358356,-56.06,47.0,0.641
2022-01-11T05:05:55.000,12.85,-9.1,1.98,19.64,20.5,358357,-56.27,47.0,0.641
2022-01-11T05:06:55.000,12.87,-9.04,1.98,19.64,20.5,358358,-56.47,47.0,0.641
2022-01-11T05:07:55.000,12.88,-9.15,1.98,19.64,20.5,358359,-56.68,46.0,0.641
2022-01-11T05:08:55.000,12.85,-9.16,1.98,19.64,20.5,358360,-56.89,46.0,0.641
2022-01-11T05:09:55.000,12.82,-9.27,1.98,19.64,20.5,358361,-57.1,46.0,0.642
2022-01-11T05:10:55.000,12.75,-9.3,1.98,19.64,20.5,358362,-57.31,46.0,0.642
2022-01-11T05:11:55.000,12.74,-9.25,1.98,19.64,20.5,358363,-57.52,46.0,0.642
2022-01-11T05:12:55.000,12.78,-9.29,1.98,19.64,20.5,358364,-57.73,45.0,0.642
2022-01-11T05:13:55.000,12.76,-9.1,1.97,19.64,20.5,358365,-57.93,45.0,0.642
2022-01-11T05:14:55.000,12.73,-9.4,1.97,19.64,20.5,358366,-58.14,45.0,0.642
2022-01-11T05:15:55.000,12.7,-9.28,1.96,19.65,20.5,358367,-58.35,45.0,0.642
2022-01-11T05:16:55.000,12.67,-9.36,1.95,19.66,20.5,358368,-58.56,45.0,0.642
2022-01-11T05:17:56.000,12.68,-9.2,1.95,19.66,20.5,358369,-58.77,44.0,0.642
2022-01-11T05:18:56.000,12.73,-9.08,1.95,19.66,20.5,358370,-58.97,44.0,0.642
2022-01-11T05:19:56.000,12.72,-9.19,1.94,19.66,20.5,358371,-59.18,44.0,0.642
2022-01-11T05:22:02.000,12.75,-9.19,1.94,19.66,20.5,358373,-59.62,44.0,0.642
2022-01-11T05:23:02.000,12.73,-9.17,1.94,19.66,20.5,358374,-59.82,43.0,0.642
2022-01-11T05:24:02.000,12.78,-9.0,1.93,19.66,20.5,358375,-60.03,43.0,0.642
2022-01-11T05:25:02.000,12.8,-9.05,1.93,19.67,20.5,358376,-60.24,43.0,0.642
2022-01-11T05:26:02.000,12.81,-9.16,1.93,19.67,20.5,358377,-60.44,43.0,0.643
2022-01-11T05:27:02.000,12.8,-8.97,1.93,19.67,20.5,358378,-60.65,43.0,0.643
2022-01-11T05:28:02.000,12.81,-9.12,1.92,19.67,20.5,358379,-60.85,42.0,0.643
2022-01-11T05:29:02.000,12.76,-9.29,1.92,19.67,20.5,358380,-61.06,42.0,0.643
2022-01-11T05:30:02.000,12.74,-9.16,1.92,19.67,20.5,358381,-61.27,42.0,0.643
2022-01-11T05:31:02.000,12.74,-9.11,1.91,19.68,20.5,358382,-61.47,42.0,0.643
2022-01-11T05:32:02.000,12.76,-8.96,1.91,19.68,20.5,358383,-61.68,42.0,0.643
2022-01-11T05:33:02.000,12.84,-8.95,1.91,19.68,20.5,358384,-61.88,41.0,0.643
2022-01-11T05:34:02.000,12.8,-9.2,1.91,19.68,20.5,358385,-62.09,41.0,0.643
2022-01-11T05:35:02.000,12.79,-9.16,1.91,19.68,20.5,358386,-62.29,41.0,0.643
2022-01-11T05:36:02.000,12.77,-9.1,1.91,19.68,20.5,358387,-62.49,41.0,0.643
2022-01-11T05:37:02.000,12.78,-9.2,1.9,19.68,20.5,358388,-62.7,41.0,0.643
2022-01-11T05:38:02.000,12.79,-9.08,1.9,19.68,20.5,358389,-62.9,40.0,0.643
2022-01-11T05:39:03.000,12.82,-8.98,1.89,19.69,20.5,358390,-63.11,40.0,0.643
2022-01-11T05:40:03.000,12.84,-9.07,1.89,19.69,20.5,358391,-63.31,40.0,0.643
2022-01-11T05:41:03.000,12.86,-9.02,1.89,19.69,20.5,358392,-63.52,40.0,0.644
2022-01-11T05:42:03.000,12.83,-9.17,1.89,19.69,20.5,358393,-63.72,40.0,0.644
2022-01-11T05:43:03.000,12.87,-8.91,1.89,19.69,20.5,358394,-63.92,39.0,0.644
2022-01-11T05:44:03.000,12.86,-9.11,1.89,19.69,20.5,358395,-64.12,39.0,0.644
2022-01-11T05:45:03.000,12.84,-9.1,1.89,19.69,20.5,358396,-64.32,39.0,0.644
2022-01-11T05:46:04.000,12.87,-8.95,1.88,19.69,20.5,358397,-64.53,39.0,0.644
2022-01-11T05:47:04.000,12.9,-9.04,1.88,19.69,20.5,358398,-64.73,39.0,0.644
2022-01-11T05:48:04.000,12.9,-9.0,1.88,19.7,20.5,358399,-64.93,38.0,0.644
2022-01-11T05:49:04.000,12.94,-8.96,1.87,19.7,20.5,358400,-65.13,38.0,0.644
2022-01-11T05:50:04.000,12.91,-8.96,1.87,19.7,20.5,358401,-65.33,38.0,0.644
2022-01-11T05:51:04.000,12.97,-9.0,1.86,19.7,20.5,358402,-65.53,38.0,0.644
2022-01-11T05:52:04.000,12.95,-8.91,1.86,19.7,20.5,358403,-65.73,38.0,0.644
2022-01-11T05:53:04.000,12.98,-8.92,1.86,19.71,20.5,358404,-65.93,37.0,0.644
2022-01-11T05:54:04.000,12.97,-9.12,1.86,19.71,20.5,358405,-66.13,37.0,0.644
2022-01-11T05:55:04.000,12.93,-9.12,1.86,19.71,20.5,358406,-66.33,37.0,0.644
2022-01-11T05:56:04.000,12.88,-9.15,1.85,19.71,20.5,358407,-66.53,37.0,0.644
2022-01-11T05:57:04.000,12.9,-9.04,1.85,19.71,20.5,358408,-66.73,37.0,0.645
2022-01-11T05:58:04.000,12.84,-9.3,1.85,19.71,20.5,358409,-66.92,36.0,0.645
2022-01-11T05:59:04.000,12.86,-9.03,1.85,19.71,20.5,358410,-67.12,36.0,0.645
2022-01-11T06:00:05.000,12.89,-9.05,1.84,19.72,20.5,358411,-67.32,36.0,0.645
2022-01-11T06:01:05.000,12.86,-9.27,1.84,19.72,20.5,358412,-67.52,36.0,0.645
2022-01-11T06:02:05.000,12.83,-9.12,1.84,19.72,20.5,358413,-67.71,36.0,0.645
2022-01-11T06:03:05.000,12.87,-9.1,1.83,19.72,20.5,358414,-67.91,35.0,0.645
2022-01-11T06:04:05.000,12.9,-9.04,1.83,19.72,20.5,358415,-68.1,35.0,0.645
2022-01-11T06:05:05.000,12.93,-9.06,1.83,19.72,20.5,358416,-68.3,35.0,0.645
2022-01-11T06:06:05.000,12.93,-9.24,1.83,19.72,20.5,358417,-68.49,35.0,0.645
2022-01-11T06:07:05.000,12.86,-9.41,1.83,19.72,20.5,358418,-68.68,35.0,0.645
2022-01-11T06:08:05.000,12.87,-9.08,1.86,19.71,20.5,358419,-68.88,34.0,0.645
2022-01-11T06:09:05.000,12.9,-9.17,1.83,19.73,20.5,358420,-69.07,34.0,0.645
2022-01-11T06:10:05.000,12.96,-8.96,1.82,19.73,20.5,358421,-69.26,34.0,0.645
2022-01-11T06:11:05.000,12.99,-9.09,1.82,19.73,20.5,358422,-69.45,34.0,0.645
2022-01-11T06:12:05.000,12.99,-9.03,1.82,19.73,20.5,358423,-69.64,34.0,0.645
2022-01-11T06:13:05.000,12.95,-9.25,1.81,19.73,20.5,358424,-69.83,33.0,0.646
2022-01-11T06:14:05.000,12.91,-9.18,1.81,19.74,20.5,358425,-70.02,33.0,0.646
2022-01-11T06:15:05.000,12.87,-9.17,1.81,19.74,20.5,358426,-70.21,33.0,0.646
2022-01-11T06:16:06.000,12.89,-9.15,1.8,19.74,20.5,358427,-70.4,33.0,0.646
2022-01-11T06:17:06.000,12.94,-8.93,1.78,19.76,20.5,358428,-70.59,33.0,0.646
2022-01-11T06:18:07.000,12.98,-9.24,1.77,19.76,20.5,358429,-70.78,32.0,0.646
2022-01-11T06:19:07.000,12.92,-9.16,1.77,19.76,20.5,358430,-70.96,32.0,0.646
2022-01-11T06:20:07.000,12.96,-9.15,1.77,19.76,20.5,358431,-71.15,32.0,0.646
2022-01-11T06:21:07.000,12.95,-9.11,1.77,19.76,20.5,358432,-71.33,32.0,0.646
2022-01-11T06:22:07.000,12.95,-9.33,1.76,19.76,20.5,358433,-71.51,32.0,0.646
2022-01-11T06:23:07.000,12.91,-9.12,1.76,19.77,20.5,358434,-71.7,31.0,0.646
2022-01-11T06:24:07.000,12.92,-9.19,1.76,19.77,20.5,358435,-71.88,31.0,0.646
2022-01-11T06:26:07.000,12.87,-9.18,1.75,19.77,20.5,358437,-72.24,31.0,0.646
2022-01-11T06:27:07.000,12.89,-9.14,1.74,19.78,20.5,358438,-72.42,31.0,0.646
2022-01-11T06:28:07.000,12.91,-9.2,1.74,19.78,20.5,358439,-72.6,30.0,0.647
2022-01-11T06:29:07.000,12.89,-9.18,1.74,19.78,20.5,358440,-72.77,30.0,0.647
2022-01-11T06:30:07.000,12.92,-9.06,1.73,19.78,20.5,358441,-72.95,30.0,0.647
2022-01-11T06:31:07.000,12.94,-9.14,1.73,19.79,20.5,358442,-73.12,30.0,0.647
2022-01-11T06:32:07.000,12.98,-9.0,1.73,19.79,20.5,358443,-73.3,29.0,0.647
2022-01-11T06:33:08.000,13.0,-9.16,1.72,19.79,20.5,358444,-73.47,29.0,0.647
2022-01-11T06:34:08.000,12.96,-9.25,1.72,19.79,20.5,358445,-73.64,29.0,0.647
2022-01-11T06:35:08.000,12.95,-9.1,1.72,19.79,20.5,358446,-73.81,29.0,0.647
2022-01-11T06:36:08.000,12.93,-9.26,1.71,19.8,20.5,358447,-73.98,29.0,0.647
2022-01-11T06:37:08.000,12.87,-9.44,1.71,19.8,20.5,358448,-74.15,28.0,0.647
2022-01-11T06:38:08.000,12.84,-9.35,1.71,19.8,20.5,358449,-74.32,28.0,0.647
2022-01-11T06:39:08.000,12.83,-9.32,1.7,19.8,20.5,358450,-74.48,28.0,0.647
2022-01-11T06:40:08.000,12.86,-9.14,1.7,19.8,20.5,358451,-74.65,28.0,0.647
2022-01-11T06:41:08.000,12.85,-9.27,1.7,19.81,20.5,358452,-74.81,28.0,0.647
2022-01-11T06:42:08.000,12.84,-9.25,1.69,19.81,20.5,358453,-74.97,27.0,0.647
2022-01-11T06:43:08.000,12.81,-9.37,1.69,19.81,20.5,358454,-75.13,27.0,0.647
2022-01-11T06:44:08.000,12.77,-9.5,1.69,19.81,20.5,358455,-75.28,27.0,0.648
2022-01-11T06:45:08.000,12.69,-9.5,1.69,19.81,20.5,358456,-75.44,27.0,0.648
2022-01-11T06:46:08.000,12.66,-9.46,1.68,19.82,20.5,358457,-75.59,27.0,0.648
2022-01-11T06:47:08.000,12.6,-9.75,1.68,19.82,20.5,358458,-75.75,26.0,0.648
2022-01-11T06:48:08.000,12.6,-9.41,1.67,19.82,20.5,358459,-75.9,26.0,0.648
2022-01-11T06:49:08.000,12.63,-9.57,1.67,19.82,20.5,358460,-76.04,26.0,0.648
2022-01-11T06:50:09.000,12.61,-9.62,1.67,19.82,20.5,358461,-76.19,26.0,0.648
2022-01-11T06:51:09.000,12.52,-9.87,1.67,19.82,20.5,358462,-76.34,26.0,0.648
2022-01-11T06:52:09.000,12.48,-9.84,1.67,19.83,20.5,358463,-76.48,25.0,0.648
2022-01-11T06:53:09.000,12.37,-10.0,1.66,19.83,20.5,358464,-76.62,25.0,0.648
2022-01-11T06:54:09.000,12.4,-9.77,1.66,19.83,20.5,358465,-76.76,25.0,0.648
2022-01-11T06:55:09.000,12.37,-9.85,1.66,19.83,20.5,358466,-76.89,25.0,0.648
2022-01-11T06:57:16.000,12.32,-9.81,1.65,19.84,20.5,358468,-77.17,24.0,0.648
2022-01-11T06:58:16.000,12.36,-9.57,1.65,19.84,20.5,358469,-77.3,24.0,0.648
2022-01-11T06:59:16.000,12.42,-9.42,1.65,19.84,20.5,358470,-77.43,24.0,0.649
2022-01-11T07:00:16.000,12.46,-9.53,1.64,19.84,20.5,358471,-77.55,24.0,0.649
2022-01-11T07:01:16.000,12.47,-9.59,1.62,19.85,20.5,358472,-77.67,24.0,0.649
2022-01-11T07:02:16.000,12.46,-9.58,1.61,19.86,20.5,358473,-77.79,23.0,0.649
2022-01-11T07:03:16.000,12.49,-9.48,1.61,19.86,20.5,358474,-77.9,23.0,0.649
2022-01-11T07:04:16.000,12.49,-9.61,1.61,19.86,20.5,358475,-78.01,23.0,0.649
2022-01-11T07:05:16.000,12.51,-9.53,1.61,19.86,20.5,358476,-78.12,23.0,0.649
2022-01-11T07:06:16.000,12.49,-9.66,1.6,19.87,20.5,358477,-78.22,22.0,0.649
2022-01-11T07:07:16.000,12.49,-9.67,1.6,19.87,20.5,358478,-78.32,22.0,0.649
2022-01-11T07:08:16.000,12.49,-9.64,1.6,19.87,20.5,358479,-78.42,22.0,0.649
2022-01-11T07:09:16.000,12.47,-9.8,1.6,19.87,20.5,358480,-78.52,22.0,0.649
