Downloads/jupyter/ECSV/stars19/stars19_2022-11.ecsv
# %ECSV 1.0
# ---
# datatype:
# - {name: time, datatype: string}
# - {name: Enclosure Temperature, unit: deg_C, datatype: float64}
# - {name: Sky Temperature, unit: deg_C, datatype: float64}
# - {name: Frequency, unit: Hz, datatype: float64}
# - {name: MSAS, unit: mag / arcsec2, datatype: float64}
# - {name: ZP, datatype: float64}
# - {name: Sequence Number, datatype: int64}
# - {name: Sun Alt, unit: deg, datatype: float64}
# - {name: Moon Alt, unit: deg, datatype: float64}
# - {name: Moon Illumination, datatype: float64}
# delimiter: ','
# meta: !!omap
# - ida:
#     Data supplier: {affiliation: null, observer: null}
#     Device type: TESS-W
#     Field of view: 17.0
#     Filters per channel: None
#     Instrument ID: stars19
#     License: ODbL 1.0 http://opendatacommons.org/licenses/odbl/summary/
#     Local timezone: America/Phoenix
#     Location name: {country: '- Tucson', place: Tucson, region: United States, sub_region: Arizona, town: Pima County}
#     Measurement direction per channel: {azimuth: 0.0, zenital: 0.0}
#     Moving / Fixed look direction: FIXED
#     Moving / Stationary position: STATIONARY
#     Number of channels: 1
#     Number of fields per line: 8
#     Number of header lines: 35
#     Position: {height: 0.0, latitude: 32.223877, longitude: -110.767532}
#     TESS MAC address: 18:FE:34:CF:EC:06
#     TESS cover offset value: 0.0
#     TESS firmware version: '1.0'
#     TESS zero point: 20.5
#     Time Synchronization: timestamp added by MQTT subscriber
#     URL: http://www.darksky.org/NSBM/sdf1.0.pdf
# - __serialized_columns__:
#     Enclosure Temperature:
#       __class__: astropy.units.quantity.Quantity
#       unit: &id001 !astropy.units.Unit {unit: deg_C}
#       value: !astropy.table.SerializedColumn {name: Enclosure Temperature}
#     Frequency:
#       __class__: astropy.units.quantity.Quantity
#       unit: !astropy.units.Unit {unit: Hz}
#       value: !astropy.table.SerializedColumn {name: Frequency}
#     MSAS:
#       __class__: astropy.units.quantity.Quantity
#       unit: !astropy.units.Unit {unit: mag / arcsec2}
#       value: !astropy.table.SerializedColumn {name: MSAS}
#     Moon Alt:
#       __class__: astropy.units.quantity.Quantity
#       unit: &id002 !astropy.units.Unit {unit: deg}
#       value: !astropy.table.SerializedColumn {name: Moon Alt}
#     Sky Temperature:
#       __class__: astropy.units.quantity.Quantity
#       unit: *id001
#       value: !astropy.table.SerializedColumn {name: Sky Temperature}
#     Sun Alt:
#       __class__: astropy.units.quantity.Quantity
#       unit: *id002
#       value: !astropy.table.SerializedColumn {name: Sun Alt}
#     time:
#       __class__: astropy.time.core.Time
#       format: isot
#       in_subfmt: '*'
#       out_subfmt: '*'
#       precision: 3
#       scale: utc
#       value: !astropy.table.SerializedColumn {name: time}
# schema: astropy-2.0
time,Enclosure Temperature,Sky Temperature,Frequency,MSAS,ZP,Sequence Number,Sun Alt,Moon Alt,Moon Illumination
[from data line 4064]
2022-11-15T15:42:08.000,9.33,-12.47,0.0,0.0,20.5,14956,19.3,51.0,0.587
2022-11-15T15:43:08.000,9.43,-12.2,0.0,0.0,20.5,14957,19.46,51.0,0.587
2022-11-15T15:44:08.000,9.52,-12.19,0.0,0.0,20.5,14958,19.63,50.0,0.587
2022-11-15T15:46:14.000,9.72,-11.83,0.0,0.0,20.5,14960,19.97,50.0,0.587
2022-11-15T15:47:14.000,9.83,-11.71,0.0,0.0,20.5,14961,20.14,50.0,0.587
2022-11-15T15:49:20.000,10.05,-11.28,0.0,0.0,20.5,14963,20.48,49.0,0.587
2022-11-15T15:50:20.000,10.13,-11.29,0.0,0.0,20.5,14964,20.64,49.0,0.587
2022-11-15T15:52:26.000,10.36,-10.83,0.0,0.0,20.5,14966,20.98,49.0,0.587
2022-11-15T15:53:26.000,10.46,-10.83,0.0,0.0,20.5,14967,21.14,48.0,0.586
2022-11-15T15:54:26.000,10.58,-10.65,0.0,0.0,20.5,14968,21.31,48.0,0.586
2022-11-15T16:03:32.000,11.38,-9.95,0.0,0.0,20.5,14977,22.75,46.0,0.586
2022-11-15T16:04:32.000,11.46,-9.83,0.0,0.0,20.5,14978,22.9,46.0,0.586
2022-11-15T16:05:32.000,11.55,-9.6,0.0,0.0,20.5,14979,23.06,46.0,0.586
2022-11-15T16:07:37.000,11.66,-9.41,0.0,0.0,20.5,14981,23.38,46.0,0.586
2022-11-15T16:08:37.000,11.76,-9.09,0.0,0.0,20.5,14982,23.54,45.0,0.585
2022-11-15T16:09:37.000,11.82,-8.94,0.0,0.0,20.5,14983,23.69,45.0,0.585
2022-11-15T16:18:38.000,12.47,-7.81,0.0,0.0,20.5,14992,25.05,43.0,0.585
2022-11-15T16:19:38.000,12.51,-7.65,0.0,0.0,20.5,14993,25.2,43.0,0.585
2022-11-15T16:20:38.000,12.62,-7.41,0.0,0.0,20.5,14994,25.35,43.0,0.585
2022-11-15T16:22:44.000,12.81,-7.3,0.0,0.0,20.5,14996,25.66,42.0,0.585
2022-11-15T16:23:44.000,12.85,-7.17,0.0,0.0,20.5,14997,25.8,42.0,0.584
2022-11-15T16:24:44.000,12.98,-6.92,0.0,0.0,20.5,14998,25.95,42.0,0.584
2022-11-15T16:44:47.000,14.2,-4.79,0.0,0.0,20.5,15018,28.74,38.0,0.583
2022-11-15T16:45:48.000,14.27,-4.63,0.0,0.0,20.5,15019,28.88,38.0,0.583
2022-11-15T16:46:48.000,14.36,-4.39,0.0,0.0,20.5,15020,29.01,37.0,0.583
2022-11-15T16:48:49.000,14.57,-3.78,0.0,0.0,20.5,15022,29.28,37.0,0.583
2022-11-15T16:49:49.000,14.7,-3.49,0.0,0.0,20.5,15023,29.41,37.0,0.583
2022-11-15T16:50:49.000,14.82,-3.24,0.0,0.0,20.5,15024,29.54,37.0,0.583
2022-11-15T16:54:52.000,15.38,-2.34,0.0,0.0,20.5,15028,30.05,36.0,0.582
2022-11-15T16:55:52.000,15.48,-2.18,0.0,0.0,20.5,15029,30.18,35.0,0.582
2022-11-15T16:56:52.000,15.63,-1.84,0.0,0.0,20.5,15030,30.31,35.0,0.582
2022-11-15T16:59:58.000,16.01,-1.23,0.0,0.0,20.5,15033,30.69,35.0,0.582
2022-11-15T17:00:58.000,16.14,-1.17,0.0,0.0,20.5,15034,30.81,34.0,0.582
2022-11-15T17:01:58.000,16.2,-1.37,0.0,0.0,20.5,15035,30.94,34.0,0.582
2022-11-15T17:11:01.000,16.98,0.1,0.0,0.0,20.5,15044,32.01,32.0,0.581
2022-11-15T17:12:02.000,17.09,0.08,0.0,0.0,20.5,15045,32.12,32.0,0.581
2022-11-15T17:13:01.000,17.24,0.38,0.0,0.0,20.5,15046,32.24,32.0,0.581
2022-11-15T17:15:07.000,17.88,2.11,0.0,0.0,20.5,15048,32.47,32.0,0.581
2022-11-15T17:16:07.000,18.56,3.57,0.0,0.0,20.5,15049,32.58,31.0,0.581
2022-11-15T17:17:07.000,19.44,4.64,0.0,0.0,20.5,15050,32.7,31.0,0.581
2022-11-15T17:18:07.000,20.34,5.18,0.0,0.0,20.5,15051,32.81,31.0,0.581
2022-11-15T17:20:12.000,21.93,5.62,0.0,0.0,20.5,15053,33.03,30.0,0.581
2022-11-15T17:21:12.000,22.58,5.37,0.0,0.0,20.5,15054,33.14,30.0,0.581
2022-11-15T17:22:12.000,23.12,5.52,0.0,0.0,20.5,15055,33.25,30.0,0.581
2022-11-15T17:42:13.000,29.06,5.98,0.0,0.0,20.5,15075,35.21,26.0,0.579
2022-11-15T17:43:13.000,29.14,6.23,0.0,0.0,20.5,15076,35.29,26.0,0.579
2022-11-15T17:44:13.000,29.15,6.07,0.0,0.0,20.5,15077,35.38,26.0,0.579
2022-11-15T17:46:20.000,29.35,6.89,0.0,0.0,20.5,15079,35.57,25.0,0.579
2022-11-15T17:47:19.000,29.51,6.55,0.0,0.0,20.5,15080,35.65,25.0,0.579
2022-11-15T17:48:20.000,29.63,7.17,0.0,0.0,20.5,15081,35.73,25.0,0.579
2022-11-15T17:50:20.000,29.63,5.85,0.0,0.0,20.5,15083,35.9,24.0,0.579
2022-11-15T17:52:25.000,29.72,6.37,0.0,0.0,20.5,15085,36.07,24.0,0.579
2022-11-15T17:53:25.000,29.75,6.47,0.0,0.0,20.5,15086,36.15,24.0,0.579
2022-11-15T17:54:25.000,29.96,7.61,0.0,0.0,20.5,15087,36.23,23.0,0.579
2022-11-15T18:03:32.000,31.25,7.25,0.0,0.0,20.5,15096,36.9,22.0,0.578
2022-11-15T18:04:32.000,31.42,7.47,0.0,0.0,20.5,15097,36.96,21.0,0.578
2022-11-15T18:05:32.000,31.64,7.74,0.0,0.0,20.5,15098,37.03,21.0,0.578
2022-11-15T18:08:43.000,32.29,7.63,0.0,0.0,20.5,15101,37.24,21.0,0.578
2022-11-15T18:09:43.000,32.46,7.94,0.0,0.0,20.5,15102,37.3,20.0,0.578
2022-11-15T18:10:43.000,32.48,7.55,0.0,0.0,20.5,15103,37.37,20.0,0.578
2022-11-15T18:42:49.000,34.88,8.05,0.0,0.0,20.5,15135,38.81,14.0,0.575
2022-11-15T18:43:49.000,34.95,7.53,0.0,0.0,20.5,15136,38.84,14.0,0.575
2022-11-15T18:44:50.000,34.94,7.78,0.0,0.0,20.5,15137,38.86,13.0,0.575
2022-11-15T18:46:50.000,35.11,7.7,0.0,0.0,20.5,15139,38.91,13.0,0.575
2022-11-15T18:47:50.000,35.02,7.07,0.0,0.0,20.5,15140,38.94,13.0,0.575
2022-11-15T18:49:56.000,35.07,7.56,0.0,0.0,20.5,15142,38.98,12.0,0.575
2022-11-15T18:50:56.000,35.06,7.21,0.0,0.0,20.5,15143,39.0,12.0,0.575
2022-11-15T18:52:56.000,34.73,7.1,0.0,0.0,20.5,15145,39.03,12.0,0.575
2022-11-15T18:53:56.000,34.93,7.91,0.0,0.0,20.5,15146,39.05,12.0,0.575
2022-11-15T18:54:56.000,35.09,7.64,0.0,0.0,20.5,15147,39.06,11.0,0.575
2022-11-15T18:55:56.000,35.09,7.08,0.0,0.0,20.5,15148,39.08,11.0,0.575
2022-11-15T18:56:56.000,35.2,7.84,0.0,0.0,20.5,15149,39.09,11.0,0.575
2022-11-15T18:57:57.000,35.39,8.12,0.0,0.0,20.5,15150,39.1,11.0,0.574
2022-11-15T19:00:02.000,35.5,7.65,0.0,0.0,20.5,15152,39.12,10.0,0.574
2022-11-15T19:01:03.000,35.73,7.81,0.0,0.0,20.5,15153,39.13,10.0,0.574
2022-11-15T19:02:02.000,35.83,7.6,0.0,0.0,20.5,15154,39.14,10.0,0.574
2022-11-15T19:04:04.000,36.18,8.42,0.0,0.0,20.5,15156,39.15,10.0,0.574
2022-11-15T19:05:04.000,36.45,8.76,0.0,0.0,20.5,15157,39.15,9.0,0.574
2022-11-15T19:08:04.000,36.78,8.3,0.0,0.0,20.5,15160,39.15,9.0,0.574
2022-11-15T19:09:04.000,36.77,7.78,0.0,0.0,20.5,15161,39.15,9.0,0.574
2022-11-15T19:10:05.000,36.66,7.63,0.0,0.0,20.5,15162,39.15,8.0,0.574
2022-11-15T19:11:05.000,36.76,8.44,0.0,0.0,20.5,15163,39.15,8.0,0.574
2022-11-15T19:18:11.000,35.74,8.7,0.0,0.0,20.5,15170,39.09,7.0,0.573
2022-11-15T19:20:12.000,36.48,9.05,0.0,0.0,20.5,15172,39.06,6.0,0.573
2022-11-15T19:21:12.000,36.71,8.25,0.0,0.0,20.5,15173,39.05,6.0,0.573
2022-11-15T19:22:12.000,36.92,8.25,0.0,0.0,20.5,15174,39.03,6.0,0.573
2022-11-15T19:36:14.000,38.01,9.52,0.0,0.0,20.5,15188,38.69,3.0,0.572
2022-11-15T19:37:14.000,37.82,9.24,0.0,0.0,20.5,15189,38.66,3.0,0.572
2022-11-15T19:38:14.000,37.78,8.94,0.0,0.0,20.5,15190,38.63,3.0,0.572
2022-11-15T19:40:20.000,38.15,8.16,0.0,0.0,20.5,15192,38.55,3.0,0.572
2022-11-15T19:41:20.000,38.12,7.33,0.0,0.0,20.5,15193,38.51,2.0,0.572
2022-11-15T19:42:20.000,37.92,6.33,0.0,0.0,20.5,15194,38.48,2.0,0.572
2022-11-15T19:46:21.000,36.7,6.43,0.0,0.0,20.5,15198,38.31,1.0,0.571
2022-11-15T19:47:21.000,36.51,5.12,0.0,0.0,20.5,15199,38.27,1.0,0.571
2022-11-15T19:48:21.000,36.38,5.14,0.0,0.0,20.5,15200,38.22,1.0,0.571
2022-11-15T19:52:34.000,36.54,5.87,0.0,0.0,20.5,15204,38.02,0.0,0.571
2022-11-15T19:53:33.000,36.43,6.17,0.0,0.0,20.5,15205,37.97,0.0,0.571
2022-11-15T19:55:34.000,36.57,6.32,0.0,0.0,20.5,15207,37.87,-0.0,0.571
2022-11-15T19:57:40.000,36.92,7.26,0.0,0.0,20.5,15209,37.76,-1.0,0.571
2022-11-15T19:58:40.000,37.11,7.35,0.0,0.0,20.5,15210,37.7,-1.0,0.571
2022-11-15T19:59:40.000,37.32,7.07,0.0,0.0,20.5,15211,37.64,-1.0,0.57
2022-11-15T20:03:41.000,37.05,6.31,0.0,0.0,20.5,15215,37.41,-2.0,0.57
2022-11-15T20:04:40.000,36.86,5.46,0.0,0.0,20.5,15216,37.35,-2.0,0.57
2022-11-15T20:05:40.000,36.56,5.54,0.0,0.0,20.5,15217,37.28,-2.0,0.57
2022-11-15T20:08:49.000,36.89,6.15,0.0,0.0,20.5,15220,37.08,-3.0,0.57
2022-11-15T20:09:49.000,37.03,6.21,0.0,0.0,20.5,15221,37.01,-3.0,0.57
2022-11-15T20:10:49.000,37.02,5.68,0.0,0.0,20.5,15222,36.94,-3.0,0.57
2022-11-15T20:11:49.000,36.86,5.33,0.0,0.0,20.5,15223,36.88,-3.0,0.57
2022-11-15T20:12:49.000,36.67,5.02,0.0,0.0,20.5,15224,36.81,-4.0,0.57
2022-11-15T20:13:49.000,36.64,5.64,0.0,0.0,20.5,15225,36.74,-4.0,0.57
2022-11-15T20:15:49.000,36.63,5.66,0.0,0.0,20.5,15227,36.59,-4.0,0.569
2022-11-15T20:16:49.000,36.6,5.07,0.0,0.0,20.5,15228,36.52,-4.0,0.569
2022-11-15T20:17:49.000,36.33,4.55,0.0,0.0,20.5,15229,36.44,-4.0,0.569
2022-11-15T20:21:50.000,36.08,4.6,0.0,0.0,20.5,15233,36.13,-5.0,0.569
2022-11-15T20:22:50.000,36.02,5.02,0.0,0.0,20.5,15234,36.05,-5.0,0.569
2022-11-15T20:23:54.000,36.02,5.19,0.0,0.0,20.5,15235,35.97,-6.0,0.569
2022-11-15T20:39:55.000,36.68,4.28,0.0,0.0,20.5,15251,34.55,-8.0,0.568
2022-11-15T20:40:56.000,36.55,4.25,0.0,0.0,20.5,15252,34.46,-9.0,0.568
2022-11-15T20:41:56.000,36.6,4.24,0.0,0.0,20.5,15253,34.36,-9.0,0.568
2022-11-15T20:54:57.000,36.34,4.06,0.0,0.0,20.5,15266,33.02,-11.0,0.567
2022-11-15T20:55:58.000,36.26,3.56,0.0,0.0,20.5,15267,32.91,-11.0,0.567
2022-11-15T20:56:57.000,36.39,4.28,0.0,0.0,20.5,15268,32.81,-11.0,0.567
2022-11-15T21:00:04.000,36.5,3.86,0.0,0.0,20.5,15271,32.46,-12.0,0.567
2022-11-15T21:01:04.000,36.38,3.56,0.0,0.0,20.5,15272,32.35,-12.0,0.566
2022-11-15T21:02:05.000,36.5,3.8,0.0,0.0,20.5,15273,32.23,-12.0,0.566
2022-11-15T21:11:05.000,35.73,3.09,0.0,0.0,20.5,15282,31.18,-14.0,0.566
2022-11-15T21:12:05.000,35.7,3.41,0.0,0.0,20.5,15283,31.06,-14.0,0.566
2022-11-15T21:13:05.000,35.75,3.25,0.0,0.0,20.5,15284,30.94,-14.0,0.566
2022-11-15T21:15:11.000,35.56,2.87,0.0,0.0,20.5,15286,30.68,-15.0,0.566
2022-11-15T21:16:11.000,35.68,3.62,0.0,0.0,20.5,15287,30.56,-15.0,0.565
2022-11-15T21:17:11.000,35.79,3.17,0.0,0.0,20.5,15288,30.43,-15.0,0.565
2022-11-15T21:36:12.000,35.77,1.7,0.0,0.0,20.5,15307,27.94,-18.0,0.564
2022-11-15T21:37:12.000,35.62,2.71,0.0,0.0,20.5,15308,27.81,-18.0,0.564
2022-11-15T21:38:12.000,35.82,3.3,0.0,0.0,20.5,15309,27.67,-18.0,0.564
2022-11-15T21:40:18.000,35.26,1.19,0.0,0.0,20.5,15311,27.38,-19.0,0.564
2022-11-15T21:41:18.000,34.88,1.64,0.0,0.0,20.5,15312,27.24,-19.0,0.564
2022-11-15T21:42:18.000,35.01,3.09,0.0,0.0,20.5,15313,27.1,-19.0,0.564
2022-11-15T21:43:18.000,35.28,3.11,0.0,0.0,20.5,15314,26.96,-19.0,0.564
2022-11-15T21:45:24.000,34.98,0.54,0.0,0.0,20.5,15316,26.66,-19.0,0.564
2022-11-15T21:46:24.000,34.55,0.19,0.0,0.0,20.5,15317,26.51,-20.0,0.563
2022-11-15T21:47:24.000,34.31,0.48,0.0,0.0,20.5,15318,26.37,-20.0,0.563
2022-11-15T21:48:24.000,34.01,0.05,0.0,0.0,20.5,15319,26.23,-20.0,0.563
2022-11-15T21:50:30.000,33.15,-0.61,0.0,0.0,20.5,15321,25.92,-20.0,0.563
2022-11-15T21:52:36.000,32.16,-1.11,0.0,0.0,20.5,15323,25.62,-20.0,0.563
2022-11-15T21:53:36.000,31.66,-0.79,0.0,0.0,20.5,15324,25.47,-21.0,0.563
2022-11-15T21:54:36.000,31.5,0.04,0.0,0.0,20.5,15325,25.32,-21.0,0.563
2022-11-15T22:01:37.000,30.53,-0.1,0.0,0.0,20.5,15332,24.27,-22.0,0.562
2022-11-15T22:02:37.000,30.4,-0.22,0.0,0.0,20.5,15333,24.12,-22.0,0.562
2022-11-15T22:03:37.000,30.31,0.12,0.0,0.0,20.5,15334,23.97,-22.0,0.562
2022-11-15T22:05:43.000,30.31,0.22,0.0,0.0,20.5,15336,23.65,-22.0,0.562
2022-11-15T22:08:50.000,29.68,-1.33,0.0,0.0,20.5,15339,23.17,-23.0,0.562
2022-11-15T22:09:50.000,29.26,-0.88,0.0,0.0,20.5,15340,23.01,-23.0,0.562
2022-11-15T22:10:50.000,29.11,-0.44,0.0,0.0,20.5,15341,22.86,-23.0,0.562
2022-11-15T22:12:50.000,28.78,-0.43,0.0,0.0,20.5,15343,22.54,-23.0,0.562
2022-11-15T22:13:50.000,28.55,-0.75,0.0,0.0,20.5,15344,22.39,-24.0,0.562
2022-11-15T22:14:51.000,28.43,-0.38,0.0,0.0,20.5,15345,22.23,-24.0,0.562
2022-11-15T22:16:51.000,28.36,-0.38,0.0,0.0,20.5,15347,21.91,-24.0,0.561
2022-11-15T22:21:51.000,27.86,-0.26,0.0,0.0,20.5,15352,21.11,-25.0,0.561
2022-11-15T22:34:58.000,27.3,-0.3,0.0,0.0,20.5,15365,18.96,-27.0,0.56
2022-11-15T22:35:58.000,27.23,-0.5,0.0,0.0,20.5,15366,18.79,-27.0,0.56
2022-11-15T22:36:58.000,27.22,-0.23,0.0,0.0,20.5,15367,18.63,-27.0,0.56
2022-11-15T22:47:59.000,27.15,-0.78,0.0,0.0,20.5,15378,16.76,-28.0,0.559
2022-11-15T22:48:59.000,27.02,-0.87,0.0,0.0,20.5,15379,16.59,-28.0,0.559
2022-11-15T22:50:05.000,26.97,-0.6,0.0,0.0,20.5,15380,16.4,-28.0,0.559
2022-11-15T22:52:06.000,27.04,-0.6,0.0,0.0,20.5,15382,16.05,-29.0,0.559
2022-11-15T22:53:06.000,27.04,-0.66,0.0,0.0,20.5,15383,15.87,-29.0,0.559
2022-11-15T22:54:06.000,27.08,-0.56,0.0,0.0,20.5,15384,15.7,-29.0,0.559
2022-11-15T22:55:06.000,27.14,-0.66,0.0,0.0,20.5,15385,15.53,-29.0,0.559
2022-11-15T22:56:09.000,27.11,-0.87,0.0,0.0,20.5,15386,15.34,-29.0,0.559
2022-11-15T22:57:08.000,26.95,-1.18,0.0,0.0,20.5,15387,15.17,-29.0,0.559
2022-11-15T23:00:19.000,26.61,-1.0,0.0,0.0,20.5,15390,14.61,-30.0,0.559
2022-11-15T23:01:19.000,26.53,-1.34,0.0,0.0,20.5,15391,14.44,-30.0,0.559
2022-11-15T23:02:19.000,26.44,-1.14,0.0,0.0,20.5,15392,14.26,-30.0,0.559
2022-11-15T23:04:24.000,26.5,-0.79,0.0,0.0,20.5,15394,13.89,-30.0,0.558
2022-11-15T23:05:24.000,26.48,-0.99,0.0,0.0,20.5,15395,13.71,-30.0,0.558
2022-11-15T23:06:25.000,26.39,-1.1,0.0,0.0,20.5,15396,13.53,-30.0,0.558
2022-11-15T23:27:27.000,26.16,-1.52,0.0,0.0,20.5,15417,9.72,-33.0,0.557
2022-11-15T23:28:26.000,26.06,-1.59,0.0,0.0,20.5,15418,9.54,-33.0,0.557
2022-11-15T23:29:27.000,25.9,-1.8,0.0,0.0,20.5,15419,9.35,-33.0,0.557
2022-11-15T23:31:27.000,25.87,-1.3,0.0,0.0,20.5,15421,8.98,-33.0,0.557
2022-11-15T23:32:27.000,25.95,-1.16,0.0,0.0,20.5,15422,8.8,-33.0,0.557
2022-11-15T23:34:28.000,25.99,-1.34,0.0,0.0,20.5,15424,8.42,-33.0,0.556
2022-11-15T23:39:29.000,25.65,-1.76,0.0,0.0,20.5,15429,7.49,-34.0,0.556
2022-11-15T23:40:29.000,25.58,-1.68,0.0,0.0,20.5,15430,7.3,-34.0,0.556
2022-11-15T23:41:30.000,25.56,-1.56,0.0,0.0,20.5,15431,7.11,-34.0,0.556
2022-11-15T23:42:30.000,25.51,-1.7,0.0,0.0,20.5,15432,6.92,-34.0,0.556
2022-11-15T23:43:30.000,25.43,-2.05,0.11,0.1,20.5,15433,6.73,-34.0,0.556
2022-11-15T23:44:30.000,25.28,-2.02,0.0,0.0,20.5,15434,6.54,-34.0,0.556
2022-11-15T23:45:30.000,25.18,-2.09,0.0,0.0,20.5,15435,6.35,-34.0,0.556
2022-11-15T23:46:30.000,25.06,-2.11,0.0,0.0,20.5,15436,6.17,-34.0,0.556
2022-11-15T23:47:30.000,24.99,-2.0,0.0,0.0,20.5,15437,5.98,-34.0,0.556
2022-11-15T23:48:30.000,24.96,-1.88,0.12,0.09,20.5,15438,5.79,-34.0,0.555
2022-11-15T23:49:30.000,24.88,-2.17,0.0,0.0,20.5,15439,5.6,-35.0,0.555
2022-11-15T23:52:37.000,24.78,-2.27,0.0,0.0,20.5,15442,5.0,-35.0,0.555
2022-11-15T23:53:37.000,24.66,-2.34,0.0,0.0,20.5,15443,4.81,-35.0,0.555
2022-11-15T23:54:37.000,24.61,-2.26,0.0,0.0,20.5,15444,4.62,-35.0,0.555
2022-11-15T23:55:42.000,24.57,-2.39,0.0,0.0,20.5,15445,4.42,-35.0,0.555
2022-11-15T23:57:47.000,24.41,-2.32,0.0,0.0,20.5,15447,4.02,-35.0,0.555
2022-11-15T23:59:54.000,24.24,-2.68,0.0,0.0,20.5,15449,3.61,-35.0,0.555
2022-11-16T00:00:54.000,24.21,-2.44,0.0,0.0,20.5,15450,3.42,-35.0,0.555
2022-11-16T00:01:54.000,24.17,-2.57,0.0,0.0,20.5,15451,3.23,-35.0,0.555
2022-11-16T00:16:56.000,23.07,-3.57,0.0,0.0,20.5,15466,0.31,-36.0,0.554
2022-11-16T00:17:56.000,22.96,-3.13,0.0,0.0,20.5,15467,0.11,-36.0,0.554
2022-11-16T00:18:56.000,22.94,-3.1,0.0,0.0,20.5,15468,-0.08,-37.0,0.553
2022-11-16T00:19:56.000,22.87,-3.19,0.51,0.18,20.5,15469,-0.28,-37.0,0.553
2022-11-16T00:20:56.000,22.87,-3.12,0.0,0.0,20.5,15470,-0.47,-37.0,0.553
2022-11-16T00:23:02.000,22.67,-3.5,0.0,0.0,20.5,15472,-0.89,-37.0,0.553
2022-11-16T00:24:02.000,22.58,-3.44,0.0,0.0,20.5,15473,-1.08,-37.0,0.553
2022-11-16T00:25:02.000,22.56,-3.36,0.0,0.0,20.5,15474,-1.28,-37.0,0.553
2022-11-16T00:26:02.000,22.52,-3.47,37346.52,4.99,20.5,15475,-1.48,-37.0,0.553
2022-11-16T00:27:02.000,22.5,-3.46,56747.04,8.5,20.5,15476,-1.68,-37.0,0.553
2022-11-16T00:28:02.000,22.39,-3.85,49179.2,8.72,20.5,15477,-1.87,-37.0,0.553
2022-11-16T00:29:02.000,22.24,-3.97,43348.36,8.79,20.5,15478,-2.07,-37.0,0.553
2022-11-16T00:30:02.000,22.15,-3.91,37099.98,9.03,20.5,15479,-2.27,-37.0,0.553
2022-11-16T00:31:02.000,22.04,-3.95,32180.58,9.11,20.5,15480,-2.47,-37.0,0.553
2022-11-16T00:32:02.000,21.95,-4.05,27071.1,9.38,20.5,15481,-2.66,-37.0,0.553
2022-11-16T00:33:02.000,21.83,-4.14,23104.29,9.47,20.5,15482,-2.86,-37.0,0.553
2022-11-16T00:34:02.000,21.69,-4.25,19128.17,9.74,20.5,15483,-3.06,-37.0,0.552
2022-11-16T00:35:02.000,21.59,-4.23,16027.78,9.87,20.5,15484,-3.26,-37.0,0.552
2022-11-16T00:36:03.000,21.52,-4.14,13143.35,10.09,20.5,15485,-3.46,-37.0,0.552
2022-11-16T00:37:03.000,21.39,-4.47,10669.98,10.31,20.5,15486,-3.66,-37.0,0.552
2022-11-16T00:38:03.000,21.31,-4.19,8587.78,10.55,20.5,15487,-3.86,-37.0,0.552
