Downloads/jupyter/ECSV/stars19/stars19_2022-10.ecsv
# %ECSV 1.0
# ---
# datatype:
# - {name: time, datatype: string}
# - {name: Enclosure Temperature, unit: deg_C, datatype: float64}
# - {name: Sky Temperature, unit: deg_C, datatype: float64}
# - {name: Frequency, unit: Hz, datatype: float64}
# - {name: MSAS, unit: mag / arcsec2, datatype: float64}
# - {name: ZP, datatype: float64}
# - {name: Sequence Number, datatype: int64}
# - {name: Sun Alt, unit: deg, datatype: float64}
# - {name: Moon Alt, unit: deg, datatype: float64}
# - {name: Moon Illumination, datatype: float64}
# delimiter: ','
# meta: !!omap
# - ida:
#     Data supplier: {affiliation: null, observer: null}
#     Device type: TESS-W
#     Field of view: 17.0
#     Filters per channel: None
#     Instrument ID: stars19
#     License: ODbL 1.0 http://opendatacommons.org/licenses/odbl/summary/
#     Local timezone: America/Phoenix
#     Location name: {country: '- Tucson', place: Tucson, region: United States, sub_region: Arizona, town: Pima County}
#     Measurement direction per channel: {azimuth: 0.0, zenital: 0.0}
#     Moving / Fixed look direction: FIXED
#     Moving / Stationary position: STATIONARY
#     Number of channels: 1
#     Number of fields per line: 8
#     Number of header lines: 35
#     Position: {height: 0.0, latitude: 32.223877, longitude: -110.767532}
#     TESS MAC address: 18:FE:34:CF:EC:06
#     TESS cover offset value: 0.0
#     TESS firmware version: '1.0'
#     TESS zero point: 20.5
#     Time Synchronization: timestamp added by MQTT subscriber
#     URL: http://www.darksky.org/NSBM/sdf1.0.pdf
# - __serialized_columns__:
#     Enclosure Temperature:
#       __class__: astropy.units.quantity.Quantity
#       unit: &id001 !astropy.units.Unit {unit: deg_C}
#       value: !astropy.table.SerializedColumn {name: Enclosure Temperature}
#     Frequency:
#       __class__: astropy.units.quantity.Quantity
#       unit: !astropy.units.Unit {unit: Hz}
#       value: !astropy.table.SerializedColumn {name: Frequency}
#     MSAS:
#       __class__: astropy.units.quantity.Quantity
#       unit: !astropy.units.Unit {unit: mag / arcsec2}
#       value: !astropy.table.SerializedColumn {name: MSAS}
#     Moon Alt:
#       __class__: astropy.units.quantity.Quantity
#       unit: &id002 !astropy.units.Unit {unit: deg}
#       value: !astropy.table.SerializedColumn {name: Moon Alt}
#     Sky Temperature:
#       __class__: astropy.units.quantity.Quantity
#       unit: *id001
#       value: !astropy.table.SerializedColumn {name: Sky Temperature}
#     Sun Alt:
#       __class__: astropy.units.quantity.Quantity
#       unit: *id002
#       value: !astropy.table.SerializedColumn {name: Sun Alt}
#     time:
#       __class__: astropy.time.core.Time
#       format: isot
#       in_subfmt: '*'
#       out_subfmt: '*'
#       precision: 3
#       scale: utc
#       value: !astropy.table.SerializedColumn {name: time}
# schema: astropy-2.0
time,Enclosure Temperature,Sky Temperature,Frequency,MSAS,ZP,Sequence Number,Sun Alt,Moon Alt,Moon Illumination
[from data line 8840]
2022-10-13T10:55:50.000,21.49,3.07,26.81,16.81,20.5,57948,-32.27,74.0,0.867
2022-10-13T10:56:50.000,21.51,3.14,26.63,16.82,20.5,57949,-32.06,73.0,0.867
2022-10-13T10:57:50.000,21.53,3.16,28.01,16.76,20.5,57950,-31.85,73.0,0.866
2022-10-13T10:58:50.000,21.53,3.1,28.07,16.76,20.5,57951,-31.64,73.0,0.866
2022-10-13T10:59:50.000,21.54,3.18,28.51,16.74,20.5,57952,-31.44,73.0,0.866
2022-10-13T11:00:50.000,21.56,3.1,29.2,16.72,20.5,57953,-31.23,73.0,0.866
2022-10-13T11:01:50.000,21.57,3.12,29.86,16.69,20.5,57954,-31.02,73.0,0.866
2022-10-13T11:02:50.000,21.55,3.09,31.05,16.65,20.5,57955,-30.82,72.0,0.866
2022-10-13T11:03:50.000,21.58,3.14,33.33,16.57,20.5,57956,-30.61,72.0,0.866
2022-10-13T11:04:50.000,21.57,3.16,37.65,16.44,20.5,57957,-30.4,72.0,0.866
2022-10-13T11:05:50.000,21.58,3.21,42.44,16.31,20.5,57958,-30.19,72.0,0.866
2022-10-13T11:06:50.000,21.53,2.94,44.29,16.27,20.5,57959,-29.98,72.0,0.866
2022-10-13T11:07:51.000,21.39,2.55,52.69,16.08,20.5,57960,-29.77,71.0,0.866
2022-10-13T11:08:51.000,21.28,2.38,56.41,16.0,20.5,57961,-29.56,71.0,0.866
2022-10-13T11:09:51.000,21.19,2.4,60.28,15.93,20.5,57962,-29.36,71.0,0.866
2022-10-13T11:10:51.000,21.23,2.39,64.52,15.86,20.5,57963,-29.15,71.0,0.866
2022-10-13T11:11:51.000,21.25,2.19,70.48,15.76,20.5,57964,-28.94,71.0,0.866
2022-10-13T11:12:51.000,21.21,1.9,75.6,15.68,20.5,57965,-28.73,71.0,0.866
2022-10-13T11:13:51.000,21.23,1.96,79.91,15.62,20.5,57966,-28.52,70.0,0.866
2022-10-13T11:14:51.000,21.27,1.81,83.86,15.57,20.5,57967,-28.31,70.0,0.866
2022-10-13T11:15:51.000,21.3,1.62,87.07,15.53,20.5,57968,-28.1,70.0,0.866
2022-10-13T11:16:51.000,21.31,1.64,91.51,15.48,20.5,57969,-27.9,70.0,0.866
2022-10-13T11:17:51.000,21.32,1.61,81.02,15.62,20.5,57970,-27.69,70.0,0.866
2022-10-13T11:18:51.000,21.29,1.27,30.65,16.69,20.5,57971,-27.48,69.0,0.865
2022-10-13T11:19:51.000,21.18,1.61,29.98,16.7,20.5,57972,-27.27,69.0,0.865
2022-10-13T11:20:51.000,21.2,2.35,28.21,16.77,20.5,57973,-27.06,69.0,0.865
2022-10-13T11:21:51.000,21.22,2.9,26.49,16.83,20.5,57974,-26.85,69.0,0.865
2022-10-13T11:22:51.000,21.24,3.4,30.05,16.72,20.5,57975,-26.64,69.0,0.865
2022-10-13T11:24:52.000,21.27,4.03,26.26,16.84,20.5,57977,-26.22,68.0,0.865
2022-10-13T11:25:52.000,21.26,4.14,26.97,16.82,20.5,57978,-26.01,68.0,0.865
2022-10-13T11:26:52.000,21.26,4.1,25.36,16.87,20.5,57979,-25.8,68.0,0.865
2022-10-13T11:28:58.000,21.29,4.06,24.53,16.91,20.5,57981,-25.36,67.0,0.865
2022-10-13T11:29:58.000,21.24,3.88,22.61,17.0,20.5,57982,-25.15,67.0,0.865
2022-10-13T11:30:58.000,21.12,3.69,23.2,16.97,20.5,57983,-24.94,67.0,0.865
2022-10-13T11:31:58.000,21.12,3.84,23.45,16.96,20.5,57984,-24.73,67.0,0.865
2022-10-13T11:32:58.000,21.14,3.71,22.86,16.98,20.5,57985,-24.52,67.0,0.865
2022-10-13T11:33:58.000,21.14,3.62,22.1,17.02,20.5,57986,-24.31,66.0,0.865
2022-10-13T11:34:58.000,21.16,3.29,20.55,17.1,20.5,57987,-24.1,66.0,0.865
2022-10-13T11:35:58.000,21.09,2.97,20.38,17.11,20.5,57988,-23.89,66.0,0.865
2022-10-13T11:36:58.000,21.08,2.84,19.95,17.13,20.5,57989,-23.68,66.0,0.865
2022-10-13T11:37:59.000,21.05,2.87,18.63,17.21,20.5,57990,-23.46,66.0,0.865
2022-10-13T11:38:58.000,21.09,2.88,19.02,17.18,20.5,57991,-23.26,65.0,0.865
2022-10-13T11:39:59.000,21.09,2.83,18.04,17.24,20.5,57992,-23.04,65.0,0.864
2022-10-13T11:40:59.000,21.07,2.73,17.71,17.26,20.5,57993,-22.83,65.0,0.864
2022-10-13T11:41:59.000,21.03,2.67,16.77,17.32,20.5,57994,-22.62,65.0,0.864
2022-10-13T11:42:59.000,21.07,2.82,16.66,17.33,20.5,57995,-22.41,65.0,0.864
2022-10-13T11:43:59.000,21.09,2.8,18.21,17.23,20.5,57996,-22.2,65.0,0.864
2022-10-13T11:44:59.000,21.09,2.74,18.43,17.22,20.5,57997,-21.99,64.0,0.864
2022-10-13T11:45:59.000,21.09,2.86,18.23,17.23,20.5,57998,-21.78,64.0,0.864
2022-10-13T11:46:59.000,21.09,2.77,17.62,17.27,20.5,57999,-21.57,64.0,0.864
2022-10-13T11:49:04.000,21.06,2.94,17.49,17.27,20.5,58001,-21.13,63.0,0.864
2022-10-13T11:50:04.000,21.01,2.79,16.73,17.32,20.5,58002,-20.92,63.0,0.864
2022-10-13T11:51:05.000,21.01,2.8,15.41,17.41,20.5,58003,-20.7,63.0,0.864
2022-10-13T11:52:05.000,21.01,2.69,13.91,17.52,20.5,58004,-20.49,63.0,0.864
2022-10-13T11:53:05.000,21.06,2.75,13.85,17.53,20.5,58005,-20.28,63.0,0.864
2022-10-13T11:54:05.000,21.06,2.6,12.51,17.64,20.5,58006,-20.07,62.0,0.864
2022-10-13T11:55:06.000,21.07,2.51,11.1,17.77,20.5,58007,-19.86,62.0,0.864
2022-10-13T11:56:05.000,21.06,2.41,11.48,17.73,20.5,58008,-19.65,62.0,0.864
2022-10-13T11:57:05.000,21.07,2.29,10.54,17.82,20.5,58009,-19.44,62.0,0.864
2022-10-13T11:58:05.000,21.08,2.13,10.38,17.84,20.5,58010,-19.23,62.0,0.864
2022-10-13T11:59:06.000,21.08,1.95,9.62,17.92,20.5,58011,-19.01,61.0,0.864
2022-10-13T12:00:06.000,21.09,1.78,8.95,18.0,20.5,58012,-18.8,61.0,0.864
2022-10-13T12:01:06.000,21.06,1.53,8.91,18.01,20.5,58013,-18.59,61.0,0.863
2022-10-13T12:02:06.000,21.03,1.39,8.43,18.07,20.5,58014,-18.38,61.0,0.863
2022-10-13T12:03:06.000,20.97,1.06,8.61,18.04,20.5,58015,-18.17,61.0,0.863
2022-10-13T12:04:06.000,20.82,0.83,8.47,18.06,20.5,58016,-17.95,60.0,0.863
2022-10-13T12:05:06.000,20.77,0.87,8.74,18.03,20.5,58017,-17.74,60.0,0.863
2022-10-13T12:06:06.000,20.73,0.79,7.96,18.13,20.5,58018,-17.53,60.0,0.863
2022-10-13T12:07:06.000,20.7,0.82,8.81,18.07,20.5,58019,-17.32,60.0,0.863
2022-10-13T12:08:06.000,20.7,0.73,8.09,18.11,20.5,58020,-17.11,60.0,0.863
2022-10-13T12:09:06.000,20.65,0.5,6.9,18.28,20.5,58021,-16.9,59.0,0.863
2022-10-13T12:10:06.000,20.64,0.57,7.76,18.16,20.5,58022,-16.69,59.0,0.863
2022-10-13T12:11:06.000,20.64,0.55,7.2,18.24,20.5,58023,-16.48,59.0,0.863
2022-10-13T12:12:06.000,20.64,0.62,6.61,18.33,20.5,58024,-16.26,59.0,0.863
2022-10-13T12:13:06.000,20.62,0.62,6.7,18.31,20.5,58025,-16.05,59.0,0.863
2022-10-13T12:14:06.000,20.64,0.63,6.69,18.32,20.5,58026,-15.84,58.0,0.863
2022-10-13T12:15:06.000,20.63,0.51,6.23,18.39,20.5,58027,-15.63,58.0,0.863
2022-10-13T12:16:07.000,20.62,0.48,5.2,18.59,20.5,58028,-15.42,58.0,0.863
2022-10-13T12:17:07.000,20.64,0.67,4.98,18.64,20.5,58029,-15.2,58.0,0.863
2022-10-13T12:18:07.000,20.64,0.65,5.66,18.5,20.5,58030,-14.99,58.0,0.863
2022-10-13T12:19:07.000,20.62,0.66,6.45,18.36,20.5,58031,-14.78,57.0,0.863
2022-10-13T12:20:07.000,20.63,0.84,7.21,18.24,20.5,58032,-14.57,57.0,0.863
2022-10-13T12:22:12.000,20.64,0.83,7.01,18.27,20.5,58034,-14.13,57.0,0.862
2022-10-13T12:23:12.000,20.64,0.98,7.19,18.24,20.5,58035,-13.92,57.0,0.862
2022-10-13T12:24:13.000,20.67,0.94,8.16,18.1,20.5,58036,-13.7,56.0,0.862
2022-10-13T12:25:13.000,20.64,0.85,8.0,18.12,20.5,58037,-13.49,56.0,0.862
2022-10-13T12:26:13.000,20.63,0.76,8.01,18.12,20.5,58038,-13.28,56.0,0.862
2022-10-13T12:27:13.000,20.62,0.79,7.88,18.14,20.5,58039,-13.07,56.0,0.862
2022-10-13T12:28:14.000,20.61,0.71,6.81,18.3,20.5,58040,-12.85,56.0,0.862
2022-10-13T12:38:15.000,20.28,0.32,9.45,17.94,20.5,58050,-10.74,54.0,0.862
2022-10-13T12:48:16.000,20.03,0.46,38.13,16.43,20.5,58060,-8.62,51.0,0.861
2022-10-13T12:49:16.000,20.04,0.49,41.85,16.33,20.5,58061,-8.41,51.0,0.861
2022-10-13T12:50:16.000,20.05,0.51,51.77,16.1,20.5,58062,-8.2,51.0,0.861
2022-10-13T12:51:16.000,20.06,0.55,69.77,15.77,20.5,58063,-7.99,51.0,0.861
2022-10-13T12:52:17.000,20.06,0.61,84.36,15.57,20.5,58064,-7.78,51.0,0.861
2022-10-13T12:53:17.000,20.07,0.56,99.71,15.38,20.5,58065,-7.57,50.0,0.861
2022-10-13T12:55:22.000,20.06,0.28,135.38,15.05,20.5,58067,-7.13,50.0,0.861
2022-10-13T12:56:22.000,20.05,0.19,165.24,14.84,20.5,58068,-6.92,50.0,0.861
2022-10-13T12:57:22.000,20.08,0.24,219.62,14.53,20.5,58069,-6.71,50.0,0.861
2022-10-13T12:58:22.000,20.1,0.12,288.79,14.23,20.5,58070,-6.5,49.0,0.861
2022-10-13T12:59:22.000,20.1,0.15,363.71,13.98,20.5,58071,-6.29,49.0,0.861
2022-10-13T13:00:22.000,20.12,0.11,487.02,13.66,20.5,58072,-6.07,49.0,0.861
2022-10-13T13:01:23.000,20.14,0.13,600.72,13.43,20.5,58073,-5.86,49.0,0.861
2022-10-13T13:02:23.000,20.16,0.09,733.35,13.22,20.5,58074,-5.65,49.0,0.861
2022-10-13T13:03:23.000,20.14,0.0,939.98,12.95,20.5,58075,-5.44,48.0,0.861
2022-10-13T13:04:23.000,20.1,0.05,1182.02,12.7,20.5,58076,-5.23,48.0,0.86
2022-10-13T13:05:23.000,20.06,0.0,1535.33,12.42,20.5,58077,-5.02,48.0,0.86
2022-10-13T13:06:23.000,20.03,-0.05,1932.47,12.17,20.5,58078,-4.81,48.0,0.86
2022-10-13T13:07:23.000,19.94,-0.07,2577.03,11.85,20.5,58079,-4.6,48.0,0.86
2022-10-13T13:08:23.000,19.91,-0.06,3349.89,11.57,20.5,58080,-4.39,47.0,0.86
2022-10-13T13:09:23.000,19.87,0.15,4341.6,11.29,20.5,58081,-4.18,47.0,0.86
2022-10-13T13:10:23.000,19.86,0.17,5336.22,11.06,20.5,58082,-3.97,47.0,0.86
2022-10-13T13:11:23.000,19.86,0.21,6778.8,10.8,20.5,58083,-3.76,47.0,0.86
2022-10-13T13:12:23.000,19.85,-0.07,8290.47,10.59,20.5,58084,-3.55,46.0,0.86
2022-10-13T13:13:23.000,19.78,-0.17,10409.08,10.34,20.5,58085,-3.34,46.0,0.86
2022-10-13T13:14:23.000,19.75,-0.1,13856.22,10.03,20.5,58086,-3.13,46.0,0.86
2022-10-13T13:15:23.000,19.76,-0.09,16476.56,9.84,20.5,58087,-2.92,46.0,0.86
2022-10-13T13:16:23.000,19.74,-0.14,18844.29,9.69,20.5,58088,-2.71,46.0,0.86
2022-10-13T13:17:23.000,19.78,-0.06,22227.4,9.51,20.5,58089,-2.5,45.0,0.86
2022-10-13T13:18:24.000,19.81,-0.08,25505.12,9.36,20.5,58090,-2.29,45.0,0.86
2022-10-13T13:19:24.000,19.85,0.0,29735.31,9.2,20.5,58091,-2.08,45.0,0.86
2022-10-13T13:21:29.000,19.87,-0.11,42051.56,8.82,20.5,58093,-1.64,45.0,0.86
2022-10-13T13:22:29.000,19.88,-0.13,47875.45,8.68,20.5,58094,-1.43,44.0,0.86
2022-10-13T13:23:29.000,19.85,-0.22,54358.74,8.54,20.5,58095,-1.23,44.0,0.86
2022-10-13T13:24:30.000,19.84,-0.16,60190.11,8.43,20.5,58096,-1.01,44.0,0.86
2022-10-13T13:25:30.000,19.84,-0.2,19934.18,2.6,20.5,58097,-0.8,44.0,0.859
2022-10-13T13:26:30.000,19.85,-0.22,0.0,0.0,20.5,58098,-0.6,44.0,0.859
2022-10-13T13:27:30.000,19.88,-0.21,0.0,0.0,20.5,58099,-0.39,43.0,0.859
2022-10-13T13:28:30.000,19.89,-0.35,0.0,0.0,20.5,58100,-0.18,43.0,0.859
2022-10-13T13:29:30.000,19.9,-0.41,0.0,0.0,20.5,58101,0.03,43.0,0.859
2022-10-13T13:30:30.000,19.86,-0.5,0.0,0.0,20.5,58102,0.24,43.0,0.859
2022-10-13T13:31:30.000,19.84,-0.51,0.31,0.19,20.5,58103,0.45,43.0,0.859
2022-10-13T13:32:30.000,19.84,-0.59,0.0,0.0,20.5,58104,0.66,42.0,0.859
2022-10-13T13:33:30.000,19.85,-0.58,0.0,0.0,20.5,58105,0.86,42.0,0.859
2022-10-13T13:34:30.000,19.87,-0.61,0.0,0.0,20.5,58106,1.07,42.0,0.859
2022-10-13T13:35:30.000,19.84,-0.69,0.0,0.0,20.5,58107,1.28,42.0,0.859
2022-10-13T13:36:30.000,19.83,-0.68,0.0,0.0,20.5,58108,1.49,42.0,0.859
2022-10-13T13:38:36.000,19.84,-0.76,0.0,0.0,20.5,58110,1.93,41.0,0.859
2022-10-13T13:39:36.000,19.83,-0.79,0.0,0.0,20.5,58111,2.13,41.0,0.859
2022-10-13T13:40:36.000,19.8,-0.78,0.0,0.0,20.5,58112,2.34,41.0,0.859
2022-10-13T13:41:36.000,19.75,-0.74,0.0,0.0,20.5,58113,2.55,40.0,0.859
2022-10-13T13:42:36.000,19.69,-1.06,0.0,0.0,20.5,58114,2.76,40.0,0.859
2022-10-13T13:43:36.000,19.53,-1.11,0.0,0.0,20.5,58115,2.96,40.0,0.859
2022-10-13T13:45:36.000,19.5,-0.57,0.0,0.0,20.5,58117,3.38,40.0,0.858
2022-10-13T13:46:36.000,19.48,-0.47,0.0,0.0,20.5,58118,3.58,39.0,0.858
2022-10-13T13:48:42.000,19.28,-1.07,0.11,0.09,20.5,58120,4.02,39.0,0.858
2022-10-13T13:49:42.000,19.22,-0.68,0.0,0.0,20.5,58121,4.23,39.0,0.858
2022-10-13T13:50:42.000,19.26,-0.36,0.1,0.09,20.5,58122,4.43,39.0,0.858
2022-10-13T13:51:45.000,19.33,-0.39,0.0,0.0,20.5,58123,4.65,38.0,0.858
2022-10-13T13:52:44.000,19.37,-0.49,0.0,0.0,20.5,58124,4.85,38.0,0.858
2022-10-13T13:53:44.000,19.36,-0.49,0.0,0.0,20.5,58125,5.06,38.0,0.858
2022-10-13T14:09:45.000,19.99,0.27,0.0,0.0,20.5,58141,8.35,35.0,0.857
2022-10-13T14:10:46.000,20.03,0.33,0.0,0.0,20.5,58142,8.55,35.0,0.857
2022-10-13T14:11:46.000,20.06,0.3,0.0,0.0,20.5,58143,8.76,34.0,0.857
2022-10-13T14:13:46.000,20.09,0.34,0.0,0.0,20.5,58145,9.17,34.0,0.857
2022-10-13T14:14:46.000,20.14,0.19,0.0,0.0,20.5,58146,9.37,34.0,0.857
2022-10-13T14:15:46.000,20.2,0.23,0.0,0.0,20.5,58147,9.57,33.0,0.857
2022-10-13T14:44:49.000,21.67,1.32,0.0,0.0,20.5,58176,15.42,28.0,0.856
2022-10-13T14:45:49.000,21.68,1.19,0.0,0.0,20.5,58177,15.62,27.0,0.856
2022-10-13T14:46:49.000,21.68,1.17,0.0,0.0,20.5,58178,15.81,27.0,0.856
2022-10-13T14:48:56.000,21.66,1.15,0.0,0.0,20.5,58180,16.23,27.0,0.855
2022-10-13T14:49:56.000,21.63,1.25,0.0,0.0,20.5,58181,16.43,27.0,0.855
2022-10-13T14:50:56.000,21.6,1.47,0.0,0.0,20.5,58182,16.63,26.0,0.855
2022-10-13T15:10:58.000,22.58,2.01,0.0,0.0,20.5,58202,20.54,22.0,0.854
2022-10-13T15:11:58.000,22.62,2.01,0.0,0.0,20.5,58203,20.73,22.0,0.854
2022-10-13T15:12:58.000,22.65,1.96,0.0,0.0,20.5,58204,20.92,22.0,0.854
2022-10-13T15:15:03.000,22.82,2.2,0.0,0.0,20.5,58206,21.32,22.0,0.854
2022-10-13T15:16:03.000,22.89,2.25,0.0,0.0,20.5,58207,21.51,21.0,0.854
2022-10-13T15:17:04.000,22.97,2.27,0.0,0.0,20.5,58208,21.71,21.0,0.854
2022-10-13T15:25:04.000,23.37,2.42,0.0,0.0,20.5,58216,23.23,20.0,0.854
2022-10-13T15:26:04.000,23.43,2.54,0.0,0.0,20.5,58217,23.42,19.0,0.854
2022-10-13T15:27:04.000,23.51,2.76,0.0,0.0,20.5,58218,23.61,19.0,0.854
2022-10-13T15:29:10.000,23.72,3.02,0.0,0.0,20.5,58220,24.0,19.0,0.853
2022-10-13T15:30:10.000,23.76,3.12,0.0,0.0,20.5,58221,24.19,19.0,0.853
2022-10-13T15:31:10.000,23.81,3.16,0.0,0.0,20.5,58222,24.38,18.0,0.853
2022-10-13T15:45:11.000,24.19,3.33,0.0,0.0,20.5,58236,26.97,16.0,0.853
2022-10-13T15:46:11.000,24.11,3.61,0.0,0.0,20.5,58237,27.15,15.0,0.853
2022-10-13T15:47:11.000,24.11,4.01,0.0,0.0,20.5,58238,27.33,15.0,0.853
2022-10-13T15:49:17.000,24.26,4.51,0.0,0.0,20.5,58240,27.71,15.0,0.852
2022-10-13T15:50:17.000,24.32,4.58,0.0,0.0,20.5,58241,27.89,15.0,0.852
2022-10-13T15:51:17.000,24.38,4.71,0.0,0.0,20.5,58242,28.07,14.0,0.852
2022-10-13T15:52:18.000,24.46,4.89,0.0,0.0,20.5,58243,28.26,14.0,0.852
2022-10-13T15:53:18.000,24.55,5.15,0.0,0.0,20.5,58244,28.44,14.0,0.852
2022-10-13T15:55:23.000,24.81,5.73,0.0,0.0,20.5,58246,28.81,14.0,0.852
2022-10-13T15:56:24.000,24.95,5.96,0.0,0.0,20.5,58247,28.99,13.0,0.852
2022-10-13T15:57:24.000,25.04,6.14,0.0,0.0,20.5,58248,29.17,13.0,0.852
2022-10-13T16:34:26.000,29.46,11.58,0.0,0.0,20.5,58285,35.46,6.0,0.85
2022-10-13T16:35:26.000,29.51,11.9,0.0,0.0,20.5,58286,35.62,6.0,0.85
2022-10-13T16:36:26.000,29.62,12.11,0.0,0.0,20.5,58287,35.78,6.0,0.85
2022-10-13T16:38:32.000,29.74,12.36,0.0,0.0,20.5,58289,36.11,5.0,0.85
2022-10-13T16:39:32.000,29.8,12.36,0.0,0.0,20.5,58290,36.27,5.0,0.85
2022-10-13T16:40:32.000,29.8,12.48,0.0,0.0,20.5,58291,36.43,5.0,0.85
2022-10-13T16:44:32.000,31.97,16.46,0.0,0.0,20.5,58295,37.05,4.0,0.85
2022-10-13T16:45:32.000,32.66,16.51,0.0,0.0,20.5,58296,37.21,4.0,0.85
2022-10-13T16:46:32.000,33.27,16.55,0.0,0.0,20.5,58297,37.36,4.0,0.85
2022-10-13T16:49:44.000,35.08,17.16,0.0,0.0,20.5,58300,37.85,3.0,0.85
2022-10-13T16:50:45.000,35.65,17.39,0.0,0.0,20.5,58301,38.0,3.0,0.849
2022-10-13T16:51:47.000,36.19,17.17,0.0,0.0,20.5,58302,38.16,3.0,0.849
2022-10-13T16:52:47.000,36.53,16.79,0.0,0.0,20.5,58303,38.31,3.0,0.849
2022-10-13T16:53:47.000,36.67,16.08,0.0,0.0,20.5,58304,38.46,3.0,0.849
2022-10-13T16:54:53.000,36.77,14.67,0.0,0.0,20.5,58305,38.62,2.0,0.849
2022-10-13T16:56:59.000,37.27,17.16,0.0,0.0,20.5,58307,38.93,2.0,0.849
2022-10-13T16:57:59.000,37.74,17.51,0.0,0.0,20.5,58308,39.08,2.0,0.849
2022-10-13T16:58:59.000,38.17,17.29,0.0,0.0,20.5,58309,39.22,2.0,0.849
2022-10-13T17:06:59.000,39.95,16.32,0.0,0.0,20.5,58317,40.36,0.0,0.849
2022-10-13T17:07:59.000,39.36,15.0,0.0,0.0,20.5,58318,40.5,0.0,0.849
2022-10-13T17:08:59.000,39.4,17.03,0.0,0.0,20.5,58319,40.64,-0.0,0.849
2022-10-13T17:11:00.000,39.68,16.05,0.0,0.0,20.5,58321,40.92,-1.0,0.848
2022-10-13T17:12:00.000,39.23,15.61,0.0,0.0,20.5,58322,41.06,-1.0,0.848
2022-10-13T17:13:00.000,39.64,18.09,0.0,0.0,20.5,58323,41.19,-1.0,0.848
2022-10-13T17:20:01.000,42.06,18.96,0.0,0.0,20.5,58330,42.12,-2.0,0.848
2022-10-13T17:21:01.000,42.17,17.66,0.0,0.0,20.5,58331,42.25,-2.0,0.848
2022-10-13T17:22:01.000,42.13,18.0,0.0,0.0,20.5,58332,42.38,-2.0,0.848
2022-10-13T17:25:01.000,42.73,18.45,0.0,0.0,20.5,58335,42.76,-3.0,0.848
2022-10-13T17:26:01.000,42.79,17.36,0.0,0.0,20.5,58336,42.88,-3.0,0.848
2022-10-13T17:27:01.000,42.56,17.49,0.0,0.0,20.5,58337,43.0,-3.0,0.848
2022-10-13T17:29:07.000,42.56,15.84,0.0,0.0,20.5,58339,43.26,-4.0,0.848
