Downloads/jupyter/ECSV/stars19/stars19_2019-07.ecsv
# %ECSV 1.0
# ---
# datatype:
# - {name: time, datatype: string}
# - {name: Enclosure Temperature, unit: deg_C, datatype: float64}
# - {name: Sky Temperature, unit: deg_C, datatype: float64}
# - {name: Frequency, unit: Hz, datatype: float64}
# - {name: MSAS, unit: mag / arcsec2, datatype: float64}
# - {name: ZP, datatype: float64}
# - {name: Sequence Number, datatype: int64}
# - {name: Sun Alt, unit: deg, datatype: float64}
# - {name: Moon Alt, unit: deg, datatype: float64}
# - {name: Moon Illumination, datatype: float64}
# delimiter: ','
# meta: !!omap
# - ida:
#     Data supplier: {affiliation: null, observer: null}
#     Device type: TESS-W
#     Field of view: 17.0
#     Filters per channel: None
#     Instrument ID: stars19
#     License: ODbL 1.0 http://opendatacommons.org/licenses/odbl/summary/
#     Local timezone: America/Phoenix
#     Location name: {country: '- Tucson', place: Tucson, region: United States, sub_region: Arizona, town: Pima County}
#     Measurement direction per channel: {azimuth: 0.0, zenital: 0.0}
#     Moving / Fixed look direction: FIXED
#     Moving / Stationary position: STATIONARY
#     Number of channels: 1
#     Number of fields per line: 8
#     Number of header lines: 35
#     Position: {height: 0.0, latitude: 32.223877, longitude: -110.767532}
#     TESS MAC address: 18:FE:34:CF:EC:06
#     TESS cover offset value: 0.0
#     TESS firmware version: '1.0'
#     TESS zero point: 20.5
#     Time Synchronization: timestamp added by MQTT subscriber
#     URL: http://www.darksky.org/NSBM/sdf1.0.pdf
# - __serialized_columns__:
#     Enclosure Temperature:
#       __class__: astropy.units.quantity.Quantity
#       unit: &id001 !astropy.units.Unit {unit: deg_C}
#       value: !astropy.table.SerializedColumn {name: Enclosure Temperature}
#     Frequency:
#       __class__: astropy.units.quantity.Quantity
#       unit: !astropy.units.Unit {unit: Hz}
#       value: !astropy.table.SerializedColumn {name: Frequency}
#     MSAS:
#       __class__: astropy.units.quantity.Quantity
#       unit: !astropy.units.Unit {unit: mag / arcsec2}
#       value: !astropy.table.SerializedColumn {name: MSAS}
#     Moon Alt:
#       __class__: astropy.units.quantity.Quantity
#       unit: &id002 !astropy.units.Unit {unit: deg}
#       value: !astropy.table.SerializedColumn {name: Moon Alt}
#     Sky Temperature:
#       __class__: astropy.units.quantity.Quantity
#       unit: *id001
#       value: !astropy.table.SerializedColumn {name: Sky Temperature}
#     Sun Alt:
#       __class__: astropy.units.quantity.Quantity
#       unit: *id002
#       value: !astropy.table.SerializedColumn {name: Sun Alt}
#     time:
#       __class__: astropy.time.core.Time
#       format: isot
#       in_subfmt: '*'
#       out_subfmt: '*'
#       precision: 3
#       scale: utc
#       value: !astropy.table.SerializedColumn {name: time}
# schema: astropy-2.0
time,Enclosure Temperature,Sky Temperature,Frequency,MSAS,ZP,Sequence Number,Sun Alt,Moon Alt,Moon Illumination
[from data line 2345]
2019-07-26T04:27:18.000,33.32,17.34,5.05,18.62,20.5,3206,-22.35,-35.0,0.388
2019-07-26T04:28:18.000,33.29,17.35,4.92,18.65,20.5,3207,-22.5,-35.0,0.388
2019-07-26T04:29:19.000,33.28,17.31,4.81,18.67,20.5,3208,-22.66,-35.0,0.388
2019-07-26T04:30:19.000,33.27,17.3,4.71,18.7,20.5,3209,-22.81,-35.0,0.388
2019-07-26T04:31:19.000,33.26,17.32,4.62,18.72,20.5,3210,-22.96,-35.0,0.388
2019-07-26T04:32:19.000,33.26,17.22,4.57,18.73,20.5,3211,-23.11,-35.0,0.388
2019-07-26T04:33:19.000,33.22,17.2,4.55,18.74,20.5,3212,-23.26,-34.0,0.388
2019-07-26T04:34:19.000,33.25,17.29,4.52,18.74,20.5,3213,-23.41,-34.0,0.388
2019-07-26T04:35:19.000,33.28,17.27,4.47,18.76,20.5,3214,-23.56,-34.0,0.388
2019-07-26T04:36:19.000,33.3,17.19,4.41,18.77,20.5,3215,-23.71,-34.0,0.388
2019-07-26T04:37:19.000,33.3,17.12,4.37,18.78,20.5,3216,-23.86,-34.0,0.388
2019-07-26T04:38:20.000,33.27,17.03,4.33,18.79,20.5,3217,-24.01,-34.0,0.388
2019-07-26T04:39:20.000,33.24,17.12,4.28,18.8,20.5,3218,-24.16,-34.0,0.388
2019-07-26T04:40:20.000,33.22,17.02,4.2,18.82,20.5,3219,-24.31,-33.0,0.388
2019-07-26T04:41:20.000,33.18,17.02,4.11,18.85,20.5,3220,-24.46,-33.0,0.387
2019-07-26T04:42:21.000,33.18,17.07,4.02,18.87,20.5,3221,-24.61,-33.0,0.387
2019-07-26T04:43:21.000,33.2,17.01,3.97,18.88,20.5,3222,-24.75,-33.0,0.387
2019-07-26T04:44:21.000,33.16,16.92,4.0,18.87,20.5,3223,-24.9,-33.0,0.387
2019-07-26T04:45:21.000,33.17,16.99,4.11,18.85,20.5,3224,-25.04,-33.0,0.387
2019-07-26T04:46:21.000,33.15,16.93,4.14,18.84,20.5,3225,-25.19,-33.0,0.387
2019-07-26T04:47:21.000,33.15,16.94,4.12,18.84,20.5,3226,-25.33,-32.0,0.387
2019-07-26T04:48:21.000,33.15,16.97,4.13,18.84,20.5,3227,-25.47,-32.0,0.387
2019-07-26T04:49:21.000,33.15,16.97,4.18,18.83,20.5,3228,-25.62,-32.0,0.387
2019-07-26T04:50:21.000,33.14,16.98,4.25,18.81,20.5,3229,-25.76,-32.0,0.387
2019-07-26T04:51:22.000,33.13,17.11,4.34,18.79,20.5,3230,-25.9,-32.0,0.387
2019-07-26T04:52:22.000,33.11,17.2,4.42,18.77,20.5,3231,-26.04,-32.0,0.387
2019-07-26T04:53:22.000,33.1,17.26,4.44,18.76,20.5,3232,-26.19,-31.0,0.387
2019-07-26T04:54:22.000,33.1,17.24,4.43,18.76,20.5,3233,-26.32,-31.0,0.387
2019-07-26T04:55:22.000,33.1,17.1,4.4,18.77,20.5,3234,-26.46,-31.0,0.386
2019-07-26T04:56:22.000,33.08,16.97,4.38,18.78,20.5,3235,-26.6,-31.0,0.386
2019-07-26T04:57:22.000,33.04,16.85,4.4,18.77,20.5,3236,-26.74,-31.0,0.386
2019-07-26T04:58:23.000,33.01,16.89,4.45,18.76,20.5,3237,-26.88,-31.0,0.386
2019-07-26T04:59:23.000,32.96,16.87,4.52,18.74,20.5,3238,-27.02,-31.0,0.386
2019-07-26T05:00:23.000,32.92,16.99,4.59,18.72,20.5,3239,-27.15,-30.0,0.386
2019-07-26T05:01:23.000,32.92,17.12,4.64,18.71,20.5,3240,-27.29,-30.0,0.386
2019-07-26T05:02:23.000,32.93,17.05,4.68,18.71,20.5,3241,-27.42,-30.0,0.386
2019-07-26T05:03:23.000,32.87,16.91,4.73,18.69,20.5,3242,-27.56,-30.0,0.386
2019-07-26T05:04:23.000,32.86,16.96,4.8,18.68,20.5,3243,-27.69,-30.0,0.386
2019-07-26T05:05:24.000,32.83,16.94,4.93,18.65,20.5,3244,-27.83,-30.0,0.386
2019-07-26T05:06:24.000,32.79,16.9,5.06,18.62,20.5,3245,-27.96,-29.0,0.386
2019-07-26T05:07:24.000,32.78,16.98,5.06,18.62,20.5,3246,-28.09,-29.0,0.386
2019-07-26T05:08:24.000,32.75,17.0,5.02,18.63,20.5,3247,-28.22,-29.0,0.386
2019-07-26T05:09:24.000,32.69,16.89,4.97,18.64,20.5,3248,-28.35,-29.0,0.385
2019-07-26T05:10:24.000,32.61,16.91,4.94,18.65,20.5,3249,-28.48,-29.0,0.385
2019-07-26T05:11:24.000,32.56,17.01,4.93,18.65,20.5,3250,-28.61,-29.0,0.385
2019-07-26T05:12:24.000,32.56,17.13,4.89,18.66,20.5,3251,-28.74,-28.0,0.385
2019-07-26T05:13:24.000,32.56,17.08,4.82,18.67,20.5,3252,-28.87,-28.0,0.385
2019-07-26T05:14:25.000,32.52,17.05,4.76,18.69,20.5,3253,-29.0,-28.0,0.385
2019-07-26T05:15:25.000,32.52,17.09,4.67,18.71,20.5,3254,-29.13,-28.0,0.385
2019-07-26T05:16:25.000,32.51,17.07,4.5,18.75,20.5,3255,-29.25,-28.0,0.385
2019-07-26T05:17:25.000,32.5,17.08,4.5,18.75,20.5,3256,-29.38,-28.0,0.385
2019-07-26T05:18:25.000,32.5,17.04,4.55,18.74,20.5,3257,-29.5,-27.0,0.385
2019-07-26T05:20:25.000,32.43,16.91,4.71,18.7,20.5,3259,-29.75,-27.0,0.385
2019-07-26T05:21:26.000,32.38,16.98,4.77,18.68,20.5,3260,-29.87,-27.0,0.385
2019-07-26T05:23:26.000,32.39,17.04,4.89,18.66,20.5,3262,-30.12,-27.0,0.385
2019-07-26T05:24:26.000,32.36,17.09,4.96,18.64,20.5,3263,-30.24,-26.0,0.384
2019-07-26T05:26:26.000,32.38,17.15,5.21,18.59,20.5,3265,-30.47,-26.0,0.384
2019-07-26T05:27:26.000,32.37,17.15,5.24,18.58,20.5,3266,-30.59,-26.0,0.384
2019-07-26T05:28:28.000,32.38,17.27,5.29,18.57,20.5,3267,-30.71,-26.0,0.384
2019-07-26T05:33:33.000,32.35,17.42,6.01,18.43,20.5,3272,-31.3,-25.0,0.384
2019-07-26T05:34:34.000,32.33,17.26,6.19,18.4,20.5,3273,-31.41,-25.0,0.384
2019-07-26T05:35:34.000,32.29,17.33,6.34,18.37,20.5,3274,-31.53,-25.0,0.384
2019-07-26T05:36:34.000,32.29,17.4,6.52,18.34,20.5,3275,-31.64,-24.0,0.384
2019-07-26T05:37:34.000,32.23,17.25,6.73,18.31,20.5,3276,-31.75,-24.0,0.384
2019-07-26T05:38:34.000,32.19,17.38,6.87,18.29,20.5,3277,-31.86,-24.0,0.383
2019-07-26T05:39:34.000,32.11,17.32,6.96,18.27,20.5,3278,-31.97,-24.0,0.383
2019-07-26T05:40:34.000,32.1,17.36,7.06,18.26,20.5,3279,-32.08,-24.0,0.383
2019-07-26T05:41:34.000,32.07,17.47,7.17,18.24,20.5,3280,-32.18,-24.0,0.383
2019-07-26T05:42:35.000,32.12,17.73,7.21,18.24,20.5,3281,-32.29,-23.0,0.383
2019-07-26T05:43:35.000,32.19,17.77,7.23,18.23,20.5,3282,-32.4,-23.0,0.383
2019-07-26T05:44:35.000,32.22,17.7,7.23,18.23,20.5,3283,-32.5,-23.0,0.383
2019-07-26T05:45:35.000,32.23,17.77,7.19,18.24,20.5,3284,-32.61,-23.0,0.383
2019-07-26T05:46:35.000,32.28,17.84,7.17,18.24,20.5,3285,-32.71,-23.0,0.383
2019-07-26T05:47:35.000,32.31,17.82,7.18,18.24,20.5,3286,-32.81,-23.0,0.383
2019-07-26T05:48:35.000,32.29,17.62,7.17,18.24,20.5,3287,-32.92,-22.0,0.383
2019-07-26T05:49:36.000,32.24,17.52,7.14,18.25,20.5,3288,-33.02,-22.0,0.383
2019-07-26T05:50:36.000,32.2,17.52,7.05,18.26,20.5,3289,-33.12,-22.0,0.383
2019-07-26T05:51:36.000,32.2,17.63,7.05,18.26,20.5,3290,-33.22,-22.0,0.383
2019-07-26T05:52:36.000,32.15,17.36,6.96,18.27,20.5,3291,-33.32,-22.0,0.383
2019-07-26T05:53:36.000,32.14,17.61,6.89,18.28,20.5,3292,-33.41,-21.0,0.382
2019-07-26T05:54:36.000,32.14,17.53,6.81,18.3,20.5,3293,-33.51,-21.0,0.382
2019-07-26T05:55:36.000,32.09,17.25,6.72,18.31,20.5,3294,-33.61,-21.0,0.382
2019-07-26T05:58:42.000,32.04,17.43,6.43,18.36,20.5,3297,-33.9,-21.0,0.382
2019-07-26T05:59:42.000,32.04,17.52,6.34,18.37,20.5,3298,-33.99,-20.0,0.382
2019-07-26T06:00:42.000,32.06,17.29,6.22,18.39,20.5,3299,-34.08,-20.0,0.382
2019-07-26T06:01:42.000,31.97,17.15,6.09,18.42,20.5,3300,-34.17,-20.0,0.382
2019-07-26T06:02:43.000,31.95,17.19,5.92,18.45,20.5,3301,-34.27,-20.0,0.382
2019-07-26T06:03:43.000,31.92,17.13,5.74,18.48,20.5,3302,-34.35,-20.0,0.382
2019-07-26T06:04:43.000,31.92,17.22,5.6,18.51,20.5,3303,-34.44,-19.0,0.382
2019-07-26T06:05:43.000,31.91,17.15,5.48,18.53,20.5,3304,-34.53,-19.0,0.382
2019-07-26T06:06:44.000,31.92,17.13,5.39,18.55,20.5,3305,-34.62,-19.0,0.382
2019-07-26T06:07:43.000,31.91,17.01,5.3,18.57,20.5,3306,-34.7,-19.0,0.381
2019-07-26T06:08:44.000,31.91,17.09,5.2,18.59,20.5,3307,-34.79,-19.0,0.381
2019-07-26T06:09:44.000,31.87,16.8,5.09,18.61,20.5,3308,-34.87,-19.0,0.381
2019-07-26T06:10:44.000,31.8,16.84,5.01,18.63,20.5,3309,-34.95,-18.0,0.381
2019-07-26T06:11:44.000,31.75,16.81,4.97,18.64,20.5,3310,-35.04,-18.0,0.381
2019-07-26T06:12:44.000,31.73,16.9,4.95,18.64,20.5,3311,-35.12,-18.0,0.381
2019-07-26T06:13:44.000,31.72,16.84,4.94,18.65,20.5,3312,-35.2,-18.0,0.381
2019-07-26T06:14:44.000,31.64,16.72,4.92,18.65,20.5,3313,-35.27,-18.0,0.381
2019-07-26T06:15:44.000,31.58,16.62,4.88,18.66,20.5,3314,-35.35,-17.0,0.381
2019-07-26T06:16:44.000,31.55,16.85,4.81,18.67,20.5,3315,-35.43,-17.0,0.381
2019-07-26T06:17:45.000,31.54,16.72,4.79,18.68,20.5,3316,-35.51,-17.0,0.381
2019-07-26T06:18:45.000,31.55,16.92,4.81,18.68,20.5,3317,-35.58,-17.0,0.381
2019-07-26T06:19:45.000,31.57,16.8,4.83,18.67,20.5,3318,-35.66,-17.0,0.381
2019-07-26T06:20:45.000,31.49,16.53,4.83,18.67,20.5,3319,-35.73,-17.0,0.381
2019-07-26T06:21:45.000,31.44,16.64,4.79,18.68,20.5,3320,-35.8,-16.0,0.38
2019-07-26T06:22:45.000,31.46,16.86,4.71,18.7,20.5,3321,-35.87,-16.0,0.38
2019-07-26T06:23:45.000,31.54,16.88,4.6,18.72,20.5,3322,-35.94,-16.0,0.38
2019-07-26T06:24:45.000,31.56,16.74,4.54,18.74,20.5,3323,-36.01,-16.0,0.38
2019-07-26T06:25:45.000,31.57,16.75,4.5,18.75,20.5,3324,-36.08,-16.0,0.38
2019-07-26T06:26:46.000,31.59,16.71,4.51,18.74,20.5,3325,-36.15,-15.0,0.38
2019-07-26T06:27:46.000,31.62,16.81,4.56,18.73,20.5,3326,-36.22,-15.0,0.38
2019-07-26T06:28:46.000,31.63,16.66,4.58,18.73,20.5,3327,-36.28,-15.0,0.38
2019-07-26T06:30:46.000,31.59,16.6,4.53,18.74,20.5,3329,-36.41,-15.0,0.38
2019-07-26T06:31:46.000,31.6,16.47,4.5,18.75,20.5,3330,-36.47,-14.0,0.38
2019-07-26T06:32:47.000,31.58,16.59,4.44,18.76,20.5,3331,-36.54,-14.0,0.38
2019-07-26T06:33:47.000,31.6,16.56,4.34,18.79,20.5,3332,-36.6,-14.0,0.38
2019-07-26T06:34:47.000,31.63,16.58,4.26,18.81,20.5,3333,-36.66,-14.0,0.38
2019-07-26T06:35:47.000,31.65,16.56,4.22,18.82,20.5,3334,-36.72,-14.0,0.38
2019-07-26T06:36:47.000,31.65,16.49,4.19,18.82,20.5,3335,-36.77,-14.0,0.379
2019-07-26T06:37:47.000,31.67,16.56,4.11,18.84,20.5,3336,-36.83,-13.0,0.379
2019-07-26T06:38:47.000,31.7,16.56,4.0,18.87,20.5,3337,-36.88,-13.0,0.379
2019-07-26T06:39:47.000,31.69,16.46,3.92,18.9,20.5,3338,-36.94,-13.0,0.379
2019-07-26T06:40:47.000,31.71,16.52,3.87,18.91,20.5,3339,-36.99,-13.0,0.379
2019-07-26T06:41:47.000,31.71,16.46,3.84,18.92,20.5,3340,-37.04,-13.0,0.379
2019-07-26T06:42:48.000,31.72,16.53,3.82,18.92,20.5,3341,-37.1,-12.0,0.379
2019-07-26T06:43:48.000,31.73,16.48,3.82,18.93,20.5,3342,-37.15,-12.0,0.379
2019-07-26T06:44:49.000,31.74,16.52,3.83,18.92,20.5,3343,-37.2,-12.0,0.379
2019-07-26T06:45:49.000,31.76,16.53,3.85,18.92,20.5,3344,-37.25,-12.0,0.379
2019-07-26T06:46:49.000,31.75,16.44,3.85,18.92,20.5,3345,-37.29,-12.0,0.379
2019-07-26T06:47:49.000,31.76,16.5,3.82,18.92,20.5,3346,-37.34,-11.0,0.379
2019-07-26T06:48:49.000,31.76,16.46,3.8,18.93,20.5,3347,-37.38,-11.0,0.379
2019-07-26T06:49:49.000,31.76,16.47,3.8,18.93,20.5,3348,-37.43,-11.0,0.379
2019-07-26T06:50:49.000,31.76,16.46,3.8,18.93,20.5,3349,-37.47,-11.0,0.378
2019-07-26T06:51:49.000,31.74,16.43,3.8,18.93,20.5,3350,-37.51,-11.0,0.378
2019-07-26T06:52:49.000,31.75,16.48,3.81,18.93,20.5,3351,-37.55,-11.0,0.378
2019-07-26T06:53:50.000,31.75,16.42,3.86,18.91,20.5,3352,-37.59,-10.0,0.378
2019-07-26T06:54:49.000,31.76,16.45,3.91,18.9,20.5,3353,-37.63,-10.0,0.378
2019-07-26T06:55:51.000,31.76,16.37,3.96,18.88,20.5,3354,-37.67,-10.0,0.378
2019-07-26T06:56:51.000,31.74,16.32,4.0,18.88,20.5,3355,-37.71,-10.0,0.378
2019-07-26T06:57:51.000,31.74,16.37,3.99,18.88,20.5,3356,-37.74,-10.0,0.378
2019-07-26T06:58:51.000,31.74,16.36,3.94,18.89,20.5,3357,-37.78,-9.0,0.378
2019-07-26T06:59:52.000,31.75,16.31,3.91,18.9,20.5,3358,-37.81,-9.0,0.378
2019-07-26T07:00:52.000,31.74,16.22,3.85,18.92,20.5,3359,-37.84,-9.0,0.378
2019-07-26T07:01:52.000,31.74,16.26,3.78,18.94,20.5,3360,-37.88,-9.0,0.378
2019-07-26T07:02:52.000,31.73,16.21,3.74,18.95,20.5,3361,-37.91,-9.0,0.378
2019-07-26T07:03:52.000,31.73,16.16,3.67,18.97,20.5,3362,-37.93,-8.0,0.378
2019-07-26T07:04:52.000,31.71,16.11,3.59,18.99,20.5,3363,-37.96,-8.0,0.378
2019-07-26T07:05:52.000,31.7,16.12,3.5,19.02,20.5,3364,-37.99,-8.0,0.377
2019-07-26T07:06:52.000,31.7,16.07,3.42,19.04,20.5,3365,-38.02,-8.0,0.377
2019-07-26T07:08:54.000,31.7,16.03,3.27,19.09,20.5,3367,-38.06,-7.0,0.377
2019-07-26T07:09:54.000,31.71,15.99,3.19,19.13,20.5,3368,-38.09,-7.0,0.377
2019-07-26T07:10:54.000,31.73,15.95,3.17,19.13,20.5,3369,-38.11,-7.0,0.377
2019-07-26T07:11:54.000,31.72,15.8,3.13,19.14,20.5,3370,-38.13,-7.0,0.377
2019-07-26T07:12:54.000,31.7,15.77,3.1,19.15,20.5,3371,-38.15,-7.0,0.377
2019-07-26T07:13:54.000,31.69,15.73,3.07,19.16,20.5,3372,-38.17,-6.0,0.377
2019-07-26T07:14:54.000,31.64,15.69,3.05,19.17,20.5,3373,-38.18,-6.0,0.377
2019-07-26T07:15:55.000,31.64,15.71,3.02,19.18,20.5,3374,-38.2,-6.0,0.377
2019-07-26T07:16:55.000,31.64,15.72,3.0,19.19,20.5,3375,-38.21,-6.0,0.377
2019-07-26T07:17:55.000,31.66,15.74,2.98,19.19,20.5,3376,-38.23,-6.0,0.377
2019-07-26T07:18:55.000,31.68,15.74,2.95,19.21,20.5,3377,-38.24,-5.0,0.377
2019-07-26T07:20:55.000,31.7,15.72,2.93,19.21,20.5,3379,-38.26,-5.0,0.376
2019-07-26T07:21:57.000,31.71,15.73,2.92,19.21,20.5,3380,-38.27,-5.0,0.376
2019-07-26T07:23:57.000,31.7,15.63,2.92,19.22,20.5,3382,-38.29,-4.0,0.376
2019-07-26T07:24:58.000,31.69,15.69,2.92,19.22,20.5,3383,-38.29,-4.0,0.376
2019-07-26T07:25:58.000,31.7,15.68,2.92,19.22,20.5,3384,-38.3,-4.0,0.376
2019-07-26T07:26:58.000,31.7,15.62,2.93,19.21,20.5,3385,-38.3,-4.0,0.376
2019-07-26T07:27:58.000,31.7,15.61,2.93,19.21,20.5,3386,-38.3,-4.0,0.376
2019-07-26T07:28:58.000,31.64,15.37,2.92,19.22,20.5,3387,-38.3,-3.0,0.376
2019-07-26T07:29:58.000,31.6,15.54,2.9,19.22,20.5,3388,-38.3,-3.0,0.376
2019-07-26T07:30:58.000,31.61,15.56,2.84,19.25,20.5,3389,-38.3,-3.0,0.376
2019-07-26T07:31:58.000,31.62,15.52,2.81,19.26,20.5,3390,-38.3,-3.0,0.376
2019-07-26T07:32:58.000,31.61,15.39,2.77,19.27,20.5,3391,-38.3,-3.0,0.376
2019-07-26T07:33:58.000,31.61,15.41,2.75,19.28,20.5,3392,-38.29,-2.0,0.375
2019-07-26T07:34:59.000,31.59,15.24,2.7,19.3,20.5,3393,-38.29,-2.0,0.375
2019-07-26T07:35:59.000,31.57,15.24,2.66,19.32,20.5,3394,-38.28,-2.0,0.375
2019-07-26T07:36:59.000,31.51,14.99,2.63,19.33,20.5,3395,-38.28,-2.0,0.375
2019-07-26T07:37:59.000,31.43,15.15,2.58,19.35,20.5,3396,-38.27,-2.0,0.375
2019-07-26T07:38:59.000,31.45,15.21,2.57,19.36,20.5,3397,-38.26,-1.0,0.375
2019-07-26T07:39:59.000,31.47,15.18,2.54,19.37,20.5,3398,-38.25,-1.0,0.375
2019-07-26T07:41:01.000,31.48,15.14,2.53,19.37,20.5,3399,-38.23,-1.0,0.375
2019-07-26T07:42:01.000,31.46,15.06,2.51,19.38,20.5,3400,-38.22,-1.0,0.375
2019-07-26T07:43:02.000,31.43,15.14,2.51,19.38,20.5,3401,-38.21,-1.0,0.375
2019-07-26T07:44:02.000,31.42,15.09,2.52,19.38,20.5,3402,-38.19,-0.0,0.375
2019-07-26T07:45:02.000,31.4,15.11,2.51,19.38,20.5,3403,-38.18,-0.0,0.375
2019-07-26T07:46:02.000,31.4,15.09,2.51,19.38,20.5,3404,-38.16,-0.0,0.375
2019-07-26T07:47:02.000,31.38,15.1,2.52,19.38,20.5,3405,-38.14,0.0,0.375
2019-07-26T07:48:03.000,31.38,15.09,2.54,19.37,20.5,3406,-38.12,0.0,0.375
2019-07-26T07:49:03.000,31.38,15.05,2.53,19.37,20.5,3407,-38.1,1.0,0.374
2019-07-26T07:51:03.000,31.24,14.65,2.54,19.37,20.5,3409,-38.05,1.0,0.374
2019-07-26T07:52:03.000,31.17,14.79,2.55,19.36,20.5,3410,-38.03,1.0,0.374
2019-07-26T07:53:03.000,31.18,14.95,2.57,19.35,20.5,3411,-38.0,1.0,0.374
2019-07-26T07:54:04.000,31.17,14.91,2.59,19.35,20.5,3412,-37.98,2.0,0.374
2019-07-26T07:56:04.000,31.01,14.59,2.64,19.33,20.5,3414,-37.92,2.0,0.374
2019-07-26T07:57:04.000,30.92,14.77,2.66,19.32,20.5,3415,-37.89,2.0,0.374
2019-07-26T07:58:04.000,30.95,15.02,2.69,19.3,20.5,3416,-37.86,2.0,0.374
2019-07-26T07:59:04.000,30.97,14.89,2.73,19.29,20.5,3417,-37.83,3.0,0.374
2019-07-26T08:00:04.000,30.98,14.99,2.76,19.28,20.5,3418,-37.8,3.0,0.374
2019-07-26T08:01:04.000,31.01,15.0,2.82,19.25,20.5,3419,-37.76,3.0,0.374
2019-07-26T08:02:04.000,31.02,15.04,2.84,19.25,20.5,3420,-37.73,3.0,0.374
2019-07-26T08:03:05.000,31.04,15.05,2.9,19.23,20.5,3421,-37.69,3.0,0.373
2019-07-26T08:04:05.000,31.04,15.05,2.92,19.22,20.5,3422,-37.66,4.0,0.373
2019-07-26T08:05:05.000,31.07,15.13,2.96,19.2,20.5,3423,-37.62,4.0,0.373
2019-07-26T08:06:05.000,31.07,15.07,3.02,19.18,20.5,3424,-37.58,4.0,0.373
2019-07-26T08:07:05.000,31.08,15.23,3.07,19.16,20.5,3425,-37.54,4.0,0.373
2019-07-26T08:08:05.000,31.1,15.21,3.12,19.14,20.5,3426,-37.5,4.0,0.373
2019-07-26T08:09:05.000,31.09,15.15,3.16,19.13,20.5,3427,-37.45,5.0,0.373
2019-07-26T08:10:05.000,31.1,15.29,3.21,19.11,20.5,3428,-37.41,5.0,0.373
2019-07-26T08:11:06.000,31.1,15.29,3.26,19.1,20.5,3429,-37.37,5.0,0.373
2019-07-26T08:12:06.000,31.09,15.26,3.3,19.08,20.5,3430,-37.32,5.0,0.373
2019-07-26T08:13:06.000,31.09,15.36,3.35,19.07,20.5,3431,-37.27,5.0,0.373
2019-07-26T08:14:06.000,31.1,15.35,3.41,19.05,20.5,3432,-37.23,6.0,0.373
