Downloads/jupyter/ECSV/stars19/stars19_2022-01.ecsv
# %ECSV 1.0
# ---
# datatype:
# - {name: time, datatype: string}
# - {name: Enclosure Temperature, unit: deg_C, datatype: float64}
# - {name: Sky Temperature, unit: deg_C, datatype: float64}
# - {name: Frequency, unit: Hz, datatype: float64}
# - {name: MSAS, unit: mag / arcsec2, datatype: float64}
# - {name: ZP, datatype: float64}
# - {name: Sequence Number, datatype: int64}
# - {name: Sun Alt, unit: deg, datatype: float64}
# - {name: Moon Alt, unit: deg, datatype: float64}
# - {name: Moon Illumination, datatype: float64}
# delimiter: ','
# meta: !!omap
# - ida:
#     Data supplier: {affiliation: null, observer: null}
#     Device type: TESS-W
#     Field of view: 17.0
#     Filters per channel: None
#     Instrument ID: stars19
#     License: ODbL 1.0 http://opendatacommons.org/licenses/odbl/summary/
#     Local timezone: America/Phoenix
#     Location name: {country: '- Tucson', place: Tucson, region: United States, sub_region: Arizona, town: Pima County}
#     Measurement direction per channel: {azimuth: 0.0, zenital: 0.0}
#     Moving / Fixed look direction: FIXED
#     Moving / Stationary position: STATIONARY
#     Number of channels: 1
#     Number of fields per line: 8
#     Number of header lines: 35
#     Position: {height: 0.0, latitude: 32.223877, longitude: -110.767532}
#     TESS MAC address: 18:FE:34:CF:EC:06
#     TESS cover offset value: 0.0
#     TESS firmware version: '1.0'
#     TESS zero point: 20.5
#     Time Synchronization: timestamp added by MQTT subscriber
#     URL: http://www.darksky.org/NSBM/sdf1.0.pdf
# - __serialized_columns__:
#     Enclosure Temperature:
#       __class__: astropy.units.quantity.Quantity
#       unit: &id001 !astropy.units.Unit {unit: deg_C}
#       value: !astropy.table.SerializedColumn {name: Enclosure Temperature}
#     Frequency:
#       __class__: astropy.units.quantity.Quantity
#       unit: !astropy.units.Unit {unit: Hz}
#       value: !astropy.table.SerializedColumn {name: Frequency}
#     MSAS:
#       __class__: astropy.units.quantity.Quantity
#       unit: !astropy.units.Unit {unit: mag / arcsec2}
#       value: !astropy.table.SerializedColumn {name: MSAS}
#     Moon Alt:
#       __class__: astropy.units.quantity.Quantity
#       unit: &id002 !astropy.units.Unit {unit: deg}
#       value: !astropy.table.SerializedColumn {name: Moon Alt}
#     Sky Temperature:
#       __class__: astropy.units.quantity.Quantity
#       unit: *id001
#       value: !astropy.table.SerializedColumn {name: Sky Temperature}
#     Sun Alt:
#       __class__: astropy.units.quantity.Quantity
#       unit: *id002
#       value: !astropy.table.SerializedColumn {name: Sun Alt}
#     time:
#       __class__: astropy.time.core.Time
#       format: isot
#       in_subfmt: '*'
#       out_subfmt: '*'
#       precision: 3
#       scale: utc
#       value: !astropy.table.SerializedColumn {name: time}
# schema: astropy-2.0
time,Enclosure Temperature,Sky Temperature,Frequency,MSAS,ZP,Sequence Number,Sun Alt,Moon Alt,Moon Illumination
[from data line 6250]
2022-01-09T05:50:37.000,12.11,-9.07,1.52,19.92,20.5,355591,-65.76,15.0,0.45
2022-01-09T05:51:37.000,12.1,-9.18,1.49,19.94,20.5,355592,-65.96,15.0,0.45
2022-01-09T05:52:37.000,12.06,-9.13,1.49,19.95,20.5,355593,-66.16,15.0,0.45
2022-01-09T05:53:37.000,12.07,-9.09,1.51,19.93,20.5,355594,-66.36,14.0,0.45
2022-01-09T05:54:37.000,12.06,-9.11,1.54,19.91,20.5,355595,-66.55,14.0,0.45
2022-01-09T05:55:37.000,12.03,-9.19,1.57,19.89,20.5,355596,-66.75,14.0,0.45
2022-01-09T05:56:37.000,12.01,-9.17,1.5,19.94,20.5,355597,-66.95,14.0,0.45
2022-01-09T05:57:38.000,12.0,-9.18,1.43,19.99,20.5,355598,-67.15,14.0,0.45
2022-01-09T05:58:38.000,11.99,-9.21,1.42,20.0,20.5,355599,-67.35,13.0,0.451
2022-01-09T05:59:38.000,11.97,-9.2,1.42,20.0,20.5,355600,-67.55,13.0,0.451
2022-01-09T06:00:38.000,11.96,-9.21,1.44,19.99,20.5,355601,-67.75,13.0,0.451
2022-01-09T06:01:38.000,11.95,-9.08,1.45,19.98,20.5,355602,-67.94,13.0,0.451
2022-01-09T06:02:38.000,11.96,-9.02,1.44,19.98,20.5,355603,-68.14,13.0,0.451
2022-01-09T06:03:38.000,11.96,-9.08,1.42,20.0,20.5,355604,-68.33,12.0,0.451
2022-01-09T06:04:38.000,11.96,-9.06,1.38,20.03,20.5,355605,-68.53,12.0,0.451
2022-01-09T06:05:38.000,11.96,-9.13,1.33,20.07,20.5,355606,-68.72,12.0,0.451
2022-01-09T06:06:38.000,11.94,-9.17,1.32,20.08,20.5,355607,-68.92,12.0,0.451
2022-01-09T06:07:38.000,11.9,-9.26,1.33,20.07,20.5,355608,-69.11,12.0,0.451
2022-01-09T06:08:38.000,11.87,-9.23,1.33,20.07,20.5,355609,-69.3,11.0,0.451
2022-01-09T06:09:38.000,11.86,-9.11,1.33,20.07,20.5,355610,-69.5,11.0,0.451
2022-01-09T06:10:38.000,11.9,-9.06,1.34,20.06,20.5,355611,-69.69,11.0,0.451
2022-01-09T06:11:38.000,11.9,-9.06,1.35,20.05,20.5,355612,-69.88,11.0,0.451
2022-01-09T06:12:38.000,11.92,-9.1,1.37,20.04,20.5,355613,-70.07,11.0,0.451
2022-01-09T06:13:39.000,11.9,-9.11,1.39,20.02,20.5,355614,-70.26,10.0,0.452
2022-01-09T06:14:39.000,11.86,-9.21,1.35,20.05,20.5,355615,-70.45,10.0,0.452
2022-01-09T06:15:39.000,11.82,-9.3,1.32,20.08,20.5,355616,-70.64,10.0,0.452
2022-01-09T06:16:39.000,11.79,-9.18,1.36,20.04,20.5,355617,-70.83,10.0,0.452
2022-01-09T06:17:39.000,11.81,-9.1,1.31,20.08,20.5,355618,-71.02,10.0,0.452
2022-01-09T06:18:39.000,11.81,-9.17,1.31,20.09,20.5,355619,-71.2,9.0,0.452
2022-01-09T06:19:39.000,11.8,-9.16,1.3,20.09,20.5,355620,-71.39,9.0,0.452
2022-01-09T06:20:39.000,11.79,-9.17,1.29,20.1,20.5,355621,-71.58,9.0,0.452
2022-01-09T06:21:39.000,11.78,-9.22,1.29,20.11,20.5,355622,-71.76,9.0,0.452
2022-01-09T06:22:39.000,11.75,-9.38,1.28,20.11,20.5,355623,-71.94,9.0,0.452
2022-01-09T06:23:39.000,11.72,-9.29,1.28,20.11,20.5,355624,-72.13,8.0,0.452
2022-01-09T06:24:39.000,11.72,-9.29,1.28,20.12,20.5,355625,-72.31,8.0,0.452
2022-01-09T06:25:39.000,11.68,-9.37,1.27,20.12,20.5,355626,-72.49,8.0,0.452
2022-01-09T06:26:39.000,11.67,-9.32,1.26,20.13,20.5,355627,-72.67,8.0,0.452
2022-01-09T06:27:39.000,11.65,-9.4,1.26,20.13,20.5,355628,-72.85,7.0,0.453
2022-01-09T06:28:39.000,11.62,-9.31,1.25,20.14,20.5,355629,-73.03,7.0,0.453
2022-01-09T06:29:39.000,11.62,-9.31,1.26,20.13,20.5,355630,-73.2,7.0,0.453
2022-01-09T06:30:40.000,11.6,-9.37,1.31,20.09,20.5,355631,-73.38,7.0,0.453
2022-01-09T06:31:40.000,11.57,-9.39,1.37,20.04,20.5,355632,-73.56,7.0,0.453
2022-01-09T06:32:40.000,11.55,-9.28,1.29,20.1,20.5,355633,-73.73,6.0,0.453
2022-01-09T06:33:40.000,11.51,-9.33,1.26,20.13,20.5,355634,-73.9,6.0,0.453
2022-01-09T06:34:40.000,11.5,-9.31,1.34,20.06,20.5,355635,-74.08,6.0,0.453
2022-01-09T06:35:40.000,11.46,-9.43,1.33,20.07,20.5,355636,-74.25,6.0,0.453
2022-01-09T06:36:40.000,11.44,-9.35,1.25,20.14,20.5,355637,-74.41,6.0,0.453
2022-01-09T06:37:40.000,11.42,-9.51,1.22,20.16,20.5,355638,-74.58,5.0,0.453
2022-01-09T06:38:40.000,11.32,-9.73,1.24,20.15,20.5,355639,-74.75,5.0,0.453
2022-01-09T06:39:40.000,11.24,-9.7,1.28,20.11,20.5,355640,-74.91,5.0,0.453
2022-01-09T06:40:40.000,11.24,-9.57,1.23,20.15,20.5,355641,-75.08,5.0,0.453
2022-01-09T06:41:40.000,11.27,-9.53,1.2,20.18,20.5,355642,-75.24,5.0,0.454
2022-01-09T06:42:40.000,11.29,-9.63,1.19,20.19,20.5,355643,-75.4,4.0,0.454
2022-01-09T06:43:40.000,11.3,-9.65,1.2,20.18,20.5,355644,-75.56,4.0,0.454
2022-01-09T06:44:40.000,11.31,-9.76,1.18,20.2,20.5,355645,-75.71,4.0,0.454
2022-01-09T06:45:43.000,11.27,-9.96,1.17,20.21,20.5,355646,-75.88,4.0,0.454
2022-01-09T06:46:43.000,11.28,-9.6,1.17,20.21,20.5,355647,-76.03,4.0,0.454
2022-01-09T06:47:43.000,11.28,-9.81,1.16,20.22,20.5,355648,-76.18,3.0,0.454
2022-01-09T06:48:43.000,11.28,-9.86,1.16,20.22,20.5,355649,-76.33,3.0,0.454
2022-01-09T06:49:43.000,11.29,-9.82,1.15,20.22,20.5,355650,-76.48,3.0,0.454
2022-01-09T06:51:43.000,11.27,-9.89,1.15,20.23,20.5,355652,-76.77,3.0,0.454
2022-01-09T06:52:43.000,11.25,-9.87,1.15,20.23,20.5,355653,-76.91,2.0,0.454
2022-01-09T06:53:43.000,11.24,-9.92,1.15,20.23,20.5,355654,-77.05,2.0,0.454
2022-01-09T06:54:43.000,11.24,-9.94,1.16,20.22,20.5,355655,-77.19,2.0,0.454
2022-01-09T06:55:44.000,11.21,-10.01,1.21,20.18,20.5,355656,-77.32,2.0,0.454
2022-01-09T06:57:44.000,11.07,-10.05,1.22,20.16,20.5,355658,-77.59,1.0,0.455
2022-01-09T06:58:44.000,11.04,-9.91,1.18,20.2,20.5,355659,-77.71,1.0,0.455
2022-01-09T06:59:44.000,11.01,-9.92,1.19,20.19,20.5,355660,-77.84,1.0,0.455
2022-01-09T07:00:45.000,10.99,-9.82,1.19,20.2,20.5,355661,-77.96,1.0,0.455
2022-01-09T07:01:45.000,10.99,-9.9,1.18,20.2,20.5,355662,-78.08,1.0,0.455
2022-01-09T07:02:45.000,10.97,-9.98,1.19,20.19,20.5,355663,-78.19,0.0,0.455
2022-01-09T07:03:45.000,10.95,-10.0,1.2,20.19,20.5,355664,-78.31,0.0,0.455
2022-01-09T07:04:45.000,10.91,-9.96,1.2,20.19,20.5,355665,-78.41,-0.0,0.455
2022-01-09T07:05:45.000,10.9,-9.91,1.19,20.19,20.5,355666,-78.52,-0.0,0.455
2022-01-09T07:06:45.000,10.89,-9.83,1.19,20.19,20.5,355667,-78.62,-0.0,0.455
2022-01-09T07:07:45.000,10.88,-9.83,1.18,20.2,20.5,355668,-78.72,-1.0,0.455
2022-01-09T07:08:45.000,10.86,-9.91,1.18,20.2,20.5,355669,-78.82,-1.0,0.455
2022-01-09T07:09:45.000,10.81,-9.96,1.19,20.19,20.5,355670,-78.91,-1.0,0.455
2022-01-09T07:10:45.000,10.78,-9.86,1.21,20.18,20.5,355671,-79.0,-1.0,0.456
2022-01-09T07:11:45.000,10.78,-9.77,1.23,20.16,20.5,355672,-79.08,-1.0,0.456
2022-01-09T07:12:45.000,10.76,-9.85,1.27,20.12,20.5,355673,-79.16,-2.0,0.456
2022-01-09T07:13:45.000,10.75,-9.68,1.32,20.08,20.5,355674,-79.24,-2.0,0.456
2022-01-09T07:14:45.000,10.73,-9.71,1.39,20.03,20.5,355675,-79.31,-2.0,0.456
2022-01-09T07:15:46.000,10.65,-9.65,1.43,19.99,20.5,355676,-79.38,-2.0,0.456
2022-01-09T07:16:46.000,10.62,-9.31,1.47,19.96,20.5,355677,-79.45,-2.0,0.456
2022-01-09T07:17:52.000,10.68,-9.04,1.5,19.94,20.5,355678,-79.51,-3.0,0.456
2022-01-09T07:18:52.000,10.73,-8.92,1.53,19.92,20.5,355679,-79.57,-3.0,0.456
2022-01-09T07:19:52.000,10.75,-8.82,1.53,19.92,20.5,355680,-79.62,-3.0,0.456
2022-01-09T07:21:57.000,10.72,-8.93,1.51,19.93,20.5,355682,-79.71,-4.0,0.456
2022-01-09T07:22:57.000,10.69,-8.88,1.55,19.9,20.5,355683,-79.74,-4.0,0.456
2022-01-09T07:23:57.000,10.69,-8.77,1.59,19.88,20.5,355684,-79.78,-4.0,0.456
2022-01-09T07:24:57.000,10.72,-8.68,1.64,19.85,20.5,355685,-79.8,-4.0,0.457
2022-01-09T07:25:57.000,10.76,-8.64,1.7,19.8,20.5,355686,-79.83,-4.0,0.457
2022-01-09T07:26:57.000,10.77,-8.64,1.8,19.74,20.5,355687,-79.84,-5.0,0.457
2022-01-09T07:27:57.000,10.75,-8.6,1.86,19.71,20.5,355688,-79.86,-5.0,0.457
2022-01-09T07:28:57.000,10.74,-8.48,1.89,19.69,20.5,355689,-79.86,-5.0,0.457
2022-01-09T07:29:57.000,10.73,-8.39,1.82,19.73,20.5,355690,-79.87,-5.0,0.457
2022-01-09T07:30:58.000,10.74,-8.29,1.78,19.76,20.5,355691,-79.87,-5.0,0.457
2022-01-09T07:31:58.000,10.76,-8.38,1.8,19.74,20.5,355692,-79.86,-6.0,0.457
2022-01-09T07:32:58.000,10.69,-8.6,1.83,19.72,20.5,355693,-79.85,-6.0,0.457
2022-01-09T07:33:58.000,10.61,-8.47,1.95,19.66,20.5,355694,-79.83,-6.0,0.457
2022-01-09T07:34:58.000,10.56,-8.34,1.96,19.65,20.5,355695,-79.81,-6.0,0.457
2022-01-09T07:35:58.000,10.59,-7.99,2.04,19.61,20.5,355696,-79.78,-6.0,0.457
2022-01-09T07:36:58.000,10.64,-7.88,2.23,19.51,20.5,355697,-79.75,-7.0,0.457
2022-01-09T07:37:58.000,10.7,-7.81,2.44,19.41,20.5,355698,-79.72,-7.0,0.457
2022-01-09T07:39:58.000,10.7,-7.58,3.06,19.17,20.5,355700,-79.63,-7.0,0.458
2022-01-09T07:40:58.000,10.72,-7.43,3.01,19.19,20.5,355701,-79.58,-7.0,0.458
2022-01-09T07:41:58.000,10.73,-7.71,2.59,19.35,20.5,355702,-79.53,-8.0,0.458
2022-01-09T07:42:58.000,10.66,-7.95,2.26,19.49,20.5,355703,-79.47,-8.0,0.458
2022-01-09T07:43:58.000,10.63,-8.06,2.13,19.56,20.5,355704,-79.41,-8.0,0.458
2022-01-09T07:44:58.000,10.61,-8.23,2.11,19.57,20.5,355705,-79.34,-8.0,0.458
2022-01-09T07:45:58.000,10.6,-8.3,1.97,19.64,20.5,355706,-79.27,-8.0,0.458
2022-01-09T07:46:59.000,10.67,-8.17,1.92,19.67,20.5,355707,-79.2,-9.0,0.458
2022-01-09T07:47:59.000,10.71,-8.35,1.96,19.65,20.5,355708,-79.12,-9.0,0.458
2022-01-09T07:48:59.000,10.71,-8.55,1.82,19.73,20.5,355709,-79.03,-9.0,0.458
2022-01-09T07:49:59.000,10.73,-8.6,1.61,19.87,20.5,355710,-78.95,-9.0,0.458
2022-01-09T07:50:59.000,10.73,-8.65,1.45,19.97,20.5,355711,-78.86,-9.0,0.458
2022-01-09T07:51:59.000,10.74,-8.6,1.58,19.89,20.5,355712,-78.76,-10.0,0.458
2022-01-09T07:52:59.000,10.76,-8.38,1.89,19.69,20.5,355713,-78.66,-10.0,0.458
2022-01-09T07:53:59.000,10.72,-8.3,2.31,19.47,20.5,355714,-78.56,-10.0,0.459
2022-01-09T07:54:59.000,10.68,-7.78,2.7,19.3,20.5,355715,-78.46,-10.0,0.459
2022-01-09T07:55:59.000,10.68,-7.4,2.9,19.22,20.5,355716,-78.35,-10.0,0.459
2022-01-09T07:56:59.000,10.7,-7.1,2.84,19.25,20.5,355717,-78.24,-11.0,0.459
2022-01-09T07:57:59.000,10.76,-6.76,2.79,19.26,20.5,355718,-78.13,-11.0,0.459
2022-01-09T07:58:59.000,10.83,-6.64,2.92,19.22,20.5,355719,-78.01,-11.0,0.459
2022-01-09T07:59:59.000,10.89,-6.71,3.15,19.14,20.5,355720,-77.89,-11.0,0.459
2022-01-09T08:00:59.000,10.92,-6.67,3.08,19.16,20.5,355721,-77.77,-11.0,0.459
2022-01-09T08:01:59.000,10.94,-6.69,3.24,19.1,20.5,355722,-77.64,-12.0,0.459
2022-01-09T08:02:59.000,10.97,-6.6,3.45,19.04,20.5,355723,-77.51,-12.0,0.459
2022-01-09T08:05:05.000,10.9,-6.56,4.36,18.78,20.5,355725,-77.23,-12.0,0.459
2022-01-09T08:06:05.000,10.88,-6.22,4.48,18.75,20.5,355726,-77.1,-12.0,0.459
2022-01-09T08:07:05.000,10.91,-5.97,4.0,18.87,20.5,355727,-76.96,-13.0,0.459
2022-01-09T08:08:05.000,10.96,-5.81,3.88,18.91,20.5,355728,-76.82,-13.0,0.46
2022-01-09T08:09:05.000,10.99,-5.8,4.46,18.76,20.5,355729,-76.68,-13.0,0.46
2022-01-09T08:10:05.000,11.0,-5.71,4.91,18.65,20.5,355730,-76.53,-13.0,0.46
2022-01-09T08:11:05.000,11.03,-5.49,5.11,18.61,20.5,355731,-76.38,-13.0,0.46
2022-01-09T08:12:05.000,11.07,-5.27,5.55,18.52,20.5,355732,-76.23,-14.0,0.46
2022-01-09T08:13:06.000,11.1,-5.23,5.71,18.49,20.5,355733,-76.08,-14.0,0.46
2022-01-09T08:14:06.000,11.1,-5.21,5.82,18.47,20.5,355734,-75.93,-14.0,0.46
2022-01-09T08:15:06.000,11.03,-5.26,5.9,18.45,20.5,355735,-75.77,-14.0,0.46
2022-01-09T08:16:06.000,10.98,-5.13,5.46,18.54,20.5,355736,-75.62,-14.0,0.46
2022-01-09T08:17:06.000,11.0,-5.02,5.23,18.58,20.5,355737,-75.46,-15.0,0.46
2022-01-09T08:19:06.000,11.0,-5.16,5.2,18.59,20.5,355739,-75.14,-15.0,0.46
2022-01-09T08:20:06.000,11.04,-4.98,5.09,18.61,20.5,355740,-74.97,-15.0,0.46
2022-01-09T08:21:06.000,11.11,-5.15,5.04,18.62,20.5,355741,-74.81,-15.0,0.46
2022-01-09T08:22:06.000,11.13,-5.22,4.97,18.64,20.5,355742,-74.64,-16.0,0.461
2022-01-09T08:23:06.000,11.15,-5.23,5.41,18.55,20.5,355743,-74.48,-16.0,0.461
2022-01-09T08:24:06.000,11.16,-5.24,6.06,18.42,20.5,355744,-74.31,-16.0,0.461
2022-01-09T08:25:06.000,11.13,-5.19,6.27,18.39,20.5,355745,-74.14,-16.0,0.461
2022-01-09T08:26:06.000,11.13,-4.9,6.82,18.3,20.5,355746,-73.97,-16.0,0.461
2022-01-09T08:27:06.000,11.1,-4.83,7.52,18.19,20.5,355747,-73.8,-17.0,0.461
2022-01-09T08:28:06.000,11.06,-4.5,8.11,18.11,20.5,355748,-73.62,-17.0,0.461
2022-01-09T08:29:06.000,11.07,-4.2,8.51,18.06,20.5,355749,-73.45,-17.0,0.461
2022-01-09T08:30:07.000,11.13,-3.71,9.05,17.99,20.5,355750,-73.27,-17.0,0.461
2022-01-09T08:31:07.000,11.2,-3.69,9.64,17.92,20.5,355751,-73.09,-17.0,0.461
2022-01-09T08:32:07.000,11.23,-3.67,9.49,17.94,20.5,355752,-72.92,-18.0,0.461
2022-01-09T08:33:07.000,11.22,-3.55,9.16,17.98,20.5,355753,-72.74,-18.0,0.461
2022-01-09T08:34:07.000,11.25,-3.38,9.32,17.96,20.5,355754,-72.56,-18.0,0.461
2022-01-09T08:35:07.000,11.28,-3.31,10.06,17.87,20.5,355755,-72.38,-18.0,0.461
2022-01-09T08:36:07.000,11.31,-3.26,9.9,17.89,20.5,355756,-72.19,-18.0,0.461
2022-01-09T08:38:07.000,11.35,-3.36,8.75,18.03,20.5,355758,-71.83,-19.0,0.462
2022-01-09T08:39:07.000,11.39,-3.38,8.22,18.09,20.5,355759,-71.64,-19.0,0.462
2022-01-09T08:41:07.000,11.36,-3.86,7.65,18.17,20.5,355761,-71.27,-19.0,0.462
2022-01-09T08:42:07.000,11.3,-3.92,7.28,18.22,20.5,355762,-71.09,-20.0,0.462
2022-01-09T08:43:07.000,11.27,-3.87,7.91,18.14,20.5,355763,-70.9,-20.0,0.462
2022-01-09T08:44:07.000,11.23,-3.8,7.67,18.17,20.5,355764,-70.71,-20.0,0.462
2022-01-09T08:45:07.000,11.22,-3.74,7.53,18.19,20.5,355765,-70.52,-20.0,0.462
2022-01-09T08:46:08.000,11.22,-3.99,6.54,18.34,20.5,355766,-70.33,-20.0,0.462
2022-01-09T08:47:08.000,11.22,-4.07,5.57,18.52,20.5,355767,-70.14,-21.0,0.462
2022-01-09T08:48:08.000,11.26,-4.11,5.78,18.47,20.5,355768,-69.95,-21.0,0.462
2022-01-09T08:49:08.000,11.28,-4.33,5.48,18.53,20.5,355769,-69.76,-21.0,0.462
2022-01-09T08:50:08.000,11.27,-4.48,5.11,18.61,20.5,355770,-69.57,-21.0,0.462
2022-01-09T08:51:08.000,11.26,-4.56,5.25,18.58,20.5,355771,-69.38,-21.0,0.463
2022-01-09T08:52:08.000,11.24,-4.53,5.56,18.52,20.5,355772,-69.18,-21.0,0.463
2022-01-09T08:53:08.000,11.24,-4.56,5.76,18.48,20.5,355773,-68.99,-22.0,0.463
2022-01-09T08:54:08.000,11.24,-4.57,6.27,18.39,20.5,355774,-68.8,-22.0,0.463
2022-01-09T08:55:08.000,11.24,-4.52,7.05,18.26,20.5,355775,-68.6,-22.0,0.463
2022-01-09T08:56:08.000,11.23,-4.41,7.91,18.13,20.5,355776,-68.41,-22.0,0.463
2022-01-09T08:57:08.000,11.24,-4.36,8.33,18.08,20.5,355777,-68.21,-22.0,0.463
2022-01-09T08:58:08.000,11.21,-4.35,7.49,18.19,20.5,355778,-68.01,-23.0,0.463
2022-01-09T08:59:08.000,11.16,-4.38,7.48,18.2,20.5,355779,-67.82,-23.0,0.463
2022-01-09T09:00:08.000,11.16,-4.11,7.7,18.16,20.5,355780,-67.62,-23.0,0.463
2022-01-09T09:01:08.000,11.22,-3.84,8.18,18.1,20.5,355781,-67.42,-23.0,0.463
2022-01-09T09:02:08.000,11.26,-3.82,8.28,18.08,20.5,355782,-67.23,-23.0,0.463
2022-01-09T09:03:09.000,11.27,-3.97,8.41,18.07,20.5,355783,-67.03,-24.0,0.463
2022-01-09T09:04:09.000,11.27,-3.99,8.85,18.01,20.5,355784,-66.83,-24.0,0.463
2022-01-09T09:05:09.000,11.27,-4.21,8.86,18.01,20.5,355785,-66.63,-24.0,0.464
2022-01-09T09:06:09.000,11.26,-4.6,7.08,18.26,20.5,355786,-66.43,-24.0,0.464
2022-01-09T09:07:09.000,11.24,-5.1,5.57,18.51,20.5,355787,-66.23,-24.0,0.464
2022-01-09T09:08:09.000,11.21,-5.59,5.04,18.63,20.5,355788,-66.03,-25.0,0.464
2022-01-09T09:09:09.000,11.18,-5.87,4.32,18.79,20.5,355789,-65.83,-25.0,0.464
2022-01-09T09:10:09.000,11.15,-6.17,3.56,19.0,20.5,355790,-65.63,-25.0,0.464
2022-01-09T09:11:10.000,11.13,-6.48,3.13,19.14,20.5,355791,-65.42,-25.0,0.464
2022-01-09T09:12:10.000,11.08,-6.85,2.97,19.2,20.5,355792,-65.22,-25.0,0.464
2022-01-09T09:13:10.000,11.05,-7.24,2.29,19.49,20.5,355793,-65.02,-26.0,0.464
2022-01-09T09:14:10.000,10.95,-7.65,1.96,19.65,20.5,355794,-64.82,-26.0,0.464
2022-01-09T09:15:10.000,10.85,-7.84,1.93,19.66,20.5,355795,-64.62,-26.0,0.464
2022-01-09T09:16:10.000,10.76,-7.91,1.93,19.67,20.5,355796,-64.42,-26.0,0.464
2022-01-09T09:17:10.000,10.73,-7.84,2.0,19.63,20.5,355797,-64.21,-26.0,0.464
2022-01-09T09:18:10.000,10.72,-7.76,2.07,19.59,20.5,355798,-64.01,-26.0,0.464
2022-01-09T09:19:10.000,10.72,-7.84,1.97,19.64,20.5,355799,-63.81,-27.0,0.464
2022-01-09T09:20:10.000,10.71,-7.91,1.85,19.71,20.5,355800,-63.6,-27.0,0.465
2022-01-09T09:21:10.000,10.74,-7.89,1.76,19.76,20.5,355801,-63.4,-27.0,0.465
2022-01-09T09:22:10.000,10.78,-8.08,1.69,19.81,20.5,355802,-63.2,-27.0,0.465
2022-01-09T09:23:10.000,10.81,-8.28,1.6,19.87,20.5,355803,-62.99,-27.0,0.465
2022-01-09T09:24:10.000,10.83,-8.56,1.49,19.95,20.5,355804,-62.79,-28.0,0.465
2022-01-09T09:25:10.000,10.84,-8.75,1.41,20.01,20.5,355805,-62.58,-28.0,0.465
2022-01-09T09:26:10.000,10.86,-8.82,1.37,20.04,20.5,355806,-62.38,-28.0,0.465
