Downloads/jupyter/ECSV/stars19/stars19_2021-05.ecsv
# %ECSV 1.0
# ---
# datatype:
# - {name: time, datatype: string}
# - {name: Enclosure Temperature, unit: deg_C, datatype: float64}
# - {name: Sky Temperature, unit: deg_C, datatype: float64}
# - {name: Frequency, unit: Hz, datatype: float64}
# - {name: MSAS, unit: mag / arcsec2, datatype: float64}
# - {name: ZP, datatype: float64}
# - {name: Sequence Number, datatype: int64}
# - {name: Sun Alt, unit: deg, datatype: float64}
# - {name: Moon Alt, unit: deg, datatype: float64}
# - {name: Moon Illumination, datatype: float64}
# delimiter: ','
# meta: !!omap
# - ida:
#     Data supplier: {affiliation: null, observer: null}
#     Device type: TESS-W
#     Field of view: 17.0
#     Filters per channel: None
#     Instrument ID: stars19
#     License: ODbL 1.0 http://opendatacommons.org/licenses/odbl/summary/
#     Local timezone: America/Phoenix
#     Location name: {country: '- Tucson', place: Tucson, region: United States, sub_region: Arizona, town: Pima County}
#     Measurement direction per channel: {azimuth: 0.0, zenital: 0.0}
#     Moving / Fixed look direction: FIXED
#     Moving / Stationary position: STATIONARY
#     Number of channels: 1
#     Number of fields per line: 8
#     Number of header lines: 35
#     Position: {height: 0.0, latitude: 32.223877, longitude: -110.767532}
#     TESS MAC address: 18:FE:34:CF:EC:06
#     TESS cover offset value: 0.0
#     TESS firmware version: '1.0'
#     TESS zero point: 20.5
#     Time Synchronization: timestamp added by MQTT subscriber
#     URL: http://www.darksky.org/NSBM/sdf1.0.pdf
# - __serialized_columns__:
#     Enclosure Temperature:
#       __class__: astropy.units.quantity.Quantity
#       unit: &id001 !astropy.units.Unit {unit: deg_C}
#       value: !astropy.table.SerializedColumn {name: Enclosure Temperature}
#     Frequency:
#       __class__: astropy.units.quantity.Quantity
#       unit: !astropy.units.Unit {unit: Hz}
#       value: !astropy.table.SerializedColumn {name: Frequency}
#     MSAS:
#       __class__: astropy.units.quantity.Quantity
#       unit: !astropy.units.Unit {unit: mag / arcsec2}
#       value: !astropy.table.SerializedColumn {name: MSAS}
#     Moon Alt:
#       __class__: astropy.units.quantity.Quantity
#       unit: &id002 !astropy.units.Unit {unit: deg}
#       value: !astropy.table.SerializedColumn {name: Moon Alt}
#     Sky Temperature:
#       __class__: astropy.units.quantity.Quantity
#       unit: *id001
#       value: !astropy.table.SerializedColumn {name: Sky Temperature}
#     Sun Alt:
#       __class__: astropy.units.quantity.Quantity
#       unit: *id002
#       value: !astropy.table.SerializedColumn {name: Sun Alt}
#     time:
#       __class__: astropy.time.core.Time
#       format: isot
#       in_subfmt: '*'
#       out_subfmt: '*'
#       precision: 3
#       scale: utc
#       value: !astropy.table.SerializedColumn {name: time}
# schema: astropy-2.0
time,Enclosure Temperature,Sky Temperature,Frequency,MSAS,ZP,Sequence Number,Sun Alt,Moon Alt,Moon Illumination
[from data line 21302]
2021-05-30T09:35:46.000,22.64,-0.77,2.4,19.43,20.5,35777,-27.03,28.0,0.794
2021-05-30T09:40:47.000,22.67,-0.91,2.41,19.43,20.5,35782,-26.41,29.0,0.793
2021-05-30T09:41:48.000,22.65,-0.92,2.4,19.43,20.5,35783,-26.28,29.0,0.793
2021-05-30T09:42:48.000,22.64,-0.96,2.41,19.43,20.5,35784,-26.15,29.0,0.793
2021-05-30T09:43:48.000,22.61,-0.95,2.41,19.42,20.5,35785,-26.03,29.0,0.793
2021-05-30T09:44:49.000,22.59,-0.92,2.42,19.42,20.5,35786,-25.9,29.0,0.793
2021-05-30T09:45:49.000,22.57,-0.94,2.42,19.42,20.5,35787,-25.77,29.0,0.793
2021-05-30T09:46:49.000,22.55,-0.95,2.41,19.42,20.5,35788,-25.64,29.0,0.793
2021-05-30T09:48:50.000,22.54,-0.93,2.41,19.42,20.5,35790,-25.37,30.0,0.793
2021-05-30T09:52:51.000,22.42,-1.22,2.6,19.34,20.5,35794,-24.84,30.0,0.793
2021-05-30T09:53:51.000,22.4,-1.07,2.79,19.27,20.5,35795,-24.71,30.0,0.793
2021-05-30T09:54:52.000,22.4,-1.14,2.9,19.22,20.5,35796,-24.57,30.0,0.793
2021-05-30T09:55:52.000,22.39,-1.09,2.91,19.22,20.5,35797,-24.44,30.0,0.792
2021-05-30T09:56:53.000,22.37,-1.13,2.91,19.22,20.5,35798,-24.3,30.0,0.792
2021-05-30T09:57:54.000,22.36,-1.1,2.92,19.22,20.5,35799,-24.16,30.0,0.792
2021-05-30T09:58:54.000,22.33,-1.19,2.92,19.21,20.5,35800,-24.02,30.0,0.792
2021-05-30T09:59:54.000,22.29,-1.36,2.93,19.21,20.5,35801,-23.89,30.0,0.792
2021-05-30T10:00:55.000,22.25,-1.24,2.93,19.21,20.5,35802,-23.75,31.0,0.792
2021-05-30T10:02:00.000,22.23,-1.23,2.93,19.21,20.5,35803,-23.6,31.0,0.792
2021-05-30T10:06:01.000,22.05,-1.19,2.94,19.21,20.5,35807,-23.04,31.0,0.792
2021-05-30T10:08:02.000,22.01,-1.22,2.95,19.21,20.5,35809,-22.75,31.0,0.792
2021-05-30T10:11:03.000,22.01,-1.4,2.96,19.2,20.5,35812,-22.32,31.0,0.791
2021-05-30T10:12:03.000,22.02,-1.33,2.97,19.2,20.5,35813,-22.18,31.0,0.791
2021-05-30T10:13:04.000,22.01,-1.32,2.97,19.2,20.5,35814,-22.03,31.0,0.791
2021-05-30T10:14:04.000,21.99,-1.29,2.97,19.2,20.5,35815,-21.88,31.0,0.791
2021-05-30T10:15:05.000,21.96,-1.32,2.98,19.2,20.5,35816,-21.74,31.0,0.791
2021-05-30T10:16:06.000,21.93,-1.33,2.98,19.2,20.5,35817,-21.59,32.0,0.791
2021-05-30T10:17:06.000,21.88,-1.34,2.98,19.19,20.5,35818,-21.44,32.0,0.791
2021-05-30T10:18:06.000,21.87,-1.23,2.98,19.19,20.5,35819,-21.29,32.0,0.791
2021-05-30T10:19:07.000,21.85,-1.28,2.99,19.19,20.5,35820,-21.14,32.0,0.791
2021-05-30T10:20:08.000,21.86,-1.29,2.99,19.19,20.5,35821,-20.99,32.0,0.791
2021-05-30T10:21:08.000,21.87,-1.26,3.0,19.19,20.5,35822,-20.84,32.0,0.791
2021-05-30T10:22:09.000,21.9,-1.23,3.01,19.18,20.5,35823,-20.69,32.0,0.791
2021-05-30T10:23:14.000,21.91,-1.23,3.02,19.18,20.5,35824,-20.53,32.0,0.791
2021-05-30T10:24:14.000,21.87,-1.23,3.02,19.18,20.5,35825,-20.38,32.0,0.791
2021-05-30T10:34:15.000,21.82,-1.38,3.05,19.17,20.5,35835,-18.85,33.0,0.79
2021-05-30T10:35:15.000,21.83,-1.32,3.05,19.17,20.5,35836,-18.69,33.0,0.79
2021-05-30T10:36:16.000,21.81,-1.43,3.05,19.17,20.5,35837,-18.53,33.0,0.79
2021-05-30T10:37:16.000,21.81,-1.37,3.05,19.17,20.5,35838,-18.38,33.0,0.79
2021-05-30T10:38:16.000,21.79,-1.4,3.05,19.17,20.5,35839,-18.22,33.0,0.79
2021-05-30T10:39:17.000,21.8,-1.31,3.05,19.17,20.5,35840,-18.06,33.0,0.79
2021-05-30T10:40:18.000,21.8,-1.39,3.05,19.17,20.5,35841,-17.9,33.0,0.79
2021-05-30T10:41:18.000,21.75,-1.41,3.05,19.17,20.5,35842,-17.74,33.0,0.79
2021-05-30T10:42:18.000,21.7,-1.47,3.04,19.17,20.5,35843,-17.58,33.0,0.789
2021-05-30T10:43:18.000,21.67,-1.46,3.04,19.17,20.5,35844,-17.43,33.0,0.789
2021-05-30T10:44:19.000,21.67,-1.43,3.04,19.17,20.5,35845,-17.26,33.0,0.789
2021-05-30T10:45:19.000,21.66,-1.39,3.04,19.17,20.5,35846,-17.1,33.0,0.789
2021-05-30T10:46:19.000,21.67,-1.36,3.04,19.17,20.5,35847,-16.94,33.0,0.789
2021-05-30T10:47:19.000,21.7,-1.33,3.04,19.17,20.5,35848,-16.78,33.0,0.789
2021-05-30T10:48:20.000,21.69,-1.41,3.04,19.17,20.5,35849,-16.62,33.0,0.789
2021-05-30T10:49:21.000,21.68,-1.4,3.04,19.17,20.5,35850,-16.45,33.0,0.789
2021-05-30T10:50:21.000,21.65,-1.51,3.05,19.17,20.5,35851,-16.29,33.0,0.789
2021-05-30T10:51:21.000,21.63,-1.44,3.05,19.17,20.5,35852,-16.13,33.0,0.789
2021-05-30T10:52:22.000,21.62,-1.45,3.06,19.17,20.5,35853,-15.96,33.0,0.789
2021-05-30T10:53:22.000,21.62,-1.37,3.06,19.17,20.5,35854,-15.8,33.0,0.789
2021-05-30T10:54:23.000,21.61,-1.47,3.07,19.16,20.5,35855,-15.64,33.0,0.789
2021-05-30T10:56:24.000,21.6,-1.51,3.07,19.16,20.5,35857,-15.3,33.0,0.789
2021-05-30T10:57:24.000,21.6,-1.51,3.08,19.16,20.5,35858,-15.14,33.0,0.789
2021-05-30T10:58:25.000,21.58,-1.56,3.08,19.16,20.5,35859,-14.97,33.0,0.788
2021-05-30T10:59:25.000,21.54,-1.57,3.09,19.15,20.5,35860,-14.81,33.0,0.788
2021-05-30T11:00:25.000,21.49,-1.65,3.1,19.15,20.5,35861,-14.64,33.0,0.788
2021-05-30T11:01:26.000,21.44,-1.57,3.12,19.15,20.5,35862,-14.47,33.0,0.788
2021-05-30T11:05:27.000,21.43,-1.51,3.18,19.12,20.5,35866,-13.8,33.0,0.788
2021-05-30T11:06:27.000,21.42,-1.5,3.21,19.11,20.5,35867,-13.63,34.0,0.788
2021-05-30T11:07:28.000,21.41,-1.52,3.24,19.1,20.5,35868,-13.46,34.0,0.788
2021-05-30T11:08:28.000,21.39,-1.48,3.28,19.09,20.5,35869,-13.29,34.0,0.788
2021-05-30T11:09:28.000,21.38,-1.52,3.37,19.06,20.5,35870,-13.12,34.0,0.788
2021-05-30T11:11:30.000,21.37,-1.52,3.43,19.04,20.5,35872,-12.78,34.0,0.788
2021-05-30T11:12:30.000,21.33,-1.62,3.49,19.02,20.5,35873,-12.61,34.0,0.788
2021-05-30T11:14:34.000,21.22,-1.69,3.64,18.98,20.5,35875,-12.25,34.0,0.787
2021-05-30T11:22:37.000,21.28,-1.59,5.11,18.61,20.5,35883,-10.86,34.0,0.787
2021-05-30T11:31:38.000,21.13,-1.76,11.85,17.7,20.5,35892,-9.28,34.0,0.786
2021-05-30T11:32:39.000,21.12,-1.77,13.6,17.55,20.5,35893,-9.1,34.0,0.786
2021-05-30T11:33:40.000,21.07,-1.74,15.45,17.41,20.5,35894,-8.92,34.0,0.786
2021-05-30T11:34:40.000,21.05,-1.72,17.86,17.25,20.5,35895,-8.74,34.0,0.786
2021-05-30T11:35:40.000,21.03,-1.66,20.61,17.1,20.5,35896,-8.56,34.0,0.786
2021-05-30T11:44:42.000,20.91,-1.81,115.48,15.23,20.5,35905,-6.94,33.0,0.785
2021-05-30T11:45:42.000,20.91,-1.77,144.71,14.98,20.5,35906,-6.76,33.0,0.785
2021-05-30T11:46:42.000,20.92,-1.77,182.34,14.73,20.5,35907,-6.58,33.0,0.785
2021-05-30T11:47:43.000,20.92,-1.79,229.39,14.48,20.5,35908,-6.4,33.0,0.785
2021-05-30T11:48:43.000,20.93,-1.68,289.49,14.23,20.5,35909,-6.22,33.0,0.785
2021-05-30T11:49:43.000,20.93,-1.71,366.04,13.97,20.5,35910,-6.03,33.0,0.785
2021-05-30T11:50:44.000,20.94,-1.67,462.91,13.72,20.5,35911,-5.85,33.0,0.785
2021-05-30T11:51:44.000,20.95,-1.73,584.61,13.47,20.5,35912,-5.67,33.0,0.785
2021-05-30T11:52:44.000,20.96,-1.76,738.6,13.21,20.5,35913,-5.48,33.0,0.785
2021-05-30T11:53:44.000,20.95,-1.78,933.8,12.96,20.5,35914,-5.3,33.0,0.785
2021-05-30T11:54:44.000,20.92,-1.87,1183.18,12.7,20.5,35915,-5.12,33.0,0.785
2021-05-30T12:00:45.000,20.93,-1.67,5254.13,11.08,20.5,35921,-4.01,33.0,0.784
2021-05-30T12:01:46.000,20.95,-1.68,6641.98,10.83,20.5,35922,-3.82,33.0,0.784
2021-05-30T12:02:46.000,20.97,-1.67,8283.35,10.59,20.5,35923,-3.63,33.0,0.784
2021-05-30T12:03:46.000,20.99,-1.69,10207.89,10.36,20.5,35924,-3.45,33.0,0.784
2021-05-30T12:04:46.000,20.99,-1.73,12477.89,10.14,20.5,35925,-3.26,33.0,0.784
2021-05-30T12:05:47.000,20.98,-1.7,15135.31,9.93,20.5,35926,-3.07,33.0,0.784
2021-05-30T12:08:47.000,20.94,-1.67,25704.07,9.36,20.5,35929,-2.51,33.0,0.784
2021-05-30T12:09:48.000,20.96,-1.65,30170.07,9.18,20.5,35930,-2.32,33.0,0.784
2021-05-30T12:10:49.000,20.97,-1.72,35214.27,9.01,20.5,35931,-2.13,33.0,0.784
2021-05-30T12:11:50.000,20.96,-1.73,40900.92,8.85,20.5,35932,-1.94,32.0,0.784
2021-05-30T12:12:50.000,20.96,-1.69,47209.22,8.7,20.5,35933,-1.75,32.0,0.784
2021-05-30T12:13:51.000,20.93,-1.74,54079.07,8.55,20.5,35934,-1.56,32.0,0.784
2021-05-30T12:18:51.000,20.92,-1.71,0.0,0.0,20.5,35939,-0.62,32.0,0.783
2021-05-30T12:21:52.000,20.91,-1.76,0.0,0.0,20.5,35942,-0.05,32.0,0.783
2021-05-30T12:22:52.000,20.9,-1.78,0.0,0.0,20.5,35943,0.14,32.0,0.783
2021-05-30T12:23:53.000,20.9,-1.74,0.0,0.0,20.5,35944,0.34,32.0,0.783
2021-05-30T12:24:54.000,20.92,-1.82,0.0,0.0,20.5,35945,0.53,32.0,0.783
2021-05-30T12:26:55.000,20.93,-1.87,0.0,0.0,20.5,35947,0.91,32.0,0.783
2021-05-30T12:29:55.000,20.92,-1.97,0.0,0.0,20.5,35950,1.49,32.0,0.783
2021-05-30T12:30:56.000,20.93,-1.98,0.0,0.0,20.5,35951,1.68,31.0,0.783
2021-05-30T12:32:56.000,20.92,-1.99,0.0,0.0,20.5,35953,2.07,31.0,0.782
2021-05-30T12:34:57.000,20.9,-1.96,0.0,0.0,20.5,35955,2.45,31.0,0.782
2021-05-30T12:39:58.000,20.91,-1.93,0.0,0.0,20.5,35960,3.42,31.0,0.782
2021-05-30T12:42:59.000,20.9,-1.89,0.0,0.0,20.5,35963,4.01,31.0,0.782
2021-05-30T12:43:59.000,20.92,-1.88,0.38,0.18,20.5,35964,4.2,31.0,0.782
2021-05-30T12:45:00.000,20.92,-1.97,0.0,0.0,20.5,35965,4.4,30.0,0.782
2021-05-30T12:46:00.000,20.91,-2.15,0.21,0.09,20.5,35966,4.6,30.0,0.782
2021-05-30T12:52:02.000,20.86,-1.97,0.0,0.0,20.5,35972,5.77,30.0,0.781
2021-05-30T12:53:02.000,20.87,-1.91,0.0,0.0,20.5,35973,5.97,30.0,0.781
2021-05-30T12:55:03.000,20.91,-1.88,0.0,0.0,20.5,35975,6.36,30.0,0.781
2021-05-30T12:57:04.000,20.92,-1.95,0.0,0.0,20.5,35977,6.76,30.0,0.781
2021-05-30T12:58:05.000,20.92,-1.81,0.0,0.0,20.5,35978,6.96,29.0,0.781
2021-05-30T12:59:05.000,20.95,-1.68,0.0,0.0,20.5,35979,7.16,29.0,0.781
2021-05-30T13:11:10.000,21.82,-1.01,0.0,0.0,20.5,35991,9.55,28.0,0.78
2021-05-30T13:12:10.000,21.87,-0.94,0.0,0.0,20.5,35992,9.75,28.0,0.78
2021-05-30T13:13:10.000,21.96,-0.83,0.0,0.0,20.5,35993,9.95,28.0,0.78
2021-05-30T13:15:11.000,22.12,-0.63,0.0,0.0,20.5,35995,10.35,28.0,0.78
2021-05-30T13:16:11.000,22.2,-0.6,0.0,0.0,20.5,35996,10.55,28.0,0.78
2021-05-30T13:17:12.000,22.3,-0.51,0.0,0.0,20.5,35997,10.75,28.0,0.78
2021-05-30T13:18:12.000,22.37,-0.51,0.0,0.0,20.5,35998,10.95,28.0,0.779
2021-05-30T13:29:14.000,23.67,0.72,0.0,0.0,20.5,36009,13.17,26.0,0.779
2021-05-30T13:35:15.000,24.24,1.24,0.0,0.0,20.5,36015,14.38,26.0,0.778
2021-05-30T13:36:15.000,24.35,1.32,0.0,0.0,20.5,36016,14.58,26.0,0.778
2021-05-30T13:37:15.000,24.43,1.35,0.0,0.0,20.5,36017,14.79,26.0,0.778
2021-05-30T13:42:16.000,24.87,1.81,0.0,0.0,20.5,36022,15.8,25.0,0.778
2021-05-30T13:43:16.000,24.98,1.93,0.0,0.0,20.5,36023,16.01,25.0,0.778
2021-05-30T13:44:17.000,25.05,1.99,0.0,0.0,20.5,36024,16.21,25.0,0.778
2021-05-30T13:48:17.000,25.4,2.3,0.0,0.0,20.5,36028,17.03,24.0,0.778
2021-05-30T13:49:18.000,25.53,2.38,0.0,0.0,20.5,36029,17.24,24.0,0.777
2021-05-30T13:50:18.000,25.63,2.45,0.0,0.0,20.5,36030,17.44,24.0,0.777
2021-05-30T14:16:24.000,27.79,4.07,0.0,0.0,20.5,36056,22.8,21.0,0.776
2021-05-30T14:17:24.000,27.91,4.15,0.0,0.0,20.5,36057,23.01,21.0,0.776
2021-05-30T14:18:24.000,28.04,4.26,0.0,0.0,20.5,36058,23.22,20.0,0.776
2021-05-30T14:20:25.000,28.23,4.41,0.0,0.0,20.5,36060,23.63,20.0,0.775
2021-05-30T14:23:26.000,28.47,4.55,0.0,0.0,20.5,36063,24.26,20.0,0.775
2021-05-30T14:24:26.000,28.55,4.64,0.0,0.0,20.5,36064,24.47,20.0,0.775
2021-05-30T14:25:26.000,28.61,4.79,0.0,0.0,20.5,36065,24.67,19.0,0.775
2021-05-30T14:30:27.000,28.82,5.14,0.0,0.0,20.5,36070,25.71,19.0,0.775
2021-05-30T14:31:28.000,28.91,5.21,0.0,0.0,20.5,36071,25.93,19.0,0.775
2021-05-30T14:32:28.000,29.0,5.31,0.0,0.0,20.5,36072,26.13,19.0,0.775
2021-05-30T14:34:29.000,29.17,5.51,0.0,0.0,20.5,36074,26.55,18.0,0.774
2021-05-30T14:35:29.000,29.28,5.64,0.0,0.0,20.5,36075,26.76,18.0,0.774
2021-05-30T14:36:29.000,29.41,5.77,0.0,0.0,20.5,36076,26.97,18.0,0.774
2021-05-30T14:47:32.000,30.6,6.91,0.0,0.0,20.5,36087,29.28,16.0,0.774
2021-05-30T14:48:32.000,30.76,7.07,0.0,0.0,20.5,36088,29.49,16.0,0.774
2021-05-30T14:49:33.000,30.87,6.99,0.0,0.0,20.5,36089,29.7,16.0,0.774
2021-05-30T14:52:34.000,31.09,7.28,0.0,0.0,20.5,36092,30.33,16.0,0.773
2021-05-30T14:53:34.000,31.22,7.32,0.0,0.0,20.5,36093,30.54,15.0,0.773
2021-05-30T14:54:35.000,31.33,7.41,0.0,0.0,20.5,36094,30.75,15.0,0.773
2021-05-30T14:57:36.000,31.64,7.63,0.0,0.0,20.5,36097,31.38,15.0,0.773
2021-05-30T14:58:36.000,31.75,7.64,0.0,0.0,20.5,36098,31.59,15.0,0.773
2021-05-30T14:59:36.000,31.82,7.51,0.0,0.0,20.5,36099,31.8,14.0,0.773
2021-05-30T15:01:37.000,32.02,7.76,0.0,0.0,20.5,36101,32.23,14.0,0.773
2021-05-30T15:02:38.000,32.11,7.89,0.0,0.0,20.5,36102,32.44,14.0,0.773
2021-05-30T15:06:39.000,32.59,8.1,0.0,0.0,20.5,36106,33.28,13.0,0.772
2021-05-30T15:07:39.000,32.7,8.12,0.0,0.0,20.5,36107,33.49,13.0,0.772
2021-05-30T15:08:39.000,32.76,8.08,0.0,0.0,20.5,36108,33.71,13.0,0.772
2021-05-30T15:18:43.000,33.81,8.74,0.0,0.0,20.5,36118,35.82,11.0,0.772
2021-05-30T15:19:44.000,33.93,9.06,0.0,0.0,20.5,36119,36.04,11.0,0.772
2021-05-30T15:20:44.000,34.26,9.97,0.0,0.0,20.5,36120,36.25,11.0,0.771
2021-05-30T15:23:44.000,37.58,12.55,0.0,0.0,20.5,36123,36.88,11.0,0.771
2021-05-30T15:24:45.000,38.67,12.9,0.0,0.0,20.5,36124,37.1,11.0,0.771
2021-05-30T15:25:46.000,39.71,13.03,0.0,0.0,20.5,36125,37.31,10.0,0.771
2021-05-30T15:30:48.000,43.02,12.58,0.0,0.0,20.5,36130,38.37,10.0,0.771
2021-05-30T15:31:48.000,43.69,13.25,0.0,0.0,20.5,36131,38.58,9.0,0.771
2021-05-30T15:32:49.000,44.26,13.2,0.0,0.0,20.5,36132,38.8,9.0,0.771
2021-05-30T15:36:49.000,46.32,13.24,0.0,0.0,20.5,36136,39.64,9.0,0.77
2021-05-30T15:37:50.000,46.66,13.22,0.0,0.0,20.5,36137,39.86,8.0,0.77
2021-05-30T15:38:50.000,47.08,13.29,0.0,0.0,20.5,36138,40.07,8.0,0.77
2021-05-30T15:39:50.000,47.27,13.45,0.0,0.0,20.5,36139,40.28,8.0,0.77
2021-05-30T15:40:50.000,47.64,13.63,0.0,0.0,20.5,36140,40.49,8.0,0.77
2021-05-30T15:41:51.000,48.14,14.04,0.0,0.0,20.5,36141,40.71,8.0,0.77
2021-05-30T15:46:53.000,48.82,13.75,0.0,0.0,20.5,36146,41.77,7.0,0.77
2021-05-30T15:47:53.000,49.05,13.47,0.0,0.0,20.5,36147,41.98,7.0,0.77
2021-05-30T15:48:53.000,49.23,13.64,0.0,0.0,20.5,36148,42.19,7.0,0.77
2021-05-30T15:49:54.000,49.49,13.76,0.0,0.0,20.5,36149,42.41,6.0,0.77
2021-05-30T15:54:57.000,50.71,14.2,0.0,0.0,20.5,36154,43.48,5.0,0.769
2021-05-30T15:55:57.000,51.02,14.3,0.0,0.0,20.5,36155,43.69,5.0,0.769
2021-05-30T15:56:58.000,51.16,14.14,0.0,0.0,20.5,36156,43.9,5.0,0.769
2021-05-30T15:58:59.000,51.43,14.25,0.0,0.0,20.5,36158,44.33,5.0,0.769
2021-05-30T15:59:59.000,51.39,13.43,0.0,0.0,20.5,36159,44.54,5.0,0.769
2021-05-30T16:01:00.000,51.36,13.85,0.0,0.0,20.5,36160,44.76,4.0,0.769
2021-05-30T16:06:07.000,52.29,14.5,0.0,0.0,20.5,36165,45.84,4.0,0.768
2021-05-30T16:07:07.000,52.38,14.37,0.0,0.0,20.5,36166,46.05,3.0,0.768
2021-05-30T16:08:09.000,52.49,14.69,0.0,0.0,20.5,36167,46.27,3.0,0.768
2021-05-30T16:11:10.000,53.22,15.05,0.0,0.0,20.5,36170,46.91,3.0,0.768
2021-05-30T16:12:10.000,53.43,15.03,0.0,0.0,20.5,36171,47.12,2.0,0.768
2021-05-30T16:13:11.000,53.46,14.28,0.0,0.0,20.5,36172,47.33,2.0,0.768
2021-05-30T16:18:12.000,53.38,15.09,0.0,0.0,20.5,36177,48.39,1.0,0.768
2021-05-30T16:20:13.000,53.35,14.68,0.0,0.0,20.5,36179,48.82,1.0,0.768
2021-05-30T16:21:13.000,53.28,14.66,0.0,0.0,20.5,36180,49.03,1.0,0.768
2021-05-30T16:22:14.000,53.23,14.65,0.0,0.0,20.5,36181,49.25,1.0,0.767
2021-05-30T16:24:16.000,53.28,15.37,0.0,0.0,20.5,36183,49.67,0.0,0.767
2021-05-30T16:25:16.000,53.58,15.4,0.0,0.0,20.5,36184,49.89,0.0,0.767
2021-05-30T16:26:17.000,53.68,14.99,0.0,0.0,20.5,36185,50.1,-0.0,0.767
2021-05-30T16:28:18.000,53.7,14.85,0.0,0.0,20.5,36187,50.53,-0.0,0.767
2021-05-30T16:29:18.000,53.81,15.18,0.0,0.0,20.5,36188,50.74,-1.0,0.767
2021-05-30T16:31:19.000,54.25,15.98,0.0,0.0,20.5,36190,51.16,-1.0,0.767
2021-05-30T16:32:20.000,54.5,15.57,0.0,0.0,20.5,36191,51.38,-1.0,0.767
2021-05-30T16:33:20.000,54.83,16.23,0.0,0.0,20.5,36192,51.59,-1.0,0.767
2021-05-30T16:35:22.000,55.32,15.45,0.0,0.0,20.5,36194,52.02,-2.0,0.767
2021-05-30T16:36:22.000,55.48,15.74,0.0,0.0,20.5,36195,52.23,-2.0,0.767
2021-05-30T16:37:22.000,55.77,16.26,0.0,0.0,20.5,36196,52.44,-2.0,0.766
2021-05-30T16:40:23.000,56.15,16.29,0.0,0.0,20.5,36199,53.07,-3.0,0.766
2021-05-30T16:41:23.000,56.33,15.7,0.0,0.0,20.5,36200,53.28,-3.0,0.766
2021-05-30T16:42:24.000,56.49,15.96,0.0,0.0,20.5,36201,53.5,-3.0,0.766
2021-05-30T17:12:33.000,57.32,15.71,0.0,0.0,20.5,36231,59.79,-8.0,0.764
2021-05-30T17:13:33.000,57.33,16.17,0.0,0.0,20.5,36232,60.0,-9.0,0.764
2021-05-30T17:14:34.000,57.44,16.02,0.0,0.0,20.5,36233,60.21,-9.0,0.764
2021-05-30T17:16:34.000,57.51,16.63,0.0,0.0,20.5,36235,60.62,-9.0,0.764
2021-05-30T17:17:34.000,57.77,16.46,0.0,0.0,20.5,36236,60.83,-9.0,0.764
