Downloads/jupyter/ECSV/stars19/stars19_2020-02.ecsv
# %ECSV 1.0
# ---
# datatype:
# - {name: time, datatype: string}
# - {name: Enclosure Temperature, unit: deg_C, datatype: float64}
# - {name: Sky Temperature, unit: deg_C, datatype: float64}
# - {name: Frequency, unit: Hz, datatype: float64}
# - {name: MSAS, unit: mag / arcsec2, datatype: float64}
# - {name: ZP, datatype: float64}
# - {name: Sequence Number, datatype: int64}
# - {name: Sun Alt, unit: deg, datatype: float64}
# - {name: Moon Alt, unit: deg, datatype: float64}
# - {name: Moon Illumination, datatype: float64}
# delimiter: ','
# meta: !!omap
# - ida:
#     Data supplier: {affiliation: null, observer: null}
#     Device type: TESS-W
#     Field of view: 17.0
#     Filters per channel: None
#     Instrument ID: stars19
#     License: ODbL 1.0 http://opendatacommons.org/licenses/odbl/summary/
#     Local timezone: America/Phoenix
#     Location name: {country: '- Tucson', place: Tucson, region: United States, sub_region: Arizona, town: Pima County}
#     Measurement direction per channel: {azimuth: 0.0, zenital: 0.0}
#     Moving / Fixed look direction: FIXED
#     Moving / Stationary position: STATIONARY
#     Number of channels: 1
#     Number of fields per line: 8
#     Number of header lines: 35
#     Position: {height: 0.0, latitude: 32.223877, longitude: -110.767532}
#     TESS MAC address: 18:FE:34:CF:EC:06
#     TESS cover offset value: 0.0
#     TESS firmware version: '1.0'
#     TESS zero point: 20.5
#     Time Synchronization: timestamp added by MQTT subscriber
#     URL: http://www.darksky.org/NSBM/sdf1.0.pdf
# - __serialized_columns__:
#     Enclosure Temperature:
#       __class__: astropy.units.quantity.Quantity
#       unit: &id001 !astropy.units.Unit {unit: deg_C}
#       value: !astropy.table.SerializedColumn {name: Enclosure Temperature}
#     Frequency:
#       __class__: astropy.units.quantity.Quantity
#       unit: !astropy.units.Unit {unit: Hz}
#       value: !astropy.table.SerializedColumn {name: Frequency}
#     MSAS:
#       __class__: astropy.units.quantity.Quantity
#       unit: !astropy.units.Unit {unit: mag / arcsec2}
#       value: !astropy.table.SerializedColumn {name: MSAS}
#     Moon Alt:
#       __class__: astropy.units.quantity.Quantity
#       unit: &id002 !astropy.units.Unit {unit: deg}
#       value: !astropy.table.SerializedColumn {name: Moon Alt}
#     Sky Temperature:
#       __class__: astropy.units.quantity.Quantity
#       unit: *id001
#       value: !astropy.table.SerializedColumn {name: Sky Temperature}
#     Sun Alt:
#       __class__: astropy.units.quantity.Quantity
#       unit: *id002
#       value: !astropy.table.SerializedColumn {name: Sun Alt}
#     time:
#       __class__: astropy.time.core.Time
#       format: isot
#       in_subfmt: '*'
#       out_subfmt: '*'
#       precision: 3
#       scale: utc
#       value: !astropy.table.SerializedColumn {name: time}
# schema: astropy-2.0
time,Enclosure Temperature,Sky Temperature,Frequency,MSAS,ZP,Sequence Number,Sun Alt,Moon Alt,Moon Illumination
[from data line 20254]
2020-02-24T02:44:55.000,15.8,0.83,7.28,18.23,20.5,308050,-19.6,-16.0,0.004
2020-02-24T02:45:55.000,15.78,1.06,6.99,18.27,20.5,308051,-19.81,-16.0,0.004
2020-02-24T02:46:56.000,15.78,1.6,8.63,18.04,20.5,308052,-20.03,-16.0,0.004
2020-02-24T02:47:57.000,15.8,1.65,9.26,17.96,20.5,308053,-20.24,-17.0,0.004
2020-02-24T02:48:58.000,15.82,1.56,9.98,17.88,20.5,308054,-20.46,-17.0,0.004
2020-02-24T02:49:58.000,15.82,1.69,11.17,17.76,20.5,308055,-20.67,-17.0,0.004
2020-02-24T02:50:58.000,15.79,1.56,11.01,17.78,20.5,308056,-20.88,-17.0,0.004
2020-02-24T02:51:59.000,15.81,1.56,10.44,17.83,20.5,308057,-21.09,-17.0,0.004
2020-02-24T02:54:00.000,15.8,2.18,8.99,18.0,20.5,308059,-21.52,-18.0,0.004
2020-02-24T02:55:00.000,15.76,2.9,11.58,17.72,20.5,308060,-21.73,-18.0,0.004
2020-02-24T02:56:00.000,15.78,3.09,13.99,17.52,20.5,308061,-21.94,-18.0,0.004
2020-02-24T02:57:00.000,15.81,3.06,15.82,17.38,20.5,308062,-22.15,-19.0,0.004
2020-02-24T02:59:02.000,15.86,3.29,17.57,17.27,20.5,308064,-22.58,-19.0,0.004
2020-02-24T03:00:02.000,15.85,3.03,16.24,17.35,20.5,308065,-22.79,-19.0,0.004
2020-02-24T03:01:03.000,15.85,3.04,15.64,17.39,20.5,308066,-23.01,-19.0,0.004
2020-02-24T03:02:03.000,15.86,2.37,13.99,17.52,20.5,308067,-23.22,-20.0,0.004
2020-02-24T03:03:03.000,15.85,1.82,11.44,17.74,20.5,308068,-23.43,-20.0,0.004
2020-02-24T03:07:05.000,15.83,2.14,12.9,17.6,20.5,308072,-24.28,-21.0,0.004
2020-02-24T03:09:05.000,15.84,2.35,15.26,17.42,20.5,308074,-24.7,-21.0,0.004
2020-02-24T03:10:05.000,15.82,2.57,15.07,17.43,20.5,308075,-24.91,-21.0,0.004
2020-02-24T03:11:05.000,15.82,2.54,13.93,17.52,20.5,308076,-25.12,-21.0,0.004
2020-02-24T03:13:06.000,15.74,1.84,11.37,17.74,20.5,308078,-25.55,-22.0,0.004
2020-02-24T03:14:06.000,15.7,1.02,10.22,17.86,20.5,308079,-25.76,-22.0,0.004
2020-02-24T03:15:10.000,15.67,0.5,8.94,18.0,20.5,308080,-25.98,-22.0,0.004
2020-02-24T03:16:10.000,15.6,-0.02,7.55,18.19,20.5,308081,-26.19,-22.0,0.004
2020-02-24T03:17:10.000,15.53,-0.59,8.02,18.12,20.5,308082,-26.41,-23.0,0.004
2020-02-24T03:18:11.000,15.49,-1.19,9.91,17.89,20.5,308083,-26.62,-23.0,0.004
2020-02-24T03:19:11.000,15.43,-1.69,10.86,17.79,20.5,308084,-26.83,-23.0,0.004
2020-02-24T03:20:11.000,15.37,-2.83,9.98,17.88,20.5,308085,-27.04,-23.0,0.004
2020-02-24T03:21:11.000,15.31,-4.33,7.91,18.14,20.5,308086,-27.25,-23.0,0.004
2020-02-24T03:22:11.000,15.17,-5.26,4.59,18.75,20.5,308087,-27.46,-24.0,0.004
2020-02-24T03:23:12.000,15.1,-5.78,2.5,19.39,20.5,308088,-27.67,-24.0,0.004
2020-02-24T03:24:12.000,15.01,-6.39,2.14,19.56,20.5,308089,-27.88,-24.0,0.004
2020-02-24T03:25:12.000,14.92,-6.53,2.36,19.45,20.5,308090,-28.09,-24.0,0.004
2020-02-24T03:26:12.000,14.86,-6.49,2.89,19.23,20.5,308091,-28.3,-24.0,0.004
2020-02-24T03:27:12.000,14.82,-6.49,3.68,18.96,20.5,308092,-28.51,-25.0,0.004
2020-02-24T03:28:13.000,14.75,-6.99,3.53,19.01,20.5,308093,-28.73,-25.0,0.004
2020-02-24T03:29:12.000,14.67,-7.18,2.88,19.23,20.5,308094,-28.93,-25.0,0.004
2020-02-24T03:30:13.000,14.62,-7.64,2.55,19.37,20.5,308095,-29.15,-25.0,0.004
2020-02-24T03:31:13.000,14.56,-7.86,2.11,19.57,20.5,308096,-29.36,-25.0,0.004
2020-02-24T03:32:13.000,14.49,-8.09,1.68,19.81,20.5,308097,-29.57,-26.0,0.004
2020-02-24T03:33:13.000,14.43,-8.28,1.59,19.88,20.5,308098,-29.78,-26.0,0.004
2020-02-24T03:34:13.000,14.38,-8.32,1.57,19.89,20.5,308099,-29.99,-26.0,0.004
2020-02-24T03:35:14.000,14.31,-8.59,1.55,19.91,20.5,308100,-30.2,-26.0,0.004
2020-02-24T03:36:14.000,14.22,-8.72,1.56,19.9,20.5,308101,-30.41,-26.0,0.004
2020-02-24T03:37:15.000,14.14,-8.72,1.56,19.9,20.5,308102,-30.62,-27.0,0.004
2020-02-24T03:38:15.000,14.1,-8.77,1.48,19.95,20.5,308103,-30.83,-27.0,0.004
2020-02-24T03:40:16.000,14.01,-9.09,1.44,19.98,20.5,308105,-31.25,-27.0,0.004
2020-02-24T03:46:17.000,13.7,-9.26,1.41,20.0,20.5,308111,-32.51,-28.0,0.004
2020-02-24T03:47:17.000,13.69,-9.21,1.41,20.0,20.5,308112,-32.72,-29.0,0.004
2020-02-24T03:49:18.000,13.59,-9.26,1.41,20.01,20.5,308114,-33.14,-29.0,0.004
2020-02-24T03:53:19.000,13.52,-9.45,1.41,20.0,20.5,308118,-33.97,-30.0,0.004
2020-02-24T03:54:19.000,13.45,-9.46,1.42,20.0,20.5,308119,-34.18,-30.0,0.004
2020-02-24T03:55:19.000,13.44,-9.42,1.41,20.01,20.5,308120,-34.39,-30.0,0.004
2020-02-24T03:56:20.000,13.43,-9.41,1.4,20.01,20.5,308121,-34.6,-31.0,0.004
2020-02-24T03:57:20.000,13.42,-9.38,1.42,20.0,20.5,308122,-34.8,-31.0,0.004
2020-02-24T03:58:20.000,13.42,-9.35,1.43,19.99,20.5,308123,-35.01,-31.0,0.004
2020-02-24T04:00:22.000,13.37,-9.44,1.41,20.01,20.5,308125,-35.43,-31.0,0.004
2020-02-24T04:01:22.000,13.36,-9.49,1.4,20.02,20.5,308126,-35.64,-32.0,0.004
2020-02-24T04:02:22.000,13.36,-9.45,1.49,19.94,20.5,308127,-35.85,-32.0,0.004
2020-02-24T04:03:23.000,13.36,-9.52,1.39,20.02,20.5,308128,-36.06,-32.0,0.004
2020-02-24T04:04:23.000,13.34,-9.51,1.39,20.02,20.5,308129,-36.26,-32.0,0.004
2020-02-24T04:05:23.000,13.33,-9.54,1.39,20.03,20.5,308130,-36.47,-32.0,0.004
2020-02-24T04:06:24.000,13.3,-9.65,1.38,20.03,20.5,308131,-36.68,-33.0,0.004
2020-02-24T04:08:25.000,13.24,-9.65,1.39,20.03,20.5,308133,-37.09,-33.0,0.004
2020-02-24T04:09:25.000,13.22,-9.63,1.39,20.02,20.5,308134,-37.3,-33.0,0.004
2020-02-24T04:10:25.000,13.19,-9.68,1.39,20.02,20.5,308135,-37.51,-33.0,0.004
2020-02-24T04:11:25.000,13.17,-9.75,1.39,20.02,20.5,308136,-37.71,-34.0,0.004
2020-02-24T04:12:25.000,13.14,-9.71,1.44,19.99,20.5,308137,-37.92,-34.0,0.004
2020-02-24T04:13:26.000,13.14,-9.68,1.59,19.88,20.5,308138,-38.12,-34.0,0.004
2020-02-24T04:14:26.000,13.1,-9.74,1.37,20.04,20.5,308139,-38.33,-34.0,0.004
2020-02-24T04:15:26.000,13.08,-9.72,1.36,20.04,20.5,308140,-38.53,-34.0,0.004
2020-02-24T04:16:27.000,13.07,-9.72,1.36,20.05,20.5,308141,-38.74,-35.0,0.004
2020-02-24T04:17:27.000,13.06,-9.73,1.36,20.05,20.5,308142,-38.95,-35.0,0.004
2020-02-24T04:18:27.000,13.06,-9.68,1.35,20.05,20.5,308143,-39.15,-35.0,0.004
2020-02-24T04:19:28.000,13.06,-9.72,1.35,20.06,20.5,308144,-39.36,-35.0,0.004
2020-02-24T04:21:28.000,13.06,-9.66,1.35,20.06,20.5,308146,-39.77,-36.0,0.004
2020-02-24T04:22:29.000,13.06,-9.76,1.35,20.06,20.5,308147,-39.97,-36.0,0.004
2020-02-24T04:23:29.000,13.07,-9.77,1.34,20.06,20.5,308148,-40.18,-36.0,0.004
2020-02-24T04:24:29.000,13.07,-9.82,1.35,20.06,20.5,308149,-40.38,-36.0,0.004
2020-02-24T04:25:29.000,13.07,-9.86,1.34,20.06,20.5,308150,-40.58,-36.0,0.004
2020-02-24T04:26:30.000,13.04,-9.93,1.34,20.06,20.5,308151,-40.79,-37.0,0.004
2020-02-24T04:27:30.000,13.03,-9.88,1.34,20.06,20.5,308152,-40.99,-37.0,0.004
2020-02-24T04:29:31.000,13.05,-9.83,1.33,20.07,20.5,308154,-41.4,-37.0,0.004
2020-02-24T04:30:31.000,13.05,-9.94,1.33,20.07,20.5,308155,-41.6,-37.0,0.004
2020-02-24T04:31:31.000,13.02,-10.19,1.32,20.08,20.5,308156,-41.81,-38.0,0.004
2020-02-24T04:32:31.000,12.95,-10.36,1.32,20.08,20.5,308157,-42.01,-38.0,0.004
2020-02-24T04:33:31.000,12.89,-10.34,1.32,20.08,20.5,308158,-42.21,-38.0,0.004
2020-02-24T04:34:32.000,12.83,-10.39,1.31,20.09,20.5,308159,-42.41,-38.0,0.004
2020-02-24T04:35:32.000,12.81,-10.26,1.31,20.09,20.5,308160,-42.61,-38.0,0.004
2020-02-24T04:36:32.000,12.74,-10.51,1.31,20.09,20.5,308161,-42.81,-39.0,0.004
2020-02-24T04:37:32.000,12.72,-10.19,1.31,20.09,20.5,308162,-43.02,-39.0,0.004
2020-02-24T04:38:32.000,12.74,-10.23,1.31,20.09,20.5,308163,-43.22,-39.0,0.004
2020-02-24T04:39:33.000,12.72,-10.29,1.31,20.09,20.5,308164,-43.42,-39.0,0.004
2020-02-24T04:40:33.000,12.68,-10.39,1.31,20.09,20.5,308165,-43.62,-39.0,0.004
2020-02-24T04:41:34.000,12.63,-10.44,1.31,20.09,20.5,308166,-43.82,-40.0,0.004
2020-02-24T04:42:34.000,12.59,-10.32,1.31,20.09,20.5,308167,-44.02,-40.0,0.004
2020-02-24T04:43:34.000,12.57,-10.32,1.31,20.09,20.5,308168,-44.22,-40.0,0.004
2020-02-24T04:44:34.000,12.55,-10.35,1.31,20.09,20.5,308169,-44.42,-40.0,0.004
2020-02-24T04:45:34.000,12.55,-10.38,1.31,20.09,20.5,308170,-44.62,-40.0,0.004
2020-02-24T04:47:35.000,12.53,-10.33,1.3,20.09,20.5,308172,-45.02,-41.0,0.004
2020-02-24T04:53:36.000,12.37,-10.59,1.3,20.09,20.5,308178,-46.2,-42.0,0.004
2020-02-24T04:54:36.000,12.36,-10.5,1.3,20.09,20.5,308179,-46.4,-42.0,0.004
2020-02-24T04:55:37.000,12.34,-10.5,1.3,20.09,20.5,308180,-46.6,-42.0,0.004
2020-02-24T04:56:37.000,12.31,-10.56,1.3,20.1,20.5,308181,-46.79,-43.0,0.004
2020-02-24T04:59:38.000,12.25,-10.49,1.3,20.1,20.5,308184,-47.38,-43.0,0.005
2020-02-24T05:00:38.000,12.23,-10.5,1.3,20.1,20.5,308185,-47.58,-43.0,0.005
2020-02-24T05:01:38.000,12.22,-10.54,1.29,20.1,20.5,308186,-47.77,-43.0,0.005
2020-02-24T05:02:38.000,12.2,-10.56,1.29,20.1,20.5,308187,-47.96,-44.0,0.005
2020-02-24T05:03:39.000,12.15,-10.65,1.29,20.11,20.5,308188,-48.16,-44.0,0.005
2020-02-24T05:04:39.000,12.12,-10.42,1.28,20.11,20.5,308189,-48.35,-44.0,0.005
2020-02-24T05:05:39.000,12.11,-10.54,1.28,20.11,20.5,308190,-48.55,-44.0,0.005
2020-02-24T05:07:40.000,12.08,-10.5,1.28,20.11,20.5,308192,-48.93,-45.0,0.005
2020-02-24T05:08:40.000,12.06,-10.56,1.28,20.11,20.5,308193,-49.13,-45.0,0.005
2020-02-24T05:09:40.000,12.06,-10.51,1.28,20.11,20.5,308194,-49.32,-45.0,0.005
2020-02-24T05:10:41.000,12.05,-10.58,1.28,20.12,20.5,308195,-49.51,-45.0,0.005
2020-02-24T05:11:41.000,12.04,-10.55,1.28,20.12,20.5,308196,-49.7,-45.0,0.005
2020-02-24T05:12:41.000,12.04,-10.51,1.27,20.12,20.5,308197,-49.89,-46.0,0.005
2020-02-24T05:13:41.000,12.02,-10.5,1.27,20.12,20.5,308198,-50.08,-46.0,0.005
2020-02-24T05:14:41.000,12.03,-10.46,1.27,20.12,20.5,308199,-50.27,-46.0,0.005
2020-02-24T05:15:42.000,12.04,-10.56,1.27,20.12,20.5,308200,-50.46,-46.0,0.005
2020-02-24T05:16:42.000,12.04,-10.5,1.27,20.12,20.5,308201,-50.65,-46.0,0.005
2020-02-24T05:17:42.000,12.04,-10.51,1.27,20.12,20.5,308202,-50.84,-47.0,0.005
2020-02-24T05:18:42.000,12.04,-10.59,1.26,20.13,20.5,308203,-51.02,-47.0,0.005
2020-02-24T05:19:42.000,12.04,-10.67,1.26,20.13,20.5,308204,-51.21,-47.0,0.005
2020-02-24T05:20:42.000,12.04,-10.67,1.26,20.13,20.5,308205,-51.4,-47.0,0.005
2020-02-24T05:21:42.000,12.04,-10.66,1.25,20.13,20.5,308206,-51.58,-47.0,0.005
2020-02-24T05:22:42.000,12.01,-10.79,1.25,20.14,20.5,308207,-51.77,-48.0,0.005
2020-02-24T05:23:42.000,11.99,-10.8,1.25,20.14,20.5,308208,-51.95,-48.0,0.005
2020-02-24T05:24:42.000,11.96,-10.88,1.25,20.14,20.5,308209,-52.14,-48.0,0.005
2020-02-24T05:25:42.000,11.95,-10.84,1.24,20.14,20.5,308210,-52.32,-48.0,0.005
2020-02-24T05:26:43.000,11.92,-10.88,1.24,20.15,20.5,308211,-52.51,-48.0,0.005
2020-02-24T05:27:43.000,11.88,-10.91,1.24,20.15,20.5,308212,-52.69,-48.0,0.005
2020-02-24T05:28:43.000,11.86,-10.96,1.24,20.15,20.5,308213,-52.88,-49.0,0.005
2020-02-24T05:29:43.000,11.83,-11.03,1.24,20.15,20.5,308214,-53.06,-49.0,0.005
2020-02-24T05:30:44.000,11.79,-11.04,1.23,20.16,20.5,308215,-53.24,-49.0,0.005
2020-02-24T05:31:44.000,11.75,-11.1,1.22,20.16,20.5,308216,-53.42,-49.0,0.005
2020-02-24T05:32:44.000,11.7,-11.17,1.22,20.17,20.5,308217,-53.61,-49.0,0.005
2020-02-24T05:33:44.000,11.65,-11.17,1.21,20.17,20.5,308218,-53.79,-50.0,0.005
2020-02-24T05:34:44.000,11.62,-11.19,1.21,20.17,20.5,308219,-53.96,-50.0,0.005
2020-02-24T05:35:45.000,11.59,-11.24,1.21,20.17,20.5,308220,-54.15,-50.0,0.005
2020-02-24T05:36:46.000,11.57,-11.17,1.21,20.17,20.5,308221,-54.33,-50.0,0.005
2020-02-24T05:37:46.000,11.56,-11.25,1.21,20.17,20.5,308222,-54.51,-50.0,0.005
2020-02-24T05:38:46.000,11.52,-11.3,1.21,20.18,20.5,308223,-54.68,-51.0,0.005
2020-02-24T05:39:47.000,11.46,-11.39,1.21,20.18,20.5,308224,-54.86,-51.0,0.005
2020-02-24T05:40:47.000,11.44,-11.31,1.21,20.18,20.5,308225,-55.04,-51.0,0.005
2020-02-24T05:41:47.000,11.42,-11.3,1.21,20.18,20.5,308226,-55.21,-51.0,0.005
2020-02-24T05:42:47.000,11.38,-11.37,1.21,20.18,20.5,308227,-55.39,-51.0,0.005
2020-02-24T05:43:47.000,11.35,-11.3,1.2,20.18,20.5,308228,-55.56,-51.0,0.005
2020-02-24T05:44:48.000,11.33,-11.27,1.2,20.18,20.5,308229,-55.74,-52.0,0.005
2020-02-24T05:45:48.000,11.32,-11.26,1.2,20.19,20.5,308230,-55.91,-52.0,0.005
2020-02-24T05:47:48.000,11.28,-11.3,1.19,20.19,20.5,308232,-56.26,-52.0,0.005
2020-02-24T05:48:49.000,11.28,-11.35,1.19,20.19,20.5,308233,-56.43,-52.0,0.005
2020-02-24T05:49:49.000,11.23,-11.46,1.19,20.19,20.5,308234,-56.6,-53.0,0.005
2020-02-24T05:50:49.000,11.21,-11.36,1.18,20.2,20.5,308235,-56.77,-53.0,0.005
2020-02-24T05:51:49.000,11.19,-11.33,1.18,20.2,20.5,308236,-56.94,-53.0,0.005
2020-02-24T05:52:50.000,11.19,-11.28,1.26,20.15,20.5,308237,-57.11,-53.0,0.005
2020-02-24T05:57:51.000,11.12,-11.31,1.15,20.22,20.5,308242,-57.94,-54.0,0.005
2020-02-24T05:58:51.000,11.11,-11.29,1.15,20.23,20.5,308243,-58.1,-54.0,0.005
2020-02-24T06:00:52.000,11.1,-11.27,1.15,20.23,20.5,308245,-58.43,-55.0,0.005
2020-02-24T06:01:52.000,11.09,-11.31,1.14,20.23,20.5,308246,-58.59,-55.0,0.005
2020-02-24T06:02:52.000,11.09,-11.27,1.14,20.24,20.5,308247,-58.75,-55.0,0.005
2020-02-24T06:03:53.000,11.08,-11.31,1.14,20.24,20.5,308248,-58.91,-55.0,0.005
2020-02-24T06:04:53.000,11.05,-11.29,1.14,20.24,20.5,308249,-59.07,-55.0,0.005
2020-02-24T06:06:55.000,10.97,-11.37,1.14,20.24,20.5,308251,-59.39,-56.0,0.005
2020-02-24T06:09:56.000,10.83,-11.37,1.14,20.24,20.5,308254,-59.85,-56.0,0.005
2020-02-24T06:10:56.000,10.8,-11.37,1.13,20.24,20.5,308255,-60.0,-56.0,0.005
2020-02-24T06:11:57.000,10.78,-11.34,1.13,20.24,20.5,308256,-60.16,-57.0,0.005
2020-02-24T06:12:57.000,10.79,-11.36,1.13,20.24,20.5,308257,-60.31,-57.0,0.005
2020-02-24T06:13:57.000,10.79,-11.34,1.13,20.24,20.5,308258,-60.46,-57.0,0.005
2020-02-24T06:14:57.000,10.78,-11.32,1.13,20.25,20.5,308259,-60.6,-57.0,0.005
2020-02-24T06:15:58.000,10.8,-11.36,1.13,20.25,20.5,308260,-60.75,-57.0,0.005
2020-02-24T06:23:00.000,10.81,-11.36,1.13,20.25,20.5,308267,-61.76,-58.0,0.005
2020-02-24T06:24:00.000,10.78,-11.41,1.13,20.25,20.5,308268,-61.89,-59.0,0.005
2020-02-24T06:25:01.000,10.74,-11.52,1.13,20.25,20.5,308269,-62.03,-59.0,0.005
2020-02-24T06:26:01.000,10.73,-11.44,1.13,20.25,20.5,308270,-62.17,-59.0,0.005
2020-02-24T06:27:01.000,10.7,-11.53,1.12,20.25,20.5,308271,-62.3,-59.0,0.005
2020-02-24T06:28:01.000,10.68,-11.53,1.12,20.26,20.5,308272,-62.44,-59.0,0.005
2020-02-24T06:29:02.000,10.65,-11.57,1.12,20.26,20.5,308273,-62.57,-59.0,0.005
2020-02-24T06:30:02.000,10.64,-11.52,1.11,20.26,20.5,308274,-62.7,-60.0,0.005
2020-02-24T06:31:03.000,10.6,-11.6,1.11,20.26,20.5,308275,-62.83,-60.0,0.005
2020-02-24T06:32:03.000,10.59,-11.53,1.11,20.26,20.5,308276,-62.96,-60.0,0.005
2020-02-24T06:33:03.000,10.57,-11.61,1.11,20.27,20.5,308277,-63.08,-60.0,0.005
2020-02-24T06:34:03.000,10.57,-11.46,1.11,20.27,20.5,308278,-63.21,-60.0,0.005
2020-02-24T06:35:04.000,10.58,-11.47,1.11,20.27,20.5,308279,-63.33,-60.0,0.005
2020-02-24T06:36:04.000,10.59,-11.45,1.11,20.27,20.5,308280,-63.46,-60.0,0.005
2020-02-24T06:37:05.000,10.58,-11.58,1.11,20.27,20.5,308281,-63.58,-61.0,0.005
2020-02-24T06:38:07.000,10.56,-11.51,1.11,20.27,20.5,308282,-63.7,-61.0,0.005
2020-02-24T06:39:08.000,10.56,-11.52,1.11,20.27,20.5,308283,-63.82,-61.0,0.005
2020-02-24T06:40:08.000,10.56,-11.51,1.11,20.27,20.5,308284,-63.94,-61.0,0.005
2020-02-24T06:41:08.000,10.54,-11.58,1.11,20.27,20.5,308285,-64.05,-61.0,0.005
2020-02-24T06:42:09.000,10.52,-11.63,1.11,20.27,20.5,308286,-64.17,-61.0,0.005
2020-02-24T06:43:09.000,10.48,-11.6,1.1,20.27,20.5,308287,-64.28,-62.0,0.005
2020-02-24T06:44:09.000,10.47,-11.61,1.1,20.28,20.5,308288,-64.39,-62.0,0.005
2020-02-24T06:45:09.000,10.45,-11.61,1.1,20.28,20.5,308289,-64.49,-62.0,0.005
2020-02-24T06:46:10.000,10.43,-11.6,1.1,20.28,20.5,308290,-64.6,-62.0,0.005
2020-02-24T06:47:10.000,10.42,-11.62,1.1,20.28,20.5,308291,-64.71,-62.0,0.005
2020-02-24T06:48:10.000,10.4,-11.57,1.1,20.28,20.5,308292,-64.81,-62.0,0.005
2020-02-24T06:49:11.000,10.39,-11.58,1.1,20.28,20.5,308293,-64.91,-62.0,0.005
2020-02-24T06:50:11.000,10.38,-11.58,1.1,20.28,20.5,308294,-65.01,-63.0,0.005
2020-02-24T06:51:11.000,10.38,-11.62,1.1,20.28,20.5,308295,-65.11,-63.0,0.005
2020-02-24T06:52:11.000,10.38,-11.57,1.1,20.28,20.5,308296,-65.21,-63.0,0.005
2020-02-24T06:53:12.000,10.38,-11.6,1.09,20.28,20.5,308297,-65.3,-63.0,0.005
2020-02-24T06:54:12.000,10.37,-11.6,1.09,20.29,20.5,308298,-65.39,-63.0,0.005
