Downloads/jupyter/ECSV/stars19/stars19_2022-03.ecsv
# %ECSV 1.0
# ---
# datatype:
# - {name: time, datatype: string}
# - {name: Enclosure Temperature, unit: deg_C, datatype: float64}
# - {name: Sky Temperature, unit: deg_C, datatype: float64}
# - {name: Frequency, unit: Hz, datatype: float64}
# - {name: MSAS, unit: mag / arcsec2, datatype: float64}
# - {name: ZP, datatype: float64}
# - {name: Sequence Number, datatype: int64}
# - {name: Sun Alt, unit: deg, datatype: float64}
# - {name: Moon Alt, unit: deg, datatype: float64}
# - {name: Moon Illumination, datatype: float64}
# delimiter: ','
# meta: !!omap
# - ida:
#     Data supplier: {affiliation: null, observer: null}
#     Device type: TESS-W
#     Field of view: 17.0
#     Filters per channel: None
#     Instrument ID: stars19
#     License: ODbL 1.0 http://opendatacommons.org/licenses/odbl/summary/
#     Local timezone: America/Phoenix
#     Location name: {country: '- Tucson', place: Tucson, region: United States, sub_region: Arizona, town: Pima County}
#     Measurement direction per channel: {azimuth: 0.0, zenital: 0.0}
#     Moving / Fixed look direction: FIXED
#     Moving / Stationary position: STATIONARY
#     Number of channels: 1
#     Number of fields per line: 8
#     Number of header lines: 35
#     Position: {height: 0.0, latitude: 32.223877, longitude: -110.767532}
#     TESS MAC address: 18:FE:34:CF:EC:06
#     TESS cover offset value: 0.0
#     TESS firmware version: '1.0'
#     TESS zero point: 20.5
#     Time Synchronization: timestamp added by MQTT subscriber
#     URL: http://www.darksky.org/NSBM/sdf1.0.pdf
# - __serialized_columns__:
#     Enclosure Temperature:
#       __class__: astropy.units.quantity.Quantity
#       unit: &id001 !astropy.units.Unit {unit: deg_C}
#       value: !astropy.table.SerializedColumn {name: Enclosure Temperature}
#     Frequency:
#       __class__: astropy.units.quantity.Quantity
#       unit: !astropy.units.Unit {unit: Hz}
#       value: !astropy.table.SerializedColumn {name: Frequency}
#     MSAS:
#       __class__: astropy.units.quantity.Quantity
#       unit: !astropy.units.Unit {unit: mag / arcsec2}
#       value: !astropy.table.SerializedColumn {name: MSAS}
#     Moon Alt:
#       __class__: astropy.units.quantity.Quantity
#       unit: &id002 !astropy.units.Unit {unit: deg}
#       value: !astropy.table.SerializedColumn {name: Moon Alt}
#     Sky Temperature:
#       __class__: astropy.units.quantity.Quantity
#       unit: *id001
#       value: !astropy.table.SerializedColumn {name: Sky Temperature}
#     Sun Alt:
#       __class__: astropy.units.quantity.Quantity
#       unit: *id002
#       value: !astropy.table.SerializedColumn {name: Sun Alt}
#     time:
#       __class__: astropy.time.core.Time
#       format: isot
#       in_subfmt: '*'
#       out_subfmt: '*'
#       precision: 3
#       scale: utc
#       value: !astropy.table.SerializedColumn {name: time}
# schema: astropy-2.0
time,Enclosure Temperature,Sky Temperature,Frequency,MSAS,ZP,Sequence Number,Sun Alt,Moon Alt,Moon Illumination
[from data line 25424]
2022-03-31T09:30:40.000,14.4,-9.68,1.09,20.29,20.5,66688,-43.25,-44.0,0.01
2022-03-31T09:31:40.000,14.31,-9.71,1.09,20.29,20.5,66689,-43.1,-44.0,0.01
2022-03-31T09:32:47.000,14.28,-9.68,1.09,20.29,20.5,66690,-42.93,-44.0,0.01
2022-03-31T09:33:48.000,14.24,-9.67,1.09,20.29,20.5,66691,-42.78,-44.0,0.01
2022-03-31T09:34:48.000,14.24,-9.55,1.09,20.29,20.5,66692,-42.63,-44.0,0.01
2022-03-31T09:35:48.000,14.2,-9.69,1.09,20.29,20.5,66693,-42.47,-43.0,0.01
2022-03-31T09:36:48.000,14.23,-9.41,1.08,20.29,20.5,66694,-42.32,-43.0,0.01
2022-03-31T09:37:48.000,14.28,-9.49,1.08,20.29,20.5,66695,-42.17,-43.0,0.01
2022-03-31T09:38:49.000,14.3,-9.44,1.08,20.29,20.5,66696,-42.01,-43.0,0.01
2022-03-31T09:39:49.000,14.34,-9.51,1.08,20.29,20.5,66697,-41.86,-43.0,0.01
2022-03-31T09:40:49.000,14.35,-9.54,1.08,20.29,20.5,66698,-41.7,-43.0,0.01
2022-03-31T09:41:49.000,14.36,-9.54,1.08,20.29,20.5,66699,-41.55,-42.0,0.01
2022-03-31T09:43:50.000,14.26,-9.68,1.08,20.29,20.5,66701,-41.23,-42.0,0.01
2022-03-31T09:44:50.000,14.28,-9.74,1.08,20.29,20.5,66702,-41.07,-42.0,0.01
2022-03-31T09:45:51.000,14.25,-9.85,1.08,20.29,20.5,66703,-40.91,-42.0,0.01
2022-03-31T09:46:52.000,14.19,-9.94,1.08,20.29,20.5,66704,-40.75,-41.0,0.01
2022-03-31T09:52:52.000,14.15,-9.94,1.08,20.29,20.5,66710,-39.78,-40.0,0.01
2022-03-31T09:58:53.000,14.22,-9.85,1.08,20.29,20.5,66716,-38.79,-39.0,0.01
2022-03-31T09:59:53.000,14.23,-9.66,1.08,20.29,20.5,66717,-38.62,-39.0,0.01
2022-03-31T10:00:56.000,14.26,-9.74,1.08,20.29,20.5,66718,-38.45,-39.0,0.01
2022-03-31T10:01:56.000,14.22,-9.88,1.08,20.3,20.5,66719,-38.28,-39.0,0.009
2022-03-31T10:02:57.000,14.23,-9.72,1.08,20.3,20.5,66720,-38.11,-38.0,0.009
2022-03-31T10:03:57.000,14.26,-9.69,1.08,20.3,20.5,66721,-37.94,-38.0,0.009
2022-03-31T10:04:57.000,14.24,-9.77,1.08,20.3,20.5,66722,-37.77,-38.0,0.009
2022-03-31T10:05:58.000,14.25,-9.67,1.08,20.3,20.5,66723,-37.6,-38.0,0.009
2022-03-31T10:06:58.000,14.28,-9.62,1.08,20.3,20.5,66724,-37.43,-38.0,0.009
2022-03-31T10:07:59.000,14.31,-9.57,1.08,20.3,20.5,66725,-37.25,-37.0,0.009
2022-03-31T10:08:59.000,14.33,-9.6,1.08,20.3,20.5,66726,-37.08,-37.0,0.009
2022-03-31T10:11:05.000,14.32,-9.84,1.1,20.28,20.5,66728,-36.72,-37.0,0.009
2022-03-31T10:12:05.000,14.26,-9.84,1.09,20.28,20.5,66729,-36.55,-37.0,0.009
2022-03-31T10:13:05.000,14.23,-9.82,1.09,20.28,20.5,66730,-36.37,-37.0,0.009
2022-03-31T10:14:06.000,14.24,-9.76,1.08,20.29,20.5,66731,-36.2,-36.0,0.009
2022-03-31T10:15:06.000,14.24,-9.78,1.08,20.29,20.5,66732,-36.02,-36.0,0.009
2022-03-31T10:16:06.000,14.21,-9.84,1.08,20.29,20.5,66733,-35.85,-36.0,0.009
2022-03-31T10:17:06.000,14.2,-9.81,1.08,20.29,20.5,66734,-35.67,-36.0,0.009
2022-03-31T10:18:06.000,14.12,-9.95,1.08,20.29,20.5,66735,-35.49,-36.0,0.009
2022-03-31T10:19:06.000,14.09,-10.0,1.08,20.29,20.5,66736,-35.32,-35.0,0.009
2022-03-31T10:20:06.000,14.01,-9.95,1.08,20.29,20.5,66737,-35.14,-35.0,0.009
2022-03-31T10:21:07.000,13.91,-9.96,1.08,20.29,20.5,66738,-34.96,-35.0,0.009
2022-03-31T10:22:07.000,13.94,-9.55,1.08,20.29,20.5,66739,-34.78,-35.0,0.009
2022-03-31T10:23:07.000,14.0,-9.67,1.08,20.29,20.5,66740,-34.61,-35.0,0.009
2022-03-31T10:24:07.000,13.92,-10.16,1.08,20.29,20.5,66741,-34.43,-34.0,0.009
2022-03-31T10:25:07.000,13.88,-9.8,1.08,20.29,20.5,66742,-34.25,-34.0,0.009
2022-03-31T10:26:07.000,13.9,-9.76,1.08,20.29,20.5,66743,-34.07,-34.0,0.009
2022-03-31T10:27:08.000,13.87,-9.94,1.08,20.29,20.5,66744,-33.89,-34.0,0.009
2022-03-31T10:30:09.000,13.9,-9.59,1.09,20.29,20.5,66747,-33.34,-33.0,0.009
2022-03-31T10:33:09.000,13.94,-9.73,1.09,20.29,20.5,66750,-32.8,-33.0,0.009
2022-03-31T10:34:09.000,13.98,-9.58,1.09,20.29,20.5,66751,-32.62,-32.0,0.009
2022-03-31T10:36:09.000,13.95,-9.75,1.09,20.29,20.5,66753,-32.25,-32.0,0.009
2022-03-31T10:38:09.000,14.0,-9.68,1.09,20.29,20.5,66755,-31.88,-32.0,0.009
2022-03-31T10:40:09.000,13.99,-9.84,1.09,20.29,20.5,66757,-31.52,-31.0,0.009
2022-03-31T10:43:10.000,13.82,-10.14,1.09,20.28,20.5,66760,-30.96,-31.0,0.009
2022-03-31T10:44:10.000,13.75,-9.98,1.09,20.28,20.5,66761,-30.77,-30.0,0.009
2022-03-31T10:45:10.000,13.78,-9.7,1.09,20.28,20.5,66762,-30.58,-30.0,0.009
2022-03-31T10:46:11.000,13.83,-9.73,1.09,20.28,20.5,66763,-30.39,-30.0,0.009
2022-03-31T10:47:12.000,13.84,-9.68,1.09,20.28,20.5,66764,-30.2,-30.0,0.009
2022-03-31T10:48:12.000,13.84,-9.65,1.09,20.28,20.5,66765,-30.02,-30.0,0.009
2022-03-31T10:49:12.000,13.81,-10.01,1.09,20.28,20.5,66766,-29.83,-29.0,0.009
2022-03-31T10:50:12.000,13.78,-9.8,1.09,20.28,20.5,66767,-29.64,-29.0,0.009
2022-03-31T10:51:12.000,13.8,-9.77,1.09,20.28,20.5,66768,-29.45,-29.0,0.009
2022-03-31T10:52:12.000,13.81,-9.77,1.09,20.28,20.5,66769,-29.26,-29.0,0.009
2022-03-31T10:53:13.000,13.83,-9.85,1.09,20.28,20.5,66770,-29.07,-29.0,0.009
2022-03-31T10:54:13.000,13.88,-9.83,1.09,20.28,20.5,66771,-28.88,-28.0,0.009
2022-03-31T10:55:20.000,13.89,-9.89,1.09,20.29,20.5,66772,-28.67,-28.0,0.009
2022-03-31T10:56:20.000,13.91,-9.83,1.09,20.28,20.5,66773,-28.48,-28.0,0.009
2022-03-31T10:58:21.000,13.88,-9.88,1.09,20.28,20.5,66775,-28.1,-28.0,0.009
2022-03-31T10:59:21.000,13.88,-9.91,1.09,20.28,20.5,66776,-27.91,-27.0,0.009
2022-03-31T11:00:21.000,13.8,-10.35,1.09,20.28,20.5,66777,-27.72,-27.0,0.009
2022-03-31T11:01:21.000,13.71,-10.3,1.09,20.28,20.5,66778,-27.52,-27.0,0.009
2022-03-31T11:02:22.000,13.69,-10.03,1.1,20.28,20.5,66779,-27.33,-27.0,0.009
2022-03-31T11:03:22.000,13.6,-10.21,1.1,20.28,20.5,66780,-27.14,-27.0,0.009
2022-03-31T11:04:22.000,13.55,-10.07,1.11,20.27,20.5,66781,-26.95,-26.0,0.009
2022-03-31T11:08:27.000,13.53,-9.85,1.12,20.26,20.5,66785,-26.16,-26.0,0.009
2022-03-31T11:09:27.000,13.54,-9.77,1.16,20.22,20.5,66786,-25.97,-25.0,0.009
2022-03-31T11:10:28.000,13.55,-9.81,1.12,20.25,20.5,66787,-25.77,-25.0,0.009
2022-03-31T11:11:27.000,13.53,-10.01,1.18,20.21,20.5,66788,-25.58,-25.0,0.009
2022-03-31T11:12:28.000,13.52,-9.8,1.11,20.26,20.5,66789,-25.38,-25.0,0.009
2022-03-31T11:13:28.000,13.54,-9.79,1.12,20.26,20.5,66790,-25.19,-25.0,0.009
2022-03-31T11:14:28.000,13.55,-9.86,1.11,20.26,20.5,66791,-24.99,-24.0,0.009
2022-03-31T11:15:28.000,13.56,-9.76,1.11,20.26,20.5,66792,-24.8,-24.0,0.009
2022-03-31T11:16:28.000,13.58,-9.84,1.11,20.27,20.5,66793,-24.6,-24.0,0.008
2022-03-31T11:17:29.000,13.58,-9.94,1.11,20.27,20.5,66794,-24.4,-24.0,0.008
2022-03-31T11:18:29.000,13.59,-9.9,1.11,20.27,20.5,66795,-24.21,-24.0,0.008
2022-03-31T11:19:29.000,13.6,-9.91,1.11,20.27,20.5,66796,-24.01,-23.0,0.008
2022-03-31T11:20:29.000,13.59,-10.0,1.11,20.27,20.5,66797,-23.81,-23.0,0.008
2022-03-31T11:21:30.000,13.58,-9.95,1.11,20.27,20.5,66798,-23.61,-23.0,0.008
2022-03-31T11:22:30.000,13.61,-9.86,1.11,20.27,20.5,66799,-23.42,-23.0,0.008
2022-03-31T11:23:30.000,13.63,-9.87,1.11,20.27,20.5,66800,-23.22,-23.0,0.008
2022-03-31T11:25:30.000,13.53,-10.12,1.1,20.27,20.5,66802,-22.83,-22.0,0.008
2022-03-31T11:26:31.000,13.55,-9.94,1.1,20.27,20.5,66803,-22.62,-22.0,0.008
2022-03-31T11:27:32.000,13.57,-9.94,1.1,20.27,20.5,66804,-22.42,-22.0,0.008
2022-03-31T11:28:32.000,13.57,-9.92,1.1,20.28,20.5,66805,-22.23,-22.0,0.008
2022-03-31T11:29:32.000,13.55,-9.97,1.1,20.28,20.5,66806,-22.03,-21.0,0.008
2022-03-31T11:39:33.000,13.52,-9.94,1.1,20.27,20.5,66816,-20.03,-19.0,0.008
2022-03-31T11:47:39.000,13.53,-9.85,1.11,20.27,20.5,66824,-18.4,-18.0,0.008
2022-03-31T11:48:39.000,13.53,-9.8,1.11,20.27,20.5,66825,-18.2,-17.0,0.008
2022-03-31T11:49:40.000,13.53,-9.87,1.11,20.27,20.5,66826,-17.99,-17.0,0.008
2022-03-31T11:50:40.000,13.52,-9.92,1.1,20.27,20.5,66827,-17.79,-17.0,0.008
2022-03-31T11:51:40.000,13.53,-9.87,1.11,20.27,20.5,66828,-17.59,-17.0,0.008
2022-03-31T11:52:40.000,13.51,-10.09,1.11,20.27,20.5,66829,-17.39,-17.0,0.008
2022-03-31T11:53:40.000,13.47,-9.97,1.11,20.27,20.5,66830,-17.18,-16.0,0.008
2022-03-31T11:54:41.000,13.5,-9.84,1.11,20.27,20.5,66831,-16.98,-16.0,0.008
2022-03-31T11:56:46.000,13.45,-10.04,1.11,20.26,20.5,66833,-16.55,-16.0,0.008
2022-03-31T11:57:46.000,13.37,-10.11,1.11,20.26,20.5,66834,-16.35,-16.0,0.008
2022-03-31T11:58:47.000,13.37,-9.93,1.12,20.26,20.5,66835,-16.14,-15.0,0.008
2022-03-31T11:59:47.000,13.37,-9.98,1.13,20.25,20.5,66836,-15.94,-15.0,0.008
2022-03-31T12:00:47.000,13.35,-10.05,1.18,20.2,20.5,66837,-15.74,-15.0,0.008
2022-03-31T12:01:48.000,13.31,-9.99,1.2,20.18,20.5,66838,-15.53,-15.0,0.008
2022-03-31T12:02:48.000,13.33,-9.73,1.32,20.11,20.5,66839,-15.32,-15.0,0.008
2022-03-31T12:03:48.000,13.37,-9.82,5.86,19.36,20.5,66840,-15.12,-14.0,0.008
2022-03-31T12:04:48.000,13.38,-9.88,1.17,20.21,20.5,66841,-14.92,-14.0,0.008
2022-03-31T12:05:49.000,13.42,-9.75,1.18,20.2,20.5,66842,-14.71,-14.0,0.008
2022-03-31T12:06:49.000,13.43,-9.9,1.19,20.19,20.5,66843,-14.5,-14.0,0.008
2022-03-31T12:07:49.000,13.44,-9.89,1.2,20.18,20.5,66844,-14.3,-14.0,0.008
2022-03-31T12:08:49.000,13.47,-9.83,1.2,20.18,20.5,66845,-14.09,-13.0,0.008
2022-03-31T12:09:49.000,13.51,-9.79,1.22,20.16,20.5,66846,-13.89,-13.0,0.008
2022-03-31T12:10:49.000,13.53,-9.77,1.24,20.14,20.5,66847,-13.68,-13.0,0.008
2022-03-31T12:11:49.000,13.51,-9.96,1.27,20.12,20.5,66848,-13.48,-13.0,0.008
2022-03-31T12:12:49.000,13.43,-10.04,1.31,20.09,20.5,66849,-13.27,-12.0,0.008
2022-03-31T12:13:49.000,13.43,-9.9,1.35,20.06,20.5,66850,-13.07,-12.0,0.008
2022-03-31T12:14:49.000,13.47,-9.77,1.39,20.02,20.5,66851,-12.86,-12.0,0.008
2022-03-31T12:15:49.000,13.51,-9.81,1.45,19.98,20.5,66852,-12.66,-12.0,0.008
2022-03-31T12:16:49.000,13.51,-9.82,1.52,19.93,20.5,66853,-12.45,-12.0,0.008
2022-03-31T12:17:49.000,13.51,-9.82,1.6,19.87,20.5,66854,-12.24,-11.0,0.008
2022-03-31T12:18:49.000,13.53,-9.75,1.7,19.8,20.5,66855,-12.04,-11.0,0.008
2022-03-31T12:19:49.000,13.56,-9.72,1.82,19.73,20.5,66856,-11.83,-11.0,0.008
2022-03-31T12:20:49.000,13.58,-9.76,1.97,19.64,20.5,66857,-11.62,-11.0,0.008
2022-03-31T12:21:50.000,13.58,-9.72,2.14,19.55,20.5,66858,-11.41,-11.0,0.008
2022-03-31T12:22:50.000,13.59,-9.72,2.34,19.46,20.5,66859,-11.21,-10.0,0.008
2022-03-31T12:23:50.000,13.62,-9.67,2.59,19.35,20.5,66860,-11.0,-10.0,0.008
2022-03-31T12:24:50.000,13.64,-9.68,2.9,19.23,20.5,66861,-10.79,-10.0,0.008
2022-03-31T12:25:50.000,13.63,-9.77,3.29,19.09,20.5,66862,-10.59,-10.0,0.008
2022-03-31T12:27:55.000,13.58,-9.75,4.36,18.78,20.5,66864,-10.15,-9.0,0.008
2022-03-31T12:28:56.000,13.56,-9.85,5.07,18.62,20.5,66865,-9.94,-9.0,0.008
2022-03-31T12:29:56.000,13.55,-9.8,5.89,18.46,20.5,66866,-9.74,-9.0,0.008
2022-03-31T12:30:56.000,13.55,-9.82,7.01,18.27,20.5,66867,-9.53,-9.0,0.008
2022-03-31T12:31:56.000,13.56,-9.8,8.25,18.09,20.5,66868,-9.32,-9.0,0.008
2022-03-31T12:32:56.000,13.56,-9.74,9.91,17.89,20.5,66869,-9.11,-8.0,0.008
2022-03-31T12:34:56.000,13.59,-9.76,14.5,17.48,20.5,66871,-8.7,-8.0,0.008
2022-03-31T12:35:56.000,13.57,-9.79,17.77,17.26,20.5,66872,-8.49,-8.0,0.007
2022-03-31T12:36:56.000,13.53,-9.9,21.91,17.03,20.5,66873,-8.28,-7.0,0.007
2022-03-31T12:39:56.000,13.44,-9.88,43.52,16.29,20.5,66876,-7.66,-7.0,0.007
2022-03-31T12:41:56.000,13.38,-9.79,71.57,15.75,20.5,66878,-7.24,-6.0,0.007
2022-03-31T12:42:56.000,13.41,-9.84,92.8,15.46,20.5,66879,-7.03,-6.0,0.007
2022-03-31T12:43:57.000,13.4,-9.88,120.72,15.18,20.5,66880,-6.82,-6.0,0.007
2022-03-31T12:44:57.000,13.4,-9.86,157.35,14.89,20.5,66881,-6.61,-6.0,0.007
2022-03-31T12:45:57.000,13.39,-9.87,205.17,14.6,20.5,66882,-6.4,-6.0,0.007
2022-03-31T12:46:57.000,13.38,-9.85,267.01,14.32,20.5,66883,-6.19,-5.0,0.007
2022-03-31T12:47:57.000,13.39,-9.82,347.56,14.03,20.5,66884,-5.98,-5.0,0.007
2022-03-31T12:48:58.000,13.38,-9.83,451.98,13.75,20.5,66885,-5.77,-5.0,0.007
2022-03-31T12:49:58.000,13.38,-9.81,585.42,13.46,20.5,66886,-5.56,-5.0,0.007
2022-03-31T12:50:57.000,13.39,-9.8,758.11,13.18,20.5,66887,-5.35,-5.0,0.007
2022-03-31T12:51:58.000,13.39,-9.9,979.35,12.91,20.5,66888,-5.14,-4.0,0.007
2022-03-31T12:52:58.000,13.35,-10.04,1263.33,12.63,20.5,66889,-4.93,-4.0,0.007
2022-03-31T12:53:58.000,13.29,-10.14,1627.33,12.35,20.5,66890,-4.72,-4.0,0.007
2022-03-31T12:54:58.000,13.21,-10.12,2092.7,12.08,20.5,66891,-4.51,-4.0,0.007
2022-03-31T12:57:04.000,13.1,-10.09,3560.59,11.5,20.5,66893,-4.07,-3.0,0.007
2022-03-31T12:58:04.000,13.09,-9.92,4614.13,11.22,20.5,66894,-3.86,-3.0,0.007
2022-03-31T12:59:05.000,13.13,-9.79,5990.33,10.94,20.5,66895,-3.65,-3.0,0.007
2022-03-31T13:00:05.000,13.17,-9.76,7708.13,10.67,20.5,66896,-3.44,-3.0,0.007
2022-03-31T13:01:05.000,13.16,-9.85,9692.94,10.42,20.5,66897,-3.23,-3.0,0.007
2022-03-31T13:02:05.000,13.17,-9.86,12077.96,10.18,20.5,66898,-3.02,-2.0,0.007
2022-03-31T13:03:06.000,13.16,-9.97,14884.43,9.95,20.5,66899,-2.81,-2.0,0.007
2022-03-31T13:04:06.000,13.14,-9.93,18212.96,9.73,20.5,66900,-2.6,-2.0,0.007
2022-03-31T13:06:07.000,13.18,-9.95,26844.52,9.31,20.5,66902,-2.17,-1.0,0.007
2022-03-31T13:07:07.000,13.22,-9.75,32198.49,9.11,20.5,66903,-1.96,-1.0,0.007
2022-03-31T13:08:07.000,13.25,-9.78,38174.09,8.93,20.5,66904,-1.75,-1.0,0.007
2022-03-31T13:09:07.000,13.25,-9.85,46132.93,8.72,20.5,66905,-1.54,-1.0,0.007
2022-03-31T13:10:07.000,13.22,-9.89,56030.96,8.51,20.5,66906,-1.33,-1.0,0.007
2022-03-31T13:11:07.000,13.2,-9.87,28636.53,3.82,20.5,66907,-1.12,-0.0,0.007
2022-03-31T13:12:07.000,13.17,-9.9,0.0,0.0,20.5,66908,-0.91,-0.0,0.007
2022-03-31T13:13:07.000,13.12,-9.96,0.0,0.0,20.5,66909,-0.7,-0.0,0.007
2022-03-31T13:14:07.000,13.06,-9.96,0.0,0.0,20.5,66910,-0.49,0.0,0.007
2022-03-31T13:24:08.000,13.17,-9.8,0.0,0.0,20.5,66920,1.63,2.0,0.007
2022-03-31T13:25:08.000,13.17,-9.76,0.0,0.0,20.5,66921,1.84,2.0,0.007
2022-03-31T13:26:08.000,13.18,-9.7,0.0,0.0,20.5,66922,2.05,3.0,0.007
2022-03-31T13:28:09.000,13.21,-9.76,0.0,0.0,20.5,66924,2.47,3.0,0.007
2022-03-31T13:30:09.000,13.25,-9.96,0.0,0.0,20.5,66926,2.9,4.0,0.007
2022-03-31T13:31:10.000,13.27,-10.01,0.0,0.0,20.5,66927,3.11,4.0,0.007
2022-03-31T13:32:10.000,13.3,-10.12,0.0,0.0,20.5,66928,3.32,4.0,0.007
2022-03-31T13:33:10.000,13.32,-10.02,0.0,0.0,20.5,66929,3.53,4.0,0.007
2022-03-31T13:34:10.000,13.36,-9.95,0.0,0.0,20.5,66930,3.75,4.0,0.007
2022-03-31T13:35:10.000,13.4,-9.93,0.28,0.1,20.5,66931,3.96,5.0,0.007
2022-03-31T13:36:10.000,13.41,-10.07,0.0,0.0,20.5,66932,4.17,5.0,0.007
2022-03-31T13:37:10.000,13.41,-9.99,0.0,0.0,20.5,66933,4.38,5.0,0.007
2022-03-31T13:38:10.000,13.48,-9.9,0.0,0.0,20.5,66934,4.59,5.0,0.007
2022-03-31T13:39:10.000,13.51,-9.96,0.0,0.0,20.5,66935,4.8,5.0,0.007
2022-03-31T13:41:10.000,13.51,-10.07,0.0,0.0,20.5,66937,5.23,6.0,0.007
2022-03-31T13:42:10.000,13.53,-10.07,0.0,0.0,20.5,66938,5.44,6.0,0.007
2022-03-31T13:43:11.000,13.51,-10.09,0.0,0.0,20.5,66939,5.65,6.0,0.007
2022-03-31T13:44:11.000,13.53,-10.0,0.0,0.0,20.5,66940,5.87,6.0,0.007
2022-03-31T13:45:11.000,13.55,-10.01,0.0,0.0,20.5,66941,6.08,7.0,0.007
2022-03-31T13:48:11.000,13.57,-10.09,0.0,0.0,20.5,66944,6.71,7.0,0.007
2022-03-31T13:50:17.000,13.64,-9.87,0.0,0.0,20.5,66946,7.16,8.0,0.007
2022-03-31T13:51:18.000,13.68,-9.97,0.0,0.0,20.5,66947,7.37,8.0,0.007
2022-03-31T13:52:18.000,13.64,-10.04,0.0,0.0,20.5,66948,7.58,8.0,0.007
2022-03-31T13:53:18.000,13.62,-10.11,0.0,0.0,20.5,66949,7.79,8.0,0.007
2022-03-31T13:54:18.000,13.59,-10.12,0.0,0.0,20.5,66950,8.01,8.0,0.007
2022-03-31T13:55:18.000,13.59,-10.07,0.0,0.0,20.5,66951,8.22,9.0,0.007
2022-03-31T13:57:18.000,13.59,-9.96,0.0,0.0,20.5,66953,8.64,9.0,0.007
2022-03-31T13:58:20.000,13.62,-9.88,0.0,0.0,20.5,66954,8.86,9.0,0.007
2022-03-31T13:59:20.000,13.63,-9.83,0.0,0.0,20.5,66955,9.07,10.0,0.007
2022-03-31T14:01:26.000,13.69,-9.6,0.0,0.0,20.5,66957,9.52,10.0,0.007
2022-03-31T14:02:26.000,13.68,-9.67,0.0,0.0,20.5,66958,9.73,10.0,0.006
2022-03-31T14:03:26.000,13.73,-9.56,0.0,0.0,20.5,66959,9.94,10.0,0.006
2022-03-31T14:40:31.000,16.1,-7.66,0.0,0.0,20.5,66996,17.77,18.0,0.006
2022-03-31T14:41:31.000,16.2,-7.57,0.0,0.0,20.5,66997,17.98,18.0,0.006
2022-03-31T14:42:31.000,16.23,-7.66,0.0,0.0,20.5,66998,18.19,18.0,0.006
2022-03-31T14:44:31.000,16.32,-7.45,0.0,0.0,20.5,67000,18.61,19.0,0.006
2022-03-31T14:45:31.000,16.39,-7.4,0.0,0.0,20.5,67001,18.82,19.0,0.006
2022-03-31T14:47:37.000,16.54,-7.2,0.0,0.0,20.5,67003,19.26,19.0,0.006
2022-03-31T14:48:37.000,16.61,-6.98,0.0,0.0,20.5,67004,19.47,20.0,0.006
