Downloads/jupyter/ECSV/stars19/stars19_2019-07.ecsv
# %ECSV 1.0
# ---
# datatype:
# - {name: time, datatype: string}
# - {name: Enclosure Temperature, unit: deg_C, datatype: float64}
# - {name: Sky Temperature, unit: deg_C, datatype: float64}
# - {name: Frequency, unit: Hz, datatype: float64}
# - {name: MSAS, unit: mag / arcsec2, datatype: float64}
# - {name: ZP, datatype: float64}
# - {name: Sequence Number, datatype: int64}
# - {name: Sun Alt, unit: deg, datatype: float64}
# - {name: Moon Alt, unit: deg, datatype: float64}
# - {name: Moon Illumination, datatype: float64}
# delimiter: ','
# meta: !!omap
# - ida:
#     Data supplier: {affiliation: null, observer: null}
#     Device type: TESS-W
#     Field of view: 17.0
#     Filters per channel: None
#     Instrument ID: stars19
#     License: ODbL 1.0 http://opendatacommons.org/licenses/odbl/summary/
#     Local timezone: America/Phoenix
#     Location name: {country: '- Tucson', place: Tucson, region: United States, sub_region: Arizona, town: Pima County}
#     Measurement direction per channel: {azimuth: 0.0, zenital: 0.0}
#     Moving / Fixed look direction: FIXED
#     Moving / Stationary position: STATIONARY
#     Number of channels: 1
#     Number of fields per line: 8
#     Number of header lines: 35
#     Position: {height: 0.0, latitude: 32.223877, longitude: -110.767532}
#     TESS MAC address: 18:FE:34:CF:EC:06
#     TESS cover offset value: 0.0
#     TESS firmware version: '1.0'
#     TESS zero point: 20.5
#     Time Synchronization: timestamp added by MQTT subscriber
#     URL: http://www.darksky.org/NSBM/sdf1.0.pdf
# - __serialized_columns__:
#     Enclosure Temperature:
#       __class__: astropy.units.quantity.Quantity
#       unit: &id001 !astropy.units.Unit {unit: deg_C}
#       value: !astropy.table.SerializedColumn {name: Enclosure Temperature}
#     Frequency:
#       __class__: astropy.units.quantity.Quantity
#       unit: !astropy.units.Unit {unit: Hz}
#       value: !astropy.table.SerializedColumn {name: Frequency}
#     MSAS:
#       __class__: astropy.units.quantity.Quantity
#       unit: !astropy.units.Unit {unit: mag / arcsec2}
#       value: !astropy.table.SerializedColumn {name: MSAS}
#     Moon Alt:
#       __class__: astropy.units.quantity.Quantity
#       unit: &id002 !astropy.units.Unit {unit: deg}
#       value: !astropy.table.SerializedColumn {name: Moon Alt}
#     Sky Temperature:
#       __class__: astropy.units.quantity.Quantity
#       unit: *id001
#       value: !astropy.table.SerializedColumn {name: Sky Temperature}
#     Sun Alt:
#       __class__: astropy.units.quantity.Quantity
#       unit: *id002
#       value: !astropy.table.SerializedColumn {name: Sun Alt}
#     time:
#       __class__: astropy.time.core.Time
#       format: isot
#       in_subfmt: '*'
#       out_subfmt: '*'
#       precision: 3
#       scale: utc
#       value: !astropy.table.SerializedColumn {name: time}
# schema: astropy-2.0
time,Enclosure Temperature,Sky Temperature,Frequency,MSAS,ZP,Sequence Number,Sun Alt,Moon Alt,Moon Illumination
[from data line 4481]
2019-07-29T12:41:12.000,31.88,19.21,0.0,0.0,20.5,7996,0.2,32.0,0.093
2019-07-29T12:42:12.000,31.88,19.15,0.0,0.0,20.5,7997,0.39,32.0,0.093
2019-07-29T12:43:13.000,31.91,19.07,0.0,0.0,20.5,7998,0.59,32.0,0.093
2019-07-29T12:53:16.000,31.84,18.23,0.0,0.0,20.5,8008,2.57,34.0,0.093
2019-07-29T12:54:16.000,31.82,18.24,0.0,0.0,20.5,8009,2.77,34.0,0.093
2019-07-29T12:55:16.000,31.84,18.29,0.0,0.0,20.5,8010,2.97,35.0,0.093
2019-07-29T12:56:23.000,31.83,18.02,0.24,0.09,20.5,8011,3.19,35.0,0.092
2019-07-29T12:57:24.000,31.78,18.11,0.0,0.0,20.5,8012,3.39,35.0,0.092
2019-07-29T12:58:25.000,31.78,18.13,0.0,0.0,20.5,8013,3.59,35.0,0.092
2019-07-29T12:59:25.000,31.8,18.14,0.0,0.0,20.5,8014,3.79,35.0,0.092
2019-07-30T00:22:06.000,30.13,20.78,0.0,0.0,20.5,8693,23.75,-0.0,0.063
2019-07-30T00:23:07.000,29.69,20.38,0.0,0.0,20.5,8694,23.54,-0.0,0.063
2019-07-30T00:24:07.000,28.92,17.94,0.0,0.0,20.5,8695,23.33,-1.0,0.063
2019-07-30T00:25:08.000,27.67,16.7,0.14,0.09,20.5,8696,23.12,-1.0,0.063
2019-07-30T00:26:08.000,27.3,17.99,0.0,0.0,20.5,8697,22.91,-1.0,0.063
2019-07-30T00:29:09.000,26.65,18.62,0.0,0.0,20.5,8700,22.28,-1.0,0.063
2019-07-30T00:30:09.000,26.41,18.76,0.0,0.0,20.5,8701,22.07,-2.0,0.063
2019-07-30T00:32:09.000,26.58,19.46,0.0,0.0,20.5,8703,21.65,-2.0,0.063
2019-07-30T00:33:10.000,26.37,17.7,0.0,0.0,20.5,8704,21.44,-2.0,0.063
2019-07-30T00:34:10.000,26.21,18.0,0.0,0.0,20.5,8705,21.23,-2.0,0.063
2019-07-30T00:35:10.000,26.03,17.67,0.11,0.09,20.5,8706,21.02,-3.0,0.063
2019-07-30T00:36:10.000,25.53,17.45,0.0,0.0,20.5,8707,20.81,-3.0,0.062
2019-07-30T00:37:10.000,25.62,18.06,0.0,0.0,20.5,8708,20.6,-3.0,0.062
2019-07-30T00:39:16.000,25.35,17.82,0.26,0.09,20.5,8710,20.16,-3.0,0.062
2019-07-30T00:40:16.000,25.44,18.17,0.0,0.0,20.5,8711,19.96,-3.0,0.062
2019-07-30T00:41:17.000,25.29,17.98,0.0,0.0,20.5,8712,19.74,-4.0,0.062
2019-07-30T00:42:17.000,25.43,18.19,0.27,0.09,20.5,8713,19.54,-4.0,0.062
2019-07-30T00:43:17.000,25.42,18.38,0.0,0.0,20.5,8714,19.33,-4.0,0.062
2019-07-30T00:44:17.000,25.67,18.79,0.0,0.0,20.5,8715,19.12,-4.0,0.062
2019-07-30T00:45:17.000,25.7,19.26,0.0,0.0,20.5,8716,18.91,-4.0,0.062
2019-07-30T00:52:19.000,26.56,19.92,0.0,0.0,20.5,8723,17.45,-6.0,0.062
2019-07-30T00:53:21.000,26.91,20.69,0.0,0.0,20.5,8724,17.24,-6.0,0.062
2019-07-30T00:54:21.000,27.41,21.29,0.0,0.0,20.5,8725,17.03,-6.0,0.062
2019-07-30T00:55:22.000,27.87,21.4,0.25,0.09,20.5,8726,16.82,-6.0,0.062
2019-07-30T00:56:22.000,28.29,21.48,0.0,0.0,20.5,8727,16.61,-6.0,0.062
2019-07-30T00:57:22.000,28.72,21.64,0.0,0.0,20.5,8728,16.4,-6.0,0.062
2019-07-30T00:58:22.000,29.15,21.72,0.0,0.0,20.5,8729,16.2,-7.0,0.062
2019-07-30T00:59:23.000,29.55,21.81,0.0,0.0,20.5,8730,15.99,-7.0,0.062
2019-07-30T01:00:23.000,29.92,21.45,0.0,0.0,20.5,8731,15.78,-7.0,0.062
2019-07-30T01:01:23.000,30.2,21.14,0.2,0.09,20.5,8732,15.57,-7.0,0.061
2019-07-30T01:02:23.000,29.56,18.43,0.0,0.0,20.5,8733,15.37,-7.0,0.061
2019-07-30T01:03:23.000,29.02,19.6,0.0,0.0,20.5,8734,15.16,-7.0,0.061
2019-07-30T01:04:23.000,28.74,19.0,0.0,0.0,20.5,8735,14.95,-8.0,0.061
2019-07-30T01:06:25.000,27.98,19.11,0.0,0.0,20.5,8737,14.53,-8.0,0.061
2019-07-30T01:07:25.000,28.09,20.07,0.0,0.0,20.5,8738,14.33,-8.0,0.061
2019-07-30T01:08:25.000,28.18,20.04,0.0,0.0,20.5,8739,14.12,-8.0,0.061
2019-07-30T01:09:26.000,28.25,20.25,0.13,0.11,20.5,8740,13.91,-9.0,0.061
2019-07-30T01:10:26.000,28.31,20.14,0.0,0.0,20.5,8741,13.71,-9.0,0.061
2019-07-30T01:11:26.000,28.34,20.34,0.0,0.0,20.5,8742,13.5,-9.0,0.061
2019-07-30T01:12:27.000,28.4,20.41,0.0,0.0,20.5,8743,13.29,-9.0,0.061
2019-07-30T02:02:10.000,25.05,17.62,0.0,0.0,20.5,8792,3.23,-17.0,0.059
2019-07-30T02:03:10.000,25.17,17.66,0.0,0.0,20.5,8793,3.03,-17.0,0.059
2019-07-30T02:04:11.000,24.78,16.46,0.0,0.0,20.5,8794,2.83,-17.0,0.059
2019-07-30T02:05:11.000,24.54,17.37,0.69,0.37,20.5,8795,2.63,-18.0,0.059
2019-07-30T02:07:12.000,24.7,18.38,0.0,0.0,20.5,8797,2.23,-18.0,0.059
2019-07-30T02:08:12.000,24.94,18.78,0.0,0.0,20.5,8798,2.04,-18.0,0.059
2019-07-30T02:09:12.000,25.19,18.78,0.0,0.0,20.5,8799,1.84,-18.0,0.059
2019-07-30T02:10:13.000,25.39,18.78,0.0,0.0,20.5,8800,1.64,-18.0,0.059
2019-07-30T02:11:14.000,25.51,18.89,52446.2,7.3,20.5,8801,1.44,-18.0,0.059
2019-07-30T02:12:14.000,25.68,19.1,52378.82,8.58,20.5,8802,1.24,-19.0,0.059
2019-07-30T02:13:14.000,25.89,19.24,46232.54,8.72,20.5,8803,1.04,-19.0,0.059
2019-07-30T02:14:15.000,26.06,19.19,41968.0,8.82,20.5,8804,0.84,-19.0,0.059
2019-07-30T02:15:15.000,26.21,19.21,38832.18,8.91,20.5,8805,0.64,-19.0,0.059
2019-07-30T02:16:16.000,26.4,19.19,36404.45,8.98,20.5,8806,0.45,-19.0,0.059
2019-07-30T02:17:16.000,26.57,19.19,33617.53,9.14,20.5,8807,0.25,-19.0,0.059
2019-07-30T02:18:17.000,26.73,19.16,30802.58,9.16,20.5,8808,0.05,-20.0,0.059
2019-07-30T02:19:17.000,26.94,19.1,26823.15,9.47,20.5,8809,-0.15,-20.0,0.058
2019-07-30T02:21:18.000,27.64,19.06,21874.53,9.53,20.5,8811,-0.54,-20.0,0.058
2019-07-30T02:22:19.000,27.98,18.96,19338.58,9.66,20.5,8812,-0.74,-20.0,0.058
2019-07-30T02:23:19.000,28.31,19.01,16758.49,9.82,20.5,8813,-0.93,-20.0,0.058
2019-07-30T02:24:19.000,28.61,18.86,14179.16,10.0,20.5,8814,-1.13,-20.0,0.058
2019-07-30T02:25:21.000,28.88,18.7,11878.36,10.19,20.5,8815,-1.33,-21.0,0.058
2019-07-30T02:26:21.000,29.15,18.83,9727.71,10.41,20.5,8816,-1.53,-21.0,0.058
2019-07-30T02:27:22.000,29.34,18.79,7893.4,10.64,20.5,8817,-1.72,-21.0,0.058
2019-07-30T02:28:22.000,29.49,18.89,6567.4,10.84,20.5,8818,-1.92,-21.0,0.058
2019-07-30T02:29:23.000,29.66,19.13,5639.89,11.0,20.5,8819,-2.11,-21.0,0.058
2019-07-30T02:30:25.000,29.84,19.29,4923.91,11.15,20.5,8820,-2.31,-21.0,0.058
2019-07-30T02:31:25.000,30.0,19.56,4301.11,11.3,20.5,8821,-2.51,-21.0,0.058
2019-07-30T02:32:34.000,30.17,19.69,3709.53,11.46,20.5,8822,-2.73,-22.0,0.058
2019-07-30T02:34:35.000,30.39,19.84,2609.38,11.84,20.5,8824,-3.12,-22.0,0.058
2019-07-30T02:35:35.000,30.52,19.84,2212.29,12.02,20.5,8825,-3.31,-22.0,0.058
2019-07-30T02:36:36.000,30.63,19.71,1885.42,12.19,20.5,8826,-3.51,-22.0,0.058
2019-07-30T02:37:36.000,30.73,19.61,1611.49,12.36,20.5,8827,-3.7,-22.0,0.058
2019-07-30T02:38:37.000,30.8,19.46,1376.42,12.53,20.5,8828,-3.9,-22.0,0.058
2019-07-30T02:39:37.000,30.87,19.58,1176.2,12.7,20.5,8829,-4.09,-23.0,0.058
2019-07-30T02:40:38.000,31.01,19.67,1002.38,12.88,20.5,8830,-4.28,-23.0,0.058
2019-07-30T02:41:38.000,31.15,19.72,844.73,13.06,20.5,8831,-4.47,-23.0,0.058
2019-07-30T02:42:39.000,31.26,19.57,700.82,13.27,20.5,8832,-4.67,-23.0,0.058
2019-07-30T02:43:39.000,31.35,19.46,575.91,13.48,20.5,8833,-4.86,-23.0,0.058
2019-07-30T02:45:41.000,31.46,19.5,378.07,13.94,20.5,8835,-5.25,-23.0,0.057
2019-07-30T02:46:41.000,31.43,19.45,301.28,14.19,20.5,8836,-5.44,-24.0,0.057
2019-07-30T02:47:41.000,31.42,19.58,243.84,14.41,20.5,8837,-5.63,-24.0,0.057
2019-07-30T02:48:42.000,31.49,19.87,204.09,14.61,20.5,8838,-5.82,-24.0,0.057
2019-07-30T02:49:42.000,31.55,19.87,169.33,14.81,20.5,8839,-6.01,-24.0,0.057
2019-07-30T02:50:42.000,31.61,20.03,141.82,15.0,20.5,8840,-6.2,-24.0,0.057
2019-07-30T02:51:42.000,31.66,19.79,118.81,15.19,20.5,8841,-6.39,-24.0,0.057
2019-07-30T02:52:42.000,31.71,19.9,98.74,15.4,20.5,8842,-6.58,-24.0,0.057
2019-07-30T02:53:43.000,31.76,19.72,79.73,15.63,20.5,8843,-6.77,-24.0,0.057
2019-07-30T02:54:43.000,31.76,19.72,61.66,15.91,20.5,8844,-6.96,-25.0,0.057
2019-07-30T02:55:43.000,31.78,19.75,49.64,16.14,20.5,8845,-7.15,-25.0,0.057
2019-07-30T02:56:44.000,31.74,19.66,45.79,16.23,20.5,8846,-7.34,-25.0,0.057
2019-07-30T02:57:44.000,31.71,19.69,41.49,16.34,20.5,8847,-7.52,-25.0,0.057
2019-07-30T02:59:45.000,31.71,19.42,34.26,16.54,20.5,8849,-7.9,-25.0,0.057
2019-07-30T03:00:46.000,31.7,19.25,31.15,16.65,20.5,8850,-8.09,-25.0,0.057
2019-07-30T03:01:48.000,31.7,19.05,28.98,16.73,20.5,8851,-8.28,-25.0,0.057
2019-07-30T03:02:49.000,31.61,18.83,27.23,16.79,20.5,8852,-8.47,-26.0,0.057
2019-07-30T03:03:49.000,31.61,18.63,25.61,16.86,20.5,8853,-8.66,-26.0,0.057
2019-07-30T03:04:49.000,31.57,18.69,24.53,16.91,20.5,8854,-8.85,-26.0,0.057
2019-07-30T03:06:51.000,31.56,18.52,23.09,16.97,20.5,8856,-9.22,-26.0,0.057
2019-07-30T03:07:52.000,31.48,18.41,22.71,16.99,20.5,8857,-9.41,-26.0,0.057
2019-07-30T03:08:53.000,31.53,18.68,22.51,17.0,20.5,8858,-9.6,-26.0,0.057
2019-07-30T03:09:53.000,31.55,18.63,22.52,17.0,20.5,8859,-9.78,-26.0,0.057
2019-07-30T03:10:53.000,31.57,18.62,22.5,17.0,20.5,8860,-9.97,-27.0,0.057
2019-07-30T03:11:53.000,31.57,18.49,22.42,17.0,20.5,8861,-10.15,-27.0,0.056
2019-07-30T03:12:54.000,31.55,18.48,22.47,17.0,20.5,8862,-10.34,-27.0,0.056
2019-07-30T03:13:54.000,31.55,18.64,22.63,16.99,20.5,8863,-10.52,-27.0,0.056
2019-07-30T03:14:54.000,31.58,18.71,22.7,16.93,20.5,8864,-10.7,-27.0,0.056
2019-07-30T03:15:55.000,31.62,18.77,22.28,17.01,20.5,8865,-10.89,-27.0,0.056
2019-07-30T03:16:55.000,31.69,18.79,22.36,17.01,20.5,8866,-11.07,-27.0,0.056
2019-07-30T03:17:56.000,31.72,18.73,22.32,17.01,20.5,8867,-11.26,-27.0,0.056
2019-07-30T03:18:56.000,31.74,18.75,22.37,17.01,20.5,8868,-11.44,-28.0,0.056
2019-07-30T03:19:56.000,31.78,18.84,22.55,17.0,20.5,8869,-11.62,-28.0,0.056
2019-07-30T03:20:57.000,31.83,18.9,22.85,16.98,20.5,8870,-11.81,-28.0,0.056
2019-07-30T03:21:58.000,31.87,18.96,23.04,16.97,20.5,8871,-11.99,-28.0,0.056
2019-07-30T03:22:59.000,31.89,19.01,23.13,16.97,20.5,8872,-12.17,-28.0,0.056
2019-07-30T03:23:59.000,31.93,19.1,23.22,16.97,20.5,8873,-12.35,-28.0,0.056
2019-07-30T03:25:00.000,31.94,18.99,23.19,16.97,20.5,8874,-12.54,-28.0,0.056
2019-07-30T03:26:00.000,31.96,19.01,23.0,16.98,20.5,8875,-12.72,-28.0,0.056
2019-07-30T03:27:01.000,31.99,19.04,22.91,16.98,20.5,8876,-12.9,-28.0,0.056
2019-07-30T03:28:01.000,32.01,19.08,22.9,16.98,20.5,8877,-13.08,-29.0,0.056
2019-07-30T03:29:02.000,32.06,19.13,22.86,16.98,20.5,8878,-13.26,-29.0,0.056
2019-07-30T03:30:02.000,32.07,19.12,22.68,16.99,20.5,8879,-13.44,-29.0,0.056
2019-07-30T03:31:02.000,32.06,19.07,22.43,17.0,20.5,8880,-13.62,-29.0,0.056
2019-07-30T03:33:03.000,32.01,19.07,22.23,17.01,20.5,8882,-13.98,-29.0,0.056
2019-07-30T03:34:03.000,31.97,19.05,22.21,17.01,20.5,8883,-14.15,-29.0,0.056
2019-07-30T03:35:04.000,32.01,19.21,22.06,17.02,20.5,8884,-14.33,-29.0,0.056
2019-07-30T03:36:11.000,32.0,19.07,21.81,17.03,20.5,8885,-14.53,-29.0,0.056
2019-07-30T03:37:11.000,31.95,18.97,21.58,17.04,20.5,8886,-14.71,-30.0,0.056
2019-07-30T03:39:12.000,31.84,18.94,21.22,17.06,20.5,8888,-15.06,-30.0,0.055
2019-07-30T03:40:13.000,31.73,18.93,20.85,17.08,20.5,8889,-15.24,-30.0,0.055
2019-07-30T03:42:14.000,31.7,19.03,20.32,17.11,20.5,8891,-15.59,-30.0,0.055
2019-07-30T03:43:14.000,31.64,18.95,19.97,17.13,20.5,8892,-15.77,-30.0,0.055
2019-07-30T03:44:14.000,31.55,18.92,19.76,17.14,20.5,8893,-15.94,-30.0,0.055
2019-07-30T03:45:15.000,31.55,19.06,19.58,17.15,20.5,8894,-16.12,-30.0,0.055
2019-07-30T03:46:15.000,31.56,19.03,19.14,17.05,20.5,8895,-16.29,-30.0,0.055
2019-07-30T03:47:16.000,31.52,19.04,19.23,17.17,20.5,8896,-16.46,-31.0,0.055
2019-07-30T03:48:16.000,31.5,18.98,19.34,17.16,20.5,8897,-16.64,-31.0,0.055
2019-07-30T03:49:17.000,31.45,18.97,19.33,17.1,20.5,8898,-16.81,-31.0,0.055
2019-07-30T03:50:17.000,31.46,19.14,19.3,17.17,20.5,8899,-16.98,-31.0,0.055
2019-07-30T03:51:18.000,31.47,19.05,19.09,17.18,20.5,8900,-17.16,-31.0,0.055
2019-07-30T03:52:18.000,31.42,18.88,18.83,17.19,20.5,8901,-17.33,-31.0,0.055
2019-07-30T03:53:19.000,31.36,19.0,18.26,17.23,20.5,8902,-17.5,-31.0,0.055
2019-07-30T03:54:19.000,31.22,18.88,17.94,17.18,20.5,8903,-17.67,-31.0,0.055
2019-07-30T03:55:20.000,31.27,18.86,17.62,17.26,20.5,8904,-17.84,-31.0,0.055
2019-07-30T03:57:21.000,31.27,18.87,17.6,17.27,20.5,8906,-18.18,-31.0,0.055
2019-07-30T03:58:22.000,31.3,18.85,17.42,17.28,20.5,8907,-18.36,-32.0,0.055
2019-07-30T03:59:22.000,31.37,18.82,17.51,17.27,20.5,8908,-18.52,-32.0,0.055
2019-07-30T04:00:22.000,31.28,18.46,17.44,17.28,20.5,8909,-18.69,-32.0,0.055
2019-07-30T04:01:23.000,31.25,18.58,17.67,17.26,20.5,8910,-18.86,-32.0,0.055
2019-07-30T04:02:24.000,31.19,18.37,17.75,17.26,20.5,8911,-19.03,-32.0,0.055
2019-07-30T04:03:24.000,31.17,18.49,17.77,17.26,20.5,8912,-19.2,-32.0,0.055
2019-07-30T04:04:25.000,31.15,18.38,17.71,17.26,20.5,8913,-19.37,-32.0,0.055
2019-07-30T04:05:25.000,31.09,18.33,17.31,17.28,20.5,8914,-19.53,-32.0,0.055
2019-07-30T04:06:25.000,31.09,18.46,17.1,17.3,20.5,8915,-19.7,-32.0,0.054
2019-07-30T04:07:26.000,31.03,18.12,16.88,17.31,20.5,8916,-19.87,-32.0,0.054
2019-07-30T04:08:27.000,30.89,17.93,16.8,17.32,20.5,8917,-20.03,-32.0,0.054
2019-07-30T04:09:29.000,30.89,18.51,16.82,17.32,20.5,8918,-20.2,-32.0,0.054
2019-07-30T04:10:29.000,31.0,18.43,16.98,17.31,20.5,8919,-20.37,-33.0,0.054
2019-07-30T04:11:30.000,30.9,18.09,17.24,17.29,20.5,8920,-20.53,-33.0,0.054
2019-07-30T04:12:32.000,30.9,18.44,17.68,17.26,20.5,8921,-20.7,-33.0,0.054
2019-07-30T04:13:32.000,30.91,18.39,18.42,17.22,20.5,8922,-20.86,-33.0,0.054
2019-07-30T04:14:33.000,30.9,18.47,18.97,17.19,20.5,8923,-21.03,-33.0,0.054
2019-07-30T04:15:33.000,30.91,18.56,18.96,17.19,20.5,8924,-21.19,-33.0,0.054
2019-07-30T04:16:34.000,30.94,18.49,18.75,17.2,20.5,8925,-21.35,-33.0,0.054
2019-07-30T04:17:34.000,30.88,18.31,18.43,17.22,20.5,8926,-21.51,-33.0,0.054
2019-07-30T04:18:37.000,30.9,18.6,18.41,17.22,20.5,8927,-21.68,-33.0,0.054
2019-07-30T04:19:37.000,30.83,18.09,18.56,17.21,20.5,8928,-21.84,-33.0,0.054
2019-07-30T04:20:38.000,30.76,18.49,18.75,17.2,20.5,8929,-22.0,-33.0,0.054
2019-07-30T04:21:38.000,30.79,18.69,18.9,17.19,20.5,8930,-22.16,-33.0,0.054
2019-07-30T04:22:39.000,30.7,18.38,19.4,17.16,20.5,8931,-22.32,-33.0,0.054
2019-07-30T04:23:39.000,30.54,18.27,19.89,17.13,20.5,8932,-22.48,-34.0,0.054
2019-07-30T04:25:40.000,30.4,18.51,19.67,17.15,20.5,8934,-22.8,-34.0,0.054
2019-07-30T04:26:40.000,30.41,19.01,19.01,17.18,20.5,8935,-22.95,-34.0,0.054
2019-07-30T04:27:41.000,30.45,19.04,18.97,17.18,20.5,8936,-23.11,-34.0,0.054
2019-07-30T04:28:41.000,30.49,19.12,19.75,17.14,20.5,8937,-23.26,-34.0,0.054
2019-07-30T04:29:42.000,30.51,19.04,20.72,17.09,20.5,8938,-23.42,-34.0,0.054
2019-07-30T04:30:42.000,30.46,18.9,21.38,17.05,20.5,8939,-23.58,-34.0,0.054
2019-07-30T04:31:43.000,30.36,18.95,21.72,17.04,20.5,8940,-23.73,-34.0,0.054
2019-07-30T04:33:43.000,30.34,19.13,21.96,17.03,20.5,8942,-24.04,-34.0,0.053
2019-07-30T04:34:44.000,30.34,19.25,22.2,17.01,20.5,8943,-24.19,-34.0,0.053
2019-07-30T04:35:44.000,30.42,19.53,21.98,17.02,20.5,8944,-24.35,-34.0,0.053
2019-07-30T04:36:45.000,30.51,19.42,20.95,17.08,20.5,8945,-24.5,-34.0,0.053
2019-07-30T04:37:45.000,30.45,19.24,19.89,17.13,20.5,8946,-24.65,-34.0,0.053
2019-07-30T04:38:47.000,30.44,19.21,19.81,17.14,20.5,8947,-24.8,-34.0,0.053
2019-07-30T04:39:48.000,30.37,19.04,19.92,17.13,20.5,8948,-24.96,-35.0,0.053
2019-07-30T04:40:48.000,30.24,19.05,19.95,17.13,20.5,8949,-25.11,-35.0,0.053
2019-07-30T04:41:49.000,30.21,19.11,20.49,17.1,20.5,8950,-25.26,-35.0,0.053
2019-07-30T04:42:49.000,30.19,19.27,20.76,17.09,20.5,8951,-25.4,-35.0,0.053
2019-07-30T04:43:50.000,30.2,19.16,20.98,17.08,20.5,8952,-25.55,-35.0,0.053
2019-07-30T04:44:50.000,30.19,19.34,20.69,17.09,20.5,8953,-25.7,-35.0,0.053
2019-07-30T04:45:51.000,30.18,19.21,20.07,17.12,20.5,8954,-25.85,-35.0,0.053
2019-07-30T04:46:51.000,30.19,19.33,19.83,17.14,20.5,8955,-26.0,-35.0,0.053
2019-07-30T04:47:51.000,30.27,19.57,19.83,17.14,20.5,8956,-26.14,-35.0,0.053
2019-07-30T04:48:52.000,30.32,19.45,20.25,17.11,20.5,8957,-26.29,-35.0,0.053
2019-07-30T04:50:53.000,30.54,19.83,21.08,17.07,20.5,8959,-26.58,-35.0,0.053
2019-07-30T04:51:53.000,30.54,19.57,21.0,17.07,20.5,8960,-26.72,-35.0,0.053
2019-07-30T04:52:54.000,30.54,19.51,20.73,17.09,20.5,8961,-26.87,-35.0,0.053
2019-07-30T04:53:54.000,30.56,19.63,20.58,17.1,20.5,8962,-27.01,-35.0,0.053
2019-07-30T04:54:55.000,30.53,19.56,20.66,17.09,20.5,8963,-27.15,-35.0,0.053
2019-07-30T04:55:56.000,30.48,19.47,20.92,17.08,20.5,8964,-27.29,-35.0,0.053
2019-07-30T04:56:56.000,30.47,19.54,21.13,17.07,20.5,8965,-27.43,-35.0,0.053
2019-07-30T04:57:57.000,30.44,19.52,21.24,17.06,20.5,8966,-27.58,-35.0,0.053
2019-07-30T04:58:57.000,30.43,19.71,21.09,17.07,20.5,8967,-27.71,-35.0,0.053
