Downloads/jupyter/ECSV/stars19/stars19_2021-02.ecsv
# %ECSV 1.0
# ---
# datatype:
# - {name: time, datatype: string}
# - {name: Enclosure Temperature, unit: deg_C, datatype: float64}
# - {name: Sky Temperature, unit: deg_C, datatype: float64}
# - {name: Frequency, unit: Hz, datatype: float64}
# - {name: MSAS, unit: mag / arcsec2, datatype: float64}
# - {name: ZP, datatype: float64}
# - {name: Sequence Number, datatype: int64}
# - {name: Sun Alt, unit: deg, datatype: float64}
# - {name: Moon Alt, unit: deg, datatype: float64}
# - {name: Moon Illumination, datatype: float64}
# delimiter: ','
# meta: !!omap
# - ida:
#     Data supplier: {affiliation: null, observer: null}
#     Device type: TESS-W
#     Field of view: 17.0
#     Filters per channel: None
#     Instrument ID: stars19
#     License: ODbL 1.0 http://opendatacommons.org/licenses/odbl/summary/
#     Local timezone: America/Phoenix
#     Location name: {country: '- Tucson', place: Tucson, region: United States, sub_region: Arizona, town: Pima County}
#     Measurement direction per channel: {azimuth: 0.0, zenital: 0.0}
#     Moving / Fixed look direction: FIXED
#     Moving / Stationary position: STATIONARY
#     Number of channels: 1
#     Number of fields per line: 8
#     Number of header lines: 35
#     Position: {height: 0.0, latitude: 32.223877, longitude: -110.767532}
#     TESS MAC address: 18:FE:34:CF:EC:06
#     TESS cover offset value: 0.0
#     TESS firmware version: '1.0'
#     TESS zero point: 20.5
#     Time Synchronization: timestamp added by MQTT subscriber
#     URL: http://www.darksky.org/NSBM/sdf1.0.pdf
# - __serialized_columns__:
#     Enclosure Temperature:
#       __class__: astropy.units.quantity.Quantity
#       unit: &id001 !astropy.units.Unit {unit: deg_C}
#       value: !astropy.table.SerializedColumn {name: Enclosure Temperature}
#     Frequency:
#       __class__: astropy.units.quantity.Quantity
#       unit: !astropy.units.Unit {unit: Hz}
#       value: !astropy.table.SerializedColumn {name: Frequency}
#     MSAS:
#       __class__: astropy.units.quantity.Quantity
#       unit: !astropy.units.Unit {unit: mag / arcsec2}
#       value: !astropy.table.SerializedColumn {name: MSAS}
#     Moon Alt:
#       __class__: astropy.units.quantity.Quantity
#       unit: &id002 !astropy.units.Unit {unit: deg}
#       value: !astropy.table.SerializedColumn {name: Moon Alt}
#     Sky Temperature:
#       __class__: astropy.units.quantity.Quantity
#       unit: *id001
#       value: !astropy.table.SerializedColumn {name: Sky Temperature}
#     Sun Alt:
#       __class__: astropy.units.quantity.Quantity
#       unit: *id002
#       value: !astropy.table.SerializedColumn {name: Sun Alt}
#     time:
#       __class__: astropy.time.core.Time
#       format: isot
#       in_subfmt: '*'
#       out_subfmt: '*'
#       precision: 3
#       scale: utc
#       value: !astropy.table.SerializedColumn {name: time}
# schema: astropy-2.0
time,Enclosure Temperature,Sky Temperature,Frequency,MSAS,ZP,Sequence Number,Sun Alt,Moon Alt,Moon Illumination
[from data line 10734]
2021-02-13T10:06:43.000,10.6,-10.9,1.08,20.29,20.5,24737,-50.94,-64.0,0.031
2021-02-13T10:07:44.000,10.62,-10.81,1.08,20.29,20.5,24738,-50.74,-64.0,0.031
2021-02-13T10:08:44.000,10.65,-10.75,1.09,20.29,20.5,24739,-50.54,-64.0,0.031
2021-02-13T10:09:45.000,10.71,-10.71,1.09,20.29,20.5,24740,-50.33,-63.0,0.031
2021-02-13T10:11:45.000,10.75,-10.8,1.08,20.3,20.5,24742,-49.93,-63.0,0.031
2021-02-13T10:12:46.000,10.77,-10.81,1.08,20.29,20.5,24743,-49.73,-63.0,0.031
2021-02-13T10:13:47.000,10.77,-10.8,1.08,20.3,20.5,24744,-49.53,-63.0,0.031
2021-02-13T10:14:47.000,10.77,-10.88,1.08,20.3,20.5,24745,-49.33,-63.0,0.031
2021-02-13T10:15:48.000,10.75,-10.99,1.08,20.3,20.5,24746,-49.12,-63.0,0.031
2021-02-13T10:17:48.000,10.74,-10.88,1.08,20.3,20.5,24748,-48.72,-62.0,0.031
2021-02-13T10:18:49.000,10.74,-10.95,1.08,20.3,20.5,24749,-48.52,-62.0,0.031
2021-02-13T10:19:50.000,10.72,-10.93,1.08,20.3,20.5,24750,-48.31,-62.0,0.031
2021-02-13T10:20:50.000,10.71,-10.92,1.08,20.29,20.5,24751,-48.11,-62.0,0.031
2021-02-13T10:21:51.000,10.7,-10.91,1.08,20.29,20.5,24752,-47.9,-62.0,0.031
2021-02-13T10:22:51.000,10.68,-10.94,1.08,20.29,20.5,24753,-47.7,-62.0,0.031
2021-02-13T10:23:52.000,10.65,-10.95,1.08,20.29,20.5,24754,-47.5,-61.0,0.031
2021-02-13T10:25:57.000,10.64,-10.9,1.08,20.3,20.5,24756,-47.07,-61.0,0.031
2021-02-13T10:26:57.000,10.63,-10.91,1.08,20.3,20.5,24757,-46.87,-61.0,0.031
2021-02-13T10:27:57.000,10.6,-10.99,1.08,20.3,20.5,24758,-46.67,-61.0,0.031
2021-02-13T10:28:58.000,10.59,-11.01,1.08,20.3,20.5,24759,-46.46,-61.0,0.031
2021-02-13T10:29:59.000,10.56,-11.05,1.08,20.3,20.5,24760,-46.25,-60.0,0.031
2021-02-13T10:30:59.000,10.56,-10.95,1.08,20.3,20.5,24761,-46.05,-60.0,0.031
2021-02-13T10:33:00.000,10.57,-10.96,1.08,20.3,20.5,24763,-45.64,-60.0,0.031
2021-02-13T10:37:01.000,10.51,-11.15,1.08,20.3,20.5,24767,-44.81,-59.0,0.031
2021-02-13T10:38:01.000,10.47,-11.17,1.08,20.3,20.5,24768,-44.61,-59.0,0.031
2021-02-13T10:39:02.000,10.46,-11.13,1.08,20.3,20.5,24769,-44.4,-59.0,0.031
2021-02-13T10:40:02.000,10.46,-11.09,1.08,20.3,20.5,24770,-44.19,-59.0,0.031
2021-02-13T10:42:03.000,10.42,-11.08,1.08,20.3,20.5,24772,-43.78,-59.0,0.031
2021-02-13T10:43:04.000,10.4,-11.08,1.08,20.3,20.5,24773,-43.57,-58.0,0.031
2021-02-13T10:44:04.000,10.39,-10.98,1.08,20.3,20.5,24774,-43.36,-58.0,0.031
2021-02-13T10:45:04.000,10.39,-10.95,1.08,20.3,20.5,24775,-43.16,-58.0,0.031
2021-02-13T10:50:05.000,10.38,-11.13,1.08,20.3,20.5,24780,-42.12,-57.0,0.032
2021-02-13T10:51:06.000,10.35,-11.11,1.08,20.3,20.5,24781,-41.91,-57.0,0.032
2021-02-13T10:52:06.000,10.31,-11.15,1.08,20.3,20.5,24782,-41.7,-57.0,0.032
2021-02-13T10:53:07.000,10.27,-11.0,1.08,20.3,20.5,24783,-41.49,-57.0,0.032
2021-02-13T10:56:08.000,10.22,-10.97,1.08,20.3,20.5,24786,-40.87,-56.0,0.032
2021-02-13T10:57:09.000,10.2,-11.04,1.08,20.3,20.5,24787,-40.65,-56.0,0.032
2021-02-13T10:58:09.000,10.18,-11.06,1.08,20.3,20.5,24788,-40.45,-56.0,0.032
2021-02-13T11:04:10.000,10.2,-10.86,1.07,20.3,20.5,24794,-39.19,-55.0,0.032
2021-02-13T11:06:11.000,10.21,-10.99,1.08,20.3,20.5,24796,-38.77,-54.0,0.032
2021-02-13T11:07:12.000,10.14,-11.1,1.07,20.3,20.5,24797,-38.56,-54.0,0.032
2021-02-13T11:08:12.000,10.16,-10.91,1.08,20.3,20.5,24798,-38.35,-54.0,0.032
2021-02-13T11:09:13.000,10.12,-11.06,1.08,20.3,20.5,24799,-38.14,-54.0,0.032
2021-02-13T11:10:14.000,10.13,-10.96,1.08,20.3,20.5,24800,-37.92,-54.0,0.032
2021-02-13T11:12:15.000,10.15,-10.88,1.07,20.3,20.5,24802,-37.5,-53.0,0.032
2021-02-13T11:14:16.000,10.1,-11.27,1.07,20.31,20.5,24804,-37.08,-53.0,0.032
2021-02-13T11:15:16.000,10.09,-11.23,1.07,20.31,20.5,24805,-36.87,-53.0,0.032
2021-02-13T11:16:17.000,10.09,-11.18,1.07,20.31,20.5,24806,-36.66,-53.0,0.032
2021-02-13T11:17:18.000,10.09,-11.19,1.07,20.31,20.5,24807,-36.44,-52.0,0.032
2021-02-13T11:18:18.000,10.09,-11.17,1.07,20.31,20.5,24808,-36.23,-52.0,0.032
2021-02-13T11:19:19.000,10.11,-11.18,1.07,20.31,20.5,24809,-36.02,-52.0,0.032
2021-02-13T11:20:20.000,10.11,-11.25,1.07,20.31,20.5,24810,-35.81,-52.0,0.032
2021-02-13T11:21:20.000,10.1,-11.32,1.07,20.31,20.5,24811,-35.6,-52.0,0.032
2021-02-13T11:22:21.000,10.1,-11.29,1.07,20.31,20.5,24812,-35.38,-51.0,0.032
2021-02-13T11:23:21.000,10.09,-11.33,1.07,20.31,20.5,24813,-35.17,-51.0,0.032
2021-02-13T11:24:22.000,10.1,-11.34,1.06,20.31,20.5,24814,-34.96,-51.0,0.032
2021-02-13T11:25:22.000,10.08,-11.48,1.06,20.31,20.5,24815,-34.75,-51.0,0.032
2021-02-13T11:26:23.000,10.07,-11.41,1.06,20.32,20.5,24816,-34.53,-51.0,0.032
2021-02-13T11:27:23.000,10.06,-11.43,1.06,20.32,20.5,24817,-34.32,-51.0,0.032
2021-02-13T11:28:24.000,10.06,-11.44,1.06,20.32,20.5,24818,-34.11,-50.0,0.032
2021-02-13T11:29:24.000,10.05,-11.43,1.06,20.32,20.5,24819,-33.9,-50.0,0.033
2021-02-13T11:30:25.000,10.06,-11.46,1.06,20.32,20.5,24820,-33.69,-50.0,0.033
2021-02-13T11:31:26.000,10.03,-11.5,1.06,20.32,20.5,24821,-33.47,-50.0,0.033
2021-02-13T11:32:26.000,10.01,-11.51,1.06,20.32,20.5,24822,-33.26,-50.0,0.033
2021-02-13T11:34:27.000,10.3,-11.7,1.06,20.32,20.5,24824,-32.84,-49.0,0.033
2021-02-13T11:35:28.000,10.38,-11.72,1.13,20.26,20.5,24825,-32.62,-49.0,0.033
2021-02-13T11:36:28.000,10.38,-11.72,1.08,20.29,20.5,24826,-32.41,-49.0,0.033
2021-02-13T11:38:28.000,10.26,-11.75,1.07,20.3,20.5,24828,-31.99,-48.0,0.033
2021-02-13T11:39:29.000,10.21,-11.82,1.07,20.3,20.5,24829,-31.77,-48.0,0.033
2021-02-13T11:40:30.000,10.17,-11.71,1.06,20.31,20.5,24830,-31.56,-48.0,0.033
2021-02-13T11:41:30.000,10.07,-11.89,1.07,20.31,20.5,24831,-31.35,-48.0,0.033
2021-02-13T11:42:31.000,10.0,-11.82,1.07,20.31,20.5,24832,-31.13,-48.0,0.033
2021-02-13T11:43:31.000,10.13,-11.81,1.07,20.31,20.5,24833,-30.92,-47.0,0.033
2021-02-13T11:44:32.000,10.46,-11.96,1.07,20.31,20.5,24834,-30.71,-47.0,0.033
2021-02-13T11:45:32.000,10.65,-11.96,1.07,20.31,20.5,24835,-30.5,-47.0,0.033
2021-02-13T11:46:33.000,10.73,-11.86,1.06,20.32,20.5,24836,-30.28,-47.0,0.033
2021-02-13T11:47:33.000,10.76,-11.85,1.06,20.32,20.5,24837,-30.07,-47.0,0.033
2021-02-13T11:48:34.000,10.73,-11.76,1.06,20.32,20.5,24838,-29.86,-47.0,0.033
2021-02-13T11:49:34.000,10.67,-11.68,1.06,20.32,20.5,24839,-29.64,-46.0,0.033
2021-02-13T11:53:36.000,10.32,-11.89,1.06,20.32,20.5,24843,-28.79,-46.0,0.033
2021-02-13T11:54:36.000,10.24,-11.77,1.05,20.32,20.5,24844,-28.58,-45.0,0.033
2021-02-13T11:55:36.000,10.18,-11.77,1.06,20.32,20.5,24845,-28.37,-45.0,0.033
2021-02-13T11:56:37.000,10.12,-11.76,1.06,20.32,20.5,24846,-28.15,-45.0,0.033
2021-02-13T11:57:38.000,10.05,-11.81,1.06,20.32,20.5,24847,-27.94,-45.0,0.033
2021-02-13T11:58:38.000,10.0,-11.82,1.06,20.32,20.5,24848,-27.73,-45.0,0.033
2021-02-13T11:59:39.000,10.14,-11.89,1.05,20.32,20.5,24849,-27.51,-44.0,0.033
2021-02-13T12:00:39.000,10.34,-11.96,1.05,20.32,20.5,24850,-27.3,-44.0,0.033
2021-02-13T12:01:40.000,10.4,-12.09,1.05,20.32,20.5,24851,-27.09,-44.0,0.033
2021-02-13T12:06:41.000,10.22,-11.88,1.05,20.33,20.5,24856,-26.02,-43.0,0.033
2021-02-13T12:07:41.000,10.16,-11.91,1.05,20.33,20.5,24857,-25.81,-43.0,0.033
2021-02-13T12:10:42.000,10.11,-11.98,1.05,20.32,20.5,24860,-25.17,-42.0,0.034
2021-02-13T12:12:42.000,10.42,-11.97,1.05,20.32,20.5,24862,-24.75,-42.0,0.034
2021-02-13T12:15:43.000,10.34,-11.94,1.06,20.32,20.5,24865,-24.11,-41.0,0.034
2021-02-13T12:16:44.000,10.26,-11.94,1.06,20.32,20.5,24866,-23.9,-41.0,0.034
2021-02-13T12:17:44.000,10.18,-11.91,1.06,20.32,20.5,24867,-23.69,-41.0,0.034
2021-02-13T12:18:49.000,10.08,-12.01,1.06,20.32,20.5,24868,-23.46,-41.0,0.034
2021-02-13T12:19:50.000,9.99,-12.03,1.06,20.32,20.5,24869,-23.24,-40.0,0.034
2021-02-13T12:20:50.000,10.13,-12.24,1.06,20.31,20.5,24870,-23.03,-40.0,0.034
2021-02-13T12:21:51.000,10.56,-12.17,1.06,20.31,20.5,24871,-22.81,-40.0,0.034
2021-02-13T12:22:52.000,10.81,-12.18,1.06,20.31,20.5,24872,-22.6,-40.0,0.034
2021-02-13T12:23:53.000,10.93,-12.03,1.07,20.31,20.5,24873,-22.38,-40.0,0.034
2021-02-13T12:24:53.000,10.93,-12.06,1.07,20.31,20.5,24874,-22.17,-39.0,0.034
2021-02-13T12:25:54.000,10.88,-12.0,1.07,20.31,20.5,24875,-21.96,-39.0,0.034
2021-02-13T12:26:54.000,10.79,-12.01,1.07,20.31,20.5,24876,-21.75,-39.0,0.034
2021-02-13T12:27:55.000,10.67,-12.05,1.07,20.31,20.5,24877,-21.53,-39.0,0.034
2021-02-13T12:28:55.000,10.53,-12.07,1.07,20.31,20.5,24878,-21.32,-39.0,0.034
2021-02-13T12:29:56.000,10.41,-12.01,1.07,20.31,20.5,24879,-21.11,-38.0,0.034
2021-02-13T12:31:57.000,10.19,-12.05,1.07,20.31,20.5,24881,-20.68,-38.0,0.034
2021-02-13T12:32:57.000,10.1,-11.98,1.07,20.31,20.5,24882,-20.47,-38.0,0.034
2021-02-13T12:33:58.000,10.01,-12.12,1.07,20.31,20.5,24883,-20.25,-38.0,0.034
2021-02-13T12:35:00.000,10.04,-12.32,1.07,20.31,20.5,24884,-20.03,-37.0,0.034
2021-02-13T12:37:05.000,10.55,-12.3,1.07,20.31,20.5,24886,-19.59,-37.0,0.034
2021-02-13T12:38:06.000,10.6,-12.3,1.08,20.3,20.5,24887,-19.38,-37.0,0.034
2021-02-13T12:39:06.000,10.56,-12.17,1.08,20.29,20.5,24888,-19.17,-37.0,0.034
2021-02-13T12:40:07.000,10.5,-12.13,1.09,20.29,20.5,24889,-18.95,-36.0,0.034
2021-02-13T12:41:07.000,10.44,-11.97,1.1,20.27,20.5,24890,-18.74,-36.0,0.034
2021-02-13T12:42:08.000,10.37,-12.05,1.11,20.27,20.5,24891,-18.53,-36.0,0.034
2021-02-13T12:43:08.000,10.23,-12.12,1.11,20.26,20.5,24892,-18.32,-36.0,0.034
2021-02-13T12:44:09.000,10.13,-12.02,1.09,20.29,20.5,24893,-18.1,-36.0,0.034
2021-02-13T12:45:10.000,10.04,-12.04,1.08,20.29,20.5,24894,-17.89,-35.0,0.034
2021-02-13T12:46:10.000,10.01,-12.08,1.08,20.29,20.5,24895,-17.68,-35.0,0.034
2021-02-13T12:48:11.000,10.43,-12.08,1.08,20.3,20.5,24897,-17.25,-35.0,0.034
2021-02-13T12:49:12.000,10.54,-12.07,1.08,20.3,20.5,24898,-17.04,-35.0,0.034
2021-02-13T12:53:13.000,10.31,-11.97,1.11,20.27,20.5,24902,-16.19,-34.0,0.035
2021-02-13T12:54:14.000,10.21,-12.01,1.12,20.25,20.5,24903,-15.98,-33.0,0.035
2021-02-13T12:55:17.000,10.09,-11.98,1.14,20.24,20.5,24904,-15.76,-33.0,0.035
2021-02-13T12:57:23.000,10.04,-12.03,1.18,20.2,20.5,24906,-15.31,-33.0,0.035
2021-02-13T12:58:23.000,10.43,-12.06,1.18,20.2,20.5,24907,-15.1,-33.0,0.035
2021-02-13T13:07:25.000,10.23,-11.86,1.71,19.8,20.5,24916,-13.21,-31.0,0.035
2021-02-13T13:08:25.000,10.11,-11.8,1.7,19.8,20.5,24917,-13.0,-31.0,0.035
2021-02-13T13:09:26.000,10.0,-11.84,1.69,19.81,20.5,24918,-12.78,-30.0,0.035
2021-02-13T13:10:26.000,10.09,-11.89,1.8,19.74,20.5,24919,-12.57,-30.0,0.035
2021-02-13T13:12:32.000,10.7,-11.87,2.42,19.42,20.5,24921,-12.13,-30.0,0.035
2021-02-13T13:13:32.000,10.77,-11.92,2.8,19.26,20.5,24922,-11.92,-30.0,0.035
2021-02-13T13:16:33.000,10.53,-11.82,3.89,18.91,20.5,24925,-11.29,-29.0,0.035
2021-02-13T13:17:34.000,10.42,-11.78,4.35,18.78,20.5,24926,-11.08,-29.0,0.035
2021-02-13T13:18:34.000,10.29,-11.91,4.77,18.68,20.5,24927,-10.87,-29.0,0.035
2021-02-13T13:19:35.000,10.17,-11.9,5.48,18.53,20.5,24928,-10.66,-28.0,0.035
2021-02-13T13:20:35.000,10.06,-11.9,6.42,18.36,20.5,24929,-10.45,-28.0,0.035
2021-02-13T13:23:36.000,10.54,-12.06,10.99,17.78,20.5,24932,-9.82,-28.0,0.035
2021-02-13T13:24:36.000,10.68,-12.08,13.57,17.55,20.5,24933,-9.61,-27.0,0.035
2021-02-13T13:25:37.000,10.68,-12.03,16.71,17.32,20.5,24934,-9.4,-27.0,0.035
2021-02-13T13:26:38.000,10.62,-11.86,20.32,17.11,20.5,24935,-9.19,-27.0,0.035
2021-02-13T13:27:38.000,10.52,-11.91,24.53,16.91,20.5,24936,-8.98,-27.0,0.035
2021-02-13T13:28:39.000,10.38,-11.86,29.26,16.72,20.5,24937,-8.77,-26.0,0.035
2021-02-13T13:29:39.000,10.26,-11.81,34.82,16.53,20.5,24938,-8.56,-26.0,0.036
2021-02-13T13:30:40.000,10.13,-11.77,41.98,16.32,20.5,24939,-8.35,-26.0,0.036
2021-02-13T13:31:41.000,10.04,-11.72,49.7,16.14,20.5,24940,-8.13,-26.0,0.036
2021-02-13T13:32:41.000,9.98,-11.83,60.93,15.92,20.5,24941,-7.93,-26.0,0.036
2021-02-13T13:33:42.000,10.38,-11.91,71.28,15.75,20.5,24942,-7.71,-25.0,0.036
2021-02-13T13:34:42.000,10.75,-11.94,88.82,15.51,20.5,24943,-7.51,-25.0,0.036
2021-02-13T13:35:43.000,10.93,-11.81,112.61,15.25,20.5,24944,-7.3,-25.0,0.036
2021-02-13T13:36:43.000,10.95,-11.79,144.56,14.98,20.5,24945,-7.09,-25.0,0.036
2021-02-13T13:37:44.000,10.9,-11.66,183.31,14.72,20.5,24946,-6.88,-25.0,0.036
2021-02-13T13:40:45.000,10.5,-11.5,391.01,13.9,20.5,24949,-6.25,-24.0,0.036
2021-02-13T13:41:46.000,10.35,-11.46,486.78,13.66,20.5,24950,-6.04,-24.0,0.036
2021-02-13T13:44:47.000,9.97,-11.15,1178.2,12.71,20.5,24953,-5.42,-23.0,0.036
2021-02-13T13:45:47.000,9.87,-11.04,1554.04,12.41,20.5,24954,-5.21,-23.0,0.036
2021-02-13T13:47:48.000,9.67,-10.85,2741.76,11.79,20.5,24956,-4.79,-23.0,0.036
2021-02-13T13:48:49.000,9.56,-10.9,3623.47,11.49,20.5,24957,-4.58,-22.0,0.036
2021-02-13T13:49:49.000,9.48,-10.44,4968.31,11.14,20.5,24958,-4.38,-22.0,0.036
2021-02-13T13:50:50.000,9.45,-10.25,6891.42,10.79,20.5,24959,-4.17,-22.0,0.036
2021-02-13T13:54:51.000,9.27,-9.86,19627.71,9.65,20.5,24963,-3.34,-21.0,0.036
2021-02-13T13:56:53.000,9.2,-9.8,37511.13,9.02,20.5,24965,-2.92,-21.0,0.036
2021-02-13T13:57:53.000,9.19,-9.78,49541.33,8.64,20.5,24966,-2.71,-20.0,0.036
2021-02-13T13:58:54.000,9.16,-9.8,57766.59,8.16,20.5,24967,-2.51,-20.0,0.036
2021-02-13T13:59:54.000,9.16,-9.69,0.0,0.0,20.5,24968,-2.3,-20.0,0.036
2021-02-13T14:01:00.000,9.12,-9.73,0.0,0.0,20.5,24969,-2.07,-20.0,0.036
2021-02-13T14:02:01.000,9.08,-9.44,0.0,0.0,20.5,24970,-1.87,-20.0,0.036
2021-02-13T14:03:01.000,9.06,-9.15,0.0,0.0,20.5,24971,-1.66,-19.0,0.036
2021-02-13T14:04:02.000,9.08,-9.05,0.0,0.0,20.5,24972,-1.45,-19.0,0.036
2021-02-13T14:06:03.000,9.12,-8.91,0.0,0.0,20.5,24974,-1.04,-19.0,0.036
2021-02-13T14:07:03.000,9.13,-8.85,0.0,0.0,20.5,24975,-0.84,-19.0,0.036
2021-02-13T14:08:04.000,9.16,-8.78,0.0,0.0,20.5,24976,-0.63,-18.0,0.037
2021-02-13T14:12:06.000,9.12,-9.11,0.0,0.0,20.5,24980,0.19,-18.0,0.037
2021-02-13T14:13:06.000,9.14,-9.1,0.0,0.0,20.5,24981,0.4,-17.0,0.037
2021-02-13T14:14:06.000,9.15,-9.19,0.0,0.0,20.5,24982,0.6,-17.0,0.037
2021-02-13T14:16:11.000,9.21,-9.31,0.0,0.0,20.5,24984,1.02,-17.0,0.037
2021-02-13T14:17:12.000,9.16,-9.55,0.0,0.0,20.5,24985,1.23,-17.0,0.037
2021-02-13T14:18:12.000,9.15,-9.47,0.0,0.0,20.5,24986,1.43,-16.0,0.037
2021-02-13T14:19:12.000,9.13,-9.5,0.0,0.0,20.5,24987,1.64,-16.0,0.037
2021-02-13T14:20:16.000,9.11,-9.54,0.0,0.0,20.5,24988,1.85,-16.0,0.037
2021-02-13T14:27:21.000,9.09,-9.58,0.0,0.0,20.5,24995,3.28,-14.0,0.037
2021-02-13T14:28:22.000,9.15,-9.47,0.0,0.0,20.5,24996,3.49,-14.0,0.037
2021-02-13T14:29:23.000,9.19,-9.41,0.0,0.0,20.5,24997,3.69,-14.0,0.037
2021-02-13T14:32:24.000,9.31,-9.8,0.11,0.09,20.5,25000,4.3,-13.0,0.037
2021-02-13T14:33:24.000,9.36,-9.98,0.0,0.0,20.5,25001,4.5,-13.0,0.037
2021-02-13T14:34:25.000,9.39,-10.1,0.0,0.0,20.5,25002,4.7,-13.0,0.037
2021-02-13T14:35:25.000,9.45,-10.1,0.0,0.0,20.5,25003,4.9,-13.0,0.037
2021-02-13T14:37:26.000,9.52,-9.74,0.0,0.0,20.5,25005,5.31,-12.0,0.037
2021-02-13T14:38:26.000,9.55,-9.25,0.0,0.0,20.5,25006,5.51,-12.0,0.037
2021-02-13T14:39:26.000,9.6,-8.77,0.0,0.0,20.5,25007,5.71,-12.0,0.037
2021-02-13T14:43:27.000,9.95,-6.59,0.0,0.0,20.5,25011,6.51,-11.0,0.037
2021-02-13T14:44:28.000,10.05,-6.16,0.0,0.0,20.5,25012,6.71,-11.0,0.037
2021-02-13T14:45:28.000,10.14,-5.9,0.0,0.0,20.5,25013,6.91,-11.0,0.037
2021-02-13T14:46:28.000,10.24,-5.71,0.0,0.0,20.5,25014,7.11,-10.0,0.038
2021-02-13T14:49:29.000,10.43,-5.4,0.0,0.0,20.5,25017,7.7,-10.0,0.038
2021-02-13T14:50:29.000,10.5,-5.31,0.0,0.0,20.5,25018,7.9,-10.0,0.038
2021-02-13T14:51:30.000,10.59,-5.22,0.0,0.0,20.5,25019,8.1,-9.0,0.038
2021-02-13T14:55:31.000,10.92,-4.43,0.0,0.0,20.5,25023,8.89,-9.0,0.038
2021-02-13T14:56:32.000,10.98,-4.35,0.0,0.0,20.5,25024,9.09,-8.0,0.038
2021-02-13T14:57:32.000,11.04,-4.54,0.0,0.0,20.5,25025,9.29,-8.0,0.038
2021-02-13T14:59:33.000,11.12,-5.23,0.0,0.0,20.5,25027,9.68,-8.0,0.038
2021-02-13T15:00:33.000,11.21,-5.82,0.0,0.0,20.5,25028,9.88,-8.0,0.038
2021-02-13T15:06:34.000,11.33,-8.26,0.0,0.0,20.5,25034,11.05,-6.0,0.038
2021-02-13T15:07:34.000,11.3,-8.27,0.0,0.0,20.5,25035,11.25,-6.0,0.038
2021-02-13T15:08:35.000,11.3,-8.07,0.0,0.0,20.5,25036,11.44,-6.0,0.038
2021-02-13T15:20:38.000,12.06,-6.84,0.0,0.0,20.5,25048,13.76,-3.0,0.038
2021-02-13T15:21:38.000,12.15,-7.17,0.0,0.0,20.5,25049,13.95,-3.0,0.038
2021-02-13T15:22:38.000,12.23,-7.27,0.0,0.0,20.5,25050,14.14,-3.0,0.038
