Downloads/jupyter/ECSV/stars19/stars19_2023-05.ecsv
# %ECSV 1.0
# ---
# datatype:
# - {name: time, datatype: string}
# - {name: Enclosure Temperature, unit: deg_C, datatype: float64}
# - {name: Sky Temperature, unit: deg_C, datatype: float64}
# - {name: Frequency, unit: Hz, datatype: float64}
# - {name: MSAS, unit: mag / arcsec2, datatype: float64}
# - {name: ZP, datatype: float64}
# - {name: Sequence Number, datatype: int64}
# - {name: Sun Alt, unit: deg, datatype: float64}
# - {name: Moon Alt, unit: deg, datatype: float64}
# - {name: Moon Illumination, datatype: float64}
# delimiter: ','
# meta: !!omap
# - ida:
#     Data supplier: {affiliation: null, observer: null}
#     Device type: TESS-W
#     Field of view: 17.0
#     Filters per channel: None
#     Instrument ID: stars19
#     License: ODbL 1.0 http://opendatacommons.org/licenses/odbl/summary/
#     Local timezone: America/Phoenix
#     Location name: {country: '- Tucson', place: Tucson, region: United States, sub_region: Arizona, town: Pima County}
#     Measurement direction per channel: {azimuth: 0.0, zenital: 0.0}
#     Moving / Fixed look direction: FIXED
#     Moving / Stationary position: STATIONARY
#     Number of channels: 1
#     Number of fields per line: 8
#     Number of header lines: 35
#     Position: {height: 0.0, latitude: 32.223877, longitude: -110.767532}
#     TESS MAC address: 18:FE:34:CF:EC:06
#     TESS cover offset value: 0.0
#     TESS firmware version: '1.0'
#     TESS zero point: 20.38
#     Time Synchronization: timestamp added by MQTT subscriber
#     URL: http://www.darksky.org/NSBM/sdf1.0.pdf
# - __serialized_columns__:
#     Enclosure Temperature:
#       __class__: astropy.units.quantity.Quantity
#       unit: &id001 !astropy.units.Unit {unit: deg_C}
#       value: !astropy.table.SerializedColumn {name: Enclosure Temperature}
#     Frequency:
#       __class__: astropy.units.quantity.Quantity
#       unit: !astropy.units.Unit {unit: Hz}
#       value: !astropy.table.SerializedColumn {name: Frequency}
#     MSAS:
#       __class__: astropy.units.quantity.Quantity
#       unit: !astropy.units.Unit {unit: mag / arcsec2}
#       value: !astropy.table.SerializedColumn {name: MSAS}
#     Moon Alt:
#       __class__: astropy.units.quantity.Quantity
#       unit: &id002 !astropy.units.Unit {unit: deg}
#       value: !astropy.table.SerializedColumn {name: Moon Alt}
#     Sky Temperature:
#       __class__: astropy.units.quantity.Quantity
#       unit: *id001
#       value: !astropy.table.SerializedColumn {name: Sky Temperature}
#     Sun Alt:
#       __class__: astropy.units.quantity.Quantity
#       unit: *id002
#       value: !astropy.table.SerializedColumn {name: Sun Alt}
#     time:
#       __class__: astropy.time.core.Time
#       format: isot
#       in_subfmt: '*'
#       out_subfmt: '*'
#       precision: 3
#       scale: utc
#       value: !astropy.table.SerializedColumn {name: time}
# schema: astropy-2.0
time,Enclosure Temperature,Sky Temperature,Frequency,MSAS,ZP,Sequence Number,Sun Alt,Moon Alt,Moon Illumination
[from data line 20293]
2023-05-27T10:36:33.000,21.11,-4.75,1.11,20.27,20.38,198558,-18.82,-28.0,0.482
2023-05-27T10:37:33.000,21.07,-4.77,1.11,20.27,20.38,198559,-18.67,-28.0,0.482
2023-05-27T10:38:34.000,21.06,-4.77,1.11,20.27,20.38,198560,-18.51,-28.0,0.483
2023-05-27T10:39:34.000,21.07,-4.69,1.11,20.27,20.38,198561,-18.35,-28.0,0.483
2023-05-27T10:40:34.000,21.08,-4.69,1.11,20.27,20.38,198562,-18.19,-29.0,0.483
2023-05-27T10:41:34.000,21.06,-4.75,1.11,20.27,20.38,198563,-18.03,-29.0,0.483
2023-05-27T10:42:34.000,20.98,-4.84,1.11,20.27,20.38,198564,-17.87,-29.0,0.483
2023-05-27T10:43:34.000,20.94,-4.78,1.11,20.26,20.38,198565,-17.71,-29.0,0.483
2023-05-27T10:44:34.000,20.92,-4.87,1.11,20.26,20.38,198566,-17.55,-29.0,0.483
2023-05-27T10:45:34.000,20.83,-5.19,1.11,20.26,20.38,198567,-17.39,-29.0,0.483
2023-05-27T10:46:35.000,20.74,-5.13,1.12,20.26,20.38,198568,-17.22,-29.0,0.483
2023-05-27T10:47:35.000,20.71,-4.85,1.12,20.26,20.38,198569,-17.06,-30.0,0.483
2023-05-27T10:48:35.000,20.74,-4.83,1.12,20.26,20.38,198570,-16.9,-30.0,0.483
2023-05-27T10:49:35.000,20.71,-4.91,1.12,20.25,20.38,198571,-16.74,-30.0,0.483
2023-05-27T10:50:35.000,20.65,-4.85,1.13,20.25,20.38,198572,-16.57,-30.0,0.483
2023-05-27T10:51:36.000,20.61,-4.91,1.13,20.24,20.38,198573,-16.41,-30.0,0.483
2023-05-27T10:52:36.000,20.54,-4.96,1.14,20.24,20.38,198574,-16.24,-30.0,0.483
2023-05-27T10:53:36.000,20.47,-4.82,1.15,20.23,20.38,198575,-16.08,-31.0,0.484
2023-05-27T10:54:36.000,20.43,-4.8,1.16,20.22,20.38,198576,-15.91,-31.0,0.484
2023-05-27T10:55:37.000,20.38,-4.55,1.17,20.21,20.38,198577,-15.75,-31.0,0.484
2023-05-27T10:56:36.000,20.4,-4.21,1.19,20.19,20.38,198578,-15.58,-31.0,0.484
2023-05-27T10:57:36.000,20.42,-3.93,1.22,20.16,20.38,198579,-15.42,-31.0,0.484
2023-05-27T10:58:36.000,20.4,-3.69,1.27,20.12,20.38,198580,-15.25,-31.0,0.484
2023-05-27T10:59:36.000,20.37,-3.29,1.35,20.05,20.38,198581,-15.08,-31.0,0.484
2023-05-27T11:00:37.000,20.32,-2.69,1.43,19.99,20.38,198582,-14.91,-32.0,0.484
2023-05-27T11:01:37.000,20.3,-1.98,1.74,19.78,20.38,198583,-14.75,-32.0,0.484
2023-05-27T11:02:37.000,20.27,-1.54,1.86,19.71,20.38,198584,-14.58,-32.0,0.484
2023-05-27T11:03:38.000,20.26,-0.97,2.1,19.58,20.38,198585,-14.41,-32.0,0.484
2023-05-27T11:04:37.000,20.3,-0.66,2.63,19.33,20.38,198586,-14.24,-32.0,0.484
2023-05-27T11:05:38.000,20.33,-0.65,2.07,19.59,20.38,198587,-14.07,-32.0,0.484
2023-05-27T11:06:38.000,20.37,-0.51,2.11,19.57,20.38,198588,-13.9,-32.0,0.484
2023-05-27T11:07:38.000,20.4,-0.68,2.18,19.54,20.38,198589,-13.73,-33.0,0.484
2023-05-27T11:08:38.000,20.41,-1.07,2.05,19.6,20.38,198590,-13.56,-33.0,0.485
2023-05-27T11:09:38.000,20.43,-1.55,2.14,19.56,20.38,198591,-13.39,-33.0,0.485
2023-05-27T11:10:38.000,20.48,-2.12,1.71,19.8,20.38,198592,-13.22,-33.0,0.485
2023-05-27T11:11:38.000,20.54,-2.83,1.64,19.84,20.38,198593,-13.05,-33.0,0.485
2023-05-27T11:12:38.000,20.53,-3.39,1.59,19.88,20.38,198594,-12.88,-33.0,0.485
2023-05-27T11:13:38.000,20.51,-3.52,1.64,19.84,20.38,198595,-12.71,-33.0,0.485
2023-05-27T11:14:39.000,20.46,-3.36,1.77,19.76,20.38,198596,-12.53,-34.0,0.485
2023-05-27T11:15:39.000,20.46,-2.87,1.99,19.63,20.38,198597,-12.36,-34.0,0.485
2023-05-27T11:16:39.000,20.52,-2.4,2.15,19.55,20.38,198598,-12.18,-34.0,0.485
2023-05-27T11:17:39.000,20.57,-2.11,2.57,19.36,20.38,198599,-12.01,-34.0,0.485
2023-05-27T11:18:39.000,20.61,-2.07,2.84,19.25,20.38,198600,-11.84,-34.0,0.485
2023-05-27T11:19:40.000,20.63,-2.16,3.06,19.17,20.38,198601,-11.66,-34.0,0.485
2023-05-27T11:20:41.000,20.63,-2.39,2.76,19.28,20.38,198602,-11.48,-34.0,0.485
2023-05-27T11:26:42.000,20.58,-3.78,4.97,18.64,20.38,198608,-10.43,-35.0,0.486
2023-05-27T11:27:42.000,20.59,-4.0,5.2,18.59,20.38,198609,-10.25,-35.0,0.486
2023-05-27T11:28:42.000,20.59,-4.31,5.2,18.59,20.38,198610,-10.08,-35.0,0.486
2023-05-27T11:29:42.000,20.54,-4.6,5.78,18.48,20.38,198611,-9.9,-36.0,0.486
2023-05-27T11:30:42.000,20.52,-4.58,6.58,18.34,20.38,198612,-9.72,-36.0,0.486
2023-05-27T11:31:42.000,20.54,-4.51,7.54,18.19,20.38,198613,-9.54,-36.0,0.486
2023-05-27T11:32:42.000,20.55,-4.64,8.82,18.02,20.38,198614,-9.37,-36.0,0.486
2023-05-27T11:33:42.000,20.55,-4.64,11.47,17.74,20.38,198615,-9.19,-36.0,0.486
2023-05-27T11:34:42.000,20.53,-4.85,13.34,17.57,20.38,198616,-9.01,-36.0,0.486
2023-05-27T11:35:42.000,20.52,-4.83,13.56,17.55,20.38,198617,-8.83,-36.0,0.486
2023-05-27T11:36:43.000,20.55,-4.79,15.81,17.38,20.38,198618,-8.65,-36.0,0.486
2023-05-27T11:38:45.000,20.56,-5.0,22.33,17.01,20.38,198620,-8.28,-37.0,0.487
2023-05-27T11:39:44.000,20.5,-5.04,26.89,16.81,20.38,198621,-8.1,-37.0,0.487
2023-05-27T11:40:45.000,20.45,-5.02,32.59,16.6,20.38,198622,-7.92,-37.0,0.487
2023-05-27T11:41:45.000,20.45,-4.99,40.06,16.38,20.38,198623,-7.74,-37.0,0.487
2023-05-27T11:42:45.000,20.43,-5.02,47.79,16.18,20.38,198624,-7.56,-37.0,0.487
2023-05-27T11:43:45.000,20.45,-5.05,60.84,15.92,20.38,198625,-7.38,-37.0,0.487
2023-05-27T11:44:45.000,20.45,-5.05,76.41,15.67,20.38,198626,-7.2,-37.0,0.487
2023-05-27T11:45:45.000,20.44,-5.15,95.95,15.43,20.38,198627,-7.02,-37.0,0.487
2023-05-27T11:46:46.000,20.4,-5.11,121.51,15.17,20.38,198628,-6.83,-38.0,0.487
2023-05-27T11:47:45.000,20.4,-5.08,154.07,14.91,20.38,198629,-6.65,-38.0,0.487
2023-05-27T11:48:45.000,20.39,-5.17,195.82,14.65,20.38,198630,-6.47,-38.0,0.487
2023-05-27T11:49:45.000,20.34,-5.21,248.99,14.39,20.38,198631,-6.29,-38.0,0.487
2023-05-27T11:50:46.000,20.31,-5.19,316.36,14.13,20.38,198632,-6.1,-38.0,0.487
2023-05-27T11:51:46.000,20.25,-5.36,402.2,13.87,20.38,198633,-5.92,-38.0,0.487
2023-05-27T11:52:46.000,20.23,-5.26,511.01,13.61,20.38,198634,-5.73,-38.0,0.487
2023-05-27T11:53:46.000,20.23,-5.19,648.85,13.35,20.38,198635,-5.55,-38.0,0.488
2023-05-27T11:54:46.000,20.23,-5.2,824.45,13.09,20.38,198636,-5.36,-38.0,0.488
2023-05-27T11:55:46.000,20.21,-5.1,1053.2,12.83,20.38,198637,-5.18,-39.0,0.488
2023-05-27T11:56:46.000,20.21,-5.27,1357.78,12.55,20.38,198638,-4.99,-39.0,0.488
2023-05-27T11:57:46.000,20.19,-5.3,1716.47,12.3,20.38,198639,-4.81,-39.0,0.488
2023-05-27T11:58:47.000,20.18,-5.27,2162.25,12.05,20.38,198640,-4.62,-39.0,0.488
2023-05-27T11:59:47.000,20.19,-5.28,2714.59,11.8,20.38,198641,-4.44,-39.0,0.488
2023-05-27T12:00:48.000,20.13,-5.51,3396.34,11.55,20.38,198642,-4.25,-39.0,0.488
2023-05-27T12:01:47.000,20.05,-5.51,4265.09,11.31,20.38,198643,-4.06,-39.0,0.488
2023-05-27T12:02:47.000,19.97,-5.52,5381.19,11.06,20.38,198644,-3.88,-39.0,0.488
2023-05-27T12:03:48.000,19.91,-5.48,6739.38,10.81,20.38,198645,-3.69,-39.0,0.488
2023-05-27T12:04:48.000,19.88,-5.41,8280.2,10.59,20.38,198646,-3.5,-40.0,0.488
2023-05-27T12:05:48.000,19.9,-5.16,10034.96,10.38,20.38,198647,-3.31,-40.0,0.488
2023-05-27T12:06:48.000,19.93,-5.1,12083.15,10.18,20.38,198648,-3.13,-40.0,0.488
2023-05-27T12:07:48.000,19.91,-4.94,14496.02,9.98,20.38,198649,-2.94,-40.0,0.488
2023-05-27T12:08:48.000,19.92,-4.73,17403.24,9.78,20.38,198650,-2.75,-40.0,0.489
2023-05-27T12:09:49.000,19.93,-4.66,20974.85,9.58,20.38,198651,-2.56,-40.0,0.489
2023-05-27T12:10:49.000,19.9,-4.72,25314.21,9.53,20.38,198652,-2.37,-40.0,0.489
2023-05-27T12:11:49.000,19.82,-4.87,31525.27,9.13,20.38,198653,-2.18,-40.0,0.489
2023-05-27T12:12:51.000,19.74,-5.02,34213.29,9.12,20.38,198654,-1.99,-40.0,0.489
2023-05-27T12:13:55.000,19.7,-4.97,39949.87,8.88,20.38,198655,-1.79,-40.0,0.489
2023-05-27T12:14:55.000,19.69,-5.04,47342.09,8.69,20.38,198656,-1.6,-41.0,0.489
2023-05-27T12:15:55.000,19.66,-5.08,55498.09,8.52,20.38,198657,-1.41,-41.0,0.489
2023-05-27T12:17:55.000,19.71,-5.11,0.0,0.0,20.38,198659,-1.03,-41.0,0.489
2023-05-27T12:18:55.000,19.74,-5.3,0.0,0.0,20.38,198660,-0.84,-41.0,0.489
2023-05-27T12:19:56.000,19.77,-5.39,0.0,0.0,20.38,198661,-0.65,-41.0,0.489
2023-05-27T12:20:55.000,19.75,-5.46,0.0,0.0,20.38,198662,-0.46,-41.0,0.489
2023-05-27T12:21:55.000,19.79,-5.38,0.0,0.0,20.38,198663,-0.27,-41.0,0.489
2023-05-27T12:22:55.000,19.83,-5.2,0.0,0.0,20.38,198664,-0.08,-41.0,0.489
2023-05-27T12:23:56.000,19.81,-5.3,0.34,0.19,20.38,198665,0.12,-41.0,0.49
2023-05-27T12:24:56.000,19.83,-4.47,0.0,0.0,20.38,198666,0.31,-41.0,0.49
2023-05-27T12:25:56.000,19.89,-4.58,0.0,0.0,20.38,198667,0.5,-41.0,0.49
2023-05-27T12:26:57.000,19.93,-4.28,0.0,0.0,20.38,198668,0.69,-42.0,0.49
2023-05-27T12:37:58.000,19.93,-0.72,0.0,0.0,20.38,198679,2.82,-42.0,0.49
2023-05-27T12:38:59.000,19.87,-1.17,0.0,0.0,20.38,198680,3.02,-42.0,0.491
2023-05-27T12:39:58.000,19.84,-1.42,0.0,0.0,20.38,198681,3.21,-43.0,0.491
2023-05-27T12:40:58.000,19.84,-1.69,0.11,0.09,20.38,198682,3.4,-43.0,0.491
2023-05-27T12:41:58.000,19.87,-1.84,0.11,0.09,20.38,198683,3.6,-43.0,0.491
2023-05-27T12:42:58.000,19.89,-2.13,0.0,0.0,20.38,198684,3.79,-43.0,0.491
2023-05-27T12:43:58.000,19.9,-2.37,0.0,0.0,20.38,198685,3.99,-43.0,0.491
2023-05-27T12:44:59.000,19.91,-2.63,0.0,0.0,20.38,198686,4.19,-43.0,0.491
2023-05-27T12:46:01.000,19.93,-2.91,0.65,0.27,20.38,198687,4.39,-43.0,0.491
2023-05-27T12:47:01.000,19.94,-3.13,0.0,0.0,20.38,198688,4.58,-43.0,0.491
2023-05-27T12:48:01.000,19.99,-3.2,0.0,0.0,20.38,198689,4.78,-43.0,0.491
2023-05-27T12:49:01.000,20.04,-3.41,0.0,0.0,20.38,198690,4.97,-43.0,0.491
2023-05-27T13:31:05.000,22.7,0.75,0.0,0.0,20.38,198732,13.36,-45.0,0.494
2023-05-27T13:32:05.000,22.75,0.1,0.0,0.0,20.38,198733,13.56,-45.0,0.494
2023-05-27T13:33:05.000,22.84,-0.51,0.0,0.0,20.38,198734,13.76,-45.0,0.494
2023-05-27T13:35:11.000,22.96,-1.01,0.0,0.0,20.38,198736,14.19,-45.0,0.494
2023-05-27T13:36:11.000,22.98,-0.82,0.0,0.0,20.38,198737,14.39,-45.0,0.494
2023-05-27T13:37:12.000,23.06,-0.56,0.0,0.0,20.38,198738,14.6,-45.0,0.494
2023-05-27T14:43:16.000,28.13,6.44,0.0,0.0,20.38,198804,28.24,-43.0,0.499
2023-05-27T14:44:16.000,28.31,6.92,0.0,0.0,20.38,198805,28.45,-42.0,0.499
2023-05-27T14:45:16.000,28.43,6.92,0.0,0.0,20.38,198806,28.66,-42.0,0.499
2023-05-27T14:48:27.000,28.73,5.82,0.0,0.0,20.38,198809,29.32,-42.0,0.499
2023-05-27T14:49:27.000,28.68,4.79,0.0,0.0,20.38,198810,29.53,-42.0,0.499
2023-05-27T14:50:27.000,28.62,4.28,0.0,0.0,20.38,198811,29.74,-42.0,0.499
2023-05-27T15:55:37.000,38.97,10.17,0.0,0.0,20.38,198876,43.48,-35.0,0.504
2023-05-27T15:56:36.000,39.19,10.03,0.0,0.0,20.38,198877,43.69,-35.0,0.504
2023-05-27T15:57:36.000,39.31,9.99,0.0,0.0,20.38,198878,43.9,-35.0,0.504
2023-05-27T15:59:37.000,39.43,9.35,0.0,0.0,20.38,198880,44.33,-35.0,0.504
2023-05-27T16:00:37.000,39.7,10.72,0.0,0.0,20.38,198881,44.54,-35.0,0.504
2023-05-27T16:03:38.000,40.1,10.22,0.0,0.0,20.38,198884,45.18,-34.0,0.504
2023-05-27T16:04:38.000,40.23,10.3,0.0,0.0,20.38,198885,45.39,-34.0,0.504
2023-05-27T16:05:38.000,40.35,10.14,0.0,0.0,20.38,198886,45.6,-34.0,0.504
2023-05-27T18:11:51.000,48.44,12.36,0.0,0.0,20.38,199012,71.29,-13.0,0.513
2023-05-27T18:12:52.000,48.41,12.88,0.0,0.0,20.38,199013,71.48,-13.0,0.513
2023-05-27T18:13:52.000,48.38,12.75,0.0,0.0,20.38,199014,71.66,-13.0,0.513
2023-05-27T18:15:53.000,48.45,12.58,0.0,0.0,20.38,199016,72.02,-12.0,0.513
2023-05-27T18:16:53.000,48.19,11.5,0.0,0.0,20.38,199017,72.19,-12.0,0.513
2023-05-27T18:17:53.000,48.32,13.64,0.0,0.0,20.38,199018,72.37,-12.0,0.513
2023-05-27T18:18:54.000,48.67,13.8,0.0,0.0,20.38,199019,72.55,-12.0,0.513
2023-05-27T18:20:54.000,48.47,13.03,0.0,0.0,20.38,199021,72.89,-11.0,0.513
2023-05-27T18:21:54.000,48.36,13.04,0.0,0.0,20.38,199022,73.06,-11.0,0.513
2023-05-27T18:22:54.000,48.28,13.22,0.0,0.0,20.38,199023,73.23,-11.0,0.513
2023-05-27T18:23:54.000,48.37,13.66,0.0,0.0,20.38,199024,73.4,-11.0,0.513
2023-05-27T18:24:54.000,48.59,13.91,0.0,0.0,20.38,199025,73.57,-11.0,0.513
2023-05-27T18:33:54.000,48.4,12.76,0.0,0.0,20.38,199034,75.01,-9.0,0.514
2023-05-27T18:34:54.000,48.63,14.21,0.0,0.0,20.38,199035,75.16,-9.0,0.514
2023-05-27T18:35:55.000,48.92,13.9,0.0,0.0,20.38,199036,75.31,-9.0,0.514
2023-05-27T18:50:56.000,49.44,14.12,0.0,0.0,20.38,199051,77.32,-6.0,0.515
2023-05-27T18:51:56.000,49.82,14.36,0.0,0.0,20.38,199052,77.43,-6.0,0.515
2023-05-27T18:52:56.000,49.97,13.87,0.0,0.0,20.38,199053,77.54,-5.0,0.515
2023-05-27T18:54:56.000,50.34,13.95,0.0,0.0,20.38,199055,77.75,-5.0,0.515
2023-05-27T18:55:57.000,50.29,13.49,0.0,0.0,20.38,199056,77.85,-5.0,0.516
2023-05-27T18:56:56.000,50.29,13.32,0.0,0.0,20.38,199057,77.95,-5.0,0.516
2023-05-27T19:22:03.000,49.19,13.05,0.0,0.0,20.38,199082,79.12,0.0,0.517
2023-05-27T19:23:03.000,49.11,12.96,0.0,0.0,20.38,199083,79.11,1.0,0.517
2023-05-27T19:24:03.000,49.09,12.99,0.0,0.0,20.38,199084,79.1,1.0,0.517
2023-05-27T19:26:07.000,48.9,12.46,0.0,0.0,20.38,199086,79.05,1.0,0.518
2023-05-27T19:27:07.000,49.08,13.52,0.0,0.0,20.38,199087,79.02,1.0,0.518
2023-05-27T19:28:09.000,49.46,14.03,0.0,0.0,20.38,199088,78.99,2.0,0.518
2023-05-27T19:32:08.000,50.04,13.26,0.0,0.0,20.38,199092,78.81,2.0,0.518
2023-05-27T19:33:09.000,50.04,13.35,0.0,0.0,20.38,199093,78.76,3.0,0.518
2023-05-27T19:34:09.000,49.96,12.78,0.0,0.0,20.38,199094,78.7,3.0,0.518
2023-05-27T19:36:10.000,48.96,11.9,0.0,0.0,20.38,199096,78.57,3.0,0.518
2023-05-27T19:38:10.000,48.66,12.57,0.0,0.0,20.38,199098,78.42,4.0,0.518
2023-05-27T19:39:10.000,48.7,13.33,0.0,0.0,20.38,199099,78.34,4.0,0.518
2023-05-27T19:40:10.000,48.82,13.37,0.0,0.0,20.38,199100,78.26,4.0,0.518
2023-05-27T19:41:10.000,48.86,13.07,0.0,0.0,20.38,199101,78.18,4.0,0.519
2023-05-27T19:42:10.000,48.71,12.69,0.0,0.0,20.38,199102,78.09,4.0,0.519
2023-05-27T19:43:10.000,48.75,13.34,0.0,0.0,20.38,199103,77.99,5.0,0.519
2023-05-27T19:45:10.000,49.13,13.63,0.0,0.0,20.38,199105,77.8,5.0,0.519
2023-05-27T19:46:12.000,49.42,14.1,0.0,0.0,20.38,199106,77.69,5.0,0.519
2023-05-27T19:52:12.000,49.44,14.18,0.0,0.0,20.38,199112,77.01,6.0,0.519
2023-05-27T19:58:13.000,49.63,13.94,0.0,0.0,20.38,199118,76.24,8.0,0.52
2023-05-27T19:59:13.000,49.8,13.49,0.0,0.0,20.38,199119,76.1,8.0,0.52
2023-05-27T20:00:13.000,50.04,14.17,0.0,0.0,20.38,199120,75.96,8.0,0.52
2023-05-27T20:01:13.000,50.08,13.05,0.0,0.0,20.38,199121,75.82,8.0,0.52
2023-05-27T20:02:14.000,49.95,12.87,0.0,0.0,20.38,199122,75.67,8.0,0.52
2023-05-27T20:04:16.000,50.25,13.88,0.0,0.0,20.38,199124,75.37,9.0,0.52
2023-05-27T20:06:16.000,50.22,13.21,0.0,0.0,20.38,199126,75.07,9.0,0.52
2023-05-27T20:07:17.000,50.09,13.06,0.0,0.0,20.38,199127,74.92,9.0,0.52
2023-05-27T20:09:18.000,50.35,13.85,0.0,0.0,20.38,199129,74.6,10.0,0.52
2023-05-27T20:10:18.000,50.63,14.27,0.0,0.0,20.38,199130,74.44,10.0,0.52
2023-05-27T20:11:18.000,50.62,13.45,0.0,0.0,20.38,199131,74.28,10.0,0.521
2023-05-27T20:13:19.000,50.06,12.23,0.0,0.0,20.38,199133,73.96,11.0,0.521
2023-05-27T20:14:20.000,50.07,13.7,0.0,0.0,20.38,199134,73.79,11.0,0.521
2023-05-27T20:15:21.000,50.33,13.83,0.0,0.0,20.38,199135,73.62,11.0,0.521
2023-05-27T20:16:21.000,50.47,13.75,0.01,0.12,20.38,199136,73.45,11.0,0.521
2023-05-27T20:17:21.000,50.6,13.74,0.0,0.0,20.38,199137,73.29,11.0,0.521
2023-05-27T20:18:21.000,50.39,12.82,0.0,0.0,20.38,199138,73.12,12.0,0.521
2023-05-27T20:19:21.000,50.31,13.4,0.0,0.0,20.38,199139,72.95,12.0,0.521
2023-05-27T20:20:22.000,50.22,12.85,0.0,0.0,20.38,199140,72.77,12.0,0.521
2023-05-27T20:25:23.000,50.39,13.56,0.0,0.0,20.38,199145,71.89,13.0,0.521
2023-05-27T20:26:22.000,50.32,12.65,0.0,0.0,20.38,199146,71.72,13.0,0.522
2023-05-27T20:27:22.000,50.2,12.95,0.0,0.0,20.38,199147,71.54,13.0,0.522
2023-05-27T20:42:25.000,49.45,13.79,0.0,0.0,20.38,199162,68.75,17.0,0.523
2023-05-27T20:43:25.000,49.79,14.31,0.0,0.0,20.38,199163,68.56,17.0,0.523
2023-05-27T20:44:25.000,49.8,12.89,0.0,0.0,20.38,199164,68.37,17.0,0.523
2023-05-27T20:46:25.000,50.01,14.42,0.0,0.0,20.38,199166,67.98,17.0,0.523
2023-05-27T20:47:25.000,50.07,14.1,0.0,0.0,20.38,199167,67.79,18.0,0.523
2023-05-27T20:48:25.000,50.23,14.29,0.0,0.0,20.38,199168,67.6,18.0,0.523
2023-05-27T21:30:30.000,48.12,8.38,0.0,0.0,20.38,199210,59.12,26.0,0.526
2023-05-27T21:31:30.000,47.53,8.16,0.0,0.0,20.38,199211,58.92,27.0,0.526
2023-05-27T21:32:31.000,47.0,8.61,0.0,0.0,20.38,199212,58.71,27.0,0.526
2023-05-27T21:34:31.000,46.08,7.57,0.0,0.0,20.38,199214,58.29,27.0,0.526
2023-05-27T21:35:31.000,45.49,7.92,0.0,0.0,20.38,199215,58.09,27.0,0.526
