Downloads/jupyter/ECSV/stars19/stars19_2020-03.ecsv
# %ECSV 1.0
# ---
# datatype:
# - {name: time, datatype: string}
# - {name: Enclosure Temperature, unit: deg_C, datatype: float64}
# - {name: Sky Temperature, unit: deg_C, datatype: float64}
# - {name: Frequency, unit: Hz, datatype: float64}
# - {name: MSAS, unit: mag / arcsec2, datatype: float64}
# - {name: ZP, datatype: float64}
# - {name: Sequence Number, datatype: int64}
# - {name: Sun Alt, unit: deg, datatype: float64}
# - {name: Moon Alt, unit: deg, datatype: float64}
# - {name: Moon Illumination, datatype: float64}
# delimiter: ','
# meta: !!omap
# - ida:
#     Data supplier: {affiliation: null, observer: null}
#     Device type: TESS-W
#     Field of view: 17.0
#     Filters per channel: None
#     Instrument ID: stars19
#     License: ODbL 1.0 http://opendatacommons.org/licenses/odbl/summary/
#     Local timezone: America/Phoenix
#     Location name: {country: '- Tucson', place: Tucson, region: United States, sub_region: Arizona, town: Pima County}
#     Measurement direction per channel: {azimuth: 0.0, zenital: 0.0}
#     Moving / Fixed look direction: FIXED
#     Moving / Stationary position: STATIONARY
#     Number of channels: 1
#     Number of fields per line: 8
#     Number of header lines: 35
#     Position: {height: 0.0, latitude: 32.223877, longitude: -110.767532}
#     TESS MAC address: 18:FE:34:CF:EC:06
#     TESS cover offset value: 0.0
#     TESS firmware version: '1.0'
#     TESS zero point: 20.5
#     Time Synchronization: timestamp added by MQTT subscriber
#     URL: http://www.darksky.org/NSBM/sdf1.0.pdf
# - __serialized_columns__:
#     Enclosure Temperature:
#       __class__: astropy.units.quantity.Quantity
#       unit: &id001 !astropy.units.Unit {unit: deg_C}
#       value: !astropy.table.SerializedColumn {name: Enclosure Temperature}
#     Frequency:
#       __class__: astropy.units.quantity.Quantity
#       unit: !astropy.units.Unit {unit: Hz}
#       value: !astropy.table.SerializedColumn {name: Frequency}
#     MSAS:
#       __class__: astropy.units.quantity.Quantity
#       unit: !astropy.units.Unit {unit: mag / arcsec2}
#       value: !astropy.table.SerializedColumn {name: MSAS}
#     Moon Alt:
#       __class__: astropy.units.quantity.Quantity
#       unit: &id002 !astropy.units.Unit {unit: deg}
#       value: !astropy.table.SerializedColumn {name: Moon Alt}
#     Sky Temperature:
#       __class__: astropy.units.quantity.Quantity
#       unit: *id001
#       value: !astropy.table.SerializedColumn {name: Sky Temperature}
#     Sun Alt:
#       __class__: astropy.units.quantity.Quantity
#       unit: *id002
#       value: !astropy.table.SerializedColumn {name: Sun Alt}
#     time:
#       __class__: astropy.time.core.Time
#       format: isot
#       in_subfmt: '*'
#       out_subfmt: '*'
#       precision: 3
#       scale: utc
#       value: !astropy.table.SerializedColumn {name: time}
# schema: astropy-2.0
time,Enclosure Temperature,Sky Temperature,Frequency,MSAS,ZP,Sequence Number,Sun Alt,Moon Alt,Moon Illumination
[from data line 14626]
2020-03-18T13:25:52.000,12.14,-8.29,58546.86,8.46,20.5,341372,-1.42,28.0,0.286
2020-03-18T13:26:52.000,12.14,-8.49,59267.75,8.03,20.5,341373,-1.21,28.0,0.286
2020-03-18T13:28:53.000,12.14,-8.88,0.0,0.0,20.5,341375,-0.78,28.0,0.286
2020-03-18T13:29:53.000,12.14,-8.91,0.0,0.0,20.5,341376,-0.57,28.0,0.286
2020-03-18T13:30:53.000,12.14,-8.97,0.0,0.0,20.5,341377,-0.36,28.0,0.286
2020-03-18T13:31:54.000,12.11,-8.96,0.0,0.0,20.5,341378,-0.14,28.0,0.286
2020-03-18T13:32:54.000,12.13,-8.71,0.0,0.0,20.5,341379,0.07,28.0,0.286
2020-03-18T13:34:54.000,12.18,-8.46,0.0,0.0,20.5,341381,0.49,28.0,0.286
2020-03-18T13:35:55.000,12.21,-8.66,0.0,0.0,20.5,341382,0.71,29.0,0.285
2020-03-18T13:36:55.000,12.22,-8.95,0.0,0.0,20.5,341383,0.92,29.0,0.285
2020-03-18T13:37:55.000,12.22,-9.1,0.0,0.0,20.5,341384,1.13,29.0,0.285
2020-03-18T13:39:57.000,12.22,-9.3,0.0,0.0,20.5,341386,1.56,29.0,0.285
2020-03-18T13:40:57.000,12.22,-9.27,0.0,0.0,20.5,341387,1.77,29.0,0.285
2020-03-18T13:42:57.000,12.22,-9.14,0.0,0.0,20.5,341389,2.19,29.0,0.285
2020-03-18T13:47:59.000,12.33,-8.49,0.0,0.0,20.5,341394,3.26,30.0,0.285
2020-03-18T13:49:00.000,12.35,-8.51,0.0,0.0,20.5,341395,3.47,30.0,0.285
2020-03-18T13:50:00.000,12.3,-8.69,0.0,0.0,20.5,341396,3.69,30.0,0.285
2020-03-18T13:51:00.000,12.29,-8.52,0.0,0.0,20.5,341397,3.9,30.0,0.285
2020-03-18T13:52:00.000,12.32,-8.22,0.18,0.09,20.5,341398,4.11,30.0,0.284
2020-03-18T13:53:01.000,12.4,-7.74,0.0,0.0,20.5,341399,4.32,30.0,0.284
2020-03-18T13:54:01.000,12.46,-7.15,0.0,0.0,20.5,341400,4.53,30.0,0.284
2020-03-18T13:55:01.000,12.48,-6.66,0.0,0.0,20.5,341401,4.75,30.0,0.284
2020-03-18T14:05:06.000,12.81,-5.15,0.0,0.0,20.5,341411,6.87,31.0,0.284
2020-03-18T14:06:07.000,12.77,-4.57,0.0,0.0,20.5,341412,7.09,31.0,0.284
2020-03-18T14:07:07.000,12.81,-3.81,0.0,0.0,20.5,341413,7.3,31.0,0.284
2020-03-18T14:09:08.000,12.97,-3.21,0.0,0.0,20.5,341415,7.72,31.0,0.283
2020-03-18T14:10:09.000,13.04,-3.07,0.0,0.0,20.5,341416,7.94,31.0,0.283
2020-03-18T14:11:10.000,13.14,-2.6,0.0,0.0,20.5,341417,8.15,31.0,0.283
2020-03-18T14:18:12.000,13.4,-1.79,0.0,0.0,20.5,341424,9.63,32.0,0.283
2020-03-18T14:19:12.000,13.47,-1.54,0.0,0.0,20.5,341425,9.84,32.0,0.283
2020-03-18T14:20:12.000,13.59,-1.4,0.0,0.0,20.5,341426,10.05,32.0,0.283
2020-03-18T14:23:14.000,13.87,-1.22,0.0,0.0,20.5,341429,10.69,32.0,0.283
2020-03-18T14:24:15.000,13.99,-1.14,0.0,0.0,20.5,341430,10.9,32.0,0.282
2020-03-18T14:25:15.000,14.09,-1.15,0.0,0.0,20.5,341431,11.11,32.0,0.282
2020-03-18T14:33:18.000,14.19,-1.02,0.0,0.0,20.5,341439,12.8,33.0,0.282
2020-03-18T14:34:18.000,14.28,-0.64,0.0,0.0,20.5,341440,13.01,33.0,0.282
2020-03-18T14:35:18.000,14.38,-0.59,0.0,0.0,20.5,341441,13.21,33.0,0.282
2020-03-18T14:37:18.000,14.41,-0.77,0.0,0.0,20.5,341443,13.63,33.0,0.282
2020-03-18T14:38:19.000,14.42,-0.55,0.0,0.0,20.5,341444,13.84,33.0,0.282
2020-03-18T14:39:20.000,14.41,-0.54,0.0,0.0,20.5,341445,14.06,33.0,0.282
2020-03-18T14:52:26.000,15.39,0.63,0.0,0.0,20.5,341458,16.78,34.0,0.281
2020-03-18T14:53:26.000,15.48,0.91,0.0,0.0,20.5,341459,16.99,34.0,0.281
2020-03-18T14:54:26.000,15.53,1.09,0.0,0.0,20.5,341460,17.2,34.0,0.281
2020-03-18T14:57:27.000,15.77,1.91,0.0,0.0,20.5,341463,17.82,34.0,0.28
2020-03-18T14:58:29.000,15.77,2.12,0.0,0.0,20.5,341464,18.03,34.0,0.28
2020-03-18T14:59:30.000,15.76,2.45,0.0,0.0,20.5,341465,18.24,34.0,0.28
2020-03-18T15:02:31.000,15.89,3.16,0.0,0.0,20.5,341468,18.87,34.0,0.28
2020-03-18T15:03:31.000,15.9,4.05,0.0,0.0,20.5,341469,19.07,34.0,0.28
2020-03-18T15:04:31.000,15.94,4.69,0.0,0.0,20.5,341470,19.28,34.0,0.28
2020-03-18T15:09:33.000,16.1,4.8,0.0,0.0,20.5,341475,20.31,34.0,0.28
2020-03-18T15:11:34.000,16.3,5.47,0.0,0.0,20.5,341477,20.72,34.0,0.28
2020-03-18T15:12:35.000,16.34,5.43,0.0,0.0,20.5,341478,20.93,34.0,0.279
2020-03-18T15:13:35.000,16.37,5.6,0.0,0.0,20.5,341479,21.14,34.0,0.279
2020-03-18T15:14:35.000,16.45,5.63,0.0,0.0,20.5,341480,21.34,34.0,0.279
2020-03-18T15:16:41.000,16.55,5.56,0.0,0.0,20.5,341482,21.77,34.0,0.279
2020-03-18T15:17:41.000,16.64,5.4,0.0,0.0,20.5,341483,21.98,34.0,0.279
2020-03-18T15:18:42.000,16.73,5.0,0.0,0.0,20.5,341484,22.18,34.0,0.279
2020-03-18T15:30:45.000,16.93,5.85,0.0,0.0,20.5,341496,24.63,34.0,0.278
2020-03-18T15:31:46.000,16.95,5.78,0.0,0.0,20.5,341497,24.83,34.0,0.278
2020-03-18T15:32:46.000,16.96,5.86,0.0,0.0,20.5,341498,25.03,34.0,0.278
2020-03-18T15:34:47.000,16.98,5.67,0.0,0.0,20.5,341500,25.44,34.0,0.278
2020-03-18T15:36:47.000,16.91,5.58,0.0,0.0,20.5,341502,25.84,34.0,0.278
2020-03-18T15:37:48.000,16.92,5.72,0.0,0.0,20.5,341503,26.04,34.0,0.278
2020-03-18T15:38:48.000,16.93,5.68,0.0,0.0,20.5,341504,26.25,34.0,0.278
2020-03-18T15:51:53.000,16.6,5.29,0.0,0.0,20.5,341517,28.85,34.0,0.277
2020-03-18T15:52:54.000,16.58,5.47,0.0,0.0,20.5,341518,29.05,34.0,0.277
2020-03-18T15:53:54.000,16.65,5.72,0.0,0.0,20.5,341519,29.24,34.0,0.277
2020-03-18T15:55:55.000,16.99,5.43,0.0,0.0,20.5,341521,29.64,34.0,0.277
2020-03-18T15:56:55.000,17.1,5.36,0.0,0.0,20.5,341522,29.84,34.0,0.277
2020-03-18T15:57:55.000,17.15,5.59,0.0,0.0,20.5,341523,30.03,34.0,0.277
2020-03-18T15:59:55.000,17.21,5.99,0.0,0.0,20.5,341525,30.43,34.0,0.277
2020-03-18T16:00:56.000,17.28,5.92,0.0,0.0,20.5,341526,30.62,34.0,0.276
2020-03-18T16:01:56.000,17.28,5.83,0.0,0.0,20.5,341527,30.82,34.0,0.276
2020-03-18T16:03:57.000,17.47,6.3,0.0,0.0,20.5,341529,31.21,33.0,0.276
2020-03-18T16:04:57.000,17.6,6.23,0.0,0.0,20.5,341530,31.41,33.0,0.276
2020-03-18T16:05:58.000,17.69,6.08,0.0,0.0,20.5,341531,31.6,33.0,0.276
2020-03-18T16:06:59.000,17.8,6.13,0.0,0.0,20.5,341532,31.8,33.0,0.276
2020-03-18T16:11:01.000,18.52,6.37,0.0,0.0,20.5,341536,32.58,33.0,0.276
2020-03-18T16:12:01.000,18.51,6.27,0.0,0.0,20.5,341537,32.77,33.0,0.276
2020-03-18T16:13:03.000,18.44,6.26,0.0,0.0,20.5,341538,32.97,33.0,0.276
2020-03-18T16:15:04.000,18.3,6.48,0.0,0.0,20.5,341540,33.36,33.0,0.276
2020-03-18T16:16:04.000,18.34,6.59,0.0,0.0,20.5,341541,33.55,33.0,0.276
2020-03-18T16:17:04.000,18.31,6.27,0.0,0.0,20.5,341542,33.74,33.0,0.275
2020-03-18T16:19:04.000,18.31,6.41,0.0,0.0,20.5,341544,34.12,33.0,0.275
2020-03-18T16:20:05.000,18.36,6.63,0.0,0.0,20.5,341545,34.31,33.0,0.275
2020-03-18T16:21:05.000,18.44,6.62,0.0,0.0,20.5,341546,34.5,33.0,0.275
2020-03-18T16:22:06.000,18.51,6.71,0.0,0.0,20.5,341547,34.69,33.0,0.275
2020-03-18T16:24:06.000,18.53,5.95,0.0,0.0,20.5,341549,35.07,33.0,0.275
2020-03-18T16:28:07.000,18.71,6.58,0.0,0.0,20.5,341553,35.82,32.0,0.275
2020-03-18T16:29:07.000,18.89,6.94,0.0,0.0,20.5,341554,36.01,32.0,0.275
2020-03-18T16:30:08.000,19.02,6.91,0.0,0.0,20.5,341555,36.2,32.0,0.275
2020-03-18T16:41:12.000,18.31,6.84,0.0,0.0,20.5,341566,38.24,31.0,0.274
2020-03-18T16:42:12.000,18.38,6.84,0.0,0.0,20.5,341567,38.42,31.0,0.274
2020-03-18T16:43:12.000,18.43,6.8,0.0,0.0,20.5,341568,38.6,31.0,0.274
2020-03-18T16:46:13.000,18.38,6.86,0.0,0.0,20.5,341571,39.14,31.0,0.274
2020-03-18T16:48:14.000,18.7,7.35,0.0,0.0,20.5,341573,39.51,31.0,0.274
2020-03-18T16:49:14.000,18.88,7.44,0.0,0.0,20.5,341574,39.68,31.0,0.273
2020-03-18T16:50:14.000,19.06,7.43,0.0,0.0,20.5,341575,39.86,31.0,0.273
2020-03-18T16:57:17.000,19.44,7.23,0.0,0.0,20.5,341582,41.11,30.0,0.273
2020-03-18T16:58:17.000,19.53,7.45,0.0,0.0,20.5,341583,41.28,30.0,0.273
2020-03-18T16:59:17.000,19.71,7.57,0.0,0.0,20.5,341584,41.45,30.0,0.273
2020-03-18T17:05:19.000,20.31,7.2,0.0,0.0,20.5,341590,42.49,30.0,0.272
2020-03-18T17:06:20.000,20.24,7.06,0.0,0.0,20.5,341591,42.67,29.0,0.272
2020-03-18T17:07:20.000,20.19,6.49,0.0,0.0,20.5,341592,42.83,29.0,0.272
2020-03-18T17:30:27.000,20.67,7.29,0.0,0.0,20.5,341615,46.59,27.0,0.271
2020-03-18T17:31:28.000,20.42,7.47,0.0,0.0,20.5,341616,46.74,27.0,0.271
2020-03-18T17:32:28.000,20.27,7.47,0.0,0.0,20.5,341617,46.9,27.0,0.271
2020-03-18T17:35:29.000,20.1,7.92,0.0,0.0,20.5,341620,47.36,27.0,0.271
2020-03-18T17:36:29.000,20.1,7.81,0.0,0.0,20.5,341621,47.51,26.0,0.271
2020-03-18T17:37:30.000,20.0,7.61,0.0,0.0,20.5,341622,47.66,26.0,0.27
2020-03-18T17:38:30.000,19.93,7.92,0.0,0.0,20.5,341623,47.81,26.0,0.27
2020-03-18T17:44:31.000,20.17,8.24,0.0,0.0,20.5,341629,48.69,26.0,0.27
2020-03-18T17:45:31.000,20.22,8.29,0.0,0.0,20.5,341630,48.83,25.0,0.27
2020-03-18T17:46:32.000,20.2,8.0,0.0,0.0,20.5,341631,48.98,25.0,0.27
2020-03-18T17:47:32.000,20.23,8.31,0.0,0.0,20.5,341632,49.12,25.0,0.27
2020-03-18T17:49:33.000,20.48,8.51,0.0,0.0,20.5,341634,49.4,25.0,0.27
2020-03-18T17:50:33.000,20.51,8.27,0.0,0.0,20.5,341635,49.54,25.0,0.27
2020-03-18T17:51:33.000,20.44,8.16,0.0,0.0,20.5,341636,49.68,25.0,0.27
2020-03-18T18:07:40.000,21.23,6.64,0.0,0.0,20.5,341652,51.77,23.0,0.269
2020-03-18T18:08:40.000,21.47,6.3,0.0,0.0,20.5,341653,51.89,23.0,0.269
2020-03-18T18:09:41.000,21.49,5.74,0.0,0.0,20.5,341654,52.01,22.0,0.269
2020-03-18T18:12:42.000,21.33,7.13,0.0,0.0,20.5,341657,52.37,22.0,0.268
2020-03-18T18:15:42.000,21.08,7.89,0.0,0.0,20.5,341660,52.71,22.0,0.268
2020-03-18T18:19:43.000,20.84,8.11,0.0,0.0,20.5,341664,53.16,21.0,0.268
2020-03-18T18:20:44.000,20.8,8.27,0.0,0.0,20.5,341665,53.27,21.0,0.268
2020-03-18T18:24:45.000,20.5,7.73,0.0,0.0,20.5,341669,53.69,20.0,0.268
2020-03-18T18:25:45.000,20.41,8.33,0.0,0.0,20.5,341670,53.79,20.0,0.268
2020-03-18T18:26:45.000,20.44,8.61,0.0,0.0,20.5,341671,53.89,20.0,0.267
2020-03-18T19:18:05.000,20.58,8.18,0.0,0.0,20.5,341722,57.1,12.0,0.264
2020-03-18T19:19:05.000,20.64,8.58,0.0,0.0,20.5,341723,57.12,12.0,0.264
2020-03-18T19:20:06.000,20.73,8.61,0.0,0.0,20.5,341724,57.14,12.0,0.264
2020-03-18T19:26:07.000,21.19,9.33,0.0,0.0,20.5,341730,57.22,11.0,0.264
2020-03-18T19:27:07.000,21.12,9.1,0.0,0.0,20.5,341731,57.23,11.0,0.264
2020-03-18T19:28:14.000,21.05,9.34,0.0,0.0,20.5,341732,57.24,11.0,0.264
2020-03-18T19:35:17.000,19.35,5.79,0.0,0.0,20.5,341739,57.23,10.0,0.263
2020-03-18T19:36:17.000,18.06,6.08,0.0,0.0,20.5,341740,57.22,9.0,0.263
2020-03-18T19:37:17.000,17.1,8.47,0.0,0.0,20.5,341741,57.21,9.0,0.263
2020-03-18T19:40:19.000,15.7,9.96,0.0,0.0,20.5,341744,57.17,9.0,0.263
2020-03-18T19:41:19.000,15.4,10.09,0.0,0.0,20.5,341745,57.15,9.0,0.263
2020-03-18T19:42:19.000,15.23,10.41,0.0,0.0,20.5,341746,57.13,8.0,0.263
2020-03-18T19:44:20.000,14.81,9.65,0.0,0.0,20.5,341748,57.09,8.0,0.263
2020-03-18T19:45:21.000,14.54,9.74,0.0,0.0,20.5,341749,57.07,8.0,0.263
2020-03-18T19:46:22.000,14.22,9.25,0.0,0.0,20.5,341750,57.04,8.0,0.263
2020-03-18T19:48:23.000,13.55,9.67,0.0,0.0,20.5,341752,56.99,7.0,0.262
2020-03-18T19:49:23.000,13.36,10.05,0.0,0.0,20.5,341753,56.96,7.0,0.262
2020-03-18T19:50:23.000,13.24,10.63,0.0,0.0,20.5,341754,56.93,7.0,0.262
2020-03-18T19:51:24.000,13.21,10.54,0.0,0.0,20.5,341755,56.89,7.0,0.262
2020-03-18T19:52:24.000,13.13,10.62,0.0,0.0,20.5,341756,56.86,7.0,0.262
2020-03-18T19:58:26.000,13.02,8.3,0.0,0.0,20.5,341762,56.61,6.0,0.262
2020-03-18T19:59:27.000,12.89,7.48,0.0,0.0,20.5,341763,56.56,5.0,0.262
2020-03-18T20:00:27.000,12.93,8.02,0.0,0.0,20.5,341764,56.51,5.0,0.262
2020-03-18T20:04:28.000,13.13,8.04,0.0,0.0,20.5,341768,56.3,5.0,0.262
2020-03-18T20:05:29.000,13.19,9.42,0.0,0.0,20.5,341769,56.25,4.0,0.261
2020-03-18T20:06:29.000,13.42,9.82,0.0,0.0,20.5,341770,56.19,4.0,0.261
2020-03-18T20:09:30.000,13.44,9.67,0.0,0.0,20.5,341773,56.01,4.0,0.261
2020-03-18T20:10:31.000,13.33,9.41,0.0,0.0,20.5,341774,55.94,3.0,0.261
2020-03-18T20:11:31.000,13.2,9.13,0.0,0.0,20.5,341775,55.88,3.0,0.261
2020-03-18T20:34:38.000,15.26,9.18,0.0,0.0,20.5,341798,53.96,-1.0,0.26
2020-03-18T20:35:38.000,15.26,8.15,0.0,0.0,20.5,341799,53.86,-1.0,0.26
2020-03-18T20:36:38.000,15.3,7.96,0.0,0.0,20.5,341800,53.76,-1.0,0.26
2020-03-18T20:38:39.000,14.89,7.31,0.0,0.0,20.5,341802,53.56,-2.0,0.259
2020-03-18T20:39:39.000,15.18,6.71,0.0,0.0,20.5,341803,53.45,-2.0,0.259
2020-03-18T20:40:40.000,15.48,6.81,0.0,0.0,20.5,341804,53.34,-2.0,0.259
2020-03-18T20:59:47.000,13.68,6.37,0.0,0.0,20.5,341823,51.11,-5.0,0.258
2020-03-18T21:00:47.000,13.74,6.5,0.0,0.0,20.5,341824,50.98,-6.0,0.258
2020-03-18T21:01:47.000,13.74,6.6,0.0,0.0,20.5,341825,50.85,-6.0,0.258
2020-03-18T21:04:48.000,13.76,7.18,0.0,0.0,20.5,341828,50.46,-6.0,0.258
2020-03-18T21:05:49.000,13.64,6.22,0.0,0.0,20.5,341829,50.32,-7.0,0.258
2020-03-18T21:06:50.000,13.49,6.26,0.0,0.0,20.5,341830,50.19,-7.0,0.258
2020-03-18T21:07:50.000,13.38,5.79,0.0,0.0,20.5,341831,50.05,-7.0,0.258
2020-03-18T21:08:50.000,13.29,5.76,0.0,0.0,20.5,341832,49.92,-7.0,0.258
2020-03-18T21:10:52.000,13.36,5.42,0.0,0.0,20.5,341834,49.64,-8.0,0.258
2020-03-18T21:11:53.000,13.35,5.78,0.0,0.0,20.5,341835,49.5,-8.0,0.257
2020-03-18T21:12:53.000,13.49,6.02,0.0,0.0,20.5,341836,49.36,-8.0,0.257
2020-03-18T21:13:54.000,13.74,6.31,0.0,0.0,20.5,341837,49.22,-8.0,0.257
2020-03-18T21:16:55.000,13.87,6.24,0.0,0.0,20.5,341840,48.79,-9.0,0.257
2020-03-18T21:18:55.000,14.02,6.03,0.0,0.0,20.5,341842,48.5,-9.0,0.257
2020-03-18T21:20:55.000,14.03,5.97,0.0,0.0,20.5,341844,48.21,-9.0,0.257
2020-03-18T21:22:55.000,14.04,6.45,0.0,0.0,20.5,341846,47.92,-10.0,0.257
2020-03-18T21:23:55.000,14.1,6.3,0.0,0.0,20.5,341847,47.77,-10.0,0.257
2020-03-18T21:24:55.000,13.95,5.73,0.0,0.0,20.5,341848,47.62,-10.0,0.257
2020-03-18T21:32:58.000,14.31,6.1,0.0,0.0,20.5,341856,46.39,-12.0,0.256
2020-03-18T21:33:59.000,14.29,6.7,0.0,0.0,20.5,341857,46.23,-12.0,0.256
2020-03-18T21:34:59.000,14.32,6.93,0.0,0.0,20.5,341858,46.08,-12.0,0.256
2020-03-18T21:36:59.000,14.22,6.41,0.0,0.0,20.5,341860,45.76,-12.0,0.256
2020-03-18T21:38:00.000,14.31,6.57,0.0,0.0,20.5,341861,45.6,-13.0,0.256
2020-03-18T21:39:00.000,14.3,6.34,0.0,0.0,20.5,341862,45.44,-13.0,0.256
2020-03-18T21:44:01.000,14.46,7.22,0.0,0.0,20.5,341867,44.63,-14.0,0.256
2020-03-18T21:45:01.000,14.43,6.75,0.0,0.0,20.5,341868,44.47,-14.0,0.255
2020-03-18T21:46:02.000,14.47,6.81,0.0,0.0,20.5,341869,44.3,-14.0,0.255
2020-03-18T21:50:06.000,14.83,6.28,0.0,0.0,20.5,341873,43.63,-15.0,0.255
2020-03-18T21:51:07.000,14.9,5.92,0.0,0.0,20.5,341874,43.46,-15.0,0.255
2020-03-18T21:53:08.000,14.54,5.36,0.0,0.0,20.5,341876,43.12,-16.0,0.255
2020-03-18T21:55:09.000,14.4,5.46,0.0,0.0,20.5,341878,42.78,-16.0,0.255
2020-03-18T21:56:09.000,14.49,5.63,0.0,0.0,20.5,341879,42.61,-16.0,0.255
2020-03-18T21:57:09.000,14.52,5.43,0.0,0.0,20.5,341880,42.44,-16.0,0.255
2020-03-18T22:07:14.000,14.44,5.73,0.0,0.0,20.5,341890,40.69,-18.0,0.254
2020-03-18T22:08:14.000,14.47,5.72,0.0,0.0,20.5,341891,40.52,-18.0,0.254
2020-03-18T22:09:16.000,14.48,5.91,0.0,0.0,20.5,341892,40.33,-19.0,0.254
2020-03-18T22:13:17.000,14.61,6.08,0.0,0.0,20.5,341896,39.62,-19.0,0.254
2020-03-18T22:14:17.000,14.56,5.91,0.0,0.0,20.5,341897,39.44,-20.0,0.254
2020-03-18T22:15:17.000,14.46,5.57,0.0,0.0,20.5,341898,39.26,-20.0,0.254
2020-03-18T22:37:25.000,12.35,9.06,0.0,0.0,20.5,341920,35.19,-24.0,0.252
2020-03-18T22:38:25.000,12.37,10.43,0.0,0.0,20.5,341921,35.0,-24.0,0.252
2020-03-18T22:39:25.000,12.42,10.51,0.0,0.0,20.5,341922,34.82,-25.0,0.252
2020-03-18T22:41:26.000,12.36,10.21,0.0,0.0,20.5,341924,34.44,-25.0,0.252
2020-03-18T22:43:27.000,12.4,8.31,0.0,0.0,20.5,341926,34.05,-25.0,0.252
2020-03-18T22:44:27.000,12.35,8.35,0.0,0.0,20.5,341927,33.86,-26.0,0.252
2020-03-18T22:45:27.000,12.32,9.45,0.0,0.0,20.5,341928,33.67,-26.0,0.252
2020-03-18T22:47:28.000,12.31,9.2,0.0,0.0,20.5,341930,33.29,-26.0,0.252
2020-03-18T22:48:28.000,12.39,10.28,0.0,0.0,20.5,341931,33.1,-26.0,0.252
2020-03-18T22:49:28.000,12.47,10.84,0.0,0.0,20.5,341932,32.9,-27.0,0.252
2020-03-18T22:52:30.000,12.7,9.53,0.0,0.0,20.5,341935,32.32,-27.0,0.251
2020-03-18T22:53:30.000,12.57,10.05,0.0,0.0,20.5,341936,32.13,-27.0,0.251
2020-03-18T22:54:30.000,12.57,11.01,0.0,0.0,20.5,341937,31.93,-28.0,0.251
2020-03-18T22:57:32.000,12.65,9.87,0.0,0.0,20.5,341940,31.35,-28.0,0.251
2020-03-18T22:58:33.000,12.78,9.5,0.0,0.0,20.5,341941,31.15,-28.0,0.251
2020-03-18T23:00:34.000,12.68,10.62,0.0,0.0,20.5,341943,30.76,-29.0,0.251
2020-03-18T23:01:34.000,12.74,11.2,0.0,0.0,20.5,341944,30.56,-29.0,0.251
2020-03-18T23:03:35.000,12.95,10.54,0.0,0.0,20.5,341946,30.17,-29.0,0.251
2020-03-18T23:04:35.000,13.1,11.68,0.0,0.0,20.5,341947,29.97,-30.0,0.251
