Downloads/jupyter/ECSV/stars19/stars19_2020-08.ecsv
# %ECSV 1.0
# ---
# datatype:
# - {name: time, datatype: string}
# - {name: Enclosure Temperature, unit: deg_C, datatype: float64}
# - {name: Sky Temperature, unit: deg_C, datatype: float64}
# - {name: Frequency, unit: Hz, datatype: float64}
# - {name: MSAS, unit: mag / arcsec2, datatype: float64}
# - {name: ZP, datatype: float64}
# - {name: Sequence Number, datatype: int64}
# - {name: Sun Alt, unit: deg, datatype: float64}
# - {name: Moon Alt, unit: deg, datatype: float64}
# - {name: Moon Illumination, datatype: float64}
# delimiter: ','
# meta: !!omap
# - ida:
#     Data supplier: {affiliation: null, observer: null}
#     Device type: TESS-W
#     Field of view: 17.0
#     Filters per channel: None
#     Instrument ID: stars19
#     License: ODbL 1.0 http://opendatacommons.org/licenses/odbl/summary/
#     Local timezone: America/Phoenix
#     Location name: {country: '- Tucson', place: Tucson, region: United States, sub_region: Arizona, town: Pima County}
#     Measurement direction per channel: {azimuth: 0.0, zenital: 0.0}
#     Moving / Fixed look direction: FIXED
#     Moving / Stationary position: STATIONARY
#     Number of channels: 1
#     Number of fields per line: 8
#     Number of header lines: 35
#     Position: {height: 0.0, latitude: 32.223877, longitude: -110.767532}
#     TESS MAC address: 18:FE:34:CF:EC:06
#     TESS cover offset value: 0.0
#     TESS firmware version: '1.0'
#     TESS zero point: 20.5
#     Time Synchronization: timestamp added by MQTT subscriber
#     URL: http://www.darksky.org/NSBM/sdf1.0.pdf
# - __serialized_columns__:
#     Enclosure Temperature:
#       __class__: astropy.units.quantity.Quantity
#       unit: &id001 !astropy.units.Unit {unit: deg_C}
#       value: !astropy.table.SerializedColumn {name: Enclosure Temperature}
#     Frequency:
#       __class__: astropy.units.quantity.Quantity
#       unit: !astropy.units.Unit {unit: Hz}
#       value: !astropy.table.SerializedColumn {name: Frequency}
#     MSAS:
#       __class__: astropy.units.quantity.Quantity
#       unit: !astropy.units.Unit {unit: mag / arcsec2}
#       value: !astropy.table.SerializedColumn {name: MSAS}
#     Moon Alt:
#       __class__: astropy.units.quantity.Quantity
#       unit: &id002 !astropy.units.Unit {unit: deg}
#       value: !astropy.table.SerializedColumn {name: Moon Alt}
#     Sky Temperature:
#       __class__: astropy.units.quantity.Quantity
#       unit: *id001
#       value: !astropy.table.SerializedColumn {name: Sky Temperature}
#     Sun Alt:
#       __class__: astropy.units.quantity.Quantity
#       unit: *id002
#       value: !astropy.table.SerializedColumn {name: Sun Alt}
#     time:
#       __class__: astropy.time.core.Time
#       format: isot
#       in_subfmt: '*'
#       out_subfmt: '*'
#       precision: 3
#       scale: utc
#       value: !astropy.table.SerializedColumn {name: time}
# schema: astropy-2.0
time,Enclosure Temperature,Sky Temperature,Frequency,MSAS,ZP,Sequence Number,Sun Alt,Moon Alt,Moon Illumination
[from data line 12750]
2020-08-18T02:48:54.000,39.48,20.45,17.96,17.24,20.5,163539,-9.73,-15.0,0.014
2020-08-18T02:51:55.000,39.45,19.72,8.7,18.03,20.5,163542,-10.32,-15.0,0.014
2020-08-18T02:53:56.000,39.41,19.15,6.03,18.43,20.5,163544,-10.71,-16.0,0.014
2020-08-18T02:54:57.000,39.36,18.97,5.22,18.59,20.5,163545,-10.91,-16.0,0.014
2020-08-18T02:57:58.000,39.24,18.57,3.94,18.89,20.5,163548,-11.5,-16.0,0.014
2020-08-18T02:58:58.000,39.19,18.23,3.67,18.97,20.5,163549,-11.69,-16.0,0.014
2020-08-18T02:59:58.000,39.07,18.28,3.47,19.03,20.5,163550,-11.89,-17.0,0.014
2020-08-18T03:00:59.000,39.07,18.39,3.31,19.08,20.5,163551,-12.08,-17.0,0.014
2020-08-18T03:01:59.000,39.02,18.3,3.2,19.12,20.5,163552,-12.28,-17.0,0.014
2020-08-18T03:02:59.000,38.96,18.4,3.12,19.14,20.5,163553,-12.47,-17.0,0.014
2020-08-18T03:03:59.000,38.92,18.44,3.12,19.15,20.5,163554,-12.66,-17.0,0.014
2020-08-18T03:04:59.000,38.87,18.48,3.17,19.13,20.5,163555,-12.85,-17.0,0.014
2020-08-18T03:06:00.000,38.79,18.69,3.29,19.09,20.5,163556,-13.05,-18.0,0.014
2020-08-18T03:07:00.000,38.77,19.08,3.45,19.04,20.5,163557,-13.24,-18.0,0.014
2020-08-18T03:08:01.000,38.78,19.32,3.73,18.95,20.5,163558,-13.44,-18.0,0.014
2020-08-18T03:09:02.000,38.77,19.55,4.11,18.85,20.5,163559,-13.63,-18.0,0.014
2020-08-18T03:10:02.000,38.73,19.7,4.62,18.72,20.5,163560,-13.82,-18.0,0.014
2020-08-18T03:11:03.000,38.72,20.05,5.38,18.55,20.5,163561,-14.02,-18.0,0.014
2020-08-18T03:13:04.000,38.74,20.74,8.07,18.11,20.5,163563,-14.4,-19.0,0.014
2020-08-18T03:14:04.000,38.73,20.91,9.64,17.92,20.5,163564,-14.59,-19.0,0.014
2020-08-18T03:16:05.000,38.74,21.25,11.96,17.69,20.5,163566,-14.98,-19.0,0.014
2020-08-18T03:17:05.000,38.75,21.34,12.08,17.67,20.5,163567,-15.17,-19.0,0.014
2020-08-18T03:18:06.000,38.7,21.4,11.75,17.71,20.5,163568,-15.36,-19.0,0.014
2020-08-18T03:19:06.000,38.66,21.49,11.4,17.74,20.5,163569,-15.55,-20.0,0.014
2020-08-18T03:20:06.000,38.65,21.57,11.26,17.75,20.5,163570,-15.74,-20.0,0.014
2020-08-18T03:21:07.000,38.62,21.35,11.09,17.77,20.5,163571,-15.93,-20.0,0.014
2020-08-18T03:23:07.000,38.55,21.48,10.93,17.78,20.5,163573,-16.3,-20.0,0.014
2020-08-18T03:24:08.000,38.51,21.43,10.96,17.78,20.5,163574,-16.49,-20.0,0.014
2020-08-18T03:25:08.000,38.48,21.44,10.85,17.79,20.5,163575,-16.68,-21.0,0.014
2020-08-18T03:26:09.000,38.44,21.13,10.49,17.83,20.5,163576,-16.87,-21.0,0.014
2020-08-18T03:29:11.000,38.34,20.93,10.03,17.88,20.5,163579,-17.44,-21.0,0.014
2020-08-18T03:30:11.000,38.33,20.77,12.11,17.72,20.5,163580,-17.62,-21.0,0.014
2020-08-18T03:31:11.000,38.34,20.53,8.37,18.07,20.5,163581,-17.81,-21.0,0.014
2020-08-18T03:32:12.000,38.34,20.39,7.66,18.17,20.5,163582,-18.0,-22.0,0.014
2020-08-18T03:35:13.000,38.17,19.69,5.9,18.45,20.5,163585,-18.56,-22.0,0.014
2020-08-18T03:36:13.000,38.16,19.75,5.89,18.45,20.5,163586,-18.74,-22.0,0.014
2020-08-18T03:37:13.000,38.12,19.55,6.18,18.4,20.5,163587,-18.92,-22.0,0.014
2020-08-18T03:38:13.000,38.07,19.57,6.56,18.34,20.5,163588,-19.11,-23.0,0.014
2020-08-18T03:39:13.000,38.03,19.61,6.89,18.28,20.5,163589,-19.29,-23.0,0.014
2020-08-18T03:40:13.000,38.02,19.77,7.23,18.23,20.5,163590,-19.47,-23.0,0.014
2020-08-18T03:41:13.000,37.98,19.56,7.46,18.2,20.5,163591,-19.66,-23.0,0.013
2020-08-18T03:42:14.000,37.91,19.57,7.67,18.17,20.5,163592,-19.84,-23.0,0.013
2020-08-18T03:43:14.000,37.87,19.48,7.71,18.16,20.5,163593,-20.02,-23.0,0.013
2020-08-18T03:44:14.000,37.82,19.39,7.93,18.13,20.5,163594,-20.21,-23.0,0.013
2020-08-18T03:45:14.000,37.75,19.32,8.05,18.12,20.5,163595,-20.39,-24.0,0.013
2020-08-18T03:46:15.000,37.79,19.25,8.0,18.12,20.5,163596,-20.57,-24.0,0.013
2020-08-18T03:47:15.000,37.76,18.87,7.63,18.17,20.5,163597,-20.75,-24.0,0.013
2020-08-18T03:48:15.000,37.68,18.57,7.05,18.26,20.5,163598,-20.93,-24.0,0.013
2020-08-18T03:49:15.000,37.66,18.35,6.2,18.4,20.5,163599,-21.11,-24.0,0.013
2020-08-18T03:50:17.000,37.61,18.02,5.28,18.57,20.5,163600,-21.3,-24.0,0.013
2020-08-18T03:51:17.000,37.56,17.76,4.72,18.7,20.5,163601,-21.48,-24.0,0.013
2020-08-18T03:52:17.000,37.55,17.63,4.35,18.78,20.5,163602,-21.66,-25.0,0.013
2020-08-18T03:53:17.000,37.5,17.24,4.03,18.87,20.5,163603,-21.84,-25.0,0.013
2020-08-18T03:54:17.000,37.41,16.91,3.7,18.96,20.5,163604,-22.01,-25.0,0.013
2020-08-18T03:55:18.000,37.35,16.86,3.51,19.02,20.5,163605,-22.19,-25.0,0.013
2020-08-18T03:56:18.000,37.33,16.73,3.41,19.05,20.5,163606,-22.37,-25.0,0.013
2020-08-18T03:57:19.000,37.29,16.6,3.4,19.05,20.5,163607,-22.55,-25.0,0.013
2020-08-18T03:58:19.000,37.25,16.6,3.65,18.99,20.5,163608,-22.73,-25.0,0.013
2020-08-18T04:00:20.000,37.12,16.51,3.37,19.06,20.5,163610,-23.08,-26.0,0.013
2020-08-18T04:01:20.000,37.13,16.47,3.1,19.15,20.5,163611,-23.26,-26.0,0.013
2020-08-18T04:02:20.000,37.07,16.4,5.61,18.63,20.5,163612,-23.44,-26.0,0.013
2020-08-18T04:03:21.000,37.05,16.56,6.1,18.62,20.5,163613,-23.61,-26.0,0.013
2020-08-18T04:04:21.000,37.03,16.64,3.12,19.15,20.5,163614,-23.79,-26.0,0.013
2020-08-18T04:06:22.000,36.94,17.02,3.49,19.02,20.5,163616,-24.14,-26.0,0.013
2020-08-18T04:09:23.000,36.83,17.83,4.22,18.82,20.5,163619,-24.66,-27.0,0.013
2020-08-18T04:10:24.000,36.78,17.72,4.35,18.78,20.5,163620,-24.84,-27.0,0.013
2020-08-18T04:11:24.000,36.8,18.21,4.37,18.78,20.5,163621,-25.01,-27.0,0.013
2020-08-18T04:12:24.000,36.82,18.13,4.29,18.8,20.5,163622,-25.18,-27.0,0.013
2020-08-18T04:13:24.000,36.83,18.34,4.77,18.68,20.5,163623,-25.35,-27.0,0.013
2020-08-18T04:14:25.000,36.84,18.34,6.01,18.44,20.5,163624,-25.52,-28.0,0.013
2020-08-18T04:15:25.000,36.82,18.3,6.78,18.3,20.5,163625,-25.69,-28.0,0.013
2020-08-18T04:16:25.000,36.78,18.04,5.7,18.49,20.5,163626,-25.86,-28.0,0.013
2020-08-18T04:17:26.000,36.75,18.02,4.21,18.82,20.5,163627,-26.03,-28.0,0.013
2020-08-18T04:18:26.000,36.77,17.96,3.7,18.96,20.5,163628,-26.2,-28.0,0.013
2020-08-18T04:19:27.000,36.76,17.8,3.76,18.94,20.5,163629,-26.37,-28.0,0.013
2020-08-18T04:20:27.000,36.75,17.52,3.8,18.93,20.5,163630,-26.54,-28.0,0.013
2020-08-18T04:21:28.000,36.68,17.43,3.76,18.94,20.5,163631,-26.71,-28.0,0.013
2020-08-18T04:22:28.000,36.67,17.33,4.01,18.87,20.5,163632,-26.88,-29.0,0.013
2020-08-18T04:23:29.000,36.65,17.27,4.44,18.76,20.5,163633,-27.05,-29.0,0.013
2020-08-18T04:25:30.000,36.62,16.87,4.0,18.87,20.5,163635,-27.38,-29.0,0.013
2020-08-18T04:26:31.000,36.61,16.75,3.74,18.95,20.5,163636,-27.55,-29.0,0.013
2020-08-18T04:27:31.000,36.6,16.69,3.68,18.97,20.5,163637,-27.71,-29.0,0.013
2020-08-18T04:28:31.000,36.59,16.52,3.67,18.97,20.5,163638,-27.88,-29.0,0.013
2020-08-18T04:29:32.000,36.52,16.2,3.72,18.95,20.5,163639,-28.04,-29.0,0.013
2020-08-18T04:30:32.000,36.47,16.17,3.59,18.99,20.5,163640,-28.21,-30.0,0.013
2020-08-18T04:31:32.000,36.45,15.97,3.85,18.92,20.5,163641,-28.37,-30.0,0.013
2020-08-18T04:32:33.000,36.4,15.79,4.68,18.7,20.5,163642,-28.54,-30.0,0.013
2020-08-18T04:34:34.000,36.31,15.57,3.54,19.01,20.5,163644,-28.86,-30.0,0.013
2020-08-18T04:35:35.000,36.29,15.5,2.96,19.2,20.5,163645,-29.02,-30.0,0.013
2020-08-18T04:36:35.000,36.26,15.17,2.74,19.28,20.5,163646,-29.18,-30.0,0.013
2020-08-18T04:37:35.000,36.19,14.87,2.64,19.33,20.5,163647,-29.34,-30.0,0.013
2020-08-18T04:38:36.000,36.17,14.81,2.52,19.38,20.5,163648,-29.51,-30.0,0.013
2020-08-18T04:39:36.000,36.16,14.68,2.37,19.44,20.5,163649,-29.66,-31.0,0.012
2020-08-18T04:40:36.000,36.11,14.44,2.31,19.47,20.5,163650,-29.82,-31.0,0.012
2020-08-18T04:41:37.000,36.07,14.53,2.23,19.51,20.5,163651,-29.98,-31.0,0.012
2020-08-18T04:42:37.000,36.05,14.6,2.21,19.52,20.5,163652,-30.14,-31.0,0.012
2020-08-18T04:43:37.000,36.0,14.52,2.19,19.53,20.5,163653,-30.3,-31.0,0.012
2020-08-18T04:44:37.000,36.06,14.89,2.17,19.54,20.5,163654,-30.45,-31.0,0.012
2020-08-18T04:46:38.000,36.06,14.83,2.12,19.56,20.5,163656,-30.77,-31.0,0.012
2020-08-18T04:47:38.000,36.04,14.72,2.11,19.57,20.5,163657,-30.92,-31.0,0.012
2020-08-18T04:48:39.000,36.04,14.86,2.09,19.58,20.5,163658,-31.08,-32.0,0.012
2020-08-18T04:49:39.000,36.04,14.78,2.06,19.6,20.5,163659,-31.23,-32.0,0.012
2020-08-18T04:50:39.000,36.07,14.82,2.03,19.61,20.5,163660,-31.38,-32.0,0.012
2020-08-18T04:51:40.000,36.08,14.8,1.97,19.64,20.5,163661,-31.54,-32.0,0.012
2020-08-18T04:52:40.000,36.0,14.68,1.92,19.67,20.5,163662,-31.69,-32.0,0.012
2020-08-18T04:54:41.000,36.0,14.51,1.88,19.69,20.5,163664,-31.99,-32.0,0.012
2020-08-18T04:55:41.000,36.0,14.74,1.85,19.71,20.5,163665,-32.14,-32.0,0.012
2020-08-18T04:56:41.000,36.02,14.75,1.82,19.73,20.5,163666,-32.29,-32.0,0.012
2020-08-18T04:57:41.000,36.01,14.64,1.8,19.74,20.5,163667,-32.44,-33.0,0.012
2020-08-18T04:58:41.000,36.0,14.64,1.79,19.75,20.5,163668,-32.59,-33.0,0.012
2020-08-18T04:59:42.000,36.0,14.68,1.78,19.75,20.5,163669,-32.74,-33.0,0.012
2020-08-18T05:00:42.000,36.0,14.62,1.77,19.76,20.5,163670,-32.88,-33.0,0.012
2020-08-18T05:01:42.000,36.0,14.85,1.78,19.76,20.5,163671,-33.03,-33.0,0.012
2020-08-18T05:02:42.000,36.06,15.11,1.8,19.74,20.5,163672,-33.17,-33.0,0.012
2020-08-18T05:03:42.000,36.07,15.27,1.87,19.7,20.5,163673,-33.32,-33.0,0.012
2020-08-18T05:04:42.000,36.07,15.56,1.99,19.63,20.5,163674,-33.46,-33.0,0.012
2020-08-18T05:05:43.000,36.07,15.78,2.38,19.44,20.5,163675,-33.61,-33.0,0.012
2020-08-18T05:06:42.000,36.06,15.98,2.81,19.26,20.5,163676,-33.75,-33.0,0.012
2020-08-18T05:07:43.000,36.05,16.01,2.7,19.3,20.5,163677,-33.89,-34.0,0.012
2020-08-18T05:08:43.000,36.09,16.14,2.64,19.32,20.5,163678,-34.04,-34.0,0.012
2020-08-18T05:09:43.000,36.11,16.14,2.98,19.2,20.5,163679,-34.18,-34.0,0.012
2020-08-18T05:10:43.000,36.12,16.09,3.25,19.1,20.5,163680,-34.32,-34.0,0.012
2020-08-18T05:11:43.000,36.12,16.0,2.74,19.29,20.5,163681,-34.46,-34.0,0.012
2020-08-18T05:12:44.000,36.1,15.68,2.47,19.4,20.5,163682,-34.6,-34.0,0.012
2020-08-18T05:13:44.000,36.04,15.5,2.33,19.46,20.5,163683,-34.74,-34.0,0.012
2020-08-18T05:14:44.000,36.02,15.44,2.17,19.54,20.5,163684,-34.87,-34.0,0.012
2020-08-18T05:15:44.000,36.06,15.29,2.1,19.57,20.5,163685,-35.01,-34.0,0.012
2020-08-18T05:16:44.000,36.04,15.11,2.12,19.56,20.5,163686,-35.15,-34.0,0.012
2020-08-18T05:17:45.000,36.05,15.02,2.11,19.57,20.5,163687,-35.28,-34.0,0.012
2020-08-18T05:18:45.000,36.02,14.83,2.12,19.56,20.5,163688,-35.42,-35.0,0.012
2020-08-18T05:19:45.000,35.99,14.76,2.09,19.58,20.5,163689,-35.55,-35.0,0.012
2020-08-18T05:20:46.000,35.97,14.65,2.05,19.6,20.5,163690,-35.69,-35.0,0.012
2020-08-18T05:21:46.000,35.93,14.6,2.03,19.61,20.5,163691,-35.82,-35.0,0.012
2020-08-18T05:22:46.000,35.9,14.76,2.04,19.61,20.5,163692,-35.95,-35.0,0.012
2020-08-18T05:23:46.000,35.88,14.68,2.03,19.61,20.5,163693,-36.08,-35.0,0.012
2020-08-18T05:24:46.000,35.85,14.64,2.11,19.57,20.5,163694,-36.21,-35.0,0.012
2020-08-18T05:25:46.000,35.81,14.6,2.08,19.59,20.5,163695,-36.34,-35.0,0.012
2020-08-18T05:26:47.000,35.8,14.6,2.0,19.63,20.5,163696,-36.47,-35.0,0.012
2020-08-18T05:27:47.000,35.79,14.58,2.01,19.62,20.5,163697,-36.6,-35.0,0.012
2020-08-18T05:28:47.000,35.77,14.6,2.01,19.62,20.5,163698,-36.73,-35.0,0.012
2020-08-18T05:29:47.000,35.79,14.83,2.03,19.61,20.5,163699,-36.86,-35.0,0.012
2020-08-18T05:30:47.000,35.83,14.76,2.03,19.61,20.5,163700,-36.98,-35.0,0.012
2020-08-18T05:31:47.000,35.83,14.76,2.07,19.59,20.5,163701,-37.11,-36.0,0.012
2020-08-18T05:32:47.000,35.88,14.82,2.12,19.56,20.5,163702,-37.23,-36.0,0.012
2020-08-18T05:33:47.000,35.89,14.75,2.11,19.57,20.5,163703,-37.36,-36.0,0.012
2020-08-18T05:34:47.000,35.84,14.63,2.09,19.58,20.5,163704,-37.48,-36.0,0.012
2020-08-18T05:35:47.000,35.85,14.7,2.09,19.58,20.5,163705,-37.6,-36.0,0.012
2020-08-18T05:36:47.000,35.83,14.55,1.96,19.65,20.5,163706,-37.72,-36.0,0.012
2020-08-18T05:38:48.000,35.84,14.39,1.81,19.74,20.5,163708,-37.96,-36.0,0.012
2020-08-18T05:40:48.000,35.8,14.3,1.79,19.75,20.5,163710,-38.2,-36.0,0.011
2020-08-18T05:42:48.000,35.75,14.15,1.75,19.77,20.5,163712,-38.43,-36.0,0.011
2020-08-18T05:47:48.000,35.55,13.86,1.72,19.79,20.5,163717,-39.0,-37.0,0.011
2020-08-18T05:49:49.000,35.53,13.78,1.68,19.82,20.5,163719,-39.22,-37.0,0.011
2020-08-18T05:50:49.000,35.49,13.71,1.67,19.82,20.5,163720,-39.33,-37.0,0.011
2020-08-18T05:51:49.000,35.45,13.68,1.64,19.84,20.5,163721,-39.44,-37.0,0.011
2020-08-18T05:52:50.000,35.41,13.51,1.63,19.85,20.5,163722,-39.55,-37.0,0.011
2020-08-18T05:53:50.000,35.35,13.55,1.61,19.86,20.5,163723,-39.65,-37.0,0.011
2020-08-18T05:54:50.000,35.34,13.56,1.6,19.87,20.5,163724,-39.76,-37.0,0.011
2020-08-18T05:55:50.000,35.28,13.52,1.6,19.87,20.5,163725,-39.86,-37.0,0.011
2020-08-18T05:56:50.000,35.28,13.57,1.59,19.87,20.5,163726,-39.97,-37.0,0.011
2020-08-18T05:57:51.000,35.25,13.53,1.58,19.89,20.5,163727,-40.07,-37.0,0.011
2020-08-18T05:58:51.000,35.24,13.52,1.55,19.9,20.5,163728,-40.17,-37.0,0.011
2020-08-18T05:59:51.000,35.15,13.37,1.52,19.92,20.5,163729,-40.28,-37.0,0.011
2020-08-18T06:00:51.000,35.17,13.55,1.51,19.93,20.5,163730,-40.38,-37.0,0.011
2020-08-18T06:01:51.000,35.15,13.31,1.49,19.95,20.5,163731,-40.47,-37.0,0.011
2020-08-18T06:02:51.000,35.1,13.3,1.47,19.96,20.5,163732,-40.57,-37.0,0.011
2020-08-18T06:03:52.000,35.1,13.34,1.48,19.96,20.5,163733,-40.67,-37.0,0.011
2020-08-18T06:04:52.000,35.06,13.19,1.48,19.96,20.5,163734,-40.77,-38.0,0.011
2020-08-18T06:05:52.000,35.05,13.25,1.46,19.97,20.5,163735,-40.86,-38.0,0.011
2020-08-18T06:06:52.000,34.99,13.09,1.44,19.98,20.5,163736,-40.96,-38.0,0.011
2020-08-18T06:07:52.000,34.91,13.17,1.44,19.99,20.5,163737,-41.05,-38.0,0.011
2020-08-18T06:08:52.000,34.88,13.11,1.44,19.99,20.5,163738,-41.14,-38.0,0.011
2020-08-18T06:09:52.000,34.88,13.07,1.43,19.99,20.5,163739,-41.23,-38.0,0.011
2020-08-18T06:10:53.000,34.88,13.26,1.42,20.0,20.5,163740,-41.32,-38.0,0.011
2020-08-18T06:11:53.000,34.92,13.23,1.42,20.0,20.5,163741,-41.41,-38.0,0.011
2020-08-18T06:12:53.000,34.91,13.04,1.42,20.0,20.5,163742,-41.5,-38.0,0.011
2020-08-18T06:13:53.000,34.86,12.95,1.42,20.0,20.5,163743,-41.59,-38.0,0.011
2020-08-18T06:14:53.000,34.86,13.02,1.4,20.01,20.5,163744,-41.67,-38.0,0.011
2020-08-18T06:15:53.000,34.86,12.98,1.39,20.02,20.5,163745,-41.76,-38.0,0.011
2020-08-18T06:16:54.000,34.86,12.99,1.39,20.02,20.5,163746,-41.84,-38.0,0.011
2020-08-18T06:17:54.000,34.83,12.88,1.39,20.02,20.5,163747,-41.93,-38.0,0.011
2020-08-18T06:18:54.000,34.8,12.93,1.39,20.03,20.5,163748,-42.01,-38.0,0.011
2020-08-18T06:20:01.000,34.8,13.01,1.38,20.03,20.5,163749,-42.1,-38.0,0.011
2020-08-18T06:23:02.000,34.85,13.04,1.38,20.03,20.5,163752,-42.34,-38.0,0.011
2020-08-18T06:32:02.000,34.9,12.78,1.34,20.06,20.5,163761,-42.98,-38.0,0.011
2020-08-18T06:34:03.000,34.82,12.67,1.32,20.08,20.5,163763,-43.12,-38.0,0.011
2020-08-18T06:35:03.000,34.8,12.64,1.32,20.08,20.5,163764,-43.18,-38.0,0.011
2020-08-18T06:36:03.000,34.74,12.54,1.32,20.07,20.5,163765,-43.24,-38.0,0.011
2020-08-18T06:37:03.000,34.73,12.7,1.32,20.08,20.5,163766,-43.31,-38.0,0.011
2020-08-18T06:38:04.000,34.72,12.74,1.32,20.08,20.5,163767,-43.37,-38.0,0.011
2020-08-18T06:39:04.000,34.72,12.82,1.32,20.08,20.5,163768,-43.43,-38.0,0.011
2020-08-18T06:40:04.000,34.71,12.85,1.32,20.08,20.5,163769,-43.49,-39.0,0.011
2020-08-18T06:41:04.000,34.71,12.82,1.32,20.08,20.5,163770,-43.54,-39.0,0.011
2020-08-18T06:42:05.000,34.67,12.71,1.33,20.07,20.5,163771,-43.6,-39.0,0.011
2020-08-18T06:43:05.000,34.63,12.76,1.33,20.07,20.5,163772,-43.65,-39.0,0.011
2020-08-18T06:44:05.000,34.58,12.64,1.34,20.07,20.5,163773,-43.71,-39.0,0.011
2020-08-18T06:45:05.000,34.54,12.61,1.34,20.06,20.5,163774,-43.76,-39.0,0.01
2020-08-18T06:46:05.000,34.49,12.51,1.34,20.06,20.5,163775,-43.81,-39.0,0.01
2020-08-18T06:47:06.000,34.43,12.4,1.35,20.05,20.5,163776,-43.86,-39.0,0.01
2020-08-18T06:48:06.000,34.36,12.49,1.36,20.05,20.5,163777,-43.91,-39.0,0.01
2020-08-18T06:49:06.000,34.32,12.46,1.37,20.04,20.5,163778,-43.96,-39.0,0.01
2020-08-18T06:50:06.000,34.26,12.53,1.37,20.04,20.5,163779,-44.01,-39.0,0.01
2020-08-18T06:51:06.000,34.22,12.48,1.37,20.04,20.5,163780,-44.05,-39.0,0.01
2020-08-18T06:52:07.000,34.18,12.55,1.37,20.04,20.5,163781,-44.1,-39.0,0.01
2020-08-18T06:53:07.000,34.2,12.67,1.38,20.03,20.5,163782,-44.14,-39.0,0.01
2020-08-18T06:54:07.000,34.2,12.63,1.38,20.03,20.5,163783,-44.18,-39.0,0.01
