Downloads/jupyter/ECSV/stars19/stars19_2022-11.ecsv
# %ECSV 1.0
# ---
# datatype:
# - {name: time, datatype: string}
# - {name: Enclosure Temperature, unit: deg_C, datatype: float64}
# - {name: Sky Temperature, unit: deg_C, datatype: float64}
# - {name: Frequency, unit: Hz, datatype: float64}
# - {name: MSAS, unit: mag / arcsec2, datatype: float64}
# - {name: ZP, datatype: float64}
# - {name: Sequence Number, datatype: int64}
# - {name: Sun Alt, unit: deg, datatype: float64}
# - {name: Moon Alt, unit: deg, datatype: float64}
# - {name: Moon Illumination, datatype: float64}
# delimiter: ','
# meta: !!omap
# - ida:
#     Data supplier: {affiliation: null, observer: null}
#     Device type: TESS-W
#     Field of view: 17.0
#     Filters per channel: None
#     Instrument ID: stars19
#     License: ODbL 1.0 http://opendatacommons.org/licenses/odbl/summary/
#     Local timezone: America/Phoenix
#     Location name: {country: '- Tucson', place: Tucson, region: United States, sub_region: Arizona, town: Pima County}
#     Measurement direction per channel: {azimuth: 0.0, zenital: 0.0}
#     Moving / Fixed look direction: FIXED
#     Moving / Stationary position: STATIONARY
#     Number of channels: 1
#     Number of fields per line: 8
#     Number of header lines: 35
#     Position: {height: 0.0, latitude: 32.223877, longitude: -110.767532}
#     TESS MAC address: 18:FE:34:CF:EC:06
#     TESS cover offset value: 0.0
#     TESS firmware version: '1.0'
#     TESS zero point: 20.5
#     Time Synchronization: timestamp added by MQTT subscriber
#     URL: http://www.darksky.org/NSBM/sdf1.0.pdf
# - __serialized_columns__:
#     Enclosure Temperature:
#       __class__: astropy.units.quantity.Quantity
#       unit: &id001 !astropy.units.Unit {unit: deg_C}
#       value: !astropy.table.SerializedColumn {name: Enclosure Temperature}
#     Frequency:
#       __class__: astropy.units.quantity.Quantity
#       unit: !astropy.units.Unit {unit: Hz}
#       value: !astropy.table.SerializedColumn {name: Frequency}
#     MSAS:
#       __class__: astropy.units.quantity.Quantity
#       unit: !astropy.units.Unit {unit: mag / arcsec2}
#       value: !astropy.table.SerializedColumn {name: MSAS}
#     Moon Alt:
#       __class__: astropy.units.quantity.Quantity
#       unit: &id002 !astropy.units.Unit {unit: deg}
#       value: !astropy.table.SerializedColumn {name: Moon Alt}
#     Sky Temperature:
#       __class__: astropy.units.quantity.Quantity
#       unit: *id001
#       value: !astropy.table.SerializedColumn {name: Sky Temperature}
#     Sun Alt:
#       __class__: astropy.units.quantity.Quantity
#       unit: *id002
#       value: !astropy.table.SerializedColumn {name: Sun Alt}
#     time:
#       __class__: astropy.time.core.Time
#       format: isot
#       in_subfmt: '*'
#       out_subfmt: '*'
#       precision: 3
#       scale: utc
#       value: !astropy.table.SerializedColumn {name: time}
# schema: astropy-2.0
time,Enclosure Temperature,Sky Temperature,Frequency,MSAS,ZP,Sequence Number,Sun Alt,Moon Alt,Moon Illumination
[from data line 13469]
2022-11-26T10:57:12.000,9.93,-14.99,1.05,20.32,20.5,30335,-38.64,-73.0,0.088
2022-11-26T10:58:12.000,10.47,-14.44,1.05,20.32,20.5,30336,-38.42,-73.0,0.088
2022-11-26T10:59:13.000,10.88,-14.91,1.05,20.33,20.5,30337,-38.21,-72.0,0.088
2022-11-26T11:00:13.000,10.77,-15.44,1.05,20.33,20.5,30338,-38.0,-72.0,0.088
2022-11-26T11:02:19.000,9.93,-15.9,1.05,20.33,20.5,30340,-37.56,-72.0,0.089
2022-11-26T11:03:19.000,10.26,-14.86,1.05,20.33,20.5,30341,-37.34,-72.0,0.089
2022-11-26T11:04:19.000,10.84,-14.88,1.05,20.33,20.5,30342,-37.13,-71.0,0.089
2022-11-26T11:05:19.000,10.85,-15.52,1.05,20.33,20.5,30343,-36.92,-71.0,0.089
2022-11-26T11:06:19.000,10.43,-16.08,1.05,20.33,20.5,30344,-36.71,-71.0,0.089
2022-11-26T11:07:19.000,9.89,-16.16,1.05,20.33,20.5,30345,-36.5,-71.0,0.089
2022-11-26T11:08:19.000,10.13,-14.89,1.05,20.33,20.5,30346,-36.29,-71.0,0.089
2022-11-26T11:09:19.000,10.84,-15.15,1.05,20.33,20.5,30347,-36.08,-70.0,0.089
2022-11-26T11:10:19.000,10.8,-16.0,1.05,20.33,20.5,30348,-35.87,-70.0,0.089
2022-11-26T11:11:19.000,10.32,-16.35,1.05,20.33,20.5,30349,-35.66,-70.0,0.089
2022-11-26T11:12:20.000,9.87,-16.1,1.05,20.33,20.5,30350,-35.44,-70.0,0.089
2022-11-26T11:13:20.000,10.26,-14.88,1.05,20.33,20.5,30351,-35.23,-70.0,0.089
2022-11-26T11:14:20.000,10.88,-15.23,1.05,20.33,20.5,30352,-35.02,-69.0,0.089
2022-11-26T11:15:20.000,10.82,-15.84,1.05,20.33,20.5,30353,-34.81,-69.0,0.089
2022-11-26T11:16:20.000,10.24,-16.6,1.05,20.33,20.5,30354,-34.6,-69.0,0.089
2022-11-26T11:18:26.000,10.59,-14.47,1.04,20.33,20.5,30356,-34.16,-69.0,0.089
2022-11-26T11:19:26.000,10.91,-15.37,1.05,20.33,20.5,30357,-33.95,-68.0,0.089
2022-11-26T11:20:27.000,10.66,-15.72,1.05,20.33,20.5,30358,-33.73,-68.0,0.089
2022-11-26T11:21:27.000,10.15,-16.11,1.05,20.33,20.5,30359,-33.52,-68.0,0.089
2022-11-26T11:29:33.000,10.59,-14.67,1.05,20.33,20.5,30367,-31.82,-66.0,0.09
2022-11-26T11:30:34.000,11.24,-14.95,1.05,20.33,20.5,30368,-31.6,-66.0,0.09
2022-11-26T11:31:34.000,11.16,-15.6,1.05,20.33,20.5,30369,-31.39,-66.0,0.09
2022-11-26T11:32:34.000,10.8,-15.71,1.05,20.33,20.5,30370,-31.18,-66.0,0.09
2022-11-26T11:33:34.000,10.38,-15.78,1.05,20.33,20.5,30371,-30.97,-66.0,0.09
2022-11-26T11:34:35.000,10.05,-15.4,1.05,20.33,20.5,30372,-30.76,-65.0,0.09
2022-11-26T11:35:35.000,10.02,-14.9,1.07,20.3,20.5,30373,-30.55,-65.0,0.09
2022-11-26T11:37:40.000,10.82,-15.39,1.15,20.24,20.5,30375,-30.11,-65.0,0.09
2022-11-26T11:38:41.000,10.6,-15.55,1.07,20.31,20.5,30376,-29.9,-65.0,0.09
2022-11-26T11:39:41.000,10.19,-15.84,1.07,20.31,20.5,30377,-29.69,-64.0,0.09
2022-11-26T11:40:41.000,9.89,-15.63,1.06,20.32,20.5,30378,-29.48,-64.0,0.09
2022-11-26T11:41:42.000,10.52,-14.99,1.05,20.33,20.5,30379,-29.27,-64.0,0.09
2022-11-26T11:42:42.000,10.87,-15.65,1.05,20.33,20.5,30380,-29.06,-64.0,0.091
2022-11-26T11:43:42.000,10.71,-15.91,1.05,20.33,20.5,30381,-28.85,-64.0,0.091
2022-11-26T11:44:42.000,10.33,-15.96,1.05,20.33,20.5,30382,-28.64,-63.0,0.091
2022-11-26T11:45:43.000,9.93,-16.08,1.05,20.33,20.5,30383,-28.43,-63.0,0.091
2022-11-26T11:48:44.000,10.91,-15.67,1.05,20.33,20.5,30386,-27.8,-63.0,0.091
2022-11-26T11:50:44.000,10.25,-15.92,1.05,20.32,20.5,30388,-27.38,-62.0,0.091
2022-11-26T11:51:44.000,9.93,-15.84,1.05,20.32,20.5,30389,-27.17,-62.0,0.091
2022-11-26T11:52:44.000,10.3,-14.98,1.05,20.32,20.5,30390,-26.96,-62.0,0.091
2022-11-26T11:53:44.000,10.82,-15.58,1.05,20.32,20.5,30391,-26.75,-62.0,0.091
2022-11-26T11:54:44.000,10.77,-15.77,1.05,20.32,20.5,30392,-26.54,-61.0,0.091
2022-11-26T11:55:44.000,10.5,-15.95,1.05,20.33,20.5,30393,-26.33,-61.0,0.091
2022-11-26T11:56:44.000,10.11,-16.19,1.05,20.33,20.5,30394,-26.12,-61.0,0.091
2022-11-26T11:57:44.000,9.86,-15.96,1.05,20.33,20.5,30395,-25.92,-61.0,0.091
2022-11-26T11:58:44.000,10.46,-15.84,1.05,20.32,20.5,30396,-25.71,-61.0,0.091
2022-11-26T11:59:44.000,10.76,-16.13,1.05,20.32,20.5,30397,-25.5,-60.0,0.091
2022-11-26T12:00:45.000,10.58,-16.24,1.05,20.32,20.5,30398,-25.29,-60.0,0.091
2022-11-26T12:01:45.000,10.18,-16.61,1.06,20.32,20.5,30399,-25.08,-60.0,0.091
2022-11-26T12:02:45.000,9.9,-16.01,1.06,20.32,20.5,30400,-24.87,-60.0,0.091
2022-11-26T12:03:45.000,10.51,-15.49,1.06,20.32,20.5,30401,-24.66,-60.0,0.092
2022-11-26T12:04:45.000,10.81,-15.99,1.06,20.32,20.5,30402,-24.45,-59.0,0.092
2022-11-26T12:05:45.000,10.67,-16.24,1.06,20.32,20.5,30403,-24.25,-59.0,0.092
2022-11-26T12:07:50.000,9.94,-16.12,1.06,20.32,20.5,30405,-23.81,-59.0,0.092
2022-11-26T12:08:50.000,10.47,-15.18,1.06,20.32,20.5,30406,-23.61,-59.0,0.092
2022-11-26T12:09:50.000,10.89,-15.89,1.06,20.32,20.5,30407,-23.4,-58.0,0.092
2022-11-26T12:10:50.000,10.72,-16.25,1.06,20.32,20.5,30408,-23.19,-58.0,0.092
2022-11-26T12:11:50.000,10.31,-16.62,1.06,20.32,20.5,30409,-22.98,-58.0,0.092
2022-11-26T12:12:50.000,9.86,-16.51,1.06,20.32,20.5,30410,-22.78,-58.0,0.092
2022-11-26T12:13:50.000,10.32,-15.34,1.06,20.32,20.5,30411,-22.57,-58.0,0.092
2022-11-26T12:14:51.000,10.93,-15.8,1.06,20.32,20.5,30412,-22.36,-57.0,0.092
2022-11-26T12:15:51.000,10.81,-16.62,1.06,20.32,20.5,30413,-22.15,-57.0,0.092
2022-11-26T12:17:54.000,9.84,-16.62,1.05,20.32,20.5,30415,-21.73,-57.0,0.092
2022-11-26T12:18:54.000,10.19,-15.66,1.06,20.32,20.5,30416,-21.52,-57.0,0.092
2022-11-26T12:19:54.000,10.71,-16.2,1.05,20.32,20.5,30417,-21.31,-56.0,0.092
2022-11-26T12:20:54.000,10.49,-17.01,1.05,20.32,20.5,30418,-21.11,-56.0,0.092
2022-11-26T12:21:55.000,9.98,-16.98,1.05,20.33,20.5,30419,-20.9,-56.0,0.092
2022-11-26T12:22:55.000,10.1,-15.61,1.05,20.33,20.5,30420,-20.69,-56.0,0.092
2022-11-26T12:23:55.000,10.83,-15.66,1.05,20.33,20.5,30421,-20.48,-56.0,0.092
2022-11-26T12:24:55.000,10.7,-16.82,1.05,20.33,20.5,30422,-20.28,-55.0,0.093
2022-11-26T12:25:56.000,10.19,-16.88,1.05,20.33,20.5,30423,-20.07,-55.0,0.093
2022-11-26T12:26:56.000,9.89,-16.16,1.13,20.25,20.5,30424,-19.86,-55.0,0.093
2022-11-26T12:27:56.000,10.41,-15.55,1.16,20.21,20.5,30425,-19.66,-55.0,0.093
2022-11-26T12:28:56.000,10.72,-16.48,1.16,20.22,20.5,30426,-19.45,-55.0,0.093
2022-11-26T12:31:02.000,9.75,-17.09,1.04,20.33,20.5,30428,-19.02,-54.0,0.093
2022-11-26T12:32:02.000,10.06,-16.0,1.04,20.34,20.5,30429,-18.81,-54.0,0.093
2022-11-26T12:33:02.000,10.79,-16.48,1.04,20.34,20.5,30430,-18.61,-54.0,0.093
2022-11-26T12:34:02.000,10.71,-17.0,1.04,20.34,20.5,30431,-18.4,-54.0,0.093
2022-11-26T12:35:02.000,10.18,-17.28,1.04,20.34,20.5,30432,-18.2,-53.0,0.093
2022-11-26T12:36:02.000,9.71,-17.28,1.04,20.34,20.5,30433,-17.99,-53.0,0.093
2022-11-26T12:37:03.000,10.16,-16.08,1.04,20.34,20.5,30434,-17.78,-53.0,0.093
2022-11-26T12:42:14.000,9.95,-15.71,1.04,20.33,20.5,30439,-16.72,-52.0,0.093
2022-11-26T12:43:14.000,10.64,-15.79,1.05,20.33,20.5,30440,-16.52,-52.0,0.093
2022-11-26T12:44:14.000,10.58,-17.2,1.05,20.33,20.5,30441,-16.31,-52.0,0.093
2022-11-26T12:50:15.000,9.84,-16.9,1.08,20.3,20.5,30447,-15.08,-50.0,0.094
2022-11-26T12:52:22.000,10.37,-18.39,1.1,20.27,20.5,30449,-14.65,-50.0,0.094
2022-11-26T12:53:25.000,9.8,-17.88,1.12,20.26,20.5,30450,-14.44,-50.0,0.094
2022-11-26T12:54:25.000,10.01,-16.84,1.14,20.23,20.5,30451,-14.24,-50.0,0.094
2022-11-26T12:55:25.000,10.72,-17.19,1.17,20.21,20.5,30452,-14.03,-49.0,0.094
2022-11-26T12:56:25.000,10.41,-18.52,1.2,20.18,20.5,30453,-13.83,-49.0,0.094
2022-11-26T12:57:25.000,9.7,-18.42,1.23,20.15,20.5,30454,-13.63,-49.0,0.094
2022-11-26T12:58:25.000,9.87,-17.28,1.28,20.11,20.5,30455,-13.43,-49.0,0.094
2022-11-26T12:59:25.000,10.51,-17.81,1.33,20.07,20.5,30456,-13.22,-49.0,0.094
2022-11-26T13:00:25.000,10.38,-18.07,1.39,20.02,20.5,30457,-13.02,-48.0,0.094
2022-11-26T13:07:35.000,10.49,-17.4,2.51,19.38,20.5,30464,-11.57,-47.0,0.095
2022-11-26T13:08:35.000,10.51,-17.85,2.83,19.25,20.5,30465,-11.37,-47.0,0.095
2022-11-26T13:11:42.000,10.75,-16.06,4.53,18.74,20.5,30468,-10.75,-46.0,0.095
2022-11-26T13:12:42.000,10.66,-16.87,5.37,18.56,20.5,30469,-10.54,-46.0,0.095
2022-11-26T13:13:42.000,10.17,-17.16,6.41,18.36,20.5,30470,-10.34,-46.0,0.095
2022-11-26T13:14:42.000,9.85,-16.54,7.73,18.16,20.5,30471,-10.14,-46.0,0.095
2022-11-26T13:15:43.000,10.49,-15.73,9.27,17.96,20.5,30472,-9.94,-45.0,0.095
2022-11-26T13:17:43.000,10.47,-17.1,13.52,17.55,20.5,30474,-9.54,-45.0,0.095
2022-11-26T13:18:43.000,9.92,-17.31,16.38,17.35,20.5,30475,-9.34,-45.0,0.095
2022-11-26T13:19:44.000,10.0,-15.95,19.52,17.16,20.5,30476,-9.14,-45.0,0.095
2022-11-26T13:20:44.000,10.81,-15.84,23.5,16.95,20.5,30477,-8.94,-44.0,0.095
2022-11-26T13:21:44.000,10.81,-16.69,28.23,16.75,20.5,30478,-8.74,-44.0,0.095
2022-11-26T13:22:45.000,10.31,-17.29,33.95,16.55,20.5,30479,-8.53,-44.0,0.095
2022-11-26T13:23:45.000,9.7,-17.38,40.94,16.35,20.5,30480,-8.34,-44.0,0.095
2022-11-26T13:24:45.000,9.95,-16.32,48.07,16.18,20.5,30481,-8.14,-44.0,0.095
2022-11-26T13:25:45.000,10.78,-16.7,59.91,15.94,20.5,30482,-7.94,-43.0,0.095
2022-11-26T13:26:45.000,10.74,-16.94,73.27,15.72,20.5,30483,-7.74,-43.0,0.096
2022-11-26T13:27:45.000,10.3,-17.19,90.22,15.49,20.5,30484,-7.54,-43.0,0.096
2022-11-26T13:28:45.000,9.78,-17.36,111.75,15.26,20.5,30485,-7.34,-43.0,0.096
2022-11-26T13:29:45.000,10.04,-16.0,139.12,15.02,20.5,30486,-7.14,-43.0,0.096
2022-11-26T13:30:47.000,10.83,-16.4,173.71,14.78,20.5,30487,-6.94,-42.0,0.096
2022-11-26T13:31:47.000,10.82,-17.04,218.79,14.53,20.5,30488,-6.74,-42.0,0.096
2022-11-26T13:32:47.000,10.26,-17.5,276.43,14.28,20.5,30489,-6.54,-42.0,0.096
2022-11-26T13:33:47.000,9.88,-16.55,350.44,14.02,20.5,30490,-6.35,-42.0,0.096
2022-11-26T13:34:48.000,10.13,-16.37,444.04,13.76,20.5,30491,-6.14,-42.0,0.096
2022-11-26T13:35:48.000,10.08,-16.63,565.64,13.5,20.5,30492,-5.95,-41.0,0.096
2022-11-26T13:37:48.000,9.34,-16.55,929.58,12.96,20.5,30494,-5.55,-41.0,0.096
2022-11-26T13:41:49.000,8.0,-16.58,2599.39,11.85,20.5,30498,-4.76,-40.0,0.096
2022-11-26T13:42:49.000,7.66,-16.74,3352.88,11.57,20.5,30499,-4.57,-40.0,0.096
2022-11-26T13:43:50.000,7.37,-16.75,4296.31,11.3,20.5,30500,-4.37,-40.0,0.096
2022-11-26T13:44:50.000,7.12,-16.47,5455.87,11.04,20.5,30501,-4.17,-40.0,0.096
2022-11-26T13:48:51.000,6.54,-16.74,12976.27,10.1,20.5,30505,-3.39,-39.0,0.097
2022-11-26T13:49:51.000,6.4,-16.35,15773.44,9.89,20.5,30506,-3.19,-39.0,0.097
2022-11-26T13:50:52.000,6.36,-16.25,19001.44,9.68,20.5,30507,-3.0,-38.0,0.097
2022-11-26T13:52:58.000,6.21,-16.17,27296.75,9.29,20.5,30509,-2.59,-38.0,0.097
2022-11-26T13:53:58.000,6.14,-16.23,32090.76,9.12,20.5,30510,-2.39,-38.0,0.097
2022-11-26T13:54:58.000,6.05,-16.26,37403.6,8.95,20.5,30511,-2.2,-38.0,0.097
2022-11-26T13:55:58.000,5.97,-16.29,43304.69,8.79,20.5,30512,-2.01,-37.0,0.097
2022-11-26T13:57:59.000,5.9,-16.08,56650.99,8.5,20.5,30514,-1.62,-37.0,0.097
2022-11-26T13:58:59.000,5.89,-16.1,37866.11,5.07,20.5,30515,-1.42,-37.0,0.097
2022-11-26T13:59:59.000,5.87,-16.08,0.0,0.0,20.5,30516,-1.23,-37.0,0.097
2022-11-26T14:00:59.000,5.82,-16.12,0.0,0.0,20.5,30517,-1.04,-36.0,0.097
2022-11-26T14:02:00.000,5.81,-16.05,0.0,0.0,20.5,30518,-0.84,-36.0,0.097
2022-11-26T14:08:03.000,5.63,-16.1,0.0,0.0,20.5,30524,0.32,-35.0,0.098
2022-11-26T14:09:03.000,5.6,-16.15,0.0,0.0,20.5,30525,0.51,-35.0,0.098
2022-11-26T14:10:03.000,5.56,-16.16,0.0,0.0,20.5,30526,0.7,-35.0,0.098
2022-11-26T14:12:03.000,5.59,-16.04,0.0,0.0,20.5,30528,1.08,-34.0,0.098
2022-11-26T14:13:07.000,5.63,-16.0,0.0,0.0,20.5,30529,1.28,-34.0,0.098
2022-11-26T14:14:06.000,5.66,-16.01,0.0,0.0,20.5,30530,1.47,-34.0,0.098
2022-11-26T14:15:06.000,5.7,-15.87,0.0,0.0,20.5,30531,1.66,-34.0,0.098
2022-11-26T14:18:13.000,5.73,-16.29,0.0,0.0,20.5,30534,2.25,-33.0,0.098
2022-11-26T14:19:13.000,5.61,-16.43,0.0,0.0,20.5,30535,2.44,-33.0,0.098
2022-11-26T14:20:13.000,5.6,-16.11,0.0,0.0,20.5,30536,2.63,-33.0,0.098
2022-11-26T14:21:13.000,5.62,-16.08,0.0,0.0,20.5,30537,2.81,-32.0,0.098
2022-11-26T14:23:20.000,5.68,-15.9,0.0,0.0,20.5,30539,3.21,-32.0,0.098
2022-11-26T14:24:20.000,5.69,-15.92,0.0,0.0,20.5,30540,3.4,-32.0,0.098
2022-11-26T14:25:20.000,5.7,-15.94,0.0,0.0,20.5,30541,3.59,-32.0,0.098
2022-11-26T14:26:21.000,5.7,-16.11,0.0,0.0,20.5,30542,3.78,-31.0,0.098
2022-11-26T14:27:21.000,5.7,-16.1,0.0,0.0,20.5,30543,3.96,-31.0,0.099
2022-11-26T14:28:21.000,5.7,-16.14,0.0,0.0,20.5,30544,4.15,-31.0,0.099
2022-11-26T14:29:21.000,5.7,-16.11,0.26,0.09,20.5,30545,4.34,-31.0,0.099
2022-11-26T14:30:22.000,5.67,-16.36,0.0,0.0,20.5,30546,4.53,-31.0,0.099
2022-11-26T14:31:22.000,5.61,-16.25,0.0,0.0,20.5,30547,4.71,-31.0,0.099
2022-11-26T14:35:22.000,5.55,-16.18,0.0,0.0,20.5,30551,5.45,-30.0,0.099
2022-11-26T14:36:22.000,5.56,-16.12,0.1,0.09,20.5,30552,5.64,-30.0,0.099
2022-11-26T14:37:22.000,5.6,-16.18,0.0,0.0,20.5,30553,5.82,-29.0,0.099
2022-11-26T14:38:23.000,5.6,-16.14,0.0,0.0,20.5,30554,6.01,-29.0,0.099
2022-11-26T14:39:24.000,5.64,-15.95,0.0,0.0,20.5,30555,6.2,-29.0,0.099
2022-11-26T14:40:24.000,5.69,-15.93,0.0,0.0,20.5,30556,6.38,-29.0,0.099
2022-11-26T14:41:25.000,5.71,-15.95,0.0,0.0,20.5,30557,6.57,-29.0,0.099
2022-11-26T14:42:25.000,5.75,-15.97,0.16,0.09,20.5,30558,6.75,-28.0,0.099
2022-11-26T14:43:25.000,5.77,-15.97,0.33,0.18,20.5,30559,6.93,-28.0,0.099
2022-11-26T14:44:25.000,5.76,-16.08,0.0,0.0,20.5,30560,7.11,-28.0,0.099
2022-11-26T14:45:26.000,5.73,-16.03,0.0,0.0,20.5,30561,7.3,-28.0,0.099
2022-11-26T14:46:26.000,5.75,-15.92,0.0,0.0,20.5,30562,7.48,-28.0,0.099
2022-11-26T14:48:26.000,5.76,-15.82,0.0,0.0,20.5,30564,7.84,-27.0,0.1
2022-11-26T14:49:27.000,5.78,-15.76,0.0,0.0,20.5,30565,8.03,-27.0,0.1
2022-11-26T14:50:27.000,5.82,-15.72,0.0,0.0,20.5,30566,8.21,-27.0,0.1
2022-11-26T14:52:33.000,5.88,-15.58,0.0,0.0,20.5,30568,8.59,-26.0,0.1
2022-11-26T14:53:34.000,5.96,-15.48,0.0,0.0,20.5,30569,8.77,-26.0,0.1
2022-11-26T14:54:34.000,6.01,-15.47,0.0,0.0,20.5,30570,8.95,-26.0,0.1
2022-11-26T15:01:36.000,6.51,-15.07,0.0,0.0,20.5,30577,10.21,-25.0,0.1
2022-11-26T15:02:36.000,6.63,-14.99,0.0,0.0,20.5,30578,10.38,-25.0,0.1
2022-11-26T15:03:36.000,6.74,-14.9,0.0,0.0,20.5,30579,10.56,-24.0,0.1
2022-11-26T15:05:42.000,6.94,-14.75,0.0,0.0,20.5,30581,10.93,-24.0,0.1
2022-11-26T15:07:48.000,7.1,-14.65,0.0,0.0,20.5,30583,11.3,-24.0,0.101
2022-11-26T15:08:48.000,7.2,-14.49,0.0,0.0,20.5,30584,11.47,-23.0,0.101
2022-11-26T15:09:48.000,7.28,-14.5,0.0,0.0,20.5,30585,11.65,-23.0,0.101
2022-11-26T15:14:50.000,7.53,-14.47,0.0,0.0,20.5,30590,12.52,-22.0,0.101
2022-11-26T15:15:51.000,7.61,-14.36,0.0,0.0,20.5,30591,12.7,-22.0,0.101
2022-11-26T15:16:51.000,7.72,-14.26,0.0,0.0,20.5,30592,12.87,-22.0,0.101
2022-11-26T15:25:57.000,8.34,-14.41,0.0,0.0,20.5,30601,14.43,-20.0,0.101
2022-11-26T15:31:04.000,8.25,-14.61,0.0,0.0,20.5,30606,15.29,-19.0,0.102
2022-11-26T15:32:04.000,8.15,-14.71,0.0,0.0,20.5,30607,15.45,-19.0,0.102
2022-11-26T15:33:04.000,8.05,-14.83,0.0,0.0,20.5,30608,15.62,-19.0,0.102
2022-11-26T15:35:04.000,7.95,-14.45,0.0,0.0,20.5,30610,15.95,-18.0,0.102
2022-11-26T15:36:05.000,7.93,-14.48,0.0,0.0,20.5,30611,16.12,-18.0,0.102
2022-11-26T15:37:05.000,7.94,-14.47,0.0,0.0,20.5,30612,16.29,-18.0,0.102
2022-11-26T15:39:11.000,7.75,-14.64,0.0,0.0,20.5,30614,16.63,-18.0,0.102
2022-11-26T15:40:12.000,7.69,-14.48,0.0,0.0,20.5,30615,16.8,-17.0,0.102
2022-11-26T15:42:17.000,7.7,-14.15,0.0,0.0,20.5,30617,17.14,-17.0,0.102
2022-11-26T15:43:18.000,7.72,-14.14,0.0,0.0,20.5,30618,17.3,-17.0,0.102
2022-11-26T15:44:18.000,7.75,-13.97,0.0,0.0,20.5,30619,17.46,-17.0,0.102
2022-11-26T15:48:19.000,7.92,-13.8,0.0,0.0,20.5,30623,18.11,-16.0,0.103
2022-11-26T15:49:21.000,7.96,-13.74,0.0,0.0,20.5,30624,18.28,-16.0,0.103
2022-11-26T15:50:21.000,7.96,-13.84,0.0,0.0,20.5,30625,18.44,-16.0,0.103
2022-11-26T15:53:29.000,7.98,-13.39,0.0,0.0,20.5,30628,18.93,-15.0,0.103
2022-11-26T15:54:29.000,8.12,-13.23,0.0,0.0,20.5,30629,19.09,-15.0,0.103
2022-11-26T15:55:34.000,8.2,-13.23,0.0,0.0,20.5,30630,19.26,-15.0,0.103
2022-11-26T16:01:35.000,8.42,-13.03,0.0,0.0,20.5,30636,20.2,-13.0,0.103
2022-11-26T16:02:36.000,8.48,-12.86,0.0,0.0,20.5,30637,20.35,-13.0,0.103
2022-11-26T16:03:36.000,8.49,-12.89,0.0,0.0,20.5,30638,20.51,-13.0,0.103
2022-11-26T16:05:41.000,8.62,-12.72,0.0,0.0,20.5,30640,20.83,-13.0,0.103
