Downloads/jupyter/ECSV/stars19/stars19_2022-10.ecsv
# %ECSV 1.0
# ---
# datatype:
# - {name: time, datatype: string}
# - {name: Enclosure Temperature, unit: deg_C, datatype: float64}
# - {name: Sky Temperature, unit: deg_C, datatype: float64}
# - {name: Frequency, unit: Hz, datatype: float64}
# - {name: MSAS, unit: mag / arcsec2, datatype: float64}
# - {name: ZP, datatype: float64}
# - {name: Sequence Number, datatype: int64}
# - {name: Sun Alt, unit: deg, datatype: float64}
# - {name: Moon Alt, unit: deg, datatype: float64}
# - {name: Moon Illumination, datatype: float64}
# delimiter: ','
# meta: !!omap
# - ida:
#     Data supplier: {affiliation: null, observer: null}
#     Device type: TESS-W
#     Field of view: 17.0
#     Filters per channel: None
#     Instrument ID: stars19
#     License: ODbL 1.0 http://opendatacommons.org/licenses/odbl/summary/
#     Local timezone: America/Phoenix
#     Location name: {country: '- Tucson', place: Tucson, region: United States, sub_region: Arizona, town: Pima County}
#     Measurement direction per channel: {azimuth: 0.0, zenital: 0.0}
#     Moving / Fixed look direction: FIXED
#     Moving / Stationary position: STATIONARY
#     Number of channels: 1
#     Number of fields per line: 8
#     Number of header lines: 35
#     Position: {height: 0.0, latitude: 32.223877, longitude: -110.767532}
#     TESS MAC address: 18:FE:34:CF:EC:06
#     TESS cover offset value: 0.0
#     TESS firmware version: '1.0'
#     TESS zero point: 20.5
#     Time Synchronization: timestamp added by MQTT subscriber
#     URL: http://www.darksky.org/NSBM/sdf1.0.pdf
# - __serialized_columns__:
#     Enclosure Temperature:
#       __class__: astropy.units.quantity.Quantity
#       unit: &id001 !astropy.units.Unit {unit: deg_C}
#       value: !astropy.table.SerializedColumn {name: Enclosure Temperature}
#     Frequency:
#       __class__: astropy.units.quantity.Quantity
#       unit: !astropy.units.Unit {unit: Hz}
#       value: !astropy.table.SerializedColumn {name: Frequency}
#     MSAS:
#       __class__: astropy.units.quantity.Quantity
#       unit: !astropy.units.Unit {unit: mag / arcsec2}
#       value: !astropy.table.SerializedColumn {name: MSAS}
#     Moon Alt:
#       __class__: astropy.units.quantity.Quantity
#       unit: &id002 !astropy.units.Unit {unit: deg}
#       value: !astropy.table.SerializedColumn {name: Moon Alt}
#     Sky Temperature:
#       __class__: astropy.units.quantity.Quantity
#       unit: *id001
#       value: !astropy.table.SerializedColumn {name: Sky Temperature}
#     Sun Alt:
#       __class__: astropy.units.quantity.Quantity
#       unit: *id002
#       value: !astropy.table.SerializedColumn {name: Sun Alt}
#     time:
#       __class__: astropy.time.core.Time
#       format: isot
#       in_subfmt: '*'
#       out_subfmt: '*'
#       precision: 3
#       scale: utc
#       value: !astropy.table.SerializedColumn {name: time}
# schema: astropy-2.0
time,Enclosure Temperature,Sky Temperature,Frequency,MSAS,ZP,Sequence Number,Sun Alt,Moon Alt,Moon Illumination
[from data line 9493]
2022-10-14T05:18:43.000,25.16,2.89,3.22,19.11,20.5,59043,-54.85,21.0,0.811
2022-10-14T05:19:43.000,25.15,2.96,3.07,19.16,20.5,59044,-55.01,21.0,0.811
2022-10-14T05:20:44.000,25.13,2.91,2.92,19.22,20.5,59045,-55.18,21.0,0.811
2022-10-14T05:21:44.000,25.08,2.88,2.89,19.23,20.5,59046,-55.35,22.0,0.811
2022-10-14T05:22:46.000,25.03,2.87,2.88,19.23,20.5,59047,-55.52,22.0,0.811
2022-10-14T05:23:46.000,25.02,3.0,2.75,19.28,20.5,59048,-55.69,22.0,0.811
2022-10-14T05:24:46.000,25.06,3.12,3.12,19.14,20.5,59049,-55.85,22.0,0.811
2022-10-14T05:25:46.000,25.05,3.03,3.3,19.08,20.5,59050,-56.02,22.0,0.811
2022-10-14T05:26:46.000,25.03,3.12,3.22,19.11,20.5,59051,-56.18,23.0,0.811
2022-10-14T05:27:46.000,25.03,3.16,3.35,19.07,20.5,59052,-56.34,23.0,0.811
2022-10-14T05:28:46.000,25.01,3.24,3.36,19.07,20.5,59053,-56.5,23.0,0.811
2022-10-14T05:29:46.000,25.03,3.21,3.36,19.06,20.5,59054,-56.66,23.0,0.811
2022-10-14T05:30:46.000,24.98,3.2,3.0,19.19,20.5,59055,-56.82,23.0,0.81
2022-10-14T05:31:46.000,24.96,3.16,3.32,19.08,20.5,59056,-56.98,24.0,0.81
2022-10-14T05:32:46.000,24.91,3.16,3.39,19.05,20.5,59057,-57.14,24.0,0.81
2022-10-14T05:33:46.000,24.87,3.35,3.33,19.07,20.5,59058,-57.3,24.0,0.81
2022-10-14T05:35:47.000,24.87,3.47,3.04,19.17,20.5,59060,-57.61,24.0,0.81
2022-10-14T05:36:47.000,24.83,3.29,2.75,19.28,20.5,59061,-57.77,25.0,0.81
2022-10-14T05:37:47.000,24.87,3.6,2.98,19.19,20.5,59062,-57.92,25.0,0.81
2022-10-14T05:38:47.000,24.87,3.55,3.04,19.18,20.5,59063,-58.07,25.0,0.81
2022-10-14T05:39:47.000,24.88,3.75,3.07,19.16,20.5,59064,-58.23,25.0,0.81
2022-10-14T05:40:47.000,24.91,3.7,3.0,19.19,20.5,59065,-58.38,25.0,0.81
2022-10-14T05:41:47.000,24.95,3.69,3.01,19.19,20.5,59066,-58.53,26.0,0.81
2022-10-14T05:42:47.000,24.93,3.61,3.01,19.18,20.5,59067,-58.68,26.0,0.81
2022-10-14T05:43:47.000,24.93,3.71,3.02,19.18,20.5,59068,-58.82,26.0,0.81
2022-10-14T05:44:47.000,24.97,3.89,3.04,19.17,20.5,59069,-58.97,26.0,0.81
2022-10-14T05:45:47.000,25.01,3.84,2.99,19.19,20.5,59070,-59.12,26.0,0.81
2022-10-14T05:46:47.000,25.05,3.78,3.02,19.18,20.5,59071,-59.26,27.0,0.81
2022-10-14T05:48:53.000,25.14,3.59,2.93,19.22,20.5,59073,-59.56,27.0,0.809
2022-10-14T05:49:53.000,25.17,3.5,2.87,19.24,20.5,59074,-59.7,27.0,0.809
2022-10-14T05:50:53.000,25.18,3.39,2.79,19.27,20.5,59075,-59.84,27.0,0.809
2022-10-14T05:51:57.000,25.14,3.27,2.84,19.25,20.5,59076,-59.99,28.0,0.809
2022-10-14T05:54:03.000,25.12,3.37,2.91,19.22,20.5,59078,-60.28,28.0,0.809
2022-10-14T05:56:08.000,25.03,3.33,3.2,19.12,20.5,59080,-60.56,28.0,0.809
2022-10-14T05:57:08.000,25.02,3.42,3.27,19.09,20.5,59081,-60.69,29.0,0.809
2022-10-14T05:58:09.000,25.01,3.45,3.57,19.0,20.5,59082,-60.83,29.0,0.809
2022-10-14T05:59:08.000,25.02,3.53,3.86,18.91,20.5,59083,-60.96,29.0,0.809
2022-10-14T06:00:09.000,25.01,3.6,3.77,18.94,20.5,59084,-61.09,29.0,0.809
2022-10-14T06:01:08.000,25.02,3.75,3.87,18.91,20.5,59085,-61.21,29.0,0.809
2022-10-14T06:02:09.000,25.02,3.79,3.93,18.89,20.5,59086,-61.34,30.0,0.809
2022-10-14T06:03:09.000,25.06,3.93,4.08,18.86,20.5,59087,-61.47,30.0,0.809
2022-10-14T06:04:09.000,25.09,3.78,4.17,18.83,20.5,59088,-61.59,30.0,0.809
2022-10-14T06:05:09.000,25.04,3.7,4.18,18.83,20.5,59089,-61.72,30.0,0.809
2022-10-14T06:06:09.000,25.02,3.77,4.32,18.79,20.5,59090,-61.84,30.0,0.809
2022-10-14T06:07:09.000,25.02,3.79,4.47,18.76,20.5,59091,-61.96,31.0,0.809
2022-10-14T06:08:09.000,25.01,3.85,4.75,18.69,20.5,59092,-62.07,31.0,0.808
2022-10-14T06:09:09.000,25.02,3.92,5.13,18.6,20.5,59093,-62.19,31.0,0.808
2022-10-14T06:10:09.000,25.0,3.93,5.39,18.55,20.5,59094,-62.31,31.0,0.808
2022-10-14T06:11:09.000,25.01,4.14,5.29,18.57,20.5,59095,-62.42,31.0,0.808
2022-10-14T06:12:09.000,25.03,4.15,5.17,18.6,20.5,59096,-62.53,32.0,0.808
2022-10-14T06:13:09.000,25.06,4.24,5.27,18.57,20.5,59097,-62.65,32.0,0.808
2022-10-14T06:14:09.000,25.03,4.27,5.26,18.58,20.5,59098,-62.76,32.0,0.808
2022-10-14T06:15:09.000,25.02,4.37,5.54,18.52,20.5,59099,-62.86,32.0,0.808
2022-10-14T06:16:10.000,25.01,4.4,5.49,18.53,20.5,59100,-62.97,32.0,0.808
2022-10-14T06:17:10.000,25.03,4.57,5.87,18.46,20.5,59101,-63.08,33.0,0.808
2022-10-14T06:18:10.000,25.07,4.65,6.08,18.42,20.5,59102,-63.18,33.0,0.808
2022-10-14T06:19:10.000,25.05,4.55,5.99,18.44,20.5,59103,-63.28,33.0,0.808
2022-10-14T06:20:10.000,24.91,4.31,6.17,18.4,20.5,59104,-63.38,33.0,0.808
2022-10-14T06:21:11.000,24.77,4.43,6.55,18.34,20.5,59105,-63.48,33.0,0.808
2022-10-14T06:22:11.000,24.71,4.68,6.79,18.3,20.5,59106,-63.58,34.0,0.808
2022-10-14T06:23:11.000,24.68,4.7,6.9,18.28,20.5,59107,-63.67,34.0,0.808
2022-10-14T06:24:11.000,24.61,4.55,6.71,18.31,20.5,59108,-63.77,34.0,0.808
2022-10-14T06:25:11.000,24.54,4.64,6.73,18.31,20.5,59109,-63.86,34.0,0.808
2022-10-14T06:26:11.000,24.5,4.58,6.06,18.42,20.5,59110,-63.95,34.0,0.807
2022-10-14T06:27:11.000,24.47,4.53,6.14,18.41,20.5,59111,-64.04,35.0,0.807
2022-10-14T06:28:11.000,24.46,4.58,6.04,18.43,20.5,59112,-64.12,35.0,0.807
2022-10-14T06:29:11.000,24.46,4.59,6.5,18.35,20.5,59113,-64.21,35.0,0.807
2022-10-14T06:30:17.000,24.47,4.6,6.32,18.38,20.5,59114,-64.3,35.0,0.807
2022-10-14T06:31:17.000,24.46,4.56,6.3,18.38,20.5,59115,-64.38,36.0,0.807
2022-10-14T06:32:17.000,24.48,4.56,6.41,18.36,20.5,59116,-64.46,36.0,0.807
2022-10-14T06:33:17.000,24.51,4.61,6.3,18.38,20.5,59117,-64.54,36.0,0.807
2022-10-14T06:34:17.000,24.56,4.55,6.55,18.34,20.5,59118,-64.61,36.0,0.807
2022-10-14T06:35:17.000,24.56,4.33,6.42,18.36,20.5,59119,-64.68,36.0,0.807
2022-10-14T06:36:17.000,24.55,4.34,6.16,18.41,20.5,59120,-64.76,37.0,0.807
2022-10-14T06:37:17.000,24.54,4.37,6.46,18.36,20.5,59121,-64.82,37.0,0.807
2022-10-14T06:38:17.000,24.57,4.4,6.91,18.28,20.5,59122,-64.89,37.0,0.807
2022-10-14T06:39:17.000,24.58,4.47,7.37,18.21,20.5,59123,-64.96,37.0,0.807
2022-10-14T06:40:17.000,24.6,4.5,7.17,18.24,20.5,59124,-65.02,37.0,0.807
2022-10-14T06:41:17.000,24.59,4.36,7.03,18.26,20.5,59125,-65.08,38.0,0.807
2022-10-14T06:42:17.000,24.57,4.3,6.74,18.31,20.5,59126,-65.14,38.0,0.807
2022-10-14T06:43:17.000,24.59,4.41,6.53,18.34,20.5,59127,-65.2,38.0,0.807
2022-10-14T06:44:17.000,24.63,4.44,6.91,18.28,20.5,59128,-65.25,38.0,0.807
2022-10-14T06:45:17.000,24.65,4.35,7.12,18.25,20.5,59129,-65.31,38.0,0.806
2022-10-14T06:46:17.000,24.63,4.15,7.07,18.26,20.5,59130,-65.36,39.0,0.806
2022-10-14T06:47:17.000,24.61,4.04,6.76,18.31,20.5,59131,-65.41,39.0,0.806
2022-10-14T06:48:18.000,24.58,3.94,6.24,18.39,20.5,59132,-65.46,39.0,0.806
2022-10-14T06:49:18.000,24.56,3.86,6.21,18.4,20.5,59133,-65.5,39.0,0.806
2022-10-14T06:50:18.000,24.5,3.77,6.42,18.36,20.5,59134,-65.54,39.0,0.806
2022-10-14T06:51:18.000,24.46,3.75,6.63,18.33,20.5,59135,-65.58,40.0,0.806
2022-10-14T06:52:19.000,24.39,3.63,6.71,18.31,20.5,59136,-65.62,40.0,0.806
2022-10-14T06:53:19.000,24.26,3.58,7.21,18.24,20.5,59137,-65.66,40.0,0.806
2022-10-14T06:55:25.000,24.18,3.76,7.09,18.25,20.5,59139,-65.73,40.0,0.806
2022-10-14T06:56:25.000,24.2,4.05,7.43,18.2,20.5,59140,-65.76,41.0,0.806
2022-10-14T06:57:25.000,24.23,4.1,6.97,18.27,20.5,59141,-65.79,41.0,0.806
2022-10-14T06:58:25.000,24.26,4.2,8.0,18.12,20.5,59142,-65.81,41.0,0.806
2022-10-14T06:59:25.000,24.28,4.13,7.82,18.15,20.5,59143,-65.83,41.0,0.806
2022-10-14T07:00:25.000,24.27,4.04,7.47,18.2,20.5,59144,-65.86,42.0,0.806
2022-10-14T07:01:25.000,24.26,4.05,7.63,18.17,20.5,59145,-65.87,42.0,0.806
2022-10-14T07:02:25.000,24.26,4.04,7.71,18.16,20.5,59146,-65.89,42.0,0.806
2022-10-14T07:03:25.000,24.26,4.12,7.46,18.2,20.5,59147,-65.9,42.0,0.805
2022-10-14T07:04:25.000,24.29,4.16,7.39,18.21,20.5,59148,-65.92,42.0,0.805
2022-10-14T07:05:25.000,24.33,4.17,7.36,18.21,20.5,59149,-65.93,43.0,0.805
2022-10-14T07:06:25.000,24.33,4.11,7.63,18.18,20.5,59150,-65.93,43.0,0.805
2022-10-14T07:07:25.000,24.35,3.99,7.03,18.26,20.5,59151,-65.94,43.0,0.805
2022-10-14T07:08:25.000,24.36,3.9,6.72,18.31,20.5,59152,-65.94,43.0,0.805
2022-10-14T07:09:26.000,24.38,3.85,6.87,18.29,20.5,59153,-65.94,43.0,0.805
2022-10-14T07:10:26.000,24.38,3.72,6.66,18.32,20.5,59154,-65.94,44.0,0.805
2022-10-14T07:11:26.000,24.4,3.75,7.62,18.18,20.5,59155,-65.94,44.0,0.805
2022-10-14T07:12:26.000,24.4,3.6,7.78,18.16,20.5,59156,-65.93,44.0,0.805
2022-10-14T07:13:26.000,24.4,3.6,7.29,18.23,20.5,59157,-65.92,44.0,0.805
2022-10-14T07:14:26.000,24.36,3.53,7.48,18.2,20.5,59158,-65.91,44.0,0.805
2022-10-14T07:15:26.000,24.37,3.49,7.02,18.27,20.5,59159,-65.9,45.0,0.805
2022-10-14T07:16:26.000,24.28,3.14,6.62,18.33,20.5,59160,-65.88,45.0,0.805
2022-10-14T07:17:26.000,24.26,3.24,7.22,18.24,20.5,59161,-65.87,45.0,0.805
2022-10-14T07:19:31.000,24.15,3.06,6.08,18.42,20.5,59163,-65.82,45.0,0.805
2022-10-14T07:20:31.000,24.06,2.88,6.53,18.34,20.5,59164,-65.8,46.0,0.805
2022-10-14T07:21:31.000,24.01,3.0,6.18,18.41,20.5,59165,-65.77,46.0,0.805
2022-10-14T07:22:32.000,24.0,3.22,7.37,18.21,20.5,59166,-65.74,46.0,0.804
2022-10-14T07:23:32.000,24.04,3.19,7.31,18.22,20.5,59167,-65.71,46.0,0.804
2022-10-14T07:24:32.000,23.98,2.98,6.88,18.29,20.5,59168,-65.68,46.0,0.804
2022-10-14T07:25:32.000,23.91,3.0,7.48,18.2,20.5,59169,-65.65,47.0,0.804
2022-10-14T07:26:32.000,23.88,3.34,8.47,18.06,20.5,59170,-65.61,47.0,0.804
2022-10-14T07:27:32.000,23.9,3.5,8.29,18.08,20.5,59171,-65.57,47.0,0.804
2022-10-14T07:28:32.000,23.92,3.57,8.9,18.01,20.5,59172,-65.53,47.0,0.804
2022-10-14T07:29:32.000,23.91,3.54,9.76,17.91,20.5,59173,-65.48,48.0,0.804
2022-10-14T07:30:32.000,23.88,3.69,9.66,17.92,20.5,59174,-65.44,48.0,0.804
2022-10-14T07:31:32.000,23.77,3.47,9.48,17.94,20.5,59175,-65.39,48.0,0.804
2022-10-14T07:32:32.000,23.72,3.62,9.16,17.98,20.5,59176,-65.34,48.0,0.804
2022-10-14T07:33:32.000,23.72,3.8,9.51,17.93,20.5,59177,-65.29,48.0,0.804
2022-10-14T07:36:33.000,23.73,3.42,9.37,17.96,20.5,59180,-65.12,49.0,0.804
2022-10-14T07:38:38.000,23.67,3.39,10.58,17.82,20.5,59182,-64.99,49.0,0.804
2022-10-14T07:39:39.000,23.67,3.46,11.62,17.72,20.5,59183,-64.93,50.0,0.804
2022-10-14T07:40:39.000,23.67,3.45,11.09,17.77,20.5,59184,-64.86,50.0,0.803
2022-10-14T07:41:39.000,23.69,3.45,10.91,17.79,20.5,59185,-64.79,50.0,0.803
2022-10-14T07:42:39.000,23.68,3.24,11.76,17.71,20.5,59186,-64.72,50.0,0.803
2022-10-14T07:44:40.000,23.53,3.25,11.81,17.7,20.5,59188,-64.57,51.0,0.803
2022-10-14T07:45:39.000,23.42,3.22,12.18,17.67,20.5,59189,-64.5,51.0,0.803
2022-10-14T07:46:40.000,23.4,3.46,12.43,17.65,20.5,59190,-64.42,51.0,0.803
2022-10-14T07:48:46.000,23.37,3.3,12.16,17.67,20.5,59192,-64.25,52.0,0.803
2022-10-14T07:49:46.000,23.34,2.89,11.3,17.76,20.5,59193,-64.17,52.0,0.803
2022-10-14T07:50:46.000,23.26,2.79,10.94,17.79,20.5,59194,-64.08,52.0,0.803
2022-10-14T07:53:58.000,23.28,2.91,11.97,17.69,20.5,59197,-63.8,53.0,0.803
2022-10-14T07:54:58.000,23.33,2.83,12.22,17.66,20.5,59198,-63.7,53.0,0.803
2022-10-14T07:55:58.000,23.31,2.47,11.9,17.69,20.5,59199,-63.61,53.0,0.803
2022-10-14T07:56:58.000,23.33,2.49,10.96,17.78,20.5,59200,-63.51,53.0,0.803
2022-10-14T07:57:58.000,23.32,2.45,11.16,17.76,20.5,59201,-63.41,53.0,0.803
2022-10-14T07:58:58.000,23.28,2.47,11.47,17.73,20.5,59202,-63.32,54.0,0.802
2022-10-14T07:59:58.000,23.32,2.65,11.62,17.72,20.5,59203,-63.21,54.0,0.802
2022-10-14T08:00:58.000,23.32,2.52,11.73,17.71,20.5,59204,-63.11,54.0,0.802
2022-10-14T08:01:58.000,23.33,2.53,12.32,17.65,20.5,59205,-63.01,54.0,0.802
2022-10-14T08:02:58.000,23.37,2.59,11.28,17.75,20.5,59206,-62.9,54.0,0.802
2022-10-14T08:03:58.000,23.41,2.58,10.71,17.81,20.5,59207,-62.79,55.0,0.802
2022-10-14T08:04:58.000,23.43,2.42,11.33,17.75,20.5,59208,-62.68,55.0,0.802
2022-10-14T08:05:58.000,23.44,2.45,10.33,17.85,20.5,59209,-62.57,55.0,0.802
2022-10-14T08:06:58.000,23.44,2.33,10.56,17.82,20.5,59210,-62.46,55.0,0.802
2022-10-14T08:07:59.000,23.41,2.29,10.48,17.83,20.5,59211,-62.35,56.0,0.802
2022-10-14T08:08:59.000,23.39,2.42,10.5,17.83,20.5,59212,-62.23,56.0,0.802
2022-10-14T08:09:59.000,23.39,2.43,10.17,17.86,20.5,59213,-62.11,56.0,0.802
2022-10-14T08:10:59.000,23.38,2.39,10.23,17.86,20.5,59214,-62.0,56.0,0.802
2022-10-14T08:11:59.000,23.36,2.47,10.04,17.88,20.5,59215,-61.88,56.0,0.802
2022-10-14T08:12:59.000,23.37,2.58,9.51,17.94,20.5,59216,-61.76,57.0,0.802
2022-10-14T08:13:59.000,23.37,2.36,9.31,17.96,20.5,59217,-61.63,57.0,0.802
2022-10-14T08:14:59.000,23.19,1.52,8.88,18.01,20.5,59218,-61.51,57.0,0.802
2022-10-14T08:16:00.000,23.15,2.02,8.57,18.05,20.5,59219,-61.38,57.0,0.802
2022-10-14T08:17:00.000,23.17,2.11,7.93,18.13,20.5,59220,-61.26,57.0,0.802
2022-10-14T08:18:00.000,23.12,1.69,8.28,18.09,20.5,59221,-61.13,58.0,0.801
2022-10-14T08:19:00.000,23.0,1.91,8.23,18.09,20.5,59222,-61.0,58.0,0.801
2022-10-14T08:20:00.000,22.99,1.97,8.2,18.1,20.5,59223,-60.87,58.0,0.801
2022-10-14T08:21:00.000,23.01,1.92,8.55,18.05,20.5,59224,-60.74,58.0,0.801
2022-10-14T08:22:00.000,22.94,1.77,8.68,18.03,20.5,59225,-60.61,58.0,0.801
2022-10-14T08:23:00.000,22.86,1.87,8.51,18.06,20.5,59226,-60.47,59.0,0.801
2022-10-14T08:24:00.000,22.87,2.07,8.65,18.04,20.5,59227,-60.34,59.0,0.801
2022-10-14T08:25:00.000,22.87,1.91,8.85,18.01,20.5,59228,-60.2,59.0,0.801
2022-10-14T08:26:00.000,22.88,1.93,8.82,18.02,20.5,59229,-60.06,59.0,0.801
2022-10-14T08:27:00.000,22.74,1.93,9.08,17.99,20.5,59230,-59.93,59.0,0.801
2022-10-14T08:28:00.000,22.81,2.34,9.15,17.98,20.5,59231,-59.79,60.0,0.801
2022-10-14T08:29:00.000,22.87,2.17,8.89,18.01,20.5,59232,-59.65,60.0,0.801
2022-10-14T08:30:00.000,22.88,1.98,8.69,18.03,20.5,59233,-59.5,60.0,0.801
2022-10-14T08:31:00.000,22.91,1.94,8.56,18.05,20.5,59234,-59.36,60.0,0.801
2022-10-14T08:32:00.000,22.82,1.46,8.77,18.02,20.5,59235,-59.22,60.0,0.801
2022-10-14T08:33:00.000,22.66,1.43,8.74,18.03,20.5,59236,-59.07,61.0,0.801
2022-10-14T08:34:01.000,22.58,1.58,8.71,18.03,20.5,59237,-58.92,61.0,0.801
2022-10-14T08:35:01.000,22.62,1.93,8.6,18.05,20.5,59238,-58.78,61.0,0.801
2022-10-14T08:36:01.000,22.67,1.87,9.22,17.97,20.5,59239,-58.63,61.0,0.8
2022-10-14T08:37:01.000,22.67,1.69,8.79,18.02,20.5,59240,-58.48,62.0,0.8
2022-10-14T08:38:01.000,22.63,1.79,9.13,17.98,20.5,59241,-58.33,62.0,0.8
2022-10-14T08:39:01.000,22.67,1.96,9.23,17.97,20.5,59242,-58.18,62.0,0.8
2022-10-14T08:40:01.000,22.7,1.85,9.75,17.91,20.5,59243,-58.03,62.0,0.8
2022-10-14T08:41:01.000,22.72,1.76,9.82,17.9,20.5,59244,-57.87,62.0,0.8
2022-10-14T08:42:01.000,22.76,1.78,7.81,18.17,20.5,59245,-57.72,63.0,0.8
2022-10-14T08:43:01.000,22.81,1.79,9.41,17.95,20.5,59246,-57.56,63.0,0.8
2022-10-14T08:44:01.000,22.8,1.62,10.01,17.88,20.5,59247,-57.41,63.0,0.8
2022-10-14T08:45:01.000,22.77,1.6,9.94,17.89,20.5,59248,-57.25,63.0,0.8
2022-10-14T08:46:02.000,22.76,1.65,9.86,17.9,20.5,59249,-57.09,63.0,0.8
2022-10-14T08:47:02.000,22.79,1.72,9.86,17.9,20.5,59250,-56.93,64.0,0.8
2022-10-14T08:49:08.000,22.78,1.67,9.99,17.9,20.5,59252,-56.6,64.0,0.8
2022-10-14T08:50:08.000,22.82,1.73,11.18,17.76,20.5,59253,-56.44,64.0,0.8
2022-10-14T08:51:08.000,22.82,1.62,9.34,17.96,20.5,59254,-56.27,64.0,0.8
2022-10-14T08:53:14.000,22.78,1.64,10.67,17.81,20.5,59256,-55.93,65.0,0.8
2022-10-14T08:55:20.000,22.76,1.62,11.26,17.75,20.5,59258,-55.59,65.0,0.799
2022-10-14T08:56:20.000,22.75,1.51,11.06,17.78,20.5,59259,-55.42,65.0,0.799
2022-10-14T08:57:20.000,22.74,1.55,11.88,17.7,20.5,59260,-55.25,66.0,0.799
2022-10-14T08:58:20.000,22.73,1.58,12.29,17.66,20.5,59261,-55.09,66.0,0.799
2022-10-14T08:59:20.000,22.74,1.64,12.75,17.62,20.5,59262,-54.92,66.0,0.799
2022-10-14T09:00:20.000,22.75,1.63,14.4,17.48,20.5,59263,-54.75,66.0,0.799
2022-10-14T09:01:20.000,22.76,1.5,13.74,17.54,20.5,59264,-54.58,67.0,0.799
2022-10-14T09:02:20.000,22.74,1.39,13.39,17.57,20.5,59265,-54.41,67.0,0.799
2022-10-14T09:03:21.000,22.73,1.4,13.61,17.55,20.5,59266,-54.24,67.0,0.799
2022-10-14T09:04:21.000,22.72,1.41,13.49,17.56,20.5,59267,-54.07,67.0,0.799
2022-10-14T09:05:21.000,22.74,1.44,14.5,17.48,20.5,59268,-53.89,67.0,0.799
2022-10-14T09:06:21.000,22.73,1.37,14.53,17.47,20.5,59269,-53.72,68.0,0.799
2022-10-14T09:07:21.000,22.73,1.35,14.5,17.48,20.5,59270,-53.55,68.0,0.799
2022-10-14T09:08:21.000,22.72,1.36,14.15,17.5,20.5,59271,-53.37,68.0,0.799
