Downloads/jupyter/ECSV/stars19/stars19_2019-10.ecsv
# %ECSV 1.0
# ---
# datatype:
# - {name: time, datatype: string}
# - {name: Enclosure Temperature, unit: deg_C, datatype: float64}
# - {name: Sky Temperature, unit: deg_C, datatype: float64}
# - {name: Frequency, unit: Hz, datatype: float64}
# - {name: MSAS, unit: mag / arcsec2, datatype: float64}
# - {name: ZP, datatype: float64}
# - {name: Sequence Number, datatype: int64}
# - {name: Sun Alt, unit: deg, datatype: float64}
# - {name: Moon Alt, unit: deg, datatype: float64}
# - {name: Moon Illumination, datatype: float64}
# delimiter: ','
# meta: !!omap
# - ida:
#     Data supplier: {affiliation: null, observer: null}
#     Device type: TESS-W
#     Field of view: 17.0
#     Filters per channel: None
#     Instrument ID: stars19
#     License: ODbL 1.0 http://opendatacommons.org/licenses/odbl/summary/
#     Local timezone: America/Phoenix
#     Location name: {country: '- Tucson', place: Tucson, region: United States, sub_region: Arizona, town: Pima County}
#     Measurement direction per channel: {azimuth: 0.0, zenital: 0.0}
#     Moving / Fixed look direction: FIXED
#     Moving / Stationary position: STATIONARY
#     Number of channels: 1
#     Number of fields per line: 8
#     Number of header lines: 35
#     Position: {height: 0.0, latitude: 32.223877, longitude: -110.767532}
#     TESS MAC address: 18:FE:34:CF:EC:06
#     TESS cover offset value: 0.0
#     TESS firmware version: '1.0'
#     TESS zero point: 20.5
#     Time Synchronization: timestamp added by MQTT subscriber
#     URL: http://www.darksky.org/NSBM/sdf1.0.pdf
# - __serialized_columns__:
#     Enclosure Temperature:
#       __class__: astropy.units.quantity.Quantity
#       unit: &id001 !astropy.units.Unit {unit: deg_C}
#       value: !astropy.table.SerializedColumn {name: Enclosure Temperature}
#     Frequency:
#       __class__: astropy.units.quantity.Quantity
#       unit: !astropy.units.Unit {unit: Hz}
#       value: !astropy.table.SerializedColumn {name: Frequency}
#     MSAS:
#       __class__: astropy.units.quantity.Quantity
#       unit: !astropy.units.Unit {unit: mag / arcsec2}
#       value: !astropy.table.SerializedColumn {name: MSAS}
#     Moon Alt:
#       __class__: astropy.units.quantity.Quantity
#       unit: &id002 !astropy.units.Unit {unit: deg}
#       value: !astropy.table.SerializedColumn {name: Moon Alt}
#     Sky Temperature:
#       __class__: astropy.units.quantity.Quantity
#       unit: *id001
#       value: !astropy.table.SerializedColumn {name: Sky Temperature}
#     Sun Alt:
#       __class__: astropy.units.quantity.Quantity
#       unit: *id002
#       value: !astropy.table.SerializedColumn {name: Sun Alt}
#     time:
#       __class__: astropy.time.core.Time
#       format: isot
#       in_subfmt: '*'
#       out_subfmt: '*'
#       precision: 3
#       scale: utc
#       value: !astropy.table.SerializedColumn {name: time}
# schema: astropy-2.0
time,Enclosure Temperature,Sky Temperature,Frequency,MSAS,ZP,Sequence Number,Sun Alt,Moon Alt,Moon Illumination
[from data line 14063]
2019-10-17T02:48:32.000,28.38,4.36,1.82,19.73,20.5,121897,-25.94,-2.0,0.901
2019-10-17T02:49:33.000,28.36,4.36,1.8,19.74,20.5,121898,-26.15,-2.0,0.901
2019-10-17T02:50:33.000,28.35,4.36,1.79,19.75,20.5,121899,-26.36,-1.0,0.9
2019-10-17T02:51:33.000,28.36,4.39,1.79,19.75,20.5,121900,-26.57,-1.0,0.9
2019-10-17T02:52:34.000,28.34,4.25,1.79,19.75,20.5,121901,-26.79,-1.0,0.9
2019-10-17T02:53:34.000,28.27,4.23,1.79,19.75,20.5,121902,-27.0,-1.0,0.9
2019-10-17T02:54:35.000,28.27,4.25,1.81,19.74,20.5,121903,-27.21,-1.0,0.9
2019-10-17T02:55:34.000,28.32,4.46,1.81,19.73,20.5,121904,-27.42,-0.0,0.9
2019-10-17T02:56:35.000,28.34,4.4,1.82,19.73,20.5,121905,-27.63,-0.0,0.9
2019-10-17T02:57:35.000,28.32,4.2,1.84,19.72,20.5,121906,-27.84,0.0,0.9
2019-10-17T02:59:35.000,28.26,4.38,1.86,19.71,20.5,121908,-28.26,0.0,0.9
2019-10-17T03:00:35.000,28.26,4.28,1.87,19.7,20.5,121909,-28.47,1.0,0.9
2019-10-17T03:01:35.000,28.25,4.21,1.94,19.66,20.5,121910,-28.68,1.0,0.9
2019-10-17T03:03:36.000,28.21,4.21,2.14,19.55,20.5,121912,-29.1,1.0,0.9
2019-10-17T03:06:36.000,28.21,4.6,2.39,19.44,20.5,121915,-29.73,2.0,0.9
2019-10-17T03:07:36.000,28.21,4.58,2.35,19.45,20.5,121916,-29.94,2.0,0.9
2019-10-17T03:09:37.000,28.13,4.34,2.25,19.5,20.5,121918,-30.36,2.0,0.9
2019-10-17T03:11:37.000,28.09,4.43,2.11,19.57,20.5,121920,-30.78,3.0,0.9
2019-10-17T03:12:38.000,28.07,4.21,2.12,19.56,20.5,121921,-31.0,3.0,0.9
2019-10-17T03:13:38.000,28.08,4.44,2.12,19.56,20.5,121922,-31.2,3.0,0.9
2019-10-17T03:14:38.000,28.08,4.34,2.13,19.56,20.5,121923,-31.41,3.0,0.899
2019-10-17T03:15:38.000,28.07,4.27,2.15,19.55,20.5,121924,-31.62,4.0,0.899
2019-10-17T03:16:38.000,28.03,4.29,2.13,19.56,20.5,121925,-31.83,4.0,0.899
2019-10-17T03:17:38.000,27.99,4.06,2.11,19.57,20.5,121926,-32.04,4.0,0.899
2019-10-17T03:18:39.000,27.96,4.26,2.12,19.56,20.5,121927,-32.25,4.0,0.899
2019-10-17T03:19:39.000,27.99,4.28,2.13,19.56,20.5,121928,-32.46,4.0,0.899
2019-10-17T03:20:39.000,27.93,4.37,2.13,19.56,20.5,121929,-32.67,5.0,0.899
2019-10-17T03:21:39.000,27.93,4.35,2.13,19.56,20.5,121930,-32.87,5.0,0.899
2019-10-17T03:22:39.000,27.95,4.33,2.2,19.53,20.5,121931,-33.08,5.0,0.899
2019-10-17T03:23:39.000,27.93,4.29,2.24,19.5,20.5,121932,-33.29,5.0,0.899
2019-10-17T03:24:40.000,27.91,4.33,2.29,19.48,20.5,121933,-33.5,5.0,0.899
2019-10-17T03:25:40.000,27.89,4.29,2.22,19.51,20.5,121934,-33.71,6.0,0.899
2019-10-17T03:28:40.000,27.87,4.25,2.23,19.51,20.5,121937,-34.33,6.0,0.899
2019-10-17T03:29:40.000,27.89,4.25,2.19,19.53,20.5,121938,-34.54,6.0,0.899
2019-10-17T03:30:41.000,27.88,4.18,2.16,19.55,20.5,121939,-34.75,7.0,0.899
2019-10-17T03:31:41.000,27.87,4.08,2.14,19.56,20.5,121940,-34.96,7.0,0.899
2019-10-17T03:32:41.000,27.87,4.11,2.12,19.57,20.5,121941,-35.16,7.0,0.899
2019-10-17T03:33:42.000,27.82,3.96,2.09,19.58,20.5,121942,-35.37,7.0,0.899
2019-10-17T03:34:42.000,27.79,3.92,2.11,19.57,20.5,121943,-35.58,7.0,0.899
2019-10-17T03:35:42.000,27.74,3.8,2.08,19.58,20.5,121944,-35.79,8.0,0.899
2019-10-17T03:36:43.000,27.73,3.87,2.07,19.59,20.5,121945,-36.0,8.0,0.899
2019-10-17T03:37:42.000,27.7,3.8,2.09,19.58,20.5,121946,-36.2,8.0,0.899
2019-10-17T03:38:43.000,27.68,3.81,2.09,19.58,20.5,121947,-36.41,8.0,0.898
2019-10-17T03:39:44.000,27.7,3.9,2.13,19.56,20.5,121948,-36.62,8.0,0.898
2019-10-17T03:40:44.000,27.7,3.77,2.14,19.55,20.5,121949,-36.82,9.0,0.898
2019-10-17T03:41:44.000,27.68,3.95,2.13,19.56,20.5,121950,-37.03,9.0,0.898
2019-10-17T03:42:44.000,27.72,3.97,2.13,19.56,20.5,121951,-37.23,9.0,0.898
2019-10-17T03:43:44.000,27.72,4.02,2.12,19.56,20.5,121952,-37.44,9.0,0.898
2019-10-17T03:44:46.000,27.7,3.79,2.15,19.55,20.5,121953,-37.65,9.0,0.898
2019-10-17T03:45:47.000,27.66,3.97,2.19,19.53,20.5,121954,-37.86,10.0,0.898
2019-10-17T03:46:47.000,27.64,4.05,2.26,19.49,20.5,121955,-38.06,10.0,0.898
2019-10-17T03:47:47.000,27.56,3.76,2.32,19.46,20.5,121956,-38.27,10.0,0.898
2019-10-17T03:48:47.000,27.55,4.11,2.39,19.43,20.5,121957,-38.47,10.0,0.898
2019-10-17T03:49:47.000,27.58,4.08,2.38,19.44,20.5,121958,-38.68,10.0,0.898
2019-10-17T03:50:48.000,27.58,3.96,2.35,19.45,20.5,121959,-38.88,11.0,0.898
2019-10-17T03:51:48.000,27.56,3.92,2.38,19.44,20.5,121960,-39.09,11.0,0.898
2019-10-17T03:52:48.000,27.56,4.04,2.38,19.44,20.5,121961,-39.29,11.0,0.898
2019-10-17T03:53:49.000,27.56,4.0,2.36,19.45,20.5,121962,-39.5,11.0,0.898
2019-10-17T03:54:49.000,27.54,3.98,2.34,19.46,20.5,121963,-39.7,11.0,0.898
2019-10-17T03:55:49.000,27.55,3.98,2.31,19.47,20.5,121964,-39.91,12.0,0.898
2019-10-17T03:56:49.000,27.53,3.8,2.3,19.48,20.5,121965,-40.11,12.0,0.898
2019-10-17T03:57:50.000,27.46,3.77,2.42,19.42,20.5,121966,-40.31,12.0,0.898
2019-10-17T03:58:49.000,27.43,3.77,2.55,19.36,20.5,121967,-40.51,12.0,0.898
2019-10-17T03:59:50.000,27.4,3.77,2.64,19.33,20.5,121968,-40.72,12.0,0.898
2019-10-17T04:00:51.000,27.37,3.78,2.68,19.31,20.5,121969,-40.92,13.0,0.898
2019-10-17T04:01:51.000,27.35,3.84,2.82,19.25,20.5,121970,-41.13,13.0,0.897
2019-10-17T04:02:51.000,27.33,3.93,3.16,19.13,20.5,121971,-41.33,13.0,0.897
2019-10-17T04:03:52.000,27.28,3.96,3.52,19.01,20.5,121972,-41.53,13.0,0.897
2019-10-17T04:05:52.000,27.2,3.9,3.49,19.02,20.5,121974,-41.94,14.0,0.897
2019-10-17T04:08:53.000,27.1,4.05,3.04,19.17,20.5,121977,-42.54,14.0,0.897
2019-10-17T04:09:53.000,27.09,4.1,2.92,19.22,20.5,121978,-42.74,14.0,0.897
2019-10-17T04:10:53.000,27.09,4.1,2.82,19.25,20.5,121979,-42.94,15.0,0.897
2019-10-17T04:11:53.000,27.04,3.89,2.85,19.24,20.5,121980,-43.14,15.0,0.897
2019-10-17T04:12:53.000,27.0,3.92,2.91,19.22,20.5,121981,-43.34,15.0,0.897
2019-10-17T04:13:54.000,26.97,3.89,2.89,19.23,20.5,121982,-43.54,15.0,0.897
2019-10-17T04:14:54.000,26.94,3.75,2.7,19.3,20.5,121983,-43.74,15.0,0.897
2019-10-17T04:15:55.000,26.9,3.56,2.62,19.34,20.5,121984,-43.94,16.0,0.897
2019-10-17T04:16:55.000,26.81,3.4,2.52,19.38,20.5,121985,-44.14,16.0,0.897
2019-10-17T04:17:55.000,26.74,3.49,2.44,19.41,20.5,121986,-44.34,16.0,0.897
2019-10-17T04:18:55.000,26.71,3.45,2.42,19.42,20.5,121987,-44.54,16.0,0.897
2019-10-17T04:19:55.000,26.67,3.36,2.41,19.43,20.5,121988,-44.73,16.0,0.897
2019-10-17T04:20:56.000,26.59,3.32,2.36,19.45,20.5,121989,-44.94,17.0,0.897
2019-10-17T04:21:56.000,26.54,3.27,2.35,19.45,20.5,121990,-45.13,17.0,0.897
2019-10-17T04:23:12.000,26.49,3.36,2.34,19.46,20.5,121991,-45.38,17.0,0.897
2019-10-17T04:24:12.000,26.45,3.25,2.28,19.48,20.5,121992,-45.58,17.0,0.897
2019-10-17T04:25:12.000,26.39,3.19,2.28,19.48,20.5,121993,-45.77,18.0,0.897
2019-10-17T04:26:12.000,26.34,3.27,2.25,19.5,20.5,121994,-45.97,18.0,0.896
2019-10-17T04:27:12.000,26.26,3.09,2.24,19.51,20.5,121995,-46.17,18.0,0.896
2019-10-17T04:28:13.000,26.15,3.13,2.21,19.52,20.5,121996,-46.36,18.0,0.896
2019-10-17T04:29:13.000,26.03,3.1,2.24,19.51,20.5,121997,-46.56,18.0,0.896
2019-10-17T04:30:13.000,25.95,3.29,2.18,19.54,20.5,121998,-46.75,19.0,0.896
2019-10-17T04:31:14.000,25.96,3.52,2.15,19.55,20.5,121999,-46.95,19.0,0.896
2019-10-17T04:33:15.000,25.99,3.6,2.26,19.5,20.5,122001,-47.34,19.0,0.896
2019-10-17T04:35:15.000,26.08,3.71,2.36,19.45,20.5,122003,-47.73,20.0,0.896
2019-10-17T04:37:15.000,26.13,3.4,2.38,19.44,20.5,122005,-48.11,20.0,0.896
2019-10-17T04:38:15.000,26.15,3.32,2.35,19.45,20.5,122006,-48.3,20.0,0.896
2019-10-17T04:39:16.000,26.13,3.15,2.36,19.45,20.5,122007,-48.5,20.0,0.896
2019-10-17T04:40:16.000,26.14,3.07,2.37,19.44,20.5,122008,-48.69,21.0,0.896
2019-10-17T04:41:17.000,26.15,3.3,2.46,19.4,20.5,122009,-48.88,21.0,0.896
2019-10-17T04:42:17.000,26.14,3.31,2.51,19.38,20.5,122010,-49.07,21.0,0.896
2019-10-17T04:43:17.000,26.16,3.56,2.54,19.37,20.5,122011,-49.26,21.0,0.896
2019-10-17T04:44:18.000,26.18,3.56,2.55,19.36,20.5,122012,-49.46,21.0,0.896
2019-10-17T04:45:18.000,26.16,3.35,2.57,19.36,20.5,122013,-49.64,22.0,0.896
2019-10-17T04:46:18.000,26.15,3.32,2.59,19.34,20.5,122014,-49.83,22.0,0.896
2019-10-17T04:47:19.000,26.11,3.31,2.61,19.34,20.5,122015,-50.02,22.0,0.896
2019-10-17T04:48:19.000,26.13,3.5,2.58,19.35,20.5,122016,-50.21,22.0,0.896
2019-10-17T04:49:19.000,26.17,3.5,2.59,19.35,20.5,122017,-50.4,23.0,0.895
2019-10-17T04:50:19.000,26.21,3.48,2.59,19.34,20.5,122018,-50.59,23.0,0.895
2019-10-17T04:51:20.000,26.21,3.46,2.6,19.34,20.5,122019,-50.78,23.0,0.895
2019-10-17T04:52:20.000,26.22,3.49,2.62,19.33,20.5,122020,-50.96,23.0,0.895
2019-10-17T04:53:20.000,26.23,3.35,2.61,19.34,20.5,122021,-51.15,23.0,0.895
2019-10-17T04:54:20.000,26.26,3.24,2.67,19.31,20.5,122022,-51.33,24.0,0.895
2019-10-17T04:55:20.000,26.27,2.88,2.69,19.31,20.5,122023,-51.52,24.0,0.895
2019-10-17T04:56:21.000,26.17,2.88,2.71,19.3,20.5,122024,-51.7,24.0,0.895
2019-10-17T04:57:21.000,26.15,2.96,2.71,19.3,20.5,122025,-51.89,24.0,0.895
2019-10-17T04:58:21.000,26.1,2.94,2.74,19.29,20.5,122026,-52.07,24.0,0.895
2019-10-17T04:59:21.000,26.07,3.22,2.72,19.29,20.5,122027,-52.25,25.0,0.895
2019-10-17T05:00:21.000,26.1,3.15,2.74,19.28,20.5,122028,-52.44,25.0,0.895
2019-10-17T05:01:21.000,26.09,3.17,2.75,19.28,20.5,122029,-52.62,25.0,0.895
2019-10-17T05:05:23.000,26.02,3.25,2.82,19.25,20.5,122033,-53.35,26.0,0.895
2019-10-17T05:06:23.000,26.0,3.17,2.84,19.24,20.5,122034,-53.52,26.0,0.895
2019-10-17T05:07:23.000,25.96,3.01,2.9,19.22,20.5,122035,-53.7,26.0,0.895
2019-10-17T05:08:24.000,25.85,3.13,2.97,19.2,20.5,122036,-53.88,26.0,0.895
2019-10-17T05:09:24.000,25.86,3.36,3.06,19.17,20.5,122037,-54.06,27.0,0.895
2019-10-17T05:10:24.000,25.9,3.46,3.12,19.14,20.5,122038,-54.24,27.0,0.895
2019-10-17T05:11:24.000,25.94,3.58,3.14,19.14,20.5,122039,-54.41,27.0,0.895
2019-10-17T05:12:24.000,25.91,3.61,3.11,19.15,20.5,122040,-54.59,27.0,0.895
2019-10-17T05:13:25.000,25.94,3.62,3.07,19.16,20.5,122041,-54.77,27.0,0.894
2019-10-17T05:14:25.000,25.98,3.61,3.05,19.17,20.5,122042,-54.94,28.0,0.894
2019-10-17T05:15:25.000,25.98,3.58,3.06,19.17,20.5,122043,-55.11,28.0,0.894
2019-10-17T05:16:26.000,25.97,3.59,3.03,19.18,20.5,122044,-55.29,28.0,0.894
2019-10-17T05:17:26.000,25.96,3.66,3.08,19.16,20.5,122045,-55.46,28.0,0.894
2019-10-17T05:18:27.000,25.96,3.69,3.08,19.16,20.5,122046,-55.64,29.0,0.894
2019-10-17T05:19:27.000,25.98,3.51,3.06,19.17,20.5,122047,-55.81,29.0,0.894
2019-10-17T05:20:27.000,25.95,3.44,3.06,19.17,20.5,122048,-55.98,29.0,0.894
2019-10-17T05:21:27.000,25.98,3.63,3.06,19.16,20.5,122049,-56.15,29.0,0.894
2019-10-17T05:22:27.000,25.99,3.56,3.08,19.16,20.5,122050,-56.31,29.0,0.894
2019-10-17T05:23:27.000,25.94,3.52,3.1,19.15,20.5,122051,-56.48,30.0,0.894
2019-10-17T05:24:27.000,25.97,3.69,3.1,19.15,20.5,122052,-56.65,30.0,0.894
2019-10-17T05:25:28.000,25.99,3.67,3.13,19.14,20.5,122053,-56.82,30.0,0.894
2019-10-17T05:26:28.000,26.01,3.66,3.15,19.13,20.5,122054,-56.98,30.0,0.894
2019-10-17T05:27:28.000,26.01,3.67,3.12,19.15,20.5,122055,-57.15,30.0,0.894
2019-10-17T05:28:29.000,26.02,3.68,3.07,19.16,20.5,122056,-57.32,31.0,0.894
2019-10-17T05:30:29.000,26.0,3.5,3.05,19.17,20.5,122058,-57.64,31.0,0.894
2019-10-17T05:31:30.000,25.97,3.48,3.03,19.18,20.5,122059,-57.81,31.0,0.894
2019-10-17T05:32:30.000,25.95,3.44,3.03,19.18,20.5,122060,-57.97,31.0,0.894
2019-10-17T05:36:30.000,25.8,3.34,3.04,19.17,20.5,122064,-58.6,32.0,0.893
2019-10-17T05:42:31.000,25.74,3.47,3.17,19.13,20.5,122070,-59.53,34.0,0.893
2019-10-17T05:43:31.000,25.77,3.4,3.15,19.13,20.5,122071,-59.68,34.0,0.893
2019-10-17T05:45:32.000,25.77,3.29,3.13,19.14,20.5,122073,-59.98,34.0,0.893
2019-10-17T05:46:32.000,25.74,3.32,3.14,19.14,20.5,122074,-60.13,34.0,0.893
2019-10-17T05:47:32.000,25.75,3.31,3.14,19.14,20.5,122075,-60.27,35.0,0.893
2019-10-17T05:48:32.000,25.71,3.26,3.13,19.14,20.5,122076,-60.42,35.0,0.893
2019-10-17T05:49:33.000,25.68,3.19,3.16,19.13,20.5,122077,-60.57,35.0,0.893
2019-10-17T05:50:33.000,25.64,3.03,3.17,19.13,20.5,122078,-60.71,35.0,0.893
2019-10-17T05:51:33.000,25.61,3.04,3.17,19.13,20.5,122079,-60.85,35.0,0.893
2019-10-17T05:52:34.000,25.54,2.98,3.19,19.12,20.5,122080,-60.99,36.0,0.893
2019-10-17T05:53:34.000,25.56,3.17,3.17,19.13,20.5,122081,-61.13,36.0,0.893
2019-10-17T05:54:34.000,25.59,3.33,3.13,19.14,20.5,122082,-61.27,36.0,0.893
2019-10-17T05:55:34.000,25.59,3.28,3.12,19.15,20.5,122083,-61.41,36.0,0.893
2019-10-17T05:56:35.000,25.59,3.29,3.12,19.15,20.5,122084,-61.55,36.0,0.893
2019-10-17T05:57:35.000,25.54,3.14,3.13,19.14,20.5,122085,-61.68,37.0,0.893
2019-10-17T05:59:35.000,25.49,2.95,3.14,19.14,20.5,122087,-61.95,37.0,0.892
2019-10-17T06:00:35.000,25.47,2.9,3.14,19.14,20.5,122088,-62.08,37.0,0.892
2019-10-17T06:01:35.000,25.41,2.86,3.15,19.13,20.5,122089,-62.21,37.0,0.892
2019-10-17T06:02:35.000,25.38,2.88,3.16,19.13,20.5,122090,-62.34,38.0,0.892
2019-10-17T06:03:35.000,25.35,2.78,3.18,19.13,20.5,122091,-62.47,38.0,0.892
2019-10-17T06:04:35.000,25.26,2.52,3.73,18.95,20.5,122092,-62.59,38.0,0.892
2019-10-17T06:05:35.000,25.17,2.49,5.33,18.57,20.5,122093,-62.72,38.0,0.892
2019-10-17T06:06:35.000,25.09,2.67,7.21,18.24,20.5,122094,-62.84,39.0,0.892
2019-10-17T06:08:35.000,25.03,2.84,7.76,18.16,20.5,122096,-63.08,39.0,0.892
2019-10-17T06:09:35.000,25.02,2.86,7.93,18.13,20.5,122097,-63.2,39.0,0.892
2019-10-17T06:10:36.000,24.99,2.83,7.99,18.12,20.5,122098,-63.32,39.0,0.892
2019-10-17T06:11:36.000,24.98,3.15,8.16,18.1,20.5,122099,-63.43,40.0,0.892
2019-10-17T06:15:36.000,25.01,2.62,8.52,18.05,20.5,122103,-63.88,40.0,0.892
2019-10-17T06:17:36.000,24.85,2.01,8.78,18.02,20.5,122105,-64.1,41.0,0.892
2019-10-17T06:18:37.000,24.66,2.16,8.82,18.02,20.5,122106,-64.2,41.0,0.892
2019-10-17T06:19:37.000,24.59,2.4,8.8,18.02,20.5,122107,-64.31,41.0,0.892
2019-10-17T06:20:37.000,24.59,2.68,8.8,18.02,20.5,122108,-64.41,41.0,0.892
2019-10-17T06:21:37.000,24.59,2.67,8.79,18.02,20.5,122109,-64.51,42.0,0.892
2019-10-17T06:22:38.000,24.54,2.23,8.74,18.03,20.5,122110,-64.61,42.0,0.891
2019-10-17T06:23:37.000,24.35,1.99,8.64,18.04,20.5,122111,-64.7,42.0,0.891
2019-10-17T06:24:38.000,24.35,2.6,8.49,18.06,20.5,122112,-64.8,42.0,0.891
2019-10-17T06:25:38.000,24.4,2.72,8.28,18.09,20.5,122113,-64.89,42.0,0.891
2019-10-17T06:26:38.000,24.4,2.64,8.21,18.09,20.5,122114,-64.98,43.0,0.891
2019-10-17T06:27:38.000,24.4,2.6,8.06,18.11,20.5,122115,-65.07,43.0,0.891
2019-10-17T06:28:38.000,24.4,2.7,8.02,18.12,20.5,122116,-65.16,43.0,0.891
2019-10-17T06:31:39.000,24.43,2.69,7.84,18.14,20.5,122119,-65.41,44.0,0.891
2019-10-17T06:32:39.000,24.43,2.64,7.68,18.17,20.5,122120,-65.49,44.0,0.891
2019-10-17T06:33:39.000,24.42,2.54,7.7,18.16,20.5,122121,-65.57,44.0,0.891
2019-10-17T06:34:39.000,24.38,2.38,7.64,18.17,20.5,122122,-65.64,44.0,0.891
2019-10-17T06:35:39.000,24.35,2.42,7.56,18.18,20.5,122123,-65.71,45.0,0.891
2019-10-17T06:36:39.000,24.31,2.26,7.46,18.2,20.5,122124,-65.79,45.0,0.891
2019-10-17T06:37:39.000,24.27,2.33,7.41,18.21,20.5,122125,-65.86,45.0,0.891
2019-10-17T06:38:39.000,24.25,2.39,7.44,18.2,20.5,122126,-65.92,45.0,0.891
2019-10-17T06:39:40.000,24.24,2.4,7.36,18.21,20.5,122127,-65.99,45.0,0.891
2019-10-17T06:40:40.000,24.22,2.47,7.28,18.22,20.5,122128,-66.05,46.0,0.891
2019-10-17T06:41:40.000,24.19,2.43,7.2,18.24,20.5,122129,-66.12,46.0,0.891
2019-10-17T06:42:40.000,24.16,2.49,7.17,18.24,20.5,122130,-66.18,46.0,0.891
2019-10-17T06:43:40.000,24.13,2.46,7.14,18.25,20.5,122131,-66.23,46.0,0.891
2019-10-17T06:44:41.000,24.12,2.5,7.07,18.26,20.5,122132,-66.29,46.0,0.891
2019-10-17T06:46:41.000,24.07,2.33,6.96,18.27,20.5,122134,-66.39,47.0,0.89
2019-10-17T06:49:41.000,24.02,2.26,6.91,18.28,20.5,122137,-66.53,47.0,0.89
2019-10-17T06:50:42.000,23.98,2.17,6.83,18.29,20.5,122138,-66.58,48.0,0.89
2019-10-17T06:51:42.000,23.97,2.2,6.8,18.3,20.5,122139,-66.61,48.0,0.89
2019-10-17T06:52:42.000,23.96,2.15,6.75,18.31,20.5,122140,-66.65,48.0,0.89
2019-10-17T06:53:43.000,23.95,2.11,6.74,18.31,20.5,122141,-66.69,48.0,0.89
2019-10-17T06:54:43.000,23.94,2.17,6.74,18.31,20.5,122142,-66.72,48.0,0.89
2019-10-17T06:55:43.000,23.93,2.16,6.64,18.32,20.5,122143,-66.75,49.0,0.89
2019-10-17T06:56:43.000,23.91,2.16,6.57,18.34,20.5,122144,-66.78,49.0,0.89
2019-10-17T06:57:44.000,23.9,2.11,6.5,18.35,20.5,122145,-66.81,49.0,0.89
2019-10-17T06:58:44.000,23.9,2.14,6.5,18.35,20.5,122146,-66.83,49.0,0.89
