Downloads/jupyter/ECSV/stars19/stars19_2021-01.ecsv
# %ECSV 1.0
# ---
# datatype:
# - {name: time, datatype: string}
# - {name: Enclosure Temperature, unit: deg_C, datatype: float64}
# - {name: Sky Temperature, unit: deg_C, datatype: float64}
# - {name: Frequency, unit: Hz, datatype: float64}
# - {name: MSAS, unit: mag / arcsec2, datatype: float64}
# - {name: ZP, datatype: float64}
# - {name: Sequence Number, datatype: int64}
# - {name: Sun Alt, unit: deg, datatype: float64}
# - {name: Moon Alt, unit: deg, datatype: float64}
# - {name: Moon Illumination, datatype: float64}
# delimiter: ','
# meta: !!omap
# - ida:
#     Data supplier: {affiliation: null, observer: null}
#     Device type: TESS-W
#     Field of view: 17.0
#     Filters per channel: None
#     Instrument ID: stars19
#     License: ODbL 1.0 http://opendatacommons.org/licenses/odbl/summary/
#     Local timezone: America/Phoenix
#     Location name: {country: '- Tucson', place: Tucson, region: United States, sub_region: Arizona, town: Pima County}
#     Measurement direction per channel: {azimuth: 0.0, zenital: 0.0}
#     Moving / Fixed look direction: FIXED
#     Moving / Stationary position: STATIONARY
#     Number of channels: 1
#     Number of fields per line: 8
#     Number of header lines: 35
#     Position: {height: 0.0, latitude: 32.223877, longitude: -110.767532}
#     TESS MAC address: 18:FE:34:CF:EC:06
#     TESS cover offset value: 0.0
#     TESS firmware version: '1.0'
#     TESS zero point: 20.5
#     Time Synchronization: timestamp added by MQTT subscriber
#     URL: http://www.darksky.org/NSBM/sdf1.0.pdf
# - __serialized_columns__:
#     Enclosure Temperature:
#       __class__: astropy.units.quantity.Quantity
#       unit: &id001 !astropy.units.Unit {unit: deg_C}
#       value: !astropy.table.SerializedColumn {name: Enclosure Temperature}
#     Frequency:
#       __class__: astropy.units.quantity.Quantity
#       unit: !astropy.units.Unit {unit: Hz}
#       value: !astropy.table.SerializedColumn {name: Frequency}
#     MSAS:
#       __class__: astropy.units.quantity.Quantity
#       unit: !astropy.units.Unit {unit: mag / arcsec2}
#       value: !astropy.table.SerializedColumn {name: MSAS}
#     Moon Alt:
#       __class__: astropy.units.quantity.Quantity
#       unit: &id002 !astropy.units.Unit {unit: deg}
#       value: !astropy.table.SerializedColumn {name: Moon Alt}
#     Sky Temperature:
#       __class__: astropy.units.quantity.Quantity
#       unit: *id001
#       value: !astropy.table.SerializedColumn {name: Sky Temperature}
#     Sun Alt:
#       __class__: astropy.units.quantity.Quantity
#       unit: *id002
#       value: !astropy.table.SerializedColumn {name: Sun Alt}
#     time:
#       __class__: astropy.time.core.Time
#       format: isot
#       in_subfmt: '*'
#       out_subfmt: '*'
#       precision: 3
#       scale: utc
#       value: !astropy.table.SerializedColumn {name: time}
# schema: astropy-2.0
time,Enclosure Temperature,Sky Temperature,Frequency,MSAS,ZP,Sequence Number,Sun Alt,Moon Alt,Moon Illumination
[from data line 10178]
2021-01-10T00:54:33.000,14.56,-12.43,5000.67,11.13,20.5,202553,-4.4,-42.0,0.128
2021-01-10T00:55:33.000,14.54,-12.43,3933.84,11.4,20.5,202554,-4.6,-42.0,0.128
2021-01-10T00:56:33.000,14.5,-12.52,3079.87,11.66,20.5,202555,-4.79,-42.0,0.128
2021-01-10T00:57:33.000,14.44,-12.55,2403.08,11.93,20.5,202556,-4.99,-42.0,0.128
2021-01-10T00:58:33.000,14.43,-12.48,1874.65,12.2,20.5,202557,-5.18,-42.0,0.128
2021-01-10T00:59:33.000,14.4,-12.55,1459.53,12.47,20.5,202558,-5.38,-43.0,0.128
2021-01-10T01:00:33.000,14.38,-12.41,1137.03,12.74,20.5,202559,-5.57,-43.0,0.128
2021-01-10T01:01:33.000,14.35,-12.53,887.09,13.01,20.5,202560,-5.77,-43.0,0.128
2021-01-10T01:02:34.000,14.32,-12.51,691.62,13.28,20.5,202561,-5.97,-43.0,0.128
2021-01-10T01:03:34.000,14.3,-12.55,539.73,13.55,20.5,202562,-6.16,-43.0,0.128
2021-01-10T01:04:34.000,14.27,-12.59,421.57,13.82,20.5,202563,-6.36,-44.0,0.127
2021-01-10T01:06:34.000,14.21,-12.69,258.81,14.35,20.5,202565,-6.75,-44.0,0.127
2021-01-10T01:07:34.000,14.17,-12.61,203.78,14.61,20.5,202566,-6.95,-44.0,0.127
2021-01-10T01:08:34.000,14.17,-12.63,160.97,14.87,20.5,202567,-7.14,-44.0,0.127
2021-01-10T01:09:34.000,14.16,-12.62,127.48,15.12,20.5,202568,-7.34,-45.0,0.127
2021-01-10T01:10:34.000,14.14,-12.67,101.8,15.36,20.5,202569,-7.54,-45.0,0.127
2021-01-10T01:11:34.000,14.14,-12.64,81.93,15.6,20.5,202570,-7.73,-45.0,0.127
2021-01-10T01:12:34.000,14.12,-12.78,66.25,15.83,20.5,202571,-7.93,-45.0,0.127
2021-01-10T01:13:35.000,14.11,-12.73,53.83,16.05,20.5,202572,-8.13,-45.0,0.127
2021-01-10T01:14:34.000,14.08,-12.85,44.74,16.26,20.5,202573,-8.33,-46.0,0.127
2021-01-10T01:15:35.000,14.06,-12.76,36.91,16.46,20.5,202574,-8.53,-46.0,0.127
2021-01-10T01:16:35.000,14.05,-12.8,30.55,16.67,20.5,202575,-8.73,-46.0,0.127
2021-01-10T01:17:35.000,14.02,-12.87,25.37,16.87,20.5,202576,-8.92,-46.0,0.127
2021-01-10T01:18:35.000,13.97,-12.94,21.5,17.05,20.5,202577,-9.12,-46.0,0.127
2021-01-10T01:19:35.000,13.96,-12.79,18.14,17.23,20.5,202578,-9.32,-47.0,0.127
2021-01-10T01:20:35.000,13.93,-12.85,15.46,17.41,20.5,202579,-9.52,-47.0,0.127
2021-01-10T01:21:35.000,13.91,-12.88,13.25,17.58,20.5,202580,-9.72,-47.0,0.127
2021-01-10T01:22:35.000,13.9,-12.88,11.1,17.77,20.5,202581,-9.92,-47.0,0.126
2021-01-10T01:23:35.000,13.86,-12.88,9.38,17.95,20.5,202582,-10.12,-47.0,0.126
2021-01-10T01:24:35.000,13.82,-12.9,8.07,18.11,20.5,202583,-10.31,-48.0,0.126
2021-01-10T01:25:36.000,13.81,-12.87,6.92,18.28,20.5,202584,-10.52,-48.0,0.126
2021-01-10T01:26:35.000,13.81,-12.79,6.02,18.43,20.5,202585,-10.71,-48.0,0.126
2021-01-10T01:27:35.000,13.8,-12.89,5.25,18.58,20.5,202586,-10.91,-48.0,0.126
2021-01-10T01:28:35.000,13.76,-12.89,4.73,18.7,20.5,202587,-11.11,-48.0,0.126
2021-01-10T01:30:37.000,13.72,-12.8,3.62,18.98,20.5,202589,-11.52,-49.0,0.126
2021-01-10T01:31:37.000,13.7,-12.87,3.38,19.06,20.5,202590,-11.72,-49.0,0.126
2021-01-10T01:32:37.000,13.63,-13.0,2.99,19.19,20.5,202591,-11.92,-49.0,0.126
2021-01-10T01:33:38.000,13.6,-12.9,2.73,19.29,20.5,202592,-12.12,-49.0,0.126
2021-01-10T01:34:37.000,13.66,-12.75,2.47,19.4,20.5,202593,-12.32,-50.0,0.126
2021-01-10T01:35:38.000,13.59,-13.05,2.35,19.45,20.5,202594,-12.52,-50.0,0.126
2021-01-10T01:36:38.000,13.56,-13.04,2.16,19.54,20.5,202595,-12.73,-50.0,0.126
2021-01-10T01:37:38.000,13.56,-12.9,2.09,19.58,20.5,202596,-12.93,-50.0,0.126
2021-01-10T01:38:38.000,13.57,-12.87,1.96,19.65,20.5,202597,-13.13,-50.0,0.126
2021-01-10T01:39:38.000,13.57,-12.89,1.88,19.69,20.5,202598,-13.33,-51.0,0.126
2021-01-10T01:40:38.000,13.56,-12.97,1.82,19.73,20.5,202599,-13.53,-51.0,0.126
2021-01-10T01:42:38.000,13.57,-12.86,1.73,19.79,20.5,202601,-13.93,-51.0,0.125
2021-01-10T01:43:38.000,13.55,-12.89,1.69,19.81,20.5,202602,-14.14,-51.0,0.125
2021-01-10T01:44:38.000,13.57,-12.84,1.7,19.8,20.5,202603,-14.34,-52.0,0.125
2021-01-10T01:45:38.000,13.57,-12.84,1.68,19.82,20.5,202604,-14.54,-52.0,0.125
2021-01-10T01:46:38.000,13.57,-12.82,1.66,19.83,20.5,202605,-14.74,-52.0,0.125
2021-01-10T01:48:38.000,13.56,-12.91,1.6,19.87,20.5,202607,-15.15,-52.0,0.125
2021-01-10T01:49:38.000,13.54,-12.85,1.6,19.87,20.5,202608,-15.35,-53.0,0.125
2021-01-10T01:50:39.000,13.52,-12.98,1.6,19.87,20.5,202609,-15.55,-53.0,0.125
2021-01-10T01:51:39.000,13.47,-13.02,1.59,19.88,20.5,202610,-15.76,-53.0,0.125
2021-01-10T01:52:39.000,13.36,-13.52,1.57,19.89,20.5,202611,-15.96,-53.0,0.125
2021-01-10T01:54:39.000,13.15,-13.27,1.56,19.9,20.5,202613,-16.37,-54.0,0.125
2021-01-10T01:55:39.000,13.16,-13.04,1.57,19.89,20.5,202614,-16.57,-54.0,0.125
2021-01-10T01:56:39.000,13.17,-13.09,1.57,19.89,20.5,202615,-16.77,-54.0,0.125
2021-01-10T01:57:39.000,13.2,-12.86,1.59,19.88,20.5,202616,-16.98,-54.0,0.125
2021-01-10T01:58:39.000,13.23,-13.01,1.56,19.9,20.5,202617,-17.18,-54.0,0.125
2021-01-10T02:00:39.000,13.19,-13.07,1.56,19.9,20.5,202619,-17.59,-55.0,0.124
2021-01-10T02:01:39.000,13.2,-12.83,1.56,19.9,20.5,202620,-17.79,-55.0,0.124
2021-01-10T02:02:39.000,13.26,-12.88,1.55,19.9,20.5,202621,-18.0,-55.0,0.124
2021-01-10T02:03:39.000,13.27,-12.94,1.54,19.91,20.5,202622,-18.2,-55.0,0.124
2021-01-10T02:04:39.000,13.26,-12.94,1.53,19.92,20.5,202623,-18.4,-56.0,0.124
2021-01-10T02:06:40.000,13.33,-12.79,1.54,19.91,20.5,202625,-18.82,-56.0,0.124
2021-01-10T02:07:40.000,13.33,-12.95,1.54,19.91,20.5,202626,-19.02,-56.0,0.124
2021-01-10T02:08:40.000,13.29,-12.99,1.53,19.92,20.5,202627,-19.23,-56.0,0.124
2021-01-10T02:09:40.000,13.23,-13.07,1.52,19.92,20.5,202628,-19.43,-57.0,0.124
2021-01-10T02:10:40.000,13.2,-12.93,1.54,19.91,20.5,202629,-19.64,-57.0,0.124
2021-01-10T02:12:40.000,13.25,-12.82,1.54,19.91,20.5,202631,-20.05,-57.0,0.124
2021-01-10T02:14:40.000,13.25,-12.96,1.54,19.91,20.5,202633,-20.46,-58.0,0.124
2021-01-10T02:15:40.000,13.22,-13.01,1.54,19.91,20.5,202634,-20.66,-58.0,0.124
2021-01-10T02:16:40.000,13.21,-13.05,1.54,19.91,20.5,202635,-20.87,-58.0,0.124
2021-01-10T02:18:40.000,13.11,-13.08,1.53,19.92,20.5,202637,-21.28,-58.0,0.123
2021-01-10T02:19:40.000,13.1,-12.97,1.53,19.92,20.5,202638,-21.48,-59.0,0.123
2021-01-10T02:20:40.000,13.07,-12.98,1.54,19.91,20.5,202639,-21.69,-59.0,0.123
2021-01-10T02:21:40.000,13.05,-13.05,1.54,19.91,20.5,202640,-21.9,-59.0,0.123
2021-01-10T02:23:41.000,12.96,-13.17,1.54,19.91,20.5,202642,-22.31,-59.0,0.123
2021-01-10T02:24:41.000,12.94,-13.09,1.61,19.86,20.5,202643,-22.52,-60.0,0.123
2021-01-10T02:25:41.000,12.91,-13.16,1.59,19.88,20.5,202644,-22.73,-60.0,0.123
2021-01-10T02:26:41.000,12.9,-13.05,1.59,19.88,20.5,202645,-22.93,-60.0,0.123
2021-01-10T02:27:41.000,12.9,-13.1,1.58,19.88,20.5,202646,-23.14,-60.0,0.123
2021-01-10T02:28:41.000,12.86,-13.14,1.63,19.85,20.5,202647,-23.34,-60.0,0.123
2021-01-10T02:29:41.000,12.86,-13.08,1.54,19.91,20.5,202648,-23.55,-61.0,0.123
2021-01-10T02:30:41.000,12.85,-13.1,1.54,19.91,20.5,202649,-23.76,-61.0,0.123
2021-01-10T02:32:41.000,12.8,-13.13,1.57,19.89,20.5,202651,-24.17,-61.0,0.123
2021-01-10T02:33:42.000,12.75,-13.18,1.55,19.9,20.5,202652,-24.38,-61.0,0.123
2021-01-10T02:35:41.000,12.68,-13.15,1.55,19.9,20.5,202654,-24.79,-62.0,0.123
2021-01-10T02:38:42.000,12.64,-13.15,1.55,19.9,20.5,202657,-25.42,-62.0,0.122
2021-01-10T02:39:42.000,12.6,-13.19,1.54,19.91,20.5,202658,-25.63,-63.0,0.122
2021-01-10T02:42:42.000,12.51,-13.2,1.52,19.92,20.5,202661,-26.25,-63.0,0.122
2021-01-10T02:44:45.000,12.49,-13.19,1.52,19.92,20.5,202663,-26.68,-63.0,0.122
2021-01-10T02:45:45.000,12.47,-13.23,1.52,19.92,20.5,202664,-26.88,-64.0,0.122
2021-01-10T02:46:45.000,12.46,-13.18,1.53,19.92,20.5,202665,-27.09,-64.0,0.122
2021-01-10T02:47:45.000,12.46,-13.22,1.52,19.92,20.5,202666,-27.3,-64.0,0.122
2021-01-10T02:48:45.000,12.42,-13.4,1.52,19.93,20.5,202667,-27.51,-64.0,0.122
2021-01-10T02:49:45.000,12.36,-13.43,1.55,19.91,20.5,202668,-27.72,-64.0,0.122
2021-01-10T02:50:45.000,12.34,-13.41,1.59,19.88,20.5,202669,-27.93,-65.0,0.122
2021-01-10T02:51:45.000,12.32,-13.38,1.55,19.91,20.5,202670,-28.13,-65.0,0.122
2021-01-10T02:52:45.000,12.31,-13.4,1.54,19.91,20.5,202671,-28.34,-65.0,0.122
2021-01-10T02:53:45.000,12.29,-13.43,1.53,19.92,20.5,202672,-28.55,-65.0,0.122
2021-01-10T02:54:45.000,12.27,-13.46,1.53,19.92,20.5,202673,-28.76,-65.0,0.122
2021-01-10T02:55:46.000,12.2,-13.57,1.53,19.92,20.5,202674,-28.97,-66.0,0.122
2021-01-10T02:56:45.000,12.17,-13.54,1.53,19.92,20.5,202675,-29.18,-66.0,0.121
2021-01-10T02:57:46.000,12.14,-13.58,1.53,19.91,20.5,202676,-29.39,-66.0,0.121
2021-01-10T02:58:46.000,12.11,-13.6,1.61,19.87,20.5,202677,-29.6,-66.0,0.121
2021-01-10T02:59:46.000,12.05,-13.64,1.54,19.91,20.5,202678,-29.81,-66.0,0.121
2021-01-10T03:00:46.000,12.03,-13.51,1.54,19.91,20.5,202679,-30.02,-67.0,0.121
2021-01-10T03:01:46.000,12.02,-13.54,1.6,19.87,20.5,202680,-30.23,-67.0,0.121
2021-01-10T03:02:46.000,12.01,-13.54,1.63,19.86,20.5,202681,-30.44,-67.0,0.121
2021-01-10T03:03:46.000,12.0,-13.7,1.59,19.88,20.5,202682,-30.65,-67.0,0.121
2021-01-10T03:04:46.000,11.95,-13.92,1.54,19.91,20.5,202683,-30.85,-67.0,0.121
2021-01-10T03:05:46.000,11.94,-13.79,1.54,19.91,20.5,202684,-31.06,-67.0,0.121
2021-01-10T03:06:46.000,11.92,-13.91,1.55,19.91,20.5,202685,-31.27,-68.0,0.121
2021-01-10T03:07:53.000,11.86,-13.89,1.54,19.91,20.5,202686,-31.51,-68.0,0.121
2021-01-10T03:08:53.000,11.83,-13.83,1.54,19.91,20.5,202687,-31.72,-68.0,0.121
2021-01-10T03:09:53.000,11.79,-13.87,1.54,19.91,20.5,202688,-31.93,-68.0,0.121
2021-01-10T03:10:53.000,11.76,-13.89,1.53,19.92,20.5,202689,-32.14,-68.0,0.121
2021-01-10T03:12:54.000,11.68,-13.78,1.52,19.92,20.5,202691,-32.56,-69.0,0.121
2021-01-10T03:13:54.000,11.66,-13.84,1.52,19.93,20.5,202692,-32.77,-69.0,0.121
2021-01-10T03:17:54.000,11.56,-13.78,1.51,19.93,20.5,202696,-33.61,-70.0,0.12
2021-01-10T03:23:55.000,11.39,-14.18,1.51,19.94,20.5,202702,-34.87,-71.0,0.12
2021-01-10T03:28:55.000,11.14,-14.05,1.56,19.9,20.5,202707,-35.93,-72.0,0.12
2021-01-10T03:32:55.000,11.03,-14.2,1.49,19.95,20.5,202711,-36.77,-72.0,0.12
2021-01-10T03:33:55.000,11.01,-14.12,1.49,19.94,20.5,202712,-36.98,-72.0,0.119
2021-01-10T03:34:56.000,10.98,-14.11,1.49,19.95,20.5,202713,-37.19,-73.0,0.119
2021-01-10T03:35:55.000,10.94,-14.27,1.48,19.95,20.5,202714,-37.4,-73.0,0.119
2021-01-10T03:36:55.000,10.89,-14.38,1.46,19.97,20.5,202715,-37.61,-73.0,0.119
2021-01-10T03:37:55.000,10.83,-14.38,1.47,19.96,20.5,202716,-37.82,-73.0,0.119
2021-01-10T03:38:55.000,10.72,-14.69,1.46,19.97,20.5,202717,-38.03,-73.0,0.119
2021-01-10T03:39:56.000,10.64,-14.47,1.46,19.97,20.5,202718,-38.25,-73.0,0.119
2021-01-10T03:40:56.000,10.59,-14.46,1.46,19.97,20.5,202719,-38.46,-74.0,0.119
2021-01-10T03:41:56.000,10.56,-14.5,1.46,19.97,20.5,202720,-38.67,-74.0,0.119
2021-01-10T03:42:56.000,10.55,-14.35,1.46,19.97,20.5,202721,-38.88,-74.0,0.119
2021-01-10T03:43:56.000,10.54,-14.35,1.46,19.97,20.5,202722,-39.09,-74.0,0.119
2021-01-10T03:44:56.000,10.53,-14.45,1.46,19.97,20.5,202723,-39.3,-74.0,0.119
2021-01-10T03:45:56.000,10.49,-14.47,1.45,19.97,20.5,202724,-39.51,-74.0,0.119
2021-01-10T03:46:56.000,10.46,-14.45,1.46,19.97,20.5,202725,-39.73,-74.0,0.119
2021-01-10T03:47:56.000,10.44,-14.46,1.49,19.95,20.5,202726,-39.94,-75.0,0.119
2021-01-10T03:48:56.000,10.41,-14.47,1.48,19.95,20.5,202727,-40.15,-75.0,0.119
2021-01-10T03:49:56.000,10.38,-14.52,1.45,19.98,20.5,202728,-40.36,-75.0,0.119
2021-01-10T03:50:57.000,10.37,-14.48,1.44,19.98,20.5,202729,-40.57,-75.0,0.119
2021-01-10T03:57:57.000,10.07,-14.86,1.44,19.98,20.5,202736,-42.05,-76.0,0.118
2021-01-10T04:02:58.000,10.53,-15.17,1.45,19.98,20.5,202741,-43.11,-77.0,0.118
2021-01-10T04:06:58.000,10.43,-14.78,1.42,20.0,20.5,202745,-43.96,-77.0,0.118
2021-01-10T04:08:58.000,10.24,-14.91,1.42,20.0,20.5,202747,-44.38,-77.0,0.118
2021-01-10T04:11:58.000,10.09,-14.85,1.42,20.0,20.5,202750,-45.01,-78.0,0.117
2021-01-10T04:13:59.000,10.04,-14.82,1.42,20.0,20.5,202752,-45.44,-78.0,0.117
2021-01-10T04:14:59.000,10.01,-14.89,1.41,20.01,20.5,202753,-45.65,-78.0,0.117
2021-01-10T04:15:59.000,10.02,-15.02,1.41,20.0,20.5,202754,-45.86,-78.0,0.117
2021-01-10T04:16:59.000,10.32,-15.08,1.42,20.0,20.5,202755,-46.08,-78.0,0.117
2021-01-10T04:17:59.000,10.56,-15.15,1.41,20.01,20.5,202756,-46.29,-78.0,0.117
2021-01-10T04:18:59.000,10.67,-15.19,1.41,20.01,20.5,202757,-46.5,-78.0,0.117
2021-01-10T04:19:59.000,10.66,-15.18,1.41,20.01,20.5,202758,-46.71,-78.0,0.117
2021-01-10T04:20:59.000,10.58,-15.54,1.41,20.01,20.5,202759,-46.92,-78.0,0.117
2021-01-10T04:21:59.000,10.4,-15.55,1.41,20.01,20.5,202760,-47.13,-79.0,0.117
2021-01-10T04:22:59.000,10.28,-15.32,1.41,20.01,20.5,202761,-47.34,-79.0,0.117
2021-01-10T04:23:59.000,10.16,-15.47,1.41,20.01,20.5,202762,-47.55,-79.0,0.117
2021-01-10T04:24:59.000,9.99,-15.64,1.41,20.01,20.5,202763,-47.77,-79.0,0.117
2021-01-10T04:26:05.000,10.08,-15.57,1.41,20.01,20.5,202764,-48.0,-79.0,0.117
2021-01-10T04:30:05.000,10.57,-15.91,1.41,20.0,20.5,202768,-48.84,-79.0,0.117
2021-01-10T04:32:05.000,10.3,-15.7,1.41,20.0,20.5,202770,-49.26,-79.0,0.116
2021-01-10T04:35:05.000,9.98,-15.52,1.41,20.01,20.5,202773,-49.9,-79.0,0.116
2021-01-10T04:36:05.000,10.12,-15.72,1.41,20.01,20.5,202774,-50.11,-79.0,0.116
2021-01-10T04:37:06.000,10.55,-15.96,1.41,20.0,20.5,202775,-50.32,-79.0,0.116
2021-01-10T04:38:05.000,10.73,-16.0,1.42,20.0,20.5,202776,-50.53,-79.0,0.116
2021-01-10T04:39:06.000,10.75,-16.0,1.42,20.0,20.5,202777,-50.74,-79.0,0.116
2021-01-10T04:40:06.000,10.61,-16.08,1.42,20.0,20.5,202778,-50.96,-79.0,0.116
2021-01-10T04:41:06.000,10.52,-15.52,1.42,20.0,20.5,202779,-51.17,-79.0,0.116
2021-01-10T04:43:06.000,10.28,-15.63,1.41,20.0,20.5,202781,-51.59,-79.0,0.116
2021-01-10T04:46:06.000,10.0,-15.56,1.41,20.01,20.5,202784,-52.22,-79.0,0.116
2021-01-10T04:47:06.000,10.33,-15.81,1.41,20.01,20.5,202785,-52.43,-79.0,0.116
2021-01-10T04:52:06.000,10.52,-15.71,1.42,20.0,20.5,202790,-53.48,-79.0,0.115
2021-01-10T04:55:07.000,10.13,-15.63,1.42,20.0,20.5,202793,-54.11,-79.0,0.115
2021-01-10T04:59:07.000,10.56,-15.56,1.38,20.03,20.5,202797,-54.95,-78.0,0.115
2021-01-10T05:05:07.000,10.29,-15.18,1.38,20.03,20.5,202803,-56.21,-78.0,0.115
2021-01-10T05:11:08.000,10.95,-15.28,1.3,20.09,20.5,202809,-57.47,-77.0,0.114
2021-01-10T05:14:13.000,10.9,-15.38,1.3,20.1,20.5,202812,-58.11,-77.0,0.114
2021-01-10T05:15:13.000,10.76,-15.23,1.3,20.1,20.5,202813,-58.32,-77.0,0.114
2021-01-10T05:16:13.000,10.62,-15.21,1.3,20.1,20.5,202814,-58.52,-77.0,0.114
2021-01-10T05:17:13.000,10.47,-15.24,1.29,20.1,20.5,202815,-58.73,-77.0,0.114
2021-01-10T05:18:13.000,10.33,-15.31,1.29,20.1,20.5,202816,-58.94,-76.0,0.114
2021-01-10T05:19:13.000,10.2,-15.14,1.29,20.1,20.5,202817,-59.15,-76.0,0.114
2021-01-10T05:20:13.000,10.05,-15.3,1.29,20.1,20.5,202818,-59.35,-76.0,0.114
2021-01-10T05:21:13.000,10.0,-15.36,1.29,20.1,20.5,202819,-59.56,-76.0,0.114
2021-01-10T05:22:13.000,10.31,-15.63,1.35,20.06,20.5,202820,-59.77,-76.0,0.114
2021-01-10T05:23:14.000,10.58,-15.49,1.3,20.09,20.5,202821,-59.98,-76.0,0.114
2021-01-10T05:24:14.000,10.64,-15.52,1.29,20.1,20.5,202822,-60.18,-76.0,0.114
2021-01-10T05:25:14.000,10.61,-15.6,1.29,20.11,20.5,202823,-60.39,-76.0,0.114
2021-01-10T05:26:14.000,10.5,-15.34,1.29,20.11,20.5,202824,-60.6,-75.0,0.114
2021-01-10T05:27:14.000,10.42,-15.39,1.28,20.11,20.5,202825,-60.8,-75.0,0.114
2021-01-10T05:28:14.000,10.27,-15.34,1.28,20.11,20.5,202826,-61.01,-75.0,0.114
2021-01-10T05:29:14.000,10.13,-15.37,1.28,20.11,20.5,202827,-61.21,-75.0,0.113
2021-01-10T05:30:14.000,10.01,-15.35,1.28,20.11,20.5,202828,-61.42,-75.0,0.113
2021-01-10T05:31:14.000,10.09,-15.35,1.27,20.12,20.5,202829,-61.63,-75.0,0.113
2021-01-10T05:32:14.000,10.42,-15.44,1.27,20.12,20.5,202830,-61.83,-74.0,0.113
2021-01-10T05:33:14.000,10.59,-15.3,1.27,20.12,20.5,202831,-62.04,-74.0,0.113
2021-01-10T05:34:14.000,10.63,-15.3,1.27,20.12,20.5,202832,-62.24,-74.0,0.113
2021-01-10T05:35:14.000,10.68,-15.09,1.27,20.12,20.5,202833,-62.45,-74.0,0.113
2021-01-10T05:36:14.000,10.59,-15.17,1.28,20.12,20.5,202834,-62.65,-74.0,0.113
2021-01-10T05:37:14.000,10.52,-15.15,1.28,20.12,20.5,202835,-62.85,-74.0,0.113
2021-01-10T05:38:14.000,10.4,-15.29,1.27,20.12,20.5,202836,-63.06,-74.0,0.113
