Downloads/jupyter/ECSV/stars19/stars19_2019-08.ecsv
# %ECSV 1.0
# ---
# datatype:
# - {name: time, datatype: string}
# - {name: Enclosure Temperature, unit: deg_C, datatype: float64}
# - {name: Sky Temperature, unit: deg_C, datatype: float64}
# - {name: Frequency, unit: Hz, datatype: float64}
# - {name: MSAS, unit: mag / arcsec2, datatype: float64}
# - {name: ZP, datatype: float64}
# - {name: Sequence Number, datatype: int64}
# - {name: Sun Alt, unit: deg, datatype: float64}
# - {name: Moon Alt, unit: deg, datatype: float64}
# - {name: Moon Illumination, datatype: float64}
# delimiter: ','
# meta: !!omap
# - ida:
#     Data supplier: {affiliation: null, observer: null}
#     Device type: TESS-W
#     Field of view: 17.0
#     Filters per channel: None
#     Instrument ID: stars19
#     License: ODbL 1.0 http://opendatacommons.org/licenses/odbl/summary/
#     Local timezone: America/Phoenix
#     Location name: {country: '- Tucson', place: Tucson, region: United States, sub_region: Arizona, town: Pima County}
#     Measurement direction per channel: {azimuth: 0.0, zenital: 0.0}
#     Moving / Fixed look direction: FIXED
#     Moving / Stationary position: STATIONARY
#     Number of channels: 1
#     Number of fields per line: 8
#     Number of header lines: 35
#     Position: {height: 0.0, latitude: 32.223877, longitude: -110.767532}
#     TESS MAC address: 18:FE:34:CF:EC:06
#     TESS cover offset value: 0.0
#     TESS firmware version: '1.0'
#     TESS zero point: 20.5
#     Time Synchronization: timestamp added by MQTT subscriber
#     URL: http://www.darksky.org/NSBM/sdf1.0.pdf
# - __serialized_columns__:
#     Enclosure Temperature:
#       __class__: astropy.units.quantity.Quantity
#       unit: &id001 !astropy.units.Unit {unit: deg_C}
#       value: !astropy.table.SerializedColumn {name: Enclosure Temperature}
#     Frequency:
#       __class__: astropy.units.quantity.Quantity
#       unit: !astropy.units.Unit {unit: Hz}
#       value: !astropy.table.SerializedColumn {name: Frequency}
#     MSAS:
#       __class__: astropy.units.quantity.Quantity
#       unit: !astropy.units.Unit {unit: mag / arcsec2}
#       value: !astropy.table.SerializedColumn {name: MSAS}
#     Moon Alt:
#       __class__: astropy.units.quantity.Quantity
#       unit: &id002 !astropy.units.Unit {unit: deg}
#       value: !astropy.table.SerializedColumn {name: Moon Alt}
#     Sky Temperature:
#       __class__: astropy.units.quantity.Quantity
#       unit: *id001
#       value: !astropy.table.SerializedColumn {name: Sky Temperature}
#     Sun Alt:
#       __class__: astropy.units.quantity.Quantity
#       unit: *id002
#       value: !astropy.table.SerializedColumn {name: Sun Alt}
#     time:
#       __class__: astropy.time.core.Time
#       format: isot
#       in_subfmt: '*'
#       out_subfmt: '*'
#       precision: 3
#       scale: utc
#       value: !astropy.table.SerializedColumn {name: time}
# schema: astropy-2.0
time,Enclosure Temperature,Sky Temperature,Frequency,MSAS,ZP,Sequence Number,Sun Alt,Moon Alt,Moon Illumination
[from data line 13331]
2019-08-26T03:47:23.000,34.4,15.36,1.37,20.04,20.5,47535,-22.74,-36.0,0.242
2019-08-26T03:48:24.000,34.38,15.31,1.37,20.04,20.5,47536,-22.93,-36.0,0.242
2019-08-26T03:49:24.000,34.36,15.32,1.38,20.03,20.5,47537,-23.11,-36.0,0.242
2019-08-26T03:50:25.000,34.36,15.26,1.38,20.03,20.5,47538,-23.3,-36.0,0.242
2019-08-26T03:51:26.000,34.35,15.28,1.38,20.03,20.5,47539,-23.48,-36.0,0.242
2019-08-26T03:52:26.000,34.33,15.18,1.37,20.04,20.5,47540,-23.66,-36.0,0.242
2019-08-26T03:53:27.000,34.32,15.13,1.37,20.04,20.5,47541,-23.85,-36.0,0.242
2019-08-26T03:55:27.000,34.3,15.15,1.36,20.05,20.5,47543,-24.21,-36.0,0.241
2019-08-26T03:56:27.000,34.28,15.06,1.36,20.05,20.5,47544,-24.39,-36.0,0.241
2019-08-26T03:57:28.000,34.26,15.02,1.36,20.05,20.5,47545,-24.57,-36.0,0.241
2019-08-26T03:58:29.000,34.25,15.03,1.36,20.05,20.5,47546,-24.76,-36.0,0.241
2019-08-26T03:59:29.000,34.22,14.97,1.36,20.05,20.5,47547,-24.94,-36.0,0.241
2019-08-26T04:00:30.000,34.22,14.94,1.36,20.05,20.5,47548,-25.12,-36.0,0.241
2019-08-26T04:01:31.000,34.19,15.0,1.35,20.05,20.5,47549,-25.3,-36.0,0.241
2019-08-26T04:02:31.000,34.19,14.97,1.35,20.05,20.5,47550,-25.48,-36.0,0.241
2019-08-26T04:03:32.000,34.18,14.96,1.35,20.05,20.5,47551,-25.66,-36.0,0.241
2019-08-26T04:04:32.000,34.16,14.92,1.36,20.05,20.5,47552,-25.84,-35.0,0.241
2019-08-26T04:05:32.000,34.15,14.94,1.36,20.05,20.5,47553,-26.01,-35.0,0.241
2019-08-26T04:06:33.000,34.14,14.91,1.36,20.05,20.5,47554,-26.19,-35.0,0.241
2019-08-26T04:07:35.000,34.11,14.91,1.36,20.05,20.5,47555,-26.38,-35.0,0.241
2019-08-26T04:08:36.000,34.08,14.94,1.36,20.05,20.5,47556,-26.56,-35.0,0.241
2019-08-26T04:09:37.000,34.05,14.88,1.36,20.04,20.5,47557,-26.73,-35.0,0.24
2019-08-26T04:10:37.000,34.04,14.94,1.36,20.04,20.5,47558,-26.91,-35.0,0.24
2019-08-26T04:13:38.000,33.97,14.82,1.36,20.04,20.5,47561,-27.44,-35.0,0.24
2019-08-26T04:15:38.000,33.9,14.82,1.36,20.04,20.5,47563,-27.78,-35.0,0.24
2019-08-26T04:19:39.000,33.86,14.73,1.35,20.05,20.5,47567,-28.47,-35.0,0.24
2019-08-26T04:20:40.000,33.86,14.74,1.35,20.05,20.5,47568,-28.65,-35.0,0.24
2019-08-26T04:21:40.000,33.87,14.7,1.36,20.05,20.5,47569,-28.82,-35.0,0.24
2019-08-26T04:22:40.000,33.86,14.65,1.36,20.05,20.5,47570,-28.99,-35.0,0.24
2019-08-26T04:24:41.000,33.85,14.53,1.36,20.05,20.5,47572,-29.33,-34.0,0.239
2019-08-26T04:25:41.000,33.83,14.55,1.35,20.05,20.5,47573,-29.5,-34.0,0.239
2019-08-26T04:26:42.000,33.85,14.53,1.35,20.05,20.5,47574,-29.67,-34.0,0.239
2019-08-26T04:27:43.000,33.85,14.48,1.35,20.05,20.5,47575,-29.84,-34.0,0.239
2019-08-26T04:28:43.000,33.83,14.45,1.36,20.05,20.5,47576,-30.01,-34.0,0.239
2019-08-26T04:31:45.000,33.81,14.55,1.41,20.01,20.5,47579,-30.52,-34.0,0.239
2019-08-26T04:32:46.000,33.8,14.6,1.54,19.91,20.5,47580,-30.68,-34.0,0.239
2019-08-26T04:33:46.000,33.81,14.61,1.55,19.9,20.5,47581,-30.85,-34.0,0.239
2019-08-26T04:34:50.000,33.8,14.58,1.52,19.92,20.5,47582,-31.02,-34.0,0.239
2019-08-26T04:35:50.000,33.78,14.56,1.51,19.93,20.5,47583,-31.19,-34.0,0.239
2019-08-26T04:38:53.000,33.72,14.48,1.56,19.9,20.5,47586,-31.69,-34.0,0.239
2019-08-26T04:42:54.000,33.66,14.44,1.36,20.05,20.5,47590,-32.33,-33.0,0.238
2019-08-26T04:43:54.000,33.64,14.48,1.35,20.05,20.5,47591,-32.49,-33.0,0.238
2019-08-26T04:44:55.000,33.64,14.48,1.35,20.05,20.5,47592,-32.65,-33.0,0.238
2019-08-26T04:45:55.000,33.61,14.42,1.35,20.05,20.5,47593,-32.81,-33.0,0.238
2019-08-26T04:46:56.000,33.59,14.45,1.35,20.05,20.5,47594,-32.97,-33.0,0.238
2019-08-26T04:48:56.000,33.56,14.41,1.35,20.06,20.5,47596,-33.29,-33.0,0.238
2019-08-26T04:50:58.000,33.53,14.37,1.35,20.06,20.5,47598,-33.61,-33.0,0.238
2019-08-26T04:51:58.000,33.52,14.4,1.35,20.05,20.5,47599,-33.76,-33.0,0.238
2019-08-26T04:52:59.000,33.5,14.4,1.35,20.05,20.5,47600,-33.92,-32.0,0.238
2019-08-26T04:53:59.000,33.47,14.37,1.35,20.06,20.5,47601,-34.07,-32.0,0.238
2019-08-26T04:54:59.000,33.44,14.38,1.35,20.06,20.5,47602,-34.23,-32.0,0.237
2019-08-26T04:55:59.000,33.39,14.34,1.36,20.04,20.5,47603,-34.38,-32.0,0.237
2019-08-26T04:56:59.000,33.37,14.39,1.38,20.03,20.5,47604,-34.53,-32.0,0.237
2019-08-26T04:58:00.000,33.36,14.39,1.36,20.05,20.5,47605,-34.69,-32.0,0.237
2019-08-26T04:59:00.000,33.34,14.36,1.35,20.05,20.5,47606,-34.84,-32.0,0.237
2019-08-26T05:00:00.000,33.32,14.3,1.34,20.06,20.5,47607,-34.99,-32.0,0.237
2019-08-26T05:01:00.000,33.28,14.3,1.33,20.07,20.5,47608,-35.14,-32.0,0.237
2019-08-26T05:02:00.000,33.28,14.3,1.34,20.06,20.5,47609,-35.29,-32.0,0.237
2019-08-26T05:03:01.000,33.25,14.27,1.34,20.06,20.5,47610,-35.44,-32.0,0.237
2019-08-26T05:04:01.000,33.2,14.26,1.33,20.07,20.5,47611,-35.59,-32.0,0.237
2019-08-26T05:05:01.000,33.19,14.25,1.33,20.07,20.5,47612,-35.74,-31.0,0.237
2019-08-26T05:06:01.000,33.17,14.26,1.32,20.07,20.5,47613,-35.88,-31.0,0.237
2019-08-26T05:07:01.000,33.16,14.3,1.32,20.08,20.5,47614,-36.03,-31.0,0.237
2019-08-26T05:08:01.000,33.15,14.29,1.32,20.08,20.5,47615,-36.17,-31.0,0.237
2019-08-26T05:09:02.000,33.16,14.31,1.32,20.08,20.5,47616,-36.32,-31.0,0.237
2019-08-26T05:10:02.000,33.18,14.28,1.32,20.08,20.5,47617,-36.47,-31.0,0.236
2019-08-26T05:17:03.000,33.19,14.0,1.3,20.1,20.5,47624,-37.46,-30.0,0.236
2019-08-26T05:18:03.000,33.18,14.0,1.3,20.1,20.5,47625,-37.6,-30.0,0.236
2019-08-26T05:19:03.000,33.18,13.96,1.3,20.1,20.5,47626,-37.74,-30.0,0.236
2019-08-26T05:20:03.000,33.17,13.92,1.3,20.1,20.5,47627,-37.87,-30.0,0.236
2019-08-26T05:21:04.000,33.15,13.9,1.29,20.1,20.5,47628,-38.01,-30.0,0.236
2019-08-26T05:22:04.000,33.15,13.86,1.29,20.1,20.5,47629,-38.15,-30.0,0.236
2019-08-26T05:23:04.000,33.14,13.85,1.29,20.1,20.5,47630,-38.28,-30.0,0.236
2019-08-26T05:24:04.000,33.14,13.78,1.29,20.1,20.5,47631,-38.42,-30.0,0.236
2019-08-26T05:25:05.000,33.13,13.81,1.29,20.1,20.5,47632,-38.55,-29.0,0.235
2019-08-26T05:26:05.000,33.12,13.77,1.29,20.11,20.5,47633,-38.68,-29.0,0.235
2019-08-26T05:27:05.000,33.1,13.75,1.28,20.11,20.5,47634,-38.82,-29.0,0.235
2019-08-26T05:28:06.000,33.09,13.71,1.28,20.11,20.5,47635,-38.95,-29.0,0.235
2019-08-26T05:29:06.000,33.02,13.66,1.28,20.11,20.5,47636,-39.08,-29.0,0.235
2019-08-26T05:30:06.000,32.99,13.7,1.24,20.15,20.5,47637,-39.21,-29.0,0.235
2019-08-26T05:31:07.000,32.97,13.75,1.12,20.25,20.5,47638,-39.34,-29.0,0.235
2019-08-26T05:32:07.000,32.96,13.76,1.12,20.25,20.5,47639,-39.47,-29.0,0.235
2019-08-26T05:33:07.000,32.93,13.7,1.12,20.26,20.5,47640,-39.6,-29.0,0.235
2019-08-26T05:34:07.000,32.91,13.69,1.12,20.26,20.5,47641,-39.72,-28.0,0.235
2019-08-26T05:35:07.000,32.87,13.66,1.12,20.26,20.5,47642,-39.85,-28.0,0.235
2019-08-26T05:37:07.000,32.84,13.66,1.11,20.26,20.5,47644,-40.1,-28.0,0.235
2019-08-26T05:38:08.000,32.83,13.71,1.11,20.27,20.5,47645,-40.22,-28.0,0.235
2019-08-26T05:39:08.000,32.82,13.67,1.11,20.27,20.5,47646,-40.34,-28.0,0.235
2019-08-26T05:40:08.000,32.79,13.6,1.11,20.27,20.5,47647,-40.47,-28.0,0.234
2019-08-26T05:42:08.000,32.76,13.71,1.11,20.27,20.5,47649,-40.71,-28.0,0.234
2019-08-26T05:44:08.000,32.74,13.72,1.1,20.27,20.5,47651,-40.94,-27.0,0.234
2019-08-26T05:45:09.000,32.71,13.67,1.1,20.27,20.5,47652,-41.06,-27.0,0.234
2019-08-26T05:46:09.000,32.68,13.7,1.1,20.27,20.5,47653,-41.18,-27.0,0.234
2019-08-26T05:47:09.000,32.68,13.67,1.1,20.27,20.5,47654,-41.29,-27.0,0.234
2019-08-26T05:48:10.000,32.65,13.67,1.11,20.27,20.5,47655,-41.41,-27.0,0.234
2019-08-26T05:49:10.000,32.65,13.67,1.11,20.27,20.5,47656,-41.52,-27.0,0.234
2019-08-26T05:50:10.000,32.63,13.64,1.11,20.27,20.5,47657,-41.64,-27.0,0.234
2019-08-26T05:51:10.000,32.6,13.64,1.11,20.27,20.5,47658,-41.75,-27.0,0.234
2019-08-26T05:52:10.000,32.59,13.6,1.11,20.27,20.5,47659,-41.86,-26.0,0.234
2019-08-26T05:53:10.000,32.57,13.64,1.11,20.27,20.5,47660,-41.97,-26.0,0.234
2019-08-26T05:54:11.000,32.57,13.68,1.1,20.28,20.5,47661,-42.08,-26.0,0.234
2019-08-26T05:55:10.000,32.56,13.67,1.1,20.27,20.5,47662,-42.19,-26.0,0.233
2019-08-26T05:56:11.000,32.51,13.66,1.1,20.28,20.5,47663,-42.29,-26.0,0.233
2019-08-26T05:57:11.000,32.51,13.71,1.1,20.28,20.5,47664,-42.4,-26.0,0.233
2019-08-26T05:58:11.000,32.5,13.7,1.1,20.28,20.5,47665,-42.51,-26.0,0.233
2019-08-26T05:59:11.000,32.48,13.74,1.09,20.28,20.5,47666,-42.61,-26.0,0.233
2019-08-26T06:00:11.000,32.46,13.69,1.09,20.28,20.5,47667,-42.71,-25.0,0.233
2019-08-26T06:01:11.000,32.43,13.75,1.09,20.29,20.5,47668,-42.81,-25.0,0.233
2019-08-26T06:02:12.000,32.45,13.77,1.09,20.29,20.5,47669,-42.92,-25.0,0.233
2019-08-26T06:03:12.000,32.43,13.71,1.08,20.29,20.5,47670,-43.02,-25.0,0.233
2019-08-26T06:04:12.000,32.43,13.78,1.08,20.3,20.5,47671,-43.12,-25.0,0.233
2019-08-26T06:05:13.000,32.41,13.72,1.08,20.3,20.5,47672,-43.22,-25.0,0.233
2019-08-26T06:06:13.000,32.39,13.79,1.08,20.3,20.5,47673,-43.31,-25.0,0.233
2019-08-26T06:07:13.000,32.39,13.8,1.08,20.3,20.5,47674,-43.41,-24.0,0.233
2019-08-26T06:08:13.000,32.37,13.76,1.08,20.3,20.5,47675,-43.5,-24.0,0.233
2019-08-26T06:15:14.000,32.28,13.66,1.08,20.3,20.5,47682,-44.14,-23.0,0.232
2019-08-26T06:17:15.000,32.26,13.66,1.06,20.32,20.5,47684,-44.32,-23.0,0.232
2019-08-26T06:18:15.000,32.26,13.77,1.05,20.33,20.5,47685,-44.4,-23.0,0.232
2019-08-26T06:19:15.000,32.27,13.74,1.04,20.33,20.5,47686,-44.48,-23.0,0.232
2019-08-26T06:21:22.000,32.25,13.7,1.04,20.34,20.5,47688,-44.66,-23.0,0.232
2019-08-26T06:23:23.000,32.23,13.7,1.03,20.35,20.5,47690,-44.82,-22.0,0.232
2019-08-26T06:24:23.000,32.23,13.67,1.03,20.35,20.5,47691,-44.89,-22.0,0.232
2019-08-26T06:25:23.000,32.23,13.67,1.03,20.35,20.5,47692,-44.97,-22.0,0.231
2019-08-26T06:26:24.000,32.23,13.71,1.03,20.35,20.5,47693,-45.05,-22.0,0.231
2019-08-26T06:27:23.000,32.21,13.64,1.03,20.35,20.5,47694,-45.12,-22.0,0.231
2019-08-26T06:28:24.000,32.2,13.7,1.03,20.35,20.5,47695,-45.19,-22.0,0.231
2019-08-26T06:29:24.000,32.14,13.55,1.03,20.34,20.5,47696,-45.26,-21.0,0.231
2019-08-26T06:30:25.000,32.13,13.7,1.04,20.34,20.5,47697,-45.34,-21.0,0.231
2019-08-26T06:31:25.000,32.1,13.53,1.04,20.34,20.5,47698,-45.41,-21.0,0.231
2019-08-26T06:32:26.000,32.1,13.7,1.06,20.32,20.5,47699,-45.48,-21.0,0.231
2019-08-26T06:33:26.000,32.11,13.58,1.07,20.31,20.5,47700,-45.54,-21.0,0.231
2019-08-26T06:34:26.000,32.08,13.51,1.07,20.31,20.5,47701,-45.61,-21.0,0.231
2019-08-26T06:36:26.000,32.03,13.44,1.04,20.33,20.5,47703,-45.74,-20.0,0.231
2019-08-26T06:37:26.000,32.02,13.55,1.03,20.35,20.5,47704,-45.8,-20.0,0.231
2019-08-26T06:38:26.000,32.03,13.55,1.02,20.36,20.5,47705,-45.86,-20.0,0.231
2019-08-26T06:39:27.000,32.01,13.33,1.02,20.36,20.5,47706,-45.92,-20.0,0.231
2019-08-26T06:42:27.000,31.96,13.3,1.01,20.37,20.5,47709,-46.09,-20.0,0.23
2019-08-26T06:43:28.000,32.0,13.26,1.01,20.37,20.5,47710,-46.15,-19.0,0.23
2019-08-26T06:44:28.000,32.03,13.29,1.01,20.37,20.5,47711,-46.2,-19.0,0.23
2019-08-26T06:45:29.000,32.05,13.22,1.01,20.37,20.5,47712,-46.26,-19.0,0.23
2019-08-26T06:46:29.000,32.06,13.24,1.01,20.36,20.5,47713,-46.31,-19.0,0.23
2019-08-26T06:47:29.000,32.07,13.16,1.02,20.36,20.5,47714,-46.36,-19.0,0.23
2019-08-26T06:48:30.000,32.08,13.2,1.02,20.36,20.5,47715,-46.41,-19.0,0.23
2019-08-26T06:49:30.000,32.1,13.18,1.02,20.36,20.5,47716,-46.45,-19.0,0.23
2019-08-26T06:50:30.000,32.08,13.07,1.02,20.36,20.5,47717,-46.5,-18.0,0.23
2019-08-26T06:51:31.000,32.07,13.08,1.02,20.36,20.5,47718,-46.55,-18.0,0.23
2019-08-26T06:52:31.000,32.07,13.06,1.02,20.36,20.5,47719,-46.59,-18.0,0.23
2019-08-26T06:53:31.000,32.07,12.97,1.02,20.36,20.5,47720,-46.63,-18.0,0.23
2019-08-26T06:54:32.000,32.06,12.98,1.01,20.37,20.5,47721,-46.67,-18.0,0.23
2019-08-26T06:55:32.000,32.02,12.99,1.01,20.37,20.5,47722,-46.71,-18.0,0.229
2019-08-26T06:56:32.000,32.02,13.01,1.01,20.37,20.5,47723,-46.75,-17.0,0.229
2019-08-26T06:57:33.000,31.99,12.94,1.02,20.36,20.5,47724,-46.79,-17.0,0.229
2019-08-26T06:58:33.000,31.97,12.92,1.02,20.36,20.5,47725,-46.83,-17.0,0.229
2019-08-26T06:59:33.000,31.95,12.94,1.03,20.35,20.5,47726,-46.86,-17.0,0.229
2019-08-26T07:00:33.000,31.92,12.98,1.03,20.35,20.5,47727,-46.89,-17.0,0.229
2019-08-26T07:01:33.000,31.93,13.07,1.03,20.35,20.5,47728,-46.93,-17.0,0.229
2019-08-26T07:02:34.000,31.92,13.03,1.04,20.34,20.5,47729,-46.96,-17.0,0.229
2019-08-26T07:03:34.000,31.92,13.03,1.04,20.34,20.5,47730,-46.99,-16.0,0.229
2019-08-26T07:04:34.000,31.92,12.97,1.04,20.34,20.5,47731,-47.02,-16.0,0.229
2019-08-26T07:05:34.000,31.91,12.96,1.04,20.34,20.5,47732,-47.04,-16.0,0.229
2019-08-26T07:06:35.000,31.87,12.84,1.03,20.35,20.5,47733,-47.07,-16.0,0.229
2019-08-26T07:07:35.000,31.81,12.91,1.03,20.34,20.5,47734,-47.09,-16.0,0.229
2019-08-26T07:08:35.000,31.78,12.95,1.04,20.34,20.5,47735,-47.11,-16.0,0.229
2019-08-26T07:12:36.000,31.71,12.8,1.07,20.31,20.5,47739,-47.19,-15.0,0.228
2019-08-26T07:17:36.000,31.58,12.73,1.06,20.32,20.5,47744,-47.26,-14.0,0.228
2019-08-26T07:23:37.000,31.47,12.87,1.11,20.27,20.5,47750,-47.3,-13.0,0.228
2019-08-26T07:25:37.000,31.44,12.94,1.14,20.24,20.5,47752,-47.3,-13.0,0.227
2019-08-26T07:26:37.000,31.42,12.89,1.15,20.23,20.5,47753,-47.3,-13.0,0.227
2019-08-26T07:30:38.000,31.36,12.91,1.12,20.26,20.5,47757,-47.28,-12.0,0.227
2019-08-26T07:31:38.000,31.34,12.86,1.09,20.28,20.5,47758,-47.27,-12.0,0.227
2019-08-26T07:33:38.000,31.22,12.7,1.08,20.3,20.5,47760,-47.25,-12.0,0.227
2019-08-26T07:34:38.000,31.2,12.72,1.06,20.32,20.5,47761,-47.24,-11.0,0.227
2019-08-26T07:35:38.000,31.18,12.71,1.04,20.33,20.5,47762,-47.23,-11.0,0.227
2019-08-26T07:36:38.000,31.17,12.68,1.04,20.34,20.5,47763,-47.21,-11.0,0.227
2019-08-26T07:37:39.000,31.14,12.66,1.04,20.34,20.5,47764,-47.19,-11.0,0.227
2019-08-26T07:38:39.000,31.12,12.68,1.03,20.35,20.5,47765,-47.18,-11.0,0.227
2019-08-26T07:39:39.000,31.1,12.6,1.01,20.37,20.5,47766,-47.16,-11.0,0.227
2019-08-26T07:40:40.000,31.07,12.66,1.01,20.37,20.5,47767,-47.14,-10.0,0.226
2019-08-26T07:41:40.000,31.07,12.71,1.0,20.38,20.5,47768,-47.12,-10.0,0.226
2019-08-26T07:42:40.000,31.06,12.59,0.99,20.39,20.5,47769,-47.09,-10.0,0.226
2019-08-26T07:43:41.000,31.05,12.59,0.99,20.39,20.5,47770,-47.07,-10.0,0.226
2019-08-26T07:44:41.000,31.04,12.58,0.99,20.39,20.5,47771,-47.05,-10.0,0.226
2019-08-26T07:45:41.000,31.01,12.57,0.99,20.39,20.5,47772,-47.02,-10.0,0.226
2019-08-26T07:46:41.000,31.02,12.51,0.99,20.39,20.5,47773,-46.99,-9.0,0.226
2019-08-26T07:48:42.000,30.96,12.62,1.0,20.38,20.5,47775,-46.93,-9.0,0.226
2019-08-26T07:49:42.000,31.01,12.64,1.0,20.39,20.5,47776,-46.9,-9.0,0.226
2019-08-26T07:50:42.000,31.04,12.67,1.0,20.38,20.5,47777,-46.87,-9.0,0.226
2019-08-26T07:51:43.000,31.04,12.58,1.01,20.37,20.5,47778,-46.83,-9.0,0.226
2019-08-26T07:52:43.000,31.03,12.62,1.04,20.34,20.5,47779,-46.79,-8.0,0.226
2019-08-26T07:53:44.000,31.01,12.54,1.07,20.3,20.5,47780,-46.76,-8.0,0.226
2019-08-26T07:54:44.000,30.98,12.59,1.13,20.25,20.5,47781,-46.72,-8.0,0.226
2019-08-26T07:55:44.000,30.97,12.75,1.21,20.18,20.5,47782,-46.68,-8.0,0.225
2019-08-26T07:56:44.000,30.94,12.67,1.29,20.1,20.5,47783,-46.64,-8.0,0.225
2019-08-26T07:57:44.000,30.92,12.74,1.38,20.03,20.5,47784,-46.6,-7.0,0.225
2019-08-26T07:58:45.000,30.88,12.67,1.46,19.97,20.5,47785,-46.55,-7.0,0.225
2019-08-26T07:59:45.000,30.88,12.93,1.52,19.92,20.5,47786,-46.51,-7.0,0.225
2019-08-26T08:00:45.000,30.89,12.94,1.58,19.88,20.5,47787,-46.46,-7.0,0.225
2019-08-26T08:01:45.000,30.9,12.99,1.6,19.87,20.5,47788,-46.41,-7.0,0.225
2019-08-26T08:02:46.000,30.92,13.05,1.6,19.87,20.5,47789,-46.36,-7.0,0.225
2019-08-26T08:03:46.000,30.91,12.96,1.6,19.87,20.5,47790,-46.31,-6.0,0.225
2019-08-26T08:04:46.000,30.89,13.0,1.58,19.88,20.5,47791,-46.26,-6.0,0.225
2019-08-26T08:05:47.000,30.87,12.99,1.57,19.89,20.5,47792,-46.21,-6.0,0.225
2019-08-26T08:06:47.000,30.86,12.91,1.56,19.9,20.5,47793,-46.16,-6.0,0.225
2019-08-26T08:07:47.000,30.81,12.83,1.54,19.91,20.5,47794,-46.1,-6.0,0.225
2019-08-26T08:08:47.000,30.8,12.94,1.51,19.93,20.5,47795,-46.05,-6.0,0.225
2019-08-26T08:10:47.000,30.74,12.76,1.45,19.98,20.5,47797,-45.93,-5.0,0.225
2019-08-26T08:11:48.000,30.72,12.78,1.39,20.02,20.5,47798,-45.87,-5.0,0.224
2019-08-26T08:12:48.000,30.72,12.71,1.34,20.06,20.5,47799,-45.81,-5.0,0.224
