Downloads/jupyter/ECSV/stars19/stars19_2022-11.ecsv
# %ECSV 1.0
# ---
# datatype:
# - {name: time, datatype: string}
# - {name: Enclosure Temperature, unit: deg_C, datatype: float64}
# - {name: Sky Temperature, unit: deg_C, datatype: float64}
# - {name: Frequency, unit: Hz, datatype: float64}
# - {name: MSAS, unit: mag / arcsec2, datatype: float64}
# - {name: ZP, datatype: float64}
# - {name: Sequence Number, datatype: int64}
# - {name: Sun Alt, unit: deg, datatype: float64}
# - {name: Moon Alt, unit: deg, datatype: float64}
# - {name: Moon Illumination, datatype: float64}
# delimiter: ','
# meta: !!omap
# - ida:
#     Data supplier: {affiliation: null, observer: null}
#     Device type: TESS-W
#     Field of view: 17.0
#     Filters per channel: None
#     Instrument ID: stars19
#     License: ODbL 1.0 http://opendatacommons.org/licenses/odbl/summary/
#     Local timezone: America/Phoenix
#     Location name: {country: '- Tucson', place: Tucson, region: United States, sub_region: Arizona, town: Pima County}
#     Measurement direction per channel: {azimuth: 0.0, zenital: 0.0}
#     Moving / Fixed look direction: FIXED
#     Moving / Stationary position: STATIONARY
#     Number of channels: 1
#     Number of fields per line: 8
#     Number of header lines: 35
#     Position: {height: 0.0, latitude: 32.223877, longitude: -110.767532}
#     TESS MAC address: 18:FE:34:CF:EC:06
#     TESS cover offset value: 0.0
#     TESS firmware version: '1.0'
#     TESS zero point: 20.5
#     Time Synchronization: timestamp added by MQTT subscriber
#     URL: http://www.darksky.org/NSBM/sdf1.0.pdf
# - __serialized_columns__:
#     Enclosure Temperature:
#       __class__: astropy.units.quantity.Quantity
#       unit: &id001 !astropy.units.Unit {unit: deg_C}
#       value: !astropy.table.SerializedColumn {name: Enclosure Temperature}
#     Frequency:
#       __class__: astropy.units.quantity.Quantity
#       unit: !astropy.units.Unit {unit: Hz}
#       value: !astropy.table.SerializedColumn {name: Frequency}
#     MSAS:
#       __class__: astropy.units.quantity.Quantity
#       unit: !astropy.units.Unit {unit: mag / arcsec2}
#       value: !astropy.table.SerializedColumn {name: MSAS}
#     Moon Alt:
#       __class__: astropy.units.quantity.Quantity
#       unit: &id002 !astropy.units.Unit {unit: deg}
#       value: !astropy.table.SerializedColumn {name: Moon Alt}
#     Sky Temperature:
#       __class__: astropy.units.quantity.Quantity
#       unit: *id001
#       value: !astropy.table.SerializedColumn {name: Sky Temperature}
#     Sun Alt:
#       __class__: astropy.units.quantity.Quantity
#       unit: *id002
#       value: !astropy.table.SerializedColumn {name: Sun Alt}
#     time:
#       __class__: astropy.time.core.Time
#       format: isot
#       in_subfmt: '*'
#       out_subfmt: '*'
#       precision: 3
#       scale: utc
#       value: !astropy.table.SerializedColumn {name: time}
# schema: astropy-2.0
time,Enclosure Temperature,Sky Temperature,Frequency,MSAS,ZP,Sequence Number,Sun Alt,Moon Alt,Moon Illumination
[from data line 12834]
2022-11-25T19:33:42.000,26.76,2.13,0.0,0.0,20.5,29421,36.62,26.0,0.05
2022-11-25T19:34:43.000,27.36,2.94,0.0,0.0,20.5,29422,36.59,26.0,0.05
2022-11-25T19:35:43.000,26.86,-0.04,0.0,0.0,20.5,29423,36.57,26.0,0.05
2022-11-25T19:39:44.000,26.6,1.29,0.0,0.0,20.5,29427,36.45,27.0,0.05
2022-11-25T19:41:45.000,26.3,1.54,0.0,0.0,20.5,29429,36.38,27.0,0.05
2022-11-25T19:42:45.000,26.45,1.6,0.0,0.0,20.5,29430,36.35,27.0,0.05
2022-11-25T19:43:45.000,26.36,0.31,0.0,0.0,20.5,29431,36.31,27.0,0.05
2022-11-25T19:48:46.000,26.4,0.85,0.0,0.0,20.5,29436,36.12,27.0,0.05
2022-11-25T19:49:46.000,26.65,2.65,0.0,0.0,20.5,29437,36.08,27.0,0.05
2022-11-25T19:50:46.000,27.32,3.46,0.0,0.0,20.5,29438,36.03,27.0,0.05
2022-11-25T19:52:51.000,26.83,0.87,0.0,0.0,20.5,29440,35.94,28.0,0.05
2022-11-25T19:53:52.000,26.65,0.48,0.0,0.0,20.5,29441,35.9,28.0,0.05
2022-11-25T19:55:58.000,26.98,2.82,0.0,0.0,20.5,29443,35.8,28.0,0.05
2022-11-25T19:56:59.000,27.52,2.64,0.0,0.0,20.5,29444,35.75,28.0,0.05
2022-11-25T20:00:01.000,27.23,0.21,0.0,0.0,20.5,29447,35.59,28.0,0.051
2022-11-25T20:01:02.000,26.58,-0.52,0.0,0.0,20.5,29448,35.54,28.0,0.051
2022-11-25T20:02:02.000,26.5,0.67,0.0,0.0,20.5,29449,35.48,28.0,0.051
2022-11-25T20:03:03.000,26.38,0.68,0.0,0.0,20.5,29450,35.43,28.0,0.051
2022-11-25T20:04:03.000,26.82,2.32,0.0,0.0,20.5,29451,35.37,28.0,0.051
2022-11-25T20:06:04.000,28.0,2.88,0.0,0.0,20.5,29453,35.25,28.0,0.051
2022-11-25T20:09:10.000,27.93,0.83,0.0,0.0,20.5,29456,35.07,28.0,0.051
2022-11-25T20:12:11.000,27.85,2.78,0.0,0.0,20.5,29459,34.88,29.0,0.051
2022-11-25T20:13:11.000,28.24,1.76,0.0,0.0,20.5,29460,34.81,29.0,0.051
2022-11-25T20:15:17.000,27.31,-1.25,0.0,0.0,20.5,29462,34.67,29.0,0.051
2022-11-25T20:16:17.000,27.26,0.86,0.0,0.0,20.5,29463,34.61,29.0,0.051
2022-11-25T20:17:17.000,27.31,1.57,0.0,0.0,20.5,29464,34.54,29.0,0.051
2022-11-25T20:19:18.000,28.02,2.02,0.0,0.0,20.5,29466,34.39,29.0,0.051
2022-11-25T20:20:18.000,27.71,0.26,0.0,0.0,20.5,29467,34.32,29.0,0.051
2022-11-25T20:21:19.000,27.9,2.05,0.0,0.0,20.5,29468,34.25,29.0,0.051
2022-11-25T20:23:20.000,28.59,1.41,0.0,0.0,20.5,29470,34.1,29.0,0.051
2022-11-25T20:24:21.000,28.62,1.49,0.0,0.0,20.5,29471,34.02,29.0,0.051
2022-11-25T20:25:21.000,28.24,-0.47,0.0,0.0,20.5,29472,33.95,29.0,0.051
2022-11-25T20:44:23.000,27.94,1.25,0.0,0.0,20.5,29491,32.32,30.0,0.052
2022-11-25T20:45:24.000,27.78,-0.23,0.0,0.0,20.5,29492,32.23,30.0,0.052
2022-11-25T20:46:24.000,27.76,0.16,0.0,0.0,20.5,29493,32.13,30.0,0.052
2022-11-25T20:48:24.000,27.57,-1.46,0.0,0.0,20.5,29495,31.94,30.0,0.052
2022-11-25T20:49:25.000,26.83,-1.92,0.0,0.0,20.5,29496,31.84,30.0,0.052
2022-11-25T20:50:25.000,26.47,-2.16,0.0,0.0,20.5,29497,31.74,30.0,0.052
2022-11-25T20:52:31.000,26.05,-1.42,0.0,0.0,20.5,29499,31.53,30.0,0.053
2022-11-25T20:53:32.000,25.86,-1.13,0.0,0.0,20.5,29500,31.43,30.0,0.053
2022-11-25T20:54:32.000,25.79,-1.59,0.0,0.0,20.5,29501,31.33,30.0,0.053
2022-11-25T21:04:38.000,26.8,-1.33,0.0,0.0,20.5,29511,30.26,30.0,0.053
2022-11-25T21:07:45.000,26.41,-1.79,0.0,0.0,20.5,29514,29.91,30.0,0.053
2022-11-25T21:08:47.000,25.88,-2.82,0.0,0.0,20.5,29515,29.8,30.0,0.053
2022-11-25T21:09:47.000,25.92,-0.81,0.0,0.0,20.5,29516,29.69,30.0,0.053
2022-11-25T21:14:50.000,27.28,0.19,0.0,0.0,20.5,29521,29.1,30.0,0.053
2022-11-25T21:15:49.000,27.46,-0.5,0.0,0.0,20.5,29522,28.99,30.0,0.053
2022-11-25T21:16:50.000,27.58,-0.08,0.0,0.0,20.5,29523,28.87,30.0,0.053
2022-11-25T21:18:50.000,27.07,-1.94,0.0,0.0,20.5,29525,28.63,30.0,0.053
2022-11-25T21:19:50.000,27.03,-1.98,0.0,0.0,20.5,29526,28.51,30.0,0.054
2022-11-25T21:20:50.000,26.67,-1.85,0.0,0.0,20.5,29527,28.39,30.0,0.054
2022-11-25T21:26:50.000,28.04,-1.54,0.0,0.0,20.5,29533,27.65,29.0,0.054
2022-11-25T21:27:50.000,27.82,-1.39,0.0,0.0,20.5,29534,27.52,29.0,0.054
2022-11-25T21:28:50.000,27.8,-1.25,0.0,0.0,20.5,29535,27.39,29.0,0.054
2022-11-25T21:31:56.000,26.53,-3.55,0.0,0.0,20.5,29538,27.0,29.0,0.054
2022-11-25T21:32:56.000,26.2,-3.04,0.0,0.0,20.5,29539,26.87,29.0,0.054
2022-11-25T21:33:56.000,26.11,-1.71,0.0,0.0,20.5,29540,26.74,29.0,0.054
2022-11-25T21:41:57.000,25.84,-2.14,0.0,0.0,20.5,29548,25.68,29.0,0.054
2022-11-25T21:42:57.000,25.89,-1.52,0.0,0.0,20.5,29549,25.54,29.0,0.054
2022-11-25T21:43:57.000,26.1,-1.1,0.0,0.0,20.5,29550,25.41,29.0,0.054
2022-11-25T21:46:02.000,25.99,-1.98,0.0,0.0,20.5,29552,25.12,29.0,0.055
2022-11-25T21:47:02.000,26.01,-1.57,0.0,0.0,20.5,29553,24.98,29.0,0.055
2022-11-25T21:49:03.000,25.75,-3.36,0.0,0.0,20.5,29555,24.71,29.0,0.055
2022-11-25T21:50:03.000,25.34,-3.62,0.0,0.0,20.5,29556,24.57,29.0,0.055
2022-11-25T21:53:04.000,23.71,-5.12,0.0,0.0,20.5,29559,24.14,29.0,0.055
2022-11-25T21:54:05.000,23.38,-4.36,0.0,0.0,20.5,29560,24.0,28.0,0.055
2022-11-25T21:55:08.000,23.08,-5.26,0.0,0.0,20.5,29561,23.85,28.0,0.055
2022-11-25T22:03:11.000,22.0,-4.5,0.0,0.0,20.5,29569,22.68,28.0,0.055
2022-11-25T22:04:11.000,21.86,-4.3,0.0,0.0,20.5,29570,22.54,28.0,0.055
2022-11-25T22:05:12.000,21.85,-3.47,0.0,0.0,20.5,29571,22.39,28.0,0.055
2022-11-25T22:08:19.000,21.95,-3.01,0.0,0.0,20.5,29574,21.92,28.0,0.055
2022-11-25T22:09:19.000,21.99,-3.45,0.0,0.0,20.5,29575,21.77,28.0,0.055
2022-11-25T22:10:19.000,21.84,-3.93,0.0,0.0,20.5,29576,21.62,28.0,0.055
2022-11-25T22:12:20.000,21.84,-3.27,0.0,0.0,20.5,29578,21.32,28.0,0.056
2022-11-25T22:13:20.000,21.77,-3.83,0.0,0.0,20.5,29579,21.17,27.0,0.056
2022-11-25T22:14:20.000,21.77,-3.11,0.0,0.0,20.5,29580,21.01,27.0,0.056
2022-11-25T22:16:20.000,21.49,-3.87,0.0,0.0,20.5,29582,20.71,27.0,0.056
2022-11-25T22:20:21.000,21.88,-2.97,0.0,0.0,20.5,29586,20.09,27.0,0.056
2022-11-25T22:21:22.000,21.7,-4.05,0.0,0.0,20.5,29587,19.93,27.0,0.056
2022-11-25T22:22:22.000,21.47,-4.31,0.0,0.0,20.5,29588,19.77,27.0,0.056
2022-11-25T22:38:28.000,21.02,-3.87,0.0,0.0,20.5,29604,17.2,26.0,0.057
2022-11-25T22:39:28.000,20.97,-3.58,0.0,0.0,20.5,29605,17.04,26.0,0.057
2022-11-25T22:40:28.000,21.0,-3.6,0.0,0.0,20.5,29606,16.87,26.0,0.057
2022-11-25T22:42:29.000,21.16,-3.18,0.0,0.0,20.5,29608,16.54,25.0,0.057
2022-11-25T22:53:36.000,21.39,-2.99,0.0,0.0,20.5,29619,14.69,24.0,0.057
2022-11-25T22:55:37.000,21.39,-3.01,0.0,0.0,20.5,29621,14.34,24.0,0.057
2022-11-25T22:56:37.000,21.47,-3.43,0.0,0.0,20.5,29622,14.17,24.0,0.057
2022-11-25T22:57:37.000,21.44,-3.06,0.0,0.0,20.5,29623,14.0,24.0,0.057
2022-11-25T23:03:39.000,21.74,-3.19,0.0,0.0,20.5,29629,12.97,24.0,0.057
2022-11-25T23:04:40.000,21.78,-3.24,0.0,0.0,20.5,29630,12.79,23.0,0.058
2022-11-25T23:05:40.000,21.87,-3.04,0.0,0.0,20.5,29631,12.62,23.0,0.058
2022-11-25T23:07:46.000,21.96,-3.09,0.0,0.0,20.5,29633,12.25,23.0,0.058
2022-11-25T23:09:46.000,22.13,-3.06,0.0,0.0,20.5,29635,11.91,23.0,0.058
2022-11-25T23:10:46.000,22.24,-2.68,0.0,0.0,20.5,29636,11.73,23.0,0.058
2022-11-25T23:11:46.000,22.36,-3.03,0.0,0.0,20.5,29637,11.56,23.0,0.058
2022-11-25T23:12:46.000,22.33,-3.38,0.0,0.0,20.5,29638,11.38,23.0,0.058
2022-11-25T23:13:46.000,22.42,-3.13,0.0,0.0,20.5,29639,11.2,23.0,0.058
2022-11-25T23:15:52.000,22.12,-3.6,0.0,0.0,20.5,29641,10.83,22.0,0.058
2022-11-25T23:17:52.000,22.07,-3.44,0.0,0.0,20.5,29643,10.48,22.0,0.058
2022-11-25T23:22:53.000,22.17,-3.32,0.0,0.0,20.5,29648,9.59,22.0,0.058
2022-11-25T23:30:59.000,22.43,-3.76,0.0,0.0,20.5,29656,8.13,21.0,0.059
2022-11-25T23:31:59.000,22.21,-4.3,0.0,0.0,20.5,29657,7.95,21.0,0.059
2022-11-25T23:32:59.000,22.11,-3.78,0.0,0.0,20.5,29658,7.76,20.0,0.059
2022-11-25T23:39:01.000,21.57,-3.46,0.0,0.0,20.5,29664,6.66,20.0,0.059
2022-11-25T23:40:01.000,21.55,-4.02,0.0,0.0,20.5,29665,6.48,20.0,0.059
2022-11-25T23:41:02.000,21.45,-4.05,0.0,0.0,20.5,29666,6.29,20.0,0.059
2022-11-25T23:42:03.000,21.26,-4.62,0.11,0.1,20.5,29667,6.1,19.0,0.059
2022-11-25T23:44:03.000,21.22,-3.88,0.23,0.09,20.5,29669,5.74,19.0,0.059
2022-11-25T23:45:09.000,21.08,-4.53,0.0,0.0,20.5,29670,5.53,19.0,0.059
2022-11-25T23:46:09.000,20.95,-4.35,0.0,0.0,20.5,29671,5.35,19.0,0.059
2022-11-25T23:47:09.000,20.95,-4.01,0.0,0.0,20.5,29672,5.16,19.0,0.059
2022-11-25T23:48:10.000,20.91,-4.23,0.0,0.0,20.5,29673,4.97,19.0,0.059
2022-11-25T23:49:10.000,20.95,-3.95,0.0,0.0,20.5,29674,4.79,19.0,0.059
2022-11-25T23:50:11.000,20.99,-4.0,0.0,0.0,20.5,29675,4.6,18.0,0.059
2022-11-25T23:52:18.000,21.11,-4.03,0.0,0.0,20.5,29677,4.2,18.0,0.059
2022-11-25T23:58:26.000,21.24,-3.99,0.0,0.0,20.5,29683,3.05,17.0,0.06
2022-11-25T23:59:26.000,21.3,-4.04,0.0,0.0,20.5,29684,2.86,17.0,0.06
2022-11-26T00:00:27.000,21.25,-4.59,0.0,0.0,20.5,29685,2.67,17.0,0.06
2022-11-26T00:03:32.000,21.26,-4.35,0.0,0.0,20.5,29688,2.09,17.0,0.06
2022-11-26T00:04:39.000,21.27,-4.36,0.0,0.0,20.5,29689,1.88,17.0,0.06
2022-11-26T00:05:38.000,21.32,-4.42,0.0,0.0,20.5,29690,1.69,16.0,0.06
2022-11-26T00:07:45.000,21.43,-4.53,0.0,0.0,20.5,29692,1.29,16.0,0.06
2022-11-26T00:08:45.000,21.49,-4.5,0.0,0.0,20.5,29693,1.1,16.0,0.06
2022-11-26T00:09:45.000,21.54,-4.55,0.0,0.0,20.5,29694,0.91,16.0,0.06
2022-11-26T00:10:45.000,21.59,-4.62,0.0,0.0,20.5,29695,0.72,16.0,0.06
2022-11-26T00:11:45.000,21.63,-4.64,0.0,0.0,20.5,29696,0.52,16.0,0.06
2022-11-26T00:12:45.000,21.65,-4.75,0.0,0.0,20.5,29697,0.33,15.0,0.06
2022-11-26T00:13:45.000,21.67,-4.86,0.21,0.17,20.5,29698,0.14,15.0,0.06
2022-11-26T00:14:45.000,21.65,-4.96,0.0,0.0,20.5,29699,-0.05,15.0,0.06
2022-11-26T00:16:45.000,21.66,-5.08,0.0,0.0,20.5,29701,-0.43,15.0,0.06
2022-11-26T00:18:45.000,21.63,-5.11,0.0,0.0,20.5,29703,-0.82,15.0,0.06
2022-11-26T00:21:46.000,21.46,-5.35,0.0,0.0,20.5,29706,-1.4,14.0,0.061
2022-11-26T00:24:46.000,21.39,-5.47,49148.54,8.65,20.5,29709,-1.98,14.0,0.061
2022-11-26T00:36:48.000,20.13,-6.47,5513.96,11.03,20.5,29721,-4.33,12.0,0.061
2022-11-26T00:37:48.000,19.98,-6.59,4385.65,11.28,20.5,29722,-4.52,12.0,0.061
2022-11-26T00:38:48.000,19.85,-6.53,3462.04,11.53,20.5,29723,-4.72,12.0,0.061
2022-11-26T00:39:48.000,19.72,-6.62,2721.26,11.8,20.5,29724,-4.92,12.0,0.061
2022-11-26T00:40:48.000,19.59,-6.58,2127.09,12.06,20.5,29725,-5.11,12.0,0.061
2022-11-26T00:41:50.000,19.47,-6.63,1656.2,12.34,20.5,29726,-5.32,11.0,0.061
2022-11-26T00:42:50.000,19.38,-6.56,1282.9,12.61,20.5,29727,-5.51,11.0,0.061
2022-11-26T00:43:50.000,19.32,-6.51,997.17,12.89,20.5,29728,-5.71,11.0,0.061
2022-11-26T00:44:51.000,19.25,-6.64,777.73,13.16,20.5,29729,-5.91,11.0,0.061
2022-11-26T00:45:52.000,19.13,-6.81,606.63,13.43,20.5,29730,-6.11,11.0,0.062
2022-11-26T00:46:53.000,19.06,-6.56,472.18,13.7,20.5,29731,-6.31,11.0,0.062
2022-11-26T00:47:53.000,19.06,-6.56,367.6,13.97,20.5,29732,-6.51,11.0,0.062
2022-11-26T00:48:53.000,19.03,-6.62,288.76,14.23,20.5,29733,-6.71,10.0,0.062
2022-11-26T00:49:53.000,18.99,-6.65,228.79,14.48,20.5,29734,-6.91,10.0,0.062
2022-11-26T00:50:53.000,18.97,-6.59,182.09,14.73,20.5,29735,-7.11,10.0,0.062
2022-11-26T00:52:00.000,18.93,-6.73,145.51,14.98,20.5,29736,-7.33,10.0,0.062
2022-11-26T00:53:00.000,18.88,-6.75,113.87,15.24,20.5,29737,-7.53,10.0,0.062
2022-11-26T00:54:01.000,18.81,-6.82,91.37,15.48,20.5,29738,-7.73,10.0,0.062
2022-11-26T00:56:07.000,18.54,-7.26,59.24,15.95,20.5,29740,-8.15,9.0,0.062
2022-11-26T00:57:07.000,18.47,-7.09,47.37,16.19,20.5,29741,-8.35,9.0,0.062
2022-11-26T00:58:07.000,18.41,-7.2,40.11,16.37,20.5,29742,-8.55,9.0,0.062
2022-11-26T00:59:07.000,18.35,-7.24,33.18,16.58,20.5,29743,-8.75,9.0,0.062
2022-11-26T01:00:07.000,18.32,-7.17,27.42,16.79,20.5,29744,-8.95,9.0,0.062
2022-11-26T01:01:07.000,18.28,-7.29,22.75,16.99,20.5,29745,-9.15,9.0,0.062
2022-11-26T01:02:07.000,18.2,-7.39,19.03,17.18,20.5,29746,-9.35,8.0,0.062
2022-11-26T01:03:07.000,18.14,-7.29,16.58,17.33,20.5,29747,-9.55,8.0,0.062
2022-11-26T01:04:07.000,18.15,-7.21,13.49,17.56,20.5,29748,-9.75,8.0,0.062
2022-11-26T01:05:08.000,18.2,-7.17,11.17,17.76,20.5,29749,-9.95,8.0,0.062
2022-11-26T01:06:07.000,18.21,-7.26,9.38,17.95,20.5,29750,-10.15,8.0,0.062
2022-11-26T01:08:16.000,18.26,-7.41,6.67,18.32,20.5,29752,-10.58,7.0,0.062
2022-11-26T01:09:16.000,18.06,-8.27,5.77,18.48,20.5,29753,-10.78,7.0,0.062
2022-11-26T01:10:16.000,17.79,-8.32,5.04,18.63,20.5,29754,-10.98,7.0,0.063
2022-11-26T01:11:16.000,17.6,-8.03,4.39,18.77,20.5,29755,-11.18,7.0,0.063
2022-11-26T01:12:16.000,17.47,-7.97,3.84,18.92,20.5,29756,-11.38,7.0,0.063
2022-11-26T01:13:17.000,17.38,-7.89,3.33,19.08,20.5,29757,-11.59,7.0,0.063
2022-11-26T01:14:17.000,17.29,-7.81,3.08,19.16,20.5,29758,-11.79,6.0,0.063
2022-11-26T01:16:23.000,17.24,-7.64,2.56,19.36,20.5,29760,-12.22,6.0,0.063
2022-11-26T01:17:30.000,17.17,-7.77,2.3,19.48,20.5,29761,-12.44,6.0,0.063
2022-11-26T01:18:30.000,17.08,-7.76,2.11,19.57,20.5,29762,-12.64,6.0,0.063
2022-11-26T01:19:31.000,17.01,-7.72,1.99,19.63,20.5,29763,-12.85,6.0,0.063
2022-11-26T01:20:31.000,16.94,-7.71,1.9,19.69,20.5,29764,-13.05,5.0,0.063
2022-11-26T01:21:31.000,16.88,-7.81,1.9,19.69,20.5,29765,-13.25,5.0,0.063
2022-11-26T01:23:37.000,16.77,-7.78,1.81,19.74,20.5,29767,-13.68,5.0,0.063
2022-11-26T01:24:37.000,16.76,-7.71,1.69,19.81,20.5,29768,-13.88,5.0,0.063
2022-11-26T01:26:37.000,16.74,-7.68,1.57,19.89,20.5,29770,-14.29,5.0,0.063
2022-11-26T01:27:37.000,16.73,-7.79,1.55,19.91,20.5,29771,-14.49,4.0,0.063
2022-11-26T01:28:37.000,16.73,-7.75,1.53,19.92,20.5,29772,-14.7,4.0,0.063
2022-11-26T01:29:38.000,16.7,-7.85,1.51,19.93,20.5,29773,-14.9,4.0,0.063
2022-11-26T01:30:38.000,16.7,-7.72,1.49,19.95,20.5,29774,-15.11,4.0,0.063
2022-11-26T01:31:38.000,16.73,-7.71,1.48,19.96,20.5,29775,-15.31,4.0,0.063
2022-11-26T01:32:38.000,16.73,-7.71,1.47,19.96,20.5,29776,-15.52,4.0,0.063
2022-11-26T01:33:38.000,16.76,-7.67,1.46,19.97,20.5,29777,-15.72,3.0,0.063
2022-11-26T01:34:39.000,16.8,-7.67,1.45,19.98,20.5,29778,-15.93,3.0,0.064
2022-11-26T01:35:39.000,16.81,-7.74,1.47,19.96,20.5,29779,-16.13,3.0,0.064
2022-11-26T01:36:43.000,16.84,-7.81,1.56,19.89,20.5,29780,-16.35,3.0,0.064
2022-11-26T01:37:43.000,16.83,-7.79,1.56,19.9,20.5,29781,-16.55,3.0,0.064
2022-11-26T01:38:43.000,16.83,-7.89,1.56,19.9,20.5,29782,-16.76,3.0,0.064
2022-11-26T01:39:43.000,16.86,-7.76,1.55,19.9,20.5,29783,-16.96,2.0,0.064
2022-11-26T01:40:44.000,16.89,-7.84,1.55,19.9,20.5,29784,-17.17,2.0,0.064
2022-11-26T01:41:44.000,16.92,-7.83,1.55,19.91,20.5,29785,-17.38,2.0,0.064
2022-11-26T01:42:44.000,16.94,-7.93,1.55,19.9,20.5,29786,-17.58,2.0,0.064
2022-11-26T01:52:51.000,16.45,-8.62,1.6,19.87,20.5,29796,-19.66,0.0,0.064
2022-11-26T01:53:51.000,16.41,-8.59,1.57,19.89,20.5,29797,-19.87,0.0,0.064
2022-11-26T01:54:51.000,16.37,-8.66,1.55,19.9,20.5,29798,-20.08,-0.0,0.064
2022-11-26T01:56:51.000,16.27,-8.74,1.6,19.87,20.5,29800,-20.49,-0.0,0.064
2022-11-26T01:59:52.000,16.19,-8.96,1.6,19.87,20.5,29803,-21.11,-1.0,0.065
2022-11-26T02:01:53.000,16.05,-8.83,1.6,19.87,20.5,29805,-21.53,-1.0,0.065
2022-11-26T02:02:53.000,16.05,-8.92,1.6,19.87,20.5,29806,-21.74,-2.0,0.065
2022-11-26T02:03:53.000,16.05,-8.75,1.61,19.87,20.5,29807,-21.94,-2.0,0.065
2022-11-26T02:04:53.000,16.07,-8.8,1.61,19.86,20.5,29808,-22.15,-2.0,0.065
2022-11-26T02:05:53.000,16.01,-9.15,1.61,19.86,20.5,29809,-22.36,-2.0,0.065
2022-11-26T02:06:53.000,15.99,-8.73,1.61,19.86,20.5,29810,-22.57,-2.0,0.065
2022-11-26T02:07:53.000,16.03,-8.78,1.61,19.86,20.5,29811,-22.77,-2.0,0.065
2022-11-26T02:08:53.000,16.03,-8.93,1.61,19.86,20.5,29812,-22.98,-3.0,0.065
2022-11-26T02:09:53.000,15.9,-9.44,1.61,19.86,20.5,29813,-23.19,-3.0,0.065
2022-11-26T02:10:53.000,15.76,-9.3,1.61,19.87,20.5,29814,-23.4,-3.0,0.065
2022-11-26T02:11:53.000,15.72,-9.31,1.61,19.87,20.5,29815,-23.6,-3.0,0.065
2022-11-26T02:12:53.000,15.66,-9.15,1.6,19.87,20.5,29816,-23.81,-3.0,0.065
2022-11-26T02:14:53.000,15.6,-9.19,1.6,19.87,20.5,29818,-24.23,-4.0,0.065
2022-11-26T02:15:54.000,15.59,-9.22,1.55,19.9,20.5,29819,-24.44,-4.0,0.065
2022-11-26T02:16:54.000,15.52,-9.25,1.48,19.95,20.5,29820,-24.65,-4.0,0.065
2022-11-26T02:17:54.000,15.5,-9.13,1.48,19.95,20.5,29821,-24.86,-4.0,0.065
2022-11-26T02:18:54.000,15.54,-9.02,1.48,19.96,20.5,29822,-25.06,-4.0,0.065
2022-11-26T02:19:54.000,15.54,-9.08,1.48,19.96,20.5,29823,-25.27,-4.0,0.065
2022-11-26T02:20:54.000,15.52,-9.22,1.48,19.96,20.5,29824,-25.48,-5.0,0.065
2022-11-26T02:21:54.000,15.49,-9.28,1.48,19.96,20.5,29825,-25.69,-5.0,0.065
