Downloads/jupyter/ECSV/stars19/stars19_2024-08.ecsv
# %ECSV 1.0
# ---
# datatype:
# - {name: time, datatype: string}
# - {name: Enclosure Temperature, unit: deg_C, datatype: float64}
# - {name: Sky Temperature, unit: deg_C, datatype: float64}
# - {name: Frequency, unit: Hz, datatype: float64}
# - {name: MSAS, unit: mag / arcsec2, datatype: float64}
# - {name: ZP, datatype: float64}
# - {name: Sequence Number, datatype: int64}
# - {name: Sun Alt, unit: deg, datatype: float64}
# - {name: Moon Alt, unit: deg, datatype: float64}
# - {name: Moon Illumination, datatype: float64}
# delimiter: ','
# meta: !!omap
# - ida:
#     Data supplier: {affiliation: null, observer: null}
#     Device type: TESS-W
#     Field of view: 17.0
#     Filters per channel: None
#     Instrument ID: stars19
#     License: ODbL 1.0 http://opendatacommons.org/licenses/odbl/summary/
#     Local timezone: America/Phoenix
#     Location name: {country: United States, place: Tucson, region: Arizona, sub_region: Pima County, town: Tucson}
#     Measurement direction per channel: {azimuth: 0.0, zenital: 0.0}
#     Moving / Fixed look direction: FIXED
#     Moving / Stationary position: STATIONARY
#     Number of channels: 1
#     Number of fields per line: 8
#     Number of header lines: 35
#     Position: {height: 0.0, latitude: 32.223877, longitude: -110.767532}
#     TESS MAC address: 18:FE:34:CF:EC:06
#     TESS cover offset value: 0.0
#     TESS firmware version: '1.0'
#     TESS zero point: 20.38
#     Time Synchronization: timestamp added by MQTT subscriber
#     URL: http://www.darksky.org/NSBM/sdf1.0.pdf
# - __serialized_columns__:
#     Enclosure Temperature:
#       __class__: astropy.units.quantity.Quantity
#       unit: &id001 !astropy.units.Unit {unit: deg_C}
#       value: !astropy.table.SerializedColumn {name: Enclosure Temperature}
#     Frequency:
#       __class__: astropy.units.quantity.Quantity
#       unit: !astropy.units.Unit {unit: Hz}
#       value: !astropy.table.SerializedColumn {name: Frequency}
#     MSAS:
#       __class__: astropy.units.quantity.Quantity
#       unit: !astropy.units.Unit {unit: mag / arcsec2}
#       value: !astropy.table.SerializedColumn {name: MSAS}
#     Moon Alt:
#       __class__: astropy.units.quantity.Quantity
#       unit: &id002 !astropy.units.Unit {unit: deg}
#       value: !astropy.table.SerializedColumn {name: Moon Alt}
#     Sky Temperature:
#       __class__: astropy.units.quantity.Quantity
#       unit: *id001
#       value: !astropy.table.SerializedColumn {name: Sky Temperature}
#     Sun Alt:
#       __class__: astropy.units.quantity.Quantity
#       unit: *id002
#       value: !astropy.table.SerializedColumn {name: Sun Alt}
#     time:
#       __class__: astropy.time.core.Time
#       format: isot
#       in_subfmt: '*'
#       out_subfmt: '*'
#       precision: 3
#       scale: utc
#       value: !astropy.table.SerializedColumn {name: time}
# schema: astropy-2.0
time,Enclosure Temperature,Sky Temperature,Frequency,MSAS,ZP,Sequence Number,Sun Alt,Moon Alt,Moon Illumination
[from data line 13335]
2024-08-19T03:30:54.000,34.98,16.08,2.86,19.24,20.38,169864,-18.02,18.0,0.993
2024-08-19T03:31:54.000,34.94,16.15,2.83,19.25,20.38,169865,-18.21,18.0,0.993
2024-08-19T03:32:54.000,34.9,16.02,2.83,19.25,20.38,169866,-18.39,18.0,0.993
2024-08-19T03:33:55.000,34.86,16.1,2.88,19.23,20.38,169867,-18.58,18.0,0.993
2024-08-19T03:34:55.000,34.82,16.11,3.03,19.18,20.38,169868,-18.76,18.0,0.993
2024-08-19T03:35:55.000,34.8,16.16,3.0,19.19,20.38,169869,-18.95,18.0,0.993
2024-08-19T03:36:55.000,34.77,16.11,3.05,19.17,20.38,169870,-19.13,19.0,0.993
2024-08-19T03:37:55.000,34.77,16.27,3.12,19.15,20.38,169871,-19.32,19.0,0.993
2024-08-19T03:38:56.000,34.81,16.24,3.05,19.17,20.38,169872,-19.5,19.0,0.993
2024-08-19T03:39:56.000,34.78,16.16,2.96,19.2,20.38,169873,-19.69,19.0,0.993
2024-08-19T03:40:56.000,34.77,16.13,2.99,19.19,20.38,169874,-19.87,19.0,0.993
2024-08-19T03:41:56.000,34.74,16.1,3.01,19.18,20.38,169875,-20.05,19.0,0.993
2024-08-19T03:42:57.000,34.72,16.06,3.01,19.18,20.38,169876,-20.24,20.0,0.993
2024-08-19T03:43:57.000,34.68,16.08,3.03,19.18,20.38,169877,-20.42,20.0,0.993
2024-08-19T03:44:57.000,34.68,16.12,3.07,19.16,20.38,169878,-20.6,20.0,0.993
2024-08-19T03:45:57.000,34.68,16.13,3.1,19.15,20.38,169879,-20.79,20.0,0.993
2024-08-19T03:46:57.000,34.65,16.05,3.1,19.15,20.38,169880,-20.97,20.0,0.993
2024-08-19T03:47:58.000,34.65,16.06,3.07,19.16,20.38,169881,-21.15,20.0,0.993
2024-08-19T03:49:58.000,34.58,15.96,3.02,19.18,20.38,169883,-21.51,21.0,0.993
2024-08-19T03:50:58.000,34.55,15.98,3.01,19.18,20.38,169884,-21.69,21.0,0.994
2024-08-19T03:51:58.000,34.55,16.07,2.99,19.19,20.38,169885,-21.87,21.0,0.994
2024-08-19T03:52:59.000,34.57,16.06,2.96,19.2,20.38,169886,-22.05,21.0,0.994
2024-08-19T03:53:59.000,34.54,16.02,2.93,19.21,20.38,169887,-22.23,21.0,0.994
2024-08-19T03:54:59.000,34.52,16.05,2.92,19.22,20.38,169888,-22.41,21.0,0.994
2024-08-19T03:55:59.000,34.52,16.09,2.92,19.21,20.38,169889,-22.59,22.0,0.994
2024-08-19T03:56:59.000,34.5,16.1,2.94,19.21,20.38,169890,-22.77,22.0,0.994
2024-08-19T03:58:00.000,34.5,16.16,2.95,19.21,20.38,169891,-22.95,22.0,0.994
2024-08-19T03:59:00.000,34.49,16.18,2.94,19.21,20.38,169892,-23.12,22.0,0.994
2024-08-19T04:00:00.000,34.51,16.29,2.96,19.2,20.38,169893,-23.3,22.0,0.994
2024-08-19T04:01:00.000,34.56,16.3,2.96,19.2,20.38,169894,-23.48,22.0,0.994
2024-08-19T04:02:01.000,34.55,16.22,2.99,19.19,20.38,169895,-23.65,23.0,0.994
2024-08-19T04:03:01.000,34.61,16.32,3.03,19.18,20.38,169896,-23.83,23.0,0.994
2024-08-19T04:04:01.000,34.67,16.36,3.08,19.16,20.38,169897,-24.01,23.0,0.994
2024-08-19T04:05:01.000,34.69,16.27,3.13,19.14,20.38,169898,-24.18,23.0,0.994
2024-08-19T04:06:01.000,34.69,16.22,3.19,19.12,20.38,169899,-24.35,23.0,0.994
2024-08-19T04:07:02.000,34.73,16.28,3.32,19.08,20.38,169900,-24.53,23.0,0.994
2024-08-19T04:08:03.000,34.73,16.07,3.28,19.09,20.38,169901,-24.71,23.0,0.994
2024-08-19T04:12:04.000,34.52,15.76,3.72,18.95,20.38,169905,-25.4,24.0,0.994
2024-08-19T04:13:04.000,34.54,16.02,3.75,18.94,20.38,169906,-25.57,24.0,0.994
2024-08-19T04:14:04.000,34.58,16.06,3.71,18.96,20.38,169907,-25.74,24.0,0.994
2024-08-19T04:15:05.000,34.64,16.17,3.82,18.92,20.38,169908,-25.92,24.0,0.994
2024-08-19T04:16:05.000,34.73,16.27,4.02,18.87,20.38,169909,-26.09,25.0,0.994
2024-08-19T04:17:05.000,34.74,16.06,4.17,18.83,20.38,169910,-26.26,25.0,0.994
2024-08-19T04:18:05.000,34.71,15.98,4.41,18.77,20.38,169911,-26.43,25.0,0.994
2024-08-19T04:19:05.000,34.58,15.61,4.7,18.7,20.38,169912,-26.59,25.0,0.994
2024-08-19T04:20:06.000,34.5,15.86,5.02,18.63,20.38,169913,-26.77,25.0,0.994
2024-08-19T04:21:06.000,34.51,16.0,5.13,18.6,20.38,169914,-26.93,25.0,0.994
2024-08-19T04:22:06.000,34.55,16.18,5.27,18.58,20.38,169915,-27.1,25.0,0.994
2024-08-19T04:25:07.000,34.59,16.04,5.41,18.55,20.38,169918,-27.6,26.0,0.994
2024-08-19T04:37:08.000,34.26,15.86,4.34,18.79,20.38,169930,-29.56,28.0,0.994
2024-08-19T04:38:08.000,34.22,16.06,4.63,18.72,20.38,169931,-29.72,28.0,0.994
2024-08-19T04:40:09.000,34.18,16.46,5.64,18.5,20.38,169933,-30.05,28.0,0.994
2024-08-19T04:41:09.000,34.16,16.75,6.61,18.33,20.38,169934,-30.2,28.0,0.994
2024-08-19T04:42:09.000,34.15,16.87,7.67,18.17,20.38,169935,-30.36,28.0,0.994
2024-08-19T04:43:09.000,34.15,17.04,9.05,17.99,20.38,169936,-30.52,28.0,0.994
2024-08-19T04:44:09.000,34.18,17.32,10.75,17.8,20.38,169937,-30.68,28.0,0.994
2024-08-19T04:45:10.000,34.25,17.64,12.97,17.6,20.38,169938,-30.83,29.0,0.994
2024-08-19T04:46:10.000,34.29,17.9,16.05,17.37,20.38,169939,-30.99,29.0,0.994
2024-08-19T04:49:11.000,34.39,18.85,19.9,17.13,20.38,169942,-31.46,29.0,0.994
2024-08-19T04:50:11.000,34.45,19.19,20.11,17.12,20.38,169943,-31.61,29.0,0.994
2024-08-19T04:51:11.000,34.52,19.52,21.61,17.04,20.38,169944,-31.76,29.0,0.994
2024-08-19T04:52:12.000,34.57,19.75,23.97,16.93,20.38,169945,-31.92,29.0,0.994
2024-08-19T04:53:12.000,34.57,19.9,26.01,16.84,20.38,169946,-32.07,30.0,0.994
2024-08-19T04:54:12.000,34.54,20.14,28.33,16.75,20.38,169947,-32.22,30.0,0.994
2024-08-19T04:55:12.000,34.5,20.23,29.62,16.7,20.38,169948,-32.37,30.0,0.994
2024-08-19T04:56:12.000,34.43,20.21,29.8,16.69,20.38,169949,-32.52,30.0,0.994
2024-08-19T04:57:13.000,34.39,20.25,29.6,16.7,20.38,169950,-32.67,30.0,0.994
2024-08-19T04:58:13.000,34.39,20.39,29.34,16.71,20.38,169951,-32.82,30.0,0.994
2024-08-19T04:59:13.000,34.41,20.41,29.25,16.71,20.38,169952,-32.97,30.0,0.994
2024-08-19T05:00:14.000,34.45,20.35,29.6,16.7,20.38,169953,-33.12,30.0,0.994
2024-08-19T05:01:14.000,34.42,20.22,29.92,16.69,20.38,169954,-33.27,31.0,0.994
2024-08-19T05:02:14.000,34.38,20.15,30.22,16.68,20.38,169955,-33.41,31.0,0.994
2024-08-19T05:03:14.000,34.33,20.03,29.76,16.7,20.38,169956,-33.56,31.0,0.994
2024-08-19T05:04:14.000,34.29,19.93,28.15,16.76,20.38,169957,-33.7,31.0,0.994
2024-08-19T05:05:15.000,34.26,19.78,26.88,16.81,20.38,169958,-33.85,31.0,0.994
2024-08-19T05:06:15.000,34.27,19.68,26.55,16.82,20.38,169959,-33.99,31.0,0.994
2024-08-19T05:07:15.000,34.28,19.45,26.16,16.84,20.38,169960,-34.14,31.0,0.994
2024-08-19T05:08:15.000,34.3,19.27,24.78,16.9,20.38,169961,-34.28,31.0,0.994
2024-08-19T05:09:16.000,34.32,19.07,22.94,16.92,20.38,169962,-34.42,31.0,0.994
2024-08-19T05:10:16.000,34.33,18.88,22.86,16.98,20.38,169963,-34.56,32.0,0.994
2024-08-19T05:11:16.000,34.34,18.79,22.91,16.98,20.38,169964,-34.7,32.0,0.994
2024-08-19T05:12:16.000,34.35,18.69,20.97,17.08,20.38,169965,-34.84,32.0,0.994
2024-08-19T05:13:16.000,34.33,18.55,16.98,17.31,20.38,169966,-34.98,32.0,0.994
2024-08-19T05:14:17.000,34.27,18.5,14.3,17.49,20.38,169967,-35.12,32.0,0.994
2024-08-19T05:15:17.000,34.22,18.56,14.39,17.48,20.38,169968,-35.26,32.0,0.995
2024-08-19T05:20:20.000,34.04,20.07,27.18,16.79,20.38,169973,-35.94,33.0,0.995
2024-08-19T05:29:21.000,34.22,20.41,28.55,16.74,20.38,169982,-37.12,34.0,0.995
2024-08-19T05:30:21.000,34.16,20.39,27.91,16.77,20.38,169983,-37.25,34.0,0.995
2024-08-19T05:31:22.000,34.08,20.46,27.79,16.77,20.38,169984,-37.37,34.0,0.995
2024-08-19T05:32:22.000,34.05,20.47,28.51,16.74,20.38,169985,-37.5,34.0,0.995
2024-08-19T05:33:22.000,33.99,20.46,29.75,16.7,20.38,169986,-37.62,34.0,0.995
2024-08-19T05:34:22.000,33.94,20.36,30.04,16.69,20.38,169987,-37.75,34.0,0.995
2024-08-19T05:35:23.000,33.77,19.79,29.75,16.7,20.38,169988,-37.87,34.0,0.995
2024-08-19T05:36:23.000,33.66,20.05,28.98,16.72,20.38,169989,-37.99,34.0,0.995
2024-08-19T05:37:23.000,33.67,20.23,28.76,16.73,20.38,169990,-38.11,34.0,0.995
2024-08-19T05:38:23.000,33.71,20.37,29.75,16.7,20.38,169991,-38.23,34.0,0.995
2024-08-19T05:39:24.000,33.79,20.24,28.7,16.74,20.38,169992,-38.36,35.0,0.995
2024-08-19T05:40:24.000,33.8,19.96,28.43,16.75,20.38,169993,-38.47,35.0,0.995
2024-08-19T05:41:24.000,33.77,19.7,28.33,16.75,20.38,169994,-38.59,35.0,0.995
2024-08-19T05:42:24.000,33.78,19.54,28.38,16.75,20.38,169995,-38.71,35.0,0.995
2024-08-19T05:43:24.000,33.78,19.29,28.01,16.76,20.38,169996,-38.83,35.0,0.995
2024-08-19T05:44:25.000,33.78,19.09,27.41,16.79,20.38,169997,-38.94,35.0,0.995
2024-08-19T05:55:26.000,33.62,18.07,11.75,17.71,20.38,170008,-40.15,36.0,0.995
2024-08-19T05:56:26.000,33.64,18.39,14.45,17.48,20.38,170009,-40.26,36.0,0.995
2024-08-19T05:57:26.000,33.65,18.66,16.77,17.32,20.38,170010,-40.36,36.0,0.995
2024-08-19T05:58:26.000,33.66,18.91,18.47,17.21,20.38,170011,-40.46,36.0,0.995
2024-08-19T05:59:27.000,33.65,19.1,18.86,17.19,20.38,170012,-40.57,36.0,0.995
2024-08-19T06:00:27.000,33.67,19.47,20.12,17.12,20.38,170013,-40.67,36.0,0.995
2024-08-19T06:01:27.000,33.68,19.63,22.22,17.01,20.38,170014,-40.77,36.0,0.995
2024-08-19T06:02:27.000,33.66,19.79,24.68,16.9,20.38,170015,-40.87,36.0,0.995
2024-08-19T06:03:27.000,33.67,20.08,26.14,16.84,20.38,170016,-40.96,36.0,0.995
2024-08-19T06:04:28.000,33.66,20.36,26.76,16.81,20.38,170017,-41.06,36.0,0.995
2024-08-19T06:05:28.000,33.69,20.55,27.1,16.8,20.38,170018,-41.16,37.0,0.995
2024-08-19T06:06:28.000,33.7,20.61,27.57,16.78,20.38,170019,-41.25,37.0,0.995
2024-08-19T06:07:28.000,33.71,20.67,28.19,16.75,20.38,170020,-41.35,37.0,0.995
2024-08-19T06:08:28.000,33.71,20.65,28.44,16.75,20.38,170021,-41.44,37.0,0.995
2024-08-19T06:09:29.000,33.72,20.71,28.29,16.75,20.38,170022,-41.53,37.0,0.995
2024-08-19T06:10:29.000,33.74,20.73,27.96,16.76,20.38,170023,-41.62,37.0,0.995
2024-08-19T06:11:29.000,33.76,20.7,27.67,16.77,20.38,170024,-41.71,37.0,0.995
2024-08-19T06:12:29.000,33.72,20.64,28.11,16.76,20.38,170025,-41.8,37.0,0.995
2024-08-19T06:13:30.000,33.71,20.68,28.71,16.73,20.38,170026,-41.89,37.0,0.995
2024-08-19T06:14:30.000,33.72,20.72,29.47,16.71,20.38,170027,-41.98,37.0,0.995
2024-08-19T06:15:30.000,33.7,20.65,30.09,16.68,20.38,170028,-42.06,37.0,0.995
2024-08-19T06:16:30.000,33.71,20.73,30.56,16.67,20.38,170029,-42.15,37.0,0.995
2024-08-19T06:17:30.000,33.72,20.7,30.84,16.66,20.38,170030,-42.23,37.0,0.995
2024-08-19T06:18:31.000,33.73,20.76,30.94,16.65,20.38,170031,-42.31,37.0,0.995
2024-08-19T06:19:31.000,33.79,20.78,31.5,16.63,20.38,170032,-42.4,37.0,0.995
2024-08-19T06:20:31.000,33.8,20.67,32.34,16.61,20.38,170033,-42.48,37.0,0.995
2024-08-19T06:22:32.000,33.79,20.57,31.97,16.62,20.38,170035,-42.64,38.0,0.995
2024-08-19T06:23:32.000,33.73,20.61,31.12,16.65,20.38,170036,-42.71,38.0,0.995
2024-08-19T06:24:32.000,33.78,20.8,31.25,16.64,20.38,170037,-42.79,38.0,0.995
2024-08-19T06:25:32.000,33.85,20.84,31.37,16.64,20.38,170038,-42.86,38.0,0.995
2024-08-19T06:26:33.000,33.89,20.72,31.45,16.64,20.38,170039,-42.94,38.0,0.995
2024-08-19T06:27:33.000,33.89,20.61,32.11,16.61,20.38,170040,-43.01,38.0,0.995
2024-08-19T06:28:33.000,33.87,20.62,32.8,16.59,20.38,170041,-43.08,38.0,0.995
2024-08-19T06:29:33.000,33.85,20.56,33.54,16.57,20.38,170042,-43.15,38.0,0.995
2024-08-19T06:30:34.000,33.82,20.54,34.59,16.53,20.38,170043,-43.22,38.0,0.995
2024-08-19T06:31:34.000,33.8,20.51,35.45,16.51,20.38,170044,-43.29,38.0,0.995
2024-08-19T06:32:34.000,33.78,20.49,35.19,16.51,20.38,170045,-43.36,38.0,0.995
2024-08-19T06:36:35.000,33.74,20.47,33.81,16.56,20.38,170049,-43.62,38.0,0.995
2024-08-19T06:37:35.000,33.76,20.47,33.58,16.56,20.38,170050,-43.68,38.0,0.995
2024-08-19T06:42:36.000,33.86,20.1,36.19,16.49,20.38,170055,-43.97,38.0,0.995
2024-08-19T06:43:36.000,33.89,19.96,35.93,16.49,20.38,170056,-44.02,38.0,0.995
2024-08-19T06:45:37.000,33.91,19.58,36.63,16.47,20.38,170058,-44.13,38.0,0.995
2024-08-19T06:46:37.000,33.92,19.34,37.04,16.46,20.38,170059,-44.18,38.0,0.995
2024-08-19T06:47:37.000,33.91,19.16,38.65,16.41,20.38,170060,-44.23,38.0,0.995
2024-08-19T06:48:37.000,33.9,19.04,37.3,16.45,20.38,170061,-44.28,38.0,0.996
2024-08-19T06:49:38.000,33.9,18.92,35.33,16.51,20.38,170062,-44.33,38.0,0.996
2024-08-19T06:50:38.000,33.9,18.72,36.07,16.49,20.38,170063,-44.37,38.0,0.996
2024-08-19T06:51:38.000,33.89,18.52,35.68,16.5,20.38,170064,-44.42,39.0,0.996
2024-08-19T06:52:38.000,33.9,18.32,35.87,16.49,20.38,170065,-44.46,39.0,0.996
2024-08-19T06:53:38.000,33.88,17.96,35.1,16.52,20.38,170066,-44.5,39.0,0.996
2024-08-19T06:54:39.000,33.83,17.57,33.33,16.57,20.38,170067,-44.55,39.0,0.996
2024-08-19T06:55:39.000,33.81,17.23,29.91,16.69,20.38,170068,-44.59,39.0,0.996
2024-08-19T06:56:39.000,33.77,16.83,27.19,16.8,20.38,170069,-44.62,39.0,0.996
2024-08-19T06:57:39.000,33.69,16.3,22.87,16.98,20.38,170070,-44.66,39.0,0.996
2024-08-19T06:58:39.000,33.63,15.89,19.51,17.16,20.38,170071,-44.7,39.0,0.996
2024-08-19T06:59:40.000,33.54,15.53,15.85,17.38,20.38,170072,-44.73,39.0,0.996
2024-08-19T07:01:40.000,33.38,15.0,11.91,17.69,20.38,170074,-44.8,39.0,0.996
2024-08-19T07:02:40.000,33.32,14.92,11.13,17.76,20.38,170075,-44.83,39.0,0.996
2024-08-19T07:03:41.000,33.31,14.79,10.35,17.84,20.38,170076,-44.86,39.0,0.996
2024-08-19T07:04:41.000,33.25,14.46,9.75,17.91,20.38,170077,-44.89,39.0,0.996
2024-08-19T07:05:41.000,33.18,14.31,9.61,17.92,20.38,170078,-44.92,39.0,0.996
2024-08-19T07:06:41.000,33.1,14.37,9.77,17.91,20.38,170079,-44.94,39.0,0.996
2024-08-19T07:07:41.000,33.1,14.33,9.4,17.95,20.38,170080,-44.97,39.0,0.996
2024-08-19T07:08:42.000,33.08,14.27,8.92,18.0,20.38,170081,-44.99,39.0,0.996
2024-08-19T07:09:42.000,33.02,14.11,8.79,18.02,20.38,170082,-45.02,39.0,0.996
2024-08-19T07:10:42.000,32.96,14.06,8.76,18.02,20.38,170083,-45.04,39.0,0.996
2024-08-19T07:12:42.000,32.94,14.21,8.65,18.04,20.38,170085,-45.08,39.0,0.996
2024-08-19T07:13:43.000,32.92,14.15,8.59,18.04,20.38,170086,-45.09,39.0,0.996
2024-08-19T07:14:43.000,32.91,14.16,8.37,18.07,20.38,170087,-45.11,39.0,0.996
2024-08-19T07:15:43.000,32.87,14.03,8.24,18.09,20.38,170088,-45.12,39.0,0.996
2024-08-19T07:16:43.000,32.86,14.06,8.01,18.12,20.38,170089,-45.14,39.0,0.996
2024-08-19T07:17:43.000,32.83,13.96,7.98,18.13,20.38,170090,-45.15,39.0,0.996
2024-08-19T07:19:44.000,32.71,13.88,7.82,18.15,20.38,170092,-45.17,39.0,0.996
2024-08-19T07:20:44.000,32.63,13.8,7.78,18.15,20.38,170093,-45.18,39.0,0.996
2024-08-19T07:21:44.000,32.59,13.81,7.69,18.17,20.38,170094,-45.19,39.0,0.996
2024-08-19T07:22:45.000,32.51,13.73,7.7,18.16,20.38,170095,-45.19,39.0,0.996
2024-08-19T07:23:45.000,32.45,13.75,7.71,18.16,20.38,170096,-45.2,39.0,0.996
2024-08-19T07:24:45.000,32.4,13.7,7.68,18.17,20.38,170097,-45.2,39.0,0.996
2024-08-19T07:25:45.000,32.33,13.7,7.69,18.16,20.38,170098,-45.2,39.0,0.996
2024-08-19T07:27:46.000,32.28,13.73,7.66,18.17,20.38,170100,-45.2,39.0,0.996
2024-08-19T07:28:46.000,32.26,13.75,7.71,18.16,20.38,170101,-45.2,38.0,0.996
2024-08-19T07:32:47.000,32.23,13.66,7.98,18.12,20.38,170105,-45.18,38.0,0.996
2024-08-19T07:45:48.000,32.01,13.51,7.69,18.16,20.38,170118,-44.97,38.0,0.996
2024-08-19T07:46:48.000,31.97,13.42,7.52,18.19,20.38,170119,-44.95,38.0,0.996
2024-08-19T07:47:49.000,31.96,13.5,7.2,18.24,20.38,170120,-44.92,38.0,0.996
2024-08-19T07:48:49.000,31.95,13.47,6.49,18.35,20.38,170121,-44.89,38.0,0.996
2024-08-19T07:49:49.000,31.94,13.48,7.47,18.2,20.38,170122,-44.86,38.0,0.996
2024-08-19T07:51:50.000,31.91,13.36,7.74,18.16,20.38,170124,-44.8,38.0,0.996
2024-08-19T07:52:51.000,31.86,13.27,7.78,18.15,20.38,170125,-44.77,38.0,0.996
2024-08-19T07:53:51.000,31.8,13.29,7.38,18.21,20.38,170126,-44.74,38.0,0.996
2024-08-19T07:54:51.000,31.75,13.32,7.74,18.16,20.38,170127,-44.7,38.0,0.996
2024-08-19T07:55:51.000,31.72,13.27,7.67,18.17,20.38,170128,-44.67,38.0,0.996
2024-08-19T07:56:51.000,31.7,13.34,7.49,18.19,20.38,170129,-44.63,38.0,0.996
2024-08-19T07:57:52.000,31.71,13.39,7.68,18.17,20.38,170130,-44.59,37.0,0.996
2024-08-19T07:58:52.000,31.68,13.11,7.67,18.17,20.38,170131,-44.55,37.0,0.996
2024-08-19T07:59:52.000,31.6,13.31,7.67,18.17,20.38,170132,-44.51,37.0,0.996
2024-08-19T08:00:53.000,31.57,13.17,7.67,18.17,20.38,170133,-44.47,37.0,0.996
2024-08-19T08:01:53.000,31.53,13.36,7.42,18.2,20.38,170134,-44.42,37.0,0.996
2024-08-19T08:02:53.000,31.54,13.32,7.09,18.26,20.38,170135,-44.38,37.0,0.996
2024-08-19T08:03:53.000,31.52,13.42,7.81,18.15,20.38,170136,-44.33,37.0,0.996
2024-08-19T08:04:53.000,31.5,13.45,7.65,18.17,20.38,170137,-44.28,37.0,0.996
2024-08-19T08:05:54.000,31.5,13.5,7.07,18.27,20.38,170138,-44.24,37.0,0.996
