Downloads/jupyter/ECSV/stars19/stars19_2020-05.ecsv
# %ECSV 1.0
# ---
# datatype:
# - {name: time, datatype: string}
# - {name: Enclosure Temperature, unit: deg_C, datatype: float64}
# - {name: Sky Temperature, unit: deg_C, datatype: float64}
# - {name: Frequency, unit: Hz, datatype: float64}
# - {name: MSAS, unit: mag / arcsec2, datatype: float64}
# - {name: ZP, datatype: float64}
# - {name: Sequence Number, datatype: int64}
# - {name: Sun Alt, unit: deg, datatype: float64}
# - {name: Moon Alt, unit: deg, datatype: float64}
# - {name: Moon Illumination, datatype: float64}
# delimiter: ','
# meta: !!omap
# - ida:
#     Data supplier: {affiliation: null, observer: null}
#     Device type: TESS-W
#     Field of view: 17.0
#     Filters per channel: None
#     Instrument ID: stars19
#     License: ODbL 1.0 http://opendatacommons.org/licenses/odbl/summary/
#     Local timezone: America/Phoenix
#     Location name: {country: '- Tucson', place: Tucson, region: United States, sub_region: Arizona, town: Pima County}
#     Measurement direction per channel: {azimuth: 0.0, zenital: 0.0}
#     Moving / Fixed look direction: FIXED
#     Moving / Stationary position: STATIONARY
#     Number of channels: 1
#     Number of fields per line: 8
#     Number of header lines: 35
#     Position: {height: 0.0, latitude: 32.223877, longitude: -110.767532}
#     TESS MAC address: 18:FE:34:CF:EC:06
#     TESS cover offset value: 0.0
#     TESS firmware version: '1.0'
#     TESS zero point: 20.5
#     Time Synchronization: timestamp added by MQTT subscriber
#     URL: http://www.darksky.org/NSBM/sdf1.0.pdf
# - __serialized_columns__:
#     Enclosure Temperature:
#       __class__: astropy.units.quantity.Quantity
#       unit: &id001 !astropy.units.Unit {unit: deg_C}
#       value: !astropy.table.SerializedColumn {name: Enclosure Temperature}
#     Frequency:
#       __class__: astropy.units.quantity.Quantity
#       unit: !astropy.units.Unit {unit: Hz}
#       value: !astropy.table.SerializedColumn {name: Frequency}
#     MSAS:
#       __class__: astropy.units.quantity.Quantity
#       unit: !astropy.units.Unit {unit: mag / arcsec2}
#       value: !astropy.table.SerializedColumn {name: MSAS}
#     Moon Alt:
#       __class__: astropy.units.quantity.Quantity
#       unit: &id002 !astropy.units.Unit {unit: deg}
#       value: !astropy.table.SerializedColumn {name: Moon Alt}
#     Sky Temperature:
#       __class__: astropy.units.quantity.Quantity
#       unit: *id001
#       value: !astropy.table.SerializedColumn {name: Sky Temperature}
#     Sun Alt:
#       __class__: astropy.units.quantity.Quantity
#       unit: *id002
#       value: !astropy.table.SerializedColumn {name: Sun Alt}
#     time:
#       __class__: astropy.time.core.Time
#       format: isot
#       in_subfmt: '*'
#       out_subfmt: '*'
#       precision: 3
#       scale: utc
#       value: !astropy.table.SerializedColumn {name: time}
# schema: astropy-2.0
time,Enclosure Temperature,Sky Temperature,Frequency,MSAS,ZP,Sequence Number,Sun Alt,Moon Alt,Moon Illumination
[from data line 16928]
2020-05-22T22:14:10.000,39.44,9.66,0.0,0.0,20.5,38831,49.57,50.0,0.001
2020-05-22T22:30:15.000,39.13,10.49,0.0,0.0,20.5,38847,46.18,47.0,0.001
2020-05-22T22:31:15.000,39.16,10.65,0.0,0.0,20.5,38848,45.97,47.0,0.001
2020-05-22T22:32:15.000,39.11,10.26,0.0,0.0,20.5,38849,45.76,47.0,0.001
2020-05-22T22:34:17.000,38.99,10.11,0.0,0.0,20.5,38851,45.33,46.0,0.001
2020-05-22T22:35:17.000,38.92,10.32,0.0,0.0,20.5,38852,45.12,46.0,0.001
2020-05-22T22:36:18.000,38.83,9.86,0.0,0.0,20.5,38853,44.91,46.0,0.001
2020-05-22T22:42:19.000,38.72,10.41,0.0,0.0,20.5,38859,43.64,45.0,0.001
2020-05-22T22:43:20.000,38.74,10.6,0.0,0.0,20.5,38860,43.42,45.0,0.001
2020-05-22T22:44:20.000,38.74,10.43,0.0,0.0,20.5,38861,43.21,44.0,0.001
2020-05-22T22:47:20.000,38.86,10.85,0.0,0.0,20.5,38864,42.58,44.0,0.001
2020-05-22T22:48:20.000,38.92,10.96,0.0,0.0,20.5,38865,42.36,43.0,0.001
2020-05-22T22:50:21.000,38.82,10.86,0.0,0.0,20.5,38867,41.94,43.0,0.001
2020-05-22T22:51:22.000,38.83,10.87,0.0,0.0,20.5,38868,41.72,43.0,0.001
2020-05-22T22:56:24.000,38.88,11.05,0.0,0.0,20.5,38873,40.66,42.0,0.001
2020-05-22T22:57:24.000,38.91,11.1,0.0,0.0,20.5,38874,40.45,42.0,0.001
2020-05-22T22:58:25.000,38.93,10.89,0.0,0.0,20.5,38875,40.23,41.0,0.001
2020-05-22T22:59:25.000,38.81,10.15,0.0,0.0,20.5,38876,40.02,41.0,0.001
2020-05-22T23:00:25.000,38.78,10.91,0.0,0.0,20.5,38877,39.81,41.0,0.001
2020-05-22T23:04:27.000,38.49,10.46,0.0,0.0,20.5,38881,38.96,40.0,0.001
2020-05-22T23:05:27.000,38.46,10.53,0.0,0.0,20.5,38882,38.75,40.0,0.001
2020-05-22T23:07:29.000,38.4,10.37,0.0,0.0,20.5,38884,38.32,40.0,0.001
2020-05-22T23:08:29.000,38.34,10.19,0.0,0.0,20.5,38885,38.1,39.0,0.001
2020-05-22T23:09:29.000,38.25,9.94,0.0,0.0,20.5,38886,37.89,39.0,0.001
2020-05-22T23:10:30.000,38.21,10.42,0.0,0.0,20.5,38887,37.68,39.0,0.001
2020-05-22T23:12:31.000,38.22,10.63,0.0,0.0,20.5,38889,37.25,39.0,0.001
2020-05-22T23:13:31.000,38.22,10.64,0.0,0.0,20.5,38890,37.04,38.0,0.001
2020-05-22T23:14:31.000,38.2,10.52,0.0,0.0,20.5,38891,36.83,38.0,0.001
2020-05-22T23:17:32.000,38.27,10.86,0.0,0.0,20.5,38894,36.19,37.0,0.001
2020-05-22T23:18:33.000,38.22,10.44,0.0,0.0,20.5,38895,35.98,37.0,0.001
2020-05-22T23:19:33.000,38.2,10.68,0.0,0.0,20.5,38896,35.77,37.0,0.001
2020-05-22T23:32:38.000,38.14,10.6,0.0,0.0,20.5,38909,33.01,34.0,0.001
2020-05-22T23:33:38.000,38.09,10.59,0.0,0.0,20.5,38910,32.8,34.0,0.001
2020-05-22T23:34:38.000,38.08,10.86,0.0,0.0,20.5,38911,32.59,34.0,0.001
2020-05-22T23:37:40.000,37.98,10.28,0.0,0.0,20.5,38914,31.95,33.0,0.001
2020-05-22T23:38:41.000,37.92,10.08,0.0,0.0,20.5,38915,31.73,33.0,0.001
2020-05-22T23:39:41.000,37.86,10.2,0.0,0.0,20.5,38916,31.52,33.0,0.001
2020-05-22T23:40:41.000,37.86,10.56,0.0,0.0,20.5,38917,31.31,33.0,0.001
2020-05-22T23:41:42.000,37.89,10.49,0.0,0.0,20.5,38918,31.1,33.0,0.001
2020-05-22T23:42:42.000,37.87,10.32,0.0,0.0,20.5,38919,30.89,32.0,0.001
2020-05-22T23:44:42.000,37.78,10.13,0.0,0.0,20.5,38921,30.47,32.0,0.001
2020-05-22T23:46:43.000,37.66,9.92,0.0,0.0,20.5,38923,30.05,31.0,0.001
2020-05-22T23:50:45.000,37.55,10.08,0.0,0.0,20.5,38927,29.2,31.0,0.001
2020-05-22T23:51:46.000,37.55,10.04,0.0,0.0,20.5,38928,28.99,30.0,0.001
2020-05-22T23:52:46.000,37.57,10.11,0.0,0.0,20.5,38929,28.78,30.0,0.001
2020-05-22T23:54:47.000,37.69,10.29,0.0,0.0,20.5,38931,28.35,30.0,0.001
2020-05-22T23:55:47.000,37.74,10.28,0.0,0.0,20.5,38932,28.14,30.0,0.001
2020-05-22T23:56:47.000,37.73,9.72,0.0,0.0,20.5,38933,27.94,29.0,0.001
2020-05-22T23:59:48.000,37.72,10.26,0.0,0.0,20.5,38936,27.3,29.0,0.001
2020-05-23T00:00:48.000,37.75,10.19,0.0,0.0,20.5,38937,27.09,29.0,0.001
2020-05-23T00:02:50.000,37.74,9.87,0.0,0.0,20.5,38939,26.67,28.0,0.001
2020-05-23T00:03:51.000,37.72,9.72,0.0,0.0,20.5,38940,26.46,28.0,0.001
2020-05-23T00:04:51.000,37.67,9.84,0.0,0.0,20.5,38941,26.25,28.0,0.001
2020-05-23T00:06:51.000,37.7,9.97,0.0,0.0,20.5,38943,25.83,27.0,0.001
2020-05-23T00:07:51.000,37.67,9.78,0.0,0.0,20.5,38944,25.62,27.0,0.001
2020-05-23T00:09:53.000,37.5,9.38,0.0,0.0,20.5,38946,25.2,27.0,0.001
2020-05-23T00:10:53.000,37.41,9.31,0.0,0.0,20.5,38947,24.99,27.0,0.001
2020-05-23T00:11:53.000,37.39,9.83,0.0,0.0,20.5,38948,24.78,26.0,0.001
2020-05-23T00:13:53.000,37.41,9.79,0.0,0.0,20.5,38950,24.36,26.0,0.001
2020-05-23T00:14:54.000,37.39,9.64,0.0,0.0,20.5,38951,24.15,26.0,0.001
2020-05-23T00:16:55.000,37.37,9.42,0.0,0.0,20.5,38953,23.73,25.0,0.001
2020-05-23T00:17:56.000,37.33,9.39,0.0,0.0,20.5,38954,23.52,25.0,0.001
2020-05-23T00:18:56.000,37.3,9.41,0.0,0.0,20.5,38955,23.31,25.0,0.001
2020-05-23T00:21:57.000,37.09,9.01,0.0,0.0,20.5,38958,22.69,24.0,0.001
2020-05-23T00:22:57.000,37.02,9.03,0.0,0.0,20.5,38959,22.48,24.0,0.001
2020-05-23T00:23:58.000,36.97,9.2,0.0,0.0,20.5,38960,22.27,24.0,0.001
2020-05-23T00:25:58.000,36.88,9.14,0.0,0.0,20.5,38962,21.85,23.0,0.001
2020-05-23T00:26:58.000,36.87,9.15,0.0,0.0,20.5,38963,21.64,23.0,0.001
2020-05-23T00:27:59.000,36.82,9.01,0.0,0.0,20.5,38964,21.43,23.0,0.001
2020-05-23T00:29:59.000,36.66,8.85,0.0,0.0,20.5,38966,21.02,23.0,0.001
2020-05-23T00:31:00.000,36.59,8.83,0.0,0.0,20.5,38967,20.81,22.0,0.001
2020-05-23T00:33:00.000,36.49,8.68,0.0,0.0,20.5,38969,20.4,22.0,0.001
2020-05-23T00:34:02.000,36.48,8.9,0.0,0.0,20.5,38970,20.18,22.0,0.001
2020-05-23T00:35:02.000,36.45,8.8,0.0,0.0,20.5,38971,19.98,22.0,0.001
2020-05-23T00:38:02.000,36.35,8.75,0.0,0.0,20.5,38974,19.36,21.0,0.001
2020-05-23T00:39:03.000,36.29,8.42,0.0,0.0,20.5,38975,19.15,21.0,0.001
2020-05-23T00:40:03.000,36.21,8.54,0.0,0.0,20.5,38976,18.94,21.0,0.001
2020-05-23T00:42:05.000,36.23,8.77,0.0,0.0,20.5,38978,18.52,20.0,0.001
2020-05-23T00:43:05.000,36.23,8.58,0.0,0.0,20.5,38979,18.32,20.0,0.001
2020-05-23T00:44:05.000,36.15,8.51,0.0,0.0,20.5,38980,18.11,20.0,0.001
2020-05-23T00:46:06.000,36.15,8.68,0.0,0.0,20.5,38982,17.7,19.0,0.001
2020-05-23T00:47:06.000,36.08,8.27,0.0,0.0,20.5,38983,17.49,19.0,0.001
2020-05-23T00:48:06.000,36.07,8.57,0.0,0.0,20.5,38984,17.29,19.0,0.001
2020-05-23T00:49:07.000,36.02,8.45,0.0,0.0,20.5,38985,17.08,19.0,0.001
2020-05-23T00:50:07.000,35.98,8.55,0.0,0.0,20.5,38986,16.87,19.0,0.001
2020-05-23T00:51:07.000,35.96,8.41,0.0,0.0,20.5,38987,16.67,18.0,0.001
2020-05-23T00:53:08.000,35.88,8.38,0.0,0.0,20.5,38989,16.25,18.0,0.001
2020-05-23T00:56:10.000,35.66,8.21,0.0,0.0,20.5,38992,15.63,17.0,0.001
2020-05-23T00:57:10.000,35.61,8.15,0.0,0.0,20.5,38993,15.43,17.0,0.001
2020-05-23T00:58:10.000,35.57,8.23,0.0,0.0,20.5,38994,15.23,17.0,0.001
2020-05-23T00:59:11.000,35.53,8.23,0.0,0.0,20.5,38995,15.02,17.0,0.001
2020-05-23T01:01:11.000,35.47,8.27,0.0,0.0,20.5,38997,14.61,16.0,0.001
2020-05-23T01:02:12.000,35.41,7.93,0.0,0.0,20.5,38998,14.4,16.0,0.001
2020-05-23T01:03:13.000,35.35,8.0,0.0,0.0,20.5,38999,14.2,16.0,0.001
2020-05-23T01:04:13.000,35.3,7.84,0.0,0.0,20.5,39000,13.99,16.0,0.001
2020-05-23T01:07:13.000,35.17,8.0,0.0,0.0,20.5,39003,13.38,15.0,0.001
2020-05-23T01:08:14.000,35.17,7.98,0.0,0.0,20.5,39004,13.18,15.0,0.001
2020-05-23T01:09:15.000,35.13,7.82,0.0,0.0,20.5,39005,12.97,15.0,0.001
2020-05-23T01:10:15.000,35.04,7.52,0.0,0.0,20.5,39006,12.77,15.0,0.001
2020-05-23T01:11:15.000,34.97,7.6,0.0,0.0,20.5,39007,12.56,14.0,0.001
2020-05-23T01:12:16.000,34.88,7.45,0.0,0.0,20.5,39008,12.36,14.0,0.001
2020-05-23T01:14:17.000,34.77,7.54,0.0,0.0,20.5,39010,11.95,14.0,0.001
2020-05-23T01:15:17.000,34.75,7.6,0.0,0.0,20.5,39011,11.75,14.0,0.001
2020-05-23T01:16:17.000,34.7,7.3,0.0,0.0,20.5,39012,11.55,13.0,0.001
2020-05-23T01:20:19.000,34.45,7.14,0.0,0.0,20.5,39016,10.73,13.0,0.001
2020-05-23T01:21:19.000,34.38,6.95,0.0,0.0,20.5,39017,10.53,12.0,0.001
2020-05-23T01:22:20.000,34.35,7.1,0.0,0.0,20.5,39018,10.33,12.0,0.001
2020-05-23T01:24:20.000,34.26,6.96,0.0,0.0,20.5,39020,9.93,12.0,0.001
2020-05-23T01:25:21.000,34.2,6.85,0.0,0.0,20.5,39021,9.72,12.0,0.001
2020-05-23T01:26:21.000,34.18,7.05,0.0,0.0,20.5,39022,9.52,11.0,0.001
2020-05-23T01:28:22.000,34.15,7.01,0.0,0.0,20.5,39024,9.12,11.0,0.001
2020-05-23T01:29:22.000,34.13,6.87,0.0,0.0,20.5,39025,8.92,11.0,0.001
2020-05-23T01:30:22.000,34.07,6.73,0.0,0.0,20.5,39026,8.72,11.0,0.001
2020-05-23T01:31:23.000,34.03,6.52,0.0,0.0,20.5,39027,8.51,10.0,0.001
2020-05-23T01:32:23.000,33.97,6.55,0.0,0.0,20.5,39028,8.31,10.0,0.001
2020-05-23T01:34:23.000,33.83,6.46,0.0,0.0,20.5,39030,7.91,10.0,0.001
2020-05-23T01:35:24.000,33.75,6.23,0.0,0.0,20.5,39031,7.71,10.0,0.001
2020-05-23T01:36:25.000,33.68,6.23,0.0,0.0,20.5,39032,7.51,9.0,0.001
2020-05-23T01:40:27.000,33.34,5.88,0.0,0.0,20.5,39036,6.71,9.0,0.001
2020-05-23T01:41:27.000,33.28,5.96,0.0,0.0,20.5,39037,6.51,8.0,0.001
2020-05-23T01:42:27.000,33.26,6.02,0.0,0.0,20.5,39038,6.31,8.0,0.001
2020-05-23T01:45:28.000,33.12,5.9,0.0,0.0,20.5,39041,5.71,8.0,0.001
2020-05-23T01:47:29.000,32.98,5.63,0.0,0.0,20.5,39043,5.32,7.0,0.001
2020-05-23T01:48:29.000,32.91,5.56,0.0,0.0,20.5,39044,5.12,7.0,0.001
2020-05-23T01:49:29.000,32.83,5.64,0.15,0.09,20.5,39045,4.92,7.0,0.001
2020-05-23T01:50:45.000,32.79,5.58,0.0,0.0,20.5,39046,4.67,7.0,0.001
2020-05-23T01:51:45.000,32.7,5.48,0.0,0.0,20.5,39047,4.48,6.0,0.001
2020-05-23T01:52:45.000,32.66,5.49,0.0,0.0,20.5,39048,4.28,6.0,0.001
2020-05-23T01:53:47.000,32.62,5.53,0.11,0.09,20.5,39049,4.08,6.0,0.001
2020-05-23T01:54:48.000,32.57,5.36,0.0,0.0,20.5,39050,3.88,6.0,0.001
2020-05-23T01:55:49.000,32.5,5.27,0.0,0.0,20.5,39051,3.68,6.0,0.001
2020-05-23T01:56:50.000,32.45,5.34,0.0,0.0,20.5,39052,3.48,5.0,0.002
2020-05-23T02:05:53.000,31.93,4.73,0.0,0.0,20.5,39061,1.72,4.0,0.002
2020-05-23T02:06:53.000,31.88,4.66,0.0,0.0,20.5,39062,1.52,4.0,0.002
2020-05-23T02:07:53.000,31.82,4.64,0.0,0.0,20.5,39063,1.33,3.0,0.002
2020-05-23T02:09:53.000,31.74,4.59,0.0,0.0,20.5,39065,0.94,3.0,0.002
2020-05-23T02:12:55.000,31.59,4.44,0.0,0.0,20.5,39068,0.36,2.0,0.002
2020-05-23T02:13:55.000,31.53,4.3,0.0,0.0,20.5,39069,0.17,2.0,0.002
2020-05-23T02:16:58.000,31.36,4.17,0.0,0.0,20.5,39072,-0.42,2.0,0.002
2020-05-23T02:17:58.000,31.31,4.19,0.0,0.0,20.5,39073,-0.61,1.0,0.002
2020-05-23T02:18:58.000,31.25,4.1,0.0,0.0,20.5,39074,-0.8,1.0,0.002
2020-05-23T02:19:59.000,31.19,3.97,0.0,0.0,20.5,39075,-1.0,1.0,0.002
2020-05-23T02:20:59.000,31.12,4.01,0.0,0.0,20.5,39076,-1.19,1.0,0.002
2020-05-23T02:23:00.000,31.03,3.98,55349.3,8.52,20.5,39078,-1.57,0.0,0.002
2020-05-23T02:24:00.000,31.0,3.94,48292.33,8.67,20.5,39079,-1.76,0.0,0.002
2020-05-23T02:25:00.000,30.95,3.93,41865.19,8.83,20.5,39080,-1.95,0.0,0.002
2020-05-23T02:26:01.000,30.9,3.88,36071.64,8.99,20.5,39081,-2.15,-0.0,0.002
2020-05-23T02:27:01.000,30.86,3.93,30795.51,9.16,20.5,39082,-2.34,-0.0,0.002
2020-05-23T02:28:01.000,30.83,3.87,25978.31,9.34,20.5,39083,-2.53,-0.0,0.002
2020-05-23T02:29:01.000,30.8,3.83,21611.73,9.54,20.5,39084,-2.71,-1.0,0.002
2020-05-23T02:30:02.000,30.72,3.71,17744.18,9.76,20.5,39085,-2.91,-1.0,0.002
2020-05-23T02:31:03.000,30.69,3.79,14468.15,9.98,20.5,39086,-3.1,-1.0,0.002
2020-05-23T02:32:03.000,30.66,3.79,11826.91,10.2,20.5,39087,-3.29,-1.0,0.002
2020-05-23T02:35:05.000,30.57,3.71,6356.57,10.87,20.5,39090,-3.86,-2.0,0.002
2020-05-23T02:36:05.000,30.55,3.66,5100.47,11.11,20.5,39091,-4.05,-2.0,0.002
2020-05-23T02:37:05.000,30.51,3.65,4075.0,11.36,20.5,39092,-4.23,-2.0,0.002
2020-05-23T02:42:24.000,30.37,3.53,1254.82,12.64,20.5,39097,-5.22,-3.0,0.002
2020-05-23T02:44:31.000,30.28,3.48,779.65,13.15,20.5,39099,-5.62,-4.0,0.002
2020-05-23T02:45:31.000,30.23,3.46,617.27,13.41,20.5,39100,-5.8,-4.0,0.002
2020-05-23T02:47:33.000,30.16,3.45,382.81,13.93,20.5,39102,-6.18,-4.0,0.002
2020-05-23T02:48:34.000,30.15,3.43,300.47,14.19,20.5,39103,-6.37,-4.0,0.002
2020-05-23T02:49:35.000,30.11,3.36,235.58,14.45,20.5,39104,-6.55,-4.0,0.002
2020-05-23T02:50:35.000,30.04,3.26,184.34,14.72,20.5,39105,-6.74,-5.0,0.002
2020-05-23T02:52:41.000,30.02,3.34,111.56,15.26,20.5,39107,-7.12,-5.0,0.002
2020-05-23T02:53:41.000,30.0,3.33,88.31,15.52,20.5,39108,-7.31,-5.0,0.002
2020-05-23T02:54:41.000,29.97,3.33,70.36,15.76,20.5,39109,-7.49,-5.0,0.002
2020-05-23T02:55:41.000,29.95,3.31,56.55,16.0,20.5,39110,-7.67,-6.0,0.002
2020-05-23T02:57:41.000,29.89,3.29,37.95,16.43,20.5,39112,-8.03,-6.0,0.002
2020-05-23T02:58:41.000,29.86,3.21,31.27,16.64,20.5,39113,-8.22,-6.0,0.002
2020-05-23T02:59:41.000,29.84,3.3,26.02,16.84,20.5,39114,-8.4,-6.0,0.002
2020-05-23T03:03:43.000,29.75,3.29,13.54,17.55,20.5,39118,-9.13,-7.0,0.002
2020-05-23T03:04:43.000,29.7,3.19,11.48,17.73,20.5,39119,-9.31,-7.0,0.002
2020-05-23T03:05:43.000,29.66,3.23,9.95,17.89,20.5,39120,-9.49,-7.0,0.002
2020-05-23T03:06:43.000,29.64,3.16,8.64,18.04,20.5,39121,-9.67,-8.0,0.002
2020-05-23T03:07:43.000,29.61,3.21,7.52,18.19,20.5,39122,-9.84,-8.0,0.002
2020-05-23T03:08:44.000,29.58,3.15,6.55,18.34,20.5,39123,-10.03,-8.0,0.002
2020-05-23T03:09:44.000,29.54,3.16,5.74,18.48,20.5,39124,-10.21,-8.0,0.002
2020-05-23T03:10:44.000,29.5,3.13,5.07,18.62,20.5,39125,-10.38,-8.0,0.002
2020-05-23T03:11:44.000,29.47,3.12,4.51,18.75,20.5,39126,-10.56,-8.0,0.002
2020-05-23T03:14:50.000,29.4,3.07,3.23,19.11,20.5,39129,-11.11,-9.0,0.002
2020-05-23T03:15:51.000,29.34,3.12,2.94,19.21,20.5,39130,-11.29,-9.0,0.002
2020-05-23T03:16:51.000,29.32,3.08,2.71,19.3,20.5,39131,-11.47,-9.0,0.002
2020-05-23T03:17:51.000,29.3,3.07,2.53,19.37,20.5,39132,-11.64,-10.0,0.002
2020-05-23T03:18:54.000,29.28,2.99,2.31,19.47,20.5,39133,-11.83,-10.0,0.002
2020-05-23T03:19:55.000,29.25,2.99,2.18,19.53,20.5,39134,-12.0,-10.0,0.002
2020-05-23T03:22:01.000,29.23,3.01,1.9,19.68,20.5,39136,-12.37,-10.0,0.002
2020-05-23T03:24:03.000,29.15,2.92,1.73,19.79,20.5,39138,-12.73,-11.0,0.002
2020-05-23T03:26:10.000,29.07,2.89,1.6,19.87,20.5,39140,-13.09,-11.0,0.002
2020-05-23T03:27:10.000,29.03,2.85,1.55,19.9,20.5,39141,-13.27,-11.0,0.002
2020-05-23T03:28:10.000,28.98,2.84,1.51,19.93,20.5,39142,-13.44,-11.0,0.002
2020-05-23T03:29:14.000,28.95,2.8,1.48,19.95,20.5,39143,-13.62,-12.0,0.002
2020-05-23T03:30:15.000,28.91,2.79,1.44,19.98,20.5,39144,-13.8,-12.0,0.002
2020-05-23T03:32:22.000,28.83,2.82,1.4,20.02,20.5,39146,-14.16,-12.0,0.002
2020-05-23T03:33:23.000,28.77,2.76,1.4,20.02,20.5,39147,-14.33,-12.0,0.002
2020-05-23T03:34:23.000,28.71,2.76,1.37,20.04,20.5,39148,-14.5,-12.0,0.002
2020-05-23T03:35:23.000,28.68,2.77,1.46,19.98,20.5,39149,-14.67,-13.0,0.002
2020-05-23T03:36:25.000,28.63,2.84,1.38,20.03,20.5,39150,-14.85,-13.0,0.002
2020-05-23T03:37:26.000,28.62,2.84,1.43,19.99,20.5,39151,-15.02,-13.0,0.002
2020-05-23T03:38:26.000,28.59,2.72,1.35,20.05,20.5,39152,-15.19,-13.0,0.002
2020-05-23T03:39:26.000,28.56,2.77,1.34,20.07,20.5,39153,-15.36,-13.0,0.002
2020-05-23T03:40:28.000,28.54,2.76,1.33,20.07,20.5,39154,-15.53,-13.0,0.002
2020-05-23T03:41:28.000,28.51,2.72,1.32,20.08,20.5,39155,-15.7,-14.0,0.002
2020-05-23T03:42:30.000,28.49,2.67,1.32,20.08,20.5,39156,-15.87,-14.0,0.002
2020-05-23T03:43:30.000,28.46,2.65,1.31,20.08,20.5,39157,-16.04,-14.0,0.002
2020-05-23T03:44:30.000,28.44,2.65,1.31,20.09,20.5,39158,-16.2,-14.0,0.002
2020-05-23T03:45:30.000,28.42,2.61,1.31,20.09,20.5,39159,-16.37,-14.0,0.002
2020-05-23T03:47:31.000,28.39,2.58,1.31,20.09,20.5,39161,-16.7,-15.0,0.002
2020-05-23T03:50:33.000,28.29,2.45,1.3,20.1,20.5,39164,-17.2,-15.0,0.002
2020-05-23T03:51:33.000,28.27,2.44,1.3,20.1,20.5,39165,-17.37,-15.0,0.002
2020-05-23T03:52:33.000,28.24,2.39,1.3,20.1,20.5,39166,-17.53,-15.0,0.002
2020-05-23T03:53:35.000,28.22,2.39,1.29,20.1,20.5,39167,-17.7,-16.0,0.002
2020-05-23T03:54:35.000,28.2,2.37,1.29,20.1,20.5,39168,-17.86,-16.0,0.002
2020-05-23T03:55:35.000,28.17,2.27,1.29,20.1,20.5,39169,-18.02,-16.0,0.002
2020-05-23T03:56:35.000,28.12,2.19,1.29,20.1,20.5,39170,-18.18,-16.0,0.002
2020-05-23T03:57:36.000,28.09,2.14,1.31,20.09,20.5,39171,-18.35,-16.0,0.002
2020-05-23T03:58:36.000,28.05,2.12,1.27,20.12,20.5,39172,-18.51,-16.0,0.002
2020-05-23T03:59:36.000,28.02,2.07,1.27,20.12,20.5,39173,-18.67,-17.0,0.002
2020-05-23T04:00:37.000,28.0,2.02,1.27,20.12,20.5,39174,-18.83,-17.0,0.002
2020-05-23T04:01:38.000,27.94,1.97,1.28,20.11,20.5,39175,-18.99,-17.0,0.002
2020-05-23T04:02:38.000,27.91,1.91,1.28,20.12,20.5,39176,-19.15,-17.0,0.002
2020-05-23T04:03:38.000,27.89,1.89,1.27,20.12,20.5,39177,-19.31,-17.0,0.002
