Downloads/jupyter/ECSV/stars19/stars19_2023-12.ecsv
# %ECSV 1.0
# ---
# datatype:
# - {name: time, datatype: string}
# - {name: Enclosure Temperature, unit: deg_C, datatype: float64}
# - {name: Sky Temperature, unit: deg_C, datatype: float64}
# - {name: Frequency, unit: Hz, datatype: float64}
# - {name: MSAS, unit: mag / arcsec2, datatype: float64}
# - {name: ZP, datatype: float64}
# - {name: Sequence Number, datatype: int64}
# - {name: Sun Alt, unit: deg, datatype: float64}
# - {name: Moon Alt, unit: deg, datatype: float64}
# - {name: Moon Illumination, datatype: float64}
# delimiter: ','
# meta: !!omap
# - ida:
#     Data supplier: {affiliation: null, observer: null}
#     Device type: TESS-W
#     Field of view: 17.0
#     Filters per channel: None
#     Instrument ID: stars19
#     License: ODbL 1.0 http://opendatacommons.org/licenses/odbl/summary/
#     Local timezone: America/Phoenix
#     Location name: {country: '- Tucson', place: Tucson, region: United States, sub_region: Arizona, town: Pima County}
#     Measurement direction per channel: {azimuth: 0.0, zenital: 0.0}
#     Moving / Fixed look direction: FIXED
#     Moving / Stationary position: STATIONARY
#     Number of channels: 1
#     Number of fields per line: 8
#     Number of header lines: 35
#     Position: {height: 0.0, latitude: 32.223877, longitude: -110.767532}
#     TESS MAC address: 18:FE:34:CF:EC:06
#     TESS cover offset value: 0.0
#     TESS firmware version: '1.0'
#     TESS zero point: 20.38
#     Time Synchronization: timestamp added by MQTT subscriber
#     URL: http://www.darksky.org/NSBM/sdf1.0.pdf
# - __serialized_columns__:
#     Enclosure Temperature:
#       __class__: astropy.units.quantity.Quantity
#       unit: &id001 !astropy.units.Unit {unit: deg_C}
#       value: !astropy.table.SerializedColumn {name: Enclosure Temperature}
#     Frequency:
#       __class__: astropy.units.quantity.Quantity
#       unit: !astropy.units.Unit {unit: Hz}
#       value: !astropy.table.SerializedColumn {name: Frequency}
#     MSAS:
#       __class__: astropy.units.quantity.Quantity
#       unit: !astropy.units.Unit {unit: mag / arcsec2}
#       value: !astropy.table.SerializedColumn {name: MSAS}
#     Moon Alt:
#       __class__: astropy.units.quantity.Quantity
#       unit: &id002 !astropy.units.Unit {unit: deg}
#       value: !astropy.table.SerializedColumn {name: Moon Alt}
#     Sky Temperature:
#       __class__: astropy.units.quantity.Quantity
#       unit: *id001
#       value: !astropy.table.SerializedColumn {name: Sky Temperature}
#     Sun Alt:
#       __class__: astropy.units.quantity.Quantity
#       unit: *id002
#       value: !astropy.table.SerializedColumn {name: Sun Alt}
#     time:
#       __class__: astropy.time.core.Time
#       format: isot
#       in_subfmt: '*'
#       out_subfmt: '*'
#       precision: 3
#       scale: utc
#       value: !astropy.table.SerializedColumn {name: time}
# schema: astropy-2.0
time,Enclosure Temperature,Sky Temperature,Frequency,MSAS,ZP,Sequence Number,Sun Alt,Moon Alt,Moon Illumination
[from data line 11462]
2023-12-14T08:52:55.000,10.71,-14.96,1.22,20.17,20.38,106859,-67.11,-85.0,0.027
2023-12-14T08:53:55.000,10.59,-14.89,1.21,20.17,20.38,106860,-66.91,-85.0,0.027
2023-12-14T08:54:55.000,10.53,-14.8,1.21,20.17,20.38,106861,-66.7,-85.0,0.027
2023-12-14T08:55:55.000,10.42,-14.89,1.21,20.17,20.38,106862,-66.5,-84.0,0.027
2023-12-14T08:56:55.000,10.34,-14.89,1.21,20.17,20.38,106863,-66.3,-84.0,0.027
2023-12-14T08:58:55.000,10.0,-15.16,1.21,20.17,20.38,106865,-65.89,-84.0,0.027
2023-12-14T08:59:55.000,10.39,-14.56,1.21,20.17,20.38,106866,-65.69,-84.0,0.027
2023-12-14T09:00:55.000,10.7,-15.02,1.21,20.17,20.38,106867,-65.48,-84.0,0.027
2023-12-14T09:02:57.000,10.51,-15.3,1.21,20.17,20.38,106869,-65.07,-83.0,0.027
2023-12-14T09:03:57.000,10.37,-15.13,1.21,20.17,20.38,106870,-64.86,-83.0,0.027
2023-12-14T09:04:57.000,10.25,-15.08,1.21,20.18,20.38,106871,-64.66,-83.0,0.027
2023-12-14T09:05:57.000,10.14,-15.08,1.21,20.17,20.38,106872,-64.45,-83.0,0.027
2023-12-14T09:06:57.000,10.04,-15.01,1.21,20.18,20.38,106873,-64.25,-83.0,0.027
2023-12-14T09:07:57.000,10.03,-14.8,1.21,20.18,20.38,106874,-64.04,-83.0,0.027
2023-12-14T09:08:57.000,10.25,-14.72,1.21,20.18,20.38,106875,-63.84,-82.0,0.027
2023-12-14T09:09:57.000,10.3,-15.08,1.2,20.18,20.38,106876,-63.63,-82.0,0.027
2023-12-14T09:10:58.000,10.19,-15.2,1.2,20.18,20.38,106877,-63.42,-82.0,0.027
2023-12-14T09:11:58.000,10.05,-15.2,1.2,20.18,20.38,106878,-63.21,-82.0,0.027
2023-12-14T09:12:58.000,10.04,-14.92,1.2,20.18,20.38,106879,-63.01,-82.0,0.027
2023-12-14T09:13:58.000,10.51,-14.74,1.2,20.18,20.38,106880,-62.8,-81.0,0.027
2023-12-14T09:14:58.000,10.76,-14.98,1.2,20.18,20.38,106881,-62.59,-81.0,0.027
2023-12-14T09:15:59.000,10.74,-15.18,1.2,20.18,20.38,106882,-62.38,-81.0,0.027
2023-12-14T09:17:00.000,10.6,-15.22,1.2,20.18,20.38,106883,-62.17,-81.0,0.027
2023-12-14T09:18:00.000,10.46,-15.23,1.2,20.18,20.38,106884,-61.97,-81.0,0.027
2023-12-14T09:19:02.000,10.31,-15.24,1.2,20.18,20.38,106885,-61.75,-81.0,0.027
2023-12-14T09:20:03.000,10.14,-15.24,1.2,20.18,20.38,106886,-61.54,-80.0,0.027
2023-12-14T09:21:04.000,9.99,-15.28,1.2,20.18,20.38,106887,-61.33,-80.0,0.028
2023-12-14T09:22:04.000,10.24,-14.76,1.2,20.18,20.38,106888,-61.12,-80.0,0.028
2023-12-14T09:23:04.000,10.78,-14.88,1.2,20.18,20.38,106889,-60.91,-80.0,0.028
2023-12-14T09:24:04.000,10.9,-15.26,1.2,20.18,20.38,106890,-60.7,-80.0,0.028
2023-12-14T09:25:04.000,10.77,-15.57,1.2,20.18,20.38,106891,-60.5,-79.0,0.028
2023-12-14T09:26:04.000,10.47,-15.92,1.2,20.18,20.38,106892,-60.29,-79.0,0.028
2023-12-14T09:27:04.000,10.24,-15.63,1.2,20.18,20.38,106893,-60.08,-79.0,0.028
2023-12-14T09:28:04.000,10.07,-15.55,1.2,20.18,20.38,106894,-59.87,-79.0,0.028
2023-12-14T09:29:04.000,10.01,-15.17,1.2,20.19,20.38,106895,-59.66,-79.0,0.028
2023-12-14T09:30:04.000,10.38,-15.07,1.2,20.19,20.38,106896,-59.45,-79.0,0.028
2023-12-14T09:31:04.000,10.57,-15.33,1.19,20.19,20.38,106897,-59.24,-78.0,0.028
2023-12-14T09:32:05.000,10.48,-15.62,1.19,20.19,20.38,106898,-59.03,-78.0,0.028
2023-12-14T09:33:04.000,10.24,-15.85,1.19,20.19,20.38,106899,-58.83,-78.0,0.028
2023-12-14T09:34:06.000,10.04,-15.54,1.19,20.19,20.38,106900,-58.61,-78.0,0.028
2023-12-14T09:35:06.000,10.04,-15.18,1.19,20.19,20.38,106901,-58.4,-78.0,0.028
2023-12-14T09:36:07.000,10.67,-14.78,1.19,20.19,20.38,106902,-58.19,-77.0,0.028
2023-12-14T09:37:08.000,10.97,-15.22,1.19,20.19,20.38,106903,-57.97,-77.0,0.028
2023-12-14T09:38:08.000,10.84,-15.8,1.19,20.19,20.38,106904,-57.76,-77.0,0.028
2023-12-14T09:39:10.000,10.57,-15.73,1.19,20.2,20.38,106905,-57.55,-77.0,0.028
2023-12-14T09:40:10.000,10.37,-15.45,1.19,20.19,20.38,106906,-57.34,-77.0,0.028
2023-12-14T09:41:10.000,10.24,-15.19,1.18,20.2,20.38,106907,-57.13,-76.0,0.028
2023-12-14T09:42:10.000,10.13,-15.19,1.18,20.2,20.38,106908,-56.92,-76.0,0.028
2023-12-14T09:43:10.000,10.02,-15.12,1.18,20.2,20.38,106909,-56.71,-76.0,0.028
2023-12-14T09:44:10.000,10.12,-14.72,1.18,20.2,20.38,106910,-56.5,-76.0,0.028
2023-12-14T09:45:10.000,10.59,-14.87,1.18,20.2,20.38,106911,-56.29,-76.0,0.028
2023-12-14T09:46:10.000,10.72,-15.17,1.18,20.2,20.38,106912,-56.08,-75.0,0.028
2023-12-14T09:47:10.000,10.6,-15.33,1.18,20.2,20.38,106913,-55.87,-75.0,0.028
2023-12-14T09:48:10.000,10.42,-15.42,1.18,20.2,20.38,106914,-55.66,-75.0,0.028
2023-12-14T09:49:10.000,10.21,-15.46,1.18,20.2,20.38,106915,-55.45,-75.0,0.028
2023-12-14T09:50:10.000,10.01,-15.4,1.17,20.21,20.38,106916,-55.24,-75.0,0.028
2023-12-14T09:51:11.000,10.26,-14.66,1.17,20.21,20.38,106917,-55.02,-74.0,0.028
2023-12-14T09:52:12.000,10.76,-14.75,1.17,20.21,20.38,106918,-54.81,-74.0,0.028
2023-12-14T09:53:12.000,10.86,-15.11,1.17,20.21,20.38,106919,-54.6,-74.0,0.028
2023-12-14T09:54:12.000,10.71,-15.38,1.17,20.21,20.38,106920,-54.39,-74.0,0.028
2023-12-14T09:55:12.000,10.48,-15.41,1.17,20.21,20.38,106921,-54.18,-74.0,0.028
2023-12-14T09:56:12.000,10.26,-15.46,1.17,20.21,20.38,106922,-53.96,-73.0,0.028
2023-12-14T09:57:12.000,10.03,-15.46,1.17,20.21,20.38,106923,-53.75,-73.0,0.028
2023-12-14T09:58:12.000,10.18,-14.83,1.16,20.21,20.38,106924,-53.54,-73.0,0.028
2023-12-14T09:59:12.000,10.75,-14.95,1.16,20.22,20.38,106925,-53.33,-73.0,0.029
2023-12-14T10:00:12.000,10.87,-15.29,1.16,20.22,20.38,106926,-53.12,-73.0,0.029
2023-12-14T10:01:12.000,10.72,-15.52,1.16,20.22,20.38,106927,-52.91,-72.0,0.029
2023-12-14T10:02:13.000,10.53,-15.35,1.16,20.21,20.38,106928,-52.7,-72.0,0.029
2023-12-14T10:03:13.000,10.36,-15.3,1.16,20.22,20.38,106929,-52.48,-72.0,0.029
2023-12-14T10:04:14.000,10.18,-15.29,1.16,20.22,20.38,106930,-52.27,-72.0,0.029
2023-12-14T10:05:13.000,10.02,-15.27,1.16,20.22,20.38,106931,-52.06,-72.0,0.029
2023-12-14T10:06:14.000,10.1,-14.98,1.16,20.22,20.38,106932,-51.85,-71.0,0.029
2023-12-14T10:07:14.000,10.69,-14.82,1.16,20.22,20.38,106933,-51.64,-71.0,0.029
2023-12-14T10:08:14.000,10.88,-15.38,1.16,20.22,20.38,106934,-51.43,-71.0,0.029
2023-12-14T10:09:14.000,10.72,-15.63,1.16,20.22,20.38,106935,-51.21,-71.0,0.029
2023-12-14T10:10:14.000,10.51,-15.58,1.16,20.22,20.38,106936,-51.0,-71.0,0.029
2023-12-14T10:11:14.000,10.31,-15.51,1.16,20.22,20.38,106937,-50.79,-70.0,0.029
2023-12-14T10:12:14.000,10.11,-15.49,1.16,20.22,20.38,106938,-50.58,-70.0,0.029
2023-12-14T10:13:14.000,9.99,-15.3,1.16,20.22,20.38,106939,-50.37,-70.0,0.029
2023-12-14T10:14:14.000,10.45,-14.86,1.16,20.22,20.38,106940,-50.16,-70.0,0.029
2023-12-14T10:15:14.000,10.71,-15.5,1.16,20.22,20.38,106941,-49.95,-70.0,0.029
2023-12-14T10:16:14.000,10.59,-15.9,1.16,20.22,20.38,106942,-49.73,-70.0,0.029
2023-12-14T10:17:16.000,10.35,-15.83,1.16,20.22,20.38,106943,-49.52,-69.0,0.029
2023-12-14T10:18:17.000,10.18,-15.54,1.16,20.22,20.38,106944,-49.3,-69.0,0.029
2023-12-14T10:19:18.000,10.02,-15.44,1.16,20.22,20.38,106945,-49.09,-69.0,0.029
2023-12-14T10:20:19.000,10.14,-14.92,1.16,20.22,20.38,106946,-48.87,-69.0,0.029
2023-12-14T10:22:20.000,10.7,-15.64,1.15,20.22,20.38,106948,-48.45,-68.0,0.029
2023-12-14T10:23:20.000,10.48,-15.97,1.15,20.23,20.38,106949,-48.23,-68.0,0.029
2023-12-14T10:24:21.000,10.22,-15.84,1.15,20.23,20.38,106950,-48.02,-68.0,0.029
2023-12-14T10:25:20.000,10.0,-15.74,1.15,20.23,20.38,106951,-47.81,-68.0,0.029
2023-12-14T10:26:21.000,10.3,-15.01,1.15,20.23,20.38,106952,-47.6,-67.0,0.029
2023-12-14T10:27:21.000,10.73,-15.36,1.15,20.23,20.38,106953,-47.38,-67.0,0.029
2023-12-14T10:28:21.000,10.77,-15.6,1.15,20.23,20.38,106954,-47.17,-67.0,0.029
2023-12-14T10:29:21.000,10.54,-15.93,1.15,20.23,20.38,106955,-46.96,-67.0,0.029
2023-12-14T10:30:21.000,10.25,-15.9,1.15,20.23,20.38,106956,-46.75,-67.0,0.029
2023-12-14T10:31:21.000,10.02,-15.71,1.15,20.23,20.38,106957,-46.54,-66.0,0.029
2023-12-14T10:32:21.000,10.13,-15.07,1.16,20.22,20.38,106958,-46.33,-66.0,0.029
2023-12-14T10:33:21.000,10.61,-15.26,1.16,20.21,20.38,106959,-46.12,-66.0,0.029
2023-12-14T10:34:21.000,10.63,-15.75,1.16,20.22,20.38,106960,-45.91,-66.0,0.029
2023-12-14T10:35:22.000,10.4,-16.01,1.16,20.21,20.38,106961,-45.69,-66.0,0.029
2023-12-14T10:36:22.000,10.09,-16.09,1.16,20.21,20.38,106962,-45.48,-65.0,0.029
2023-12-14T10:37:23.000,9.97,-15.64,1.17,20.21,20.38,106963,-45.26,-65.0,0.03
2023-12-14T10:38:23.000,10.75,-14.79,1.16,20.22,20.38,106964,-45.05,-65.0,0.03
2023-12-14T10:39:24.000,11.14,-15.41,1.16,20.22,20.38,106965,-44.84,-65.0,0.03
2023-12-14T10:40:24.000,11.08,-15.73,1.16,20.22,20.38,106966,-44.63,-65.0,0.03
2023-12-14T10:41:24.000,10.84,-15.85,1.16,20.22,20.38,106967,-44.42,-64.0,0.03
2023-12-14T10:42:24.000,10.55,-16.07,1.16,20.22,20.38,106968,-44.2,-64.0,0.03
2023-12-14T10:43:24.000,10.19,-16.15,1.16,20.21,20.38,106969,-43.99,-64.0,0.03
2023-12-14T10:45:24.000,10.34,-15.08,1.16,20.21,20.38,106971,-43.57,-64.0,0.03
2023-12-14T10:47:24.000,10.67,-16.01,1.17,20.21,20.38,106973,-43.15,-63.0,0.03
2023-12-14T10:48:24.000,10.39,-16.21,1.17,20.21,20.38,106974,-42.94,-63.0,0.03
2023-12-14T10:49:24.000,10.02,-16.38,1.17,20.21,20.38,106975,-42.73,-63.0,0.03
2023-12-14T10:50:24.000,10.04,-15.77,1.17,20.21,20.38,106976,-42.51,-63.0,0.03
2023-12-14T10:51:26.000,10.75,-15.6,1.17,20.21,20.38,106977,-42.3,-62.0,0.03
2023-12-14T10:53:26.000,10.67,-16.39,1.17,20.21,20.38,106979,-41.87,-62.0,0.03
2023-12-14T10:54:26.000,10.32,-16.36,1.17,20.21,20.38,106980,-41.66,-62.0,0.03
2023-12-14T10:55:26.000,9.99,-16.21,1.17,20.21,20.38,106981,-41.45,-62.0,0.03
2023-12-14T10:56:26.000,10.22,-15.27,1.17,20.21,20.38,106982,-41.24,-61.0,0.03
2023-12-14T10:57:27.000,10.86,-15.35,1.17,20.21,20.38,106983,-41.03,-61.0,0.03
2023-12-14T10:58:26.000,10.97,-15.72,1.17,20.21,20.38,106984,-40.82,-61.0,0.03
2023-12-14T10:59:27.000,10.79,-16.01,1.17,20.21,20.38,106985,-40.61,-61.0,0.03
2023-12-14T11:00:26.000,10.45,-16.23,1.17,20.21,20.38,106986,-40.4,-61.0,0.03
2023-12-14T11:01:27.000,10.06,-16.41,1.17,20.21,20.38,106987,-40.18,-60.0,0.03
2023-12-14T11:02:27.000,9.98,-15.8,1.17,20.21,20.38,106988,-39.97,-60.0,0.03
2023-12-14T11:03:27.000,10.75,-15.34,1.17,20.21,20.38,106989,-39.76,-60.0,0.03
2023-12-14T11:04:27.000,11.08,-15.87,1.17,20.21,20.38,106990,-39.55,-60.0,0.03
2023-12-14T11:05:27.000,10.95,-16.05,1.17,20.21,20.38,106991,-39.34,-60.0,0.03
2023-12-14T11:06:27.000,10.64,-16.27,1.17,20.21,20.38,106992,-39.13,-59.0,0.03
2023-12-14T11:07:27.000,10.28,-16.23,1.17,20.21,20.38,106993,-38.92,-59.0,0.03
2023-12-14T11:08:27.000,9.96,-16.18,1.17,20.21,20.38,106994,-38.71,-59.0,0.03
2023-12-14T11:09:27.000,10.3,-15.26,1.17,20.21,20.38,106995,-38.5,-59.0,0.03
2023-12-14T11:11:28.000,10.91,-16.19,1.16,20.21,20.38,106997,-38.07,-58.0,0.03
2023-12-14T11:12:29.000,10.61,-16.28,1.17,20.21,20.38,106998,-37.86,-58.0,0.03
2023-12-14T11:13:28.000,10.3,-16.24,1.16,20.21,20.38,106999,-37.65,-58.0,0.03
2023-12-14T11:14:29.000,10.0,-16.28,1.17,20.21,20.38,107000,-37.44,-58.0,0.03
2023-12-14T11:15:29.000,10.17,-15.44,1.17,20.21,20.38,107001,-37.23,-58.0,0.031
2023-12-14T11:16:29.000,10.87,-15.43,1.17,20.21,20.38,107002,-37.02,-57.0,0.031
2023-12-14T11:17:30.000,11.03,-15.9,1.17,20.21,20.38,107003,-36.81,-57.0,0.031
2023-12-14T11:18:30.000,10.8,-16.31,1.17,20.21,20.38,107004,-36.6,-57.0,0.031
2023-12-14T11:19:30.000,10.51,-16.15,1.17,20.21,20.38,107005,-36.39,-57.0,0.031
2023-12-14T11:20:30.000,10.18,-16.24,1.18,20.2,20.38,107006,-36.18,-57.0,0.031
2023-12-14T11:21:31.000,9.97,-15.89,1.17,20.21,20.38,107007,-35.96,-56.0,0.031
2023-12-14T11:22:31.000,10.46,-15.27,1.17,20.21,20.38,107008,-35.75,-56.0,0.031
2023-12-14T11:23:31.000,10.8,-15.97,1.17,20.21,20.38,107009,-35.54,-56.0,0.031
2023-12-14T11:24:31.000,10.71,-16.31,1.17,20.21,20.38,107010,-35.33,-56.0,0.031
2023-12-14T11:25:31.000,10.37,-16.57,1.17,20.21,20.38,107011,-35.12,-56.0,0.031
2023-12-14T11:26:31.000,10.05,-16.37,1.17,20.21,20.38,107012,-34.91,-55.0,0.031
2023-12-14T11:27:31.000,10.12,-15.49,1.17,20.21,20.38,107013,-34.7,-55.0,0.031
2023-12-14T11:28:31.000,10.62,-15.79,1.17,20.21,20.38,107014,-34.49,-55.0,0.031
2023-12-14T11:29:31.000,10.65,-16.23,1.17,20.21,20.38,107015,-34.28,-55.0,0.031
2023-12-14T11:30:31.000,10.47,-16.13,1.17,20.21,20.38,107016,-34.08,-55.0,0.031
2023-12-14T11:31:32.000,10.25,-16.13,1.17,20.21,20.38,107017,-33.86,-54.0,0.031
2023-12-14T11:32:32.000,10.02,-16.12,1.17,20.21,20.38,107018,-33.65,-54.0,0.031
2023-12-14T11:33:32.000,10.08,-15.62,1.17,20.21,20.38,107019,-33.44,-54.0,0.031
2023-12-14T11:34:32.000,10.81,-15.4,1.17,20.21,20.38,107020,-33.23,-54.0,0.031
2023-12-14T11:35:32.000,11.03,-15.95,1.17,20.21,20.38,107021,-33.03,-54.0,0.031
2023-12-14T11:36:33.000,10.82,-16.34,1.17,20.21,20.38,107022,-32.81,-53.0,0.031
2023-12-14T11:37:33.000,10.47,-16.61,1.17,20.21,20.38,107023,-32.6,-53.0,0.031
2023-12-14T11:38:33.000,10.07,-16.57,1.17,20.21,20.38,107024,-32.39,-53.0,0.031
2023-12-14T11:39:33.000,10.04,-15.95,1.17,20.21,20.38,107025,-32.19,-53.0,0.031
2023-12-14T11:40:33.000,10.7,-15.65,1.17,20.21,20.38,107026,-31.98,-53.0,0.031
2023-12-14T11:41:33.000,10.87,-16.34,1.17,20.21,20.38,107027,-31.77,-52.0,0.031
2023-12-14T11:42:33.000,10.7,-16.44,1.17,20.21,20.38,107028,-31.56,-52.0,0.031
2023-12-14T11:43:33.000,10.42,-16.39,1.17,20.21,20.38,107029,-31.35,-52.0,0.031
2023-12-14T11:44:33.000,10.12,-16.4,1.17,20.21,20.38,107030,-31.14,-52.0,0.031
2023-12-14T11:45:34.000,9.96,-16.09,1.17,20.21,20.38,107031,-30.93,-52.0,0.031
2023-12-14T11:46:34.000,10.51,-15.46,1.18,20.2,20.38,107032,-30.72,-51.0,0.031
2023-12-14T11:47:34.000,10.9,-15.99,1.18,20.2,20.38,107033,-30.51,-51.0,0.031
2023-12-14T11:48:34.000,10.81,-16.39,1.18,20.2,20.38,107034,-30.31,-51.0,0.031
2023-12-14T11:49:34.000,10.57,-16.4,1.18,20.2,20.38,107035,-30.1,-51.0,0.031
2023-12-14T11:50:34.000,10.28,-16.31,1.18,20.2,20.38,107036,-29.89,-51.0,0.031
2023-12-14T11:51:34.000,9.98,-16.43,1.18,20.2,20.38,107037,-29.68,-50.0,0.031
2023-12-14T11:52:34.000,10.21,-15.53,1.18,20.2,20.38,107038,-29.47,-50.0,0.032
2023-12-14T11:53:34.000,10.82,-15.85,1.18,20.2,20.38,107039,-29.26,-50.0,0.032
2023-12-14T11:54:34.000,10.84,-16.35,1.18,20.2,20.38,107040,-29.06,-50.0,0.032
2023-12-14T11:55:34.000,10.56,-16.72,1.18,20.2,20.38,107041,-28.85,-50.0,0.032
2023-12-14T11:56:34.000,10.16,-17.09,1.18,20.2,20.38,107042,-28.64,-49.0,0.032
2023-12-14T11:57:34.000,9.82,-17.01,1.18,20.2,20.38,107043,-28.43,-49.0,0.032
2023-12-14T11:58:34.000,10.61,-15.52,1.18,20.2,20.38,107044,-28.23,-49.0,0.032
2023-12-14T11:59:35.000,11.12,-16.45,1.18,20.2,20.38,107045,-28.02,-49.0,0.032
2023-12-14T12:00:35.000,11.09,-16.28,1.18,20.2,20.38,107046,-27.81,-49.0,0.032
2023-12-14T12:01:35.000,10.86,-16.45,1.18,20.2,20.38,107047,-27.6,-48.0,0.032
2023-12-14T12:02:35.000,10.46,-16.76,1.18,20.2,20.38,107048,-27.39,-48.0,0.032
2023-12-14T12:03:35.000,10.05,-16.77,1.18,20.2,20.38,107049,-27.19,-48.0,0.032
2023-12-14T12:04:35.000,10.13,-15.79,1.18,20.2,20.38,107050,-26.98,-48.0,0.032
2023-12-14T12:05:35.000,10.8,-15.66,1.18,20.2,20.38,107051,-26.77,-48.0,0.032
2023-12-14T12:06:35.000,10.95,-16.24,1.18,20.2,20.38,107052,-26.56,-47.0,0.032
2023-12-14T12:07:35.000,10.71,-16.62,1.18,20.2,20.38,107053,-26.36,-47.0,0.032
2023-12-14T12:08:35.000,10.38,-16.51,1.18,20.2,20.38,107054,-26.15,-47.0,0.032
2023-12-14T12:09:35.000,10.02,-16.83,1.18,20.2,20.38,107055,-25.94,-47.0,0.032
2023-12-14T12:10:36.000,10.12,-15.9,1.18,20.2,20.38,107056,-25.73,-47.0,0.032
2023-12-14T12:11:36.000,10.8,-16.08,1.17,20.21,20.38,107057,-25.53,-47.0,0.032
2023-12-14T12:12:36.000,10.83,-16.64,1.17,20.21,20.38,107058,-25.32,-46.0,0.032
2023-12-14T12:13:36.000,10.59,-16.62,1.17,20.21,20.38,107059,-25.12,-46.0,0.032
2023-12-14T12:14:36.000,10.31,-16.54,1.17,20.21,20.38,107060,-24.91,-46.0,0.032
2023-12-14T12:15:36.000,10.02,-16.42,1.17,20.21,20.38,107061,-24.7,-46.0,0.032
2023-12-14T12:16:36.000,10.1,-15.84,1.17,20.21,20.38,107062,-24.5,-46.0,0.032
2023-12-14T12:17:36.000,10.72,-15.81,1.17,20.21,20.38,107063,-24.29,-45.0,0.032
2023-12-14T12:18:36.000,10.86,-16.27,1.17,20.21,20.38,107064,-24.09,-45.0,0.032
2023-12-14T12:19:37.000,10.64,-16.6,1.17,20.21,20.38,107065,-23.88,-45.0,0.032
2023-12-14T12:20:37.000,10.29,-16.68,1.17,20.21,20.38,107066,-23.67,-45.0,0.032
