Downloads/jupyter/ECSV/stars19/stars19_2020-04.ecsv
# %ECSV 1.0
# ---
# datatype:
# - {name: time, datatype: string}
# - {name: Enclosure Temperature, unit: deg_C, datatype: float64}
# - {name: Sky Temperature, unit: deg_C, datatype: float64}
# - {name: Frequency, unit: Hz, datatype: float64}
# - {name: MSAS, unit: mag / arcsec2, datatype: float64}
# - {name: ZP, datatype: float64}
# - {name: Sequence Number, datatype: int64}
# - {name: Sun Alt, unit: deg, datatype: float64}
# - {name: Moon Alt, unit: deg, datatype: float64}
# - {name: Moon Illumination, datatype: float64}
# delimiter: ','
# meta: !!omap
# - ida:
#     Data supplier: {affiliation: null, observer: null}
#     Device type: TESS-W
#     Field of view: 17.0
#     Filters per channel: None
#     Instrument ID: stars19
#     License: ODbL 1.0 http://opendatacommons.org/licenses/odbl/summary/
#     Local timezone: America/Phoenix
#     Location name: {country: '- Tucson', place: Tucson, region: United States, sub_region: Arizona, town: Pima County}
#     Measurement direction per channel: {azimuth: 0.0, zenital: 0.0}
#     Moving / Fixed look direction: FIXED
#     Moving / Stationary position: STATIONARY
#     Number of channels: 1
#     Number of fields per line: 8
#     Number of header lines: 35
#     Position: {height: 0.0, latitude: 32.223877, longitude: -110.767532}
#     TESS MAC address: 18:FE:34:CF:EC:06
#     TESS cover offset value: 0.0
#     TESS firmware version: '1.0'
#     TESS zero point: 20.5
#     Time Synchronization: timestamp added by MQTT subscriber
#     URL: http://www.darksky.org/NSBM/sdf1.0.pdf
# - __serialized_columns__:
#     Enclosure Temperature:
#       __class__: astropy.units.quantity.Quantity
#       unit: &id001 !astropy.units.Unit {unit: deg_C}
#       value: !astropy.table.SerializedColumn {name: Enclosure Temperature}
#     Frequency:
#       __class__: astropy.units.quantity.Quantity
#       unit: !astropy.units.Unit {unit: Hz}
#       value: !astropy.table.SerializedColumn {name: Frequency}
#     MSAS:
#       __class__: astropy.units.quantity.Quantity
#       unit: !astropy.units.Unit {unit: mag / arcsec2}
#       value: !astropy.table.SerializedColumn {name: MSAS}
#     Moon Alt:
#       __class__: astropy.units.quantity.Quantity
#       unit: &id002 !astropy.units.Unit {unit: deg}
#       value: !astropy.table.SerializedColumn {name: Moon Alt}
#     Sky Temperature:
#       __class__: astropy.units.quantity.Quantity
#       unit: *id001
#       value: !astropy.table.SerializedColumn {name: Sky Temperature}
#     Sun Alt:
#       __class__: astropy.units.quantity.Quantity
#       unit: *id002
#       value: !astropy.table.SerializedColumn {name: Sun Alt}
#     time:
#       __class__: astropy.time.core.Time
#       format: isot
#       in_subfmt: '*'
#       out_subfmt: '*'
#       precision: 3
#       scale: utc
#       value: !astropy.table.SerializedColumn {name: time}
# schema: astropy-2.0
time,Enclosure Temperature,Sky Temperature,Frequency,MSAS,ZP,Sequence Number,Sun Alt,Moon Alt,Moon Illumination
[from data line 4262]
2020-04-06T05:08:23.000,22.78,3.26,48.75,16.16,20.5,368089,-39.27,64.0,0.944
2020-04-06T05:09:23.000,22.77,3.15,47.19,16.2,20.5,368090,-39.42,64.0,0.944
2020-04-06T05:10:23.000,22.76,3.06,43.33,16.29,20.5,368091,-39.57,64.0,0.944
2020-04-06T05:11:23.000,22.72,2.97,45.6,16.23,20.5,368092,-39.72,64.0,0.944
2020-04-06T05:12:23.000,22.71,2.76,43.27,16.29,20.5,368093,-39.87,64.0,0.944
2020-04-06T05:13:24.000,22.69,2.6,39.17,16.4,20.5,368094,-40.03,64.0,0.944
2020-04-06T05:14:24.000,22.68,2.39,39.41,16.39,20.5,368095,-40.17,64.0,0.944
2020-04-06T05:15:24.000,22.68,2.19,38.74,16.41,20.5,368096,-40.32,64.0,0.944
2020-04-06T05:16:24.000,22.66,2.1,37.71,16.44,20.5,368097,-40.47,64.0,0.944
2020-04-06T05:17:24.000,22.66,2.07,41.03,16.35,20.5,368098,-40.62,64.0,0.944
2020-04-06T05:18:25.000,22.63,1.9,41.04,16.35,20.5,368099,-40.77,64.0,0.944
2020-04-06T05:19:25.000,22.58,2.04,34.3,16.54,20.5,368100,-40.91,65.0,0.944
2020-04-06T05:20:25.000,22.58,2.18,37.74,16.44,20.5,368101,-41.06,65.0,0.944
2020-04-06T05:21:25.000,22.57,2.22,42.19,16.32,20.5,368102,-41.2,65.0,0.944
2020-04-06T05:22:25.000,22.53,2.29,46.66,16.21,20.5,368103,-41.34,65.0,0.944
2020-04-06T05:23:26.000,22.5,2.25,48.48,16.17,20.5,368104,-41.49,65.0,0.944
2020-04-06T05:24:26.000,22.47,2.36,45.33,16.24,20.5,368105,-41.63,65.0,0.944
2020-04-06T05:25:26.000,22.48,2.31,46.35,16.22,20.5,368106,-41.77,65.0,0.944
2020-04-06T05:26:27.000,22.46,2.19,45.21,16.24,20.5,368107,-41.91,65.0,0.944
2020-04-06T05:27:27.000,22.45,2.05,47.26,16.19,20.5,368108,-42.05,65.0,0.945
2020-04-06T05:28:27.000,22.41,1.94,48.06,16.18,20.5,368109,-42.19,65.0,0.945
2020-04-06T05:29:27.000,22.39,1.89,44.22,16.27,20.5,368110,-42.33,65.0,0.945
2020-04-06T05:30:28.000,22.36,1.84,45.07,16.25,20.5,368111,-42.47,65.0,0.945
2020-04-06T05:32:28.000,22.35,1.78,47.04,16.2,20.5,368113,-42.74,65.0,0.945
2020-04-06T05:34:28.000,22.32,1.31,40.92,16.36,20.5,368115,-43.01,65.0,0.945
2020-04-06T05:43:30.000,21.85,0.5,44.88,16.25,20.5,368124,-44.18,66.0,0.945
2020-04-06T05:45:30.000,21.72,0.58,44.04,16.27,20.5,368126,-44.43,66.0,0.945
2020-04-06T05:58:32.000,21.13,-0.82,35.72,16.5,20.5,368139,-45.97,66.0,0.946
2020-04-06T05:59:32.000,21.06,-0.92,35.56,16.5,20.5,368140,-46.08,66.0,0.946
2020-04-06T06:00:32.000,20.96,-0.99,35.28,16.51,20.5,368141,-46.19,66.0,0.946
2020-04-06T06:01:33.000,20.88,-1.02,29.06,16.72,20.5,368142,-46.3,66.0,0.946
2020-04-06T06:02:33.000,20.78,-0.89,36.26,16.48,20.5,368143,-46.41,66.0,0.946
2020-04-06T06:03:33.000,20.74,-0.63,42.46,16.31,20.5,368144,-46.52,66.0,0.946
2020-04-06T06:04:34.000,20.71,-0.47,35.43,16.51,20.5,368145,-46.62,66.0,0.946
2020-04-06T06:05:34.000,20.64,-0.47,32.2,16.61,20.5,368146,-46.73,66.0,0.946
2020-04-06T06:06:34.000,20.61,-0.28,34.16,16.55,20.5,368147,-46.83,66.0,0.946
2020-04-06T06:09:35.000,20.57,0.03,40.45,16.36,20.5,368150,-47.14,65.0,0.946
2020-04-06T06:10:35.000,20.54,0.05,39.63,16.39,20.5,368151,-47.24,65.0,0.946
2020-04-06T06:11:35.000,20.49,0.0,39.17,16.4,20.5,368152,-47.34,65.0,0.946
2020-04-06T06:12:36.000,20.44,-0.05,38.44,16.42,20.5,368153,-47.44,65.0,0.946
2020-04-06T06:13:36.000,20.43,-0.07,38.47,16.42,20.5,368154,-47.53,65.0,0.946
2020-04-06T06:14:36.000,20.43,-0.15,38.73,16.41,20.5,368155,-47.63,65.0,0.946
2020-04-06T06:15:36.000,20.45,-0.24,40.19,16.37,20.5,368156,-47.72,65.0,0.946
2020-04-06T06:16:37.000,20.46,-0.25,39.0,16.4,20.5,368157,-47.82,65.0,0.946
2020-04-06T06:17:37.000,20.47,-0.37,40.27,16.37,20.5,368158,-47.91,65.0,0.946
2020-04-06T06:18:37.000,20.45,-0.59,42.55,16.31,20.5,368159,-48.0,65.0,0.946
2020-04-06T06:19:37.000,20.44,-0.78,41.2,16.34,20.5,368160,-48.09,65.0,0.946
2020-04-06T06:20:37.000,20.42,-1.08,37.56,16.44,20.5,368161,-48.18,65.0,0.947
2020-04-06T06:21:38.000,20.39,-1.31,35.72,16.5,20.5,368162,-48.27,65.0,0.947
2020-04-06T06:22:38.000,20.37,-1.4,33.92,16.55,20.5,368163,-48.35,65.0,0.947
2020-04-06T06:23:38.000,20.32,-1.48,34.0,16.55,20.5,368164,-48.44,65.0,0.947
2020-04-06T06:24:38.000,20.28,-1.2,32.19,16.61,20.5,368165,-48.52,65.0,0.947
2020-04-06T06:25:38.000,20.26,-0.98,28.81,16.73,20.5,368166,-48.6,65.0,0.947
2020-04-06T06:26:39.000,20.25,-0.66,35.55,16.51,20.5,368167,-48.68,65.0,0.947
2020-04-06T06:27:39.000,20.27,-0.6,43.73,16.28,20.5,368168,-48.76,65.0,0.947
2020-04-06T06:28:39.000,20.26,-0.8,43.22,16.29,20.5,368169,-48.84,64.0,0.947
2020-04-06T06:29:39.000,20.25,-0.84,39.71,16.38,20.5,368170,-48.92,64.0,0.947
2020-04-06T06:30:39.000,20.24,-1.06,37.49,16.45,20.5,368171,-49.0,64.0,0.947
2020-04-06T06:31:40.000,20.24,-1.06,34.6,16.53,20.5,368172,-49.07,64.0,0.947
2020-04-06T06:32:40.000,20.26,-0.98,35.96,16.49,20.5,368173,-49.15,64.0,0.947
2020-04-06T06:33:41.000,20.27,-0.9,42.69,16.3,20.5,368174,-49.22,64.0,0.947
2020-04-06T06:34:41.000,20.25,-0.9,40.02,16.37,20.5,368175,-49.29,64.0,0.947
2020-04-06T06:35:41.000,20.25,-0.97,33.28,16.58,20.5,368176,-49.36,64.0,0.947
2020-04-06T06:36:41.000,20.24,-1.24,31.65,16.63,20.5,368177,-49.43,64.0,0.947
2020-04-06T06:38:42.000,20.2,-1.49,36.45,16.48,20.5,368179,-49.56,64.0,0.947
2020-04-06T06:39:42.000,20.17,-1.59,36.39,16.48,20.5,368180,-49.63,64.0,0.947
2020-04-06T06:40:42.000,20.14,-1.62,35.11,16.52,20.5,368181,-49.69,63.0,0.947
2020-04-06T06:43:43.000,20.04,-1.3,33.43,16.57,20.5,368184,-49.88,63.0,0.947
2020-04-06T06:50:44.000,19.87,-1.28,39.79,16.38,20.5,368191,-50.25,62.0,0.948
2020-04-06T06:51:44.000,19.84,-1.42,37.03,16.46,20.5,368192,-50.3,62.0,0.948
2020-04-06T06:52:45.000,19.8,-1.7,37.06,16.46,20.5,368193,-50.35,62.0,0.948
2020-04-06T06:53:45.000,19.75,-1.83,40.16,16.37,20.5,368194,-50.4,62.0,0.948
2020-04-06T06:54:45.000,19.74,-1.97,34.48,16.54,20.5,368195,-50.44,62.0,0.948
2020-04-06T06:55:45.000,19.71,-2.18,36.31,16.48,20.5,368196,-50.48,62.0,0.948
2020-04-06T06:56:45.000,19.66,-2.26,37.19,16.46,20.5,368197,-50.53,62.0,0.948
2020-04-06T06:57:45.000,19.65,-2.34,32.39,16.61,20.5,368198,-50.57,62.0,0.948
2020-04-06T06:58:45.000,19.59,-2.42,29.94,16.69,20.5,368199,-50.61,62.0,0.948
2020-04-06T06:59:45.000,19.57,-2.28,33.94,16.56,20.5,368200,-50.64,61.0,0.948
2020-04-06T07:00:46.000,19.55,-2.08,38.22,16.43,20.5,368201,-50.68,61.0,0.948
2020-04-06T07:01:46.000,19.52,-1.84,40.6,16.36,20.5,368202,-50.71,61.0,0.948
2020-04-06T07:02:47.000,19.5,-1.75,44.26,16.27,20.5,368203,-50.75,61.0,0.948
2020-04-06T07:03:47.000,19.47,-1.76,39.24,16.4,20.5,368204,-50.78,61.0,0.948
2020-04-06T07:05:48.000,19.39,-2.15,33.98,16.55,20.5,368206,-50.84,61.0,0.948
2020-04-06T07:07:49.000,19.37,-2.21,29.84,16.7,20.5,368208,-50.89,60.0,0.948
2020-04-06T07:11:50.000,19.3,-1.55,34.98,16.52,20.5,368212,-50.98,60.0,0.948
2020-04-06T07:12:50.000,19.3,-1.52,37.85,16.44,20.5,368213,-51.0,60.0,0.948
2020-04-06T07:13:51.000,19.3,-1.63,36.66,16.47,20.5,368214,-51.02,60.0,0.949
2020-04-06T07:14:51.000,19.26,-1.89,31.46,16.64,20.5,368215,-51.04,59.0,0.949
2020-04-06T07:15:51.000,19.23,-2.04,37.72,16.44,20.5,368216,-51.05,59.0,0.949
2020-04-06T07:16:51.000,19.21,-2.06,39.51,16.39,20.5,368217,-51.06,59.0,0.949
2020-04-06T07:17:51.000,19.21,-1.97,30.01,16.7,20.5,368218,-51.08,59.0,0.949
2020-04-06T07:18:52.000,19.2,-1.87,28.68,16.74,20.5,368219,-51.09,59.0,0.949
2020-04-06T07:19:52.000,19.21,-1.54,33.21,16.58,20.5,368220,-51.09,59.0,0.949
2020-04-06T07:20:52.000,19.21,-1.37,35.23,16.51,20.5,368221,-51.1,59.0,0.949
2020-04-06T07:21:52.000,19.22,-1.22,40.1,16.37,20.5,368222,-51.11,58.0,0.949
2020-04-06T07:30:54.000,19.24,-1.28,31.85,16.63,20.5,368231,-51.09,57.0,0.949
2020-04-06T07:31:55.000,19.24,-1.24,26.56,16.82,20.5,368232,-51.08,57.0,0.949
2020-04-06T07:32:55.000,19.21,-1.14,28.02,16.76,20.5,368233,-51.07,57.0,0.949
2020-04-06T07:33:55.000,19.21,-0.89,28.08,16.76,20.5,368234,-51.06,57.0,0.949
2020-04-06T07:34:55.000,19.23,-0.61,29.45,16.71,20.5,368235,-51.05,56.0,0.949
2020-04-06T07:58:58.000,19.13,-1.9,27.47,16.78,20.5,368259,-50.29,53.0,0.95
2020-04-06T07:59:58.000,19.11,-2.01,26.58,16.82,20.5,368260,-50.24,52.0,0.95
2020-04-06T08:00:59.000,19.06,-2.04,24.57,16.9,20.5,368261,-50.19,52.0,0.95
2020-04-06T08:01:59.000,19.05,-2.14,24.32,16.92,20.5,368262,-50.14,52.0,0.95
2020-04-06T08:02:59.000,19.03,-2.3,23.44,16.96,20.5,368263,-50.09,52.0,0.95
2020-04-06T08:07:01.000,18.89,-2.84,18.93,17.19,20.5,368267,-49.86,51.0,0.95
2020-04-06T08:08:01.000,18.87,-3.05,18.4,17.22,20.5,368268,-49.8,51.0,0.951
2020-04-06T08:09:01.000,18.83,-3.27,15.68,17.4,20.5,368269,-49.74,51.0,0.951
2020-04-06T08:10:02.000,18.8,-3.44,9.61,17.94,20.5,368270,-49.68,51.0,0.951
2020-04-06T08:11:02.000,18.76,-3.7,6.78,18.3,20.5,368271,-49.61,50.0,0.951
2020-04-06T08:12:02.000,18.72,-3.98,5.92,18.45,20.5,368272,-49.55,50.0,0.951
2020-04-06T08:13:02.000,18.69,-4.25,5.52,18.53,20.5,368273,-49.48,50.0,0.951
2020-04-06T08:14:03.000,18.66,-4.44,5.46,18.54,20.5,368274,-49.41,50.0,0.951
2020-04-06T08:15:03.000,18.65,-4.56,5.73,18.48,20.5,368275,-49.34,50.0,0.951
2020-04-06T08:16:03.000,18.62,-4.66,5.67,18.5,20.5,368276,-49.27,49.0,0.951
2020-04-06T08:17:03.000,18.61,-4.75,5.62,18.51,20.5,368277,-49.2,49.0,0.951
2020-04-06T08:18:03.000,18.57,-4.87,5.32,18.57,20.5,368278,-49.13,49.0,0.951
2020-04-06T08:19:04.000,18.53,-5.01,5.21,18.59,20.5,368279,-49.05,49.0,0.951
2020-04-06T08:20:04.000,18.49,-5.1,5.0,18.63,20.5,368280,-48.98,49.0,0.951
2020-04-06T08:21:04.000,18.47,-5.22,4.86,18.66,20.5,368281,-48.9,49.0,0.951
2020-04-06T08:22:04.000,18.43,-5.32,4.76,18.69,20.5,368282,-48.83,48.0,0.951
2020-04-06T08:23:04.000,18.38,-5.44,4.7,18.7,20.5,368283,-48.75,48.0,0.951
2020-04-06T08:24:05.000,18.35,-5.48,4.65,18.71,20.5,368284,-48.66,48.0,0.951
2020-04-06T08:25:05.000,18.32,-5.52,4.62,18.72,20.5,368285,-48.58,48.0,0.951
2020-04-06T08:26:05.000,18.29,-5.49,4.6,18.72,20.5,368286,-48.5,48.0,0.951
2020-04-06T08:27:05.000,18.27,-5.53,4.59,18.73,20.5,368287,-48.42,47.0,0.951
2020-04-06T08:28:05.000,18.25,-5.56,4.56,18.73,20.5,368288,-48.33,47.0,0.951
2020-04-06T08:29:06.000,18.2,-5.61,4.53,18.74,20.5,368289,-48.24,47.0,0.951
2020-04-06T08:30:06.000,18.16,-5.6,4.51,18.74,20.5,368290,-48.16,47.0,0.951
2020-04-06T08:31:07.000,18.14,-5.58,4.49,18.75,20.5,368291,-48.07,47.0,0.951
2020-04-06T08:34:07.000,18.07,-5.56,4.44,18.76,20.5,368294,-47.79,46.0,0.951
2020-04-06T08:40:08.000,17.93,-5.51,5.14,18.6,20.5,368300,-47.22,45.0,0.952
2020-04-06T08:41:08.000,17.91,-5.49,4.81,18.68,20.5,368301,-47.12,45.0,0.952
2020-04-06T08:42:08.000,17.89,-5.44,4.79,18.68,20.5,368302,-47.02,45.0,0.952
2020-04-06T08:43:09.000,17.88,-5.33,4.94,18.65,20.5,368303,-46.91,44.0,0.952
2020-04-06T08:44:09.000,17.84,-5.32,4.76,18.69,20.5,368304,-46.81,44.0,0.952
2020-04-06T08:45:10.000,17.83,-5.33,4.64,18.71,20.5,368305,-46.7,44.0,0.952
2020-04-06T08:46:10.000,17.82,-5.4,4.6,18.72,20.5,368306,-46.6,44.0,0.952
2020-04-06T08:47:10.000,17.8,-5.48,4.47,18.75,20.5,368307,-46.49,44.0,0.952
2020-04-06T08:48:11.000,17.79,-5.57,4.42,18.77,20.5,368308,-46.38,43.0,0.952
2020-04-06T08:49:11.000,17.76,-5.64,4.4,18.77,20.5,368309,-46.27,43.0,0.952
2020-04-06T08:50:11.000,17.73,-5.66,4.35,18.78,20.5,368310,-46.16,43.0,0.952
2020-04-06T08:51:11.000,17.72,-5.63,4.32,18.79,20.5,368311,-46.05,43.0,0.952
2020-04-06T08:52:11.000,17.68,-5.66,4.3,18.8,20.5,368312,-45.94,43.0,0.952
2020-04-06T08:53:12.000,17.67,-5.71,4.2,18.82,20.5,368313,-45.83,43.0,0.952
2020-04-06T08:55:12.000,17.63,-5.8,4.12,18.84,20.5,368315,-45.6,42.0,0.952
2020-04-06T08:56:12.000,17.62,-5.82,4.1,18.85,20.5,368316,-45.49,42.0,0.952
2020-04-06T08:57:12.000,17.61,-5.82,4.06,18.86,20.5,368317,-45.37,42.0,0.952
2020-04-06T08:58:13.000,17.61,-5.88,4.03,18.87,20.5,368318,-45.25,42.0,0.952
2020-04-06T08:59:13.000,17.61,-5.95,4.0,18.87,20.5,368319,-45.13,41.0,0.952
2020-04-06T09:00:13.000,17.6,-6.1,3.96,18.89,20.5,368320,-45.01,41.0,0.952
2020-04-06T09:01:13.000,17.57,-6.2,3.93,18.89,20.5,368321,-44.89,41.0,0.952
2020-04-06T09:02:14.000,17.55,-6.24,3.9,18.9,20.5,368322,-44.77,41.0,0.952
2020-04-06T09:06:15.000,17.48,-6.36,3.84,18.92,20.5,368326,-44.27,40.0,0.953
2020-04-06T09:07:15.000,17.46,-6.43,3.83,18.92,20.5,368327,-44.15,40.0,0.953
2020-04-06T09:08:15.000,17.43,-6.48,3.81,18.93,20.5,368328,-44.02,40.0,0.953
2020-04-06T09:09:15.000,17.39,-6.56,3.8,18.93,20.5,368329,-43.89,39.0,0.953
2020-04-06T09:10:16.000,17.33,-6.57,3.78,18.94,20.5,368330,-43.76,39.0,0.953
2020-04-06T09:11:16.000,17.28,-6.58,3.78,18.94,20.5,368331,-43.63,39.0,0.953
2020-04-06T09:12:16.000,17.22,-6.63,3.76,18.94,20.5,368332,-43.5,39.0,0.953
2020-04-06T09:13:17.000,17.2,-6.49,3.75,18.94,20.5,368333,-43.37,39.0,0.953
2020-04-06T09:14:17.000,17.18,-6.46,3.74,18.95,20.5,368334,-43.24,38.0,0.953
2020-04-06T09:15:17.000,17.15,-6.51,3.73,18.95,20.5,368335,-43.11,38.0,0.953
2020-04-06T09:17:18.000,17.12,-6.5,3.71,18.96,20.5,368337,-42.84,38.0,0.953
2020-04-06T09:18:18.000,17.11,-6.49,3.7,18.96,20.5,368338,-42.7,38.0,0.953
2020-04-06T09:19:18.000,17.08,-6.51,3.7,18.96,20.5,368339,-42.57,37.0,0.953
2020-04-06T09:20:18.000,17.08,-6.5,3.69,18.96,20.5,368340,-42.43,37.0,0.953
2020-04-06T09:21:18.000,17.06,-6.48,3.66,18.97,20.5,368341,-42.29,37.0,0.953
2020-04-06T09:22:19.000,17.05,-6.51,3.65,18.98,20.5,368342,-42.15,37.0,0.953
2020-04-06T09:23:19.000,17.05,-6.5,3.64,18.98,20.5,368343,-42.01,37.0,0.953
2020-04-06T09:24:19.000,17.05,-6.51,3.64,18.98,20.5,368344,-41.87,36.0,0.953
2020-04-06T09:25:19.000,17.04,-6.58,3.63,18.98,20.5,368345,-41.73,36.0,0.953
2020-04-06T09:26:19.000,17.04,-6.63,3.61,18.99,20.5,368346,-41.59,36.0,0.953
2020-04-06T09:27:20.000,17.0,-6.71,3.59,18.99,20.5,368347,-41.45,36.0,0.953
2020-04-06T09:28:20.000,16.98,-6.72,3.59,18.99,20.5,368348,-41.3,36.0,0.953
2020-04-06T09:29:20.000,16.96,-6.72,3.59,18.99,20.5,368349,-41.16,35.0,0.953
2020-04-06T09:30:21.000,16.94,-6.68,3.58,19.0,20.5,368350,-41.01,35.0,0.953
2020-04-06T09:31:21.000,16.93,-6.83,3.57,19.0,20.5,368351,-40.87,35.0,0.953
2020-04-06T09:33:21.000,16.86,-6.9,3.55,19.01,20.5,368353,-40.58,35.0,0.954
2020-04-06T09:37:22.000,16.78,-7.01,3.5,19.02,20.5,368357,-39.98,34.0,0.954
2020-04-06T09:38:22.000,16.77,-7.04,3.48,19.02,20.5,368358,-39.83,34.0,0.954
2020-04-06T09:39:23.000,16.76,-7.09,3.48,19.03,20.5,368359,-39.68,33.0,0.954
2020-04-06T09:40:23.000,16.74,-7.21,3.47,19.03,20.5,368360,-39.53,33.0,0.954
2020-04-06T09:41:23.000,16.73,-7.1,3.46,19.03,20.5,368361,-39.38,33.0,0.954
2020-04-06T09:42:23.000,16.73,-7.07,3.45,19.04,20.5,368362,-39.22,33.0,0.954
2020-04-06T09:43:24.000,16.73,-7.05,3.44,19.04,20.5,368363,-39.07,33.0,0.954
2020-04-06T09:44:24.000,16.72,-7.07,3.43,19.04,20.5,368364,-38.91,32.0,0.954
2020-04-06T09:45:24.000,16.7,-7.21,3.42,19.05,20.5,368365,-38.76,32.0,0.954
2020-04-06T09:46:24.000,16.62,-7.41,3.41,19.05,20.5,368366,-38.6,32.0,0.954
2020-04-06T09:47:25.000,16.58,-7.17,3.4,19.05,20.5,368367,-38.45,32.0,0.954
2020-04-06T09:48:25.000,16.55,-7.21,3.39,19.06,20.5,368368,-38.29,32.0,0.954
2020-04-06T09:49:25.000,16.52,-7.42,3.38,19.06,20.5,368369,-38.13,31.0,0.954
2020-04-06T09:50:25.000,16.46,-7.44,3.47,19.03,20.5,368370,-37.98,31.0,0.954
2020-04-06T09:51:26.000,16.43,-7.35,3.36,19.07,20.5,368371,-37.82,31.0,0.954
2020-04-06T09:52:26.000,16.38,-7.5,3.34,19.07,20.5,368372,-37.66,31.0,0.954
2020-04-06T09:53:26.000,16.34,-7.41,3.34,19.07,20.5,368373,-37.5,31.0,0.954
2020-04-06T09:54:26.000,16.29,-7.44,3.33,19.07,20.5,368374,-37.34,30.0,0.954
2020-04-06T09:55:26.000,16.25,-7.4,3.32,19.08,20.5,368375,-37.18,30.0,0.954
2020-04-06T09:56:27.000,16.25,-7.39,3.31,19.08,20.5,368376,-37.01,30.0,0.954
2020-04-06T09:57:27.000,16.25,-7.45,3.3,19.08,20.5,368377,-36.85,30.0,0.954
2020-04-06T09:58:27.000,16.21,-7.57,3.29,19.09,20.5,368378,-36.69,29.0,0.954
2020-04-06T09:59:27.000,16.18,-7.5,3.28,19.09,20.5,368379,-36.53,29.0,0.954
2020-04-06T10:00:27.000,16.16,-7.53,3.26,19.1,20.5,368380,-36.36,29.0,0.955
2020-04-06T10:01:28.000,16.15,-7.62,3.26,19.1,20.5,368381,-36.2,29.0,0.955
2020-04-06T10:02:28.000,16.11,-7.7,3.25,19.1,20.5,368382,-36.03,29.0,0.955
2020-04-06T10:03:28.000,16.08,-7.75,3.24,19.1,20.5,368383,-35.87,28.0,0.955
2020-04-06T10:07:29.000,15.89,-7.75,3.2,19.12,20.5,368387,-35.2,28.0,0.955
