Downloads/jupyter/ECSV/stars19/stars19_2020-02.ecsv
# %ECSV 1.0
# ---
# datatype:
# - {name: time, datatype: string}
# - {name: Enclosure Temperature, unit: deg_C, datatype: float64}
# - {name: Sky Temperature, unit: deg_C, datatype: float64}
# - {name: Frequency, unit: Hz, datatype: float64}
# - {name: MSAS, unit: mag / arcsec2, datatype: float64}
# - {name: ZP, datatype: float64}
# - {name: Sequence Number, datatype: int64}
# - {name: Sun Alt, unit: deg, datatype: float64}
# - {name: Moon Alt, unit: deg, datatype: float64}
# - {name: Moon Illumination, datatype: float64}
# delimiter: ','
# meta: !!omap
# - ida:
#     Data supplier: {affiliation: null, observer: null}
#     Device type: TESS-W
#     Field of view: 17.0
#     Filters per channel: None
#     Instrument ID: stars19
#     License: ODbL 1.0 http://opendatacommons.org/licenses/odbl/summary/
#     Local timezone: America/Phoenix
#     Location name: {country: '- Tucson', place: Tucson, region: United States, sub_region: Arizona, town: Pima County}
#     Measurement direction per channel: {azimuth: 0.0, zenital: 0.0}
#     Moving / Fixed look direction: FIXED
#     Moving / Stationary position: STATIONARY
#     Number of channels: 1
#     Number of fields per line: 8
#     Number of header lines: 35
#     Position: {height: 0.0, latitude: 32.223877, longitude: -110.767532}
#     TESS MAC address: 18:FE:34:CF:EC:06
#     TESS cover offset value: 0.0
#     TESS firmware version: '1.0'
#     TESS zero point: 20.5
#     Time Synchronization: timestamp added by MQTT subscriber
#     URL: http://www.darksky.org/NSBM/sdf1.0.pdf
# - __serialized_columns__:
#     Enclosure Temperature:
#       __class__: astropy.units.quantity.Quantity
#       unit: &id001 !astropy.units.Unit {unit: deg_C}
#       value: !astropy.table.SerializedColumn {name: Enclosure Temperature}
#     Frequency:
#       __class__: astropy.units.quantity.Quantity
#       unit: !astropy.units.Unit {unit: Hz}
#       value: !astropy.table.SerializedColumn {name: Frequency}
#     MSAS:
#       __class__: astropy.units.quantity.Quantity
#       unit: !astropy.units.Unit {unit: mag / arcsec2}
#       value: !astropy.table.SerializedColumn {name: MSAS}
#     Moon Alt:
#       __class__: astropy.units.quantity.Quantity
#       unit: &id002 !astropy.units.Unit {unit: deg}
#       value: !astropy.table.SerializedColumn {name: Moon Alt}
#     Sky Temperature:
#       __class__: astropy.units.quantity.Quantity
#       unit: *id001
#       value: !astropy.table.SerializedColumn {name: Sky Temperature}
#     Sun Alt:
#       __class__: astropy.units.quantity.Quantity
#       unit: *id002
#       value: !astropy.table.SerializedColumn {name: Sun Alt}
#     time:
#       __class__: astropy.time.core.Time
#       format: isot
#       in_subfmt: '*'
#       out_subfmt: '*'
#       precision: 3
#       scale: utc
#       value: !astropy.table.SerializedColumn {name: time}
# schema: astropy-2.0
time,Enclosure Temperature,Sky Temperature,Frequency,MSAS,ZP,Sequence Number,Sun Alt,Moon Alt,Moon Illumination
[from data line 13052]
2020-02-15T10:30:18.000,10.56,-14.0,1.6,19.87,20.5,295624,-45.95,31.0,0.556
2020-02-15T10:31:18.000,10.45,-13.92,1.54,19.91,20.5,295625,-45.74,31.0,0.556
2020-02-15T10:32:18.000,10.37,-13.65,1.57,19.89,20.5,295626,-45.54,31.0,0.556
2020-02-15T10:33:18.000,10.31,-13.58,1.59,19.88,20.5,295627,-45.33,31.0,0.555
2020-02-15T10:34:18.000,10.2,-13.76,1.58,19.88,20.5,295628,-45.13,32.0,0.555
2020-02-15T10:35:19.000,10.01,-13.88,1.58,19.88,20.5,295629,-44.92,32.0,0.555
2020-02-15T10:36:19.000,10.1,-13.8,1.58,19.88,20.5,295630,-44.72,32.0,0.555
2020-02-15T10:37:19.000,10.39,-13.85,1.58,19.88,20.5,295631,-44.51,32.0,0.555
2020-02-15T10:38:19.000,10.57,-13.76,1.58,19.88,20.5,295632,-44.31,32.0,0.555
2020-02-15T10:39:20.000,10.6,-13.84,1.58,19.88,20.5,295633,-44.1,32.0,0.555
2020-02-15T10:40:20.000,10.55,-13.84,1.59,19.88,20.5,295634,-43.9,32.0,0.555
2020-02-15T10:41:20.000,10.48,-13.7,1.6,19.87,20.5,295635,-43.69,32.0,0.555
2020-02-15T10:42:21.000,10.41,-13.54,1.7,19.81,20.5,295636,-43.48,33.0,0.555
2020-02-15T10:43:21.000,10.32,-13.62,1.65,19.84,20.5,295637,-43.28,33.0,0.555
2020-02-15T10:44:21.000,10.19,-13.62,1.61,19.86,20.5,295638,-43.07,33.0,0.555
2020-02-15T10:45:21.000,10.07,-13.66,1.61,19.87,20.5,295639,-42.86,33.0,0.555
2020-02-15T10:46:21.000,9.99,-13.66,1.61,19.86,20.5,295640,-42.66,33.0,0.554
2020-02-15T10:49:29.000,10.61,-13.79,1.6,19.87,20.5,295643,-42.01,34.0,0.554
2020-02-15T10:50:29.000,10.6,-13.8,1.6,19.87,20.5,295644,-41.8,34.0,0.554
2020-02-15T10:51:29.000,10.57,-13.72,1.59,19.87,20.5,295645,-41.6,34.0,0.554
2020-02-15T10:57:30.000,10.01,-13.73,1.59,19.88,20.5,295651,-40.35,35.0,0.554
2020-02-15T11:00:30.000,10.62,-14.02,1.58,19.89,20.5,295654,-39.73,35.0,0.553
2020-02-15T11:01:30.000,10.64,-13.84,1.84,19.72,20.5,295655,-39.52,35.0,0.553
2020-02-15T11:10:31.000,10.86,-14.13,1.96,19.65,20.5,295664,-37.64,36.0,0.553
2020-02-15T11:11:32.000,11.0,-14.01,2.01,19.62,20.5,295665,-37.43,36.0,0.552
2020-02-15T11:12:32.000,11.01,-14.06,2.06,19.6,20.5,295666,-37.22,36.0,0.552
2020-02-15T11:13:32.000,10.93,-13.99,2.08,19.58,20.5,295667,-37.01,36.0,0.552
2020-02-15T11:14:32.000,10.81,-13.98,2.09,19.58,20.5,295668,-36.8,36.0,0.552
2020-02-15T11:15:32.000,10.64,-14.05,2.1,19.57,20.5,295669,-36.59,37.0,0.552
2020-02-15T11:16:32.000,10.45,-14.14,2.09,19.58,20.5,295670,-36.38,37.0,0.552
2020-02-15T11:17:33.000,10.27,-14.17,2.08,19.58,20.5,295671,-36.17,37.0,0.552
2020-02-15T11:18:33.000,10.1,-14.12,2.05,19.6,20.5,295672,-35.96,37.0,0.552
2020-02-15T11:19:33.000,9.97,-14.15,2.09,19.58,20.5,295673,-35.75,37.0,0.552
2020-02-15T11:20:33.000,10.14,-14.55,2.15,19.55,20.5,295674,-35.54,37.0,0.552
2020-02-15T11:21:34.000,10.51,-14.68,2.15,19.55,20.5,295675,-35.32,37.0,0.552
2020-02-15T11:22:34.000,10.71,-14.53,2.17,19.54,20.5,295676,-35.11,37.0,0.552
2020-02-15T11:23:34.000,10.77,-14.36,2.17,19.54,20.5,295677,-34.9,37.0,0.552
2020-02-15T11:24:34.000,10.72,-14.53,2.19,19.53,20.5,295678,-34.69,38.0,0.551
2020-02-15T11:25:35.000,10.61,-14.37,2.19,19.53,20.5,295679,-34.48,38.0,0.551
2020-02-15T11:26:36.000,10.45,-14.41,2.21,19.52,20.5,295680,-34.27,38.0,0.551
2020-02-15T11:27:36.000,10.28,-14.44,2.32,19.47,20.5,295681,-34.06,38.0,0.551
2020-02-15T11:29:37.000,9.95,-14.58,2.32,19.47,20.5,295683,-33.63,38.0,0.551
2020-02-15T11:30:37.000,10.43,-14.47,2.37,19.44,20.5,295684,-33.42,38.0,0.551
2020-02-15T11:31:37.000,10.89,-14.5,2.32,19.47,20.5,295685,-33.21,38.0,0.551
2020-02-15T11:32:38.000,11.09,-14.54,2.31,19.47,20.5,295686,-33.0,38.0,0.551
2020-02-15T11:33:38.000,11.01,-14.81,2.31,19.47,20.5,295687,-32.79,38.0,0.551
2020-02-15T11:34:38.000,10.84,-14.63,2.3,19.47,20.5,295688,-32.57,38.0,0.551
2020-02-15T11:38:39.000,9.94,-14.7,2.32,19.47,20.5,295692,-31.73,39.0,0.55
2020-02-15T11:39:40.000,10.26,-14.97,2.32,19.46,20.5,295693,-31.51,39.0,0.55
2020-02-15T11:40:40.000,10.62,-14.82,2.31,19.32,20.5,295694,-31.3,39.0,0.55
2020-02-15T11:41:40.000,10.82,-14.66,2.34,19.46,20.5,295695,-31.09,39.0,0.55
2020-02-15T11:42:41.000,10.8,-14.62,2.37,19.44,20.5,295696,-30.88,39.0,0.55
2020-02-15T11:43:41.000,10.68,-14.69,2.36,19.45,20.5,295697,-30.67,39.0,0.55
2020-02-15T11:44:41.000,10.53,-14.35,2.36,19.45,20.5,295698,-30.45,39.0,0.55
2020-02-15T11:45:42.000,10.37,-14.45,2.37,19.44,20.5,295699,-30.24,39.0,0.55
2020-02-15T11:46:42.000,10.19,-14.33,2.39,19.44,20.5,295700,-30.03,39.0,0.55
2020-02-15T11:47:42.000,10.0,-14.5,2.39,19.43,20.5,295701,-29.82,40.0,0.55
2020-02-15T11:48:42.000,9.98,-14.57,2.41,19.43,20.5,295702,-29.61,40.0,0.55
2020-02-15T11:49:42.000,10.49,-14.56,2.42,19.42,20.5,295703,-29.4,40.0,0.55
2020-02-15T11:50:43.000,10.92,-14.43,2.41,19.43,20.5,295704,-29.18,40.0,0.549
2020-02-15T11:51:43.000,11.11,-14.45,2.41,19.42,20.5,295705,-28.97,40.0,0.549
2020-02-15T11:52:44.000,11.12,-14.28,2.41,19.43,20.5,295706,-28.75,40.0,0.549
2020-02-15T11:54:44.000,10.81,-14.29,2.43,19.42,20.5,295708,-28.33,40.0,0.549
2020-02-15T11:55:45.000,10.58,-14.29,2.44,19.41,20.5,295709,-28.12,40.0,0.549
2020-02-15T11:56:45.000,10.36,-14.26,2.45,19.41,20.5,295710,-27.9,40.0,0.549
2020-02-15T11:57:45.000,10.15,-14.3,2.45,19.41,20.5,295711,-27.69,40.0,0.549
2020-02-15T11:59:45.000,10.1,-14.58,2.46,19.4,20.5,295713,-27.27,40.0,0.549
2020-02-15T12:01:46.000,10.93,-14.73,2.46,19.4,20.5,295715,-26.84,41.0,0.549
2020-02-15T12:02:46.000,10.95,-14.76,2.46,19.4,20.5,295716,-26.63,41.0,0.549
2020-02-15T12:03:47.000,10.87,-14.59,2.46,19.4,20.5,295717,-26.42,41.0,0.548
2020-02-15T12:04:47.000,10.68,-14.7,2.46,19.4,20.5,295718,-26.21,41.0,0.548
2020-02-15T12:05:47.000,10.5,-14.49,2.44,19.41,20.5,295719,-25.99,41.0,0.548
2020-02-15T12:06:47.000,10.27,-14.67,2.45,19.41,20.5,295720,-25.78,41.0,0.548
2020-02-15T12:07:48.000,9.98,-14.76,2.46,19.4,20.5,295721,-25.57,41.0,0.548
2020-02-15T12:08:48.000,10.02,-14.78,2.46,19.4,20.5,295722,-25.36,41.0,0.548
2020-02-15T12:09:48.000,10.49,-14.98,2.43,19.42,20.5,295723,-25.14,41.0,0.548
2020-02-15T12:10:49.000,10.81,-14.86,2.43,19.41,20.5,295724,-24.93,41.0,0.548
2020-02-15T12:11:49.000,10.91,-14.56,2.43,19.42,20.5,295725,-24.72,41.0,0.548
2020-02-15T12:12:49.000,10.89,-14.59,2.41,19.42,20.5,295726,-24.51,41.0,0.548
2020-02-15T12:13:49.000,10.76,-14.39,2.43,19.42,20.5,295727,-24.29,41.0,0.548
2020-02-15T12:14:49.000,10.62,-14.31,2.42,19.42,20.5,295728,-24.08,41.0,0.548
2020-02-15T12:15:50.000,10.46,-14.4,2.42,19.42,20.5,295729,-23.87,41.0,0.548
2020-02-15T12:16:50.000,10.25,-14.58,2.43,19.42,20.5,295730,-23.66,41.0,0.547
2020-02-15T12:17:50.000,10.01,-14.66,2.42,19.42,20.5,295731,-23.44,41.0,0.547
2020-02-15T12:18:50.000,9.98,-14.76,2.42,19.42,20.5,295732,-23.23,42.0,0.547
2020-02-15T12:19:50.000,10.41,-14.97,2.4,19.43,20.5,295733,-23.02,42.0,0.547
2020-02-15T12:20:51.000,10.77,-14.81,2.41,19.42,20.5,295734,-22.81,42.0,0.547
2020-02-15T12:21:51.000,10.95,-14.66,2.4,19.43,20.5,295735,-22.59,42.0,0.547
2020-02-15T12:22:52.000,10.93,-14.52,2.4,19.43,20.5,295736,-22.38,42.0,0.547
2020-02-15T12:23:52.000,10.83,-14.63,2.4,19.43,20.5,295737,-22.17,42.0,0.547
2020-02-15T12:25:52.000,10.35,-14.65,2.39,19.43,20.5,295739,-21.74,42.0,0.547
2020-02-15T12:28:53.000,10.1,-14.93,2.39,19.44,20.5,295742,-21.11,42.0,0.547
2020-02-15T12:29:53.000,10.64,-14.97,2.4,19.43,20.5,295743,-20.9,42.0,0.546
2020-02-15T12:36:55.000,10.27,-14.59,2.42,19.42,20.5,295750,-19.41,42.0,0.546
2020-02-15T12:37:55.000,10.06,-14.61,2.44,19.41,20.5,295751,-19.2,42.0,0.546
2020-02-15T12:38:56.000,9.94,-14.83,2.43,19.42,20.5,295752,-18.98,42.0,0.546
2020-02-15T12:39:56.000,10.3,-15.07,2.44,19.41,20.5,295753,-18.77,42.0,0.546
2020-02-15T12:40:57.000,10.71,-14.97,2.43,19.41,20.5,295754,-18.56,42.0,0.546
2020-02-15T12:41:57.000,10.89,-14.98,2.44,19.41,20.5,295755,-18.35,42.0,0.546
2020-02-15T12:42:57.000,10.84,-15.02,2.44,19.41,20.5,295756,-18.13,42.0,0.545
2020-02-15T12:43:58.000,10.71,-14.84,2.44,19.41,20.5,295757,-17.92,42.0,0.545
2020-02-15T12:44:58.000,10.54,-14.73,2.44,19.41,20.5,295758,-17.71,42.0,0.545
2020-02-15T12:45:58.000,10.36,-14.7,2.44,19.41,20.5,295759,-17.5,42.0,0.545
2020-02-15T12:46:58.000,10.12,-14.85,2.44,19.41,20.5,295760,-17.29,42.0,0.545
2020-02-15T12:47:58.000,9.94,-14.83,2.43,19.41,20.5,295761,-17.08,42.0,0.545
2020-02-15T12:49:59.000,10.73,-15.06,2.44,19.41,20.5,295763,-16.65,42.0,0.545
2020-02-15T12:50:59.000,10.9,-15.04,2.44,19.41,20.5,295764,-16.44,42.0,0.545
2020-02-15T12:51:59.000,10.85,-15.15,2.46,19.4,20.5,295765,-16.23,42.0,0.545
2020-02-15T12:53:00.000,10.69,-15.09,2.44,19.41,20.5,295766,-16.01,42.0,0.545
2020-02-15T12:54:00.000,10.5,-14.88,2.45,19.41,20.5,295767,-15.8,42.0,0.545
2020-02-15T12:55:00.000,10.32,-14.8,2.45,19.41,20.5,295768,-15.59,43.0,0.545
2020-02-15T12:56:00.000,10.09,-14.87,2.45,19.41,20.5,295769,-15.38,43.0,0.544
2020-02-15T12:57:00.000,9.93,-14.92,2.46,19.4,20.5,295770,-15.17,43.0,0.544
2020-02-15T12:58:00.000,10.25,-15.14,2.47,19.4,20.5,295771,-14.96,43.0,0.544
2020-02-15T12:59:01.000,10.68,-15.1,2.47,19.4,20.5,295772,-14.75,43.0,0.544
2020-02-15T13:00:01.000,10.88,-14.99,2.48,19.39,20.5,295773,-14.54,43.0,0.544
2020-02-15T13:01:01.000,10.85,-14.98,2.51,19.38,20.5,295774,-14.33,43.0,0.544
2020-02-15T13:02:03.000,10.77,-14.76,2.52,19.38,20.5,295775,-14.11,43.0,0.544
2020-02-15T13:03:03.000,10.61,-14.73,2.55,19.36,20.5,295776,-13.9,43.0,0.544
2020-02-15T13:04:03.000,10.41,-14.73,2.59,19.35,20.5,295777,-13.69,43.0,0.544
2020-02-15T13:05:03.000,10.2,-14.74,2.61,19.34,20.5,295778,-13.48,43.0,0.544
2020-02-15T13:06:03.000,10.0,-14.71,2.66,19.32,20.5,295779,-13.27,42.0,0.544
2020-02-15T13:07:04.000,10.0,-14.87,2.69,19.3,20.5,295780,-13.05,42.0,0.544
2020-02-15T13:08:04.000,10.42,-15.03,2.75,19.28,20.5,295781,-12.84,42.0,0.544
2020-02-15T13:10:04.000,10.79,-14.92,2.91,19.22,20.5,295783,-12.42,42.0,0.543
2020-02-15T13:11:05.000,10.72,-15.0,3.01,19.18,20.5,295784,-12.21,42.0,0.543
2020-02-15T13:12:05.000,10.57,-14.73,3.13,19.14,20.5,295785,-12.0,42.0,0.543
2020-02-15T13:13:05.000,10.41,-14.65,3.28,19.09,20.5,295786,-11.79,42.0,0.543
2020-02-15T13:14:05.000,10.22,-14.79,3.46,19.03,20.5,295787,-11.58,42.0,0.543
2020-02-15T13:15:06.000,10.0,-14.83,3.68,18.97,20.5,295788,-11.37,42.0,0.543
2020-02-15T13:18:06.000,10.81,-15.1,4.66,18.71,20.5,295791,-10.74,42.0,0.543
2020-02-15T13:19:07.000,10.97,-14.9,5.14,18.6,20.5,295792,-10.53,42.0,0.543
2020-02-15T13:20:07.000,10.97,-14.87,5.72,18.49,20.5,295793,-10.32,42.0,0.543
2020-02-15T13:21:07.000,10.86,-14.75,6.46,18.35,20.5,295794,-10.11,42.0,0.542
2020-02-15T13:22:07.000,10.7,-14.62,7.34,18.22,20.5,295795,-9.9,42.0,0.542
2020-02-15T13:23:07.000,10.51,-14.6,8.36,18.08,20.5,295796,-9.69,42.0,0.542
2020-02-15T13:24:08.000,10.29,-14.67,9.7,17.91,20.5,295797,-9.48,42.0,0.542
2020-02-15T13:25:08.000,10.04,-14.81,11.31,17.75,20.5,295798,-9.27,42.0,0.542
2020-02-15T13:26:09.000,9.95,-14.91,13.4,17.56,20.5,295799,-9.06,42.0,0.542
2020-02-15T13:27:09.000,10.35,-15.29,15.88,17.38,20.5,295800,-8.85,42.0,0.542
2020-02-15T13:28:09.000,10.65,-15.07,19.04,17.18,20.5,295801,-8.64,42.0,0.542
2020-02-15T13:29:09.000,10.83,-14.98,22.86,16.98,20.5,295802,-8.43,42.0,0.542
2020-02-15T13:30:09.000,10.82,-14.88,28.0,16.76,20.5,295803,-8.22,42.0,0.542
2020-02-15T13:31:10.000,10.7,-14.87,34.43,16.54,20.5,295804,-8.01,42.0,0.542
2020-02-15T13:32:10.000,10.52,-14.81,42.5,16.31,20.5,295805,-7.8,42.0,0.542
2020-02-15T13:33:10.000,10.35,-14.69,51.55,16.1,20.5,295806,-7.59,42.0,0.542
2020-02-15T13:34:10.000,10.14,-14.64,67.3,15.81,20.5,295807,-7.39,42.0,0.541
2020-02-15T13:35:10.000,9.97,-14.65,86.88,15.54,20.5,295808,-7.18,42.0,0.541
2020-02-15T13:36:11.000,10.11,-14.9,112.48,15.26,20.5,295809,-6.97,42.0,0.541
2020-02-15T13:37:11.000,10.48,-14.98,146.89,14.97,20.5,295810,-6.76,42.0,0.541
2020-02-15T13:38:11.000,10.71,-14.79,192.2,14.67,20.5,295811,-6.55,42.0,0.541
2020-02-15T13:39:12.000,10.72,-15.0,250.73,14.39,20.5,295812,-6.34,42.0,0.541
2020-02-15T13:40:12.000,10.58,-14.99,326.94,14.1,20.5,295813,-6.13,42.0,0.541
2020-02-15T13:41:12.000,10.43,-14.85,424.97,13.81,20.5,295814,-5.92,42.0,0.541
2020-02-15T13:42:12.000,10.26,-14.85,551.4,13.53,20.5,295815,-5.72,42.0,0.541
2020-02-15T13:43:13.000,10.09,-14.88,713.46,13.25,20.5,295816,-5.51,41.0,0.541
2020-02-15T13:44:13.000,9.89,-14.98,922.58,12.97,20.5,295817,-5.3,41.0,0.541
2020-02-15T13:45:13.000,9.69,-15.07,1198.78,12.69,20.5,295818,-5.09,41.0,0.541
2020-02-15T13:46:13.000,9.48,-15.15,1552.25,12.41,20.5,295819,-4.88,41.0,0.541
2020-02-15T13:47:13.000,9.29,-15.09,1998.04,12.13,20.5,295820,-4.68,41.0,0.54
2020-02-15T13:48:14.000,9.13,-15.08,2563.21,11.86,20.5,295821,-4.47,41.0,0.54
2020-02-15T13:49:14.000,8.98,-15.08,3307.56,11.58,20.5,295822,-4.26,41.0,0.54
2020-02-15T13:50:14.000,8.83,-15.04,4360.56,11.28,20.5,295823,-4.05,41.0,0.54
2020-02-15T13:51:14.000,8.68,-15.13,5642.52,11.0,20.5,295824,-3.85,41.0,0.54
2020-02-15T13:52:14.000,8.54,-15.19,7024.16,10.77,20.5,295825,-3.64,41.0,0.54
2020-02-15T13:53:15.000,8.44,-15.12,8583.76,10.55,20.5,295826,-3.43,41.0,0.54
2020-02-15T13:54:15.000,8.35,-15.16,10472.02,10.33,20.5,295827,-3.23,41.0,0.54
2020-02-15T13:55:16.000,8.25,-15.2,12850.31,10.11,20.5,295828,-3.02,41.0,0.54
2020-02-15T13:56:16.000,8.15,-15.13,15719.73,9.89,20.5,295829,-2.81,41.0,0.54
2020-02-15T13:57:16.000,8.03,-15.16,19060.24,9.68,20.5,295830,-2.6,41.0,0.54
2020-02-15T14:00:17.000,7.84,-15.17,32921.89,9.16,20.5,295833,-1.98,40.0,0.539
2020-02-15T14:05:17.000,7.63,-15.15,0.0,0.0,20.5,295838,-0.96,40.0,0.539
2020-02-15T14:06:17.000,7.58,-15.28,0.0,0.0,20.5,295839,-0.75,40.0,0.539
2020-02-15T14:07:18.000,7.48,-15.37,0.0,0.0,20.5,295840,-0.54,40.0,0.539
2020-02-15T14:09:18.000,7.37,-15.25,0.0,0.0,20.5,295842,-0.14,40.0,0.539
2020-02-15T14:10:19.000,7.34,-15.34,0.0,0.0,20.5,295843,0.07,40.0,0.539
2020-02-15T14:11:19.000,7.29,-15.32,0.0,0.0,20.5,295844,0.28,40.0,0.539
2020-02-15T14:13:19.000,7.25,-15.37,0.0,0.0,20.5,295846,0.68,40.0,0.538
2020-02-15T14:14:20.000,7.23,-15.25,0.0,0.0,20.5,295847,0.89,39.0,0.538
2020-02-15T14:15:20.000,7.22,-15.31,0.0,0.0,20.5,295848,1.1,39.0,0.538
2020-02-15T14:21:21.000,7.18,-15.35,0.0,0.0,20.5,295854,2.32,39.0,0.538
2020-02-15T14:28:23.000,7.13,-15.22,0.0,0.0,20.5,295861,3.74,38.0,0.537
2020-02-15T14:29:23.000,7.13,-15.18,0.0,0.0,20.5,295862,3.94,38.0,0.537
2020-02-15T14:30:23.000,7.13,-15.16,0.2,0.09,20.5,295863,4.14,38.0,0.537
2020-02-15T14:31:24.000,7.15,-15.15,0.2,0.09,20.5,295864,4.35,38.0,0.537
2020-02-15T14:32:24.000,7.16,-15.14,0.0,0.0,20.5,295865,4.55,38.0,0.537
2020-02-15T14:33:24.000,7.15,-15.22,0.0,0.0,20.5,295866,4.75,38.0,0.537
2020-02-15T14:34:25.000,7.15,-15.17,0.0,0.0,20.5,295867,4.96,38.0,0.537
2020-02-15T14:35:25.000,7.15,-15.16,0.0,0.0,20.5,295868,5.16,38.0,0.537
2020-02-15T14:36:25.000,7.16,-15.09,0.0,0.0,20.5,295869,5.36,37.0,0.537
2020-02-15T14:37:25.000,7.18,-15.08,0.43,0.18,20.5,295870,5.56,37.0,0.537
2020-02-15T14:38:27.000,7.21,-15.0,0.12,0.09,20.5,295871,5.76,37.0,0.537
2020-02-15T14:41:28.000,7.33,-14.94,0.0,0.0,20.5,295874,6.37,37.0,0.536
2020-02-15T14:42:28.000,7.35,-15.03,0.0,0.0,20.5,295875,6.57,37.0,0.536
2020-02-15T14:43:28.000,7.37,-14.93,0.0,0.0,20.5,295876,6.77,37.0,0.536
2020-02-15T14:55:31.000,7.86,-14.61,0.0,0.0,20.5,295888,9.15,35.0,0.535
2020-02-15T14:56:31.000,7.92,-14.56,0.0,0.0,20.5,295889,9.35,35.0,0.535
2020-02-15T14:57:31.000,7.96,-14.6,0.0,0.0,20.5,295890,9.55,35.0,0.535
2020-02-15T15:00:32.000,8.07,-14.51,0.0,0.0,20.5,295893,10.14,35.0,0.535
2020-02-15T15:01:32.000,8.13,-14.38,0.0,0.0,20.5,295894,10.34,35.0,0.535
2020-02-15T15:10:34.000,8.58,-14.36,0.0,0.0,20.5,295903,12.1,34.0,0.534
2020-02-15T15:11:34.000,8.62,-14.31,0.0,0.0,20.5,295904,12.29,33.0,0.534
2020-02-15T15:12:34.000,8.65,-14.23,0.0,0.0,20.5,295905,12.48,33.0,0.534
2020-02-15T15:22:36.000,9.21,-13.77,0.0,0.0,20.5,295915,14.41,32.0,0.533
2020-02-15T15:23:37.000,9.31,-13.65,0.0,0.0,20.5,295916,14.61,32.0,0.533
2020-02-15T15:24:37.000,9.43,-13.65,0.0,0.0,20.5,295917,14.8,32.0,0.533
2020-02-15T15:26:37.000,9.62,-13.61,0.0,0.0,20.5,295919,15.18,31.0,0.533
2020-02-15T15:27:37.000,9.68,-13.61,0.0,0.0,20.5,295920,15.37,31.0,0.533
2020-02-15T15:28:38.000,9.73,-13.56,0.0,0.0,20.5,295921,15.56,31.0,0.533
