Downloads/jupyter/ECSV/stars19/stars19_2023-11.ecsv
# %ECSV 1.0
# ---
# datatype:
# - {name: time, datatype: string}
# - {name: Enclosure Temperature, unit: deg_C, datatype: float64}
# - {name: Sky Temperature, unit: deg_C, datatype: float64}
# - {name: Frequency, unit: Hz, datatype: float64}
# - {name: MSAS, unit: mag / arcsec2, datatype: float64}
# - {name: ZP, datatype: float64}
# - {name: Sequence Number, datatype: int64}
# - {name: Sun Alt, unit: deg, datatype: float64}
# - {name: Moon Alt, unit: deg, datatype: float64}
# - {name: Moon Illumination, datatype: float64}
# delimiter: ','
# meta: !!omap
# - ida:
#     Data supplier: {affiliation: null, observer: null}
#     Device type: TESS-W
#     Field of view: 17.0
#     Filters per channel: None
#     Instrument ID: stars19
#     License: ODbL 1.0 http://opendatacommons.org/licenses/odbl/summary/
#     Local timezone: America/Phoenix
#     Location name: {country: '- Tucson', place: Tucson, region: United States, sub_region: Arizona, town: Pima County}
#     Measurement direction per channel: {azimuth: 0.0, zenital: 0.0}
#     Moving / Fixed look direction: FIXED
#     Moving / Stationary position: STATIONARY
#     Number of channels: 1
#     Number of fields per line: 8
#     Number of header lines: 35
#     Position: {height: 0.0, latitude: 32.223877, longitude: -110.767532}
#     TESS MAC address: 18:FE:34:CF:EC:06
#     TESS cover offset value: 0.0
#     TESS firmware version: '1.0'
#     TESS zero point: 20.38
#     Time Synchronization: timestamp added by MQTT subscriber
#     URL: http://www.darksky.org/NSBM/sdf1.0.pdf
# - __serialized_columns__:
#     Enclosure Temperature:
#       __class__: astropy.units.quantity.Quantity
#       unit: &id001 !astropy.units.Unit {unit: deg_C}
#       value: !astropy.table.SerializedColumn {name: Enclosure Temperature}
#     Frequency:
#       __class__: astropy.units.quantity.Quantity
#       unit: !astropy.units.Unit {unit: Hz}
#       value: !astropy.table.SerializedColumn {name: Frequency}
#     MSAS:
#       __class__: astropy.units.quantity.Quantity
#       unit: !astropy.units.Unit {unit: mag / arcsec2}
#       value: !astropy.table.SerializedColumn {name: MSAS}
#     Moon Alt:
#       __class__: astropy.units.quantity.Quantity
#       unit: &id002 !astropy.units.Unit {unit: deg}
#       value: !astropy.table.SerializedColumn {name: Moon Alt}
#     Sky Temperature:
#       __class__: astropy.units.quantity.Quantity
#       unit: *id001
#       value: !astropy.table.SerializedColumn {name: Sky Temperature}
#     Sun Alt:
#       __class__: astropy.units.quantity.Quantity
#       unit: *id002
#       value: !astropy.table.SerializedColumn {name: Sun Alt}
#     time:
#       __class__: astropy.time.core.Time
#       format: isot
#       in_subfmt: '*'
#       out_subfmt: '*'
#       precision: 3
#       scale: utc
#       value: !astropy.table.SerializedColumn {name: time}
# schema: astropy-2.0
time,Enclosure Temperature,Sky Temperature,Frequency,MSAS,ZP,Sequence Number,Sun Alt,Moon Alt,Moon Illumination
[from data line 25521]
2023-11-30T12:55:15.000,13.12,-3.77,14.54,17.47,20.38,87077,-14.65,51.0,0.893
2023-11-30T12:56:16.000,13.14,-3.79,15.02,17.44,20.38,87078,-14.44,51.0,0.893
2023-11-30T12:57:16.000,13.14,-3.41,18.74,17.2,20.38,87079,-14.24,51.0,0.893
2023-11-30T12:58:17.000,13.1,-2.86,16.36,17.35,20.38,87080,-14.03,50.0,0.893
2023-11-30T12:59:17.000,13.1,-2.12,19.06,17.18,20.38,87081,-13.83,50.0,0.893
2023-11-30T13:00:17.000,13.06,-1.55,19.94,17.13,20.38,87082,-13.63,50.0,0.893
2023-11-30T13:01:18.000,13.08,-0.96,21.81,17.03,20.38,87083,-13.43,50.0,0.893
2023-11-30T13:02:18.000,13.13,-0.25,23.48,16.95,20.38,87084,-13.22,50.0,0.893
2023-11-30T13:03:19.000,13.14,0.13,25.39,16.87,20.38,87085,-13.02,49.0,0.893
2023-11-30T13:04:19.000,13.17,0.56,23.76,16.94,20.38,87086,-12.82,49.0,0.893
2023-11-30T13:05:20.000,13.2,0.79,24.83,16.89,20.38,87087,-12.61,49.0,0.893
2023-11-30T13:06:20.000,13.22,0.86,25.03,16.88,20.38,87088,-12.41,49.0,0.893
2023-11-30T13:07:20.000,13.22,0.9,24.96,16.89,20.38,87089,-12.21,49.0,0.893
2023-11-30T13:08:20.000,13.23,1.09,24.66,16.9,20.38,87090,-12.01,48.0,0.893
2023-11-30T13:09:21.000,13.25,1.15,23.64,16.95,20.38,87091,-11.81,48.0,0.893
2023-11-30T13:10:21.000,13.24,1.29,25.58,16.86,20.38,87092,-11.6,48.0,0.893
2023-11-30T13:11:22.000,13.27,1.46,26.47,16.82,20.38,87093,-11.4,48.0,0.893
2023-11-30T13:12:22.000,13.31,1.5,26.23,16.83,20.38,87094,-11.2,48.0,0.893
2023-11-30T13:13:23.000,13.32,1.55,25.64,16.86,20.38,87095,-11.0,47.0,0.893
2023-11-30T13:14:23.000,13.33,1.57,26.48,16.82,20.38,87096,-10.8,47.0,0.893
2023-11-30T13:15:23.000,13.27,1.47,28.86,16.73,20.38,87097,-10.6,47.0,0.892
2023-11-30T13:16:24.000,13.22,1.49,29.19,16.72,20.38,87098,-10.39,47.0,0.892
2023-11-30T13:17:24.000,13.18,1.44,30.85,16.66,20.38,87099,-10.19,47.0,0.892
2023-11-30T13:18:24.000,13.11,1.35,31.95,16.62,20.38,87100,-9.99,46.0,0.892
2023-11-30T13:19:24.000,13.07,1.18,35.06,16.52,20.38,87101,-9.8,46.0,0.892
2023-11-30T13:20:25.000,13.04,0.81,36.32,16.48,20.38,87102,-9.59,46.0,0.892
2023-11-30T13:21:25.000,13.04,0.5,37.13,16.46,20.38,87103,-9.39,46.0,0.892
2023-11-30T13:22:26.000,13.03,0.3,41.4,16.34,20.38,87104,-9.19,46.0,0.892
2023-11-30T13:23:26.000,13.04,0.03,46.7,16.21,20.38,87105,-8.99,45.0,0.892
2023-11-30T13:34:28.000,13.02,-7.13,216.83,14.54,20.38,87116,-6.81,43.0,0.892
2023-11-30T13:35:28.000,13.0,-7.01,286.76,14.24,20.38,87117,-6.61,43.0,0.892
2023-11-30T13:36:29.000,12.95,-7.15,362.74,13.98,20.38,87118,-6.41,43.0,0.892
2023-11-30T13:37:31.000,12.9,-7.18,461.39,13.72,20.38,87119,-6.21,42.0,0.892
2023-11-30T13:38:31.000,12.9,-7.28,575.11,13.48,20.38,87120,-6.01,42.0,0.891
2023-11-30T13:40:32.000,12.9,-8.0,859.3,13.05,20.38,87122,-5.62,42.0,0.891
2023-11-30T13:41:33.000,12.9,-8.1,1118.76,12.76,20.38,87123,-5.42,42.0,0.891
2023-11-30T13:42:33.000,12.94,-7.91,1655.2,12.34,20.38,87124,-5.23,41.0,0.891
2023-11-30T13:43:33.000,12.98,-7.71,2189.31,12.03,20.38,87125,-5.03,41.0,0.891
2023-11-30T13:45:34.000,13.02,-7.18,3364.67,11.56,20.38,87127,-4.64,41.0,0.891
2023-11-30T13:47:34.000,13.01,-6.07,5909.66,10.96,20.38,87129,-4.25,40.0,0.891
2023-11-30T13:48:35.000,12.99,-5.5,7963.71,10.63,20.38,87130,-4.05,40.0,0.891
2023-11-30T13:49:36.000,12.95,-5.01,10182.49,10.36,20.38,87131,-3.85,40.0,0.891
2023-11-30T13:50:36.000,12.9,-4.83,12325.8,10.15,20.38,87132,-3.66,40.0,0.891
2023-11-30T13:51:37.000,12.85,-5.03,14651.64,9.97,20.38,87133,-3.46,40.0,0.891
2023-11-30T13:52:37.000,12.79,-5.71,17974.2,9.74,20.38,87134,-3.27,39.0,0.891
2023-11-30T13:53:37.000,12.77,-6.43,21040.22,9.57,20.38,87135,-3.07,39.0,0.891
2023-11-30T13:54:38.000,12.74,-7.13,23604.93,9.45,20.38,87136,-2.88,39.0,0.891
2023-11-30T13:55:38.000,12.7,-7.32,26483.73,9.41,20.38,87137,-2.68,39.0,0.891
2023-11-30T13:57:39.000,12.55,-7.14,39294.45,8.9,20.38,87139,-2.29,38.0,0.891
2023-11-30T13:59:39.000,12.6,-8.25,50194.27,8.63,20.38,87141,-1.91,38.0,0.891
2023-11-30T14:02:40.000,12.48,-10.17,22598.91,2.98,20.38,87144,-1.33,37.0,0.89
2023-11-30T14:03:41.000,12.47,-10.25,0.0,0.0,20.38,87145,-1.14,37.0,0.89
2023-11-30T14:04:41.000,12.47,-10.09,0.0,0.0,20.38,87146,-0.94,37.0,0.89
2023-11-30T14:05:41.000,12.48,-10.32,0.0,0.0,20.38,87147,-0.75,37.0,0.89
2023-11-30T14:06:41.000,12.47,-10.56,0.0,0.0,20.38,87148,-0.56,37.0,0.89
2023-11-30T14:07:41.000,12.47,-10.71,0.0,0.0,20.38,87149,-0.37,36.0,0.89
2023-11-30T14:08:42.000,12.49,-10.69,0.51,0.38,20.38,87150,-0.18,36.0,0.89
2023-11-30T14:09:42.000,12.49,-10.85,0.0,0.0,20.38,87151,0.01,36.0,0.89
2023-11-30T14:10:42.000,12.47,-10.84,0.0,0.0,20.38,87152,0.2,36.0,0.89
2023-11-30T14:11:43.000,12.47,-10.82,0.0,0.0,20.38,87153,0.4,35.0,0.89
2023-11-30T14:26:47.000,12.23,-10.8,0.0,0.0,20.38,87168,3.23,32.0,0.889
2023-11-30T14:27:48.000,12.23,-10.79,0.0,0.0,20.38,87169,3.42,32.0,0.889
2023-11-30T14:28:48.000,12.23,-10.57,0.0,0.0,20.38,87170,3.6,32.0,0.889
2023-11-30T14:29:48.000,12.24,-10.32,0.22,0.09,20.38,87171,3.79,32.0,0.889
2023-11-30T14:30:48.000,12.23,-10.04,0.11,0.09,20.38,87172,3.98,32.0,0.889
2023-11-30T14:31:48.000,12.23,-9.6,0.0,0.0,20.38,87173,4.16,31.0,0.889
2023-11-30T14:32:49.000,12.22,-9.4,0.0,0.0,20.38,87174,4.35,31.0,0.889
2023-11-30T14:33:49.000,12.24,-9.24,0.0,0.0,20.38,87175,4.53,31.0,0.889
2023-11-30T14:34:50.000,12.24,-9.25,0.0,0.0,20.38,87176,4.72,31.0,0.889
2023-11-30T14:35:51.000,12.28,-9.01,0.0,0.0,20.38,87177,4.91,31.0,0.889
2023-11-30T14:37:52.000,12.34,-7.31,0.0,0.0,20.38,87179,5.28,30.0,0.889
2023-11-30T14:41:54.000,12.44,-5.13,0.0,0.0,20.38,87183,6.02,29.0,0.889
2023-11-30T14:42:54.000,12.46,-5.31,0.0,0.0,20.38,87184,6.2,29.0,0.889
2023-11-30T14:43:54.000,12.44,-5.43,0.0,0.0,20.38,87185,6.38,29.0,0.889
2023-11-30T14:48:55.000,12.52,-5.17,0.0,0.0,20.38,87190,7.29,28.0,0.888
2023-11-30T14:49:57.000,12.56,-6.01,0.0,0.0,20.38,87191,7.48,28.0,0.888
2023-11-30T14:50:57.000,12.58,-7.04,0.0,0.0,20.38,87192,7.66,28.0,0.888
2023-11-30T14:52:58.000,12.59,-8.75,0.0,0.0,20.38,87194,8.02,27.0,0.888
2023-11-30T14:56:05.000,12.62,-9.35,0.0,0.0,20.38,87197,8.58,27.0,0.888
2023-11-30T14:57:07.000,12.65,-8.73,0.0,0.0,20.38,87198,8.76,26.0,0.888
2023-11-30T14:58:07.000,12.67,-7.6,0.0,0.0,20.38,87199,8.94,26.0,0.888
2023-11-30T15:02:08.000,12.87,-5.73,0.0,0.0,20.38,87203,9.65,25.0,0.888
2023-11-30T15:03:09.000,12.9,-6.02,0.0,0.0,20.38,87204,9.83,25.0,0.888
2023-11-30T15:04:09.000,12.93,-5.63,0.0,0.0,20.38,87205,10.0,25.0,0.888
2023-11-30T15:08:10.000,13.07,-2.66,0.0,0.0,20.38,87209,10.71,24.0,0.888
2023-11-30T15:09:11.000,13.14,-2.76,0.0,0.0,20.38,87210,10.89,24.0,0.888
2023-11-30T15:10:11.000,13.18,-2.82,0.0,0.0,20.38,87211,11.06,24.0,0.887
2023-11-30T15:30:29.000,13.45,-7.56,0.0,0.0,20.38,87230,14.52,20.0,0.887
2023-11-30T15:31:29.000,13.45,-7.76,0.0,0.0,20.38,87231,14.69,20.0,0.887
2023-11-30T15:32:30.000,13.54,-7.82,0.0,0.0,20.38,87232,14.86,20.0,0.887
2023-11-30T15:59:52.000,14.1,-7.0,0.0,0.0,20.38,87259,19.25,14.0,0.885
2023-11-30T16:00:52.000,14.11,-6.96,0.0,0.0,20.38,87260,19.4,14.0,0.885
2023-11-30T16:01:53.000,14.12,-6.93,0.0,0.0,20.38,87261,19.56,14.0,0.885
2023-11-30T16:03:54.000,14.18,-7.11,0.0,0.0,20.38,87263,19.87,14.0,0.885
2023-11-30T16:04:54.000,14.21,-7.09,0.0,0.0,20.38,87264,20.02,13.0,0.885
2023-11-30T16:05:54.000,14.25,-7.02,0.0,0.0,20.38,87265,20.17,13.0,0.885
2023-11-30T16:08:55.000,14.42,-6.94,0.0,0.0,20.38,87268,20.62,13.0,0.885
2023-11-30T16:09:55.000,14.45,-6.98,0.0,0.0,20.38,87269,20.77,12.0,0.885
2023-11-30T16:10:56.000,14.43,-6.85,0.0,0.0,20.38,87270,20.93,12.0,0.885
2023-11-30T16:20:58.000,14.78,-5.8,0.0,0.0,20.38,87280,22.4,10.0,0.884
2023-11-30T16:21:58.000,14.8,-5.45,0.0,0.0,20.38,87281,22.54,10.0,0.884
2023-11-30T16:22:58.000,14.86,-5.32,0.0,0.0,20.38,87282,22.68,10.0,0.884
2023-11-30T16:39:07.000,15.5,-2.84,0.0,0.0,20.38,87298,24.92,7.0,0.884
2023-11-30T16:40:08.000,15.56,-2.89,0.0,0.0,20.38,87299,25.06,7.0,0.884
2023-11-30T16:41:08.000,15.52,-3.04,0.0,0.0,20.38,87300,25.19,7.0,0.883
2023-11-30T16:46:16.000,15.56,-2.89,0.0,0.0,20.38,87305,25.86,6.0,0.883
2023-11-30T16:47:16.000,15.63,-2.33,0.0,0.0,20.38,87306,25.99,6.0,0.883
2023-11-30T16:48:17.000,15.7,-2.29,0.0,0.0,20.38,87307,26.12,5.0,0.883
2023-11-30T16:49:17.000,15.76,-2.38,0.0,0.0,20.38,87308,26.25,5.0,0.883
2023-11-30T16:50:17.000,15.81,-2.17,0.0,0.0,20.38,87309,26.37,5.0,0.883
2023-11-30T16:51:18.000,15.85,-1.95,0.0,0.0,20.38,87310,26.5,5.0,0.883
2023-11-30T16:54:19.000,16.04,-1.4,0.0,0.0,20.38,87313,26.88,4.0,0.883
2023-11-30T16:57:20.000,16.41,-1.01,0.0,0.0,20.38,87316,27.25,4.0,0.883
2023-11-30T16:58:20.000,16.49,-0.78,0.0,0.0,20.38,87317,27.37,4.0,0.883
2023-11-30T16:59:20.000,16.56,-0.64,0.0,0.0,20.38,87318,27.5,3.0,0.883
2023-11-30T17:00:21.000,16.54,-0.88,0.0,0.0,20.38,87319,27.62,3.0,0.883
2023-11-30T17:01:22.000,16.4,-1.82,0.0,0.0,20.38,87320,27.74,3.0,0.883
2023-11-30T17:02:22.000,16.33,-1.45,0.0,0.0,20.38,87321,27.86,3.0,0.883
2023-11-30T17:08:24.000,16.58,-0.26,0.0,0.0,20.38,87327,28.56,2.0,0.882
2023-11-30T17:09:24.000,16.6,0.27,0.0,0.0,20.38,87328,28.68,2.0,0.882
2023-11-30T17:10:24.000,16.74,0.9,0.0,0.0,20.38,87329,28.79,1.0,0.882
2023-11-30T17:33:37.000,18.11,0.84,0.0,0.0,20.38,87352,31.21,-3.0,0.881
2023-11-30T17:34:39.000,18.17,1.26,0.0,0.0,20.38,87353,31.31,-3.0,0.881
2023-11-30T17:35:39.000,18.17,0.83,0.0,0.0,20.38,87354,31.41,-3.0,0.881
2023-11-30T17:37:41.000,18.41,2.02,0.0,0.0,20.38,87356,31.59,-3.0,0.881
2023-11-30T17:38:41.000,18.94,3.67,0.0,0.0,20.38,87357,31.69,-3.0,0.881
2023-11-30T17:39:44.000,19.65,4.58,0.0,0.0,20.38,87358,31.78,-4.0,0.881
2023-11-30T17:46:46.000,23.56,4.2,0.0,0.0,20.38,87365,32.39,-5.0,0.881
2023-11-30T17:47:47.000,23.89,4.5,0.0,0.0,20.38,87366,32.48,-5.0,0.881
2023-11-30T17:48:47.000,24.2,4.38,0.0,0.0,20.38,87367,32.56,-5.0,0.88
2023-11-30T17:50:47.000,24.78,4.73,0.0,0.0,20.38,87369,32.72,-5.0,0.88
2023-11-30T17:51:49.000,25.24,5.24,0.0,0.0,20.38,87370,32.81,-6.0,0.88
2023-11-30T17:52:51.000,25.57,4.63,0.0,0.0,20.38,87371,32.89,-6.0,0.88
2023-11-30T17:58:52.000,25.5,3.63,0.0,0.0,20.38,87377,33.35,-7.0,0.88
2023-11-30T17:59:52.000,25.45,3.08,0.0,0.0,20.38,87378,33.42,-7.0,0.88
2023-11-30T18:00:53.000,25.46,3.49,0.0,0.0,20.38,87379,33.49,-7.0,0.88
2023-11-30T18:02:55.000,25.99,4.26,0.0,0.0,20.38,87381,33.64,-7.0,0.88
2023-11-30T18:03:55.000,26.18,4.26,0.0,0.0,20.38,87382,33.71,-8.0,0.88
2023-11-30T18:04:55.000,26.38,4.47,0.0,0.0,20.38,87383,33.77,-8.0,0.88
2023-11-30T18:06:56.000,27.07,4.94,0.0,0.0,20.38,87385,33.91,-8.0,0.88
2023-11-30T18:07:56.000,26.98,3.79,0.0,0.0,20.38,87386,33.97,-8.0,0.88
2023-11-30T18:08:56.000,27.06,4.21,0.0,0.0,20.38,87387,34.04,-8.0,0.88
2023-11-30T18:21:03.000,27.02,3.93,0.0,0.0,20.38,87399,34.74,-10.0,0.879
2023-11-30T18:22:03.000,27.07,5.3,0.0,0.0,20.38,87400,34.8,-10.0,0.879
2023-11-30T18:23:03.000,27.2,5.78,0.0,0.0,20.38,87401,34.85,-11.0,0.879
2023-11-30T18:27:05.000,27.89,8.29,0.0,0.0,20.38,87405,35.04,-11.0,0.879
2023-11-30T18:28:05.000,27.97,8.06,0.0,0.0,20.38,87406,35.09,-11.0,0.879
2023-11-30T18:29:05.000,28.09,7.94,0.0,0.0,20.38,87407,35.13,-12.0,0.879
2023-11-30T18:32:07.000,27.86,7.42,0.0,0.0,20.38,87410,35.26,-12.0,0.879
2023-11-30T18:33:07.000,27.6,6.2,0.0,0.0,20.38,87411,35.3,-12.0,0.878
2023-11-30T18:34:08.000,27.21,5.52,0.0,0.0,20.38,87412,35.34,-12.0,0.878
2023-11-30T18:37:10.000,26.12,4.52,0.0,0.0,20.38,87415,35.46,-13.0,0.878
2023-11-30T18:38:10.000,25.85,4.72,0.0,0.0,20.38,87416,35.49,-13.0,0.878
2023-11-30T18:39:10.000,25.79,4.4,0.0,0.0,20.38,87417,35.53,-13.0,0.878
2023-11-30T19:10:29.000,24.97,8.12,0.0,0.0,20.38,87448,36.08,-17.0,0.877
2023-11-30T19:11:30.000,24.82,8.54,0.0,0.0,20.38,87449,36.08,-18.0,0.877
2023-11-30T19:12:30.000,24.56,8.3,0.0,0.0,20.38,87450,36.08,-18.0,0.877
2023-11-30T19:18:31.000,22.95,7.48,0.0,0.0,20.38,87456,36.06,-19.0,0.876
2023-11-30T19:19:31.000,22.87,7.68,0.0,0.0,20.38,87457,36.05,-19.0,0.876
2023-11-30T19:20:32.000,22.83,7.85,0.0,0.0,20.38,87458,36.04,-19.0,0.876
2023-11-30T19:24:34.000,22.43,7.63,0.0,0.0,20.38,87462,35.99,-19.0,0.876
2023-11-30T19:25:34.000,22.27,7.51,0.0,0.0,20.38,87463,35.98,-19.0,0.876
2023-11-30T19:26:34.000,22.15,7.35,0.0,0.0,20.38,87464,35.97,-20.0,0.876
2023-11-30T19:38:40.000,22.6,7.17,0.0,0.0,20.38,87476,35.7,-21.0,0.876
2023-11-30T19:39:41.000,22.62,6.91,0.0,0.0,20.38,87477,35.67,-21.0,0.875
2023-11-30T19:40:41.000,22.65,7.04,0.0,0.0,20.38,87478,35.64,-21.0,0.875
2023-11-30T19:42:42.000,22.98,7.48,0.0,0.0,20.38,87480,35.57,-22.0,0.875
2023-11-30T19:48:43.000,22.92,6.6,0.0,0.0,20.38,87486,35.36,-22.0,0.875
2023-11-30T19:49:43.000,22.91,7.02,0.0,0.0,20.38,87487,35.32,-22.0,0.875
2023-11-30T19:50:43.000,22.99,7.0,0.0,0.0,20.38,87488,35.28,-23.0,0.875
2023-11-30T19:55:46.000,22.7,6.71,0.0,0.0,20.38,87493,35.06,-23.0,0.875
2023-11-30T19:56:46.000,22.58,6.9,0.0,0.0,20.38,87494,35.01,-23.0,0.875
2023-11-30T19:57:48.000,22.42,6.79,0.0,0.0,20.38,87495,34.96,-23.0,0.875
2023-11-30T19:59:49.000,22.28,6.69,0.0,0.0,20.38,87497,34.87,-24.0,0.875
2023-11-30T20:00:49.000,22.19,6.17,0.0,0.0,20.38,87498,34.82,-24.0,0.875
2023-11-30T20:01:49.000,22.05,5.98,0.0,0.0,20.38,87499,34.76,-24.0,0.874
2023-11-30T20:09:52.000,21.42,5.9,0.0,0.0,20.38,87507,34.31,-25.0,0.874
2023-11-30T20:10:53.000,21.38,5.58,0.0,0.0,20.38,87508,34.25,-25.0,0.874
2023-11-30T20:11:53.000,21.28,5.42,0.0,0.0,20.38,87509,34.19,-25.0,0.874
2023-11-30T20:15:54.000,20.85,4.8,0.0,0.0,20.38,87513,33.94,-25.0,0.874
2023-11-30T20:18:54.000,20.9,4.65,0.0,0.0,20.38,87516,33.73,-25.0,0.874
2023-11-30T20:19:57.000,20.91,4.66,0.0,0.0,20.38,87517,33.66,-26.0,0.874
2023-11-30T20:20:57.000,21.04,4.98,0.0,0.0,20.38,87518,33.59,-26.0,0.874
2023-11-30T20:29:00.000,21.29,4.71,0.0,0.0,20.38,87526,33.0,-26.0,0.873
2023-11-30T20:30:00.000,21.35,4.6,0.0,0.0,20.38,87527,32.92,-27.0,0.873
2023-11-30T20:31:00.000,21.32,4.39,0.0,0.0,20.38,87528,32.84,-27.0,0.873
2023-11-30T20:34:00.000,21.32,4.42,0.0,0.0,20.38,87531,32.6,-27.0,0.873
2023-11-30T20:35:02.000,21.31,4.25,0.0,0.0,20.38,87532,32.51,-27.0,0.873
2023-11-30T20:36:02.000,21.3,4.26,0.0,0.0,20.38,87533,32.43,-27.0,0.873
2023-11-30T20:37:04.000,21.35,4.55,0.0,0.0,20.38,87534,32.34,-27.0,0.873
2023-11-30T20:38:05.000,21.44,4.57,0.0,0.0,20.38,87535,32.26,-27.0,0.873
2023-11-30T20:39:05.000,21.39,4.05,0.0,0.0,20.38,87536,32.17,-27.0,0.873
2023-11-30T20:42:08.000,21.27,4.34,0.0,0.0,20.38,87539,31.9,-28.0,0.873
2023-11-30T20:43:08.000,21.3,4.35,0.0,0.0,20.38,87540,31.81,-28.0,0.873
2023-11-30T20:44:09.000,21.4,4.58,0.0,0.0,20.38,87541,31.72,-28.0,0.873
2023-11-30T21:17:25.000,20.86,3.93,0.0,0.0,20.38,87574,28.26,-30.0,0.871
2023-11-30T21:18:25.000,20.83,3.96,0.0,0.0,20.38,87575,28.15,-30.0,0.871
2023-11-30T21:19:25.000,20.86,4.03,0.0,0.0,20.38,87576,28.03,-30.0,0.871
2023-11-30T21:27:27.000,20.85,4.22,0.0,0.0,20.38,87584,27.06,-30.0,0.871
2023-11-30T21:28:27.000,20.86,4.03,0.0,0.0,20.38,87585,26.94,-31.0,0.87
2023-11-30T21:29:27.000,20.81,3.95,0.0,0.0,20.38,87586,26.81,-31.0,0.87
2023-11-30T21:30:27.000,20.76,3.84,0.0,0.0,20.38,87587,26.69,-31.0,0.87
2023-11-30T21:33:28.000,20.41,3.59,0.0,0.0,20.38,87590,26.31,-31.0,0.87
2023-11-30T21:35:29.000,20.33,3.66,0.0,0.0,20.38,87592,26.05,-31.0,0.87
2023-11-30T21:36:30.000,20.27,3.63,0.0,0.0,20.38,87593,25.92,-31.0,0.87
2023-11-30T21:37:31.000,20.22,3.51,0.0,0.0,20.38,87594,25.79,-31.0,0.87
2023-11-30T22:07:45.000,20.01,4.14,0.0,0.0,20.38,87624,21.6,-32.0,0.869
2023-11-30T22:08:45.000,19.92,4.1,0.0,0.0,20.38,87625,21.45,-32.0,0.869
2023-11-30T22:09:46.000,19.92,4.21,0.0,0.0,20.38,87626,21.3,-32.0,0.869
2023-11-30T22:11:47.000,19.94,4.24,0.0,0.0,20.38,87628,21.0,-32.0,0.868
2023-11-30T22:12:47.000,19.95,3.87,0.0,0.0,20.38,87629,20.85,-32.0,0.868
2023-11-30T22:14:48.000,19.94,3.94,0.0,0.0,20.38,87631,20.55,-32.0,0.868
2023-11-30T22:16:49.000,20.01,3.99,0.0,0.0,20.38,87633,20.25,-32.0,0.868
2023-11-30T22:17:49.000,20.07,4.13,0.0,0.0,20.38,87634,20.1,-32.0,0.868
2023-11-30T22:18:49.000,20.08,4.16,0.0,0.0,20.38,87635,19.94,-32.0,0.868
2023-11-30T22:49:08.000,18.84,4.67,0.0,0.0,20.38,87665,15.12,-31.0,0.867
2023-11-30T22:50:08.000,18.85,4.53,0.0,0.0,20.38,87666,14.96,-31.0,0.867
