Downloads/jupyter/ECSV/stars19/stars19_2022-02.ecsv
# %ECSV 1.0
# ---
# datatype:
# - {name: time, datatype: string}
# - {name: Enclosure Temperature, unit: deg_C, datatype: float64}
# - {name: Sky Temperature, unit: deg_C, datatype: float64}
# - {name: Frequency, unit: Hz, datatype: float64}
# - {name: MSAS, unit: mag / arcsec2, datatype: float64}
# - {name: ZP, datatype: float64}
# - {name: Sequence Number, datatype: int64}
# - {name: Sun Alt, unit: deg, datatype: float64}
# - {name: Moon Alt, unit: deg, datatype: float64}
# - {name: Moon Illumination, datatype: float64}
# delimiter: ','
# meta: !!omap
# - ida:
#     Data supplier: {affiliation: null, observer: null}
#     Device type: TESS-W
#     Field of view: 17.0
#     Filters per channel: None
#     Instrument ID: stars19
#     License: ODbL 1.0 http://opendatacommons.org/licenses/odbl/summary/
#     Local timezone: America/Phoenix
#     Location name: {country: '- Tucson', place: Tucson, region: United States, sub_region: Arizona, town: Pima County}
#     Measurement direction per channel: {azimuth: 0.0, zenital: 0.0}
#     Moving / Fixed look direction: FIXED
#     Moving / Stationary position: STATIONARY
#     Number of channels: 1
#     Number of fields per line: 8
#     Number of header lines: 35
#     Position: {height: 0.0, latitude: 32.223877, longitude: -110.767532}
#     TESS MAC address: 18:FE:34:CF:EC:06
#     TESS cover offset value: 0.0
#     TESS firmware version: '1.0'
#     TESS zero point: 20.5
#     Time Synchronization: timestamp added by MQTT subscriber
#     URL: http://www.darksky.org/NSBM/sdf1.0.pdf
# - __serialized_columns__:
#     Enclosure Temperature:
#       __class__: astropy.units.quantity.Quantity
#       unit: &id001 !astropy.units.Unit {unit: deg_C}
#       value: !astropy.table.SerializedColumn {name: Enclosure Temperature}
#     Frequency:
#       __class__: astropy.units.quantity.Quantity
#       unit: !astropy.units.Unit {unit: Hz}
#       value: !astropy.table.SerializedColumn {name: Frequency}
#     MSAS:
#       __class__: astropy.units.quantity.Quantity
#       unit: !astropy.units.Unit {unit: mag / arcsec2}
#       value: !astropy.table.SerializedColumn {name: MSAS}
#     Moon Alt:
#       __class__: astropy.units.quantity.Quantity
#       unit: &id002 !astropy.units.Unit {unit: deg}
#       value: !astropy.table.SerializedColumn {name: Moon Alt}
#     Sky Temperature:
#       __class__: astropy.units.quantity.Quantity
#       unit: *id001
#       value: !astropy.table.SerializedColumn {name: Sky Temperature}
#     Sun Alt:
#       __class__: astropy.units.quantity.Quantity
#       unit: *id002
#       value: !astropy.table.SerializedColumn {name: Sun Alt}
#     time:
#       __class__: astropy.time.core.Time
#       format: isot
#       in_subfmt: '*'
#       out_subfmt: '*'
#       precision: 3
#       scale: utc
#       value: !astropy.table.SerializedColumn {name: time}
# schema: astropy-2.0
time,Enclosure Temperature,Sky Temperature,Frequency,MSAS,ZP,Sequence Number,Sun Alt,Moon Alt,Moon Illumination
[from data line 5220]
2022-02-07T02:17:29.000,16.0,-9.82,4.09,18.85,20.5,396871,-16.5,54.0,0.359
2022-02-07T02:18:29.000,16.0,-9.56,3.58,19.01,20.5,396872,-16.71,53.0,0.359
2022-02-07T02:19:29.000,15.99,-9.75,3.02,19.18,20.5,396873,-16.92,53.0,0.359
2022-02-07T02:20:29.000,15.98,-9.7,2.53,19.38,20.5,396874,-17.13,53.0,0.359
2022-02-07T02:21:29.000,15.94,-9.77,1.78,19.76,20.5,396875,-17.34,53.0,0.36
2022-02-07T02:22:29.000,15.98,-9.62,1.66,19.83,20.5,396876,-17.55,53.0,0.36
2022-02-07T02:23:29.000,15.95,-9.8,1.66,19.83,20.5,396877,-17.76,53.0,0.36
2022-02-07T02:24:29.000,15.95,-9.69,1.66,19.83,20.5,396878,-17.97,52.0,0.36
2022-02-07T02:25:29.000,15.94,-9.84,1.66,19.83,20.5,396879,-18.18,52.0,0.36
2022-02-07T02:26:29.000,15.94,-9.81,1.66,19.83,20.5,396880,-18.39,52.0,0.36
2022-02-07T02:27:29.000,15.87,-10.22,1.65,19.83,20.5,396881,-18.6,52.0,0.36
2022-02-07T02:28:30.000,15.82,-10.04,1.65,19.84,20.5,396882,-18.81,52.0,0.36
2022-02-07T02:29:29.000,15.81,-9.95,1.64,19.85,20.5,396883,-19.02,52.0,0.36
2022-02-07T02:30:30.000,15.81,-9.99,1.64,19.85,20.5,396884,-19.23,51.0,0.36
2022-02-07T02:31:30.000,15.77,-9.97,1.63,19.85,20.5,396885,-19.44,51.0,0.36
2022-02-07T02:32:30.000,15.73,-9.98,1.63,19.85,20.5,396886,-19.65,51.0,0.36
2022-02-07T02:33:30.000,15.75,-9.84,1.62,19.85,20.5,396887,-19.86,51.0,0.36
2022-02-07T02:34:30.000,15.76,-9.88,1.62,19.85,20.5,396888,-20.07,51.0,0.36
2022-02-07T02:35:30.000,15.73,-10.0,1.62,19.85,20.5,396889,-20.28,50.0,0.36
2022-02-07T02:36:30.000,15.63,-10.25,1.62,19.85,20.5,396890,-20.49,50.0,0.361
2022-02-07T02:37:30.000,15.53,-10.25,1.62,19.86,20.5,396891,-20.7,50.0,0.361
2022-02-07T02:38:30.000,15.51,-10.12,1.61,19.86,20.5,396892,-20.91,50.0,0.361
2022-02-07T02:39:30.000,15.48,-10.18,1.61,19.86,20.5,396893,-21.12,50.0,0.361
2022-02-07T02:40:30.000,15.45,-10.23,1.61,19.86,20.5,396894,-21.33,50.0,0.361
2022-02-07T02:41:30.000,15.4,-10.3,1.61,19.86,20.5,396895,-21.55,49.0,0.361
2022-02-07T02:42:30.000,15.35,-10.37,1.61,19.86,20.5,396896,-21.76,49.0,0.361
2022-02-07T02:43:31.000,15.32,-10.27,1.61,19.86,20.5,396897,-21.97,49.0,0.361
2022-02-07T02:44:31.000,15.34,-10.18,1.6,19.87,20.5,396898,-22.18,49.0,0.361
2022-02-07T02:45:31.000,15.34,-10.16,1.6,19.87,20.5,396899,-22.39,49.0,0.361
2022-02-07T02:46:31.000,15.35,-10.21,1.6,19.87,20.5,396900,-22.6,48.0,0.361
2022-02-07T02:47:31.000,15.31,-10.38,1.6,19.87,20.5,396901,-22.81,48.0,0.361
2022-02-07T02:48:31.000,15.3,-10.27,1.6,19.87,20.5,396902,-23.02,48.0,0.361
2022-02-07T02:50:31.000,15.33,-10.16,1.59,19.87,20.5,396904,-23.45,48.0,0.361
2022-02-07T02:51:31.000,15.33,-10.23,1.59,19.88,20.5,396905,-23.66,47.0,0.362
2022-02-07T02:52:31.000,15.33,-10.22,1.59,19.88,20.5,396906,-23.87,47.0,0.362
2022-02-07T02:53:31.000,15.31,-10.35,1.59,19.88,20.5,396907,-24.08,47.0,0.362
2022-02-07T02:54:31.000,15.32,-10.21,1.59,19.88,20.5,396908,-24.29,47.0,0.362
2022-02-07T02:55:31.000,15.34,-10.24,1.59,19.88,20.5,396909,-24.5,47.0,0.362
2022-02-07T02:56:31.000,15.3,-10.47,1.58,19.88,20.5,396910,-24.71,46.0,0.362
2022-02-07T02:57:31.000,15.25,-10.56,1.58,19.88,20.5,396911,-24.92,46.0,0.362
2022-02-07T02:58:32.000,15.26,-10.44,1.58,19.88,20.5,396912,-25.14,46.0,0.362
2022-02-07T02:59:32.000,15.26,-10.43,1.58,19.89,20.5,396913,-25.35,46.0,0.362
2022-02-07T03:00:32.000,15.27,-10.46,1.6,19.87,20.5,396914,-25.56,46.0,0.362
2022-02-07T03:02:38.000,15.2,-10.51,1.57,19.89,20.5,396916,-26.0,45.0,0.362
2022-02-07T03:03:38.000,15.26,-10.34,1.57,19.89,20.5,396917,-26.21,45.0,0.362
2022-02-07T03:04:38.000,15.26,-10.48,1.57,19.89,20.5,396918,-26.43,45.0,0.362
2022-02-07T03:05:38.000,15.27,-10.41,1.57,19.89,20.5,396919,-26.64,45.0,0.362
2022-02-07T03:06:38.000,15.25,-10.37,1.57,19.89,20.5,396920,-26.85,45.0,0.363
2022-02-07T03:07:38.000,15.28,-10.41,1.56,19.89,20.5,396921,-27.06,44.0,0.363
2022-02-07T03:08:38.000,15.2,-10.63,1.56,19.9,20.5,396922,-27.27,44.0,0.363
2022-02-07T03:09:38.000,15.21,-10.47,1.56,19.9,20.5,396923,-27.48,44.0,0.363
2022-02-07T03:10:38.000,15.2,-10.51,1.56,19.9,20.5,396924,-27.69,44.0,0.363
2022-02-07T03:11:38.000,15.17,-10.53,1.56,19.9,20.5,396925,-27.9,44.0,0.363
2022-02-07T03:12:38.000,15.15,-10.68,1.56,19.9,20.5,396926,-28.12,43.0,0.363
2022-02-07T03:13:39.000,15.1,-10.75,1.56,19.9,20.5,396927,-28.33,43.0,0.363
2022-02-07T03:14:39.000,15.12,-10.53,1.56,19.9,20.5,396928,-28.54,43.0,0.363
2022-02-07T03:15:39.000,15.14,-10.49,1.55,19.9,20.5,396929,-28.75,43.0,0.363
2022-02-07T03:16:39.000,15.13,-10.62,1.55,19.9,20.5,396930,-28.96,43.0,0.363
2022-02-07T03:17:39.000,15.09,-10.64,1.55,19.9,20.5,396931,-29.18,42.0,0.363
2022-02-07T03:19:39.000,15.09,-10.45,1.55,19.91,20.5,396933,-29.6,42.0,0.363
2022-02-07T03:20:40.000,15.05,-10.62,1.54,19.91,20.5,396934,-29.81,42.0,0.363
2022-02-07T03:21:40.000,15.0,-10.62,1.54,19.91,20.5,396935,-30.03,42.0,0.364
2022-02-07T03:22:40.000,15.0,-10.56,1.54,19.91,20.5,396936,-30.24,41.0,0.364
2022-02-07T03:23:40.000,14.97,-10.63,1.54,19.91,20.5,396937,-30.45,41.0,0.364
2022-02-07T03:24:40.000,14.91,-10.86,1.54,19.91,20.5,396938,-30.66,41.0,0.364
2022-02-07T03:25:40.000,14.84,-10.78,1.54,19.91,20.5,396939,-30.87,41.0,0.364
2022-02-07T03:26:40.000,14.81,-10.7,1.54,19.91,20.5,396940,-31.08,41.0,0.364
2022-02-07T03:27:40.000,14.82,-10.63,1.54,19.91,20.5,396941,-31.29,40.0,0.364
2022-02-07T03:28:41.000,14.81,-10.62,1.54,19.91,20.5,396942,-31.51,40.0,0.364
2022-02-07T03:29:40.000,14.82,-10.5,1.54,19.91,20.5,396943,-31.72,40.0,0.364
2022-02-07T03:31:40.000,14.78,-10.62,1.54,19.91,20.5,396945,-32.14,40.0,0.364
2022-02-07T03:32:40.000,14.73,-10.86,1.54,19.91,20.5,396946,-32.35,39.0,0.364
2022-02-07T03:33:40.000,14.68,-10.66,1.54,19.91,20.5,396947,-32.56,39.0,0.364
2022-02-07T03:35:41.000,14.71,-10.6,1.54,19.91,20.5,396949,-32.99,39.0,0.364
2022-02-07T03:36:41.000,14.64,-10.85,1.54,19.91,20.5,396950,-33.2,39.0,0.365
2022-02-07T03:38:41.000,14.63,-10.78,1.54,19.91,20.5,396952,-33.62,38.0,0.365
2022-02-07T03:40:41.000,14.63,-10.7,1.54,19.91,20.5,396954,-34.04,38.0,0.365
2022-02-07T03:41:41.000,14.58,-10.78,1.53,19.91,20.5,396955,-34.25,38.0,0.365
2022-02-07T03:43:42.000,14.54,-10.76,1.53,19.92,20.5,396957,-34.68,37.0,0.365
2022-02-07T03:44:42.000,14.59,-10.59,1.53,19.92,20.5,396958,-34.89,37.0,0.365
2022-02-07T03:45:42.000,14.62,-10.53,1.53,19.92,20.5,396959,-35.1,37.0,0.365
2022-02-07T03:46:42.000,14.57,-10.86,1.53,19.92,20.5,396960,-35.31,37.0,0.365
2022-02-07T03:47:42.000,14.59,-10.62,1.53,19.92,20.5,396961,-35.52,36.0,0.365
2022-02-07T03:48:42.000,14.56,-10.83,1.53,19.92,20.5,396962,-35.73,36.0,0.365
2022-02-07T03:49:42.000,14.55,-10.73,1.53,19.92,20.5,396963,-35.95,36.0,0.365
2022-02-07T03:50:42.000,14.56,-10.73,1.53,19.92,20.5,396964,-36.16,36.0,0.365
2022-02-07T03:51:42.000,14.54,-10.9,1.53,19.92,20.5,396965,-36.37,36.0,0.366
2022-02-07T03:52:42.000,14.5,-10.86,1.53,19.92,20.5,396966,-36.58,35.0,0.366
2022-02-07T03:53:43.000,14.57,-10.66,1.53,19.92,20.5,396967,-36.79,35.0,0.366
2022-02-07T03:54:43.000,14.6,-10.75,1.53,19.92,20.5,396968,-37.0,35.0,0.366
2022-02-07T03:55:43.000,14.56,-10.82,1.53,19.92,20.5,396969,-37.21,35.0,0.366
2022-02-07T03:56:43.000,14.5,-10.91,1.52,19.92,20.5,396970,-37.42,35.0,0.366
2022-02-07T03:57:43.000,14.48,-10.86,1.52,19.92,20.5,396971,-37.63,34.0,0.366
2022-02-07T03:58:44.000,14.52,-10.78,1.52,19.92,20.5,396972,-37.85,34.0,0.366
2022-02-07T03:59:44.000,14.56,-10.69,1.52,19.92,20.5,396973,-38.06,34.0,0.366
2022-02-07T04:00:44.000,14.55,-10.85,1.52,19.93,20.5,396974,-38.27,34.0,0.366
2022-02-07T04:01:44.000,14.51,-10.87,1.52,19.93,20.5,396975,-38.48,34.0,0.366
2022-02-07T04:03:44.000,14.52,-10.87,1.52,19.93,20.5,396977,-38.9,33.0,0.366
2022-02-07T04:04:44.000,14.57,-10.73,1.52,19.93,20.5,396978,-39.11,33.0,0.366
2022-02-07T04:05:44.000,14.58,-10.92,1.51,19.93,20.5,396979,-39.32,33.0,0.366
2022-02-07T04:06:44.000,14.56,-10.76,1.51,19.93,20.5,396980,-39.53,33.0,0.366
2022-02-07T04:07:44.000,14.59,-10.75,1.51,19.93,20.5,396981,-39.74,32.0,0.367
2022-02-07T04:08:44.000,14.57,-10.79,1.51,19.93,20.5,396982,-39.95,32.0,0.367
2022-02-07T04:09:44.000,14.54,-10.89,1.51,19.93,20.5,396983,-40.16,32.0,0.367
2022-02-07T04:11:47.000,14.46,-10.96,1.51,19.93,20.5,396985,-40.59,32.0,0.367
2022-02-07T04:12:47.000,14.45,-10.83,1.51,19.94,20.5,396986,-40.8,31.0,0.367
2022-02-07T04:13:48.000,14.43,-10.93,1.5,19.94,20.5,396987,-41.01,31.0,0.367
2022-02-07T04:14:47.000,14.37,-11.02,1.5,19.94,20.5,396988,-41.22,31.0,0.367
2022-02-07T04:15:47.000,14.35,-10.94,1.5,19.94,20.5,396989,-41.43,31.0,0.367
2022-02-07T04:16:47.000,14.34,-10.99,1.5,19.94,20.5,396990,-41.64,31.0,0.367
2022-02-07T04:17:47.000,14.31,-10.98,1.5,19.94,20.5,396991,-41.85,30.0,0.367
2022-02-07T04:18:47.000,14.31,-10.89,1.5,19.94,20.5,396992,-42.05,30.0,0.367
2022-02-07T04:19:47.000,14.27,-11.12,1.5,19.94,20.5,396993,-42.26,30.0,0.367
2022-02-07T04:20:48.000,14.27,-10.92,1.5,19.94,20.5,396994,-42.48,30.0,0.367
2022-02-07T04:21:48.000,14.24,-11.06,1.5,19.94,20.5,396995,-42.69,30.0,0.367
2022-02-07T04:22:48.000,14.24,-10.93,1.49,19.94,20.5,396996,-42.89,29.0,0.368
2022-02-07T04:23:48.000,14.25,-10.87,1.49,19.95,20.5,396997,-43.1,29.0,0.368
2022-02-07T04:24:48.000,14.25,-10.92,1.49,19.95,20.5,396998,-43.31,29.0,0.368
2022-02-07T04:25:48.000,14.23,-10.94,1.49,19.95,20.5,396999,-43.52,29.0,0.368
2022-02-07T04:26:48.000,14.23,-10.97,1.49,19.95,20.5,397000,-43.73,29.0,0.368
2022-02-07T04:28:54.000,14.15,-11.05,1.48,19.95,20.5,397002,-44.16,28.0,0.368
2022-02-07T04:29:54.000,14.11,-11.12,1.48,19.95,20.5,397003,-44.37,28.0,0.368
2022-02-07T04:30:54.000,14.09,-11.02,1.48,19.95,20.5,397004,-44.58,28.0,0.368
2022-02-07T04:31:54.000,14.09,-11.16,1.48,19.95,20.5,397005,-44.79,27.0,0.368
2022-02-07T04:32:54.000,14.08,-11.07,1.48,19.96,20.5,397006,-45.0,27.0,0.368
2022-02-07T04:33:55.000,14.06,-11.2,1.47,19.96,20.5,397007,-45.21,27.0,0.368
2022-02-07T04:34:55.000,14.05,-11.12,1.47,19.96,20.5,397008,-45.41,27.0,0.368
2022-02-07T04:35:55.000,14.02,-11.21,1.47,19.96,20.5,397009,-45.62,27.0,0.368
2022-02-07T04:36:55.000,13.99,-11.21,1.47,19.96,20.5,397010,-45.83,26.0,0.368
2022-02-07T04:37:55.000,14.01,-11.14,1.46,19.97,20.5,397011,-46.04,26.0,0.369
2022-02-07T04:38:55.000,13.98,-11.26,1.46,19.97,20.5,397012,-46.24,26.0,0.369
2022-02-07T04:39:55.000,13.96,-11.2,1.46,19.97,20.5,397013,-46.45,26.0,0.369
2022-02-07T04:40:55.000,13.93,-11.23,1.45,19.97,20.5,397014,-46.66,26.0,0.369
2022-02-07T04:41:56.000,13.92,-11.23,1.45,19.98,20.5,397015,-46.87,25.0,0.369
2022-02-07T04:42:56.000,13.92,-11.21,1.45,19.98,20.5,397016,-47.07,25.0,0.369
2022-02-07T04:43:56.000,13.89,-11.32,1.45,19.98,20.5,397017,-47.28,25.0,0.369
2022-02-07T04:45:56.000,13.82,-11.41,1.44,19.98,20.5,397019,-47.69,25.0,0.369
2022-02-07T04:46:56.000,13.83,-11.37,1.44,19.98,20.5,397020,-47.9,24.0,0.369
2022-02-07T04:47:56.000,13.8,-11.42,1.44,19.98,20.5,397021,-48.1,24.0,0.369
2022-02-07T04:48:56.000,13.78,-11.42,1.44,19.99,20.5,397022,-48.31,24.0,0.369
2022-02-07T04:49:56.000,13.78,-11.39,1.44,19.99,20.5,397023,-48.51,24.0,0.369
2022-02-07T04:50:56.000,13.79,-11.39,1.44,19.99,20.5,397024,-48.72,24.0,0.369
2022-02-07T04:51:56.000,13.82,-11.39,1.43,19.99,20.5,397025,-48.92,23.0,0.369
2022-02-07T04:52:56.000,13.84,-11.42,1.43,19.99,20.5,397026,-49.13,23.0,0.37
2022-02-07T04:53:56.000,13.84,-11.45,1.43,19.99,20.5,397027,-49.33,23.0,0.37
2022-02-07T04:54:57.000,13.84,-11.45,1.43,19.99,20.5,397028,-49.54,23.0,0.37
2022-02-07T04:55:56.000,13.85,-11.44,1.42,20.0,20.5,397029,-49.74,23.0,0.37
2022-02-07T04:56:57.000,13.79,-11.57,1.42,20.0,20.5,397030,-49.95,22.0,0.37
2022-02-07T05:02:03.000,13.72,-11.41,1.38,20.03,20.5,397035,-50.98,21.0,0.37
2022-02-07T05:13:08.000,13.63,-11.26,1.35,20.06,20.5,397046,-53.22,19.0,0.371
2022-02-07T05:14:08.000,13.61,-11.31,1.34,20.06,20.5,397047,-53.42,19.0,0.371
2022-02-07T05:15:08.000,13.56,-11.5,1.34,20.06,20.5,397048,-53.62,19.0,0.371
2022-02-07T05:16:08.000,13.49,-11.5,1.32,20.08,20.5,397049,-53.82,18.0,0.371
2022-02-07T05:17:08.000,13.47,-11.46,1.31,20.08,20.5,397050,-54.02,18.0,0.371
2022-02-07T05:18:08.000,13.44,-11.4,1.31,20.09,20.5,397051,-54.21,18.0,0.371
2022-02-07T05:19:08.000,13.4,-11.61,1.31,20.09,20.5,397052,-54.41,18.0,0.371
2022-02-07T05:20:08.000,13.37,-11.5,1.31,20.09,20.5,397053,-54.61,18.0,0.371
2022-02-07T05:21:08.000,13.36,-11.47,1.3,20.09,20.5,397054,-54.81,17.0,0.371
2022-02-07T05:22:08.000,13.33,-11.57,1.3,20.09,20.5,397055,-55.01,17.0,0.371
2022-02-07T05:23:08.000,13.32,-11.46,1.3,20.09,20.5,397056,-55.2,17.0,0.372
2022-02-07T05:24:08.000,13.33,-11.55,1.3,20.1,20.5,397057,-55.4,17.0,0.372
2022-02-07T05:25:08.000,13.32,-11.56,1.3,20.1,20.5,397058,-55.6,17.0,0.372
2022-02-07T05:26:09.000,13.32,-11.57,1.3,20.1,20.5,397059,-55.8,16.0,0.372
2022-02-07T05:27:09.000,13.34,-11.49,1.29,20.1,20.5,397060,-55.99,16.0,0.372
2022-02-07T05:28:09.000,13.37,-11.46,1.29,20.1,20.5,397061,-56.19,16.0,0.372
2022-02-07T05:29:09.000,13.38,-11.52,1.29,20.1,20.5,397062,-56.38,16.0,0.372
2022-02-07T05:30:09.000,13.37,-11.51,1.29,20.1,20.5,397063,-56.58,16.0,0.372
2022-02-07T05:31:09.000,13.35,-11.6,1.29,20.11,20.5,397064,-56.77,15.0,0.372
2022-02-07T05:32:09.000,13.38,-11.51,1.29,20.11,20.5,397065,-56.97,15.0,0.372
2022-02-07T05:33:09.000,13.4,-11.47,1.28,20.11,20.5,397066,-57.16,15.0,0.372
2022-02-07T05:34:09.000,13.37,-11.61,1.28,20.11,20.5,397067,-57.35,15.0,0.372
2022-02-07T05:35:09.000,13.37,-11.54,1.28,20.11,20.5,397068,-57.55,15.0,0.372
2022-02-07T05:36:09.000,13.41,-11.53,1.28,20.11,20.5,397069,-57.74,14.0,0.372
2022-02-07T05:37:09.000,13.4,-11.56,1.28,20.11,20.5,397070,-57.93,14.0,0.372
2022-02-07T05:38:09.000,13.4,-11.57,1.28,20.11,20.5,397071,-58.12,14.0,0.373
2022-02-07T05:39:09.000,13.38,-11.62,1.28,20.11,20.5,397072,-58.32,14.0,0.373
2022-02-07T05:40:09.000,13.38,-11.58,1.27,20.12,20.5,397073,-58.51,14.0,0.373
2022-02-07T05:41:09.000,13.38,-11.61,1.27,20.12,20.5,397074,-58.7,13.0,0.373
2022-02-07T05:42:09.000,13.34,-11.75,1.27,20.12,20.5,397075,-58.89,13.0,0.373
2022-02-07T05:43:10.000,13.31,-11.75,1.27,20.12,20.5,397076,-59.08,13.0,0.373
2022-02-07T05:44:10.000,13.24,-11.78,1.27,20.12,20.5,397077,-59.27,13.0,0.373
2022-02-07T05:45:10.000,13.15,-11.97,1.27,20.12,20.5,397078,-59.46,13.0,0.373
2022-02-07T05:46:10.000,13.16,-11.78,1.27,20.12,20.5,397079,-59.65,12.0,0.373
2022-02-07T05:47:10.000,13.14,-11.86,1.26,20.13,20.5,397080,-59.83,12.0,0.373
2022-02-07T05:48:10.000,13.09,-11.8,1.26,20.13,20.5,397081,-60.02,12.0,0.373
2022-02-07T05:49:10.000,13.06,-11.87,1.26,20.13,20.5,397082,-60.21,12.0,0.373
2022-02-07T05:50:10.000,13.04,-11.8,1.26,20.13,20.5,397083,-60.39,11.0,0.373
2022-02-07T05:52:10.000,13.03,-11.82,1.25,20.13,20.5,397085,-60.76,11.0,0.373
2022-02-07T05:53:10.000,13.01,-11.88,1.25,20.13,20.5,397086,-60.95,11.0,0.374
2022-02-07T05:55:16.000,12.96,-12.06,1.25,20.14,20.5,397088,-61.33,10.0,0.374
2022-02-07T05:56:16.000,12.94,-11.96,1.25,20.14,20.5,397089,-61.51,10.0,0.374
2022-02-07T05:57:16.000,12.94,-11.96,1.25,20.14,20.5,397090,-61.7,10.0,0.374
2022-02-07T05:58:16.000,12.92,-11.96,1.24,20.14,20.5,397091,-61.88,10.0,0.374
2022-02-07T05:59:16.000,12.93,-11.82,1.25,20.14,20.5,397092,-62.06,10.0,0.374
2022-02-07T06:01:16.000,12.96,-11.76,1.23,20.16,20.5,397094,-62.42,9.0,0.374
2022-02-07T06:02:16.000,12.96,-11.83,1.23,20.16,20.5,397095,-62.59,9.0,0.374
2022-02-07T06:03:16.000,12.92,-11.89,1.22,20.16,20.5,397096,-62.77,9.0,0.374
2022-02-07T06:04:16.000,12.94,-11.66,1.22,20.16,20.5,397097,-62.95,9.0,0.374
2022-02-07T06:05:16.000,12.97,-11.76,1.22,20.17,20.5,397098,-63.13,8.0,0.374
2022-02-07T06:06:16.000,12.91,-11.9,1.22,20.17,20.5,397099,-63.3,8.0,0.374
2022-02-07T06:07:16.000,12.93,-11.64,1.22,20.17,20.5,397100,-63.48,8.0,0.374
2022-02-07T06:08:16.000,12.94,-11.77,1.21,20.17,20.5,397101,-63.65,8.0,0.375
2022-02-07T06:09:16.000,12.9,-11.82,1.21,20.17,20.5,397102,-63.82,8.0,0.375
2022-02-07T06:10:17.000,12.94,-11.53,1.21,20.17,20.5,397103,-64.0,7.0,0.375
2022-02-07T06:11:17.000,12.93,-11.69,1.21,20.18,20.5,397104,-64.17,7.0,0.375
2022-02-07T06:12:17.000,12.9,-11.79,1.2,20.18,20.5,397105,-64.34,7.0,0.375
