Downloads/jupyter/ECSV/stars19/stars19_2020-06.ecsv
# %ECSV 1.0
# ---
# datatype:
# - {name: time, datatype: string}
# - {name: Enclosure Temperature, unit: deg_C, datatype: float64}
# - {name: Sky Temperature, unit: deg_C, datatype: float64}
# - {name: Frequency, unit: Hz, datatype: float64}
# - {name: MSAS, unit: mag / arcsec2, datatype: float64}
# - {name: ZP, datatype: float64}
# - {name: Sequence Number, datatype: int64}
# - {name: Sun Alt, unit: deg, datatype: float64}
# - {name: Moon Alt, unit: deg, datatype: float64}
# - {name: Moon Illumination, datatype: float64}
# delimiter: ','
# meta: !!omap
# - ida:
#     Data supplier: {affiliation: null, observer: null}
#     Device type: TESS-W
#     Field of view: 17.0
#     Filters per channel: None
#     Instrument ID: stars19
#     License: ODbL 1.0 http://opendatacommons.org/licenses/odbl/summary/
#     Local timezone: America/Phoenix
#     Location name: {country: '- Tucson', place: Tucson, region: United States, sub_region: Arizona, town: Pima County}
#     Measurement direction per channel: {azimuth: 0.0, zenital: 0.0}
#     Moving / Fixed look direction: FIXED
#     Moving / Stationary position: STATIONARY
#     Number of channels: 1
#     Number of fields per line: 8
#     Number of header lines: 35
#     Position: {height: 0.0, latitude: 32.223877, longitude: -110.767532}
#     TESS MAC address: 18:FE:34:CF:EC:06
#     TESS cover offset value: 0.0
#     TESS firmware version: '1.0'
#     TESS zero point: 20.5
#     Time Synchronization: timestamp added by MQTT subscriber
#     URL: http://www.darksky.org/NSBM/sdf1.0.pdf
# - __serialized_columns__:
#     Enclosure Temperature:
#       __class__: astropy.units.quantity.Quantity
#       unit: &id001 !astropy.units.Unit {unit: deg_C}
#       value: !astropy.table.SerializedColumn {name: Enclosure Temperature}
#     Frequency:
#       __class__: astropy.units.quantity.Quantity
#       unit: !astropy.units.Unit {unit: Hz}
#       value: !astropy.table.SerializedColumn {name: Frequency}
#     MSAS:
#       __class__: astropy.units.quantity.Quantity
#       unit: !astropy.units.Unit {unit: mag / arcsec2}
#       value: !astropy.table.SerializedColumn {name: MSAS}
#     Moon Alt:
#       __class__: astropy.units.quantity.Quantity
#       unit: &id002 !astropy.units.Unit {unit: deg}
#       value: !astropy.table.SerializedColumn {name: Moon Alt}
#     Sky Temperature:
#       __class__: astropy.units.quantity.Quantity
#       unit: *id001
#       value: !astropy.table.SerializedColumn {name: Sky Temperature}
#     Sun Alt:
#       __class__: astropy.units.quantity.Quantity
#       unit: *id002
#       value: !astropy.table.SerializedColumn {name: Sun Alt}
#     time:
#       __class__: astropy.time.core.Time
#       format: isot
#       in_subfmt: '*'
#       out_subfmt: '*'
#       precision: 3
#       scale: utc
#       value: !astropy.table.SerializedColumn {name: time}
# schema: astropy-2.0
time,Enclosure Temperature,Sky Temperature,Frequency,MSAS,ZP,Sequence Number,Sun Alt,Moon Alt,Moon Illumination
[from data line 8239]
2020-06-11T10:19:03.000,24.05,1.82,2.58,19.35,20.5,66761,-20.47,33.0,0.676
2020-06-11T10:22:07.000,23.97,1.87,2.55,19.36,20.5,66764,-20.02,34.0,0.676
2020-06-11T10:23:07.000,23.95,1.8,2.55,19.36,20.5,66765,-19.88,34.0,0.676
2020-06-11T10:24:07.000,23.93,1.83,2.54,19.37,20.5,66766,-19.73,34.0,0.676
2020-06-11T10:25:07.000,23.91,1.76,2.58,19.35,20.5,66767,-19.58,34.0,0.676
2020-06-11T10:26:08.000,23.87,1.37,2.72,19.29,20.5,66768,-19.43,34.0,0.676
2020-06-11T10:27:08.000,23.8,1.65,2.89,19.23,20.5,66769,-19.28,34.0,0.675
2020-06-11T10:28:08.000,23.81,1.72,2.92,19.22,20.5,66770,-19.14,34.0,0.675
2020-06-11T10:29:08.000,23.85,1.78,2.94,19.21,20.5,66771,-18.99,35.0,0.675
2020-06-11T10:30:08.000,23.79,1.39,2.95,19.2,20.5,66772,-18.84,35.0,0.675
2020-06-11T10:31:09.000,23.73,1.56,2.97,19.2,20.5,66773,-18.68,35.0,0.675
2020-06-11T10:32:09.000,23.69,1.61,2.98,19.2,20.5,66774,-18.53,35.0,0.675
2020-06-11T10:33:10.000,23.67,1.7,2.97,19.2,20.5,66775,-18.38,35.0,0.675
2020-06-11T10:34:10.000,23.63,1.62,2.95,19.2,20.5,66776,-18.23,35.0,0.675
2020-06-11T10:35:10.000,23.61,1.67,2.92,19.21,20.5,66777,-18.08,35.0,0.675
2020-06-11T10:36:10.000,23.61,1.63,2.92,19.22,20.5,66778,-17.92,35.0,0.675
2020-06-11T10:37:11.000,23.59,1.64,2.92,19.22,20.5,66779,-17.77,36.0,0.675
2020-06-11T10:38:11.000,23.59,1.6,2.92,19.22,20.5,66780,-17.61,36.0,0.675
2020-06-11T10:39:11.000,23.61,1.65,2.93,19.21,20.5,66781,-17.46,36.0,0.675
2020-06-11T10:40:11.000,23.62,1.61,2.96,19.2,20.5,66782,-17.31,36.0,0.675
2020-06-11T10:41:12.000,23.62,1.59,3.0,19.19,20.5,66783,-17.15,36.0,0.675
2020-06-11T10:43:12.000,23.61,1.55,2.95,19.21,20.5,66785,-16.84,36.0,0.674
2020-06-11T10:44:12.000,23.59,1.47,2.94,19.21,20.5,66786,-16.68,36.0,0.674
2020-06-11T10:45:12.000,23.56,1.43,2.93,19.21,20.5,66787,-16.53,36.0,0.674
2020-06-11T10:46:13.000,23.54,1.49,2.94,19.21,20.5,66788,-16.37,36.0,0.674
2020-06-11T10:47:13.000,23.51,1.44,2.95,19.21,20.5,66789,-16.21,37.0,0.674
2020-06-11T10:48:14.000,23.49,1.46,2.95,19.21,20.5,66790,-16.05,37.0,0.674
2020-06-11T10:49:14.000,23.45,1.43,2.95,19.21,20.5,66791,-15.89,37.0,0.674
2020-06-11T10:51:15.000,23.27,1.43,2.97,19.2,20.5,66793,-15.57,37.0,0.674
2020-06-11T10:52:15.000,23.27,1.54,2.99,19.19,20.5,66794,-15.41,37.0,0.674
2020-06-11T10:56:16.000,23.38,1.65,3.05,19.17,20.5,66798,-14.76,37.0,0.674
2020-06-11T10:57:16.000,23.4,1.7,3.06,19.17,20.5,66799,-14.6,38.0,0.674
2020-06-11T10:58:16.000,23.4,1.65,3.12,19.15,20.5,66800,-14.44,38.0,0.673
2020-06-11T10:59:16.000,23.39,1.6,3.13,19.14,20.5,66801,-14.28,38.0,0.673
2020-06-11T11:00:16.000,23.39,1.64,2.78,19.28,20.5,66802,-14.12,38.0,0.673
2020-06-11T11:01:17.000,23.37,1.44,3.19,19.12,20.5,66803,-13.95,38.0,0.673
2020-06-11T11:02:17.000,23.36,1.56,3.33,19.07,20.5,66804,-13.79,38.0,0.673
2020-06-11T11:03:17.000,23.35,1.55,3.49,19.02,20.5,66805,-13.62,38.0,0.673
2020-06-11T11:04:17.000,23.31,1.54,3.35,19.07,20.5,66806,-13.46,38.0,0.673
2020-06-11T11:05:18.000,23.28,1.5,3.65,18.97,20.5,66807,-13.29,38.0,0.673
2020-06-11T11:06:18.000,23.24,1.45,3.59,18.99,20.5,66808,-13.13,38.0,0.673
2020-06-11T11:07:18.000,23.22,1.58,3.56,19.0,20.5,66809,-12.96,38.0,0.673
2020-06-11T11:08:18.000,23.22,1.59,3.6,18.99,20.5,66810,-12.79,39.0,0.673
2020-06-11T11:09:18.000,23.22,1.57,3.26,19.1,20.5,66811,-12.63,39.0,0.673
2020-06-11T11:10:19.000,23.22,1.57,3.66,18.97,20.5,66812,-12.46,39.0,0.673
2020-06-11T11:11:19.000,23.22,1.54,4.15,18.84,20.5,66813,-12.29,39.0,0.673
2020-06-11T11:12:19.000,23.21,1.51,4.28,18.8,20.5,66814,-12.12,39.0,0.673
2020-06-11T11:13:20.000,23.18,1.52,4.19,18.83,20.5,66815,-11.95,39.0,0.673
2020-06-11T11:14:20.000,23.18,1.52,4.37,18.78,20.5,66816,-11.79,39.0,0.672
2020-06-11T11:15:20.000,23.17,1.53,4.54,18.74,20.5,66817,-11.62,39.0,0.672
2020-06-11T11:16:21.000,23.13,1.39,4.82,18.67,20.5,66818,-11.45,39.0,0.672
2020-06-11T11:17:21.000,23.1,1.54,5.1,18.61,20.5,66819,-11.28,39.0,0.672
2020-06-11T11:18:21.000,23.09,1.51,5.44,18.54,20.5,66820,-11.11,39.0,0.672
2020-06-11T11:19:21.000,23.06,1.48,5.86,18.46,20.5,66821,-10.94,39.0,0.672
2020-06-11T11:20:22.000,23.05,1.53,6.16,18.41,20.5,66822,-10.76,39.0,0.672
2020-06-11T11:21:21.000,23.04,1.52,6.74,18.31,20.5,66823,-10.6,40.0,0.672
2020-06-11T11:22:22.000,23.03,1.54,7.48,18.2,20.5,66824,-10.42,40.0,0.672
2020-06-11T11:23:21.000,23.03,1.61,8.0,18.12,20.5,66825,-10.25,40.0,0.672
2020-06-11T11:24:22.000,23.01,1.6,8.8,18.02,20.5,66826,-10.08,40.0,0.672
2020-06-11T11:25:22.000,23.0,1.62,10.03,17.88,20.5,66827,-9.91,40.0,0.672
2020-06-11T11:26:22.000,22.99,1.6,10.93,17.78,20.5,66828,-9.74,40.0,0.672
2020-06-11T11:27:22.000,22.98,1.68,12.49,17.64,20.5,66829,-9.56,40.0,0.672
2020-06-11T11:28:22.000,22.98,1.84,14.24,17.5,20.5,66830,-9.39,40.0,0.672
2020-06-11T11:29:23.000,22.92,1.71,17.43,17.28,20.5,66831,-9.21,40.0,0.671
2020-06-11T11:30:23.000,22.88,1.92,20.99,17.08,20.5,66832,-9.04,40.0,0.671
2020-06-11T11:31:23.000,22.89,2.11,22.79,16.99,20.5,66833,-8.87,40.0,0.671
2020-06-11T11:32:24.000,22.9,2.19,26.16,16.84,20.5,66834,-8.69,40.0,0.671
2020-06-11T11:33:24.000,22.91,2.21,30.54,16.67,20.5,66835,-8.51,40.0,0.671
2020-06-11T11:34:24.000,22.91,2.3,37.81,16.44,20.5,66836,-8.34,40.0,0.671
2020-06-11T11:35:24.000,22.9,2.26,47.02,16.2,20.5,66837,-8.17,40.0,0.671
2020-06-11T11:36:24.000,22.9,2.2,63.43,15.88,20.5,66838,-7.99,40.0,0.671
2020-06-11T11:37:25.000,22.9,2.06,66.7,15.82,20.5,66839,-7.81,40.0,0.671
2020-06-11T11:38:25.000,22.91,1.94,73.15,15.72,20.5,66840,-7.63,41.0,0.671
2020-06-11T11:39:26.000,22.89,1.68,86.76,15.54,20.5,66841,-7.46,41.0,0.671
2020-06-11T11:40:26.000,22.88,1.77,104.7,15.33,20.5,66842,-7.28,41.0,0.671
2020-06-11T11:41:26.000,22.89,1.76,131.42,15.09,20.5,66843,-7.1,41.0,0.671
2020-06-11T11:42:26.000,22.9,1.73,161.1,14.86,20.5,66844,-6.92,41.0,0.671
2020-06-11T11:45:27.000,22.84,1.52,315.19,14.14,20.5,66847,-6.39,41.0,0.67
2020-06-11T11:46:28.000,22.82,1.46,385.07,13.92,20.5,66848,-6.21,41.0,0.67
2020-06-11T11:47:28.000,22.81,1.41,466.4,13.71,20.5,66849,-6.03,41.0,0.67
2020-06-11T11:49:29.000,22.76,1.31,729.62,13.22,20.5,66851,-5.67,41.0,0.67
2020-06-11T11:51:30.000,22.77,1.25,1139.56,12.74,20.5,66853,-5.3,41.0,0.67
2020-06-11T11:52:30.000,22.78,1.2,1410.36,12.51,20.5,66854,-5.12,41.0,0.67
2020-06-11T11:54:30.000,22.76,1.14,2210.31,12.02,20.5,66856,-4.76,41.0,0.67
2020-06-11T11:55:31.000,22.75,1.15,2762.07,11.78,20.5,66857,-4.58,41.0,0.67
2020-06-11T11:56:31.000,22.74,1.14,3455.93,11.54,20.5,66858,-4.4,41.0,0.67
2020-06-11T11:57:31.000,22.73,1.18,4311.48,11.3,20.5,66859,-4.22,41.0,0.67
2020-06-11T11:58:31.000,22.72,1.16,5364.31,11.06,20.5,66860,-4.03,41.0,0.67
2020-06-11T11:59:31.000,22.72,1.2,6645.11,10.83,20.5,66861,-3.85,41.0,0.67
2020-06-11T12:02:32.000,22.72,1.2,12118.8,10.17,20.5,66864,-3.3,41.0,0.669
2020-06-11T12:08:32.000,22.68,1.12,33049.13,9.17,20.5,66870,-2.2,42.0,0.669
2020-06-11T12:09:33.000,22.68,1.13,38533.11,8.92,20.5,66871,-2.01,42.0,0.669
2020-06-11T12:10:33.000,22.68,1.0,44132.91,8.77,20.5,66872,-1.83,42.0,0.669
2020-06-11T12:11:34.000,22.64,0.71,50194.69,8.63,20.5,66873,-1.64,42.0,0.669
2020-06-11T12:12:34.000,22.59,0.87,56708.16,8.5,20.5,66874,-1.45,42.0,0.669
2020-06-11T12:13:34.000,22.57,1.06,42381.11,5.69,20.5,66875,-1.27,42.0,0.669
2020-06-11T12:14:35.000,22.56,1.21,0.0,0.0,20.5,66876,-1.08,42.0,0.669
2020-06-11T12:16:35.000,22.49,0.92,0.0,0.0,20.5,66878,-0.71,42.0,0.668
2020-06-11T12:17:35.000,22.47,0.86,0.0,0.0,20.5,66879,-0.52,42.0,0.668
2020-06-11T12:26:36.000,22.36,1.16,0.0,0.0,20.5,66888,1.17,42.0,0.668
2020-06-11T12:27:37.000,22.36,1.19,0.0,0.0,20.5,66889,1.37,42.0,0.668
2020-06-11T12:29:37.000,22.37,1.13,0.0,0.0,20.5,66891,1.74,42.0,0.668
2020-06-11T12:31:38.000,22.34,1.06,0.0,0.0,20.5,66893,2.13,42.0,0.667
2020-06-11T12:32:38.000,22.33,1.06,0.0,0.0,20.5,66894,2.32,42.0,0.667
2020-06-11T12:33:38.000,22.31,1.11,0.0,0.0,20.5,66895,2.51,42.0,0.667
2020-06-11T12:41:40.000,22.36,1.4,0.0,0.0,20.5,66903,4.04,42.0,0.667
2020-06-11T12:42:41.000,22.39,1.46,0.0,0.0,20.5,66904,4.24,42.0,0.667
2020-06-11T12:43:41.000,22.45,1.47,0.0,0.0,20.5,66905,4.43,42.0,0.667
2020-06-11T12:45:42.000,22.5,1.49,0.0,0.0,20.5,66907,4.82,42.0,0.667
2020-06-11T12:46:42.000,22.53,1.37,0.0,0.0,20.5,66908,5.01,42.0,0.666
2020-06-11T12:47:42.000,22.53,1.08,0.0,0.0,20.5,66909,5.2,41.0,0.666
2020-06-11T12:49:43.000,22.52,1.13,0.0,0.0,20.5,66911,5.59,41.0,0.666
2020-06-11T12:50:43.000,22.52,1.14,0.0,0.0,20.5,66912,5.78,41.0,0.666
2020-06-11T12:51:44.000,22.53,1.28,0.0,0.0,20.5,66913,5.98,41.0,0.666
2020-06-11T13:10:48.000,23.06,1.45,0.0,0.0,20.5,66932,9.71,41.0,0.665
2020-06-11T13:11:48.000,23.15,1.5,0.0,0.0,20.5,66933,9.9,41.0,0.665
2020-06-11T13:12:49.000,23.19,1.54,0.0,0.0,20.5,66934,10.1,40.0,0.665
2020-06-11T13:14:49.000,23.28,1.79,0.0,0.0,20.5,66936,10.5,40.0,0.665
2020-06-11T13:15:50.000,23.4,2.05,0.0,0.0,20.5,66937,10.7,40.0,0.665
2020-06-11T13:21:50.000,23.86,1.9,0.0,0.0,20.5,66943,11.89,40.0,0.664
2020-06-11T13:34:52.000,25.11,3.26,0.0,0.0,20.5,66956,14.49,39.0,0.663
2020-06-11T13:35:52.000,25.21,3.19,0.0,0.0,20.5,66957,14.69,39.0,0.663
2020-06-11T13:36:52.000,25.31,3.4,0.0,0.0,20.5,66958,14.89,39.0,0.663
2020-06-11T13:48:55.000,26.69,4.61,0.0,0.0,20.5,66970,17.32,38.0,0.662
2020-06-11T13:49:55.000,26.77,4.77,0.0,0.0,20.5,66971,17.53,38.0,0.662
2020-06-11T13:50:55.000,26.87,4.72,0.0,0.0,20.5,66972,17.73,38.0,0.662
2020-06-11T14:03:57.000,28.12,5.55,0.0,0.0,20.5,66985,20.38,36.0,0.661
2020-06-11T14:04:57.000,28.13,5.4,0.0,0.0,20.5,66986,20.58,36.0,0.661
2020-06-11T14:05:57.000,28.15,5.68,0.0,0.0,20.5,66987,20.79,36.0,0.661
2020-06-11T14:06:58.000,28.21,5.75,0.0,0.0,20.5,66988,21.0,36.0,0.661
2020-06-11T14:07:58.000,28.25,5.82,0.0,0.0,20.5,66989,21.2,36.0,0.661
2020-06-11T14:08:58.000,28.33,5.91,0.0,0.0,20.5,66990,21.41,36.0,0.661
2020-06-11T14:10:58.000,28.56,5.89,0.0,0.0,20.5,66992,21.82,36.0,0.661
2020-06-11T14:11:59.000,28.63,5.94,0.0,0.0,20.5,66993,22.02,36.0,0.661
2020-06-11T14:12:59.000,28.68,5.93,0.0,0.0,20.5,66994,22.23,36.0,0.661
2020-06-11T14:19:01.000,28.97,6.31,0.0,0.0,20.5,67000,23.47,35.0,0.661
2020-06-11T14:20:01.000,29.07,6.52,0.0,0.0,20.5,67001,23.67,35.0,0.66
2020-06-11T14:21:01.000,29.19,6.59,0.0,0.0,20.5,67002,23.88,35.0,0.66
2020-06-11T14:23:02.000,29.39,6.73,0.0,0.0,20.5,67004,24.3,34.0,0.66
2020-06-11T14:24:02.000,29.48,6.81,0.0,0.0,20.5,67005,24.5,34.0,0.66
2020-06-11T14:32:03.000,30.37,7.31,0.0,0.0,20.5,67013,26.16,33.0,0.66
2020-06-11T14:33:03.000,30.47,7.51,0.0,0.0,20.5,67014,26.36,33.0,0.66
2020-06-11T14:34:04.000,30.56,7.6,0.0,0.0,20.5,67015,26.57,33.0,0.66
2020-06-11T14:46:07.000,31.81,9.16,0.0,0.0,20.5,67027,29.07,32.0,0.659
2020-06-11T14:47:07.000,31.96,9.35,0.0,0.0,20.5,67028,29.28,31.0,0.659
2020-06-11T14:48:07.000,32.1,9.47,0.0,0.0,20.5,67029,29.49,31.0,0.659
2020-06-11T14:50:08.000,32.35,9.75,0.0,0.0,20.5,67031,29.91,31.0,0.658
2020-06-11T14:51:08.000,32.48,9.73,0.0,0.0,20.5,67032,30.12,31.0,0.658
2020-06-11T14:52:09.000,32.66,9.86,0.0,0.0,20.5,67033,30.33,31.0,0.658
2020-06-11T15:01:11.000,33.66,9.5,0.0,0.0,20.5,67042,32.22,29.0,0.658
2020-06-11T15:02:11.000,33.66,9.79,0.0,0.0,20.5,67043,32.43,29.0,0.658
2020-06-11T15:03:11.000,33.71,10.07,0.0,0.0,20.5,67044,32.63,29.0,0.658
2020-06-11T15:06:12.000,34.09,10.17,0.0,0.0,20.5,67047,33.27,29.0,0.657
2020-06-11T15:12:13.000,34.15,10.2,0.0,0.0,20.5,67053,34.53,28.0,0.657
2020-06-11T15:13:13.000,34.19,10.5,0.0,0.0,20.5,67054,34.74,28.0,0.657
2020-06-11T15:14:13.000,34.26,10.44,0.0,0.0,20.5,67055,34.95,28.0,0.657
2020-06-11T15:19:15.000,35.51,13.0,0.0,0.0,20.5,67060,36.0,27.0,0.657
2020-06-11T15:20:15.000,36.56,13.57,0.0,0.0,20.5,67061,36.21,27.0,0.657
2020-06-11T15:21:15.000,37.64,14.01,0.0,0.0,20.5,67062,36.42,27.0,0.656
2020-06-11T15:25:16.000,40.66,13.76,0.0,0.0,20.5,67066,37.27,26.0,0.656
2020-06-11T15:26:16.000,40.74,12.11,0.0,0.0,20.5,67067,37.48,26.0,0.656
2020-06-11T15:27:17.000,40.97,13.67,0.0,0.0,20.5,67068,37.69,26.0,0.656
2020-06-11T15:31:17.000,42.96,14.48,0.0,0.0,20.5,67072,38.53,25.0,0.656
2020-06-11T15:32:18.000,43.45,14.33,0.0,0.0,20.5,67073,38.75,25.0,0.656
2020-06-11T15:33:18.000,43.93,14.96,0.0,0.0,20.5,67074,38.96,25.0,0.656
2020-06-11T15:35:19.000,44.64,14.27,0.0,0.0,20.5,67076,39.38,24.0,0.656
2020-06-11T15:36:19.000,44.84,14.31,0.0,0.0,20.5,67077,39.59,24.0,0.655
2020-06-11T15:37:19.000,45.2,14.09,0.0,0.0,20.5,67078,39.8,24.0,0.655
2020-06-11T15:38:20.000,45.41,14.73,0.0,0.0,20.5,67079,40.02,24.0,0.655
2020-06-11T15:40:20.000,46.04,14.85,0.0,0.0,20.5,67081,40.44,24.0,0.655
2020-06-11T15:41:20.000,46.22,13.97,0.0,0.0,20.5,67082,40.65,23.0,0.655
2020-06-11T15:42:20.000,46.39,15.23,0.0,0.0,20.5,67083,40.86,23.0,0.655
2020-06-11T15:55:24.000,50.18,16.2,0.0,0.0,20.5,67096,43.62,21.0,0.654
2020-06-11T15:56:24.000,50.34,15.29,0.0,0.0,20.5,67097,43.83,21.0,0.654
2020-06-11T15:57:24.000,50.24,15.37,0.0,0.0,20.5,67098,44.04,21.0,0.654
2020-06-11T15:59:24.000,50.86,16.64,0.0,0.0,20.5,67100,44.47,20.0,0.654
2020-06-11T16:04:26.000,51.28,16.52,0.0,0.0,20.5,67105,45.53,20.0,0.654
2020-06-11T16:05:26.000,51.55,16.81,0.0,0.0,20.5,67106,45.74,19.0,0.654
2020-06-11T16:06:26.000,51.89,16.77,0.0,0.0,20.5,67107,45.95,19.0,0.654
2020-06-11T16:07:26.000,52.14,17.11,0.0,0.0,20.5,67108,46.17,19.0,0.653
2020-06-11T16:08:26.000,52.44,17.23,0.0,0.0,20.5,67109,46.38,19.0,0.653
2020-06-11T16:12:27.000,53.81,17.82,0.0,0.0,20.5,67113,47.23,18.0,0.653
2020-06-11T16:13:27.000,54.21,18.04,0.0,0.0,20.5,67114,47.44,18.0,0.653
2020-06-11T16:14:28.000,54.42,17.24,0.0,0.0,20.5,67115,47.65,18.0,0.653
2020-06-11T16:25:30.000,56.57,18.72,0.0,0.0,20.5,67126,49.99,16.0,0.652
2020-06-11T16:26:31.000,56.77,18.74,0.0,0.0,20.5,67127,50.2,16.0,0.652
2020-06-11T16:27:31.000,56.84,18.36,0.0,0.0,20.5,67128,50.41,16.0,0.652
2020-06-11T16:30:31.000,57.05,16.35,0.0,0.0,20.5,67131,51.05,15.0,0.652
2020-06-11T16:31:32.000,56.64,18.23,0.0,0.0,20.5,67132,51.26,15.0,0.652
2020-06-11T16:32:32.000,56.74,17.88,0.0,0.0,20.5,67133,51.47,15.0,0.652
2020-06-11T16:33:33.000,56.54,18.17,0.0,0.0,20.5,67134,51.69,14.0,0.652
2020-06-11T16:34:33.000,56.8,19.23,0.0,0.0,20.5,67135,51.9,14.0,0.652
2020-06-11T16:37:33.000,56.48,15.84,0.0,0.0,20.5,67138,52.53,14.0,0.651
2020-06-11T16:38:34.000,56.06,17.61,0.0,0.0,20.5,67139,52.75,14.0,0.651
2020-06-11T16:39:34.000,56.08,18.33,0.0,0.0,20.5,67140,52.96,13.0,0.651
2020-06-11T16:42:34.000,57.21,19.06,0.0,0.0,20.5,67143,53.59,13.0,0.651
2020-06-11T16:43:35.000,57.32,18.16,0.0,0.0,20.5,67144,53.81,13.0,0.651
2020-06-11T16:44:35.000,57.08,17.92,0.0,0.0,20.5,67145,54.02,12.0,0.651
2020-06-11T16:47:35.000,57.8,19.65,0.0,0.0,20.5,67148,54.65,12.0,0.651
2020-06-11T16:49:36.000,58.5,19.49,0.0,0.0,20.5,67150,55.07,12.0,0.651
2020-06-11T16:50:37.000,58.65,19.39,0.0,0.0,20.5,67151,55.29,11.0,0.651
2020-06-11T16:51:37.000,58.86,19.79,0.0,0.0,20.5,67152,55.5,11.0,0.651
2020-06-11T17:17:44.000,60.82,20.49,0.0,0.0,20.5,67178,60.97,6.0,0.649
2020-06-11T17:18:44.000,61.15,20.32,0.0,0.0,20.5,67179,61.18,6.0,0.649
2020-06-11T17:19:44.000,61.22,20.05,0.0,0.0,20.5,67180,61.38,6.0,0.649
2020-06-11T17:21:44.000,61.37,20.07,0.0,0.0,20.5,67182,61.8,6.0,0.649
2020-06-11T17:22:45.000,61.33,19.99,0.0,0.0,20.5,67183,62.01,5.0,0.649
2020-06-11T17:23:45.000,61.32,19.93,0.0,0.0,20.5,67184,62.22,5.0,0.648
2020-06-11T17:48:52.000,62.34,20.55,0.0,0.0,20.5,67209,67.36,0.0,0.647
2020-06-11T17:49:52.000,62.26,20.69,0.0,0.0,20.5,67210,67.56,0.0,0.647
2020-06-11T17:50:52.000,62.23,20.61,0.0,0.0,20.5,67211,67.76,0.0,0.647
2020-06-11T17:52:53.000,61.83,19.78,0.0,0.0,20.5,67213,68.17,-0.0,0.647
2020-06-11T17:53:53.000,61.8,20.55,0.0,0.0,20.5,67214,68.37,-1.0,0.647
2020-06-11T17:54:53.000,62.08,21.41,0.0,0.0,20.5,67215,68.57,-1.0,0.646
2020-06-11T17:57:54.000,62.62,21.01,0.0,0.0,20.5,67218,69.16,-1.0,0.646
2020-06-11T18:06:55.000,62.22,20.79,0.0,0.0,20.5,67227,70.93,-3.0,0.646
2020-06-11T18:07:55.000,62.55,21.2,0.0,0.0,20.5,67228,71.13,-3.0,0.646
2020-06-11T18:08:55.000,62.88,21.29,0.0,0.0,20.5,67229,71.32,-4.0,0.646
2020-06-11T18:26:00.000,63.52,20.88,0.0,0.0,20.5,67246,74.5,-7.0,0.644
