Downloads/jupyter/ECSV/stars19/stars19_2021-06.ecsv
# %ECSV 1.0
# ---
# datatype:
# - {name: time, datatype: string}
# - {name: Enclosure Temperature, unit: deg_C, datatype: float64}
# - {name: Sky Temperature, unit: deg_C, datatype: float64}
# - {name: Frequency, unit: Hz, datatype: float64}
# - {name: MSAS, unit: mag / arcsec2, datatype: float64}
# - {name: ZP, datatype: float64}
# - {name: Sequence Number, datatype: int64}
# - {name: Sun Alt, unit: deg, datatype: float64}
# - {name: Moon Alt, unit: deg, datatype: float64}
# - {name: Moon Illumination, datatype: float64}
# delimiter: ','
# meta: !!omap
# - ida:
#     Data supplier: {affiliation: null, observer: null}
#     Device type: TESS-W
#     Field of view: 17.0
#     Filters per channel: None
#     Instrument ID: stars19
#     License: ODbL 1.0 http://opendatacommons.org/licenses/odbl/summary/
#     Local timezone: America/Phoenix
#     Location name: {country: '- Tucson', place: Tucson, region: United States, sub_region: Arizona, town: Pima County}
#     Measurement direction per channel: {azimuth: 0.0, zenital: 0.0}
#     Moving / Fixed look direction: FIXED
#     Moving / Stationary position: STATIONARY
#     Number of channels: 1
#     Number of fields per line: 8
#     Number of header lines: 35
#     Position: {height: 0.0, latitude: 32.223877, longitude: -110.767532}
#     TESS MAC address: 18:FE:34:CF:EC:06
#     TESS cover offset value: 0.0
#     TESS firmware version: '1.0'
#     TESS zero point: 20.5
#     Time Synchronization: timestamp added by MQTT subscriber
#     URL: http://www.darksky.org/NSBM/sdf1.0.pdf
# - __serialized_columns__:
#     Enclosure Temperature:
#       __class__: astropy.units.quantity.Quantity
#       unit: &id001 !astropy.units.Unit {unit: deg_C}
#       value: !astropy.table.SerializedColumn {name: Enclosure Temperature}
#     Frequency:
#       __class__: astropy.units.quantity.Quantity
#       unit: !astropy.units.Unit {unit: Hz}
#       value: !astropy.table.SerializedColumn {name: Frequency}
#     MSAS:
#       __class__: astropy.units.quantity.Quantity
#       unit: !astropy.units.Unit {unit: mag / arcsec2}
#       value: !astropy.table.SerializedColumn {name: MSAS}
#     Moon Alt:
#       __class__: astropy.units.quantity.Quantity
#       unit: &id002 !astropy.units.Unit {unit: deg}
#       value: !astropy.table.SerializedColumn {name: Moon Alt}
#     Sky Temperature:
#       __class__: astropy.units.quantity.Quantity
#       unit: *id001
#       value: !astropy.table.SerializedColumn {name: Sky Temperature}
#     Sun Alt:
#       __class__: astropy.units.quantity.Quantity
#       unit: *id002
#       value: !astropy.table.SerializedColumn {name: Sun Alt}
#     time:
#       __class__: astropy.time.core.Time
#       format: isot
#       in_subfmt: '*'
#       out_subfmt: '*'
#       precision: 3
#       scale: utc
#       value: !astropy.table.SerializedColumn {name: time}
# schema: astropy-2.0
time,Enclosure Temperature,Sky Temperature,Frequency,MSAS,ZP,Sequence Number,Sun Alt,Moon Alt,Moon Illumination
[from data line 21751]
2021-06-27T17:01:54.000,58.72,21.42,0.0,0.0,20.5,76232,57.01,-21.0,0.884
2021-06-27T17:06:56.000,57.51,20.25,0.0,0.0,20.5,76237,58.07,-22.0,0.884
2021-06-27T17:07:56.000,56.48,20.5,0.0,0.0,20.5,76238,58.28,-22.0,0.884
2021-06-27T17:08:57.000,55.4,19.78,0.0,0.0,20.5,76239,58.49,-22.0,0.884
2021-06-27T17:09:59.000,54.88,21.96,0.0,0.0,20.5,76240,58.71,-22.0,0.884
2021-06-27T17:11:00.000,54.85,21.05,0.0,0.0,20.5,76241,58.92,-22.0,0.884
2021-06-27T17:12:00.000,54.5,20.59,0.0,0.0,20.5,76242,59.13,-23.0,0.884
2021-06-27T17:13:00.000,54.33,20.94,0.0,0.0,20.5,76243,59.34,-23.0,0.884
2021-06-27T17:16:03.000,56.83,24.33,0.0,0.0,20.5,76246,59.98,-23.0,0.884
2021-06-27T17:17:03.000,57.38,23.17,0.0,0.0,20.5,76247,60.18,-24.0,0.884
2021-06-27T17:18:03.000,57.9,23.63,0.0,0.0,20.5,76248,60.39,-24.0,0.884
2021-06-27T17:19:04.000,58.52,23.92,0.0,0.0,20.5,76249,60.61,-24.0,0.884
2021-06-27T17:20:04.000,59.06,24.05,0.0,0.0,20.5,76250,60.81,-24.0,0.884
2021-06-27T17:22:05.000,59.55,22.98,0.0,0.0,20.5,76252,61.23,-25.0,0.883
2021-06-27T17:23:05.000,59.72,23.21,0.0,0.0,20.5,76253,61.44,-25.0,0.883
2021-06-27T17:25:07.000,59.98,23.14,0.0,0.0,20.5,76255,61.86,-25.0,0.883
2021-06-27T17:26:07.000,60.19,22.91,0.0,0.0,20.5,76256,62.07,-25.0,0.883
2021-06-27T17:27:07.000,60.53,23.43,0.0,0.0,20.5,76257,62.28,-26.0,0.883
2021-06-27T17:28:07.000,60.69,22.83,0.0,0.0,20.5,76258,62.49,-26.0,0.883
2021-06-27T17:29:08.000,60.74,22.72,0.0,0.0,20.5,76259,62.7,-26.0,0.883
2021-06-27T17:30:08.000,60.84,22.92,0.0,0.0,20.5,76260,62.9,-26.0,0.883
2021-06-27T17:31:09.000,61.03,23.24,0.0,0.0,20.5,76261,63.11,-26.0,0.883
2021-06-27T17:32:10.000,61.28,23.46,0.0,0.0,20.5,76262,63.32,-27.0,0.883
2021-06-27T17:33:11.000,61.46,23.04,0.0,0.0,20.5,76263,63.53,-27.0,0.883
2021-06-27T17:36:12.000,61.36,23.21,0.0,0.0,20.5,76266,64.16,-27.0,0.883
2021-06-27T17:37:12.000,61.36,22.82,0.0,0.0,20.5,76267,64.36,-28.0,0.883
2021-06-27T17:41:19.000,62.18,23.57,0.0,0.0,20.5,76271,65.21,-28.0,0.883
2021-06-27T17:42:20.000,62.34,23.58,0.0,0.0,20.5,76272,65.41,-29.0,0.882
2021-06-27T17:43:21.000,62.63,23.9,0.0,0.0,20.5,76273,65.62,-29.0,0.882
2021-06-27T17:44:21.000,62.8,23.57,0.0,0.0,20.5,76274,65.83,-29.0,0.882
2021-06-27T17:45:21.000,62.99,23.97,0.0,0.0,20.5,76275,66.03,-29.0,0.882
2021-06-27T17:46:21.000,63.11,23.54,0.0,0.0,20.5,76276,66.23,-29.0,0.882
2021-06-27T17:48:22.000,63.5,24.09,0.0,0.0,20.5,76278,66.64,-30.0,0.882
2021-06-27T17:49:22.000,63.83,24.71,0.0,0.0,20.5,76279,66.85,-30.0,0.882
2021-06-27T17:50:23.000,64.1,24.14,0.0,0.0,20.5,76280,67.05,-30.0,0.882
2021-06-27T17:53:25.000,64.27,24.04,0.0,0.0,20.5,76283,67.67,-31.0,0.882
2021-06-27T17:54:25.000,64.32,23.87,0.0,0.0,20.5,76284,67.87,-31.0,0.882
2021-06-27T17:55:25.000,64.3,23.67,0.0,0.0,20.5,76285,68.07,-31.0,0.882
2021-06-27T17:56:26.000,64.26,23.62,0.0,0.0,20.5,76286,68.27,-31.0,0.882
2021-06-27T17:57:26.000,64.13,23.11,0.0,0.0,20.5,76287,68.47,-32.0,0.882
2021-06-27T17:58:27.000,63.98,23.51,0.0,0.0,20.5,76288,68.67,-32.0,0.882
2021-06-27T17:59:27.000,63.83,22.34,0.0,0.0,20.5,76289,68.87,-32.0,0.882
2021-06-27T18:00:27.000,63.36,22.55,0.0,0.0,20.5,76290,69.07,-32.0,0.882
2021-06-27T18:01:27.000,63.24,23.08,0.0,0.0,20.5,76291,69.27,-32.0,0.881
2021-06-27T18:02:27.000,63.12,23.21,0.0,0.0,20.5,76292,69.47,-33.0,0.881
2021-06-27T18:05:29.000,63.41,24.19,0.0,0.0,20.5,76295,70.07,-33.0,0.881
2021-06-27T18:07:30.000,63.67,24.06,0.0,0.0,20.5,76297,70.46,-34.0,0.881
2021-06-27T18:08:30.000,63.7,23.82,0.0,0.0,20.5,76298,70.66,-34.0,0.881
2021-06-27T18:09:30.000,63.77,24.17,0.0,0.0,20.5,76299,70.85,-34.0,0.881
2021-06-27T18:10:31.000,63.83,23.52,0.0,0.0,20.5,76300,71.05,-34.0,0.881
2021-06-27T18:11:31.000,63.78,23.6,0.0,0.0,20.5,76301,71.25,-34.0,0.881
2021-06-27T18:12:32.000,63.99,23.96,0.0,0.0,20.5,76302,71.44,-35.0,0.881
2021-06-27T18:13:32.000,63.95,23.08,0.0,0.0,20.5,76303,71.64,-35.0,0.881
2021-06-27T18:14:32.000,64.0,23.89,0.0,0.0,20.5,76304,71.83,-35.0,0.881
2021-06-27T18:15:33.000,64.15,24.0,0.0,0.0,20.5,76305,72.02,-35.0,0.881
2021-06-27T18:17:34.000,64.21,23.76,0.0,0.0,20.5,76307,72.41,-36.0,0.881
2021-06-27T18:18:34.000,64.36,24.1,0.0,0.0,20.5,76308,72.6,-36.0,0.881
2021-06-27T18:19:34.000,64.49,24.21,0.0,0.0,20.5,76309,72.78,-36.0,0.881
2021-06-27T18:20:34.000,64.58,24.28,0.0,0.0,20.5,76310,72.97,-36.0,0.881
2021-06-27T18:21:35.000,64.74,24.03,0.0,0.0,20.5,76311,73.16,-36.0,0.88
2021-06-27T18:22:35.000,64.82,24.51,0.0,0.0,20.5,76312,73.35,-37.0,0.88
2021-06-27T18:23:36.000,64.85,23.86,0.0,0.0,20.5,76313,73.54,-37.0,0.88
2021-06-27T18:25:36.000,65.15,24.61,0.0,0.0,20.5,76315,73.91,-37.0,0.88
2021-06-27T18:30:38.000,65.67,24.83,0.0,0.0,20.5,76320,74.82,-38.0,0.88
2021-06-27T18:31:39.000,65.87,24.55,0.0,0.0,20.5,76321,75.0,-39.0,0.88
2021-06-27T18:32:39.000,65.85,24.15,0.0,0.0,20.5,76322,75.17,-39.0,0.88
2021-06-27T18:33:40.000,66.02,24.8,0.0,0.0,20.5,76323,75.35,-39.0,0.88
2021-06-27T18:34:41.000,65.97,23.03,0.0,0.0,20.5,76324,75.53,-39.0,0.88
2021-06-27T18:35:42.000,65.39,22.99,0.0,0.0,20.5,76325,75.7,-39.0,0.88
2021-06-27T18:36:42.000,65.56,24.73,0.0,0.0,20.5,76326,75.87,-40.0,0.88
2021-06-27T18:37:43.000,65.74,25.02,0.0,0.0,20.5,76327,76.05,-40.0,0.88
2021-06-27T18:38:44.000,65.92,24.67,0.0,0.0,20.5,76328,76.22,-40.0,0.88
2021-06-27T18:39:44.000,65.97,24.6,0.0,0.0,20.5,76329,76.39,-40.0,0.88
2021-06-27T18:40:45.000,66.09,24.65,0.0,0.0,20.5,76330,76.55,-40.0,0.88
2021-06-27T18:41:45.000,66.35,25.35,0.0,0.0,20.5,76331,76.72,-41.0,0.879
2021-06-27T18:42:46.000,66.46,24.59,0.0,0.0,20.5,76332,76.88,-41.0,0.879
2021-06-27T18:43:46.000,66.34,24.03,0.0,0.0,20.5,76333,77.04,-41.0,0.879
2021-06-27T18:44:47.000,66.12,23.45,0.0,0.0,20.5,76334,77.2,-41.0,0.879
2021-06-27T18:49:49.000,65.34,23.83,0.0,0.0,20.5,76339,77.97,-42.0,0.879
2021-06-27T18:51:49.000,65.54,23.45,0.0,0.0,20.5,76341,78.26,-43.0,0.879
2021-06-27T18:52:50.000,65.33,22.74,0.0,0.0,20.5,76342,78.41,-43.0,0.879
2021-06-27T18:53:51.000,64.75,22.53,0.0,0.0,20.5,76343,78.55,-43.0,0.879
2021-06-27T18:54:51.000,64.69,24.97,0.0,0.0,20.5,76344,78.69,-43.0,0.879
2021-06-27T18:55:51.000,64.79,24.42,0.0,0.0,20.5,76345,78.82,-43.0,0.879
2021-06-27T18:56:52.000,64.71,23.57,0.0,0.0,20.5,76346,78.95,-44.0,0.879
2021-06-27T19:01:53.000,65.15,24.22,0.0,0.0,20.5,76351,79.57,-45.0,0.878
2021-06-27T19:04:53.000,65.62,25.23,0.0,0.0,20.5,76354,79.89,-45.0,0.878
2021-06-27T19:05:54.000,65.9,24.91,0.0,0.0,20.5,76355,79.99,-45.0,0.878
2021-06-27T19:06:55.000,66.04,23.73,0.0,0.0,20.5,76356,80.09,-46.0,0.878
2021-06-27T19:07:55.000,65.79,24.11,0.0,0.0,20.5,76357,80.19,-46.0,0.878
2021-06-27T19:08:56.000,65.94,24.74,0.0,0.0,20.5,76358,80.28,-46.0,0.878
2021-06-27T19:10:00.000,66.0,24.17,0.0,0.0,20.5,76359,80.37,-46.0,0.878
2021-06-27T19:11:01.000,65.88,24.0,0.0,0.0,20.5,76360,80.45,-46.0,0.878
2021-06-27T19:12:01.000,66.01,24.69,0.0,0.0,20.5,76361,80.52,-47.0,0.878
2021-06-27T19:13:02.000,66.11,24.21,0.0,0.0,20.5,76362,80.6,-47.0,0.878
2021-06-27T19:14:02.000,66.17,24.55,0.0,0.0,20.5,76363,80.66,-47.0,0.878
2021-06-27T19:15:02.000,66.35,24.51,0.0,0.0,20.5,76364,80.72,-47.0,0.878
2021-06-27T19:17:03.000,66.67,24.15,0.0,0.0,20.5,76366,80.83,-48.0,0.878
2021-06-27T19:19:03.000,66.4,24.05,0.0,0.0,20.5,76368,80.92,-48.0,0.878
2021-06-27T19:21:04.000,65.6,22.85,0.0,0.0,20.5,76370,80.99,-48.0,0.877
2021-06-27T19:22:04.000,65.4,23.24,0.0,0.0,20.5,76371,81.01,-49.0,0.877
2021-06-27T19:29:05.000,65.45,23.53,0.0,0.0,20.5,76378,81.04,-50.0,0.877
2021-06-27T19:30:06.000,65.44,23.56,0.0,0.0,20.5,76379,81.02,-50.0,0.877
2021-06-27T19:31:07.000,65.25,23.48,0.0,0.0,20.5,76380,81.0,-50.0,0.877
2021-06-27T19:32:12.000,65.26,23.87,0.0,0.0,20.5,76381,80.96,-51.0,0.877
2021-06-27T19:33:13.000,65.4,24.19,0.0,0.0,20.5,76382,80.93,-51.0,0.877
2021-06-27T19:34:13.000,65.46,23.92,0.0,0.0,20.5,76383,80.89,-51.0,0.877
2021-06-27T19:35:13.000,65.43,23.51,0.0,0.0,20.5,76384,80.84,-51.0,0.877
2021-06-27T19:36:14.000,65.37,23.44,0.0,0.0,20.5,76385,80.79,-51.0,0.877
2021-06-27T19:37:15.000,65.26,23.2,0.0,0.0,20.5,76386,80.74,-52.0,0.877
2021-06-27T19:38:15.000,64.87,22.54,0.0,0.0,20.5,76387,80.68,-52.0,0.877
2021-06-27T19:39:16.000,64.64,22.96,0.0,0.0,20.5,76388,80.61,-52.0,0.877
2021-06-27T19:40:16.000,64.5,23.18,0.0,0.0,20.5,76389,80.54,-52.0,0.876
2021-06-27T19:41:17.000,64.58,24.1,0.0,0.0,20.5,76390,80.46,-52.0,0.876
2021-06-27T19:42:17.000,64.7,23.66,0.0,0.0,20.5,76391,80.39,-53.0,0.876
2021-06-27T19:43:18.000,64.97,24.31,0.0,0.0,20.5,76392,80.3,-53.0,0.876
2021-06-27T19:44:18.000,65.23,24.08,0.0,0.0,20.5,76393,80.21,-53.0,0.876
2021-06-27T19:45:18.000,65.5,24.55,0.0,0.0,20.5,76394,80.12,-53.0,0.876
2021-06-27T19:46:18.000,65.49,22.87,0.0,0.0,20.5,76395,80.02,-53.0,0.876
2021-06-27T19:47:19.000,65.32,23.07,0.0,0.0,20.5,76396,79.92,-54.0,0.876
2021-06-27T19:48:19.000,65.14,22.38,0.0,0.0,20.5,76397,79.82,-54.0,0.876
2021-06-27T19:54:21.000,63.29,23.22,0.0,0.0,20.5,76403,79.12,-55.0,0.876
2021-06-27T19:55:22.000,63.3,22.86,0.0,0.0,20.5,76404,78.99,-55.0,0.876
2021-06-27T19:56:22.000,63.62,23.9,0.0,0.0,20.5,76405,78.86,-55.0,0.876
2021-06-27T19:58:22.000,64.56,24.63,0.0,0.0,20.5,76407,78.59,-56.0,0.876
2021-06-27T19:59:37.000,64.83,23.72,0.0,0.0,20.5,76408,78.42,-56.0,0.875
2021-06-27T20:00:38.000,64.7,22.71,0.0,0.0,20.5,76409,78.27,-56.0,0.875
2021-06-27T20:01:38.000,64.46,22.79,0.0,0.0,20.5,76410,78.13,-56.0,0.875
2021-06-27T20:02:39.000,64.54,23.78,0.0,0.0,20.5,76411,77.98,-57.0,0.875
2021-06-27T20:03:39.000,64.78,24.0,0.0,0.0,20.5,76412,77.83,-57.0,0.875
2021-06-27T20:05:40.000,64.86,23.13,0.0,0.0,20.5,76414,77.53,-57.0,0.875
2021-06-27T20:06:40.000,64.86,23.32,0.0,0.0,20.5,76415,77.37,-57.0,0.875
2021-06-27T20:07:41.000,65.03,23.93,0.0,0.0,20.5,76416,77.21,-58.0,0.875
2021-06-27T20:08:41.000,65.51,25.13,0.0,0.0,20.5,76417,77.05,-58.0,0.875
2021-06-27T20:10:46.000,66.09,24.55,0.0,0.0,20.5,76419,76.72,-58.0,0.875
2021-06-27T20:11:47.000,66.21,23.57,0.0,0.0,20.5,76420,76.55,-58.0,0.875
2021-06-27T20:12:48.000,66.25,24.09,0.0,0.0,20.5,76421,76.38,-59.0,0.875
2021-06-27T20:13:48.000,66.09,23.08,0.0,0.0,20.5,76422,76.21,-59.0,0.875
2021-06-27T20:14:49.000,66.06,23.7,0.0,0.0,20.5,76423,76.04,-59.0,0.875
2021-06-27T20:15:49.000,66.16,23.71,0.0,0.0,20.5,76424,75.87,-59.0,0.875
2021-06-27T20:16:50.000,66.07,23.31,0.0,0.0,20.5,76425,75.7,-59.0,0.875
2021-06-27T20:17:50.000,66.19,24.15,0.0,0.0,20.5,76426,75.53,-60.0,0.875
2021-06-27T20:18:51.000,66.3,23.81,0.0,0.0,20.5,76427,75.35,-60.0,0.874
2021-06-27T20:19:51.000,66.36,24.18,0.0,0.0,20.5,76428,75.17,-60.0,0.874
2021-06-27T20:20:52.000,66.24,23.49,0.0,0.0,20.5,76429,74.99,-60.0,0.874
2021-06-27T20:21:52.000,66.4,25.04,0.0,0.0,20.5,76430,74.82,-60.0,0.874
2021-06-27T20:22:52.000,66.58,24.28,0.0,0.0,20.5,76431,74.64,-61.0,0.874
2021-06-27T20:23:53.000,66.52,23.82,0.0,0.0,20.5,76432,74.45,-61.0,0.874
2021-06-27T20:24:53.000,66.57,24.59,0.0,0.0,20.5,76433,74.27,-61.0,0.874
2021-06-27T20:25:53.000,66.78,25.24,0.0,0.0,20.5,76434,74.09,-61.0,0.874
2021-06-27T20:27:54.000,67.1,25.24,0.0,0.0,20.5,76436,73.72,-61.0,0.874
2021-06-27T20:29:55.000,66.9,24.57,0.0,0.0,20.5,76438,73.35,-62.0,0.874
2021-06-27T20:32:56.000,67.27,26.17,0.0,0.0,20.5,76441,72.79,-62.0,0.874
2021-06-27T20:33:57.000,67.27,25.6,0.0,0.0,20.5,76442,72.59,-63.0,0.874
2021-06-27T20:34:58.000,67.38,26.3,0.0,0.0,20.5,76443,72.4,-63.0,0.874
2021-06-27T20:35:58.000,67.6,26.67,0.0,0.0,20.5,76444,72.21,-63.0,0.874
2021-06-27T20:36:59.000,67.07,22.76,0.0,0.0,20.5,76445,72.02,-63.0,0.874
2021-06-27T20:37:59.000,65.47,22.25,0.0,0.0,20.5,76446,71.83,-63.0,0.874
2021-06-27T20:41:00.000,61.53,20.21,0.0,0.0,20.5,76449,71.24,-64.0,0.873
2021-06-27T20:42:00.000,60.24,21.09,0.0,0.0,20.5,76450,71.05,-64.0,0.873
2021-06-27T20:43:01.000,59.23,20.99,0.0,0.0,20.5,76451,70.85,-64.0,0.873
2021-06-27T20:44:01.000,58.5,22.83,0.0,0.0,20.5,76452,70.66,-65.0,0.873
2021-06-27T20:45:01.000,58.59,22.72,0.0,0.0,20.5,76453,70.46,-65.0,0.873
2021-06-27T20:46:01.000,59.3,26.51,0.0,0.0,20.5,76454,70.27,-65.0,0.873
2021-06-27T20:47:02.000,60.58,26.53,0.0,0.0,20.5,76455,70.07,-65.0,0.873
2021-06-27T20:48:03.000,61.65,26.58,0.0,0.0,20.5,76456,69.87,-65.0,0.873
2021-06-27T20:49:03.000,62.74,27.27,0.0,0.0,20.5,76457,69.67,-65.0,0.873
2021-06-27T20:50:03.000,63.62,26.11,0.0,0.0,20.5,76458,69.47,-66.0,0.873
2021-06-27T20:55:04.000,60.5,21.33,0.0,0.0,20.5,76463,68.47,-67.0,0.873
2021-06-27T20:56:05.000,60.28,25.49,0.0,0.0,20.5,76464,68.27,-67.0,0.873
2021-06-27T20:57:06.000,60.44,26.89,0.0,0.0,20.5,76465,68.07,-67.0,0.873
2021-06-27T20:58:06.000,60.0,22.73,0.0,0.0,20.5,76466,67.86,-67.0,0.872
2021-06-27T21:01:06.000,56.59,24.01,0.0,0.0,20.5,76469,67.26,-68.0,0.872
2021-06-27T21:02:07.000,55.79,24.55,0.0,0.0,20.5,76470,67.05,-68.0,0.872
2021-06-27T21:03:07.000,55.19,25.63,0.0,0.0,20.5,76471,66.85,-68.0,0.872
2021-06-27T21:04:07.000,55.31,26.18,0.0,0.0,20.5,76472,66.65,-68.0,0.872
2021-06-27T21:05:08.000,54.79,25.24,0.0,0.0,20.5,76473,66.44,-68.0,0.872
2021-06-27T21:06:08.000,54.37,25.91,0.0,0.0,20.5,76474,66.24,-68.0,0.872
2021-06-27T21:07:09.000,53.99,25.84,0.0,0.0,20.5,76475,66.03,-69.0,0.872
2021-06-27T21:08:09.000,53.64,26.0,0.0,0.0,20.5,76476,65.83,-69.0,0.872
2021-06-27T21:09:09.000,53.49,25.76,0.0,0.0,20.5,76477,65.62,-69.0,0.872
2021-06-27T21:10:10.000,53.12,25.34,0.0,0.0,20.5,76478,65.42,-69.0,0.872
2021-06-27T21:12:11.000,52.45,25.35,0.0,0.0,20.5,76480,65.0,-70.0,0.872
2021-06-27T21:17:18.000,51.48,24.47,0.0,0.0,20.5,76485,63.95,-70.0,0.871
2021-06-27T21:18:18.000,51.4,24.74,0.0,0.0,20.5,76486,63.75,-71.0,0.871
2021-06-27T21:19:19.000,51.33,24.58,0.0,0.0,20.5,76487,63.54,-71.0,0.871
2021-06-27T21:20:19.000,51.38,24.98,0.0,0.0,20.5,76488,63.33,-71.0,0.871
2021-06-27T21:21:20.000,51.39,24.89,0.0,0.0,20.5,76489,63.12,-71.0,0.871
2021-06-27T21:22:20.000,51.33,24.76,0.0,0.0,20.5,76490,62.91,-71.0,0.871
2021-06-27T21:23:21.000,51.2,25.02,0.0,0.0,20.5,76491,62.7,-71.0,0.871
2021-06-27T21:24:21.000,51.1,25.19,0.0,0.0,20.5,76492,62.49,-72.0,0.871
2021-06-27T21:25:22.000,51.11,25.71,0.0,0.0,20.5,76493,62.28,-72.0,0.871
2021-06-27T21:26:22.000,51.05,25.72,0.0,0.0,20.5,76494,62.08,-72.0,0.871
2021-06-27T21:27:22.000,50.97,25.87,0.0,0.0,20.5,76495,61.87,-72.0,0.871
2021-06-27T21:28:22.000,50.99,25.98,0.0,0.0,20.5,76496,61.66,-72.0,0.871
2021-06-27T21:29:23.000,50.97,25.76,0.0,0.0,20.5,76497,61.45,-72.0,0.871
2021-06-27T21:30:24.000,50.92,25.76,0.0,0.0,20.5,76498,61.24,-72.0,0.871
2021-06-27T21:33:26.000,50.78,25.08,0.0,0.0,20.5,76501,60.61,-73.0,0.871
2021-06-27T21:34:26.000,50.6,24.65,0.0,0.0,20.5,76502,60.4,-73.0,0.871
2021-06-27T21:35:26.000,50.49,24.63,0.0,0.0,20.5,76503,60.19,-73.0,0.871
2021-06-27T21:38:27.000,50.07,23.5,0.0,0.0,20.5,76506,59.56,-74.0,0.87
2021-06-27T21:39:28.000,49.94,23.65,0.0,0.0,20.5,76507,59.35,-74.0,0.87
2021-06-27T21:43:29.000,49.06,21.91,0.0,0.0,20.5,76511,58.5,-74.0,0.87
2021-06-27T21:44:29.000,48.75,21.77,0.0,0.0,20.5,76512,58.3,-74.0,0.87
2021-06-27T21:45:30.000,48.26,21.01,0.0,0.0,20.5,76513,58.08,-75.0,0.87
2021-06-27T21:46:31.000,48.07,22.14,0.0,0.0,20.5,76514,57.87,-75.0,0.87
2021-06-27T21:47:31.000,48.0,22.03,0.0,0.0,20.5,76515,57.66,-75.0,0.87
2021-06-27T21:48:31.000,47.99,22.12,0.0,0.0,20.5,76516,57.45,-75.0,0.87
2021-06-27T21:49:31.000,47.97,22.06,0.0,0.0,20.5,76517,57.24,-75.0,0.87
2021-06-27T21:50:32.000,47.92,21.95,0.0,0.0,20.5,76518,57.03,-75.0,0.87
2021-06-27T21:51:32.000,47.83,22.08,0.0,0.0,20.5,76519,56.82,-75.0,0.87
2021-06-27T21:52:36.000,47.76,22.08,0.0,0.0,20.5,76520,56.59,-75.0,0.87
2021-06-27T21:53:36.000,47.67,22.1,0.0,0.0,20.5,76521,56.38,-76.0,0.87
2021-06-27T21:55:37.000,47.07,21.34,0.0,0.0,20.5,76523,55.96,-76.0,0.869
2021-06-27T21:56:37.000,46.77,21.93,0.0,0.0,20.5,76524,55.75,-76.0,0.869
2021-06-27T21:57:38.000,46.56,22.05,0.0,0.0,20.5,76525,55.53,-76.0,0.869
2021-06-27T21:58:38.000,46.46,22.57,0.0,0.0,20.5,76526,55.32,-76.0,0.869
2021-06-27T21:59:39.000,46.47,22.97,0.0,0.0,20.5,76527,55.11,-76.0,0.869
2021-06-27T22:07:40.000,46.65,24.61,0.0,0.0,20.5,76535,53.42,-77.0,0.869
2021-06-27T22:09:46.000,47.25,25.22,0.0,0.0,20.5,76537,52.97,-77.0,0.869
