Downloads/jupyter/ECSV/stars19/stars19_2020-11.ecsv
# %ECSV 1.0
# ---
# datatype:
# - {name: time, datatype: string}
# - {name: Enclosure Temperature, unit: deg_C, datatype: float64}
# - {name: Sky Temperature, unit: deg_C, datatype: float64}
# - {name: Frequency, unit: Hz, datatype: float64}
# - {name: MSAS, unit: mag / arcsec2, datatype: float64}
# - {name: ZP, datatype: float64}
# - {name: Sequence Number, datatype: int64}
# - {name: Sun Alt, unit: deg, datatype: float64}
# - {name: Moon Alt, unit: deg, datatype: float64}
# - {name: Moon Illumination, datatype: float64}
# delimiter: ','
# meta: !!omap
# - ida:
#     Data supplier: {affiliation: null, observer: null}
#     Device type: TESS-W
#     Field of view: 17.0
#     Filters per channel: None
#     Instrument ID: stars19
#     License: ODbL 1.0 http://opendatacommons.org/licenses/odbl/summary/
#     Local timezone: America/Phoenix
#     Location name: {country: '- Tucson', place: Tucson, region: United States, sub_region: Arizona, town: Pima County}
#     Measurement direction per channel: {azimuth: 0.0, zenital: 0.0}
#     Moving / Fixed look direction: FIXED
#     Moving / Stationary position: STATIONARY
#     Number of channels: 1
#     Number of fields per line: 8
#     Number of header lines: 35
#     Position: {height: 0.0, latitude: 32.223877, longitude: -110.767532}
#     TESS MAC address: 18:FE:34:CF:EC:06
#     TESS cover offset value: 0.0
#     TESS firmware version: '1.0'
#     TESS zero point: 20.5
#     Time Synchronization: timestamp added by MQTT subscriber
#     URL: http://www.darksky.org/NSBM/sdf1.0.pdf
# - __serialized_columns__:
#     Enclosure Temperature:
#       __class__: astropy.units.quantity.Quantity
#       unit: &id001 !astropy.units.Unit {unit: deg_C}
#       value: !astropy.table.SerializedColumn {name: Enclosure Temperature}
#     Frequency:
#       __class__: astropy.units.quantity.Quantity
#       unit: !astropy.units.Unit {unit: Hz}
#       value: !astropy.table.SerializedColumn {name: Frequency}
#     MSAS:
#       __class__: astropy.units.quantity.Quantity
#       unit: !astropy.units.Unit {unit: mag / arcsec2}
#       value: !astropy.table.SerializedColumn {name: MSAS}
#     Moon Alt:
#       __class__: astropy.units.quantity.Quantity
#       unit: &id002 !astropy.units.Unit {unit: deg}
#       value: !astropy.table.SerializedColumn {name: Moon Alt}
#     Sky Temperature:
#       __class__: astropy.units.quantity.Quantity
#       unit: *id001
#       value: !astropy.table.SerializedColumn {name: Sky Temperature}
#     Sun Alt:
#       __class__: astropy.units.quantity.Quantity
#       unit: *id002
#       value: !astropy.table.SerializedColumn {name: Sun Alt}
#     time:
#       __class__: astropy.time.core.Time
#       format: isot
#       in_subfmt: '*'
#       out_subfmt: '*'
#       precision: 3
#       scale: utc
#       value: !astropy.table.SerializedColumn {name: time}
# schema: astropy-2.0
time,Enclosure Temperature,Sky Temperature,Frequency,MSAS,ZP,Sequence Number,Sun Alt,Moon Alt,Moon Illumination
[from data line 5695]
2020-11-07T17:39:38.000,29.11,16.42,0.0,0.0,20.5,111585,36.94,25.0,0.59
2020-11-07T19:21:51.000,29.14,16.84,0.0,0.0,20.5,111687,41.06,5.0,0.582
2020-11-07T19:22:51.000,29.1,16.79,0.0,0.0,20.5,111688,41.04,5.0,0.582
2020-11-07T19:23:51.000,29.1,16.91,0.0,0.0,20.5,111689,41.02,5.0,0.582
2020-11-07T19:25:51.000,29.07,16.89,0.0,0.0,20.5,111691,40.98,4.0,0.582
2020-11-07T19:26:51.000,29.04,16.77,0.0,0.0,20.5,111692,40.96,4.0,0.582
2020-11-07T19:27:51.000,29.04,16.85,0.0,0.0,20.5,111693,40.93,4.0,0.582
2020-11-07T21:32:59.000,30.86,17.2,0.0,0.0,20.5,111818,29.92,-18.0,0.573
2020-11-07T21:33:59.000,30.76,17.84,0.0,0.0,20.5,111819,29.78,-18.0,0.573
2020-11-07T21:34:59.000,30.61,18.08,0.0,0.0,20.5,111820,29.64,-18.0,0.573
2020-11-07T21:36:59.000,30.38,18.1,0.0,0.0,20.5,111822,29.36,-18.0,0.572
2020-11-07T21:38:00.000,30.3,18.09,0.0,0.0,20.5,111823,29.22,-19.0,0.572
2020-11-07T21:39:00.000,30.13,18.15,0.0,0.0,20.5,111824,29.07,-19.0,0.572
2020-11-07T21:41:00.000,30.06,18.09,0.0,0.0,20.5,111826,28.79,-19.0,0.572
2020-11-07T21:42:00.000,29.99,18.11,0.0,0.0,20.5,111827,28.64,-19.0,0.572
2020-11-07T21:43:00.000,29.93,18.26,0.0,0.0,20.5,111828,28.5,-19.0,0.572
2020-11-07T22:04:01.000,29.0,17.0,0.0,0.0,20.5,111849,25.32,-22.0,0.571
2020-11-07T22:05:01.000,28.86,17.25,0.0,0.0,20.5,111850,25.16,-23.0,0.57
2020-11-07T22:06:01.000,28.76,17.38,0.0,0.0,20.5,111851,25.0,-23.0,0.57
2020-11-07T22:08:01.000,28.65,17.03,0.0,0.0,20.5,111853,24.69,-23.0,0.57
2020-11-07T22:09:02.000,28.62,16.72,0.0,0.0,20.5,111854,24.53,-23.0,0.57
2020-11-07T22:10:02.000,28.52,17.2,0.0,0.0,20.5,111855,24.37,-23.0,0.57
2020-11-07T22:11:02.000,28.44,17.75,0.0,0.0,20.5,111856,24.21,-23.0,0.57
2020-11-07T22:12:02.000,28.4,17.43,0.0,0.0,20.5,111857,24.05,-24.0,0.57
2020-11-07T22:14:02.000,28.45,17.0,0.0,0.0,20.5,111859,23.72,-24.0,0.57
2020-11-07T22:15:02.000,28.52,17.65,0.0,0.0,20.5,111860,23.56,-24.0,0.57
2020-11-07T22:16:02.000,28.46,17.63,0.0,0.0,20.5,111861,23.4,-24.0,0.57
2020-11-07T22:23:02.000,28.61,17.77,0.0,0.0,20.5,111868,22.25,-25.0,0.569
2020-11-07T22:24:02.000,28.57,17.53,0.0,0.0,20.5,111869,22.09,-25.0,0.569
2020-11-07T22:25:02.000,28.46,17.6,0.0,0.0,20.5,111870,21.92,-25.0,0.569
2020-11-07T22:27:03.000,28.56,16.44,0.0,0.0,20.5,111872,21.58,-26.0,0.569
2020-11-07T22:28:03.000,28.54,15.43,0.0,0.0,20.5,111873,21.42,-26.0,0.569
2020-11-07T22:29:03.000,28.48,15.01,0.0,0.0,20.5,111874,21.25,-26.0,0.569
2020-11-07T22:38:03.000,28.38,16.87,0.0,0.0,20.5,111883,19.72,-27.0,0.568
2020-11-07T22:39:03.000,28.31,16.89,0.0,0.0,20.5,111884,19.55,-27.0,0.568
2020-11-07T22:40:03.000,28.35,17.03,0.0,0.0,20.5,111885,19.37,-27.0,0.568
2020-11-07T22:42:04.000,28.26,16.76,0.0,0.0,20.5,111887,19.03,-27.0,0.568
2020-11-07T22:43:04.000,25.79,10.74,0.0,0.0,20.5,111888,18.85,-28.0,0.568
2020-11-07T22:44:04.000,23.21,13.94,0.0,0.0,20.5,111889,18.68,-28.0,0.568
2020-11-07T23:35:07.000,26.54,8.89,0.0,0.0,20.5,111940,9.38,-33.0,0.564
2020-11-07T23:36:07.000,26.46,8.94,0.0,0.0,20.5,111941,9.19,-33.0,0.564
2020-11-07T23:37:07.000,26.34,8.52,0.0,0.0,20.5,111942,9.0,-33.0,0.564
2020-11-07T23:39:07.000,26.3,8.58,0.0,0.0,20.5,111944,8.62,-33.0,0.564
2020-11-07T23:40:07.000,26.33,8.68,0.0,0.0,20.5,111945,8.43,-33.0,0.564
2020-11-07T23:41:07.000,26.23,7.81,0.0,0.0,20.5,111946,8.24,-33.0,0.564
2020-11-07T23:53:08.000,26.1,9.69,0.0,0.0,20.5,111958,5.93,-34.0,0.563
2020-11-07T23:54:08.000,26.07,9.27,0.0,0.0,20.5,111959,5.74,-34.0,0.563
2020-11-07T23:55:08.000,26.06,8.52,0.0,0.0,20.5,111960,5.55,-34.0,0.562
2020-11-07T23:57:08.000,26.02,7.13,0.0,0.0,20.5,111962,5.16,-35.0,0.562
2020-11-07T23:58:08.000,25.98,6.64,0.0,0.0,20.5,111963,4.96,-35.0,0.562
2020-11-07T23:59:08.000,25.87,6.36,0.0,0.0,20.5,111964,4.77,-35.0,0.562
2020-11-08T00:11:09.000,25.31,6.63,0.0,0.0,20.5,111976,2.42,-35.0,0.561
2020-11-08T00:12:09.000,25.32,7.6,0.0,0.0,20.5,111977,2.22,-35.0,0.561
2020-11-08T00:13:09.000,25.32,7.37,0.0,0.0,20.5,111978,2.02,-35.0,0.561
2020-11-08T00:14:09.000,25.31,6.51,0.19,0.1,20.5,111979,1.82,-36.0,0.561
2020-11-08T00:15:09.000,25.27,5.86,0.0,0.0,20.5,111980,1.63,-36.0,0.561
2020-11-08T00:16:09.000,25.17,5.63,0.0,0.0,20.5,111981,1.43,-36.0,0.561
2020-11-08T00:17:10.000,25.12,6.26,0.0,0.0,20.5,111982,1.23,-36.0,0.561
2020-11-08T00:29:10.000,24.47,5.41,0.0,0.0,20.5,111994,-1.16,-36.0,0.56
2020-11-08T00:30:10.000,24.43,5.48,0.0,0.0,20.5,111995,-1.36,-36.0,0.56
2020-11-08T00:31:10.000,24.42,5.5,0.0,0.0,20.5,111996,-1.56,-36.0,0.56
2020-11-08T00:32:10.000,24.35,5.08,42963.98,5.78,20.5,111997,-1.76,-36.0,0.56
2020-11-08T00:33:11.000,24.24,5.05,55675.19,8.52,20.5,111998,-1.97,-36.0,0.56
2020-11-08T00:34:11.000,24.14,5.15,48135.69,8.67,20.5,111999,-2.17,-36.0,0.56
2020-11-08T00:35:11.000,24.16,5.27,41468.18,8.84,20.5,112000,-2.37,-36.0,0.56
2020-11-08T00:36:11.000,24.16,5.21,34978.13,9.09,20.5,112001,-2.57,-36.0,0.56
2020-11-08T00:37:11.000,24.13,5.22,30022.45,9.19,20.5,112002,-2.77,-36.0,0.559
2020-11-08T00:38:11.000,24.1,5.15,25032.14,9.46,20.5,112003,-2.97,-36.0,0.559
2020-11-08T00:39:11.000,24.06,5.23,21050.6,9.57,20.5,112004,-3.17,-37.0,0.559
2020-11-08T00:40:11.000,24.03,5.14,17238.67,9.79,20.5,112005,-3.37,-37.0,0.559
2020-11-08T00:41:11.000,23.94,4.99,13922.49,10.02,20.5,112006,-3.58,-37.0,0.559
2020-11-08T00:42:11.000,23.91,4.95,11082.18,10.27,20.5,112007,-3.78,-37.0,0.559
2020-11-08T00:43:11.000,23.9,4.92,8760.27,10.53,20.5,112008,-3.98,-37.0,0.559
2020-11-08T00:44:11.000,23.87,4.8,6889.33,10.79,20.5,112009,-4.18,-37.0,0.559
2020-11-08T00:45:11.000,23.82,4.76,5361.51,11.06,20.5,112010,-4.38,-37.0,0.559
2020-11-08T00:46:11.000,23.78,4.92,4170.56,11.33,20.5,112011,-4.59,-37.0,0.559
2020-11-08T00:47:11.000,23.78,4.8,3245.08,11.6,20.5,112012,-4.79,-37.0,0.559
2020-11-08T00:48:11.000,23.73,4.69,2529.33,11.88,20.5,112013,-4.99,-37.0,0.559
2020-11-08T00:49:11.000,23.7,4.87,1977.84,12.14,20.5,112014,-5.2,-37.0,0.559
2020-11-08T00:50:11.000,23.7,4.89,1537.48,12.42,20.5,112015,-5.4,-37.0,0.558
2020-11-08T00:51:12.000,23.67,4.76,1185.82,12.7,20.5,112016,-5.6,-37.0,0.558
2020-11-08T00:52:12.000,23.68,4.83,919.15,12.97,20.5,112017,-5.81,-37.0,0.558
2020-11-08T00:53:12.000,23.64,4.72,712.58,13.25,20.5,112018,-6.01,-37.0,0.558
2020-11-08T00:54:12.000,23.58,4.55,556.16,13.52,20.5,112019,-6.21,-37.0,0.558
2020-11-08T00:55:12.000,23.55,4.62,434.38,13.79,20.5,112020,-6.42,-37.0,0.558
2020-11-08T00:56:12.000,23.54,4.6,337.8,14.06,20.5,112021,-6.62,-37.0,0.558
2020-11-08T00:57:12.000,23.52,4.69,267.19,14.32,20.5,112022,-6.83,-37.0,0.558
2020-11-08T00:58:12.000,23.51,5.09,212.72,14.56,20.5,112023,-7.03,-37.0,0.558
2020-11-08T01:00:12.000,23.53,5.12,137.87,15.04,20.5,112025,-7.44,-37.0,0.558
2020-11-08T01:01:12.000,23.54,5.71,109.05,15.29,20.5,112026,-7.64,-37.0,0.558
2020-11-08T01:02:12.000,23.54,7.24,180.31,14.77,20.5,112027,-7.85,-37.0,0.558
2020-11-08T01:03:12.000,23.56,6.62,95.11,15.47,20.5,112028,-8.05,-37.0,0.558
2020-11-08T01:04:12.000,23.58,5.42,58.25,15.97,20.5,112029,-8.26,-37.0,0.557
2020-11-08T01:06:12.000,23.54,5.81,49.3,16.16,20.5,112031,-8.67,-37.0,0.557
2020-11-08T01:07:12.000,23.53,5.57,35.74,16.5,20.5,112032,-8.87,-37.0,0.557
2020-11-08T01:08:13.000,23.55,5.04,26.36,16.83,20.5,112033,-9.08,-37.0,0.557
2020-11-08T01:09:13.000,23.54,4.9,21.49,17.05,20.5,112034,-9.29,-37.0,0.557
2020-11-08T01:10:13.000,23.54,5.63,21.48,17.06,20.5,112035,-9.49,-37.0,0.557
2020-11-08T01:11:13.000,23.52,6.96,23.91,16.95,20.5,112036,-9.7,-37.0,0.557
2020-11-08T01:12:13.000,23.55,7.44,23.14,16.98,20.5,112037,-9.9,-37.0,0.557
2020-11-08T01:13:13.000,23.55,6.34,13.83,17.54,20.5,112038,-10.11,-37.0,0.557
2020-11-08T01:14:13.000,23.54,5.41,11.17,17.76,20.5,112039,-10.31,-37.0,0.557
2020-11-08T01:15:13.000,23.54,4.87,8.58,18.05,20.5,112040,-10.52,-37.0,0.557
2020-11-08T01:16:13.000,23.53,4.7,6.86,18.29,20.5,112041,-10.73,-37.0,0.557
2020-11-08T01:17:13.000,23.5,4.8,6.53,18.35,20.5,112042,-10.93,-37.0,0.557
2020-11-08T01:18:13.000,23.43,5.16,5.75,18.48,20.5,112043,-11.14,-37.0,0.556
2020-11-08T01:19:13.000,23.43,5.26,5.28,18.57,20.5,112044,-11.35,-37.0,0.556
2020-11-08T01:20:13.000,23.4,5.39,4.69,18.7,20.5,112045,-11.55,-37.0,0.556
2020-11-08T01:21:13.000,23.4,5.55,4.25,18.81,20.5,112046,-11.76,-37.0,0.556
2020-11-08T01:22:13.000,23.4,5.21,3.86,18.92,20.5,112047,-11.97,-37.0,0.556
2020-11-08T01:23:14.000,23.37,4.62,3.14,19.14,20.5,112048,-12.18,-37.0,0.556
2020-11-08T01:25:14.000,23.36,4.31,2.61,19.34,20.5,112050,-12.59,-37.0,0.556
2020-11-08T01:26:14.000,23.27,4.24,2.47,19.4,20.5,112051,-12.8,-37.0,0.556
2020-11-08T01:27:14.000,23.26,4.33,2.29,19.48,20.5,112052,-13.0,-37.0,0.556
2020-11-08T01:28:14.000,23.26,4.51,2.25,19.5,20.5,112053,-13.21,-37.0,0.556
2020-11-08T01:29:14.000,23.26,4.83,2.42,19.42,20.5,112054,-13.42,-37.0,0.556
2020-11-08T01:30:14.000,23.23,4.66,2.19,19.53,20.5,112055,-13.63,-37.0,0.556
2020-11-08T01:31:14.000,23.23,4.53,2.03,19.61,20.5,112056,-13.83,-37.0,0.555
2020-11-08T01:32:14.000,23.24,4.37,1.98,19.64,20.5,112057,-14.04,-37.0,0.555
2020-11-08T01:33:14.000,23.25,4.38,1.9,19.68,20.5,112058,-14.25,-37.0,0.555
2020-11-08T01:34:14.000,23.26,4.28,1.87,19.7,20.5,112059,-14.46,-37.0,0.555
2020-11-08T01:35:14.000,23.23,4.17,1.96,19.65,20.5,112060,-14.66,-37.0,0.555
2020-11-08T01:36:14.000,23.23,4.34,1.85,19.71,20.5,112061,-14.87,-36.0,0.555
2020-11-08T01:37:14.000,23.23,4.8,2.07,19.59,20.5,112062,-15.08,-36.0,0.555
2020-11-08T01:38:14.000,23.22,6.43,4.45,18.84,20.5,112063,-15.29,-36.0,0.555
2020-11-08T01:39:14.000,23.22,7.11,6.65,18.34,20.5,112064,-15.5,-36.0,0.555
2020-11-08T01:40:15.000,23.22,5.78,3.69,18.99,20.5,112065,-15.71,-36.0,0.555
2020-11-08T01:41:15.000,23.22,4.47,1.98,19.64,20.5,112066,-15.92,-36.0,0.555
2020-11-08T01:42:15.000,23.23,4.41,1.95,19.65,20.5,112067,-16.13,-36.0,0.555
2020-11-08T01:43:15.000,23.21,4.58,2.05,19.6,20.5,112068,-16.33,-36.0,0.555
2020-11-08T01:44:15.000,23.18,5.18,2.25,19.5,20.5,112069,-16.54,-36.0,0.555
2020-11-08T01:45:15.000,23.18,7.06,4.57,18.74,20.5,112070,-16.75,-36.0,0.554
2020-11-08T01:46:15.000,23.22,9.07,7.23,18.24,20.5,112071,-16.96,-36.0,0.554
2020-11-08T01:47:15.000,23.24,9.59,7.63,18.18,20.5,112072,-17.17,-36.0,0.554
2020-11-08T01:48:15.000,23.3,9.39,6.79,18.31,20.5,112073,-17.38,-36.0,0.554
2020-11-08T01:49:15.000,23.37,9.88,6.88,18.3,20.5,112074,-17.59,-36.0,0.554
2020-11-08T01:51:15.000,23.44,11.58,16.53,17.33,20.5,112076,-18.0,-36.0,0.554
2020-11-08T01:52:15.000,23.48,11.82,14.21,17.5,20.5,112077,-18.21,-36.0,0.554
2020-11-08T01:53:15.000,23.55,12.61,15.39,17.41,20.5,112078,-18.42,-36.0,0.554
2020-11-08T01:54:15.000,23.58,13.45,17.93,17.25,20.5,112079,-18.63,-36.0,0.554
2020-11-08T01:55:16.000,23.59,13.05,15.4,17.42,20.5,112080,-18.85,-36.0,0.554
2020-11-08T01:56:16.000,23.6,12.62,19.17,17.18,20.5,112081,-19.05,-36.0,0.554
2020-11-08T01:57:16.000,23.59,11.82,19.47,17.17,20.5,112082,-19.26,-36.0,0.554
2020-11-08T01:58:16.000,23.58,10.17,7.2,18.25,20.5,112083,-19.47,-36.0,0.554
2020-11-08T01:59:16.000,23.55,10.25,12.6,17.65,20.5,112084,-19.68,-36.0,0.553
2020-11-08T02:00:16.000,23.54,12.17,18.45,17.22,20.5,112085,-19.89,-36.0,0.553
2020-11-08T02:01:16.000,23.57,13.14,15.52,17.42,20.5,112086,-20.1,-35.0,0.553
2020-11-08T02:02:16.000,23.62,13.05,15.37,17.42,20.5,112087,-20.31,-35.0,0.553
2020-11-08T02:03:16.000,23.6,12.6,15.43,17.41,20.5,112088,-20.52,-35.0,0.553
2020-11-08T02:04:16.000,23.62,12.28,15.85,17.38,20.5,112089,-20.73,-35.0,0.553
2020-11-08T02:05:16.000,23.61,12.48,19.23,17.18,20.5,112090,-20.94,-35.0,0.553
2020-11-08T02:06:16.000,23.63,13.63,23.74,16.94,20.5,112091,-21.15,-35.0,0.553
2020-11-08T02:07:16.000,23.65,14.24,25.64,16.86,20.5,112092,-21.36,-35.0,0.553
2020-11-08T02:08:16.000,23.67,14.21,26.78,16.81,20.5,112093,-21.57,-35.0,0.553
2020-11-08T02:09:16.000,23.63,13.89,26.08,16.84,20.5,112094,-21.78,-35.0,0.553
2020-11-08T02:11:17.000,23.69,14.28,29.54,16.7,20.5,112096,-22.21,-35.0,0.553
2020-11-08T02:12:17.000,23.71,14.25,27.43,16.79,20.5,112097,-22.42,-35.0,0.552
2020-11-08T02:13:17.000,23.69,13.8,24.37,16.91,20.5,112098,-22.63,-35.0,0.552
2020-11-08T02:14:17.000,23.72,13.32,17.35,17.28,20.5,112099,-22.84,-35.0,0.552
2020-11-08T02:15:17.000,23.63,13.01,23.81,16.95,20.5,112100,-23.05,-35.0,0.552
2020-11-08T02:16:17.000,23.57,13.81,28.69,16.74,20.5,112101,-23.26,-35.0,0.552
2020-11-08T02:17:17.000,23.53,13.95,33.02,16.58,20.5,112102,-23.47,-35.0,0.552
2020-11-08T02:18:17.000,23.52,13.99,31.82,16.63,20.5,112103,-23.68,-34.0,0.552
2020-11-08T02:19:17.000,23.52,13.82,30.39,16.68,20.5,112104,-23.89,-34.0,0.552
2020-11-08T02:20:17.000,23.5,13.63,32.18,16.61,20.5,112105,-24.1,-34.0,0.552
2020-11-08T02:21:17.000,23.45,13.53,26.95,16.8,20.5,112106,-24.31,-34.0,0.552
2020-11-08T02:22:17.000,23.38,13.23,27.63,16.78,20.5,112107,-24.52,-34.0,0.552
2020-11-08T02:23:17.000,23.23,12.12,22.26,17.01,20.5,112108,-24.73,-34.0,0.552
2020-11-08T02:24:17.000,23.08,12.11,22.3,17.01,20.5,112109,-24.94,-34.0,0.552
2020-11-08T02:25:17.000,23.0,12.52,20.78,17.09,20.5,112110,-25.16,-34.0,0.552
2020-11-08T02:26:17.000,22.9,12.92,25.67,16.86,20.5,112111,-25.37,-34.0,0.551
2020-11-08T02:27:18.000,22.88,12.31,24.79,16.9,20.5,112112,-25.58,-34.0,0.551
2020-11-08T02:28:18.000,22.82,11.49,22.92,16.98,20.5,112113,-25.79,-34.0,0.551
2020-11-08T02:29:18.000,22.66,12.01,23.36,16.96,20.5,112114,-26.0,-34.0,0.551
2020-11-08T02:30:18.000,22.6,11.85,20.52,17.13,20.5,112115,-26.21,-34.0,0.551
2020-11-08T02:31:18.000,22.56,11.32,15.09,17.44,20.5,112116,-26.43,-34.0,0.551
2020-11-08T02:32:18.000,22.48,11.45,19.05,17.18,20.5,112117,-26.64,-33.0,0.551
2020-11-08T02:33:18.000,22.36,12.04,20.08,17.12,20.5,112118,-26.85,-33.0,0.551
2020-11-08T02:34:18.000,22.33,12.27,22.22,17.01,20.5,112119,-27.06,-33.0,0.551
2020-11-08T02:35:18.000,22.34,12.57,23.08,16.97,20.5,112120,-27.27,-33.0,0.551
2020-11-08T02:36:18.000,22.29,12.5,19.7,17.15,20.5,112121,-27.48,-33.0,0.551
2020-11-08T02:37:18.000,22.23,12.33,20.74,17.09,20.5,112122,-27.69,-33.0,0.551
2020-11-08T02:38:18.000,22.19,12.78,22.11,17.02,20.5,112123,-27.9,-33.0,0.551
2020-11-08T02:39:18.000,22.21,12.67,21.8,17.04,20.5,112124,-28.12,-33.0,0.551
2020-11-08T02:40:18.000,22.15,12.23,18.45,17.23,20.5,112125,-28.33,-33.0,0.55
2020-11-08T02:41:18.000,22.09,11.45,16.43,17.34,20.5,112126,-28.54,-33.0,0.55
2020-11-08T02:42:18.000,21.92,11.3,16.8,17.32,20.5,112127,-28.75,-33.0,0.55
2020-11-08T02:43:18.000,21.84,11.72,24.23,16.93,20.5,112128,-28.96,-33.0,0.55
2020-11-08T02:44:18.000,21.82,10.37,17.86,17.35,20.5,112129,-29.17,-32.0,0.55
2020-11-08T02:45:19.000,21.76,8.77,10.44,17.86,20.5,112130,-29.39,-32.0,0.55
2020-11-08T02:46:19.000,21.68,8.86,9.84,17.9,20.5,112131,-29.6,-32.0,0.55
2020-11-08T02:47:19.000,21.6,9.96,12.79,17.61,20.5,112132,-29.81,-32.0,0.55
2020-11-08T02:48:19.000,21.56,11.3,17.22,17.31,20.5,112133,-30.02,-32.0,0.55
2020-11-08T02:49:19.000,21.51,11.52,20.39,17.11,20.5,112134,-30.23,-32.0,0.55
2020-11-08T02:50:19.000,21.42,10.92,16.53,17.34,20.5,112135,-30.44,-32.0,0.55
2020-11-08T02:51:19.000,21.29,10.95,16.09,17.36,20.5,112136,-30.66,-32.0,0.55
2020-11-08T02:52:19.000,21.28,9.86,10.3,17.9,20.5,112137,-30.87,-32.0,0.55
2020-11-08T02:53:19.000,21.28,9.92,13.09,17.62,20.5,112138,-31.08,-32.0,0.55
2020-11-08T02:54:19.000,21.25,11.33,18.03,17.24,20.5,112139,-31.29,-32.0,0.549
2020-11-08T02:55:19.000,21.24,11.88,18.62,17.21,20.5,112140,-31.5,-31.0,0.549
2020-11-08T02:56:19.000,21.15,11.95,20.36,17.11,20.5,112141,-31.71,-31.0,0.549
2020-11-08T02:57:19.000,21.11,10.76,14.23,17.5,20.5,112142,-31.93,-31.0,0.549
2020-11-08T02:58:19.000,21.01,9.89,12.11,17.67,20.5,112143,-32.14,-31.0,0.549
2020-11-08T02:59:19.000,20.97,8.01,6.59,18.36,20.5,112144,-32.35,-31.0,0.549
2020-11-08T03:00:20.000,20.89,5.79,4.31,18.81,20.5,112145,-32.56,-31.0,0.549
2020-11-08T03:01:20.000,20.81,6.8,7.0,18.29,20.5,112146,-32.78,-31.0,0.549
2020-11-08T03:02:20.000,20.77,8.23,12.68,17.63,20.5,112147,-32.99,-31.0,0.549
2020-11-08T03:03:20.000,20.72,7.92,9.04,18.04,20.5,112148,-33.2,-31.0,0.549
2020-11-08T03:04:20.000,20.71,7.44,11.44,17.74,20.5,112149,-33.41,-31.0,0.549
