Downloads/jupyter/ECSV/stars19/stars19_2021-08.ecsv
# %ECSV 1.0
# ---
# datatype:
# - {name: time, datatype: string}
# - {name: Enclosure Temperature, unit: deg_C, datatype: float64}
# - {name: Sky Temperature, unit: deg_C, datatype: float64}
# - {name: Frequency, unit: Hz, datatype: float64}
# - {name: MSAS, unit: mag / arcsec2, datatype: float64}
# - {name: ZP, datatype: float64}
# - {name: Sequence Number, datatype: int64}
# - {name: Sun Alt, unit: deg, datatype: float64}
# - {name: Moon Alt, unit: deg, datatype: float64}
# - {name: Moon Illumination, datatype: float64}
# delimiter: ','
# meta: !!omap
# - ida:
#     Data supplier: {affiliation: null, observer: null}
#     Device type: TESS-W
#     Field of view: 17.0
#     Filters per channel: None
#     Instrument ID: stars19
#     License: ODbL 1.0 http://opendatacommons.org/licenses/odbl/summary/
#     Local timezone: America/Phoenix
#     Location name: {country: '- Tucson', place: Tucson, region: United States, sub_region: Arizona, town: Pima County}
#     Measurement direction per channel: {azimuth: 0.0, zenital: 0.0}
#     Moving / Fixed look direction: FIXED
#     Moving / Stationary position: STATIONARY
#     Number of channels: 1
#     Number of fields per line: 8
#     Number of header lines: 35
#     Position: {height: 0.0, latitude: 32.223877, longitude: -110.767532}
#     TESS MAC address: 18:FE:34:CF:EC:06
#     TESS cover offset value: 0.0
#     TESS firmware version: '1.0'
#     TESS zero point: 20.5
#     Time Synchronization: timestamp added by MQTT subscriber
#     URL: http://www.darksky.org/NSBM/sdf1.0.pdf
# - __serialized_columns__:
#     Enclosure Temperature:
#       __class__: astropy.units.quantity.Quantity
#       unit: &id001 !astropy.units.Unit {unit: deg_C}
#       value: !astropy.table.SerializedColumn {name: Enclosure Temperature}
#     Frequency:
#       __class__: astropy.units.quantity.Quantity
#       unit: !astropy.units.Unit {unit: Hz}
#       value: !astropy.table.SerializedColumn {name: Frequency}
#     MSAS:
#       __class__: astropy.units.quantity.Quantity
#       unit: !astropy.units.Unit {unit: mag / arcsec2}
#       value: !astropy.table.SerializedColumn {name: MSAS}
#     Moon Alt:
#       __class__: astropy.units.quantity.Quantity
#       unit: &id002 !astropy.units.Unit {unit: deg}
#       value: !astropy.table.SerializedColumn {name: Moon Alt}
#     Sky Temperature:
#       __class__: astropy.units.quantity.Quantity
#       unit: *id001
#       value: !astropy.table.SerializedColumn {name: Sky Temperature}
#     Sun Alt:
#       __class__: astropy.units.quantity.Quantity
#       unit: *id002
#       value: !astropy.table.SerializedColumn {name: Sun Alt}
#     time:
#       __class__: astropy.time.core.Time
#       format: isot
#       in_subfmt: '*'
#       out_subfmt: '*'
#       precision: 3
#       scale: utc
#       value: !astropy.table.SerializedColumn {name: time}
# schema: astropy-2.0
time,Enclosure Temperature,Sky Temperature,Frequency,MSAS,ZP,Sequence Number,Sun Alt,Moon Alt,Moon Illumination
[from data line 16392]
2021-08-21T17:05:32.000,57.32,21.62,0.0,0.0,20.5,155023,51.87,-63.0,0.991
2021-08-21T17:07:32.000,57.39,21.38,0.0,0.0,20.5,155025,52.26,-64.0,0.991
2021-08-21T17:08:33.000,57.33,21.39,0.0,0.0,20.5,155026,52.45,-64.0,0.991
2021-08-21T17:09:33.000,57.36,21.44,0.0,0.0,20.5,155027,52.64,-64.0,0.991
2021-08-21T17:10:33.000,57.31,21.5,0.0,0.0,20.5,155028,52.84,-64.0,0.991
2021-08-21T17:11:33.000,57.43,22.02,0.0,0.0,20.5,155029,53.03,-64.0,0.991
2021-08-21T17:12:33.000,57.56,22.17,0.0,0.0,20.5,155030,53.22,-65.0,0.991
2021-08-21T17:18:41.000,57.99,22.03,0.0,0.0,20.5,155036,54.37,-66.0,0.991
2021-08-21T17:19:41.000,58.0,21.73,0.0,0.0,20.5,155037,54.56,-66.0,0.991
2021-08-21T17:20:41.000,57.99,21.8,0.0,0.0,20.5,155038,54.75,-66.0,0.991
2021-08-21T17:21:42.000,58.02,22.18,0.0,0.0,20.5,155039,54.94,-66.0,0.991
2021-08-21T17:22:42.000,58.05,21.35,0.0,0.0,20.5,155040,55.12,-66.0,0.991
2021-08-21T17:23:42.000,57.8,21.11,0.0,0.0,20.5,155041,55.31,-67.0,0.991
2021-08-21T17:24:42.000,57.74,21.64,0.0,0.0,20.5,155042,55.49,-67.0,0.991
2021-08-21T17:25:42.000,57.85,21.6,0.0,0.0,20.5,155043,55.68,-67.0,0.991
2021-08-21T17:27:48.000,57.82,22.27,0.0,0.0,20.5,155045,56.06,-67.0,0.991
2021-08-21T17:28:48.000,58.05,22.2,0.0,0.0,20.5,155046,56.25,-68.0,0.991
2021-08-21T17:29:49.000,58.21,21.94,0.0,0.0,20.5,155047,56.43,-68.0,0.991
2021-08-21T17:30:49.000,58.27,21.68,0.0,0.0,20.5,155048,56.61,-68.0,0.991
2021-08-21T17:32:50.000,58.34,22.02,0.0,0.0,20.5,155050,56.98,-68.0,0.991
2021-08-21T17:33:50.000,58.44,22.16,0.0,0.0,20.5,155051,57.16,-68.0,0.991
2021-08-21T17:34:50.000,58.38,21.77,0.0,0.0,20.5,155052,57.34,-69.0,0.991
2021-08-21T17:35:51.000,58.46,22.29,0.0,0.0,20.5,155053,57.52,-69.0,0.991
2021-08-21T17:36:51.000,58.42,21.56,0.0,0.0,20.5,155054,57.69,-69.0,0.991
2021-08-21T17:37:51.000,58.42,22.3,0.0,0.0,20.5,155055,57.87,-69.0,0.991
2021-08-21T17:38:51.000,58.74,22.7,0.0,0.0,20.5,155056,58.05,-69.0,0.991
2021-08-21T17:39:51.000,58.95,22.34,0.0,0.0,20.5,155057,58.22,-69.0,0.991
2021-08-21T17:40:51.000,59.06,22.29,0.0,0.0,20.5,155058,58.4,-70.0,0.991
2021-08-21T17:42:52.000,59.38,21.87,0.0,0.0,20.5,155060,58.75,-70.0,0.991
2021-08-21T17:43:52.000,59.45,22.11,0.0,0.0,20.5,155061,58.92,-70.0,0.991
2021-08-21T17:44:53.000,59.62,22.08,0.0,0.0,20.5,155062,59.1,-70.0,0.991
2021-08-21T17:45:53.000,59.59,20.69,0.0,0.0,20.5,155063,59.27,-70.0,0.991
2021-08-21T17:46:53.000,58.93,19.57,0.0,0.0,20.5,155064,59.44,-71.0,0.991
2021-08-21T17:47:54.000,58.38,20.04,0.0,0.0,20.5,155065,59.62,-71.0,0.991
2021-08-21T17:48:54.000,58.16,21.58,0.0,0.0,20.5,155066,59.79,-71.0,0.991
2021-08-21T17:49:54.000,58.5,22.62,0.0,0.0,20.5,155067,59.95,-71.0,0.991
2021-08-21T17:50:54.000,58.79,22.09,0.0,0.0,20.5,155068,60.12,-71.0,0.991
2021-08-21T17:51:54.000,59.02,22.03,0.0,0.0,20.5,155069,60.29,-71.0,0.991
2021-08-21T17:57:55.000,59.65,22.39,0.0,0.0,20.5,155075,61.28,-72.0,0.991
2021-08-21T18:00:56.000,59.87,22.13,0.0,0.0,20.5,155078,61.76,-73.0,0.991
2021-08-21T18:04:56.000,60.19,22.32,0.0,0.0,20.5,155082,62.39,-73.0,0.991
2021-08-21T18:05:57.000,60.34,21.97,0.0,0.0,20.5,155083,62.54,-73.0,0.991
2021-08-21T18:07:57.000,60.54,22.01,0.0,0.0,20.5,155085,62.85,-74.0,0.991
2021-08-21T18:08:57.000,60.54,22.02,0.0,0.0,20.5,155086,63.0,-74.0,0.991
2021-08-21T18:09:57.000,60.49,21.63,0.0,0.0,20.5,155087,63.15,-74.0,0.991
2021-08-21T18:10:58.000,60.6,22.22,0.0,0.0,20.5,155088,63.3,-74.0,0.991
2021-08-21T18:11:58.000,60.81,22.51,0.0,0.0,20.5,155089,63.45,-74.0,0.991
2021-08-21T18:12:58.000,60.81,21.55,0.0,0.0,20.5,155090,63.6,-74.0,0.992
2021-08-21T18:13:58.000,60.86,22.0,0.0,0.0,20.5,155091,63.74,-74.0,0.992
2021-08-21T18:14:59.000,60.82,21.65,0.0,0.0,20.5,155092,63.89,-75.0,0.992
2021-08-21T18:15:58.000,60.75,21.62,0.0,0.0,20.5,155093,64.03,-75.0,0.992
2021-08-21T18:16:59.000,60.63,21.45,0.0,0.0,20.5,155094,64.17,-75.0,0.992
2021-08-21T18:18:59.000,60.41,21.77,0.0,0.0,20.5,155096,64.45,-75.0,0.992
2021-08-21T18:24:00.000,60.53,22.31,0.0,0.0,20.5,155101,65.13,-76.0,0.992
2021-08-21T18:25:01.000,60.68,22.36,0.0,0.0,20.5,155102,65.26,-76.0,0.992
2021-08-21T18:26:01.000,60.89,22.41,0.0,0.0,20.5,155103,65.39,-76.0,0.992
2021-08-21T18:27:01.000,61.01,22.13,0.0,0.0,20.5,155104,65.52,-76.0,0.992
2021-08-21T18:28:02.000,61.07,21.48,0.0,0.0,20.5,155105,65.65,-76.0,0.992
2021-08-21T18:29:02.000,60.71,20.34,0.0,0.0,20.5,155106,65.77,-76.0,0.992
2021-08-21T18:30:03.000,60.34,20.66,0.0,0.0,20.5,155107,65.9,-76.0,0.992
2021-08-21T18:31:04.000,60.29,21.45,0.0,0.0,20.5,155108,66.02,-76.0,0.992
2021-08-21T18:32:04.000,60.37,22.0,0.0,0.0,20.5,155109,66.14,-76.0,0.992
2021-08-21T18:33:04.000,60.66,22.18,0.0,0.0,20.5,155110,66.26,-76.0,0.992
2021-08-21T18:34:04.000,60.93,22.14,0.0,0.0,20.5,155111,66.38,-77.0,0.992
2021-08-21T18:35:04.000,61.04,21.86,0.0,0.0,20.5,155112,66.49,-77.0,0.992
2021-08-21T18:36:05.000,61.19,22.51,0.0,0.0,20.5,155113,66.61,-77.0,0.992
2021-08-21T18:37:05.000,61.38,22.01,0.0,0.0,20.5,155114,66.72,-77.0,0.992
2021-08-21T18:38:05.000,61.51,22.25,0.0,0.0,20.5,155115,66.83,-77.0,0.992
2021-08-21T18:39:05.000,61.63,22.33,0.0,0.0,20.5,155116,66.94,-77.0,0.992
2021-08-21T18:40:05.000,61.84,21.77,0.0,0.0,20.5,155117,67.04,-77.0,0.992
2021-08-21T18:41:06.000,61.63,20.83,0.0,0.0,20.5,155118,67.15,-77.0,0.992
2021-08-21T18:43:07.000,61.47,21.69,0.0,0.0,20.5,155120,67.36,-77.0,0.992
2021-08-21T18:44:07.000,61.64,22.1,0.0,0.0,20.5,155121,67.45,-77.0,0.992
2021-08-21T18:45:08.000,61.8,21.69,0.0,0.0,20.5,155122,67.55,-77.0,0.992
2021-08-21T18:46:08.000,61.93,21.34,0.0,0.0,20.5,155123,67.65,-77.0,0.992
2021-08-21T18:47:08.000,61.82,20.84,0.0,0.0,20.5,155124,67.74,-77.0,0.992
2021-08-21T18:48:08.000,61.83,21.67,0.0,0.0,20.5,155125,67.83,-77.0,0.992
2021-08-21T18:49:09.000,61.98,21.64,0.0,0.0,20.5,155126,67.92,-77.0,0.992
2021-08-21T18:51:09.000,62.15,21.21,0.0,0.0,20.5,155128,68.1,-77.0,0.992
2021-08-21T18:52:09.000,62.14,21.1,0.0,0.0,20.5,155129,68.18,-77.0,0.992
2021-08-21T18:53:09.000,62.18,21.41,0.0,0.0,20.5,155130,68.26,-77.0,0.992
2021-08-21T18:54:10.000,62.29,21.26,0.0,0.0,20.5,155131,68.34,-77.0,0.992
2021-08-21T18:55:10.000,62.25,20.73,0.0,0.0,20.5,155132,68.42,-77.0,0.992
2021-08-21T18:56:10.000,62.0,19.93,0.0,0.0,20.5,155133,68.49,-77.0,0.992
2021-08-21T18:57:10.000,61.71,20.06,0.0,0.0,20.5,155134,68.56,-77.0,0.992
2021-08-21T19:01:12.000,61.25,20.28,0.0,0.0,20.5,155138,68.83,-77.0,0.992
2021-08-21T19:02:12.000,61.2,20.37,0.0,0.0,20.5,155139,68.89,-77.0,0.992
2021-08-21T19:03:12.000,61.41,21.33,0.0,0.0,20.5,155140,68.95,-77.0,0.992
2021-08-21T19:05:13.000,62.15,21.9,0.0,0.0,20.5,155142,69.06,-77.0,0.992
2021-08-21T19:06:13.000,62.32,20.29,0.0,0.0,20.5,155143,69.11,-77.0,0.992
2021-08-21T19:07:13.000,61.82,19.15,0.0,0.0,20.5,155144,69.16,-77.0,0.992
2021-08-21T19:08:13.000,61.56,20.64,0.0,0.0,20.5,155145,69.21,-77.0,0.992
2021-08-21T19:09:13.000,61.2,18.5,0.0,0.0,20.5,155146,69.25,-77.0,0.992
2021-08-21T19:10:13.000,60.7,20.14,0.0,0.0,20.5,155147,69.29,-77.0,0.992
2021-08-21T19:11:14.000,60.7,20.21,0.0,0.0,20.5,155148,69.33,-77.0,0.992
2021-08-21T19:12:14.000,60.72,20.68,0.0,0.0,20.5,155149,69.37,-77.0,0.992
2021-08-21T19:13:14.000,60.96,20.44,0.0,0.0,20.5,155150,69.4,-77.0,0.992
2021-08-21T19:14:14.000,60.87,19.86,0.0,0.0,20.5,155151,69.43,-77.0,0.992
2021-08-21T19:15:14.000,60.72,19.82,0.0,0.0,20.5,155152,69.46,-77.0,0.992
2021-08-21T19:16:15.000,60.88,20.98,0.0,0.0,20.5,155153,69.49,-77.0,0.992
2021-08-21T19:17:15.000,61.04,21.08,0.0,0.0,20.5,155154,69.51,-77.0,0.992
2021-08-21T19:18:15.000,61.29,21.15,0.0,0.0,20.5,155155,69.54,-77.0,0.992
2021-08-21T19:19:15.000,61.32,19.98,0.0,0.0,20.5,155156,69.55,-76.0,0.992
2021-08-21T19:20:16.000,61.12,19.5,0.0,0.0,20.5,155157,69.57,-76.0,0.992
2021-08-21T19:21:15.000,60.84,19.27,0.0,0.0,20.5,155158,69.58,-76.0,0.992
2021-08-21T19:22:16.000,60.6,18.99,0.0,0.0,20.5,155159,69.6,-76.0,0.992
2021-08-21T19:29:17.000,60.74,19.36,0.0,0.0,20.5,155166,69.6,-76.0,0.992
2021-08-21T19:30:17.000,60.51,19.68,0.0,0.0,20.5,155167,69.59,-75.0,0.992
2021-08-21T19:36:29.000,61.85,21.47,0.0,0.0,20.5,155173,69.47,-75.0,0.993
2021-08-21T19:37:29.000,62.08,21.07,0.0,0.0,20.5,155174,69.44,-75.0,0.993
2021-08-21T19:38:30.000,62.13,20.03,0.0,0.0,20.5,155175,69.41,-75.0,0.993
2021-08-21T19:40:36.000,62.33,21.06,0.0,0.0,20.5,155177,69.34,-74.0,0.993
2021-08-21T19:41:36.000,62.46,20.89,0.0,0.0,20.5,155178,69.3,-74.0,0.993
2021-08-21T19:42:37.000,62.55,20.93,0.0,0.0,20.5,155179,69.26,-74.0,0.993
2021-08-21T19:47:38.000,62.66,21.33,0.0,0.0,20.5,155184,69.01,-73.0,0.993
2021-08-21T19:48:38.000,62.85,21.68,0.0,0.0,20.5,155185,68.96,-73.0,0.993
2021-08-21T19:49:38.000,62.97,21.4,0.0,0.0,20.5,155186,68.9,-73.0,0.993
2021-08-21T19:50:39.000,62.96,20.69,0.0,0.0,20.5,155187,68.84,-73.0,0.993
2021-08-21T19:51:39.000,62.83,20.87,0.0,0.0,20.5,155188,68.78,-73.0,0.993
2021-08-21T19:52:40.000,62.92,21.47,0.0,0.0,20.5,155189,68.71,-73.0,0.993
2021-08-21T19:53:39.000,62.94,20.82,0.0,0.0,20.5,155190,68.64,-72.0,0.993
2021-08-21T19:54:40.000,62.94,20.92,0.0,0.0,20.5,155191,68.57,-72.0,0.993
2021-08-21T19:55:40.000,62.64,19.75,0.0,0.0,20.5,155192,68.5,-72.0,0.993
2021-08-21T19:56:40.000,62.57,21.19,0.0,0.0,20.5,155193,68.43,-72.0,0.993
2021-08-21T19:58:41.000,62.51,21.46,0.0,0.0,20.5,155195,68.27,-72.0,0.993
2021-08-21T19:59:41.000,62.66,21.18,0.0,0.0,20.5,155196,68.19,-72.0,0.993
2021-08-21T20:00:41.000,62.55,20.71,0.0,0.0,20.5,155197,68.11,-71.0,0.993
2021-08-21T20:03:48.000,62.88,21.57,0.0,0.0,20.5,155200,67.84,-71.0,0.993
2021-08-21T20:07:49.000,62.72,21.53,0.0,0.0,20.5,155204,67.46,-70.0,0.993
2021-08-21T20:08:49.000,62.8,21.3,0.0,0.0,20.5,155205,67.36,-70.0,0.993
2021-08-21T20:09:50.000,62.82,21.37,0.0,0.0,20.5,155206,67.26,-70.0,0.993
2021-08-21T20:11:51.000,62.53,19.74,0.0,0.0,20.5,155208,67.05,-70.0,0.993
2021-08-21T20:12:51.000,62.3,20.57,0.0,0.0,20.5,155209,66.94,-69.0,0.993
2021-08-21T20:13:51.000,62.22,20.96,0.0,0.0,20.5,155210,66.83,-69.0,0.993
2021-08-21T20:14:52.000,62.15,21.28,0.0,0.0,20.5,155211,66.72,-69.0,0.993
2021-08-21T20:15:52.000,62.22,21.23,0.0,0.0,20.5,155212,66.61,-69.0,0.993
2021-08-21T20:16:52.000,62.21,21.07,0.0,0.0,20.5,155213,66.5,-69.0,0.993
2021-08-21T20:20:53.000,62.69,21.4,0.0,0.0,20.5,155217,66.02,-68.0,0.993
2021-08-21T20:21:53.000,62.68,20.84,0.0,0.0,20.5,155218,65.9,-68.0,0.993
2021-08-21T20:22:53.000,62.63,20.93,0.0,0.0,20.5,155219,65.78,-68.0,0.993
2021-08-21T20:23:53.000,62.63,20.97,0.0,0.0,20.5,155220,65.65,-68.0,0.993
2021-08-21T20:24:53.000,62.51,20.92,0.0,0.0,20.5,155221,65.53,-67.0,0.993
2021-08-21T20:25:54.000,62.37,20.65,0.0,0.0,20.5,155222,65.4,-67.0,0.993
2021-08-21T20:26:54.000,62.31,20.52,0.0,0.0,20.5,155223,65.27,-67.0,0.993
2021-08-21T20:27:54.000,62.15,20.78,0.0,0.0,20.5,155224,65.14,-67.0,0.993
2021-08-21T20:28:55.000,62.27,21.37,0.0,0.0,20.5,155225,65.0,-67.0,0.993
2021-08-21T20:29:55.000,62.28,20.79,0.0,0.0,20.5,155226,64.87,-66.0,0.993
2021-08-21T20:30:55.000,62.38,21.36,0.0,0.0,20.5,155227,64.73,-66.0,0.993
2021-08-21T20:31:55.000,62.49,21.18,0.0,0.0,20.5,155228,64.6,-66.0,0.993
2021-08-21T20:32:55.000,62.54,20.93,0.0,0.0,20.5,155229,64.46,-66.0,0.993
2021-08-21T20:33:55.000,62.49,20.44,0.0,0.0,20.5,155230,64.32,-66.0,0.993
2021-08-21T20:34:56.000,62.39,20.83,0.0,0.0,20.5,155231,64.18,-66.0,0.993
2021-08-21T20:35:56.000,62.33,20.49,0.0,0.0,20.5,155232,64.04,-65.0,0.993
2021-08-21T20:37:56.000,62.36,21.7,0.0,0.0,20.5,155234,63.75,-65.0,0.993
2021-08-21T20:38:57.000,62.46,20.93,0.0,0.0,20.5,155235,63.6,-65.0,0.993
2021-08-21T20:39:57.000,62.48,20.85,0.0,0.0,20.5,155236,63.46,-65.0,0.993
2021-08-21T20:44:58.000,62.46,21.74,0.0,0.0,20.5,155241,62.71,-64.0,0.993
2021-08-21T20:45:58.000,62.6,21.64,0.0,0.0,20.5,155242,62.55,-64.0,0.993
2021-08-21T20:47:58.000,62.75,21.14,0.0,0.0,20.5,155244,62.24,-63.0,0.993
2021-08-21T20:48:58.000,62.76,21.55,0.0,0.0,20.5,155245,62.09,-63.0,0.993
2021-08-21T20:50:58.000,63.07,21.38,0.0,0.0,20.5,155247,61.77,-63.0,0.993
2021-08-21T20:51:59.000,63.01,20.68,0.0,0.0,20.5,155248,61.61,-62.0,0.993
2021-08-21T20:52:59.000,62.88,20.79,0.0,0.0,20.5,155249,61.45,-62.0,0.993
2021-08-21T20:53:59.000,63.03,21.79,0.0,0.0,20.5,155250,61.29,-62.0,0.993
2021-08-21T20:54:59.000,63.05,20.52,0.0,0.0,20.5,155251,61.13,-62.0,0.993
2021-08-21T20:56:00.000,62.76,20.14,0.0,0.0,20.5,155252,60.96,-62.0,0.993
2021-08-21T20:57:03.000,62.62,21.01,0.0,0.0,20.5,155253,60.79,-61.0,0.993
2021-08-21T20:58:03.000,62.54,20.34,0.0,0.0,20.5,155254,60.62,-61.0,0.993
2021-08-21T20:59:03.000,62.38,20.42,0.0,0.0,20.5,155255,60.46,-61.0,0.993
2021-08-21T21:00:03.000,62.29,20.7,0.0,0.0,20.5,155256,60.29,-61.0,0.993
2021-08-21T21:01:03.000,62.3,20.86,0.0,0.0,20.5,155257,60.13,-61.0,0.993
2021-08-21T21:02:04.000,62.42,21.31,0.0,0.0,20.5,155258,59.95,-60.0,0.993
2021-08-21T21:03:04.000,62.52,21.14,0.0,0.0,20.5,155259,59.79,-60.0,0.993
2021-08-21T21:04:04.000,62.44,20.16,0.0,0.0,20.5,155260,59.62,-60.0,0.993
2021-08-21T21:05:04.000,62.34,20.7,0.0,0.0,20.5,155261,59.45,-60.0,0.993
2021-08-21T21:06:04.000,62.29,20.55,0.0,0.0,20.5,155262,59.27,-60.0,0.993
2021-08-21T21:07:04.000,62.44,21.44,0.0,0.0,20.5,155263,59.1,-59.0,0.994
2021-08-21T21:08:04.000,62.44,20.62,0.0,0.0,20.5,155264,58.93,-59.0,0.994
2021-08-21T21:09:04.000,62.33,20.66,0.0,0.0,20.5,155265,58.76,-59.0,0.994
2021-08-21T21:10:04.000,62.26,20.68,0.0,0.0,20.5,155266,58.58,-59.0,0.994
2021-08-21T21:11:04.000,61.97,20.31,0.0,0.0,20.5,155267,58.41,-59.0,0.994
2021-08-21T21:12:05.000,61.91,20.93,0.0,0.0,20.5,155268,58.23,-59.0,0.994
2021-08-21T21:13:05.000,61.93,21.34,0.0,0.0,20.5,155269,58.05,-58.0,0.994
2021-08-21T21:14:05.000,62.01,21.43,0.0,0.0,20.5,155270,57.88,-58.0,0.994
2021-08-21T21:15:05.000,62.09,21.53,0.0,0.0,20.5,155271,57.7,-58.0,0.994
2021-08-21T21:16:05.000,62.04,20.46,0.0,0.0,20.5,155272,57.52,-58.0,0.994
2021-08-21T21:18:05.000,61.83,21.62,0.0,0.0,20.5,155274,57.16,-57.0,0.994
2021-08-21T21:19:05.000,61.97,21.59,0.0,0.0,20.5,155275,56.99,-57.0,0.994
2021-08-21T21:20:05.000,62.08,21.24,0.0,0.0,20.5,155276,56.8,-57.0,0.994
2021-08-21T21:21:05.000,62.1,21.23,0.0,0.0,20.5,155277,56.62,-57.0,0.994
2021-08-21T21:22:06.000,62.19,21.48,0.0,0.0,20.5,155278,56.44,-57.0,0.994
2021-08-21T21:23:06.000,62.23,20.93,0.0,0.0,20.5,155279,56.26,-56.0,0.994
2021-08-21T21:24:06.000,62.29,21.73,0.0,0.0,20.5,155280,56.07,-56.0,0.994
2021-08-21T21:26:06.000,61.54,18.28,0.0,0.0,20.5,155282,55.71,-56.0,0.994
2021-08-21T21:27:06.000,59.83,15.3,0.0,0.0,20.5,155283,55.52,-56.0,0.994
2021-08-21T21:30:07.000,54.49,15.81,0.0,0.0,20.5,155286,54.96,-55.0,0.994
2021-08-21T21:31:07.000,53.39,16.24,0.0,0.0,20.5,155287,54.78,-55.0,0.994
2021-08-21T21:32:07.000,52.42,16.03,0.0,0.0,20.5,155288,54.59,-55.0,0.994
2021-08-21T21:33:07.000,51.51,16.0,0.0,0.0,20.5,155289,54.4,-54.0,0.994
2021-08-21T21:34:07.000,50.69,16.67,0.0,0.0,20.5,155290,54.22,-54.0,0.994
2021-08-21T21:35:07.000,50.12,16.88,0.0,0.0,20.5,155291,54.03,-54.0,0.994
2021-08-21T21:36:07.000,49.47,16.22,0.0,0.0,20.5,155292,53.84,-54.0,0.994
2021-08-21T21:37:08.000,48.84,16.63,0.0,0.0,20.5,155293,53.65,-54.0,0.994
2021-08-21T21:39:08.000,47.8,16.98,0.0,0.0,20.5,155295,53.27,-53.0,0.994
2021-08-21T21:40:08.000,47.43,16.99,0.0,0.0,20.5,155296,53.08,-53.0,0.994
2021-08-21T21:41:08.000,47.03,17.34,0.0,0.0,20.5,155297,52.89,-53.0,0.994
2021-08-21T21:42:08.000,46.7,17.62,0.0,0.0,20.5,155298,52.7,-53.0,0.994
2021-08-21T21:43:09.000,46.47,17.59,0.0,0.0,20.5,155299,52.5,-52.0,0.994
2021-08-21T21:44:09.000,46.24,17.83,0.0,0.0,20.5,155300,52.31,-52.0,0.994
2021-08-21T21:45:09.000,46.09,18.07,0.0,0.0,20.5,155301,52.12,-52.0,0.994
2021-08-21T21:46:09.000,45.91,18.03,0.0,0.0,20.5,155302,51.92,-52.0,0.994
2021-08-21T21:47:09.000,45.69,17.65,0.0,0.0,20.5,155303,51.73,-52.0,0.994
2021-08-21T21:48:09.000,45.4,17.9,0.0,0.0,20.5,155304,51.54,-51.0,0.994
2021-08-21T21:49:09.000,45.28,18.31,0.0,0.0,20.5,155305,51.34,-51.0,0.994
2021-08-21T21:51:09.000,44.96,18.2,0.0,0.0,20.5,155307,50.96,-51.0,0.994
2021-08-21T21:52:10.000,44.79,18.22,0.0,0.0,20.5,155308,50.76,-51.0,0.994
