Downloads/jupyter/ECSV/stars19/stars19_2023-05.ecsv
# %ECSV 1.0
# ---
# datatype:
# - {name: time, datatype: string}
# - {name: Enclosure Temperature, unit: deg_C, datatype: float64}
# - {name: Sky Temperature, unit: deg_C, datatype: float64}
# - {name: Frequency, unit: Hz, datatype: float64}
# - {name: MSAS, unit: mag / arcsec2, datatype: float64}
# - {name: ZP, datatype: float64}
# - {name: Sequence Number, datatype: int64}
# - {name: Sun Alt, unit: deg, datatype: float64}
# - {name: Moon Alt, unit: deg, datatype: float64}
# - {name: Moon Illumination, datatype: float64}
# delimiter: ','
# meta: !!omap
# - ida:
#     Data supplier: {affiliation: null, observer: null}
#     Device type: TESS-W
#     Field of view: 17.0
#     Filters per channel: None
#     Instrument ID: stars19
#     License: ODbL 1.0 http://opendatacommons.org/licenses/odbl/summary/
#     Local timezone: America/Phoenix
#     Location name: {country: '- Tucson', place: Tucson, region: United States, sub_region: Arizona, town: Pima County}
#     Measurement direction per channel: {azimuth: 0.0, zenital: 0.0}
#     Moving / Fixed look direction: FIXED
#     Moving / Stationary position: STATIONARY
#     Number of channels: 1
#     Number of fields per line: 8
#     Number of header lines: 35
#     Position: {height: 0.0, latitude: 32.223877, longitude: -110.767532}
#     TESS MAC address: 18:FE:34:CF:EC:06
#     TESS cover offset value: 0.0
#     TESS firmware version: '1.0'
#     TESS zero point: 20.38
#     Time Synchronization: timestamp added by MQTT subscriber
#     URL: http://www.darksky.org/NSBM/sdf1.0.pdf
# - __serialized_columns__:
#     Enclosure Temperature:
#       __class__: astropy.units.quantity.Quantity
#       unit: &id001 !astropy.units.Unit {unit: deg_C}
#       value: !astropy.table.SerializedColumn {name: Enclosure Temperature}
#     Frequency:
#       __class__: astropy.units.quantity.Quantity
#       unit: !astropy.units.Unit {unit: Hz}
#       value: !astropy.table.SerializedColumn {name: Frequency}
#     MSAS:
#       __class__: astropy.units.quantity.Quantity
#       unit: !astropy.units.Unit {unit: mag / arcsec2}
#       value: !astropy.table.SerializedColumn {name: MSAS}
#     Moon Alt:
#       __class__: astropy.units.quantity.Quantity
#       unit: &id002 !astropy.units.Unit {unit: deg}
#       value: !astropy.table.SerializedColumn {name: Moon Alt}
#     Sky Temperature:
#       __class__: astropy.units.quantity.Quantity
#       unit: *id001
#       value: !astropy.table.SerializedColumn {name: Sky Temperature}
#     Sun Alt:
#       __class__: astropy.units.quantity.Quantity
#       unit: *id002
#       value: !astropy.table.SerializedColumn {name: Sun Alt}
#     time:
#       __class__: astropy.time.core.Time
#       format: isot
#       in_subfmt: '*'
#       out_subfmt: '*'
#       precision: 3
#       scale: utc
#       value: !astropy.table.SerializedColumn {name: time}
# schema: astropy-2.0
time,Enclosure Temperature,Sky Temperature,Frequency,MSAS,ZP,Sequence Number,Sun Alt,Moon Alt,Moon Illumination
[from data line 14417]
2023-05-19T16:43:17.000,40.46,13.13,0.0,0.0,20.38,187454,53.0,54.0,0.0
2023-05-19T16:44:17.000,40.52,12.52,0.0,0.0,20.38,187455,53.21,54.0,0.0
2023-05-19T16:50:18.000,40.71,11.93,0.0,0.0,20.38,187461,54.46,55.0,0.0
2023-05-19T16:51:18.000,40.74,12.33,0.0,0.0,20.38,187462,54.67,55.0,0.0
2023-05-19T16:52:18.000,40.66,11.92,0.0,0.0,20.38,187463,54.88,55.0,0.0
2023-05-19T16:56:19.000,41.74,13.36,0.0,0.0,20.38,187467,55.71,56.0,0.0
2023-05-19T16:57:19.000,41.94,13.62,0.0,0.0,20.38,187468,55.91,56.0,0.0
2023-05-19T16:58:19.000,41.9,12.97,0.0,0.0,20.38,187469,56.12,57.0,0.0
2023-05-19T17:16:22.000,43.26,14.22,0.0,0.0,20.38,187487,59.82,60.0,0.0
2023-05-19T17:17:22.000,43.37,13.84,0.0,0.0,20.38,187488,60.02,61.0,0.0
2023-05-19T17:18:22.000,43.21,13.06,0.0,0.0,20.38,187489,60.22,61.0,0.0
2023-05-19T17:20:24.000,43.0,14.38,0.0,0.0,20.38,187491,60.63,61.0,0.0
2023-05-19T17:21:24.000,43.18,14.24,0.0,0.0,20.38,187492,60.83,61.0,0.0
2023-05-19T17:22:26.000,43.25,13.92,0.0,0.0,20.38,187493,61.04,62.0,0.0
2023-05-19T17:46:32.000,43.93,11.82,0.0,0.0,20.38,187517,65.78,66.0,0.0
2023-05-19T17:47:32.000,43.9,14.11,0.0,0.0,20.38,187518,65.97,67.0,0.0
2023-05-19T17:48:32.000,44.22,13.97,0.0,0.0,20.38,187519,66.17,67.0,0.0
2023-05-19T17:50:32.000,44.12,13.86,0.0,0.0,20.38,187521,66.55,67.0,0.0
2023-05-19T17:51:32.000,44.36,13.88,0.0,0.0,20.38,187522,66.73,67.0,0.0
2023-05-19T17:52:34.000,44.16,12.81,0.0,0.0,20.38,187523,66.93,68.0,0.0
2023-05-19T18:18:37.000,44.68,13.5,0.0,0.0,20.38,187549,71.57,72.0,0.001
2023-05-19T18:19:37.000,44.62,14.1,0.0,0.0,20.38,187550,71.74,73.0,0.001
2023-05-19T18:20:39.000,44.7,14.79,0.0,0.0,20.38,187551,71.9,73.0,0.001
2023-05-19T18:22:40.000,45.42,15.34,0.0,0.0,20.38,187553,72.23,73.0,0.001
2023-05-19T18:23:39.000,45.48,14.96,0.0,0.0,20.38,187554,72.39,73.0,0.001
2023-05-19T18:24:41.000,45.35,14.14,0.0,0.0,20.38,187555,72.55,74.0,0.001
2023-05-19T18:31:42.000,45.35,13.92,0.0,0.0,20.38,187562,73.62,75.0,0.001
2023-05-19T18:32:42.000,45.21,14.43,0.0,0.0,20.38,187563,73.76,75.0,0.001
2023-05-19T18:33:42.000,45.05,14.04,0.0,0.0,20.38,187564,73.91,75.0,0.001
2023-05-19T18:35:42.000,45.6,15.68,0.0,0.0,20.38,187566,74.19,75.0,0.001
2023-05-19T18:36:42.000,46.07,16.41,0.0,0.0,20.38,187567,74.33,76.0,0.001
2023-05-19T18:37:43.000,46.54,15.86,0.0,0.0,20.38,187568,74.47,76.0,0.001
2023-05-19T18:38:43.000,46.51,14.95,0.0,0.0,20.38,187569,74.6,76.0,0.001
2023-05-19T18:40:44.000,46.77,16.01,0.0,0.0,20.38,187571,74.86,76.0,0.001
2023-05-19T18:48:44.000,45.89,13.63,0.0,0.0,20.38,187579,75.82,77.0,0.001
2023-05-19T18:49:44.000,45.73,13.21,0.0,0.0,20.38,187580,75.92,77.0,0.001
2023-05-19T18:52:45.000,45.94,13.27,0.0,0.0,20.38,187583,76.23,78.0,0.001
2023-05-19T18:53:45.000,45.98,14.45,0.0,0.0,20.38,187584,76.33,78.0,0.001
2023-05-19T18:54:46.000,46.15,14.28,0.0,0.0,20.38,187585,76.42,78.0,0.001
2023-05-19T19:00:46.000,44.81,13.25,0.0,0.0,20.38,187591,76.92,79.0,0.001
2023-05-19T19:01:46.000,44.8,13.49,0.0,0.0,20.38,187592,76.99,79.0,0.001
2023-05-19T19:02:46.000,44.81,13.94,0.0,0.0,20.38,187593,77.05,79.0,0.001
2023-05-19T19:04:46.000,45.57,15.21,0.0,0.0,20.38,187595,77.18,79.0,0.001
2023-05-19T19:05:47.000,45.87,14.73,0.0,0.0,20.38,187596,77.23,79.0,0.001
2023-05-19T19:07:47.000,45.84,12.97,0.0,0.0,20.38,187598,77.33,79.0,0.001
2023-05-19T19:08:48.000,45.52,13.16,0.0,0.0,20.38,187599,77.38,79.0,0.001
2023-05-19T19:09:48.000,45.49,13.72,0.0,0.0,20.38,187600,77.42,80.0,0.001
2023-05-19T19:24:52.000,46.31,14.94,0.0,0.0,20.38,187615,77.56,80.0,0.001
2023-05-19T19:25:52.000,46.36,13.73,0.0,0.0,20.38,187616,77.54,80.0,0.001
2023-05-19T19:26:52.000,45.9,12.2,0.0,0.0,20.38,187617,77.51,80.0,0.001
2023-05-19T19:28:52.000,45.71,14.23,0.0,0.0,20.38,187619,77.44,80.0,0.001
2023-05-19T19:29:52.000,46.06,15.1,0.0,0.0,20.38,187620,77.4,80.0,0.001
2023-05-19T19:30:52.000,46.44,14.83,0.0,0.0,20.38,187621,77.36,80.0,0.001
2023-05-19T20:17:01.000,48.11,13.76,0.0,0.0,20.38,187667,72.15,75.0,0.001
2023-05-19T20:18:02.000,47.96,13.54,0.0,0.0,20.38,187668,71.99,75.0,0.001
2023-05-19T20:19:02.000,47.94,14.55,0.0,0.0,20.38,187669,71.83,75.0,0.001
2023-05-19T20:21:03.000,48.39,14.8,0.0,0.0,20.38,187671,71.5,74.0,0.001
2023-05-19T20:22:03.000,48.18,14.53,0.0,0.0,20.38,187672,71.33,74.0,0.001
2023-05-19T20:23:04.000,48.27,14.63,0.0,0.0,20.38,187673,71.16,74.0,0.001
2023-05-19T20:32:07.000,48.27,15.05,0.0,0.0,20.38,187682,69.59,72.0,0.001
2023-05-19T20:33:07.000,48.82,15.87,0.0,0.0,20.38,187683,69.41,72.0,0.001
2023-05-19T20:34:07.000,48.93,14.31,0.0,0.0,20.38,187684,69.23,72.0,0.001
2023-05-19T20:36:08.000,49.02,14.95,0.0,0.0,20.38,187686,68.87,72.0,0.001
2023-05-19T20:40:08.000,49.37,14.44,0.0,0.0,20.38,187690,68.14,71.0,0.001
2023-05-19T20:41:09.000,49.34,14.68,0.0,0.0,20.38,187691,67.95,71.0,0.001
2023-05-19T20:42:11.000,49.38,14.51,0.0,0.0,20.38,187692,67.76,71.0,0.001
2023-05-19T21:08:14.000,49.13,14.71,0.0,0.0,20.38,187718,62.75,66.0,0.001
2023-05-19T21:09:14.000,49.1,14.99,0.0,0.0,20.38,187719,62.55,65.0,0.001
2023-05-19T21:10:14.000,49.26,15.01,0.0,0.0,20.38,187720,62.35,65.0,0.001
2023-05-19T21:13:14.000,49.21,14.68,0.0,0.0,20.38,187723,61.75,65.0,0.001
2023-05-19T21:17:14.000,49.47,15.26,0.0,0.0,20.38,187727,60.95,64.0,0.001
2023-05-19T21:18:14.000,49.24,13.78,0.0,0.0,20.38,187728,60.75,64.0,0.001
2023-05-19T21:19:14.000,48.86,13.64,0.0,0.0,20.38,187729,60.55,63.0,0.001
2023-05-19T21:52:23.000,41.44,10.18,0.0,0.0,20.38,187762,53.74,57.0,0.001
2023-05-19T21:53:24.000,41.28,9.97,0.0,0.0,20.38,187763,53.53,57.0,0.001
2023-05-19T21:54:24.000,40.95,9.51,0.0,0.0,20.38,187764,53.32,56.0,0.001
2023-05-19T21:56:24.000,40.56,10.11,0.0,0.0,20.38,187766,52.91,56.0,0.001
2023-05-19T21:57:24.000,40.59,10.69,0.0,0.0,20.38,187767,52.7,56.0,0.001
2023-05-19T21:58:24.000,40.45,10.37,0.0,0.0,20.38,187768,52.49,55.0,0.001
2023-05-19T23:17:39.000,37.36,10.94,0.0,0.0,20.38,187847,35.79,39.0,0.002
2023-05-19T23:18:40.000,37.51,11.02,0.0,0.0,20.38,187848,35.57,39.0,0.002
2023-05-19T23:19:40.000,37.63,11.09,0.0,0.0,20.38,187849,35.36,39.0,0.002
2023-05-19T23:21:42.000,37.65,10.68,0.0,0.0,20.38,187851,34.93,38.0,0.002
2023-05-19T23:22:42.000,37.66,10.9,0.0,0.0,20.38,187852,34.72,38.0,0.002
2023-05-19T23:23:42.000,37.69,10.79,0.0,0.0,20.38,187853,34.51,38.0,0.002
2023-05-20T00:03:51.000,35.87,10.68,0.0,0.0,20.38,187893,26.07,30.0,0.002
2023-05-20T00:04:51.000,35.92,10.84,0.0,0.0,20.38,187894,25.86,30.0,0.002
2023-05-20T00:05:51.000,35.95,10.59,0.0,0.0,20.38,187895,25.65,29.0,0.002
2023-05-20T00:07:51.000,35.89,10.26,0.0,0.0,20.38,187897,25.23,29.0,0.002
2023-05-20T00:08:52.000,35.87,10.36,0.0,0.0,20.38,187898,25.02,29.0,0.002
2023-05-20T00:09:52.000,35.83,10.41,0.0,0.0,20.38,187899,24.81,29.0,0.002
2023-05-20T00:10:52.000,35.93,10.63,0.0,0.0,20.38,187900,24.6,28.0,0.002
2023-05-20T00:11:52.000,36.01,10.42,0.0,0.0,20.38,187901,24.39,28.0,0.002
2023-05-20T00:13:53.000,36.1,10.35,0.0,0.0,20.38,187903,23.97,28.0,0.002
2023-05-20T00:14:53.000,36.2,10.42,0.0,0.0,20.38,187904,23.76,28.0,0.002
2023-05-20T00:15:54.000,36.26,10.44,0.0,0.0,20.38,187905,23.55,27.0,0.002
2023-05-20T00:26:59.000,36.73,13.06,0.0,0.0,20.38,187916,21.24,25.0,0.002
2023-05-20T00:27:59.000,36.69,13.32,0.0,0.0,20.38,187917,21.03,25.0,0.002
2023-05-20T00:29:00.000,36.77,13.42,0.0,0.0,20.38,187918,20.82,25.0,0.002
2023-05-20T00:31:02.000,36.71,12.79,0.0,0.0,20.38,187920,20.4,24.0,0.002
2023-05-20T00:32:01.000,36.73,12.64,0.0,0.0,20.38,187921,20.2,24.0,0.002
2023-05-20T00:33:01.000,36.76,12.5,0.0,0.0,20.38,187922,19.99,24.0,0.002
2023-05-20T00:34:02.000,36.76,12.37,0.0,0.0,20.38,187923,19.78,24.0,0.002
2023-05-20T00:36:02.000,36.82,13.11,0.0,0.0,20.38,187925,19.36,23.0,0.002
2023-05-20T00:37:02.000,36.88,13.56,0.0,0.0,20.38,187926,19.16,23.0,0.002
2023-05-20T00:38:02.000,36.88,13.49,0.0,0.0,20.38,187927,18.95,23.0,0.002
2023-05-20T00:42:02.000,36.45,14.32,0.0,0.0,20.38,187931,18.12,22.0,0.002
2023-05-20T00:43:04.000,36.42,14.29,0.0,0.0,20.38,187932,17.91,22.0,0.002
2023-05-20T00:44:04.000,36.32,14.14,0.0,0.0,20.38,187933,17.7,22.0,0.002
2023-05-20T00:47:04.000,36.13,13.53,0.0,0.0,20.38,187936,17.09,21.0,0.002
2023-05-20T00:48:04.000,36.01,13.38,0.0,0.0,20.38,187937,16.88,21.0,0.002
2023-05-20T00:49:04.000,35.87,13.1,0.0,0.0,20.38,187938,16.68,21.0,0.002
2023-05-20T00:50:04.000,35.76,12.74,0.0,0.0,20.38,187939,16.47,21.0,0.002
2023-05-20T00:51:04.000,35.61,12.21,0.0,0.0,20.38,187940,16.26,20.0,0.002
2023-05-20T00:53:05.000,35.45,11.34,0.0,0.0,20.38,187942,15.85,20.0,0.002
2023-05-20T00:54:05.000,35.33,11.01,0.0,0.0,20.38,187943,15.64,20.0,0.002
2023-05-20T00:55:06.000,35.3,10.84,0.0,0.0,20.38,187944,15.44,20.0,0.002
2023-05-20T01:06:06.000,35.11,9.58,0.0,0.0,20.38,187955,13.19,17.0,0.002
2023-05-20T01:07:07.000,35.17,9.63,0.0,0.0,20.38,187956,12.98,17.0,0.002
2023-05-20T01:08:07.000,35.12,9.17,0.0,0.0,20.38,187957,12.78,17.0,0.002
2023-05-20T01:10:07.000,34.85,9.03,0.0,0.0,20.38,187959,12.37,17.0,0.002
2023-05-20T01:11:07.000,34.73,8.87,0.0,0.0,20.38,187960,12.17,16.0,0.002
2023-05-20T01:12:07.000,34.59,8.81,0.0,0.0,20.38,187961,11.96,16.0,0.002
2023-05-20T01:14:07.000,34.5,8.64,0.0,0.0,20.38,187963,11.56,16.0,0.002
2023-05-20T01:15:07.000,34.41,8.63,0.0,0.0,20.38,187964,11.35,16.0,0.002
2023-05-20T01:16:07.000,34.38,8.77,0.0,0.0,20.38,187965,11.15,16.0,0.002
2023-05-20T01:38:13.000,33.6,8.25,0.0,0.0,20.38,187987,6.71,11.0,0.002
2023-05-20T01:39:13.000,33.54,8.06,0.0,0.0,20.38,187988,6.51,11.0,0.002
2023-05-20T01:40:13.000,33.45,8.04,0.0,0.0,20.38,187989,6.31,11.0,0.002
2023-05-20T01:41:13.000,33.37,8.01,0.1,0.09,20.38,187990,6.11,11.0,0.002
2023-05-20T01:42:17.000,33.3,7.92,0.0,0.0,20.38,187991,5.9,10.0,0.002
2023-05-20T01:43:17.000,33.19,7.91,0.0,0.0,20.38,187992,5.7,10.0,0.002
2023-05-20T01:44:17.000,33.14,7.8,0.0,0.0,20.38,187993,5.5,10.0,0.002
2023-05-20T01:45:17.000,33.06,7.77,0.0,0.0,20.38,187994,5.3,10.0,0.002
2023-05-20T01:46:17.000,33.01,7.86,0.43,0.18,20.38,187995,5.1,10.0,0.002
2023-05-20T01:47:17.000,33.0,7.87,0.0,0.0,20.38,187996,4.9,10.0,0.002
2023-05-20T01:48:17.000,33.0,7.72,0.0,0.0,20.38,187997,4.71,9.0,0.002
2023-05-20T01:49:17.000,32.88,7.51,0.0,0.0,20.38,187998,4.51,9.0,0.002
2023-05-20T01:53:19.000,32.37,7.12,0.0,0.0,20.38,188002,3.71,8.0,0.002
2023-05-20T01:54:19.000,32.26,7.06,0.0,0.0,20.38,188003,3.52,8.0,0.002
2023-05-20T01:55:19.000,32.19,7.22,0.0,0.0,20.38,188004,3.32,8.0,0.002
2023-05-20T02:05:20.000,31.34,6.39,0.0,0.0,20.38,188014,1.36,6.0,0.003
2023-05-20T02:09:21.000,31.06,6.34,0.0,0.0,20.38,188018,0.58,5.0,0.003
2023-05-20T02:10:21.000,30.97,6.16,0.0,0.0,20.38,188019,0.38,5.0,0.003
2023-05-20T02:11:21.000,30.9,6.22,0.0,0.0,20.38,188020,0.19,5.0,0.003
2023-05-20T02:13:23.000,30.82,6.11,0.0,0.0,20.38,188022,-0.2,5.0,0.003
2023-05-20T02:14:22.000,30.81,6.18,0.0,0.0,20.38,188023,-0.39,4.0,0.003
2023-05-20T02:15:22.000,30.8,6.13,0.0,0.0,20.38,188024,-0.59,4.0,0.003
2023-05-20T02:16:22.000,30.79,6.12,52483.12,7.07,20.38,188025,-0.78,4.0,0.003
2023-05-20T02:17:22.000,30.77,6.01,56599.48,8.5,20.38,188026,-0.97,4.0,0.003
2023-05-20T02:18:23.000,30.68,5.81,50866.69,8.61,20.38,188027,-1.17,4.0,0.003
2023-05-20T02:19:23.000,30.64,5.96,45551.21,8.73,20.38,188028,-1.36,4.0,0.003
2023-05-20T02:20:23.000,30.65,5.95,40606.36,8.86,20.38,188029,-1.55,3.0,0.003
2023-05-20T02:21:23.000,30.57,5.75,35914.18,8.99,20.38,188030,-1.74,3.0,0.003
2023-05-20T02:22:24.000,30.56,5.98,31457.55,9.14,20.38,188031,-1.94,3.0,0.003
2023-05-20T02:23:23.000,30.55,5.85,26740.05,9.45,20.38,188032,-2.13,3.0,0.003
2023-05-20T02:24:24.000,30.52,5.72,23595.35,9.45,20.38,188033,-2.32,3.0,0.003
2023-05-20T02:25:24.000,30.46,5.79,20215.93,9.62,20.38,188034,-2.51,2.0,0.003
2023-05-20T02:26:24.000,30.46,5.82,17117.91,9.8,20.38,188035,-2.7,2.0,0.003
2023-05-20T02:27:24.000,30.38,5.6,14354.67,9.99,20.38,188036,-2.89,2.0,0.003
2023-05-20T02:28:24.000,30.28,5.52,11978.56,10.19,20.38,188037,-3.08,2.0,0.003
2023-05-20T02:29:26.000,30.18,5.51,9931.8,10.39,20.38,188038,-3.28,2.0,0.003
2023-05-20T02:34:27.000,29.94,5.66,3569.4,11.5,20.38,188043,-4.23,1.0,0.003
2023-05-20T02:35:27.000,29.88,5.44,2883.76,11.73,20.38,188044,-4.42,1.0,0.003
2023-05-20T02:36:27.000,29.8,5.58,2326.45,11.97,20.38,188045,-4.61,0.0,0.003
2023-05-20T02:37:27.000,29.77,5.6,1871.42,12.2,20.38,188046,-4.8,0.0,0.003
2023-05-20T02:38:27.000,29.71,5.5,1503.82,12.44,20.38,188047,-4.98,0.0,0.003
2023-05-20T02:39:27.000,29.64,5.45,1209.42,12.68,20.38,188048,-5.17,-0.0,0.003
2023-05-20T02:40:27.000,29.6,5.5,972.36,12.91,20.38,188049,-5.36,-0.0,0.003
2023-05-20T02:41:27.000,29.56,5.54,782.36,13.15,20.38,188050,-5.55,-0.0,0.003
2023-05-20T02:42:28.000,29.59,5.77,627.47,13.39,20.38,188051,-5.74,-1.0,0.003
2023-05-20T02:43:28.000,29.61,5.77,499.6,13.64,20.38,188052,-5.92,-1.0,0.003
2023-05-20T02:44:28.000,29.61,5.62,396.2,13.89,20.38,188053,-6.11,-1.0,0.003
2023-05-20T02:45:28.000,29.58,5.74,312.74,14.14,20.38,188054,-6.3,-1.0,0.003
2023-05-20T02:46:28.000,29.59,5.78,246.52,14.4,20.38,188055,-6.48,-1.0,0.003
2023-05-20T02:47:28.000,29.6,5.84,197.98,14.64,20.38,188056,-6.67,-2.0,0.003
2023-05-20T02:48:28.000,29.59,5.71,159.96,14.87,20.38,188057,-6.85,-2.0,0.003
2023-05-20T02:49:28.000,29.56,5.74,123.23,15.16,20.38,188058,-7.04,-2.0,0.003
2023-05-20T02:50:28.000,29.48,5.63,94.72,15.44,20.38,188059,-7.22,-2.0,0.003
2023-05-20T02:51:28.000,29.49,5.91,74.32,15.7,20.38,188060,-7.41,-2.0,0.003
2023-05-20T02:52:28.000,29.5,5.79,58.95,15.96,20.38,188061,-7.59,-2.0,0.003
2023-05-20T02:53:29.000,29.48,5.7,46.42,16.21,20.38,188062,-7.78,-3.0,0.003
2023-05-20T02:54:29.000,29.45,5.72,38.14,16.43,20.38,188063,-7.96,-3.0,0.003
2023-05-20T02:55:30.000,29.43,5.77,31.04,16.65,20.38,188064,-8.15,-3.0,0.003
2023-05-20T02:56:30.000,29.4,5.88,25.65,16.86,20.38,188065,-8.33,-3.0,0.003
2023-05-20T02:57:30.000,29.35,6.07,21.32,17.06,20.38,188066,-8.52,-3.0,0.003
2023-05-20T02:58:30.000,29.39,6.28,17.96,17.25,20.38,188067,-8.7,-3.0,0.003
2023-05-20T02:59:30.000,29.38,6.3,15.47,17.41,20.38,188068,-8.88,-4.0,0.003
2023-05-20T03:00:30.000,29.31,6.37,13.79,17.53,20.38,188069,-9.06,-4.0,0.003
2023-05-20T03:01:30.000,29.29,6.71,11.86,17.7,20.38,188070,-9.25,-4.0,0.003
2023-05-20T03:02:31.000,29.28,7.02,10.43,17.84,20.38,188071,-9.43,-4.0,0.003
2023-05-20T03:04:31.000,29.22,7.74,8.74,18.03,20.38,188073,-9.79,-5.0,0.003
2023-05-20T03:05:31.000,29.14,8.22,8.81,18.02,20.38,188074,-9.97,-5.0,0.003
2023-05-20T03:06:31.000,29.13,8.74,8.8,18.02,20.38,188075,-10.15,-5.0,0.003
2023-05-20T03:07:31.000,29.11,9.3,9.06,17.99,20.38,188076,-10.33,-5.0,0.003
2023-05-20T03:08:31.000,29.08,9.72,9.54,17.93,20.38,188077,-10.51,-5.0,0.003
2023-05-20T03:09:32.000,29.07,10.27,9.86,17.9,20.38,188078,-10.7,-5.0,0.003
2023-05-20T03:10:32.000,29.06,10.38,9.58,17.93,20.38,188079,-10.88,-6.0,0.003
2023-05-20T03:11:32.000,29.02,10.57,8.81,18.02,20.38,188080,-11.05,-6.0,0.003
2023-05-20T03:12:32.000,28.97,10.68,8.19,18.1,20.38,188081,-11.23,-6.0,0.003
2023-05-20T03:14:33.000,28.94,11.05,7.05,18.26,20.38,188083,-11.59,-6.0,0.003
2023-05-20T03:15:33.000,28.93,11.06,6.32,18.38,20.38,188084,-11.77,-6.0,0.003
2023-05-20T03:16:33.000,28.93,10.95,5.84,18.46,20.38,188085,-11.95,-7.0,0.003
2023-05-20T03:17:33.000,28.92,10.93,5.86,18.46,20.38,188086,-12.12,-7.0,0.003
2023-05-20T03:18:33.000,28.92,10.78,5.69,18.49,20.38,188087,-12.3,-7.0,0.003
2023-05-20T03:19:33.000,28.89,10.78,5.36,18.56,20.38,188088,-12.48,-7.0,0.003
2023-05-20T03:20:35.000,28.91,10.97,5.5,18.53,20.38,188089,-12.66,-7.0,0.003
2023-05-20T03:21:35.000,28.88,10.9,5.77,18.48,20.38,188090,-12.84,-7.0,0.003
2023-05-20T03:22:37.000,28.9,11.07,5.83,18.47,20.38,188091,-13.02,-8.0,0.003
2023-05-20T03:23:37.000,28.89,11.14,6.18,18.4,20.38,188092,-13.19,-8.0,0.003
2023-05-20T03:24:38.000,28.89,11.32,6.78,18.3,20.38,188093,-13.37,-8.0,0.003
2023-05-20T03:25:38.000,28.88,11.49,7.54,18.19,20.38,188094,-13.54,-8.0,0.003
2023-05-20T03:26:38.000,28.89,11.81,7.85,18.14,20.38,188095,-13.72,-8.0,0.003
2023-05-20T03:27:38.000,28.89,12.05,9.17,17.98,20.38,188096,-13.89,-8.0,0.003
