Downloads/jupyter/ECSV/stars19/stars19_2021-03.ecsv
# %ECSV 1.0
# ---
# datatype:
# - {name: time, datatype: string}
# - {name: Enclosure Temperature, unit: deg_C, datatype: float64}
# - {name: Sky Temperature, unit: deg_C, datatype: float64}
# - {name: Frequency, unit: Hz, datatype: float64}
# - {name: MSAS, unit: mag / arcsec2, datatype: float64}
# - {name: ZP, datatype: float64}
# - {name: Sequence Number, datatype: int64}
# - {name: Sun Alt, unit: deg, datatype: float64}
# - {name: Moon Alt, unit: deg, datatype: float64}
# - {name: Moon Illumination, datatype: float64}
# delimiter: ','
# meta: !!omap
# - ida:
#     Data supplier: {affiliation: null, observer: null}
#     Device type: TESS-W
#     Field of view: 17.0
#     Filters per channel: None
#     Instrument ID: stars19
#     License: ODbL 1.0 http://opendatacommons.org/licenses/odbl/summary/
#     Local timezone: America/Phoenix
#     Location name: {country: '- Tucson', place: Tucson, region: United States, sub_region: Arizona, town: Pima County}
#     Measurement direction per channel: {azimuth: 0.0, zenital: 0.0}
#     Moving / Fixed look direction: FIXED
#     Moving / Stationary position: STATIONARY
#     Number of channels: 1
#     Number of fields per line: 8
#     Number of header lines: 35
#     Position: {height: 0.0, latitude: 32.223877, longitude: -110.767532}
#     TESS MAC address: 18:FE:34:CF:EC:06
#     TESS cover offset value: 0.0
#     TESS firmware version: '1.0'
#     TESS zero point: 20.5
#     Time Synchronization: timestamp added by MQTT subscriber
#     URL: http://www.darksky.org/NSBM/sdf1.0.pdf
# - __serialized_columns__:
#     Enclosure Temperature:
#       __class__: astropy.units.quantity.Quantity
#       unit: &id001 !astropy.units.Unit {unit: deg_C}
#       value: !astropy.table.SerializedColumn {name: Enclosure Temperature}
#     Frequency:
#       __class__: astropy.units.quantity.Quantity
#       unit: !astropy.units.Unit {unit: Hz}
#       value: !astropy.table.SerializedColumn {name: Frequency}
#     MSAS:
#       __class__: astropy.units.quantity.Quantity
#       unit: !astropy.units.Unit {unit: mag / arcsec2}
#       value: !astropy.table.SerializedColumn {name: MSAS}
#     Moon Alt:
#       __class__: astropy.units.quantity.Quantity
#       unit: &id002 !astropy.units.Unit {unit: deg}
#       value: !astropy.table.SerializedColumn {name: Moon Alt}
#     Sky Temperature:
#       __class__: astropy.units.quantity.Quantity
#       unit: *id001
#       value: !astropy.table.SerializedColumn {name: Sky Temperature}
#     Sun Alt:
#       __class__: astropy.units.quantity.Quantity
#       unit: *id002
#       value: !astropy.table.SerializedColumn {name: Sun Alt}
#     time:
#       __class__: astropy.time.core.Time
#       format: isot
#       in_subfmt: '*'
#       out_subfmt: '*'
#       precision: 3
#       scale: utc
#       value: !astropy.table.SerializedColumn {name: time}
# schema: astropy-2.0
time,Enclosure Temperature,Sky Temperature,Frequency,MSAS,ZP,Sequence Number,Sun Alt,Moon Alt,Moon Illumination
[from data line 5790]
2021-03-08T00:24:47.000,33.14,5.79,0.0,0.0,20.5,57083,11.83,-53.0,0.291
2021-03-08T00:25:47.000,33.14,6.02,0.0,0.0,20.5,57084,11.62,-53.0,0.291
2021-03-08T00:26:47.000,33.17,6.25,0.0,0.0,20.5,57085,11.42,-53.0,0.291
2021-03-08T00:58:49.000,31.77,3.69,0.0,0.0,20.5,57117,4.77,-60.0,0.289
2021-03-08T00:59:49.000,31.67,3.52,0.0,0.0,20.5,57118,4.56,-60.0,0.288
2021-03-08T01:00:49.000,31.58,3.56,0.0,0.0,20.5,57119,4.35,-60.0,0.288
2021-03-08T01:02:49.000,31.45,3.78,0.0,0.0,20.5,57121,3.94,-60.0,0.288
2021-03-08T01:03:49.000,31.39,4.07,0.0,0.0,20.5,57122,3.73,-61.0,0.288
2021-03-08T01:04:49.000,31.33,4.29,0.0,0.0,20.5,57123,3.52,-61.0,0.288
2021-03-08T01:08:49.000,31.04,5.23,0.0,0.0,20.5,57127,2.68,-62.0,0.288
2021-03-08T01:09:49.000,30.93,5.31,0.0,0.0,20.5,57128,2.47,-62.0,0.288
2021-03-08T01:10:49.000,30.88,5.41,0.0,0.0,20.5,57129,2.26,-62.0,0.288
2021-03-08T01:11:50.000,30.83,5.37,0.16,0.09,20.5,57130,2.05,-62.0,0.288
2021-03-08T01:12:49.000,30.77,5.37,0.0,0.0,20.5,57131,1.84,-62.0,0.288
2021-03-08T01:13:49.000,30.69,5.25,0.0,0.0,20.5,57132,1.63,-63.0,0.287
2021-03-08T01:15:50.000,30.57,5.25,0.0,0.0,20.5,57134,1.21,-63.0,0.287
2021-03-08T01:16:50.000,30.51,5.27,0.0,0.0,20.5,57135,1.0,-63.0,0.287
2021-03-08T01:17:50.000,30.46,5.28,0.0,0.0,20.5,57136,0.79,-63.0,0.287
2021-03-08T01:23:50.000,30.0,4.28,0.0,0.0,20.5,57142,-0.47,-65.0,0.287
2021-03-08T01:24:50.000,29.9,3.95,0.0,0.0,20.5,57143,-0.69,-65.0,0.287
2021-03-08T01:25:50.000,29.8,3.56,0.0,0.0,20.5,57144,-0.9,-65.0,0.287
2021-03-08T01:26:50.000,29.7,3.18,37746.07,5.14,20.5,57145,-1.11,-65.0,0.287
2021-03-08T01:27:50.000,29.61,2.72,54476.14,8.54,20.5,57146,-1.32,-65.0,0.287
2021-03-08T01:28:50.000,29.49,2.29,46602.32,8.71,20.5,57147,-1.53,-66.0,0.286
2021-03-08T01:29:50.000,29.38,1.96,40302.27,8.87,20.5,57148,-1.74,-66.0,0.286
2021-03-08T01:30:51.000,29.26,1.67,34398.91,9.11,20.5,57149,-1.95,-66.0,0.286
2021-03-08T01:31:51.000,29.14,1.48,29400.72,9.21,20.5,57150,-2.16,-66.0,0.286
2021-03-08T01:32:51.000,29.04,1.34,24842.47,9.39,20.5,57151,-2.37,-66.0,0.286
2021-03-08T01:33:51.000,28.94,1.23,20841.13,9.58,20.5,57152,-2.58,-67.0,0.286
2021-03-08T01:35:10.000,28.83,1.06,17377.15,9.78,20.5,57153,-2.86,-67.0,0.286
2021-03-08T01:36:10.000,28.68,1.07,13582.59,10.05,20.5,57154,-3.07,-67.0,0.286
2021-03-08T01:37:10.000,28.57,1.01,11147.06,10.26,20.5,57155,-3.28,-67.0,0.286
2021-03-08T01:38:10.000,28.48,1.01,9070.62,10.49,20.5,57156,-3.5,-67.0,0.286
2021-03-08T01:39:10.000,28.4,1.03,7370.18,10.71,20.5,57157,-3.71,-68.0,0.286
2021-03-08T01:40:10.000,28.29,0.98,5964.94,10.94,20.5,57158,-3.92,-68.0,0.286
2021-03-08T01:41:10.000,28.22,0.98,4639.47,11.22,20.5,57159,-4.13,-68.0,0.286
2021-03-08T01:42:10.000,28.13,1.02,3676.22,11.47,20.5,57160,-4.34,-68.0,0.286
2021-03-08T01:43:10.000,28.05,0.94,2862.69,11.74,20.5,57161,-4.55,-68.0,0.285
2021-03-08T01:44:10.000,27.97,0.93,2202.54,12.03,20.5,57162,-4.76,-69.0,0.285
2021-03-08T01:45:10.000,27.89,0.91,1680.2,12.32,20.5,57163,-4.97,-69.0,0.285
2021-03-08T01:46:10.000,27.84,0.86,1284.69,12.61,20.5,57164,-5.18,-69.0,0.285
2021-03-08T01:47:11.000,27.76,0.79,980.58,12.9,20.5,57165,-5.4,-69.0,0.285
2021-03-08T01:48:11.000,27.7,0.75,749.0,13.2,20.5,57166,-5.61,-69.0,0.285
2021-03-08T01:50:13.000,27.59,0.8,447.0,13.76,20.5,57168,-6.04,-70.0,0.285
2021-03-08T01:51:13.000,27.53,0.71,337.96,14.06,20.5,57169,-6.25,-70.0,0.285
2021-03-08T01:52:13.000,27.48,0.71,252.38,14.38,20.5,57170,-6.46,-70.0,0.285
2021-03-08T01:53:13.000,27.41,0.73,186.47,14.71,20.5,57171,-6.67,-70.0,0.285
2021-03-08T01:54:13.000,27.35,0.58,140.47,15.01,20.5,57172,-6.88,-71.0,0.285
2021-03-08T01:56:13.000,27.2,0.51,86.29,15.54,20.5,57174,-7.31,-71.0,0.285
2021-03-08T01:57:13.000,27.07,0.41,70.43,15.76,20.5,57175,-7.52,-71.0,0.285
2021-03-08T01:58:13.000,26.94,0.46,52.86,16.08,20.5,57176,-7.73,-71.0,0.284
2021-03-08T01:59:13.000,26.85,0.52,42.83,16.3,20.5,57177,-7.94,-72.0,0.284
2021-03-08T02:00:13.000,26.75,0.62,34.42,16.54,20.5,57178,-8.15,-72.0,0.284
2021-03-08T02:01:13.000,26.65,0.63,27.27,16.79,20.5,57179,-8.36,-72.0,0.284
2021-03-08T02:02:14.000,26.59,0.93,23.26,16.96,20.5,57180,-8.58,-72.0,0.284
2021-03-08T02:03:14.000,26.56,0.93,19.28,17.17,20.5,57181,-8.79,-72.0,0.284
2021-03-08T02:04:14.000,26.53,0.96,16.65,17.33,20.5,57182,-9.0,-73.0,0.284
2021-03-08T02:05:14.000,26.5,1.0,14.39,17.49,20.5,57183,-9.21,-73.0,0.284
2021-03-08T02:06:14.000,26.45,1.0,12.24,17.66,20.5,57184,-9.42,-73.0,0.284
2021-03-08T02:07:14.000,26.42,1.06,9.95,17.89,20.5,57185,-9.64,-73.0,0.284
2021-03-08T02:09:14.000,26.29,0.7,7.59,18.18,20.5,57187,-10.06,-73.0,0.284
2021-03-08T02:10:15.000,26.21,0.79,6.7,18.32,20.5,57188,-10.27,-74.0,0.284
2021-03-08T02:11:15.000,26.17,0.71,5.82,18.47,20.5,57189,-10.48,-74.0,0.284
2021-03-08T02:13:15.000,26.1,0.55,4.25,18.81,20.5,57191,-10.91,-74.0,0.283
2021-03-08T02:14:15.000,26.01,0.3,3.77,18.94,20.5,57192,-11.12,-74.0,0.283
2021-03-08T02:15:15.000,25.95,0.26,3.37,19.06,20.5,57193,-11.33,-75.0,0.283
2021-03-08T02:16:15.000,25.92,0.42,3.09,19.15,20.5,57194,-11.54,-75.0,0.283
2021-03-08T02:19:15.000,25.82,1.12,2.92,19.22,20.5,57197,-12.18,-75.0,0.283
2021-03-08T02:20:15.000,25.8,1.64,2.94,19.21,20.5,57198,-12.39,-75.0,0.283
2021-03-08T02:22:18.000,25.73,2.67,4.88,18.66,20.5,57200,-12.82,-76.0,0.283
2021-03-08T02:23:18.000,25.66,3.15,6.11,18.42,20.5,57201,-13.03,-76.0,0.283
2021-03-08T02:24:18.000,25.63,3.59,5.86,18.46,20.5,57202,-13.24,-76.0,0.283
2021-03-08T02:25:18.000,25.62,3.68,4.99,18.64,20.5,57203,-13.45,-76.0,0.283
2021-03-08T02:26:18.000,25.63,3.7,4.7,18.7,20.5,57204,-13.66,-77.0,0.283
2021-03-08T02:27:18.000,25.63,3.68,4.75,18.69,20.5,57205,-13.88,-77.0,0.282
2021-03-08T02:30:19.000,25.65,3.7,5.78,18.48,20.5,57208,-14.51,-77.0,0.282
2021-03-08T02:31:19.000,25.66,3.84,6.34,18.37,20.5,57209,-14.72,-77.0,0.282
2021-03-08T02:32:19.000,25.65,3.87,6.59,18.33,20.5,57210,-14.93,-78.0,0.282
2021-03-08T02:33:19.000,25.64,3.82,6.42,18.36,20.5,57211,-15.14,-78.0,0.282
2021-03-08T02:34:19.000,25.62,3.62,5.74,18.48,20.5,57212,-15.36,-78.0,0.282
2021-03-08T02:35:19.000,25.61,3.35,4.65,18.71,20.5,57213,-15.57,-78.0,0.282
2021-03-08T02:36:19.000,25.6,2.83,3.74,18.95,20.5,57214,-15.78,-78.0,0.282
2021-03-08T02:37:19.000,25.56,2.14,2.82,19.26,20.5,57215,-15.99,-78.0,0.282
2021-03-08T02:38:19.000,25.5,1.5,2.3,19.48,20.5,57216,-16.2,-79.0,0.282
2021-03-08T02:39:19.000,25.43,0.86,2.01,19.62,20.5,57217,-16.41,-79.0,0.282
2021-03-08T02:40:20.000,25.36,0.42,1.89,19.69,20.5,57218,-16.62,-79.0,0.282
2021-03-08T02:41:20.000,25.3,0.08,1.81,19.74,20.5,57219,-16.83,-79.0,0.282
2021-03-08T02:42:20.000,25.25,-0.02,1.74,19.78,20.5,57220,-17.04,-79.0,0.281
2021-03-08T02:43:20.000,25.19,-0.13,1.69,19.81,20.5,57221,-17.26,-79.0,0.281
2021-03-08T02:44:20.000,25.14,-0.2,1.66,19.83,20.5,57222,-17.47,-80.0,0.281
2021-03-08T02:45:20.000,25.08,-0.23,1.65,19.83,20.5,57223,-17.68,-80.0,0.281
2021-03-08T02:46:20.000,25.01,-0.26,1.68,19.82,20.5,57224,-17.89,-80.0,0.281
2021-03-08T02:47:20.000,24.96,-0.22,1.74,19.78,20.5,57225,-18.1,-80.0,0.281
2021-03-08T02:48:20.000,24.92,-0.17,1.83,19.72,20.5,57226,-18.31,-80.0,0.281
2021-03-08T02:49:20.000,24.86,-0.19,1.9,19.68,20.5,57227,-18.52,-80.0,0.281
2021-03-08T02:50:20.000,24.82,0.0,2.05,19.6,20.5,57228,-18.73,-80.0,0.281
2021-03-08T02:51:20.000,24.79,0.15,2.26,19.49,20.5,57229,-18.94,-81.0,0.281
2021-03-08T02:52:20.000,24.76,0.42,2.56,19.36,20.5,57230,-19.15,-81.0,0.281
2021-03-08T02:54:21.000,24.72,1.3,3.17,19.13,20.5,57232,-19.57,-81.0,0.281
2021-03-08T02:55:21.000,24.69,1.86,3.67,18.97,20.5,57233,-19.78,-81.0,0.281
2021-03-08T02:56:21.000,24.68,2.48,4.28,18.8,20.5,57234,-19.99,-81.0,0.28
2021-03-08T02:57:21.000,24.67,3.05,4.94,18.65,20.5,57235,-20.2,-81.0,0.28
2021-03-08T02:58:21.000,24.7,3.61,5.06,18.62,20.5,57236,-20.41,-82.0,0.28
2021-03-08T02:59:21.000,24.72,3.95,5.27,18.57,20.5,57237,-20.62,-82.0,0.28
2021-03-08T03:00:21.000,24.73,4.34,5.81,18.47,20.5,57238,-20.83,-82.0,0.28
2021-03-08T03:01:21.000,24.76,4.63,6.13,18.41,20.5,57239,-21.04,-82.0,0.28
2021-03-08T03:02:21.000,24.79,4.78,6.08,18.42,20.5,57240,-21.25,-82.0,0.28
2021-03-08T03:03:21.000,24.81,4.71,5.85,18.46,20.5,57241,-21.46,-82.0,0.28
2021-03-08T03:04:22.000,24.82,4.42,5.47,18.53,20.5,57242,-21.67,-82.0,0.28
2021-03-08T03:05:22.000,24.82,3.96,5.0,18.63,20.5,57243,-21.88,-82.0,0.28
2021-03-08T03:06:22.000,24.82,3.48,4.12,18.85,20.5,57244,-22.09,-82.0,0.28
2021-03-08T03:07:22.000,24.8,2.74,3.05,19.17,20.5,57245,-22.3,-82.0,0.28
2021-03-08T03:08:22.000,24.77,2.03,2.56,19.36,20.5,57246,-22.51,-82.0,0.28
2021-03-08T03:09:22.000,24.72,1.36,2.27,19.49,20.5,57247,-22.72,-83.0,0.28
2021-03-08T03:10:22.000,24.66,0.81,2.23,19.51,20.5,57248,-22.92,-83.0,0.28
2021-03-08T03:11:26.000,24.63,0.51,2.3,19.48,20.5,57249,-23.15,-83.0,0.279
2021-03-08T03:12:25.000,24.59,0.31,2.27,19.49,20.5,57250,-23.35,-83.0,0.279
2021-03-08T03:13:25.000,24.55,0.28,2.24,19.5,20.5,57251,-23.56,-83.0,0.279
2021-03-08T03:14:26.000,24.5,0.32,2.22,19.51,20.5,57252,-23.77,-83.0,0.279
2021-03-08T03:15:26.000,24.45,0.29,2.19,19.53,20.5,57253,-23.98,-83.0,0.279
2021-03-08T03:16:26.000,24.42,0.3,2.12,19.56,20.5,57254,-24.19,-83.0,0.279
2021-03-08T03:17:26.000,24.4,0.3,2.01,19.62,20.5,57255,-24.4,-83.0,0.279
2021-03-08T03:18:26.000,24.37,0.22,1.98,19.64,20.5,57256,-24.6,-83.0,0.279
2021-03-08T03:19:26.000,24.32,0.09,2.01,19.62,20.5,57257,-24.81,-83.0,0.279
2021-03-08T03:20:26.000,24.27,-0.05,2.17,19.54,20.5,57258,-25.02,-83.0,0.279
2021-03-08T03:21:26.000,24.24,-0.26,2.11,19.57,20.5,57259,-25.23,-83.0,0.279
2021-03-08T03:22:26.000,24.19,-0.49,1.98,19.64,20.5,57260,-25.44,-83.0,0.279
2021-03-08T03:23:26.000,24.13,-0.82,1.86,19.71,20.5,57261,-25.64,-83.0,0.279
2021-03-08T03:24:26.000,24.08,-1.11,1.77,19.76,20.5,57262,-25.85,-83.0,0.279
2021-03-08T03:25:26.000,24.06,-1.12,1.74,19.78,20.5,57263,-26.06,-83.0,0.279
2021-03-08T03:26:26.000,24.03,-1.27,1.76,19.77,20.5,57264,-26.27,-83.0,0.278
2021-03-08T03:27:26.000,23.99,-1.2,1.8,19.74,20.5,57265,-26.47,-83.0,0.278
2021-03-08T03:28:26.000,23.95,-1.24,1.85,19.71,20.5,57266,-26.68,-83.0,0.278
2021-03-08T03:29:26.000,23.91,-1.21,1.91,19.68,20.5,57267,-26.89,-83.0,0.278
2021-03-08T03:30:26.000,23.88,-1.09,2.08,19.59,20.5,57268,-27.09,-83.0,0.278
2021-03-08T03:31:27.000,23.83,-1.2,2.15,19.55,20.5,57269,-27.3,-83.0,0.278
2021-03-08T03:32:27.000,23.8,-1.14,2.13,19.56,20.5,57270,-27.51,-83.0,0.278
2021-03-08T03:33:27.000,23.74,-1.21,2.16,19.54,20.5,57271,-27.72,-83.0,0.278
2021-03-08T03:34:27.000,23.67,-1.1,2.3,19.48,20.5,57272,-27.92,-83.0,0.278
2021-03-08T03:35:27.000,23.6,-1.05,2.41,19.43,20.5,57273,-28.13,-82.0,0.278
2021-03-08T03:36:27.000,23.55,-1.1,2.48,19.39,20.5,57274,-28.33,-82.0,0.278
2021-03-08T03:38:27.000,23.43,-0.3,2.85,19.24,20.5,57276,-28.74,-82.0,0.278
2021-03-08T03:39:27.000,23.43,0.08,3.5,19.02,20.5,57277,-28.95,-82.0,0.278
2021-03-08T03:40:28.000,23.42,0.53,4.95,18.65,20.5,57278,-29.16,-82.0,0.277
2021-03-08T03:41:28.000,23.4,1.17,7.01,18.27,20.5,57279,-29.36,-82.0,0.277
2021-03-08T03:42:28.000,23.39,1.79,8.42,18.07,20.5,57280,-29.57,-82.0,0.277
2021-03-08T03:43:28.000,23.4,2.45,9.4,17.95,20.5,57281,-29.77,-82.0,0.277
2021-03-08T03:44:28.000,23.41,2.85,10.2,17.86,20.5,57282,-29.98,-82.0,0.277
2021-03-08T03:45:31.000,23.42,3.07,10.8,17.8,20.5,57283,-30.19,-81.0,0.277
2021-03-08T03:46:31.000,23.41,3.03,10.45,17.83,20.5,57284,-30.4,-81.0,0.277
2021-03-08T03:47:31.000,23.4,3.01,7.94,18.13,20.5,57285,-30.6,-81.0,0.277
2021-03-08T03:48:31.000,23.39,2.78,6.36,18.37,20.5,57286,-30.81,-81.0,0.277
2021-03-08T03:49:31.000,23.36,2.53,5.72,18.49,20.5,57287,-31.01,-81.0,0.277
2021-03-08T03:50:31.000,23.31,2.13,5.22,18.59,20.5,57288,-31.22,-81.0,0.277
2021-03-08T03:51:31.000,23.24,1.87,4.77,18.68,20.5,57289,-31.42,-81.0,0.277
2021-03-08T03:52:31.000,23.21,1.74,4.56,18.73,20.5,57290,-31.62,-81.0,0.277
2021-03-08T03:53:31.000,23.21,1.63,4.35,18.78,20.5,57291,-31.83,-80.0,0.277
2021-03-08T03:54:31.000,23.22,1.45,4.19,18.82,20.5,57292,-32.03,-80.0,0.277
2021-03-08T03:56:32.000,23.22,1.07,3.96,18.89,20.5,57294,-32.44,-80.0,0.276
2021-03-08T03:57:32.000,23.17,0.81,3.98,18.88,20.5,57295,-32.64,-80.0,0.276
2021-03-08T03:58:32.000,23.08,0.69,3.97,18.88,20.5,57296,-32.84,-80.0,0.276
2021-03-08T03:59:32.000,23.04,0.72,3.85,18.92,20.5,57297,-33.05,-79.0,0.276
2021-03-08T04:00:32.000,23.02,0.63,3.55,19.0,20.5,57298,-33.25,-79.0,0.276
2021-03-08T04:01:32.000,23.0,0.51,3.23,19.11,20.5,57299,-33.45,-79.0,0.276
2021-03-08T04:02:32.000,22.95,0.21,2.96,19.2,20.5,57300,-33.65,-79.0,0.276
2021-03-08T04:03:32.000,22.92,0.07,2.6,19.34,20.5,57301,-33.85,-79.0,0.276
2021-03-08T04:04:32.000,22.9,-0.23,2.27,19.49,20.5,57302,-34.05,-79.0,0.276
2021-03-08T04:05:32.000,22.85,-0.66,2.09,19.58,20.5,57303,-34.25,-79.0,0.276
2021-03-08T04:06:32.000,22.77,-0.97,1.92,19.67,20.5,57304,-34.46,-78.0,0.276
2021-03-08T04:07:32.000,22.72,-1.11,1.82,19.73,20.5,57305,-34.66,-78.0,0.276
2021-03-08T04:08:32.000,22.69,-1.39,1.75,19.77,20.5,57306,-34.86,-78.0,0.276
2021-03-08T04:09:32.000,22.63,-1.59,1.69,19.81,20.5,57307,-35.06,-78.0,0.276
2021-03-08T04:10:32.000,22.58,-1.71,1.62,19.85,20.5,57308,-35.26,-78.0,0.275
2021-03-08T04:11:33.000,22.53,-1.91,1.55,19.9,20.5,57309,-35.46,-78.0,0.275
2021-03-08T04:12:33.000,22.48,-2.11,1.5,19.94,20.5,57310,-35.66,-77.0,0.275
2021-03-08T04:13:33.000,22.42,-2.31,1.46,19.97,20.5,57311,-35.86,-77.0,0.275
2021-03-08T04:14:33.000,22.35,-2.43,1.43,19.99,20.5,57312,-36.06,-77.0,0.275
2021-03-08T04:15:33.000,22.31,-2.45,1.43,19.99,20.5,57313,-36.26,-77.0,0.275
2021-03-08T04:16:33.000,22.29,-2.45,1.45,19.98,20.5,57314,-36.46,-77.0,0.275
2021-03-08T04:17:33.000,22.26,-2.41,1.49,19.94,20.5,57315,-36.65,-76.0,0.275
2021-03-08T04:18:33.000,22.22,-2.39,1.55,19.9,20.5,57316,-36.85,-76.0,0.275
2021-03-08T04:19:34.000,22.18,-2.4,1.61,19.87,20.5,57317,-37.05,-76.0,0.275
2021-03-08T04:20:34.000,22.15,-2.22,1.65,19.83,20.5,57318,-37.25,-76.0,0.275
2021-03-08T04:21:35.000,22.14,-2.09,1.81,19.74,20.5,57319,-37.45,-76.0,0.275
2021-03-08T04:22:35.000,22.12,-2.14,1.83,19.72,20.5,57320,-37.65,-76.0,0.275
2021-03-08T04:23:35.000,22.07,-2.14,1.76,19.77,20.5,57321,-37.85,-75.0,0.275
2021-03-08T04:24:35.000,22.04,-2.18,1.69,19.81,20.5,57322,-38.04,-75.0,0.275
2021-03-08T04:25:35.000,22.04,-2.17,1.57,19.89,20.5,57323,-38.24,-75.0,0.274
2021-03-08T04:26:36.000,22.02,-2.33,1.49,19.95,20.5,57324,-38.44,-75.0,0.274
2021-03-08T04:27:36.000,21.99,-2.46,1.46,19.97,20.5,57325,-38.64,-75.0,0.274
2021-03-08T04:31:37.000,21.9,-2.47,1.62,19.86,20.5,57329,-39.42,-74.0,0.274
2021-03-08T04:32:37.000,21.86,-2.37,1.69,19.81,20.5,57330,-39.61,-74.0,0.274
2021-03-08T04:33:38.000,21.83,-2.33,1.75,19.77,20.5,57331,-39.81,-74.0,0.274
2021-03-08T04:34:38.000,21.79,-2.24,1.84,19.72,20.5,57332,-40.01,-73.0,0.274
2021-03-08T04:35:39.000,21.78,-2.07,1.95,19.66,20.5,57333,-40.2,-73.0,0.274
2021-03-08T04:36:39.000,21.76,-1.95,2.06,19.6,20.5,57334,-40.4,-73.0,0.274
2021-03-08T04:37:39.000,21.75,-1.8,2.13,19.56,20.5,57335,-40.59,-73.0,0.274
2021-03-08T04:38:39.000,21.73,-1.67,2.13,19.56,20.5,57336,-40.78,-73.0,0.274
2021-03-08T04:39:40.000,21.7,-1.48,2.22,19.52,20.5,57337,-40.98,-72.0,0.273
2021-03-08T04:41:40.000,21.64,-1.27,2.38,19.44,20.5,57339,-41.36,-72.0,0.273
2021-03-08T04:42:40.000,21.61,-1.07,2.46,19.4,20.5,57340,-41.55,-72.0,0.273
2021-03-08T04:43:41.000,21.6,-0.94,2.59,19.35,20.5,57341,-41.75,-72.0,0.273
2021-03-08T04:44:42.000,21.6,-0.83,2.62,19.34,20.5,57342,-41.94,-71.0,0.273
2021-03-08T04:45:42.000,21.58,-0.78,2.63,19.33,20.5,57343,-42.13,-71.0,0.273
2021-03-08T04:46:42.000,21.59,-0.7,2.65,19.32,20.5,57344,-42.32,-71.0,0.273
2021-03-08T04:49:43.000,21.58,-0.81,2.19,19.53,20.5,57347,-42.89,-70.0,0.273
2021-03-08T04:50:43.000,21.56,-0.93,2.16,19.54,20.5,57348,-43.08,-70.0,0.273
2021-03-08T04:51:43.000,21.54,-0.99,2.16,19.54,20.5,57349,-43.27,-70.0,0.273
2021-03-08T04:52:43.000,21.52,-1.1,2.16,19.55,20.5,57350,-43.46,-70.0,0.273
2021-03-08T04:53:44.000,21.49,-1.2,2.23,19.51,20.5,57351,-43.65,-70.0,0.273
