Downloads/jupyter/ECSV/stars19/stars19_2021-09.ecsv
# %ECSV 1.0
# ---
# datatype:
# - {name: time, datatype: string}
# - {name: Enclosure Temperature, unit: deg_C, datatype: float64}
# - {name: Sky Temperature, unit: deg_C, datatype: float64}
# - {name: Frequency, unit: Hz, datatype: float64}
# - {name: MSAS, unit: mag / arcsec2, datatype: float64}
# - {name: ZP, datatype: float64}
# - {name: Sequence Number, datatype: int64}
# - {name: Sun Alt, unit: deg, datatype: float64}
# - {name: Moon Alt, unit: deg, datatype: float64}
# - {name: Moon Illumination, datatype: float64}
# delimiter: ','
# meta: !!omap
# - ida:
#     Data supplier: {affiliation: null, observer: null}
#     Device type: TESS-W
#     Field of view: 17.0
#     Filters per channel: None
#     Instrument ID: stars19
#     License: ODbL 1.0 http://opendatacommons.org/licenses/odbl/summary/
#     Local timezone: America/Phoenix
#     Location name: {country: '- Tucson', place: Tucson, region: United States, sub_region: Arizona, town: Pima County}
#     Measurement direction per channel: {azimuth: 0.0, zenital: 0.0}
#     Moving / Fixed look direction: FIXED
#     Moving / Stationary position: STATIONARY
#     Number of channels: 1
#     Number of fields per line: 8
#     Number of header lines: 35
#     Position: {height: 0.0, latitude: 32.223877, longitude: -110.767532}
#     TESS MAC address: 18:FE:34:CF:EC:06
#     TESS cover offset value: 0.0
#     TESS firmware version: '1.0'
#     TESS zero point: 20.5
#     Time Synchronization: timestamp added by MQTT subscriber
#     URL: http://www.darksky.org/NSBM/sdf1.0.pdf
# - __serialized_columns__:
#     Enclosure Temperature:
#       __class__: astropy.units.quantity.Quantity
#       unit: &id001 !astropy.units.Unit {unit: deg_C}
#       value: !astropy.table.SerializedColumn {name: Enclosure Temperature}
#     Frequency:
#       __class__: astropy.units.quantity.Quantity
#       unit: !astropy.units.Unit {unit: Hz}
#       value: !astropy.table.SerializedColumn {name: Frequency}
#     MSAS:
#       __class__: astropy.units.quantity.Quantity
#       unit: !astropy.units.Unit {unit: mag / arcsec2}
#       value: !astropy.table.SerializedColumn {name: MSAS}
#     Moon Alt:
#       __class__: astropy.units.quantity.Quantity
#       unit: &id002 !astropy.units.Unit {unit: deg}
#       value: !astropy.table.SerializedColumn {name: Moon Alt}
#     Sky Temperature:
#       __class__: astropy.units.quantity.Quantity
#       unit: *id001
#       value: !astropy.table.SerializedColumn {name: Sky Temperature}
#     Sun Alt:
#       __class__: astropy.units.quantity.Quantity
#       unit: *id002
#       value: !astropy.table.SerializedColumn {name: Sun Alt}
#     time:
#       __class__: astropy.time.core.Time
#       format: isot
#       in_subfmt: '*'
#       out_subfmt: '*'
#       precision: 3
#       scale: utc
#       value: !astropy.table.SerializedColumn {name: time}
# schema: astropy-2.0
time,Enclosure Temperature,Sky Temperature,Frequency,MSAS,ZP,Sequence Number,Sun Alt,Moon Alt,Moon Illumination
[from data line 13076]
2021-09-13T11:22:06.000,25.21,6.09,1.25,20.14,20.5,186962,-22.24,-69.0,0.457
2021-09-13T11:23:06.000,25.2,6.11,1.25,20.14,20.5,186963,-22.04,-69.0,0.457
2021-09-13T11:25:06.000,25.21,6.19,1.25,20.14,20.5,186965,-21.64,-70.0,0.457
2021-09-13T11:26:06.000,25.22,6.39,1.26,20.13,20.5,186966,-21.44,-70.0,0.457
2021-09-13T11:27:07.000,25.22,6.43,1.26,20.13,20.5,186967,-21.24,-70.0,0.457
2021-09-13T11:28:07.000,25.25,6.5,1.26,20.13,20.5,186968,-21.04,-70.0,0.457
2021-09-13T11:29:08.000,25.27,6.05,1.26,20.13,20.5,186969,-20.83,-70.0,0.458
2021-09-13T11:30:08.000,25.25,5.92,1.26,20.13,20.5,186970,-20.63,-71.0,0.458
2021-09-13T11:31:08.000,25.26,5.95,1.28,20.11,20.5,186971,-20.43,-71.0,0.458
2021-09-13T11:32:08.000,25.29,6.01,1.26,20.13,20.5,186972,-20.23,-71.0,0.458
2021-09-13T11:33:08.000,25.3,6.06,1.27,20.12,20.5,186973,-20.03,-71.0,0.458
2021-09-13T11:34:08.000,25.3,6.13,1.27,20.12,20.5,186974,-19.83,-71.0,0.458
2021-09-13T11:35:09.000,25.3,6.12,1.28,20.11,20.5,186975,-19.62,-72.0,0.458
2021-09-13T11:36:09.000,25.31,6.2,1.28,20.11,20.5,186976,-19.42,-72.0,0.458
2021-09-13T11:37:09.000,25.31,6.18,1.28,20.11,20.5,186977,-19.22,-72.0,0.458
2021-09-13T11:38:09.000,25.3,6.19,1.28,20.11,20.5,186978,-19.02,-72.0,0.458
2021-09-13T11:39:10.000,25.31,6.02,1.29,20.11,20.5,186979,-18.81,-72.0,0.458
2021-09-13T11:44:10.000,25.22,5.63,1.3,20.1,20.5,186984,-17.8,-73.0,0.459
2021-09-13T11:45:11.000,25.19,5.68,1.3,20.1,20.5,186985,-17.59,-73.0,0.459
2021-09-13T11:46:11.000,25.2,5.79,1.3,20.1,20.5,186986,-17.39,-74.0,0.459
2021-09-13T11:47:11.000,25.18,5.77,1.3,20.1,20.5,186987,-17.19,-74.0,0.459
2021-09-13T11:48:11.000,25.14,5.7,1.3,20.1,20.5,186988,-16.99,-74.0,0.459
2021-09-13T11:49:11.000,25.1,5.64,1.3,20.09,20.5,186989,-16.78,-74.0,0.459
2021-09-13T11:50:12.000,25.04,5.6,1.31,20.09,20.5,186990,-16.57,-74.0,0.459
2021-09-13T11:51:12.000,25.01,5.72,1.31,20.09,20.5,186991,-16.37,-74.0,0.459
2021-09-13T11:52:12.000,25.02,5.63,1.31,20.09,20.5,186992,-16.17,-75.0,0.459
2021-09-13T11:53:12.000,25.02,5.52,1.32,20.08,20.5,186993,-15.96,-75.0,0.459
2021-09-13T11:54:12.000,25.0,5.58,1.32,20.08,20.5,186994,-15.76,-75.0,0.459
2021-09-13T11:55:13.000,24.98,5.55,1.33,20.07,20.5,186995,-15.55,-75.0,0.46
2021-09-13T11:56:13.000,24.96,5.56,1.34,20.06,20.5,186996,-15.35,-75.0,0.46
2021-09-13T11:57:13.000,24.95,5.65,1.35,20.06,20.5,186997,-15.14,-76.0,0.46
2021-09-13T12:01:14.000,24.93,5.69,1.41,20.01,20.5,187001,-14.32,-76.0,0.46
2021-09-13T12:04:14.000,24.95,5.82,1.53,19.92,20.5,187004,-13.7,-77.0,0.46
2021-09-13T12:08:15.000,24.96,5.69,1.72,19.79,20.5,187008,-12.87,-77.0,0.461
2021-09-13T12:09:15.000,24.96,5.71,1.81,19.74,20.5,187009,-12.67,-78.0,0.461
2021-09-13T12:10:15.000,24.95,5.71,1.91,19.68,20.5,187010,-12.46,-78.0,0.461
2021-09-13T12:11:15.000,24.95,5.67,2.04,19.6,20.5,187011,-12.25,-78.0,0.461
2021-09-13T12:12:15.000,24.94,5.7,2.22,19.51,20.5,187012,-12.05,-78.0,0.461
2021-09-13T12:13:16.000,24.93,5.68,2.43,19.42,20.5,187013,-11.84,-78.0,0.461
2021-09-13T12:14:16.000,24.93,5.71,2.68,19.31,20.5,187014,-11.63,-78.0,0.461
2021-09-13T12:15:16.000,24.92,5.69,2.98,19.2,20.5,187015,-11.42,-78.0,0.461
2021-09-13T12:16:16.000,24.91,5.72,3.34,19.07,20.5,187016,-11.22,-79.0,0.461
2021-09-13T12:17:16.000,24.93,5.76,3.8,18.93,20.5,187017,-11.01,-79.0,0.461
2021-09-13T12:18:16.000,24.94,5.82,4.36,18.78,20.5,187018,-10.8,-79.0,0.461
2021-09-13T12:19:16.000,24.93,5.79,5.05,18.62,20.5,187019,-10.59,-79.0,0.461
2021-09-13T12:20:16.000,24.93,5.75,5.84,18.46,20.5,187020,-10.39,-79.0,0.462
2021-09-13T12:21:17.000,24.92,5.83,6.91,18.28,20.5,187021,-10.18,-79.0,0.462
2021-09-13T12:23:17.000,24.94,5.92,9.77,17.91,20.5,187023,-9.76,-80.0,0.462
2021-09-13T12:27:18.000,24.97,5.98,20.39,17.11,20.5,187027,-8.93,-80.0,0.462
2021-09-13T12:37:19.000,24.82,5.41,181.35,14.74,20.5,187037,-6.84,-81.0,0.463
2021-09-13T12:40:19.000,24.83,5.57,390.88,13.9,20.5,187040,-6.21,-81.0,0.463
2021-09-13T12:45:19.000,24.81,5.49,1510.4,12.44,20.5,187045,-5.16,-82.0,0.464
2021-09-13T12:58:21.000,24.53,5.35,31354.63,9.14,20.5,187058,-2.42,-82.0,0.465
2021-09-13T13:01:21.000,24.48,5.29,50712.83,8.62,20.5,187061,-1.79,-82.0,0.465
2021-09-13T13:03:21.000,24.46,5.26,17932.88,2.35,20.5,187063,-1.37,-82.0,0.465
2021-09-13T13:07:22.000,24.4,5.34,0.0,0.0,20.5,187067,-0.53,-81.0,0.465
2021-09-13T13:08:22.000,24.4,5.26,0.0,0.0,20.5,187068,-0.32,-81.0,0.465
2021-09-13T13:09:23.000,24.39,5.13,0.0,0.0,20.5,187069,-0.1,-81.0,0.465
2021-09-13T13:10:23.000,24.4,5.14,0.0,0.0,20.5,187070,0.11,-81.0,0.466
2021-09-13T13:11:23.000,24.36,5.05,0.0,0.0,20.5,187071,0.32,-81.0,0.466
2021-09-13T13:12:23.000,24.34,5.15,0.0,0.0,20.5,187072,0.53,-81.0,0.466
2021-09-13T13:13:23.000,24.32,5.1,0.0,0.0,20.5,187073,0.74,-81.0,0.466
2021-09-13T13:14:24.000,24.31,5.09,0.0,0.0,20.5,187074,0.96,-81.0,0.466
2021-09-13T13:15:24.000,24.3,5.06,0.0,0.0,20.5,187075,1.17,-81.0,0.466
2021-09-13T13:16:24.000,24.29,5.21,0.0,0.0,20.5,187076,1.38,-81.0,0.466
2021-09-13T13:19:25.000,24.29,5.11,0.0,0.0,20.5,187079,2.02,-80.0,0.466
2021-09-13T13:20:25.000,24.29,5.16,0.0,0.0,20.5,187080,2.23,-80.0,0.466
2021-09-13T13:21:26.000,24.3,5.16,0.0,0.0,20.5,187081,2.44,-80.0,0.466
2021-09-13T13:22:26.000,24.31,5.07,0.0,0.0,20.5,187082,2.65,-80.0,0.467
2021-09-13T13:23:26.000,24.29,5.15,0.0,0.0,20.5,187083,2.86,-80.0,0.467
2021-09-13T13:27:27.000,24.29,5.24,0.0,0.0,20.5,187087,3.71,-79.0,0.467
2021-09-13T13:28:27.000,24.3,5.13,0.0,0.0,20.5,187088,3.92,-79.0,0.467
2021-09-13T13:29:28.000,24.31,5.23,0.0,0.0,20.5,187089,4.14,-79.0,0.467
2021-09-13T13:30:28.000,24.33,5.23,0.0,0.0,20.5,187090,4.35,-79.0,0.467
2021-09-13T13:31:28.000,24.35,5.03,0.0,0.0,20.5,187091,4.56,-79.0,0.467
2021-09-13T13:32:28.000,24.36,5.19,0.0,0.0,20.5,187092,4.77,-79.0,0.467
2021-09-13T13:33:35.000,24.39,5.13,0.21,0.1,20.5,187093,5.01,-78.0,0.467
2021-09-13T13:34:35.000,24.39,4.95,0.0,0.0,20.5,187094,5.22,-78.0,0.467
2021-09-13T13:35:36.000,24.38,4.92,0.0,0.0,20.5,187095,5.43,-78.0,0.468
2021-09-13T13:36:36.000,24.38,4.92,0.0,0.0,20.5,187096,5.65,-78.0,0.468
2021-09-13T13:37:36.000,24.4,4.88,0.0,0.0,20.5,187097,5.86,-78.0,0.468
2021-09-13T13:38:36.000,24.43,4.95,0.0,0.0,20.5,187098,6.07,-78.0,0.468
2021-09-13T13:39:36.000,24.45,4.98,0.0,0.0,20.5,187099,6.28,-77.0,0.468
2021-09-13T13:40:36.000,24.45,4.76,0.0,0.0,20.5,187100,6.49,-77.0,0.468
2021-09-13T13:41:36.000,24.42,4.74,0.0,0.0,20.5,187101,6.7,-77.0,0.468
2021-09-13T13:42:37.000,24.42,4.91,0.0,0.0,20.5,187102,6.92,-77.0,0.468
2021-09-13T13:43:37.000,24.44,4.91,0.0,0.0,20.5,187103,7.13,-77.0,0.468
2021-09-13T13:44:37.000,24.44,4.91,0.0,0.0,20.5,187104,7.34,-77.0,0.468
2021-09-13T13:45:37.000,24.44,4.95,0.0,0.0,20.5,187105,7.55,-77.0,0.468
2021-09-13T13:46:37.000,24.46,5.04,0.0,0.0,20.5,187106,7.76,-76.0,0.468
2021-09-13T13:50:38.000,24.57,5.07,0.0,0.0,20.5,187110,8.61,-76.0,0.469
2021-09-13T13:51:39.000,24.59,5.09,0.0,0.0,20.5,187111,8.83,-75.0,0.469
2021-09-13T13:53:39.000,24.66,5.11,0.0,0.0,20.5,187113,9.25,-75.0,0.469
2021-09-13T13:54:40.000,24.7,5.12,0.0,0.0,20.5,187114,9.46,-75.0,0.469
2021-09-13T13:57:40.000,24.83,5.2,0.0,0.0,20.5,187117,10.1,-74.0,0.469
2021-09-13T13:58:41.000,24.89,5.28,0.0,0.0,20.5,187118,10.31,-74.0,0.469
2021-09-13T13:59:41.000,24.94,5.27,0.0,0.0,20.5,187119,10.52,-74.0,0.469
2021-09-13T14:00:41.000,24.96,5.26,0.0,0.0,20.5,187120,10.74,-74.0,0.47
2021-09-13T14:01:41.000,24.98,5.27,0.0,0.0,20.5,187121,10.95,-74.0,0.47
2021-09-13T14:02:42.000,25.01,5.33,0.0,0.0,20.5,187122,11.16,-74.0,0.47
2021-09-13T14:03:42.000,25.05,5.34,0.0,0.0,20.5,187123,11.37,-73.0,0.47
2021-09-13T14:04:42.000,25.1,5.38,0.0,0.0,20.5,187124,11.58,-73.0,0.47
2021-09-13T14:05:43.000,25.11,5.3,0.0,0.0,20.5,187125,11.8,-73.0,0.47
2021-09-13T14:12:44.000,25.4,5.68,0.0,0.0,20.5,187132,13.28,-72.0,0.47
2021-09-13T14:13:44.000,25.46,5.73,0.0,0.0,20.5,187133,13.49,-72.0,0.471
2021-09-13T14:14:45.000,25.51,5.8,0.0,0.0,20.5,187134,13.7,-71.0,0.471
2021-09-13T14:15:45.000,25.56,5.77,0.0,0.0,20.5,187135,13.91,-71.0,0.471
2021-09-13T14:16:45.000,25.62,5.88,0.0,0.0,20.5,187136,14.13,-71.0,0.471
2021-09-13T14:17:45.000,25.67,5.94,0.0,0.0,20.5,187137,14.34,-71.0,0.471
2021-09-13T14:18:47.000,25.74,5.88,0.0,0.0,20.5,187138,14.55,-71.0,0.471
2021-09-13T14:19:47.000,25.79,5.92,0.0,0.0,20.5,187139,14.76,-70.0,0.471
2021-09-13T14:20:47.000,25.82,5.89,0.0,0.0,20.5,187140,14.97,-70.0,0.471
2021-09-13T14:21:47.000,25.85,5.96,0.0,0.0,20.5,187141,15.19,-70.0,0.471
2021-09-13T14:22:48.000,25.89,6.0,0.0,0.0,20.5,187142,15.4,-70.0,0.471
2021-09-13T14:23:48.000,25.96,5.99,0.0,0.0,20.5,187143,15.61,-70.0,0.471
2021-09-13T14:27:49.000,26.1,5.92,0.0,0.0,20.5,187147,16.45,-69.0,0.472
2021-09-13T14:28:49.000,26.15,5.98,0.0,0.0,20.5,187148,16.66,-69.0,0.472
2021-09-13T14:29:49.000,26.19,6.04,0.0,0.0,20.5,187149,16.87,-69.0,0.472
2021-09-13T14:30:49.000,26.23,6.07,0.0,0.0,20.5,187150,17.08,-68.0,0.472
2021-09-13T14:31:49.000,26.28,6.11,0.0,0.0,20.5,187151,17.29,-68.0,0.472
2021-09-13T14:32:50.000,26.34,6.17,0.0,0.0,20.5,187152,17.51,-68.0,0.472
2021-09-13T14:33:50.000,26.37,6.16,0.0,0.0,20.5,187153,17.72,-68.0,0.472
2021-09-13T14:34:50.000,26.41,6.21,0.0,0.0,20.5,187154,17.93,-68.0,0.472
2021-09-13T14:35:50.000,26.47,6.29,0.0,0.0,20.5,187155,18.14,-67.0,0.472
2021-09-13T14:36:51.000,26.52,6.32,0.0,0.0,20.5,187156,18.35,-67.0,0.472
2021-09-13T14:42:51.000,26.85,6.56,0.0,0.0,20.5,187162,19.61,-66.0,0.473
2021-09-13T14:43:52.000,26.9,6.68,0.0,0.0,20.5,187163,19.82,-66.0,0.473
2021-09-13T14:44:52.000,26.97,6.79,0.0,0.0,20.5,187164,20.03,-66.0,0.473
2021-09-13T14:45:52.000,27.07,6.91,0.0,0.0,20.5,187165,20.24,-65.0,0.473
2021-09-13T14:46:52.000,27.15,6.94,0.0,0.0,20.5,187166,20.44,-65.0,0.473
2021-09-13T14:47:52.000,27.2,6.98,0.0,0.0,20.5,187167,20.65,-65.0,0.473
2021-09-13T14:48:53.000,27.27,7.07,0.0,0.0,20.5,187168,20.87,-65.0,0.473
2021-09-13T14:49:53.000,27.33,7.12,0.0,0.0,20.5,187169,21.07,-65.0,0.473
2021-09-13T14:50:53.000,27.38,7.21,0.0,0.0,20.5,187170,21.28,-64.0,0.474
2021-09-13T14:51:53.000,27.44,7.34,0.0,0.0,20.5,187171,21.49,-64.0,0.474
2021-09-13T14:52:53.000,27.52,7.4,0.0,0.0,20.5,187172,21.7,-64.0,0.474
2021-09-13T14:53:54.000,27.58,7.48,0.0,0.0,20.5,187173,21.91,-64.0,0.474
2021-09-13T14:55:55.000,27.69,7.61,0.0,0.0,20.5,187175,22.33,-63.0,0.474
2021-09-13T14:56:55.000,27.77,7.81,0.0,0.0,20.5,187176,22.54,-63.0,0.474
2021-09-13T14:57:55.000,27.86,7.76,0.0,0.0,20.5,187177,22.75,-63.0,0.474
2021-09-13T14:58:55.000,27.93,7.89,0.0,0.0,20.5,187178,22.95,-63.0,0.474
2021-09-13T14:59:56.000,28.02,7.98,0.0,0.0,20.5,187179,23.17,-63.0,0.474
2021-09-13T15:00:56.000,28.06,7.97,0.0,0.0,20.5,187180,23.37,-62.0,0.474
2021-09-13T15:01:56.000,28.17,8.24,0.0,0.0,20.5,187181,23.58,-62.0,0.474
2021-09-13T15:02:57.000,28.27,8.25,0.0,0.0,20.5,187182,23.79,-62.0,0.474
2021-09-13T15:04:04.000,28.37,8.4,0.0,0.0,20.5,187183,24.02,-62.0,0.475
2021-09-13T15:05:04.000,28.47,8.4,0.0,0.0,20.5,187184,24.23,-62.0,0.475
2021-09-13T15:06:04.000,28.56,8.45,0.0,0.0,20.5,187185,24.44,-61.0,0.475
2021-09-13T15:07:05.000,28.62,8.51,0.0,0.0,20.5,187186,24.65,-61.0,0.475
2021-09-13T15:09:05.000,28.78,8.68,0.0,0.0,20.5,187188,25.06,-61.0,0.475
2021-09-13T15:12:06.000,29.0,8.93,0.0,0.0,20.5,187191,25.68,-60.0,0.475
2021-09-13T15:14:06.000,29.15,9.1,0.0,0.0,20.5,187193,26.09,-60.0,0.475
2021-09-13T15:15:06.000,29.23,9.21,0.0,0.0,20.5,187194,26.3,-60.0,0.475
2021-09-13T15:16:06.000,29.3,9.32,0.0,0.0,20.5,187195,26.51,-59.0,0.476
2021-09-13T15:17:07.000,29.42,9.46,0.0,0.0,20.5,187196,26.71,-59.0,0.476
2021-09-13T15:18:07.000,29.52,9.59,0.0,0.0,20.5,187197,26.92,-59.0,0.476
2021-09-13T15:19:07.000,29.63,9.61,0.0,0.0,20.5,187198,27.12,-59.0,0.476
2021-09-13T15:20:07.000,29.68,9.72,0.0,0.0,20.5,187199,27.33,-59.0,0.476
2021-09-13T15:21:07.000,29.79,9.88,0.0,0.0,20.5,187200,27.54,-58.0,0.476
2021-09-13T15:22:07.000,29.89,9.93,0.0,0.0,20.5,187201,27.74,-58.0,0.476
2021-09-13T15:25:08.000,30.21,10.27,0.0,0.0,20.5,187204,28.36,-58.0,0.476
2021-09-13T15:26:08.000,30.35,10.46,0.0,0.0,20.5,187205,28.56,-57.0,0.476
2021-09-13T15:32:09.000,31.08,11.2,0.0,0.0,20.5,187211,29.79,-56.0,0.477
2021-09-13T15:34:09.000,31.33,11.55,0.0,0.0,20.5,187213,30.19,-56.0,0.477
2021-09-13T15:37:09.000,31.73,11.82,0.0,0.0,20.5,187216,30.8,-55.0,0.477
2021-09-13T15:40:10.000,32.13,12.23,0.0,0.0,20.5,187219,31.41,-55.0,0.477
2021-09-13T15:41:10.000,32.3,12.46,0.0,0.0,20.5,187220,31.61,-54.0,0.478
2021-09-13T15:42:10.000,32.46,12.5,0.0,0.0,20.5,187221,31.81,-54.0,0.478
2021-09-13T15:43:10.000,32.61,12.72,0.0,0.0,20.5,187222,32.01,-54.0,0.478
2021-09-13T15:44:10.000,32.77,12.79,0.0,0.0,20.5,187223,32.21,-54.0,0.478
2021-09-13T15:45:10.000,32.89,12.84,0.0,0.0,20.5,187224,32.41,-54.0,0.478
2021-09-13T15:46:11.000,33.02,13.02,0.0,0.0,20.5,187225,32.62,-53.0,0.478
2021-09-13T15:47:11.000,33.17,13.13,0.0,0.0,20.5,187226,32.82,-53.0,0.478
2021-09-13T15:48:11.000,33.31,13.24,0.0,0.0,20.5,187227,33.02,-53.0,0.478
2021-09-13T15:49:11.000,33.48,13.39,0.0,0.0,20.5,187228,33.22,-53.0,0.478
2021-09-13T15:50:12.000,33.61,13.42,0.0,0.0,20.5,187229,33.42,-53.0,0.478
2021-09-13T15:51:12.000,33.73,13.49,0.0,0.0,20.5,187230,33.62,-52.0,0.478
2021-09-13T15:52:12.000,33.86,13.63,0.0,0.0,20.5,187231,33.82,-52.0,0.478
2021-09-13T15:53:12.000,33.99,13.56,0.0,0.0,20.5,187232,34.02,-52.0,0.478
2021-09-13T15:54:12.000,34.09,13.8,0.0,0.0,20.5,187233,34.22,-52.0,0.479
2021-09-13T15:55:12.000,34.24,13.9,0.0,0.0,20.5,187234,34.42,-52.0,0.479
2021-09-13T15:57:13.000,34.65,14.22,0.0,0.0,20.5,187236,34.82,-51.0,0.479
2021-09-13T15:58:13.000,34.82,14.18,0.0,0.0,20.5,187237,35.02,-51.0,0.479
2021-09-13T15:59:14.000,34.94,14.33,0.0,0.0,20.5,187238,35.22,-51.0,0.479
2021-09-13T16:00:14.000,35.15,14.71,0.0,0.0,20.5,187239,35.41,-51.0,0.479
2021-09-13T16:01:14.000,35.26,14.28,0.0,0.0,20.5,187240,35.61,-50.0,0.479
2021-09-13T16:02:14.000,35.34,14.51,0.0,0.0,20.5,187241,35.81,-50.0,0.479
2021-09-13T16:03:14.000,35.44,14.73,0.0,0.0,20.5,187242,36.0,-50.0,0.479
2021-09-13T16:04:15.000,35.63,14.99,0.0,0.0,20.5,187243,36.2,-50.0,0.479
2021-09-13T16:05:15.000,35.84,15.01,0.0,0.0,20.5,187244,36.4,-50.0,0.479
2021-09-13T16:06:15.000,36.05,15.08,0.0,0.0,20.5,187245,36.6,-49.0,0.48
2021-09-13T16:08:16.000,36.48,15.42,0.0,0.0,20.5,187247,36.99,-49.0,0.48
2021-09-13T16:09:16.000,36.68,15.43,0.0,0.0,20.5,187248,37.19,-49.0,0.48
2021-09-13T16:10:16.000,36.81,15.31,0.0,0.0,20.5,187249,37.38,-49.0,0.48
2021-09-13T16:11:16.000,36.85,15.04,0.0,0.0,20.5,187250,37.58,-48.0,0.48
2021-09-13T16:12:17.000,36.88,15.26,0.0,0.0,20.5,187251,37.77,-48.0,0.48
2021-09-13T16:14:18.000,37.08,15.46,0.0,0.0,20.5,187253,38.16,-48.0,0.48
2021-09-13T16:15:18.000,37.21,15.65,0.0,0.0,20.5,187254,38.36,-48.0,0.48
2021-09-13T16:16:18.000,37.35,15.69,0.0,0.0,20.5,187255,38.55,-47.0,0.48
2021-09-13T16:17:18.000,37.51,15.77,0.0,0.0,20.5,187256,38.74,-47.0,0.48
2021-09-13T16:18:18.000,37.73,16.23,0.0,0.0,20.5,187257,38.93,-47.0,0.48
2021-09-13T16:19:18.000,38.24,17.39,0.0,0.0,20.5,187258,39.13,-47.0,0.481
2021-09-13T16:20:18.000,39.32,18.86,0.0,0.0,20.5,187259,39.32,-47.0,0.481
2021-09-13T16:21:18.000,40.64,19.4,0.0,0.0,20.5,187260,39.51,-46.0,0.481
2021-09-13T16:22:18.000,41.84,19.44,0.0,0.0,20.5,187261,39.7,-46.0,0.481
2021-09-13T16:23:18.000,42.9,19.66,0.0,0.0,20.5,187262,39.89,-46.0,0.481
2021-09-13T16:24:19.000,43.81,19.44,0.0,0.0,20.5,187263,40.09,-46.0,0.481
2021-09-13T16:25:19.000,44.55,19.4,0.0,0.0,20.5,187264,40.28,-46.0,0.481
2021-09-13T16:26:19.000,45.18,19.46,0.0,0.0,20.5,187265,40.47,-45.0,0.481
2021-09-13T16:27:20.000,45.85,19.68,0.0,0.0,20.5,187266,40.66,-45.0,0.481
2021-09-13T16:28:20.000,46.43,19.59,0.0,0.0,20.5,187267,40.85,-45.0,0.481
2021-09-13T16:29:20.000,46.83,19.41,0.0,0.0,20.5,187268,41.04,-45.0,0.481
2021-09-13T16:38:21.000,50.4,20.66,0.0,0.0,20.5,187277,42.72,-43.0,0.482
2021-09-13T16:39:21.000,50.73,20.32,0.0,0.0,20.5,187278,42.9,-43.0,0.482
2021-09-13T16:46:22.000,52.25,20.66,0.0,0.0,20.5,187285,44.19,-41.0,0.483
2021-09-13T16:47:23.000,52.56,21.04,0.0,0.0,20.5,187286,44.37,-41.0,0.483
2021-09-13T16:48:23.000,52.89,21.15,0.0,0.0,20.5,187287,44.56,-41.0,0.483
