Downloads/jupyter/ECSV/stars19/stars19_2019-11.ecsv
# %ECSV 1.0
# ---
# datatype:
# - {name: time, datatype: string}
# - {name: Enclosure Temperature, unit: deg_C, datatype: float64}
# - {name: Sky Temperature, unit: deg_C, datatype: float64}
# - {name: Frequency, unit: Hz, datatype: float64}
# - {name: MSAS, unit: mag / arcsec2, datatype: float64}
# - {name: ZP, datatype: float64}
# - {name: Sequence Number, datatype: int64}
# - {name: Sun Alt, unit: deg, datatype: float64}
# - {name: Moon Alt, unit: deg, datatype: float64}
# - {name: Moon Illumination, datatype: float64}
# delimiter: ','
# meta: !!omap
# - ida:
#     Data supplier: {affiliation: null, observer: null}
#     Device type: TESS-W
#     Field of view: 17.0
#     Filters per channel: None
#     Instrument ID: stars19
#     License: ODbL 1.0 http://opendatacommons.org/licenses/odbl/summary/
#     Local timezone: America/Phoenix
#     Location name: {country: '- Tucson', place: Tucson, region: United States, sub_region: Arizona, town: Pima County}
#     Measurement direction per channel: {azimuth: 0.0, zenital: 0.0}
#     Moving / Fixed look direction: FIXED
#     Moving / Stationary position: STATIONARY
#     Number of channels: 1
#     Number of fields per line: 8
#     Number of header lines: 35
#     Position: {height: 0.0, latitude: 32.223877, longitude: -110.767532}
#     TESS MAC address: 18:FE:34:CF:EC:06
#     TESS cover offset value: 0.0
#     TESS firmware version: '1.0'
#     TESS zero point: 20.5
#     Time Synchronization: timestamp added by MQTT subscriber
#     URL: http://www.darksky.org/NSBM/sdf1.0.pdf
# - __serialized_columns__:
#     Enclosure Temperature:
#       __class__: astropy.units.quantity.Quantity
#       unit: &id001 !astropy.units.Unit {unit: deg_C}
#       value: !astropy.table.SerializedColumn {name: Enclosure Temperature}
#     Frequency:
#       __class__: astropy.units.quantity.Quantity
#       unit: !astropy.units.Unit {unit: Hz}
#       value: !astropy.table.SerializedColumn {name: Frequency}
#     MSAS:
#       __class__: astropy.units.quantity.Quantity
#       unit: !astropy.units.Unit {unit: mag / arcsec2}
#       value: !astropy.table.SerializedColumn {name: MSAS}
#     Moon Alt:
#       __class__: astropy.units.quantity.Quantity
#       unit: &id002 !astropy.units.Unit {unit: deg}
#       value: !astropy.table.SerializedColumn {name: Moon Alt}
#     Sky Temperature:
#       __class__: astropy.units.quantity.Quantity
#       unit: *id001
#       value: !astropy.table.SerializedColumn {name: Sky Temperature}
#     Sun Alt:
#       __class__: astropy.units.quantity.Quantity
#       unit: *id002
#       value: !astropy.table.SerializedColumn {name: Sun Alt}
#     time:
#       __class__: astropy.time.core.Time
#       format: isot
#       in_subfmt: '*'
#       out_subfmt: '*'
#       precision: 3
#       scale: utc
#       value: !astropy.table.SerializedColumn {name: time}
# schema: astropy-2.0
time,Enclosure Temperature,Sky Temperature,Frequency,MSAS,ZP,Sequence Number,Sun Alt,Moon Alt,Moon Illumination
[from data line 5951]
2019-11-07T23:34:40.000,31.43,5.5,0.0,0.0,20.5,153211,9.59,15.0,0.812
2019-11-07T23:35:40.000,31.37,5.55,0.0,0.0,20.5,153212,9.4,15.0,0.812
2019-11-07T23:37:40.000,31.24,5.74,0.0,0.0,20.5,153214,9.02,15.0,0.812
2019-11-07T23:38:41.000,31.18,5.87,0.0,0.0,20.5,153215,8.83,16.0,0.812
2019-11-07T23:40:46.000,31.07,6.04,0.0,0.0,20.5,153217,8.43,16.0,0.812
2019-11-07T23:41:47.000,30.99,6.09,0.0,0.0,20.5,153218,8.24,16.0,0.812
2019-11-07T23:42:47.000,30.91,6.07,0.0,0.0,20.5,153219,8.05,16.0,0.813
2019-11-07T23:44:48.000,30.79,5.64,0.0,0.0,20.5,153221,7.66,17.0,0.813
2019-11-07T23:45:48.000,30.7,5.38,0.0,0.0,20.5,153222,7.47,17.0,0.813
2019-11-07T23:46:48.000,30.61,4.95,0.0,0.0,20.5,153223,7.28,17.0,0.813
2019-11-07T23:49:49.000,30.35,4.97,0.0,0.0,20.5,153226,6.7,18.0,0.813
2019-11-07T23:50:49.000,30.29,5.07,0.0,0.0,20.5,153227,6.5,18.0,0.813
2019-11-07T23:51:50.000,30.22,5.23,0.0,0.0,20.5,153228,6.31,18.0,0.813
2019-11-07T23:52:50.000,30.16,5.36,0.0,0.0,20.5,153229,6.11,18.0,0.813
2019-11-07T23:53:50.000,30.11,5.55,0.0,0.0,20.5,153230,5.92,19.0,0.813
2019-11-07T23:57:51.000,30.01,6.32,0.0,0.0,20.5,153234,5.14,19.0,0.813
2019-11-08T00:04:52.000,29.85,5.8,0.0,0.0,20.5,153241,3.77,21.0,0.814
2019-11-08T00:05:52.000,29.75,5.5,0.0,0.0,20.5,153242,3.57,21.0,0.814
2019-11-08T00:07:53.000,29.72,4.87,0.0,0.0,20.5,153244,3.18,21.0,0.814
2019-11-08T00:08:53.000,29.67,4.63,0.38,0.18,20.5,153245,2.98,21.0,0.814
2019-11-08T00:09:53.000,29.61,4.36,0.0,0.0,20.5,153246,2.78,22.0,0.814
2019-11-08T00:10:54.000,29.51,4.18,0.0,0.0,20.5,153247,2.58,22.0,0.814
2019-11-08T00:11:54.000,29.44,4.25,0.0,0.0,20.5,153248,2.38,22.0,0.814
2019-11-08T00:19:55.000,28.93,4.38,0.0,0.0,20.5,153256,0.8,23.0,0.814
2019-11-08T00:20:56.000,28.87,4.29,0.0,0.0,20.5,153257,0.59,24.0,0.814
2019-11-08T00:21:56.000,28.8,4.18,0.0,0.0,20.5,153258,0.4,24.0,0.815
2019-11-08T00:27:57.000,28.4,4.31,0.16,0.19,20.5,153264,-0.81,25.0,0.815
2019-11-08T00:28:57.000,28.27,4.25,0.0,0.0,20.5,153265,-1.01,25.0,0.815
2019-11-08T00:29:58.000,28.17,4.39,0.0,0.0,20.5,153266,-1.21,25.0,0.815
2019-11-08T00:30:58.000,28.1,4.58,39074.11,5.22,20.5,153267,-1.41,26.0,0.815
2019-11-08T00:31:58.000,28.05,4.63,57516.45,8.48,20.5,153268,-1.61,26.0,0.815
2019-11-08T00:32:59.000,28.02,4.61,50463.23,8.62,20.5,153269,-1.81,26.0,0.815
2019-11-08T00:33:59.000,27.96,4.42,43128.82,8.79,20.5,153270,-2.02,26.0,0.815
2019-11-08T00:36:00.000,27.86,4.25,30451.0,9.17,20.5,153272,-2.42,26.0,0.815
2019-11-08T00:37:01.000,27.81,4.23,25468.26,9.45,20.5,153273,-2.63,27.0,0.815
2019-11-08T00:38:01.000,27.76,4.29,22333.73,9.51,20.5,153274,-2.83,27.0,0.815
2019-11-08T00:39:02.000,27.72,4.21,20285.98,9.61,20.5,153275,-3.03,27.0,0.815
2019-11-08T00:40:03.000,27.67,4.21,16405.26,9.91,20.5,153276,-3.24,27.0,0.815
2019-11-08T00:42:03.000,27.57,4.27,9021.8,10.49,20.5,153278,-3.64,28.0,0.816
2019-11-08T00:43:04.000,27.53,4.32,7166.38,10.74,20.5,153279,-3.85,28.0,0.816
2019-11-08T00:44:04.000,27.46,4.42,5466.31,11.04,20.5,153280,-4.05,28.0,0.816
2019-11-08T00:45:04.000,27.41,4.67,4349.64,11.29,20.5,153281,-4.25,28.0,0.816
2019-11-08T00:46:04.000,27.39,4.74,3514.54,11.52,20.5,153282,-4.45,28.0,0.816
2019-11-08T00:47:05.000,27.36,4.91,2787.53,11.77,20.5,153283,-4.66,28.0,0.816
2019-11-08T00:48:06.000,27.34,4.97,2186.58,12.03,20.5,153284,-4.87,29.0,0.816
2019-11-08T00:50:06.000,27.31,5.29,1361.57,12.55,20.5,153286,-5.27,29.0,0.816
2019-11-08T00:51:06.000,27.29,5.34,1074.96,12.8,20.5,153287,-5.48,29.0,0.816
2019-11-08T00:52:06.000,27.26,5.44,876.69,13.02,20.5,153288,-5.68,29.0,0.816
2019-11-08T00:53:07.000,27.23,5.5,730.18,13.22,20.5,153289,-5.89,30.0,0.816
2019-11-08T00:54:07.000,27.2,5.43,596.11,13.44,20.5,153290,-6.09,30.0,0.816
2019-11-08T00:55:07.000,27.18,5.5,469.46,13.7,20.5,153291,-6.3,30.0,0.816
2019-11-08T00:56:08.000,27.16,5.37,358.53,14.0,20.5,153292,-6.5,30.0,0.816
2019-11-08T00:57:08.000,27.14,5.16,269.66,14.31,20.5,153293,-6.71,30.0,0.816
2019-11-08T00:58:08.000,27.13,4.97,202.76,14.62,20.5,153294,-6.91,30.0,0.816
2019-11-08T00:59:08.000,27.08,4.72,153.93,14.91,20.5,153295,-7.12,31.0,0.816
2019-11-08T01:00:09.000,26.99,4.43,127.82,15.11,20.5,153296,-7.32,31.0,0.816
2019-11-08T01:02:09.000,26.73,4.33,106.59,15.31,20.5,153298,-7.73,31.0,0.817
2019-11-08T01:03:10.000,26.55,4.16,78.43,15.65,20.5,153299,-7.94,31.0,0.817
2019-11-08T01:04:11.000,26.44,4.18,61.89,15.9,20.5,153300,-8.15,32.0,0.817
2019-11-08T01:05:11.000,26.29,3.98,48.83,16.16,20.5,153301,-8.35,32.0,0.817
2019-11-08T01:06:11.000,26.2,3.87,40.91,16.35,20.5,153302,-8.56,32.0,0.817
2019-11-08T01:07:12.000,26.13,3.83,31.63,16.63,20.5,153303,-8.77,32.0,0.817
2019-11-08T01:08:13.000,26.08,3.86,25.42,16.87,20.5,153304,-8.98,32.0,0.817
2019-11-08T01:09:13.000,26.05,3.69,24.37,16.91,20.5,153305,-9.18,32.0,0.817
2019-11-08T01:10:13.000,25.94,3.59,23.38,16.96,20.5,153306,-9.39,33.0,0.817
2019-11-08T01:11:13.000,25.89,3.74,19.87,17.14,20.5,153307,-9.59,33.0,0.817
2019-11-08T01:12:14.000,25.82,3.46,16.26,17.35,20.5,153308,-9.8,33.0,0.817
2019-11-08T01:13:14.000,25.69,3.34,13.13,17.59,20.5,153309,-10.01,33.0,0.817
2019-11-08T01:14:14.000,25.64,3.69,11.39,17.74,20.5,153310,-10.22,33.0,0.817
2019-11-08T01:15:15.000,25.66,3.54,10.71,17.81,20.5,153311,-10.42,33.0,0.817
2019-11-08T01:19:15.000,25.68,3.64,8.7,18.03,20.5,153315,-11.25,34.0,0.817
2019-11-08T01:20:16.000,25.68,3.68,9.75,17.91,20.5,153316,-11.46,34.0,0.817
2019-11-08T01:21:16.000,25.67,3.7,10.71,17.81,20.5,153317,-11.67,34.0,0.818
2019-11-08T01:22:16.000,25.63,3.83,11.39,17.74,20.5,153318,-11.87,35.0,0.818
2019-11-08T01:23:16.000,25.62,3.99,10.57,17.82,20.5,153319,-12.08,35.0,0.818
2019-11-08T01:24:16.000,25.64,3.89,11.19,17.76,20.5,153320,-12.29,35.0,0.818
2019-11-08T01:25:17.000,25.65,3.69,8.49,18.06,20.5,153321,-12.5,35.0,0.818
2019-11-08T01:26:17.000,25.63,3.46,7.26,18.23,20.5,153322,-12.71,35.0,0.818
2019-11-08T01:27:17.000,25.65,3.16,6.86,18.29,20.5,153323,-12.91,35.0,0.818
2019-11-08T01:28:18.000,25.65,2.79,7.97,18.13,20.5,153324,-13.12,36.0,0.818
2019-11-08T01:29:18.000,25.61,2.51,7.57,18.19,20.5,153325,-13.33,36.0,0.818
2019-11-08T01:30:18.000,25.58,2.31,6.34,18.37,20.5,153326,-13.54,36.0,0.818
2019-11-08T01:31:19.000,25.52,2.12,5.65,18.5,20.5,153327,-13.75,36.0,0.818
2019-11-08T01:32:19.000,25.51,2.0,4.71,18.7,20.5,153328,-13.96,36.0,0.818
2019-11-08T01:36:21.000,25.38,1.2,4.08,18.85,20.5,153332,-14.8,37.0,0.818
2019-11-08T01:38:21.000,25.3,1.06,4.52,18.74,20.5,153334,-15.21,37.0,0.818
2019-11-08T01:41:22.000,25.17,1.0,5.23,18.58,20.5,153337,-15.84,38.0,0.819
2019-11-08T01:42:22.000,25.14,0.92,5.52,18.52,20.5,153338,-16.05,38.0,0.819
2019-11-08T01:43:22.000,25.12,0.87,5.76,18.48,20.5,153339,-16.26,38.0,0.819
2019-11-08T01:44:23.000,25.08,0.79,5.81,18.47,20.5,153340,-16.47,38.0,0.819
2019-11-08T01:45:23.000,25.03,0.77,5.72,18.49,20.5,153341,-16.68,38.0,0.819
2019-11-08T01:46:23.000,24.98,0.64,5.64,18.5,20.5,153342,-16.89,38.0,0.819
2019-11-08T01:47:23.000,24.88,0.5,5.79,18.47,20.5,153343,-17.1,39.0,0.819
2019-11-08T01:48:24.000,24.74,0.38,5.99,18.44,20.5,153344,-17.31,39.0,0.819
2019-11-08T01:49:24.000,24.63,0.33,6.26,18.39,20.5,153345,-17.52,39.0,0.819
2019-11-08T01:50:24.000,24.51,0.33,6.37,18.37,20.5,153346,-17.73,39.0,0.819
2019-11-08T01:51:24.000,24.47,0.53,6.36,18.37,20.5,153347,-17.94,39.0,0.819
2019-11-08T01:52:24.000,24.46,0.59,6.4,18.37,20.5,153348,-18.15,39.0,0.819
2019-11-08T01:53:25.000,24.4,0.44,6.56,18.34,20.5,153349,-18.36,40.0,0.819
2019-11-08T01:55:25.000,24.23,0.35,6.67,18.32,20.5,153351,-18.78,40.0,0.819
2019-11-08T01:56:26.000,24.19,0.39,6.68,18.32,20.5,153352,-18.99,40.0,0.819
2019-11-08T01:57:26.000,24.13,0.36,6.52,18.34,20.5,153353,-19.2,40.0,0.819
2019-11-08T01:59:26.000,24.12,0.27,6.44,18.36,20.5,153355,-19.62,40.0,0.819
2019-11-08T02:00:27.000,24.08,0.3,6.64,18.33,20.5,153356,-19.83,41.0,0.82
2019-11-08T02:01:27.000,24.04,0.23,6.74,18.31,20.5,153357,-20.04,41.0,0.82
2019-11-08T02:02:27.000,23.99,0.25,6.94,18.28,20.5,153358,-20.25,41.0,0.82
2019-11-08T02:03:28.000,23.97,0.41,7.04,18.26,20.5,153359,-20.47,41.0,0.82
2019-11-08T02:04:28.000,23.98,0.48,7.51,18.19,20.5,153360,-20.68,41.0,0.82
2019-11-08T02:05:28.000,23.92,0.39,7.59,18.18,20.5,153361,-20.89,41.0,0.82
2019-11-08T02:06:29.000,23.88,0.44,7.56,18.18,20.5,153362,-21.1,41.0,0.82
2019-11-08T02:07:29.000,23.82,0.67,8.09,18.11,20.5,153363,-21.31,42.0,0.82
2019-11-08T02:08:29.000,23.78,0.81,8.49,18.06,20.5,153364,-21.52,42.0,0.82
2019-11-08T02:09:29.000,23.8,1.08,9.52,17.93,20.5,153365,-21.73,42.0,0.82
2019-11-08T02:10:29.000,23.81,1.15,10.51,17.83,20.5,153366,-21.94,42.0,0.82
2019-11-08T02:11:30.000,23.8,1.25,11.15,17.76,20.5,153367,-22.16,42.0,0.82
2019-11-08T02:12:30.000,23.82,1.37,11.75,17.71,20.5,153368,-22.37,42.0,0.82
2019-11-08T02:13:31.000,23.79,1.24,11.98,17.68,20.5,153369,-22.58,42.0,0.82
2019-11-08T02:14:31.000,23.78,1.32,11.86,17.69,20.5,153370,-22.79,43.0,0.82
2019-11-08T02:15:31.000,23.79,1.36,11.85,17.7,20.5,153371,-23.0,43.0,0.82
2019-11-08T02:17:31.000,23.77,1.33,8.95,18.0,20.5,153373,-23.42,43.0,0.82
2019-11-08T02:18:32.000,23.8,1.33,8.34,18.08,20.5,153374,-23.64,43.0,0.82
2019-11-08T02:19:32.000,23.81,1.38,8.44,18.06,20.5,153375,-23.85,43.0,0.82
2019-11-08T02:20:32.000,23.88,1.49,8.27,18.09,20.5,153376,-24.06,43.0,0.821
2019-11-08T02:21:33.000,23.87,1.2,8.33,18.08,20.5,153377,-24.27,43.0,0.821
2019-11-08T02:22:34.000,23.9,1.48,8.63,18.04,20.5,153378,-24.49,44.0,0.821
2019-11-08T02:23:34.000,23.94,1.56,9.21,17.97,20.5,153379,-24.7,44.0,0.821
2019-11-08T02:24:34.000,23.98,1.61,8.3,18.09,20.5,153380,-24.91,44.0,0.821
2019-11-08T02:25:35.000,23.96,1.2,7.09,18.25,20.5,153381,-25.12,44.0,0.821
2019-11-08T02:27:35.000,23.92,1.35,7.08,18.26,20.5,153383,-25.55,44.0,0.821
2019-11-08T02:31:36.000,23.84,0.98,7.63,18.17,20.5,153387,-26.39,45.0,0.821
2019-11-08T02:32:37.000,23.79,1.19,7.86,18.14,20.5,153388,-26.61,45.0,0.821
2019-11-08T02:33:38.000,23.78,1.42,7.63,18.17,20.5,153389,-26.82,45.0,0.821
2019-11-08T02:34:39.000,23.78,1.49,8.36,18.08,20.5,153390,-27.04,45.0,0.821
2019-11-08T02:35:41.000,23.74,1.62,9.41,17.95,20.5,153391,-27.26,45.0,0.821
2019-11-08T02:36:42.000,23.73,1.99,10.12,17.87,20.5,153392,-27.47,45.0,0.821
2019-11-08T02:37:42.000,23.67,2.03,11.37,17.74,20.5,153393,-27.68,45.0,0.821
2019-11-08T02:38:42.000,23.62,2.51,13.28,17.57,20.5,153394,-27.89,46.0,0.821
2019-11-08T02:39:43.000,23.61,2.72,14.1,17.51,20.5,153395,-28.11,46.0,0.821
2019-11-08T02:40:43.000,23.55,2.86,14.65,17.47,20.5,153396,-28.32,46.0,0.822
2019-11-08T02:41:44.000,23.56,3.3,17.65,17.26,20.5,153397,-28.54,46.0,0.822
2019-11-08T02:42:44.000,23.57,3.35,18.23,17.23,20.5,153398,-28.75,46.0,0.822
2019-11-08T02:44:45.000,23.5,3.27,16.51,17.34,20.5,153400,-29.17,46.0,0.822
2019-11-08T02:45:45.000,23.44,3.48,17.52,17.27,20.5,153401,-29.39,46.0,0.822
2019-11-08T02:46:46.000,23.41,3.45,17.28,17.29,20.5,153402,-29.6,46.0,0.822
2019-11-08T02:47:46.000,23.36,3.54,16.87,17.31,20.5,153403,-29.81,47.0,0.822
2019-11-08T02:50:48.000,23.33,3.8,14.5,17.48,20.5,153406,-30.45,47.0,0.822
2019-11-08T02:51:48.000,23.34,3.94,14.46,17.48,20.5,153407,-30.66,47.0,0.822
2019-11-08T02:52:48.000,23.34,3.84,12.53,17.64,20.5,153408,-30.88,47.0,0.822
2019-11-08T02:56:51.000,23.38,1.67,6.74,18.31,20.5,153412,-31.73,47.0,0.822
2019-11-08T02:57:51.000,23.39,1.37,8.84,18.01,20.5,153413,-31.94,48.0,0.822
2019-11-08T02:58:52.000,23.38,1.06,9.18,17.97,20.5,153414,-32.16,48.0,0.822
2019-11-08T02:59:52.000,23.38,0.81,9.45,17.94,20.5,153415,-32.37,48.0,0.822
2019-11-08T03:00:53.000,23.37,0.63,9.73,17.91,20.5,153416,-32.59,48.0,0.823
2019-11-08T03:02:54.000,23.36,0.45,11.7,17.71,20.5,153418,-33.01,48.0,0.823
2019-11-08T03:04:54.000,23.32,0.32,11.52,17.73,20.5,153420,-33.44,48.0,0.823
2019-11-08T03:05:54.000,23.29,0.23,10.92,17.78,20.5,153421,-33.65,48.0,0.823
2019-11-08T03:06:54.000,23.26,0.18,10.3,17.85,20.5,153422,-33.86,48.0,0.823
2019-11-08T03:07:55.000,23.24,0.07,9.88,17.89,20.5,153423,-34.07,48.0,0.823
2019-11-08T03:08:55.000,23.22,-0.01,9.79,17.9,20.5,153424,-34.29,49.0,0.823
2019-11-08T03:09:55.000,23.2,-0.08,10.06,17.87,20.5,153425,-34.5,49.0,0.823
2019-11-08T03:10:56.000,23.18,-0.13,10.1,17.87,20.5,153426,-34.71,49.0,0.823
2019-11-08T03:11:56.000,23.16,-0.21,10.06,17.87,20.5,153427,-34.92,49.0,0.823
2019-11-08T03:13:57.000,23.08,-0.26,9.84,17.9,20.5,153429,-35.35,49.0,0.823
2019-11-08T03:18:58.000,22.86,-0.19,12.8,17.61,20.5,153434,-36.41,49.0,0.823
2019-11-08T03:19:58.000,22.86,-0.2,11.29,17.75,20.5,153435,-36.62,49.0,0.823
2019-11-08T03:20:59.000,22.83,-0.28,10.67,17.81,20.5,153436,-36.84,49.0,0.824
2019-11-08T03:24:00.000,22.73,-0.41,9.92,17.89,20.5,153439,-37.47,50.0,0.824
2019-11-08T03:25:00.000,22.74,-0.26,9.48,17.94,20.5,153440,-37.69,50.0,0.824
2019-11-08T03:26:01.000,22.75,-0.21,9.66,17.92,20.5,153441,-37.9,50.0,0.824
2019-11-08T03:27:01.000,22.73,-0.12,9.7,17.91,20.5,153442,-38.11,50.0,0.824
2019-11-08T03:28:01.000,22.72,-0.06,10.57,17.82,20.5,153443,-38.32,50.0,0.824
2019-11-08T03:29:02.000,22.71,0.0,12.42,17.65,20.5,153444,-38.54,50.0,0.824
2019-11-08T03:30:02.000,22.69,0.05,14.76,17.46,20.5,153445,-38.75,50.0,0.824
2019-11-08T03:31:02.000,22.66,0.06,14.2,17.5,20.5,153446,-38.96,50.0,0.824
2019-11-08T03:32:03.000,22.56,-0.06,12.49,17.64,20.5,153447,-39.17,50.0,0.824
2019-11-08T03:33:03.000,22.52,0.21,13.75,17.53,20.5,153448,-39.38,50.0,0.824
2019-11-08T03:34:04.000,22.48,0.49,14.28,17.49,20.5,153449,-39.6,50.0,0.824
2019-11-08T03:35:04.000,22.47,0.69,14.95,17.45,20.5,153450,-39.81,50.0,0.824
2019-11-08T03:36:05.000,22.47,0.97,16.79,17.32,20.5,153451,-40.02,50.0,0.824
2019-11-08T03:37:05.000,22.48,1.14,16.37,17.35,20.5,153452,-40.23,50.0,0.824
2019-11-08T03:38:06.000,22.44,1.04,18.13,17.23,20.5,153453,-40.45,50.0,0.824
2019-11-08T03:39:06.000,22.41,1.14,17.49,17.27,20.5,153454,-40.66,50.0,0.824
2019-11-08T03:40:06.000,22.42,1.1,16.62,17.33,20.5,153455,-40.87,50.0,0.824
2019-11-08T03:41:07.000,22.45,0.89,15.46,17.41,20.5,153456,-41.08,51.0,0.825
2019-11-08T03:42:07.000,22.41,0.64,14.57,17.47,20.5,153457,-41.29,51.0,0.825
2019-11-08T03:43:08.000,22.43,0.57,14.07,17.51,20.5,153458,-41.51,51.0,0.825
2019-11-08T03:44:08.000,22.43,0.37,13.64,17.54,20.5,153459,-41.72,51.0,0.825
2019-11-08T03:45:09.000,22.46,0.3,12.83,17.61,20.5,153460,-41.93,51.0,0.825
2019-11-08T03:46:09.000,22.44,0.02,12.48,17.64,20.5,153461,-42.14,51.0,0.825
2019-11-08T03:47:09.000,22.46,-0.17,11.14,17.77,20.5,153462,-42.35,51.0,0.825
2019-11-08T03:48:10.000,22.47,-0.27,11.31,17.75,20.5,153463,-42.56,51.0,0.825
2019-11-08T03:51:11.000,22.4,-0.7,11.71,17.71,20.5,153466,-43.2,51.0,0.825
2019-11-08T03:54:13.000,22.31,-0.72,11.6,17.72,20.5,153469,-43.83,51.0,0.825
2019-11-08T03:55:14.000,22.31,-0.87,11.4,17.74,20.5,153470,-44.05,51.0,0.825
2019-11-08T03:57:14.000,22.28,-0.98,11.27,17.75,20.5,153472,-44.46,51.0,0.825
2019-11-08T03:58:14.000,22.29,-1.01,11.69,17.71,20.5,153473,-44.67,51.0,0.825
2019-11-08T03:59:14.000,22.29,-0.98,11.65,17.71,20.5,153474,-44.88,51.0,0.825
2019-11-08T04:00:15.000,22.27,-1.06,11.63,17.72,20.5,153475,-45.1,51.0,0.825
2019-11-08T04:01:22.000,22.25,-0.97,11.75,17.7,20.5,153476,-45.33,51.0,0.826
2019-11-08T04:02:23.000,22.21,-0.99,11.84,17.7,20.5,153477,-45.54,51.0,0.826
2019-11-08T04:03:23.000,22.15,-1.03,11.72,17.71,20.5,153478,-45.75,51.0,0.826
2019-11-08T04:04:24.000,22.12,-1.1,12.06,17.68,20.5,153479,-45.96,51.0,0.826
2019-11-08T04:05:24.000,22.12,-0.91,11.75,17.7,20.5,153480,-46.17,51.0,0.826
2019-11-08T04:06:24.000,22.1,-0.92,11.73,17.71,20.5,153481,-46.38,51.0,0.826
2019-11-08T04:08:25.000,22.03,-0.98,11.67,17.71,20.5,153483,-46.8,51.0,0.826
2019-11-08T04:10:26.000,21.94,-1.01,11.5,17.73,20.5,153485,-47.22,51.0,0.826
2019-11-08T04:11:26.000,21.89,-1.0,11.45,17.73,20.5,153486,-47.43,51.0,0.826
2019-11-08T04:12:26.000,21.85,-1.08,11.42,17.74,20.5,153487,-47.63,51.0,0.826
2019-11-08T04:13:27.000,21.88,-1.0,11.36,17.74,20.5,153488,-47.84,51.0,0.826
2019-11-08T04:14:27.000,21.92,-1.04,11.27,17.75,20.5,153489,-48.05,51.0,0.826
2019-11-08T04:15:28.000,21.91,-1.07,11.2,17.76,20.5,153490,-48.26,51.0,0.826
