Downloads/jupyter/ECSV/stars19/stars19_2021-04.ecsv
# %ECSV 1.0
# ---
# datatype:
# - {name: time, datatype: string}
# - {name: Enclosure Temperature, unit: deg_C, datatype: float64}
# - {name: Sky Temperature, unit: deg_C, datatype: float64}
# - {name: Frequency, unit: Hz, datatype: float64}
# - {name: MSAS, unit: mag / arcsec2, datatype: float64}
# - {name: ZP, datatype: float64}
# - {name: Sequence Number, datatype: int64}
# - {name: Sun Alt, unit: deg, datatype: float64}
# - {name: Moon Alt, unit: deg, datatype: float64}
# - {name: Moon Illumination, datatype: float64}
# delimiter: ','
# meta: !!omap
# - ida:
#     Data supplier: {affiliation: null, observer: null}
#     Device type: TESS-W
#     Field of view: 17.0
#     Filters per channel: None
#     Instrument ID: stars19
#     License: ODbL 1.0 http://opendatacommons.org/licenses/odbl/summary/
#     Local timezone: America/Phoenix
#     Location name: {country: '- Tucson', place: Tucson, region: United States, sub_region: Arizona, town: Pima County}
#     Measurement direction per channel: {azimuth: 0.0, zenital: 0.0}
#     Moving / Fixed look direction: FIXED
#     Moving / Stationary position: STATIONARY
#     Number of channels: 1
#     Number of fields per line: 8
#     Number of header lines: 35
#     Position: {height: 0.0, latitude: 32.223877, longitude: -110.767532}
#     TESS MAC address: 18:FE:34:CF:EC:06
#     TESS cover offset value: 0.0
#     TESS firmware version: '1.0'
#     TESS zero point: 20.5
#     Time Synchronization: timestamp added by MQTT subscriber
#     URL: http://www.darksky.org/NSBM/sdf1.0.pdf
# - __serialized_columns__:
#     Enclosure Temperature:
#       __class__: astropy.units.quantity.Quantity
#       unit: &id001 !astropy.units.Unit {unit: deg_C}
#       value: !astropy.table.SerializedColumn {name: Enclosure Temperature}
#     Frequency:
#       __class__: astropy.units.quantity.Quantity
#       unit: !astropy.units.Unit {unit: Hz}
#       value: !astropy.table.SerializedColumn {name: Frequency}
#     MSAS:
#       __class__: astropy.units.quantity.Quantity
#       unit: !astropy.units.Unit {unit: mag / arcsec2}
#       value: !astropy.table.SerializedColumn {name: MSAS}
#     Moon Alt:
#       __class__: astropy.units.quantity.Quantity
#       unit: &id002 !astropy.units.Unit {unit: deg}
#       value: !astropy.table.SerializedColumn {name: Moon Alt}
#     Sky Temperature:
#       __class__: astropy.units.quantity.Quantity
#       unit: *id001
#       value: !astropy.table.SerializedColumn {name: Sky Temperature}
#     Sun Alt:
#       __class__: astropy.units.quantity.Quantity
#       unit: *id002
#       value: !astropy.table.SerializedColumn {name: Sun Alt}
#     time:
#       __class__: astropy.time.core.Time
#       format: isot
#       in_subfmt: '*'
#       out_subfmt: '*'
#       precision: 3
#       scale: utc
#       value: !astropy.table.SerializedColumn {name: time}
# schema: astropy-2.0
time,Enclosure Temperature,Sky Temperature,Frequency,MSAS,ZP,Sequence Number,Sun Alt,Moon Alt,Moon Illumination
[from data line 8381]
2021-04-12T00:49:40.000,33.81,8.73,0.0,0.0,20.5,107148,11.84,10.0,0.001
2021-04-12T00:50:41.000,33.73,8.8,0.0,0.0,20.5,107149,11.62,9.0,0.001
2021-04-12T01:10:50.000,33.21,9.33,0.0,0.0,20.5,107169,7.37,5.0,0.001
2021-04-12T01:11:50.000,33.14,9.43,0.0,0.0,20.5,107170,7.16,5.0,0.001
2021-04-12T01:12:51.000,33.05,9.66,0.0,0.0,20.5,107171,6.95,5.0,0.001
2021-04-12T01:18:51.000,32.67,9.48,0.0,0.0,20.5,107177,5.69,4.0,0.001
2021-04-12T01:19:52.000,32.6,9.41,0.0,0.0,20.5,107178,5.48,3.0,0.001
2021-04-12T01:20:52.000,32.55,9.5,0.0,0.0,20.5,107179,5.27,3.0,0.001
2021-04-12T01:21:52.000,32.5,9.4,0.0,0.0,20.5,107180,5.06,3.0,0.001
2021-04-12T01:22:52.000,32.46,9.44,0.0,0.0,20.5,107181,4.85,3.0,0.001
2021-04-12T01:23:53.000,32.41,9.29,0.0,0.0,20.5,107182,4.63,3.0,0.001
2021-04-12T01:25:53.000,32.27,9.2,0.0,0.0,20.5,107184,4.21,2.0,0.001
2021-04-12T01:26:53.000,32.23,9.1,0.0,0.0,20.5,107185,4.0,2.0,0.001
2021-04-12T01:29:54.000,32.05,8.6,0.0,0.0,20.5,107188,3.37,1.0,0.001
2021-04-12T01:30:54.000,32.0,8.41,0.0,0.0,20.5,107189,3.16,1.0,0.001
2021-04-12T01:32:01.000,31.96,8.27,0.0,0.0,20.5,107190,2.93,1.0,0.001
2021-04-12T01:34:01.000,31.84,7.78,0.0,0.0,20.5,107192,2.51,0.0,0.001
2021-04-12T01:35:01.000,31.78,7.59,0.0,0.0,20.5,107193,2.3,0.0,0.001
2021-04-12T01:36:02.000,31.7,7.39,0.0,0.0,20.5,107194,2.09,0.0,0.001
2021-04-12T01:37:02.000,31.6,7.17,0.0,0.0,20.5,107195,1.88,-0.0,0.001
2021-04-12T01:38:02.000,31.53,7.02,0.23,0.09,20.5,107196,1.67,-0.0,0.001
2021-04-12T01:39:02.000,31.42,6.77,0.0,0.0,20.5,107197,1.47,-1.0,0.001
2021-04-12T01:40:02.000,31.31,6.56,0.0,0.0,20.5,107198,1.26,-1.0,0.001
2021-04-12T01:41:03.000,31.2,6.43,0.0,0.0,20.5,107199,1.04,-1.0,0.001
2021-04-12T01:45:04.000,30.9,5.8,0.0,0.0,20.5,107203,0.21,-2.0,0.001
2021-04-12T01:46:04.000,30.86,5.72,0.0,0.0,20.5,107204,0.0,-2.0,0.001
2021-04-12T01:47:04.000,30.8,5.64,0.0,0.0,20.5,107205,-0.21,-2.0,0.001
2021-04-12T01:51:04.000,30.55,5.99,0.0,0.0,20.5,107209,-1.04,-3.0,0.001
2021-04-12T01:53:09.000,30.44,6.45,60663.04,8.32,20.5,107211,-1.47,-3.0,0.001
2021-04-12T01:54:10.000,30.38,6.74,54397.18,8.54,20.5,107212,-1.68,-4.0,0.001
2021-04-12T01:55:10.000,30.33,6.94,48627.64,8.66,20.5,107213,-1.89,-4.0,0.001
2021-04-12T01:56:10.000,30.28,7.12,42826.62,8.8,20.5,107214,-2.1,-4.0,0.001
2021-04-12T01:57:10.000,30.21,7.14,37319.41,8.95,20.5,107215,-2.3,-4.0,0.001
2021-04-12T01:58:10.000,30.14,7.16,32586.49,9.1,20.5,107216,-2.51,-4.0,0.001
2021-04-12T01:59:11.000,30.09,7.2,28160.23,9.33,20.5,107217,-2.72,-5.0,0.001
2021-04-12T02:00:11.000,30.06,7.04,23532.67,9.45,20.5,107218,-2.93,-5.0,0.001
2021-04-12T02:01:11.000,30.02,6.85,17922.94,9.75,20.5,107219,-3.13,-5.0,0.001
2021-04-12T02:02:11.000,30.0,6.5,13532.38,10.05,20.5,107220,-3.34,-5.0,0.001
2021-04-12T02:03:11.000,29.96,6.24,10535.89,10.33,20.5,107221,-3.55,-5.0,0.001
2021-04-12T02:04:12.000,29.91,5.89,8365.66,10.58,20.5,107222,-3.76,-6.0,0.001
2021-04-12T02:05:12.000,29.84,5.58,6544.98,10.84,20.5,107223,-3.96,-6.0,0.001
2021-04-12T02:06:12.000,29.79,5.4,5051.42,11.12,20.5,107224,-4.17,-6.0,0.001
2021-04-12T02:07:12.000,29.75,5.38,3910.33,11.4,20.5,107225,-4.37,-6.0,0.001
2021-04-12T02:08:12.000,29.7,5.35,3068.56,11.67,20.5,107226,-4.58,-6.0,0.001
2021-04-12T02:09:15.000,29.66,5.45,2426.22,11.92,20.5,107227,-4.79,-7.0,0.001
2021-04-12T02:10:15.000,29.63,5.39,1914.42,12.18,20.5,107228,-5.0,-7.0,0.001
2021-04-12T02:11:15.000,29.59,5.37,1515.66,12.43,20.5,107229,-5.21,-7.0,0.001
2021-04-12T02:12:15.000,29.52,5.27,1185.53,12.7,20.5,107230,-5.41,-7.0,0.001
2021-04-12T02:13:15.000,29.46,5.25,973.96,12.91,20.5,107231,-5.62,-7.0,0.001
2021-04-12T02:14:15.000,29.41,5.23,846.18,13.06,20.5,107232,-5.82,-8.0,0.001
2021-04-12T02:15:15.000,29.34,5.32,688.02,13.29,20.5,107233,-6.03,-8.0,0.001
2021-04-12T02:21:17.000,29.11,4.96,111.46,15.27,20.5,107239,-7.26,-9.0,0.001
2021-04-12T02:22:17.000,29.07,4.77,79.19,15.64,20.5,107240,-7.46,-9.0,0.001
2021-04-12T02:33:18.000,28.56,4.14,8.67,18.04,20.5,107251,-9.7,-11.0,0.001
2021-04-12T02:34:18.000,28.53,4.07,7.01,18.27,20.5,107252,-9.9,-12.0,0.001
2021-04-12T02:35:19.000,28.47,3.92,5.81,18.47,20.5,107253,-10.11,-12.0,0.001
2021-04-12T02:36:19.000,28.43,3.88,5.1,18.61,20.5,107254,-10.31,-12.0,0.001
2021-04-12T02:37:19.000,28.38,3.8,4.45,18.76,20.5,107255,-10.51,-12.0,0.001
2021-04-12T02:38:20.000,28.31,3.8,3.94,18.89,20.5,107256,-10.72,-12.0,0.001
2021-04-12T02:39:20.000,28.28,3.9,3.59,18.99,20.5,107257,-10.92,-13.0,0.001
2021-04-12T02:40:20.000,28.25,3.97,3.32,19.08,20.5,107258,-11.12,-13.0,0.001
2021-04-12T02:41:20.000,28.22,4.05,3.09,19.15,20.5,107259,-11.32,-13.0,0.001
2021-04-12T02:42:21.000,28.2,4.17,2.97,19.2,20.5,107260,-11.53,-13.0,0.001
2021-04-12T02:43:21.000,28.18,4.34,2.92,19.22,20.5,107261,-11.73,-13.0,0.001
2021-04-12T02:44:21.000,28.15,4.57,2.89,19.23,20.5,107262,-11.93,-14.0,0.001
2021-04-12T02:45:22.000,28.12,4.89,2.85,19.24,20.5,107263,-12.13,-14.0,0.001
2021-04-12T02:46:22.000,28.13,5.26,3.04,19.17,20.5,107264,-12.33,-14.0,0.001
2021-04-12T02:47:22.000,28.12,5.66,3.79,18.94,20.5,107265,-12.53,-14.0,0.001
2021-04-12T02:48:22.000,28.11,6.02,4.81,18.68,20.5,107266,-12.73,-14.0,0.001
2021-04-12T02:49:22.000,28.12,6.42,5.4,18.55,20.5,107267,-12.93,-15.0,0.001
2021-04-12T02:50:23.000,28.12,6.72,5.04,18.62,20.5,107268,-13.13,-15.0,0.001
2021-04-12T02:51:23.000,28.1,6.81,4.42,18.77,20.5,107269,-13.33,-15.0,0.001
2021-04-12T02:52:23.000,28.1,6.75,4.2,18.82,20.5,107270,-13.53,-15.0,0.001
2021-04-12T02:53:24.000,28.11,6.67,3.9,18.9,20.5,107271,-13.73,-15.0,0.001
2021-04-12T02:54:24.000,28.11,6.5,3.62,18.98,20.5,107272,-13.93,-16.0,0.001
2021-04-12T02:55:24.000,28.1,6.36,3.61,18.99,20.5,107273,-14.13,-16.0,0.001
2021-04-12T02:56:24.000,28.08,6.27,3.63,18.98,20.5,107274,-14.33,-16.0,0.001
2021-04-12T02:57:25.000,28.06,6.39,3.74,18.95,20.5,107275,-14.53,-16.0,0.001
2021-04-12T02:59:25.000,28.05,6.57,4.4,18.77,20.5,107277,-14.93,-17.0,0.001
2021-04-12T03:00:25.000,28.04,6.75,4.74,18.69,20.5,107278,-15.13,-17.0,0.001
2021-04-12T03:01:25.000,28.01,6.92,5.28,18.57,20.5,107279,-15.32,-17.0,0.001
2021-04-12T03:04:33.000,27.94,7.34,5.48,18.53,20.5,107282,-15.94,-18.0,0.001
2021-04-12T03:05:33.000,27.94,7.3,5.13,18.61,20.5,107283,-16.14,-18.0,0.001
2021-04-12T03:07:34.000,27.88,6.97,4.41,18.77,20.5,107285,-16.53,-18.0,0.001
2021-04-12T03:08:34.000,27.86,6.81,4.07,18.86,20.5,107286,-16.73,-18.0,0.001
2021-04-12T03:09:34.000,27.85,6.61,3.74,18.95,20.5,107287,-16.92,-19.0,0.001
2021-04-12T03:10:35.000,27.85,6.34,3.47,19.03,20.5,107288,-17.12,-19.0,0.001
2021-04-12T03:11:35.000,27.81,5.98,3.34,19.07,20.5,107289,-17.32,-19.0,0.001
2021-04-12T03:12:35.000,27.77,5.82,3.36,19.06,20.5,107290,-17.51,-19.0,0.001
2021-04-12T03:19:36.000,27.56,4.95,3.21,19.11,20.5,107297,-18.87,-20.0,0.001
2021-04-12T03:20:36.000,27.54,4.86,3.16,19.13,20.5,107298,-19.07,-21.0,0.001
2021-04-12T03:21:43.000,27.51,4.83,2.98,19.19,20.5,107299,-19.28,-21.0,0.001
2021-04-12T03:22:44.000,27.48,4.69,2.75,19.28,20.5,107300,-19.48,-21.0,0.001
2021-04-12T03:23:44.000,27.42,4.6,2.59,19.35,20.5,107301,-19.67,-21.0,0.001
2021-04-12T03:24:44.000,27.38,4.55,2.52,19.38,20.5,107302,-19.86,-21.0,0.001
2021-04-12T03:25:44.000,27.36,4.55,2.54,19.37,20.5,107303,-20.06,-22.0,0.001
2021-04-12T03:27:45.000,27.32,4.58,2.77,19.27,20.5,107305,-20.44,-22.0,0.001
2021-04-12T03:28:51.000,27.3,4.57,2.94,19.21,20.5,107306,-20.65,-22.0,0.001
2021-04-12T03:30:51.000,27.23,4.6,2.97,19.2,20.5,107308,-21.03,-23.0,0.001
2021-04-12T03:31:51.000,27.2,4.58,2.81,19.26,20.5,107309,-21.22,-23.0,0.001
2021-04-12T03:37:52.000,27.07,4.36,2.59,19.35,20.5,107315,-22.36,-24.0,0.001
2021-04-12T03:38:52.000,27.04,4.33,2.67,19.31,20.5,107316,-22.55,-24.0,0.001
2021-04-12T03:39:53.000,27.0,4.28,2.77,19.27,20.5,107317,-22.74,-24.0,0.001
2021-04-12T03:40:53.000,26.98,4.28,2.78,19.27,20.5,107318,-22.93,-24.0,0.001
2021-04-12T03:41:53.000,26.96,4.21,2.51,19.38,20.5,107319,-23.12,-25.0,0.001
2021-04-12T03:42:53.000,26.94,4.09,2.15,19.55,20.5,107320,-23.3,-25.0,0.001
2021-04-12T03:43:54.000,26.92,3.95,1.92,19.67,20.5,107321,-23.49,-25.0,0.001
2021-04-12T03:44:54.000,26.92,3.84,1.78,19.76,20.5,107322,-23.68,-25.0,0.001
2021-04-12T03:45:54.000,26.92,3.72,1.68,19.82,20.5,107323,-23.86,-25.0,0.001
2021-04-12T03:46:54.000,26.89,3.6,1.65,19.83,20.5,107324,-24.05,-26.0,0.001
2021-04-12T03:47:54.000,26.91,3.62,1.63,19.85,20.5,107325,-24.24,-26.0,0.001
2021-04-12T03:48:55.000,26.91,3.55,1.63,19.85,20.5,107326,-24.42,-26.0,0.001
2021-04-12T03:49:55.000,26.89,3.56,1.55,19.91,20.5,107327,-24.61,-26.0,0.001
2021-04-12T03:50:55.000,26.89,3.54,1.57,19.89,20.5,107328,-24.79,-26.0,0.001
2021-04-12T03:51:55.000,26.91,3.54,1.62,19.86,20.5,107329,-24.98,-26.0,0.001
2021-04-12T03:52:55.000,26.91,3.53,1.61,19.86,20.5,107330,-25.16,-27.0,0.001
2021-04-12T03:53:56.000,26.9,3.48,1.54,19.91,20.5,107331,-25.35,-27.0,0.001
2021-04-12T03:54:56.000,26.89,3.49,1.46,19.97,20.5,107332,-25.53,-27.0,0.001
2021-04-12T03:55:56.000,26.88,3.51,1.44,19.98,20.5,107333,-25.71,-27.0,0.001
2021-04-12T03:56:56.000,26.88,3.49,1.42,20.0,20.5,107334,-25.9,-27.0,0.001
2021-04-12T03:57:56.000,26.87,3.46,1.42,20.0,20.5,107335,-26.08,-28.0,0.001
2021-04-12T03:58:57.000,26.86,3.4,1.41,20.01,20.5,107336,-26.26,-28.0,0.001
2021-04-12T04:00:57.000,26.84,3.44,1.41,20.01,20.5,107338,-26.63,-28.0,0.001
2021-04-12T04:01:57.000,26.84,3.42,1.41,20.01,20.5,107339,-26.81,-28.0,0.001
2021-04-12T04:02:58.000,26.84,3.48,1.41,20.01,20.5,107340,-26.99,-28.0,0.001
2021-04-12T04:03:58.000,26.79,3.4,1.41,20.01,20.5,107341,-27.17,-29.0,0.001
2021-04-12T04:04:58.000,26.77,3.49,1.41,20.01,20.5,107342,-27.35,-29.0,0.001
2021-04-12T04:05:58.000,26.75,3.48,1.41,20.01,20.5,107343,-27.53,-29.0,0.001
2021-04-12T04:06:58.000,26.74,3.48,1.41,20.01,20.5,107344,-27.71,-29.0,0.001
2021-04-12T04:07:59.000,26.71,3.47,1.41,20.01,20.5,107345,-27.89,-29.0,0.001
2021-04-12T04:08:59.000,26.7,3.51,1.41,20.0,20.5,107346,-28.07,-30.0,0.001
2021-04-12T04:09:59.000,26.7,3.56,1.42,20.0,20.5,107347,-28.24,-30.0,0.001
2021-04-12T04:10:59.000,26.68,3.54,1.42,20.0,20.5,107348,-28.42,-30.0,0.001
2021-04-12T04:11:59.000,26.66,3.51,1.42,20.0,20.5,107349,-28.6,-30.0,0.001
2021-04-12T04:13:00.000,26.64,3.55,1.42,20.0,20.5,107350,-28.78,-30.0,0.001
2021-04-12T04:14:00.000,26.6,3.53,1.42,20.0,20.5,107351,-28.95,-30.0,0.001
2021-04-12T04:15:00.000,26.58,3.52,1.42,20.0,20.5,107352,-29.13,-31.0,0.001
2021-04-12T04:16:00.000,26.56,3.57,1.43,19.99,20.5,107353,-29.31,-31.0,0.001
2021-04-12T04:17:00.000,26.55,3.5,1.44,19.99,20.5,107354,-29.48,-31.0,0.001
2021-04-12T04:18:01.000,26.52,3.5,1.44,19.99,20.5,107355,-29.66,-31.0,0.001
2021-04-12T04:19:01.000,26.49,3.5,1.43,19.99,20.5,107356,-29.83,-31.0,0.001
2021-04-12T04:20:01.000,26.43,3.49,1.43,19.99,20.5,107357,-30.01,-31.0,0.001
2021-04-12T04:21:01.000,26.39,3.58,1.43,19.99,20.5,107358,-30.18,-32.0,0.001
2021-04-12T04:22:02.000,26.34,3.59,1.44,19.99,20.5,107359,-30.35,-32.0,0.001
2021-04-12T04:23:02.000,26.33,3.67,1.44,19.98,20.5,107360,-30.53,-32.0,0.001
2021-04-12T04:24:02.000,26.32,3.7,1.46,19.97,20.5,107361,-30.7,-32.0,0.001
2021-04-12T04:25:02.000,26.3,3.65,1.48,19.95,20.5,107362,-30.87,-32.0,0.001
2021-04-12T04:26:02.000,26.26,3.65,1.48,19.95,20.5,107363,-31.04,-33.0,0.001
2021-04-12T04:28:03.000,26.23,3.66,1.45,19.97,20.5,107365,-31.38,-33.0,0.001
2021-04-12T04:29:03.000,26.23,3.66,1.45,19.98,20.5,107366,-31.55,-33.0,0.001
2021-04-12T04:31:04.000,26.24,3.7,1.45,19.97,20.5,107368,-31.89,-33.0,0.001
2021-04-12T04:32:04.000,26.23,3.67,1.46,19.97,20.5,107369,-32.06,-34.0,0.001
2021-04-12T04:33:04.000,26.23,3.7,1.47,19.96,20.5,107370,-32.23,-34.0,0.001
2021-04-12T04:34:05.000,26.2,3.68,1.47,19.96,20.5,107371,-32.4,-34.0,0.001
2021-04-12T04:35:05.000,26.18,3.61,1.48,19.96,20.5,107372,-32.57,-34.0,0.001
2021-04-12T04:36:05.000,26.15,3.61,1.47,19.96,20.5,107373,-32.73,-34.0,0.001
2021-04-12T04:37:05.000,26.1,3.56,1.46,19.97,20.5,107374,-32.9,-34.0,0.001
2021-04-12T04:38:05.000,26.06,3.63,1.47,19.97,20.5,107375,-33.06,-35.0,0.001
2021-04-12T04:40:06.000,26.02,3.67,1.49,19.94,20.5,107377,-33.4,-35.0,0.001
2021-04-12T04:50:07.000,25.88,3.7,1.62,19.86,20.5,107387,-35.01,-37.0,0.001
2021-04-12T04:53:09.000,25.83,3.45,1.51,19.93,20.5,107390,-35.49,-37.0,0.001
2021-04-12T04:54:09.000,25.81,3.38,1.48,19.96,20.5,107391,-35.65,-37.0,0.001
2021-04-12T04:55:09.000,25.8,3.33,1.45,19.98,20.5,107392,-35.8,-37.0,0.001
2021-04-12T04:58:10.000,25.71,3.06,1.41,20.0,20.5,107395,-36.27,-38.0,0.001
2021-04-12T04:59:10.000,25.7,3.0,1.42,20.0,20.5,107396,-36.42,-38.0,0.001
2021-04-12T05:00:10.000,25.66,2.93,1.42,20.0,20.5,107397,-36.57,-38.0,0.001
2021-04-12T05:01:11.000,25.63,2.92,1.42,20.0,20.5,107398,-36.73,-38.0,0.001
2021-04-12T05:02:11.000,25.59,2.85,1.42,20.0,20.5,107399,-36.88,-38.0,0.001
2021-04-12T05:03:11.000,25.52,2.86,1.42,20.0,20.5,107400,-37.03,-39.0,0.001
2021-04-12T05:04:11.000,25.49,2.88,1.41,20.01,20.5,107401,-37.18,-39.0,0.001
2021-04-12T05:05:11.000,25.46,2.85,1.4,20.02,20.5,107402,-37.33,-39.0,0.001
2021-04-12T05:06:12.000,25.43,2.85,1.39,20.02,20.5,107403,-37.48,-39.0,0.001
2021-04-12T05:07:12.000,25.39,2.8,1.39,20.02,20.5,107404,-37.63,-39.0,0.001
2021-04-12T05:08:12.000,25.35,2.78,1.4,20.02,20.5,107405,-37.78,-39.0,0.001
2021-04-12T05:27:15.000,24.62,2.46,1.39,20.02,20.5,107424,-40.46,-42.0,0.001
2021-04-12T05:28:16.000,24.6,2.5,1.38,20.03,20.5,107425,-40.59,-42.0,0.001
2021-04-12T05:29:15.000,24.58,2.44,1.38,20.03,20.5,107426,-40.72,-42.0,0.001
2021-04-12T05:30:16.000,24.55,2.37,1.37,20.04,20.5,107427,-40.86,-43.0,0.001
2021-04-12T05:31:16.000,24.51,2.39,1.36,20.04,20.5,107428,-40.99,-43.0,0.001
2021-04-12T05:32:16.000,24.48,2.33,1.38,20.03,20.5,107429,-41.12,-43.0,0.001
2021-04-12T05:33:17.000,24.46,2.38,1.38,20.03,20.5,107430,-41.25,-43.0,0.001
2021-04-12T05:34:17.000,24.45,2.32,1.39,20.02,20.5,107431,-41.38,-43.0,0.001
2021-04-12T05:35:17.000,24.44,2.27,1.4,20.01,20.5,107432,-41.51,-43.0,0.001
2021-04-12T05:36:17.000,24.42,2.26,1.42,20.0,20.5,107433,-41.63,-43.0,0.001
2021-04-12T05:37:18.000,24.41,2.22,1.42,20.0,20.5,107434,-41.76,-43.0,0.001
2021-04-12T05:38:18.000,24.4,2.13,1.4,20.01,20.5,107435,-41.89,-44.0,0.001
2021-04-12T05:39:18.000,24.36,2.11,1.38,20.03,20.5,107436,-42.01,-44.0,0.001
2021-04-12T05:40:18.000,24.35,2.12,1.36,20.05,20.5,107437,-42.13,-44.0,0.001
2021-04-12T05:41:19.000,24.31,2.08,1.34,20.06,20.5,107438,-42.26,-44.0,0.001
2021-04-12T05:42:19.000,24.3,2.16,1.34,20.06,20.5,107439,-42.38,-44.0,0.001
2021-04-12T05:44:19.000,24.23,2.13,1.33,20.07,20.5,107441,-42.62,-44.0,0.001
2021-04-12T05:49:20.000,24.11,1.67,1.33,20.07,20.5,107446,-43.21,-45.0,0.001
2021-04-12T06:54:36.000,23.29,6.3,6.73,18.31,20.5,107511,-48.4,-51.0,0.001
2021-04-12T06:55:36.000,23.3,6.34,6.43,18.36,20.5,107512,-48.44,-51.0,0.001
2021-04-12T06:57:37.000,23.21,6.34,6.2,18.4,20.5,107514,-48.51,-51.0,0.001
2021-04-12T06:58:37.000,23.19,6.4,6.16,18.41,20.5,107515,-48.55,-51.0,0.001
2021-04-12T07:02:37.000,23.26,5.67,4.34,18.79,20.5,107519,-48.67,-51.0,0.001
2021-04-12T07:04:38.000,23.26,5.06,3.68,18.97,20.5,107521,-48.73,-51.0,0.001
2021-04-12T07:05:38.000,23.24,4.76,3.5,19.02,20.5,107522,-48.76,-52.0,0.001
2021-04-12T07:06:38.000,23.21,4.5,3.32,19.08,20.5,107523,-48.78,-52.0,0.001
2021-04-12T07:07:39.000,23.19,4.25,3.18,19.12,20.5,107524,-48.8,-52.0,0.001
2021-04-12T07:08:39.000,23.18,4.03,2.82,19.26,20.5,107525,-48.82,-52.0,0.001
2021-04-12T07:09:40.000,23.16,3.74,2.39,19.43,20.5,107526,-48.85,-52.0,0.001
2021-04-12T07:10:40.000,23.11,3.41,2.13,19.56,20.5,107527,-48.86,-52.0,0.001
2021-04-12T07:11:40.000,23.07,3.09,2.07,19.59,20.5,107528,-48.88,-52.0,0.001
2021-04-12T07:14:41.000,22.9,2.58,2.44,19.41,20.5,107531,-48.93,-52.0,0.001
2021-04-12T07:15:41.000,22.89,2.55,2.22,19.52,20.5,107532,-48.94,-52.0,0.001
2021-04-12T07:16:41.000,22.89,2.46,2.01,19.62,20.5,107533,-48.95,-52.0,0.001
2021-04-12T07:19:42.000,22.77,1.99,1.86,19.7,20.5,107536,-48.97,-52.0,0.001
2021-04-12T07:20:42.000,22.72,1.97,1.86,19.71,20.5,107537,-48.98,-52.0,0.001
