Downloads/jupyter/ECSV/stars19/stars19_2023-10.ecsv
# %ECSV 1.0
# ---
# datatype:
# - {name: time, datatype: string}
# - {name: Enclosure Temperature, unit: deg_C, datatype: float64}
# - {name: Sky Temperature, unit: deg_C, datatype: float64}
# - {name: Frequency, unit: Hz, datatype: float64}
# - {name: MSAS, unit: mag / arcsec2, datatype: float64}
# - {name: ZP, datatype: float64}
# - {name: Sequence Number, datatype: int64}
# - {name: Sun Alt, unit: deg, datatype: float64}
# - {name: Moon Alt, unit: deg, datatype: float64}
# - {name: Moon Illumination, datatype: float64}
# delimiter: ','
# meta: !!omap
# - ida:
#     Data supplier: {affiliation: null, observer: null}
#     Device type: TESS-W
#     Field of view: 17.0
#     Filters per channel: None
#     Instrument ID: stars19
#     License: ODbL 1.0 http://opendatacommons.org/licenses/odbl/summary/
#     Local timezone: America/Phoenix
#     Location name: {country: '- Tucson', place: Tucson, region: United States, sub_region: Arizona, town: Pima County}
#     Measurement direction per channel: {azimuth: 0.0, zenital: 0.0}
#     Moving / Fixed look direction: FIXED
#     Moving / Stationary position: STATIONARY
#     Number of channels: 1
#     Number of fields per line: 8
#     Number of header lines: 35
#     Position: {height: 0.0, latitude: 32.223877, longitude: -110.767532}
#     TESS MAC address: 18:FE:34:CF:EC:06
#     TESS cover offset value: 0.0
#     TESS firmware version: '1.0'
#     TESS zero point: 20.38
#     Time Synchronization: timestamp added by MQTT subscriber
#     URL: http://www.darksky.org/NSBM/sdf1.0.pdf
# - __serialized_columns__:
#     Enclosure Temperature:
#       __class__: astropy.units.quantity.Quantity
#       unit: &id001 !astropy.units.Unit {unit: deg_C}
#       value: !astropy.table.SerializedColumn {name: Enclosure Temperature}
#     Frequency:
#       __class__: astropy.units.quantity.Quantity
#       unit: !astropy.units.Unit {unit: Hz}
#       value: !astropy.table.SerializedColumn {name: Frequency}
#     MSAS:
#       __class__: astropy.units.quantity.Quantity
#       unit: !astropy.units.Unit {unit: mag / arcsec2}
#       value: !astropy.table.SerializedColumn {name: MSAS}
#     Moon Alt:
#       __class__: astropy.units.quantity.Quantity
#       unit: &id002 !astropy.units.Unit {unit: deg}
#       value: !astropy.table.SerializedColumn {name: Moon Alt}
#     Sky Temperature:
#       __class__: astropy.units.quantity.Quantity
#       unit: *id001
#       value: !astropy.table.SerializedColumn {name: Sky Temperature}
#     Sun Alt:
#       __class__: astropy.units.quantity.Quantity
#       unit: *id002
#       value: !astropy.table.SerializedColumn {name: Sun Alt}
#     time:
#       __class__: astropy.time.core.Time
#       format: isot
#       in_subfmt: '*'
#       out_subfmt: '*'
#       precision: 3
#       scale: utc
#       value: !astropy.table.SerializedColumn {name: time}
# schema: astropy-2.0
time,Enclosure Temperature,Sky Temperature,Frequency,MSAS,ZP,Sequence Number,Sun Alt,Moon Alt,Moon Illumination
[from data line 17856]
2023-10-26T04:23:22.000,20.32,-1.88,13.58,17.55,20.38,36562,-47.59,53.0,0.905
2023-10-26T04:24:22.000,20.26,-1.85,13.65,17.54,20.38,36563,-47.79,53.0,0.905
2023-10-26T04:25:23.000,20.2,-2.01,13.73,17.54,20.38,36564,-47.99,53.0,0.905
2023-10-26T04:26:24.000,20.1,-2.07,13.8,17.53,20.38,36565,-48.2,53.0,0.905
2023-10-26T04:27:24.000,20.04,-2.09,13.87,17.52,20.38,36566,-48.4,53.0,0.905
2023-10-26T04:28:24.000,19.97,-2.11,13.95,17.52,20.38,36567,-48.6,53.0,0.905
2023-10-26T04:29:25.000,19.94,-1.96,14.0,17.51,20.38,36568,-48.8,53.0,0.905
2023-10-26T04:30:25.000,19.89,-2.14,14.06,17.51,20.38,36569,-49.0,53.0,0.905
2023-10-26T04:31:26.000,19.87,-1.93,14.15,17.5,20.38,36570,-49.2,53.0,0.905
2023-10-26T04:32:26.000,19.89,-1.89,14.21,17.5,20.38,36571,-49.4,53.0,0.905
2023-10-26T04:33:26.000,19.89,-1.86,14.26,17.49,20.38,36572,-49.6,53.0,0.905
2023-10-26T04:34:26.000,19.91,-1.81,14.34,17.49,20.38,36573,-49.8,53.0,0.905
2023-10-26T04:35:26.000,19.94,-1.78,14.38,17.49,20.38,36574,-49.99,53.0,0.906
2023-10-26T04:36:26.000,19.93,-1.89,14.43,17.48,20.38,36575,-50.19,53.0,0.906
2023-10-26T04:37:26.000,19.88,-2.04,14.48,17.48,20.38,36576,-50.39,53.0,0.906
2023-10-26T04:38:26.000,19.87,-1.92,14.51,17.48,20.38,36577,-50.58,53.0,0.906
2023-10-26T04:39:27.000,19.88,-1.87,14.57,17.47,20.38,36578,-50.78,53.0,0.906
2023-10-26T04:40:26.000,19.9,-1.79,14.62,17.47,20.38,36579,-50.98,53.0,0.906
2023-10-26T04:41:26.000,19.94,-1.69,14.64,17.47,20.38,36580,-51.17,53.0,0.906
2023-10-26T04:42:26.000,19.99,-1.72,14.6,17.47,20.38,36581,-51.37,53.0,0.906
2023-10-26T04:43:26.000,20.03,-1.67,14.61,17.47,20.38,36582,-51.56,53.0,0.906
2023-10-26T04:44:27.000,20.08,-1.6,14.61,17.47,20.38,36583,-51.76,53.0,0.906
2023-10-26T04:45:27.000,20.08,-1.83,14.63,17.47,20.38,36584,-51.96,53.0,0.906
2023-10-26T04:46:27.000,20.06,-1.81,14.68,17.46,20.38,36585,-52.15,54.0,0.906
2023-10-26T04:47:27.000,20.05,-1.82,14.74,17.46,20.38,36586,-52.34,54.0,0.906
2023-10-26T04:48:27.000,20.07,-1.81,14.81,17.45,20.38,36587,-52.54,54.0,0.906
2023-10-26T04:49:27.000,20.03,-2.03,14.88,17.45,20.38,36588,-52.73,54.0,0.906
2023-10-26T04:50:27.000,19.96,-1.98,14.94,17.44,20.38,36589,-52.92,54.0,0.906
2023-10-26T04:51:27.000,19.92,-2.03,14.99,17.44,20.38,36590,-53.12,54.0,0.906
2023-10-26T04:52:27.000,19.89,-1.99,15.04,17.44,20.38,36591,-53.31,54.0,0.906
2023-10-26T04:53:28.000,19.83,-2.2,15.08,17.43,20.38,36592,-53.5,54.0,0.906
2023-10-26T04:54:28.000,19.74,-2.22,15.09,17.43,20.38,36593,-53.69,54.0,0.906
2023-10-26T04:55:28.000,19.69,-2.15,15.11,17.43,20.38,36594,-53.89,54.0,0.907
2023-10-26T04:56:28.000,19.68,-2.09,15.15,17.43,20.38,36595,-54.08,54.0,0.907
2023-10-26T04:57:28.000,19.66,-2.07,15.17,17.43,20.38,36596,-54.27,54.0,0.907
2023-10-26T04:58:28.000,19.65,-2.05,15.17,17.43,20.38,36597,-54.46,54.0,0.907
2023-10-26T05:00:28.000,19.66,-2.05,15.15,17.43,20.38,36599,-54.83,54.0,0.907
2023-10-26T05:01:28.000,19.64,-1.99,15.15,17.43,20.38,36600,-55.02,54.0,0.907
2023-10-26T05:02:28.000,19.66,-1.9,15.17,17.43,20.38,36601,-55.21,54.0,0.907
2023-10-26T05:03:28.000,19.62,-2.11,15.18,17.43,20.38,36602,-55.4,54.0,0.907
2023-10-26T05:04:28.000,19.58,-2.16,15.17,17.43,20.38,36603,-55.58,54.0,0.907
2023-10-26T05:05:28.000,19.55,-2.09,15.16,17.43,20.38,36604,-55.77,54.0,0.907
2023-10-26T05:06:29.000,19.52,-2.06,15.17,17.43,20.38,36605,-55.96,54.0,0.907
2023-10-26T05:07:29.000,19.56,-1.89,15.11,17.45,20.38,36606,-56.14,54.0,0.907
2023-10-26T05:08:29.000,19.57,-2.0,15.24,17.42,20.38,36607,-56.33,54.0,0.907
2023-10-26T05:09:29.000,19.57,-1.99,15.26,17.42,20.38,36608,-56.51,54.0,0.907
2023-10-26T05:10:29.000,19.59,-1.95,15.28,17.42,20.38,36609,-56.7,54.0,0.907
2023-10-26T05:12:30.000,19.58,-1.96,15.4,17.41,20.38,36611,-57.07,54.0,0.907
2023-10-26T05:13:31.000,19.58,-2.01,15.46,17.41,20.38,36612,-57.25,54.0,0.907
2023-10-26T05:14:30.000,19.58,-2.07,15.49,17.4,20.38,36613,-57.43,54.0,0.907
2023-10-26T05:15:30.000,19.57,-1.96,15.5,17.4,20.38,36614,-57.61,54.0,0.907
2023-10-26T05:16:30.000,19.62,-1.86,15.46,17.41,20.38,36615,-57.79,54.0,0.908
2023-10-26T05:17:30.000,19.65,-2.06,15.45,17.41,20.38,36616,-57.97,54.0,0.908
2023-10-26T05:20:31.000,19.62,-2.26,15.27,17.42,20.38,36619,-58.51,53.0,0.908
2023-10-26T05:25:32.000,19.63,-1.96,15.01,17.44,20.38,36624,-59.39,53.0,0.908
2023-10-26T05:27:38.000,19.67,-2.01,14.97,17.44,20.38,36626,-59.75,53.0,0.908
2023-10-26T05:28:38.000,19.7,-1.99,14.96,17.44,20.38,36627,-59.93,53.0,0.908
2023-10-26T05:29:38.000,19.69,-2.18,14.96,17.44,20.38,36628,-60.1,53.0,0.908
2023-10-26T05:30:38.000,19.6,-2.32,14.96,17.44,20.38,36629,-60.27,53.0,0.908
2023-10-26T05:31:40.000,19.56,-2.34,14.96,17.44,20.38,36630,-60.44,53.0,0.908
2023-10-26T05:32:40.000,19.5,-2.4,14.94,17.44,20.38,36631,-60.61,53.0,0.908
2023-10-26T05:33:40.000,19.48,-2.28,14.92,17.45,20.38,36632,-60.78,53.0,0.908
2023-10-26T05:34:40.000,19.44,-2.22,14.92,17.45,20.38,36633,-60.95,53.0,0.908
2023-10-26T05:35:40.000,19.46,-2.12,14.91,17.45,20.38,36634,-61.12,53.0,0.908
2023-10-26T05:36:40.000,19.49,-2.03,14.86,17.45,20.38,36635,-61.28,53.0,0.908
2023-10-26T05:37:40.000,19.5,-2.11,14.83,17.45,20.38,36636,-61.45,53.0,0.909
2023-10-26T05:38:40.000,19.48,-2.18,14.83,17.45,20.38,36637,-61.61,53.0,0.909
2023-10-26T05:39:42.000,19.53,-2.01,14.82,17.45,20.38,36638,-61.78,53.0,0.909
2023-10-26T05:40:41.000,19.56,-2.03,14.79,17.46,20.38,36639,-61.94,53.0,0.909
2023-10-26T05:41:41.000,19.58,-2.02,14.75,17.46,20.38,36640,-62.1,53.0,0.909
2023-10-26T05:42:41.000,19.61,-2.18,14.73,17.46,20.38,36641,-62.26,52.0,0.909
2023-10-26T05:43:42.000,19.65,-1.94,14.71,17.46,20.38,36642,-62.42,52.0,0.909
2023-10-26T05:44:42.000,19.72,-1.93,14.69,17.46,20.38,36643,-62.58,52.0,0.909
2023-10-26T05:45:42.000,19.73,-2.08,14.64,17.47,20.38,36644,-62.74,52.0,0.909
2023-10-26T05:46:42.000,19.72,-2.06,14.61,17.47,20.38,36645,-62.9,52.0,0.909
2023-10-26T05:47:42.000,19.74,-1.98,14.59,17.47,20.38,36646,-63.05,52.0,0.909
2023-10-26T05:48:42.000,19.79,-1.98,14.63,17.47,20.38,36647,-63.21,52.0,0.909
2023-10-26T05:49:42.000,19.83,-1.95,14.6,17.47,20.38,36648,-63.36,52.0,0.909
2023-10-26T05:50:42.000,19.86,-1.92,14.58,17.47,20.38,36649,-63.51,52.0,0.909
2023-10-26T05:51:42.000,19.89,-1.94,14.57,17.47,20.38,36650,-63.66,52.0,0.909
2023-10-26T05:52:42.000,19.9,-1.99,14.56,17.47,20.38,36651,-63.81,52.0,0.909
2023-10-26T05:53:42.000,19.92,-1.98,14.53,17.47,20.38,36652,-63.96,52.0,0.909
2023-10-26T05:54:42.000,19.92,-1.97,14.42,17.48,20.38,36653,-64.11,52.0,0.909
2023-10-26T05:55:42.000,19.93,-1.98,14.35,17.49,20.38,36654,-64.26,52.0,0.909
2023-10-26T05:56:42.000,19.9,-2.22,14.3,17.49,20.38,36655,-64.4,52.0,0.909
2023-10-26T05:57:42.000,19.82,-2.41,14.25,17.5,20.38,36656,-64.55,51.0,0.909
2023-10-26T05:58:42.000,19.66,-2.64,14.22,17.5,20.38,36657,-64.69,51.0,0.91
2023-10-26T05:59:43.000,19.52,-2.68,14.18,17.5,20.38,36658,-64.83,51.0,0.91
2023-10-26T06:00:43.000,19.41,-2.57,14.12,17.51,20.38,36659,-64.97,51.0,0.91
2023-10-26T06:01:43.000,19.38,-2.45,14.03,17.51,20.38,36660,-65.11,51.0,0.91
2023-10-26T06:02:43.000,19.37,-2.36,13.95,17.52,20.38,36661,-65.25,51.0,0.91
2023-10-26T06:03:43.000,19.38,-2.35,13.86,17.53,20.38,36662,-65.39,51.0,0.91
2023-10-26T06:04:43.000,19.38,-2.33,13.79,17.53,20.38,36663,-65.52,51.0,0.91
2023-10-26T06:05:46.000,19.39,-2.34,13.72,17.54,20.38,36664,-65.66,51.0,0.91
2023-10-26T06:06:46.000,19.42,-2.33,13.66,17.54,20.38,36665,-65.79,51.0,0.91
2023-10-26T06:07:46.000,19.4,-2.45,13.54,17.48,20.38,36666,-65.92,51.0,0.91
2023-10-26T06:08:46.000,19.38,-2.51,13.53,17.55,20.38,36667,-66.05,50.0,0.91
2023-10-26T06:09:46.000,19.37,-2.48,13.52,17.55,20.38,36668,-66.18,50.0,0.91
2023-10-26T06:10:46.000,19.37,-2.4,13.51,17.55,20.38,36669,-66.31,50.0,0.91
2023-10-26T06:11:47.000,19.4,-2.36,13.49,17.56,20.38,36670,-66.43,50.0,0.91
2023-10-26T06:12:48.000,19.42,-2.42,13.47,17.56,20.38,36671,-66.56,50.0,0.91
2023-10-26T06:13:48.000,19.37,-2.37,13.5,17.55,20.38,36672,-66.68,50.0,0.91
2023-10-26T06:14:48.000,19.48,-2.42,13.68,17.54,20.38,36673,-66.8,50.0,0.91
2023-10-26T06:15:48.000,19.5,-2.44,13.94,17.52,20.38,36674,-66.92,50.0,0.91
2023-10-26T06:16:48.000,19.51,-2.54,14.13,17.5,20.38,36675,-67.03,50.0,0.91
2023-10-26T06:17:48.000,19.5,-2.56,14.33,17.49,20.38,36676,-67.15,50.0,0.91
2023-10-26T06:18:48.000,19.5,-2.59,14.49,17.48,20.38,36677,-67.26,50.0,0.91
2023-10-26T06:19:48.000,19.51,-2.61,14.62,17.47,20.38,36678,-67.37,49.0,0.911
2023-10-26T06:20:49.000,19.43,-2.94,14.61,17.47,20.38,36679,-67.48,49.0,0.911
2023-10-26T06:22:49.000,19.46,-2.46,14.85,17.45,20.38,36681,-67.69,49.0,0.911
2023-10-26T06:23:49.000,19.49,-2.62,14.89,17.45,20.38,36682,-67.8,49.0,0.911
2023-10-26T06:24:49.000,19.49,-2.64,14.86,17.45,20.38,36683,-67.9,49.0,0.911
2023-10-26T06:25:50.000,19.47,-2.71,14.81,17.45,20.38,36684,-68.0,49.0,0.911
2023-10-26T06:26:51.000,19.4,-2.76,14.75,17.46,20.38,36685,-68.1,49.0,0.911
2023-10-26T06:27:50.000,19.29,-3.03,14.71,17.46,20.38,36686,-68.2,49.0,0.911
2023-10-26T06:28:50.000,19.2,-2.92,14.67,17.46,20.38,36687,-68.29,48.0,0.911
2023-10-26T06:29:50.000,19.2,-2.84,14.6,17.47,20.38,36688,-68.38,48.0,0.911
2023-10-26T06:30:50.000,19.15,-3.14,14.5,17.48,20.38,36689,-68.47,48.0,0.911
2023-10-26T06:31:50.000,19.11,-3.04,14.37,17.49,20.38,36690,-68.56,48.0,0.911
2023-10-26T06:32:51.000,19.06,-2.97,14.22,17.5,20.38,36691,-68.65,48.0,0.911
2023-10-26T06:33:51.000,19.05,-2.86,14.01,17.51,20.38,36692,-68.73,48.0,0.911
2023-10-26T06:34:51.000,19.01,-3.03,13.74,17.53,20.38,36693,-68.81,48.0,0.911
2023-10-26T06:35:51.000,18.89,-3.06,13.44,17.56,20.38,36694,-68.89,48.0,0.911
2023-10-26T06:36:51.000,18.82,-2.99,13.08,17.59,20.38,36695,-68.97,47.0,0.911
2023-10-26T06:37:51.000,18.76,-3.01,12.62,17.63,20.38,36696,-69.04,47.0,0.911
2023-10-26T06:38:51.000,18.72,-3.07,12.22,17.66,20.38,36697,-69.12,47.0,0.911
2023-10-26T06:39:53.000,18.66,-3.09,11.95,17.69,20.38,36698,-69.19,47.0,0.911
2023-10-26T06:40:52.000,18.59,-3.18,11.81,17.7,20.38,36699,-69.26,47.0,0.912
2023-10-26T06:41:52.000,18.49,-3.25,11.55,17.72,20.38,36700,-69.32,47.0,0.912
2023-10-26T06:42:52.000,18.43,-3.09,11.37,17.74,20.38,36701,-69.38,47.0,0.912
2023-10-26T06:43:52.000,18.42,-3.06,11.27,17.75,20.38,36702,-69.45,47.0,0.912
2023-10-26T06:44:52.000,18.36,-3.16,11.15,17.76,20.38,36703,-69.5,46.0,0.912
2023-10-26T06:45:53.000,18.32,-3.1,10.95,17.78,20.38,36704,-69.56,46.0,0.912
2023-10-26T06:46:53.000,18.29,-3.16,10.74,17.8,20.38,36705,-69.61,46.0,0.912
2023-10-26T06:47:53.000,18.27,-3.11,10.54,17.82,20.38,36706,-69.67,46.0,0.912
2023-10-26T06:48:53.000,18.27,-3.13,10.36,17.84,20.38,36707,-69.71,46.0,0.912
2023-10-26T06:49:53.000,18.31,-2.99,10.17,17.86,20.38,36708,-69.76,46.0,0.912
2023-10-26T06:50:53.000,18.33,-2.92,10.0,17.88,20.38,36709,-69.8,46.0,0.912
2023-10-26T06:51:53.000,18.4,-2.9,9.82,17.9,20.38,36710,-69.85,46.0,0.912
2023-10-26T06:52:53.000,18.43,-2.92,9.75,17.91,20.38,36711,-69.88,45.0,0.912
2023-10-26T06:53:53.000,18.43,-3.0,9.73,17.91,20.38,36712,-69.92,45.0,0.912
2023-10-26T06:54:53.000,18.46,-2.91,9.71,17.91,20.38,36713,-69.95,45.0,0.912
2023-10-26T06:55:55.000,18.46,-2.89,9.66,17.92,20.38,36714,-69.99,45.0,0.912
2023-10-26T06:56:55.000,18.47,-2.86,9.5,17.94,20.38,36715,-70.01,45.0,0.912
2023-10-26T06:57:55.000,18.47,-2.91,9.38,17.95,20.38,36716,-70.04,45.0,0.912
2023-10-26T06:58:55.000,18.49,-2.81,9.27,17.96,20.38,36717,-70.06,45.0,0.912
2023-10-26T07:00:56.000,18.51,-2.84,9.09,17.98,20.38,36719,-70.1,44.0,0.912
2023-10-26T07:01:56.000,18.52,-2.89,8.97,18.0,20.38,36720,-70.12,44.0,0.912
2023-10-26T07:02:56.000,18.5,-2.91,8.82,18.02,20.38,36721,-70.13,44.0,0.913
2023-10-26T07:03:58.000,18.52,-2.82,8.68,18.03,20.38,36722,-70.14,44.0,0.913
2023-10-26T07:04:58.000,18.49,-3.05,8.51,18.06,20.38,36723,-70.15,44.0,0.913
2023-10-26T07:05:59.000,18.45,-2.88,8.32,18.08,20.38,36724,-70.15,44.0,0.913
2023-10-26T07:06:59.000,18.46,-2.89,8.23,18.09,20.38,36725,-70.15,43.0,0.913
2023-10-26T07:07:58.000,18.45,-2.95,7.99,18.12,20.38,36726,-70.15,43.0,0.913
2023-10-26T07:08:58.000,18.39,-2.92,7.96,18.13,20.38,36727,-70.15,43.0,0.913
2023-10-26T07:09:58.000,18.36,-2.93,7.79,18.15,20.38,36728,-70.14,43.0,0.913
2023-10-26T07:10:59.000,18.4,-2.82,7.7,18.16,20.38,36729,-70.13,43.0,0.913
2023-10-26T07:11:59.000,18.43,-2.81,7.69,18.16,20.38,36730,-70.12,43.0,0.913
2023-10-26T07:12:59.000,18.43,-2.76,7.56,18.18,20.38,36731,-70.11,43.0,0.913
2023-10-26T07:14:00.000,18.45,-2.71,7.43,18.2,20.38,36732,-70.09,42.0,0.913
2023-10-26T07:15:00.000,18.51,-2.54,7.28,18.22,20.38,36733,-70.07,42.0,0.913
2023-10-26T07:16:00.000,18.54,-2.63,7.16,18.24,20.38,36734,-70.05,42.0,0.913
2023-10-26T07:17:00.000,18.57,-2.66,6.94,18.28,20.38,36735,-70.03,42.0,0.913
2023-10-26T07:18:01.000,18.59,-2.62,6.79,18.3,20.38,36736,-70.0,42.0,0.913
2023-10-26T07:19:01.000,18.61,-2.53,6.61,18.33,20.38,36737,-69.97,42.0,0.913
2023-10-26T07:20:01.000,18.66,-2.51,6.53,18.34,20.38,36738,-69.94,42.0,0.913
2023-10-26T07:21:01.000,18.65,-2.66,6.41,18.36,20.38,36739,-69.9,41.0,0.913
2023-10-26T07:22:01.000,18.67,-2.56,6.32,18.38,20.38,36740,-69.86,41.0,0.913
2023-10-26T07:23:01.000,18.7,-2.62,6.21,18.4,20.38,36741,-69.82,41.0,0.913
2023-10-26T07:24:01.000,18.7,-2.61,6.1,18.42,20.38,36742,-69.78,41.0,0.914
2023-10-26T07:25:02.000,18.74,-2.59,5.96,18.44,20.38,36743,-69.73,41.0,0.914
2023-10-26T07:26:02.000,18.77,-2.49,5.76,18.48,20.38,36744,-69.69,41.0,0.914
2023-10-26T07:27:02.000,18.79,-2.65,5.62,18.51,20.38,36745,-69.64,40.0,0.914
2023-10-26T07:28:02.000,18.79,-2.51,5.52,18.53,20.38,36746,-69.58,40.0,0.914
2023-10-26T07:29:02.000,18.78,-2.63,5.43,18.54,20.38,36747,-69.53,40.0,0.914
2023-10-26T07:30:02.000,18.8,-2.51,5.35,18.56,20.38,36748,-69.47,40.0,0.914
2023-10-26T07:31:02.000,18.81,-2.55,5.26,18.58,20.38,36749,-69.41,40.0,0.914
2023-10-26T07:32:02.000,18.85,-2.4,5.16,18.6,20.38,36750,-69.35,40.0,0.914
2023-10-26T07:33:02.000,18.87,-2.65,5.07,18.62,20.38,36751,-69.28,39.0,0.914
2023-10-26T07:34:02.000,18.85,-2.6,4.99,18.64,20.38,36752,-69.22,39.0,0.914
2023-10-26T07:35:02.000,18.85,-2.66,4.91,18.65,20.38,36753,-69.15,39.0,0.914
2023-10-26T07:36:04.000,18.83,-2.71,4.75,18.69,20.38,36754,-69.07,39.0,0.914
2023-10-26T07:40:05.000,18.16,-4.21,2.95,19.2,20.38,36758,-68.76,38.0,0.914
2023-10-26T07:41:04.000,17.95,-4.45,2.95,19.21,20.38,36759,-68.68,38.0,0.914
2023-10-26T07:42:05.000,17.67,-4.71,2.94,19.21,20.38,36760,-68.6,38.0,0.914
2023-10-26T07:43:05.000,17.5,-4.38,2.94,19.21,20.38,36761,-68.51,38.0,0.914
2023-10-26T07:44:05.000,17.34,-4.48,2.94,19.21,20.38,36762,-68.42,38.0,0.914
2023-10-26T07:45:05.000,17.27,-3.91,2.94,19.21,20.38,36763,-68.33,37.0,0.914
2023-10-26T07:46:05.000,17.28,-3.97,2.94,19.21,20.38,36764,-68.24,37.0,0.915
2023-10-26T07:47:05.000,17.26,-3.66,2.94,19.21,20.38,36765,-68.14,37.0,0.915
2023-10-26T07:48:05.000,17.25,-3.81,2.94,19.21,20.38,36766,-68.04,37.0,0.915
2023-10-26T07:49:05.000,17.26,-3.54,2.94,19.21,20.38,36767,-67.95,37.0,0.915
2023-10-26T07:50:05.000,17.28,-3.77,2.93,19.21,20.38,36768,-67.84,37.0,0.915
2023-10-26T07:51:05.000,17.22,-3.62,2.94,19.21,20.38,36769,-67.74,36.0,0.915
2023-10-26T07:52:05.000,17.25,-3.77,2.93,19.21,20.38,36770,-67.64,36.0,0.915
2023-10-26T07:53:05.000,17.25,-3.63,2.92,19.22,20.38,36771,-67.53,36.0,0.915
2023-10-26T07:54:05.000,17.25,-3.7,2.92,19.22,20.38,36772,-67.42,36.0,0.915
2023-10-26T07:55:05.000,17.32,-3.48,2.92,19.22,20.38,36773,-67.31,36.0,0.915
2023-10-26T07:56:05.000,17.42,-3.44,2.92,19.22,20.38,36774,-67.2,36.0,0.915
2023-10-26T07:57:05.000,17.44,-3.64,2.93,19.21,20.38,36775,-67.09,35.0,0.915
2023-10-26T07:58:06.000,17.43,-3.78,2.92,19.21,20.38,36776,-66.97,35.0,0.915
2023-10-26T07:59:06.000,17.36,-3.95,2.87,19.24,20.38,36777,-66.85,35.0,0.915
2023-10-26T08:00:06.000,17.3,-3.94,2.83,19.25,20.38,36778,-66.73,35.0,0.915
2023-10-26T08:01:08.000,17.24,-3.98,2.83,19.25,20.38,36779,-66.61,35.0,0.915
2023-10-26T08:02:08.000,17.21,-3.98,2.82,19.26,20.38,36780,-66.49,35.0,0.915
2023-10-26T08:03:08.000,17.18,-3.82,2.79,19.27,20.38,36781,-66.36,34.0,0.915
2023-10-26T08:04:08.000,17.25,-3.56,2.8,19.26,20.38,36782,-66.24,34.0,0.915
