Downloads/jupyter/ECSV/stars19/stars19_2019-10.ecsv
# %ECSV 1.0
# ---
# datatype:
# - {name: time, datatype: string}
# - {name: Enclosure Temperature, unit: deg_C, datatype: float64}
# - {name: Sky Temperature, unit: deg_C, datatype: float64}
# - {name: Frequency, unit: Hz, datatype: float64}
# - {name: MSAS, unit: mag / arcsec2, datatype: float64}
# - {name: ZP, datatype: float64}
# - {name: Sequence Number, datatype: int64}
# - {name: Sun Alt, unit: deg, datatype: float64}
# - {name: Moon Alt, unit: deg, datatype: float64}
# - {name: Moon Illumination, datatype: float64}
# delimiter: ','
# meta: !!omap
# - ida:
#     Data supplier: {affiliation: null, observer: null}
#     Device type: TESS-W
#     Field of view: 17.0
#     Filters per channel: None
#     Instrument ID: stars19
#     License: ODbL 1.0 http://opendatacommons.org/licenses/odbl/summary/
#     Local timezone: America/Phoenix
#     Location name: {country: '- Tucson', place: Tucson, region: United States, sub_region: Arizona, town: Pima County}
#     Measurement direction per channel: {azimuth: 0.0, zenital: 0.0}
#     Moving / Fixed look direction: FIXED
#     Moving / Stationary position: STATIONARY
#     Number of channels: 1
#     Number of fields per line: 8
#     Number of header lines: 35
#     Position: {height: 0.0, latitude: 32.223877, longitude: -110.767532}
#     TESS MAC address: 18:FE:34:CF:EC:06
#     TESS cover offset value: 0.0
#     TESS firmware version: '1.0'
#     TESS zero point: 20.5
#     Time Synchronization: timestamp added by MQTT subscriber
#     URL: http://www.darksky.org/NSBM/sdf1.0.pdf
# - __serialized_columns__:
#     Enclosure Temperature:
#       __class__: astropy.units.quantity.Quantity
#       unit: &id001 !astropy.units.Unit {unit: deg_C}
#       value: !astropy.table.SerializedColumn {name: Enclosure Temperature}
#     Frequency:
#       __class__: astropy.units.quantity.Quantity
#       unit: !astropy.units.Unit {unit: Hz}
#       value: !astropy.table.SerializedColumn {name: Frequency}
#     MSAS:
#       __class__: astropy.units.quantity.Quantity
#       unit: !astropy.units.Unit {unit: mag / arcsec2}
#       value: !astropy.table.SerializedColumn {name: MSAS}
#     Moon Alt:
#       __class__: astropy.units.quantity.Quantity
#       unit: &id002 !astropy.units.Unit {unit: deg}
#       value: !astropy.table.SerializedColumn {name: Moon Alt}
#     Sky Temperature:
#       __class__: astropy.units.quantity.Quantity
#       unit: *id001
#       value: !astropy.table.SerializedColumn {name: Sky Temperature}
#     Sun Alt:
#       __class__: astropy.units.quantity.Quantity
#       unit: *id002
#       value: !astropy.table.SerializedColumn {name: Sun Alt}
#     time:
#       __class__: astropy.time.core.Time
#       format: isot
#       in_subfmt: '*'
#       out_subfmt: '*'
#       precision: 3
#       scale: utc
#       value: !astropy.table.SerializedColumn {name: time}
# schema: astropy-2.0
time,Enclosure Temperature,Sky Temperature,Frequency,MSAS,ZP,Sequence Number,Sun Alt,Moon Alt,Moon Illumination
[from data line 21491]
2019-10-25T17:45:17.000,35.67,1.15,0.0,0.0,20.5,134254,41.48,61.0,0.086
2019-10-25T17:46:17.000,35.86,1.21,0.0,0.0,20.5,134255,41.57,61.0,0.085
2019-10-25T17:49:18.000,35.69,1.28,0.0,0.0,20.5,134258,41.86,61.0,0.085
2019-10-25T17:50:18.000,35.82,0.09,0.0,0.0,20.5,134259,41.95,61.0,0.085
2019-10-25T17:51:19.000,36.23,2.29,0.0,0.0,20.5,134260,42.04,61.0,0.085
2019-10-25T18:03:21.000,36.5,-1.2,0.0,0.0,20.5,134272,43.05,60.0,0.085
2019-10-25T18:04:22.000,35.98,-0.76,0.0,0.0,20.5,134273,43.13,60.0,0.085
2019-10-25T18:05:22.000,35.63,-0.39,0.0,0.0,20.5,134274,43.21,59.0,0.085
2019-10-25T18:07:22.000,36.09,0.3,0.0,0.0,20.5,134276,43.35,59.0,0.084
2019-10-25T18:10:23.000,36.44,1.27,0.0,0.0,20.5,134279,43.57,59.0,0.084
2019-10-25T18:14:24.000,35.94,-0.04,0.0,0.0,20.5,134283,43.84,58.0,0.084
2019-10-25T18:15:24.000,36.18,1.2,0.0,0.0,20.5,134284,43.9,58.0,0.084
2019-10-25T18:16:25.000,36.5,1.0,0.0,0.0,20.5,134285,43.97,58.0,0.084
2019-10-25T18:17:25.000,36.62,-0.07,0.0,0.0,20.5,134286,44.03,58.0,0.084
2019-10-25T18:19:25.000,36.6,-0.5,0.0,0.0,20.5,134288,44.15,58.0,0.084
2019-10-25T18:20:25.000,36.04,-1.59,0.0,0.0,20.5,134289,44.21,58.0,0.084
2019-10-25T18:21:26.000,35.94,-0.48,0.0,0.0,20.5,134290,44.27,58.0,0.084
2019-10-25T18:31:29.000,37.33,-1.35,0.0,0.0,20.5,134300,44.78,56.0,0.083
2019-10-25T18:32:30.000,37.38,1.58,0.0,0.0,20.5,134301,44.83,56.0,0.083
2019-10-25T18:33:30.000,37.66,1.07,0.0,0.0,20.5,134302,44.87,56.0,0.083
2019-10-25T18:35:30.000,37.62,-1.03,0.0,0.0,20.5,134304,44.95,56.0,0.083
2019-10-25T18:36:31.000,37.09,-1.51,0.0,0.0,20.5,134305,44.99,56.0,0.083
2019-10-25T18:37:31.000,37.24,1.13,0.0,0.0,20.5,134306,45.03,56.0,0.083
2019-10-25T19:23:45.000,38.71,-0.24,0.0,0.0,20.5,134352,45.4,48.0,0.081
2019-10-25T19:24:45.000,38.49,-1.86,0.0,0.0,20.5,134353,45.38,48.0,0.081
2019-10-25T19:25:46.000,38.11,-0.95,0.0,0.0,20.5,134354,45.36,48.0,0.081
2019-10-25T19:30:47.000,38.4,-0.18,0.0,0.0,20.5,134359,45.22,47.0,0.081
2019-10-25T19:31:47.000,38.51,1.16,0.0,0.0,20.5,134360,45.19,47.0,0.081
2019-10-25T19:32:47.000,39.07,1.33,0.0,0.0,20.5,134361,45.16,47.0,0.081
2019-10-25T19:33:48.000,39.32,1.09,0.0,0.0,20.5,134362,45.12,47.0,0.081
2019-10-25T19:34:48.000,39.65,1.53,0.0,0.0,20.5,134363,45.09,46.0,0.08
2019-10-25T19:36:48.000,39.13,-1.36,0.0,0.0,20.5,134365,45.01,46.0,0.08
2019-10-25T19:43:49.000,40.13,1.04,0.0,0.0,20.5,134372,44.72,45.0,0.08
2019-10-25T19:44:49.000,40.25,-0.02,0.0,0.0,20.5,134373,44.67,45.0,0.08
2019-10-25T19:45:49.000,39.92,-1.91,0.0,0.0,20.5,134374,44.62,44.0,0.08
2019-10-25T19:49:49.000,39.54,0.58,0.0,0.0,20.5,134378,44.41,44.0,0.08
2019-10-25T19:51:50.000,38.9,0.65,0.0,0.0,20.5,134380,44.3,43.0,0.08
2019-10-25T19:53:50.000,39.29,0.89,0.0,0.0,20.5,134382,44.19,43.0,0.08
2019-10-25T20:00:51.000,38.1,-2.86,0.0,0.0,20.5,134389,43.75,42.0,0.079
2019-10-25T20:01:52.000,37.75,0.57,0.0,0.0,20.5,134390,43.68,41.0,0.079
2019-10-25T20:02:52.000,38.34,0.23,0.0,0.0,20.5,134391,43.61,41.0,0.079
2019-10-25T20:19:55.000,38.56,-0.32,0.0,0.0,20.5,134408,42.28,38.0,0.078
2019-10-25T20:20:55.000,38.66,-0.41,0.0,0.0,20.5,134409,42.19,38.0,0.078
2019-10-25T20:21:55.000,38.56,-1.5,0.0,0.0,20.5,134410,42.1,38.0,0.078
2019-10-25T20:23:56.000,38.96,0.88,0.0,0.0,20.5,134412,41.92,37.0,0.078
2019-10-25T20:24:56.000,39.26,-0.06,0.0,0.0,20.5,134413,41.82,37.0,0.078
2019-10-25T20:25:56.000,38.84,-3.47,0.0,0.0,20.5,134414,41.73,37.0,0.078
2019-10-25T20:39:01.000,37.44,-1.09,0.0,0.0,20.5,134427,40.42,34.0,0.078
2019-10-25T20:40:01.000,37.34,-2.74,0.0,0.0,20.5,134428,40.32,34.0,0.078
2019-10-25T20:41:01.000,36.93,-2.17,0.0,0.0,20.5,134429,40.21,34.0,0.078
2019-10-25T20:43:02.000,37.09,-1.13,0.0,0.0,20.5,134431,39.99,33.0,0.077
2019-10-25T20:44:03.000,37.03,-1.34,0.0,0.0,20.5,134432,39.88,33.0,0.077
2019-10-25T20:45:03.000,37.32,-1.69,0.0,0.0,20.5,134433,39.77,33.0,0.077
2019-10-25T20:56:06.000,36.74,-1.23,0.0,0.0,20.5,134444,38.48,31.0,0.077
2019-10-25T20:57:06.000,36.79,-1.55,0.0,0.0,20.5,134445,38.36,31.0,0.077
2019-10-25T20:58:06.000,36.68,-2.61,0.0,0.0,20.5,134446,38.23,30.0,0.077
2019-10-25T21:02:07.000,37.2,-1.86,0.0,0.0,20.5,134450,37.74,30.0,0.077
2019-10-25T21:03:07.000,37.09,-2.58,0.0,0.0,20.5,134451,37.61,29.0,0.077
2019-10-25T21:07:08.000,36.5,-0.81,0.0,0.0,20.5,134455,37.09,29.0,0.076
2019-10-25T21:08:08.000,36.33,-2.79,0.0,0.0,20.5,134456,36.96,28.0,0.076
2019-10-25T21:09:08.000,36.39,-1.37,0.0,0.0,20.5,134457,36.83,28.0,0.076
2019-10-25T21:11:09.000,37.21,-0.56,0.0,0.0,20.5,134459,36.57,28.0,0.076
2019-10-25T21:16:10.000,37.27,-2.18,0.0,0.0,20.5,134464,35.89,27.0,0.076
2019-10-25T21:17:09.000,37.14,-1.83,0.0,0.0,20.5,134465,35.76,27.0,0.076
2019-10-25T21:18:11.000,37.25,-0.63,0.0,0.0,20.5,134466,35.61,26.0,0.076
2019-10-25T21:22:12.000,37.81,-3.1,0.0,0.0,20.5,134470,35.06,26.0,0.076
2019-10-25T21:23:13.000,37.6,-1.91,0.0,0.0,20.5,134471,34.91,25.0,0.076
2019-10-25T21:24:14.000,37.36,-2.35,0.0,0.0,20.5,134472,34.77,25.0,0.076
2019-10-25T21:26:14.000,37.22,-1.27,0.0,0.0,20.5,134474,34.48,25.0,0.075
2019-10-25T21:27:14.000,37.01,-2.35,0.0,0.0,20.5,134475,34.34,25.0,0.075
2019-10-25T21:29:14.000,36.91,-1.23,0.0,0.0,20.5,134477,34.05,24.0,0.075
2019-10-25T21:30:14.000,37.08,-1.2,0.0,0.0,20.5,134478,33.9,24.0,0.075
2019-10-25T21:32:15.000,36.92,-2.2,0.0,0.0,20.5,134480,33.61,24.0,0.075
2019-10-25T21:33:16.000,36.78,-2.01,0.0,0.0,20.5,134481,33.46,23.0,0.075
2019-10-25T21:34:16.000,36.95,-0.96,0.0,0.0,20.5,134482,33.31,23.0,0.075
2019-10-25T21:35:16.000,37.16,-1.12,0.0,0.0,20.5,134483,33.16,23.0,0.075
2019-10-25T21:38:17.000,36.62,-2.7,0.0,0.0,20.5,134486,32.71,22.0,0.075
2019-10-25T21:40:17.000,36.09,-2.29,0.0,0.0,20.5,134488,32.41,22.0,0.075
2019-10-25T21:42:17.000,34.81,-4.77,0.0,0.0,20.5,134490,32.1,22.0,0.075
2019-10-25T21:43:17.000,33.84,-4.84,0.0,0.0,20.5,134491,31.95,21.0,0.075
2019-10-25T21:47:18.000,30.87,-3.59,0.0,0.0,20.5,134495,31.33,20.0,0.075
2019-10-25T21:48:18.000,30.46,-3.52,0.0,0.0,20.5,134496,31.17,20.0,0.075
2019-10-25T21:49:19.000,30.19,-2.98,0.0,0.0,20.5,134497,31.01,20.0,0.074
2019-10-25T22:01:22.000,28.2,-2.95,0.0,0.0,20.5,134509,29.08,18.0,0.074
2019-10-25T22:02:23.000,28.13,-2.13,0.0,0.0,20.5,134510,28.92,17.0,0.074
2019-10-25T22:03:23.000,28.06,-2.39,0.0,0.0,20.5,134511,28.75,17.0,0.074
2019-10-25T22:07:24.000,27.74,-1.95,0.0,0.0,20.5,134515,28.09,16.0,0.074
2019-10-25T22:08:24.000,27.79,-2.02,0.0,0.0,20.5,134516,27.92,16.0,0.074
2019-10-25T22:11:25.000,27.8,-1.81,0.0,0.0,20.5,134519,27.42,16.0,0.074
2019-10-25T22:12:25.000,27.61,-2.44,0.0,0.0,20.5,134520,27.25,15.0,0.073
2019-10-25T22:13:25.000,27.68,-1.78,0.0,0.0,20.5,134521,27.08,15.0,0.073
2019-10-25T22:14:26.000,27.68,-1.74,0.0,0.0,20.5,134522,26.91,15.0,0.073
2019-10-25T22:15:27.000,27.7,-1.71,0.0,0.0,20.5,134523,26.74,15.0,0.073
2019-10-25T22:17:27.000,27.58,-2.05,0.0,0.0,20.5,134525,26.4,14.0,0.073
2019-10-25T22:21:28.000,27.48,-1.43,0.0,0.0,20.5,134529,25.71,13.0,0.073
2019-10-25T22:22:29.000,27.42,-2.3,0.0,0.0,20.5,134530,25.53,13.0,0.073
2019-10-25T22:23:29.000,27.34,-1.71,0.0,0.0,20.5,134531,25.36,13.0,0.073
2019-10-25T22:41:34.000,26.79,-1.53,0.0,0.0,20.5,134549,22.17,9.0,0.072
2019-10-25T22:42:35.000,26.9,-1.53,0.0,0.0,20.5,134550,21.99,9.0,0.072
2019-10-25T22:43:35.000,26.88,-1.82,0.0,0.0,20.5,134551,21.8,9.0,0.072
2019-10-25T22:45:35.000,27.03,-1.43,0.0,0.0,20.5,134553,21.44,8.0,0.072
2019-10-25T22:52:36.000,27.16,-1.6,0.0,0.0,20.5,134560,20.16,7.0,0.072
2019-10-25T22:53:37.000,27.16,-1.42,0.0,0.0,20.5,134561,19.98,7.0,0.072
2019-10-25T22:54:37.000,27.15,-1.69,0.0,0.0,20.5,134562,19.79,7.0,0.072
2019-10-25T22:55:37.000,27.02,-1.81,0.0,0.0,20.5,134563,19.61,6.0,0.072
2019-10-25T22:56:37.000,26.98,-1.93,0.0,0.0,20.5,134564,19.42,6.0,0.072
2019-10-25T22:57:37.000,26.92,-1.74,0.0,0.0,20.5,134565,19.24,6.0,0.072
2019-10-25T23:00:38.000,27.07,-1.39,0.0,0.0,20.5,134568,18.68,5.0,0.071
2019-10-25T23:01:38.000,27.18,-1.01,0.0,0.0,20.5,134569,18.49,5.0,0.071
2019-10-25T23:02:39.000,27.27,-1.1,0.0,0.0,20.5,134570,18.3,5.0,0.071
2019-10-25T23:04:40.000,27.27,-1.44,0.0,0.0,20.5,134572,17.93,5.0,0.071
2019-10-25T23:05:40.000,27.27,-1.59,0.0,0.0,20.5,134573,17.74,4.0,0.071
2019-10-25T23:06:41.000,27.12,-2.03,0.0,0.0,20.5,134574,17.55,4.0,0.071
2019-10-25T23:08:41.000,26.99,-1.81,0.0,0.0,20.5,134576,17.17,4.0,0.071
2019-10-25T23:09:42.000,27.01,-1.46,0.0,0.0,20.5,134577,16.98,3.0,0.071
2019-10-25T23:12:42.000,27.0,-1.48,0.0,0.0,20.5,134580,16.41,3.0,0.071
2019-10-25T23:14:43.000,27.13,-1.32,0.0,0.0,20.5,134582,16.03,2.0,0.071
2019-10-25T23:21:44.000,26.71,-2.36,0.0,0.0,20.5,134589,14.69,1.0,0.07
2019-10-25T23:24:44.000,26.65,-1.85,0.0,0.0,20.5,134592,14.12,0.0,0.07
2019-10-25T23:29:46.000,26.53,-1.87,0.0,0.0,20.5,134597,13.15,-1.0,0.07
2019-10-25T23:30:46.000,26.48,-2.1,0.0,0.0,20.5,134598,12.95,-1.0,0.07
2019-10-25T23:31:46.000,26.48,-2.04,0.0,0.0,20.5,134599,12.76,-1.0,0.07
2019-10-25T23:34:47.000,26.37,-1.91,0.0,0.0,20.5,134602,12.17,-2.0,0.07
2019-10-25T23:35:47.000,26.43,-1.88,0.0,0.0,20.5,134603,11.98,-2.0,0.07
2019-10-25T23:38:14.000,26.34,-2.66,0.0,0.0,20.5,134605,11.5,-2.0,0.07
2019-10-25T23:39:14.000,26.23,-2.14,0.0,0.0,20.5,134606,11.3,-3.0,0.07
2019-10-25T23:40:14.000,26.27,-1.85,0.0,0.0,20.5,134607,11.11,-3.0,0.07
2019-10-25T23:41:14.000,26.33,-1.89,0.0,0.0,20.5,134608,10.91,-3.0,0.07
2019-10-25T23:42:15.000,26.38,-1.85,0.0,0.0,20.5,134609,10.71,-3.0,0.07
2019-10-25T23:45:15.000,26.35,-1.96,0.0,0.0,20.5,134612,10.12,-4.0,0.069
2019-10-25T23:46:15.000,26.37,-1.97,0.0,0.0,20.5,134613,9.93,-4.0,0.069
2019-10-25T23:50:16.000,26.19,-2.15,0.0,0.0,20.5,134617,9.13,-5.0,0.069
2019-10-25T23:51:16.000,26.16,-2.34,0.0,0.0,20.5,134618,8.94,-5.0,0.069
2019-10-25T23:53:16.000,25.99,-2.59,0.0,0.0,20.5,134620,8.54,-5.0,0.069
2019-10-25T23:55:17.000,26.03,-2.26,0.0,0.0,20.5,134622,8.14,-6.0,0.069
2019-10-25T23:57:17.000,25.93,-2.29,0.0,0.0,20.5,134624,7.74,-6.0,0.069
2019-10-25T23:59:17.000,25.8,-2.62,0.0,0.0,20.5,134626,7.34,-7.0,0.069
2019-10-26T00:02:18.000,25.54,-2.77,0.0,0.0,20.5,134629,6.74,-7.0,0.069
2019-10-26T00:03:18.000,25.59,-2.41,0.0,0.0,20.5,134630,6.54,-7.0,0.069
2019-10-26T00:04:18.000,25.63,-2.45,0.0,0.0,20.5,134631,6.34,-8.0,0.069
2019-10-26T00:05:19.000,25.61,-2.52,0.0,0.0,20.5,134632,6.14,-8.0,0.069
2019-10-26T00:10:41.000,25.31,-2.75,0.23,0.09,20.5,134637,5.06,-9.0,0.068
2019-10-26T00:11:41.000,25.34,-2.68,0.0,0.0,20.5,134638,4.86,-9.0,0.068
2019-10-26T00:12:41.000,25.29,-2.97,0.0,0.0,20.5,134639,4.65,-9.0,0.068
2019-10-26T00:13:42.000,25.26,-2.77,0.0,0.0,20.5,134640,4.45,-10.0,0.068
2019-10-26T00:14:42.000,25.27,-2.71,0.0,0.0,20.5,134641,4.25,-10.0,0.068
2019-10-26T00:16:43.000,25.32,-2.65,0.0,0.0,20.5,134643,3.84,-10.0,0.068
2019-10-26T00:17:43.000,25.28,-2.98,0.13,0.09,20.5,134644,3.64,-10.0,0.068
2019-10-26T00:18:43.000,25.23,-2.95,0.0,0.0,20.5,134645,3.43,-11.0,0.068
2019-10-26T00:19:43.000,25.17,-2.95,0.08,0.1,20.5,134646,3.23,-11.0,0.068
2019-10-26T00:20:44.000,25.15,-2.92,0.0,0.0,20.5,134647,3.03,-11.0,0.068
2019-10-26T00:21:44.000,25.11,-3.14,0.0,0.0,20.5,134648,2.82,-11.0,0.068
2019-10-26T00:22:44.000,25.02,-3.3,0.0,0.0,20.5,134649,2.62,-11.0,0.068
2019-10-26T00:25:46.000,24.77,-3.16,0.0,0.0,20.5,134652,2.0,-12.0,0.068
2019-10-26T00:26:46.000,24.73,-3.37,0.0,0.0,20.5,134653,1.8,-12.0,0.068
2019-10-26T00:27:46.000,24.67,-3.35,0.0,0.0,20.5,134654,1.6,-12.0,0.068
2019-10-26T00:34:47.000,24.49,-3.48,0.0,0.0,20.5,134661,0.16,-14.0,0.067
2019-10-26T00:38:47.000,24.38,-3.72,0.0,0.0,20.5,134665,-0.66,-15.0,0.067
2019-10-26T00:39:48.000,24.32,-3.8,0.0,0.0,20.5,134666,-0.87,-15.0,0.067
2019-10-26T00:40:48.000,24.26,-3.79,0.0,0.0,20.5,134667,-1.07,-15.0,0.067
2019-10-26T00:41:48.000,24.2,-3.86,0.0,0.0,20.5,134668,-1.28,-15.0,0.067
2019-10-26T00:42:48.000,24.11,-4.02,23246.4,3.07,20.5,134669,-1.48,-15.0,0.067
2019-10-26T00:43:48.000,24.06,-3.98,57822.09,8.48,20.5,134670,-1.69,-16.0,0.067
2019-10-26T00:44:49.000,24.02,-4.04,50282.45,8.63,20.5,134671,-1.9,-16.0,0.067
2019-10-26T00:46:49.000,23.92,-4.17,36863.88,9.06,20.5,134673,-2.31,-16.0,0.067
2019-10-26T00:47:50.000,23.86,-4.23,31739.31,9.13,20.5,134674,-2.52,-16.0,0.067
2019-10-26T00:49:50.000,23.7,-4.47,22420.83,9.5,20.5,134676,-2.93,-17.0,0.067
2019-10-26T00:54:51.000,23.33,-4.49,7940.25,10.63,20.5,134681,-3.97,-18.0,0.067
2019-10-26T00:55:51.000,23.23,-4.69,6248.07,10.89,20.5,134682,-4.18,-18.0,0.067
2019-10-26T00:56:51.000,23.16,-4.6,4866.92,11.16,20.5,134683,-4.38,-18.0,0.066
2019-10-26T00:57:52.000,23.12,-4.51,3763.69,11.44,20.5,134684,-4.6,-18.0,0.066
2019-10-26T00:58:52.000,23.07,-4.64,2889.76,11.73,20.5,134685,-4.8,-19.0,0.066
2019-10-26T00:59:52.000,23.0,-4.72,2218.81,12.02,20.5,134686,-5.01,-19.0,0.066
2019-10-26T01:00:52.000,22.93,-4.7,1708.71,12.3,20.5,134687,-5.22,-19.0,0.066
2019-10-26T01:01:53.000,22.88,-4.72,1317.04,12.58,20.5,134688,-5.43,-19.0,0.066
2019-10-26T01:02:53.000,22.84,-4.69,1016.33,12.87,20.5,134689,-5.64,-19.0,0.066
2019-10-26T01:03:53.000,22.78,-4.78,786.36,13.14,20.5,134690,-5.84,-20.0,0.066
2019-10-26T01:04:54.000,22.72,-4.79,609.4,13.42,20.5,134691,-6.06,-20.0,0.066
2019-10-26T01:05:54.000,22.64,-5.03,473.15,13.7,20.5,134692,-6.26,-20.0,0.066
2019-10-26T01:06:55.000,22.6,-4.9,368.42,13.97,20.5,134693,-6.48,-20.0,0.066
2019-10-26T01:07:55.000,22.56,-4.88,287.64,14.24,20.5,134694,-6.68,-20.0,0.066
2019-10-26T01:08:55.000,22.52,-5.01,225.69,14.5,20.5,134695,-6.89,-21.0,0.066
2019-10-26T01:09:55.000,22.49,-5.02,178.47,14.75,20.5,134696,-7.1,-21.0,0.066
2019-10-26T01:11:56.000,22.39,-5.17,113.19,15.25,20.5,134698,-7.52,-21.0,0.066
2019-10-26T01:12:55.000,22.35,-5.17,91.11,15.48,20.5,134699,-7.73,-21.0,0.066
2019-10-26T01:13:56.000,22.3,-5.21,73.84,15.71,20.5,134700,-7.94,-22.0,0.066
2019-10-26T01:14:57.000,22.28,-5.14,60.0,15.94,20.5,134701,-8.15,-22.0,0.066
2019-10-26T01:15:57.000,22.27,-5.11,47.99,16.18,20.5,134702,-8.36,-22.0,0.066
2019-10-26T01:16:58.000,22.25,-5.14,40.47,16.36,20.5,134703,-8.57,-22.0,0.066
2019-10-26T01:17:58.000,22.22,-5.24,33.19,16.58,20.5,134704,-8.78,-22.0,0.066
2019-10-26T01:18:58.000,22.17,-5.36,27.44,16.79,20.5,134705,-8.99,-23.0,0.066
2019-10-26T01:19:59.000,22.14,-5.16,22.75,16.99,20.5,134706,-9.2,-23.0,0.066
2019-10-26T01:20:58.000,22.13,-5.23,18.88,17.19,20.5,134707,-9.41,-23.0,0.065
2019-10-26T01:21:59.000,22.11,-5.4,15.86,17.38,20.5,134708,-9.62,-23.0,0.065
2019-10-26T01:23:00.000,21.99,-5.6,13.38,17.57,20.5,134709,-9.83,-23.0,0.065
2019-10-26T01:24:00.000,21.93,-5.53,11.14,17.76,20.5,134710,-10.04,-24.0,0.065
2019-10-26T01:25:00.000,21.9,-5.48,9.48,17.94,20.5,134711,-10.25,-24.0,0.065
2019-10-26T01:26:01.000,21.86,-5.29,8.16,18.1,20.5,134712,-10.46,-24.0,0.065
2019-10-26T01:27:01.000,21.87,-5.29,6.89,18.29,20.5,134713,-10.67,-24.0,0.065
2019-10-26T01:28:02.000,21.87,-5.3,5.89,18.46,20.5,134714,-10.89,-24.0,0.065
2019-10-26T01:29:02.000,21.86,-5.27,5.18,18.6,20.5,134715,-11.1,-25.0,0.065
2019-10-26T01:30:02.000,21.84,-5.35,4.48,18.75,20.5,134716,-11.31,-25.0,0.065
2019-10-26T01:31:03.000,21.79,-5.5,3.97,18.88,20.5,134717,-11.52,-25.0,0.065
2019-10-26T01:32:03.000,21.78,-5.5,3.54,19.01,20.5,134718,-11.73,-25.0,0.065
2019-10-26T01:33:03.000,21.74,-5.49,3.17,19.13,20.5,134719,-11.94,-25.0,0.065
2019-10-26T01:34:03.000,21.69,-5.64,2.89,19.23,20.5,134720,-12.15,-25.0,0.065
2019-10-26T01:35:03.000,21.67,-5.63,2.66,19.32,20.5,134721,-12.36,-26.0,0.065
2019-10-26T01:36:04.000,21.64,-5.68,2.53,19.37,20.5,134722,-12.57,-26.0,0.065
2019-10-26T01:37:04.000,21.6,-5.79,2.32,19.47,20.5,134723,-12.78,-26.0,0.065
2019-10-26T01:38:04.000,21.55,-5.9,2.2,19.53,20.5,134724,-12.99,-26.0,0.065
2019-10-26T01:39:05.000,21.48,-5.94,2.09,19.58,20.5,134725,-13.21,-26.0,0.065
2019-10-26T01:40:05.000,21.45,-5.92,2.03,19.61,20.5,134726,-13.42,-27.0,0.065
2019-10-26T01:41:05.000,21.4,-6.01,1.96,19.65,20.5,134727,-13.63,-27.0,0.065
2019-10-26T01:42:06.000,21.34,-5.99,1.95,19.66,20.5,134728,-13.84,-27.0,0.065
2019-10-26T01:43:06.000,21.31,-5.93,1.85,19.71,20.5,134729,-14.05,-27.0,0.065
2019-10-26T01:44:13.000,21.28,-6.02,1.81,19.73,20.5,134730,-14.29,-27.0,0.065
