Downloads/jupyter/ECSV/stars19/stars19_2022-12.ecsv
# %ECSV 1.0
# ---
# datatype:
# - {name: time, datatype: string}
# - {name: Enclosure Temperature, unit: deg_C, datatype: float64}
# - {name: Sky Temperature, unit: deg_C, datatype: float64}
# - {name: Frequency, unit: Hz, datatype: float64}
# - {name: MSAS, unit: mag / arcsec2, datatype: float64}
# - {name: ZP, datatype: float64}
# - {name: Sequence Number, datatype: int64}
# - {name: Sun Alt, unit: deg, datatype: float64}
# - {name: Moon Alt, unit: deg, datatype: float64}
# - {name: Moon Illumination, datatype: float64}
# delimiter: ','
# meta: !!omap
# - ida:
#     Data supplier: {affiliation: null, observer: null}
#     Device type: TESS-W
#     Field of view: 17.0
#     Filters per channel: None
#     Instrument ID: stars19
#     License: ODbL 1.0 http://opendatacommons.org/licenses/odbl/summary/
#     Local timezone: America/Phoenix
#     Location name: {country: '- Tucson', place: Tucson, region: United States, sub_region: Arizona, town: Pima County}
#     Measurement direction per channel: {azimuth: 0.0, zenital: 0.0}
#     Moving / Fixed look direction: FIXED
#     Moving / Stationary position: STATIONARY
#     Number of channels: 1
#     Number of fields per line: 8
#     Number of header lines: 35
#     Position: {height: 0.0, latitude: 32.223877, longitude: -110.767532}
#     TESS MAC address: 18:FE:34:CF:EC:06
#     TESS cover offset value: 0.0
#     TESS firmware version: '1.0'
#     TESS zero point: 20.5
#     Time Synchronization: timestamp added by MQTT subscriber
#     URL: http://www.darksky.org/NSBM/sdf1.0.pdf
# - __serialized_columns__:
#     Enclosure Temperature:
#       __class__: astropy.units.quantity.Quantity
#       unit: &id001 !astropy.units.Unit {unit: deg_C}
#       value: !astropy.table.SerializedColumn {name: Enclosure Temperature}
#     Frequency:
#       __class__: astropy.units.quantity.Quantity
#       unit: !astropy.units.Unit {unit: Hz}
#       value: !astropy.table.SerializedColumn {name: Frequency}
#     MSAS:
#       __class__: astropy.units.quantity.Quantity
#       unit: !astropy.units.Unit {unit: mag / arcsec2}
#       value: !astropy.table.SerializedColumn {name: MSAS}
#     Moon Alt:
#       __class__: astropy.units.quantity.Quantity
#       unit: &id002 !astropy.units.Unit {unit: deg}
#       value: !astropy.table.SerializedColumn {name: Moon Alt}
#     Sky Temperature:
#       __class__: astropy.units.quantity.Quantity
#       unit: *id001
#       value: !astropy.table.SerializedColumn {name: Sky Temperature}
#     Sun Alt:
#       __class__: astropy.units.quantity.Quantity
#       unit: *id002
#       value: !astropy.table.SerializedColumn {name: Sun Alt}
#     time:
#       __class__: astropy.time.core.Time
#       format: isot
#       in_subfmt: '*'
#       out_subfmt: '*'
#       precision: 3
#       scale: utc
#       value: !astropy.table.SerializedColumn {name: time}
# schema: astropy-2.0
time,Enclosure Temperature,Sky Temperature,Frequency,MSAS,ZP,Sequence Number,Sun Alt,Moon Alt,Moon Illumination
[from data line 21888]
2022-12-25T04:01:04.000,13.84,-16.34,1.51,19.94,20.5,4701,-44.91,-24.0,0.047
2022-12-25T04:02:04.000,13.81,-16.56,1.51,19.94,20.5,4702,-45.12,-24.0,0.048
2022-12-25T04:03:04.000,13.79,-16.57,1.51,19.94,20.5,4703,-45.33,-24.0,0.048
2022-12-25T04:04:04.000,13.76,-16.72,1.51,19.94,20.5,4704,-45.54,-24.0,0.048
2022-12-25T04:05:05.000,13.71,-16.86,1.51,19.93,20.5,4705,-45.76,-25.0,0.048
2022-12-25T04:06:05.000,13.58,-17.04,1.51,19.93,20.5,4706,-45.97,-25.0,0.048
2022-12-25T04:07:05.000,13.49,-17.04,1.51,19.93,20.5,4707,-46.18,-25.0,0.048
2022-12-25T04:08:05.000,13.42,-16.91,1.51,19.93,20.5,4708,-46.39,-25.0,0.048
2022-12-25T04:09:05.000,13.41,-16.85,1.51,19.93,20.5,4709,-46.6,-25.0,0.048
2022-12-25T04:10:05.000,13.43,-16.63,1.51,19.93,20.5,4710,-46.81,-25.0,0.048
2022-12-25T04:11:05.000,13.43,-16.67,1.51,19.94,20.5,4711,-47.03,-26.0,0.048
2022-12-25T04:12:05.000,13.41,-16.63,1.51,19.93,20.5,4712,-47.24,-26.0,0.048
2022-12-25T04:13:09.000,13.37,-16.72,1.51,19.93,20.5,4713,-47.46,-26.0,0.048
2022-12-25T04:14:09.000,13.32,-16.67,1.51,19.94,20.5,4714,-47.67,-26.0,0.048
2022-12-25T04:15:09.000,13.26,-16.59,1.51,19.94,20.5,4715,-47.89,-26.0,0.048
2022-12-25T04:16:09.000,13.22,-16.62,1.51,19.93,20.5,4716,-48.1,-27.0,0.048
2022-12-25T04:17:09.000,13.2,-16.62,1.5,19.94,20.5,4717,-48.31,-27.0,0.048
2022-12-25T04:18:10.000,13.18,-16.65,1.5,19.94,20.5,4718,-48.52,-27.0,0.048
2022-12-25T04:19:10.000,13.16,-16.66,1.5,19.94,20.5,4719,-48.73,-27.0,0.048
2022-12-25T04:21:10.000,13.11,-16.84,1.51,19.94,20.5,4721,-49.16,-28.0,0.048
2022-12-25T04:22:11.000,13.04,-16.97,1.5,19.94,20.5,4722,-49.37,-28.0,0.048
2022-12-25T04:23:11.000,12.97,-16.97,1.5,19.94,20.5,4723,-49.58,-28.0,0.048
2022-12-25T04:24:11.000,12.95,-16.93,1.5,19.94,20.5,4724,-49.8,-28.0,0.048
2022-12-25T04:25:12.000,12.86,-17.1,1.5,19.94,20.5,4725,-50.01,-28.0,0.048
2022-12-25T04:26:12.000,12.82,-16.86,1.5,19.94,20.5,4726,-50.22,-29.0,0.048
2022-12-25T04:27:12.000,12.77,-17.02,1.5,19.94,20.5,4727,-50.43,-29.0,0.048
2022-12-25T04:28:12.000,12.71,-16.87,1.5,19.94,20.5,4728,-50.64,-29.0,0.048
2022-12-25T04:30:18.000,12.71,-16.78,1.5,19.94,20.5,4730,-51.09,-29.0,0.049
2022-12-25T04:31:19.000,12.71,-16.74,1.5,19.94,20.5,4731,-51.3,-30.0,0.049
2022-12-25T04:32:19.000,12.72,-16.66,1.5,19.94,20.5,4732,-51.51,-30.0,0.049
2022-12-25T04:33:19.000,12.71,-16.79,1.49,19.94,20.5,4733,-51.73,-30.0,0.049
2022-12-25T04:34:19.000,12.75,-16.56,1.49,19.94,20.5,4734,-51.94,-30.0,0.049
2022-12-25T04:35:20.000,12.76,-16.76,1.49,19.94,20.5,4735,-52.15,-30.0,0.049
2022-12-25T04:36:20.000,12.74,-16.75,1.49,19.95,20.5,4736,-52.36,-31.0,0.049
2022-12-25T04:37:23.000,12.76,-16.58,1.49,19.95,20.5,4737,-52.58,-31.0,0.049
2022-12-25T04:38:24.000,12.78,-16.6,1.48,19.95,20.5,4738,-52.8,-31.0,0.049
2022-12-25T04:39:24.000,12.74,-16.65,1.48,19.95,20.5,4739,-53.01,-31.0,0.049
2022-12-25T04:40:25.000,12.73,-16.7,1.48,19.95,20.5,4740,-53.22,-31.0,0.049
2022-12-25T04:41:25.000,12.73,-16.69,1.48,19.95,20.5,4741,-53.44,-32.0,0.049
2022-12-25T04:42:25.000,12.72,-16.77,1.48,19.95,20.5,4742,-53.65,-32.0,0.049
2022-12-25T04:43:25.000,12.72,-16.67,1.48,19.96,20.5,4743,-53.86,-32.0,0.049
2022-12-25T04:44:25.000,12.71,-16.7,1.48,19.96,20.5,4744,-54.07,-32.0,0.049
2022-12-25T04:45:25.000,12.72,-16.64,1.48,19.96,20.5,4745,-54.28,-32.0,0.049
2022-12-25T04:46:26.000,12.73,-16.61,1.47,19.96,20.5,4746,-54.49,-33.0,0.049
2022-12-25T04:47:26.000,12.75,-16.58,1.48,19.96,20.5,4747,-54.7,-33.0,0.049
2022-12-25T04:48:26.000,12.73,-16.62,1.47,19.96,20.5,4748,-54.92,-33.0,0.049
2022-12-25T04:49:26.000,12.76,-16.59,1.47,19.96,20.5,4749,-55.13,-33.0,0.049
2022-12-25T04:50:27.000,12.79,-16.51,1.47,19.96,20.5,4750,-55.34,-33.0,0.049
2022-12-25T04:52:33.000,12.82,-16.36,1.47,19.96,20.5,4752,-55.78,-34.0,0.049
2022-12-25T04:53:33.000,12.81,-16.47,1.47,19.96,20.5,4753,-55.99,-34.0,0.049
2022-12-25T04:54:33.000,12.81,-16.39,1.47,19.96,20.5,4754,-56.2,-34.0,0.049
2022-12-25T04:55:34.000,12.84,-16.46,1.47,19.96,20.5,4755,-56.42,-34.0,0.049
2022-12-25T04:56:34.000,12.88,-16.43,1.46,19.97,20.5,4756,-56.63,-35.0,0.049
2022-12-25T04:57:38.000,12.9,-16.47,1.47,19.97,20.5,4757,-56.85,-35.0,0.05
2022-12-25T04:58:38.000,12.9,-16.62,1.46,19.97,20.5,4758,-57.06,-35.0,0.05
2022-12-25T04:59:37.000,12.9,-16.64,1.46,19.97,20.5,4759,-57.27,-35.0,0.05
2022-12-25T05:01:38.000,12.87,-16.63,1.45,19.98,20.5,4761,-57.69,-36.0,0.05
2022-12-25T05:02:38.000,12.86,-16.56,1.45,19.98,20.5,4762,-57.9,-36.0,0.05
2022-12-25T05:03:39.000,12.84,-16.67,1.45,19.98,20.5,4763,-58.11,-36.0,0.05
2022-12-25T05:04:39.000,12.82,-16.67,1.45,19.98,20.5,4764,-58.32,-36.0,0.05
2022-12-25T05:05:39.000,12.8,-16.77,1.45,19.98,20.5,4765,-58.53,-36.0,0.05
2022-12-25T05:06:40.000,12.76,-16.77,1.44,19.98,20.5,4766,-58.75,-37.0,0.05
2022-12-25T05:07:40.000,12.76,-16.61,1.45,19.98,20.5,4767,-58.96,-37.0,0.05
2022-12-25T05:08:40.000,12.81,-16.6,1.45,19.98,20.5,4768,-59.17,-37.0,0.05
2022-12-25T05:09:40.000,12.81,-16.71,1.44,19.98,20.5,4769,-59.38,-37.0,0.05
2022-12-25T05:10:40.000,12.82,-16.6,1.44,19.98,20.5,4770,-59.58,-37.0,0.05
2022-12-25T05:11:41.000,12.85,-16.53,1.44,19.98,20.5,4771,-59.8,-37.0,0.05
2022-12-25T05:12:41.000,12.87,-16.51,1.44,19.99,20.5,4772,-60.01,-38.0,0.05
2022-12-25T05:13:41.000,12.86,-16.61,1.44,19.98,20.5,4773,-60.21,-38.0,0.05
2022-12-25T05:14:41.000,12.89,-16.69,1.44,19.98,20.5,4774,-60.42,-38.0,0.05
2022-12-25T05:15:41.000,12.86,-16.95,1.45,19.98,20.5,4775,-60.63,-38.0,0.05
2022-12-25T05:16:42.000,12.86,-17.05,1.44,19.98,20.5,4776,-60.84,-38.0,0.05
2022-12-25T05:17:42.000,12.87,-16.98,1.44,19.98,20.5,4777,-61.05,-39.0,0.05
2022-12-25T05:18:42.000,12.92,-16.93,1.44,19.99,20.5,4778,-61.26,-39.0,0.05
2022-12-25T05:19:42.000,12.93,-17.34,1.44,19.98,20.5,4779,-61.47,-39.0,0.05
2022-12-25T05:20:42.000,12.93,-17.13,1.44,19.99,20.5,4780,-61.68,-39.0,0.05
2022-12-25T05:23:42.000,12.88,-17.11,1.43,19.99,20.5,4783,-62.3,-40.0,0.05
2022-12-25T05:24:43.000,12.87,-17.0,1.43,19.99,20.5,4784,-62.51,-40.0,0.051
2022-12-25T05:25:43.000,12.81,-17.13,1.43,19.99,20.5,4785,-62.72,-40.0,0.051
2022-12-25T05:26:44.000,12.67,-17.51,1.43,19.99,20.5,4786,-62.93,-40.0,0.051
2022-12-25T05:27:44.000,12.61,-17.42,1.43,19.99,20.5,4787,-63.14,-41.0,0.051
2022-12-25T05:29:45.000,12.6,-17.56,1.44,19.99,20.5,4789,-63.55,-41.0,0.051
2022-12-25T05:31:50.000,12.53,-17.46,1.43,19.99,20.5,4791,-63.98,-41.0,0.051
2022-12-25T05:32:50.000,12.52,-17.32,1.42,20.0,20.5,4792,-64.19,-42.0,0.051
2022-12-25T05:33:51.000,12.5,-17.14,1.42,20.0,20.5,4793,-64.4,-42.0,0.051
2022-12-25T05:34:51.000,12.45,-17.37,1.42,20.0,20.5,4794,-64.6,-42.0,0.051
2022-12-25T05:35:51.000,12.34,-17.56,1.43,19.99,20.5,4795,-64.81,-42.0,0.051
2022-12-25T05:36:51.000,12.33,-17.54,1.43,19.99,20.5,4796,-65.01,-42.0,0.051
2022-12-25T05:37:51.000,12.3,-17.56,1.43,19.99,20.5,4797,-65.22,-43.0,0.051
2022-12-25T05:38:52.000,12.27,-17.26,1.42,20.0,20.5,4798,-65.43,-43.0,0.051
2022-12-25T05:39:52.000,12.21,-17.36,1.42,20.0,20.5,4799,-65.63,-43.0,0.051
2022-12-25T05:40:53.000,12.14,-17.6,1.43,19.99,20.5,4800,-65.84,-43.0,0.051
2022-12-25T05:41:56.000,12.14,-17.67,1.43,19.99,20.5,4801,-66.05,-43.0,0.051
2022-12-25T05:42:56.000,12.12,-17.62,1.43,19.99,20.5,4802,-66.26,-44.0,0.051
2022-12-25T05:43:56.000,12.13,-17.56,1.42,20.0,20.5,4803,-66.46,-44.0,0.051
2022-12-25T05:44:57.000,12.02,-17.92,1.43,20.0,20.5,4804,-66.67,-44.0,0.051
2022-12-25T05:45:57.000,11.93,-18.04,1.43,19.99,20.5,4805,-66.87,-44.0,0.051
2022-12-25T05:47:58.000,11.91,-18.06,1.44,19.99,20.5,4807,-67.28,-45.0,0.051
2022-12-25T05:50:58.000,11.88,-17.99,1.44,19.98,20.5,4810,-67.89,-45.0,0.052
2022-12-25T05:52:59.000,11.92,-17.76,1.44,19.98,20.5,4812,-68.29,-46.0,0.052
2022-12-25T05:53:59.000,11.85,-18.21,1.44,19.98,20.5,4813,-68.49,-46.0,0.052
2022-12-25T05:55:00.000,11.74,-18.47,1.44,19.99,20.5,4814,-68.7,-46.0,0.052
2022-12-25T05:56:00.000,11.67,-18.21,1.43,19.99,20.5,4815,-68.89,-46.0,0.052
2022-12-25T05:57:00.000,11.62,-18.2,1.43,19.99,20.5,4816,-69.09,-46.0,0.052
2022-12-25T05:58:01.000,11.56,-18.33,1.42,20.0,20.5,4817,-69.3,-47.0,0.052
2022-12-25T05:59:01.000,11.47,-18.36,1.43,19.99,20.5,4818,-69.5,-47.0,0.052
2022-12-25T06:00:01.000,11.47,-18.04,1.42,20.0,20.5,4819,-69.69,-47.0,0.052
2022-12-25T06:01:01.000,11.48,-18.12,1.41,20.01,20.5,4820,-69.89,-47.0,0.052
2022-12-25T06:02:01.000,11.42,-18.34,1.41,20.01,20.5,4821,-70.09,-47.0,0.052
2022-12-25T06:04:01.000,11.29,-18.3,1.41,20.01,20.5,4823,-70.48,-48.0,0.052
2022-12-25T06:05:02.000,11.27,-18.24,1.4,20.01,20.5,4824,-70.68,-48.0,0.052
2022-12-25T06:06:02.000,11.19,-18.45,1.41,20.01,20.5,4825,-70.88,-48.0,0.052
2022-12-25T06:07:03.000,11.15,-18.02,1.4,20.01,20.5,4826,-71.07,-48.0,0.052
2022-12-25T06:08:02.000,11.15,-18.08,1.4,20.01,20.5,4827,-71.27,-49.0,0.052
2022-12-25T06:09:03.000,11.14,-17.99,1.4,20.01,20.5,4828,-71.46,-49.0,0.052
2022-12-25T06:10:03.000,11.16,-18.04,1.4,20.01,20.5,4829,-71.66,-49.0,0.052
2022-12-25T06:11:03.000,11.13,-18.16,1.4,20.01,20.5,4830,-71.85,-49.0,0.052
2022-12-25T06:12:03.000,11.15,-18.16,1.4,20.01,20.5,4831,-72.04,-49.0,0.052
2022-12-25T06:14:08.000,11.03,-18.53,1.4,20.01,20.5,4833,-72.44,-50.0,0.052
2022-12-25T06:15:08.000,10.98,-18.21,1.4,20.01,20.5,4834,-72.63,-50.0,0.052
2022-12-25T06:16:08.000,10.98,-18.07,1.4,20.02,20.5,4835,-72.82,-50.0,0.052
2022-12-25T06:17:08.000,11.0,-18.02,1.4,20.02,20.5,4836,-73.01,-50.0,0.052
2022-12-25T06:18:09.000,11.02,-17.96,1.4,20.02,20.5,4837,-73.2,-51.0,0.053
2022-12-25T06:19:09.000,10.98,-18.2,1.4,20.02,20.5,4838,-73.38,-51.0,0.053
2022-12-25T06:20:09.000,10.86,-18.66,1.4,20.02,20.5,4839,-73.57,-51.0,0.053
2022-12-25T06:23:09.000,10.44,-18.52,1.39,20.02,20.5,4842,-74.12,-52.0,0.053
2022-12-25T06:27:15.000,10.33,-18.41,1.39,20.02,20.5,4846,-74.86,-52.0,0.053
2022-12-25T06:28:16.000,10.29,-18.4,1.39,20.02,20.5,4847,-75.05,-53.0,0.053
2022-12-25T06:30:21.000,10.27,-18.26,1.39,20.02,20.5,4849,-75.41,-53.0,0.053
2022-12-25T06:31:22.000,10.29,-18.14,1.39,20.02,20.5,4850,-75.59,-53.0,0.053
2022-12-25T06:32:21.000,10.34,-17.96,1.39,20.02,20.5,4851,-75.76,-53.0,0.053
2022-12-25T06:33:22.000,10.32,-18.34,1.39,20.02,20.5,4852,-75.94,-54.0,0.053
2022-12-25T06:34:22.000,10.29,-18.16,1.39,20.02,20.5,4853,-76.11,-54.0,0.053
2022-12-25T06:35:22.000,10.31,-18.13,1.39,20.02,20.5,4854,-76.28,-54.0,0.053
2022-12-25T06:41:29.000,10.02,-18.28,1.39,20.02,20.5,4860,-77.28,-55.0,0.053
2022-12-25T06:42:29.000,10.2,-18.14,1.39,20.02,20.5,4861,-77.44,-55.0,0.053
2022-12-25T06:43:29.000,10.29,-18.12,1.39,20.02,20.5,4862,-77.59,-56.0,0.053
2022-12-25T06:44:30.000,10.37,-17.95,1.39,20.02,20.5,4863,-77.75,-56.0,0.054
2022-12-25T06:45:30.000,10.4,-17.93,1.39,20.02,20.5,4864,-77.9,-56.0,0.054
2022-12-25T06:46:30.000,10.41,-17.98,1.39,20.02,20.5,4865,-78.05,-56.0,0.054
2022-12-25T06:47:30.000,10.39,-18.13,1.39,20.02,20.5,4866,-78.2,-56.0,0.054
2022-12-25T06:48:30.000,10.33,-18.31,1.4,20.02,20.5,4867,-78.34,-57.0,0.054
2022-12-25T06:49:30.000,10.26,-18.35,1.4,20.02,20.5,4868,-78.49,-57.0,0.054
2022-12-25T06:50:30.000,10.2,-18.29,1.39,20.02,20.5,4869,-78.63,-57.0,0.054
2022-12-25T06:51:36.000,10.17,-18.0,1.39,20.02,20.5,4870,-78.78,-57.0,0.054
2022-12-25T06:52:42.000,10.18,-17.85,1.39,20.02,20.5,4871,-78.93,-58.0,0.054
2022-12-25T06:54:42.000,10.08,-18.11,1.39,20.02,20.5,4873,-79.19,-58.0,0.054
2022-12-25T06:55:42.000,10.06,-17.97,1.39,20.03,20.5,4874,-79.31,-58.0,0.054
2022-12-25T06:56:43.000,10.09,-17.78,1.38,20.03,20.5,4875,-79.44,-58.0,0.054
2022-12-25T06:57:43.000,10.11,-17.9,1.38,20.03,20.5,4876,-79.56,-59.0,0.054
2022-12-25T06:58:43.000,10.1,-17.91,1.38,20.03,20.5,4877,-79.67,-59.0,0.054
2022-12-25T07:00:43.000,10.16,-17.76,1.37,20.04,20.5,4879,-79.89,-59.0,0.054
2022-12-25T07:01:43.000,10.07,-18.18,1.35,20.05,20.5,4880,-80.0,-59.0,0.054
2022-12-25T07:04:44.000,10.33,-17.72,1.34,20.06,20.5,4883,-80.29,-60.0,0.054
2022-12-25T07:05:44.000,10.76,-17.94,1.34,20.06,20.5,4884,-80.38,-60.0,0.054
2022-12-25T07:06:45.000,10.89,-17.84,1.33,20.07,20.5,4885,-80.47,-60.0,0.054
2022-12-25T07:07:45.000,10.83,-18.17,1.33,20.07,20.5,4886,-80.55,-61.0,0.054
2022-12-25T07:08:45.000,10.65,-18.47,1.33,20.07,20.5,4887,-80.63,-61.0,0.054
2022-12-25T07:09:45.000,10.43,-18.73,1.33,20.07,20.5,4888,-80.7,-61.0,0.054
2022-12-25T07:10:45.000,10.32,-17.98,1.33,20.07,20.5,4889,-80.77,-61.0,0.055
2022-12-25T07:11:46.000,10.27,-17.96,1.33,20.07,20.5,4890,-80.83,-61.0,0.055
2022-12-25T07:12:46.000,10.18,-18.14,1.32,20.07,20.5,4891,-80.89,-62.0,0.055
2022-12-25T07:13:46.000,10.09,-18.13,1.33,20.07,20.5,4892,-80.94,-62.0,0.055
2022-12-25T07:14:46.000,10.05,-18.02,1.32,20.08,20.5,4893,-80.98,-62.0,0.055
2022-12-25T07:15:46.000,10.01,-18.06,1.32,20.08,20.5,4894,-81.03,-62.0,0.055
2022-12-25T07:16:47.000,10.13,-17.64,1.32,20.07,20.5,4895,-81.06,-62.0,0.055
2022-12-25T07:17:47.000,10.28,-17.94,1.32,20.08,20.5,4896,-81.09,-62.0,0.055
2022-12-25T07:18:47.000,10.28,-17.97,1.32,20.08,20.5,4897,-81.12,-63.0,0.055
2022-12-25T07:19:47.000,10.28,-17.78,1.32,20.08,20.5,4898,-81.14,-63.0,0.055
2022-12-25T07:20:47.000,10.24,-17.78,1.32,20.08,20.5,4899,-81.16,-63.0,0.055
2022-12-25T07:21:47.000,10.2,-17.78,1.32,20.08,20.5,4900,-81.17,-63.0,0.055
2022-12-25T07:22:47.000,10.13,-17.97,1.32,20.08,20.5,4901,-81.17,-63.0,0.055
2022-12-25T07:23:48.000,10.07,-18.23,1.32,20.08,20.5,4902,-81.17,-64.0,0.055
2022-12-25T07:24:48.000,9.99,-18.51,1.32,20.08,20.5,4903,-81.16,-64.0,0.055
2022-12-25T07:26:48.000,10.88,-17.79,1.3,20.1,20.5,4905,-81.13,-64.0,0.055
2022-12-25T07:31:54.000,10.4,-18.32,1.29,20.1,20.5,4910,-80.95,-65.0,0.055
2022-12-25T07:32:55.000,10.25,-18.14,1.29,20.1,20.5,4911,-80.9,-65.0,0.055
2022-12-25T07:33:54.000,10.12,-17.86,1.29,20.1,20.5,4912,-80.85,-66.0,0.055
2022-12-25T07:34:54.000,10.01,-18.51,1.29,20.1,20.5,4913,-80.79,-66.0,0.055
2022-12-25T07:35:55.000,10.23,-17.68,1.29,20.1,20.5,4914,-80.72,-66.0,0.055
2022-12-25T07:36:55.000,10.77,-18.2,1.29,20.1,20.5,4915,-80.65,-66.0,0.056
2022-12-25T07:37:55.000,10.74,-19.27,1.29,20.1,20.5,4916,-80.58,-66.0,0.056
2022-12-25T07:38:55.000,10.49,-19.5,1.29,20.1,20.5,4917,-80.5,-67.0,0.056
2022-12-25T07:39:55.000,10.24,-18.92,1.29,20.1,20.5,4918,-80.41,-67.0,0.056
2022-12-25T07:40:55.000,10.16,-18.48,1.29,20.1,20.5,4919,-80.32,-67.0,0.056
2022-12-25T07:41:57.000,10.09,-18.28,1.29,20.1,20.5,4920,-80.23,-67.0,0.056
2022-12-25T07:42:57.000,10.03,-18.2,1.28,20.11,20.5,4921,-80.13,-67.0,0.056
2022-12-25T07:43:57.000,10.05,-18.12,1.28,20.11,20.5,4922,-80.03,-68.0,0.056
2022-12-25T07:44:58.000,10.51,-18.08,1.28,20.11,20.5,4923,-79.93,-68.0,0.056
2022-12-25T07:45:58.000,10.66,-18.39,1.28,20.11,20.5,4924,-79.82,-68.0,0.056
2022-12-25T07:46:58.000,10.59,-18.46,1.28,20.11,20.5,4925,-79.71,-68.0,0.056
2022-12-25T07:49:04.000,10.32,-18.53,1.28,20.11,20.5,4927,-79.46,-69.0,0.056
2022-12-25T07:50:05.000,10.09,-18.73,1.28,20.11,20.5,4928,-79.34,-69.0,0.056
2022-12-25T07:52:05.000,10.14,-18.53,1.29,20.1,20.5,4930,-79.08,-69.0,0.056
2022-12-25T07:53:05.000,10.85,-18.89,1.29,20.11,20.5,4931,-78.95,-69.0,0.056
2022-12-25T07:58:06.000,10.05,-19.57,1.27,20.12,20.5,4936,-78.25,-70.0,0.056
2022-12-25T07:59:07.000,10.11,-18.75,1.27,20.12,20.5,4937,-78.11,-71.0,0.056
2022-12-25T08:00:07.000,10.76,-18.48,1.27,20.12,20.5,4938,-77.96,-71.0,0.056
2022-12-25T08:01:07.000,10.9,-19.13,1.27,20.12,20.5,4939,-77.81,-71.0,0.056
2022-12-25T08:03:07.000,10.54,-19.7,1.26,20.13,20.5,4941,-77.5,-71.0,0.057
2022-12-25T08:04:08.000,10.22,-19.7,1.26,20.13,20.5,4942,-77.34,-71.0,0.057
2022-12-25T08:05:08.000,10.0,-19.05,1.26,20.13,20.5,4943,-77.18,-72.0,0.057
2022-12-25T08:06:08.000,10.16,-18.69,1.26,20.13,20.5,4944,-77.02,-72.0,0.057
2022-12-25T08:07:09.000,10.62,-18.69,1.26,20.13,20.5,4945,-76.85,-72.0,0.057
2022-12-25T08:08:09.000,10.64,-18.96,1.26,20.13,20.5,4946,-76.69,-72.0,0.057
2022-12-25T08:09:09.000,10.47,-19.22,1.25,20.13,20.5,4947,-76.52,-72.0,0.057
2022-12-25T08:10:09.000,10.19,-19.33,1.25,20.14,20.5,4948,-76.36,-73.0,0.057
2022-12-25T08:11:09.000,10.04,-18.74,1.25,20.14,20.5,4949,-76.19,-73.0,0.057
