Downloads/jupyter/ECSV/stars19/stars19_2023-10.ecsv
# %ECSV 1.0
# ---
# datatype:
# - {name: time, datatype: string}
# - {name: Enclosure Temperature, unit: deg_C, datatype: float64}
# - {name: Sky Temperature, unit: deg_C, datatype: float64}
# - {name: Frequency, unit: Hz, datatype: float64}
# - {name: MSAS, unit: mag / arcsec2, datatype: float64}
# - {name: ZP, datatype: float64}
# - {name: Sequence Number, datatype: int64}
# - {name: Sun Alt, unit: deg, datatype: float64}
# - {name: Moon Alt, unit: deg, datatype: float64}
# - {name: Moon Illumination, datatype: float64}
# delimiter: ','
# meta: !!omap
# - ida:
#     Data supplier: {affiliation: null, observer: null}
#     Device type: TESS-W
#     Field of view: 17.0
#     Filters per channel: None
#     Instrument ID: stars19
#     License: ODbL 1.0 http://opendatacommons.org/licenses/odbl/summary/
#     Local timezone: America/Phoenix
#     Location name: {country: '- Tucson', place: Tucson, region: United States, sub_region: Arizona, town: Pima County}
#     Measurement direction per channel: {azimuth: 0.0, zenital: 0.0}
#     Moving / Fixed look direction: FIXED
#     Moving / Stationary position: STATIONARY
#     Number of channels: 1
#     Number of fields per line: 8
#     Number of header lines: 35
#     Position: {height: 0.0, latitude: 32.223877, longitude: -110.767532}
#     TESS MAC address: 18:FE:34:CF:EC:06
#     TESS cover offset value: 0.0
#     TESS firmware version: '1.0'
#     TESS zero point: 20.38
#     Time Synchronization: timestamp added by MQTT subscriber
#     URL: http://www.darksky.org/NSBM/sdf1.0.pdf
# - __serialized_columns__:
#     Enclosure Temperature:
#       __class__: astropy.units.quantity.Quantity
#       unit: &id001 !astropy.units.Unit {unit: deg_C}
#       value: !astropy.table.SerializedColumn {name: Enclosure Temperature}
#     Frequency:
#       __class__: astropy.units.quantity.Quantity
#       unit: !astropy.units.Unit {unit: Hz}
#       value: !astropy.table.SerializedColumn {name: Frequency}
#     MSAS:
#       __class__: astropy.units.quantity.Quantity
#       unit: !astropy.units.Unit {unit: mag / arcsec2}
#       value: !astropy.table.SerializedColumn {name: MSAS}
#     Moon Alt:
#       __class__: astropy.units.quantity.Quantity
#       unit: &id002 !astropy.units.Unit {unit: deg}
#       value: !astropy.table.SerializedColumn {name: Moon Alt}
#     Sky Temperature:
#       __class__: astropy.units.quantity.Quantity
#       unit: *id001
#       value: !astropy.table.SerializedColumn {name: Sky Temperature}
#     Sun Alt:
#       __class__: astropy.units.quantity.Quantity
#       unit: *id002
#       value: !astropy.table.SerializedColumn {name: Sun Alt}
#     time:
#       __class__: astropy.time.core.Time
#       format: isot
#       in_subfmt: '*'
#       out_subfmt: '*'
#       precision: 3
#       scale: utc
#       value: !astropy.table.SerializedColumn {name: time}
# schema: astropy-2.0
time,Enclosure Temperature,Sky Temperature,Frequency,MSAS,ZP,Sequence Number,Sun Alt,Moon Alt,Moon Illumination
[from data line 10646]
2023-10-14T01:30:52.000,30.86,7.97,33.5,16.57,20.38,19215,-8.81,-13.0,0.005
2023-10-14T01:31:52.000,30.87,8.05,27.89,16.77,20.38,19216,-9.02,-14.0,0.005
2023-10-14T01:32:52.000,30.87,8.11,25.67,16.86,20.38,19217,-9.23,-14.0,0.005
2023-10-14T01:33:52.000,30.84,8.25,25.66,16.86,20.38,19218,-9.44,-14.0,0.005
2023-10-14T01:34:52.000,30.82,8.44,26.3,16.83,20.38,19219,-9.65,-14.0,0.005
2023-10-14T01:35:52.000,30.8,8.65,29.73,16.7,20.38,19220,-9.86,-14.0,0.005
2023-10-14T01:36:52.000,30.8,8.82,30.22,16.68,20.38,19221,-10.08,-15.0,0.005
2023-10-14T01:37:53.000,30.79,8.78,24.78,16.9,20.38,19222,-10.29,-15.0,0.005
2023-10-14T01:38:54.000,30.75,8.7,20.51,17.1,20.38,19223,-10.51,-15.0,0.005
2023-10-14T01:39:54.000,30.71,8.5,14.8,17.46,20.38,19224,-10.72,-15.0,0.005
2023-10-14T01:40:54.000,30.67,8.32,10.11,17.87,20.38,19225,-10.93,-15.0,0.005
2023-10-14T01:41:54.000,30.65,8.19,7.47,18.2,20.38,19226,-11.14,-16.0,0.005
2023-10-14T01:42:55.000,30.59,8.03,6.68,18.32,20.38,19227,-11.35,-16.0,0.005
2023-10-14T01:43:55.000,30.56,8.01,6.58,18.33,20.38,19228,-11.57,-16.0,0.005
2023-10-14T01:44:56.000,30.54,8.02,7.01,18.27,20.38,19229,-11.78,-16.0,0.005
2023-10-14T01:45:56.000,30.52,8.15,7.34,18.22,20.38,19230,-11.99,-16.0,0.005
2023-10-14T01:46:56.000,30.5,8.18,7.46,18.2,20.38,19231,-12.2,-17.0,0.005
2023-10-14T01:47:57.000,30.47,8.2,7.44,18.2,20.38,19232,-12.42,-17.0,0.004
2023-10-14T01:48:57.000,30.44,8.37,7.15,18.25,20.38,19233,-12.63,-17.0,0.004
2023-10-14T01:49:57.000,30.43,8.47,6.74,18.31,20.38,19234,-12.84,-17.0,0.004
2023-10-14T01:50:57.000,30.41,8.4,7.06,18.26,20.38,19235,-13.05,-17.0,0.004
2023-10-14T01:51:57.000,30.39,8.39,6.93,18.28,20.38,19236,-13.27,-18.0,0.004
2023-10-14T01:52:57.000,30.35,8.13,6.11,18.42,20.38,19237,-13.48,-18.0,0.004
2023-10-14T01:53:57.000,30.3,8.1,5.35,18.56,20.38,19238,-13.69,-18.0,0.004
2023-10-14T01:54:58.000,30.29,8.06,4.97,18.64,20.38,19239,-13.9,-18.0,0.004
2023-10-14T01:55:58.000,30.26,8.02,4.85,18.67,20.38,19240,-14.12,-18.0,0.004
2023-10-14T01:56:58.000,30.23,8.07,4.99,18.63,20.38,19241,-14.33,-19.0,0.004
2023-10-14T01:57:58.000,30.2,8.1,5.28,18.57,20.38,19242,-14.54,-19.0,0.004
2023-10-14T01:58:58.000,30.2,8.24,5.5,18.53,20.38,19243,-14.75,-19.0,0.004
2023-10-14T01:59:58.000,30.18,8.27,5.95,18.44,20.38,19244,-14.96,-19.0,0.004
2023-10-14T02:00:58.000,30.13,8.24,5.92,18.45,20.38,19245,-15.17,-20.0,0.004
2023-10-14T02:01:58.000,30.11,8.35,5.65,18.5,20.38,19246,-15.39,-20.0,0.004
2023-10-14T02:02:59.000,30.07,8.35,5.84,18.46,20.38,19247,-15.6,-20.0,0.004
2023-10-14T02:03:59.000,30.08,8.31,5.94,18.45,20.38,19248,-15.81,-20.0,0.004
2023-10-14T02:04:59.000,30.05,8.3,6.16,18.41,20.38,19249,-16.02,-20.0,0.004
2023-10-14T02:05:59.000,30.08,8.28,5.52,18.53,20.38,19250,-16.24,-21.0,0.004
2023-10-14T02:06:59.000,30.06,8.24,5.1,18.61,20.38,19251,-16.45,-21.0,0.004
2023-10-14T02:07:59.000,30.03,8.2,5.35,18.56,20.38,19252,-16.66,-21.0,0.004
2023-10-14T02:08:59.000,30.02,8.33,6.22,18.4,20.38,19253,-16.87,-21.0,0.004
2023-10-14T02:09:59.000,29.99,8.39,7.1,18.25,20.38,19254,-17.08,-21.0,0.004
2023-10-14T02:10:59.000,29.96,8.44,7.76,18.15,20.38,19255,-17.29,-22.0,0.004
2023-10-14T02:11:59.000,29.91,8.33,8.13,18.11,20.38,19256,-17.51,-22.0,0.004
2023-10-14T02:12:59.000,29.88,8.3,7.29,18.23,20.38,19257,-17.72,-22.0,0.004
2023-10-14T02:14:00.000,29.84,8.06,6.14,18.41,20.38,19258,-17.93,-22.0,0.004
2023-10-14T02:14:59.000,29.8,7.89,5.07,18.62,20.38,19259,-18.14,-22.0,0.004
2023-10-14T02:15:59.000,29.76,7.67,4.6,18.72,20.38,19260,-18.35,-23.0,0.004
2023-10-14T02:17:00.000,29.69,7.52,4.36,18.78,20.38,19261,-18.57,-23.0,0.004
2023-10-14T02:18:00.000,29.67,7.46,4.2,18.82,20.38,19262,-18.78,-23.0,0.004
2023-10-14T02:19:00.000,29.66,7.43,3.86,18.91,20.38,19263,-18.99,-23.0,0.004
2023-10-14T02:20:01.000,29.66,7.37,3.43,19.04,20.38,19264,-19.2,-23.0,0.004
2023-10-14T02:21:01.000,29.67,7.34,3.19,19.12,20.38,19265,-19.42,-24.0,0.004
2023-10-14T02:22:01.000,29.67,7.1,2.78,19.27,20.38,19266,-19.63,-24.0,0.004
2023-10-14T02:23:01.000,29.62,6.9,2.51,19.38,20.38,19267,-19.84,-24.0,0.004
2023-10-14T02:24:01.000,29.6,6.83,2.3,19.48,20.38,19268,-20.05,-24.0,0.004
2023-10-14T02:25:01.000,29.59,6.68,2.26,19.5,20.38,19269,-20.26,-24.0,0.004
2023-10-14T02:26:01.000,29.58,6.54,2.23,19.51,20.38,19270,-20.47,-25.0,0.004
2023-10-14T02:27:01.000,29.56,6.44,2.25,19.5,20.38,19271,-20.68,-25.0,0.004
2023-10-14T02:28:02.000,29.53,6.39,2.23,19.51,20.38,19272,-20.9,-25.0,0.004
2023-10-14T02:29:02.000,29.51,6.24,2.23,19.51,20.38,19273,-21.11,-25.0,0.004
2023-10-14T02:30:02.000,29.48,6.18,2.23,19.51,20.38,19274,-21.32,-25.0,0.004
2023-10-14T02:31:02.000,29.48,6.12,2.22,19.51,20.38,19275,-21.53,-26.0,0.004
2023-10-14T02:32:02.000,29.49,6.15,2.15,19.55,20.38,19276,-21.74,-26.0,0.004
2023-10-14T02:33:02.000,29.49,5.99,2.16,19.54,20.38,19277,-21.95,-26.0,0.004
2023-10-14T02:34:02.000,29.45,5.93,2.22,19.51,20.38,19278,-22.17,-26.0,0.004
2023-10-14T02:35:03.000,29.44,5.94,2.31,19.47,20.38,19279,-22.38,-26.0,0.004
2023-10-14T02:36:03.000,29.41,5.86,2.37,19.44,20.38,19280,-22.59,-27.0,0.004
2023-10-14T02:37:03.000,29.34,5.82,2.58,19.35,20.38,19281,-22.8,-27.0,0.004
2023-10-14T02:38:03.000,29.29,5.78,2.86,19.24,20.38,19282,-23.01,-27.0,0.004
2023-10-14T02:39:03.000,29.26,5.81,2.5,19.39,20.38,19283,-23.22,-27.0,0.004
2023-10-14T02:40:03.000,29.25,5.8,2.2,19.52,20.38,19284,-23.43,-27.0,0.004
2023-10-14T02:41:03.000,29.2,5.73,2.13,19.56,20.38,19285,-23.65,-28.0,0.004
2023-10-14T02:42:03.000,29.15,5.66,2.16,19.54,20.38,19286,-23.86,-28.0,0.004
2023-10-14T02:43:03.000,29.11,5.79,2.39,19.43,20.38,19287,-24.07,-28.0,0.004
2023-10-14T02:44:04.000,29.09,5.88,2.72,19.3,20.38,19288,-24.28,-28.0,0.004
2023-10-14T02:45:04.000,29.08,5.88,2.97,19.2,20.38,19289,-24.49,-28.0,0.004
2023-10-14T02:46:04.000,29.02,5.89,2.98,19.19,20.38,19290,-24.7,-29.0,0.004
2023-10-14T02:47:04.000,28.98,6.02,3.04,19.17,20.38,19291,-24.91,-29.0,0.004
2023-10-14T02:48:06.000,28.95,6.0,3.04,19.17,20.38,19292,-25.13,-29.0,0.004
2023-10-14T02:49:06.000,28.91,6.02,2.97,19.2,20.38,19293,-25.34,-29.0,0.004
2023-10-14T02:50:05.000,28.88,6.07,2.94,19.21,20.38,19294,-25.55,-29.0,0.004
2023-10-14T02:51:06.000,28.84,6.07,3.01,19.18,20.38,19295,-25.76,-30.0,0.004
2023-10-14T02:52:06.000,28.77,5.98,3.11,19.15,20.38,19296,-25.97,-30.0,0.004
2023-10-14T02:53:06.000,28.75,6.11,3.15,19.13,20.38,19297,-26.18,-30.0,0.004
2023-10-14T02:54:06.000,28.75,6.18,3.21,19.11,20.38,19298,-26.39,-30.0,0.004
2023-10-14T02:55:06.000,28.75,6.07,2.99,19.19,20.38,19299,-26.6,-30.0,0.004
2023-10-14T02:56:06.000,28.75,6.02,2.77,19.27,20.38,19300,-26.81,-31.0,0.004
2023-10-14T02:57:06.000,28.73,5.87,2.69,19.31,20.38,19301,-27.02,-31.0,0.004
2023-10-14T02:58:06.000,28.73,5.77,2.42,19.42,20.38,19302,-27.23,-31.0,0.004
2023-10-14T02:59:06.000,28.71,5.56,1.99,19.63,20.38,19303,-27.44,-31.0,0.004
2023-10-14T03:00:06.000,28.67,5.46,1.76,19.77,20.38,19304,-27.65,-31.0,0.004
2023-10-14T03:01:06.000,28.64,5.33,1.73,19.78,20.38,19305,-27.86,-32.0,0.004
2023-10-14T03:02:06.000,28.63,5.33,1.73,19.78,20.38,19306,-28.07,-32.0,0.004
2023-10-14T03:03:06.000,28.63,5.26,1.72,19.79,20.38,19307,-28.28,-32.0,0.004
2023-10-14T03:04:06.000,28.62,5.19,1.76,19.77,20.38,19308,-28.48,-32.0,0.004
2023-10-14T03:05:06.000,28.62,5.2,1.69,19.81,20.38,19309,-28.69,-32.0,0.004
2023-10-14T03:06:06.000,28.64,5.16,1.66,19.83,20.38,19310,-28.9,-33.0,0.004
2023-10-14T03:07:06.000,28.63,5.07,1.64,19.84,20.38,19311,-29.11,-33.0,0.004
2023-10-14T03:08:08.000,28.64,5.11,1.64,19.84,20.38,19312,-29.33,-33.0,0.004
2023-10-14T03:09:08.000,28.64,5.0,1.64,19.84,20.38,19313,-29.54,-33.0,0.004
2023-10-14T03:10:08.000,28.64,5.07,1.64,19.84,20.38,19314,-29.74,-33.0,0.004
2023-10-14T03:11:08.000,28.66,5.0,1.65,19.84,20.38,19315,-29.95,-34.0,0.004
2023-10-14T03:12:08.000,28.64,4.91,1.65,19.84,20.38,19316,-30.16,-34.0,0.004
2023-10-14T03:13:08.000,28.67,4.94,1.65,19.84,20.38,19317,-30.37,-34.0,0.004
2023-10-14T03:14:08.000,28.63,4.73,1.65,19.84,20.38,19318,-30.58,-34.0,0.004
2023-10-14T03:15:08.000,28.59,4.78,1.66,19.83,20.38,19319,-30.79,-34.0,0.004
2023-10-14T03:16:09.000,28.57,4.77,1.63,19.85,20.38,19320,-31.0,-35.0,0.004
2023-10-14T03:17:09.000,28.53,4.74,1.64,19.84,20.38,19321,-31.21,-35.0,0.004
2023-10-14T03:18:09.000,28.51,4.86,1.66,19.83,20.38,19322,-31.41,-35.0,0.004
2023-10-14T03:19:09.000,28.49,4.76,1.69,19.81,20.38,19323,-31.62,-35.0,0.004
2023-10-14T03:20:09.000,28.44,4.79,1.73,19.79,20.38,19324,-31.83,-35.0,0.004
2023-10-14T03:21:09.000,28.41,4.81,1.78,19.76,20.38,19325,-32.04,-36.0,0.004
2023-10-14T03:23:09.000,28.32,4.87,1.91,19.68,20.38,19327,-32.45,-36.0,0.004
2023-10-14T03:24:09.000,28.28,4.89,2.02,19.62,20.38,19328,-32.66,-36.0,0.004
2023-10-14T03:25:09.000,28.24,4.93,2.11,19.57,20.38,19329,-32.86,-36.0,0.004
2023-10-14T03:26:09.000,28.22,5.04,2.14,19.55,20.38,19330,-33.07,-37.0,0.004
2023-10-14T03:27:09.000,28.25,5.07,2.16,19.54,20.38,19331,-33.28,-37.0,0.004
2023-10-14T03:28:09.000,28.24,5.03,2.14,19.56,20.38,19332,-33.49,-37.0,0.004
2023-10-14T03:29:09.000,28.26,4.99,2.02,19.62,20.38,19333,-33.69,-37.0,0.004
2023-10-14T03:30:10.000,28.24,4.91,1.9,19.68,20.38,19334,-33.9,-37.0,0.004
2023-10-14T03:31:10.000,28.25,4.98,1.84,19.72,20.38,19335,-34.11,-38.0,0.004
2023-10-14T03:32:10.000,28.24,4.87,1.82,19.73,20.38,19336,-34.31,-38.0,0.004
2023-10-14T03:33:10.000,28.23,4.78,1.83,19.72,20.38,19337,-34.52,-38.0,0.004
2023-10-14T03:35:29.000,28.23,4.77,1.79,19.74,20.38,19339,-35.0,-38.0,0.004
2023-10-14T03:36:29.000,28.23,4.53,1.79,19.75,20.38,19340,-35.2,-39.0,0.004
2023-10-14T03:37:29.000,28.1,4.23,1.78,19.75,20.38,19341,-35.41,-39.0,0.004
2023-10-14T03:38:30.000,28.01,4.26,1.8,19.74,20.38,19342,-35.62,-39.0,0.004
2023-10-14T03:39:31.000,27.98,4.42,1.83,19.72,20.38,19343,-35.82,-39.0,0.004
2023-10-14T03:40:30.000,27.98,4.31,1.86,19.7,20.38,19344,-36.02,-39.0,0.004
2023-10-14T03:41:30.000,27.91,4.1,1.87,19.7,20.38,19345,-36.23,-40.0,0.004
2023-10-14T03:42:31.000,27.85,4.01,1.83,19.72,20.38,19346,-36.44,-40.0,0.004
2023-10-14T03:43:31.000,27.8,3.99,1.75,19.77,20.38,19347,-36.64,-40.0,0.003
2023-10-14T03:44:31.000,27.75,4.05,1.71,19.79,20.38,19348,-36.85,-40.0,0.003
2023-10-14T03:46:33.000,27.66,3.88,1.69,19.81,20.38,19350,-37.26,-40.0,0.003
2023-10-14T03:47:32.000,27.62,3.81,1.7,19.8,20.38,19351,-37.46,-41.0,0.003
2023-10-14T03:48:34.000,27.55,3.62,1.68,19.82,20.38,19352,-37.67,-41.0,0.003
2023-10-14T03:49:35.000,27.41,3.54,1.64,19.84,20.38,19353,-37.88,-41.0,0.003
2023-10-14T03:50:34.000,27.39,3.8,1.64,19.84,20.38,19354,-38.08,-41.0,0.003
2023-10-14T03:51:35.000,27.38,3.69,1.65,19.84,20.38,19355,-38.28,-41.0,0.003
2023-10-14T03:52:35.000,27.36,3.77,1.63,19.85,20.38,19356,-38.49,-42.0,0.003
2023-10-14T03:53:35.000,27.36,3.74,1.61,19.86,20.38,19357,-38.69,-42.0,0.003
2023-10-14T03:54:35.000,27.26,3.31,1.59,19.88,20.38,19358,-38.89,-42.0,0.003
2023-10-14T03:55:35.000,27.06,2.99,1.58,19.89,20.38,19359,-39.09,-42.0,0.003
2023-10-14T03:56:35.000,26.92,3.15,1.57,19.89,20.38,19360,-39.29,-42.0,0.003
2023-10-14T03:57:35.000,26.89,3.36,1.57,19.89,20.38,19361,-39.5,-43.0,0.003
2023-10-14T03:58:35.000,26.92,3.48,1.56,19.9,20.38,19362,-39.7,-43.0,0.003
2023-10-14T03:59:35.000,26.9,3.25,1.56,19.9,20.38,19363,-39.9,-43.0,0.003
2023-10-14T04:00:35.000,26.81,3.1,1.55,19.9,20.38,19364,-40.1,-43.0,0.003
2023-10-14T04:01:35.000,26.72,3.12,1.55,19.91,20.38,19365,-40.3,-43.0,0.003
2023-10-14T04:02:35.000,26.62,3.12,1.54,19.91,20.38,19366,-40.5,-43.0,0.003
2023-10-14T04:03:35.000,26.59,3.26,1.54,19.91,20.38,19367,-40.7,-44.0,0.003
2023-10-14T04:04:35.000,26.6,3.36,1.54,19.91,20.38,19368,-40.9,-44.0,0.003
2023-10-14T04:05:35.000,26.65,3.37,1.55,19.91,20.38,19369,-41.1,-44.0,0.003
2023-10-14T04:06:35.000,26.65,3.34,1.55,19.9,20.38,19370,-41.3,-44.0,0.003
2023-10-14T04:07:35.000,26.62,3.26,1.55,19.91,20.38,19371,-41.5,-44.0,0.003
2023-10-14T04:08:36.000,26.57,3.14,1.54,19.91,20.38,19372,-41.7,-45.0,0.003
2023-10-14T04:09:36.000,26.51,3.15,1.54,19.91,20.38,19373,-41.9,-45.0,0.003
2023-10-14T04:10:36.000,26.49,3.2,1.54,19.91,20.38,19374,-42.1,-45.0,0.003
2023-10-14T04:11:36.000,26.48,3.18,1.54,19.91,20.38,19375,-42.3,-45.0,0.003
2023-10-14T04:12:36.000,26.48,3.15,1.54,19.91,20.38,19376,-42.5,-45.0,0.003
2023-10-14T04:13:36.000,26.45,3.07,1.54,19.91,20.38,19377,-42.7,-45.0,0.003
2023-10-14T04:14:36.000,26.46,3.13,1.54,19.91,20.38,19378,-42.89,-46.0,0.003
2023-10-14T04:15:36.000,26.47,3.13,1.55,19.91,20.38,19379,-43.09,-46.0,0.003
2023-10-14T04:16:36.000,26.48,3.08,1.53,19.92,20.38,19380,-43.29,-46.0,0.003
2023-10-14T04:17:36.000,26.48,3.1,1.53,19.92,20.38,19381,-43.48,-46.0,0.003
2023-10-14T04:18:36.000,26.48,3.06,1.53,19.92,20.38,19382,-43.68,-46.0,0.003
2023-10-14T04:19:36.000,26.43,2.99,1.53,19.92,20.38,19383,-43.88,-47.0,0.003
2023-10-14T04:20:38.000,26.41,3.09,1.53,19.92,20.38,19384,-44.08,-47.0,0.003
2023-10-14T04:21:37.000,26.41,3.11,1.53,19.92,20.38,19385,-44.27,-47.0,0.003
2023-10-14T04:22:37.000,26.42,3.11,1.53,19.92,20.38,19386,-44.47,-47.0,0.003
2023-10-14T04:23:38.000,26.42,2.99,1.53,19.92,20.38,19387,-44.67,-47.0,0.003
2023-10-14T04:24:37.000,26.34,2.79,1.52,19.92,20.38,19388,-44.86,-47.0,0.003
2023-10-14T04:25:38.000,26.3,2.91,1.52,19.92,20.38,19389,-45.05,-48.0,0.003
2023-10-14T04:26:38.000,26.3,3.1,1.52,19.93,20.38,19390,-45.25,-48.0,0.003
2023-10-14T04:27:39.000,26.28,2.86,1.52,19.93,20.38,19391,-45.45,-48.0,0.003
2023-10-14T04:28:39.000,26.14,2.53,1.52,19.93,20.38,19392,-45.64,-48.0,0.003
2023-10-14T04:29:39.000,26.08,2.7,1.52,19.92,20.38,19393,-45.83,-48.0,0.003
2023-10-14T04:30:39.000,26.04,2.68,1.52,19.92,20.38,19394,-46.02,-48.0,0.003
2023-10-14T04:31:39.000,26.01,2.7,1.53,19.92,20.38,19395,-46.22,-49.0,0.003
2023-10-14T04:32:39.000,25.97,2.65,1.52,19.92,20.38,19396,-46.41,-49.0,0.003
2023-10-14T04:33:39.000,25.91,2.66,1.52,19.92,20.38,19397,-46.6,-49.0,0.003
2023-10-14T04:34:39.000,25.88,2.77,1.52,19.93,20.38,19398,-46.79,-49.0,0.003
2023-10-14T04:35:39.000,25.91,2.84,1.52,19.93,20.38,19399,-46.98,-49.0,0.003
2023-10-14T04:36:39.000,25.92,2.79,1.51,19.93,20.38,19400,-47.17,-50.0,0.003
2023-10-14T04:37:39.000,25.87,2.54,1.51,19.94,20.38,19401,-47.36,-50.0,0.003
2023-10-14T04:38:42.000,25.83,2.7,1.5,19.94,20.38,19402,-47.56,-50.0,0.003
2023-10-14T04:39:41.000,25.83,2.73,1.5,19.94,20.38,19403,-47.75,-50.0,0.003
2023-10-14T04:40:41.000,25.85,2.83,1.5,19.94,20.38,19404,-47.94,-50.0,0.003
2023-10-14T04:41:42.000,25.85,2.72,1.5,19.94,20.38,19405,-48.13,-50.0,0.003
2023-10-14T04:42:43.000,25.81,2.57,1.5,19.94,20.38,19406,-48.32,-51.0,0.003
2023-10-14T04:44:44.000,25.74,2.74,1.5,19.94,20.38,19408,-48.7,-51.0,0.003
2023-10-14T04:45:44.000,25.78,2.94,1.5,19.94,20.38,19409,-48.89,-51.0,0.003
2023-10-14T04:46:44.000,25.8,2.92,1.5,19.94,20.38,19410,-49.07,-51.0,0.003
2023-10-14T04:47:44.000,25.79,2.81,1.5,19.94,20.38,19411,-49.26,-51.0,0.003
2023-10-14T04:49:46.000,25.78,2.91,1.49,19.94,20.38,19413,-49.64,-52.0,0.003
2023-10-14T04:50:46.000,25.81,3.01,1.49,19.95,20.38,19414,-49.82,-52.0,0.003
2023-10-14T04:51:46.000,25.81,2.85,1.49,19.95,20.38,19415,-50.01,-52.0,0.003
2023-10-14T04:52:46.000,25.83,2.94,1.49,19.95,20.38,19416,-50.19,-52.0,0.003
2023-10-14T04:53:46.000,25.82,2.78,1.49,19.95,20.38,19417,-50.37,-52.0,0.003
2023-10-14T04:54:46.000,25.82,2.87,1.49,19.95,20.38,19418,-50.56,-52.0,0.003
2023-10-14T04:55:46.000,25.84,2.86,1.49,19.95,20.38,19419,-50.74,-53.0,0.003
2023-10-14T04:56:46.000,25.84,2.83,1.49,19.95,20.38,19420,-50.92,-53.0,0.003
2023-10-14T04:57:46.000,25.84,2.9,1.49,19.95,20.38,19421,-51.1,-53.0,0.003
2023-10-14T05:01:46.000,25.84,2.74,1.47,19.96,20.38,19425,-51.82,-54.0,0.003
2023-10-14T05:02:46.000,25.85,2.76,1.46,19.97,20.38,19426,-52.0,-54.0,0.003
2023-10-14T05:03:46.000,25.85,2.7,1.46,19.97,20.38,19427,-52.18,-54.0,0.003
2023-10-14T05:04:46.000,25.83,2.59,1.46,19.97,20.38,19428,-52.36,-54.0,0.003
2023-10-14T05:05:46.000,25.77,2.5,1.46,19.97,20.38,19429,-52.53,-54.0,0.003
2023-10-14T05:06:46.000,25.75,2.61,1.46,19.97,20.38,19430,-52.71,-54.0,0.003
