Downloads/jupyter/ECSV/stars19/stars19_2019-11.ecsv
# %ECSV 1.0
# ---
# datatype:
# - {name: time, datatype: string}
# - {name: Enclosure Temperature, unit: deg_C, datatype: float64}
# - {name: Sky Temperature, unit: deg_C, datatype: float64}
# - {name: Frequency, unit: Hz, datatype: float64}
# - {name: MSAS, unit: mag / arcsec2, datatype: float64}
# - {name: ZP, datatype: float64}
# - {name: Sequence Number, datatype: int64}
# - {name: Sun Alt, unit: deg, datatype: float64}
# - {name: Moon Alt, unit: deg, datatype: float64}
# - {name: Moon Illumination, datatype: float64}
# delimiter: ','
# meta: !!omap
# - ida:
#     Data supplier: {affiliation: null, observer: null}
#     Device type: TESS-W
#     Field of view: 17.0
#     Filters per channel: None
#     Instrument ID: stars19
#     License: ODbL 1.0 http://opendatacommons.org/licenses/odbl/summary/
#     Local timezone: America/Phoenix
#     Location name: {country: '- Tucson', place: Tucson, region: United States, sub_region: Arizona, town: Pima County}
#     Measurement direction per channel: {azimuth: 0.0, zenital: 0.0}
#     Moving / Fixed look direction: FIXED
#     Moving / Stationary position: STATIONARY
#     Number of channels: 1
#     Number of fields per line: 8
#     Number of header lines: 35
#     Position: {height: 0.0, latitude: 32.223877, longitude: -110.767532}
#     TESS MAC address: 18:FE:34:CF:EC:06
#     TESS cover offset value: 0.0
#     TESS firmware version: '1.0'
#     TESS zero point: 20.5
#     Time Synchronization: timestamp added by MQTT subscriber
#     URL: http://www.darksky.org/NSBM/sdf1.0.pdf
# - __serialized_columns__:
#     Enclosure Temperature:
#       __class__: astropy.units.quantity.Quantity
#       unit: &id001 !astropy.units.Unit {unit: deg_C}
#       value: !astropy.table.SerializedColumn {name: Enclosure Temperature}
#     Frequency:
#       __class__: astropy.units.quantity.Quantity
#       unit: !astropy.units.Unit {unit: Hz}
#       value: !astropy.table.SerializedColumn {name: Frequency}
#     MSAS:
#       __class__: astropy.units.quantity.Quantity
#       unit: !astropy.units.Unit {unit: mag / arcsec2}
#       value: !astropy.table.SerializedColumn {name: MSAS}
#     Moon Alt:
#       __class__: astropy.units.quantity.Quantity
#       unit: &id002 !astropy.units.Unit {unit: deg}
#       value: !astropy.table.SerializedColumn {name: Moon Alt}
#     Sky Temperature:
#       __class__: astropy.units.quantity.Quantity
#       unit: *id001
#       value: !astropy.table.SerializedColumn {name: Sky Temperature}
#     Sun Alt:
#       __class__: astropy.units.quantity.Quantity
#       unit: *id002
#       value: !astropy.table.SerializedColumn {name: Sun Alt}
#     time:
#       __class__: astropy.time.core.Time
#       format: isot
#       in_subfmt: '*'
#       out_subfmt: '*'
#       precision: 3
#       scale: utc
#       value: !astropy.table.SerializedColumn {name: time}
# schema: astropy-2.0
time,Enclosure Temperature,Sky Temperature,Frequency,MSAS,ZP,Sequence Number,Sun Alt,Moon Alt,Moon Illumination
[from data line 17812]
2019-11-21T15:21:29.000,12.51,11.36,0.0,0.0,20.5,172782,14.66,65.0,0.305
2019-11-21T15:22:29.000,12.44,10.94,0.0,0.0,20.5,172783,14.83,64.0,0.305
2019-11-21T15:27:30.000,12.31,11.07,0.0,0.0,20.5,172788,15.69,64.0,0.304
2019-11-21T15:28:30.000,12.36,11.25,0.0,0.0,20.5,172789,15.86,64.0,0.304
2019-11-21T15:29:31.000,12.41,11.37,0.0,0.0,20.5,172790,16.03,64.0,0.304
2019-11-21T15:30:31.000,12.4,11.13,0.0,0.0,20.5,172791,16.2,64.0,0.304
2019-11-21T15:31:31.000,12.36,11.25,0.0,0.0,20.5,172792,16.37,64.0,0.304
2019-11-21T15:36:32.000,12.39,11.37,0.0,0.0,20.5,172797,17.21,64.0,0.304
2019-11-21T15:37:33.000,12.44,11.31,0.0,0.0,20.5,172798,17.37,64.0,0.304
2019-11-21T15:38:33.000,12.38,11.24,0.0,0.0,20.5,172799,17.54,63.0,0.303
2019-11-21T15:40:34.000,12.46,11.46,0.0,0.0,20.5,172801,17.87,63.0,0.303
2019-11-21T15:41:34.000,12.48,11.29,0.0,0.0,20.5,172802,18.04,63.0,0.303
2019-11-21T15:42:34.000,12.37,11.11,0.0,0.0,20.5,172803,18.2,63.0,0.303
2019-11-21T15:43:34.000,12.4,11.41,0.0,0.0,20.5,172804,18.37,63.0,0.303
2019-11-21T15:45:35.000,12.6,11.75,0.0,0.0,20.5,172806,18.69,63.0,0.303
2019-11-21T15:46:35.000,12.67,11.62,0.0,0.0,20.5,172807,18.86,63.0,0.303
2019-11-21T15:48:37.000,12.74,11.83,0.0,0.0,20.5,172809,19.19,63.0,0.303
2019-11-21T15:49:37.000,12.83,11.92,0.0,0.0,20.5,172810,19.35,62.0,0.303
2019-11-21T15:50:37.000,12.9,12.01,0.0,0.0,20.5,172811,19.51,62.0,0.303
2019-11-21T15:54:39.000,13.14,11.97,0.0,0.0,20.5,172815,20.15,62.0,0.302
2019-11-21T15:55:39.000,13.12,11.83,0.0,0.0,20.5,172816,20.31,62.0,0.302
2019-11-21T15:56:39.000,13.05,11.71,0.0,0.0,20.5,172817,20.47,62.0,0.302
2019-11-21T15:59:40.000,13.03,11.42,0.0,0.0,20.5,172820,20.94,61.0,0.302
2019-11-21T16:00:40.000,13.06,11.18,0.0,0.0,20.5,172821,21.1,61.0,0.302
2019-11-21T16:01:40.000,13.14,10.83,0.0,0.0,20.5,172822,21.25,61.0,0.302
2019-11-21T16:05:41.000,13.53,2.84,0.0,0.0,20.5,172826,21.87,61.0,0.301
2019-11-21T16:06:41.000,13.68,4.05,0.0,0.0,20.5,172827,22.03,61.0,0.301
2019-11-21T16:07:41.000,13.94,2.83,0.0,0.0,20.5,172828,22.18,60.0,0.301
2019-11-21T16:08:42.000,14.09,1.07,0.0,0.0,20.5,172829,22.33,60.0,0.301
2019-11-21T16:09:42.000,14.08,0.16,0.0,0.0,20.5,172830,22.48,60.0,0.301
2019-11-21T16:10:42.000,14.1,0.05,0.0,0.0,20.5,172831,22.64,60.0,0.301
2019-11-21T16:12:43.000,14.35,1.84,0.0,0.0,20.5,172833,22.94,60.0,0.301
2019-11-21T16:13:43.000,14.44,1.68,0.0,0.0,20.5,172834,23.09,60.0,0.301
2019-11-21T16:20:44.000,15.28,3.78,0.0,0.0,20.5,172841,24.12,59.0,0.3
2019-11-21T16:21:44.000,15.32,4.21,0.0,0.0,20.5,172842,24.27,59.0,0.3
2019-11-21T16:25:45.000,14.67,-4.64,0.0,0.0,20.5,172846,24.85,58.0,0.3
2019-11-21T16:26:45.000,14.3,-6.28,0.0,0.0,20.5,172847,24.99,58.0,0.3
2019-11-21T16:27:46.000,13.84,-6.74,0.0,0.0,20.5,172848,25.14,58.0,0.3
2019-11-21T16:44:51.000,14.63,-2.72,0.0,0.0,20.5,172865,27.47,55.0,0.299
2019-11-21T16:45:51.000,14.7,-1.97,0.0,0.0,20.5,172866,27.6,55.0,0.298
2019-11-21T16:46:52.000,14.73,-0.98,0.0,0.0,20.5,172867,27.74,55.0,0.298
2019-11-21T16:48:53.000,14.86,-0.84,0.0,0.0,20.5,172869,28.0,55.0,0.298
2019-11-21T16:49:53.000,14.89,0.31,0.0,0.0,20.5,172870,28.13,54.0,0.298
2019-11-21T16:50:53.000,15.12,2.04,0.0,0.0,20.5,172871,28.26,54.0,0.298
2019-11-21T17:13:00.000,17.06,-5.29,0.0,0.0,20.5,172893,30.91,50.0,0.296
2019-11-21T17:14:00.000,17.26,-4.44,0.0,0.0,20.5,172894,31.02,50.0,0.296
2019-11-21T17:15:00.000,17.56,-4.72,0.0,0.0,20.5,172895,31.13,50.0,0.296
2019-11-21T17:29:02.000,17.64,-5.56,0.0,0.0,20.5,172909,32.61,48.0,0.295
2019-11-21T17:30:02.000,17.61,-5.36,0.0,0.0,20.5,172910,32.71,47.0,0.295
2019-11-21T17:36:03.000,17.61,-5.2,0.0,0.0,20.5,172916,33.29,46.0,0.295
2019-11-21T17:37:03.000,17.74,-4.59,0.0,0.0,20.5,172917,33.38,46.0,0.295
2019-11-21T17:38:03.000,18.7,-1.94,0.0,0.0,20.5,172918,33.47,46.0,0.295
2019-11-21T17:39:04.000,19.53,-4.21,0.0,0.0,20.5,172919,33.56,46.0,0.295
2019-11-21T17:40:04.000,19.34,-3.86,0.0,0.0,20.5,172920,33.65,46.0,0.295
2019-11-21T17:42:04.000,19.16,-2.73,0.0,0.0,20.5,172922,33.83,45.0,0.294
2019-11-21T17:43:04.000,19.25,-2.69,0.0,0.0,20.5,172923,33.92,45.0,0.294
2019-11-21T17:44:05.000,19.16,-3.04,0.0,0.0,20.5,172924,34.01,45.0,0.294
2019-11-21T17:47:05.000,18.18,-2.93,0.0,0.0,20.5,172927,34.27,44.0,0.294
2019-11-21T17:50:05.000,17.98,1.54,0.0,0.0,20.5,172930,34.51,44.0,0.294
2019-11-21T17:51:06.000,17.85,1.89,0.0,0.0,20.5,172931,34.59,43.0,0.294
2019-11-21T17:52:06.000,17.76,2.16,0.0,0.0,20.5,172932,34.67,43.0,0.294
2019-11-21T18:03:09.000,20.63,8.78,0.0,0.0,20.5,172943,35.49,41.0,0.293
2019-11-21T18:04:10.000,22.45,8.45,0.0,0.0,20.5,172944,35.56,41.0,0.293
2019-11-21T18:05:10.000,23.62,5.38,0.0,0.0,20.5,172945,35.63,41.0,0.293
2019-11-21T18:07:10.000,25.32,2.64,0.0,0.0,20.5,172947,35.76,40.0,0.293
2019-11-21T18:08:10.000,26.29,1.81,0.0,0.0,20.5,172948,35.83,40.0,0.292
2019-11-21T18:09:11.000,27.16,0.5,0.0,0.0,20.5,172949,35.89,40.0,0.292
2019-11-21T18:15:13.000,28.71,2.68,0.0,0.0,20.5,172955,36.25,39.0,0.292
2019-11-21T18:16:14.000,29.29,3.95,0.0,0.0,20.5,172956,36.31,39.0,0.292
2019-11-21T18:17:14.000,29.89,6.3,0.0,0.0,20.5,172957,36.37,38.0,0.292
2019-11-21T18:26:15.000,27.59,3.36,0.0,0.0,20.5,172966,36.82,37.0,0.291
2019-11-21T18:27:16.000,28.13,2.19,0.0,0.0,20.5,172967,36.87,36.0,0.291
2019-11-21T18:28:16.000,28.56,1.95,0.0,0.0,20.5,172968,36.91,36.0,0.291
2019-11-21T18:33:17.000,30.1,4.74,0.0,0.0,20.5,172973,37.12,35.0,0.291
2019-11-21T18:34:18.000,30.31,5.12,0.0,0.0,20.5,172974,37.16,35.0,0.291
2019-11-21T18:35:18.000,30.58,6.76,0.0,0.0,20.5,172975,37.19,35.0,0.29
2019-11-21T18:41:19.000,33.82,3.79,0.0,0.0,20.5,172981,37.39,34.0,0.29
2019-11-21T18:43:19.000,33.21,0.7,0.0,0.0,20.5,172983,37.45,33.0,0.29
2019-11-21T18:44:19.000,33.0,2.73,0.0,0.0,20.5,172984,37.48,33.0,0.29
2019-11-21T18:45:20.000,33.27,3.08,0.0,0.0,20.5,172985,37.5,33.0,0.29
2019-11-21T18:47:20.000,33.39,3.07,0.0,0.0,20.5,172987,37.55,32.0,0.29
2019-11-21T18:48:20.000,33.29,3.24,0.0,0.0,20.5,172988,37.58,32.0,0.289
2019-11-21T18:49:22.000,33.43,2.7,0.0,0.0,20.5,172989,37.6,32.0,0.289
2019-11-21T19:21:31.000,25.36,5.23,0.0,0.0,20.5,173021,37.72,25.0,0.287
2019-11-21T19:22:31.000,25.06,6.69,0.0,0.0,20.5,173022,37.7,25.0,0.287
2019-11-21T19:23:32.000,24.67,7.72,0.0,0.0,20.5,173023,37.69,25.0,0.287
2019-11-21T19:25:32.000,23.76,9.26,0.0,0.0,20.5,173025,37.65,25.0,0.287
2019-11-21T19:26:32.000,23.3,9.1,0.0,0.0,20.5,173026,37.63,24.0,0.287
2019-11-21T19:27:34.000,22.99,9.08,0.0,0.0,20.5,173027,37.61,24.0,0.287
2019-11-21T19:28:34.000,22.75,9.29,0.0,0.0,20.5,173028,37.59,24.0,0.287
2019-11-21T19:29:35.000,22.69,9.49,0.0,0.0,20.5,173029,37.57,24.0,0.286
2019-11-21T19:31:35.000,22.45,9.13,0.0,0.0,20.5,173031,37.52,23.0,0.286
2019-11-21T19:33:35.000,21.94,9.11,0.0,0.0,20.5,173033,37.47,23.0,0.286
2019-11-21T19:34:36.000,21.7,8.81,0.0,0.0,20.5,173034,37.44,23.0,0.286
2019-11-21T19:35:36.000,21.49,8.36,0.0,0.0,20.5,173035,37.41,23.0,0.286
2019-11-21T19:50:42.000,26.63,8.13,0.0,0.0,20.5,173050,36.85,19.0,0.285
2019-11-21T19:51:43.000,26.02,7.76,0.0,0.0,20.5,173051,36.8,19.0,0.285
2019-11-21T19:52:43.000,24.83,6.74,0.0,0.0,20.5,173052,36.76,19.0,0.285
2019-11-21T19:54:44.000,23.23,6.78,0.0,0.0,20.5,173054,36.66,19.0,0.285
2019-11-21T19:57:44.000,20.08,5.58,0.0,0.0,20.5,173057,36.51,18.0,0.284
2019-11-21T19:58:44.000,19.11,8.3,0.0,0.0,20.5,173058,36.45,18.0,0.284
2019-11-21T19:59:45.000,18.48,10.92,0.0,0.0,20.5,173059,36.4,18.0,0.284
2019-11-21T20:00:45.000,17.94,12.21,0.0,0.0,20.5,173060,36.34,17.0,0.284
2019-11-21T20:01:45.000,17.57,12.94,0.0,0.0,20.5,173061,36.29,17.0,0.284
2019-11-21T20:06:46.000,19.47,16.99,0.0,0.0,20.5,173066,35.99,16.0,0.284
2019-11-21T20:07:46.000,20.17,16.26,0.0,0.0,20.5,173067,35.93,16.0,0.284
2019-11-21T20:09:47.000,21.5,17.8,0.0,0.0,20.5,173069,35.8,15.0,0.284
2019-11-21T20:10:47.000,21.84,16.76,0.0,0.0,20.5,173070,35.74,15.0,0.283
2019-11-21T20:11:48.000,21.96,14.58,0.0,0.0,20.5,173071,35.67,15.0,0.283
2019-11-21T20:13:48.000,22.15,16.17,0.0,0.0,20.5,173073,35.53,15.0,0.283
2019-11-21T20:14:48.000,22.84,15.62,0.0,0.0,20.5,173074,35.47,14.0,0.283
2019-11-21T20:15:48.000,23.41,14.24,0.0,0.0,20.5,173075,35.4,14.0,0.283
2019-11-21T20:17:49.000,22.28,8.86,0.0,0.0,20.5,173077,35.25,14.0,0.283
2019-11-21T20:18:49.000,21.76,8.99,0.0,0.0,20.5,173078,35.18,14.0,0.283
2019-11-21T20:24:50.000,19.76,7.68,0.0,0.0,20.5,173084,34.72,12.0,0.282
2019-11-21T20:25:50.000,19.43,7.01,0.0,0.0,20.5,173085,34.64,12.0,0.282
2019-11-21T20:26:50.000,19.01,7.75,0.0,0.0,20.5,173086,34.56,12.0,0.282
2019-11-21T20:37:54.000,21.31,-2.32,0.0,0.0,20.5,173097,33.62,10.0,0.282
2019-11-21T20:38:55.000,21.61,-1.76,0.0,0.0,20.5,173098,33.52,9.0,0.281
2019-11-21T20:39:55.000,22.13,-2.17,0.0,0.0,20.5,173099,33.43,9.0,0.281
2019-11-21T20:41:56.000,23.37,-2.69,0.0,0.0,20.5,173101,33.24,9.0,0.281
2019-11-21T20:42:56.000,23.83,-3.53,0.0,0.0,20.5,173102,33.15,9.0,0.281
2019-11-21T20:43:56.000,23.97,-4.37,0.0,0.0,20.5,173103,33.05,8.0,0.281
2019-11-21T20:51:57.000,24.33,-4.82,0.0,0.0,20.5,173111,32.26,7.0,0.28
2019-11-21T20:52:58.000,24.06,-3.45,0.0,0.0,20.5,173112,32.16,7.0,0.28
2019-11-21T20:53:58.000,24.17,-3.0,0.0,0.0,20.5,173113,32.05,6.0,0.28
2019-11-21T20:59:59.000,21.74,2.14,0.0,0.0,20.5,173119,31.41,5.0,0.28
2019-11-21T21:01:00.000,21.51,2.51,0.0,0.0,20.5,173120,31.3,5.0,0.28
2019-11-21T21:02:00.000,21.22,2.98,0.0,0.0,20.5,173121,31.19,5.0,0.28
2019-11-21T21:04:00.000,20.89,5.55,0.0,0.0,20.5,173123,30.97,4.0,0.28
2019-11-21T21:07:00.000,20.86,5.97,0.0,0.0,20.5,173126,30.63,4.0,0.279
2019-11-21T21:09:01.000,20.81,6.44,0.0,0.0,20.5,173128,30.4,3.0,0.279
2019-11-21T21:13:03.000,21.22,3.06,0.0,0.0,20.5,173132,29.93,2.0,0.279
2019-11-21T21:14:03.000,21.27,2.22,0.0,0.0,20.5,173133,29.81,2.0,0.279
2019-11-21T21:15:03.000,21.36,2.07,0.0,0.0,20.5,173134,29.69,2.0,0.279
2019-11-21T21:27:06.000,22.42,5.0,0.0,0.0,20.5,173146,28.2,-1.0,0.278
2019-11-21T21:28:07.000,22.37,3.98,0.0,0.0,20.5,173147,28.07,-1.0,0.278
2019-11-21T21:29:07.000,22.32,3.18,0.0,0.0,20.5,173148,27.94,-1.0,0.278
2019-11-21T21:36:08.000,21.12,5.85,0.0,0.0,20.5,173155,27.02,-2.0,0.277
2019-11-21T21:37:08.000,21.02,5.51,0.0,0.0,20.5,173156,26.88,-3.0,0.277
2019-11-21T21:38:09.000,20.94,5.21,0.0,0.0,20.5,173157,26.75,-3.0,0.277
2019-11-21T21:46:11.000,21.57,8.04,0.0,0.0,20.5,173165,25.64,-4.0,0.277
2019-11-21T21:47:11.000,21.76,6.35,0.0,0.0,20.5,173166,25.5,-5.0,0.276
2019-11-21T21:48:11.000,21.92,4.11,0.0,0.0,20.5,173167,25.36,-5.0,0.276
2019-11-21T21:50:12.000,21.33,-2.11,0.0,0.0,20.5,173169,25.08,-5.0,0.276
2019-11-21T21:51:12.000,20.91,-2.43,0.0,0.0,20.5,173170,24.93,-5.0,0.276
2019-11-21T21:52:13.000,20.48,-1.72,0.0,0.0,20.5,173171,24.79,-6.0,0.276
2019-11-21T22:08:17.000,18.18,5.51,0.0,0.0,20.5,173187,22.42,-9.0,0.275
2019-11-21T22:09:17.000,18.1,5.6,0.0,0.0,20.5,173188,22.27,-9.0,0.275
2019-11-21T22:10:18.000,18.01,5.89,0.0,0.0,20.5,173189,22.11,-9.0,0.275
2019-11-21T22:19:19.000,17.59,6.14,0.0,0.0,20.5,173198,20.72,-11.0,0.274
2019-11-21T22:20:20.000,17.54,6.1,0.0,0.0,20.5,173199,20.56,-11.0,0.274
2019-11-21T22:25:20.000,17.12,5.86,0.0,0.0,20.5,173204,19.76,-12.0,0.274
2019-11-21T22:27:21.000,16.68,5.63,0.0,0.0,20.5,173206,19.44,-13.0,0.274
2019-11-21T22:28:21.000,16.0,5.03,0.0,0.0,20.5,173207,19.28,-13.0,0.274
2019-11-21T22:30:22.000,15.31,6.05,0.0,0.0,20.5,173209,18.95,-13.0,0.273
2019-11-21T22:31:22.000,14.98,5.79,0.0,0.0,20.5,173210,18.79,-13.0,0.273
2019-11-21T22:32:22.000,14.59,7.72,0.0,0.0,20.5,173211,18.63,-14.0,0.273
2019-11-21T22:46:24.000,13.35,11.75,0.0,0.0,20.5,173225,16.3,-16.0,0.272
2019-11-21T22:47:25.000,13.35,11.75,0.0,0.0,20.5,173226,16.13,-17.0,0.272
2019-11-21T22:48:25.000,13.23,11.37,0.0,0.0,20.5,173227,15.96,-17.0,0.272
2019-11-21T23:04:28.000,13.02,10.96,0.0,0.0,20.5,173243,13.2,-20.0,0.271
2019-11-21T23:05:29.000,12.99,11.17,0.0,0.0,20.5,173244,13.03,-20.0,0.271
2019-11-21T23:06:29.000,12.78,10.35,0.0,0.0,20.5,173245,12.85,-20.0,0.271
2019-11-21T23:08:29.000,12.64,10.07,0.0,0.0,20.5,173247,12.5,-21.0,0.271
2019-11-21T23:10:30.000,12.83,11.07,0.0,0.0,20.5,173249,12.14,-21.0,0.27
2019-11-21T23:12:31.000,12.89,10.95,0.0,0.0,20.5,173251,11.79,-21.0,0.27
2019-11-21T23:13:31.000,12.77,10.73,0.0,0.0,20.5,173252,11.61,-22.0,0.27
2019-11-21T23:14:31.000,12.67,10.18,0.0,0.0,20.5,173253,11.43,-22.0,0.27
2019-11-21T23:18:32.000,12.32,10.18,0.0,0.0,20.5,173257,10.71,-23.0,0.27
2019-11-21T23:19:32.000,12.32,10.41,0.0,0.0,20.5,173258,10.53,-23.0,0.27
2019-11-21T23:20:32.000,12.43,10.87,0.0,0.0,20.5,173259,10.35,-23.0,0.27
2019-11-21T23:22:33.000,12.39,10.06,0.0,0.0,20.5,173261,9.99,-23.0,0.27
2019-11-21T23:23:33.000,12.3,10.11,0.0,0.0,20.5,173262,9.81,-24.0,0.27
2019-11-21T23:24:33.000,12.11,9.47,0.0,0.0,20.5,173263,9.63,-24.0,0.269
2019-11-21T23:41:39.000,13.06,11.34,0.0,0.0,20.5,173280,6.49,-27.0,0.268
2019-11-21T23:42:39.000,12.99,11.09,0.0,0.0,20.5,173281,6.3,-27.0,0.268
2019-11-21T23:43:40.000,13.02,11.3,0.0,0.0,20.5,173282,6.12,-27.0,0.268
2019-11-21T23:45:40.000,12.72,10.76,0.0,0.0,20.5,173284,5.74,-28.0,0.268
2019-11-21T23:47:41.000,12.72,10.7,0.0,0.0,20.5,173286,5.37,-28.0,0.268
2019-11-21T23:48:41.000,12.79,11.03,0.0,0.0,20.5,173287,5.18,-28.0,0.268
2019-11-21T23:49:41.000,12.81,10.9,0.0,0.0,20.5,173288,4.99,-28.0,0.268
2019-11-21T23:50:42.000,12.9,11.42,0.0,0.0,20.5,173289,4.8,-29.0,0.268
2019-11-21T23:51:42.000,12.94,11.23,0.0,0.0,20.5,173290,4.61,-29.0,0.268
2019-11-21T23:52:42.000,12.97,11.17,0.0,0.0,20.5,173291,4.42,-29.0,0.267
2019-11-21T23:54:42.000,12.85,10.99,0.0,0.0,20.5,173293,4.05,-29.0,0.267
2019-11-21T23:55:43.000,12.79,10.79,0.0,0.0,20.5,173294,3.85,-30.0,0.267
2019-11-21T23:56:43.000,12.79,11.06,0.0,0.0,20.5,173295,3.66,-30.0,0.267
2019-11-21T23:58:44.000,12.79,10.83,0.0,0.0,20.5,173297,3.28,-30.0,0.267
2019-11-21T23:59:44.000,12.59,10.26,0.0,0.0,20.5,173298,3.09,-30.0,0.267
2019-11-22T00:00:44.000,12.44,10.17,0.0,0.0,20.5,173299,2.9,-30.0,0.267
2019-11-22T00:07:46.000,11.93,9.79,0.0,0.0,20.5,173306,1.56,-32.0,0.266
2019-11-22T00:09:47.000,11.9,10.28,0.0,0.0,20.5,173308,1.17,-32.0,0.266
2019-11-22T00:10:47.000,11.94,10.22,0.0,0.0,20.5,173309,0.98,-32.0,0.266
2019-11-22T00:11:48.000,12.01,10.64,0.0,0.0,20.5,173310,0.78,-32.0,0.266
2019-11-22T00:15:49.000,12.2,10.78,0.0,0.0,20.5,173314,0.01,-33.0,0.266
2019-11-22T00:16:49.000,12.18,10.45,0.0,0.0,20.5,173315,-0.19,-33.0,0.266
2019-11-22T00:17:49.000,12.13,10.44,0.0,0.0,20.5,173316,-0.38,-33.0,0.266
2019-11-22T00:27:51.000,11.89,10.38,37632.8,8.94,20.5,173326,-2.33,-35.0,0.265
2019-11-22T00:28:51.000,11.92,10.4,32701.64,9.09,20.5,173327,-2.53,-35.0,0.265
2019-11-22T00:29:51.000,11.92,10.43,27407.51,9.29,20.5,173328,-2.73,-35.0,0.265
2019-11-22T00:30:52.000,11.92,10.34,22771.58,9.49,20.5,173329,-2.93,-36.0,0.265
2019-11-22T00:31:53.000,11.85,10.19,18970.53,9.69,20.5,173330,-3.13,-36.0,0.265
2019-11-22T00:33:53.000,11.81,10.11,12674.36,10.12,20.5,173332,-3.52,-36.0,0.265
2019-11-22T00:34:53.000,11.77,10.22,10173.24,10.36,20.5,173333,-3.72,-36.0,0.264
2019-11-22T00:35:54.000,11.75,10.1,7997.09,10.63,20.5,173334,-3.92,-37.0,0.264
2019-11-22T00:36:54.000,11.72,10.16,6166.36,10.91,20.5,173335,-4.11,-37.0,0.264
2019-11-22T00:37:54.000,11.73,10.21,4693.24,11.2,20.5,173336,-4.31,-37.0,0.264
2019-11-22T00:39:54.000,11.69,10.21,2723.08,11.8,20.5,173338,-4.71,-37.0,0.264
2019-11-22T00:45:55.000,11.64,10.22,587.36,13.46,20.5,173344,-5.9,-38.0,0.264
2019-11-22T00:48:55.000,11.5,9.79,269.12,14.31,20.5,173347,-6.5,-39.0,0.263
2019-11-22T00:50:56.000,11.51,10.13,164.25,14.84,20.5,173349,-6.9,-39.0,0.263
2019-11-22T00:51:57.000,11.48,9.93,129.15,15.11,20.5,173350,-7.1,-39.0,0.263
2019-11-22T00:52:57.000,11.46,10.01,101.42,15.37,20.5,173351,-7.3,-39.0,0.263
2019-11-22T00:53:57.000,11.44,9.99,80.68,15.62,20.5,173352,-7.5,-39.0,0.263
2019-11-22T00:54:57.000,11.45,10.05,65.84,15.83,20.5,173353,-7.7,-40.0,0.263
2019-11-22T00:55:58.000,11.44,10.02,62.5,15.89,20.5,173354,-7.9,-40.0,0.263
2019-11-22T00:56:59.000,11.43,9.88,44.3,16.27,20.5,173355,-8.11,-40.0,0.263
2019-11-22T00:57:59.000,11.38,9.86,34.85,16.53,20.5,173356,-8.31,-40.0,0.263
