Downloads/jupyter/ECSV/stars19/stars19_2023-11.ecsv
# %ECSV 1.0
# ---
# datatype:
# - {name: time, datatype: string}
# - {name: Enclosure Temperature, unit: deg_C, datatype: float64}
# - {name: Sky Temperature, unit: deg_C, datatype: float64}
# - {name: Frequency, unit: Hz, datatype: float64}
# - {name: MSAS, unit: mag / arcsec2, datatype: float64}
# - {name: ZP, datatype: float64}
# - {name: Sequence Number, datatype: int64}
# - {name: Sun Alt, unit: deg, datatype: float64}
# - {name: Moon Alt, unit: deg, datatype: float64}
# - {name: Moon Illumination, datatype: float64}
# delimiter: ','
# meta: !!omap
# - ida:
#     Data supplier: {affiliation: null, observer: null}
#     Device type: TESS-W
#     Field of view: 17.0
#     Filters per channel: None
#     Instrument ID: stars19
#     License: ODbL 1.0 http://opendatacommons.org/licenses/odbl/summary/
#     Local timezone: America/Phoenix
#     Location name: {country: '- Tucson', place: Tucson, region: United States, sub_region: Arizona, town: Pima County}
#     Measurement direction per channel: {azimuth: 0.0, zenital: 0.0}
#     Moving / Fixed look direction: FIXED
#     Moving / Stationary position: STATIONARY
#     Number of channels: 1
#     Number of fields per line: 8
#     Number of header lines: 35
#     Position: {height: 0.0, latitude: 32.223877, longitude: -110.767532}
#     TESS MAC address: 18:FE:34:CF:EC:06
#     TESS cover offset value: 0.0
#     TESS firmware version: '1.0'
#     TESS zero point: 20.38
#     Time Synchronization: timestamp added by MQTT subscriber
#     URL: http://www.darksky.org/NSBM/sdf1.0.pdf
# - __serialized_columns__:
#     Enclosure Temperature:
#       __class__: astropy.units.quantity.Quantity
#       unit: &id001 !astropy.units.Unit {unit: deg_C}
#       value: !astropy.table.SerializedColumn {name: Enclosure Temperature}
#     Frequency:
#       __class__: astropy.units.quantity.Quantity
#       unit: !astropy.units.Unit {unit: Hz}
#       value: !astropy.table.SerializedColumn {name: Frequency}
#     MSAS:
#       __class__: astropy.units.quantity.Quantity
#       unit: !astropy.units.Unit {unit: mag / arcsec2}
#       value: !astropy.table.SerializedColumn {name: MSAS}
#     Moon Alt:
#       __class__: astropy.units.quantity.Quantity
#       unit: &id002 !astropy.units.Unit {unit: deg}
#       value: !astropy.table.SerializedColumn {name: Moon Alt}
#     Sky Temperature:
#       __class__: astropy.units.quantity.Quantity
#       unit: *id001
#       value: !astropy.table.SerializedColumn {name: Sky Temperature}
#     Sun Alt:
#       __class__: astropy.units.quantity.Quantity
#       unit: *id002
#       value: !astropy.table.SerializedColumn {name: Sun Alt}
#     time:
#       __class__: astropy.time.core.Time
#       format: isot
#       in_subfmt: '*'
#       out_subfmt: '*'
#       precision: 3
#       scale: utc
#       value: !astropy.table.SerializedColumn {name: time}
# schema: astropy-2.0
time,Enclosure Temperature,Sky Temperature,Frequency,MSAS,ZP,Sequence Number,Sun Alt,Moon Alt,Moon Illumination
[from data line 3797]
2023-11-05T05:35:42.000,21.63,-4.81,1.27,20.12,20.38,50920,-63.5,-10.0,0.513
2023-11-05T05:36:42.000,21.44,-4.37,1.26,20.13,20.38,50921,-63.67,-10.0,0.513
2023-11-05T05:37:42.000,21.46,-3.84,1.26,20.13,20.38,50922,-63.85,-10.0,0.513
2023-11-05T05:38:43.000,21.5,-3.97,1.26,20.13,20.38,50923,-64.03,-10.0,0.513
2023-11-05T05:39:44.000,21.5,-3.99,1.26,20.13,20.38,50924,-64.2,-10.0,0.513
2023-11-05T05:40:44.000,21.38,-4.38,1.26,20.13,20.38,50925,-64.38,-9.0,0.513
2023-11-05T05:41:44.000,21.31,-3.92,1.25,20.14,20.38,50926,-64.55,-9.0,0.513
2023-11-05T05:42:45.000,21.32,-3.71,1.25,20.14,20.38,50927,-64.72,-9.0,0.513
2023-11-05T05:43:45.000,21.31,-3.82,1.25,20.14,20.38,50928,-64.89,-9.0,0.513
2023-11-05T05:44:45.000,21.23,-4.03,1.25,20.14,20.38,50929,-65.06,-9.0,0.513
2023-11-05T05:45:45.000,21.02,-4.52,1.25,20.14,20.38,50930,-65.23,-9.0,0.513
2023-11-05T05:46:46.000,20.87,-4.22,1.25,20.14,20.38,50931,-65.4,-8.0,0.513
2023-11-05T05:51:47.000,20.91,-4.18,1.22,20.16,20.38,50936,-66.23,-7.0,0.512
2023-11-05T05:52:48.000,20.92,-3.88,1.22,20.16,20.38,50937,-66.39,-7.0,0.512
2023-11-05T05:53:48.000,20.93,-3.67,1.22,20.16,20.38,50938,-66.55,-7.0,0.512
2023-11-05T05:54:48.000,20.95,-3.98,1.22,20.16,20.38,50939,-66.71,-7.0,0.512
2023-11-05T05:55:48.000,20.92,-4.0,1.22,20.16,20.38,50940,-66.87,-7.0,0.512
2023-11-05T05:56:50.000,20.81,-4.35,1.23,20.16,20.38,50941,-67.03,-7.0,0.512
2023-11-05T05:57:51.000,20.78,-3.98,1.22,20.16,20.38,50942,-67.19,-6.0,0.512
2023-11-05T05:58:51.000,20.82,-3.68,1.22,20.16,20.38,50943,-67.35,-6.0,0.512
2023-11-05T05:59:52.000,20.92,-3.51,1.22,20.16,20.38,50944,-67.5,-6.0,0.512
2023-11-05T06:00:52.000,20.97,-3.67,1.22,20.17,20.38,50945,-67.66,-6.0,0.512
2023-11-05T06:01:53.000,20.95,-3.97,1.21,20.17,20.38,50946,-67.81,-6.0,0.512
2023-11-05T06:02:53.000,20.8,-4.18,1.22,20.17,20.38,50947,-67.96,-6.0,0.512
2023-11-05T06:03:54.000,20.83,-3.72,1.22,20.17,20.38,50948,-68.11,-5.0,0.511
2023-11-05T06:04:54.000,20.86,-3.88,1.22,20.17,20.38,50949,-68.26,-5.0,0.511
2023-11-05T06:05:54.000,20.86,-3.85,1.22,20.17,20.38,50950,-68.4,-5.0,0.511
2023-11-05T06:06:54.000,20.82,-4.18,1.22,20.17,20.38,50951,-68.55,-5.0,0.511
2023-11-05T06:07:54.000,20.76,-3.93,1.22,20.17,20.38,50952,-68.69,-5.0,0.511
2023-11-05T06:08:55.000,20.81,-3.83,1.22,20.17,20.38,50953,-68.83,-5.0,0.511
2023-11-05T06:09:55.000,20.8,-3.94,1.22,20.16,20.38,50954,-68.97,-4.0,0.511
2023-11-05T06:10:55.000,20.81,-4.0,1.22,20.16,20.38,50955,-69.11,-4.0,0.511
2023-11-05T06:11:55.000,20.77,-3.93,1.22,20.17,20.38,50956,-69.25,-4.0,0.511
2023-11-05T06:12:56.000,20.73,-4.3,1.22,20.17,20.38,50957,-69.39,-4.0,0.511
2023-11-05T06:13:56.000,20.58,-4.45,1.22,20.17,20.38,50958,-69.52,-4.0,0.511
2023-11-05T06:14:56.000,20.48,-4.31,1.22,20.17,20.38,50959,-69.65,-3.0,0.511
2023-11-05T06:15:56.000,20.42,-4.19,1.22,20.17,20.38,50960,-69.78,-3.0,0.511
2023-11-05T06:16:56.000,20.41,-4.07,1.22,20.17,20.38,50961,-69.91,-3.0,0.511
2023-11-05T06:17:57.000,20.42,-3.97,1.22,20.17,20.38,50962,-70.04,-3.0,0.511
2023-11-05T06:18:57.000,20.43,-3.91,1.21,20.17,20.38,50963,-70.17,-3.0,0.51
2023-11-05T06:19:58.000,20.47,-3.8,1.21,20.17,20.38,50964,-70.29,-3.0,0.51
2023-11-05T06:23:59.000,20.65,-3.79,1.22,20.16,20.38,50968,-70.77,-2.0,0.51
2023-11-05T06:25:00.000,20.73,-3.68,1.22,20.17,20.38,50969,-70.88,-2.0,0.51
2023-11-05T06:26:00.000,20.8,-3.74,1.22,20.17,20.38,50970,-70.99,-1.0,0.51
2023-11-05T06:27:00.000,20.82,-3.92,1.22,20.17,20.38,50971,-71.1,-1.0,0.51
2023-11-05T06:28:00.000,20.79,-4.11,1.22,20.17,20.38,50972,-71.21,-1.0,0.51
2023-11-05T06:29:01.000,20.75,-4.21,1.22,20.16,20.38,50973,-71.32,-1.0,0.51
2023-11-05T06:30:02.000,20.72,-4.21,1.26,20.13,20.38,50974,-71.42,-1.0,0.51
2023-11-05T06:31:02.000,20.66,-4.27,1.22,20.16,20.38,50975,-71.52,-1.0,0.51
2023-11-05T06:32:02.000,20.63,-4.24,1.23,20.16,20.38,50976,-71.62,-0.0,0.51
2023-11-05T06:33:02.000,20.6,-4.24,1.23,20.16,20.38,50977,-71.72,-0.0,0.51
2023-11-05T06:34:02.000,20.59,-4.19,1.23,20.16,20.38,50978,-71.81,0.0,0.509
2023-11-05T06:35:03.000,20.54,-4.42,1.23,20.16,20.38,50979,-71.9,0.0,0.509
2023-11-05T06:36:03.000,20.43,-4.46,1.23,20.15,20.38,50980,-71.99,0.0,0.509
2023-11-05T06:37:03.000,20.39,-4.32,1.23,20.15,20.38,50981,-72.08,1.0,0.509
2023-11-05T06:38:04.000,20.33,-4.5,1.23,20.15,20.38,50982,-72.17,1.0,0.509
2023-11-05T06:39:04.000,20.32,-4.26,1.24,20.15,20.38,50983,-72.25,1.0,0.509
2023-11-05T06:40:05.000,20.3,-4.48,1.24,20.15,20.38,50984,-72.33,1.0,0.509
2023-11-05T06:41:05.000,20.23,-4.64,1.24,20.15,20.38,50985,-72.4,1.0,0.509
2023-11-05T06:45:08.000,20.23,-4.3,1.25,20.14,20.38,50989,-72.69,2.0,0.509
2023-11-05T06:47:08.000,20.23,-4.23,1.25,20.14,20.38,50991,-72.81,2.0,0.509
2023-11-05T06:48:12.000,20.2,-4.32,1.25,20.13,20.38,50992,-72.87,3.0,0.509
2023-11-05T06:49:12.000,20.15,-4.29,1.26,20.13,20.38,50993,-72.93,3.0,0.508
2023-11-05T06:50:12.000,20.1,-4.28,1.26,20.13,20.38,50994,-72.98,3.0,0.508
2023-11-05T06:51:13.000,20.06,-4.28,1.26,20.13,20.38,50995,-73.03,3.0,0.508
2023-11-05T06:52:13.000,20.06,-4.29,1.26,20.13,20.38,50996,-73.07,3.0,0.508
2023-11-05T06:53:13.000,20.04,-4.46,1.31,20.09,20.38,50997,-73.11,4.0,0.508
2023-11-05T06:54:13.000,19.92,-4.67,1.3,20.09,20.38,50998,-73.15,4.0,0.508
2023-11-05T06:55:13.000,19.92,-4.22,1.27,20.12,20.38,50999,-73.19,4.0,0.508
2023-11-05T06:56:14.000,20.0,-4.1,1.27,20.12,20.38,51000,-73.23,4.0,0.508
2023-11-05T06:57:15.000,20.05,-4.1,1.28,20.11,20.38,51001,-73.26,4.0,0.508
2023-11-05T06:58:16.000,20.06,-4.22,1.28,20.11,20.38,51002,-73.28,5.0,0.508
2023-11-05T06:59:16.000,20.03,-4.31,1.28,20.11,20.38,51003,-73.31,5.0,0.508
2023-11-05T07:00:16.000,20.02,-4.19,1.28,20.11,20.38,51004,-73.33,5.0,0.508
2023-11-05T07:01:16.000,20.02,-4.12,1.27,20.12,20.38,51005,-73.35,5.0,0.508
2023-11-05T07:02:17.000,20.04,-4.13,1.27,20.12,20.38,51006,-73.36,5.0,0.508
2023-11-05T07:03:17.000,20.07,-4.06,1.28,20.11,20.38,51007,-73.38,5.0,0.508
2023-11-05T07:06:17.000,20.08,-4.22,1.29,20.1,20.38,51010,-73.39,6.0,0.507
2023-11-05T07:07:17.000,20.03,-4.28,1.3,20.1,20.38,51011,-73.39,6.0,0.507
2023-11-05T07:08:17.000,19.98,-4.27,1.3,20.09,20.38,51012,-73.39,6.0,0.507
2023-11-05T07:09:18.000,19.92,-4.24,1.31,20.09,20.38,51013,-73.38,7.0,0.507
2023-11-05T07:15:18.000,19.9,-4.01,1.32,20.08,20.38,51019,-73.28,8.0,0.507
2023-11-05T07:16:19.000,19.93,-4.02,1.32,20.08,20.38,51020,-73.25,8.0,0.507
2023-11-05T07:17:19.000,19.97,-4.04,1.33,20.07,20.38,51021,-73.22,8.0,0.507
2023-11-05T07:18:20.000,20.01,-4.03,1.33,20.07,20.38,51022,-73.19,8.0,0.507
2023-11-05T07:19:20.000,20.02,-4.06,1.33,20.07,20.38,51023,-73.15,9.0,0.506
2023-11-05T07:20:22.000,20.03,-4.05,1.33,20.07,20.38,51024,-73.11,9.0,0.506
2023-11-05T07:21:23.000,20.03,-4.09,1.34,20.06,20.38,51025,-73.06,9.0,0.506
2023-11-05T07:22:23.000,20.02,-4.04,1.34,20.06,20.38,51026,-73.02,9.0,0.506
2023-11-05T07:23:23.000,20.02,-4.03,1.35,20.06,20.38,51027,-72.97,9.0,0.506
2023-11-05T07:24:24.000,20.04,-3.94,1.35,20.06,20.38,51028,-72.91,9.0,0.506
2023-11-05T07:25:25.000,20.04,-3.98,1.35,20.06,20.38,51029,-72.86,10.0,0.506
2023-11-05T07:26:25.000,20.02,-3.98,1.35,20.05,20.38,51030,-72.8,10.0,0.506
2023-11-05T07:27:25.000,19.97,-4.15,1.35,20.05,20.38,51031,-72.74,10.0,0.506
2023-11-05T07:28:25.000,19.88,-4.13,1.35,20.05,20.38,51032,-72.68,10.0,0.506
2023-11-05T07:29:26.000,19.88,-3.87,1.35,20.05,20.38,51033,-72.61,10.0,0.506
2023-11-05T07:30:26.000,19.89,-3.79,1.36,20.05,20.38,51034,-72.54,11.0,0.506
2023-11-05T07:31:26.000,19.91,-3.76,1.36,20.05,20.38,51035,-72.47,11.0,0.506
2023-11-05T07:32:26.000,19.9,-3.93,1.36,20.05,20.38,51036,-72.4,11.0,0.506
2023-11-05T07:33:26.000,19.88,-3.88,1.36,20.04,20.38,51037,-72.32,11.0,0.506
2023-11-05T07:34:27.000,19.82,-3.98,1.36,20.04,20.38,51038,-72.24,11.0,0.505
2023-11-05T07:35:27.000,19.75,-3.97,1.36,20.04,20.38,51039,-72.16,12.0,0.505
2023-11-05T07:36:29.000,19.75,-3.94,1.37,20.04,20.38,51040,-72.07,12.0,0.505
2023-11-05T07:37:29.000,19.74,-3.92,1.37,20.04,20.38,51041,-71.98,12.0,0.505
2023-11-05T07:46:31.000,19.79,-3.82,1.39,20.03,20.38,51050,-71.09,14.0,0.505
2023-11-05T07:47:31.000,19.8,-3.73,1.39,20.02,20.38,51051,-70.98,14.0,0.505
2023-11-05T07:48:31.000,19.8,-3.8,1.39,20.02,20.38,51052,-70.87,14.0,0.505
2023-11-05T07:49:31.000,19.8,-3.76,1.39,20.02,20.38,51053,-70.76,14.0,0.504
2023-11-05T07:50:32.000,19.78,-3.75,1.39,20.02,20.38,51054,-70.64,15.0,0.504
2023-11-05T07:51:33.000,19.77,-3.77,1.39,20.02,20.38,51055,-70.52,15.0,0.504
2023-11-05T07:52:34.000,19.75,-3.77,1.39,20.02,20.38,51056,-70.4,15.0,0.504
2023-11-05T07:53:34.000,19.74,-3.72,1.39,20.02,20.38,51057,-70.28,15.0,0.504
2023-11-05T07:54:34.000,19.73,-3.8,1.4,20.02,20.38,51058,-70.15,15.0,0.504
2023-11-05T07:55:34.000,19.67,-3.88,1.4,20.02,20.38,51059,-70.03,16.0,0.504
2023-11-05T07:56:35.000,19.65,-3.75,1.4,20.02,20.38,51060,-69.9,16.0,0.504
2023-11-05T07:58:37.000,19.57,-3.75,1.4,20.02,20.38,51062,-69.63,16.0,0.504
2023-11-05T07:59:37.000,19.51,-3.99,1.4,20.02,20.38,51063,-69.5,16.0,0.504
2023-11-05T08:00:37.000,19.39,-4.15,1.4,20.01,20.38,51064,-69.37,17.0,0.504
2023-11-05T08:01:38.000,19.31,-4.0,1.4,20.01,20.38,51065,-69.23,17.0,0.504
2023-11-05T08:02:38.000,19.3,-3.85,1.4,20.01,20.38,51066,-69.09,17.0,0.504
2023-11-05T08:03:38.000,19.3,-3.74,1.41,20.01,20.38,51067,-68.95,17.0,0.504
2023-11-05T08:04:38.000,19.31,-3.65,1.4,20.01,20.38,51068,-68.81,17.0,0.503
2023-11-05T08:05:38.000,19.35,-3.57,1.41,20.01,20.38,51069,-68.67,18.0,0.503
2023-11-05T08:06:39.000,19.39,-3.62,1.4,20.01,20.38,51070,-68.53,18.0,0.503
2023-11-05T08:07:39.000,19.35,-3.88,1.41,20.01,20.38,51071,-68.38,18.0,0.503
2023-11-05T08:08:39.000,19.3,-4.14,1.41,20.01,20.38,51072,-68.24,18.0,0.503
2023-11-05T08:09:39.000,19.29,-4.12,1.39,20.02,20.38,51073,-68.09,18.0,0.503
2023-11-05T08:10:40.000,19.26,-4.2,1.38,20.03,20.38,51074,-67.94,19.0,0.503
2023-11-05T08:11:40.000,19.23,-4.29,1.39,20.02,20.38,51075,-67.79,19.0,0.503
2023-11-05T08:12:40.000,19.18,-4.44,1.39,20.02,20.38,51076,-67.64,19.0,0.503
2023-11-05T08:16:40.000,18.99,-4.64,1.39,20.02,20.38,51080,-67.02,20.0,0.503
2023-11-05T08:19:41.000,18.88,-4.78,1.4,20.02,20.38,51083,-66.54,20.0,0.502
2023-11-05T08:20:42.000,18.76,-4.94,1.4,20.02,20.38,51084,-66.38,21.0,0.502
2023-11-05T08:21:42.000,18.62,-4.95,1.4,20.01,20.38,51085,-66.22,21.0,0.502
2023-11-05T08:22:42.000,18.56,-4.78,1.4,20.01,20.38,51086,-66.05,21.0,0.502
2023-11-05T08:23:44.000,18.49,-4.91,1.4,20.01,20.38,51087,-65.88,21.0,0.502
2023-11-05T08:24:44.000,18.48,-4.66,1.41,20.01,20.38,51088,-65.72,21.0,0.502
2023-11-05T08:25:46.000,18.5,-4.65,1.41,20.01,20.38,51089,-65.55,22.0,0.502
2023-11-05T08:26:46.000,18.43,-4.87,1.41,20.01,20.38,51090,-65.38,22.0,0.502
2023-11-05T08:27:46.000,18.39,-4.65,1.41,20.01,20.38,51091,-65.21,22.0,0.502
2023-11-05T08:28:46.000,18.39,-4.59,1.41,20.01,20.38,51092,-65.04,22.0,0.502
2023-11-05T08:29:46.000,18.41,-4.67,1.41,20.0,20.38,51093,-64.87,22.0,0.502
2023-11-05T08:30:47.000,18.42,-4.59,1.41,20.0,20.38,51094,-64.7,23.0,0.502
2023-11-05T08:31:47.000,18.36,-4.83,1.42,20.0,20.38,51095,-64.53,23.0,0.502
2023-11-05T08:32:47.000,18.28,-4.73,1.42,20.0,20.38,51096,-64.36,23.0,0.502
2023-11-05T08:33:47.000,18.2,-4.8,1.42,20.0,20.38,51097,-64.18,23.0,0.502
2023-11-05T08:34:47.000,18.15,-4.6,1.42,20.0,20.38,51098,-64.01,23.0,0.501
2023-11-05T08:35:49.000,18.16,-4.52,1.42,20.0,20.38,51099,-63.83,24.0,0.501
2023-11-05T08:36:50.000,18.15,-4.49,1.42,20.0,20.38,51100,-63.65,24.0,0.501
2023-11-05T08:37:50.000,18.15,-4.54,1.43,19.99,20.38,51101,-63.48,24.0,0.501
2023-11-05T08:38:50.000,18.14,-4.54,1.43,19.99,20.38,51102,-63.3,24.0,0.501
2023-11-05T08:39:51.000,18.11,-4.62,1.43,19.99,20.38,51103,-63.12,24.0,0.501
2023-11-05T08:40:52.000,18.06,-4.68,1.43,19.99,20.38,51104,-62.94,25.0,0.501
2023-11-05T08:42:52.000,17.95,-4.67,1.43,19.99,20.38,51106,-62.58,25.0,0.501
2023-11-05T08:43:53.000,17.88,-4.55,1.43,19.99,20.38,51107,-62.39,25.0,0.501
2023-11-05T08:45:00.000,17.87,-4.28,1.43,19.99,20.38,51108,-62.19,25.0,0.501
2023-11-05T08:46:00.000,17.94,-3.93,1.43,19.99,20.38,51109,-62.01,26.0,0.501
2023-11-05T08:47:00.000,17.99,-3.92,1.43,19.99,20.38,51110,-61.83,26.0,0.501
2023-11-05T08:48:00.000,18.0,-4.02,1.43,19.99,20.38,51111,-61.64,26.0,0.501
2023-11-05T08:49:00.000,18.01,-3.9,1.44,19.99,20.38,51112,-61.46,26.0,0.501
2023-11-05T08:50:01.000,18.08,-3.84,1.44,19.99,20.38,51113,-61.27,26.0,0.5
2023-11-05T08:51:03.000,18.04,-4.14,1.44,19.99,20.38,51114,-61.08,27.0,0.5
2023-11-05T08:52:03.000,18.07,-3.83,1.44,19.99,20.38,51115,-60.9,27.0,0.5
2023-11-05T08:53:04.000,18.09,-3.83,1.44,19.99,20.38,51116,-60.71,27.0,0.5
2023-11-05T08:54:04.000,18.12,-3.82,1.44,19.98,20.38,51117,-60.52,27.0,0.5
2023-11-05T08:55:04.000,18.14,-3.91,1.44,19.98,20.38,51118,-60.33,27.0,0.5
2023-11-05T08:57:06.000,18.1,-4.16,1.44,19.98,20.38,51120,-59.95,28.0,0.5
2023-11-05T08:58:08.000,18.08,-4.18,1.45,19.98,20.38,51121,-59.76,28.0,0.5
2023-11-05T08:59:08.000,17.99,-4.44,1.45,19.98,20.38,51122,-59.57,28.0,0.5
2023-11-05T09:00:08.000,17.89,-4.47,1.45,19.98,20.38,51123,-59.38,28.0,0.5
2023-11-05T09:01:09.000,17.85,-4.31,1.45,19.98,20.38,51124,-59.19,29.0,0.5
2023-11-05T09:02:09.000,17.82,-4.49,1.45,19.97,20.38,51125,-58.99,29.0,0.5
2023-11-05T09:03:09.000,17.88,-4.16,1.45,19.97,20.38,51126,-58.8,29.0,0.5
2023-11-05T09:04:09.000,17.94,-4.24,1.45,19.97,20.38,51127,-58.61,29.0,0.5
2023-11-05T09:05:09.000,17.94,-4.41,1.46,19.97,20.38,51128,-58.42,29.0,0.499
2023-11-05T09:06:10.000,17.91,-4.46,1.46,19.97,20.38,51129,-58.22,30.0,0.499
2023-11-05T09:07:10.000,17.9,-4.44,1.46,19.97,20.38,51130,-58.03,30.0,0.499
2023-11-05T09:08:10.000,17.9,-4.52,1.46,19.97,20.38,51131,-57.84,30.0,0.499
2023-11-05T09:17:11.000,17.8,-4.7,1.47,19.96,20.38,51140,-56.08,32.0,0.499
2023-11-05T09:18:11.000,17.79,-4.62,1.47,19.96,20.38,51141,-55.88,32.0,0.499
2023-11-05T09:19:12.000,17.78,-4.57,1.48,19.96,20.38,51142,-55.68,32.0,0.499
2023-11-05T09:20:13.000,17.84,-4.45,1.48,19.96,20.38,51143,-55.48,33.0,0.498
2023-11-05T09:21:13.000,17.9,-4.52,1.48,19.96,20.38,51144,-55.28,33.0,0.498
2023-11-05T09:22:13.000,17.92,-4.57,1.48,19.96,20.38,51145,-55.09,33.0,0.498
2023-11-05T09:23:14.000,17.93,-4.56,1.48,19.96,20.38,51146,-54.88,33.0,0.498
2023-11-05T09:24:14.000,17.91,-4.84,1.48,19.96,20.38,51147,-54.69,33.0,0.498
2023-11-05T09:25:15.000,17.83,-4.91,1.48,19.96,20.38,51148,-54.48,34.0,0.498
2023-11-05T09:26:16.000,17.77,-4.97,1.48,19.95,20.38,51149,-54.28,34.0,0.498
2023-11-05T09:27:16.000,17.71,-4.96,1.48,19.95,20.38,51150,-54.08,34.0,0.498
2023-11-05T09:28:16.000,17.65,-4.99,1.49,19.95,20.38,51151,-53.88,34.0,0.498
2023-11-05T09:29:17.000,17.61,-4.99,1.49,19.95,20.38,51152,-53.68,34.0,0.498
2023-11-05T09:35:17.000,17.65,-4.91,1.49,19.95,20.38,51158,-52.47,36.0,0.497
2023-11-05T09:36:19.000,17.63,-4.99,1.49,19.95,20.38,51159,-52.26,36.0,0.497
2023-11-05T09:37:19.000,17.61,-5.08,1.49,19.95,20.38,51160,-52.06,36.0,0.497
2023-11-05T09:38:20.000,17.58,-5.11,1.49,19.95,20.38,51161,-51.85,36.0,0.497
2023-11-05T09:39:20.000,17.55,-5.18,1.49,19.94,20.38,51162,-51.65,36.0,0.497
2023-11-05T09:51:22.000,17.28,-4.62,1.82,19.73,20.38,51174,-49.2,39.0,0.496
2023-11-05T09:52:22.000,17.35,-4.67,1.82,19.73,20.38,51175,-48.99,39.0,0.496
2023-11-05T09:53:22.000,17.39,-4.76,1.82,19.73,20.38,51176,-48.79,39.0,0.496
2023-11-05T09:54:23.000,17.4,-4.73,1.82,19.73,20.38,51177,-48.58,40.0,0.496
2023-11-05T09:55:23.000,17.43,-4.72,1.82,19.73,20.38,51178,-48.37,40.0,0.496
2023-11-05T09:57:25.000,17.5,-4.62,1.82,19.73,20.38,51180,-47.95,40.0,0.496
2023-11-05T09:59:25.000,17.55,-4.62,1.84,19.72,20.38,51182,-47.54,41.0,0.496
2023-11-05T10:01:27.000,17.57,-4.83,1.86,19.71,20.38,51184,-47.12,41.0,0.496
2023-11-05T10:02:27.000,17.47,-5.26,1.87,19.7,20.38,51185,-46.91,41.0,0.496
2023-11-05T10:03:27.000,17.36,-5.36,1.89,19.69,20.38,51186,-46.71,41.0,0.496
2023-11-05T10:04:28.000,17.27,-5.39,1.91,19.67,20.38,51187,-46.5,42.0,0.496
2023-11-05T10:07:29.000,17.08,-5.66,1.98,19.64,20.38,51190,-45.87,42.0,0.495
2023-11-05T10:08:29.000,16.97,-5.63,1.99,19.63,20.38,51191,-45.66,42.0,0.495
