Downloads/jupyter/ECSV/stars19/stars19_2019-10.ecsv
# %ECSV 1.0
# ---
# datatype:
# - {name: time, datatype: string}
# - {name: Enclosure Temperature, unit: deg_C, datatype: float64}
# - {name: Sky Temperature, unit: deg_C, datatype: float64}
# - {name: Frequency, unit: Hz, datatype: float64}
# - {name: MSAS, unit: mag / arcsec2, datatype: float64}
# - {name: ZP, datatype: float64}
# - {name: Sequence Number, datatype: int64}
# - {name: Sun Alt, unit: deg, datatype: float64}
# - {name: Moon Alt, unit: deg, datatype: float64}
# - {name: Moon Illumination, datatype: float64}
# delimiter: ','
# meta: !!omap
# - ida:
#     Data supplier: {affiliation: null, observer: null}
#     Device type: TESS-W
#     Field of view: 17.0
#     Filters per channel: None
#     Instrument ID: stars19
#     License: ODbL 1.0 http://opendatacommons.org/licenses/odbl/summary/
#     Local timezone: America/Phoenix
#     Location name: {country: '- Tucson', place: Tucson, region: United States, sub_region: Arizona, town: Pima County}
#     Measurement direction per channel: {azimuth: 0.0, zenital: 0.0}
#     Moving / Fixed look direction: FIXED
#     Moving / Stationary position: STATIONARY
#     Number of channels: 1
#     Number of fields per line: 8
#     Number of header lines: 35
#     Position: {height: 0.0, latitude: 32.223877, longitude: -110.767532}
#     TESS MAC address: 18:FE:34:CF:EC:06
#     TESS cover offset value: 0.0
#     TESS firmware version: '1.0'
#     TESS zero point: 20.5
#     Time Synchronization: timestamp added by MQTT subscriber
#     URL: http://www.darksky.org/NSBM/sdf1.0.pdf
# - __serialized_columns__:
#     Enclosure Temperature:
#       __class__: astropy.units.quantity.Quantity
#       unit: &id001 !astropy.units.Unit {unit: deg_C}
#       value: !astropy.table.SerializedColumn {name: Enclosure Temperature}
#     Frequency:
#       __class__: astropy.units.quantity.Quantity
#       unit: !astropy.units.Unit {unit: Hz}
#       value: !astropy.table.SerializedColumn {name: Frequency}
#     MSAS:
#       __class__: astropy.units.quantity.Quantity
#       unit: !astropy.units.Unit {unit: mag / arcsec2}
#       value: !astropy.table.SerializedColumn {name: MSAS}
#     Moon Alt:
#       __class__: astropy.units.quantity.Quantity
#       unit: &id002 !astropy.units.Unit {unit: deg}
#       value: !astropy.table.SerializedColumn {name: Moon Alt}
#     Sky Temperature:
#       __class__: astropy.units.quantity.Quantity
#       unit: *id001
#       value: !astropy.table.SerializedColumn {name: Sky Temperature}
#     Sun Alt:
#       __class__: astropy.units.quantity.Quantity
#       unit: *id002
#       value: !astropy.table.SerializedColumn {name: Sun Alt}
#     time:
#       __class__: astropy.time.core.Time
#       format: isot
#       in_subfmt: '*'
#       out_subfmt: '*'
#       precision: 3
#       scale: utc
#       value: !astropy.table.SerializedColumn {name: time}
# schema: astropy-2.0
time,Enclosure Temperature,Sky Temperature,Frequency,MSAS,ZP,Sequence Number,Sun Alt,Moon Alt,Moon Illumination
2019-10-01T00:00:07.000,36.13,9.82,0.0,0.0,20.5,98815,13.66,32.0,0.074
2019-10-01T00:01:07.000,36.12,9.71,0.0,0.0,20.5,98816,13.46,31.0,0.074
2019-10-01T00:11:09.000,35.88,9.51,0.0,0.0,20.5,98826,11.38,30.0,0.075
2019-10-01T00:12:09.000,35.83,9.39,0.0,0.0,20.5,98827,11.17,30.0,0.075
2019-10-01T00:13:09.000,35.75,9.28,0.0,0.0,20.5,98828,10.96,29.0,0.075
2019-10-01T00:15:16.000,35.58,9.22,0.0,0.0,20.5,98830,10.52,29.0,0.075
2019-10-01T00:22:17.000,35.25,8.91,0.0,0.0,20.5,98837,9.06,28.0,0.075
2019-10-01T00:23:17.000,35.17,8.68,0.0,0.0,20.5,98838,8.85,28.0,0.075
2019-10-01T00:26:18.000,34.94,8.56,0.0,0.0,20.5,98841,8.22,27.0,0.075
2019-10-01T00:27:18.000,34.89,8.61,0.0,0.0,20.5,98842,8.01,27.0,0.075
2019-10-01T00:28:18.000,34.82,8.56,0.0,0.0,20.5,98843,7.8,27.0,0.075
2019-10-01T00:30:18.000,34.59,8.36,0.0,0.0,20.5,98845,7.38,27.0,0.076
2019-10-01T00:31:19.000,34.54,8.36,0.0,0.0,20.5,98846,7.17,26.0,0.076
2019-10-01T00:32:19.000,34.42,8.22,0.0,0.0,20.5,98847,6.96,26.0,0.076
2019-10-01T00:35:20.000,34.19,8.15,0.0,0.0,20.5,98850,6.33,26.0,0.076
2019-10-01T00:36:20.000,34.12,8.06,0.0,0.0,20.5,98851,6.12,26.0,0.076
2019-10-01T00:37:21.000,34.03,7.99,0.0,0.0,20.5,98852,5.9,25.0,0.076
2019-10-01T00:38:21.000,33.98,8.03,0.0,0.0,20.5,98853,5.69,25.0,0.076
2019-10-01T00:39:21.000,33.91,7.96,0.0,0.0,20.5,98854,5.48,25.0,0.076
2019-10-01T00:40:21.000,33.87,7.87,0.0,0.0,20.5,98855,5.27,25.0,0.076
2019-10-01T00:41:21.000,33.82,7.88,0.42,0.18,20.5,98856,5.06,25.0,0.076
2019-10-01T00:42:22.000,33.78,7.81,0.18,0.09,20.5,98857,4.85,24.0,0.076
2019-10-01T00:43:22.000,33.72,7.68,0.0,0.0,20.5,98858,4.64,24.0,0.076
2019-10-01T00:44:22.000,33.62,7.43,0.0,0.0,20.5,98859,4.43,24.0,0.076
2019-10-01T00:45:23.000,33.53,7.43,0.0,0.0,20.5,98860,4.21,24.0,0.076
2019-10-01T00:46:23.000,33.45,7.38,0.12,0.09,20.5,98861,4.0,24.0,0.076
2019-10-01T00:47:23.000,33.38,7.44,0.0,0.0,20.5,98862,3.79,24.0,0.076
2019-10-01T00:49:24.000,33.27,7.33,0.0,0.0,20.5,98864,3.37,23.0,0.076
2019-10-01T00:50:24.000,33.2,7.23,0.0,0.0,20.5,98865,3.16,23.0,0.076
2019-10-01T00:51:24.000,33.11,7.12,0.0,0.0,20.5,98866,2.95,23.0,0.076
2019-10-01T00:54:25.000,32.82,6.78,0.0,0.0,20.5,98869,2.31,22.0,0.077
2019-10-01T00:55:25.000,32.7,6.73,0.0,0.0,20.5,98870,2.1,22.0,0.077
2019-10-01T00:56:25.000,32.6,6.81,0.0,0.0,20.5,98871,1.89,22.0,0.077
2019-10-01T01:05:27.000,31.9,6.29,0.0,0.0,20.5,98880,-0.02,20.0,0.077
2019-10-01T01:06:28.000,31.83,6.26,0.0,0.0,20.5,98881,-0.23,20.0,0.077
2019-10-01T01:07:28.000,31.76,6.23,0.0,0.0,20.5,98882,-0.44,20.0,0.077
2019-10-01T01:11:29.000,31.42,5.85,0.0,0.0,20.5,98886,-1.29,19.0,0.077
2019-10-01T01:12:29.000,31.37,5.91,0.0,0.0,20.5,98887,-1.51,19.0,0.077
2019-10-01T01:13:29.000,31.34,5.84,56822.74,7.85,20.5,98888,-1.72,19.0,0.077
2019-10-01T01:14:30.000,31.28,5.8,53009.84,8.57,20.5,98889,-1.93,19.0,0.077
2019-10-01T01:15:30.000,31.21,5.68,45552.31,8.73,20.5,98890,-2.14,18.0,0.077
2019-10-01T01:16:30.000,31.13,5.64,38884.67,8.91,20.5,98891,-2.35,18.0,0.078
2019-10-01T01:17:31.000,31.07,5.62,32570.02,9.17,20.5,98892,-2.57,18.0,0.078
2019-10-01T01:18:31.000,31.05,5.68,27132.59,9.46,20.5,98893,-2.78,18.0,0.078
2019-10-01T01:19:32.000,31.0,5.49,23113.16,9.47,20.5,98894,-3.0,18.0,0.078
2019-10-01T01:20:32.000,30.98,5.55,19042.27,9.68,20.5,98895,-3.21,18.0,0.078
2019-10-01T01:21:32.000,30.95,5.49,15625.93,9.9,20.5,98896,-3.42,17.0,0.078
2019-10-01T01:22:32.000,30.9,5.4,12723.71,10.12,20.5,98897,-3.63,17.0,0.078
2019-10-01T01:23:32.000,30.87,5.31,10222.8,10.36,20.5,98898,-3.84,17.0,0.078
2019-10-01T01:24:33.000,30.8,5.32,8018.0,10.62,20.5,98899,-4.06,17.0,0.078
2019-10-01T01:25:33.000,30.75,5.35,6222.2,10.9,20.5,98900,-4.27,17.0,0.078
2019-10-01T01:26:34.000,30.72,5.31,4751.24,11.19,20.5,98901,-4.49,16.0,0.078
2019-10-01T01:27:34.000,30.7,5.29,3593.69,11.49,20.5,98902,-4.7,16.0,0.078
2019-10-01T01:28:35.000,30.67,5.28,2723.96,11.8,20.5,98903,-4.91,16.0,0.078
2019-10-01T01:29:35.000,30.63,5.27,2079.96,12.09,20.5,98904,-5.12,16.0,0.078
2019-10-01T01:30:35.000,30.57,5.12,1598.16,12.37,20.5,98905,-5.34,16.0,0.078
2019-10-01T01:31:36.000,30.52,5.17,1227.29,12.66,20.5,98906,-5.55,15.0,0.078
2019-10-01T01:32:36.000,30.48,5.12,942.73,12.95,20.5,98907,-5.76,15.0,0.078
2019-10-01T01:34:38.000,30.4,5.11,561.56,13.51,20.5,98909,-6.19,15.0,0.078
2019-10-01T01:38:40.000,30.28,4.94,206.22,14.6,20.5,98913,-7.05,14.0,0.078
2019-10-01T01:39:41.000,30.27,4.97,161.6,14.86,20.5,98914,-7.26,14.0,0.079
2019-10-01T01:40:41.000,30.23,4.86,127.16,15.12,20.5,98915,-7.47,14.0,0.079
2019-10-01T01:45:47.000,30.13,4.67,41.87,16.33,20.5,98920,-8.55,13.0,0.079
2019-10-01T01:46:48.000,30.09,4.64,33.97,16.55,20.5,98921,-8.77,13.0,0.079
2019-10-01T01:47:48.000,30.03,4.57,27.8,16.77,20.5,98922,-8.98,12.0,0.079
2019-10-01T01:48:49.000,30.01,4.62,22.94,16.98,20.5,98923,-9.19,12.0,0.079
2019-10-01T01:49:49.000,29.97,4.55,18.93,17.19,20.5,98924,-9.41,12.0,0.079
2019-10-01T01:53:52.000,29.86,4.47,9.09,17.98,20.5,98928,-10.26,11.0,0.079
2019-10-01T01:54:54.000,29.83,4.34,7.7,18.16,20.5,98929,-10.48,11.0,0.079
2019-10-01T01:55:54.000,29.79,4.31,6.51,18.35,20.5,98930,-10.69,11.0,0.079
2019-10-01T01:56:54.000,29.75,4.31,5.54,18.52,20.5,98931,-10.9,11.0,0.079
2019-10-01T01:59:55.000,29.6,4.18,3.64,18.98,20.5,98934,-11.54,10.0,0.079
2019-10-01T02:00:55.000,29.55,4.05,3.21,19.11,20.5,98935,-11.75,10.0,0.079
2019-10-01T02:02:01.000,29.48,4.07,2.85,19.24,20.5,98936,-11.98,10.0,0.079
2019-10-01T02:04:03.000,29.14,3.96,2.36,19.45,20.5,98938,-12.41,9.0,0.08
2019-10-01T02:05:04.000,29.29,4.01,2.18,19.53,20.5,98939,-12.63,9.0,0.08
2019-10-01T02:06:05.000,29.24,3.94,2.06,19.6,20.5,98940,-12.84,9.0,0.08
2019-10-01T02:07:06.000,29.18,3.87,1.91,19.68,20.5,98941,-13.06,9.0,0.08
2019-10-01T02:08:10.000,29.1,3.82,1.82,19.73,20.5,98942,-13.28,8.0,0.08
2019-10-01T02:09:10.000,29.01,3.77,1.76,19.76,20.5,98943,-13.49,8.0,0.08
2019-10-01T02:10:11.000,28.95,3.87,1.72,19.79,20.5,98944,-13.71,8.0,0.08
2019-10-01T02:11:12.000,28.89,3.8,1.66,19.83,20.5,98945,-13.92,8.0,0.08
2019-10-01T02:12:13.000,28.83,3.85,1.61,19.86,20.5,98946,-14.14,8.0,0.08
2019-10-01T02:13:14.000,28.75,3.77,1.58,19.88,20.5,98947,-14.35,7.0,0.08
2019-10-01T02:14:14.000,28.67,3.76,1.55,19.9,20.5,98948,-14.56,7.0,0.08
2019-10-01T02:15:14.000,28.62,3.87,1.53,19.92,20.5,98949,-14.77,7.0,0.08
2019-10-01T02:16:15.000,28.61,3.9,1.51,19.93,20.5,98950,-14.99,7.0,0.08
2019-10-01T02:17:15.000,28.59,3.85,1.49,19.94,20.5,98951,-15.2,7.0,0.08
2019-10-01T02:18:16.000,28.57,3.88,1.48,19.95,20.5,98952,-15.41,6.0,0.08
2019-10-01T02:19:16.000,28.49,3.72,1.48,19.96,20.5,98953,-15.62,6.0,0.08
2019-10-01T02:20:16.000,28.43,3.8,1.47,19.96,20.5,98954,-15.83,6.0,0.08
2019-10-01T02:21:16.000,28.4,3.8,1.46,19.97,20.5,98955,-16.04,6.0,0.08
2019-10-01T02:22:16.000,28.39,3.81,1.46,19.97,20.5,98956,-16.25,6.0,0.08
2019-10-01T02:23:16.000,28.36,3.81,1.45,19.98,20.5,98957,-16.46,5.0,0.08
2019-10-01T02:24:17.000,28.34,3.79,1.44,19.98,20.5,98958,-16.67,5.0,0.08
2019-10-01T02:25:17.000,28.27,3.72,1.45,19.98,20.5,98959,-16.88,5.0,0.081
2019-10-01T02:26:17.000,28.25,3.74,1.45,19.98,20.5,98960,-17.09,5.0,0.081
2019-10-01T02:27:17.000,28.22,3.72,1.45,19.97,20.5,98961,-17.3,5.0,0.081
2019-10-01T02:28:18.000,28.19,3.69,1.47,19.96,20.5,98962,-17.52,4.0,0.081
2019-10-01T02:30:19.000,28.12,3.66,1.49,19.95,20.5,98964,-17.94,4.0,0.081
2019-10-01T02:31:19.000,28.09,3.63,1.49,19.95,20.5,98965,-18.15,4.0,0.081
2019-10-01T02:32:19.000,28.08,3.62,1.5,19.94,20.5,98966,-18.36,4.0,0.081
2019-10-01T02:33:19.000,28.07,3.61,1.48,19.95,20.5,98967,-18.57,3.0,0.081
2019-10-01T02:34:20.000,28.04,3.61,1.45,19.97,20.5,98968,-18.78,3.0,0.081
2019-10-01T02:35:21.000,28.04,3.63,1.45,19.98,20.5,98969,-19.0,3.0,0.081
2019-10-01T02:36:22.000,28.02,3.58,1.45,19.98,20.5,98970,-19.21,3.0,0.081
2019-10-01T02:37:22.000,27.98,3.49,1.45,19.98,20.5,98971,-19.42,3.0,0.081
2019-10-01T02:38:22.000,27.94,3.54,1.44,19.98,20.5,98972,-19.63,2.0,0.081
2019-10-01T02:39:22.000,27.92,3.46,1.49,19.95,20.5,98973,-19.84,2.0,0.081
2019-10-01T02:43:24.000,27.81,3.33,1.42,20.0,20.5,98977,-20.68,1.0,0.081
2019-10-01T02:44:24.000,27.78,3.35,1.42,20.0,20.5,98978,-20.89,1.0,0.081
2019-10-01T02:45:25.000,27.74,3.28,1.42,20.0,20.5,98979,-21.1,1.0,0.081
2019-10-01T02:48:26.000,27.68,3.3,1.42,20.0,20.5,98982,-21.73,0.0,0.082
2019-10-01T02:49:27.000,27.64,3.25,1.42,20.0,20.5,98983,-21.94,0.0,0.082
2019-10-01T02:50:27.000,27.6,3.19,1.42,20.0,20.5,98984,-22.15,0.0,0.082
2019-10-01T02:51:28.000,27.56,3.16,1.42,20.0,20.5,98985,-22.36,-0.0,0.082
2019-10-01T02:53:29.000,27.5,3.11,1.41,20.0,20.5,98987,-22.78,-1.0,0.082
2019-10-01T02:54:30.000,27.46,3.16,1.41,20.01,20.5,98988,-22.99,-1.0,0.082
2019-10-01T02:55:32.000,27.42,3.15,1.41,20.01,20.5,98989,-23.2,-1.0,0.082
2019-10-01T02:56:34.000,27.4,3.16,1.41,20.01,20.5,98990,-23.41,-1.0,0.082
2019-10-01T02:58:38.000,27.34,3.14,1.4,20.02,20.5,98992,-23.84,-2.0,0.082
2019-10-01T02:59:41.000,27.32,3.1,1.39,20.02,20.5,98993,-24.06,-2.0,0.082
2019-10-01T03:01:43.000,27.27,3.08,1.38,20.03,20.5,98995,-24.48,-2.0,0.082
2019-10-01T03:02:48.000,27.26,3.06,1.38,20.03,20.5,98996,-24.7,-2.0,0.082
2019-10-01T03:03:48.000,27.23,3.0,1.38,20.03,20.5,98997,-24.91,-3.0,0.082
2019-10-01T03:04:50.000,27.22,3.01,1.44,19.99,20.5,98998,-25.12,-3.0,0.082
2019-10-01T03:05:50.000,27.22,3.0,1.43,19.99,20.5,98999,-25.33,-3.0,0.082
2019-10-01T03:06:51.000,27.18,2.91,1.36,20.04,20.5,99000,-25.54,-3.0,0.082
2019-10-01T03:07:51.000,27.16,2.91,1.36,20.04,20.5,99001,-25.74,-3.0,0.082
2019-10-01T03:08:53.000,27.13,2.91,1.36,20.04,20.5,99002,-25.96,-4.0,0.082
2019-10-01T03:10:54.000,27.1,2.93,1.36,20.05,20.5,99004,-26.37,-4.0,0.083
2019-10-01T03:12:54.000,27.05,2.92,1.36,20.05,20.5,99006,-26.78,-4.0,0.083
2019-10-01T03:14:55.000,27.0,2.9,1.35,20.05,20.5,99008,-27.2,-5.0,0.083
2019-10-01T03:15:58.000,26.96,2.87,1.33,20.07,20.5,99009,-27.41,-5.0,0.083
2019-10-01T03:16:59.000,26.93,2.88,1.31,20.08,20.5,99010,-27.62,-5.0,0.083
2019-10-01T03:17:59.000,26.9,2.79,1.31,20.09,20.5,99011,-27.82,-6.0,0.083
2019-10-01T03:19:00.000,26.88,2.82,1.31,20.09,20.5,99012,-28.03,-6.0,0.083
2019-10-01T03:20:00.000,26.89,2.86,1.31,20.09,20.5,99013,-28.23,-6.0,0.083
2019-10-01T03:21:00.000,26.88,2.79,1.31,20.09,20.5,99014,-28.44,-6.0,0.083
2019-10-01T03:22:00.000,26.87,2.7,1.31,20.09,20.5,99015,-28.64,-6.0,0.083
2019-10-01T03:23:00.000,26.85,2.76,1.31,20.09,20.5,99016,-28.85,-7.0,0.083
2019-10-01T03:24:01.000,26.87,2.79,1.31,20.09,20.5,99017,-29.05,-7.0,0.083
2019-10-01T03:25:02.000,26.88,2.7,1.3,20.09,20.5,99018,-29.26,-7.0,0.083
2019-10-01T03:26:02.000,26.89,2.67,1.3,20.09,20.5,99019,-29.46,-7.0,0.083
2019-10-01T03:27:02.000,26.88,2.59,1.3,20.09,20.5,99020,-29.67,-7.0,0.083
2019-10-01T03:28:03.000,26.87,2.57,1.3,20.1,20.5,99021,-29.87,-8.0,0.083
2019-10-01T03:29:06.000,26.85,2.5,1.3,20.1,20.5,99022,-30.08,-8.0,0.083
2019-10-01T03:30:06.000,26.81,2.45,1.3,20.1,20.5,99023,-30.29,-8.0,0.083
2019-10-01T03:31:06.000,26.78,2.48,1.29,20.11,20.5,99024,-30.49,-8.0,0.083
2019-10-01T03:32:06.000,26.75,2.45,1.29,20.11,20.5,99025,-30.69,-8.0,0.083
2019-10-01T03:33:06.000,26.72,2.36,1.28,20.11,20.5,99026,-30.89,-9.0,0.084
2019-10-01T03:34:07.000,26.7,2.38,1.29,20.11,20.5,99027,-31.1,-9.0,0.084
2019-10-01T03:35:08.000,26.68,2.32,1.29,20.11,20.5,99028,-31.3,-9.0,0.084
2019-10-01T03:36:09.000,26.66,2.39,1.28,20.11,20.5,99029,-31.51,-9.0,0.084
2019-10-01T03:39:10.000,26.6,2.28,1.29,20.1,20.5,99032,-32.11,-10.0,0.084
2019-10-01T03:40:10.000,26.59,2.27,1.29,20.1,20.5,99033,-32.31,-10.0,0.084
2019-10-01T03:41:11.000,26.59,2.23,1.29,20.1,20.5,99034,-32.52,-10.0,0.084
2019-10-01T03:42:11.000,26.57,2.21,1.29,20.1,20.5,99035,-32.72,-10.0,0.084
2019-10-01T03:43:12.000,26.57,2.23,1.29,20.1,20.5,99036,-32.92,-11.0,0.084
2019-10-01T03:44:12.000,26.56,2.2,1.3,20.09,20.5,99037,-33.12,-11.0,0.084
2019-10-01T03:45:12.000,26.55,2.22,1.32,20.08,20.5,99038,-33.32,-11.0,0.084
2019-10-01T03:46:13.000,26.55,2.17,1.33,20.07,20.5,99039,-33.52,-11.0,0.084
2019-10-01T03:48:13.000,26.51,2.14,1.34,20.06,20.5,99041,-33.92,-12.0,0.084
2019-10-01T03:49:14.000,26.51,2.18,1.34,20.07,20.5,99042,-34.12,-12.0,0.084
2019-10-01T03:50:14.000,26.49,2.17,1.34,20.06,20.5,99043,-34.32,-12.0,0.084
2019-10-01T03:51:14.000,26.49,2.22,1.36,20.04,20.5,99044,-34.52,-12.0,0.084
2019-10-01T03:52:15.000,26.5,2.17,1.47,19.96,20.5,99045,-34.72,-12.0,0.084
2019-10-01T03:53:15.000,26.47,2.13,1.42,20.0,20.5,99046,-34.91,-13.0,0.084
2019-10-01T03:54:15.000,26.42,2.07,1.45,19.97,20.5,99047,-35.11,-13.0,0.084
2019-10-01T03:55:16.000,26.38,2.05,1.51,19.94,20.5,99048,-35.31,-13.0,0.085
2019-10-01T03:56:16.000,26.34,2.05,1.53,19.92,20.5,99049,-35.51,-13.0,0.085
2019-10-01T03:57:16.000,26.3,2.04,1.54,19.91,20.5,99050,-35.7,-13.0,0.085
2019-10-01T03:58:17.000,26.24,1.95,1.56,19.9,20.5,99051,-35.9,-14.0,0.085
2019-10-01T03:59:17.000,26.2,1.97,1.55,19.91,20.5,99052,-36.1,-14.0,0.085
2019-10-01T04:00:18.000,26.14,1.86,1.47,19.96,20.5,99053,-36.3,-14.0,0.085
2019-10-01T04:01:18.000,26.08,1.85,1.41,20.01,20.5,99054,-36.49,-14.0,0.085
2019-10-01T04:02:18.000,26.04,1.85,1.38,20.03,20.5,99055,-36.69,-15.0,0.085
2019-10-01T04:03:18.000,26.01,1.72,1.34,20.06,20.5,99056,-36.88,-15.0,0.085
2019-10-01T04:15:23.000,25.76,1.59,1.31,20.08,20.5,99068,-39.21,-17.0,0.085
2019-10-01T04:20:24.000,25.56,1.21,1.24,20.14,20.5,99073,-40.17,-18.0,0.086
2019-10-01T04:21:24.000,25.51,1.1,1.24,20.14,20.5,99074,-40.35,-18.0,0.086
2019-10-01T04:22:24.000,25.44,0.94,1.26,20.13,20.5,99075,-40.54,-19.0,0.086
2019-10-01T04:23:24.000,25.28,0.62,1.26,20.13,20.5,99076,-40.73,-19.0,0.086
2019-10-01T04:24:25.000,25.18,0.77,1.25,20.14,20.5,99077,-40.92,-19.0,0.086
2019-10-01T04:25:25.000,25.16,0.95,1.24,20.15,20.5,99078,-41.11,-19.0,0.086
2019-10-01T04:26:25.000,25.14,0.91,1.24,20.15,20.5,99079,-41.3,-19.0,0.086
2019-10-01T04:27:25.000,25.12,0.84,1.24,20.14,20.5,99080,-41.48,-20.0,0.086
2019-10-01T04:28:25.000,25.07,0.73,1.26,20.13,20.5,99081,-41.67,-20.0,0.086
2019-10-01T04:29:26.000,25.0,0.73,1.26,20.13,20.5,99082,-41.86,-20.0,0.086
2019-10-01T04:30:26.000,24.96,0.74,1.26,20.13,20.5,99083,-42.04,-20.0,0.086
2019-10-01T04:31:26.000,24.92,0.75,1.28,20.11,20.5,99084,-42.23,-20.0,0.086
2019-10-01T04:32:26.000,24.89,0.85,1.28,20.11,20.5,99085,-42.41,-21.0,0.086
2019-10-01T04:33:27.000,24.86,0.86,1.26,20.13,20.5,99086,-42.6,-21.0,0.086
2019-10-01T04:34:27.000,24.85,0.84,1.25,20.14,20.5,99087,-42.79,-21.0,0.086
2019-10-01T04:35:27.000,24.84,0.84,1.24,20.15,20.5,99088,-42.97,-21.0,0.086
2019-10-01T04:36:28.000,24.84,0.83,1.23,20.15,20.5,99089,-43.16,-22.0,0.086
2019-10-01T04:37:28.000,24.84,0.79,1.23,20.15,20.5,99090,-43.34,-22.0,0.086
2019-10-01T04:38:28.000,24.84,0.66,1.24,20.15,20.5,99091,-43.52,-22.0,0.086
2019-10-01T04:39:28.000,24.81,0.65,1.25,20.14,20.5,99092,-43.7,-22.0,0.087
2019-10-01T04:40:28.000,24.8,0.79,1.28,20.12,20.5,99093,-43.88,-22.0,0.087
2019-10-01T04:41:38.000,24.8,0.78,1.27,20.12,20.5,99094,-44.09,-23.0,0.087
2019-10-01T04:43:39.000,24.68,0.63,1.29,20.1,20.5,99096,-44.46,-23.0,0.087
2019-10-01T04:44:39.000,24.66,0.89,1.35,20.05,20.5,99097,-44.64,-23.0,0.087
2019-10-01T04:45:39.000,24.66,0.84,1.33,20.07,20.5,99098,-44.82,-23.0,0.087
2019-10-01T04:46:40.000,24.64,0.74,1.31,20.09,20.5,99099,-45.0,-24.0,0.087
2019-10-01T04:47:40.000,24.6,0.82,1.31,20.08,20.5,99100,-45.17,-24.0,0.087
2019-10-01T04:48:40.000,24.57,0.73,1.3,20.1,20.5,99101,-45.35,-24.0,0.087
2019-10-01T04:49:40.000,24.55,0.73,1.28,20.11,20.5,99102,-45.53,-24.0,0.087
2019-10-01T04:50:41.000,24.53,0.7,1.29,20.1,20.5,99103,-45.71,-24.0,0.087
2019-10-01T04:51:41.000,24.51,0.58,1.28,20.11,20.5,99104,-45.88,-25.0,0.087
2019-10-01T04:52:41.000,24.45,0.31,1.27,20.12,20.5,99105,-46.06,-25.0,0.087
2019-10-01T04:53:41.000,24.36,0.23,1.24,20.15,20.5,99106,-46.23,-25.0,0.087
2019-10-01T04:54:41.000,24.29,0.38,1.22,20.16,20.5,99107,-46.41,-25.0,0.087
2019-10-01T04:56:41.000,24.26,0.48,1.2,20.19,20.5,99109,-46.75,-26.0,0.087
2019-10-01T04:57:41.000,24.26,0.44,1.18,20.2,20.5,99110,-46.93,-26.0,0.087
2019-10-01T04:58:41.000,24.26,0.43,1.17,20.2,20.5,99111,-47.1,-26.0,0.087
