Downloads/jupyter/ECSV/stars19/stars19_2023-09.ecsv
# %ECSV 1.0
# ---
# datatype:
# - {name: time, datatype: string}
# - {name: Enclosure Temperature, unit: deg_C, datatype: float64}
# - {name: Sky Temperature, unit: deg_C, datatype: float64}
# - {name: Frequency, unit: Hz, datatype: float64}
# - {name: MSAS, unit: mag / arcsec2, datatype: float64}
# - {name: ZP, datatype: float64}
# - {name: Sequence Number, datatype: int64}
# - {name: Sun Alt, unit: deg, datatype: float64}
# - {name: Moon Alt, unit: deg, datatype: float64}
# - {name: Moon Illumination, datatype: float64}
# delimiter: ','
# meta: !!omap
# - ida:
#     Data supplier: {affiliation: null, observer: null}
#     Device type: TESS-W
#     Field of view: 17.0
#     Filters per channel: None
#     Instrument ID: stars19
#     License: ODbL 1.0 http://opendatacommons.org/licenses/odbl/summary/
#     Local timezone: America/Phoenix
#     Location name: {country: '- Tucson', place: Tucson, region: United States, sub_region: Arizona, town: Pima County}
#     Measurement direction per channel: {azimuth: 0.0, zenital: 0.0}
#     Moving / Fixed look direction: FIXED
#     Moving / Stationary position: STATIONARY
#     Number of channels: 1
#     Number of fields per line: 8
#     Number of header lines: 35
#     Position: {height: 0.0, latitude: 32.223877, longitude: -110.767532}
#     TESS MAC address: 18:FE:34:CF:EC:06
#     TESS cover offset value: 0.0
#     TESS firmware version: '1.0'
#     TESS zero point: 20.38
#     Time Synchronization: timestamp added by MQTT subscriber
#     URL: http://www.darksky.org/NSBM/sdf1.0.pdf
# - __serialized_columns__:
#     Enclosure Temperature:
#       __class__: astropy.units.quantity.Quantity
#       unit: &id001 !astropy.units.Unit {unit: deg_C}
#       value: !astropy.table.SerializedColumn {name: Enclosure Temperature}
#     Frequency:
#       __class__: astropy.units.quantity.Quantity
#       unit: !astropy.units.Unit {unit: Hz}
#       value: !astropy.table.SerializedColumn {name: Frequency}
#     MSAS:
#       __class__: astropy.units.quantity.Quantity
#       unit: !astropy.units.Unit {unit: mag / arcsec2}
#       value: !astropy.table.SerializedColumn {name: MSAS}
#     Moon Alt:
#       __class__: astropy.units.quantity.Quantity
#       unit: &id002 !astropy.units.Unit {unit: deg}
#       value: !astropy.table.SerializedColumn {name: Moon Alt}
#     Sky Temperature:
#       __class__: astropy.units.quantity.Quantity
#       unit: *id001
#       value: !astropy.table.SerializedColumn {name: Sky Temperature}
#     Sun Alt:
#       __class__: astropy.units.quantity.Quantity
#       unit: *id002
#       value: !astropy.table.SerializedColumn {name: Sun Alt}
#     time:
#       __class__: astropy.time.core.Time
#       format: isot
#       in_subfmt: '*'
#       out_subfmt: '*'
#       precision: 3
#       scale: utc
#       value: !astropy.table.SerializedColumn {name: time}
# schema: astropy-2.0
time,Enclosure Temperature,Sky Temperature,Frequency,MSAS,ZP,Sequence Number,Sun Alt,Moon Alt,Moon Illumination
[from data line 7218]
2023-09-10T10:11:22.000,30.73,11.37,2.52,19.38,20.38,73534,-34.91,14.0,0.185
2023-09-10T10:12:23.000,30.77,11.55,2.84,19.25,20.38,73535,-34.74,14.0,0.185
2023-09-10T10:13:23.000,30.8,11.8,3.23,19.11,20.38,73536,-34.56,14.0,0.185
2023-09-10T10:14:23.000,30.84,12.08,3.6,18.99,20.38,73537,-34.39,14.0,0.185
2023-09-10T10:15:23.000,30.88,12.3,3.78,18.94,20.38,73538,-34.21,14.0,0.185
2023-09-10T10:16:23.000,30.94,12.6,3.89,18.91,20.38,73539,-34.03,15.0,0.185
2023-09-10T10:17:24.000,30.98,12.76,4.04,18.86,20.38,73540,-33.85,15.0,0.185
2023-09-10T10:18:24.000,31.0,13.0,4.08,18.85,20.38,73541,-33.68,15.0,0.185
2023-09-10T10:19:24.000,31.02,13.21,3.94,18.89,20.38,73542,-33.5,15.0,0.185
2023-09-10T10:20:25.000,31.03,13.3,3.8,18.93,20.38,73543,-33.32,15.0,0.185
2023-09-10T10:21:26.000,31.02,13.27,3.76,18.94,20.38,73544,-33.14,16.0,0.185
2023-09-10T10:22:27.000,31.0,13.2,3.69,18.96,20.38,73545,-32.95,16.0,0.184
2023-09-10T10:23:27.000,31.01,13.22,3.51,19.02,20.38,73546,-32.77,16.0,0.184
2023-09-10T10:26:28.000,30.94,12.58,2.72,19.29,20.38,73549,-32.23,16.0,0.184
2023-09-10T10:27:28.000,30.91,12.51,2.48,19.39,20.38,73550,-32.05,17.0,0.184
2023-09-10T10:28:30.000,30.9,12.3,2.31,19.47,20.38,73551,-31.86,17.0,0.184
2023-09-10T10:29:30.000,30.87,12.04,2.25,19.5,20.38,73552,-31.68,17.0,0.184
2023-09-10T10:30:30.000,30.83,11.72,2.16,19.54,20.38,73553,-31.5,17.0,0.184
2023-09-10T10:31:30.000,30.77,11.48,2.0,19.63,20.38,73554,-31.32,17.0,0.184
2023-09-10T10:32:30.000,30.73,11.27,1.8,19.75,20.38,73555,-31.13,18.0,0.184
2023-09-10T10:33:30.000,30.69,11.06,1.6,19.87,20.38,73556,-30.95,18.0,0.184
2023-09-10T10:34:31.000,30.72,11.08,1.47,19.96,20.38,73557,-30.76,18.0,0.184
2023-09-10T10:35:31.000,30.73,10.78,1.4,20.01,20.38,73558,-30.58,18.0,0.184
2023-09-10T10:39:32.000,30.66,9.98,1.25,20.14,20.38,73562,-29.84,19.0,0.184
2023-09-10T10:40:32.000,30.7,9.9,1.25,20.14,20.38,73563,-29.65,19.0,0.184
2023-09-10T10:41:32.000,30.74,9.79,1.26,20.13,20.38,73564,-29.47,19.0,0.183
2023-09-10T10:42:33.000,30.74,9.52,1.25,20.13,20.38,73565,-29.28,20.0,0.183
2023-09-10T10:54:34.000,30.02,8.0,1.19,20.19,20.38,73577,-27.01,22.0,0.183
2023-09-10T10:56:34.000,29.99,8.2,1.2,20.18,20.38,73579,-26.63,22.0,0.183
2023-09-10T10:57:35.000,29.96,8.24,1.2,20.18,20.38,73580,-26.44,23.0,0.183
2023-09-10T10:58:35.000,29.98,8.38,1.21,20.17,20.38,73581,-26.25,23.0,0.183
2023-09-10T10:59:36.000,29.92,8.09,1.21,20.17,20.38,73582,-26.05,23.0,0.183
2023-09-10T11:00:36.000,29.87,8.29,1.22,20.16,20.38,73583,-25.86,23.0,0.183
2023-09-10T11:01:36.000,29.89,8.38,1.25,20.14,20.38,73584,-25.67,23.0,0.182
2023-09-10T11:02:36.000,29.88,8.47,1.31,20.09,20.38,73585,-25.47,24.0,0.182
2023-09-10T11:03:36.000,29.88,8.63,1.41,20.0,20.38,73586,-25.28,24.0,0.182
2023-09-10T11:04:37.000,29.88,8.74,1.5,19.94,20.38,73587,-25.09,24.0,0.182
2023-09-10T11:05:36.000,29.84,8.61,1.53,19.91,20.38,73588,-24.9,24.0,0.182
2023-09-10T11:06:37.000,29.81,8.57,1.55,19.9,20.38,73589,-24.7,24.0,0.182
2023-09-10T11:07:37.000,29.77,8.78,1.58,19.88,20.38,73590,-24.51,25.0,0.182
2023-09-10T11:08:37.000,29.79,9.0,1.59,19.87,20.38,73591,-24.31,25.0,0.182
2023-09-10T11:09:37.000,29.74,9.11,1.61,19.87,20.38,73592,-24.12,25.0,0.182
2023-09-10T11:11:38.000,29.67,9.81,1.81,19.74,20.38,73594,-23.73,25.0,0.182
2023-09-10T11:12:38.000,29.66,9.92,1.93,19.67,20.38,73595,-23.53,25.0,0.182
2023-09-10T11:13:38.000,29.65,10.07,1.93,19.67,20.38,73596,-23.34,26.0,0.182
2023-09-10T11:14:38.000,29.7,10.21,1.79,19.75,20.38,73597,-23.14,26.0,0.182
2023-09-10T11:15:38.000,29.69,10.0,1.6,19.87,20.38,73598,-22.94,26.0,0.182
2023-09-10T11:16:39.000,29.72,9.79,1.51,19.93,20.38,73599,-22.75,26.0,0.182
2023-09-10T11:17:39.000,29.76,9.53,1.47,19.96,20.38,73600,-22.55,26.0,0.182
2023-09-10T11:18:39.000,29.72,9.11,1.44,19.99,20.38,73601,-22.35,27.0,0.182
2023-09-10T11:19:39.000,29.69,8.9,1.4,20.02,20.38,73602,-22.16,27.0,0.182
2023-09-10T11:20:40.000,29.68,8.89,1.37,20.04,20.38,73603,-21.96,27.0,0.181
2023-09-10T11:21:40.000,29.66,8.79,1.35,20.06,20.38,73604,-21.76,27.0,0.181
2023-09-10T11:22:40.000,29.65,8.83,1.34,20.06,20.38,73605,-21.56,27.0,0.181
2023-09-10T11:23:40.000,29.64,8.68,1.36,20.05,20.38,73606,-21.36,28.0,0.181
2023-09-10T11:24:40.000,29.6,8.77,1.41,20.01,20.38,73607,-21.17,28.0,0.181
2023-09-10T11:25:40.000,29.61,8.79,1.45,19.98,20.38,73608,-20.97,28.0,0.181
2023-09-10T11:27:41.000,29.59,8.92,1.56,19.89,20.38,73610,-20.57,28.0,0.181
2023-09-10T11:36:42.000,29.66,10.48,2.4,19.43,20.38,73619,-18.77,30.0,0.181
2023-09-10T11:38:42.000,29.69,10.59,2.03,19.61,20.38,73621,-18.37,31.0,0.181
2023-09-10T11:39:43.000,29.75,10.49,1.93,19.67,20.38,73622,-18.17,31.0,0.181
2023-09-10T11:40:43.000,29.76,10.37,1.82,19.73,20.38,73623,-17.97,31.0,0.18
2023-09-10T11:41:44.000,29.79,10.34,1.81,19.74,20.38,73624,-17.76,31.0,0.18
2023-09-10T11:42:44.000,29.81,10.31,1.79,19.75,20.38,73625,-17.56,32.0,0.18
2023-09-10T11:43:44.000,29.84,10.17,1.78,19.75,20.38,73626,-17.36,32.0,0.18
2023-09-10T11:44:44.000,29.78,9.67,1.79,19.75,20.38,73627,-17.16,32.0,0.18
2023-09-10T11:46:45.000,29.57,8.89,1.68,19.81,20.38,73629,-16.75,32.0,0.18
2023-09-10T11:47:45.000,29.51,8.94,1.6,19.87,20.38,73630,-16.55,33.0,0.18
2023-09-10T11:48:45.000,29.54,9.07,1.51,19.93,20.38,73631,-16.35,33.0,0.18
2023-09-10T11:49:45.000,29.5,8.95,1.46,19.97,20.38,73632,-16.15,33.0,0.18
2023-09-10T11:50:46.000,29.51,8.91,1.46,19.97,20.38,73633,-15.94,33.0,0.18
2023-09-10T11:51:47.000,29.44,8.4,1.48,19.95,20.38,73634,-15.73,33.0,0.18
2023-09-10T11:52:47.000,29.26,8.09,1.57,19.89,20.38,73635,-15.53,34.0,0.18
2023-09-10T11:53:47.000,29.1,8.21,1.63,19.85,20.38,73636,-15.33,34.0,0.18
2023-09-10T11:54:47.000,29.08,8.72,1.68,19.81,20.38,73637,-15.12,34.0,0.18
2023-09-10T11:55:47.000,29.12,8.79,1.69,19.81,20.38,73638,-14.92,34.0,0.18
2023-09-10T11:56:48.000,29.09,8.6,1.63,19.85,20.38,73639,-14.71,34.0,0.18
2023-09-10T11:57:49.000,29.11,8.77,1.56,19.9,20.38,73640,-14.51,35.0,0.18
2023-09-10T11:58:52.000,29.2,8.91,1.54,19.91,20.38,73641,-14.29,35.0,0.18
2023-09-10T11:59:54.000,29.25,8.66,1.55,19.9,20.38,73642,-14.08,35.0,0.179
2023-09-10T12:00:54.000,29.24,8.44,1.57,19.89,20.38,73643,-13.88,35.0,0.179
2023-09-10T12:01:54.000,29.15,7.92,1.59,19.87,20.38,73644,-13.67,35.0,0.179
2023-09-10T12:02:54.000,28.97,7.72,1.62,19.86,20.38,73645,-13.47,36.0,0.179
2023-09-10T12:03:55.000,28.95,8.13,1.63,19.85,20.38,73646,-13.26,36.0,0.179
2023-09-10T12:04:58.000,28.97,8.21,1.7,19.8,20.38,73647,-13.05,36.0,0.179
2023-09-10T12:09:00.000,28.89,8.13,2.95,19.21,20.38,73651,-12.22,37.0,0.179
2023-09-10T12:10:00.000,28.82,8.01,2.92,19.22,20.38,73652,-12.02,37.0,0.179
2023-09-10T12:11:01.000,28.8,8.22,2.7,19.3,20.38,73653,-11.81,37.0,0.179
2023-09-10T12:12:01.000,28.85,8.49,2.68,19.31,20.38,73654,-11.6,37.0,0.179
2023-09-10T12:17:08.000,28.95,8.07,4.29,18.8,20.38,73659,-10.55,38.0,0.179
2023-09-10T12:18:09.000,28.87,7.54,4.84,18.67,20.38,73660,-10.34,39.0,0.179
2023-09-10T12:19:09.000,28.8,7.54,5.51,18.53,20.38,73661,-10.13,39.0,0.179
2023-09-10T12:20:10.000,28.77,7.43,6.35,18.37,20.38,73662,-9.92,39.0,0.178
2023-09-10T12:21:10.000,28.76,7.2,7.33,18.22,20.38,73663,-9.72,39.0,0.178
2023-09-10T12:23:12.000,28.8,7.45,10.25,17.85,20.38,73665,-9.3,40.0,0.178
2023-09-10T12:24:12.000,28.8,7.3,12.19,17.67,20.38,73666,-9.09,40.0,0.178
2023-09-10T12:25:13.000,28.76,6.99,14.71,17.46,20.38,73667,-8.88,40.0,0.178
2023-09-10T12:26:15.000,28.66,6.74,18.05,17.24,20.38,73668,-8.66,40.0,0.178
2023-09-10T12:27:15.000,28.65,6.9,22.4,17.01,20.38,73669,-8.46,41.0,0.178
2023-09-10T12:28:16.000,28.6,6.78,28.04,16.76,20.38,73670,-8.25,41.0,0.178
2023-09-10T12:29:16.000,28.54,6.89,35.52,16.51,20.38,73671,-8.04,41.0,0.178
2023-09-10T12:30:16.000,28.5,6.97,44.92,16.25,20.38,73672,-7.83,41.0,0.178
2023-09-10T12:31:16.000,28.46,6.84,59.43,15.95,20.38,73673,-7.62,41.0,0.178
2023-09-10T12:32:16.000,28.28,6.66,76.74,15.67,20.38,73674,-7.42,42.0,0.178
2023-09-10T12:33:17.000,28.19,7.09,99.45,15.39,20.38,73675,-7.2,42.0,0.178
2023-09-10T12:34:17.000,28.23,7.5,129.91,15.1,20.38,73676,-7.0,42.0,0.178
2023-09-10T12:35:17.000,28.3,7.75,173.93,14.78,20.38,73677,-6.79,42.0,0.178
2023-09-10T12:36:17.000,28.33,7.74,240.36,14.43,20.38,73678,-6.58,42.0,0.178
2023-09-10T12:37:18.000,28.28,7.79,338.9,14.06,20.38,73679,-6.37,43.0,0.178
2023-09-10T12:38:19.000,28.16,7.85,456.38,13.73,20.38,73680,-6.16,43.0,0.178
2023-09-10T12:39:19.000,28.08,8.3,586.59,13.46,20.38,73681,-5.95,43.0,0.177
2023-09-10T12:40:19.000,28.08,8.84,726.24,13.23,20.38,73682,-5.74,43.0,0.177
2023-09-10T12:41:19.000,28.14,8.95,887.39,13.01,20.38,73683,-5.53,43.0,0.177
2023-09-10T12:42:19.000,28.17,8.85,1094.09,12.78,20.38,73684,-5.32,44.0,0.177
2023-09-10T12:43:19.000,28.17,8.67,1367.31,12.54,20.38,73685,-5.11,44.0,0.177
2023-09-10T12:44:19.000,28.18,8.54,1734.34,12.28,20.38,73686,-4.91,44.0,0.177
2023-09-10T12:45:19.000,28.16,8.31,2217.24,12.02,20.38,73687,-4.7,44.0,0.177
2023-09-10T12:46:19.000,28.18,8.18,2862.56,11.74,20.38,73688,-4.49,44.0,0.177
2023-09-10T12:47:20.000,28.21,8.12,3714.49,11.46,20.38,73689,-4.28,45.0,0.177
2023-09-10T12:51:21.000,28.32,7.44,9920.96,10.39,20.38,73693,-3.43,45.0,0.177
2023-09-10T12:52:21.000,28.32,7.28,12387.07,10.15,20.38,73694,-3.23,46.0,0.177
2023-09-10T12:53:21.000,28.29,7.07,15314.07,9.92,20.38,73695,-3.02,46.0,0.177
2023-09-10T12:54:22.000,28.24,6.92,18711.93,9.7,20.38,73696,-2.8,46.0,0.177
2023-09-10T12:55:23.000,28.2,6.88,22680.42,9.49,20.38,73697,-2.59,46.0,0.177
2023-09-10T12:56:23.000,28.19,7.01,27090.74,9.37,20.38,73698,-2.38,47.0,0.177
2023-09-10T12:57:24.000,28.22,7.06,32643.84,9.1,20.38,73699,-2.17,47.0,0.177
2023-09-10T12:58:24.000,28.24,7.02,38375.42,8.92,20.38,73700,-1.96,47.0,0.177
2023-09-10T12:59:25.000,28.21,6.79,44671.82,8.76,20.38,73701,-1.74,47.0,0.176
2023-09-10T13:00:25.000,28.11,6.58,51587.54,8.6,20.38,73702,-1.53,47.0,0.176
2023-09-10T13:01:25.000,28.05,6.69,59048.47,8.45,20.38,73703,-1.32,48.0,0.176
2023-09-10T13:02:25.000,28.0,6.66,16352.51,2.14,20.38,73704,-1.11,48.0,0.176
2023-09-10T13:03:25.000,27.96,6.78,0.0,0.0,20.38,73705,-0.9,48.0,0.176
2023-09-10T13:04:27.000,27.95,6.85,0.0,0.0,20.38,73706,-0.69,48.0,0.176
2023-09-10T13:05:26.000,27.94,6.94,0.0,0.0,20.38,73707,-0.48,48.0,0.176
2023-09-10T13:24:34.000,27.84,6.87,0.0,0.0,20.38,73726,3.55,52.0,0.175
2023-09-10T13:25:34.000,27.81,6.8,0.0,0.0,20.38,73727,3.76,53.0,0.175
2023-09-10T13:26:36.000,27.76,6.82,0.0,0.0,20.38,73728,3.98,53.0,0.175
2023-09-10T13:27:36.000,27.74,6.87,0.24,0.1,20.38,73729,4.19,53.0,0.175
2023-09-10T13:28:37.000,27.7,6.91,0.0,0.0,20.38,73730,4.4,53.0,0.175
2023-09-10T13:29:37.000,27.68,7.01,0.17,0.09,20.38,73731,4.62,53.0,0.175
2023-09-10T13:30:37.000,27.7,7.32,0.0,0.0,20.38,73732,4.83,54.0,0.175
2023-09-10T13:31:37.000,27.73,7.36,0.0,0.0,20.38,73733,5.04,54.0,0.175
2023-09-10T13:32:37.000,27.77,7.59,0.0,0.0,20.38,73734,5.25,54.0,0.175
2023-09-10T13:35:38.000,28.08,7.97,0.0,0.0,20.38,73737,5.89,55.0,0.175
2023-09-10T13:36:38.000,28.16,7.94,0.0,0.0,20.38,73738,6.1,55.0,0.175
2023-09-10T13:37:38.000,28.21,7.88,0.0,0.0,20.38,73739,6.31,55.0,0.175
2023-09-10T13:38:39.000,28.23,7.85,0.22,0.09,20.38,73740,6.52,55.0,0.175
2023-09-10T13:39:40.000,28.24,8.0,0.0,0.0,20.38,73741,6.74,55.0,0.174
2023-09-10T13:40:40.000,28.27,8.3,0.0,0.0,20.38,73742,6.95,56.0,0.174
2023-09-10T13:41:41.000,28.33,8.66,0.0,0.0,20.38,73743,7.16,56.0,0.174
2023-09-10T13:42:40.000,28.39,8.87,0.0,0.0,20.38,73744,7.37,56.0,0.174
2023-09-10T13:46:41.000,28.56,8.92,0.0,0.0,20.38,73748,8.22,57.0,0.174
2023-09-10T13:47:41.000,28.61,8.91,0.0,0.0,20.38,73749,8.43,57.0,0.174
2023-09-10T13:48:42.000,28.64,8.88,0.0,0.0,20.38,73750,8.65,57.0,0.174
2023-09-10T13:50:42.000,28.74,8.83,0.0,0.0,20.38,73752,9.07,58.0,0.174
2023-09-10T13:51:43.000,28.76,8.71,0.0,0.0,20.38,73753,9.29,58.0,0.174
2023-09-10T13:52:43.000,28.74,8.55,0.0,0.0,20.38,73754,9.5,58.0,0.174
2023-09-10T13:57:46.000,28.83,8.07,0.0,0.0,20.38,73759,10.56,59.0,0.174
2023-09-10T13:58:46.000,28.8,7.93,0.0,0.0,20.38,73760,10.78,59.0,0.173
2023-09-10T13:59:46.000,28.79,7.99,0.0,0.0,20.38,73761,10.99,60.0,0.173
2023-09-10T14:03:48.000,28.95,8.08,0.0,0.0,20.38,73765,11.84,60.0,0.173
2023-09-10T14:04:48.000,28.98,7.97,0.0,0.0,20.38,73766,12.05,61.0,0.173
2023-09-10T14:05:49.000,29.08,8.05,0.0,0.0,20.38,73767,12.27,61.0,0.173
2023-09-10T14:07:50.000,29.12,7.93,0.0,0.0,20.38,73769,12.69,61.0,0.173
2023-09-10T14:08:51.000,29.14,7.87,0.0,0.0,20.38,73770,12.91,61.0,0.173
2023-09-10T14:09:51.000,29.17,7.9,0.0,0.0,20.38,73771,13.12,62.0,0.173
2023-09-10T14:11:53.000,29.07,7.52,0.0,0.0,20.38,73773,13.55,62.0,0.173
2023-09-10T14:12:54.000,28.98,7.61,0.0,0.0,20.38,73774,13.76,62.0,0.173
2023-09-10T14:13:54.000,28.94,7.68,0.0,0.0,20.38,73775,13.97,62.0,0.173
2023-09-10T14:17:55.000,29.17,8.2,0.0,0.0,20.38,73779,14.82,63.0,0.173
2023-09-10T14:18:55.000,29.24,8.29,0.0,0.0,20.38,73780,15.03,64.0,0.172
2023-09-10T14:19:55.000,29.27,8.25,0.0,0.0,20.38,73781,15.24,64.0,0.172
2023-09-10T14:21:56.000,29.34,8.36,0.0,0.0,20.38,73783,15.67,64.0,0.172
2023-09-10T14:22:56.000,29.39,8.37,0.0,0.0,20.38,73784,15.88,64.0,0.172
2023-09-10T14:23:56.000,29.45,8.46,0.0,0.0,20.38,73785,16.09,65.0,0.172
2023-09-10T14:29:58.000,29.79,9.67,0.0,0.0,20.38,73791,17.36,66.0,0.172
2023-09-10T14:30:59.000,29.9,9.79,0.0,0.0,20.38,73792,17.57,66.0,0.172
2023-09-10T14:31:59.000,30.0,9.88,0.0,0.0,20.38,73793,17.79,66.0,0.172
2023-09-10T14:35:00.000,30.16,10.24,0.0,0.0,20.38,73796,18.42,67.0,0.172
2023-09-10T14:36:00.000,30.18,10.31,0.0,0.0,20.38,73797,18.63,67.0,0.172
2023-09-10T14:37:00.000,30.27,10.55,0.0,0.0,20.38,73798,18.84,67.0,0.172
2023-09-10T14:54:05.000,31.78,11.44,0.0,0.0,20.38,73815,22.42,71.0,0.171
2023-09-10T14:55:05.000,31.87,11.66,0.0,0.0,20.38,73816,22.63,71.0,0.171
2023-09-10T14:56:05.000,31.94,11.76,0.0,0.0,20.38,73817,22.84,71.0,0.171
2023-09-10T14:58:08.000,32.15,11.96,0.0,0.0,20.38,73819,23.27,71.0,0.171
2023-09-10T14:59:08.000,32.25,11.91,0.0,0.0,20.38,73820,23.47,72.0,0.17
2023-09-10T15:01:09.000,32.41,12.18,0.0,0.0,20.38,73822,23.9,72.0,0.17
2023-09-10T15:02:09.000,32.48,12.32,0.0,0.0,20.38,73823,24.1,72.0,0.17
2023-09-10T15:03:09.000,32.56,12.44,0.0,0.0,20.38,73824,24.31,72.0,0.17
2023-09-10T15:04:09.000,32.63,12.53,0.0,0.0,20.38,73825,24.52,73.0,0.17
2023-09-10T15:05:10.000,32.72,12.71,0.0,0.0,20.38,73826,24.73,73.0,0.17
2023-09-10T15:06:10.000,32.8,12.91,0.0,0.0,20.38,73827,24.94,73.0,0.17
2023-09-10T15:11:12.000,32.98,13.37,0.0,0.0,20.38,73832,25.98,74.0,0.17
2023-09-10T15:12:13.000,33.08,13.57,0.0,0.0,20.38,73833,26.19,74.0,0.17
2023-09-10T15:13:13.000,33.17,13.66,0.0,0.0,20.38,73834,26.4,74.0,0.17
2023-09-10T15:25:16.000,33.3,14.5,0.0,0.0,20.38,73846,28.89,77.0,0.169
2023-09-10T15:26:17.000,33.37,14.75,0.0,0.0,20.38,73847,29.1,77.0,0.169
2023-09-10T15:27:17.000,33.45,14.91,0.0,0.0,20.38,73848,29.3,77.0,0.169
2023-09-10T15:29:18.000,33.6,15.3,0.0,0.0,20.38,73850,29.72,77.0,0.169
2023-09-10T15:30:17.000,33.66,15.32,0.0,0.0,20.38,73851,29.92,78.0,0.169
2023-09-10T15:31:18.000,33.76,15.37,0.0,0.0,20.38,73852,30.13,78.0,0.169
2023-09-10T15:32:18.000,33.82,15.32,0.0,0.0,20.38,73853,30.33,78.0,0.169
2023-09-10T15:33:20.000,33.82,14.97,0.0,0.0,20.38,73854,30.54,78.0,0.169
2023-09-10T15:34:20.000,33.86,15.17,0.0,0.0,20.38,73855,30.75,78.0,0.169
2023-09-10T15:36:20.000,33.89,14.73,0.0,0.0,20.38,73857,31.15,79.0,0.169
2023-09-10T15:37:20.000,33.88,14.56,0.0,0.0,20.38,73858,31.36,79.0,0.169
2023-09-10T15:38:20.000,33.89,14.35,0.0,0.0,20.38,73859,31.56,79.0,0.169
2023-09-10T15:48:22.000,34.28,15.14,0.0,0.0,20.38,73869,33.6,80.0,0.168
2023-09-10T15:49:23.000,34.39,15.68,0.0,0.0,20.38,73870,33.8,81.0,0.168
2023-09-10T15:50:23.000,34.49,15.7,0.0,0.0,20.38,73871,34.0,81.0,0.168
2023-09-10T15:52:25.000,34.65,16.18,0.0,0.0,20.38,73873,34.41,81.0,0.168
2023-09-10T15:56:28.000,35.04,16.98,0.0,0.0,20.38,73877,35.22,82.0,0.168
2023-09-10T15:57:30.000,35.11,17.09,0.0,0.0,20.38,73878,35.43,82.0,0.168
2023-09-10T15:58:30.000,35.2,17.39,0.0,0.0,20.38,73879,35.63,82.0,0.168
