Downloads/jupyter/ECSV/stars19/stars19_2021-08.ecsv
# %ECSV 1.0
# ---
# datatype:
# - {name: time, datatype: string}
# - {name: Enclosure Temperature, unit: deg_C, datatype: float64}
# - {name: Sky Temperature, unit: deg_C, datatype: float64}
# - {name: Frequency, unit: Hz, datatype: float64}
# - {name: MSAS, unit: mag / arcsec2, datatype: float64}
# - {name: ZP, datatype: float64}
# - {name: Sequence Number, datatype: int64}
# - {name: Sun Alt, unit: deg, datatype: float64}
# - {name: Moon Alt, unit: deg, datatype: float64}
# - {name: Moon Illumination, datatype: float64}
# delimiter: ','
# meta: !!omap
# - ida:
#     Data supplier: {affiliation: null, observer: null}
#     Device type: TESS-W
#     Field of view: 17.0
#     Filters per channel: None
#     Instrument ID: stars19
#     License: ODbL 1.0 http://opendatacommons.org/licenses/odbl/summary/
#     Local timezone: America/Phoenix
#     Location name: {country: '- Tucson', place: Tucson, region: United States, sub_region: Arizona, town: Pima County}
#     Measurement direction per channel: {azimuth: 0.0, zenital: 0.0}
#     Moving / Fixed look direction: FIXED
#     Moving / Stationary position: STATIONARY
#     Number of channels: 1
#     Number of fields per line: 8
#     Number of header lines: 35
#     Position: {height: 0.0, latitude: 32.223877, longitude: -110.767532}
#     TESS MAC address: 18:FE:34:CF:EC:06
#     TESS cover offset value: 0.0
#     TESS firmware version: '1.0'
#     TESS zero point: 20.5
#     Time Synchronization: timestamp added by MQTT subscriber
#     URL: http://www.darksky.org/NSBM/sdf1.0.pdf
# - __serialized_columns__:
#     Enclosure Temperature:
#       __class__: astropy.units.quantity.Quantity
#       unit: &id001 !astropy.units.Unit {unit: deg_C}
#       value: !astropy.table.SerializedColumn {name: Enclosure Temperature}
#     Frequency:
#       __class__: astropy.units.quantity.Quantity
#       unit: !astropy.units.Unit {unit: Hz}
#       value: !astropy.table.SerializedColumn {name: Frequency}
#     MSAS:
#       __class__: astropy.units.quantity.Quantity
#       unit: !astropy.units.Unit {unit: mag / arcsec2}
#       value: !astropy.table.SerializedColumn {name: MSAS}
#     Moon Alt:
#       __class__: astropy.units.quantity.Quantity
#       unit: &id002 !astropy.units.Unit {unit: deg}
#       value: !astropy.table.SerializedColumn {name: Moon Alt}
#     Sky Temperature:
#       __class__: astropy.units.quantity.Quantity
#       unit: *id001
#       value: !astropy.table.SerializedColumn {name: Sky Temperature}
#     Sun Alt:
#       __class__: astropy.units.quantity.Quantity
#       unit: *id002
#       value: !astropy.table.SerializedColumn {name: Sun Alt}
#     time:
#       __class__: astropy.time.core.Time
#       format: isot
#       in_subfmt: '*'
#       out_subfmt: '*'
#       precision: 3
#       scale: utc
#       value: !astropy.table.SerializedColumn {name: time}
# schema: astropy-2.0
time,Enclosure Temperature,Sky Temperature,Frequency,MSAS,ZP,Sequence Number,Sun Alt,Moon Alt,Moon Illumination
[from data line 6791]
2021-08-10T15:05:39.000,24.94,18.91,0.0,0.0,20.5,139146,28.5,3.0,0.05
2021-08-10T15:06:39.000,25.05,19.19,0.0,0.0,20.5,139147,28.71,4.0,0.05
2021-08-10T15:08:39.000,25.09,20.13,0.0,0.0,20.5,139149,29.14,4.0,0.05
2021-08-10T15:09:39.000,25.36,20.09,0.0,0.0,20.5,139150,29.35,4.0,0.05
2021-08-10T15:10:39.000,25.67,20.23,0.0,0.0,20.5,139151,29.56,4.0,0.05
2021-08-10T15:18:41.000,24.06,20.49,0.0,0.0,20.5,139159,31.26,6.0,0.05
2021-08-10T15:19:41.000,23.81,19.07,0.0,0.0,20.5,139160,31.47,6.0,0.05
2021-08-10T15:20:42.000,23.7,19.15,0.0,0.0,20.5,139161,31.68,6.0,0.05
2021-08-10T15:26:43.000,22.83,19.71,0.0,0.0,20.5,139167,32.96,8.0,0.051
2021-08-10T15:27:43.000,22.83,20.21,0.0,0.0,20.5,139168,33.17,8.0,0.051
2021-08-10T15:28:43.000,22.78,20.03,0.0,0.0,20.5,139169,33.38,8.0,0.051
2021-08-10T15:29:44.000,22.81,20.5,0.0,0.0,20.5,139170,33.59,8.0,0.051
2021-08-10T15:31:44.000,23.15,21.24,0.0,0.0,20.5,139172,34.02,9.0,0.051
2021-08-10T15:35:44.000,23.53,21.79,0.0,0.0,20.5,139176,34.86,9.0,0.051
2021-08-10T15:37:45.000,23.77,22.45,0.0,0.0,20.5,139178,35.29,10.0,0.051
2021-08-10T15:38:45.000,24.02,22.8,0.0,0.0,20.5,139179,35.5,10.0,0.051
2021-08-10T15:40:46.000,23.36,19.82,0.0,0.0,20.5,139181,35.92,10.0,0.051
2021-08-10T15:41:46.000,23.18,20.6,0.0,0.0,20.5,139182,36.13,11.0,0.051
2021-08-10T15:45:47.000,23.25,20.72,0.0,0.0,20.5,139186,36.98,12.0,0.051
2021-08-10T15:46:47.000,23.34,21.42,0.0,0.0,20.5,139187,37.19,12.0,0.051
2021-08-10T15:48:48.000,23.9,22.05,0.0,0.0,20.5,139189,37.62,12.0,0.051
2021-08-10T15:49:48.000,24.11,23.4,0.0,0.0,20.5,139190,37.83,12.0,0.051
2021-08-10T15:50:48.000,24.92,25.17,0.0,0.0,20.5,139191,38.04,13.0,0.051
2021-08-10T15:52:49.000,27.34,28.99,0.0,0.0,20.5,139193,38.46,13.0,0.051
2021-08-10T15:53:49.000,28.61,30.11,0.0,0.0,20.5,139194,38.67,13.0,0.052
2021-08-10T15:54:49.000,29.2,30.09,0.0,0.0,20.5,139195,38.88,13.0,0.052
2021-08-10T15:56:50.000,30.88,32.1,0.0,0.0,20.5,139197,39.3,14.0,0.052
2021-08-10T15:57:50.000,30.38,28.34,0.0,0.0,20.5,139198,39.51,14.0,0.052
2021-08-10T15:58:50.000,30.5,30.22,0.0,0.0,20.5,139199,39.72,14.0,0.052
2021-08-10T15:59:51.000,30.13,27.54,0.0,0.0,20.5,139200,39.94,14.0,0.052
2021-08-10T16:00:51.000,29.36,26.7,0.0,0.0,20.5,139201,40.15,15.0,0.052
2021-08-10T16:01:51.000,29.44,28.57,0.0,0.0,20.5,139202,40.36,15.0,0.052
2021-08-10T16:03:52.000,29.28,27.65,0.0,0.0,20.5,139204,40.78,15.0,0.052
2021-08-10T16:04:52.000,29.52,28.67,0.0,0.0,20.5,139205,40.99,15.0,0.052
2021-08-10T16:05:52.000,29.76,29.0,0.0,0.0,20.5,139206,41.2,16.0,0.052
2021-08-10T16:22:56.000,42.22,21.95,0.0,0.0,20.5,139223,44.76,19.0,0.052
2021-08-10T16:23:56.000,43.27,22.39,0.0,0.0,20.5,139224,44.97,19.0,0.053
2021-08-10T16:24:56.000,44.2,21.78,0.0,0.0,20.5,139225,45.18,19.0,0.053
2021-08-10T16:28:57.000,44.23,21.15,0.0,0.0,20.5,139229,46.01,20.0,0.053
2021-08-10T16:29:58.000,44.23,21.17,0.0,0.0,20.5,139230,46.22,21.0,0.053
2021-08-10T16:30:58.000,44.1,21.37,0.0,0.0,20.5,139231,46.43,21.0,0.053
2021-08-10T16:39:59.000,39.89,23.75,0.0,0.0,20.5,139240,48.29,23.0,0.053
2021-08-10T16:40:59.000,39.25,23.45,0.0,0.0,20.5,139241,48.49,23.0,0.053
2021-08-10T16:41:59.000,38.65,23.48,0.0,0.0,20.5,139242,48.7,23.0,0.053
2021-08-10T16:46:00.000,36.71,23.06,0.0,0.0,20.5,139246,49.52,24.0,0.053
2021-08-10T16:51:01.000,34.62,22.16,0.0,0.0,20.5,139251,50.54,25.0,0.053
2021-08-10T16:53:01.000,34.21,21.88,0.0,0.0,20.5,139253,50.95,25.0,0.053
2021-08-10T16:54:01.000,34.08,21.89,0.0,0.0,20.5,139254,51.15,25.0,0.054
2021-08-10T16:55:02.000,34.01,21.76,0.0,0.0,20.5,139255,51.36,26.0,0.054
2021-08-10T16:56:02.000,33.96,21.36,0.0,0.0,20.5,139256,51.56,26.0,0.054
2021-08-10T16:57:02.000,33.89,21.06,0.0,0.0,20.5,139257,51.76,26.0,0.054
2021-08-10T17:01:03.000,33.92,19.71,0.0,0.0,20.5,139261,52.57,27.0,0.054
2021-08-10T17:02:03.000,33.85,19.59,0.0,0.0,20.5,139262,52.77,27.0,0.054
2021-08-10T17:03:04.000,33.75,19.6,0.0,0.0,20.5,139263,52.97,27.0,0.054
2021-08-10T17:26:09.000,32.75,18.61,0.0,0.0,20.5,139286,57.52,32.0,0.055
2021-08-10T17:27:09.000,32.75,18.73,0.0,0.0,20.5,139287,57.72,32.0,0.055
2021-08-10T17:28:09.000,32.74,18.82,0.0,0.0,20.5,139288,57.91,32.0,0.055
2021-08-10T17:33:10.000,32.56,18.73,0.0,0.0,20.5,139293,58.87,33.0,0.055
2021-08-10T17:35:10.000,32.53,18.46,0.0,0.0,20.5,139295,59.25,34.0,0.055
2021-08-10T17:36:10.000,32.39,18.17,0.0,0.0,20.5,139296,59.44,34.0,0.055
2021-08-10T17:39:11.000,31.99,17.72,0.0,0.0,20.5,139299,60.0,35.0,0.055
2021-08-10T17:40:11.000,31.84,17.87,0.0,0.0,20.5,139300,60.19,35.0,0.055
2021-08-10T17:43:12.000,31.76,17.97,0.0,0.0,20.5,139303,60.75,35.0,0.055
2021-08-10T17:44:13.000,31.85,18.1,0.0,0.0,20.5,139304,60.94,36.0,0.055
2021-08-10T17:45:13.000,31.95,18.03,0.0,0.0,20.5,139305,61.12,36.0,0.055
2021-08-10T17:46:13.000,32.07,18.12,0.0,0.0,20.5,139306,61.3,36.0,0.055
2021-08-10T17:47:13.000,32.11,17.67,0.0,0.0,20.5,139307,61.49,36.0,0.055
2021-08-10T17:48:14.000,31.97,17.25,0.0,0.0,20.5,139308,61.67,36.0,0.055
2021-08-10T17:50:14.000,31.92,18.19,0.0,0.0,20.5,139310,62.03,37.0,0.055
2021-08-10T17:51:15.000,31.97,17.78,0.0,0.0,20.5,139311,62.22,37.0,0.055
2021-08-10T17:52:15.000,31.79,17.44,0.0,0.0,20.5,139312,62.4,37.0,0.055
2021-08-10T17:54:16.000,31.75,18.03,0.0,0.0,20.5,139314,62.76,38.0,0.056
2021-08-10T17:55:16.000,31.64,17.8,0.0,0.0,20.5,139315,62.93,38.0,0.056
2021-08-10T17:56:16.000,31.55,17.93,0.0,0.0,20.5,139316,63.11,38.0,0.056
2021-08-10T17:58:17.000,31.08,17.69,0.0,0.0,20.5,139318,63.46,38.0,0.056
2021-08-10T17:59:17.000,30.93,17.42,0.0,0.0,20.5,139319,63.64,39.0,0.056
2021-08-10T18:00:18.000,30.69,17.77,0.0,0.0,20.5,139320,63.81,39.0,0.056
2021-08-10T18:17:21.000,31.76,17.91,0.0,0.0,20.5,139337,66.63,42.0,0.056
2021-08-10T18:18:22.000,31.57,17.53,0.0,0.0,20.5,139338,66.79,42.0,0.056
2021-08-10T18:19:22.000,31.65,17.54,0.0,0.0,20.5,139339,66.95,43.0,0.056
2021-08-10T18:23:24.000,32.56,17.96,0.0,0.0,20.5,139343,67.56,43.0,0.057
2021-08-10T18:24:24.000,32.82,17.87,0.0,0.0,20.5,139344,67.71,44.0,0.057
2021-08-10T18:25:24.000,33.07,18.01,0.0,0.0,20.5,139345,67.86,44.0,0.057
2021-08-10T18:26:24.000,33.33,17.94,0.0,0.0,20.5,139346,68.0,44.0,0.057
2021-08-10T18:27:24.000,33.54,18.06,0.0,0.0,20.5,139347,68.15,44.0,0.057
2021-08-10T18:33:26.000,35.01,18.3,0.0,0.0,20.5,139353,68.99,45.0,0.057
2021-08-10T18:34:26.000,35.2,18.21,0.0,0.0,20.5,139354,69.12,45.0,0.057
2021-08-10T18:35:26.000,35.3,17.89,0.0,0.0,20.5,139355,69.26,46.0,0.057
2021-08-10T18:36:26.000,35.39,17.92,0.0,0.0,20.5,139356,69.39,46.0,0.057
2021-08-10T18:37:26.000,35.59,18.49,0.0,0.0,20.5,139357,69.52,46.0,0.057
2021-08-10T18:41:27.000,36.36,17.99,0.0,0.0,20.5,139361,70.02,47.0,0.057
2021-08-10T18:42:28.000,36.54,18.57,0.0,0.0,20.5,139362,70.14,47.0,0.057
2021-08-10T18:43:30.000,36.75,18.41,0.0,0.0,20.5,139363,70.26,47.0,0.057
2021-08-10T18:53:33.000,39.32,18.92,0.0,0.0,20.5,139373,71.34,49.0,0.058
2021-08-10T18:54:33.000,39.72,19.49,0.0,0.0,20.5,139374,71.43,49.0,0.058
2021-08-10T18:55:33.000,40.08,20.17,0.0,0.0,20.5,139375,71.53,49.0,0.058
2021-08-10T18:57:34.000,41.99,20.94,0.0,0.0,20.5,139377,71.71,50.0,0.058
2021-08-10T18:58:34.000,42.82,20.71,0.0,0.0,20.5,139378,71.79,50.0,0.058
2021-08-10T18:59:34.000,43.37,20.13,0.0,0.0,20.5,139379,71.88,50.0,0.058
2021-08-10T19:20:39.000,46.55,20.2,0.0,0.0,20.5,139400,73.0,54.0,0.059
2021-08-10T19:21:39.000,46.46,19.72,0.0,0.0,20.5,139401,73.03,54.0,0.059
2021-08-10T19:22:39.000,46.37,19.8,0.0,0.0,20.5,139402,73.05,54.0,0.059
2021-08-10T19:28:41.000,47.88,22.88,0.0,0.0,20.5,139408,73.09,55.0,0.059
2021-08-10T19:29:41.000,49.01,23.01,0.0,0.0,20.5,139409,73.09,56.0,0.059
2021-08-10T19:30:41.000,50.14,23.44,0.0,0.0,20.5,139410,73.09,56.0,0.059
2021-08-10T19:32:41.000,51.89,23.02,0.0,0.0,20.5,139412,73.06,56.0,0.059
2021-08-10T19:33:42.000,52.41,22.09,0.0,0.0,20.5,139413,73.05,56.0,0.059
2021-08-10T19:34:42.000,52.56,21.84,0.0,0.0,20.5,139414,73.03,56.0,0.059
2021-08-10T19:41:43.000,52.01,21.35,0.0,0.0,20.5,139421,72.82,57.0,0.059
2021-08-10T19:42:44.000,51.82,19.13,0.0,0.0,20.5,139422,72.78,58.0,0.059
2021-08-10T19:43:44.000,51.26,19.39,0.0,0.0,20.5,139423,72.73,58.0,0.059
2021-08-10T19:47:45.000,54.15,22.79,0.0,0.0,20.5,139427,72.52,58.0,0.06
2021-08-10T19:48:46.000,54.64,21.9,0.0,0.0,20.5,139428,72.46,59.0,0.06
2021-08-10T19:49:46.000,54.86,22.19,0.0,0.0,20.5,139429,72.4,59.0,0.06
2021-08-10T19:51:46.000,55.46,21.92,0.0,0.0,20.5,139431,72.27,59.0,0.06
2021-08-10T19:55:47.000,55.45,20.18,0.0,0.0,20.5,139435,71.97,60.0,0.06
2021-08-10T19:56:47.000,55.29,20.34,0.0,0.0,20.5,139436,71.89,60.0,0.06
2021-08-10T19:58:48.000,55.41,19.88,0.0,0.0,20.5,139438,71.72,60.0,0.06
2021-08-10T19:59:48.000,55.33,20.53,0.0,0.0,20.5,139439,71.64,60.0,0.06
2021-08-10T20:00:49.000,55.52,21.37,0.0,0.0,20.5,139440,71.55,60.0,0.06
2021-08-10T20:01:49.000,55.71,20.79,0.0,0.0,20.5,139441,71.45,61.0,0.06
2021-08-10T20:02:49.000,55.92,21.52,0.0,0.0,20.5,139442,71.36,61.0,0.06
2021-08-10T20:26:51.000,56.15,20.87,0.0,0.0,20.5,139466,68.48,64.0,0.061
2021-08-10T20:27:51.000,56.27,20.69,0.0,0.0,20.5,139467,68.34,64.0,0.061
2021-08-10T20:28:52.000,56.36,20.49,0.0,0.0,20.5,139468,68.19,64.0,0.061
2021-08-10T20:32:53.000,56.2,20.85,0.0,0.0,20.5,139472,67.6,64.0,0.061
2021-08-10T20:33:54.000,56.44,20.94,0.0,0.0,20.5,139473,67.45,64.0,0.061
2021-08-10T20:42:55.000,56.64,20.68,0.0,0.0,20.5,139482,66.05,65.0,0.061
2021-08-10T20:44:56.000,56.85,19.99,0.0,0.0,20.5,139484,65.72,65.0,0.062
2021-08-10T20:45:56.000,56.74,20.17,0.0,0.0,20.5,139485,65.56,66.0,0.062
2021-08-10T20:46:56.000,56.84,20.53,0.0,0.0,20.5,139486,65.39,66.0,0.062
2021-08-10T21:01:00.000,56.38,19.77,0.0,0.0,20.5,139500,62.99,67.0,0.062
2021-08-10T21:02:00.000,56.59,20.69,0.0,0.0,20.5,139501,62.81,67.0,0.062
2021-08-10T21:03:01.000,56.86,20.64,0.0,0.0,20.5,139502,62.63,67.0,0.062
2021-08-10T21:05:01.000,57.32,20.64,0.0,0.0,20.5,139504,62.27,67.0,0.062
2021-08-10T21:06:01.000,57.43,20.14,0.0,0.0,20.5,139505,62.09,67.0,0.062
2021-08-10T21:07:01.000,57.48,20.1,0.0,0.0,20.5,139506,61.91,67.0,0.062
2021-08-10T21:14:03.000,57.64,20.08,0.0,0.0,20.5,139513,60.62,67.0,0.063
2021-08-10T21:15:03.000,57.38,19.87,0.0,0.0,20.5,139514,60.44,67.0,0.063
2021-08-10T21:16:04.000,57.3,20.17,0.0,0.0,20.5,139515,60.25,67.0,0.063
2021-08-10T21:29:06.000,47.28,16.25,0.0,0.0,20.5,139528,57.78,67.0,0.063
2021-08-10T21:30:06.000,46.37,15.65,0.0,0.0,20.5,139529,57.58,67.0,0.063
2021-08-10T21:32:07.000,45.08,16.33,0.0,0.0,20.5,139531,57.19,67.0,0.063
2021-08-10T21:33:07.000,44.52,16.39,0.0,0.0,20.5,139532,57.0,67.0,0.063
2021-08-10T21:39:08.000,42.26,16.87,0.0,0.0,20.5,139538,55.83,67.0,0.064
2021-08-10T21:40:08.000,41.93,16.56,0.0,0.0,20.5,139539,55.63,67.0,0.064
2021-08-10T21:41:09.000,41.7,17.2,0.0,0.0,20.5,139540,55.43,67.0,0.064
2021-08-10T21:43:09.000,41.28,17.03,0.0,0.0,20.5,139542,55.03,67.0,0.064
2021-08-10T21:44:10.000,41.08,17.34,0.0,0.0,20.5,139543,54.83,67.0,0.064
2021-08-10T21:45:10.000,40.89,17.54,0.0,0.0,20.5,139544,54.63,67.0,0.064
2021-08-10T22:10:18.000,38.7,18.28,0.0,0.0,20.5,139569,49.57,65.0,0.065
2021-08-10T22:11:19.000,38.6,17.89,0.0,0.0,20.5,139570,49.36,65.0,0.065
2021-08-10T22:12:19.000,38.5,18.32,0.0,0.0,20.5,139571,49.16,65.0,0.065
2021-08-10T22:14:19.000,38.36,18.22,0.0,0.0,20.5,139573,48.75,64.0,0.065
2021-08-10T22:15:19.000,38.36,18.6,0.0,0.0,20.5,139574,48.54,64.0,0.065
2021-08-10T22:17:20.000,38.51,18.85,0.0,0.0,20.5,139576,48.13,64.0,0.065
2021-08-10T22:21:21.000,38.2,18.7,0.0,0.0,20.5,139580,47.3,64.0,0.065
2021-08-10T22:22:21.000,38.29,18.77,0.0,0.0,20.5,139581,47.09,63.0,0.065
2021-08-10T22:23:21.000,38.34,18.73,0.0,0.0,20.5,139582,46.89,63.0,0.065
2021-08-10T22:26:22.000,38.53,19.02,0.0,0.0,20.5,139585,46.26,63.0,0.065
2021-08-10T22:27:22.000,38.64,19.15,0.0,0.0,20.5,139586,46.05,63.0,0.065
2021-08-10T22:28:28.000,38.75,19.08,0.0,0.0,20.5,139587,45.83,63.0,0.065
2021-08-10T22:30:28.000,38.74,18.61,0.0,0.0,20.5,139589,45.41,62.0,0.065
2021-08-10T22:31:29.000,38.76,18.79,0.0,0.0,20.5,139590,45.2,62.0,0.065
2021-08-10T22:32:30.000,38.71,18.44,0.0,0.0,20.5,139591,44.99,62.0,0.066
2021-08-10T22:33:30.000,38.73,18.84,0.0,0.0,20.5,139592,44.78,62.0,0.066
2021-08-10T22:34:30.000,38.82,19.07,0.0,0.0,20.5,139593,44.57,62.0,0.066
2021-08-10T22:36:30.000,38.86,18.76,0.0,0.0,20.5,139595,44.16,62.0,0.066
2021-08-10T22:37:31.000,38.71,18.58,0.0,0.0,20.5,139596,43.95,62.0,0.066
2021-08-10T22:40:31.000,38.53,18.29,0.0,0.0,20.5,139599,43.32,61.0,0.066
2021-08-10T22:42:33.000,38.5,18.92,0.0,0.0,20.5,139601,42.9,61.0,0.066
2021-08-10T22:43:34.000,38.52,18.93,0.0,0.0,20.5,139602,42.68,61.0,0.066
2021-08-10T22:44:37.000,38.55,18.84,0.0,0.0,20.5,139603,42.46,61.0,0.066
2021-08-10T22:59:41.000,37.97,18.81,0.0,0.0,20.5,139618,39.3,58.0,0.067
2021-08-10T23:00:41.000,37.94,18.46,0.0,0.0,20.5,139619,39.09,58.0,0.067
2021-08-10T23:01:41.000,37.89,18.6,0.0,0.0,20.5,139620,38.88,58.0,0.067
2021-08-10T23:03:41.000,37.75,18.51,0.0,0.0,20.5,139622,38.46,58.0,0.067
2021-08-10T23:04:41.000,37.66,18.43,0.0,0.0,20.5,139623,38.25,58.0,0.067
2021-08-10T23:05:42.000,37.5,18.21,0.0,0.0,20.5,139624,38.04,57.0,0.067
2021-08-10T23:12:43.000,37.15,19.37,0.0,0.0,20.5,139631,36.56,56.0,0.067
2021-08-10T23:13:44.000,37.08,19.23,0.0,0.0,20.5,139632,36.34,56.0,0.067
2021-08-10T23:14:44.000,37.01,19.0,0.0,0.0,20.5,139633,36.13,56.0,0.067
2021-08-10T23:16:44.000,36.91,18.49,0.0,0.0,20.5,139635,35.71,56.0,0.067
2021-08-10T23:18:45.000,36.83,18.19,0.0,0.0,20.5,139637,35.29,55.0,0.067
2021-08-10T23:19:45.000,36.82,18.07,0.0,0.0,20.5,139638,35.07,55.0,0.067
2021-08-10T23:20:45.000,36.83,18.02,0.0,0.0,20.5,139639,34.86,55.0,0.067
2021-08-10T23:24:46.000,36.75,18.02,0.0,0.0,20.5,139643,34.01,54.0,0.067
2021-08-10T23:25:46.000,36.75,18.26,0.0,0.0,20.5,139644,33.8,54.0,0.068
2021-08-10T23:26:47.000,36.78,18.3,0.0,0.0,20.5,139645,33.59,54.0,0.068
2021-08-10T23:28:48.000,36.83,18.3,0.0,0.0,20.5,139647,33.16,53.0,0.068
2021-08-10T23:29:49.000,36.86,18.45,0.0,0.0,20.5,139648,32.95,53.0,0.068
2021-08-10T23:30:49.000,36.9,18.69,0.0,0.0,20.5,139649,32.74,53.0,0.068
2021-08-10T23:31:49.000,37.04,18.93,0.0,0.0,20.5,139650,32.52,53.0,0.068
2021-08-10T23:32:49.000,37.19,18.94,0.0,0.0,20.5,139651,32.31,53.0,0.068
2021-08-10T23:33:50.000,37.32,18.85,0.0,0.0,20.5,139652,32.1,53.0,0.068
2021-08-10T23:35:50.000,37.47,18.79,0.0,0.0,20.5,139654,31.67,52.0,0.068
2021-08-10T23:36:50.000,37.57,18.74,0.0,0.0,20.5,139655,31.46,52.0,0.068
2021-08-10T23:37:50.000,37.69,18.7,0.0,0.0,20.5,139656,31.25,52.0,0.068
2021-08-10T23:44:53.000,38.08,18.4,0.0,0.0,20.5,139663,29.76,51.0,0.068
2021-08-10T23:45:53.000,38.11,18.33,0.0,0.0,20.5,139664,29.55,50.0,0.068
2021-08-10T23:46:53.000,38.15,18.34,0.0,0.0,20.5,139665,29.34,50.0,0.068
2021-08-10T23:48:54.000,38.05,17.89,0.0,0.0,20.5,139667,28.91,50.0,0.068
2021-08-10T23:49:55.000,37.9,17.67,0.0,0.0,20.5,139668,28.69,50.0,0.068
2021-08-10T23:50:55.000,37.82,18.02,0.0,0.0,20.5,139669,28.48,49.0,0.068
2021-08-10T23:51:55.000,37.78,18.0,0.0,0.0,20.5,139670,28.27,49.0,0.069
2021-08-10T23:52:55.000,37.82,18.24,0.0,0.0,20.5,139671,28.06,49.0,0.069
2021-08-10T23:54:55.000,37.62,17.79,0.0,0.0,20.5,139673,27.64,49.0,0.069
2021-08-10T23:58:56.000,37.48,18.02,0.0,0.0,20.5,139677,26.79,48.0,0.069
2021-08-11T00:02:58.000,37.2,17.96,0.0,0.0,20.5,139681,25.93,47.0,0.069
2021-08-11T00:03:58.000,37.12,18.58,0.0,0.0,20.5,139682,25.72,47.0,0.069
2021-08-11T00:04:58.000,37.08,18.65,0.0,0.0,20.5,139683,25.51,47.0,0.069
2021-08-11T00:05:58.000,37.05,18.5,0.0,0.0,20.5,139684,25.3,47.0,0.069
2021-08-11T00:06:59.000,36.98,17.9,0.0,0.0,20.5,139685,25.08,46.0,0.069
2021-08-11T00:07:59.000,36.9,17.75,0.0,0.0,20.5,139686,24.87,46.0,0.069
2021-08-11T00:12:00.000,36.61,17.07,0.0,0.0,20.5,139690,24.02,45.0,0.069
2021-08-11T00:13:00.000,36.51,17.1,0.0,0.0,20.5,139691,23.81,45.0,0.069
2021-08-11T00:14:00.000,36.44,17.06,0.0,0.0,20.5,139692,23.6,45.0,0.069
2021-08-11T00:19:02.000,36.25,17.83,0.0,0.0,20.5,139697,22.54,44.0,0.07
2021-08-11T00:20:03.000,36.26,18.33,0.0,0.0,20.5,139698,22.32,44.0,0.07
2021-08-11T00:21:03.000,36.28,18.67,0.0,0.0,20.5,139699,22.11,44.0,0.07
