Downloads/jupyter/ECSV/stars19/stars19_2021-01.ecsv
# %ECSV 1.0
# ---
# datatype:
# - {name: time, datatype: string}
# - {name: Enclosure Temperature, unit: deg_C, datatype: float64}
# - {name: Sky Temperature, unit: deg_C, datatype: float64}
# - {name: Frequency, unit: Hz, datatype: float64}
# - {name: MSAS, unit: mag / arcsec2, datatype: float64}
# - {name: ZP, datatype: float64}
# - {name: Sequence Number, datatype: int64}
# - {name: Sun Alt, unit: deg, datatype: float64}
# - {name: Moon Alt, unit: deg, datatype: float64}
# - {name: Moon Illumination, datatype: float64}
# delimiter: ','
# meta: !!omap
# - ida:
#     Data supplier: {affiliation: null, observer: null}
#     Device type: TESS-W
#     Field of view: 17.0
#     Filters per channel: None
#     Instrument ID: stars19
#     License: ODbL 1.0 http://opendatacommons.org/licenses/odbl/summary/
#     Local timezone: America/Phoenix
#     Location name: {country: '- Tucson', place: Tucson, region: United States, sub_region: Arizona, town: Pima County}
#     Measurement direction per channel: {azimuth: 0.0, zenital: 0.0}
#     Moving / Fixed look direction: FIXED
#     Moving / Stationary position: STATIONARY
#     Number of channels: 1
#     Number of fields per line: 8
#     Number of header lines: 35
#     Position: {height: 0.0, latitude: 32.223877, longitude: -110.767532}
#     TESS MAC address: 18:FE:34:CF:EC:06
#     TESS cover offset value: 0.0
#     TESS firmware version: '1.0'
#     TESS zero point: 20.5
#     Time Synchronization: timestamp added by MQTT subscriber
#     URL: http://www.darksky.org/NSBM/sdf1.0.pdf
# - __serialized_columns__:
#     Enclosure Temperature:
#       __class__: astropy.units.quantity.Quantity
#       unit: &id001 !astropy.units.Unit {unit: deg_C}
#       value: !astropy.table.SerializedColumn {name: Enclosure Temperature}
#     Frequency:
#       __class__: astropy.units.quantity.Quantity
#       unit: !astropy.units.Unit {unit: Hz}
#       value: !astropy.table.SerializedColumn {name: Frequency}
#     MSAS:
#       __class__: astropy.units.quantity.Quantity
#       unit: !astropy.units.Unit {unit: mag / arcsec2}
#       value: !astropy.table.SerializedColumn {name: MSAS}
#     Moon Alt:
#       __class__: astropy.units.quantity.Quantity
#       unit: &id002 !astropy.units.Unit {unit: deg}
#       value: !astropy.table.SerializedColumn {name: Moon Alt}
#     Sky Temperature:
#       __class__: astropy.units.quantity.Quantity
#       unit: *id001
#       value: !astropy.table.SerializedColumn {name: Sky Temperature}
#     Sun Alt:
#       __class__: astropy.units.quantity.Quantity
#       unit: *id002
#       value: !astropy.table.SerializedColumn {name: Sun Alt}
#     time:
#       __class__: astropy.time.core.Time
#       format: isot
#       in_subfmt: '*'
#       out_subfmt: '*'
#       precision: 3
#       scale: utc
#       value: !astropy.table.SerializedColumn {name: time}
# schema: astropy-2.0
time,Enclosure Temperature,Sky Temperature,Frequency,MSAS,ZP,Sequence Number,Sun Alt,Moon Alt,Moon Illumination
[from data line 26527]
2021-01-28T07:07:05.000,11.17,-7.67,662.54,13.33,20.5,1650,-74.46,81.0,0.996
2021-01-28T07:08:05.000,11.15,-7.95,767.78,13.17,20.5,1651,-74.55,81.0,0.996
2021-01-28T07:09:05.000,11.16,-7.95,779.84,13.15,20.5,1652,-74.64,81.0,0.996
2021-01-28T07:10:05.000,11.14,-8.06,783.78,13.15,20.5,1653,-74.73,81.0,0.996
2021-01-28T07:11:06.000,11.16,-8.16,955.39,12.93,20.5,1654,-74.82,81.0,0.996
2021-01-28T07:12:06.000,11.19,-8.01,994.91,12.89,20.5,1655,-74.9,81.0,0.996
2021-01-28T07:13:06.000,11.22,-7.99,959.26,12.93,20.5,1656,-74.98,81.0,0.996
2021-01-28T07:14:06.000,11.17,-7.97,926.09,12.96,20.5,1657,-75.05,81.0,0.996
2021-01-28T07:15:06.000,11.15,-7.73,790.09,13.14,20.5,1658,-75.13,81.0,0.996
2021-01-28T07:16:07.000,11.1,-7.43,732.04,13.22,20.5,1659,-75.2,81.0,0.996
2021-01-28T07:17:07.000,11.14,-7.14,754.93,13.19,20.5,1660,-75.26,81.0,0.996
2021-01-28T07:23:09.000,11.22,-6.93,752.25,13.19,20.5,1666,-75.6,80.0,0.996
2021-01-28T07:24:09.000,11.22,-7.18,746.92,13.2,20.5,1667,-75.64,80.0,0.996
2021-01-28T07:26:09.000,11.23,-7.11,705.82,13.26,20.5,1669,-75.72,80.0,0.996
2021-01-28T07:27:09.000,11.22,-7.15,734.73,13.22,20.5,1670,-75.75,80.0,0.996
2021-01-28T07:28:10.000,11.24,-7.24,770.61,13.17,20.5,1671,-75.78,80.0,0.996
2021-01-28T07:32:10.000,11.15,-8.08,952.88,12.93,20.5,1675,-75.86,80.0,0.996
2021-01-28T07:33:10.000,11.12,-8.29,1001.78,12.88,20.5,1676,-75.87,80.0,0.996
2021-01-28T07:36:11.000,11.12,-9.18,1184.16,12.7,20.5,1679,-75.89,79.0,0.996
2021-01-28T07:42:12.000,11.16,-9.5,1092.02,12.78,20.5,1685,-75.82,79.0,0.996
2021-01-28T07:43:12.000,11.18,-9.33,1045.27,12.83,20.5,1686,-75.79,79.0,0.996
2021-01-28T07:45:13.000,11.18,-8.74,800.67,13.12,20.5,1688,-75.73,78.0,0.996
2021-01-28T07:46:13.000,11.21,-8.4,764.71,13.17,20.5,1689,-75.7,78.0,0.996
2021-01-28T07:47:13.000,11.17,-8.22,752.7,13.19,20.5,1690,-75.66,78.0,0.996
2021-01-28T07:48:13.000,11.16,-8.23,774.27,13.16,20.5,1691,-75.62,78.0,0.996
2021-01-28T07:49:20.000,11.14,-8.19,712.13,13.26,20.5,1692,-75.57,78.0,0.996
2021-01-28T07:51:21.000,11.15,-7.99,429.78,13.82,20.5,1694,-75.47,78.0,0.996
2021-01-28T07:52:21.000,11.15,-7.76,351.62,14.1,20.5,1695,-75.41,77.0,0.996
2021-01-28T07:53:21.000,11.17,-7.52,261.69,14.36,20.5,1696,-75.35,77.0,0.996
2021-01-28T07:54:21.000,11.21,-7.22,396.92,13.89,20.5,1697,-75.29,77.0,0.996
2021-01-28T07:55:22.000,11.19,-7.01,314.07,14.2,20.5,1698,-75.23,77.0,0.996
2021-01-28T07:57:22.000,11.19,-6.58,195.98,14.74,20.5,1700,-75.09,77.0,0.996
2021-01-28T07:58:22.000,11.2,-6.52,257.33,14.36,20.5,1701,-75.01,77.0,0.996
2021-01-28T07:59:22.000,11.16,-6.39,203.96,14.62,20.5,1702,-74.93,76.0,0.997
2021-01-28T08:00:23.000,11.19,-6.16,232.04,14.47,20.5,1703,-74.85,76.0,0.997
2021-01-28T08:01:23.000,11.18,-6.01,241.02,14.43,20.5,1704,-74.77,76.0,0.997
2021-01-28T08:02:23.000,11.24,-6.0,207.35,14.59,20.5,1705,-74.68,76.0,0.997
2021-01-28T08:03:23.000,11.23,-5.99,166.2,14.83,20.5,1706,-74.59,76.0,0.997
2021-01-28T08:04:23.000,11.25,-6.14,165.93,14.83,20.5,1707,-74.5,76.0,0.997
2021-01-28T08:05:24.000,11.28,-6.07,169.42,14.81,20.5,1708,-74.41,75.0,0.997
2021-01-28T08:06:24.000,11.24,-6.27,187.6,14.7,20.5,1709,-74.31,75.0,0.997
2021-01-28T08:07:24.000,11.26,-5.94,229.19,14.48,20.5,1710,-74.21,75.0,0.997
2021-01-28T08:08:24.000,11.25,-6.12,215.44,14.55,20.5,1711,-74.11,75.0,0.997
2021-01-28T08:09:25.000,11.26,-6.02,195.1,14.66,20.5,1712,-74.0,75.0,0.997
2021-01-28T08:10:25.000,11.24,-5.9,124.63,15.15,20.5,1713,-73.89,75.0,0.997
2021-01-28T08:11:25.000,11.23,-5.8,145.01,14.98,20.5,1714,-73.78,74.0,0.997
2021-01-28T08:12:25.000,11.24,-5.8,152.67,14.92,20.5,1715,-73.67,74.0,0.997
2021-01-28T08:13:26.000,11.26,-5.84,148.97,14.95,20.5,1716,-73.56,74.0,0.997
2021-01-28T08:14:26.000,11.25,-6.18,156.97,14.89,20.5,1717,-73.44,74.0,0.997
2021-01-28T08:15:26.000,11.27,-6.28,152.62,14.92,20.5,1718,-73.32,74.0,0.997
2021-01-28T08:16:26.000,11.28,-6.53,149.84,14.94,20.5,1719,-73.2,74.0,0.997
2021-01-28T08:17:27.000,11.31,-6.63,147.15,14.96,20.5,1720,-73.07,73.0,0.997
2021-01-28T08:18:27.000,11.29,-6.76,132.61,15.08,20.5,1721,-72.95,73.0,0.997
2021-01-28T08:19:27.000,11.3,-6.82,116.16,15.22,20.5,1722,-72.82,73.0,0.997
2021-01-28T08:20:27.000,11.3,-6.71,117.0,15.21,20.5,1723,-72.69,73.0,0.997
2021-01-28T08:21:27.000,11.3,-6.73,121.91,15.17,20.5,1724,-72.56,73.0,0.997
2021-01-28T08:23:34.000,11.26,-6.89,109.47,15.28,20.5,1726,-72.28,72.0,0.997
2021-01-28T08:24:34.000,11.26,-7.14,105.31,15.32,20.5,1727,-72.14,72.0,0.997
2021-01-28T08:25:34.000,11.23,-7.2,97.42,15.41,20.5,1728,-72.0,72.0,0.997
2021-01-28T08:26:35.000,11.23,-7.47,92.74,15.46,20.5,1729,-71.86,72.0,0.997
2021-01-28T08:27:35.000,11.23,-7.62,85.46,15.55,20.5,1730,-71.72,72.0,0.997
2021-01-28T08:28:35.000,11.21,-7.76,81.41,15.6,20.5,1731,-71.57,71.0,0.997
2021-01-28T08:30:35.000,11.24,-8.02,80.7,15.61,20.5,1733,-71.28,71.0,0.997
2021-01-28T08:31:35.000,11.24,-7.96,78.98,15.64,20.5,1734,-71.13,71.0,0.997
2021-01-28T08:32:36.000,11.2,-8.26,78.66,15.64,20.5,1735,-70.98,71.0,0.997
2021-01-28T08:33:36.000,11.17,-8.31,75.96,15.68,20.5,1736,-70.83,70.0,0.997
2021-01-28T08:34:36.000,11.17,-8.37,74.8,15.7,20.5,1737,-70.67,70.0,0.997
2021-01-28T08:35:36.000,11.15,-8.41,73.02,15.72,20.5,1738,-70.52,70.0,0.997
2021-01-28T08:37:37.000,11.2,-8.57,68.02,15.8,20.5,1740,-70.2,70.0,0.997
2021-01-28T08:38:37.000,11.22,-8.4,67.26,15.81,20.5,1741,-70.05,69.0,0.997
2021-01-28T08:39:37.000,11.17,-8.46,67.36,15.81,20.5,1742,-69.89,69.0,0.997
2021-01-28T08:40:37.000,11.16,-8.29,66.05,15.83,20.5,1743,-69.72,69.0,0.997
2021-01-28T08:41:37.000,11.15,-7.92,66.09,15.83,20.5,1744,-69.56,69.0,0.997
2021-01-28T08:47:38.000,11.23,-5.95,69.45,15.78,20.5,1750,-68.56,68.0,0.997
2021-01-28T08:50:38.000,11.33,-5.27,72.22,15.73,20.5,1753,-68.05,67.0,0.997
2021-01-28T08:51:39.000,11.39,-5.14,71.75,15.74,20.5,1754,-67.88,67.0,0.997
2021-01-28T08:52:39.000,11.43,-5.01,70.81,15.75,20.5,1755,-67.7,67.0,0.997
2021-01-28T08:53:39.000,11.44,-4.95,71.05,15.75,20.5,1756,-67.53,66.0,0.997
2021-01-28T08:54:39.000,11.43,-5.13,71.3,15.75,20.5,1757,-67.35,66.0,0.997
2021-01-28T08:55:40.000,11.43,-4.93,68.7,15.79,20.5,1758,-67.17,66.0,0.997
2021-01-28T08:56:40.000,11.38,-5.06,64.34,15.86,20.5,1759,-67.0,66.0,0.997
2021-01-28T08:57:40.000,11.4,-4.69,63.84,15.87,20.5,1760,-66.82,66.0,0.997
2021-01-28T08:58:40.000,11.35,-4.8,64.02,15.86,20.5,1761,-66.64,65.0,0.997
2021-01-28T08:59:40.000,11.4,-4.53,66.11,15.83,20.5,1762,-66.46,65.0,0.997
2021-01-28T09:00:41.000,11.42,-4.53,68.83,15.79,20.5,1763,-66.28,65.0,0.997
2021-01-28T09:01:41.000,11.43,-4.54,68.91,15.78,20.5,1764,-66.1,65.0,0.997
2021-01-28T09:02:41.000,11.45,-4.65,67.09,15.81,20.5,1765,-65.92,65.0,0.997
2021-01-28T09:03:41.000,11.42,-4.74,65.61,15.84,20.5,1766,-65.73,64.0,0.997
2021-01-28T09:04:41.000,11.42,-4.8,63.75,15.87,20.5,1767,-65.55,64.0,0.997
2021-01-28T09:05:41.000,11.39,-4.93,60.74,15.92,20.5,1768,-65.37,64.0,0.997
2021-01-28T09:06:42.000,11.39,-4.95,56.78,15.99,20.5,1769,-65.18,64.0,0.997
2021-01-28T09:07:42.000,11.4,-5.02,54.52,16.04,20.5,1770,-64.99,64.0,0.997
2021-01-28T09:08:42.000,11.45,-5.15,51.84,16.09,20.5,1771,-64.81,63.0,0.997
2021-01-28T09:09:43.000,11.42,-5.48,50.56,16.12,20.5,1772,-64.62,63.0,0.997
2021-01-28T09:10:44.000,11.41,-5.65,47.93,16.18,20.5,1773,-64.43,63.0,0.997
2021-01-28T09:11:44.000,11.37,-5.93,46.53,16.21,20.5,1774,-64.24,63.0,0.997
2021-01-28T09:12:44.000,11.4,-5.9,45.29,16.24,20.5,1775,-64.05,63.0,0.997
2021-01-28T09:18:45.000,11.48,-6.75,41.44,16.34,20.5,1781,-62.91,61.0,0.997
2021-01-28T09:19:45.000,11.5,-6.98,41.85,16.33,20.5,1782,-62.72,61.0,0.997
2021-01-28T09:20:46.000,11.5,-7.09,41.54,16.33,20.5,1783,-62.52,61.0,0.997
2021-01-28T09:21:46.000,11.48,-7.24,40.41,16.36,20.5,1784,-62.33,61.0,0.997
2021-01-28T09:22:46.000,11.51,-7.12,39.96,16.38,20.5,1785,-62.14,61.0,0.997
2021-01-28T09:23:47.000,11.54,-7.11,41.19,16.34,20.5,1786,-61.94,60.0,0.997
2021-01-28T09:24:47.000,11.49,-7.14,42.15,16.32,20.5,1787,-61.75,60.0,0.997
2021-01-28T09:25:47.000,11.52,-6.84,43.32,16.29,20.5,1788,-61.55,60.0,0.997
2021-01-28T09:26:47.000,11.47,-6.93,44.42,16.26,20.5,1789,-61.36,60.0,0.997
2021-01-28T09:27:47.000,11.5,-6.51,44.13,16.27,20.5,1790,-61.16,60.0,0.997
2021-01-28T09:28:48.000,11.49,-6.51,45.52,16.23,20.5,1791,-60.97,59.0,0.997
2021-01-28T09:31:48.000,11.51,-5.89,46.08,16.22,20.5,1794,-60.38,59.0,0.997
2021-01-28T09:37:49.000,11.6,-7.85,29.9,16.69,20.5,1800,-59.19,58.0,0.997
2021-01-28T09:38:49.000,11.58,-8.08,32.24,16.61,20.5,1801,-58.99,57.0,0.997
2021-01-28T09:40:50.000,11.58,-8.31,30.99,16.65,20.5,1803,-58.58,57.0,0.997
2021-01-28T09:41:49.000,11.58,-8.61,28.05,16.76,20.5,1804,-58.39,57.0,0.997
2021-01-28T09:42:50.000,11.58,-8.73,24.61,16.9,20.5,1805,-58.18,57.0,0.997
2021-01-28T09:43:50.000,11.56,-9.05,23.14,16.97,20.5,1806,-57.98,56.0,0.997
2021-01-28T09:44:50.000,11.5,-9.21,22.06,17.02,20.5,1807,-57.78,56.0,0.997
2021-01-28T09:45:51.000,11.51,-9.27,20.44,17.1,20.5,1808,-57.58,56.0,0.997
2021-01-28T09:46:50.000,11.5,-9.35,19.71,17.14,20.5,1809,-57.38,56.0,0.997
2021-01-28T09:47:51.000,11.46,-9.52,21.07,17.07,20.5,1810,-57.17,55.0,0.997
2021-01-28T09:48:51.000,11.43,-9.34,21.74,17.04,20.5,1811,-56.97,55.0,0.997
2021-01-28T09:49:51.000,11.43,-9.25,20.92,17.08,20.5,1812,-56.77,55.0,0.997
2021-01-28T09:50:52.000,11.41,-9.12,20.45,17.1,20.5,1813,-56.56,55.0,0.997
2021-01-28T09:51:52.000,11.42,-8.81,22.64,17.0,20.5,1814,-56.36,55.0,0.997
2021-01-28T09:52:52.000,11.42,-8.47,26.5,16.82,20.5,1815,-56.16,54.0,0.997
2021-01-28T09:53:52.000,11.39,-8.28,23.98,16.93,20.5,1816,-55.96,54.0,0.997
2021-01-28T09:54:52.000,11.37,-8.14,25.31,16.87,20.5,1817,-55.75,54.0,0.997
2021-01-28T09:55:53.000,11.39,-7.78,24.17,16.92,20.5,1818,-55.55,54.0,0.997
2021-01-28T09:56:53.000,11.39,-7.79,25.11,16.88,20.5,1819,-55.34,54.0,0.997
2021-01-28T09:57:53.000,11.4,-7.73,26.35,16.83,20.5,1820,-55.14,53.0,0.997
2021-01-28T09:58:53.000,11.4,-7.72,26.26,16.83,20.5,1821,-54.93,53.0,0.997
2021-01-28T10:00:54.000,11.4,-7.87,24.27,16.92,20.5,1823,-54.52,53.0,0.997
2021-01-28T10:02:54.000,11.37,-7.95,24.52,16.91,20.5,1825,-54.11,52.0,0.997
2021-01-28T10:04:55.000,11.39,-8.03,22.97,16.98,20.5,1827,-53.7,52.0,0.997
2021-01-28T10:05:55.000,11.38,-8.26,22.44,17.0,20.5,1828,-53.49,52.0,0.997
2021-01-28T10:06:55.000,11.42,-8.27,21.29,17.06,20.5,1829,-53.29,52.0,0.997
2021-01-28T10:07:55.000,11.45,-8.45,19.68,17.15,20.5,1830,-53.08,51.0,0.997
2021-01-28T10:08:56.000,11.46,-8.79,18.12,17.23,20.5,1831,-52.87,51.0,0.997
2021-01-28T10:09:56.000,11.45,-9.12,16.82,17.32,20.5,1832,-52.66,51.0,0.997
2021-01-28T10:10:56.000,11.43,-9.33,15.05,17.44,20.5,1833,-52.46,51.0,0.997
2021-01-28T10:11:57.000,11.43,-9.69,14.06,17.51,20.5,1834,-52.25,51.0,0.997
2021-01-28T10:12:57.000,11.41,-9.85,13.28,17.57,20.5,1835,-52.04,50.0,0.997
2021-01-28T10:13:57.000,11.42,-10.12,12.44,17.64,20.5,1836,-51.83,50.0,0.997
2021-01-28T10:14:58.000,11.36,-10.4,11.73,17.71,20.5,1837,-51.62,50.0,0.997
2021-01-28T10:15:58.000,11.3,-10.46,11.32,17.75,20.5,1838,-51.42,50.0,0.997
2021-01-28T10:16:58.000,11.23,-10.52,11.43,17.73,20.5,1839,-51.21,49.0,0.997
2021-01-28T10:20:59.000,11.14,-9.53,14.97,17.44,20.5,1843,-50.38,49.0,0.997
2021-01-28T10:21:59.000,11.12,-9.33,15.91,17.38,20.5,1844,-50.17,48.0,0.997
2021-01-28T10:23:00.000,11.12,-9.03,16.36,17.35,20.5,1845,-49.96,48.0,0.997
2021-01-28T10:24:00.000,11.16,-8.83,16.28,17.35,20.5,1846,-49.75,48.0,0.997
2021-01-28T10:25:00.000,11.19,-8.73,15.95,17.37,20.5,1847,-49.54,48.0,0.997
2021-01-28T10:26:01.000,11.22,-8.84,15.49,17.4,20.5,1848,-49.33,48.0,0.997
2021-01-28T10:27:01.000,11.19,-8.84,15.39,17.41,20.5,1849,-49.12,47.0,0.997
2021-01-28T10:28:01.000,11.19,-8.77,14.86,17.45,20.5,1850,-48.91,47.0,0.997
2021-01-28T10:29:01.000,11.21,-8.69,14.55,17.47,20.5,1851,-48.7,47.0,0.997
2021-01-28T10:30:02.000,11.22,-8.61,14.68,17.46,20.5,1852,-48.49,47.0,0.997
2021-01-28T10:31:02.000,11.21,-8.41,15.2,17.43,20.5,1853,-48.28,47.0,0.997
2021-01-28T10:32:02.000,11.2,-8.31,15.91,17.38,20.5,1854,-48.07,46.0,0.997
2021-01-28T10:33:02.000,11.17,-8.1,16.83,17.32,20.5,1855,-47.86,46.0,0.997
2021-01-28T10:34:02.000,11.15,-8.23,17.68,17.26,20.5,1856,-47.65,46.0,0.997
2021-01-28T10:35:03.000,11.11,-8.08,17.84,17.25,20.5,1857,-47.44,46.0,0.997
2021-01-28T10:36:03.000,11.14,-7.91,18.68,17.2,20.5,1858,-47.23,46.0,0.997
2021-01-28T10:37:03.000,11.14,-8.21,19.73,17.14,20.5,1859,-47.02,45.0,0.997
2021-01-28T10:38:03.000,11.15,-8.26,19.81,17.14,20.5,1860,-46.81,45.0,0.997
2021-01-28T10:39:03.000,11.13,-8.7,18.72,17.2,20.5,1861,-46.6,45.0,0.998
2021-01-28T10:40:04.000,11.1,-8.88,16.78,17.32,20.5,1862,-46.39,45.0,0.998
2021-01-28T10:41:04.000,11.13,-9.04,14.62,17.47,20.5,1863,-46.18,44.0,0.998
2021-01-28T10:42:04.000,11.11,-9.38,14.1,17.51,20.5,1864,-45.97,44.0,0.998
2021-01-28T10:43:04.000,11.11,-9.25,14.47,17.48,20.5,1865,-45.76,44.0,0.998
2021-01-28T10:44:04.000,11.15,-9.1,16.31,17.35,20.5,1866,-45.55,44.0,0.998
2021-01-28T10:45:05.000,11.13,-8.98,18.67,17.2,20.5,1867,-45.34,44.0,0.998
2021-01-28T10:46:05.000,11.12,-8.76,19.31,17.17,20.5,1868,-45.13,43.0,0.998
2021-01-28T10:47:05.000,11.13,-8.62,20.28,17.11,20.5,1869,-44.92,43.0,0.998
2021-01-28T10:48:05.000,11.13,-8.37,20.37,17.11,20.5,1870,-44.71,43.0,0.998
2021-01-28T10:49:06.000,11.16,-8.18,20.11,17.12,20.5,1871,-44.49,43.0,0.998
2021-01-28T10:50:06.000,11.2,-8.11,19.03,17.18,20.5,1872,-44.28,43.0,0.998
2021-01-28T10:51:06.000,11.19,-7.92,18.81,17.19,20.5,1873,-44.07,42.0,0.998
2021-01-28T10:52:06.000,11.23,-7.66,18.73,17.2,20.5,1874,-43.86,42.0,0.998
2021-01-28T10:53:06.000,11.25,-7.5,19.86,17.14,20.5,1875,-43.65,42.0,0.998
2021-01-28T10:54:07.000,11.28,-7.12,21.32,17.06,20.5,1876,-43.44,42.0,0.998
2021-01-28T10:55:07.000,11.29,-6.84,21.94,17.03,20.5,1877,-43.23,42.0,0.998
2021-01-28T10:56:07.000,11.36,-6.54,22.07,17.02,20.5,1878,-43.01,41.0,0.998
2021-01-28T10:57:07.000,11.35,-6.26,22.63,16.99,20.5,1879,-42.8,41.0,0.998
2021-01-28T10:59:08.000,11.37,-5.73,27.25,16.79,20.5,1881,-42.38,41.0,0.998
2021-01-28T11:03:09.000,11.52,-5.67,23.79,16.94,20.5,1885,-41.53,40.0,0.998
2021-01-28T11:04:09.000,11.52,-5.76,25.01,16.88,20.5,1886,-41.32,40.0,0.998
2021-01-28T11:05:09.000,11.57,-5.57,25.1,16.88,20.5,1887,-41.11,40.0,0.998
2021-01-28T11:06:10.000,11.57,-5.75,24.24,16.92,20.5,1888,-40.89,39.0,0.998
2021-01-28T11:07:10.000,11.58,-5.68,24.15,16.92,20.5,1889,-40.68,39.0,0.998
2021-01-28T11:08:10.000,11.59,-5.53,24.04,16.93,20.5,1890,-40.47,39.0,0.998
2021-01-28T11:09:10.000,11.6,-5.58,24.13,16.92,20.5,1891,-40.26,39.0,0.998
2021-01-28T11:10:10.000,11.62,-5.23,25.05,16.88,20.5,1892,-40.05,38.0,0.998
2021-01-28T11:11:11.000,11.67,-4.98,25.7,16.86,20.5,1893,-39.83,38.0,0.998
2021-01-28T11:12:11.000,11.67,-4.98,26.13,16.84,20.5,1894,-39.62,38.0,0.998
2021-01-28T11:13:11.000,11.66,-4.82,26.93,16.8,20.5,1895,-39.41,38.0,0.998
2021-01-28T11:14:11.000,11.73,-4.68,27.51,16.78,20.5,1896,-39.2,38.0,0.998
2021-01-28T11:15:11.000,11.66,-4.98,27.22,16.79,20.5,1897,-38.99,37.0,0.998
2021-01-28T11:16:12.000,11.71,-4.82,25.93,16.85,20.5,1898,-38.77,37.0,0.998
2021-01-28T11:19:12.000,11.75,-5.84,21.69,17.04,20.5,1901,-38.14,37.0,0.998
2021-01-28T11:20:13.000,11.77,-6.13,20.84,17.08,20.5,1902,-37.92,36.0,0.998
2021-01-28T11:21:13.000,11.79,-6.45,19.1,17.18,20.5,1903,-37.71,36.0,0.998
2021-01-28T11:23:14.000,11.73,-7.34,15.99,17.37,20.5,1905,-37.29,36.0,0.998
2021-01-28T11:29:14.000,11.63,-7.98,15.64,17.39,20.5,1911,-36.02,35.0,0.998
2021-01-28T11:36:15.000,11.46,-5.63,26.23,16.83,20.5,1918,-34.53,33.0,0.998
2021-01-28T11:37:16.000,11.51,-5.01,30.94,16.65,20.5,1919,-34.32,33.0,0.998
2021-01-28T11:38:16.000,11.55,-4.71,32.8,16.59,20.5,1920,-34.11,33.0,0.998
2021-01-28T11:39:16.000,11.57,-4.3,32.4,16.6,20.5,1921,-33.9,33.0,0.998
2021-01-28T11:40:16.000,11.6,-4.12,31.74,16.63,20.5,1922,-33.68,32.0,0.998
2021-01-28T11:41:17.000,11.57,-4.07,28.9,16.73,20.5,1923,-33.47,32.0,0.998
2021-01-28T11:42:17.000,11.56,-3.86,28.35,16.75,20.5,1924,-33.26,32.0,0.998
2021-01-28T11:43:17.000,11.52,-3.61,30.03,16.69,20.5,1925,-33.05,32.0,0.998
