Downloads/jupyter/ECSV/stars19/stars19_2024-02.ecsv
# %ECSV 1.0
# ---
# datatype:
# - {name: time, datatype: string}
# - {name: Enclosure Temperature, unit: deg_C, datatype: float64}
# - {name: Sky Temperature, unit: deg_C, datatype: float64}
# - {name: Frequency, unit: Hz, datatype: float64}
# - {name: MSAS, unit: mag / arcsec2, datatype: float64}
# - {name: ZP, datatype: float64}
# - {name: Sequence Number, datatype: int64}
# - {name: Sun Alt, unit: deg, datatype: float64}
# - {name: Moon Alt, unit: deg, datatype: float64}
# - {name: Moon Illumination, datatype: float64}
# delimiter: ','
# meta: !!omap
# - ida:
#     Data supplier: {affiliation: null, observer: null}
#     Device type: TESS-W
#     Field of view: 17.0
#     Filters per channel: None
#     Instrument ID: stars19
#     License: ODbL 1.0 http://opendatacommons.org/licenses/odbl/summary/
#     Local timezone: America/Phoenix
#     Location name: {country: '- Tucson', place: Tucson, region: United States, sub_region: Arizona, town: Pima County}
#     Measurement direction per channel: {azimuth: 0.0, zenital: 0.0}
#     Moving / Fixed look direction: FIXED
#     Moving / Stationary position: STATIONARY
#     Number of channels: 1
#     Number of fields per line: 8
#     Number of header lines: 35
#     Position: {height: 0.0, latitude: 32.223877, longitude: -110.767532}
#     TESS MAC address: 18:FE:34:CF:EC:06
#     TESS cover offset value: 0.0
#     TESS firmware version: '1.0'
#     TESS zero point: 20.38
#     Time Synchronization: timestamp added by MQTT subscriber
#     URL: http://www.darksky.org/NSBM/sdf1.0.pdf
# - __serialized_columns__:
#     Enclosure Temperature:
#       __class__: astropy.units.quantity.Quantity
#       unit: &id001 !astropy.units.Unit {unit: deg_C}
#       value: !astropy.table.SerializedColumn {name: Enclosure Temperature}
#     Frequency:
#       __class__: astropy.units.quantity.Quantity
#       unit: !astropy.units.Unit {unit: Hz}
#       value: !astropy.table.SerializedColumn {name: Frequency}
#     MSAS:
#       __class__: astropy.units.quantity.Quantity
#       unit: !astropy.units.Unit {unit: mag / arcsec2}
#       value: !astropy.table.SerializedColumn {name: MSAS}
#     Moon Alt:
#       __class__: astropy.units.quantity.Quantity
#       unit: &id002 !astropy.units.Unit {unit: deg}
#       value: !astropy.table.SerializedColumn {name: Moon Alt}
#     Sky Temperature:
#       __class__: astropy.units.quantity.Quantity
#       unit: *id001
#       value: !astropy.table.SerializedColumn {name: Sky Temperature}
#     Sun Alt:
#       __class__: astropy.units.quantity.Quantity
#       unit: *id002
#       value: !astropy.table.SerializedColumn {name: Sun Alt}
#     time:
#       __class__: astropy.time.core.Time
#       format: isot
#       in_subfmt: '*'
#       out_subfmt: '*'
#       precision: 3
#       scale: utc
#       value: !astropy.table.SerializedColumn {name: time}
# schema: astropy-2.0
time,Enclosure Temperature,Sky Temperature,Frequency,MSAS,ZP,Sequence Number,Sun Alt,Moon Alt,Moon Illumination
[from data line 10184]
2024-02-12T09:23:47.000,10.15,-17.2,1.63,19.85,20.38,192707,-59.5,-60.0,0.088
2024-02-12T09:24:48.000,10.72,-17.52,1.63,19.85,20.38,192708,-59.31,-60.0,0.088
2024-02-12T09:25:48.000,10.64,-18.34,1.63,19.85,20.38,192709,-59.13,-60.0,0.088
2024-02-12T09:26:48.000,10.18,-18.73,1.63,19.85,20.38,192710,-58.95,-60.0,0.088
2024-02-12T09:27:48.000,9.88,-18.19,1.63,19.85,20.38,192711,-58.76,-60.0,0.088
2024-02-12T09:28:49.000,10.51,-17.41,1.63,19.85,20.38,192712,-58.58,-60.0,0.088
2024-02-12T09:29:49.000,10.9,-18.18,1.63,19.85,20.38,192713,-58.39,-60.0,0.088
2024-02-12T09:30:49.000,10.77,-18.32,1.63,19.85,20.38,192714,-58.21,-60.0,0.088
2024-02-12T09:31:49.000,10.29,-19.04,1.63,19.85,20.38,192715,-58.02,-61.0,0.088
2024-02-12T09:32:49.000,9.79,-18.81,1.63,19.85,20.38,192716,-57.84,-61.0,0.088
2024-02-12T09:33:49.000,10.33,-17.65,1.63,19.85,20.38,192717,-57.65,-61.0,0.088
2024-02-12T09:34:49.000,10.85,-18.2,1.63,19.85,20.38,192718,-57.46,-61.0,0.088
2024-02-12T09:35:51.000,10.66,-18.88,1.63,19.85,20.38,192719,-57.27,-61.0,0.088
2024-02-12T09:36:53.000,10.17,-18.86,1.63,19.85,20.38,192720,-57.07,-61.0,0.088
2024-02-12T09:38:53.000,10.52,-17.51,1.63,19.85,20.38,192722,-56.7,-61.0,0.088
2024-02-12T09:39:53.000,10.67,-19.38,1.63,19.85,20.38,192723,-56.51,-61.0,0.089
2024-02-12T09:40:53.000,10.35,-18.76,1.63,19.85,20.38,192724,-56.32,-61.0,0.089
2024-02-12T09:41:53.000,10.0,-18.58,1.63,19.85,20.38,192725,-56.12,-61.0,0.089
2024-02-12T09:42:53.000,9.92,-18.18,1.63,19.85,20.38,192726,-55.93,-61.0,0.089
2024-02-12T09:43:53.000,10.53,-17.94,1.63,19.85,20.38,192727,-55.74,-61.0,0.089
2024-02-12T09:44:53.000,10.8,-18.2,1.63,19.85,20.38,192728,-55.55,-61.0,0.089
2024-02-12T09:45:53.000,10.57,-18.55,1.63,19.85,20.38,192729,-55.36,-61.0,0.089
2024-02-12T09:46:53.000,10.13,-18.69,1.63,19.85,20.38,192730,-55.17,-61.0,0.089
2024-02-12T09:47:54.000,9.88,-18.08,1.63,19.85,20.38,192731,-54.97,-61.0,0.089
2024-02-12T09:48:54.000,10.57,-17.41,1.63,19.85,20.38,192732,-54.78,-61.0,0.089
2024-02-12T09:49:55.000,10.77,-18.57,1.63,19.85,20.38,192733,-54.58,-61.0,0.089
2024-02-12T09:50:58.000,10.4,-18.83,1.63,19.85,20.38,192734,-54.38,-61.0,0.089
2024-02-12T09:51:57.000,9.83,-19.17,1.63,19.85,20.38,192735,-54.18,-61.0,0.089
2024-02-12T09:52:57.000,10.14,-17.59,1.63,19.85,20.38,192736,-53.99,-61.0,0.089
2024-02-12T09:53:58.000,10.94,-17.67,1.62,19.85,20.38,192737,-53.79,-61.0,0.089
2024-02-12T09:54:58.000,10.92,-18.67,1.63,19.85,20.38,192738,-53.6,-61.0,0.089
2024-02-12T09:55:58.000,10.53,-18.74,1.63,19.85,20.38,192739,-53.4,-61.0,0.089
2024-02-12T09:56:58.000,9.93,-18.93,1.62,19.85,20.38,192740,-53.2,-61.0,0.089
2024-02-12T09:58:58.000,10.74,-17.99,1.62,19.85,20.38,192742,-52.81,-61.0,0.089
2024-02-12T09:59:58.000,10.75,-18.36,1.62,19.85,20.38,192743,-52.61,-61.0,0.089
2024-02-12T10:00:58.000,10.43,-18.85,1.62,19.85,20.38,192744,-52.41,-61.0,0.09
2024-02-12T10:01:59.000,9.96,-18.7,1.62,19.85,20.38,192745,-52.21,-61.0,0.09
2024-02-12T10:02:59.000,10.1,-17.83,1.62,19.85,20.38,192746,-52.02,-60.0,0.09
2024-02-12T10:03:59.000,10.63,-18.34,1.62,19.85,20.38,192747,-51.82,-60.0,0.09
2024-02-12T10:04:59.000,10.6,-18.31,1.62,19.85,20.38,192748,-51.62,-60.0,0.09
2024-02-12T10:05:59.000,10.35,-18.47,1.62,19.86,20.38,192749,-51.42,-60.0,0.09
2024-02-12T10:06:59.000,9.95,-18.51,1.62,19.86,20.38,192750,-51.22,-60.0,0.09
2024-02-12T10:08:59.000,10.77,-17.73,1.62,19.86,20.38,192752,-50.82,-60.0,0.09
2024-02-12T10:10:00.000,10.7,-18.35,1.62,19.86,20.38,192753,-50.62,-60.0,0.09
2024-02-12T10:11:00.000,10.3,-18.77,1.62,19.86,20.38,192754,-50.42,-60.0,0.09
2024-02-12T10:12:00.000,9.84,-18.93,1.62,19.86,20.38,192755,-50.22,-60.0,0.09
2024-02-12T10:13:00.000,10.21,-17.5,1.62,19.86,20.38,192756,-50.02,-60.0,0.09
2024-02-12T10:14:00.000,10.85,-18.34,1.62,19.86,20.38,192757,-49.81,-60.0,0.09
2024-02-12T10:15:00.000,10.74,-18.95,1.62,19.86,20.38,192758,-49.61,-60.0,0.09
2024-02-12T10:16:01.000,10.35,-18.84,1.62,19.86,20.38,192759,-49.41,-60.0,0.09
2024-02-12T10:17:02.000,9.96,-18.41,1.62,19.86,20.38,192760,-49.2,-60.0,0.09
2024-02-12T10:18:02.000,10.17,-17.52,1.62,19.86,20.38,192761,-49.0,-60.0,0.09
2024-02-12T10:19:02.000,10.77,-17.76,1.62,19.86,20.38,192762,-48.8,-60.0,0.09
2024-02-12T10:20:04.000,10.72,-18.33,1.62,19.86,20.38,192763,-48.59,-60.0,0.09
2024-02-12T10:21:05.000,10.32,-18.5,1.61,19.86,20.38,192764,-48.38,-60.0,0.091
2024-02-12T10:22:05.000,9.96,-18.23,1.61,19.86,20.38,192765,-48.18,-60.0,0.091
2024-02-12T10:23:05.000,10.12,-17.65,1.62,19.86,20.38,192766,-47.98,-60.0,0.091
2024-02-12T10:24:05.000,10.69,-17.97,1.61,19.86,20.38,192767,-47.77,-60.0,0.091
2024-02-12T10:25:06.000,10.73,-18.37,1.61,19.86,20.38,192768,-47.57,-59.0,0.091
2024-02-12T10:26:06.000,10.26,-19.14,1.61,19.86,20.38,192769,-47.36,-59.0,0.091
2024-02-12T10:27:06.000,9.95,-18.18,1.61,19.86,20.38,192770,-47.16,-59.0,0.091
2024-02-12T10:28:07.000,10.41,-17.48,1.61,19.86,20.38,192771,-46.95,-59.0,0.091
2024-02-12T10:29:09.000,10.74,-17.97,1.61,19.86,20.38,192772,-46.74,-59.0,0.091
2024-02-12T10:30:09.000,10.55,-18.41,1.61,19.86,20.38,192773,-46.54,-59.0,0.091
2024-02-12T10:33:10.000,10.51,-17.61,1.63,19.85,20.38,192776,-45.92,-59.0,0.091
2024-02-12T10:34:10.000,10.84,-18.24,1.63,19.85,20.38,192777,-45.71,-59.0,0.091
2024-02-12T10:37:12.000,9.76,-18.43,1.63,19.85,20.38,192780,-45.09,-59.0,0.091
2024-02-12T10:38:12.000,10.78,-17.51,1.62,19.85,20.38,192781,-44.88,-59.0,0.091
2024-02-12T10:39:12.000,11.12,-18.4,1.62,19.85,20.38,192782,-44.68,-58.0,0.091
2024-02-12T10:40:12.000,10.82,-19.13,1.63,19.85,20.38,192783,-44.47,-58.0,0.091
2024-02-12T10:41:12.000,10.29,-18.96,1.62,19.85,20.38,192784,-44.26,-58.0,0.091
2024-02-12T10:42:12.000,9.83,-18.78,1.63,19.85,20.38,192785,-44.06,-58.0,0.092
2024-02-12T10:43:12.000,10.23,-17.64,1.63,19.85,20.38,192786,-43.85,-58.0,0.092
2024-02-12T10:44:12.000,10.88,-18.27,1.63,19.85,20.38,192787,-43.64,-58.0,0.092
2024-02-12T10:45:12.000,10.76,-18.6,1.63,19.85,20.38,192788,-43.44,-58.0,0.092
2024-02-12T10:47:13.000,9.64,-19.69,1.63,19.85,20.38,192790,-43.02,-58.0,0.092
2024-02-12T10:48:13.000,10.16,-17.92,1.63,19.85,20.38,192791,-42.81,-58.0,0.092
2024-02-12T10:50:14.000,11.12,-18.98,1.63,19.85,20.38,192793,-42.39,-57.0,0.092
2024-02-12T10:51:14.000,10.57,-19.03,1.63,19.85,20.38,192794,-42.19,-57.0,0.092
2024-02-12T10:52:14.000,10.13,-18.74,1.63,19.85,20.38,192795,-41.98,-57.0,0.092
2024-02-12T10:53:14.000,9.93,-17.93,1.63,19.85,20.38,192796,-41.77,-57.0,0.092
2024-02-12T10:54:14.000,10.56,-17.42,1.63,19.85,20.38,192797,-41.56,-57.0,0.092
2024-02-12T10:55:15.000,10.78,-18.25,1.63,19.85,20.38,192798,-41.35,-57.0,0.092
2024-02-12T10:56:16.000,10.4,-18.94,1.63,19.85,20.38,192799,-41.14,-57.0,0.092
2024-02-12T10:57:16.000,9.96,-18.65,1.63,19.85,20.38,192800,-40.93,-57.0,0.092
2024-02-12T10:58:16.000,10.13,-17.53,1.63,19.85,20.38,192801,-40.72,-57.0,0.092
2024-02-12T10:59:16.000,10.78,-17.48,1.63,19.85,20.38,192802,-40.51,-57.0,0.092
2024-02-12T11:00:17.000,10.73,-18.56,1.63,19.85,20.38,192803,-40.3,-56.0,0.092
2024-02-12T11:01:17.000,10.34,-18.62,1.63,19.85,20.38,192804,-40.09,-56.0,0.092
2024-02-12T11:02:17.000,9.86,-18.77,1.63,19.85,20.38,192805,-39.89,-56.0,0.093
2024-02-12T11:04:17.000,10.77,-18.13,1.63,19.85,20.38,192807,-39.47,-56.0,0.093
2024-02-12T11:05:17.000,10.7,-18.35,1.63,19.85,20.38,192808,-39.26,-56.0,0.093
2024-02-12T11:06:17.000,10.34,-18.82,1.63,19.85,20.38,192809,-39.05,-56.0,0.093
2024-02-12T11:07:17.000,9.9,-18.53,1.63,19.85,20.38,192810,-38.84,-56.0,0.093
2024-02-12T11:08:17.000,10.25,-17.54,1.63,19.85,20.38,192811,-38.63,-56.0,0.093
2024-02-12T11:09:17.000,10.7,-18.55,1.63,19.85,20.38,192812,-38.42,-55.0,0.093
2024-02-12T11:12:18.000,9.88,-18.26,1.64,19.84,20.38,192815,-37.79,-55.0,0.093
2024-02-12T11:14:20.000,10.68,-18.64,1.63,19.85,20.38,192817,-37.36,-55.0,0.093
2024-02-12T11:15:21.000,10.3,-18.97,1.64,19.84,20.38,192818,-37.15,-55.0,0.093
2024-02-12T11:16:21.000,9.86,-18.82,1.64,19.84,20.38,192819,-36.94,-55.0,0.093
2024-02-12T11:17:21.000,10.22,-17.85,1.64,19.84,20.38,192820,-36.73,-54.0,0.093
2024-02-12T11:18:21.000,10.71,-18.8,1.64,19.84,20.38,192821,-36.52,-54.0,0.093
2024-02-12T11:19:21.000,10.5,-19.17,1.64,19.84,20.38,192822,-36.31,-54.0,0.093
2024-02-12T11:20:22.000,10.1,-19.08,1.64,19.84,20.38,192823,-36.09,-54.0,0.093
2024-02-12T11:21:22.000,9.81,-18.53,1.65,19.84,20.38,192824,-35.88,-54.0,0.093
2024-02-12T11:22:22.000,10.54,-17.84,1.65,19.84,20.38,192825,-35.67,-54.0,0.093
2024-02-12T11:23:22.000,10.87,-18.8,1.65,19.84,20.38,192826,-35.46,-54.0,0.094
2024-02-12T11:24:22.000,10.56,-19.34,1.65,19.84,20.38,192827,-35.25,-53.0,0.094
2024-02-12T11:25:22.000,9.97,-19.28,1.65,19.84,20.38,192828,-35.04,-53.0,0.094
2024-02-12T11:26:22.000,9.96,-18.41,1.65,19.84,20.38,192829,-34.83,-53.0,0.094
2024-02-12T11:27:22.000,10.63,-18.35,1.65,19.84,20.38,192830,-34.62,-53.0,0.094
2024-02-12T11:28:22.000,10.78,-18.89,1.65,19.84,20.38,192831,-34.41,-53.0,0.094
2024-02-12T11:29:24.000,10.42,-19.18,1.65,19.84,20.38,192832,-34.19,-53.0,0.094
2024-02-12T11:30:24.000,9.87,-19.28,1.65,19.84,20.38,192833,-33.98,-53.0,0.094
2024-02-12T11:31:24.000,9.99,-18.18,1.64,19.84,20.38,192834,-33.77,-53.0,0.094
2024-02-12T11:32:24.000,10.72,-18.54,1.65,19.84,20.38,192835,-33.56,-52.0,0.094
2024-02-12T11:33:24.000,10.87,-18.81,1.65,19.84,20.38,192836,-33.35,-52.0,0.094
2024-02-12T11:34:24.000,10.47,-19.39,1.65,19.84,20.38,192837,-33.14,-52.0,0.094
2024-02-12T11:35:24.000,9.89,-19.3,1.65,19.84,20.38,192838,-32.93,-52.0,0.094
2024-02-12T11:36:24.000,10.03,-18.7,1.65,19.84,20.38,192839,-32.72,-52.0,0.094
2024-02-12T11:37:24.000,10.77,-18.57,1.65,19.84,20.38,192840,-32.5,-52.0,0.094
2024-02-12T11:38:24.000,10.86,-19.14,1.66,19.83,20.38,192841,-32.29,-52.0,0.094
2024-02-12T11:39:24.000,10.54,-19.12,1.66,19.83,20.38,192842,-32.08,-51.0,0.094
2024-02-12T11:40:24.000,10.02,-19.38,1.66,19.83,20.38,192843,-31.87,-51.0,0.094
2024-02-12T11:41:24.000,9.8,-18.88,1.66,19.83,20.38,192844,-31.66,-51.0,0.094
2024-02-12T11:42:24.000,10.66,-17.74,1.66,19.83,20.38,192845,-31.45,-51.0,0.094
2024-02-12T11:43:24.000,10.97,-19.61,1.66,19.83,20.38,192846,-31.24,-51.0,0.095
2024-02-12T11:44:24.000,10.46,-19.75,1.66,19.83,20.38,192847,-31.03,-51.0,0.095
2024-02-12T11:45:25.000,10.01,-19.54,1.66,19.83,20.38,192848,-30.81,-50.0,0.095
2024-02-12T11:46:25.000,9.92,-18.68,1.66,19.83,20.38,192849,-30.6,-50.0,0.095
2024-02-12T11:47:25.000,10.59,-18.44,1.66,19.83,20.38,192850,-30.39,-50.0,0.095
2024-02-12T11:48:25.000,10.63,-19.16,1.66,19.83,20.38,192851,-30.18,-50.0,0.095
2024-02-12T11:49:25.000,10.24,-19.22,1.66,19.83,20.38,192852,-29.97,-50.0,0.095
2024-02-12T11:51:27.000,10.27,-18.33,1.66,19.83,20.38,192854,-29.54,-50.0,0.095
2024-02-12T11:52:27.000,10.77,-18.66,1.66,19.83,20.38,192855,-29.32,-49.0,0.095
2024-02-12T11:55:27.000,9.79,-18.94,1.66,19.83,20.38,192858,-28.69,-49.0,0.095
2024-02-12T11:57:36.000,10.7,-19.14,1.66,19.83,20.38,192860,-28.23,-49.0,0.095
2024-02-12T11:58:36.000,10.28,-19.83,1.66,19.83,20.38,192861,-28.02,-48.0,0.095
2024-02-12T11:59:36.000,9.85,-18.96,1.66,19.83,20.38,192862,-27.81,-48.0,0.095
2024-02-12T12:00:39.000,10.43,-18.03,1.66,19.83,20.38,192863,-27.59,-48.0,0.095
2024-02-12T12:01:39.000,10.67,-19.19,1.66,19.83,20.38,192864,-27.38,-48.0,0.095
2024-02-12T12:02:39.000,10.22,-19.49,1.66,19.83,20.38,192865,-27.17,-48.0,0.095
2024-02-12T12:03:39.000,9.74,-19.49,1.68,19.82,20.38,192866,-26.95,-48.0,0.096
2024-02-12T12:04:39.000,10.24,-18.17,1.66,19.83,20.38,192867,-26.74,-47.0,0.096
2024-02-12T12:05:39.000,10.81,-18.64,1.66,19.83,20.38,192868,-26.53,-47.0,0.096
2024-02-12T12:06:39.000,10.67,-19.21,1.66,19.83,20.38,192869,-26.32,-47.0,0.096
2024-02-12T12:07:40.000,10.16,-19.74,1.66,19.83,20.38,192870,-26.1,-47.0,0.096
2024-02-12T12:08:40.000,9.72,-18.86,1.66,19.83,20.38,192871,-25.89,-47.0,0.096
2024-02-12T12:09:40.000,10.37,-18.76,1.66,19.83,20.38,192872,-25.68,-47.0,0.096
2024-02-12T12:10:40.000,10.61,-19.4,1.66,19.83,20.38,192873,-25.47,-46.0,0.096
2024-02-12T12:11:41.000,10.23,-20.19,1.67,19.83,20.38,192874,-25.25,-46.0,0.096
2024-02-12T12:12:41.000,9.86,-19.11,1.67,19.83,20.38,192875,-25.04,-46.0,0.096
2024-02-12T12:13:41.000,10.4,-18.4,1.67,19.83,20.38,192876,-24.83,-46.0,0.096
2024-02-12T12:14:42.000,10.65,-18.83,1.67,19.83,20.38,192877,-24.62,-46.0,0.096
2024-02-12T12:15:42.000,10.33,-19.3,1.66,19.83,20.38,192878,-24.4,-46.0,0.096
2024-02-12T12:16:43.000,9.78,-19.8,1.66,19.83,20.38,192879,-24.19,-45.0,0.096
2024-02-12T12:17:43.000,9.97,-19.05,1.67,19.83,20.38,192880,-23.98,-45.0,0.096
2024-02-12T12:18:42.000,10.83,-18.31,1.67,19.82,20.38,192881,-23.77,-45.0,0.096
2024-02-12T12:19:42.000,11.05,-18.87,1.67,19.82,20.38,192882,-23.56,-45.0,0.096
2024-02-12T12:20:44.000,10.74,-19.18,1.67,19.82,20.38,192883,-23.34,-45.0,0.096
2024-02-12T12:21:44.000,10.17,-19.37,1.67,19.82,20.38,192884,-23.13,-45.0,0.096
2024-02-12T12:22:44.000,9.79,-18.97,1.67,19.82,20.38,192885,-22.92,-44.0,0.096
2024-02-12T12:23:44.000,10.35,-18.22,1.67,19.82,20.38,192886,-22.71,-44.0,0.097
2024-02-12T12:24:44.000,10.74,-19.13,1.67,19.82,20.38,192887,-22.49,-44.0,0.097
2024-02-12T12:25:44.000,10.45,-19.59,1.67,19.82,20.38,192888,-22.28,-44.0,0.097
2024-02-12T12:26:44.000,9.94,-19.4,1.67,19.82,20.38,192889,-22.07,-44.0,0.097
2024-02-12T12:27:46.000,9.98,-18.92,1.68,19.82,20.38,192890,-21.85,-44.0,0.097
2024-02-12T12:28:46.000,10.48,-19.26,1.68,19.82,20.38,192891,-21.64,-43.0,0.097
2024-02-12T12:29:47.000,10.57,-19.37,1.68,19.81,20.38,192892,-21.43,-43.0,0.097
2024-02-12T12:30:46.000,10.16,-19.28,1.69,19.81,20.38,192893,-21.22,-43.0,0.097
2024-02-12T12:31:46.000,9.9,-18.69,1.69,19.81,20.38,192894,-21.01,-43.0,0.097
2024-02-12T12:32:47.000,10.35,-18.64,1.69,19.81,20.38,192895,-20.79,-43.0,0.097
2024-02-12T12:33:47.000,10.37,-19.58,1.69,19.81,20.38,192896,-20.58,-43.0,0.097
2024-02-12T12:34:47.000,9.98,-19.66,1.7,19.81,20.38,192897,-20.37,-42.0,0.097
2024-02-12T12:35:47.000,9.96,-18.54,1.7,19.81,20.38,192898,-20.16,-42.0,0.097
2024-02-12T12:36:47.000,10.67,-18.72,1.69,19.81,20.38,192899,-19.95,-42.0,0.097
2024-02-12T12:37:48.000,10.62,-19.84,1.69,19.81,20.38,192900,-19.73,-42.0,0.097
2024-02-12T12:38:48.000,10.19,-19.73,1.69,19.81,20.38,192901,-19.52,-42.0,0.097
2024-02-12T12:39:48.000,9.8,-19.55,1.69,19.81,20.38,192902,-19.31,-41.0,0.097
2024-02-12T12:40:48.000,10.34,-18.25,1.69,19.81,20.38,192903,-19.1,-41.0,0.097
2024-02-12T12:41:48.000,10.77,-19.68,1.69,19.81,20.38,192904,-18.89,-41.0,0.097
2024-02-12T12:42:48.000,10.41,-19.87,1.69,19.81,20.38,192905,-18.68,-41.0,0.097
2024-02-12T12:43:49.000,9.93,-20.1,1.69,19.81,20.38,192906,-18.47,-41.0,0.098
2024-02-12T12:44:49.000,9.71,-19.26,1.69,19.81,20.38,192907,-18.25,-41.0,0.098
2024-02-12T12:45:49.000,10.61,-18.4,1.69,19.81,20.38,192908,-18.04,-40.0,0.098
2024-02-12T12:46:49.000,10.79,-20.05,1.7,19.81,20.38,192909,-17.83,-40.0,0.098
2024-02-12T12:47:49.000,10.17,-20.43,1.7,19.81,20.38,192910,-17.62,-40.0,0.098
2024-02-12T12:48:49.000,9.92,-19.21,1.7,19.8,20.38,192911,-17.41,-40.0,0.098
2024-02-12T12:49:49.000,10.45,-19.05,1.7,19.8,20.38,192912,-17.2,-40.0,0.098
2024-02-12T12:51:50.000,10.25,-19.75,1.71,19.8,20.38,192914,-16.78,-39.0,0.098
2024-02-12T12:52:51.000,9.67,-19.93,1.71,19.8,20.38,192915,-16.56,-39.0,0.098
2024-02-12T12:53:51.000,10.1,-18.67,1.71,19.8,20.38,192916,-16.35,-39.0,0.098
2024-02-12T12:55:51.000,10.65,-19.59,1.72,19.79,20.38,192918,-15.93,-39.0,0.098
2024-02-12T12:57:51.000,9.77,-19.14,1.73,19.78,20.38,192920,-15.51,-38.0,0.098
2024-02-12T12:58:51.000,10.59,-18.14,1.74,19.78,20.38,192921,-15.3,-38.0,0.098
2024-02-12T12:59:51.000,11.0,-18.98,1.75,19.77,20.38,192922,-15.09,-38.0,0.098
2024-02-12T13:00:51.000,10.61,-20.12,1.76,19.76,20.38,192923,-14.88,-38.0,0.098
2024-02-12T13:01:51.000,9.94,-20.07,1.78,19.75,20.38,192924,-14.67,-37.0,0.098
2024-02-12T13:03:52.000,10.73,-18.64,1.82,19.73,20.38,192926,-14.25,-37.0,0.099
2024-02-12T13:04:52.000,10.7,-19.34,1.86,19.71,20.38,192927,-14.04,-37.0,0.099
