Downloads/jupyter/ECSV/stars19/stars19_2023-08.ecsv
# %ECSV 1.0
# ---
# datatype:
# - {name: time, datatype: string}
# - {name: Enclosure Temperature, unit: deg_C, datatype: float64}
# - {name: Sky Temperature, unit: deg_C, datatype: float64}
# - {name: Frequency, unit: Hz, datatype: float64}
# - {name: MSAS, unit: mag / arcsec2, datatype: float64}
# - {name: ZP, datatype: float64}
# - {name: Sequence Number, datatype: int64}
# - {name: Sun Alt, unit: deg, datatype: float64}
# - {name: Moon Alt, unit: deg, datatype: float64}
# - {name: Moon Illumination, datatype: float64}
# delimiter: ','
# meta: !!omap
# - ida:
#     Data supplier: {affiliation: null, observer: null}
#     Device type: TESS-W
#     Field of view: 17.0
#     Filters per channel: None
#     Instrument ID: stars19
#     License: ODbL 1.0 http://opendatacommons.org/licenses/odbl/summary/
#     Local timezone: America/Phoenix
#     Location name: {country: '- Tucson', place: Tucson, region: United States, sub_region: Arizona, town: Pima County}
#     Measurement direction per channel: {azimuth: 0.0, zenital: 0.0}
#     Moving / Fixed look direction: FIXED
#     Moving / Stationary position: STATIONARY
#     Number of channels: 1
#     Number of fields per line: 8
#     Number of header lines: 35
#     Position: {height: 0.0, latitude: 32.223877, longitude: -110.767532}
#     TESS MAC address: 18:FE:34:CF:EC:06
#     TESS cover offset value: 0.0
#     TESS firmware version: '1.0'
#     TESS zero point: 20.38
#     Time Synchronization: timestamp added by MQTT subscriber
#     URL: http://www.darksky.org/NSBM/sdf1.0.pdf
# - __serialized_columns__:
#     Enclosure Temperature:
#       __class__: astropy.units.quantity.Quantity
#       unit: &id001 !astropy.units.Unit {unit: deg_C}
#       value: !astropy.table.SerializedColumn {name: Enclosure Temperature}
#     Frequency:
#       __class__: astropy.units.quantity.Quantity
#       unit: !astropy.units.Unit {unit: Hz}
#       value: !astropy.table.SerializedColumn {name: Frequency}
#     MSAS:
#       __class__: astropy.units.quantity.Quantity
#       unit: !astropy.units.Unit {unit: mag / arcsec2}
#       value: !astropy.table.SerializedColumn {name: MSAS}
#     Moon Alt:
#       __class__: astropy.units.quantity.Quantity
#       unit: &id002 !astropy.units.Unit {unit: deg}
#       value: !astropy.table.SerializedColumn {name: Moon Alt}
#     Sky Temperature:
#       __class__: astropy.units.quantity.Quantity
#       unit: *id001
#       value: !astropy.table.SerializedColumn {name: Sky Temperature}
#     Sun Alt:
#       __class__: astropy.units.quantity.Quantity
#       unit: *id002
#       value: !astropy.table.SerializedColumn {name: Sun Alt}
#     time:
#       __class__: astropy.time.core.Time
#       format: isot
#       in_subfmt: '*'
#       out_subfmt: '*'
#       precision: 3
#       scale: utc
#       value: !astropy.table.SerializedColumn {name: time}
# schema: astropy-2.0
time,Enclosure Temperature,Sky Temperature,Frequency,MSAS,ZP,Sequence Number,Sun Alt,Moon Alt,Moon Illumination
[from data line 20960]
2023-08-27T13:29:42.000,29.2,10.59,0.0,0.0,20.38,53712,6.38,-56.0,0.825
2023-08-27T13:32:43.000,29.46,10.7,0.0,0.0,20.38,53715,7.01,-57.0,0.825
2023-08-27T13:35:43.000,29.54,10.62,0.0,0.0,20.38,53718,7.64,-58.0,0.825
2023-08-27T13:36:46.000,29.57,10.64,0.0,0.0,20.38,53719,7.86,-58.0,0.825
2023-08-27T13:37:46.000,29.58,10.62,0.0,0.0,20.38,53720,8.07,-58.0,0.825
2023-08-27T13:42:47.000,29.67,10.63,0.0,0.0,20.38,53725,9.12,-59.0,0.825
2023-08-27T13:43:47.000,29.68,10.78,0.0,0.0,20.38,53726,9.33,-59.0,0.825
2023-08-27T13:44:48.000,29.68,10.74,0.0,0.0,20.38,53727,9.55,-59.0,0.825
2023-08-27T13:46:48.000,29.76,10.87,0.0,0.0,20.38,53729,9.97,-60.0,0.826
2023-08-27T13:47:48.000,29.8,10.91,0.0,0.0,20.38,53730,10.18,-60.0,0.826
2023-08-27T13:48:48.000,29.85,10.94,0.0,0.0,20.38,53731,10.39,-60.0,0.826
2023-08-27T14:01:52.000,30.05,11.23,0.0,0.0,20.38,53744,13.14,-63.0,0.827
2023-08-27T14:02:53.000,30.05,11.15,0.0,0.0,20.38,53745,13.36,-63.0,0.827
2023-08-27T14:03:54.000,30.11,11.37,0.0,0.0,20.38,53746,13.57,-63.0,0.827
2023-08-27T14:12:56.000,30.3,11.59,0.0,0.0,20.38,53755,15.48,-65.0,0.827
2023-08-27T14:13:56.000,30.31,11.58,0.0,0.0,20.38,53756,15.69,-65.0,0.827
2023-08-27T14:14:56.000,30.32,11.76,0.0,0.0,20.38,53757,15.9,-65.0,0.827
2023-08-27T14:24:02.000,30.85,12.33,0.0,0.0,20.38,53766,17.83,-67.0,0.828
2023-08-27T14:25:02.000,30.84,12.32,0.0,0.0,20.38,53767,18.04,-67.0,0.828
2023-08-27T14:26:02.000,30.86,12.49,0.0,0.0,20.38,53768,18.25,-68.0,0.828
2023-08-27T14:29:13.000,31.0,12.74,0.0,0.0,20.38,53771,18.92,-68.0,0.828
2023-08-27T14:30:13.000,31.0,14.38,0.0,0.0,20.38,53772,19.13,-68.0,0.828
2023-08-27T14:31:13.000,30.9,17.43,0.0,0.0,20.38,53773,19.34,-69.0,0.828
2023-08-27T14:32:13.000,30.84,16.24,0.0,0.0,20.38,53774,19.56,-69.0,0.828
2023-08-27T14:33:14.000,30.84,17.07,0.0,0.0,20.38,53775,19.77,-69.0,0.828
2023-08-27T14:34:14.000,30.88,16.05,0.0,0.0,20.38,53776,19.98,-69.0,0.829
2023-08-27T14:36:21.000,30.98,14.46,0.0,0.0,20.38,53778,20.43,-70.0,0.829
2023-08-27T14:37:25.000,31.02,14.46,0.0,0.0,20.38,53779,20.66,-70.0,0.829
2023-08-27T14:38:25.000,31.07,14.46,0.0,0.0,20.38,53780,20.87,-70.0,0.829
2023-08-27T14:39:29.000,31.06,14.51,0.0,0.0,20.38,53781,21.09,-70.0,0.829
2023-08-27T14:41:35.000,31.09,14.75,0.0,0.0,20.38,53783,21.54,-71.0,0.829
2023-08-27T14:42:36.000,31.19,14.88,0.0,0.0,20.38,53784,21.75,-71.0,0.829
2023-08-27T14:43:39.000,31.24,15.09,0.0,0.0,20.38,53785,21.97,-71.0,0.829
2023-08-27T14:44:41.000,31.3,15.29,0.0,0.0,20.38,53786,22.19,-71.0,0.829
2023-08-27T14:45:44.000,31.38,15.93,0.0,0.0,20.38,53787,22.41,-71.0,0.829
2023-08-27T15:16:13.000,32.01,18.87,0.0,0.0,20.38,53794,28.84,-77.0,0.831
2023-08-27T15:17:14.000,32.51,28.61,0.0,0.0,20.38,53795,29.05,-78.0,0.831
2023-08-27T15:18:13.000,32.52,28.88,0.0,0.0,20.38,53796,29.26,-78.0,0.831
2023-08-27T15:57:26.000,35.94,21.68,0.0,0.0,20.38,53835,37.42,-84.0,0.834
2023-08-27T15:58:26.000,35.94,21.51,0.0,0.0,20.38,53836,37.63,-84.0,0.834
2023-08-27T15:59:26.000,35.91,21.51,0.0,0.0,20.38,53837,37.84,-84.0,0.834
2023-08-27T16:01:26.000,36.11,21.77,0.0,0.0,20.38,53839,38.25,-85.0,0.834
2023-08-27T16:02:27.000,36.13,21.73,0.0,0.0,20.38,53840,38.46,-85.0,0.834
2023-08-27T16:03:27.000,36.16,21.85,0.0,0.0,20.38,53841,38.66,-85.0,0.834
2023-08-27T16:04:28.000,36.27,22.19,0.0,0.0,20.38,53842,38.87,-85.0,0.834
2023-08-27T16:05:28.000,36.31,21.97,0.0,0.0,20.38,53843,39.07,-85.0,0.834
2023-08-27T16:06:28.000,36.33,21.98,0.0,0.0,20.38,53844,39.28,-85.0,0.834
2023-08-27T16:08:28.000,36.48,22.39,0.0,0.0,20.38,53846,39.69,-85.0,0.834
2023-08-27T16:09:29.000,36.69,23.09,0.0,0.0,20.38,53847,39.9,-85.0,0.834
2023-08-27T16:11:29.000,37.9,25.54,0.0,0.0,20.38,53849,40.3,-85.0,0.834
2023-08-27T16:12:29.000,38.48,25.53,0.0,0.0,20.38,53850,40.51,-85.0,0.835
2023-08-27T16:13:32.000,38.94,25.63,0.0,0.0,20.38,53851,40.72,-85.0,0.835
2023-08-27T16:32:37.000,45.35,26.93,0.0,0.0,20.38,53870,44.57,-84.0,0.836
2023-08-27T16:33:37.000,45.81,27.35,0.0,0.0,20.38,53871,44.76,-84.0,0.836
2023-08-27T16:34:37.000,46.05,26.91,0.0,0.0,20.38,53872,44.96,-84.0,0.836
2023-08-27T16:36:37.000,46.38,27.22,0.0,0.0,20.38,53874,45.36,-83.0,0.836
2023-08-27T16:37:37.000,46.52,26.87,0.0,0.0,20.38,53875,45.56,-83.0,0.836
2023-08-27T16:38:37.000,46.63,26.86,0.0,0.0,20.38,53876,45.76,-83.0,0.836
2023-08-27T16:51:40.000,49.06,27.44,0.0,0.0,20.38,53889,48.31,-81.0,0.837
2023-08-27T16:52:40.000,48.69,26.3,0.0,0.0,20.38,53890,48.51,-81.0,0.837
2023-08-27T16:53:40.000,48.37,26.51,0.0,0.0,20.38,53891,48.7,-81.0,0.837
2023-08-27T16:55:41.000,48.67,27.47,0.0,0.0,20.38,53893,49.09,-80.0,0.837
2023-08-27T16:56:41.000,48.88,28.14,0.0,0.0,20.38,53894,49.28,-80.0,0.837
2023-08-27T16:57:41.000,49.17,28.12,0.0,0.0,20.38,53895,49.47,-80.0,0.837
2023-08-27T17:11:43.000,51.12,28.38,0.0,0.0,20.38,53909,52.12,-77.0,0.838
2023-08-27T17:12:44.000,51.26,28.45,0.0,0.0,20.38,53910,52.31,-77.0,0.838
2023-08-27T17:13:44.000,51.43,28.65,0.0,0.0,20.38,53911,52.5,-77.0,0.838
2023-08-27T17:15:44.000,51.91,29.15,0.0,0.0,20.38,53913,52.86,-76.0,0.838
2023-08-27T17:16:44.000,52.13,29.07,0.0,0.0,20.38,53914,53.05,-76.0,0.838
2023-08-27T17:17:44.000,52.29,29.22,0.0,0.0,20.38,53915,53.23,-76.0,0.838
2023-08-27T17:46:50.000,53.66,29.37,0.0,0.0,20.38,53944,58.3,-70.0,0.84
2023-08-27T17:47:51.000,53.68,28.42,0.0,0.0,20.38,53945,58.46,-70.0,0.84
2023-08-27T17:48:51.000,53.83,29.27,0.0,0.0,20.38,53946,58.63,-70.0,0.84
2023-08-27T17:50:51.000,54.31,29.4,0.0,0.0,20.38,53948,58.95,-70.0,0.84
2023-08-27T17:51:52.000,54.38,29.25,0.0,0.0,20.38,53949,59.11,-69.0,0.841
2023-08-27T17:52:52.000,54.55,29.44,0.0,0.0,20.38,53950,59.27,-69.0,0.841
2023-08-27T17:54:52.000,54.58,28.97,0.0,0.0,20.38,53952,59.59,-69.0,0.841
2023-08-27T17:55:52.000,54.81,29.54,0.0,0.0,20.38,53953,59.74,-69.0,0.841
2023-08-27T17:56:52.000,54.9,29.26,0.0,0.0,20.38,53954,59.9,-68.0,0.841
2023-08-27T17:58:53.000,54.64,28.58,0.0,0.0,20.38,53956,60.21,-68.0,0.841
2023-08-27T17:59:53.000,54.54,28.79,0.0,0.0,20.38,53957,60.36,-68.0,0.841
2023-08-27T18:00:55.000,54.42,28.0,0.0,0.0,20.38,53958,60.52,-68.0,0.841
2023-08-27T18:09:57.000,52.94,27.89,0.0,0.0,20.38,53967,61.84,-66.0,0.842
2023-08-27T18:10:57.000,52.8,28.0,0.0,0.0,20.38,53968,61.98,-66.0,0.842
2023-08-27T18:11:57.000,52.86,28.29,0.0,0.0,20.38,53969,62.12,-65.0,0.842
2023-08-27T18:13:59.000,53.28,29.32,0.0,0.0,20.38,53971,62.4,-65.0,0.842
2023-08-27T18:14:59.000,53.62,29.25,0.0,0.0,20.38,53972,62.53,-65.0,0.842
2023-08-27T18:15:59.000,53.66,28.8,0.0,0.0,20.38,53973,62.67,-65.0,0.842
2023-08-27T19:10:12.000,54.36,27.28,0.0,0.0,20.38,54027,67.47,-54.0,0.845
2023-08-27T19:11:12.000,54.19,27.35,0.0,0.0,20.38,54028,67.51,-54.0,0.845
2023-08-27T19:12:12.000,54.08,27.39,0.0,0.0,20.38,54029,67.54,-53.0,0.845
2023-08-27T19:14:14.000,54.04,28.1,0.0,0.0,20.38,54031,67.59,-53.0,0.845
2023-08-27T19:15:14.000,54.14,27.95,0.0,0.0,20.38,54032,67.61,-53.0,0.846
2023-08-27T19:16:14.000,54.18,28.27,0.0,0.0,20.38,54033,67.64,-53.0,0.846
2023-08-27T19:35:19.000,55.49,27.29,0.0,0.0,20.38,54052,67.58,-49.0,0.847
2023-08-27T19:36:19.000,54.78,24.56,0.0,0.0,20.38,54053,67.55,-49.0,0.847
2023-08-27T19:37:20.000,54.37,26.88,0.0,0.0,20.38,54054,67.52,-48.0,0.847
2023-08-27T19:39:20.000,54.89,28.14,0.0,0.0,20.38,54056,67.45,-48.0,0.847
2023-08-27T19:40:20.000,55.3,28.13,0.0,0.0,20.38,54057,67.42,-48.0,0.847
2023-08-27T19:41:20.000,55.13,25.83,0.0,0.0,20.38,54058,67.38,-48.0,0.847
2023-08-27T19:51:24.000,55.16,25.38,0.0,0.0,20.38,54068,66.87,-46.0,0.848
2023-08-27T19:52:24.000,55.45,27.86,0.0,0.0,20.38,54069,66.8,-45.0,0.848
2023-08-27T19:53:24.000,55.84,27.85,0.0,0.0,20.38,54070,66.74,-45.0,0.848
2023-08-27T19:55:25.000,56.51,27.75,0.0,0.0,20.38,54072,66.6,-45.0,0.848
2023-08-27T19:56:25.000,56.56,27.37,0.0,0.0,20.38,54073,66.53,-45.0,0.848
2023-08-27T19:58:27.000,56.76,28.12,0.0,0.0,20.38,54075,66.38,-44.0,0.848
2023-08-27T19:59:27.000,57.12,28.15,0.0,0.0,20.38,54076,66.3,-44.0,0.848
2023-08-27T20:02:28.000,56.56,26.43,0.0,0.0,20.38,54079,66.05,-43.0,0.848
2023-08-27T20:03:29.000,56.03,25.27,0.0,0.0,20.38,54080,65.96,-43.0,0.848
2023-08-27T20:04:30.000,55.98,26.78,0.0,0.0,20.38,54081,65.87,-43.0,0.848
2023-08-27T20:40:44.000,54.83,26.94,0.0,0.0,20.38,54117,61.6,-36.0,0.851
2023-08-27T20:41:44.000,54.79,25.97,0.0,0.0,20.38,54118,61.45,-36.0,0.851
2023-08-27T20:42:44.000,54.87,26.74,0.0,0.0,20.38,54119,61.31,-35.0,0.851
2023-08-27T20:45:46.000,55.09,27.08,0.0,0.0,20.38,54122,60.86,-35.0,0.851
2023-08-27T20:46:46.000,55.49,27.56,0.0,0.0,20.38,54123,60.71,-35.0,0.851
2023-08-27T20:47:56.000,55.9,28.04,0.0,0.0,20.38,54124,60.54,-34.0,0.851
2023-08-27T20:52:56.000,56.8,26.83,0.0,0.0,20.38,54129,59.77,-33.0,0.851
2023-08-27T20:53:56.000,56.65,26.44,0.0,0.0,20.38,54130,59.61,-33.0,0.851
2023-08-27T20:54:56.000,56.64,27.18,0.0,0.0,20.38,54131,59.46,-33.0,0.851
2023-08-27T20:56:57.000,56.88,27.53,0.0,0.0,20.38,54133,59.14,-33.0,0.852
2023-08-27T20:57:57.000,56.57,24.88,0.0,0.0,20.38,54134,58.98,-32.0,0.852
2023-08-27T20:58:57.000,55.87,25.0,0.0,0.0,20.38,54135,58.82,-32.0,0.852
2023-08-27T21:18:01.000,55.23,25.27,0.0,0.0,20.38,54154,55.6,-29.0,0.853
2023-08-27T21:19:02.000,55.02,26.89,0.0,0.0,20.38,54155,55.42,-28.0,0.853
2023-08-27T21:20:02.000,55.53,27.84,0.0,0.0,20.38,54156,55.24,-28.0,0.853
2023-08-27T21:22:04.000,56.55,29.85,0.0,0.0,20.38,54158,54.88,-28.0,0.853
2023-08-27T21:23:04.000,56.92,28.62,0.0,0.0,20.38,54159,54.71,-28.0,0.853
2023-08-27T21:24:05.000,56.77,27.3,0.0,0.0,20.38,54160,54.52,-27.0,0.853
2023-08-27T21:53:15.000,52.43,28.55,0.0,0.0,20.38,54189,49.09,-22.0,0.855
2023-08-27T21:54:16.000,52.31,28.63,0.0,0.0,20.38,54190,48.9,-22.0,0.855
2023-08-27T21:55:17.000,52.06,28.43,0.0,0.0,20.38,54191,48.7,-21.0,0.855
2023-08-27T21:57:17.000,51.36,29.56,0.0,0.0,20.38,54193,48.31,-21.0,0.855
2023-08-27T21:59:24.000,50.72,29.72,0.0,0.0,20.38,54195,47.9,-21.0,0.855
2023-08-27T22:00:24.000,50.56,30.04,0.0,0.0,20.38,54196,47.71,-20.0,0.855
2023-08-27T22:01:24.000,50.15,29.47,0.0,0.0,20.38,54197,47.51,-20.0,0.855
2023-08-27T22:31:31.000,40.58,23.31,0.0,0.0,20.38,54227,41.51,-15.0,0.857
2023-08-27T22:32:31.000,40.15,24.34,0.0,0.0,20.38,54228,41.31,-14.0,0.857
2023-08-27T22:33:31.000,39.48,24.13,0.0,0.0,20.38,54229,41.1,-14.0,0.857
2023-08-27T22:35:31.000,39.2,25.6,0.0,0.0,20.38,54231,40.7,-14.0,0.857
2023-08-27T22:36:32.000,39.25,26.63,0.0,0.0,20.38,54232,40.49,-14.0,0.857
2023-08-27T22:37:32.000,39.47,26.69,0.0,0.0,20.38,54233,40.29,-14.0,0.857
2023-08-27T22:38:32.000,39.48,25.04,0.0,0.0,20.38,54234,40.08,-13.0,0.857
2023-08-27T22:41:32.000,38.65,23.5,0.0,0.0,20.38,54237,39.47,-13.0,0.858
2023-08-27T22:42:32.000,38.5,24.41,0.0,0.0,20.38,54238,39.26,-13.0,0.858
2023-08-27T22:43:32.000,38.6,24.8,0.0,0.0,20.38,54239,39.06,-12.0,0.858
2023-08-27T22:49:33.000,38.24,23.83,0.0,0.0,20.38,54245,37.82,-11.0,0.858
2023-08-27T22:50:33.000,38.27,24.04,0.0,0.0,20.38,54246,37.62,-11.0,0.858
2023-08-27T22:51:33.000,38.35,23.51,0.0,0.0,20.38,54247,37.41,-11.0,0.858
2023-08-27T22:53:33.000,38.01,22.6,0.0,0.0,20.38,54249,37.0,-11.0,0.858
2023-08-27T22:54:33.000,37.7,21.92,0.0,0.0,20.38,54250,36.79,-10.0,0.858
2023-08-27T22:55:35.000,37.22,21.47,0.0,0.0,20.38,54251,36.58,-10.0,0.858
2023-08-27T23:18:40.000,24.5,15.71,0.0,0.0,20.38,54274,31.78,-6.0,0.86
2023-08-27T23:19:40.000,24.78,17.44,0.0,0.0,20.38,54275,31.57,-6.0,0.86
2023-08-27T23:20:41.000,25.16,17.21,0.0,0.0,20.38,54276,31.35,-6.0,0.86
2023-08-27T23:22:41.000,25.08,16.32,0.0,0.0,20.38,54278,30.93,-5.0,0.86
2023-08-27T23:23:41.000,25.19,16.35,0.0,0.0,20.38,54279,30.73,-5.0,0.86
2023-08-27T23:25:41.000,25.48,17.49,0.0,0.0,20.38,54281,30.31,-5.0,0.86
2023-08-27T23:26:41.000,25.74,17.51,0.0,0.0,20.38,54282,30.1,-5.0,0.86
2023-08-27T23:27:42.000,25.89,17.72,0.0,0.0,20.38,54283,29.88,-4.0,0.86
2023-08-27T23:41:44.000,32.21,21.21,0.0,0.0,20.38,54297,26.93,-2.0,0.861
2023-08-27T23:42:44.000,32.35,21.13,0.0,0.0,20.38,54298,26.72,-2.0,0.861
2023-08-27T23:43:45.000,32.4,20.97,0.0,0.0,20.38,54299,26.51,-2.0,0.861
2023-08-27T23:46:45.000,32.93,21.78,0.0,0.0,20.38,54302,25.87,-1.0,0.861
2023-08-27T23:47:46.000,33.09,21.71,0.0,0.0,20.38,54303,25.66,-1.0,0.861
2023-08-27T23:48:46.000,33.27,21.94,0.0,0.0,20.38,54304,25.45,-1.0,0.861
2023-08-27T23:49:46.000,33.45,21.95,0.0,0.0,20.38,54305,25.24,-1.0,0.862
2023-08-27T23:51:46.000,33.75,22.27,0.0,0.0,20.38,54307,24.81,-0.0,0.862
2023-08-27T23:52:46.000,33.82,22.11,0.0,0.0,20.38,54308,24.6,-0.0,0.862
2023-08-27T23:53:46.000,33.9,22.26,0.0,0.0,20.38,54309,24.39,0.0,0.862
2023-08-27T23:55:47.000,34.18,22.48,0.0,0.0,20.38,54311,23.97,0.0,0.862
2023-08-27T23:56:47.000,34.32,22.52,0.0,0.0,20.38,54312,23.75,1.0,0.862
2023-08-27T23:57:47.000,34.4,22.62,0.0,0.0,20.38,54313,23.54,1.0,0.862
2023-08-27T23:59:47.000,34.83,23.1,0.0,0.0,20.38,54315,23.12,1.0,0.862
2023-08-28T00:00:48.000,35.03,23.06,0.0,0.0,20.38,54316,22.9,1.0,0.862
2023-08-28T00:01:48.000,35.2,23.15,0.0,0.0,20.38,54317,22.69,1.0,0.862
2023-08-28T00:41:55.000,34.91,20.1,0.0,0.0,20.38,54357,14.21,8.0,0.864
2023-08-28T00:42:55.000,34.93,20.13,0.0,0.0,20.38,54358,13.99,8.0,0.865
2023-08-28T00:43:56.000,35.03,20.29,0.0,0.0,20.38,54359,13.78,8.0,0.865
2023-08-28T00:45:56.000,35.17,20.42,0.0,0.0,20.38,54361,13.36,9.0,0.865
2023-08-28T00:46:57.000,35.23,20.44,0.0,0.0,20.38,54362,13.14,9.0,0.865
2023-08-28T00:47:57.000,35.3,20.6,0.0,0.0,20.38,54363,12.93,9.0,0.865
2023-08-28T00:54:57.000,35.7,20.94,0.0,0.0,20.38,54370,11.45,10.0,0.865
2023-08-28T00:55:57.000,35.74,20.82,0.0,0.0,20.38,54371,11.24,10.0,0.865
2023-08-28T00:56:57.000,35.83,21.04,0.0,0.0,20.38,54372,11.03,10.0,0.865
2023-08-28T00:58:58.000,35.99,20.92,0.0,0.0,20.38,54374,10.6,11.0,0.865
2023-08-28T01:00:00.000,36.02,20.71,0.0,0.0,20.38,54375,10.39,11.0,0.865
2023-08-28T01:01:00.000,36.07,20.61,0.0,0.0,20.38,54376,10.18,11.0,0.866
2023-08-28T01:02:00.000,36.08,20.79,0.0,0.0,20.38,54377,9.97,11.0,0.866
2023-08-28T01:03:00.000,36.17,20.73,0.13,0.09,20.38,54378,9.75,11.0,0.866
2023-08-28T01:04:01.000,36.22,20.81,0.26,0.09,20.38,54379,9.54,11.0,0.866
2023-08-28T01:05:01.000,36.32,20.87,0.0,0.0,20.38,54380,9.33,12.0,0.866
2023-08-28T01:06:01.000,36.4,20.73,0.0,0.0,20.38,54381,9.12,12.0,0.866
2023-08-28T01:07:01.000,36.49,20.64,0.0,0.0,20.38,54382,8.91,12.0,0.866
2023-08-28T01:08:01.000,36.54,20.44,0.0,0.0,20.38,54383,8.7,12.0,0.866
2023-08-28T01:09:01.000,36.59,20.27,0.37,0.19,20.38,54384,8.49,12.0,0.866
2023-08-28T01:10:01.000,36.62,20.1,0.69,0.28,20.38,54385,8.28,12.0,0.866
2023-08-28T01:11:01.000,36.64,20.08,0.0,0.0,20.38,54386,8.07,12.0,0.866
2023-08-28T01:12:01.000,36.69,19.9,0.0,0.0,20.38,54387,7.86,13.0,0.866
2023-08-28T01:13:01.000,36.7,19.71,0.0,0.0,20.38,54388,7.65,13.0,0.866
2023-08-28T01:14:01.000,36.67,19.51,0.0,0.0,20.38,54389,7.44,13.0,0.866
2023-08-28T01:15:01.000,36.61,19.38,0.13,0.11,20.38,54390,7.23,13.0,0.866
2023-08-28T01:16:01.000,36.61,19.49,0.0,0.0,20.38,54391,7.02,13.0,0.866
2023-08-28T01:17:02.000,36.62,19.44,0.0,0.0,20.38,54392,6.8,13.0,0.866
2023-08-28T01:18:03.000,36.64,19.52,0.0,0.0,20.38,54393,6.59,13.0,0.867
2023-08-28T01:38:06.000,36.6,20.3,0.0,0.0,20.38,54413,2.4,16.0,0.868
2023-08-28T01:39:06.000,36.66,20.36,0.0,0.0,20.38,54414,2.19,16.0,0.868
2023-08-28T01:40:06.000,36.68,20.1,0.0,0.0,20.38,54415,1.98,17.0,0.868
2023-08-28T01:42:06.000,36.8,20.24,0.0,0.0,20.38,54417,1.56,17.0,0.868
2023-08-28T01:43:06.000,36.83,19.97,0.0,0.0,20.38,54418,1.36,17.0,0.868
2023-08-28T01:44:07.000,36.8,19.76,0.0,0.0,20.38,54419,1.14,17.0,0.868
2023-08-28T01:50:09.000,36.8,19.0,0.0,0.0,20.38,54425,-0.11,18.0,0.868
2023-08-28T01:51:09.000,36.81,18.78,0.0,0.0,20.38,54426,-0.31,18.0,0.868
2023-08-28T01:52:09.000,36.77,18.48,0.0,0.0,20.38,54427,-0.52,18.0,0.868
2023-08-28T01:53:09.000,36.73,18.33,25407.8,3.35,20.38,54428,-0.73,18.0,0.868
2023-08-28T01:54:09.000,36.65,18.2,58519.3,8.46,20.38,54429,-0.94,18.0,0.869
2023-08-28T01:55:12.000,36.61,18.27,52059.09,8.59,20.38,54430,-1.15,19.0,0.869
2023-08-28T01:56:11.000,36.62,18.23,46364.57,8.72,20.38,54431,-1.36,19.0,0.869
2023-08-28T01:57:12.000,36.59,18.11,41517.04,8.83,20.38,54432,-1.57,19.0,0.869
