Downloads/jupyter/ECSV/stars19/stars19_2021-11.ecsv
# %ECSV 1.0
# ---
# datatype:
# - {name: time, datatype: string}
# - {name: Enclosure Temperature, unit: deg_C, datatype: float64}
# - {name: Sky Temperature, unit: deg_C, datatype: float64}
# - {name: Frequency, unit: Hz, datatype: float64}
# - {name: MSAS, unit: mag / arcsec2, datatype: float64}
# - {name: ZP, datatype: float64}
# - {name: Sequence Number, datatype: int64}
# - {name: Sun Alt, unit: deg, datatype: float64}
# - {name: Moon Alt, unit: deg, datatype: float64}
# - {name: Moon Illumination, datatype: float64}
# delimiter: ','
# meta: !!omap
# - ida:
#     Data supplier: {affiliation: null, observer: null}
#     Device type: TESS-W
#     Field of view: 17.0
#     Filters per channel: None
#     Instrument ID: stars19
#     License: ODbL 1.0 http://opendatacommons.org/licenses/odbl/summary/
#     Local timezone: America/Phoenix
#     Location name: {country: '- Tucson', place: Tucson, region: United States, sub_region: Arizona, town: Pima County}
#     Measurement direction per channel: {azimuth: 0.0, zenital: 0.0}
#     Moving / Fixed look direction: FIXED
#     Moving / Stationary position: STATIONARY
#     Number of channels: 1
#     Number of fields per line: 8
#     Number of header lines: 35
#     Position: {height: 0.0, latitude: 32.223877, longitude: -110.767532}
#     TESS MAC address: 18:FE:34:CF:EC:06
#     TESS cover offset value: 0.0
#     TESS firmware version: '1.0'
#     TESS zero point: 20.5
#     Time Synchronization: timestamp added by MQTT subscriber
#     URL: http://www.darksky.org/NSBM/sdf1.0.pdf
# - __serialized_columns__:
#     Enclosure Temperature:
#       __class__: astropy.units.quantity.Quantity
#       unit: &id001 !astropy.units.Unit {unit: deg_C}
#       value: !astropy.table.SerializedColumn {name: Enclosure Temperature}
#     Frequency:
#       __class__: astropy.units.quantity.Quantity
#       unit: !astropy.units.Unit {unit: Hz}
#       value: !astropy.table.SerializedColumn {name: Frequency}
#     MSAS:
#       __class__: astropy.units.quantity.Quantity
#       unit: !astropy.units.Unit {unit: mag / arcsec2}
#       value: !astropy.table.SerializedColumn {name: MSAS}
#     Moon Alt:
#       __class__: astropy.units.quantity.Quantity
#       unit: &id002 !astropy.units.Unit {unit: deg}
#       value: !astropy.table.SerializedColumn {name: Moon Alt}
#     Sky Temperature:
#       __class__: astropy.units.quantity.Quantity
#       unit: *id001
#       value: !astropy.table.SerializedColumn {name: Sky Temperature}
#     Sun Alt:
#       __class__: astropy.units.quantity.Quantity
#       unit: *id002
#       value: !astropy.table.SerializedColumn {name: Sun Alt}
#     time:
#       __class__: astropy.time.core.Time
#       format: isot
#       in_subfmt: '*'
#       out_subfmt: '*'
#       precision: 3
#       scale: utc
#       value: !astropy.table.SerializedColumn {name: time}
# schema: astropy-2.0
time,Enclosure Temperature,Sky Temperature,Frequency,MSAS,ZP,Sequence Number,Sun Alt,Moon Alt,Moon Illumination
[from data line 1067]
2021-11-01T20:46:46.000,48.85,8.0,0.0,0.0,20.5,257836,37.3,26.0,0.125
2021-11-01T20:47:47.000,48.54,8.57,0.0,0.0,20.5,257837,37.19,25.0,0.125
2021-11-01T20:48:47.000,48.24,8.62,0.0,0.0,20.5,257838,37.08,25.0,0.125
2021-11-01T20:49:47.000,48.11,8.92,0.0,0.0,20.5,257839,36.97,25.0,0.125
2021-11-01T20:50:47.000,47.9,8.9,0.0,0.0,20.5,257840,36.86,25.0,0.125
2021-11-01T20:51:47.000,47.82,9.28,0.0,0.0,20.5,257841,36.75,25.0,0.125
2021-11-01T20:53:52.000,47.54,8.6,0.0,0.0,20.5,257843,36.51,24.0,0.124
2021-11-01T20:54:53.000,47.3,8.5,0.0,0.0,20.5,257844,36.39,24.0,0.124
2021-11-01T20:55:53.000,47.1,8.53,0.0,0.0,20.5,257845,36.28,24.0,0.124
2021-11-01T20:56:53.000,46.75,8.37,0.0,0.0,20.5,257846,36.16,23.0,0.124
2021-11-01T20:57:53.000,47.14,10.27,0.0,0.0,20.5,257847,36.04,23.0,0.124
2021-11-01T20:58:53.000,47.72,9.95,0.0,0.0,20.5,257848,35.92,23.0,0.124
2021-11-01T20:59:53.000,48.14,9.95,0.0,0.0,20.5,257849,35.8,23.0,0.124
2021-11-01T21:01:58.000,48.99,9.66,0.0,0.0,20.5,257851,35.55,22.0,0.124
2021-11-01T21:02:58.000,49.39,9.35,0.0,0.0,20.5,257852,35.43,22.0,0.124
2021-11-01T21:03:58.000,49.52,9.24,0.0,0.0,20.5,257853,35.31,22.0,0.124
2021-11-01T21:04:58.000,49.83,9.48,0.0,0.0,20.5,257854,35.18,22.0,0.124
2021-11-01T21:05:59.000,50.04,9.17,0.0,0.0,20.5,257855,35.06,22.0,0.124
2021-11-01T21:08:04.000,50.09,9.05,0.0,0.0,20.5,257857,34.8,21.0,0.124
2021-11-01T21:09:04.000,50.16,9.16,0.0,0.0,20.5,257858,34.67,21.0,0.124
2021-11-01T21:10:04.000,50.19,8.61,0.0,0.0,20.5,257859,34.54,21.0,0.124
2021-11-01T21:11:04.000,50.04,8.54,0.0,0.0,20.5,257860,34.41,21.0,0.124
2021-11-01T21:12:04.000,50.03,8.84,0.0,0.0,20.5,257861,34.29,20.0,0.123
2021-11-01T21:13:04.000,49.96,8.45,0.0,0.0,20.5,257862,34.16,20.0,0.123
2021-11-01T21:14:04.000,49.78,8.84,0.0,0.0,20.5,257863,34.03,20.0,0.123
2021-11-01T21:15:04.000,49.79,8.93,0.0,0.0,20.5,257864,33.9,20.0,0.123
2021-11-01T21:17:05.000,49.76,8.36,0.0,0.0,20.5,257866,33.63,19.0,0.123
2021-11-01T21:18:05.000,49.4,7.37,0.0,0.0,20.5,257867,33.5,19.0,0.123
2021-11-01T21:20:11.000,49.36,9.12,0.0,0.0,20.5,257869,33.21,19.0,0.123
2021-11-01T21:21:11.000,49.43,8.92,0.0,0.0,20.5,257870,33.08,18.0,0.123
2021-11-01T21:22:11.000,49.56,9.1,0.0,0.0,20.5,257871,32.94,18.0,0.123
2021-11-01T21:23:11.000,49.65,8.8,0.0,0.0,20.5,257872,32.81,18.0,0.123
2021-11-01T21:24:12.000,49.59,8.68,0.0,0.0,20.5,257873,32.67,18.0,0.123
2021-11-01T21:25:13.000,49.66,8.97,0.0,0.0,20.5,257874,32.53,18.0,0.123
2021-11-01T21:26:13.000,49.79,8.94,0.0,0.0,20.5,257875,32.39,17.0,0.123
2021-11-01T21:27:13.000,49.75,8.36,0.0,0.0,20.5,257876,32.25,17.0,0.123
2021-11-01T21:29:13.000,49.61,8.74,0.0,0.0,20.5,257878,31.97,17.0,0.123
2021-11-01T21:30:13.000,49.74,9.21,0.0,0.0,20.5,257879,31.83,17.0,0.123
2021-11-01T21:31:13.000,49.76,8.48,0.0,0.0,20.5,257880,31.69,16.0,0.122
2021-11-01T21:32:13.000,49.61,8.16,0.0,0.0,20.5,257881,31.55,16.0,0.122
2021-11-01T21:35:13.000,49.4,8.62,0.0,0.0,20.5,257884,31.11,16.0,0.122
2021-11-01T21:37:13.000,49.43,8.74,0.0,0.0,20.5,257886,30.82,15.0,0.122
2021-11-01T21:39:14.000,49.35,8.55,0.0,0.0,20.5,257888,30.53,15.0,0.122
2021-11-01T21:40:14.000,49.4,8.7,0.0,0.0,20.5,257889,30.38,15.0,0.122
2021-11-01T21:41:14.000,49.45,8.2,0.0,0.0,20.5,257890,30.23,14.0,0.122
2021-11-01T21:42:14.000,49.11,6.6,0.0,0.0,20.5,257891,30.09,14.0,0.122
2021-11-01T21:43:14.000,48.15,5.08,0.0,0.0,20.5,257892,29.94,14.0,0.122
2021-11-01T21:45:14.000,45.77,4.68,0.0,0.0,20.5,257894,29.64,13.0,0.122
2021-11-01T21:46:14.000,44.79,5.24,0.0,0.0,20.5,257895,29.49,13.0,0.122
2021-11-01T21:47:14.000,43.91,5.02,0.0,0.0,20.5,257896,29.34,13.0,0.122
2021-11-01T21:48:14.000,43.1,5.16,0.0,0.0,20.5,257897,29.18,13.0,0.122
2021-11-01T21:50:14.000,41.83,5.62,0.0,0.0,20.5,257899,28.88,12.0,0.121
2021-11-01T21:51:15.000,41.31,5.82,0.0,0.0,20.5,257900,28.72,12.0,0.121
2021-11-01T21:52:15.000,40.83,5.98,0.0,0.0,20.5,257901,28.57,12.0,0.121
2021-11-01T21:53:15.000,40.47,6.3,0.0,0.0,20.5,257902,28.41,12.0,0.121
2021-11-01T21:54:15.000,40.12,6.31,0.0,0.0,20.5,257903,28.26,12.0,0.121
2021-11-01T21:55:15.000,39.76,6.23,0.0,0.0,20.5,257904,28.1,11.0,0.121
2021-11-01T21:56:15.000,39.4,6.15,0.0,0.0,20.5,257905,27.95,11.0,0.121
2021-11-01T21:58:15.000,38.61,6.15,0.0,0.0,20.5,257907,27.63,11.0,0.121
2021-11-01T21:59:15.000,38.36,6.67,0.0,0.0,20.5,257908,27.48,11.0,0.121
2021-11-01T22:01:34.000,37.79,6.2,0.0,0.0,20.5,257910,27.11,10.0,0.121
2021-11-01T22:02:34.000,37.57,6.34,0.0,0.0,20.5,257911,26.95,10.0,0.121
2021-11-01T22:03:35.000,37.4,6.29,0.0,0.0,20.5,257912,26.79,10.0,0.121
2021-11-01T22:04:35.000,37.17,5.66,0.0,0.0,20.5,257913,26.63,9.0,0.121
2021-11-01T22:05:35.000,36.93,6.14,0.0,0.0,20.5,257914,26.47,9.0,0.121
2021-11-01T22:06:35.000,36.77,5.97,0.0,0.0,20.5,257915,26.31,9.0,0.121
2021-11-01T22:07:35.000,36.56,5.84,0.0,0.0,20.5,257916,26.14,9.0,0.121
2021-11-01T22:08:35.000,36.35,5.88,0.0,0.0,20.5,257917,25.98,9.0,0.121
2021-11-01T22:09:35.000,36.18,5.84,0.0,0.0,20.5,257918,25.82,8.0,0.12
2021-11-01T22:11:35.000,35.87,5.97,0.0,0.0,20.5,257920,25.49,8.0,0.12
2021-11-01T22:12:35.000,35.76,5.8,0.0,0.0,20.5,257921,25.33,8.0,0.12
2021-11-01T22:13:35.000,35.64,5.87,0.0,0.0,20.5,257922,25.16,8.0,0.12
2021-11-01T22:17:41.000,35.3,5.69,0.0,0.0,20.5,257926,24.48,7.0,0.12
2021-11-01T22:18:41.000,35.22,5.82,0.0,0.0,20.5,257927,24.32,7.0,0.12
2021-11-01T22:19:41.000,35.2,6.17,0.0,0.0,20.5,257928,24.15,6.0,0.12
2021-11-01T22:20:41.000,35.2,6.02,0.0,0.0,20.5,257929,23.98,6.0,0.12
2021-11-01T22:21:41.000,35.12,5.78,0.0,0.0,20.5,257930,23.81,6.0,0.12
2021-11-01T22:22:41.000,34.98,5.43,0.0,0.0,20.5,257931,23.65,6.0,0.12
2021-11-01T22:23:41.000,34.89,5.95,0.0,0.0,20.5,257932,23.48,6.0,0.12
2021-11-01T22:25:48.000,34.77,5.9,0.0,0.0,20.5,257934,23.12,5.0,0.12
2021-11-01T22:26:48.000,34.74,6.1,0.0,0.0,20.5,257935,22.95,5.0,0.12
2021-11-01T22:28:48.000,34.6,5.86,0.0,0.0,20.5,257937,22.61,4.0,0.119
2021-11-01T22:29:48.000,34.56,6.07,0.0,0.0,20.5,257938,22.43,4.0,0.119
2021-11-01T22:30:48.000,34.52,5.93,0.0,0.0,20.5,257939,22.26,4.0,0.119
2021-11-01T22:31:51.000,34.45,5.99,0.0,0.0,20.5,257940,22.08,4.0,0.119
2021-11-01T22:32:50.000,34.39,5.86,0.0,0.0,20.5,257941,21.91,4.0,0.119
2021-11-01T22:33:51.000,34.35,6.17,0.0,0.0,20.5,257942,21.74,3.0,0.119
2021-11-01T22:34:51.000,34.36,6.31,0.0,0.0,20.5,257943,21.56,3.0,0.119
2021-11-01T22:35:51.000,34.35,6.05,0.0,0.0,20.5,257944,21.39,3.0,0.119
2021-11-01T22:36:51.000,34.32,6.16,0.0,0.0,20.5,257945,21.22,3.0,0.119
2021-11-01T22:37:51.000,34.32,6.26,0.0,0.0,20.5,257946,21.04,3.0,0.119
2021-11-01T22:38:51.000,34.31,6.26,0.0,0.0,20.5,257947,20.87,2.0,0.119
2021-11-01T22:39:51.000,34.32,6.4,0.0,0.0,20.5,257948,20.69,2.0,0.119
2021-11-01T22:40:51.000,34.33,6.33,0.0,0.0,20.5,257949,20.51,2.0,0.119
2021-11-01T22:41:51.000,34.3,6.24,0.0,0.0,20.5,257950,20.34,2.0,0.119
2021-11-01T22:42:51.000,34.21,6.06,0.0,0.0,20.5,257951,20.16,2.0,0.119
2021-11-01T22:43:51.000,34.18,6.19,0.0,0.0,20.5,257952,19.99,1.0,0.119
2021-11-01T22:44:51.000,34.13,6.12,0.0,0.0,20.5,257953,19.81,1.0,0.119
2021-11-01T22:45:51.000,34.14,6.34,0.0,0.0,20.5,257954,19.63,1.0,0.119
2021-11-01T22:46:51.000,34.15,6.32,0.0,0.0,20.5,257955,19.45,1.0,0.119
2021-11-01T22:47:52.000,34.11,6.12,0.0,0.0,20.5,257956,19.27,0.0,0.119
2021-11-01T22:48:52.000,34.06,6.03,0.0,0.0,20.5,257957,19.09,0.0,0.118
2021-11-01T22:49:52.000,34.01,6.0,0.0,0.0,20.5,257958,18.91,0.0,0.118
2021-11-01T22:50:52.000,33.88,5.74,0.0,0.0,20.5,257959,18.74,-0.0,0.118
2021-11-01T22:51:52.000,33.82,6.04,0.0,0.0,20.5,257960,18.56,-0.0,0.118
2021-11-01T22:52:57.000,33.81,6.11,0.0,0.0,20.5,257961,18.36,-1.0,0.118
2021-11-01T22:53:57.000,33.79,6.14,0.0,0.0,20.5,257962,18.18,-1.0,0.118
2021-11-01T22:54:57.000,33.75,6.08,0.0,0.0,20.5,257963,18.0,-1.0,0.118
2021-11-01T22:55:57.000,33.72,6.1,0.0,0.0,20.5,257964,17.82,-1.0,0.118
2021-11-01T22:56:57.000,33.66,5.89,0.0,0.0,20.5,257965,17.64,-1.0,0.118
2021-11-01T22:57:57.000,33.64,6.13,0.0,0.0,20.5,257966,17.46,-2.0,0.118
2021-11-01T22:58:57.000,33.61,5.99,0.0,0.0,20.5,257967,17.28,-2.0,0.118
2021-11-01T22:59:57.000,33.57,6.02,0.0,0.0,20.5,257968,17.09,-2.0,0.118
2021-11-01T23:00:57.000,33.57,6.16,0.0,0.0,20.5,257969,16.91,-2.0,0.118
2021-11-01T23:01:57.000,33.52,5.92,0.0,0.0,20.5,257970,16.73,-2.0,0.118
2021-11-01T23:02:57.000,33.43,5.86,0.0,0.0,20.5,257971,16.54,-3.0,0.118
2021-11-01T23:03:57.000,33.38,6.03,0.0,0.0,20.5,257972,16.36,-3.0,0.118
2021-11-01T23:04:57.000,33.32,5.83,0.0,0.0,20.5,257973,16.18,-3.0,0.118
2021-11-01T23:05:57.000,33.23,5.8,0.0,0.0,20.5,257974,15.99,-3.0,0.118
2021-11-01T23:06:57.000,33.18,5.98,0.0,0.0,20.5,257975,15.81,-3.0,0.118
2021-11-01T23:07:57.000,33.16,5.93,0.0,0.0,20.5,257976,15.62,-4.0,0.117
2021-11-01T23:08:57.000,33.05,5.63,0.0,0.0,20.5,257977,15.44,-4.0,0.117
2021-11-01T23:09:58.000,32.98,5.85,0.0,0.0,20.5,257978,15.25,-4.0,0.117
2021-11-01T23:10:58.000,32.92,5.66,0.0,0.0,20.5,257979,15.07,-4.0,0.117
2021-11-01T23:12:05.000,32.81,5.64,0.0,0.0,20.5,257980,14.86,-4.0,0.117
2021-11-01T23:13:04.000,32.7,5.68,0.0,0.0,20.5,257981,14.68,-5.0,0.117
2021-11-01T23:14:04.000,32.65,5.91,0.0,0.0,20.5,257982,14.49,-5.0,0.117
2021-11-01T23:15:05.000,32.63,5.98,0.0,0.0,20.5,257983,14.3,-5.0,0.117
2021-11-01T23:16:05.000,32.61,5.91,0.0,0.0,20.5,257984,14.11,-5.0,0.117
2021-11-01T23:17:05.000,32.59,5.88,0.0,0.0,20.5,257985,13.93,-6.0,0.117
2021-11-01T23:18:05.000,32.6,5.99,0.0,0.0,20.5,257986,13.74,-6.0,0.117
2021-11-01T23:19:05.000,32.62,5.79,0.0,0.0,20.5,257987,13.55,-6.0,0.117
2021-11-01T23:20:05.000,32.59,5.64,0.0,0.0,20.5,257988,13.36,-6.0,0.117
2021-11-01T23:21:05.000,32.54,5.49,0.0,0.0,20.5,257989,13.17,-6.0,0.117
2021-11-01T23:22:05.000,32.49,5.52,0.0,0.0,20.5,257990,12.99,-7.0,0.117
2021-11-01T23:23:05.000,32.46,5.54,0.0,0.0,20.5,257991,12.8,-7.0,0.117
2021-11-01T23:24:05.000,32.43,5.48,0.0,0.0,20.5,257992,12.61,-7.0,0.117
2021-11-01T23:25:06.000,32.38,5.46,0.0,0.0,20.5,257993,12.42,-7.0,0.117
2021-11-01T23:26:05.000,32.31,5.26,0.0,0.0,20.5,257994,12.23,-7.0,0.117
2021-11-01T23:27:06.000,32.21,5.32,0.0,0.0,20.5,257995,12.04,-8.0,0.117
2021-11-01T23:28:06.000,32.18,5.51,0.0,0.0,20.5,257996,11.85,-8.0,0.116
2021-11-01T23:29:06.000,32.14,5.41,0.0,0.0,20.5,257997,11.66,-8.0,0.116
2021-11-01T23:30:06.000,32.1,5.37,0.0,0.0,20.5,257998,11.47,-8.0,0.116
2021-11-01T23:31:06.000,32.07,5.29,0.0,0.0,20.5,257999,11.28,-8.0,0.116
2021-11-01T23:32:06.000,32.02,5.28,0.0,0.0,20.5,258000,11.08,-9.0,0.116
2021-11-01T23:33:06.000,31.97,5.29,0.0,0.0,20.5,258001,10.89,-9.0,0.116
2021-11-01T23:34:06.000,31.93,5.21,0.0,0.0,20.5,258002,10.7,-9.0,0.116
2021-11-01T23:35:06.000,31.86,4.97,0.0,0.0,20.5,258003,10.51,-9.0,0.116
2021-11-01T23:36:06.000,31.77,5.04,0.0,0.0,20.5,258004,10.32,-9.0,0.116
2021-11-01T23:37:07.000,31.74,5.21,0.0,0.0,20.5,258005,10.12,-10.0,0.116
2021-11-01T23:38:06.000,31.73,5.22,0.0,0.0,20.5,258006,9.93,-10.0,0.116
2021-11-01T23:39:07.000,31.73,5.25,0.0,0.0,20.5,258007,9.74,-10.0,0.116
2021-11-01T23:40:07.000,31.71,5.18,0.0,0.0,20.5,258008,9.55,-10.0,0.116
2021-11-01T23:41:07.000,31.65,5.09,0.0,0.0,20.5,258009,9.35,-10.0,0.116
2021-11-01T23:42:07.000,31.58,5.02,0.0,0.0,20.5,258010,9.16,-11.0,0.116
2021-11-01T23:43:07.000,31.55,5.06,0.0,0.0,20.5,258011,8.97,-11.0,0.116
2021-11-01T23:44:07.000,31.49,4.9,0.0,0.0,20.5,258012,8.77,-11.0,0.116
2021-11-01T23:45:07.000,31.4,4.8,0.0,0.0,20.5,258013,8.58,-11.0,0.116
2021-11-01T23:46:07.000,31.34,4.77,0.0,0.0,20.5,258014,8.38,-11.0,0.116
2021-11-01T23:47:07.000,31.26,4.76,0.0,0.0,20.5,258015,8.19,-12.0,0.115
2021-11-01T23:48:07.000,31.21,4.72,0.0,0.0,20.5,258016,7.99,-12.0,0.115
2021-11-01T23:49:07.000,31.13,4.48,0.0,0.0,20.5,258017,7.8,-12.0,0.115
2021-11-01T23:50:07.000,31.02,4.41,0.0,0.0,20.5,258018,7.61,-12.0,0.115
2021-11-01T23:51:07.000,30.94,4.46,0.0,0.0,20.5,258019,7.41,-12.0,0.115
2021-11-01T23:52:07.000,30.87,4.33,0.0,0.0,20.5,258020,7.21,-13.0,0.115
2021-11-01T23:53:08.000,30.75,4.2,0.0,0.0,20.5,258021,7.02,-13.0,0.115
2021-11-01T23:54:08.000,30.64,4.26,0.0,0.0,20.5,258022,6.82,-13.0,0.115
2021-11-01T23:55:08.000,30.56,4.28,0.18,0.09,20.5,258023,6.62,-13.0,0.115
2021-11-01T23:56:08.000,30.5,4.2,0.0,0.0,20.5,258024,6.43,-13.0,0.115
2021-11-01T23:57:08.000,30.4,4.15,0.0,0.0,20.5,258025,6.23,-14.0,0.115
2021-11-01T23:58:08.000,30.36,4.13,0.0,0.0,20.5,258026,6.03,-14.0,0.115
2021-11-01T23:59:08.000,30.28,3.94,0.0,0.0,20.5,258027,5.84,-14.0,0.115
2021-11-02T00:00:08.000,30.19,3.93,0.0,0.0,20.5,258028,5.64,-14.0,0.115
2021-11-02T00:01:08.000,30.1,3.8,0.14,0.1,20.5,258029,5.44,-14.0,0.115
2021-11-02T00:02:08.000,30.01,3.77,0.0,0.0,20.5,258030,5.25,-15.0,0.115
2021-11-02T00:03:08.000,29.93,3.77,0.0,0.0,20.5,258031,5.05,-15.0,0.115
2021-11-02T00:04:08.000,29.83,3.65,0.0,0.0,20.5,258032,4.85,-15.0,0.115
2021-11-02T00:05:08.000,29.76,3.66,0.0,0.0,20.5,258033,4.65,-15.0,0.115
2021-11-02T00:06:08.000,29.66,3.53,0.0,0.0,20.5,258034,4.46,-15.0,0.115
2021-11-02T00:07:08.000,29.59,3.61,0.0,0.0,20.5,258035,4.26,-16.0,0.114
2021-11-02T00:08:09.000,29.5,3.53,0.0,0.0,20.5,258036,4.06,-16.0,0.114
2021-11-02T00:09:09.000,29.45,3.53,0.0,0.0,20.5,258037,3.86,-16.0,0.114
2021-11-02T00:10:09.000,29.38,3.53,0.0,0.0,20.5,258038,3.66,-16.0,0.114
2021-11-02T00:11:09.000,29.33,3.49,0.0,0.0,20.5,258039,3.46,-16.0,0.114
2021-11-02T00:12:09.000,29.29,3.45,0.0,0.0,20.5,258040,3.26,-17.0,0.114
2021-11-02T00:13:09.000,29.26,3.41,0.0,0.0,20.5,258041,3.06,-17.0,0.114
2021-11-02T00:14:09.000,29.22,3.42,0.0,0.0,20.5,258042,2.86,-17.0,0.114
2021-11-02T00:15:09.000,29.15,3.17,0.0,0.0,20.5,258043,2.66,-17.0,0.114
2021-11-02T00:16:09.000,29.09,3.32,0.0,0.0,20.5,258044,2.46,-17.0,0.114
2021-11-02T00:17:10.000,29.06,3.29,0.0,0.0,20.5,258045,2.26,-18.0,0.114
2021-11-02T00:18:10.000,29.01,3.27,0.0,0.0,20.5,258046,2.06,-18.0,0.114
2021-11-02T00:19:10.000,28.97,3.26,0.0,0.0,20.5,258047,1.86,-18.0,0.114
2021-11-02T00:20:10.000,28.94,3.25,0.0,0.0,20.5,258048,1.66,-18.0,0.114
2021-11-02T00:21:10.000,28.92,3.21,0.0,0.0,20.5,258049,1.46,-18.0,0.114
2021-11-02T00:22:10.000,28.88,3.22,0.0,0.0,20.5,258050,1.26,-19.0,0.114
2021-11-02T00:23:10.000,28.83,3.15,0.0,0.0,20.5,258051,1.05,-19.0,0.114
2021-11-02T00:24:10.000,28.78,3.11,0.0,0.0,20.5,258052,0.85,-19.0,0.114
2021-11-02T00:25:10.000,28.74,3.06,0.0,0.0,20.5,258053,0.65,-19.0,0.114
2021-11-02T00:26:10.000,28.68,2.95,0.0,0.0,20.5,258054,0.45,-19.0,0.114
2021-11-02T00:27:10.000,28.6,2.89,0.0,0.0,20.5,258055,0.25,-20.0,0.113
2021-11-02T00:28:10.000,28.54,2.89,0.51,0.18,20.5,258056,0.05,-20.0,0.113
2021-11-02T00:29:10.000,28.48,2.86,0.0,0.0,20.5,258057,-0.15,-20.0,0.113
2021-11-02T00:30:10.000,28.38,2.72,0.0,0.0,20.5,258058,-0.36,-20.0,0.113
2021-11-02T00:31:10.000,28.29,2.82,0.0,0.0,20.5,258059,-0.56,-20.0,0.113
2021-11-02T00:32:10.000,28.24,2.78,0.0,0.0,20.5,258060,-0.76,-21.0,0.113
2021-11-02T00:33:11.000,28.18,2.77,0.0,0.0,20.5,258061,-0.97,-21.0,0.113
2021-11-02T00:34:11.000,28.08,2.67,0.0,0.0,20.5,258062,-1.17,-21.0,0.113
2021-11-02T00:35:10.000,27.98,2.61,0.0,0.0,20.5,258063,-1.37,-21.0,0.113
2021-11-02T00:36:11.000,27.89,2.64,51777.41,7.73,20.5,258064,-1.57,-21.0,0.113
2021-11-02T00:37:11.000,27.82,2.58,46330.91,8.72,20.5,258065,-1.78,-22.0,0.113
2021-11-02T00:38:11.000,27.72,2.45,39028.96,8.9,20.5,258066,-1.98,-22.0,0.113
2021-11-02T00:39:12.000,27.65,2.47,32090.1,9.19,20.5,258067,-2.19,-22.0,0.113
2021-11-02T00:40:12.000,27.57,2.36,26399.09,9.41,20.5,258068,-2.39,-22.0,0.113
2021-11-02T00:41:12.000,27.51,2.35,22175.82,9.52,20.5,258069,-2.59,-22.0,0.113
2021-11-02T00:42:12.000,27.43,2.26,18434.11,9.72,20.5,258070,-2.8,-23.0,0.113
2021-11-02T00:44:12.000,27.32,2.2,12034.72,10.18,20.5,258072,-3.21,-23.0,0.113
2021-11-02T00:45:12.000,27.26,2.2,9556.22,10.43,20.5,258073,-3.41,-23.0,0.113
2021-11-02T00:47:12.000,27.17,2.17,6231.96,10.9,20.5,258075,-3.82,-24.0,0.112
2021-11-02T00:48:12.000,27.13,2.13,4882.63,11.16,20.5,258076,-4.02,-24.0,0.112
2021-11-02T00:49:12.000,27.07,2.11,3769.12,11.44,20.5,258077,-4.23,-24.0,0.112
2021-11-02T00:50:12.000,27.01,2.08,2937.0,11.71,20.5,258078,-4.43,-24.0,0.112
2021-11-02T00:51:12.000,26.92,1.98,2299.89,11.98,20.5,258079,-4.64,-24.0,0.112
