Downloads/jupyter/ECSV/stars19/stars19_2024-06.ecsv
# %ECSV 1.0
# ---
# datatype:
# - {name: time, datatype: string}
# - {name: Enclosure Temperature, unit: deg_C, datatype: float64}
# - {name: Sky Temperature, unit: deg_C, datatype: float64}
# - {name: Frequency, unit: Hz, datatype: float64}
# - {name: MSAS, unit: mag / arcsec2, datatype: float64}
# - {name: ZP, datatype: float64}
# - {name: Sequence Number, datatype: int64}
# - {name: Sun Alt, unit: deg, datatype: float64}
# - {name: Moon Alt, unit: deg, datatype: float64}
# - {name: Moon Illumination, datatype: float64}
# delimiter: ','
# meta: !!omap
# - ida:
#     Data supplier: {affiliation: null, observer: null}
#     Device type: TESS-W
#     Field of view: 17.0
#     Filters per channel: None
#     Instrument ID: stars19
#     License: ODbL 1.0 http://opendatacommons.org/licenses/odbl/summary/
#     Local timezone: America/Phoenix
#     Location name: {country: '- Tucson', place: Tucson, region: United States, sub_region: Arizona, town: Pima County}
#     Measurement direction per channel: {azimuth: 0.0, zenital: 0.0}
#     Moving / Fixed look direction: FIXED
#     Moving / Stationary position: STATIONARY
#     Number of channels: 1
#     Number of fields per line: 8
#     Number of header lines: 35
#     Position: {height: 0.0, latitude: 32.223877, longitude: -110.767532}
#     TESS MAC address: 18:FE:34:CF:EC:06
#     TESS cover offset value: 0.0
#     TESS firmware version: '1.0'
#     TESS zero point: 20.38
#     Time Synchronization: timestamp added by MQTT subscriber
#     URL: http://www.darksky.org/NSBM/sdf1.0.pdf
# - __serialized_columns__:
#     Enclosure Temperature:
#       __class__: astropy.units.quantity.Quantity
#       unit: &id001 !astropy.units.Unit {unit: deg_C}
#       value: !astropy.table.SerializedColumn {name: Enclosure Temperature}
#     Frequency:
#       __class__: astropy.units.quantity.Quantity
#       unit: !astropy.units.Unit {unit: Hz}
#       value: !astropy.table.SerializedColumn {name: Frequency}
#     MSAS:
#       __class__: astropy.units.quantity.Quantity
#       unit: !astropy.units.Unit {unit: mag / arcsec2}
#       value: !astropy.table.SerializedColumn {name: MSAS}
#     Moon Alt:
#       __class__: astropy.units.quantity.Quantity
#       unit: &id002 !astropy.units.Unit {unit: deg}
#       value: !astropy.table.SerializedColumn {name: Moon Alt}
#     Sky Temperature:
#       __class__: astropy.units.quantity.Quantity
#       unit: *id001
#       value: !astropy.table.SerializedColumn {name: Sky Temperature}
#     Sun Alt:
#       __class__: astropy.units.quantity.Quantity
#       unit: *id002
#       value: !astropy.table.SerializedColumn {name: Sun Alt}
#     time:
#       __class__: astropy.time.core.Time
#       format: isot
#       in_subfmt: '*'
#       out_subfmt: '*'
#       precision: 3
#       scale: utc
#       value: !astropy.table.SerializedColumn {name: time}
# schema: astropy-2.0
time,Enclosure Temperature,Sky Temperature,Frequency,MSAS,ZP,Sequence Number,Sun Alt,Moon Alt,Moon Illumination
[from data line 12628]
2024-06-16T11:26:48.000,26.95,3.44,9.37,17.95,20.38,78683,-9.69,-37.0,0.709
2024-06-16T11:27:48.000,26.97,3.56,10.84,17.79,20.38,78684,-9.51,-37.0,0.709
2024-06-16T11:28:48.000,26.99,3.53,12.52,17.64,20.38,78685,-9.34,-37.0,0.709
2024-06-16T11:30:49.000,26.91,3.42,17.24,17.29,20.38,78687,-8.99,-38.0,0.709
2024-06-16T11:31:49.000,26.93,3.51,20.24,17.12,20.38,78688,-8.82,-38.0,0.709
2024-06-16T11:32:49.000,26.98,3.55,24.01,16.93,20.38,78689,-8.65,-38.0,0.709
2024-06-16T11:35:50.000,27.04,3.44,40.57,16.36,20.38,78692,-8.12,-39.0,0.71
2024-06-16T11:36:51.000,27.01,3.42,47.49,16.19,20.38,78693,-7.94,-39.0,0.71
2024-06-16T11:37:51.000,27.03,3.47,58.5,15.96,20.38,78694,-7.77,-39.0,0.71
2024-06-16T11:38:51.000,27.01,3.42,71.73,15.74,20.38,78695,-7.59,-39.0,0.71
2024-06-16T11:39:52.000,26.98,3.33,88.09,15.52,20.38,78696,-7.41,-39.0,0.71
2024-06-16T11:40:52.000,26.97,3.37,108.41,15.29,20.38,78697,-7.24,-40.0,0.71
2024-06-16T11:41:52.000,26.97,3.37,134.07,15.06,20.38,78698,-7.06,-40.0,0.71
2024-06-16T11:42:53.000,26.95,3.37,165.98,14.83,20.38,78699,-6.88,-40.0,0.71
2024-06-16T11:43:53.000,26.96,3.45,206.42,14.6,20.38,78700,-6.71,-40.0,0.71
2024-06-16T11:44:54.000,26.96,3.4,257.2,14.36,20.38,78701,-6.53,-40.0,0.71
2024-06-16T11:45:54.000,26.98,3.47,320.64,14.12,20.38,78702,-6.35,-41.0,0.71
2024-06-16T11:46:55.000,27.03,3.54,399.44,13.88,20.38,78703,-6.17,-41.0,0.71
2024-06-16T11:47:55.000,27.04,3.49,497.89,13.64,20.38,78704,-5.99,-41.0,0.71
2024-06-16T11:48:55.000,27.03,3.45,622.02,13.4,20.38,78705,-5.81,-41.0,0.71
2024-06-16T11:49:55.000,27.01,3.48,777.28,13.16,20.38,78706,-5.63,-41.0,0.71
2024-06-16T11:50:55.000,27.03,3.49,971.98,12.91,20.38,78707,-5.45,-42.0,0.71
2024-06-16T11:51:55.000,27.01,3.48,1219.8,12.67,20.38,78708,-5.27,-42.0,0.711
2024-06-16T11:52:55.000,27.03,3.47,1531.93,12.42,20.38,78709,-5.09,-42.0,0.711
2024-06-16T11:53:56.000,27.01,3.45,1924.69,12.17,20.38,78710,-4.91,-42.0,0.711
2024-06-16T11:54:57.000,27.03,3.47,2417.56,11.92,20.38,78711,-4.73,-42.0,0.711
2024-06-16T11:55:57.000,27.02,3.36,3032.37,11.68,20.38,78712,-4.55,-43.0,0.711
2024-06-16T11:56:57.000,26.95,3.27,3786.98,11.44,20.38,78713,-4.37,-43.0,0.711
2024-06-16T11:57:57.000,26.9,3.2,4697.35,11.2,20.38,78714,-4.19,-43.0,0.711
2024-06-16T11:58:58.000,26.86,3.21,5804.98,10.97,20.38,78715,-4.0,-43.0,0.711
2024-06-16T11:59:59.000,26.78,3.2,7146.96,10.75,20.38,78716,-3.82,-43.0,0.711
2024-06-16T12:00:59.000,26.71,3.05,8750.62,10.53,20.38,78717,-3.63,-44.0,0.711
2024-06-16T12:02:00.000,26.59,2.98,10624.49,10.32,20.38,78718,-3.45,-44.0,0.711
2024-06-16T12:03:00.000,26.54,3.09,12794.73,10.11,20.38,78719,-3.27,-44.0,0.711
2024-06-16T12:05:00.000,26.59,3.45,18178.99,9.73,20.38,78721,-2.9,-44.0,0.711
2024-06-16T12:06:00.000,26.58,3.17,21433.69,9.55,20.38,78722,-2.72,-45.0,0.711
2024-06-16T12:07:01.000,26.5,3.0,24554.5,9.56,20.38,78723,-2.53,-45.0,0.711
2024-06-16T12:08:01.000,26.43,2.98,29231.53,9.22,20.38,78724,-2.35,-45.0,0.712
2024-06-16T12:09:01.000,26.36,2.92,33817.31,9.06,20.38,78725,-2.17,-45.0,0.712
2024-06-16T12:10:01.000,26.29,2.95,38902.45,8.91,20.38,78726,-1.98,-45.0,0.712
2024-06-16T12:11:01.000,26.24,3.01,44450.25,8.76,20.38,78727,-1.8,-46.0,0.712
2024-06-16T12:12:02.000,26.21,2.99,50511.69,8.62,20.38,78728,-1.61,-46.0,0.712
2024-06-16T12:13:02.000,26.17,3.0,57066.23,8.49,20.38,78729,-1.42,-46.0,0.712
2024-06-16T12:14:02.000,26.16,3.15,39019.33,5.22,20.38,78730,-1.24,-46.0,0.712
2024-06-16T12:15:02.000,26.21,3.22,0.0,0.0,20.38,78731,-1.05,-46.0,0.712
2024-06-16T12:16:03.000,26.25,3.23,0.0,0.0,20.38,78732,-0.86,-46.0,0.712
2024-06-16T12:17:03.000,26.28,3.16,0.0,0.0,20.38,78733,-0.68,-47.0,0.712
2024-06-16T12:18:03.000,26.29,3.16,0.0,0.0,20.38,78734,-0.49,-47.0,0.712
2024-06-16T12:19:04.000,26.27,3.11,0.0,0.0,20.38,78735,-0.3,-47.0,0.712
2024-06-16T12:20:05.000,26.28,3.19,0.12,0.2,20.38,78736,-0.11,-47.0,0.712
2024-06-16T12:21:05.000,26.3,3.18,0.0,0.0,20.38,78737,0.07,-47.0,0.712
2024-06-16T12:22:05.000,26.34,3.3,0.0,0.0,20.38,78738,0.26,-48.0,0.712
2024-06-16T12:24:06.000,26.38,3.11,0.0,0.0,20.38,78740,0.64,-48.0,0.712
2024-06-16T12:25:06.000,26.37,3.0,0.0,0.0,20.38,78741,0.83,-48.0,0.713
2024-06-16T12:27:07.000,26.31,2.96,0.0,0.0,20.38,78743,1.2,-49.0,0.713
2024-06-16T12:28:08.000,26.26,2.96,0.0,0.0,20.38,78744,1.4,-49.0,0.713
2024-06-16T12:29:08.000,26.2,2.87,0.0,0.0,20.38,78745,1.58,-49.0,0.713
2024-06-16T12:36:09.000,26.06,2.99,0.0,0.0,20.38,78752,2.91,-50.0,0.713
2024-06-16T12:37:09.000,26.01,2.91,0.0,0.0,20.38,78753,3.1,-50.0,0.713
2024-06-16T12:38:10.000,25.95,2.8,0.0,0.0,20.38,78754,3.3,-51.0,0.713
2024-06-16T12:39:10.000,25.9,2.99,0.0,0.0,20.38,78755,3.49,-51.0,0.713
2024-06-16T12:40:10.000,25.95,3.15,0.0,0.0,20.38,78756,3.68,-51.0,0.713
2024-06-16T12:42:11.000,25.87,2.83,0.22,0.09,20.38,78758,4.06,-51.0,0.714
2024-06-16T12:43:12.000,25.93,3.12,0.0,0.0,20.38,78759,4.26,-52.0,0.714
2024-06-16T12:44:12.000,25.97,3.07,0.0,0.0,20.38,78760,4.45,-52.0,0.714
2024-06-16T12:45:12.000,26.0,3.1,0.0,0.0,20.38,78761,4.64,-52.0,0.714
2024-06-16T12:46:13.000,26.03,3.25,0.0,0.0,20.38,78762,4.84,-52.0,0.714
2024-06-16T12:47:13.000,26.1,3.36,0.0,0.0,20.38,78763,5.03,-52.0,0.714
2024-06-16T12:48:13.000,26.17,3.37,0.0,0.0,20.38,78764,5.22,-52.0,0.714
2024-06-16T12:51:14.000,26.18,2.8,0.0,0.0,20.38,78767,5.8,-53.0,0.714
2024-06-16T12:52:14.000,26.02,2.59,0.0,0.0,20.38,78768,6.0,-53.0,0.714
2024-06-16T12:54:15.000,26.04,3.21,0.0,0.0,20.38,78770,6.39,-53.0,0.714
2024-06-16T12:55:16.000,26.1,3.31,0.0,0.0,20.38,78771,6.59,-54.0,0.714
2024-06-16T12:56:16.000,26.19,3.53,0.0,0.0,20.38,78772,6.78,-54.0,0.714
2024-06-16T12:57:17.000,26.27,3.6,0.0,0.0,20.38,78773,6.98,-54.0,0.714
2024-06-16T12:58:18.000,26.33,3.63,0.0,0.0,20.38,78774,7.17,-54.0,0.715
2024-06-16T13:04:19.000,26.68,4.07,0.0,0.0,20.38,78780,8.35,-55.0,0.715
2024-06-16T13:05:19.000,26.71,4.08,0.0,0.0,20.38,78781,8.54,-55.0,0.715
2024-06-16T13:06:20.000,26.73,4.12,0.0,0.0,20.38,78782,8.74,-56.0,0.715
2024-06-16T13:07:20.000,26.79,4.23,0.0,0.0,20.38,78783,8.94,-56.0,0.715
2024-06-16T13:08:20.000,26.85,4.26,0.0,0.0,20.38,78784,9.13,-56.0,0.715
2024-06-16T13:10:21.000,26.85,4.14,0.0,0.0,20.38,78786,9.53,-56.0,0.715
2024-06-16T13:11:21.000,26.82,4.11,0.0,0.0,20.38,78787,9.73,-56.0,0.715
2024-06-16T13:12:21.000,26.82,4.24,0.0,0.0,20.38,78788,9.92,-57.0,0.715
2024-06-16T13:23:25.000,27.27,5.07,0.0,0.0,20.38,78799,12.11,-58.0,0.716
2024-06-16T13:24:25.000,27.24,5.01,0.0,0.0,20.38,78800,12.31,-58.0,0.716
2024-06-16T13:25:26.000,27.19,5.06,0.0,0.0,20.38,78801,12.51,-59.0,0.716
2024-06-16T13:29:27.000,27.25,5.73,0.0,0.0,20.38,78805,13.31,-59.0,0.716
2024-06-16T13:30:28.000,27.32,5.86,0.0,0.0,20.38,78806,13.51,-59.0,0.716
2024-06-16T13:31:28.000,27.36,5.93,0.0,0.0,20.38,78807,13.71,-60.0,0.717
2024-06-16T13:41:31.000,28.08,7.14,0.0,0.0,20.38,78817,15.73,-61.0,0.717
2024-06-16T13:42:31.000,28.16,7.22,0.0,0.0,20.38,78818,15.93,-61.0,0.717
2024-06-16T13:43:31.000,28.22,7.31,0.0,0.0,20.38,78819,16.13,-61.0,0.717
2024-06-16T13:46:33.000,28.42,7.74,0.0,0.0,20.38,78822,16.74,-62.0,0.717
2024-06-16T13:49:34.000,28.63,7.89,0.0,0.0,20.38,78825,17.35,-62.0,0.718
2024-06-16T13:51:40.000,28.8,8.21,0.0,0.0,20.38,78827,17.78,-62.0,0.718
2024-06-16T13:55:59.000,29.01,8.54,0.0,0.0,20.38,78831,18.65,-63.0,0.718
2024-06-16T13:56:59.000,29.06,8.57,0.0,0.0,20.38,78832,18.85,-63.0,0.718
2024-06-16T14:00:00.000,29.3,8.85,0.0,0.0,20.38,78835,19.47,-63.0,0.718
2024-06-16T14:01:06.000,29.37,8.98,0.0,0.0,20.38,78836,19.69,-64.0,0.718
2024-06-16T14:03:13.000,29.53,9.26,0.0,0.0,20.38,78838,20.12,-64.0,0.718
2024-06-16T14:04:14.000,29.62,9.33,0.0,0.0,20.38,78839,20.33,-64.0,0.718
2024-06-16T14:05:14.000,29.71,9.49,0.0,0.0,20.38,78840,20.53,-64.0,0.719
2024-06-16T14:14:17.000,30.5,10.13,0.0,0.0,20.38,78849,22.38,-65.0,0.719
2024-06-16T14:15:17.000,30.58,10.17,0.0,0.0,20.38,78850,22.59,-65.0,0.719
2024-06-16T14:16:19.000,30.67,10.13,0.0,0.0,20.38,78851,22.8,-65.0,0.719
2024-06-16T14:20:20.000,30.94,10.65,0.0,0.0,20.38,78855,23.62,-66.0,0.719
2024-06-16T14:21:22.000,31.01,10.66,0.0,0.0,20.38,78856,23.84,-66.0,0.72
2024-06-16T14:22:22.000,31.11,10.84,0.0,0.0,20.38,78857,24.04,-66.0,0.72
2024-06-16T14:24:23.000,31.25,10.87,0.0,0.0,20.38,78859,24.46,-66.0,0.72
2024-06-16T14:25:24.000,31.35,10.91,0.0,0.0,20.38,78860,24.67,-66.0,0.72
2024-06-16T14:26:24.000,31.39,11.02,0.0,0.0,20.38,78861,24.87,-66.0,0.72
2024-06-16T14:32:25.000,31.7,11.69,0.0,0.0,20.38,78867,26.11,-66.0,0.72
2024-06-16T14:35:25.000,31.97,11.97,0.0,0.0,20.38,78870,26.73,-67.0,0.72
2024-06-16T14:36:25.000,32.08,11.89,0.0,0.0,20.38,78871,26.94,-67.0,0.72
2024-06-16T14:37:26.000,32.1,11.99,0.0,0.0,20.38,78872,27.15,-67.0,0.72
2024-06-16T14:38:26.000,32.21,12.24,0.0,0.0,20.38,78873,27.36,-67.0,0.721
2024-06-16T14:39:27.000,32.27,12.23,0.0,0.0,20.38,78874,27.57,-67.0,0.721
2024-06-16T14:40:27.000,32.35,12.33,0.0,0.0,20.38,78875,27.78,-67.0,0.721
2024-06-16T14:46:29.000,32.87,12.91,0.0,0.0,20.38,78881,29.03,-67.0,0.721
2024-06-16T14:47:29.000,32.97,12.99,0.0,0.0,20.38,78882,29.23,-67.0,0.721
2024-06-16T14:48:30.000,33.03,13.05,0.0,0.0,20.38,78883,29.45,-67.0,0.721
2024-06-16T14:52:31.000,33.12,13.09,0.0,0.0,20.38,78887,30.28,-67.0,0.721
2024-06-16T14:53:32.000,33.23,13.36,0.0,0.0,20.38,78888,30.49,-67.0,0.721
2024-06-16T14:54:33.000,33.33,13.5,0.0,0.0,20.38,78889,30.71,-67.0,0.722
2024-06-16T14:56:39.000,33.51,13.66,0.0,0.0,20.38,78891,31.14,-67.0,0.722
2024-06-16T14:59:40.000,33.77,13.86,0.0,0.0,20.38,78894,31.77,-68.0,0.722
2024-06-16T15:00:40.000,33.84,13.87,0.0,0.0,20.38,78895,31.98,-68.0,0.722
2024-06-16T15:02:42.000,33.97,13.9,0.0,0.0,20.38,78897,32.41,-68.0,0.722
2024-06-16T15:10:43.000,34.6,14.68,0.0,0.0,20.38,78905,34.08,-67.0,0.722
2024-06-16T15:11:43.000,34.7,14.72,0.0,0.0,20.38,78906,34.29,-67.0,0.723
2024-06-16T15:12:44.000,34.77,14.76,0.0,0.0,20.38,78907,34.5,-67.0,0.723
2024-06-16T15:13:44.000,34.83,14.78,0.0,0.0,20.38,78908,34.71,-67.0,0.723
2024-06-16T15:14:44.000,34.94,14.91,0.0,0.0,20.38,78909,34.92,-67.0,0.723
2024-06-16T15:15:44.000,35.03,14.89,0.0,0.0,20.38,78910,35.13,-67.0,0.723
2024-06-16T15:17:46.000,35.12,14.97,0.0,0.0,20.38,78912,35.56,-67.0,0.723
2024-06-16T15:18:47.000,35.22,15.0,0.0,0.0,20.38,78913,35.77,-67.0,0.723
2024-06-16T15:19:47.000,35.21,14.66,0.0,0.0,20.38,78914,35.98,-67.0,0.723
2024-06-16T15:23:50.000,36.3,17.78,0.0,0.0,20.38,78918,36.83,-67.0,0.723
2024-06-16T15:24:50.000,36.91,18.52,0.0,0.0,20.38,78919,37.04,-67.0,0.723
2024-06-16T15:25:51.000,37.5,18.88,0.0,0.0,20.38,78920,37.26,-67.0,0.723
2024-06-16T15:31:52.000,40.13,19.42,0.0,0.0,20.38,78926,38.52,-67.0,0.724
2024-06-16T15:32:53.000,40.62,19.86,0.0,0.0,20.38,78927,38.74,-67.0,0.724
2024-06-16T15:33:53.000,41.19,19.93,0.0,0.0,20.38,78928,38.95,-67.0,0.724
2024-06-16T15:34:53.000,41.55,19.78,0.0,0.0,20.38,78929,39.16,-67.0,0.724
2024-06-16T15:35:53.000,41.97,20.08,0.0,0.0,20.38,78930,39.37,-66.0,0.724
2024-06-16T15:36:56.000,42.27,19.24,0.0,0.0,20.38,78931,39.59,-66.0,0.724
2024-06-16T15:38:58.000,42.75,19.91,0.0,0.0,20.38,78933,40.02,-66.0,0.724
2024-06-16T15:39:58.000,43.04,19.65,0.0,0.0,20.38,78934,40.23,-66.0,0.724
2024-06-16T15:41:59.000,43.33,19.15,0.0,0.0,20.38,78936,40.65,-66.0,0.724
2024-06-16T15:47:00.000,43.79,19.81,0.0,0.0,20.38,78941,41.71,-66.0,0.725
2024-06-16T15:48:00.000,44.16,20.41,0.0,0.0,20.38,78942,41.92,-66.0,0.725
2024-06-16T15:49:00.000,44.47,20.16,0.0,0.0,20.38,78943,42.13,-65.0,0.725
2024-06-16T15:56:04.000,44.65,20.23,0.0,0.0,20.38,78950,43.63,-65.0,0.725
2024-06-16T15:57:04.000,44.94,20.29,0.0,0.0,20.38,78951,43.84,-65.0,0.725
2024-06-16T15:58:04.000,45.12,20.26,0.0,0.0,20.38,78952,44.05,-65.0,0.725
2024-06-16T16:00:05.000,45.36,19.89,0.0,0.0,20.38,78954,44.48,-64.0,0.725
2024-06-16T16:04:06.000,45.46,20.24,0.0,0.0,20.38,78958,45.32,-64.0,0.726
2024-06-16T16:05:06.000,45.63,20.42,0.0,0.0,20.38,78959,45.54,-64.0,0.726
2024-06-16T16:06:06.000,45.74,20.48,0.0,0.0,20.38,78960,45.75,-64.0,0.726
2024-06-16T16:24:16.000,48.44,21.18,0.0,0.0,20.38,78978,49.59,-61.0,0.727
2024-06-16T16:25:17.000,48.49,21.38,0.0,0.0,20.38,78979,49.8,-61.0,0.727
2024-06-16T16:26:18.000,48.74,22.24,0.0,0.0,20.38,78980,50.02,-61.0,0.727
2024-06-16T16:29:19.000,48.29,20.61,0.0,0.0,20.38,78983,50.66,-61.0,0.727
2024-06-16T16:30:19.000,48.2,21.07,0.0,0.0,20.38,78984,50.87,-61.0,0.727
2024-06-16T16:31:20.000,48.23,21.63,0.0,0.0,20.38,78985,51.08,-60.0,0.727
2024-06-16T16:35:22.000,49.14,21.96,0.0,0.0,20.38,78989,51.93,-60.0,0.728
2024-06-16T16:36:22.000,48.93,20.97,0.0,0.0,20.38,78990,52.15,-60.0,0.728
2024-06-16T16:37:22.000,48.83,21.14,0.0,0.0,20.38,78991,52.36,-59.0,0.728
2024-06-16T16:39:23.000,48.86,22.01,0.0,0.0,20.38,78993,52.78,-59.0,0.728
2024-06-16T16:40:24.000,49.21,22.85,0.0,0.0,20.38,78994,53.0,-59.0,0.728
2024-06-16T16:41:24.000,49.31,21.58,0.0,0.0,20.38,78995,53.21,-59.0,0.728
2024-06-16T17:17:38.000,52.24,23.21,0.0,0.0,20.38,79031,60.82,-53.0,0.73
2024-06-16T17:18:39.000,52.38,23.19,0.0,0.0,20.38,79032,61.03,-53.0,0.73
2024-06-16T17:19:39.000,52.36,22.78,0.0,0.0,20.38,79033,61.24,-53.0,0.73
2024-06-16T17:22:42.000,52.57,23.09,0.0,0.0,20.38,79036,61.88,-52.0,0.73
2024-06-16T17:23:42.000,52.42,21.53,0.0,0.0,20.38,79037,62.08,-52.0,0.73
2024-06-16T17:24:43.000,52.23,23.18,0.0,0.0,20.38,79038,62.29,-52.0,0.73
2024-06-16T17:26:44.000,53.01,23.6,0.0,0.0,20.38,79040,62.71,-51.0,0.731
2024-06-16T17:27:44.000,53.03,23.33,0.0,0.0,20.38,79041,62.92,-51.0,0.731
2024-06-16T17:28:44.000,53.2,23.72,0.0,0.0,20.38,79042,63.13,-51.0,0.731
2024-06-16T17:31:45.000,53.2,23.15,0.0,0.0,20.38,79045,63.75,-50.0,0.731
2024-06-16T17:32:45.000,52.97,22.49,0.0,0.0,20.38,79046,63.96,-50.0,0.731
2024-06-16T17:33:46.000,52.98,23.04,0.0,0.0,20.38,79047,64.17,-50.0,0.731
2024-06-16T17:57:56.000,54.07,23.57,0.0,0.0,20.38,79071,69.07,-46.0,0.732
2024-06-16T17:58:56.000,54.08,23.04,0.0,0.0,20.38,79072,69.27,-45.0,0.732
2024-06-16T17:59:57.000,54.04,23.05,0.0,0.0,20.38,79073,69.47,-45.0,0.733
2024-06-16T18:02:58.000,54.6,24.14,0.0,0.0,20.38,79076,70.07,-45.0,0.733
2024-06-16T18:03:58.000,54.73,23.62,0.0,0.0,20.38,79077,70.27,-44.0,0.733
2024-06-16T18:04:58.000,54.74,23.67,0.0,0.0,20.38,79078,70.46,-44.0,0.733
2024-06-16T18:11:00.000,54.69,23.24,0.0,0.0,20.38,79084,71.64,-43.0,0.733
2024-06-16T18:12:01.000,54.71,22.94,0.0,0.0,20.38,79085,71.83,-43.0,0.733
2024-06-16T18:13:01.000,54.78,23.56,0.0,0.0,20.38,79086,72.03,-43.0,0.733
2024-06-16T18:17:03.000,54.64,22.17,0.0,0.0,20.38,79090,72.79,-42.0,0.734
2024-06-16T18:18:04.000,54.34,22.34,0.0,0.0,20.38,79091,72.98,-42.0,0.734
2024-06-16T18:19:04.000,54.11,21.88,0.0,0.0,20.38,79092,73.17,-41.0,0.734
2024-06-16T18:25:08.000,54.9,23.36,0.0,0.0,20.38,79098,74.29,-40.0,0.734
2024-06-16T18:26:09.000,55.03,23.33,0.0,0.0,20.38,79099,74.48,-40.0,0.734
2024-06-16T18:27:10.000,54.88,22.86,0.0,0.0,20.38,79100,74.66,-40.0,0.734
2024-06-16T18:29:11.000,55.2,23.18,0.0,0.0,20.38,79102,75.02,-39.0,0.734
2024-06-16T18:30:11.000,55.02,22.76,0.0,0.0,20.38,79103,75.2,-39.0,0.734
2024-06-16T18:31:11.000,55.06,23.37,0.0,0.0,20.38,79104,75.38,-39.0,0.734
2024-06-16T18:32:11.000,54.91,22.43,0.0,0.0,20.38,79105,75.55,-39.0,0.734
2024-06-16T18:35:12.000,54.95,23.11,0.0,0.0,20.38,79108,76.07,-38.0,0.735
2024-06-16T18:38:12.000,55.33,22.75,0.0,0.0,20.38,79111,76.58,-38.0,0.735
2024-06-16T18:39:13.000,55.16,22.17,0.0,0.0,20.38,79112,76.74,-38.0,0.735
2024-06-16T18:40:13.000,54.92,21.63,0.0,0.0,20.38,79113,76.91,-37.0,0.735
2024-06-16T18:51:18.000,54.21,23.02,0.0,0.0,20.38,79124,78.59,-35.0,0.736
2024-06-16T18:52:19.000,54.29,22.67,0.0,0.0,20.38,79125,78.73,-35.0,0.736
2024-06-16T18:53:19.000,54.09,22.11,0.0,0.0,20.38,79126,78.87,-35.0,0.736
2024-06-16T18:56:21.000,54.51,23.73,0.0,0.0,20.38,79129,79.26,-34.0,0.736
2024-06-16T18:57:21.000,54.78,23.41,0.0,0.0,20.38,79130,79.38,-34.0,0.736
2024-06-16T18:59:23.000,55.23,23.27,0.0,0.0,20.38,79132,79.62,-34.0,0.736
2024-06-16T19:00:23.000,55.29,22.67,0.0,0.0,20.38,79133,79.74,-33.0,0.736
2024-06-16T19:01:24.000,55.1,22.13,0.0,0.0,20.38,79134,79.85,-33.0,0.736
