Downloads/jupyter/ECSV/stars19/stars19_2021-08.ecsv
# %ECSV 1.0
# ---
# datatype:
# - {name: time, datatype: string}
# - {name: Enclosure Temperature, unit: deg_C, datatype: float64}
# - {name: Sky Temperature, unit: deg_C, datatype: float64}
# - {name: Frequency, unit: Hz, datatype: float64}
# - {name: MSAS, unit: mag / arcsec2, datatype: float64}
# - {name: ZP, datatype: float64}
# - {name: Sequence Number, datatype: int64}
# - {name: Sun Alt, unit: deg, datatype: float64}
# - {name: Moon Alt, unit: deg, datatype: float64}
# - {name: Moon Illumination, datatype: float64}
# delimiter: ','
# meta: !!omap
# - ida:
#     Data supplier: {affiliation: null, observer: null}
#     Device type: TESS-W
#     Field of view: 17.0
#     Filters per channel: None
#     Instrument ID: stars19
#     License: ODbL 1.0 http://opendatacommons.org/licenses/odbl/summary/
#     Local timezone: America/Phoenix
#     Location name: {country: '- Tucson', place: Tucson, region: United States, sub_region: Arizona, town: Pima County}
#     Measurement direction per channel: {azimuth: 0.0, zenital: 0.0}
#     Moving / Fixed look direction: FIXED
#     Moving / Stationary position: STATIONARY
#     Number of channels: 1
#     Number of fields per line: 8
#     Number of header lines: 35
#     Position: {height: 0.0, latitude: 32.223877, longitude: -110.767532}
#     TESS MAC address: 18:FE:34:CF:EC:06
#     TESS cover offset value: 0.0
#     TESS firmware version: '1.0'
#     TESS zero point: 20.5
#     Time Synchronization: timestamp added by MQTT subscriber
#     URL: http://www.darksky.org/NSBM/sdf1.0.pdf
# - __serialized_columns__:
#     Enclosure Temperature:
#       __class__: astropy.units.quantity.Quantity
#       unit: &id001 !astropy.units.Unit {unit: deg_C}
#       value: !astropy.table.SerializedColumn {name: Enclosure Temperature}
#     Frequency:
#       __class__: astropy.units.quantity.Quantity
#       unit: !astropy.units.Unit {unit: Hz}
#       value: !astropy.table.SerializedColumn {name: Frequency}
#     MSAS:
#       __class__: astropy.units.quantity.Quantity
#       unit: !astropy.units.Unit {unit: mag / arcsec2}
#       value: !astropy.table.SerializedColumn {name: MSAS}
#     Moon Alt:
#       __class__: astropy.units.quantity.Quantity
#       unit: &id002 !astropy.units.Unit {unit: deg}
#       value: !astropy.table.SerializedColumn {name: Moon Alt}
#     Sky Temperature:
#       __class__: astropy.units.quantity.Quantity
#       unit: *id001
#       value: !astropy.table.SerializedColumn {name: Sky Temperature}
#     Sun Alt:
#       __class__: astropy.units.quantity.Quantity
#       unit: *id002
#       value: !astropy.table.SerializedColumn {name: Sun Alt}
#     time:
#       __class__: astropy.time.core.Time
#       format: isot
#       in_subfmt: '*'
#       out_subfmt: '*'
#       precision: 3
#       scale: utc
#       value: !astropy.table.SerializedColumn {name: time}
# schema: astropy-2.0
time,Enclosure Temperature,Sky Temperature,Frequency,MSAS,ZP,Sequence Number,Sun Alt,Moon Alt,Moon Illumination
[from data line 13602]
2021-08-18T20:42:49.000,51.38,23.34,0.0,0.0,20.5,150939,63.92,-32.0,0.839
2021-08-18T20:43:50.000,52.07,23.18,0.0,0.0,20.5,150940,63.76,-32.0,0.839
2021-08-18T20:44:50.000,52.47,22.7,0.0,0.0,20.5,150941,63.61,-32.0,0.839
2021-08-18T20:45:50.000,52.66,22.74,0.0,0.0,20.5,150942,63.45,-32.0,0.839
2021-08-18T20:46:51.000,52.91,23.3,0.0,0.0,20.5,150943,63.29,-31.0,0.839
2021-08-18T20:47:51.000,52.63,20.21,0.0,0.0,20.5,150944,63.14,-31.0,0.839
2021-08-18T20:48:51.000,52.37,22.72,0.0,0.0,20.5,150945,62.98,-31.0,0.839
2021-08-18T20:49:51.000,52.61,22.01,0.0,0.0,20.5,150946,62.82,-31.0,0.839
2021-08-18T20:50:52.000,52.77,22.4,0.0,0.0,20.5,150947,62.65,-31.0,0.839
2021-08-18T20:51:51.000,53.09,22.89,0.0,0.0,20.5,150948,62.5,-30.0,0.839
2021-08-18T20:52:52.000,53.39,23.16,0.0,0.0,20.5,150949,62.33,-30.0,0.839
2021-08-18T20:53:52.000,53.13,21.59,0.0,0.0,20.5,150950,62.17,-30.0,0.839
2021-08-18T20:55:53.000,52.26,20.98,0.0,0.0,20.5,150952,61.83,-30.0,0.84
2021-08-18T20:56:53.000,50.72,20.82,0.0,0.0,20.5,150953,61.67,-29.0,0.84
2021-08-18T20:57:53.000,49.44,21.89,0.0,0.0,20.5,150954,61.5,-29.0,0.84
2021-08-18T20:58:53.000,48.82,23.02,0.0,0.0,20.5,150955,61.33,-29.0,0.84
2021-08-18T20:59:53.000,48.86,24.7,0.0,0.0,20.5,150956,61.16,-29.0,0.84
2021-08-18T21:00:54.000,48.36,22.78,0.0,0.0,20.5,150957,60.99,-29.0,0.84
2021-08-18T21:01:54.000,47.65,21.92,0.0,0.0,20.5,150958,60.82,-29.0,0.84
2021-08-18T21:02:54.000,46.85,22.02,0.0,0.0,20.5,150959,60.65,-28.0,0.84
2021-08-18T21:03:54.000,46.28,21.49,0.0,0.0,20.5,150960,60.48,-28.0,0.84
2021-08-18T21:32:00.000,45.32,19.8,0.0,0.0,20.5,150988,55.39,-23.0,0.842
2021-08-18T21:36:01.000,43.39,19.03,0.0,0.0,20.5,150992,54.62,-22.0,0.842
2021-08-18T21:37:02.000,42.97,19.18,0.0,0.0,20.5,150993,54.43,-22.0,0.842
2021-08-18T21:38:02.000,42.64,19.45,0.0,0.0,20.5,150994,54.24,-22.0,0.842
2021-08-18T21:39:03.000,42.23,19.63,0.0,0.0,20.5,150995,54.04,-21.0,0.842
2021-08-18T21:43:04.000,41.29,20.34,0.0,0.0,20.5,150999,53.27,-21.0,0.842
2021-08-18T21:44:04.000,41.11,20.52,0.0,0.0,20.5,151000,53.08,-20.0,0.842
2021-08-18T21:45:05.000,40.92,20.71,0.0,0.0,20.5,151001,52.88,-20.0,0.842
2021-08-18T21:46:05.000,40.87,21.19,0.0,0.0,20.5,151002,52.68,-20.0,0.842
2021-08-18T21:47:05.000,40.75,20.82,0.0,0.0,20.5,151003,52.49,-20.0,0.843
2021-08-18T21:48:06.000,40.56,20.85,0.0,0.0,20.5,151004,52.29,-20.0,0.843
2021-08-18T21:49:06.000,40.5,20.71,0.0,0.0,20.5,151005,52.1,-19.0,0.843
2021-08-18T21:50:06.000,40.36,20.63,0.0,0.0,20.5,151006,51.9,-19.0,0.843
2021-08-18T21:53:06.000,39.92,20.86,0.0,0.0,20.5,151009,51.31,-19.0,0.843
2021-08-18T21:59:07.000,39.64,20.65,0.0,0.0,20.5,151015,50.12,-18.0,0.843
2021-08-18T22:00:07.000,39.51,20.17,0.0,0.0,20.5,151016,49.92,-17.0,0.843
2021-08-18T22:01:07.000,39.37,19.89,0.0,0.0,20.5,151017,49.72,-17.0,0.843
2021-08-18T22:02:07.000,39.3,19.97,0.0,0.0,20.5,151018,49.53,-17.0,0.843
2021-08-18T22:04:09.000,39.08,19.47,0.0,0.0,20.5,151020,49.12,-17.0,0.844
2021-08-18T22:05:09.000,38.95,18.93,0.0,0.0,20.5,151021,48.92,-16.0,0.844
2021-08-18T22:06:09.000,38.84,18.86,0.0,0.0,20.5,151022,48.72,-16.0,0.844
2021-08-18T22:07:09.000,38.62,18.46,0.0,0.0,20.5,151023,48.52,-16.0,0.844
2021-08-18T22:08:09.000,38.39,18.49,0.0,0.0,20.5,151024,48.32,-16.0,0.844
2021-08-18T22:09:10.000,38.28,19.24,0.0,0.0,20.5,151025,48.11,-16.0,0.844
2021-08-18T22:10:10.000,38.2,19.77,0.0,0.0,20.5,151026,47.91,-15.0,0.844
2021-08-18T22:11:10.000,38.15,20.01,0.0,0.0,20.5,151027,47.71,-15.0,0.844
2021-08-18T22:12:10.000,38.08,19.73,0.0,0.0,20.5,151028,47.51,-15.0,0.844
2021-08-18T22:26:12.000,38.28,19.31,0.0,0.0,20.5,151042,44.65,-12.0,0.845
2021-08-18T22:27:12.000,38.23,18.83,0.0,0.0,20.5,151043,44.45,-12.0,0.845
2021-08-18T22:28:12.000,38.23,19.14,0.0,0.0,20.5,151044,44.25,-12.0,0.845
2021-08-18T22:31:13.000,38.17,18.53,0.0,0.0,20.5,151047,43.63,-12.0,0.845
2021-08-18T22:32:14.000,38.21,18.67,0.0,0.0,20.5,151048,43.42,-11.0,0.845
2021-08-18T22:33:14.000,38.26,18.59,0.0,0.0,20.5,151049,43.21,-11.0,0.845
2021-08-18T22:34:15.000,38.32,18.69,0.0,0.0,20.5,151050,43.0,-11.0,0.845
2021-08-18T22:35:15.000,38.33,18.56,0.0,0.0,20.5,151051,42.8,-11.0,0.845
2021-08-18T22:36:15.000,38.28,18.45,0.0,0.0,20.5,151052,42.59,-11.0,0.845
2021-08-18T22:37:15.000,38.16,18.25,0.0,0.0,20.5,151053,42.38,-10.0,0.845
2021-08-18T22:38:15.000,38.07,18.69,0.0,0.0,20.5,151054,42.18,-10.0,0.846
2021-08-18T22:39:16.000,37.9,18.67,0.0,0.0,20.5,151055,41.97,-10.0,0.846
2021-08-18T22:40:16.000,37.8,19.34,0.0,0.0,20.5,151056,41.76,-10.0,0.846
2021-08-18T22:41:16.000,37.73,19.6,0.0,0.0,20.5,151057,41.55,-10.0,0.846
2021-08-18T22:42:16.000,37.66,19.72,0.0,0.0,20.5,151058,41.35,-9.0,0.846
2021-08-18T22:43:17.000,37.59,19.69,0.0,0.0,20.5,151059,41.14,-9.0,0.846
2021-08-18T22:44:18.000,37.57,19.71,0.0,0.0,20.5,151060,40.92,-9.0,0.846
2021-08-18T22:50:19.000,37.68,18.52,0.0,0.0,20.5,151066,39.67,-8.0,0.846
2021-08-18T22:51:19.000,37.51,17.72,0.0,0.0,20.5,151067,39.47,-8.0,0.846
2021-08-18T22:52:19.000,37.36,17.61,0.0,0.0,20.5,151068,39.26,-8.0,0.846
2021-08-18T22:53:19.000,37.2,17.76,0.0,0.0,20.5,151069,39.05,-7.0,0.846
2021-08-18T22:55:20.000,37.06,18.98,0.0,0.0,20.5,151071,38.63,-7.0,0.846
2021-08-18T22:57:20.000,36.98,18.91,0.0,0.0,20.5,151073,38.21,-7.0,0.847
2021-08-18T22:58:21.000,36.97,19.25,0.0,0.0,20.5,151074,38.0,-7.0,0.847
2021-08-18T22:59:21.000,37.02,19.02,0.0,0.0,20.5,151075,37.79,-6.0,0.847
2021-08-18T23:00:21.000,37.06,18.66,0.0,0.0,20.5,151076,37.58,-6.0,0.847
2021-08-18T23:01:21.000,37.06,18.14,0.0,0.0,20.5,151077,37.37,-6.0,0.847
2021-08-18T23:13:23.000,38.12,20.36,0.0,0.0,20.5,151089,34.85,-4.0,0.848
2021-08-18T23:14:23.000,38.08,19.9,0.0,0.0,20.5,151090,34.64,-4.0,0.848
2021-08-18T23:17:23.000,38.13,18.66,0.0,0.0,20.5,151093,34.01,-3.0,0.848
2021-08-18T23:22:24.000,37.54,17.44,0.0,0.0,20.5,151098,32.95,-2.0,0.848
2021-08-18T23:23:31.000,37.28,17.27,0.0,0.0,20.5,151099,32.72,-2.0,0.848
2021-08-18T23:24:31.000,37.06,17.18,0.0,0.0,20.5,151100,32.51,-2.0,0.848
2021-08-18T23:26:31.000,36.98,17.87,0.0,0.0,20.5,151102,32.09,-2.0,0.848
2021-08-18T23:32:33.000,36.73,18.36,0.0,0.0,20.5,151108,30.81,-1.0,0.849
2021-08-18T23:33:33.000,36.78,18.18,0.0,0.0,20.5,151109,30.6,-0.0,0.849
2021-08-18T23:34:33.000,36.74,18.09,0.0,0.0,20.5,151110,30.39,-0.0,0.849
2021-08-18T23:35:34.000,36.71,18.29,0.0,0.0,20.5,151111,30.18,0.0,0.849
2021-08-18T23:36:34.000,36.74,18.36,0.0,0.0,20.5,151112,29.96,0.0,0.849
2021-08-18T23:37:34.000,36.69,18.41,0.0,0.0,20.5,151113,29.75,0.0,0.849
2021-08-18T23:38:34.000,36.74,18.86,0.0,0.0,20.5,151114,29.54,1.0,0.849
2021-08-18T23:39:35.000,36.81,19.16,0.0,0.0,20.5,151115,29.33,1.0,0.849
2021-08-18T23:40:35.000,36.84,18.97,0.0,0.0,20.5,151116,29.12,1.0,0.849
2021-08-18T23:41:35.000,36.91,19.15,0.0,0.0,20.5,151117,28.9,1.0,0.849
2021-08-18T23:44:37.000,36.79,19.28,0.0,0.0,20.5,151120,28.26,2.0,0.849
2021-08-18T23:45:37.000,36.73,18.15,0.0,0.0,20.5,151121,28.05,2.0,0.849
2021-08-18T23:46:37.000,36.8,18.55,0.0,0.0,20.5,151122,27.84,2.0,0.849
2021-08-18T23:51:37.000,36.85,18.76,0.0,0.0,20.5,151127,26.78,3.0,0.85
2021-08-18T23:52:38.000,36.85,18.99,0.0,0.0,20.5,151128,26.57,3.0,0.85
2021-08-18T23:53:38.000,36.94,18.94,0.0,0.0,20.5,151129,26.36,3.0,0.85
2021-08-18T23:54:38.000,36.96,18.51,0.0,0.0,20.5,151130,26.14,3.0,0.85
2021-08-18T23:55:38.000,36.86,18.01,0.0,0.0,20.5,151131,25.93,3.0,0.85
2021-08-18T23:56:39.000,36.8,18.24,0.0,0.0,20.5,151132,25.72,4.0,0.85
2021-08-18T23:57:38.000,36.81,18.36,0.0,0.0,20.5,151133,25.51,4.0,0.85
2021-08-18T23:58:39.000,36.79,18.09,0.0,0.0,20.5,151134,25.29,4.0,0.85
2021-08-18T23:59:39.000,36.79,18.24,0.0,0.0,20.5,151135,25.08,4.0,0.85
2021-08-19T00:00:39.000,36.78,17.99,0.0,0.0,20.5,151136,24.87,4.0,0.85
2021-08-19T00:13:41.000,36.34,17.88,0.0,0.0,20.5,151149,22.11,6.0,0.851
2021-08-19T00:14:41.000,36.34,17.9,0.0,0.0,20.5,151150,21.9,7.0,0.851
2021-08-19T00:15:41.000,36.34,17.93,0.0,0.0,20.5,151151,21.69,7.0,0.851
2021-08-19T00:16:42.000,36.38,18.03,0.0,0.0,20.5,151152,21.47,7.0,0.851
2021-08-19T00:17:42.000,36.45,18.1,0.0,0.0,20.5,151153,21.26,7.0,0.851
2021-08-19T00:18:42.000,36.49,18.04,0.0,0.0,20.5,151154,21.05,7.0,0.851
2021-08-19T00:22:44.000,36.3,17.65,0.0,0.0,20.5,151158,20.2,8.0,0.851
2021-08-19T00:23:44.000,36.32,17.83,0.0,0.0,20.5,151159,19.99,8.0,0.852
2021-08-19T00:24:44.000,36.32,17.72,0.0,0.0,20.5,151160,19.78,8.0,0.852
2021-08-19T00:25:44.000,36.32,17.69,0.0,0.0,20.5,151161,19.56,8.0,0.852
2021-08-19T00:32:45.000,36.07,17.46,0.0,0.0,20.5,151168,18.08,9.0,0.852
2021-08-19T00:34:46.000,36.09,18.04,0.0,0.0,20.5,151170,17.66,10.0,0.852
2021-08-19T00:35:46.000,36.11,18.13,0.0,0.0,20.5,151171,17.44,10.0,0.852
2021-08-19T00:36:46.000,36.13,18.24,0.0,0.0,20.5,151172,17.23,10.0,0.852
2021-08-19T00:37:46.000,36.17,18.5,0.0,0.0,20.5,151173,17.02,10.0,0.852
2021-08-19T00:38:47.000,36.22,18.56,0.0,0.0,20.5,151174,16.81,10.0,0.852
2021-08-19T00:39:47.000,36.18,18.63,0.0,0.0,20.5,151175,16.6,11.0,0.852
2021-08-19T00:40:47.000,36.11,18.4,0.0,0.0,20.5,151176,16.39,11.0,0.852
2021-08-19T00:46:48.000,35.57,17.04,0.0,0.0,20.5,151182,15.12,12.0,0.853
2021-08-19T01:00:50.000,34.96,24.07,0.0,0.0,20.5,151196,12.17,14.0,0.854
2021-08-19T01:01:50.000,35.01,24.24,0.0,0.0,20.5,151197,11.96,14.0,0.854
2021-08-19T01:02:50.000,35.06,24.21,0.0,0.0,20.5,151198,11.75,14.0,0.854
2021-08-19T01:03:50.000,35.09,24.04,0.0,0.0,20.5,151199,11.54,14.0,0.854
2021-08-19T01:04:51.000,35.09,24.07,0.0,0.0,20.5,151200,11.33,14.0,0.854
2021-08-19T01:05:51.000,35.1,24.17,0.0,0.0,20.5,151201,11.12,14.0,0.854
2021-08-19T01:06:51.000,35.09,24.18,0.0,0.0,20.5,151202,10.91,15.0,0.854
2021-08-19T01:07:52.000,35.07,24.15,0.0,0.0,20.5,151203,10.69,15.0,0.854
2021-08-19T01:08:52.000,35.04,23.85,0.0,0.0,20.5,151204,10.49,15.0,0.854
2021-08-19T01:09:52.000,35.03,23.37,0.0,0.0,20.5,151205,10.28,15.0,0.854
2021-08-19T01:10:52.000,34.97,22.75,0.0,0.0,20.5,151206,10.07,15.0,0.854
2021-08-19T01:11:52.000,34.91,22.08,0.0,0.0,20.5,151207,9.86,15.0,0.854
2021-08-19T01:16:54.000,34.36,21.66,0.0,0.0,20.5,151212,8.81,16.0,0.855
2021-08-19T01:19:54.000,34.12,20.43,0.0,0.0,20.5,151215,8.18,16.0,0.855
2021-08-19T01:30:56.000,33.84,21.15,0.0,0.0,20.5,151226,5.89,18.0,0.855
2021-08-19T01:31:56.000,33.86,20.52,0.0,0.0,20.5,151227,5.68,18.0,0.855
2021-08-19T01:32:56.000,33.85,19.82,0.0,0.0,20.5,151228,5.47,18.0,0.855
2021-08-19T01:33:57.000,33.81,18.97,0.0,0.0,20.5,151229,5.26,18.0,0.855
2021-08-19T01:34:57.000,33.78,18.31,0.0,0.0,20.5,151230,5.05,18.0,0.856
2021-08-19T01:35:57.000,33.73,17.7,0.0,0.0,20.5,151231,4.85,19.0,0.856
2021-08-19T01:36:57.000,33.69,17.3,0.0,0.0,20.5,151232,4.64,19.0,0.856
2021-08-19T01:40:58.000,33.33,16.38,0.0,0.0,20.5,151236,3.81,19.0,0.856
2021-08-19T01:41:58.000,33.22,16.0,0.0,0.0,20.5,151237,3.6,19.0,0.856
2021-08-19T01:42:59.000,33.14,16.14,0.0,0.0,20.5,151238,3.39,19.0,0.856
2021-08-19T01:45:02.000,32.98,16.51,0.0,0.0,20.5,151240,2.97,20.0,0.856
2021-08-19T01:46:03.000,32.93,16.87,0.0,0.0,20.5,151241,2.76,20.0,0.856
2021-08-19T01:47:03.000,32.92,17.02,0.0,0.0,20.5,151242,2.55,20.0,0.856
2021-08-19T01:48:03.000,32.87,17.0,0.0,0.0,20.5,151243,2.35,20.0,0.856
2021-08-19T01:49:03.000,32.87,17.0,0.0,0.0,20.5,151244,2.14,20.0,0.856
2021-08-19T01:50:03.000,32.81,16.79,0.0,0.0,20.5,151245,1.94,20.0,0.856
2021-08-19T01:51:03.000,32.77,16.95,0.0,0.0,20.5,151246,1.73,21.0,0.856
2021-08-19T01:52:04.000,32.73,17.12,0.0,0.0,20.5,151247,1.52,21.0,0.856
2021-08-19T01:53:04.000,32.69,17.17,0.0,0.0,20.5,151248,1.32,21.0,0.857
2021-08-19T01:54:04.000,32.64,17.42,0.0,0.0,20.5,151249,1.11,21.0,0.857
2021-08-19T01:55:04.000,32.59,17.73,0.0,0.0,20.5,151250,0.91,21.0,0.857
2021-08-19T01:56:05.000,32.57,18.45,0.0,0.0,20.5,151251,0.7,21.0,0.857
2021-08-19T01:57:05.000,32.57,18.91,0.0,0.0,20.5,151252,0.5,21.0,0.857
2021-08-19T01:58:05.000,32.58,19.5,0.0,0.0,20.5,151253,0.29,21.0,0.857
2021-08-19T01:59:05.000,32.58,19.88,0.0,0.0,20.5,151254,0.09,21.0,0.857
2021-08-19T02:00:05.000,32.59,20.32,0.0,0.0,20.5,151255,-0.12,22.0,0.857
2021-08-19T02:01:07.000,32.57,20.67,0.0,0.0,20.5,151256,-0.33,22.0,0.857
2021-08-19T02:03:07.000,32.56,21.63,0.0,0.0,20.5,151258,-0.74,22.0,0.857
2021-08-19T02:05:13.000,32.5,22.23,0.0,0.0,20.5,151260,-1.16,22.0,0.857
2021-08-19T02:06:13.000,32.5,22.45,42479.96,5.9,20.5,151261,-1.37,22.0,0.857
2021-08-19T02:07:13.000,32.48,22.2,52674.96,8.58,20.5,151262,-1.57,22.0,0.857
2021-08-19T02:08:14.000,32.48,22.18,48457.28,8.67,20.5,151263,-1.78,23.0,0.857
2021-08-19T02:09:14.000,32.46,21.85,47224.27,8.69,20.5,151264,-1.98,23.0,0.857
2021-08-19T02:10:14.000,32.43,21.43,48408.2,8.67,20.5,151265,-2.18,23.0,0.857
2021-08-19T02:11:14.000,32.45,21.09,44553.28,8.76,20.5,151266,-2.39,23.0,0.858
2021-08-19T02:12:15.000,32.44,20.53,38436.6,8.92,20.5,151267,-2.59,23.0,0.858
2021-08-19T02:13:14.000,32.47,20.18,32350.65,9.11,20.5,151268,-2.79,23.0,0.858
2021-08-19T02:14:15.000,32.48,19.61,26319.24,9.49,20.5,151269,-3.0,23.0,0.858
2021-08-19T02:15:15.000,32.48,19.12,21928.6,9.53,20.5,151270,-3.2,23.0,0.858
2021-08-19T02:16:15.000,32.46,18.57,17797.24,9.76,20.5,151271,-3.4,23.0,0.858
2021-08-19T02:25:16.000,31.96,16.0,1905.98,12.18,20.5,151280,-5.22,24.0,0.858
2021-08-19T02:26:17.000,31.9,16.75,1581.38,12.38,20.5,151281,-5.42,24.0,0.858
2021-08-19T02:27:17.000,31.86,16.97,1198.13,12.69,20.5,151282,-5.62,25.0,0.858
2021-08-19T02:29:17.000,31.81,16.96,661.35,13.33,20.5,151284,-6.02,25.0,0.859
2021-08-19T02:30:17.000,31.78,17.29,522.11,13.59,20.5,151285,-6.22,25.0,0.859
2021-08-19T02:31:18.000,31.75,18.19,448.38,13.75,20.5,151286,-6.42,25.0,0.859
2021-08-19T02:32:19.000,31.74,18.98,389.21,13.91,20.5,151287,-6.63,25.0,0.859
2021-08-19T02:33:19.000,31.74,19.48,311.93,14.15,20.5,151288,-6.83,25.0,0.859
2021-08-19T02:34:20.000,31.75,19.56,240.47,14.43,20.5,151289,-7.03,25.0,0.859
2021-08-19T02:35:20.000,31.79,19.49,195.6,14.65,20.5,151290,-7.23,25.0,0.859
2021-08-19T02:36:20.000,31.83,19.11,153.78,14.92,20.5,151291,-7.43,25.0,0.859
2021-08-19T02:37:20.000,31.8,18.7,113.19,15.25,20.5,151292,-7.63,26.0,0.859
2021-08-19T02:38:20.000,31.77,18.5,89.68,15.5,20.5,151293,-7.82,26.0,0.859
2021-08-19T02:39:21.000,31.75,18.35,77.91,15.65,20.5,151294,-8.03,26.0,0.859
2021-08-19T02:40:21.000,31.76,18.36,68.68,15.79,20.5,151295,-8.22,26.0,0.859
2021-08-19T02:41:21.000,31.72,18.29,59.3,15.95,20.5,151296,-8.42,26.0,0.859
2021-08-19T02:42:21.000,31.72,18.43,54.18,16.05,20.5,151297,-8.62,26.0,0.859
2021-08-19T02:45:23.000,31.64,18.78,38.37,16.42,20.5,151300,-9.22,26.0,0.859
2021-08-19T02:49:24.000,31.55,19.23,27.9,16.77,20.5,151304,-10.01,27.0,0.86
2021-08-19T02:50:24.000,31.58,19.16,27.17,16.79,20.5,151305,-10.2,27.0,0.86
2021-08-19T02:51:24.000,31.57,19.41,25.73,16.79,20.5,151306,-10.4,27.0,0.86
2021-08-19T02:52:24.000,31.59,19.14,25.14,16.88,20.5,151307,-10.59,27.0,0.86
2021-08-19T02:53:24.000,31.57,18.72,24.4,16.91,20.5,151308,-10.79,27.0,0.86
2021-08-19T02:54:25.000,31.57,18.12,24.03,16.93,20.5,151309,-10.99,27.0,0.86
2021-08-19T02:55:25.000,31.54,17.25,23.06,16.97,20.5,151310,-11.18,27.0,0.86
2021-08-19T02:56:25.000,31.49,16.05,19.63,17.15,20.5,151311,-11.38,27.0,0.86
2021-08-19T02:57:25.000,31.4,14.87,11.09,17.79,20.5,151312,-11.57,27.0,0.86
2021-08-19T03:04:27.000,30.93,12.79,3.99,18.88,20.5,151319,-12.94,28.0,0.86
2021-08-19T03:05:27.000,30.87,12.75,4.03,18.87,20.5,151320,-13.13,28.0,0.861
2021-08-19T03:06:27.000,30.82,12.73,3.96,18.89,20.5,151321,-13.32,28.0,0.861
2021-08-19T03:08:28.000,30.76,12.75,3.9,18.91,20.5,151323,-13.71,28.0,0.861
2021-08-19T03:09:28.000,30.72,12.76,3.87,18.91,20.5,151324,-13.9,28.0,0.861
2021-08-19T03:10:28.000,30.69,12.87,3.91,18.9,20.5,151325,-14.09,28.0,0.861
2021-08-19T03:11:28.000,30.66,12.77,4.15,18.83,20.5,151326,-14.28,28.0,0.861
2021-08-19T03:12:28.000,30.62,12.93,4.42,18.77,20.5,151327,-14.47,28.0,0.861
2021-08-19T03:13:29.000,30.61,12.92,4.6,18.72,20.5,151328,-14.67,29.0,0.861
2021-08-19T03:14:29.000,30.59,12.96,4.55,18.74,20.5,151329,-14.86,29.0,0.861
2021-08-19T03:15:29.000,30.58,12.91,4.51,18.74,20.5,151330,-15.05,29.0,0.861
