Downloads/jupyter/ECSV/stars19/stars19_2019-11.ecsv
# %ECSV 1.0
# ---
# datatype:
# - {name: time, datatype: string}
# - {name: Enclosure Temperature, unit: deg_C, datatype: float64}
# - {name: Sky Temperature, unit: deg_C, datatype: float64}
# - {name: Frequency, unit: Hz, datatype: float64}
# - {name: MSAS, unit: mag / arcsec2, datatype: float64}
# - {name: ZP, datatype: float64}
# - {name: Sequence Number, datatype: int64}
# - {name: Sun Alt, unit: deg, datatype: float64}
# - {name: Moon Alt, unit: deg, datatype: float64}
# - {name: Moon Illumination, datatype: float64}
# delimiter: ','
# meta: !!omap
# - ida:
#     Data supplier: {affiliation: null, observer: null}
#     Device type: TESS-W
#     Field of view: 17.0
#     Filters per channel: None
#     Instrument ID: stars19
#     License: ODbL 1.0 http://opendatacommons.org/licenses/odbl/summary/
#     Local timezone: America/Phoenix
#     Location name: {country: '- Tucson', place: Tucson, region: United States, sub_region: Arizona, town: Pima County}
#     Measurement direction per channel: {azimuth: 0.0, zenital: 0.0}
#     Moving / Fixed look direction: FIXED
#     Moving / Stationary position: STATIONARY
#     Number of channels: 1
#     Number of fields per line: 8
#     Number of header lines: 35
#     Position: {height: 0.0, latitude: 32.223877, longitude: -110.767532}
#     TESS MAC address: 18:FE:34:CF:EC:06
#     TESS cover offset value: 0.0
#     TESS firmware version: '1.0'
#     TESS zero point: 20.5
#     Time Synchronization: timestamp added by MQTT subscriber
#     URL: http://www.darksky.org/NSBM/sdf1.0.pdf
# - __serialized_columns__:
#     Enclosure Temperature:
#       __class__: astropy.units.quantity.Quantity
#       unit: &id001 !astropy.units.Unit {unit: deg_C}
#       value: !astropy.table.SerializedColumn {name: Enclosure Temperature}
#     Frequency:
#       __class__: astropy.units.quantity.Quantity
#       unit: !astropy.units.Unit {unit: Hz}
#       value: !astropy.table.SerializedColumn {name: Frequency}
#     MSAS:
#       __class__: astropy.units.quantity.Quantity
#       unit: !astropy.units.Unit {unit: mag / arcsec2}
#       value: !astropy.table.SerializedColumn {name: MSAS}
#     Moon Alt:
#       __class__: astropy.units.quantity.Quantity
#       unit: &id002 !astropy.units.Unit {unit: deg}
#       value: !astropy.table.SerializedColumn {name: Moon Alt}
#     Sky Temperature:
#       __class__: astropy.units.quantity.Quantity
#       unit: *id001
#       value: !astropy.table.SerializedColumn {name: Sky Temperature}
#     Sun Alt:
#       __class__: astropy.units.quantity.Quantity
#       unit: *id002
#       value: !astropy.table.SerializedColumn {name: Sun Alt}
#     time:
#       __class__: astropy.time.core.Time
#       format: isot
#       in_subfmt: '*'
#       out_subfmt: '*'
#       precision: 3
#       scale: utc
#       value: !astropy.table.SerializedColumn {name: time}
# schema: astropy-2.0
time,Enclosure Temperature,Sky Temperature,Frequency,MSAS,ZP,Sequence Number,Sun Alt,Moon Alt,Moon Illumination
[from data line 3823]
2019-11-05T08:32:48.000,19.2,1.47,2.16,19.54,20.5,149450,-64.35,-14.0,0.589
2019-11-05T08:33:48.000,19.17,0.95,2.37,19.45,20.5,149451,-64.17,-15.0,0.589
2019-11-05T08:34:49.000,19.17,0.71,2.47,19.4,20.5,149452,-64.0,-15.0,0.589
2019-11-05T08:41:50.000,18.91,2.19,1.78,19.75,20.5,149459,-62.76,-16.0,0.59
2019-11-05T08:47:51.000,18.82,-0.74,2.12,19.58,20.5,149465,-61.67,-17.0,0.59
2019-11-05T08:48:51.000,18.8,-1.26,1.37,20.04,20.5,149466,-61.48,-18.0,0.59
2019-11-05T08:49:51.000,18.79,-1.58,1.27,20.12,20.5,149467,-61.3,-18.0,0.59
2019-11-05T08:50:51.000,18.77,-1.67,1.24,20.15,20.5,149468,-61.11,-18.0,0.59
2019-11-05T08:51:52.000,18.76,-1.64,1.26,20.13,20.5,149469,-60.92,-18.0,0.59
2019-11-05T08:52:52.000,18.73,-1.54,1.35,20.06,20.5,149470,-60.74,-18.0,0.591
2019-11-05T08:53:53.000,18.67,-1.2,1.61,19.86,20.5,149471,-60.55,-19.0,0.591
2019-11-05T08:56:53.000,18.62,-0.27,1.55,19.9,20.5,149474,-59.99,-19.0,0.591
2019-11-05T08:57:54.000,18.62,-0.14,1.88,19.71,20.5,149475,-59.8,-19.0,0.591
2019-11-05T08:58:54.000,18.61,-0.07,2.39,19.43,20.5,149476,-59.61,-20.0,0.591
2019-11-05T08:59:54.000,18.6,0.12,1.92,19.67,20.5,149477,-59.42,-20.0,0.591
2019-11-05T09:00:54.000,18.6,0.41,1.76,19.76,20.5,149478,-59.23,-20.0,0.591
2019-11-05T09:01:54.000,18.61,0.82,1.91,19.68,20.5,149479,-59.04,-20.0,0.591
2019-11-05T09:02:54.000,18.61,1.31,2.12,19.56,20.5,149480,-58.85,-20.0,0.591
2019-11-05T09:04:55.000,18.62,2.74,3.65,18.98,20.5,149482,-58.46,-21.0,0.591
2019-11-05T09:05:55.000,18.65,3.53,5.21,18.59,20.5,149483,-58.27,-21.0,0.591
2019-11-05T09:06:55.000,18.68,4.2,6.86,18.29,20.5,149484,-58.07,-21.0,0.591
2019-11-05T09:07:56.000,18.63,4.41,7.09,18.25,20.5,149485,-57.88,-21.0,0.592
2019-11-05T09:08:57.000,18.6,5.16,6.5,18.35,20.5,149486,-57.68,-22.0,0.592
2019-11-05T09:09:58.000,18.65,5.58,8.25,18.09,20.5,149487,-57.48,-22.0,0.592
2019-11-05T09:11:59.000,18.77,5.73,5.69,18.5,20.5,149489,-57.09,-22.0,0.592
2019-11-05T09:12:59.000,18.84,5.69,5.17,18.6,20.5,149490,-56.9,-22.0,0.592
2019-11-05T09:16:59.000,18.98,4.63,3.38,19.06,20.5,149494,-56.11,-23.0,0.592
2019-11-05T09:19:00.000,18.93,3.79,3.83,18.92,20.5,149496,-55.72,-24.0,0.592
2019-11-05T09:20:01.000,18.93,3.48,3.02,19.18,20.5,149497,-55.52,-24.0,0.592
2019-11-05T09:23:01.000,18.83,3.79,3.64,18.98,20.5,149500,-54.92,-24.0,0.592
2019-11-05T09:24:01.000,18.91,4.11,4.19,18.82,20.5,149501,-54.72,-25.0,0.593
2019-11-05T09:25:02.000,18.89,4.14,4.99,18.64,20.5,149502,-54.52,-25.0,0.593
2019-11-05T09:28:03.000,19.01,5.46,7.91,18.13,20.5,149505,-53.92,-25.0,0.593
2019-11-05T09:29:03.000,19.03,6.09,8.05,18.12,20.5,149506,-53.72,-26.0,0.593
2019-11-05T09:30:03.000,19.09,6.59,9.27,17.96,20.5,149507,-53.52,-26.0,0.593
2019-11-05T09:31:03.000,19.13,6.79,11.0,17.78,20.5,149508,-53.32,-26.0,0.593
2019-11-05T09:39:06.000,19.38,0.56,1.86,19.71,20.5,149516,-51.69,-28.0,0.594
2019-11-05T09:40:06.000,19.36,-0.43,1.5,19.95,20.5,149517,-51.49,-28.0,0.594
2019-11-05T09:41:06.000,19.34,-1.03,1.23,20.16,20.5,149518,-51.29,-28.0,0.594
2019-11-05T09:42:07.000,19.3,-1.36,1.18,20.2,20.5,149519,-51.08,-28.0,0.594
2019-11-05T09:43:07.000,19.24,-1.67,1.16,20.22,20.5,149520,-50.88,-29.0,0.594
2019-11-05T09:44:07.000,19.2,-2.05,1.15,20.23,20.5,149521,-50.67,-29.0,0.594
2019-11-05T09:45:07.000,19.13,-2.22,1.14,20.24,20.5,149522,-50.47,-29.0,0.594
2019-11-05T09:46:07.000,19.06,-2.3,1.14,20.24,20.5,149523,-50.27,-29.0,0.594
2019-11-05T09:47:08.000,19.01,-2.42,1.14,20.24,20.5,149524,-50.06,-29.0,0.594
2019-11-05T09:52:09.000,18.77,-2.98,1.13,20.25,20.5,149529,-49.03,-30.0,0.594
2019-11-05T09:53:09.000,18.71,-3.05,1.13,20.24,20.5,149530,-48.83,-31.0,0.594
2019-11-05T09:54:09.000,18.7,-3.03,1.13,20.25,20.5,149531,-48.62,-31.0,0.595
2019-11-05T09:55:09.000,18.67,-3.11,1.12,20.26,20.5,149532,-48.42,-31.0,0.595
2019-11-05T10:09:11.000,17.99,-3.26,1.12,20.26,20.5,149546,-45.51,-34.0,0.595
2019-11-05T10:10:11.000,17.95,-3.34,1.12,20.26,20.5,149547,-45.31,-34.0,0.596
2019-11-05T10:28:13.000,17.64,-3.52,1.12,20.26,20.5,149565,-41.54,-38.0,0.597
2019-11-05T10:29:13.000,17.64,-3.48,1.12,20.25,20.5,149566,-41.33,-38.0,0.597
2019-11-05T10:30:13.000,17.64,-3.47,1.12,20.25,20.5,149567,-41.12,-38.0,0.597
2019-11-05T10:32:14.000,17.64,-3.47,1.13,20.25,20.5,149569,-40.7,-38.0,0.597
2019-11-05T10:33:14.000,17.64,-3.48,1.12,20.25,20.5,149570,-40.49,-39.0,0.597
2019-11-05T10:34:15.000,17.63,-3.52,1.12,20.25,20.5,149571,-40.28,-39.0,0.597
2019-11-05T10:35:15.000,17.63,-3.51,1.13,20.25,20.5,149572,-40.07,-39.0,0.597
2019-11-05T10:36:16.000,17.63,-3.52,1.13,20.25,20.5,149573,-39.85,-39.0,0.597
2019-11-05T10:37:16.000,17.61,-3.57,1.13,20.25,20.5,149574,-39.64,-39.0,0.597
2019-11-05T10:38:16.000,17.6,-3.61,1.13,20.25,20.5,149575,-39.43,-40.0,0.597
2019-11-05T10:39:16.000,17.58,-3.6,1.13,20.25,20.5,149576,-39.22,-40.0,0.597
2019-11-05T10:40:16.000,17.59,-3.57,1.13,20.25,20.5,149577,-39.01,-40.0,0.597
2019-11-05T10:41:17.000,17.55,-3.76,1.13,20.25,20.5,149578,-38.8,-40.0,0.598
2019-11-05T10:42:17.000,17.52,-3.63,1.13,20.25,20.5,149579,-38.59,-40.0,0.598
2019-11-05T10:43:18.000,17.52,-3.63,1.13,20.25,20.5,149580,-38.38,-41.0,0.598
2019-11-05T10:44:18.000,17.5,-3.64,1.13,20.25,20.5,149581,-38.16,-41.0,0.598
2019-11-05T10:45:18.000,17.46,-3.71,1.13,20.25,20.5,149582,-37.95,-41.0,0.598
2019-11-05T10:46:18.000,17.44,-3.67,1.13,20.25,20.5,149583,-37.74,-41.0,0.598
2019-11-05T10:47:18.000,17.42,-3.65,1.13,20.25,20.5,149584,-37.53,-41.0,0.598
2019-11-05T10:48:19.000,17.41,-3.62,1.13,20.25,20.5,149585,-37.32,-42.0,0.598
2019-11-05T10:49:19.000,17.41,-3.64,1.13,20.25,20.5,149586,-37.11,-42.0,0.598
2019-11-05T10:50:19.000,17.4,-3.67,1.12,20.25,20.5,149587,-36.9,-42.0,0.598
2019-11-05T10:51:20.000,17.38,-3.64,1.12,20.25,20.5,149588,-36.68,-42.0,0.598
2019-11-05T10:55:22.000,17.28,-3.43,1.12,20.26,20.5,149592,-35.83,-43.0,0.598
2019-11-05T10:59:22.000,17.37,-3.28,1.12,20.26,20.5,149596,-34.99,-44.0,0.599
2019-11-05T11:02:23.000,17.44,-3.3,1.12,20.26,20.5,149599,-34.35,-45.0,0.599
2019-11-05T11:03:23.000,17.44,-3.33,1.12,20.25,20.5,149600,-34.14,-45.0,0.599
2019-11-05T11:04:24.000,17.44,-3.33,1.13,20.25,20.5,149601,-33.93,-45.0,0.599
2019-11-05T11:05:24.000,17.45,-3.3,1.13,20.25,20.5,149602,-33.71,-45.0,0.599
2019-11-05T11:06:24.000,17.45,-3.3,1.13,20.25,20.5,149603,-33.5,-45.0,0.599
2019-11-05T11:07:24.000,17.46,-3.21,1.13,20.25,20.5,149604,-33.29,-46.0,0.599
2019-11-05T11:08:24.000,17.47,-3.24,1.13,20.25,20.5,149605,-33.08,-46.0,0.599
2019-11-05T11:09:25.000,17.46,-3.29,1.13,20.25,20.5,149606,-32.87,-46.0,0.599
2019-11-05T11:10:25.000,17.44,-3.25,1.13,20.25,20.5,149607,-32.65,-46.0,0.599
2019-11-05T11:11:25.000,17.43,-3.24,1.13,20.25,20.5,149608,-32.44,-46.0,0.6
2019-11-05T11:12:26.000,17.44,-3.2,1.13,20.24,20.5,149609,-32.23,-47.0,0.6
2019-11-05T11:14:26.000,17.47,-3.19,1.14,20.24,20.5,149611,-31.81,-47.0,0.6
2019-11-05T11:15:27.000,17.47,-3.17,1.17,20.22,20.5,149612,-31.59,-47.0,0.6
2019-11-05T11:16:27.000,17.48,-3.18,1.16,20.22,20.5,149613,-31.38,-47.0,0.6
2019-11-05T11:17:27.000,17.47,-3.2,1.14,20.24,20.5,149614,-31.17,-48.0,0.6
2019-11-05T11:18:27.000,17.47,-3.19,1.14,20.24,20.5,149615,-30.96,-48.0,0.6
2019-11-05T11:19:28.000,17.46,-3.23,1.14,20.24,20.5,149616,-30.74,-48.0,0.6
2019-11-05T11:20:28.000,17.45,-3.26,1.14,20.24,20.5,149617,-30.53,-48.0,0.6
2019-11-05T11:21:28.000,17.44,-3.26,1.14,20.24,20.5,149618,-30.32,-48.0,0.6
2019-11-05T11:22:28.000,17.44,-3.26,1.14,20.24,20.5,149619,-30.11,-49.0,0.6
2019-11-05T11:29:30.000,17.36,-3.31,1.14,20.24,20.5,149626,-28.62,-50.0,0.601
2019-11-05T11:30:30.000,17.36,-3.27,1.14,20.24,20.5,149627,-28.41,-50.0,0.601
2019-11-05T11:31:31.000,17.35,-3.33,1.14,20.24,20.5,149628,-28.19,-50.0,0.601
2019-11-05T11:32:31.000,17.32,-3.39,1.14,20.24,20.5,149629,-27.98,-50.0,0.601
2019-11-05T11:33:31.000,17.3,-3.36,1.14,20.24,20.5,149630,-27.77,-51.0,0.601
2019-11-05T11:34:31.000,17.29,-3.39,1.14,20.23,20.5,149631,-27.56,-51.0,0.601
2019-11-05T11:35:32.000,17.29,-3.38,1.14,20.24,20.5,149632,-27.35,-51.0,0.601
2019-11-05T11:36:32.000,17.25,-3.41,1.14,20.23,20.5,149633,-27.13,-51.0,0.601
2019-11-05T11:37:33.000,17.23,-3.38,1.23,20.15,20.5,149634,-26.92,-51.0,0.601
2019-11-05T11:38:33.000,17.22,-3.35,1.26,20.13,20.5,149635,-26.71,-52.0,0.601
2019-11-05T11:39:33.000,17.18,-3.29,1.26,20.13,20.5,149636,-26.5,-52.0,0.601
2019-11-05T11:40:33.000,17.17,-3.21,1.27,20.12,20.5,149637,-26.29,-52.0,0.601
2019-11-05T11:41:33.000,17.14,-3.13,1.28,20.11,20.5,149638,-26.07,-52.0,0.601
2019-11-05T11:42:34.000,17.12,-2.77,1.24,20.15,20.5,149639,-25.86,-52.0,0.602
2019-11-05T11:43:34.000,17.13,-2.38,1.21,20.18,20.5,149640,-25.65,-53.0,0.602
2019-11-05T11:44:34.000,17.15,-1.95,1.25,20.14,20.5,149641,-25.44,-53.0,0.602
2019-11-05T11:45:34.000,17.17,-1.52,1.3,20.1,20.5,149642,-25.23,-53.0,0.602
2019-11-05T11:46:35.000,17.2,-1.08,1.67,19.84,20.5,149643,-25.01,-53.0,0.602
2019-11-05T11:47:35.000,17.23,-0.76,2.65,19.33,20.5,149644,-24.8,-53.0,0.602
2019-11-05T11:48:35.000,17.25,-0.75,2.63,19.33,20.5,149645,-24.59,-54.0,0.602
2019-11-05T11:49:36.000,17.26,-0.86,1.81,19.74,20.5,149646,-24.38,-54.0,0.602
2019-11-05T11:50:36.000,17.27,-1.12,1.76,19.77,20.5,149647,-24.16,-54.0,0.602
2019-11-05T11:51:36.000,17.28,-1.4,1.54,19.91,20.5,149648,-23.95,-54.0,0.602
2019-11-05T11:52:37.000,17.29,-1.58,1.39,20.02,20.5,149649,-23.74,-54.0,0.602
2019-11-05T11:53:37.000,17.29,-1.76,1.43,19.99,20.5,149650,-23.53,-55.0,0.602
2019-11-05T11:54:37.000,17.28,-1.95,1.5,19.95,20.5,149651,-23.32,-55.0,0.602
2019-11-05T11:55:37.000,17.28,-2.07,2.12,19.57,20.5,149652,-23.11,-55.0,0.602
2019-11-05T11:56:38.000,17.28,-2.1,1.69,19.81,20.5,149653,-22.89,-55.0,0.602
2019-11-05T11:57:38.000,17.28,-2.32,1.82,19.73,20.5,149654,-22.68,-55.0,0.602
2019-11-05T11:58:39.000,17.28,-2.54,1.76,19.77,20.5,149655,-22.47,-56.0,0.603
2019-11-05T11:59:39.000,17.27,-2.83,1.38,20.03,20.5,149656,-22.26,-56.0,0.603
2019-11-05T12:00:39.000,17.25,-2.99,1.24,20.15,20.5,149657,-22.05,-56.0,0.603
2019-11-05T12:01:40.000,17.23,-3.1,1.2,20.18,20.5,149658,-21.83,-56.0,0.603
2019-11-05T12:03:40.000,17.16,-2.66,1.23,20.15,20.5,149660,-21.41,-57.0,0.603
2019-11-05T12:04:41.000,17.14,-2.25,1.29,20.1,20.5,149661,-21.2,-57.0,0.603
2019-11-05T12:05:41.000,17.13,-1.87,1.43,19.99,20.5,149662,-20.99,-57.0,0.603
2019-11-05T12:06:41.000,17.12,-1.39,1.75,19.78,20.5,149663,-20.78,-57.0,0.603
2019-11-05T12:07:41.000,17.13,-0.91,3.86,18.95,20.5,149664,-20.57,-57.0,0.603
2019-11-05T12:08:42.000,17.16,-0.53,4.3,18.8,20.5,149665,-20.35,-57.0,0.603
2019-11-05T12:09:42.000,17.19,-0.27,4.57,18.74,20.5,149666,-20.14,-58.0,0.603
2019-11-05T12:10:42.000,17.22,-0.36,5.23,18.59,20.5,149667,-19.93,-58.0,0.603
2019-11-05T12:11:43.000,17.22,-0.77,2.71,19.34,20.5,149668,-19.72,-58.0,0.603
2019-11-05T12:12:43.000,17.22,-1.22,1.61,19.86,20.5,149669,-19.51,-58.0,0.603
2019-11-05T12:14:44.000,17.22,-2.09,1.28,20.11,20.5,149671,-19.09,-59.0,0.604
2019-11-05T12:19:46.000,17.18,-2.15,1.87,19.7,20.5,149676,-18.03,-60.0,0.604
2019-11-05T12:20:46.000,17.19,-2.1,1.7,19.8,20.5,149677,-17.82,-60.0,0.604
2019-11-05T12:21:46.000,17.21,-1.95,1.37,20.04,20.5,149678,-17.61,-60.0,0.604
2019-11-05T12:23:46.000,17.22,-1.4,1.45,19.98,20.5,149680,-17.19,-60.0,0.604
2019-11-05T12:24:47.000,17.22,-1.09,1.88,19.7,20.5,149681,-16.98,-60.0,0.604
2019-11-05T12:25:47.000,17.18,-1.06,3.95,19.27,20.5,149682,-16.77,-61.0,0.604
2019-11-05T12:26:47.000,17.18,-0.96,2.09,19.58,20.5,149683,-16.56,-61.0,0.604
2019-11-05T12:27:48.000,17.21,-0.9,3.04,19.19,20.5,149684,-16.35,-61.0,0.604
2019-11-05T12:28:48.000,17.22,-0.91,4.44,18.76,20.5,149685,-16.14,-61.0,0.604
2019-11-05T12:29:48.000,17.25,-0.95,2.95,19.23,20.5,149686,-15.93,-61.0,0.605
2019-11-05T12:30:48.000,17.26,-1.17,1.94,19.66,20.5,149687,-15.72,-62.0,0.605
2019-11-05T12:31:48.000,17.27,-1.61,1.62,19.86,20.5,149688,-15.51,-62.0,0.605
2019-11-05T12:32:49.000,17.29,-2.02,1.3,20.09,20.5,149689,-15.3,-62.0,0.605
2019-11-05T12:33:50.000,17.29,-2.43,1.24,20.15,20.5,149690,-15.09,-62.0,0.605
2019-11-05T12:34:50.000,17.27,-2.78,1.23,20.16,20.5,149691,-14.88,-62.0,0.605
2019-11-05T12:35:50.000,17.26,-3.05,1.22,20.16,20.5,149692,-14.67,-62.0,0.605
2019-11-05T12:39:51.000,17.22,-3.37,1.27,20.12,20.5,149696,-13.84,-63.0,0.605
2019-11-05T12:52:54.000,16.94,-3.43,2.95,19.2,20.5,149709,-11.13,-65.0,0.606
2019-11-05T12:53:54.000,16.89,-3.54,3.2,19.12,20.5,149710,-10.92,-66.0,0.606
2019-11-05T12:54:54.000,16.83,-3.67,3.65,18.98,20.5,149711,-10.71,-66.0,0.606
2019-11-05T12:55:56.000,16.8,-3.48,4.2,18.82,20.5,149712,-10.5,-66.0,0.606
2019-11-05T12:56:56.000,16.76,-3.65,4.9,18.66,20.5,149713,-10.29,-66.0,0.606
2019-11-05T12:57:56.000,16.72,-3.52,5.73,18.49,20.5,149714,-10.09,-66.0,0.606
2019-11-05T12:58:56.000,16.72,-3.5,6.78,18.3,20.5,149715,-9.88,-66.0,0.606
2019-11-05T12:59:56.000,16.74,-3.48,8.09,18.11,20.5,149716,-9.67,-67.0,0.607
2019-11-05T13:00:56.000,16.73,-3.58,9.65,17.92,20.5,149717,-9.47,-67.0,0.607
2019-11-05T13:01:57.000,16.65,-3.86,11.52,17.73,20.5,149718,-9.26,-67.0,0.607
2019-11-05T13:02:58.000,16.59,-3.54,14.02,17.51,20.5,149719,-9.05,-67.0,0.607
2019-11-05T13:03:58.000,16.6,-3.53,17.02,17.3,20.5,149720,-8.84,-67.0,0.607
2019-11-05T13:04:58.000,16.58,-3.59,20.7,17.09,20.5,149721,-8.63,-67.0,0.607
2019-11-05T13:05:59.000,16.57,-3.52,25.45,16.87,20.5,149722,-8.43,-68.0,0.607
2019-11-05T13:08:59.000,16.58,-3.42,47.0,16.2,20.5,149725,-7.81,-68.0,0.607
2019-11-05T13:10:00.000,16.62,-3.36,60.16,15.93,20.5,149726,-7.6,-68.0,0.607
2019-11-05T13:11:00.000,16.62,-3.5,76.18,15.68,20.5,149727,-7.4,-68.0,0.607
2019-11-05T13:12:00.000,16.62,-3.45,96.76,15.42,20.5,149728,-7.19,-68.0,0.607
2019-11-05T13:13:01.000,16.62,-3.48,123.06,15.16,20.5,149729,-6.98,-69.0,0.607
2019-11-05T13:14:01.000,16.57,-3.76,157.28,14.89,20.5,149730,-6.78,-69.0,0.607
2019-11-05T13:15:01.000,16.51,-3.69,202.07,14.62,20.5,149731,-6.57,-69.0,0.607
2019-11-05T13:16:01.000,16.48,-3.66,260.38,14.34,20.5,149732,-6.37,-69.0,0.608
2019-11-05T13:17:02.000,16.49,-3.56,336.47,14.07,20.5,149733,-6.16,-69.0,0.608
2019-11-05T13:18:02.000,16.47,-3.62,436.91,13.78,20.5,149734,-5.95,-69.0,0.608
2019-11-05T13:19:03.000,16.5,-3.48,570.09,13.49,20.5,149735,-5.75,-69.0,0.608
2019-11-05T13:20:03.000,16.52,-3.48,743.62,13.2,20.5,149736,-5.54,-70.0,0.608
2019-11-05T13:21:03.000,16.51,-3.57,968.38,12.92,20.5,149737,-5.34,-70.0,0.608
2019-11-05T13:22:03.000,16.54,-3.48,1260.36,12.63,20.5,149738,-5.14,-70.0,0.608
2019-11-05T13:23:03.000,16.55,-3.47,1645.27,12.34,20.5,149739,-4.93,-70.0,0.608
2019-11-05T13:24:04.000,16.56,-3.49,2157.09,12.05,20.5,149740,-4.72,-70.0,0.608
2019-11-05T13:25:04.000,16.57,-3.44,2830.58,11.75,20.5,149741,-4.52,-70.0,0.608
2019-11-05T13:26:04.000,16.58,-3.31,3711.13,11.46,20.5,149742,-4.32,-70.0,0.608
2019-11-05T13:27:04.000,16.58,-3.33,4856.56,11.17,20.5,149743,-4.11,-71.0,0.608
2019-11-05T13:28:05.000,16.59,-3.03,6301.24,10.88,20.5,149744,-3.91,-71.0,0.608
2019-11-05T13:29:06.000,16.6,-2.75,8109.41,10.61,20.5,149745,-3.7,-71.0,0.608
2019-11-05T13:30:06.000,16.62,-1.85,10610.91,10.32,20.5,149746,-3.5,-71.0,0.608
2019-11-05T13:31:06.000,16.66,-0.51,15249.84,9.93,20.5,149747,-3.3,-71.0,0.609
2019-11-05T13:32:06.000,16.72,0.99,21042.69,9.58,20.5,149748,-3.09,-71.0,0.609
2019-11-05T13:33:07.000,16.78,1.72,26166.54,9.34,20.5,149749,-2.89,-71.0,0.609
2019-11-05T13:36:09.000,16.76,0.27,36663.98,8.97,20.5,149752,-2.27,-72.0,0.609
2019-11-05T13:37:09.000,16.73,-0.31,41329.5,8.84,20.5,149753,-2.07,-72.0,0.609
2019-11-05T13:38:09.000,16.72,-0.74,46686.84,8.71,20.5,149754,-1.87,-72.0,0.609
2019-11-05T13:39:09.000,16.7,-0.87,55301.59,8.52,20.5,149755,-1.67,-72.0,0.609
2019-11-05T13:41:10.000,16.7,-0.49,0.0,0.0,20.5,149757,-1.26,-72.0,0.609
2019-11-05T13:42:10.000,16.73,0.14,0.48,0.18,20.5,149758,-1.06,-72.0,0.609
2019-11-05T13:43:10.000,16.78,0.33,0.0,0.0,20.5,149759,-0.86,-72.0,0.609
2019-11-05T13:44:10.000,16.82,0.51,0.0,0.0,20.5,149760,-0.66,-72.0,0.609
2019-11-05T13:45:11.000,16.86,0.72,0.2,0.19,20.5,149761,-0.46,-73.0,0.609
2019-11-05T13:46:11.000,16.87,0.67,0.0,0.0,20.5,149762,-0.25,-73.0,0.609
