Downloads/jupyter/ECSV/stars19/stars19_2023-08.ecsv
# %ECSV 1.0
# ---
# datatype:
# - {name: time, datatype: string}
# - {name: Enclosure Temperature, unit: deg_C, datatype: float64}
# - {name: Sky Temperature, unit: deg_C, datatype: float64}
# - {name: Frequency, unit: Hz, datatype: float64}
# - {name: MSAS, unit: mag / arcsec2, datatype: float64}
# - {name: ZP, datatype: float64}
# - {name: Sequence Number, datatype: int64}
# - {name: Sun Alt, unit: deg, datatype: float64}
# - {name: Moon Alt, unit: deg, datatype: float64}
# - {name: Moon Illumination, datatype: float64}
# delimiter: ','
# meta: !!omap
# - ida:
#     Data supplier: {affiliation: null, observer: null}
#     Device type: TESS-W
#     Field of view: 17.0
#     Filters per channel: None
#     Instrument ID: stars19
#     License: ODbL 1.0 http://opendatacommons.org/licenses/odbl/summary/
#     Local timezone: America/Phoenix
#     Location name: {country: '- Tucson', place: Tucson, region: United States, sub_region: Arizona, town: Pima County}
#     Measurement direction per channel: {azimuth: 0.0, zenital: 0.0}
#     Moving / Fixed look direction: FIXED
#     Moving / Stationary position: STATIONARY
#     Number of channels: 1
#     Number of fields per line: 8
#     Number of header lines: 35
#     Position: {height: 0.0, latitude: 32.223877, longitude: -110.767532}
#     TESS MAC address: 18:FE:34:CF:EC:06
#     TESS cover offset value: 0.0
#     TESS firmware version: '1.0'
#     TESS zero point: 20.38
#     Time Synchronization: timestamp added by MQTT subscriber
#     URL: http://www.darksky.org/NSBM/sdf1.0.pdf
# - __serialized_columns__:
#     Enclosure Temperature:
#       __class__: astropy.units.quantity.Quantity
#       unit: &id001 !astropy.units.Unit {unit: deg_C}
#       value: !astropy.table.SerializedColumn {name: Enclosure Temperature}
#     Frequency:
#       __class__: astropy.units.quantity.Quantity
#       unit: !astropy.units.Unit {unit: Hz}
#       value: !astropy.table.SerializedColumn {name: Frequency}
#     MSAS:
#       __class__: astropy.units.quantity.Quantity
#       unit: !astropy.units.Unit {unit: mag / arcsec2}
#       value: !astropy.table.SerializedColumn {name: MSAS}
#     Moon Alt:
#       __class__: astropy.units.quantity.Quantity
#       unit: &id002 !astropy.units.Unit {unit: deg}
#       value: !astropy.table.SerializedColumn {name: Moon Alt}
#     Sky Temperature:
#       __class__: astropy.units.quantity.Quantity
#       unit: *id001
#       value: !astropy.table.SerializedColumn {name: Sky Temperature}
#     Sun Alt:
#       __class__: astropy.units.quantity.Quantity
#       unit: *id002
#       value: !astropy.table.SerializedColumn {name: Sun Alt}
#     time:
#       __class__: astropy.time.core.Time
#       format: isot
#       in_subfmt: '*'
#       out_subfmt: '*'
#       precision: 3
#       scale: utc
#       value: !astropy.table.SerializedColumn {name: time}
# schema: astropy-2.0
time,Enclosure Temperature,Sky Temperature,Frequency,MSAS,ZP,Sequence Number,Sun Alt,Moon Alt,Moon Illumination
[from data line 4886]
2023-08-07T04:48:06.000,35.73,17.19,2.17,19.54,20.38,24577,-27.91,-12.0,0.634
2023-08-07T04:49:06.000,35.74,17.12,2.06,19.59,20.38,24578,-28.06,-11.0,0.634
2023-08-07T04:50:06.000,35.73,16.89,1.97,19.64,20.38,24579,-28.21,-11.0,0.634
2023-08-07T04:54:06.000,35.64,16.45,1.68,19.81,20.38,24583,-28.79,-10.0,0.633
2023-08-07T04:57:07.000,35.65,16.16,1.62,19.85,20.38,24586,-29.23,-10.0,0.633
2023-08-07T05:00:08.000,35.53,16.24,1.51,19.93,20.38,24589,-29.66,-9.0,0.633
2023-08-07T05:01:08.000,35.6,16.5,1.48,19.95,20.38,24590,-29.8,-9.0,0.633
2023-08-07T05:02:09.000,35.64,16.34,1.43,19.99,20.38,24591,-29.94,-9.0,0.633
2023-08-07T05:03:10.000,35.66,16.43,1.43,19.99,20.38,24592,-30.08,-9.0,0.633
2023-08-07T05:04:10.000,35.71,16.44,1.46,19.97,20.38,24593,-30.22,-8.0,0.632
2023-08-07T05:05:10.000,35.68,16.37,1.47,19.96,20.38,24594,-30.36,-8.0,0.632
2023-08-07T05:06:10.000,35.64,16.35,1.45,19.97,20.38,24595,-30.5,-8.0,0.632
2023-08-07T05:07:10.000,35.69,16.39,1.44,19.99,20.38,24596,-30.63,-8.0,0.632
2023-08-07T05:08:11.000,35.7,16.19,1.42,20.0,20.38,24597,-30.77,-8.0,0.632
2023-08-07T05:09:11.000,35.66,16.14,1.41,20.01,20.38,24598,-30.91,-7.0,0.632
2023-08-07T05:11:12.000,35.63,16.1,1.4,20.02,20.38,24600,-31.18,-7.0,0.632
2023-08-07T05:12:13.000,35.61,15.95,1.38,20.03,20.38,24601,-31.32,-7.0,0.632
2023-08-07T05:17:13.000,35.55,15.64,1.36,20.05,20.38,24606,-31.98,-6.0,0.632
2023-08-07T05:20:14.000,35.35,15.67,1.36,20.05,20.38,24609,-32.36,-5.0,0.631
2023-08-07T05:21:14.000,35.29,15.72,1.36,20.04,20.38,24610,-32.49,-5.0,0.631
2023-08-07T05:22:15.000,35.28,15.89,1.36,20.04,20.38,24611,-32.62,-5.0,0.631
2023-08-07T05:23:15.000,35.32,16.03,1.36,20.05,20.38,24612,-32.75,-5.0,0.631
2023-08-07T05:24:16.000,35.36,15.98,1.36,20.05,20.38,24613,-32.88,-4.0,0.631
2023-08-07T05:25:16.000,35.37,15.94,1.36,20.05,20.38,24614,-33.0,-4.0,0.631
2023-08-07T05:28:16.000,35.38,15.84,1.35,20.06,20.38,24617,-33.37,-4.0,0.631
2023-08-07T05:29:16.000,35.39,15.85,1.35,20.06,20.38,24618,-33.49,-3.0,0.631
2023-08-07T05:30:17.000,35.41,15.93,1.35,20.05,20.38,24619,-33.61,-3.0,0.631
2023-08-07T05:31:17.000,35.48,16.0,1.34,20.06,20.38,24620,-33.74,-3.0,0.63
2023-08-07T05:32:17.000,35.55,16.06,1.34,20.06,20.38,24621,-33.85,-3.0,0.63
2023-08-07T05:33:17.000,35.61,15.98,1.34,20.07,20.38,24622,-33.97,-3.0,0.63
2023-08-07T05:34:17.000,35.65,15.89,1.33,20.07,20.38,24623,-34.09,-2.0,0.63
2023-08-07T05:35:18.000,35.66,15.66,1.34,20.06,20.38,24624,-34.21,-2.0,0.63
2023-08-07T05:36:18.000,35.63,15.61,1.34,20.06,20.38,24625,-34.33,-2.0,0.63
2023-08-07T05:37:18.000,35.58,15.5,1.34,20.06,20.38,24626,-34.44,-2.0,0.63
2023-08-07T05:38:19.000,35.53,15.51,1.34,20.06,20.38,24627,-34.56,-2.0,0.63
2023-08-07T05:39:20.000,35.47,15.49,1.34,20.06,20.38,24628,-34.68,-1.0,0.63
2023-08-07T05:40:20.000,35.46,15.59,1.34,20.06,20.38,24629,-34.79,-1.0,0.63
2023-08-07T05:41:20.000,35.47,15.66,1.34,20.06,20.38,24630,-34.9,-1.0,0.63
2023-08-07T05:42:20.000,35.5,15.66,1.34,20.06,20.38,24631,-35.01,-1.0,0.63
2023-08-07T05:44:20.000,35.54,15.56,1.33,20.07,20.38,24633,-35.23,-0.0,0.63
2023-08-07T05:45:20.000,35.52,15.48,1.33,20.07,20.38,24634,-35.34,-0.0,0.629
2023-08-07T05:46:20.000,35.53,15.62,1.33,20.07,20.38,24635,-35.45,-0.0,0.629
2023-08-07T05:47:20.000,35.53,15.55,1.33,20.07,20.38,24636,-35.56,0.0,0.629
2023-08-07T05:48:21.000,35.48,15.41,1.34,20.06,20.38,24637,-35.67,0.0,0.629
2023-08-07T05:49:21.000,35.43,15.24,1.34,20.06,20.38,24638,-35.77,1.0,0.629
2023-08-07T05:51:22.000,35.26,15.35,1.35,20.06,20.38,24640,-35.98,1.0,0.629
2023-08-07T05:53:22.000,35.26,15.47,1.35,20.05,20.38,24642,-36.19,1.0,0.629
2023-08-07T05:54:22.000,35.26,15.5,1.38,20.03,20.38,24643,-36.29,2.0,0.629
2023-08-07T05:57:23.000,35.24,15.6,1.36,20.04,20.38,24646,-36.59,2.0,0.629
2023-08-07T05:58:23.000,35.28,15.58,1.36,20.04,20.38,24647,-36.69,2.0,0.628
2023-08-07T05:59:23.000,35.28,15.39,1.37,20.04,20.38,24648,-36.79,3.0,0.628
2023-08-07T06:00:23.000,35.28,15.49,1.37,20.04,20.38,24649,-36.88,3.0,0.628
2023-08-07T06:01:23.000,35.33,15.56,1.37,20.04,20.38,24650,-36.98,3.0,0.628
2023-08-07T06:02:24.000,35.36,15.51,1.37,20.04,20.38,24651,-37.07,3.0,0.628
2023-08-07T06:03:25.000,35.32,15.3,1.38,20.03,20.38,24652,-37.17,3.0,0.628
2023-08-07T06:04:25.000,35.29,15.24,1.38,20.03,20.38,24653,-37.26,4.0,0.628
2023-08-07T06:05:25.000,35.28,15.24,1.38,20.03,20.38,24654,-37.35,4.0,0.628
2023-08-07T06:06:25.000,35.24,15.14,1.38,20.03,20.38,24655,-37.44,4.0,0.628
2023-08-07T06:07:25.000,35.18,15.1,1.39,20.03,20.38,24656,-37.53,4.0,0.628
2023-08-07T06:08:27.000,35.15,15.06,1.39,20.03,20.38,24657,-37.63,4.0,0.628
2023-08-07T06:09:28.000,35.07,14.87,1.39,20.02,20.38,24658,-37.71,5.0,0.628
2023-08-07T06:10:28.000,35.03,14.98,1.39,20.02,20.38,24659,-37.8,5.0,0.628
2023-08-07T06:11:28.000,35.04,15.06,1.4,20.02,20.38,24660,-37.89,5.0,0.627
2023-08-07T06:12:29.000,35.01,14.97,1.4,20.01,20.38,24661,-37.97,5.0,0.627
2023-08-07T06:13:29.000,35.04,15.16,1.41,20.01,20.38,24662,-38.06,5.0,0.627
2023-08-07T06:14:29.000,35.06,15.16,1.41,20.01,20.38,24663,-38.14,6.0,0.627
2023-08-07T06:15:29.000,35.05,15.08,1.42,20.0,20.38,24664,-38.22,6.0,0.627
2023-08-07T06:16:30.000,35.04,15.04,1.42,20.0,20.38,24665,-38.3,6.0,0.627
2023-08-07T06:17:29.000,35.05,15.16,1.43,19.99,20.38,24666,-38.38,6.0,0.627
2023-08-07T06:18:30.000,35.08,15.18,1.43,19.99,20.38,24667,-38.46,7.0,0.627
2023-08-07T06:19:30.000,35.08,15.06,1.44,19.99,20.38,24668,-38.54,7.0,0.627
2023-08-07T06:20:31.000,35.03,14.87,1.44,19.98,20.38,24669,-38.62,7.0,0.627
2023-08-07T06:21:31.000,34.94,14.68,1.44,19.98,20.38,24670,-38.7,7.0,0.627
2023-08-07T06:22:33.000,34.84,14.72,1.45,19.98,20.38,24671,-38.77,7.0,0.627
2023-08-07T06:23:33.000,34.82,14.82,1.45,19.98,20.38,24672,-38.85,8.0,0.627
2023-08-07T06:24:33.000,34.79,14.66,1.46,19.97,20.38,24673,-38.92,8.0,0.627
2023-08-07T06:25:33.000,34.74,14.58,1.46,19.97,20.38,24674,-38.99,8.0,0.626
2023-08-07T06:26:34.000,34.63,14.27,1.46,19.97,20.38,24675,-39.06,8.0,0.626
2023-08-07T06:27:34.000,34.5,14.17,1.45,19.98,20.38,24676,-39.13,8.0,0.626
2023-08-07T06:29:34.000,34.39,14.5,1.44,19.98,20.38,24678,-39.27,9.0,0.626
2023-08-07T06:30:35.000,34.41,14.57,1.43,19.99,20.38,24679,-39.34,9.0,0.626
2023-08-07T06:31:34.000,34.4,14.5,1.43,19.99,20.38,24680,-39.4,9.0,0.626
2023-08-07T06:32:35.000,34.4,14.46,1.43,19.99,20.38,24681,-39.47,9.0,0.626
2023-08-07T06:33:36.000,34.4,14.6,1.44,19.98,20.38,24682,-39.53,10.0,0.626
2023-08-07T06:34:36.000,34.39,14.53,1.46,19.97,20.38,24683,-39.6,10.0,0.626
2023-08-07T06:35:36.000,34.33,14.39,1.46,19.97,20.38,24684,-39.66,10.0,0.626
2023-08-07T06:36:36.000,34.23,14.33,1.47,19.96,20.38,24685,-39.72,10.0,0.626
2023-08-07T06:37:36.000,34.11,14.28,1.48,19.96,20.38,24686,-39.78,10.0,0.626
2023-08-07T06:38:37.000,34.04,14.4,1.48,19.96,20.38,24687,-39.84,11.0,0.625
2023-08-07T06:39:37.000,34.0,14.51,1.48,19.96,20.38,24688,-39.89,11.0,0.625
2023-08-07T06:40:38.000,33.99,14.59,1.48,19.95,20.38,24689,-39.95,11.0,0.625
2023-08-07T06:41:38.000,34.0,14.65,1.49,19.95,20.38,24690,-40.01,11.0,0.625
2023-08-07T06:42:38.000,34.01,14.62,1.49,19.95,20.38,24691,-40.06,11.0,0.625
2023-08-07T06:43:38.000,33.98,14.49,1.5,19.94,20.38,24692,-40.11,12.0,0.625
2023-08-07T06:46:40.000,33.81,14.63,1.54,19.91,20.38,24695,-40.27,12.0,0.625
2023-08-07T06:47:40.000,33.81,14.78,1.55,19.9,20.38,24696,-40.31,13.0,0.625
2023-08-07T06:48:40.000,33.81,14.71,1.56,19.9,20.38,24697,-40.36,13.0,0.625
2023-08-07T06:49:40.000,33.72,14.64,1.57,19.89,20.38,24698,-40.41,13.0,0.625
2023-08-07T06:50:41.000,33.72,14.8,1.57,19.89,20.38,24699,-40.45,13.0,0.625
2023-08-07T06:51:41.000,33.76,14.9,1.58,19.88,20.38,24700,-40.5,13.0,0.625
2023-08-07T06:52:42.000,33.78,14.81,1.59,19.88,20.38,24701,-40.54,14.0,0.624
2023-08-07T06:53:42.000,33.73,14.81,1.59,19.87,20.38,24702,-40.58,14.0,0.624
2023-08-07T06:54:42.000,33.73,14.86,1.6,19.87,20.38,24703,-40.62,14.0,0.624
2023-08-07T06:55:42.000,33.71,14.85,1.6,19.87,20.38,24704,-40.66,14.0,0.624
2023-08-07T06:56:42.000,33.7,14.72,1.6,19.87,20.38,24705,-40.7,14.0,0.624
2023-08-07T06:57:42.000,33.69,14.96,1.61,19.86,20.38,24706,-40.74,15.0,0.624
2023-08-07T06:58:43.000,33.69,14.77,1.61,19.86,20.38,24707,-40.77,15.0,0.624
2023-08-07T06:59:43.000,33.5,14.38,1.62,19.86,20.38,24708,-40.81,15.0,0.624
2023-08-07T07:00:43.000,33.45,14.64,1.62,19.86,20.38,24709,-40.84,15.0,0.624
2023-08-07T07:01:43.000,33.49,14.94,1.61,19.86,20.38,24710,-40.88,15.0,0.624
2023-08-07T07:02:45.000,33.54,14.89,1.61,19.86,20.38,24711,-40.91,16.0,0.624
2023-08-07T07:03:45.000,33.55,14.76,1.62,19.86,20.38,24712,-40.94,16.0,0.624
2023-08-07T07:04:45.000,33.54,14.83,1.62,19.86,20.38,24713,-40.97,16.0,0.624
2023-08-07T07:05:46.000,33.54,14.79,1.61,19.86,20.38,24714,-41.0,16.0,0.623
2023-08-07T07:06:46.000,33.54,14.78,1.61,19.87,20.38,24715,-41.02,16.0,0.623
2023-08-07T07:07:46.000,33.53,14.71,1.63,19.85,20.38,24716,-41.05,17.0,0.623
2023-08-07T07:08:48.000,33.49,14.73,1.63,19.85,20.38,24717,-41.07,17.0,0.623
2023-08-07T07:09:48.000,33.49,14.82,1.63,19.85,20.38,24718,-41.1,17.0,0.623
2023-08-07T07:10:49.000,33.39,14.4,1.63,19.85,20.38,24719,-41.12,17.0,0.623
2023-08-07T07:11:49.000,33.39,14.65,1.63,19.85,20.38,24720,-41.14,18.0,0.623
2023-08-07T07:12:49.000,33.39,14.66,1.63,19.85,20.38,24721,-41.16,18.0,0.623
2023-08-07T07:13:49.000,33.39,14.68,1.63,19.85,20.38,24722,-41.18,18.0,0.623
2023-08-07T07:15:50.000,33.32,14.57,1.65,19.84,20.38,24724,-41.21,18.0,0.623
2023-08-07T07:16:50.000,33.33,14.66,1.65,19.84,20.38,24725,-41.23,19.0,0.623
2023-08-07T07:17:50.000,33.32,14.66,1.65,19.84,20.38,24726,-41.24,19.0,0.623
2023-08-07T07:20:52.000,33.3,14.57,1.66,19.83,20.38,24729,-41.28,19.0,0.622
2023-08-07T07:22:53.000,33.27,14.57,1.67,19.83,20.38,24731,-41.29,20.0,0.622
2023-08-07T07:25:53.000,33.14,14.57,1.68,19.81,20.38,24734,-41.31,20.0,0.622
2023-08-07T07:28:54.000,33.24,14.47,1.69,19.81,20.38,24737,-41.32,21.0,0.622
2023-08-07T07:29:54.000,33.12,14.58,1.71,19.8,20.38,24738,-41.31,21.0,0.622
2023-08-07T07:30:54.000,33.16,15.07,1.72,19.79,20.38,24739,-41.31,21.0,0.622
2023-08-07T07:31:54.000,33.19,15.02,1.72,19.79,20.38,24740,-41.31,22.0,0.622
2023-08-07T07:32:55.000,33.17,15.0,1.73,19.79,20.38,24741,-41.31,22.0,0.621
2023-08-07T07:33:55.000,33.12,14.85,1.73,19.78,20.38,24742,-41.3,22.0,0.621
2023-08-07T07:34:55.000,33.11,14.94,1.74,19.78,20.38,24743,-41.3,22.0,0.621
2023-08-07T07:35:55.000,33.09,14.95,1.74,19.78,20.38,24744,-41.29,23.0,0.621
2023-08-07T07:36:56.000,33.09,14.94,1.75,19.77,20.38,24745,-41.28,23.0,0.621
2023-08-07T07:37:56.000,33.09,15.01,1.75,19.77,20.38,24746,-41.27,23.0,0.621
2023-08-07T07:38:56.000,33.07,14.88,1.76,19.77,20.38,24747,-41.26,23.0,0.621
2023-08-07T07:40:57.000,32.99,14.76,1.76,19.76,20.38,24749,-41.23,24.0,0.621
2023-08-07T07:41:57.000,32.99,15.01,1.77,19.76,20.38,24750,-41.22,24.0,0.621
2023-08-07T07:42:57.000,32.99,15.02,1.78,19.76,20.38,24751,-41.2,24.0,0.621
2023-08-07T07:43:57.000,32.96,14.86,1.78,19.75,20.38,24752,-41.19,24.0,0.621
2023-08-07T07:44:58.000,32.92,14.96,1.78,19.75,20.38,24753,-41.17,24.0,0.621
2023-08-07T07:45:58.000,32.84,14.89,1.79,19.75,20.38,24754,-41.15,25.0,0.62
2023-08-07T07:46:59.000,32.84,15.02,1.79,19.75,20.38,24755,-41.13,25.0,0.62
2023-08-07T07:47:59.000,32.81,14.93,1.79,19.75,20.38,24756,-41.11,25.0,0.62
2023-08-07T07:48:59.000,32.81,15.06,1.79,19.75,20.38,24757,-41.08,25.0,0.62
2023-08-07T07:49:59.000,32.78,15.03,1.8,19.74,20.38,24758,-41.06,25.0,0.62
2023-08-07T07:51:00.000,32.77,15.02,1.8,19.74,20.38,24759,-41.03,26.0,0.62
2023-08-07T07:52:01.000,32.74,15.08,1.8,19.74,20.38,24760,-41.01,26.0,0.62
2023-08-07T07:53:01.000,32.75,15.19,1.81,19.74,20.38,24761,-40.98,26.0,0.62
2023-08-07T07:54:02.000,32.76,15.12,1.81,19.73,20.38,24762,-40.95,26.0,0.62
2023-08-07T07:55:02.000,32.75,15.15,1.81,19.73,20.38,24763,-40.92,27.0,0.62
2023-08-07T07:56:02.000,32.74,15.16,1.82,19.73,20.38,24764,-40.89,27.0,0.62
2023-08-07T07:57:02.000,32.72,15.26,1.83,19.73,20.38,24765,-40.86,27.0,0.62
2023-08-07T07:58:02.000,32.69,15.28,1.83,19.72,20.38,24766,-40.82,27.0,0.62
2023-08-07T07:59:03.000,32.67,15.17,1.83,19.73,20.38,24767,-40.79,27.0,0.62
2023-08-07T08:00:03.000,32.67,15.3,1.83,19.73,20.38,24768,-40.75,28.0,0.619
2023-08-07T08:01:03.000,32.7,15.33,1.83,19.72,20.38,24769,-40.72,28.0,0.619
2023-08-07T08:02:03.000,32.71,15.32,1.84,19.72,20.38,24770,-40.68,28.0,0.619
2023-08-07T08:03:05.000,32.72,15.34,1.85,19.71,20.38,24771,-40.64,28.0,0.619
2023-08-07T08:04:05.000,32.74,15.39,1.85,19.71,20.38,24772,-40.6,28.0,0.619
2023-08-07T08:05:05.000,32.75,15.35,1.86,19.71,20.38,24773,-40.56,29.0,0.619
2023-08-07T08:06:05.000,32.75,15.19,1.87,19.7,20.38,24774,-40.52,29.0,0.619
2023-08-07T08:07:05.000,32.75,15.39,1.87,19.7,20.38,24775,-40.47,29.0,0.619
2023-08-07T08:08:07.000,32.75,15.31,1.87,19.7,20.38,24776,-40.43,29.0,0.619
2023-08-07T08:09:07.000,32.75,15.29,1.88,19.69,20.38,24777,-40.38,29.0,0.619
2023-08-07T08:10:07.000,32.75,15.37,1.88,19.69,20.38,24778,-40.33,30.0,0.619
2023-08-07T08:11:08.000,32.78,15.33,1.88,19.69,20.38,24779,-40.28,30.0,0.619
2023-08-07T08:12:08.000,32.76,15.25,1.88,19.69,20.38,24780,-40.24,30.0,0.619
2023-08-07T08:13:08.000,32.74,15.27,1.88,19.69,20.38,24781,-40.19,30.0,0.618
2023-08-07T08:14:08.000,32.74,15.24,1.88,19.69,20.38,24782,-40.13,30.0,0.618
2023-08-07T08:15:08.000,32.76,15.29,1.88,19.69,20.38,24783,-40.08,31.0,0.618
2023-08-07T08:18:09.000,32.85,15.45,1.89,19.69,20.38,24786,-39.92,31.0,0.618
2023-08-07T08:20:09.000,32.81,15.1,1.9,19.68,20.38,24788,-39.8,32.0,0.618
2023-08-07T08:21:10.000,32.79,15.24,1.91,19.68,20.38,24789,-39.74,32.0,0.618
2023-08-07T08:22:11.000,32.78,15.32,1.92,19.67,20.38,24790,-39.68,32.0,0.618
2023-08-07T08:23:11.000,32.78,15.27,1.93,19.67,20.38,24791,-39.62,32.0,0.618
2023-08-07T08:24:11.000,32.77,15.46,1.93,19.67,20.38,24792,-39.56,33.0,0.618
2023-08-07T08:25:11.000,32.79,15.47,1.95,19.66,20.38,24793,-39.5,33.0,0.618
2023-08-07T08:26:12.000,32.8,15.63,1.96,19.65,20.38,24794,-39.43,33.0,0.617
2023-08-07T08:27:12.000,32.81,15.56,1.97,19.65,20.38,24795,-39.36,33.0,0.617
2023-08-07T08:28:12.000,32.83,15.69,1.97,19.65,20.38,24796,-39.3,33.0,0.617
2023-08-07T08:29:12.000,32.87,15.64,1.96,19.65,20.38,24797,-39.23,34.0,0.617
2023-08-07T08:30:12.000,32.9,15.61,1.96,19.65,20.38,24798,-39.16,34.0,0.617
2023-08-07T08:31:12.000,32.93,15.54,1.96,19.65,20.38,24799,-39.09,34.0,0.617
2023-08-07T08:32:12.000,32.95,15.43,1.96,19.65,20.38,24800,-39.02,34.0,0.617
2023-08-07T08:33:13.000,33.0,15.57,1.95,19.66,20.38,24801,-38.95,34.0,0.617
2023-08-07T08:34:13.000,33.03,15.34,1.95,19.65,20.38,24802,-38.88,35.0,0.617
2023-08-07T08:35:13.000,33.02,15.36,1.96,19.65,20.38,24803,-38.8,35.0,0.617
2023-08-07T08:36:13.000,33.09,15.45,1.96,19.65,20.38,24804,-38.73,35.0,0.617
2023-08-07T08:37:13.000,33.04,15.15,1.96,19.65,20.38,24805,-38.65,35.0,0.617
2023-08-07T08:38:15.000,33.04,15.33,1.96,19.65,20.38,24806,-38.57,35.0,0.617
2023-08-07T08:39:15.000,33.07,15.34,1.95,19.65,20.38,24807,-38.5,36.0,0.617
2023-08-07T08:40:15.000,33.04,15.19,1.96,19.65,20.38,24808,-38.42,36.0,0.616
2023-08-07T08:41:16.000,33.1,15.39,1.97,19.65,20.38,24809,-38.34,36.0,0.616
2023-08-07T08:42:16.000,33.13,15.26,1.98,19.64,20.38,24810,-38.26,36.0,0.616
2023-08-07T08:43:16.000,33.14,15.38,1.98,19.64,20.38,24811,-38.18,37.0,0.616
2023-08-07T08:44:17.000,33.17,15.36,1.99,19.63,20.38,24812,-38.09,37.0,0.616
2023-08-07T08:45:17.000,33.21,15.43,2.0,19.63,20.38,24813,-38.01,37.0,0.616
2023-08-07T08:46:18.000,33.24,15.4,2.01,19.62,20.38,24814,-37.92,37.0,0.616
2023-08-07T08:47:18.000,33.27,15.41,2.02,19.62,20.38,24815,-37.84,37.0,0.616
2023-08-07T08:48:18.000,33.32,15.45,2.02,19.62,20.38,24816,-37.75,38.0,0.616
2023-08-07T08:50:20.000,33.3,15.24,2.02,19.61,20.38,24818,-37.57,38.0,0.616
2023-08-07T08:51:20.000,33.27,15.27,2.03,19.61,20.38,24819,-37.48,38.0,0.616
2023-08-07T08:52:20.000,33.28,15.3,2.03,19.61,20.38,24820,-37.39,38.0,0.616
2023-08-07T08:53:20.000,33.26,15.27,2.04,19.61,20.38,24821,-37.3,39.0,0.615
