Downloads/jupyter/ECSV/stars19/stars19_2019-12.ecsv
# %ECSV 1.0
# ---
# datatype:
# - {name: time, datatype: string}
# - {name: Enclosure Temperature, unit: deg_C, datatype: float64}
# - {name: Sky Temperature, unit: deg_C, datatype: float64}
# - {name: Frequency, unit: Hz, datatype: float64}
# - {name: MSAS, unit: mag / arcsec2, datatype: float64}
# - {name: ZP, datatype: float64}
# - {name: Sequence Number, datatype: int64}
# - {name: Sun Alt, unit: deg, datatype: float64}
# - {name: Moon Alt, unit: deg, datatype: float64}
# - {name: Moon Illumination, datatype: float64}
# delimiter: ','
# meta: !!omap
# - ida:
#     Data supplier: {affiliation: null, observer: null}
#     Device type: TESS-W
#     Field of view: 17.0
#     Filters per channel: None
#     Instrument ID: stars19
#     License: ODbL 1.0 http://opendatacommons.org/licenses/odbl/summary/
#     Local timezone: America/Phoenix
#     Location name: {country: '- Tucson', place: Tucson, region: United States, sub_region: Arizona, town: Pima County}
#     Measurement direction per channel: {azimuth: 0.0, zenital: 0.0}
#     Moving / Fixed look direction: FIXED
#     Moving / Stationary position: STATIONARY
#     Number of channels: 1
#     Number of fields per line: 8
#     Number of header lines: 35
#     Position: {height: 0.0, latitude: 32.223877, longitude: -110.767532}
#     TESS MAC address: 18:FE:34:CF:EC:06
#     TESS cover offset value: 0.0
#     TESS firmware version: '1.0'
#     TESS zero point: 20.5
#     Time Synchronization: timestamp added by MQTT subscriber
#     URL: http://www.darksky.org/NSBM/sdf1.0.pdf
# - __serialized_columns__:
#     Enclosure Temperature:
#       __class__: astropy.units.quantity.Quantity
#       unit: &id001 !astropy.units.Unit {unit: deg_C}
#       value: !astropy.table.SerializedColumn {name: Enclosure Temperature}
#     Frequency:
#       __class__: astropy.units.quantity.Quantity
#       unit: !astropy.units.Unit {unit: Hz}
#       value: !astropy.table.SerializedColumn {name: Frequency}
#     MSAS:
#       __class__: astropy.units.quantity.Quantity
#       unit: !astropy.units.Unit {unit: mag / arcsec2}
#       value: !astropy.table.SerializedColumn {name: MSAS}
#     Moon Alt:
#       __class__: astropy.units.quantity.Quantity
#       unit: &id002 !astropy.units.Unit {unit: deg}
#       value: !astropy.table.SerializedColumn {name: Moon Alt}
#     Sky Temperature:
#       __class__: astropy.units.quantity.Quantity
#       unit: *id001
#       value: !astropy.table.SerializedColumn {name: Sky Temperature}
#     Sun Alt:
#       __class__: astropy.units.quantity.Quantity
#       unit: *id002
#       value: !astropy.table.SerializedColumn {name: Sun Alt}
#     time:
#       __class__: astropy.time.core.Time
#       format: isot
#       in_subfmt: '*'
#       out_subfmt: '*'
#       precision: 3
#       scale: utc
#       value: !astropy.table.SerializedColumn {name: time}
# schema: astropy-2.0
time,Enclosure Temperature,Sky Temperature,Frequency,MSAS,ZP,Sequence Number,Sun Alt,Moon Alt,Moon Illumination
[from data line 18119]
2019-12-21T11:39:41.000,11.06,-18.39,1.07,20.31,20.5,215516,-32.96,24.0,0.252
2019-12-21T11:40:41.000,11.02,-18.22,1.08,20.3,20.5,215517,-32.75,24.0,0.252
2019-12-21T11:41:41.000,10.78,-18.14,1.07,20.3,20.5,215518,-32.54,24.0,0.252
2019-12-21T11:42:42.000,10.42,-18.31,1.07,20.3,20.5,215519,-32.33,25.0,0.252
2019-12-21T11:43:42.000,9.97,-18.15,1.07,20.31,20.5,215520,-32.12,25.0,0.252
2019-12-21T11:44:42.000,9.8,-18.3,1.08,20.3,20.5,215521,-31.91,25.0,0.252
2019-12-21T11:45:42.000,10.1,-19.47,1.1,20.28,20.5,215522,-31.71,25.0,0.252
2019-12-21T11:46:43.000,10.45,-18.69,1.08,20.3,20.5,215523,-31.49,25.0,0.252
2019-12-21T11:47:43.000,10.64,-18.33,1.09,20.29,20.5,215524,-31.29,25.0,0.252
2019-12-21T11:48:43.000,10.55,-18.44,1.08,20.29,20.5,215525,-31.08,26.0,0.252
2019-12-21T11:49:43.000,10.22,-18.44,1.08,20.29,20.5,215526,-30.87,26.0,0.252
2019-12-21T11:50:43.000,9.84,-18.45,1.09,20.29,20.5,215527,-30.66,26.0,0.252
2019-12-21T11:51:43.000,9.88,-18.7,1.09,20.29,20.5,215528,-30.45,26.0,0.251
2019-12-21T11:52:43.000,10.45,-18.66,1.09,20.29,20.5,215529,-30.24,26.0,0.251
2019-12-21T11:53:43.000,10.86,-18.52,1.09,20.29,20.5,215530,-30.04,26.0,0.251
2019-12-21T11:54:43.000,10.9,-18.34,1.08,20.29,20.5,215531,-29.83,27.0,0.251
2019-12-21T11:55:44.000,10.75,-18.03,1.08,20.29,20.5,215532,-29.62,27.0,0.251
2019-12-21T11:56:44.000,10.5,-18.12,1.09,20.29,20.5,215533,-29.41,27.0,0.251
2019-12-21T11:58:44.000,9.82,-18.27,1.1,20.28,20.5,215535,-28.99,27.0,0.251
2019-12-21T11:59:45.000,10.09,-18.47,1.1,20.28,20.5,215536,-28.78,28.0,0.251
2019-12-21T12:00:45.000,10.63,-18.37,1.1,20.28,20.5,215537,-28.57,28.0,0.251
2019-12-21T12:01:45.000,10.89,-18.36,1.1,20.28,20.5,215538,-28.37,28.0,0.251
2019-12-21T12:02:45.000,10.81,-18.29,1.1,20.28,20.5,215539,-28.16,28.0,0.251
2019-12-21T12:03:45.000,10.58,-18.21,1.1,20.28,20.5,215540,-27.95,28.0,0.251
2019-12-21T12:04:45.000,10.24,-18.13,1.1,20.28,20.5,215541,-27.75,28.0,0.251
2019-12-21T12:05:45.000,9.85,-18.17,1.1,20.28,20.5,215542,-27.54,29.0,0.25
2019-12-21T12:09:46.000,10.66,-18.42,1.1,20.28,20.5,215546,-26.71,29.0,0.25
2019-12-21T12:10:46.000,10.4,-18.43,1.1,20.28,20.5,215547,-26.5,29.0,0.25
2019-12-21T12:11:47.000,10.05,-18.05,1.09,20.28,20.5,215548,-26.29,30.0,0.25
2019-12-21T12:12:47.000,9.87,-18.23,1.09,20.29,20.5,215549,-26.08,30.0,0.25
2019-12-21T12:13:47.000,10.18,-18.55,1.09,20.29,20.5,215550,-25.88,30.0,0.25
2019-12-21T12:14:47.000,10.69,-18.15,1.09,20.29,20.5,215551,-25.67,30.0,0.25
2019-12-21T12:15:47.000,10.85,-18.07,1.08,20.29,20.5,215552,-25.46,30.0,0.25
2019-12-21T12:16:48.000,10.74,-18.21,1.09,20.29,20.5,215553,-25.26,31.0,0.25
2019-12-21T12:17:48.000,10.5,-17.97,1.09,20.28,20.5,215554,-25.05,31.0,0.25
2019-12-21T12:18:49.000,10.18,-17.75,1.1,20.28,20.5,215555,-24.84,31.0,0.25
2019-12-21T12:19:49.000,9.95,-17.61,1.1,20.28,20.5,215556,-24.63,31.0,0.25
2019-12-21T12:20:49.000,9.94,-18.03,1.1,20.27,20.5,215557,-24.43,31.0,0.249
2019-12-21T12:21:49.000,10.45,-18.08,1.1,20.27,20.5,215558,-24.22,31.0,0.249
2019-12-21T12:22:50.000,10.83,-17.99,1.11,20.27,20.5,215559,-24.01,32.0,0.249
2019-12-21T12:23:51.000,10.92,-17.73,1.11,20.27,20.5,215560,-23.8,32.0,0.249
2019-12-21T12:24:51.000,10.79,-17.72,1.11,20.27,20.5,215561,-23.6,32.0,0.249
2019-12-21T12:28:51.000,10.12,-17.88,1.12,20.26,20.5,215565,-22.78,33.0,0.249
2019-12-21T12:33:52.000,10.17,-17.48,1.12,20.26,20.5,215570,-21.75,33.0,0.249
2019-12-21T12:35:53.000,10.02,-17.74,1.12,20.26,20.5,215572,-21.34,34.0,0.248
2019-12-21T12:36:52.000,10.54,-17.72,1.12,20.25,20.5,215573,-21.14,34.0,0.248
2019-12-21T12:37:53.000,10.89,-17.44,1.12,20.26,20.5,215574,-20.93,34.0,0.248
2019-12-21T12:38:53.000,10.88,-17.72,1.12,20.25,20.5,215575,-20.73,34.0,0.248
2019-12-21T12:39:53.000,10.65,-17.61,1.13,20.25,20.5,215576,-20.52,34.0,0.248
2019-12-21T12:40:53.000,10.4,-17.44,1.12,20.25,20.5,215577,-20.32,34.0,0.248
2019-12-21T12:41:53.000,10.16,-17.31,1.12,20.26,20.5,215578,-20.12,35.0,0.248
2019-12-21T12:42:53.000,9.96,-17.12,1.12,20.25,20.5,215579,-19.91,35.0,0.248
2019-12-21T12:43:53.000,10.11,-17.48,1.12,20.25,20.5,215580,-19.71,35.0,0.248
2019-12-21T12:44:53.000,10.33,-17.68,1.12,20.26,20.5,215581,-19.51,35.0,0.248
2019-12-21T12:45:54.000,10.44,-17.29,1.12,20.26,20.5,215582,-19.3,35.0,0.248
2019-12-21T12:46:54.000,10.47,-17.08,1.13,20.25,20.5,215583,-19.1,35.0,0.248
2019-12-21T12:47:54.000,10.35,-17.08,1.12,20.25,20.5,215584,-18.89,36.0,0.248
2019-12-21T12:48:55.000,10.18,-17.07,1.12,20.26,20.5,215585,-18.69,36.0,0.248
2019-12-21T12:54:55.000,10.58,-17.22,1.13,20.25,20.5,215591,-17.47,37.0,0.247
2019-12-21T12:56:56.000,10.14,-17.22,1.13,20.25,20.5,215593,-17.07,37.0,0.247
2019-12-21T12:57:56.000,9.94,-17.09,1.13,20.25,20.5,215594,-16.86,37.0,0.247
2019-12-21T12:58:56.000,10.22,-17.38,1.13,20.25,20.5,215595,-16.66,37.0,0.247
2019-12-21T12:59:56.000,10.49,-17.61,1.13,20.25,20.5,215596,-16.46,37.0,0.247
2019-12-21T13:00:57.000,10.57,-17.43,1.13,20.25,20.5,215597,-16.26,38.0,0.247
2019-12-21T13:01:57.000,10.45,-17.27,1.15,20.23,20.5,215598,-16.05,38.0,0.247
2019-12-21T13:02:57.000,10.31,-17.13,1.23,20.16,20.5,215599,-15.85,38.0,0.247
2019-12-21T13:03:57.000,10.02,-17.42,1.25,20.13,20.5,215600,-15.65,38.0,0.247
2019-12-21T13:04:57.000,9.99,-17.3,1.26,20.13,20.5,215601,-15.45,38.0,0.246
2019-12-21T13:05:57.000,10.44,-17.34,1.27,20.12,20.5,215602,-15.25,38.0,0.246
2019-12-21T13:06:58.000,10.67,-17.6,1.28,20.11,20.5,215603,-15.05,38.0,0.246
2019-12-21T13:07:58.000,10.69,-17.32,1.3,20.1,20.5,215604,-14.85,39.0,0.246
2019-12-21T13:08:58.000,10.64,-16.94,1.31,20.09,20.5,215605,-14.65,39.0,0.246
2019-12-21T13:09:58.000,10.46,-17.06,1.33,20.07,20.5,215606,-14.45,39.0,0.246
2019-12-21T13:10:58.000,10.24,-17.07,1.35,20.05,20.5,215607,-14.25,39.0,0.246
2019-12-21T13:11:59.000,10.0,-17.0,1.38,20.03,20.5,215608,-14.04,39.0,0.246
2019-12-21T13:12:59.000,9.97,-16.95,1.41,20.0,20.5,215609,-13.84,39.0,0.246
2019-12-21T13:13:59.000,10.43,-17.24,1.46,19.97,20.5,215610,-13.64,39.0,0.246
2019-12-21T13:15:00.000,10.7,-17.28,1.5,19.94,20.5,215611,-13.44,40.0,0.246
2019-12-21T13:16:00.000,10.76,-16.97,1.57,19.89,20.5,215612,-13.24,40.0,0.246
2019-12-21T13:18:02.000,10.35,-16.98,1.73,19.79,20.5,215614,-12.84,40.0,0.246
2019-12-21T13:19:02.000,10.17,-16.67,1.82,19.73,20.5,215615,-12.64,40.0,0.245
2019-12-21T13:20:02.000,9.97,-16.79,1.92,19.67,20.5,215616,-12.44,40.0,0.245
2019-12-21T13:21:03.000,10.06,-16.97,2.06,19.6,20.5,215617,-12.24,40.0,0.245
2019-12-21T13:22:03.000,10.5,-17.01,2.22,19.51,20.5,215618,-12.04,41.0,0.245
2019-12-21T13:26:04.000,10.5,-16.7,3.33,19.07,20.5,215622,-11.24,41.0,0.245
2019-12-21T13:27:04.000,10.25,-16.48,3.72,18.96,20.5,215623,-11.05,41.0,0.245
2019-12-21T13:28:04.000,10.04,-16.4,4.21,18.82,20.5,215624,-10.85,41.0,0.245
2019-12-21T13:29:04.000,10.04,-16.3,4.79,18.68,20.5,215625,-10.65,42.0,0.245
2019-12-21T13:30:04.000,10.32,-16.58,5.48,18.53,20.5,215626,-10.45,42.0,0.245
2019-12-21T13:31:05.000,10.5,-16.49,6.38,18.37,20.5,215627,-10.25,42.0,0.245
2019-12-21T13:34:05.000,10.3,-16.18,11.24,17.76,20.5,215630,-9.66,42.0,0.244
2019-12-21T13:35:06.000,10.16,-16.03,13.69,17.54,20.5,215631,-9.46,42.0,0.244
2019-12-21T13:36:06.000,9.96,-16.1,16.07,17.37,20.5,215632,-9.27,42.0,0.244
2019-12-21T13:38:07.000,10.47,-16.29,23.9,16.94,20.5,215634,-8.87,43.0,0.244
2019-12-21T13:46:08.000,10.6,-16.35,115.16,15.23,20.5,215642,-7.31,44.0,0.244
2019-12-21T13:47:08.000,10.74,-16.19,143.6,14.99,20.5,215643,-7.11,44.0,0.244
2019-12-21T13:48:09.000,10.65,-16.3,180.7,14.74,20.5,215644,-6.92,44.0,0.243
2019-12-21T13:49:10.000,10.49,-16.02,232.99,14.46,20.5,215645,-6.72,44.0,0.243
2019-12-21T13:50:10.000,10.38,-15.83,302.0,14.18,20.5,215646,-6.53,44.0,0.243
2019-12-21T13:51:10.000,10.21,-15.72,392.97,13.9,20.5,215647,-6.33,44.0,0.243
2019-12-21T13:52:10.000,10.13,-15.39,483.42,13.67,20.5,215648,-6.14,44.0,0.243
2019-12-21T13:53:10.000,10.03,-15.41,585.19,13.46,20.5,215649,-5.95,44.0,0.243
2019-12-21T13:54:10.000,9.93,-15.38,730.92,13.22,20.5,215650,-5.75,45.0,0.243
2019-12-21T13:56:11.000,9.71,-15.44,1175.17,12.71,20.5,215652,-5.36,45.0,0.243
2019-12-21T13:57:11.000,9.6,-15.38,1506.18,12.44,20.5,215653,-5.17,45.0,0.243
2019-12-21T13:58:11.000,9.54,-15.26,1969.82,12.15,20.5,215654,-4.98,45.0,0.243
2019-12-21T13:59:11.000,9.5,-15.27,2542.07,11.87,20.5,215655,-4.79,45.0,0.243
2019-12-21T14:00:12.000,9.45,-15.3,3284.22,11.59,20.5,215656,-4.59,45.0,0.243
2019-12-21T14:01:11.000,9.4,-15.24,4153.39,11.34,20.5,215657,-4.4,45.0,0.243
2019-12-21T14:02:12.000,9.39,-15.25,5219.02,11.09,20.5,215658,-4.21,45.0,0.243
2019-12-21T14:03:12.000,9.31,-15.27,6568.04,10.84,20.5,215659,-4.02,45.0,0.242
2019-12-21T14:04:12.000,9.26,-15.31,8388.43,10.57,20.5,215660,-3.83,46.0,0.242
2019-12-21T14:05:12.000,9.21,-15.31,10780.49,10.3,20.5,215661,-3.64,46.0,0.242
2019-12-21T14:06:12.000,9.17,-15.43,13661.73,10.04,20.5,215662,-3.45,46.0,0.242
2019-12-21T14:07:12.000,9.14,-15.39,17396.24,9.78,20.5,215663,-3.25,46.0,0.242
2019-12-21T14:08:13.000,9.08,-15.53,21736.56,9.54,20.5,215664,-3.06,46.0,0.242
2019-12-21T14:09:13.000,9.01,-15.53,26326.98,9.33,20.5,215665,-2.87,46.0,0.242
2019-12-21T14:10:13.000,8.97,-15.48,30808.97,9.16,20.5,215666,-2.68,46.0,0.242
2019-12-21T14:16:14.000,8.76,-15.46,0.0,0.0,20.5,215672,-1.54,47.0,0.242
2019-12-21T14:17:14.000,8.76,-15.3,0.0,0.0,20.5,215673,-1.36,47.0,0.242
2019-12-21T14:18:15.000,8.71,-15.39,0.0,0.0,20.5,215674,-1.16,47.0,0.241
2019-12-21T14:33:18.000,8.72,-15.38,0.0,0.0,20.5,215689,1.64,48.0,0.24
2019-12-21T14:34:18.000,8.77,-15.35,0.0,0.0,20.5,215690,1.82,48.0,0.24
2019-12-21T14:35:18.000,8.79,-15.38,0.0,0.0,20.5,215691,2.01,48.0,0.24
2019-12-21T14:36:19.000,8.82,-15.28,0.13,0.11,20.5,215692,2.19,48.0,0.24
2019-12-21T14:37:19.000,8.86,-15.33,0.23,0.1,20.5,215693,2.38,48.0,0.24
2019-12-21T14:38:19.000,8.91,-15.38,0.0,0.0,20.5,215694,2.56,48.0,0.24
2019-12-21T14:40:20.000,9.01,-15.4,0.0,0.0,20.5,215696,2.93,48.0,0.24
2019-12-21T14:41:20.000,9.07,-15.44,0.0,0.0,20.5,215697,3.11,48.0,0.24
2019-12-21T14:44:21.000,9.24,-15.39,0.0,0.0,20.5,215700,3.66,49.0,0.24
2019-12-21T14:45:21.000,9.3,-15.44,0.0,0.0,20.5,215701,3.84,49.0,0.24
2019-12-21T14:46:21.000,9.33,-15.42,0.0,0.0,20.5,215702,4.03,49.0,0.24
2019-12-21T14:47:22.000,9.35,-15.46,0.0,0.0,20.5,215703,4.21,49.0,0.239
2019-12-21T14:48:22.000,9.39,-15.39,0.11,0.09,20.5,215704,4.39,49.0,0.239
2019-12-21T14:49:22.000,9.42,-15.43,0.0,0.0,20.5,215705,4.57,49.0,0.239
2019-12-21T14:50:22.000,9.46,-15.38,0.0,0.0,20.5,215706,4.75,49.0,0.239
2019-12-21T14:51:22.000,9.51,-15.41,0.0,0.0,20.5,215707,4.93,49.0,0.239
2019-12-21T14:52:22.000,9.54,-15.32,0.0,0.0,20.5,215708,5.11,49.0,0.239
2019-12-21T14:53:22.000,9.56,-15.34,0.19,0.09,20.5,215709,5.29,49.0,0.239
2019-12-21T14:55:22.000,9.6,-15.38,0.0,0.0,20.5,215711,5.65,49.0,0.239
2019-12-21T14:57:23.000,9.65,-15.39,0.0,0.0,20.5,215713,6.01,49.0,0.239
2019-12-21T14:58:23.000,9.66,-15.28,0.0,0.0,20.5,215714,6.18,49.0,0.239
2019-12-21T14:59:23.000,9.69,-15.34,0.12,0.1,20.5,215715,6.36,49.0,0.239
2019-12-21T15:00:23.000,9.76,-15.19,0.0,0.0,20.5,215716,6.54,49.0,0.239
2019-12-21T15:01:23.000,9.83,-15.23,0.0,0.0,20.5,215717,6.72,49.0,0.239
2019-12-21T15:02:23.000,9.86,-15.22,0.0,0.0,20.5,215718,6.89,49.0,0.238
2019-12-21T15:07:25.000,10.08,-15.11,0.0,0.0,20.5,215723,7.78,50.0,0.238
2019-12-21T15:08:25.000,10.1,-15.15,0.0,0.0,20.5,215724,7.95,50.0,0.238
2019-12-21T15:09:25.000,10.12,-15.06,0.0,0.0,20.5,215725,8.13,50.0,0.238
2019-12-21T15:10:25.000,10.19,-14.43,228.14,0.13,20.5,215726,8.3,50.0,0.238
2019-12-21T15:11:25.000,10.24,-15.51,0.0,0.0,20.5,215727,8.48,50.0,0.238
2019-12-21T15:12:26.000,10.25,-15.54,0.0,0.0,20.5,215728,8.65,50.0,0.238
2019-12-21T15:13:26.000,10.25,-15.47,0.0,0.0,20.5,215729,8.83,50.0,0.238
2019-12-21T15:14:26.000,10.28,-15.48,0.0,0.0,20.5,215730,9.0,50.0,0.238
2019-12-21T15:15:27.000,10.33,-15.44,0.0,0.0,20.5,215731,9.18,50.0,0.238
2019-12-21T15:16:27.000,10.36,-15.47,0.0,0.0,20.5,215732,9.35,50.0,0.238
2019-12-21T15:19:28.000,10.46,-15.35,0.0,0.0,20.5,215735,9.87,50.0,0.237
2019-12-21T15:20:29.000,10.53,-15.4,0.0,0.0,20.5,215736,10.04,50.0,0.237
2019-12-21T15:21:29.000,10.58,-15.31,0.0,0.0,20.5,215737,10.21,50.0,0.237
2019-12-21T15:22:29.000,10.63,-15.34,0.0,0.0,20.5,215738,10.38,50.0,0.237
2019-12-21T15:24:29.000,10.71,-15.29,0.0,0.0,20.5,215740,10.72,50.0,0.237
2019-12-21T15:25:30.000,10.74,-15.22,0.0,0.0,20.5,215741,10.89,50.0,0.237
2019-12-21T15:29:31.000,10.79,-15.16,0.0,0.0,20.5,215745,11.57,50.0,0.237
2019-12-21T15:30:32.000,10.84,-15.14,0.0,0.0,20.5,215746,11.74,50.0,0.237
2019-12-21T15:31:32.000,10.89,-15.04,0.0,0.0,20.5,215747,11.91,50.0,0.237
2019-12-21T15:37:33.000,11.13,-14.82,0.0,0.0,20.5,215753,12.9,50.0,0.236
2019-12-21T15:38:33.000,11.14,-14.79,0.0,0.0,20.5,215754,13.07,50.0,0.236
2019-12-21T15:39:33.000,11.17,-14.84,0.0,0.0,20.5,215755,13.23,50.0,0.236
2019-12-21T15:46:35.000,11.5,-14.58,0.0,0.0,20.5,215762,14.38,49.0,0.236
2019-12-21T15:47:35.000,11.58,-14.46,0.0,0.0,20.5,215763,14.54,49.0,0.235
2019-12-21T15:48:35.000,11.65,-14.46,0.0,0.0,20.5,215764,14.7,49.0,0.235
2019-12-21T15:50:36.000,11.73,-14.42,0.0,0.0,20.5,215766,15.02,49.0,0.235
2019-12-21T15:51:36.000,11.77,-14.38,0.0,0.0,20.5,215767,15.18,49.0,0.235
2019-12-21T15:52:37.000,11.83,-14.29,0.0,0.0,20.5,215768,15.34,49.0,0.235
2019-12-21T16:13:43.000,12.75,-13.26,0.0,0.0,20.5,215789,18.59,48.0,0.234
2019-12-21T16:14:43.000,12.84,-13.26,0.0,0.0,20.5,215790,18.74,48.0,0.234
2019-12-21T16:15:43.000,12.9,-13.09,0.0,0.0,20.5,215791,18.89,48.0,0.234
2019-12-21T16:17:44.000,13.1,-12.97,0.0,0.0,20.5,215793,19.19,48.0,0.233
2019-12-21T16:18:45.000,13.17,-12.81,0.0,0.0,20.5,215794,19.34,48.0,0.233
2019-12-21T16:19:45.000,13.21,-12.74,0.0,0.0,20.5,215795,19.49,48.0,0.233
2019-12-21T16:22:46.000,13.48,-12.31,0.0,0.0,20.5,215798,19.92,48.0,0.233
2019-12-21T16:23:47.000,13.55,-12.32,0.0,0.0,20.5,215799,20.07,47.0,0.233
2019-12-21T16:24:47.000,13.66,-12.13,0.0,0.0,20.5,215800,20.22,47.0,0.233
2019-12-21T16:27:48.000,13.99,-11.72,0.0,0.0,20.5,215803,20.65,47.0,0.233
2019-12-21T16:28:49.000,14.06,-11.71,0.0,0.0,20.5,215804,20.79,47.0,0.233
2019-12-21T16:29:49.000,14.13,-11.52,0.0,0.0,20.5,215805,20.93,47.0,0.233
2019-12-21T16:37:51.000,14.85,-10.78,0.0,0.0,20.5,215813,22.05,46.0,0.232
2019-12-21T16:38:51.000,14.94,-10.67,0.0,0.0,20.5,215814,22.19,46.0,0.232
2019-12-21T16:39:51.000,15.03,-10.55,0.0,0.0,20.5,215815,22.32,46.0,0.232
2019-12-21T16:41:51.000,15.22,-10.18,0.0,0.0,20.5,215817,22.59,46.0,0.232
2019-12-21T16:42:52.000,15.33,-10.16,0.0,0.0,20.5,215818,22.73,46.0,0.232
2019-12-21T16:43:52.000,15.42,-10.03,0.0,0.0,20.5,215819,22.86,46.0,0.232
2019-12-21T16:45:54.000,15.64,-9.57,0.0,0.0,20.5,215821,23.13,45.0,0.232
2019-12-21T16:46:54.000,15.74,-9.59,0.0,0.0,20.5,215822,23.26,45.0,0.231
2019-12-21T16:47:54.000,15.84,-9.38,0.0,0.0,20.5,215823,23.4,45.0,0.231
2019-12-21T16:48:55.000,15.98,-9.07,0.0,0.0,20.5,215824,23.53,45.0,0.231
2019-12-21T16:51:56.000,16.4,-8.48,0.0,0.0,20.5,215827,23.92,45.0,0.231
2019-12-21T16:52:56.000,16.57,-8.25,0.0,0.0,20.5,215828,24.05,45.0,0.231
2019-12-21T16:53:56.000,16.65,-8.37,0.0,0.0,20.5,215829,24.17,45.0,0.231
2019-12-21T16:55:57.000,16.94,-7.97,0.0,0.0,20.5,215831,24.43,44.0,0.231
2019-12-21T16:56:57.000,17.1,-7.7,0.0,0.0,20.5,215832,24.56,44.0,0.231
2019-12-21T16:57:57.000,17.27,-7.48,0.0,0.0,20.5,215833,24.68,44.0,0.231
2019-12-21T16:59:58.000,17.53,-7.15,0.0,0.0,20.5,215835,24.93,44.0,0.231
2019-12-21T17:00:58.000,17.67,-7.11,0.0,0.0,20.5,215836,25.05,44.0,0.231
2019-12-21T17:01:58.000,17.76,-7.15,0.0,0.0,20.5,215837,25.18,44.0,0.23
2019-12-21T17:03:59.000,17.97,-6.6,0.0,0.0,20.5,215839,25.42,44.0,0.23
2019-12-21T17:04:59.000,18.13,-6.5,0.0,0.0,20.5,215840,25.54,43.0,0.23
2019-12-21T17:05:59.000,18.23,-6.68,0.0,0.0,20.5,215841,25.66,43.0,0.23
2019-12-21T17:09:00.000,18.48,-6.41,0.0,0.0,20.5,215844,26.02,43.0,0.23
2019-12-21T17:17:02.000,19.93,-4.42,0.0,0.0,20.5,215852,26.94,42.0,0.229
2019-12-21T17:18:03.000,20.09,-4.9,0.0,0.0,20.5,215853,27.06,42.0,0.229
