Downloads/jupyter/ECSV/stars19/stars19_2024-07.ecsv
# %ECSV 1.0
# ---
# datatype:
# - {name: time, datatype: string}
# - {name: Enclosure Temperature, unit: deg_C, datatype: float64}
# - {name: Sky Temperature, unit: deg_C, datatype: float64}
# - {name: Frequency, unit: Hz, datatype: float64}
# - {name: MSAS, unit: mag / arcsec2, datatype: float64}
# - {name: ZP, datatype: float64}
# - {name: Sequence Number, datatype: int64}
# - {name: Sun Alt, unit: deg, datatype: float64}
# - {name: Moon Alt, unit: deg, datatype: float64}
# - {name: Moon Illumination, datatype: float64}
# delimiter: ','
# meta: !!omap
# - ida:
#     Data supplier: {affiliation: null, observer: null}
#     Device type: TESS-W
#     Field of view: 17.0
#     Filters per channel: None
#     Instrument ID: stars19
#     License: ODbL 1.0 http://opendatacommons.org/licenses/odbl/summary/
#     Local timezone: America/Phoenix
#     Location name: {country: United States, place: Tucson, region: Arizona, sub_region: Pima County, town: Tucson}
#     Measurement direction per channel: {azimuth: 0.0, zenital: 0.0}
#     Moving / Fixed look direction: FIXED
#     Moving / Stationary position: STATIONARY
#     Number of channels: 1
#     Number of fields per line: 8
#     Number of header lines: 35
#     Position: {height: 0.0, latitude: 32.223877, longitude: -110.767532}
#     TESS MAC address: 18:FE:34:CF:EC:06
#     TESS cover offset value: 0.0
#     TESS firmware version: '1.0'
#     TESS zero point: 20.38
#     Time Synchronization: timestamp added by MQTT subscriber
#     URL: http://www.darksky.org/NSBM/sdf1.0.pdf
# - __serialized_columns__:
#     Enclosure Temperature:
#       __class__: astropy.units.quantity.Quantity
#       unit: &id001 !astropy.units.Unit {unit: deg_C}
#       value: !astropy.table.SerializedColumn {name: Enclosure Temperature}
#     Frequency:
#       __class__: astropy.units.quantity.Quantity
#       unit: !astropy.units.Unit {unit: Hz}
#       value: !astropy.table.SerializedColumn {name: Frequency}
#     MSAS:
#       __class__: astropy.units.quantity.Quantity
#       unit: !astropy.units.Unit {unit: mag / arcsec2}
#       value: !astropy.table.SerializedColumn {name: MSAS}
#     Moon Alt:
#       __class__: astropy.units.quantity.Quantity
#       unit: &id002 !astropy.units.Unit {unit: deg}
#       value: !astropy.table.SerializedColumn {name: Moon Alt}
#     Sky Temperature:
#       __class__: astropy.units.quantity.Quantity
#       unit: *id001
#       value: !astropy.table.SerializedColumn {name: Sky Temperature}
#     Sun Alt:
#       __class__: astropy.units.quantity.Quantity
#       unit: *id002
#       value: !astropy.table.SerializedColumn {name: Sun Alt}
#     time:
#       __class__: astropy.time.core.Time
#       format: isot
#       in_subfmt: '*'
#       out_subfmt: '*'
#       precision: 3
#       scale: utc
#       value: !astropy.table.SerializedColumn {name: time}
# schema: astropy-2.0
time,Enclosure Temperature,Sky Temperature,Frequency,MSAS,ZP,Sequence Number,Sun Alt,Moon Alt,Moon Illumination
[from data line 11720]
2024-07-16T20:51:27.000,50.09,25.22,0.0,0.0,20.38,122132,68.63,-19.0,0.771
2024-07-16T20:52:27.000,50.23,25.5,0.0,0.0,20.38,122133,68.44,-19.0,0.771
2024-07-16T20:53:27.000,50.42,25.44,0.0,0.0,20.38,122134,68.25,-18.0,0.771
2024-07-16T21:04:29.000,50.03,24.95,0.0,0.0,20.38,122145,66.11,-16.0,0.772
2024-07-16T21:05:30.000,50.05,24.91,0.0,0.0,20.38,122146,65.91,-16.0,0.772
2024-07-16T21:06:30.000,49.98,25.15,0.0,0.0,20.38,122147,65.71,-16.0,0.772
2024-07-16T21:08:30.000,50.23,25.53,0.0,0.0,20.38,122149,65.31,-15.0,0.772
2024-07-16T21:09:31.000,50.3,25.64,0.0,0.0,20.38,122150,65.11,-15.0,0.772
2024-07-16T21:10:31.000,50.52,25.68,0.0,0.0,20.38,122151,64.91,-15.0,0.772
2024-07-16T21:12:31.000,50.33,25.11,0.0,0.0,20.38,122153,64.51,-15.0,0.772
2024-07-16T21:13:32.000,50.12,24.65,0.0,0.0,20.38,122154,64.31,-15.0,0.772
2024-07-16T21:14:32.000,49.96,24.66,0.0,0.0,20.38,122155,64.11,-14.0,0.773
2024-07-16T21:17:33.000,49.96,25.77,0.0,0.0,20.38,122158,63.51,-14.0,0.773
2024-07-16T21:18:33.000,49.99,24.98,0.0,0.0,20.38,122159,63.3,-14.0,0.773
2024-07-16T21:19:33.000,49.89,25.37,0.0,0.0,20.38,122160,63.1,-13.0,0.773
2024-07-16T21:20:33.000,50.08,25.61,0.0,0.0,20.38,122161,62.9,-13.0,0.773
2024-07-16T21:21:33.000,49.98,24.9,0.0,0.0,20.38,122162,62.7,-13.0,0.773
2024-07-16T21:28:35.000,50.64,25.21,0.0,0.0,20.38,122169,61.27,-12.0,0.773
2024-07-16T21:29:35.000,50.56,25.48,0.0,0.0,20.38,122170,61.06,-11.0,0.773
2024-07-16T21:30:35.000,50.7,25.77,0.0,0.0,20.38,122171,60.86,-11.0,0.773
2024-07-16T21:46:39.000,44.85,20.61,0.0,0.0,20.38,122187,57.55,-8.0,0.774
2024-07-16T21:47:39.000,44.52,20.76,0.0,0.0,20.38,122188,57.34,-8.0,0.774
2024-07-16T21:48:39.000,44.33,21.16,0.0,0.0,20.38,122189,57.13,-8.0,0.775
2024-07-16T21:56:47.000,43.17,21.16,0.0,0.0,20.38,122197,55.44,-6.0,0.775
2024-07-16T21:57:47.000,43.06,21.21,0.0,0.0,20.38,122198,55.23,-6.0,0.775
2024-07-16T21:58:47.000,42.94,21.14,0.0,0.0,20.38,122199,55.02,-6.0,0.775
2024-07-16T22:09:50.000,42.28,21.21,0.0,0.0,20.38,122210,52.71,-4.0,0.776
2024-07-16T22:10:50.000,42.25,21.33,0.0,0.0,20.38,122211,52.5,-4.0,0.776
2024-07-16T22:11:51.000,42.25,21.39,0.0,0.0,20.38,122212,52.28,-4.0,0.776
2024-07-16T22:15:51.000,42.42,21.95,0.0,0.0,20.38,122216,51.44,-3.0,0.776
2024-07-16T22:17:52.000,42.6,21.8,0.0,0.0,20.38,122218,51.02,-3.0,0.776
2024-07-16T22:18:52.000,42.63,21.76,0.0,0.0,20.38,122219,50.81,-2.0,0.776
2024-07-16T22:19:52.000,42.55,20.94,0.0,0.0,20.38,122220,50.6,-2.0,0.776
2024-07-16T22:39:57.000,42.42,21.54,0.0,0.0,20.38,122240,46.36,1.0,0.778
2024-07-16T22:40:57.000,42.51,21.79,0.0,0.0,20.38,122241,46.15,2.0,0.778
2024-07-16T22:41:57.000,42.52,21.65,0.0,0.0,20.38,122242,45.94,2.0,0.778
2024-07-16T22:43:57.000,42.6,21.69,0.0,0.0,20.38,122244,45.51,2.0,0.778
2024-07-16T22:45:57.000,42.49,21.03,0.0,0.0,20.38,122246,45.09,2.0,0.778
2024-07-16T22:47:58.000,42.34,21.66,0.0,0.0,20.38,122248,44.66,3.0,0.778
2024-07-16T22:48:58.000,42.36,21.36,0.0,0.0,20.38,122249,44.45,3.0,0.778
2024-07-16T22:49:58.000,42.39,21.49,0.0,0.0,20.38,122250,44.24,3.0,0.778
2024-07-16T23:14:04.000,42.0,21.69,0.0,0.0,20.38,122274,39.14,7.0,0.78
2024-07-16T23:15:04.000,41.93,21.79,0.0,0.0,20.38,122275,38.93,7.0,0.78
2024-07-16T23:16:05.000,41.92,21.68,0.0,0.0,20.38,122276,38.72,8.0,0.78
2024-07-16T23:19:05.000,41.84,21.38,0.0,0.0,20.38,122279,38.08,8.0,0.78
2024-07-16T23:20:05.000,41.76,21.82,0.0,0.0,20.38,122280,37.87,8.0,0.78
2024-07-16T23:21:06.000,41.72,21.38,0.0,0.0,20.38,122281,37.66,8.0,0.78
2024-07-16T23:34:08.000,41.57,21.57,0.0,0.0,20.38,122294,34.91,11.0,0.781
2024-07-16T23:35:09.000,41.54,21.41,0.0,0.0,20.38,122295,34.69,11.0,0.781
2024-07-16T23:36:09.000,41.5,21.37,0.0,0.0,20.38,122296,34.48,11.0,0.781
2024-07-16T23:42:10.000,41.41,21.03,0.0,0.0,20.38,122302,33.21,12.0,0.781
2024-07-16T23:43:10.000,41.38,21.24,0.0,0.0,20.38,122303,33.0,12.0,0.781
2024-07-16T23:44:10.000,41.36,21.38,0.0,0.0,20.38,122304,32.79,12.0,0.781
2024-07-16T23:51:12.000,41.47,21.81,0.0,0.0,20.38,122311,31.31,13.0,0.782
2024-07-16T23:52:12.000,41.39,21.26,0.0,0.0,20.38,122312,31.1,13.0,0.782
2024-07-16T23:53:12.000,41.32,21.38,0.0,0.0,20.38,122313,30.89,14.0,0.782
2024-07-16T23:55:12.000,41.33,21.21,0.0,0.0,20.38,122315,30.47,14.0,0.782
2024-07-16T23:56:13.000,41.24,21.1,0.0,0.0,20.38,122316,30.26,14.0,0.782
2024-07-16T23:57:13.000,41.2,20.92,0.0,0.0,20.38,122317,30.05,14.0,0.782
2024-07-17T00:07:15.000,40.76,21.08,0.0,0.0,20.38,122327,27.95,16.0,0.783
2024-07-17T00:08:15.000,40.85,21.42,0.0,0.0,20.38,122328,27.74,16.0,0.783
2024-07-17T00:09:15.000,40.94,21.39,0.0,0.0,20.38,122329,27.53,16.0,0.783
2024-07-17T00:17:17.000,41.12,21.23,0.0,0.0,20.38,122337,25.85,17.0,0.783
2024-07-17T00:18:17.000,41.08,21.06,0.0,0.0,20.38,122338,25.64,17.0,0.783
2024-07-17T00:19:17.000,41.02,21.03,0.0,0.0,20.38,122339,25.44,17.0,0.783
2024-07-17T00:20:17.000,40.99,20.89,0.0,0.0,20.38,122340,25.23,18.0,0.783
2024-07-17T00:21:18.000,40.97,21.0,0.0,0.0,20.38,122341,25.02,18.0,0.783
2024-07-17T00:23:18.000,40.95,21.02,0.0,0.0,20.38,122343,24.6,18.0,0.784
2024-07-17T00:24:18.000,41.0,21.22,0.0,0.0,20.38,122344,24.39,18.0,0.784
2024-07-17T00:25:18.000,41.06,21.34,0.0,0.0,20.38,122345,24.18,18.0,0.784
2024-07-17T00:26:19.000,41.03,21.09,0.0,0.0,20.38,122346,23.97,18.0,0.784
2024-07-17T00:53:21.000,39.87,20.44,0.0,0.0,20.38,122373,18.39,22.0,0.785
2024-07-17T00:54:22.000,39.89,20.42,0.0,0.0,20.38,122374,18.18,22.0,0.785
2024-07-17T00:55:22.000,39.88,20.32,0.0,0.0,20.38,122375,17.97,22.0,0.785
2024-07-17T01:11:25.000,39.77,19.93,0.0,0.0,20.38,122391,14.69,24.0,0.786
2024-07-17T01:12:25.000,39.7,19.9,0.0,0.0,20.38,122392,14.49,24.0,0.786
2024-07-17T01:13:25.000,39.61,19.68,0.0,0.0,20.38,122393,14.29,24.0,0.786
2024-07-17T01:17:26.000,39.33,19.63,0.0,0.0,20.38,122397,13.47,25.0,0.787
2024-07-17T01:18:26.000,39.31,19.74,0.0,0.0,20.38,122398,13.27,25.0,0.787
2024-07-17T01:22:27.000,39.16,19.77,0.0,0.0,20.38,122402,12.46,25.0,0.787
2024-07-17T01:23:27.000,39.24,20.05,0.0,0.0,20.38,122403,12.25,25.0,0.787
2024-07-17T01:24:28.000,39.27,19.74,0.0,0.0,20.38,122404,12.05,26.0,0.787
2024-07-17T01:28:28.000,39.17,19.89,0.0,0.0,20.38,122408,11.24,26.0,0.787
2024-07-17T01:29:29.000,39.15,19.78,0.0,0.0,20.38,122409,11.04,26.0,0.787
2024-07-17T01:31:29.000,39.05,19.62,0.0,0.0,20.38,122411,10.64,26.0,0.788
2024-07-17T01:32:29.000,39.03,19.61,0.0,0.0,20.38,122412,10.44,26.0,0.788
2024-07-17T01:33:29.000,38.98,19.5,0.0,0.0,20.38,122413,10.24,27.0,0.788
2024-07-17T01:55:34.000,38.29,19.09,0.0,0.0,20.38,122435,5.85,29.0,0.789
2024-07-17T01:56:34.000,38.25,18.8,0.0,0.0,20.38,122436,5.65,29.0,0.789
2024-07-17T01:57:35.000,38.19,18.89,0.0,0.0,20.38,122437,5.45,29.0,0.789
2024-07-17T02:00:35.000,38.21,18.94,0.25,0.09,20.38,122440,4.86,29.0,0.789
2024-07-17T02:09:36.000,37.91,18.43,0.0,0.0,20.38,122449,3.1,30.0,0.79
2024-07-17T02:10:36.000,37.86,18.39,0.0,0.0,20.38,122450,2.9,30.0,0.79
2024-07-17T02:11:36.000,37.8,18.22,0.0,0.0,20.38,122451,2.71,30.0,0.79
2024-07-17T02:19:38.000,37.65,18.25,0.0,0.0,20.38,122459,1.16,30.0,0.79
2024-07-17T02:20:38.000,37.63,18.22,0.0,0.0,20.38,122460,0.96,30.0,0.79
2024-07-17T02:21:38.000,37.65,18.22,0.0,0.0,20.38,122461,0.77,30.0,0.79
2024-07-17T02:23:44.000,37.65,18.17,0.0,0.0,20.38,122463,0.37,31.0,0.791
2024-07-17T02:24:44.000,37.61,18.08,0.0,0.0,20.38,122464,0.18,31.0,0.791
2024-07-17T02:25:45.000,37.58,18.05,0.0,0.0,20.38,122465,-0.02,31.0,0.791
2024-07-17T02:26:45.000,37.56,17.98,0.25,0.19,20.38,122466,-0.21,31.0,0.791
2024-07-17T02:27:45.000,37.54,17.93,0.0,0.0,20.38,122467,-0.4,31.0,0.791
2024-07-17T02:28:45.000,37.54,18.05,0.0,0.0,20.38,122468,-0.59,31.0,0.791
2024-07-17T02:29:45.000,37.55,17.96,0.0,0.0,20.38,122469,-0.78,31.0,0.791
2024-07-17T02:31:46.000,37.34,17.55,0.0,0.0,20.38,122471,-1.17,31.0,0.791
2024-07-17T02:32:46.000,37.23,17.48,21222.27,2.79,20.38,122472,-1.36,31.0,0.791
2024-07-17T02:33:46.000,37.18,17.64,58764.86,8.46,20.38,122473,-1.55,31.0,0.791
2024-07-17T02:34:46.000,37.14,17.64,52011.6,8.59,20.38,122474,-1.74,31.0,0.791
2024-07-17T02:35:47.000,37.1,17.51,45815.48,8.73,20.38,122475,-1.93,31.0,0.791
2024-07-17T02:36:47.000,37.02,17.49,39991.6,8.88,20.38,122476,-2.12,31.0,0.791
2024-07-17T02:38:47.000,36.97,17.5,29698.34,9.2,20.38,122478,-2.5,31.0,0.791
2024-07-17T02:40:48.000,36.96,17.58,21680.62,9.54,20.38,122480,-2.87,32.0,0.792
2024-07-17T02:41:48.000,36.96,17.53,18382.99,9.72,20.38,122481,-3.06,32.0,0.792
2024-07-17T02:42:48.000,36.93,17.48,15460.29,9.91,20.38,122482,-3.25,32.0,0.792
2024-07-17T02:43:48.000,36.86,17.21,12872.76,10.11,20.38,122483,-3.44,32.0,0.792
2024-07-17T02:44:49.000,36.8,17.39,10642.4,10.31,20.38,122484,-3.63,32.0,0.792
2024-07-17T02:45:49.000,36.77,17.33,8734.71,10.53,20.38,122485,-3.82,32.0,0.792
2024-07-17T02:46:49.000,36.76,17.43,7118.65,10.75,20.38,122486,-4.0,32.0,0.792
2024-07-17T02:47:49.000,36.76,17.35,5766.8,10.98,20.38,122487,-4.19,32.0,0.792
2024-07-17T02:48:49.000,36.73,17.41,4640.18,11.22,20.38,122488,-4.37,32.0,0.792
2024-07-17T02:49:50.000,36.72,17.37,3717.8,11.46,20.38,122489,-4.56,32.0,0.792
2024-07-17T02:50:50.000,36.78,17.5,2962.42,11.7,20.38,122490,-4.75,32.0,0.792
2024-07-17T02:51:50.000,36.78,17.42,2349.62,11.95,20.38,122491,-4.93,32.0,0.792
2024-07-17T02:52:50.000,36.77,17.33,1859.04,12.21,20.38,122492,-5.12,32.0,0.792
2024-07-17T02:53:51.000,36.78,17.43,1468.82,12.47,20.38,122493,-5.31,32.0,0.792
2024-07-17T02:54:51.000,36.72,17.15,1165.57,12.72,20.38,122494,-5.49,32.0,0.792
2024-07-17T02:55:51.000,36.68,17.26,928.0,12.96,20.38,122495,-5.68,32.0,0.792
2024-07-17T02:56:51.000,36.67,17.28,739.96,13.21,20.38,122496,-5.86,32.0,0.792
2024-07-17T02:57:51.000,36.67,17.31,591.09,13.45,20.38,122497,-6.05,32.0,0.792
2024-07-17T02:58:52.000,36.66,17.31,473.03,13.69,20.38,122498,-6.23,32.0,0.793
2024-07-17T02:59:52.000,36.67,17.35,379.44,13.93,20.38,122499,-6.42,32.0,0.793
2024-07-17T03:00:52.000,36.67,17.27,305.3,14.17,20.38,122500,-6.6,32.0,0.793
2024-07-17T03:01:52.000,36.66,17.28,246.43,14.4,20.38,122501,-6.78,32.0,0.793
2024-07-17T03:02:52.000,36.65,17.28,199.33,14.63,20.38,122502,-6.96,32.0,0.793
2024-07-17T03:03:53.000,36.66,17.33,161.8,14.86,20.38,122503,-7.15,32.0,0.793
2024-07-17T03:04:53.000,36.69,17.28,131.73,15.08,20.38,122504,-7.33,32.0,0.793
2024-07-17T03:05:53.000,36.68,17.2,107.87,15.3,20.38,122505,-7.51,32.0,0.793
2024-07-17T03:06:53.000,36.64,17.11,88.54,15.51,20.38,122506,-7.7,32.0,0.793
2024-07-17T03:09:54.000,36.61,16.99,49.72,16.14,20.38,122509,-8.24,33.0,0.793
2024-07-17T03:12:54.000,36.62,17.12,31.03,16.65,20.38,122512,-8.78,33.0,0.793
2024-07-17T03:13:54.000,36.6,16.94,26.59,16.82,20.38,122513,-8.96,33.0,0.793
2024-07-17T03:14:55.000,36.55,16.9,22.92,16.98,20.38,122514,-9.14,33.0,0.793
2024-07-17T03:15:55.000,36.5,16.8,19.85,17.14,20.38,122515,-9.32,33.0,0.794
2024-07-17T03:16:55.000,36.46,16.82,17.24,17.29,20.38,122516,-9.5,33.0,0.794
2024-07-17T03:17:55.000,36.43,16.8,15.09,17.43,20.38,122517,-9.68,33.0,0.794
2024-07-17T03:18:55.000,36.37,16.66,13.4,17.56,20.38,122518,-9.86,33.0,0.794
2024-07-17T03:19:55.000,36.35,16.72,11.75,17.71,20.38,122519,-10.03,33.0,0.794
2024-07-17T03:20:55.000,36.3,16.61,10.52,17.83,20.38,122520,-10.21,33.0,0.794
2024-07-17T03:22:56.000,36.2,16.67,8.58,18.05,20.38,122522,-10.57,33.0,0.794
2024-07-17T03:23:56.000,36.23,16.71,7.8,18.15,20.38,122523,-10.74,33.0,0.794
2024-07-17T03:24:56.000,36.24,16.79,7.13,18.25,20.38,122524,-10.92,33.0,0.794
2024-07-17T03:25:56.000,36.24,16.69,6.65,18.32,20.38,122525,-11.1,33.0,0.794
2024-07-17T03:26:57.000,36.24,16.7,6.11,18.42,20.38,122526,-11.27,33.0,0.794
2024-07-17T03:27:57.000,36.19,16.65,5.75,18.48,20.38,122527,-11.45,33.0,0.794
2024-07-17T03:28:57.000,36.16,16.68,5.45,18.54,20.38,122528,-11.62,33.0,0.794
2024-07-17T03:29:57.000,36.15,16.61,5.17,18.6,20.38,122529,-11.8,33.0,0.794
2024-07-17T03:30:58.000,36.11,16.58,4.94,18.65,20.38,122530,-11.98,33.0,0.794
2024-07-17T03:31:58.000,36.09,16.65,4.75,18.69,20.38,122531,-12.15,33.0,0.794
2024-07-17T03:32:58.000,36.08,16.62,4.59,18.73,20.38,122532,-12.32,33.0,0.795
2024-07-17T03:33:58.000,36.07,16.69,4.46,18.76,20.38,122533,-12.5,33.0,0.795
2024-07-17T03:34:58.000,36.08,16.75,4.34,18.79,20.38,122534,-12.67,33.0,0.795
2024-07-17T03:35:59.000,36.08,16.71,4.25,18.81,20.38,122535,-12.84,33.0,0.795
2024-07-17T03:36:59.000,36.08,16.78,4.16,18.83,20.38,122536,-13.02,33.0,0.795
2024-07-17T03:37:59.000,36.09,16.77,4.11,18.85,20.38,122537,-13.19,33.0,0.795
2024-07-17T03:38:59.000,36.07,16.67,4.06,18.86,20.38,122538,-13.36,33.0,0.795
2024-07-17T03:42:00.000,36.09,16.85,4.01,18.87,20.38,122541,-13.88,33.0,0.795
2024-07-17T03:43:00.000,36.07,16.76,4.0,18.88,20.38,122542,-14.05,33.0,0.795
2024-07-17T03:44:00.000,36.06,16.8,3.97,18.88,20.38,122543,-14.21,33.0,0.795
2024-07-17T03:45:01.000,36.05,16.78,3.93,18.89,20.38,122544,-14.39,33.0,0.795
2024-07-17T03:46:01.000,36.0,16.69,3.9,18.9,20.38,122545,-14.56,33.0,0.795
2024-07-17T03:47:01.000,35.97,16.82,3.95,18.89,20.38,122546,-14.72,33.0,0.795
2024-07-17T03:48:01.000,35.99,16.81,3.92,18.9,20.38,122547,-14.89,33.0,0.795
2024-07-17T03:52:02.000,36.07,16.93,4.24,18.81,20.38,122551,-15.56,33.0,0.796
2024-07-17T03:53:02.000,36.08,17.0,4.38,18.78,20.38,122552,-15.73,33.0,0.796
2024-07-17T03:54:02.000,36.1,17.03,4.51,18.74,20.38,122553,-15.9,33.0,0.796
2024-07-17T03:55:03.000,36.12,17.1,4.54,18.74,20.38,122554,-16.06,32.0,0.796
2024-07-17T03:56:03.000,36.13,16.99,4.15,18.83,20.38,122555,-16.23,32.0,0.796
2024-07-17T03:57:03.000,36.12,17.0,3.89,18.9,20.38,122556,-16.39,32.0,0.796
2024-07-17T03:58:03.000,36.14,16.97,3.85,18.92,20.38,122557,-16.56,32.0,0.796
2024-07-17T03:59:03.000,36.15,16.97,3.72,18.95,20.38,122558,-16.72,32.0,0.796
2024-07-17T04:00:04.000,36.16,16.94,3.59,18.99,20.38,122559,-16.89,32.0,0.796
2024-07-17T04:01:04.000,36.15,16.85,3.4,19.05,20.38,122560,-17.05,32.0,0.796
2024-07-17T04:02:04.000,36.11,16.77,3.55,19.0,20.38,122561,-17.21,32.0,0.796
2024-07-17T04:03:04.000,36.04,16.79,4.28,18.8,20.38,122562,-17.38,32.0,0.796
2024-07-17T04:04:05.000,35.98,16.87,4.43,18.76,20.38,122563,-17.54,32.0,0.796
2024-07-17T04:05:05.000,35.95,16.82,4.53,18.74,20.38,122564,-17.7,32.0,0.796
2024-07-17T04:06:05.000,35.94,16.82,4.38,18.78,20.38,122565,-17.86,32.0,0.796
2024-07-17T04:07:05.000,35.91,16.66,4.03,18.87,20.38,122566,-18.02,32.0,0.796
2024-07-17T04:08:07.000,35.85,16.6,3.89,18.91,20.38,122567,-18.19,32.0,0.797
2024-07-17T04:14:07.000,35.7,16.62,3.69,18.96,20.38,122573,-19.14,32.0,0.797
2024-07-17T04:15:08.000,35.7,16.65,3.74,18.95,20.38,122574,-19.3,32.0,0.797
2024-07-17T04:16:08.000,35.7,16.62,3.74,18.95,20.38,122575,-19.46,32.0,0.797
2024-07-17T04:20:09.000,35.62,16.71,3.7,18.96,20.38,122579,-20.08,32.0,0.797
2024-07-17T04:21:09.000,35.59,16.62,3.67,18.97,20.38,122580,-20.23,32.0,0.797
2024-07-17T04:22:09.000,35.57,16.68,3.64,18.98,20.38,122581,-20.39,32.0,0.797
2024-07-17T04:23:09.000,35.57,16.7,3.5,19.02,20.38,122582,-20.54,31.0,0.797
2024-07-17T04:24:10.000,35.57,16.69,3.35,19.07,20.38,122583,-20.7,31.0,0.797
2024-07-17T04:25:10.000,35.54,16.71,3.52,19.01,20.38,122584,-20.85,31.0,0.797
2024-07-17T04:26:10.000,35.55,16.72,3.47,19.03,20.38,122585,-21.0,31.0,0.798
2024-07-17T04:27:10.000,35.54,16.66,3.46,19.03,20.38,122586,-21.15,31.0,0.798
2024-07-17T04:28:10.000,35.54,16.78,3.43,19.04,20.38,122587,-21.3,31.0,0.798
2024-07-17T04:29:11.000,35.52,16.74,3.4,19.05,20.38,122588,-21.45,31.0,0.798
2024-07-17T04:30:11.000,35.5,16.84,2.99,19.19,20.38,122589,-21.6,31.0,0.798
2024-07-17T04:31:11.000,35.47,16.84,3.01,19.18,20.38,122590,-21.75,31.0,0.798
2024-07-17T04:32:11.000,35.47,17.0,3.21,19.11,20.38,122591,-21.9,31.0,0.798
2024-07-17T04:33:11.000,35.49,17.1,3.45,19.04,20.38,122592,-22.05,31.0,0.798
2024-07-17T04:34:12.000,35.49,17.12,3.61,18.99,20.38,122593,-22.2,31.0,0.798
2024-07-17T04:35:12.000,35.47,17.19,3.31,19.08,20.38,122594,-22.35,31.0,0.798
2024-07-17T04:36:12.000,35.45,17.32,3.83,18.92,20.38,122595,-22.49,31.0,0.798
2024-07-17T04:37:12.000,35.46,17.58,3.98,18.88,20.38,122596,-22.64,31.0,0.798
2024-07-17T04:38:13.000,35.44,17.74,4.36,18.78,20.38,122597,-22.79,31.0,0.798
