Downloads/jupyter/ECSV/stars19/stars19_2024-08.ecsv
# %ECSV 1.0
# ---
# datatype:
# - {name: time, datatype: string}
# - {name: Enclosure Temperature, unit: deg_C, datatype: float64}
# - {name: Sky Temperature, unit: deg_C, datatype: float64}
# - {name: Frequency, unit: Hz, datatype: float64}
# - {name: MSAS, unit: mag / arcsec2, datatype: float64}
# - {name: ZP, datatype: float64}
# - {name: Sequence Number, datatype: int64}
# - {name: Sun Alt, unit: deg, datatype: float64}
# - {name: Moon Alt, unit: deg, datatype: float64}
# - {name: Moon Illumination, datatype: float64}
# delimiter: ','
# meta: !!omap
# - ida:
#     Data supplier: {affiliation: null, observer: null}
#     Device type: TESS-W
#     Field of view: 17.0
#     Filters per channel: None
#     Instrument ID: stars19
#     License: ODbL 1.0 http://opendatacommons.org/licenses/odbl/summary/
#     Local timezone: America/Phoenix
#     Location name: {country: United States, place: Tucson, region: Arizona, sub_region: Pima County, town: Tucson}
#     Measurement direction per channel: {azimuth: 0.0, zenital: 0.0}
#     Moving / Fixed look direction: FIXED
#     Moving / Stationary position: STATIONARY
#     Number of channels: 1
#     Number of fields per line: 8
#     Number of header lines: 35
#     Position: {height: 0.0, latitude: 32.223877, longitude: -110.767532}
#     TESS MAC address: 18:FE:34:CF:EC:06
#     TESS cover offset value: 0.0
#     TESS firmware version: '1.0'
#     TESS zero point: 20.38
#     Time Synchronization: timestamp added by MQTT subscriber
#     URL: http://www.darksky.org/NSBM/sdf1.0.pdf
# - __serialized_columns__:
#     Enclosure Temperature:
#       __class__: astropy.units.quantity.Quantity
#       unit: &id001 !astropy.units.Unit {unit: deg_C}
#       value: !astropy.table.SerializedColumn {name: Enclosure Temperature}
#     Frequency:
#       __class__: astropy.units.quantity.Quantity
#       unit: !astropy.units.Unit {unit: Hz}
#       value: !astropy.table.SerializedColumn {name: Frequency}
#     MSAS:
#       __class__: astropy.units.quantity.Quantity
#       unit: !astropy.units.Unit {unit: mag / arcsec2}
#       value: !astropy.table.SerializedColumn {name: MSAS}
#     Moon Alt:
#       __class__: astropy.units.quantity.Quantity
#       unit: &id002 !astropy.units.Unit {unit: deg}
#       value: !astropy.table.SerializedColumn {name: Moon Alt}
#     Sky Temperature:
#       __class__: astropy.units.quantity.Quantity
#       unit: *id001
#       value: !astropy.table.SerializedColumn {name: Sky Temperature}
#     Sun Alt:
#       __class__: astropy.units.quantity.Quantity
#       unit: *id002
#       value: !astropy.table.SerializedColumn {name: Sun Alt}
#     time:
#       __class__: astropy.time.core.Time
#       format: isot
#       in_subfmt: '*'
#       out_subfmt: '*'
#       precision: 3
#       scale: utc
#       value: !astropy.table.SerializedColumn {name: time}
# schema: astropy-2.0
time,Enclosure Temperature,Sky Temperature,Frequency,MSAS,ZP,Sequence Number,Sun Alt,Moon Alt,Moon Illumination
[from data line 7275]
2024-08-10T15:43:05.000,35.14,21.71,0.0,0.0,20.38,157683,36.38,-32.0,0.315
2024-08-10T15:46:06.000,35.31,22.05,0.0,0.0,20.38,157686,37.01,-31.0,0.315
2024-08-10T15:47:06.000,35.42,21.98,0.0,0.0,20.38,157687,37.22,-31.0,0.315
2024-08-10T15:48:06.000,35.48,22.03,0.0,0.0,20.38,157688,37.43,-31.0,0.315
2024-08-10T15:49:07.000,35.56,22.1,0.0,0.0,20.38,157689,37.65,-31.0,0.315
2024-08-10T15:50:07.000,35.6,21.99,0.0,0.0,20.38,157690,37.86,-30.0,0.315
2024-08-10T15:51:07.000,35.66,22.11,0.0,0.0,20.38,157691,38.07,-30.0,0.315
2024-08-10T15:53:07.000,35.79,22.08,0.0,0.0,20.38,157693,38.49,-30.0,0.316
2024-08-10T15:54:08.000,35.74,21.93,0.0,0.0,20.38,157694,38.7,-30.0,0.316
2024-08-10T15:55:08.000,35.88,22.61,0.0,0.0,20.38,157695,38.91,-29.0,0.316
2024-08-10T15:56:08.000,36.19,23.44,0.0,0.0,20.38,157696,39.12,-29.0,0.316
2024-08-10T15:58:08.000,37.43,25.99,0.0,0.0,20.38,157698,39.54,-29.0,0.316
2024-08-10T15:59:09.000,38.15,25.98,0.0,0.0,20.38,157699,39.76,-29.0,0.316
2024-08-10T16:00:09.000,38.66,25.81,0.0,0.0,20.38,157700,39.97,-28.0,0.316
2024-08-10T16:01:09.000,39.11,25.93,0.0,0.0,20.38,157701,40.18,-28.0,0.316
2024-08-10T16:02:09.000,39.61,26.2,0.0,0.0,20.38,157702,40.39,-28.0,0.316
2024-08-10T16:04:10.000,40.44,25.91,0.0,0.0,20.38,157704,40.81,-28.0,0.316
2024-08-10T16:05:10.000,40.66,25.86,0.0,0.0,20.38,157705,41.02,-27.0,0.316
2024-08-10T16:06:10.000,41.17,26.26,0.0,0.0,20.38,157706,41.23,-27.0,0.316
2024-08-10T16:08:11.000,42.14,27.03,0.0,0.0,20.38,157708,41.65,-27.0,0.316
2024-08-10T16:09:11.000,42.66,26.96,0.0,0.0,20.38,157709,41.86,-27.0,0.317
2024-08-10T16:10:11.000,42.91,26.51,0.0,0.0,20.38,157710,42.07,-26.0,0.317
2024-08-10T16:14:12.000,43.51,25.99,0.0,0.0,20.38,157714,42.91,-26.0,0.317
2024-08-10T16:15:12.000,43.53,25.99,0.0,0.0,20.38,157715,43.12,-25.0,0.317
2024-08-10T16:16:12.000,43.95,26.87,0.0,0.0,20.38,157716,43.33,-25.0,0.317
2024-08-10T16:18:13.000,44.23,26.83,0.0,0.0,20.38,157718,43.75,-25.0,0.317
2024-08-10T16:19:13.000,44.28,25.78,0.0,0.0,20.38,157719,43.95,-25.0,0.317
2024-08-10T16:20:13.000,44.53,26.75,0.0,0.0,20.38,157720,44.16,-24.0,0.317
2024-08-10T16:21:13.000,44.87,26.89,0.0,0.0,20.38,157721,44.37,-24.0,0.317
2024-08-10T16:28:15.000,45.1,27.07,0.0,0.0,20.38,157728,45.83,-23.0,0.318
2024-08-10T16:29:15.000,45.45,27.42,0.0,0.0,20.38,157729,46.04,-23.0,0.318
2024-08-10T16:30:15.000,45.79,27.57,0.0,0.0,20.38,157730,46.24,-22.0,0.318
2024-08-10T16:31:15.000,45.94,27.0,0.0,0.0,20.38,157731,46.45,-22.0,0.318
2024-08-10T16:32:16.000,45.96,27.17,0.0,0.0,20.38,157732,46.66,-22.0,0.318
2024-08-10T16:39:17.000,46.51,28.07,0.0,0.0,20.38,157739,48.1,-21.0,0.318
2024-08-10T16:41:18.000,47.18,27.71,0.0,0.0,20.38,157741,48.52,-20.0,0.318
2024-08-10T16:47:18.000,48.79,28.72,0.0,0.0,20.38,157747,49.75,-19.0,0.319
2024-08-10T16:48:19.000,49.13,28.79,0.0,0.0,20.38,157748,49.95,-19.0,0.319
2024-08-10T16:49:19.000,49.28,28.79,0.0,0.0,20.38,157749,50.16,-18.0,0.319
2024-08-10T16:55:20.000,50.0,27.74,0.0,0.0,20.38,157755,51.38,-17.0,0.319
2024-08-10T16:56:20.000,50.12,29.02,0.0,0.0,20.38,157756,51.58,-17.0,0.319
2024-08-10T16:57:21.000,50.43,29.42,0.0,0.0,20.38,157757,51.79,-17.0,0.319
2024-08-10T16:59:21.000,51.08,29.54,0.0,0.0,20.38,157759,52.19,-16.0,0.32
2024-08-10T17:00:21.000,51.11,29.11,0.0,0.0,20.38,157760,52.39,-16.0,0.32
2024-08-10T17:01:21.000,51.26,29.59,0.0,0.0,20.38,157761,52.59,-16.0,0.32
2024-08-10T17:13:24.000,52.18,30.14,0.0,0.0,20.38,157773,54.99,-14.0,0.32
2024-08-10T17:14:24.000,52.28,29.7,0.0,0.0,20.38,157774,55.19,-13.0,0.321
2024-08-10T17:15:24.000,52.38,29.65,0.0,0.0,20.38,157775,55.39,-13.0,0.321
2024-08-10T17:17:27.000,51.83,28.96,0.0,0.0,20.38,157777,55.79,-13.0,0.321
2024-08-10T17:21:28.000,51.3,28.55,0.0,0.0,20.38,157781,56.57,-12.0,0.321
2024-08-10T17:22:28.000,51.49,28.98,0.0,0.0,20.38,157782,56.77,-12.0,0.321
2024-08-10T17:23:28.000,51.47,28.63,0.0,0.0,20.38,157783,56.96,-12.0,0.321
2024-08-10T18:22:41.000,48.24,31.46,0.0,0.0,20.38,157842,67.39,0.0,0.325
2024-08-10T18:23:41.000,48.88,31.49,0.0,0.0,20.38,157843,67.54,0.0,0.325
2024-08-10T18:24:41.000,49.51,31.37,0.0,0.0,20.38,157844,67.69,1.0,0.325
2024-08-10T18:30:42.000,48.15,24.1,0.0,0.0,20.38,157850,68.55,2.0,0.325
2024-08-10T18:31:42.000,47.35,24.47,0.0,0.0,20.38,157851,68.69,2.0,0.325
2024-08-10T18:32:43.000,46.95,26.19,0.0,0.0,20.38,157852,68.83,2.0,0.325
2024-08-10T18:38:44.000,49.64,30.87,0.0,0.0,20.38,157858,69.62,3.0,0.326
2024-08-10T18:39:44.000,50.11,29.77,0.0,0.0,20.38,157859,69.74,4.0,0.326
2024-08-10T18:40:46.000,50.74,30.63,0.0,0.0,20.38,157860,69.87,4.0,0.326
2024-08-10T18:42:46.000,51.6,30.38,0.0,0.0,20.38,157862,70.11,4.0,0.326
2024-08-10T18:43:46.000,51.8,30.13,0.0,0.0,20.38,157863,70.22,4.0,0.326
2024-08-10T18:44:47.000,51.56,27.58,0.0,0.0,20.38,157864,70.34,5.0,0.326
2024-08-10T19:00:50.000,51.67,29.29,0.0,0.0,20.38,157880,71.9,8.0,0.327
2024-08-10T19:01:51.000,51.82,27.79,0.0,0.0,20.38,157881,71.98,8.0,0.327
2024-08-10T19:02:51.000,51.19,25.98,0.0,0.0,20.38,157882,72.05,8.0,0.327
2024-08-10T19:05:51.000,52.46,29.86,0.0,0.0,20.38,157885,72.26,9.0,0.327
2024-08-10T19:08:51.000,53.29,32.27,0.0,0.0,20.38,157888,72.45,9.0,0.328
2024-08-10T19:11:52.000,52.2,28.26,0.0,0.0,20.38,157891,72.61,10.0,0.328
2024-08-10T19:12:52.000,52.08,28.52,0.0,0.0,20.38,157892,72.65,10.0,0.328
2024-08-10T19:13:52.000,51.65,27.11,0.0,0.0,20.38,157893,72.7,10.0,0.328
2024-08-10T19:17:54.000,51.71,33.1,0.0,0.0,20.38,157897,72.85,11.0,0.328
2024-08-10T19:18:54.000,52.48,32.89,0.0,0.0,20.38,157898,72.88,11.0,0.328
2024-08-10T19:19:54.000,52.81,31.57,0.0,0.0,20.38,157899,72.91,11.0,0.328
2024-08-10T19:26:56.000,50.26,26.64,0.0,0.0,20.38,157906,73.01,13.0,0.329
2024-08-10T19:27:56.000,49.85,27.33,0.0,0.0,20.38,157907,73.01,13.0,0.329
2024-08-10T19:28:57.000,49.47,27.11,0.0,0.0,20.38,157908,73.01,13.0,0.329
2024-08-10T19:33:58.000,47.39,26.76,0.0,0.0,20.38,157913,72.96,14.0,0.329
2024-08-10T19:34:58.000,47.17,26.81,0.0,0.0,20.38,157914,72.94,14.0,0.329
2024-08-10T19:35:58.000,46.87,26.73,0.0,0.0,20.38,157915,72.92,14.0,0.329
2024-08-10T19:38:59.000,47.83,30.16,0.0,0.0,20.38,157918,72.84,15.0,0.329
2024-08-10T19:39:59.000,47.66,27.59,0.0,0.0,20.38,157919,72.8,15.0,0.33
2024-08-10T19:40:59.000,47.51,27.77,0.0,0.0,20.38,157920,72.77,15.0,0.33
2024-08-10T19:41:59.000,47.37,28.03,0.0,0.0,20.38,157921,72.73,15.0,0.33
2024-08-10T19:52:01.000,50.16,32.58,0.0,0.0,20.38,157931,72.17,17.0,0.33
2024-08-10T19:53:01.000,50.62,32.29,0.0,0.0,20.38,157932,72.1,17.0,0.33
2024-08-10T19:54:01.000,51.12,30.25,0.0,0.0,20.38,157933,72.03,17.0,0.33
2024-08-10T20:30:09.000,45.71,28.45,0.0,0.0,20.38,157969,67.94,24.0,0.333
2024-08-10T20:31:09.000,45.83,27.33,0.0,0.0,20.38,157970,67.79,24.0,0.333
2024-08-10T20:32:09.000,45.77,26.8,0.0,0.0,20.38,157971,67.64,24.0,0.333
2024-08-10T20:38:10.000,47.45,31.59,0.0,0.0,20.38,157977,66.73,25.0,0.333
2024-08-10T20:39:10.000,48.28,31.69,0.0,0.0,20.38,157978,66.58,25.0,0.333
2024-08-10T20:41:10.000,47.89,27.25,0.0,0.0,20.38,157980,66.26,25.0,0.333
2024-08-10T20:42:10.000,48.2,31.01,0.0,0.0,20.38,157981,66.1,26.0,0.333
2024-08-10T20:43:11.000,48.72,30.83,0.0,0.0,20.38,157982,65.94,26.0,0.333
2024-08-10T20:48:12.000,47.58,26.69,0.0,0.0,20.38,157987,65.12,27.0,0.334
2024-08-10T20:49:12.000,47.25,26.44,0.0,0.0,20.38,157988,64.95,27.0,0.334
2024-08-10T20:50:13.000,46.84,26.57,0.0,0.0,20.38,157989,64.78,27.0,0.334
2024-08-10T20:53:13.000,46.15,27.09,0.0,0.0,20.38,157992,64.28,27.0,0.334
2024-08-10T20:59:14.000,44.92,26.62,0.0,0.0,20.38,157998,63.24,28.0,0.334
2024-08-10T21:00:14.000,44.52,26.0,0.0,0.0,20.38,157999,63.06,29.0,0.335
2024-08-10T21:01:14.000,43.87,25.46,0.0,0.0,20.38,158000,62.88,29.0,0.335
2024-08-10T21:02:14.000,42.93,24.62,0.0,0.0,20.38,158001,62.71,29.0,0.335
2024-08-10T21:04:15.000,42.15,24.19,0.0,0.0,20.38,158003,62.35,29.0,0.335
2024-08-10T21:05:15.000,41.66,23.32,0.0,0.0,20.38,158004,62.17,29.0,0.335
2024-08-10T21:06:15.000,40.98,23.36,0.0,0.0,20.38,158005,61.99,29.0,0.335
2024-08-10T21:08:16.000,39.5,25.01,0.0,0.0,20.38,158007,61.62,30.0,0.335
2024-08-10T21:09:16.000,39.24,23.68,0.0,0.0,20.38,158008,61.44,30.0,0.335
2024-08-10T21:10:16.000,36.14,14.75,0.0,0.0,20.38,158009,61.26,30.0,0.335
2024-08-10T21:11:16.000,34.32,17.64,0.0,0.0,20.38,158010,61.08,30.0,0.335
2024-08-10T21:12:16.000,33.85,19.86,0.0,0.0,20.38,158011,60.89,30.0,0.335
2024-08-10T21:13:17.000,33.41,20.5,0.0,0.0,20.38,158012,60.7,30.0,0.335
2024-08-10T21:20:17.000,36.78,26.36,0.0,0.0,20.38,158019,59.4,31.0,0.336
2024-08-10T21:21:18.000,37.58,25.92,0.0,0.0,20.38,158020,59.21,32.0,0.336
2024-08-10T21:22:18.000,38.03,26.26,0.0,0.0,20.38,158021,59.02,32.0,0.336
2024-08-10T21:43:23.000,31.44,17.49,0.0,0.0,20.38,158042,54.93,35.0,0.337
2024-08-10T21:44:23.000,29.62,16.2,0.0,0.0,20.38,158043,54.74,35.0,0.337
2024-08-10T21:45:23.000,28.57,16.58,0.0,0.0,20.38,158044,54.54,35.0,0.337
2024-08-10T21:55:25.000,27.16,19.76,0.0,0.0,20.38,158054,52.53,36.0,0.338
2024-08-10T21:56:25.000,27.37,19.52,0.0,0.0,20.38,158055,52.33,36.0,0.338
2024-08-10T21:57:25.000,27.43,19.45,0.0,0.0,20.38,158056,52.13,36.0,0.338
2024-08-10T21:59:26.000,27.8,19.77,0.0,0.0,20.38,158058,51.73,37.0,0.338
2024-08-10T22:00:26.000,27.48,18.86,0.0,0.0,20.38,158059,51.52,37.0,0.338
2024-08-10T22:01:27.000,27.73,19.44,0.0,0.0,20.38,158060,51.32,37.0,0.338
2024-08-10T22:03:28.000,28.76,19.87,0.0,0.0,20.38,158062,50.91,37.0,0.338
2024-08-10T22:04:28.000,29.05,19.65,0.0,0.0,20.38,158063,50.71,37.0,0.339
2024-08-10T22:05:28.000,29.96,21.47,0.0,0.0,20.38,158064,50.5,37.0,0.339
2024-08-10T22:06:28.000,31.05,22.62,0.0,0.0,20.38,158065,50.3,37.0,0.339
2024-08-10T22:07:28.000,31.75,22.34,0.0,0.0,20.38,158066,50.1,37.0,0.339
2024-08-10T22:11:29.000,33.42,22.94,0.0,0.0,20.38,158070,49.28,38.0,0.339
2024-08-10T22:12:29.000,33.75,22.94,0.0,0.0,20.38,158071,49.07,38.0,0.339
2024-08-10T22:13:30.000,34.08,22.99,0.0,0.0,20.38,158072,48.86,38.0,0.339
2024-08-10T22:57:46.000,37.54,22.92,0.0,0.0,20.38,158116,39.66,42.0,0.342
2024-08-10T22:58:46.000,37.46,22.38,0.0,0.0,20.38,158117,39.45,42.0,0.342
2024-08-10T22:59:46.000,37.41,22.56,0.0,0.0,20.38,158118,39.24,42.0,0.342
2024-08-10T23:01:47.000,37.44,22.59,0.0,0.0,20.38,158120,38.82,42.0,0.342
2024-08-10T23:03:47.000,37.89,23.08,0.0,0.0,20.38,158122,38.39,42.0,0.342
2024-08-10T23:04:48.000,38.12,22.83,0.0,0.0,20.38,158123,38.18,42.0,0.342
2024-08-10T23:05:48.000,38.29,22.63,0.0,0.0,20.38,158124,37.97,42.0,0.342
2024-08-10T23:06:48.000,38.31,21.96,0.0,0.0,20.38,158125,37.76,42.0,0.342
2024-08-10T23:08:48.000,38.64,21.48,0.0,0.0,20.38,158127,37.34,42.0,0.343
2024-08-10T23:09:49.000,38.59,20.88,0.0,0.0,20.38,158128,37.12,43.0,0.343
2024-08-10T23:10:49.000,38.54,20.44,0.0,0.0,20.38,158129,36.91,43.0,0.343
2024-08-10T23:11:49.000,38.38,19.99,0.0,0.0,20.38,158130,36.7,43.0,0.343
2024-08-10T23:12:49.000,38.34,19.62,0.0,0.0,20.38,158131,36.49,43.0,0.343
2024-08-10T23:13:49.000,38.34,20.05,0.0,0.0,20.38,158132,36.28,43.0,0.343
2024-08-10T23:16:50.000,38.4,19.41,0.0,0.0,20.38,158135,35.64,43.0,0.343
2024-08-10T23:17:50.000,38.41,19.83,0.0,0.0,20.38,158136,35.43,43.0,0.343
2024-08-10T23:18:50.000,38.41,19.66,0.0,0.0,20.38,158137,35.22,43.0,0.343
2024-08-10T23:19:50.000,38.37,19.93,0.0,0.0,20.38,158138,35.01,43.0,0.343
2024-08-10T23:20:50.000,38.59,20.82,0.0,0.0,20.38,158139,34.8,43.0,0.343
2024-08-10T23:26:52.000,39.36,21.22,0.0,0.0,20.38,158145,33.52,43.0,0.344
2024-08-10T23:27:52.000,39.38,20.95,0.0,0.0,20.38,158146,33.31,43.0,0.344
2024-08-10T23:28:53.000,39.32,20.71,0.0,0.0,20.38,158147,33.1,43.0,0.344
2024-08-10T23:45:56.000,39.92,23.74,0.0,0.0,20.38,158164,29.49,44.0,0.345
2024-08-10T23:46:56.000,39.99,24.38,0.0,0.0,20.38,158165,29.28,44.0,0.345
2024-08-10T23:47:57.000,40.02,25.02,0.0,0.0,20.38,158166,29.06,44.0,0.345
2024-08-10T23:49:57.000,40.13,25.58,0.0,0.0,20.38,158168,28.64,44.0,0.345
2024-08-10T23:50:58.000,40.12,25.53,0.0,0.0,20.38,158169,28.43,44.0,0.345
2024-08-10T23:51:58.000,40.1,25.51,0.0,0.0,20.38,158170,28.21,44.0,0.345
2024-08-11T00:19:04.000,40.13,24.15,0.0,0.0,20.38,158197,22.49,43.0,0.347
2024-08-11T00:20:04.000,39.9,23.7,0.0,0.0,20.38,158198,22.27,43.0,0.347
2024-08-11T00:21:04.000,39.68,24.06,0.0,0.0,20.38,158199,22.06,43.0,0.347
2024-08-11T00:28:05.000,40.0,24.41,0.0,0.0,20.38,158206,20.58,43.0,0.348
2024-08-11T00:29:06.000,40.03,24.32,0.0,0.0,20.38,158207,20.37,43.0,0.348
2024-08-11T00:30:06.000,40.03,24.0,0.0,0.0,20.38,158208,20.16,43.0,0.348
2024-08-11T00:45:09.000,38.86,22.52,0.0,0.0,20.38,158223,17.0,42.0,0.349
2024-08-11T00:46:09.000,38.88,22.68,0.0,0.0,20.38,158224,16.79,42.0,0.349
2024-08-11T00:47:09.000,38.84,22.62,0.0,0.0,20.38,158225,16.58,42.0,0.349
2024-08-11T00:49:10.000,38.8,22.64,0.0,0.0,20.38,158227,16.15,42.0,0.349
2024-08-11T00:50:10.000,38.77,22.93,0.0,0.0,20.38,158228,15.94,42.0,0.349
2024-08-11T00:51:10.000,38.8,23.18,0.0,0.0,20.38,158229,15.73,41.0,0.349
2024-08-11T01:13:15.000,37.02,19.94,0.0,0.0,20.38,158251,11.13,40.0,0.35
2024-08-11T01:14:16.000,36.78,19.59,0.0,0.0,20.38,158252,10.92,40.0,0.35
2024-08-11T01:15:16.000,36.53,19.06,0.0,0.0,20.38,158253,10.71,40.0,0.351
2024-08-11T01:17:16.000,36.08,18.53,0.0,0.0,20.38,158255,10.29,39.0,0.351
2024-08-11T01:18:16.000,35.91,18.39,0.0,0.0,20.38,158256,10.09,39.0,0.351
2024-08-11T01:19:17.000,35.75,18.31,0.0,0.0,20.38,158257,9.88,39.0,0.351
2024-08-11T01:23:18.000,35.2,17.79,0.0,0.0,20.38,158261,9.04,39.0,0.351
2024-08-11T01:24:18.000,35.18,17.6,0.0,0.0,20.38,158262,8.84,39.0,0.351
2024-08-11T01:25:18.000,35.02,16.9,0.0,0.0,20.38,158263,8.63,39.0,0.351
2024-08-11T01:32:19.000,34.06,17.02,0.0,0.0,20.38,158270,7.18,38.0,0.352
2024-08-11T01:34:19.000,33.87,16.49,0.0,0.0,20.38,158272,6.77,38.0,0.352
2024-08-11T01:35:20.000,33.81,16.58,0.0,0.0,20.38,158273,6.56,37.0,0.352
2024-08-11T01:36:20.000,33.78,16.43,0.0,0.0,20.38,158274,6.36,37.0,0.352
2024-08-11T01:48:21.000,33.15,15.48,0.0,0.0,20.38,158286,3.9,36.0,0.353
2024-08-11T01:49:21.000,33.13,15.4,0.0,0.0,20.38,158287,3.69,36.0,0.353
2024-08-11T01:50:22.000,33.08,15.27,0.0,0.0,20.38,158288,3.49,36.0,0.353
2024-08-11T01:51:22.000,33.0,15.15,0.0,0.0,20.38,158289,3.28,36.0,0.353
2024-08-11T01:52:22.000,32.95,15.21,0.0,0.0,20.38,158290,3.08,36.0,0.353
2024-08-11T01:53:22.000,32.94,15.16,0.0,0.0,20.38,158291,2.88,35.0,0.353
2024-08-11T01:56:23.000,32.77,15.09,0.0,0.0,20.38,158294,2.26,35.0,0.353
2024-08-11T01:57:23.000,32.7,14.94,0.31,0.17,20.38,158295,2.06,35.0,0.353
2024-08-11T01:58:23.000,32.65,15.04,0.0,0.0,20.38,158296,1.86,35.0,0.353
2024-08-11T01:59:23.000,32.62,15.07,0.0,0.0,20.38,158297,1.66,35.0,0.353
2024-08-11T02:00:24.000,32.58,15.03,0.0,0.0,20.38,158298,1.45,35.0,0.353
2024-08-11T02:01:24.000,32.53,14.96,0.36,0.18,20.38,158299,1.25,34.0,0.353
2024-08-11T02:02:24.000,32.49,14.89,0.0,0.0,20.38,158300,1.05,34.0,0.354
2024-08-11T02:03:24.000,32.48,14.91,0.0,0.0,20.38,158301,0.84,34.0,0.354
2024-08-11T02:04:25.000,32.45,14.8,0.0,0.0,20.38,158302,0.64,34.0,0.354
2024-08-11T02:06:25.000,32.39,14.73,0.0,0.0,20.38,158304,0.24,34.0,0.354
2024-08-11T02:07:25.000,32.36,14.62,0.0,0.0,20.38,158305,0.03,34.0,0.354
2024-08-11T02:08:25.000,32.34,14.7,0.0,0.0,20.38,158306,-0.17,33.0,0.354
2024-08-11T02:09:26.000,32.31,14.53,26210.96,3.44,20.38,158307,-0.37,33.0,0.354
2024-08-11T02:10:26.000,32.27,14.51,59619.91,8.44,20.38,158308,-0.57,33.0,0.354
2024-08-11T02:11:26.000,32.22,14.42,54063.21,8.55,20.38,158309,-0.77,33.0,0.354
2024-08-11T02:12:26.000,32.22,14.59,48813.2,8.66,20.38,158310,-0.97,33.0,0.354
2024-08-11T02:13:26.000,32.23,14.55,43860.79,8.78,20.38,158311,-1.17,33.0,0.354
2024-08-11T02:14:27.000,32.2,14.46,39229.73,8.9,20.38,158312,-1.38,33.0,0.354
2024-08-11T02:15:27.000,32.17,14.34,34504.35,9.12,20.38,158313,-1.58,33.0,0.354
2024-08-11T02:16:27.000,32.08,14.15,30868.87,9.16,20.38,158314,-1.78,32.0,0.354
2024-08-11T02:19:27.000,31.99,14.31,20595.37,9.6,20.38,158317,-2.38,32.0,0.355
2024-08-11T02:20:28.000,31.96,14.25,17668.4,9.76,20.38,158318,-2.58,32.0,0.355
2024-08-11T02:21:28.000,31.94,14.29,14890.34,9.95,20.38,158319,-2.78,32.0,0.355
