Downloads/jupyter/ECSV/stars19/stars19_2023-11.ecsv
# %ECSV 1.0
# ---
# datatype:
# - {name: time, datatype: string}
# - {name: Enclosure Temperature, unit: deg_C, datatype: float64}
# - {name: Sky Temperature, unit: deg_C, datatype: float64}
# - {name: Frequency, unit: Hz, datatype: float64}
# - {name: MSAS, unit: mag / arcsec2, datatype: float64}
# - {name: ZP, datatype: float64}
# - {name: Sequence Number, datatype: int64}
# - {name: Sun Alt, unit: deg, datatype: float64}
# - {name: Moon Alt, unit: deg, datatype: float64}
# - {name: Moon Illumination, datatype: float64}
# delimiter: ','
# meta: !!omap
# - ida:
#     Data supplier: {affiliation: null, observer: null}
#     Device type: TESS-W
#     Field of view: 17.0
#     Filters per channel: None
#     Instrument ID: stars19
#     License: ODbL 1.0 http://opendatacommons.org/licenses/odbl/summary/
#     Local timezone: America/Phoenix
#     Location name: {country: '- Tucson', place: Tucson, region: United States, sub_region: Arizona, town: Pima County}
#     Measurement direction per channel: {azimuth: 0.0, zenital: 0.0}
#     Moving / Fixed look direction: FIXED
#     Moving / Stationary position: STATIONARY
#     Number of channels: 1
#     Number of fields per line: 8
#     Number of header lines: 35
#     Position: {height: 0.0, latitude: 32.223877, longitude: -110.767532}
#     TESS MAC address: 18:FE:34:CF:EC:06
#     TESS cover offset value: 0.0
#     TESS firmware version: '1.0'
#     TESS zero point: 20.38
#     Time Synchronization: timestamp added by MQTT subscriber
#     URL: http://www.darksky.org/NSBM/sdf1.0.pdf
# - __serialized_columns__:
#     Enclosure Temperature:
#       __class__: astropy.units.quantity.Quantity
#       unit: &id001 !astropy.units.Unit {unit: deg_C}
#       value: !astropy.table.SerializedColumn {name: Enclosure Temperature}
#     Frequency:
#       __class__: astropy.units.quantity.Quantity
#       unit: !astropy.units.Unit {unit: Hz}
#       value: !astropy.table.SerializedColumn {name: Frequency}
#     MSAS:
#       __class__: astropy.units.quantity.Quantity
#       unit: !astropy.units.Unit {unit: mag / arcsec2}
#       value: !astropy.table.SerializedColumn {name: MSAS}
#     Moon Alt:
#       __class__: astropy.units.quantity.Quantity
#       unit: &id002 !astropy.units.Unit {unit: deg}
#       value: !astropy.table.SerializedColumn {name: Moon Alt}
#     Sky Temperature:
#       __class__: astropy.units.quantity.Quantity
#       unit: *id001
#       value: !astropy.table.SerializedColumn {name: Sky Temperature}
#     Sun Alt:
#       __class__: astropy.units.quantity.Quantity
#       unit: *id002
#       value: !astropy.table.SerializedColumn {name: Sun Alt}
#     time:
#       __class__: astropy.time.core.Time
#       format: isot
#       in_subfmt: '*'
#       out_subfmt: '*'
#       precision: 3
#       scale: utc
#       value: !astropy.table.SerializedColumn {name: time}
# schema: astropy-2.0
time,Enclosure Temperature,Sky Temperature,Frequency,MSAS,ZP,Sequence Number,Sun Alt,Moon Alt,Moon Illumination
[from data line 7605]
2023-11-09T12:50:11.000,11.42,-12.98,1.86,19.7,20.38,57065,-12.34,31.0,0.144
2023-11-09T12:51:11.000,11.37,-13.15,1.98,19.64,20.38,57066,-12.13,31.0,0.144
2023-11-09T12:52:13.000,11.35,-12.98,2.12,19.56,20.38,57067,-11.92,31.0,0.144
2023-11-09T12:53:13.000,11.3,-13.24,2.3,19.48,20.38,57068,-11.71,31.0,0.144
2023-11-09T12:54:13.000,11.26,-13.1,2.53,19.37,20.38,57069,-11.5,31.0,0.144
2023-11-09T12:55:14.000,11.28,-13.09,2.78,19.27,20.38,57070,-11.29,32.0,0.144
2023-11-09T12:56:14.000,11.24,-13.28,3.1,19.15,20.38,57071,-11.09,32.0,0.144
2023-11-09T12:57:14.000,11.19,-13.28,3.49,19.02,20.38,57072,-10.88,32.0,0.144
2023-11-09T12:58:15.000,11.16,-13.21,3.96,18.89,20.38,57073,-10.67,32.0,0.144
2023-11-09T12:59:15.000,11.15,-13.19,4.53,18.74,20.38,57074,-10.47,32.0,0.144
2023-11-09T13:00:15.000,11.17,-13.07,5.21,18.59,20.38,57075,-10.26,32.0,0.144
2023-11-09T13:01:15.000,11.18,-13.21,6.0,18.44,20.38,57076,-10.06,33.0,0.144
2023-11-09T13:02:15.000,11.14,-13.25,7.05,18.26,20.38,57077,-9.85,33.0,0.144
2023-11-09T13:03:16.000,11.13,-13.2,8.26,18.09,20.38,57078,-9.64,33.0,0.144
2023-11-09T13:04:16.000,11.15,-13.08,9.81,17.9,20.38,57079,-9.44,33.0,0.144
2023-11-09T13:05:17.000,11.2,-12.99,11.64,17.72,20.38,57080,-9.23,33.0,0.143
2023-11-09T13:06:19.000,11.2,-13.28,14.0,17.52,20.38,57081,-9.02,34.0,0.143
2023-11-09T13:08:19.000,11.13,-13.16,20.19,17.12,20.38,57083,-8.61,34.0,0.143
2023-11-09T13:09:20.000,11.17,-13.08,24.53,16.91,20.38,57084,-8.4,34.0,0.143
2023-11-09T13:10:20.000,11.21,-13.15,29.98,16.69,20.38,57085,-8.2,34.0,0.143
2023-11-09T13:11:20.000,11.2,-13.24,36.89,16.46,20.38,57086,-7.99,35.0,0.143
2023-11-09T13:12:20.000,11.16,-13.31,45.1,16.25,20.38,57087,-7.79,35.0,0.143
2023-11-09T13:13:21.000,11.1,-13.63,56.41,16.0,20.38,57088,-7.58,35.0,0.143
2023-11-09T13:14:21.000,11.04,-13.37,70.9,15.76,20.38,57089,-7.38,35.0,0.143
2023-11-09T13:16:22.000,11.12,-13.2,115.3,15.23,20.38,57091,-6.96,35.0,0.143
2023-11-09T13:17:22.000,11.14,-13.25,148.2,14.96,20.38,57092,-6.76,36.0,0.143
2023-11-09T13:18:22.000,11.14,-13.2,191.48,14.68,20.38,57093,-6.56,36.0,0.143
2023-11-09T13:20:24.000,11.15,-13.3,320.79,14.12,20.38,57095,-6.14,36.0,0.143
2023-11-09T13:21:24.000,11.14,-13.31,417.43,13.83,20.38,57096,-5.94,36.0,0.143
2023-11-09T13:22:25.000,11.11,-13.35,541.56,13.55,20.38,57097,-5.74,37.0,0.143
2023-11-09T13:23:25.000,11.09,-13.23,700.22,13.27,20.38,57098,-5.53,37.0,0.143
2023-11-09T13:24:25.000,11.1,-13.21,905.76,12.99,20.38,57099,-5.33,37.0,0.143
2023-11-09T13:25:26.000,11.1,-13.2,1172.25,12.71,20.38,57100,-5.12,37.0,0.143
2023-11-09T13:26:27.000,11.06,-13.42,1528.37,12.42,20.38,57101,-4.92,37.0,0.142
2023-11-09T13:27:27.000,11.03,-13.24,1996.45,12.13,20.38,57102,-4.72,38.0,0.142
2023-11-09T13:28:27.000,11.02,-13.29,2611.4,11.84,20.38,57103,-4.51,38.0,0.142
2023-11-09T13:29:27.000,10.99,-13.28,3402.67,11.55,20.38,57104,-4.31,38.0,0.142
2023-11-09T13:30:27.000,10.96,-13.36,4398.27,11.27,20.38,57105,-4.11,38.0,0.142
2023-11-09T13:31:28.000,10.96,-13.22,5672.64,11.0,20.38,57106,-3.91,38.0,0.142
2023-11-09T13:32:28.000,10.99,-13.19,7301.53,10.72,20.38,57107,-3.7,38.0,0.142
2023-11-09T13:33:28.000,10.96,-13.29,9326.29,10.46,20.38,57108,-3.5,39.0,0.142
2023-11-09T13:34:28.000,10.94,-13.39,11872.53,10.2,20.38,57109,-3.3,39.0,0.142
2023-11-09T13:35:29.000,10.9,-13.35,14805.1,9.96,20.38,57110,-3.1,39.0,0.142
2023-11-09T13:38:31.000,10.84,-13.32,25900.63,9.41,20.38,57113,-2.49,39.0,0.142
2023-11-09T13:39:31.000,10.82,-13.36,31131.52,9.15,20.38,57114,-2.29,40.0,0.142
2023-11-09T13:43:32.000,10.93,-13.12,57097.55,8.49,20.38,57118,-1.48,40.0,0.142
2023-11-09T13:44:33.000,10.94,-13.1,27041.21,3.59,20.38,57119,-1.28,41.0,0.142
2023-11-09T13:45:33.000,10.92,-13.29,0.0,0.0,20.38,57120,-1.08,41.0,0.142
2023-11-09T13:46:33.000,10.91,-13.2,0.48,0.18,20.38,57121,-0.88,41.0,0.142
2023-11-09T13:47:34.000,10.88,-13.27,0.0,0.0,20.38,57122,-0.68,41.0,0.141
2023-11-09T13:48:34.000,10.85,-13.3,0.0,0.0,20.38,57123,-0.48,41.0,0.141
2023-11-09T13:49:34.000,10.86,-13.15,0.0,0.0,20.38,57124,-0.28,41.0,0.141
2023-11-09T13:58:36.000,11.25,-12.85,0.0,0.0,20.38,57133,1.51,43.0,0.141
2023-11-09T13:59:36.000,11.25,-12.86,0.0,0.0,20.38,57134,1.7,43.0,0.141
2023-11-09T14:00:37.000,11.29,-12.77,0.0,0.0,20.38,57135,1.9,43.0,0.141
2023-11-09T14:05:39.000,11.27,-13.12,0.0,0.0,20.38,57140,2.89,44.0,0.141
2023-11-09T14:06:40.000,11.23,-13.14,0.0,0.0,20.38,57141,3.09,44.0,0.141
2023-11-09T14:07:40.000,11.2,-13.04,0.0,0.0,20.38,57142,3.29,44.0,0.141
2023-11-09T14:08:40.000,11.23,-12.93,0.0,0.0,20.38,57143,3.48,45.0,0.14
2023-11-09T14:16:41.000,11.42,-12.98,0.0,0.0,20.38,57151,5.04,46.0,0.14
2023-11-09T14:17:42.000,11.44,-12.75,0.0,0.0,20.38,57152,5.24,46.0,0.14
2023-11-09T14:18:42.000,11.48,-12.68,0.0,0.0,20.38,57153,5.43,46.0,0.14
2023-11-09T14:19:42.000,11.5,-12.74,0.0,0.0,20.38,57154,5.62,46.0,0.14
2023-11-09T14:20:44.000,11.52,-12.75,0.0,0.0,20.38,57155,5.82,46.0,0.14
2023-11-09T14:24:45.000,11.6,-12.7,0.0,0.0,20.38,57159,6.6,47.0,0.14
2023-11-09T14:25:45.000,11.58,-12.85,0.0,0.0,20.38,57160,6.79,47.0,0.14
2023-11-09T14:26:45.000,11.5,-12.91,0.0,0.0,20.38,57161,6.98,47.0,0.14
2023-11-09T14:36:54.000,11.64,-12.35,0.0,0.0,20.38,57171,8.91,49.0,0.139
2023-11-09T14:37:54.000,11.67,-12.38,0.0,0.0,20.38,57172,9.1,49.0,0.139
2023-11-09T14:38:55.000,11.68,-12.44,0.0,0.0,20.38,57173,9.29,49.0,0.139
2023-11-09T14:45:56.000,11.97,-12.09,0.0,0.0,20.38,57180,10.61,50.0,0.139
2023-11-09T14:46:57.000,11.97,-11.96,0.0,0.0,20.38,57181,10.8,50.0,0.139
2023-11-09T14:47:57.000,12.13,-11.94,0.0,0.0,20.38,57182,10.99,50.0,0.139
2023-11-09T14:50:57.000,12.33,-11.9,0.0,0.0,20.38,57185,11.54,51.0,0.138
2023-11-09T14:51:59.000,12.38,-11.86,0.0,0.0,20.38,57186,11.74,51.0,0.138
2023-11-09T14:53:00.000,12.4,-11.95,0.0,0.0,20.38,57187,11.92,51.0,0.138
2023-11-09T14:54:00.000,12.46,-11.77,0.0,0.0,20.38,57188,12.11,51.0,0.138
2023-11-09T14:55:00.000,12.54,-11.61,0.0,0.0,20.38,57189,12.29,51.0,0.138
2023-11-09T14:56:00.000,12.65,-11.54,0.0,0.0,20.38,57190,12.48,51.0,0.138
2023-11-09T15:00:02.000,12.86,-11.6,0.0,0.0,20.38,57194,13.22,52.0,0.138
2023-11-09T15:01:03.000,12.89,-11.57,0.0,0.0,20.38,57195,13.4,52.0,0.138
2023-11-09T15:02:03.000,12.91,-11.56,0.0,0.0,20.38,57196,13.59,52.0,0.138
2023-11-09T15:34:16.000,14.08,-9.71,0.0,0.0,20.38,57228,19.29,55.0,0.136
2023-11-09T15:35:17.000,14.1,-9.6,0.0,0.0,20.38,57229,19.46,55.0,0.136
2023-11-09T15:36:17.000,14.14,-9.48,0.0,0.0,20.38,57230,19.64,55.0,0.136
2023-11-09T15:39:20.000,14.27,-9.16,0.0,0.0,20.38,57233,20.15,56.0,0.136
2023-11-09T15:40:21.000,14.3,-9.05,0.0,0.0,20.38,57234,20.33,56.0,0.136
2023-11-09T15:41:21.000,14.34,-8.87,0.0,0.0,20.38,57235,20.5,56.0,0.136
2023-11-09T15:42:21.000,14.39,-8.72,0.0,0.0,20.38,57236,20.66,56.0,0.136
2023-11-09T15:43:21.000,14.43,-8.7,0.0,0.0,20.38,57237,20.83,56.0,0.136
2023-11-09T15:44:21.000,14.44,-8.56,0.0,0.0,20.38,57238,21.0,56.0,0.136
2023-11-09T15:46:23.000,14.52,-8.19,0.0,0.0,20.38,57240,21.34,56.0,0.136
2023-11-09T15:47:24.000,14.58,-8.04,0.0,0.0,20.38,57241,21.51,56.0,0.136
2023-11-09T15:48:24.000,14.63,-7.93,0.0,0.0,20.38,57242,21.67,56.0,0.136
2023-11-09T16:07:38.000,15.66,-4.69,0.0,0.0,20.38,57261,24.78,57.0,0.135
2023-11-09T16:08:38.000,15.78,-4.56,0.0,0.0,20.38,57262,24.94,57.0,0.135
2023-11-09T16:09:38.000,15.88,-4.31,0.0,0.0,20.38,57263,25.09,57.0,0.135
2023-11-09T16:11:39.000,16.03,-4.16,0.0,0.0,20.38,57265,25.4,57.0,0.135
2023-11-09T16:12:39.000,16.07,-3.98,0.0,0.0,20.38,57266,25.56,57.0,0.135
2023-11-09T16:13:39.000,16.14,-3.88,0.0,0.0,20.38,57267,25.71,57.0,0.135
2023-11-09T16:14:39.000,16.21,-3.61,0.0,0.0,20.38,57268,25.87,57.0,0.135
2023-11-09T16:15:39.000,16.29,-3.44,0.0,0.0,20.38,57269,26.02,57.0,0.135
2023-11-09T16:19:40.000,16.54,-2.89,0.0,0.0,20.38,57273,26.63,57.0,0.134
2023-11-09T16:20:43.000,16.58,-2.8,0.0,0.0,20.38,57274,26.79,57.0,0.134
2023-11-09T16:21:43.000,16.63,-2.57,0.0,0.0,20.38,57275,26.94,57.0,0.134
2023-11-09T16:23:43.000,16.8,-2.1,0.0,0.0,20.38,57277,27.24,57.0,0.134
2023-11-09T16:24:43.000,16.89,-1.95,0.0,0.0,20.38,57278,27.38,57.0,0.134
2023-11-09T16:25:45.000,17.01,-1.75,0.0,0.0,20.38,57279,27.54,57.0,0.134
2023-11-09T16:33:47.000,17.62,-0.37,0.0,0.0,20.38,57287,28.7,57.0,0.134
2023-11-09T16:34:47.000,17.71,-0.42,0.0,0.0,20.38,57288,28.84,57.0,0.134
2023-11-09T16:35:49.000,17.72,-0.4,0.0,0.0,20.38,57289,28.99,57.0,0.134
2023-11-09T16:37:50.000,17.83,-0.02,0.0,0.0,20.38,57291,29.28,57.0,0.134
2023-11-09T16:38:51.000,17.91,0.2,0.0,0.0,20.38,57292,29.42,57.0,0.134
2023-11-09T16:41:52.000,18.14,0.65,0.0,0.0,20.38,57295,29.84,57.0,0.133
2023-11-09T16:42:54.000,18.2,0.73,0.0,0.0,20.38,57296,29.98,57.0,0.133
2023-11-09T16:45:55.000,18.47,1.18,0.0,0.0,20.38,57299,30.39,57.0,0.133
2023-11-09T16:46:55.000,18.55,1.2,0.0,0.0,20.38,57300,30.52,57.0,0.133
2023-11-09T16:47:56.000,18.63,1.21,0.0,0.0,20.38,57301,30.66,57.0,0.133
2023-11-09T16:48:56.000,18.73,1.53,0.0,0.0,20.38,57302,30.79,57.0,0.133
2023-11-09T16:50:57.000,19.02,1.87,0.0,0.0,20.38,57304,31.06,57.0,0.133
2023-11-09T16:57:59.000,19.77,2.65,0.0,0.0,20.38,57311,31.97,56.0,0.133
2023-11-09T16:58:59.000,19.86,2.67,0.0,0.0,20.38,57312,32.1,56.0,0.133
2023-11-09T16:59:59.000,19.91,2.66,0.0,0.0,20.38,57313,32.22,56.0,0.133
2023-11-09T17:35:13.000,30.63,7.03,0.0,0.0,20.38,57348,36.17,53.0,0.131
2023-11-09T17:36:13.000,30.59,7.25,0.0,0.0,20.38,57349,36.27,53.0,0.131
2023-11-09T17:37:13.000,30.7,7.29,0.0,0.0,20.38,57350,36.36,53.0,0.131
2023-11-09T17:39:15.000,31.62,8.33,0.0,0.0,20.38,57352,36.56,53.0,0.131
2023-11-09T17:43:16.000,32.27,8.05,0.0,0.0,20.38,57356,36.93,53.0,0.131
2023-11-09T17:44:16.000,32.43,7.9,0.0,0.0,20.38,57357,37.01,52.0,0.131
2023-11-09T17:45:16.000,32.51,7.43,0.0,0.0,20.38,57358,37.1,52.0,0.13
2023-11-09T17:47:18.000,33.11,8.29,0.0,0.0,20.38,57360,37.28,52.0,0.13
2023-11-09T17:48:18.000,33.12,7.58,0.0,0.0,20.38,57361,37.37,52.0,0.13
2023-11-09T17:49:18.000,33.1,7.6,0.0,0.0,20.38,57362,37.45,52.0,0.13
2023-11-09T17:50:19.000,33.09,7.58,0.0,0.0,20.38,57363,37.54,52.0,0.13
2023-11-09T17:52:26.000,33.51,8.23,0.0,0.0,20.38,57365,37.71,51.0,0.13
2023-11-09T17:55:27.000,34.12,8.37,0.0,0.0,20.38,57368,37.95,51.0,0.13
2023-11-09T17:56:28.000,33.99,6.53,0.0,0.0,20.38,57369,38.03,51.0,0.13
2023-11-09T17:57:28.000,33.98,7.96,0.0,0.0,20.38,57370,38.11,51.0,0.13
2023-11-09T18:00:29.000,33.68,7.14,0.0,0.0,20.38,57373,38.34,50.0,0.13
2023-11-09T18:01:29.000,34.04,8.03,0.0,0.0,20.38,57374,38.41,50.0,0.13
2023-11-09T18:02:29.000,34.24,7.48,0.0,0.0,20.38,57375,38.48,50.0,0.13
2023-11-09T18:04:30.000,34.8,8.67,0.0,0.0,20.38,57377,38.62,50.0,0.13
2023-11-09T18:05:30.000,35.25,8.47,0.0,0.0,20.38,57378,38.69,50.0,0.13
2023-11-09T18:06:31.000,35.21,7.25,0.0,0.0,20.38,57379,38.76,50.0,0.129
2023-11-09T18:11:32.000,35.54,6.88,0.0,0.0,20.38,57384,39.09,49.0,0.129
2023-11-09T18:12:32.000,35.78,8.14,0.0,0.0,20.38,57385,39.15,49.0,0.129
2023-11-09T18:13:32.000,36.25,8.9,0.0,0.0,20.38,57386,39.21,49.0,0.129
2023-11-09T18:15:33.000,36.82,7.99,0.0,0.0,20.38,57388,39.33,48.0,0.129
2023-11-09T18:16:33.000,36.77,7.7,0.0,0.0,20.38,57389,39.38,48.0,0.129
2023-11-09T18:17:33.000,36.91,8.21,0.0,0.0,20.38,57390,39.44,48.0,0.129
2023-11-09T18:31:40.000,38.18,8.21,0.0,0.0,20.38,57404,40.12,46.0,0.128
2023-11-09T18:32:41.000,38.07,7.66,0.0,0.0,20.38,57405,40.16,46.0,0.128
2023-11-09T18:33:41.000,38.37,8.49,0.0,0.0,20.38,57406,40.2,46.0,0.128
2023-11-09T18:35:43.000,38.69,8.12,0.0,0.0,20.38,57408,40.27,45.0,0.128
2023-11-09T18:36:43.000,38.8,7.96,0.0,0.0,20.38,57409,40.31,45.0,0.128
2023-11-09T18:37:43.000,38.97,8.47,0.0,0.0,20.38,57410,40.34,45.0,0.128
2023-11-09T18:38:45.000,39.2,8.69,0.0,0.0,20.38,57411,40.38,45.0,0.128
2023-11-09T18:41:45.000,38.93,6.15,0.0,0.0,20.38,57414,40.47,44.0,0.128
2023-11-09T18:42:46.000,38.67,6.58,0.0,0.0,20.38,57415,40.5,44.0,0.128
2023-11-09T18:43:46.000,38.96,7.73,0.0,0.0,20.38,57416,40.52,44.0,0.128
2023-11-09T18:45:49.000,39.31,7.86,0.0,0.0,20.38,57418,40.58,44.0,0.128
2023-11-09T18:46:49.000,39.31,7.57,0.0,0.0,20.38,57419,40.6,43.0,0.128
2023-11-09T18:47:49.000,39.44,7.7,0.0,0.0,20.38,57420,40.62,43.0,0.128
2023-11-09T18:48:49.000,39.52,8.05,0.0,0.0,20.38,57421,40.64,43.0,0.128
2023-11-09T18:49:50.000,39.7,7.87,0.0,0.0,20.38,57422,40.66,43.0,0.128
2023-11-09T18:50:50.000,39.47,5.9,0.0,0.0,20.38,57423,40.68,43.0,0.127
2023-11-09T18:52:52.000,39.52,7.83,0.0,0.0,20.38,57425,40.72,42.0,0.127
2023-11-09T18:53:52.000,39.61,7.27,0.0,0.0,20.38,57426,40.73,42.0,0.127
2023-11-09T18:55:54.000,39.64,7.6,0.0,0.0,20.38,57428,40.76,42.0,0.127
2023-11-09T19:00:55.000,40.2,8.05,0.0,0.0,20.38,57433,40.81,41.0,0.127
2023-11-09T19:01:55.000,40.31,7.55,0.0,0.0,20.38,57434,40.82,41.0,0.127
2023-11-09T19:02:55.000,40.13,6.47,0.0,0.0,20.38,57435,40.82,41.0,0.127
2023-11-09T19:09:57.000,39.73,6.48,0.0,0.0,20.38,57442,40.82,40.0,0.127
2023-11-09T19:10:57.000,39.39,5.37,0.0,0.0,20.38,57443,40.82,39.0,0.127
2023-11-09T19:11:57.000,39.12,5.82,0.0,0.0,20.38,57444,40.81,39.0,0.127
2023-11-09T19:15:58.000,39.66,7.4,0.0,0.0,20.38,57448,40.78,38.0,0.126
2023-11-09T19:16:58.000,39.94,7.34,0.0,0.0,20.38,57449,40.77,38.0,0.126
2023-11-09T19:17:58.000,39.92,5.97,0.0,0.0,20.38,57450,40.76,38.0,0.126
2023-11-09T19:23:02.000,40.32,6.64,0.0,0.0,20.38,57455,40.67,37.0,0.126
2023-11-09T19:24:03.000,40.24,6.31,0.0,0.0,20.38,57456,40.65,37.0,0.126
2023-11-09T19:25:03.000,39.9,4.87,0.0,0.0,20.38,57457,40.63,37.0,0.126
2023-11-09T19:29:05.000,39.68,5.5,0.0,0.0,20.38,57461,40.54,36.0,0.126
2023-11-09T19:30:05.000,39.28,4.13,0.0,0.0,20.38,57462,40.51,36.0,0.126
2023-11-09T19:31:06.000,38.93,4.0,0.0,0.0,20.38,57463,40.48,36.0,0.126
2023-11-09T19:34:07.000,39.61,6.05,0.0,0.0,20.38,57466,40.39,35.0,0.126
2023-11-09T19:35:08.000,39.58,5.04,0.0,0.0,20.38,57467,40.36,35.0,0.125
2023-11-09T19:36:08.000,39.3,4.98,0.0,0.0,20.38,57468,40.33,35.0,0.125
2023-11-09T19:39:10.000,38.72,4.26,0.0,0.0,20.38,57471,40.22,34.0,0.125
2023-11-09T19:42:10.000,38.97,5.67,0.0,0.0,20.38,57474,40.1,34.0,0.125
2023-11-09T19:43:11.000,39.11,5.18,0.0,0.0,20.38,57475,40.06,33.0,0.125
2023-11-09T19:44:11.000,38.98,4.49,0.0,0.0,20.38,57476,40.02,33.0,0.125
2023-11-09T19:45:11.000,39.07,5.54,0.0,0.0,20.38,57477,39.97,33.0,0.125
2023-11-09T19:47:12.000,39.36,5.28,0.0,0.0,20.38,57479,39.88,33.0,0.125
2023-11-09T19:48:12.000,39.23,3.84,0.0,0.0,20.38,57480,39.84,33.0,0.125
2023-11-09T19:49:13.000,38.7,2.65,0.0,0.0,20.38,57481,39.79,32.0,0.125
2023-11-09T20:09:23.000,38.26,4.17,0.0,0.0,20.38,57501,38.59,28.0,0.124
2023-11-09T20:10:24.000,38.28,3.22,0.0,0.0,20.38,57502,38.52,28.0,0.124
2023-11-09T20:11:24.000,38.24,3.39,0.0,0.0,20.38,57503,38.45,28.0,0.124
2023-11-09T20:13:24.000,38.59,4.59,0.0,0.0,20.38,57505,38.3,28.0,0.124
2023-11-09T20:14:25.000,38.78,3.68,0.0,0.0,20.38,57506,38.23,27.0,0.124
2023-11-09T20:15:26.000,38.56,2.63,0.0,0.0,20.38,57507,38.15,27.0,0.124
2023-11-09T20:18:27.000,37.71,1.01,0.0,0.0,20.38,57510,37.92,27.0,0.124
2023-11-09T20:19:27.000,37.39,1.3,0.0,0.0,20.38,57511,37.84,26.0,0.124
2023-11-09T20:20:28.000,37.19,1.44,0.0,0.0,20.38,57512,37.75,26.0,0.123
2023-11-09T20:22:29.000,37.05,1.83,0.0,0.0,20.38,57514,37.59,26.0,0.123
2023-11-09T20:23:29.000,37.34,3.02,0.0,0.0,20.38,57515,37.51,26.0,0.123
2023-11-09T20:24:29.000,37.56,2.83,0.0,0.0,20.38,57516,37.42,25.0,0.123
2023-11-09T20:26:31.000,37.15,1.39,0.0,0.0,20.38,57518,37.25,25.0,0.123
2023-11-09T20:27:31.000,37.23,2.57,0.0,0.0,20.38,57519,37.16,25.0,0.123
2023-11-09T20:28:31.000,37.41,1.87,0.0,0.0,20.38,57520,37.07,25.0,0.123
2023-11-09T20:37:34.000,36.59,1.88,0.0,0.0,20.38,57529,36.23,23.0,0.123
2023-11-09T20:38:36.000,36.76,1.33,0.0,0.0,20.38,57530,36.13,23.0,0.123
2023-11-09T20:39:37.000,36.67,1.42,0.0,0.0,20.38,57531,36.03,22.0,0.123
2023-11-09T20:42:37.000,37.06,2.28,0.0,0.0,20.38,57534,35.73,22.0,0.122
2023-11-09T20:45:39.000,37.24,1.62,0.0,0.0,20.38,57537,35.42,21.0,0.122
2023-11-09T20:46:40.000,37.13,1.32,0.0,0.0,20.38,57538,35.31,21.0,0.122
2023-11-09T20:47:40.000,37.17,1.6,0.0,0.0,20.38,57539,35.21,21.0,0.122
2023-11-09T20:48:40.000,37.07,1.4,0.0,0.0,20.38,57540,35.1,21.0,0.122
