Downloads/jupyter/ECSV/stars19/stars19_2024-06.ecsv
# %ECSV 1.0
# ---
# datatype:
# - {name: time, datatype: string}
# - {name: Enclosure Temperature, unit: deg_C, datatype: float64}
# - {name: Sky Temperature, unit: deg_C, datatype: float64}
# - {name: Frequency, unit: Hz, datatype: float64}
# - {name: MSAS, unit: mag / arcsec2, datatype: float64}
# - {name: ZP, datatype: float64}
# - {name: Sequence Number, datatype: int64}
# - {name: Sun Alt, unit: deg, datatype: float64}
# - {name: Moon Alt, unit: deg, datatype: float64}
# - {name: Moon Illumination, datatype: float64}
# delimiter: ','
# meta: !!omap
# - ida:
#     Data supplier: {affiliation: null, observer: null}
#     Device type: TESS-W
#     Field of view: 17.0
#     Filters per channel: None
#     Instrument ID: stars19
#     License: ODbL 1.0 http://opendatacommons.org/licenses/odbl/summary/
#     Local timezone: America/Phoenix
#     Location name: {country: '- Tucson', place: Tucson, region: United States, sub_region: Arizona, town: Pima County}
#     Measurement direction per channel: {azimuth: 0.0, zenital: 0.0}
#     Moving / Fixed look direction: FIXED
#     Moving / Stationary position: STATIONARY
#     Number of channels: 1
#     Number of fields per line: 8
#     Number of header lines: 35
#     Position: {height: 0.0, latitude: 32.223877, longitude: -110.767532}
#     TESS MAC address: 18:FE:34:CF:EC:06
#     TESS cover offset value: 0.0
#     TESS firmware version: '1.0'
#     TESS zero point: 20.38
#     Time Synchronization: timestamp added by MQTT subscriber
#     URL: http://www.darksky.org/NSBM/sdf1.0.pdf
# - __serialized_columns__:
#     Enclosure Temperature:
#       __class__: astropy.units.quantity.Quantity
#       unit: &id001 !astropy.units.Unit {unit: deg_C}
#       value: !astropy.table.SerializedColumn {name: Enclosure Temperature}
#     Frequency:
#       __class__: astropy.units.quantity.Quantity
#       unit: !astropy.units.Unit {unit: Hz}
#       value: !astropy.table.SerializedColumn {name: Frequency}
#     MSAS:
#       __class__: astropy.units.quantity.Quantity
#       unit: !astropy.units.Unit {unit: mag / arcsec2}
#       value: !astropy.table.SerializedColumn {name: MSAS}
#     Moon Alt:
#       __class__: astropy.units.quantity.Quantity
#       unit: &id002 !astropy.units.Unit {unit: deg}
#       value: !astropy.table.SerializedColumn {name: Moon Alt}
#     Sky Temperature:
#       __class__: astropy.units.quantity.Quantity
#       unit: *id001
#       value: !astropy.table.SerializedColumn {name: Sky Temperature}
#     Sun Alt:
#       __class__: astropy.units.quantity.Quantity
#       unit: *id002
#       value: !astropy.table.SerializedColumn {name: Sun Alt}
#     time:
#       __class__: astropy.time.core.Time
#       format: isot
#       in_subfmt: '*'
#       out_subfmt: '*'
#       precision: 3
#       scale: utc
#       value: !astropy.table.SerializedColumn {name: time}
# schema: astropy-2.0
time,Enclosure Temperature,Sky Temperature,Frequency,MSAS,ZP,Sequence Number,Sun Alt,Moon Alt,Moon Illumination
[from data line 14130]
2024-06-18T09:50:35.000,26.38,2.21,1.11,20.27,20.38,81446,-24.31,-5.0,0.861
2024-06-18T09:51:35.000,26.33,2.22,1.11,20.27,20.38,81447,-24.18,-6.0,0.861
2024-06-18T09:52:35.000,26.34,2.31,1.11,20.27,20.38,81448,-24.05,-6.0,0.861
2024-06-18T09:54:36.000,26.37,2.31,1.1,20.27,20.38,81450,-23.79,-6.0,0.862
2024-06-18T09:56:36.000,26.34,2.45,1.1,20.27,20.38,81452,-23.53,-7.0,0.862
2024-06-18T09:57:38.000,26.37,2.46,1.1,20.28,20.38,81453,-23.4,-7.0,0.862
2024-06-18T09:58:38.000,26.34,2.31,1.1,20.28,20.38,81454,-23.27,-7.0,0.862
2024-06-18T09:59:38.000,26.33,2.42,1.1,20.28,20.38,81455,-23.13,-7.0,0.862
2024-06-18T10:00:39.000,26.33,2.44,1.1,20.28,20.38,81456,-23.0,-7.0,0.862
2024-06-18T10:01:40.000,26.34,2.4,1.1,20.28,20.38,81457,-22.86,-8.0,0.862
2024-06-18T10:02:40.000,26.31,2.41,1.1,20.28,20.38,81458,-22.73,-8.0,0.862
2024-06-18T10:03:40.000,26.32,2.43,1.1,20.28,20.38,81459,-22.6,-8.0,0.862
2024-06-18T10:04:41.000,26.31,2.39,1.1,20.28,20.38,81460,-22.46,-8.0,0.862
2024-06-18T10:05:41.000,26.26,2.23,1.1,20.28,20.38,81461,-22.32,-8.0,0.862
2024-06-18T10:06:41.000,26.19,2.28,1.1,20.28,20.38,81462,-22.19,-8.0,0.862
2024-06-18T10:07:41.000,26.21,2.39,1.09,20.28,20.38,81463,-22.05,-9.0,0.862
2024-06-18T10:08:41.000,26.24,2.41,1.1,20.28,20.38,81464,-21.91,-9.0,0.862
2024-06-18T10:09:42.000,26.24,2.3,1.09,20.28,20.38,81465,-21.77,-9.0,0.862
2024-06-18T10:10:42.000,26.22,2.34,1.09,20.28,20.38,81466,-21.63,-9.0,0.862
2024-06-18T10:11:42.000,26.27,2.41,1.09,20.29,20.38,81467,-21.5,-9.0,0.862
2024-06-18T10:12:42.000,26.29,2.38,1.09,20.29,20.38,81468,-21.36,-10.0,0.862
2024-06-18T10:13:44.000,26.28,2.35,1.09,20.29,20.38,81469,-21.21,-10.0,0.862
2024-06-18T10:14:44.000,26.23,2.27,1.09,20.29,20.38,81470,-21.07,-10.0,0.862
2024-06-18T10:15:45.000,26.19,2.22,1.09,20.29,20.38,81471,-20.93,-10.0,0.863
2024-06-18T10:16:45.000,26.12,2.06,1.09,20.29,20.38,81472,-20.79,-10.0,0.863
2024-06-18T10:17:46.000,25.98,1.84,1.09,20.29,20.38,81473,-20.64,-11.0,0.863
2024-06-18T10:18:46.000,25.83,1.68,1.08,20.29,20.38,81474,-20.5,-11.0,0.863
2024-06-18T10:19:46.000,25.68,1.63,1.08,20.29,20.38,81475,-20.36,-11.0,0.863
2024-06-18T10:22:49.000,25.58,1.97,1.08,20.29,20.38,81478,-19.92,-12.0,0.863
2024-06-18T10:23:49.000,25.56,1.91,1.08,20.3,20.38,81479,-19.77,-12.0,0.863
2024-06-18T10:24:49.000,25.48,1.88,1.08,20.3,20.38,81480,-19.62,-12.0,0.863
2024-06-18T10:25:50.000,25.4,1.64,1.08,20.3,20.38,81481,-19.48,-12.0,0.863
2024-06-18T10:26:50.000,25.32,1.74,1.08,20.3,20.38,81482,-19.33,-12.0,0.863
2024-06-18T10:27:50.000,25.3,1.88,1.08,20.3,20.38,81483,-19.18,-13.0,0.863
2024-06-18T10:28:50.000,25.31,2.0,1.08,20.3,20.38,81484,-19.03,-13.0,0.863
2024-06-18T10:29:50.000,25.36,2.12,1.08,20.3,20.38,81485,-18.89,-13.0,0.863
2024-06-18T10:33:53.000,25.31,1.83,1.08,20.3,20.38,81489,-18.28,-14.0,0.863
2024-06-18T10:35:53.000,25.28,1.63,1.08,20.3,20.38,81491,-17.98,-14.0,0.863
2024-06-18T10:38:55.000,25.16,1.77,1.07,20.3,20.38,81494,-17.52,-15.0,0.864
2024-06-18T10:39:55.000,25.18,1.84,1.07,20.3,20.38,81495,-17.37,-15.0,0.864
2024-06-18T10:40:55.000,25.18,1.76,1.08,20.3,20.38,81496,-17.21,-15.0,0.864
2024-06-18T10:41:55.000,25.15,1.67,1.08,20.3,20.38,81497,-17.06,-15.0,0.864
2024-06-18T10:42:55.000,25.14,1.71,1.07,20.3,20.38,81498,-16.9,-16.0,0.864
2024-06-18T10:43:55.000,25.15,1.74,1.07,20.3,20.38,81499,-16.75,-16.0,0.864
2024-06-18T10:44:56.000,25.15,1.75,1.08,20.3,20.38,81500,-16.59,-16.0,0.864
2024-06-18T10:45:56.000,25.17,1.8,1.08,20.3,20.38,81501,-16.44,-16.0,0.864
2024-06-18T10:46:56.000,25.23,1.89,1.08,20.3,20.38,81502,-16.28,-16.0,0.864
2024-06-18T10:47:56.000,25.28,1.83,1.08,20.3,20.38,81503,-16.12,-17.0,0.864
2024-06-18T10:48:57.000,25.28,1.61,1.08,20.3,20.38,81504,-15.96,-17.0,0.864
2024-06-18T10:49:57.000,25.23,1.48,1.08,20.29,20.38,81505,-15.81,-17.0,0.864
2024-06-18T10:50:57.000,25.18,1.41,1.09,20.29,20.38,81506,-15.65,-17.0,0.864
2024-06-18T10:51:58.000,25.15,1.4,1.09,20.29,20.38,81507,-15.49,-18.0,0.864
2024-06-18T10:52:58.000,25.12,1.38,1.1,20.28,20.38,81508,-15.33,-18.0,0.864
2024-06-18T10:53:58.000,25.12,1.41,1.1,20.28,20.38,81509,-15.17,-18.0,0.864
2024-06-18T10:54:59.000,25.11,1.27,1.11,20.27,20.38,81510,-15.01,-18.0,0.864
2024-06-18T10:56:00.000,25.06,1.29,1.13,20.25,20.38,81511,-14.84,-18.0,0.864
2024-06-18T10:57:00.000,25.07,1.3,1.13,20.25,20.38,81512,-14.68,-19.0,0.864
2024-06-18T10:58:03.000,25.05,1.34,1.14,20.24,20.38,81513,-14.52,-19.0,0.865
2024-06-18T10:59:03.000,25.07,1.38,1.15,20.23,20.38,81514,-14.35,-19.0,0.865
2024-06-18T11:00:03.000,25.06,1.35,1.17,20.21,20.38,81515,-14.19,-19.0,0.865
2024-06-18T11:01:06.000,25.01,1.27,1.19,20.19,20.38,81516,-14.02,-19.0,0.865
2024-06-18T11:02:06.000,24.96,1.32,1.22,20.17,20.38,81517,-13.86,-20.0,0.865
2024-06-18T11:03:06.000,24.98,1.53,1.24,20.14,20.38,81518,-13.7,-20.0,0.865
2024-06-18T11:04:07.000,24.98,1.38,1.28,20.11,20.38,81519,-13.53,-20.0,0.865
2024-06-18T11:05:07.000,24.87,1.03,1.32,20.08,20.38,81520,-13.37,-20.0,0.865
2024-06-18T11:06:07.000,24.75,1.09,1.36,20.04,20.38,81521,-13.2,-20.0,0.865
2024-06-18T11:07:07.000,24.64,1.08,1.42,20.0,20.38,81522,-13.04,-21.0,0.865
2024-06-18T11:08:07.000,24.63,1.37,1.48,19.95,20.38,81523,-12.87,-21.0,0.865
2024-06-18T11:09:08.000,24.65,1.34,1.56,19.9,20.38,81524,-12.71,-21.0,0.865
2024-06-18T11:10:08.000,24.64,1.31,1.64,19.84,20.38,81525,-12.54,-21.0,0.865
2024-06-18T11:11:08.000,24.64,1.38,1.74,19.78,20.38,81526,-12.38,-21.0,0.865
2024-06-18T11:12:08.000,24.67,1.47,1.85,19.71,20.38,81527,-12.21,-22.0,0.865
2024-06-18T11:13:09.000,24.7,1.43,1.99,19.63,20.38,81528,-12.04,-22.0,0.865
2024-06-18T11:14:09.000,24.68,1.16,2.14,19.55,20.38,81529,-11.87,-22.0,0.865
2024-06-18T11:16:10.000,24.66,1.47,2.55,19.37,20.38,81531,-11.53,-22.0,0.865
2024-06-18T11:17:11.000,24.71,1.55,2.8,19.26,20.38,81532,-11.36,-23.0,0.865
2024-06-18T11:18:12.000,24.76,1.56,3.1,19.15,20.38,81533,-11.19,-23.0,0.865
2024-06-18T11:19:12.000,24.76,1.44,3.45,19.03,20.38,81534,-11.02,-23.0,0.866
2024-06-18T11:20:13.000,24.75,1.4,3.87,18.91,20.38,81535,-10.85,-23.0,0.866
2024-06-18T11:21:15.000,24.77,1.44,4.36,18.78,20.38,81536,-10.68,-23.0,0.866
2024-06-18T11:23:16.000,24.58,0.9,5.61,18.51,20.38,81538,-10.33,-24.0,0.866
2024-06-18T11:26:17.000,24.58,1.31,8.44,18.06,20.38,81541,-9.82,-24.0,0.866
2024-06-18T11:27:17.000,24.54,1.17,9.78,17.9,20.38,81542,-9.65,-25.0,0.866
2024-06-18T11:28:18.000,24.52,1.33,11.28,17.75,20.38,81543,-9.47,-25.0,0.866
2024-06-18T11:29:18.000,24.51,1.44,13.27,17.57,20.38,81544,-9.3,-25.0,0.866
2024-06-18T11:30:18.000,24.56,1.52,15.41,17.41,20.38,81545,-9.13,-25.0,0.866
2024-06-18T11:31:19.000,24.58,1.39,18.07,17.24,20.38,81546,-8.95,-25.0,0.866
2024-06-18T11:32:19.000,24.53,1.12,21.19,17.07,20.38,81547,-8.78,-26.0,0.866
2024-06-18T11:33:19.000,24.39,0.91,24.85,16.89,20.38,81548,-8.61,-26.0,0.866
2024-06-18T11:35:20.000,24.21,1.13,34.94,16.52,20.38,81550,-8.25,-26.0,0.866
2024-06-18T11:36:20.000,24.23,1.26,41.41,16.34,20.38,81551,-8.08,-26.0,0.866
2024-06-18T11:37:21.000,24.26,1.32,48.26,16.17,20.38,81552,-7.9,-27.0,0.866
2024-06-18T11:38:21.000,24.31,1.39,59.48,15.95,20.38,81553,-7.73,-27.0,0.866
2024-06-18T11:39:21.000,24.37,1.34,71.82,15.74,20.38,81554,-7.55,-27.0,0.866
2024-06-18T11:40:23.000,24.43,1.41,87.2,15.53,20.38,81555,-7.37,-27.0,0.867
2024-06-18T11:41:23.000,24.48,1.39,107.71,15.3,20.38,81556,-7.19,-28.0,0.867
2024-06-18T11:42:23.000,24.5,1.3,133.21,15.07,20.38,81557,-7.02,-28.0,0.867
2024-06-18T11:43:24.000,24.52,1.23,164.81,14.84,20.38,81558,-6.84,-28.0,0.867
2024-06-18T11:44:24.000,24.54,1.2,204.54,14.61,20.38,81559,-6.66,-28.0,0.867
2024-06-18T11:45:24.000,24.54,1.15,254.9,14.37,20.38,81560,-6.48,-28.0,0.867
2024-06-18T11:46:24.000,24.5,0.97,318.79,14.12,20.38,81561,-6.31,-29.0,0.867
2024-06-18T11:47:24.000,24.45,0.89,400.38,13.88,20.38,81562,-6.13,-29.0,0.867
2024-06-18T11:48:25.000,24.42,1.03,504.22,13.63,20.38,81563,-5.95,-29.0,0.867
2024-06-18T11:49:25.000,24.45,1.27,636.04,13.37,20.38,81564,-5.77,-29.0,0.867
2024-06-18T11:50:25.000,24.46,1.11,803.69,13.12,20.38,81565,-5.59,-29.0,0.867
2024-06-18T11:51:25.000,24.42,1.01,1014.6,12.87,20.38,81566,-5.41,-30.0,0.867
2024-06-18T11:52:25.000,24.42,1.18,1278.13,12.62,20.38,81567,-5.23,-30.0,0.867
2024-06-18T11:54:26.000,24.45,1.25,2014.36,12.12,20.38,81569,-4.87,-30.0,0.867
2024-06-18T11:55:26.000,24.47,1.2,2520.13,11.88,20.38,81570,-4.69,-30.0,0.867
2024-06-18T11:56:27.000,24.44,1.04,3149.73,11.64,20.38,81571,-4.51,-31.0,0.867
2024-06-18T11:57:29.000,24.42,0.97,3932.07,11.4,20.38,81572,-4.32,-31.0,0.867
2024-06-18T11:58:29.000,24.39,1.02,4906.86,11.16,20.38,81573,-4.14,-31.0,0.867
2024-06-18T11:59:29.000,24.37,1.02,6064.73,10.92,20.38,81574,-3.96,-31.0,0.867
2024-06-18T12:00:30.000,24.31,0.87,7436.45,10.7,20.38,81575,-3.77,-31.0,0.867
2024-06-18T12:01:31.000,24.27,0.97,9068.16,10.49,20.38,81576,-3.59,-32.0,0.868
2024-06-18T12:02:31.000,24.27,1.1,10997.62,10.28,20.38,81577,-3.41,-32.0,0.868
2024-06-18T12:03:31.000,24.26,1.02,13252.69,10.08,20.38,81578,-3.22,-32.0,0.868
2024-06-18T12:04:31.000,24.21,0.88,15863.27,9.88,20.38,81579,-3.04,-32.0,0.868
2024-06-18T12:05:31.000,24.18,1.06,18837.35,9.69,20.38,81580,-2.86,-32.0,0.868
2024-06-18T12:06:32.000,24.24,1.1,22228.36,9.51,20.38,81581,-2.67,-33.0,0.868
2024-06-18T12:07:32.000,24.22,0.77,25793.51,9.42,20.38,81582,-2.49,-33.0,0.868
2024-06-18T12:08:32.000,24.12,0.6,30419.09,9.17,20.38,81583,-2.31,-33.0,0.868
2024-06-18T12:09:32.000,24.04,0.61,35231.62,9.01,20.38,81584,-2.12,-33.0,0.868
2024-06-18T12:10:32.000,23.99,0.72,40524.45,8.86,20.38,81585,-1.94,-33.0,0.868
2024-06-18T12:11:33.000,24.04,0.93,46311.38,8.72,20.38,81586,-1.75,-34.0,0.868
2024-06-18T12:12:33.000,24.07,0.83,51947.06,8.67,20.38,81587,-1.57,-34.0,0.868
2024-06-18T12:13:33.000,23.95,0.34,59210.31,8.45,20.38,81588,-1.38,-34.0,0.868
2024-06-18T12:14:34.000,23.86,0.51,20087.08,2.63,20.38,81589,-1.19,-34.0,0.868
2024-06-18T12:15:34.000,23.85,0.83,0.0,0.0,20.38,81590,-1.01,-34.0,0.868
2024-06-18T12:17:34.000,23.89,0.83,0.0,0.0,20.38,81592,-0.64,-35.0,0.868
2024-06-18T12:18:35.000,23.91,0.95,0.0,0.0,20.38,81593,-0.45,-35.0,0.868
2024-06-18T12:19:35.000,24.01,1.26,0.0,0.0,20.38,81594,-0.26,-35.0,0.868
2024-06-18T12:33:41.000,24.27,1.03,0.0,0.0,20.38,81608,2.39,-38.0,0.869
2024-06-18T12:34:42.000,24.3,1.02,0.0,0.0,20.38,81609,2.58,-38.0,0.869
2024-06-18T12:35:42.000,24.29,0.97,0.0,0.0,20.38,81610,2.77,-39.0,0.869
2024-06-18T12:36:43.000,24.29,1.06,0.28,0.11,20.38,81611,2.96,-39.0,0.869
2024-06-18T12:37:43.000,24.3,1.01,0.0,0.0,20.38,81612,3.15,-39.0,0.869
2024-06-18T12:38:43.000,24.28,0.93,0.0,0.0,20.38,81613,3.35,-39.0,0.869
2024-06-18T12:39:43.000,24.26,0.92,0.0,0.0,20.38,81614,3.54,-39.0,0.869
2024-06-18T12:42:46.000,24.02,0.44,0.0,0.0,20.38,81617,4.12,-40.0,0.869
2024-06-18T12:43:46.000,23.99,0.89,0.0,0.0,20.38,81618,4.31,-40.0,0.869
2024-06-18T12:44:47.000,24.06,1.03,0.0,0.0,20.38,81619,4.5,-40.0,0.87
2024-06-18T12:45:47.000,24.12,1.19,0.27,0.09,20.38,81620,4.7,-41.0,0.87
2024-06-18T12:46:47.000,24.13,0.9,0.0,0.0,20.38,81621,4.89,-41.0,0.87
2024-06-18T12:47:48.000,24.09,0.87,0.0,0.0,20.38,81622,5.08,-41.0,0.87
2024-06-18T12:48:48.000,24.08,0.86,0.15,0.09,20.38,81623,5.28,-41.0,0.87
2024-06-18T12:49:48.000,24.1,0.94,0.0,0.0,20.38,81624,5.47,-41.0,0.87
2024-06-18T12:50:49.000,24.11,0.88,0.0,0.0,20.38,81625,5.67,-42.0,0.87
2024-06-18T12:51:49.000,24.12,0.94,0.0,0.0,20.38,81626,5.86,-42.0,0.87
2024-06-18T12:52:49.000,24.11,0.83,0.0,0.0,20.38,81627,6.05,-42.0,0.87
2024-06-18T12:55:51.000,24.03,1.01,0.0,0.0,20.38,81630,6.64,-43.0,0.87
2024-06-18T12:56:51.000,24.04,1.15,0.0,0.0,20.38,81631,6.83,-43.0,0.87
2024-06-18T12:57:52.000,24.09,1.52,0.0,0.0,20.38,81632,7.03,-43.0,0.87
2024-06-18T12:58:52.000,24.19,1.72,0.0,0.0,20.38,81633,7.22,-43.0,0.87
2024-06-18T13:00:53.000,24.38,2.0,0.0,0.0,20.38,81635,7.62,-44.0,0.87
2024-06-18T13:01:54.000,24.41,1.89,0.0,0.0,20.38,81636,7.81,-44.0,0.87
2024-06-18T13:02:54.000,24.43,2.1,0.0,0.0,20.38,81637,8.01,-44.0,0.87
2024-06-18T13:07:55.000,24.82,2.74,0.0,0.0,20.38,81642,8.99,-45.0,0.871
2024-06-18T13:08:55.000,24.89,2.87,0.0,0.0,20.38,81643,9.19,-45.0,0.871
2024-06-18T13:09:55.000,24.96,2.93,0.0,0.0,20.38,81644,9.38,-46.0,0.871
2024-06-18T13:11:55.000,24.97,2.79,0.0,0.0,20.38,81646,9.78,-46.0,0.871
2024-06-18T13:12:55.000,24.93,2.86,0.0,0.0,20.38,81647,9.97,-46.0,0.871
2024-06-18T13:13:55.000,24.96,3.02,0.0,0.0,20.38,81648,10.17,-46.0,0.871
2024-06-18T13:14:56.000,25.02,3.11,0.0,0.0,20.38,81649,10.37,-47.0,0.871
2024-06-18T13:15:57.000,25.12,3.36,0.0,0.0,20.38,81650,10.57,-47.0,0.871
2024-06-18T13:17:58.000,25.23,3.61,0.0,0.0,20.38,81652,10.97,-47.0,0.871
2024-06-18T13:18:58.000,25.32,3.72,0.0,0.0,20.38,81653,11.17,-47.0,0.871
2024-06-18T13:20:01.000,25.4,3.82,0.0,0.0,20.38,81654,11.37,-48.0,0.871
2024-06-18T13:21:03.000,25.47,3.94,0.0,0.0,20.38,81655,11.58,-48.0,0.871
2024-06-18T13:22:03.000,25.55,4.06,0.0,0.0,20.38,81656,11.78,-48.0,0.871
2024-06-18T13:24:05.000,25.72,4.34,0.0,0.0,20.38,81658,12.18,-48.0,0.871
2024-06-18T13:26:06.000,25.9,4.51,0.0,0.0,20.38,81660,12.58,-49.0,0.871
2024-06-18T13:27:07.000,25.98,4.53,0.0,0.0,20.38,81661,12.78,-49.0,0.871
2024-06-18T13:28:07.000,26.0,4.44,0.0,0.0,20.38,81662,12.98,-49.0,0.872
2024-06-18T13:39:11.000,26.39,5.24,0.0,0.0,20.38,81673,15.19,-51.0,0.872
2024-06-18T13:40:11.000,26.37,5.41,0.0,0.0,20.38,81674,15.39,-52.0,0.872
2024-06-18T13:41:12.000,26.37,5.6,0.0,0.0,20.38,81675,15.6,-52.0,0.872
2024-06-18T13:45:13.000,26.61,6.25,0.0,0.0,20.38,81679,16.41,-53.0,0.872
2024-06-18T13:46:13.000,26.72,6.52,0.0,0.0,20.38,81680,16.61,-53.0,0.872
2024-06-18T13:47:14.000,26.87,6.69,0.0,0.0,20.38,81681,16.81,-53.0,0.872
2024-06-18T13:50:14.000,27.21,6.92,0.0,0.0,20.38,81684,17.42,-54.0,0.873
2024-06-18T13:51:15.000,27.26,6.87,0.0,0.0,20.38,81685,17.62,-54.0,0.873
2024-06-18T13:52:15.000,27.27,6.89,0.0,0.0,20.38,81686,17.83,-54.0,0.873
2024-06-18T13:53:15.000,27.29,6.88,0.0,0.0,20.38,81687,18.03,-54.0,0.873
2024-06-18T13:55:17.000,27.36,7.11,0.0,0.0,20.38,81689,18.44,-55.0,0.873
2024-06-18T13:56:19.000,27.39,7.18,0.0,0.0,20.38,81690,18.65,-55.0,0.873
2024-06-18T13:57:22.000,27.44,7.31,0.0,0.0,20.38,81691,18.86,-55.0,0.873
2024-06-18T13:58:22.000,27.52,7.5,0.0,0.0,20.38,81692,19.07,-55.0,0.873
2024-06-18T13:59:22.000,27.6,7.55,0.0,0.0,20.38,81693,19.27,-56.0,0.873
2024-06-18T14:00:23.000,27.66,7.6,0.0,0.0,20.38,81694,19.48,-56.0,0.873
2024-06-18T14:03:36.000,27.73,7.76,0.0,0.0,20.38,81697,20.13,-56.0,0.873
2024-06-18T14:07:37.000,28.17,8.45,0.0,0.0,20.38,81701,20.95,-57.0,0.873
2024-06-18T14:08:37.000,28.33,8.62,0.0,0.0,20.38,81702,21.15,-57.0,0.873
2024-06-18T14:10:40.000,28.53,8.64,0.0,0.0,20.38,81704,21.57,-58.0,0.874
2024-06-18T14:14:42.000,28.91,8.98,0.0,0.0,20.38,81708,22.4,-59.0,0.874
2024-06-18T14:15:43.000,28.98,9.03,0.0,0.0,20.38,81709,22.61,-59.0,0.874
2024-06-18T14:16:44.000,29.03,8.92,0.0,0.0,20.38,81710,22.81,-59.0,0.874
2024-06-18T14:20:46.000,29.12,9.28,0.0,0.0,20.38,81714,23.64,-60.0,0.874
2024-06-18T14:21:46.000,29.24,9.47,0.0,0.0,20.38,81715,23.85,-60.0,0.874
2024-06-18T14:22:47.000,29.33,9.49,0.0,0.0,20.38,81716,24.06,-60.0,0.874
2024-06-18T14:25:48.000,29.5,9.61,0.0,0.0,20.38,81719,24.68,-61.0,0.874
2024-06-18T14:26:48.000,29.6,9.77,0.0,0.0,20.38,81720,24.88,-61.0,0.874
2024-06-18T14:27:48.000,29.66,9.79,0.0,0.0,20.38,81721,25.09,-61.0,0.874
2024-06-18T14:45:55.000,30.58,10.5,0.0,0.0,20.38,81739,28.84,-65.0,0.875
2024-06-18T14:46:55.000,30.58,10.43,0.0,0.0,20.38,81740,29.05,-65.0,0.875
2024-06-18T14:47:55.000,30.66,10.76,0.0,0.0,20.38,81741,29.25,-65.0,0.875
2024-06-18T14:51:56.000,30.88,10.97,0.0,0.0,20.38,81745,30.09,-66.0,0.875
2024-06-18T14:55:58.000,31.17,11.16,0.0,0.0,20.38,81749,30.93,-66.0,0.876
2024-06-18T14:56:58.000,31.2,11.05,0.0,0.0,20.38,81750,31.14,-67.0,0.876
2024-06-18T14:57:59.000,31.22,11.05,0.0,0.0,20.38,81751,31.35,-67.0,0.876
2024-06-18T15:01:00.000,31.33,11.42,0.0,0.0,20.38,81754,31.98,-67.0,0.876
2024-06-18T15:02:01.000,31.41,11.42,0.0,0.0,20.38,81755,32.19,-68.0,0.876
