Downloads/jupyter/ECSV/stars19/stars19_2022-08.ecsv
# %ECSV 1.0
# ---
# datatype:
# - {name: time, datatype: string}
# - {name: Enclosure Temperature, unit: deg_C, datatype: float64}
# - {name: Sky Temperature, unit: deg_C, datatype: float64}
# - {name: Frequency, unit: Hz, datatype: float64}
# - {name: MSAS, unit: mag / arcsec2, datatype: float64}
# - {name: ZP, datatype: float64}
# - {name: Sequence Number, datatype: int64}
# - {name: Sun Alt, unit: deg, datatype: float64}
# - {name: Moon Alt, unit: deg, datatype: float64}
# - {name: Moon Illumination, datatype: float64}
# delimiter: ','
# meta: !!omap
# - ida:
#     Data supplier: {affiliation: null, observer: null}
#     Device type: TESS-W
#     Field of view: 17.0
#     Filters per channel: None
#     Instrument ID: stars19
#     License: ODbL 1.0 http://opendatacommons.org/licenses/odbl/summary/
#     Local timezone: America/Phoenix
#     Location name: {country: '- Tucson', place: Tucson, region: United States, sub_region: Arizona, town: Pima County}
#     Measurement direction per channel: {azimuth: 0.0, zenital: 0.0}
#     Moving / Fixed look direction: FIXED
#     Moving / Stationary position: STATIONARY
#     Number of channels: 1
#     Number of fields per line: 8
#     Number of header lines: 35
#     Position: {height: 0.0, latitude: 32.223877, longitude: -110.767532}
#     TESS MAC address: 18:FE:34:CF:EC:06
#     TESS cover offset value: 0.0
#     TESS firmware version: '1.0'
#     TESS zero point: 20.5
#     Time Synchronization: timestamp added by MQTT subscriber
#     URL: http://www.darksky.org/NSBM/sdf1.0.pdf
# - __serialized_columns__:
#     Enclosure Temperature:
#       __class__: astropy.units.quantity.Quantity
#       unit: &id001 !astropy.units.Unit {unit: deg_C}
#       value: !astropy.table.SerializedColumn {name: Enclosure Temperature}
#     Frequency:
#       __class__: astropy.units.quantity.Quantity
#       unit: !astropy.units.Unit {unit: Hz}
#       value: !astropy.table.SerializedColumn {name: Frequency}
#     MSAS:
#       __class__: astropy.units.quantity.Quantity
#       unit: !astropy.units.Unit {unit: mag / arcsec2}
#       value: !astropy.table.SerializedColumn {name: MSAS}
#     Moon Alt:
#       __class__: astropy.units.quantity.Quantity
#       unit: &id002 !astropy.units.Unit {unit: deg}
#       value: !astropy.table.SerializedColumn {name: Moon Alt}
#     Sky Temperature:
#       __class__: astropy.units.quantity.Quantity
#       unit: *id001
#       value: !astropy.table.SerializedColumn {name: Sky Temperature}
#     Sun Alt:
#       __class__: astropy.units.quantity.Quantity
#       unit: *id002
#       value: !astropy.table.SerializedColumn {name: Sun Alt}
#     time:
#       __class__: astropy.time.core.Time
#       format: isot
#       in_subfmt: '*'
#       out_subfmt: '*'
#       precision: 3
#       scale: utc
#       value: !astropy.table.SerializedColumn {name: time}
# schema: astropy-2.0
time,Enclosure Temperature,Sky Temperature,Frequency,MSAS,ZP,Sequence Number,Sun Alt,Moon Alt,Moon Illumination
[from data line 10604]
2022-08-14T06:32:18.000,27.89,14.34,21.11,17.07,20.5,260056,-41.57,32.0,0.931
2022-08-14T06:33:18.000,27.92,14.36,20.71,17.09,20.5,260057,-41.64,32.0,0.931
2022-08-14T06:34:18.000,28.0,14.35,20.26,17.11,20.5,260058,-41.7,32.0,0.931
2022-08-14T06:35:18.000,28.06,14.16,19.79,17.14,20.5,260059,-41.77,32.0,0.931
2022-08-14T06:36:18.000,28.1,14.08,19.51,17.15,20.5,260060,-41.83,32.0,0.931
2022-08-14T06:37:18.000,28.13,13.89,19.08,17.18,20.5,260061,-41.89,33.0,0.931
2022-08-14T06:38:18.000,28.19,13.93,18.75,17.2,20.5,260062,-41.95,33.0,0.931
2022-08-14T06:39:19.000,28.22,13.79,18.56,17.21,20.5,260063,-42.01,33.0,0.931
2022-08-14T06:40:19.000,28.29,13.84,18.3,17.22,20.5,260064,-42.07,33.0,0.931
2022-08-14T06:41:19.000,28.36,13.72,18.1,17.24,20.5,260065,-42.12,33.0,0.931
2022-08-14T06:42:19.000,28.37,13.63,17.96,17.24,20.5,260066,-42.18,33.0,0.931
2022-08-14T06:43:19.000,28.4,13.57,17.83,17.25,20.5,260067,-42.23,34.0,0.931
2022-08-14T06:47:25.000,28.51,13.53,17.24,17.29,20.5,260071,-42.44,34.0,0.931
2022-08-14T06:49:25.000,28.44,13.39,17.11,17.3,20.5,260073,-42.54,35.0,0.931
2022-08-14T06:51:25.000,28.53,13.45,17.26,17.29,20.5,260075,-42.63,35.0,0.931
2022-08-14T06:52:25.000,28.55,13.45,17.5,17.27,20.5,260076,-42.67,35.0,0.93
2022-08-14T06:54:25.000,28.58,13.39,17.83,17.25,20.5,260078,-42.76,35.0,0.93
2022-08-14T06:55:25.000,28.51,13.05,17.94,17.25,20.5,260079,-42.8,36.0,0.93
2022-08-14T06:57:25.000,28.37,13.32,18.15,17.23,20.5,260081,-42.87,36.0,0.93
2022-08-14T07:03:26.000,28.42,13.25,18.92,17.19,20.5,260087,-43.08,37.0,0.93
2022-08-14T07:04:27.000,28.37,13.07,18.84,17.19,20.5,260088,-43.11,37.0,0.93
2022-08-14T07:05:27.000,28.13,12.7,19.08,17.18,20.5,260089,-43.13,37.0,0.93
2022-08-14T07:06:27.000,28.05,13.16,19.12,17.18,20.5,260090,-43.16,37.0,0.93
2022-08-14T07:07:27.000,28.03,13.03,19.27,17.17,20.5,260091,-43.19,37.0,0.93
2022-08-14T07:08:27.000,27.94,13.08,19.54,17.15,20.5,260092,-43.21,38.0,0.93
2022-08-14T07:09:27.000,27.95,13.21,19.74,17.08,20.5,260093,-43.23,38.0,0.93
2022-08-14T07:10:27.000,27.93,13.12,19.78,17.14,20.5,260094,-43.26,38.0,0.93
2022-08-14T07:11:28.000,27.78,12.79,19.91,17.13,20.5,260095,-43.28,38.0,0.93
2022-08-14T07:12:28.000,27.74,13.13,20.16,17.12,20.5,260096,-43.3,38.0,0.93
2022-08-14T07:13:28.000,27.65,12.93,20.47,17.1,20.5,260097,-43.32,38.0,0.93
2022-08-14T07:14:28.000,27.6,13.1,20.65,17.09,20.5,260098,-43.33,39.0,0.93
2022-08-14T07:15:29.000,27.55,13.14,20.82,17.08,20.5,260099,-43.35,39.0,0.93
2022-08-14T07:16:29.000,27.57,13.23,20.97,17.08,20.5,260100,-43.36,39.0,0.93
2022-08-14T07:18:31.000,27.55,13.29,21.2,17.06,20.5,260102,-43.39,39.0,0.929
2022-08-14T07:19:31.000,27.55,13.29,21.23,17.06,20.5,260103,-43.4,39.0,0.929
2022-08-14T07:20:32.000,27.58,13.47,21.3,17.06,20.5,260104,-43.41,39.0,0.929
2022-08-14T07:21:31.000,27.67,13.55,21.3,17.06,20.5,260105,-43.42,40.0,0.929
2022-08-14T07:22:31.000,27.67,13.3,21.3,17.06,20.5,260106,-43.43,40.0,0.929
2022-08-14T07:23:32.000,27.7,13.58,21.37,17.06,20.5,260107,-43.43,40.0,0.929
2022-08-14T07:24:32.000,27.81,13.64,21.41,17.05,20.5,260108,-43.44,40.0,0.929
2022-08-14T07:26:32.000,27.96,13.61,21.56,17.05,20.5,260110,-43.44,40.0,0.929
2022-08-14T07:27:32.000,28.04,13.69,21.65,17.04,20.5,260111,-43.45,40.0,0.929
2022-08-14T07:28:32.000,28.12,13.6,21.76,17.04,20.5,260112,-43.45,41.0,0.929
2022-08-14T07:29:32.000,28.17,13.5,21.89,17.03,20.5,260113,-43.44,41.0,0.929
2022-08-14T07:31:32.000,28.19,13.44,22.05,17.02,20.5,260115,-43.44,41.0,0.929
2022-08-14T07:33:32.000,28.15,13.27,22.4,17.0,20.5,260117,-43.43,41.0,0.929
2022-08-14T07:35:32.000,28.09,13.37,22.55,17.0,20.5,260119,-43.41,42.0,0.929
2022-08-14T07:36:32.000,28.08,13.33,22.45,17.0,20.5,260120,-43.4,42.0,0.929
2022-08-14T07:38:32.000,28.08,13.36,22.36,17.01,20.5,260122,-43.38,42.0,0.929
2022-08-14T07:40:33.000,28.17,13.45,22.45,17.0,20.5,260124,-43.35,42.0,0.929
2022-08-14T07:41:33.000,28.22,13.44,22.56,17.0,20.5,260125,-43.33,42.0,0.929
2022-08-14T07:42:34.000,28.25,13.41,22.7,16.99,20.5,260126,-43.31,43.0,0.928
2022-08-14T07:43:33.000,28.28,13.35,22.93,16.98,20.5,260127,-43.3,43.0,0.928
2022-08-14T07:44:33.000,28.27,13.3,23.14,16.97,20.5,260128,-43.28,43.0,0.928
2022-08-14T07:46:39.000,28.36,13.36,23.53,16.95,20.5,260130,-43.23,43.0,0.928
2022-08-14T07:47:40.000,28.38,13.36,23.51,16.95,20.5,260131,-43.21,43.0,0.928
2022-08-14T07:48:40.000,28.32,13.17,23.42,16.96,20.5,260132,-43.18,43.0,0.928
2022-08-14T07:49:40.000,28.34,13.24,23.53,16.95,20.5,260133,-43.16,43.0,0.928
2022-08-14T07:50:40.000,28.3,13.18,23.31,16.96,20.5,260134,-43.13,44.0,0.928
2022-08-14T07:51:40.000,28.29,13.25,23.23,16.96,20.5,260135,-43.1,44.0,0.928
2022-08-14T07:52:40.000,28.32,13.27,23.24,16.96,20.5,260136,-43.07,44.0,0.928
2022-08-14T07:53:41.000,28.36,13.31,23.12,16.97,20.5,260137,-43.04,44.0,0.928
2022-08-14T07:54:41.000,28.34,13.2,23.11,16.97,20.5,260138,-43.01,44.0,0.928
2022-08-14T07:55:41.000,28.3,13.17,23.11,16.97,20.5,260139,-42.98,44.0,0.928
2022-08-14T07:56:41.000,28.29,13.22,23.21,16.97,20.5,260140,-42.94,44.0,0.928
2022-08-14T07:57:41.000,28.26,13.19,23.49,16.95,20.5,260141,-42.91,44.0,0.928
2022-08-14T07:58:41.000,28.3,13.32,23.77,16.94,20.5,260142,-42.87,45.0,0.928
2022-08-14T07:59:41.000,28.36,13.3,24.19,16.92,20.5,260143,-42.83,45.0,0.928
2022-08-14T08:01:47.000,28.24,13.19,24.12,16.92,20.5,260145,-42.75,45.0,0.928
2022-08-14T08:03:47.000,28.26,13.24,24.19,16.92,20.5,260147,-42.66,45.0,0.928
2022-08-14T08:04:48.000,28.25,13.17,24.26,16.92,20.5,260148,-42.62,45.0,0.928
2022-08-14T08:05:48.000,28.25,13.35,24.26,16.92,20.5,260149,-42.57,45.0,0.928
2022-08-14T08:06:48.000,28.28,13.35,24.29,16.92,20.5,260150,-42.53,45.0,0.927
2022-08-14T08:07:48.000,28.25,13.2,24.37,16.91,20.5,260151,-42.48,46.0,0.927
2022-08-14T08:08:48.000,28.21,13.26,24.19,16.92,20.5,260152,-42.43,46.0,0.927
2022-08-14T08:09:48.000,28.23,13.41,24.02,16.93,20.5,260153,-42.38,46.0,0.927
2022-08-14T08:10:48.000,28.28,13.44,23.89,16.93,20.5,260154,-42.33,46.0,0.927
2022-08-14T08:11:48.000,28.34,13.44,24.0,16.93,20.5,260155,-42.28,46.0,0.927
2022-08-14T08:12:49.000,28.37,13.46,24.09,16.93,20.5,260156,-42.22,46.0,0.927
2022-08-14T08:13:49.000,28.4,13.45,23.84,16.94,20.5,260157,-42.17,46.0,0.927
2022-08-14T08:14:49.000,28.42,13.38,23.86,16.94,20.5,260158,-42.11,46.0,0.927
2022-08-14T08:15:49.000,28.38,13.27,23.83,16.94,20.5,260159,-42.06,46.0,0.927
2022-08-14T08:16:49.000,28.34,13.19,23.4,16.96,20.5,260160,-42.0,47.0,0.927
2022-08-14T08:17:49.000,28.32,13.3,23.3,16.96,20.5,260161,-41.94,47.0,0.927
2022-08-14T08:18:49.000,28.3,13.26,23.07,16.97,20.5,260162,-41.88,47.0,0.927
2022-08-14T08:19:49.000,28.3,13.27,22.87,16.98,20.5,260163,-41.82,47.0,0.927
2022-08-14T08:21:49.000,28.29,13.37,22.58,17.0,20.5,260165,-41.69,47.0,0.927
2022-08-14T08:22:49.000,28.31,13.38,22.5,17.0,20.5,260166,-41.63,47.0,0.927
2022-08-14T08:23:50.000,28.34,13.37,22.43,17.0,20.5,260167,-41.56,47.0,0.927
2022-08-14T08:24:50.000,28.34,13.34,22.29,17.01,20.5,260168,-41.5,47.0,0.927
2022-08-14T08:25:50.000,28.33,13.31,22.23,17.01,20.5,260169,-41.43,47.0,0.927
2022-08-14T08:26:50.000,28.35,13.34,22.19,17.01,20.5,260170,-41.36,47.0,0.927
2022-08-14T08:27:50.000,28.37,13.38,22.18,17.02,20.5,260171,-41.29,48.0,0.927
2022-08-14T08:28:51.000,28.39,13.32,22.03,17.02,20.5,260172,-41.22,48.0,0.927
2022-08-14T08:29:51.000,28.4,13.31,21.71,17.04,20.5,260173,-41.15,48.0,0.927
2022-08-14T08:30:51.000,28.41,13.28,21.28,17.06,20.5,260174,-41.07,48.0,0.926
2022-08-14T08:35:52.000,28.3,13.04,21.44,17.05,20.5,260179,-40.69,48.0,0.926
2022-08-14T08:36:52.000,28.26,12.94,21.47,17.05,20.5,260180,-40.61,48.0,0.926
2022-08-14T08:38:52.000,28.14,12.91,21.1,17.07,20.5,260182,-40.45,49.0,0.926
2022-08-14T08:40:52.000,28.12,13.01,20.59,17.1,20.5,260184,-40.28,49.0,0.926
2022-08-14T08:42:52.000,28.09,13.0,20.66,17.09,20.5,260186,-40.11,49.0,0.926
2022-08-14T08:45:53.000,27.99,12.8,19.82,17.14,20.5,260189,-39.85,49.0,0.926
2022-08-14T08:46:53.000,27.94,12.63,19.52,17.15,20.5,260190,-39.76,49.0,0.926
2022-08-14T08:47:53.000,27.9,12.6,19.64,17.15,20.5,260191,-39.67,49.0,0.926
2022-08-14T08:48:53.000,27.89,12.53,19.32,17.17,20.5,260192,-39.58,49.0,0.926
2022-08-14T08:49:53.000,27.88,12.47,18.61,17.21,20.5,260193,-39.48,49.0,0.926
2022-08-14T08:51:53.000,27.84,12.27,17.89,17.25,20.5,260195,-39.3,49.0,0.926
2022-08-14T08:52:53.000,27.82,12.3,17.59,17.27,20.5,260196,-39.2,49.0,0.926
2022-08-14T08:55:00.000,27.86,12.27,16.88,17.31,20.5,260198,-39.0,50.0,0.926
2022-08-14T08:56:00.000,27.88,12.27,16.7,17.32,20.5,260199,-38.9,50.0,0.925
2022-08-14T08:58:00.000,27.91,11.88,17.59,17.27,20.5,260201,-38.7,50.0,0.925
2022-08-14T08:59:00.000,27.87,11.65,17.85,17.25,20.5,260202,-38.6,50.0,0.925
2022-08-14T09:00:01.000,27.82,11.54,17.0,17.3,20.5,260203,-38.5,50.0,0.925
2022-08-14T09:01:02.000,27.75,11.37,16.48,17.34,20.5,260204,-38.39,50.0,0.925
2022-08-14T09:02:02.000,27.68,11.22,16.76,17.32,20.5,260205,-38.29,50.0,0.925
2022-08-14T09:03:03.000,27.61,11.31,16.77,17.32,20.5,260206,-38.18,50.0,0.925
2022-08-14T09:04:05.000,27.62,11.44,16.36,17.35,20.5,260207,-38.07,50.0,0.925
2022-08-14T09:05:05.000,27.62,11.5,16.32,17.35,20.5,260208,-37.97,50.0,0.925
2022-08-14T09:06:06.000,27.65,11.51,15.89,17.38,20.5,260209,-37.86,50.0,0.925
2022-08-14T09:07:06.000,27.66,11.5,15.34,17.42,20.5,260210,-37.75,50.0,0.925
2022-08-14T09:08:06.000,27.64,11.42,15.03,17.44,20.5,260211,-37.64,50.0,0.925
2022-08-14T09:09:06.000,27.63,11.48,14.91,17.45,20.5,260212,-37.53,50.0,0.925
2022-08-14T09:10:06.000,27.62,11.59,15.09,17.43,20.5,260213,-37.42,50.0,0.925
2022-08-14T09:11:07.000,27.62,11.82,16.01,17.37,20.5,260214,-37.3,50.0,0.925
2022-08-14T09:12:07.000,27.64,12.1,18.01,17.24,20.5,260215,-37.19,50.0,0.925
2022-08-14T09:13:07.000,27.61,12.38,20.7,17.09,20.5,260216,-37.08,50.0,0.925
2022-08-14T09:14:09.000,27.62,12.91,22.93,16.98,20.5,260217,-36.96,50.0,0.925
2022-08-14T09:15:09.000,27.56,13.08,23.5,16.95,20.5,260218,-36.85,50.0,0.925
2022-08-14T09:16:09.000,27.55,13.45,24.16,16.92,20.5,260219,-36.73,51.0,0.925
2022-08-14T09:17:10.000,27.58,13.65,24.45,16.91,20.5,260220,-36.61,51.0,0.925
2022-08-14T09:18:10.000,27.57,13.55,24.55,16.9,20.5,260221,-36.49,51.0,0.925
2022-08-14T09:19:10.000,27.59,13.76,25.03,16.88,20.5,260222,-36.38,51.0,0.925
2022-08-14T09:20:11.000,27.59,13.69,26.09,16.84,20.5,260223,-36.25,51.0,0.924
2022-08-14T09:21:11.000,27.62,13.87,26.65,16.82,20.5,260224,-36.13,51.0,0.924
2022-08-14T09:22:11.000,27.66,13.88,26.45,16.82,20.5,260225,-36.01,51.0,0.924
2022-08-14T09:23:11.000,27.7,13.92,26.0,16.84,20.5,260226,-35.89,51.0,0.924
2022-08-14T09:24:12.000,27.73,13.78,25.26,16.87,20.5,260227,-35.77,51.0,0.924
2022-08-14T09:25:12.000,27.76,13.63,24.95,16.89,20.5,260228,-35.64,51.0,0.924
2022-08-14T09:26:12.000,27.79,13.42,25.23,16.88,20.5,260229,-35.52,51.0,0.924
2022-08-14T09:27:12.000,27.82,13.11,24.47,16.91,20.5,260230,-35.4,51.0,0.924
2022-08-14T09:33:13.000,27.71,12.17,19.56,17.15,20.5,260236,-34.63,51.0,0.924
2022-08-14T09:35:13.000,27.66,12.08,22.58,17.0,20.5,260238,-34.37,51.0,0.924
2022-08-14T09:36:13.000,27.67,11.84,21.96,17.03,20.5,260239,-34.24,51.0,0.924
2022-08-14T09:37:13.000,27.68,11.54,19.74,17.14,20.5,260240,-34.11,51.0,0.924
2022-08-14T09:38:14.000,27.69,11.11,17.04,17.3,20.5,260241,-33.97,51.0,0.924
2022-08-14T09:39:14.000,27.69,10.69,15.38,17.41,20.5,260242,-33.84,51.0,0.924
2022-08-14T09:40:14.000,27.68,10.39,14.49,17.48,20.5,260243,-33.71,51.0,0.924
2022-08-14T09:41:14.000,27.68,10.07,14.66,17.47,20.5,260244,-33.57,51.0,0.924
2022-08-14T09:42:15.000,27.67,9.86,14.49,17.48,20.5,260245,-33.43,51.0,0.924
2022-08-14T09:43:15.000,27.64,9.65,14.3,17.49,20.5,260246,-33.3,51.0,0.923
2022-08-14T09:44:15.000,27.6,9.52,14.46,17.48,20.5,260247,-33.16,51.0,0.923
2022-08-14T09:45:15.000,27.55,9.29,14.64,17.47,20.5,260248,-33.02,51.0,0.923
2022-08-14T09:46:16.000,27.55,9.28,14.23,17.5,20.5,260249,-32.88,51.0,0.923
2022-08-14T09:47:16.000,27.58,9.19,13.54,17.55,20.5,260250,-32.74,51.0,0.923
2022-08-14T09:48:16.000,27.57,8.98,13.01,17.59,20.5,260251,-32.6,51.0,0.923
2022-08-14T09:49:16.000,27.58,8.94,12.41,17.65,20.5,260252,-32.46,51.0,0.923
2022-08-14T09:50:17.000,27.58,8.76,12.25,17.66,20.5,260253,-32.32,51.0,0.923
2022-08-14T09:51:17.000,27.56,8.62,12.11,17.67,20.5,260254,-32.18,51.0,0.923
2022-08-14T09:52:17.000,27.53,8.54,12.36,17.65,20.5,260255,-32.04,51.0,0.923
2022-08-14T09:53:17.000,27.56,8.59,12.33,17.65,20.5,260256,-31.89,51.0,0.923
2022-08-14T09:54:17.000,27.54,8.5,12.34,17.65,20.5,260257,-31.75,51.0,0.923
2022-08-14T09:55:17.000,27.54,8.54,12.6,17.63,20.5,260258,-31.61,51.0,0.923
2022-08-14T09:56:18.000,27.54,8.57,12.99,17.6,20.5,260259,-31.46,51.0,0.923
2022-08-14T09:57:18.000,27.54,8.58,13.45,17.56,20.5,260260,-31.32,51.0,0.923
2022-08-14T09:58:18.000,27.55,8.68,14.02,17.51,20.5,260261,-31.17,51.0,0.923
2022-08-14T09:59:18.000,27.58,8.7,14.53,17.47,20.5,260262,-31.02,51.0,0.923
2022-08-14T10:00:18.000,27.57,8.74,15.13,17.43,20.5,260263,-30.88,50.0,0.923
2022-08-14T10:01:19.000,27.55,8.81,15.7,17.39,20.5,260264,-30.73,50.0,0.923
2022-08-14T10:02:19.000,27.54,9.01,16.02,17.37,20.5,260265,-30.58,50.0,0.923
2022-08-14T10:03:19.000,27.51,9.05,16.64,17.33,20.5,260266,-30.43,50.0,0.923
2022-08-14T10:04:20.000,27.49,9.16,17.37,17.28,20.5,260267,-30.28,50.0,0.923
2022-08-14T10:05:20.000,27.48,9.15,17.32,17.28,20.5,260268,-30.13,50.0,0.923
2022-08-14T10:06:20.000,27.48,9.19,16.25,17.35,20.5,260269,-29.98,50.0,0.923
2022-08-14T10:07:21.000,27.43,8.95,14.99,17.44,20.5,260270,-29.82,50.0,0.922
2022-08-14T10:08:21.000,27.34,8.91,14.58,17.47,20.5,260271,-29.67,50.0,0.922
2022-08-14T10:09:21.000,27.23,8.85,14.62,17.47,20.5,260272,-29.52,50.0,0.922
2022-08-14T10:10:21.000,27.1,8.88,14.63,17.47,20.5,260273,-29.37,50.0,0.922
2022-08-14T10:11:21.000,26.98,9.07,14.95,17.44,20.5,260274,-29.21,50.0,0.922
2022-08-14T10:12:22.000,26.91,9.28,15.16,17.43,20.5,260275,-29.06,50.0,0.922
2022-08-14T10:16:25.000,27.0,10.11,17.87,17.25,20.5,260279,-28.43,50.0,0.922
2022-08-14T10:18:32.000,27.0,9.78,14.38,17.49,20.5,260281,-28.1,50.0,0.922
2022-08-14T10:19:32.000,26.94,9.54,13.89,17.52,20.5,260282,-27.94,50.0,0.922
2022-08-14T10:20:32.000,26.91,9.41,12.93,17.6,20.5,260283,-27.78,50.0,0.922
2022-08-14T10:21:32.000,26.89,9.4,11.84,17.7,20.5,260284,-27.62,50.0,0.922
2022-08-14T10:22:32.000,26.92,9.43,12.07,17.68,20.5,260285,-27.46,49.0,0.922
2022-08-14T10:23:32.000,26.92,9.22,11.14,17.76,20.5,260286,-27.3,49.0,0.922
2022-08-14T10:24:33.000,26.93,9.08,10.91,17.79,20.5,260287,-27.14,49.0,0.922
2022-08-14T10:25:33.000,26.92,8.95,10.36,17.84,20.5,260288,-26.98,49.0,0.922
2022-08-14T10:37:41.000,26.68,8.01,12.0,17.68,20.5,260300,-24.99,48.0,0.921
2022-08-14T10:38:41.000,26.69,8.04,12.02,17.68,20.5,260301,-24.83,48.0,0.921
2022-08-14T10:39:41.000,26.65,7.79,11.44,17.73,20.5,260302,-24.66,48.0,0.921
2022-08-14T10:40:41.000,26.57,7.85,10.93,17.78,20.5,260303,-24.49,48.0,0.921
2022-08-14T10:41:41.000,26.52,7.55,10.45,17.83,20.5,260304,-24.32,48.0,0.921
2022-08-14T10:42:41.000,26.39,7.53,9.68,17.92,20.5,260305,-24.16,48.0,0.921
2022-08-14T10:43:41.000,26.36,7.74,10.24,17.85,20.5,260306,-23.99,48.0,0.921
2022-08-14T10:44:41.000,26.36,7.83,10.17,17.86,20.5,260307,-23.82,48.0,0.921
2022-08-14T10:45:45.000,26.38,7.8,10.07,17.87,20.5,260308,-23.64,48.0,0.921
2022-08-14T10:46:45.000,26.38,7.91,10.01,17.88,20.5,260309,-23.47,48.0,0.921
2022-08-14T10:47:45.000,26.42,7.96,9.77,17.91,20.5,260310,-23.3,48.0,0.921
2022-08-14T10:48:46.000,26.45,8.06,9.52,17.93,20.5,260311,-23.12,47.0,0.921
2022-08-14T10:49:46.000,26.53,8.16,9.3,17.96,20.5,260312,-22.95,47.0,0.921
2022-08-14T10:50:46.000,26.58,8.17,9.07,17.99,20.5,260313,-22.78,47.0,0.921
2022-08-14T10:51:46.000,26.63,8.2,9.03,17.99,20.5,260314,-22.61,47.0,0.921
2022-08-14T10:52:47.000,26.7,8.25,8.96,18.0,20.5,260315,-22.43,47.0,0.921
2022-08-14T10:53:47.000,26.74,8.24,8.94,18.0,20.5,260316,-22.26,47.0,0.921
2022-08-14T10:54:48.000,26.77,8.27,8.92,18.0,20.5,260317,-22.08,47.0,0.92
2022-08-14T10:57:49.000,26.84,8.13,8.81,18.02,20.5,260320,-21.56,47.0,0.92
