Downloads/jupyter/ECSV/stars19/stars19_2022-01.ecsv
# %ECSV 1.0
# ---
# datatype:
# - {name: time, datatype: string}
# - {name: Enclosure Temperature, unit: deg_C, datatype: float64}
# - {name: Sky Temperature, unit: deg_C, datatype: float64}
# - {name: Frequency, unit: Hz, datatype: float64}
# - {name: MSAS, unit: mag / arcsec2, datatype: float64}
# - {name: ZP, datatype: float64}
# - {name: Sequence Number, datatype: int64}
# - {name: Sun Alt, unit: deg, datatype: float64}
# - {name: Moon Alt, unit: deg, datatype: float64}
# - {name: Moon Illumination, datatype: float64}
# delimiter: ','
# meta: !!omap
# - ida:
#     Data supplier: {affiliation: null, observer: null}
#     Device type: TESS-W
#     Field of view: 17.0
#     Filters per channel: None
#     Instrument ID: stars19
#     License: ODbL 1.0 http://opendatacommons.org/licenses/odbl/summary/
#     Local timezone: America/Phoenix
#     Location name: {country: '- Tucson', place: Tucson, region: United States, sub_region: Arizona, town: Pima County}
#     Measurement direction per channel: {azimuth: 0.0, zenital: 0.0}
#     Moving / Fixed look direction: FIXED
#     Moving / Stationary position: STATIONARY
#     Number of channels: 1
#     Number of fields per line: 8
#     Number of header lines: 35
#     Position: {height: 0.0, latitude: 32.223877, longitude: -110.767532}
#     TESS MAC address: 18:FE:34:CF:EC:06
#     TESS cover offset value: 0.0
#     TESS firmware version: '1.0'
#     TESS zero point: 20.5
#     Time Synchronization: timestamp added by MQTT subscriber
#     URL: http://www.darksky.org/NSBM/sdf1.0.pdf
# - __serialized_columns__:
#     Enclosure Temperature:
#       __class__: astropy.units.quantity.Quantity
#       unit: &id001 !astropy.units.Unit {unit: deg_C}
#       value: !astropy.table.SerializedColumn {name: Enclosure Temperature}
#     Frequency:
#       __class__: astropy.units.quantity.Quantity
#       unit: !astropy.units.Unit {unit: Hz}
#       value: !astropy.table.SerializedColumn {name: Frequency}
#     MSAS:
#       __class__: astropy.units.quantity.Quantity
#       unit: !astropy.units.Unit {unit: mag / arcsec2}
#       value: !astropy.table.SerializedColumn {name: MSAS}
#     Moon Alt:
#       __class__: astropy.units.quantity.Quantity
#       unit: &id002 !astropy.units.Unit {unit: deg}
#       value: !astropy.table.SerializedColumn {name: Moon Alt}
#     Sky Temperature:
#       __class__: astropy.units.quantity.Quantity
#       unit: *id001
#       value: !astropy.table.SerializedColumn {name: Sky Temperature}
#     Sun Alt:
#       __class__: astropy.units.quantity.Quantity
#       unit: *id002
#       value: !astropy.table.SerializedColumn {name: Sun Alt}
#     time:
#       __class__: astropy.time.core.Time
#       format: isot
#       in_subfmt: '*'
#       out_subfmt: '*'
#       precision: 3
#       scale: utc
#       value: !astropy.table.SerializedColumn {name: time}
# schema: astropy-2.0
time,Enclosure Temperature,Sky Temperature,Frequency,MSAS,ZP,Sequence Number,Sun Alt,Moon Alt,Moon Illumination
[from data line 22438]
2022-01-27T02:18:14.000,15.03,-9.75,1.63,19.85,20.5,381120,-18.5,-77.0,0.332
2022-01-27T02:19:15.000,14.98,-9.57,1.65,19.83,20.5,381121,-18.71,-77.0,0.332
2022-01-27T02:20:18.000,14.94,-9.7,1.63,19.85,20.5,381122,-18.93,-77.0,0.332
2022-01-27T02:21:18.000,14.88,-9.66,1.63,19.85,20.5,381123,-19.13,-77.0,0.332
2022-01-27T02:22:18.000,14.86,-9.61,1.64,19.84,20.5,381124,-19.34,-77.0,0.332
2022-01-27T02:23:18.000,14.85,-9.58,1.72,19.79,20.5,381125,-19.55,-77.0,0.332
2022-01-27T02:24:18.000,14.82,-9.52,1.68,19.82,20.5,381126,-19.76,-77.0,0.332
2022-01-27T02:25:18.000,14.79,-9.4,1.76,19.76,20.5,381127,-19.97,-77.0,0.331
2022-01-27T02:26:18.000,14.78,-9.1,1.82,19.73,20.5,381128,-20.18,-77.0,0.331
2022-01-27T02:27:18.000,14.74,-9.09,1.8,19.74,20.5,381129,-20.38,-77.0,0.331
2022-01-27T02:28:18.000,14.67,-9.07,1.78,19.75,20.5,381130,-20.59,-77.0,0.331
2022-01-27T02:29:18.000,14.64,-8.92,1.78,19.75,20.5,381131,-20.8,-77.0,0.331
2022-01-27T02:30:18.000,14.61,-8.94,1.81,19.74,20.5,381132,-21.01,-77.0,0.331
2022-01-27T02:31:18.000,14.59,-8.89,1.83,19.72,20.5,381133,-21.22,-77.0,0.331
2022-01-27T02:32:18.000,14.57,-8.78,1.8,19.74,20.5,381134,-21.43,-77.0,0.331
2022-01-27T02:33:19.000,14.55,-8.71,1.81,19.73,20.5,381135,-21.64,-77.0,0.331
2022-01-27T02:35:24.000,14.43,-8.9,2.08,19.58,20.5,381137,-22.07,-77.0,0.331
2022-01-27T02:36:24.000,14.35,-8.93,2.12,19.57,20.5,381138,-22.28,-77.0,0.331
2022-01-27T02:37:24.000,14.28,-9.04,2.21,19.52,20.5,381139,-22.49,-77.0,0.331
2022-01-27T02:38:24.000,14.22,-8.94,2.39,19.43,20.5,381140,-22.7,-77.0,0.33
2022-01-27T02:39:24.000,14.18,-8.76,2.56,19.36,20.5,381141,-22.91,-77.0,0.33
2022-01-27T02:40:25.000,14.14,-8.49,2.83,19.25,20.5,381142,-23.12,-77.0,0.33
2022-01-27T02:41:25.000,14.11,-8.25,2.95,19.21,20.5,381143,-23.33,-77.0,0.33
2022-01-27T02:42:25.000,14.1,-7.96,3.1,19.15,20.5,381144,-23.54,-77.0,0.33
2022-01-27T02:43:25.000,14.09,-8.02,2.74,19.29,20.5,381145,-23.75,-77.0,0.33
2022-01-27T02:44:29.000,14.08,-8.23,2.27,19.49,20.5,381146,-23.98,-77.0,0.33
2022-01-27T02:45:30.000,14.06,-8.67,1.98,19.64,20.5,381147,-24.19,-77.0,0.33
2022-01-27T02:46:29.000,14.04,-8.98,1.83,19.73,20.5,381148,-24.39,-77.0,0.33
2022-01-27T02:47:29.000,14.03,-9.16,1.79,19.75,20.5,381149,-24.6,-77.0,0.33
2022-01-27T02:48:30.000,14.02,-9.19,1.9,19.69,20.5,381150,-24.82,-77.0,0.33
2022-01-27T02:49:30.000,14.01,-9.14,2.25,19.5,20.5,381151,-25.03,-77.0,0.33
2022-01-27T02:50:30.000,13.99,-9.0,2.41,19.43,20.5,381152,-25.24,-77.0,0.33
2022-01-27T02:51:30.000,14.01,-9.0,2.1,19.57,20.5,381153,-25.45,-77.0,0.329
2022-01-27T02:52:30.000,14.01,-9.26,1.87,19.7,20.5,381154,-25.66,-77.0,0.329
2022-01-27T02:53:30.000,13.98,-9.56,1.82,19.73,20.5,381155,-25.87,-77.0,0.329
2022-01-27T02:54:30.000,13.96,-9.65,1.79,19.75,20.5,381156,-26.08,-77.0,0.329
2022-01-27T02:55:30.000,13.95,-9.76,1.77,19.76,20.5,381157,-26.29,-77.0,0.329
2022-01-27T02:56:30.000,13.9,-9.84,1.75,19.77,20.5,381158,-26.5,-77.0,0.329
2022-01-27T02:57:30.000,13.86,-9.77,1.77,19.76,20.5,381159,-26.71,-77.0,0.329
2022-01-27T02:58:30.000,13.81,-9.6,1.85,19.71,20.5,381160,-26.92,-77.0,0.329
2022-01-27T02:59:30.000,13.8,-9.34,1.99,19.63,20.5,381161,-27.13,-76.0,0.329
2022-01-27T03:00:30.000,13.8,-8.94,2.14,19.55,20.5,381162,-27.34,-76.0,0.329
2022-01-27T03:01:30.000,13.83,-8.69,2.31,19.47,20.5,381163,-27.55,-76.0,0.329
2022-01-27T03:02:30.000,13.86,-8.43,2.39,19.43,20.5,381164,-27.76,-76.0,0.329
2022-01-27T03:03:30.000,13.87,-8.35,2.39,19.43,20.5,381165,-27.97,-76.0,0.329
2022-01-27T03:04:31.000,13.85,-8.42,2.4,19.43,20.5,381166,-28.18,-76.0,0.329
2022-01-27T03:05:31.000,13.83,-8.4,2.37,19.44,20.5,381167,-28.4,-76.0,0.328
2022-01-27T03:06:31.000,13.78,-8.56,2.43,19.42,20.5,381168,-28.61,-76.0,0.328
2022-01-27T03:07:31.000,13.76,-8.39,2.54,19.37,20.5,381169,-28.82,-76.0,0.328
2022-01-27T03:08:31.000,13.77,-8.3,2.54,19.37,20.5,381170,-29.03,-76.0,0.328
2022-01-27T03:09:31.000,13.76,-8.3,2.53,19.37,20.5,381171,-29.24,-76.0,0.328
2022-01-27T03:10:31.000,13.75,-8.26,2.71,19.3,20.5,381172,-29.45,-76.0,0.328
2022-01-27T03:11:31.000,13.73,-8.03,2.89,19.23,20.5,381173,-29.66,-75.0,0.328
2022-01-27T03:12:31.000,13.73,-7.99,2.92,19.22,20.5,381174,-29.87,-75.0,0.328
2022-01-27T03:13:31.000,13.74,-7.91,3.0,19.19,20.5,381175,-30.08,-75.0,0.328
2022-01-27T03:14:31.000,13.74,-7.85,3.05,19.17,20.5,381176,-30.29,-75.0,0.328
2022-01-27T03:15:31.000,13.74,-7.8,3.21,19.11,20.5,381177,-30.5,-75.0,0.328
2022-01-27T03:16:31.000,13.73,-7.68,3.38,19.06,20.5,381178,-30.71,-75.0,0.328
2022-01-27T03:17:31.000,13.72,-7.52,3.9,18.9,20.5,381179,-30.92,-75.0,0.328
2022-01-27T03:19:36.000,13.7,-7.06,5.06,18.62,20.5,381181,-31.36,-75.0,0.327
2022-01-27T03:20:37.000,13.66,-6.84,5.25,18.58,20.5,381182,-31.58,-74.0,0.327
2022-01-27T03:21:37.000,13.65,-6.63,5.73,18.49,20.5,381183,-31.79,-74.0,0.327
2022-01-27T03:22:37.000,13.68,-6.45,5.94,18.44,20.5,381184,-32.0,-74.0,0.327
2022-01-27T03:24:37.000,13.64,-6.32,6.87,18.29,20.5,381186,-32.42,-74.0,0.327
2022-01-27T03:25:37.000,13.66,-6.13,6.68,18.32,20.5,381187,-32.63,-74.0,0.327
2022-01-27T03:26:37.000,13.71,-6.22,6.25,18.39,20.5,381188,-32.85,-74.0,0.327
2022-01-27T03:27:37.000,13.73,-6.34,5.72,18.49,20.5,381189,-33.06,-73.0,0.327
2022-01-27T03:29:37.000,13.73,-6.57,5.59,18.51,20.5,381191,-33.48,-73.0,0.327
2022-01-27T03:33:38.000,13.72,-6.79,5.63,18.5,20.5,381195,-34.33,-73.0,0.326
2022-01-27T03:34:38.000,13.67,-6.75,5.98,18.44,20.5,381196,-34.54,-72.0,0.326
2022-01-27T03:36:38.000,13.6,-6.99,5.27,18.57,20.5,381198,-34.96,-72.0,0.326
2022-01-27T03:40:44.000,13.54,-7.51,5.03,18.63,20.5,381202,-35.83,-72.0,0.326
2022-01-27T03:41:44.000,13.53,-7.72,4.41,18.77,20.5,381203,-36.04,-71.0,0.326
2022-01-27T03:42:44.000,13.5,-7.91,4.09,18.85,20.5,381204,-36.25,-71.0,0.326
2022-01-27T03:43:44.000,13.49,-8.07,3.97,18.88,20.5,381205,-36.46,-71.0,0.326
2022-01-27T03:44:44.000,13.47,-8.24,3.67,18.97,20.5,381206,-36.67,-71.0,0.325
2022-01-27T03:45:44.000,13.45,-8.32,3.78,18.94,20.5,381207,-36.89,-71.0,0.325
2022-01-27T03:46:44.000,13.45,-8.38,3.84,18.92,20.5,381208,-37.1,-71.0,0.325
2022-01-27T03:48:44.000,13.43,-8.33,4.25,18.81,20.5,381210,-37.52,-70.0,0.325
2022-01-27T03:49:44.000,13.41,-8.25,4.34,18.79,20.5,381211,-37.73,-70.0,0.325
2022-01-27T03:50:44.000,13.39,-8.29,4.17,18.83,20.5,381212,-37.94,-70.0,0.325
2022-01-27T03:51:44.000,13.37,-8.27,3.96,18.89,20.5,381213,-38.15,-70.0,0.325
2022-01-27T03:52:44.000,13.36,-8.3,3.96,18.88,20.5,381214,-38.37,-70.0,0.325
2022-01-27T03:53:44.000,13.36,-8.39,4.08,18.85,20.5,381215,-38.58,-69.0,0.325
2022-01-27T03:54:45.000,13.35,-8.46,3.87,18.91,20.5,381216,-38.79,-69.0,0.325
2022-01-27T03:55:45.000,13.32,-8.59,4.19,18.83,20.5,381217,-39.0,-69.0,0.325
2022-01-27T03:56:45.000,13.3,-8.63,3.84,18.92,20.5,381218,-39.21,-69.0,0.325
2022-01-27T03:57:45.000,13.26,-8.65,4.05,18.86,20.5,381219,-39.43,-69.0,0.325
2022-01-27T03:58:45.000,13.25,-8.65,3.58,19.0,20.5,381220,-39.64,-69.0,0.324
2022-01-27T03:59:45.000,13.21,-8.92,3.53,19.02,20.5,381221,-39.85,-68.0,0.324
2022-01-27T04:00:45.000,13.16,-9.28,2.7,19.3,20.5,381222,-40.06,-68.0,0.324
2022-01-27T04:01:45.000,13.12,-9.61,2.28,19.49,20.5,381223,-40.27,-68.0,0.324
2022-01-27T04:02:45.000,13.07,-10.06,2.12,19.56,20.5,381224,-40.48,-68.0,0.324
2022-01-27T04:03:45.000,13.0,-10.48,2.05,19.6,20.5,381225,-40.69,-68.0,0.324
2022-01-27T04:04:46.000,12.95,-10.6,2.11,19.57,20.5,381226,-40.91,-68.0,0.324
2022-01-27T04:05:46.000,12.9,-10.6,2.09,19.58,20.5,381227,-41.12,-67.0,0.324
2022-01-27T04:06:46.000,12.85,-10.73,1.9,19.68,20.5,381228,-41.33,-67.0,0.324
2022-01-27T04:07:46.000,12.8,-10.99,1.69,19.81,20.5,381229,-41.54,-67.0,0.324
2022-01-27T04:08:46.000,12.73,-11.16,1.51,19.93,20.5,381230,-41.75,-67.0,0.324
2022-01-27T04:09:46.000,12.67,-11.39,1.45,19.98,20.5,381231,-41.96,-67.0,0.324
2022-01-27T04:10:46.000,12.58,-11.6,1.43,19.99,20.5,381232,-42.17,-67.0,0.324
2022-01-27T04:11:46.000,12.51,-11.56,1.42,20.0,20.5,381233,-42.38,-66.0,0.323
2022-01-27T04:12:46.000,12.45,-11.67,1.41,20.0,20.5,381234,-42.6,-66.0,0.323
2022-01-27T04:13:46.000,12.37,-11.77,1.41,20.01,20.5,381235,-42.81,-66.0,0.323
2022-01-27T04:14:46.000,12.26,-11.97,1.41,20.01,20.5,381236,-43.02,-66.0,0.323
2022-01-27T04:15:46.000,12.18,-11.86,1.41,20.01,20.5,381237,-43.23,-66.0,0.323
2022-01-27T04:16:46.000,12.1,-11.99,1.41,20.01,20.5,381238,-43.44,-65.0,0.323
2022-01-27T04:17:46.000,12.02,-11.91,1.4,20.01,20.5,381239,-43.65,-65.0,0.323
2022-01-27T04:18:47.000,11.96,-11.93,1.4,20.02,20.5,381240,-43.86,-65.0,0.323
2022-01-27T04:19:46.000,11.92,-11.9,1.4,20.02,20.5,381241,-44.07,-65.0,0.323
2022-01-27T04:20:47.000,11.87,-11.89,1.39,20.02,20.5,381242,-44.28,-65.0,0.323
2022-01-27T04:21:51.000,11.81,-11.97,1.4,20.02,20.5,381243,-44.51,-65.0,0.323
2022-01-27T04:22:51.000,11.78,-11.84,1.4,20.01,20.5,381244,-44.72,-64.0,0.323
2022-01-27T04:23:51.000,11.74,-11.91,1.4,20.01,20.5,381245,-44.93,-64.0,0.323
2022-01-27T04:24:51.000,11.65,-12.01,1.44,19.99,20.5,381246,-45.14,-64.0,0.322
2022-01-27T04:25:51.000,11.6,-11.95,1.43,19.99,20.5,381247,-45.35,-64.0,0.322
2022-01-27T04:26:51.000,11.57,-11.89,1.42,20.0,20.5,381248,-45.56,-64.0,0.322
2022-01-27T04:27:51.000,11.55,-11.94,1.42,20.0,20.5,381249,-45.77,-63.0,0.322
2022-01-27T04:28:51.000,11.48,-12.06,1.42,20.0,20.5,381250,-45.98,-63.0,0.322
2022-01-27T04:29:52.000,11.42,-12.09,1.42,20.0,20.5,381251,-46.19,-63.0,0.322
2022-01-27T04:30:52.000,11.36,-12.15,1.41,20.0,20.5,381252,-46.4,-63.0,0.322
2022-01-27T04:31:52.000,11.32,-12.07,1.41,20.0,20.5,381253,-46.61,-63.0,0.322
2022-01-27T04:32:52.000,11.27,-12.21,1.42,20.0,20.5,381254,-46.82,-63.0,0.322
2022-01-27T04:33:52.000,11.21,-12.13,1.43,19.99,20.5,381255,-47.03,-62.0,0.322
2022-01-27T04:34:52.000,11.17,-12.11,1.42,20.0,20.5,381256,-47.24,-62.0,0.322
2022-01-27T04:35:52.000,11.14,-12.09,1.41,20.01,20.5,381257,-47.45,-62.0,0.322
2022-01-27T04:36:52.000,11.11,-12.09,1.43,19.99,20.5,381258,-47.66,-62.0,0.322
2022-01-27T04:37:52.000,11.09,-12.09,1.44,19.98,20.5,381259,-47.87,-62.0,0.322
2022-01-27T04:38:52.000,11.05,-12.11,1.42,20.0,20.5,381260,-48.08,-61.0,0.321
2022-01-27T04:39:53.000,11.0,-12.09,1.41,20.01,20.5,381261,-48.29,-61.0,0.321
2022-01-27T04:40:52.000,10.95,-12.16,1.41,20.01,20.5,381262,-48.5,-61.0,0.321
2022-01-27T04:41:53.000,10.92,-12.03,1.48,19.95,20.5,381263,-48.71,-61.0,0.321
2022-01-27T04:42:53.000,10.92,-11.94,1.63,19.85,20.5,381264,-48.92,-61.0,0.321
2022-01-27T04:44:58.000,10.9,-11.85,1.61,19.86,20.5,381266,-49.35,-60.0,0.321
2022-01-27T04:45:59.000,10.87,-11.96,1.52,19.93,20.5,381267,-49.57,-60.0,0.321
2022-01-27T04:46:59.000,10.87,-11.84,1.52,19.93,20.5,381268,-49.78,-60.0,0.321
2022-01-27T04:47:59.000,10.89,-11.88,1.54,19.91,20.5,381269,-49.98,-60.0,0.321
2022-01-27T04:48:59.000,10.87,-11.98,1.58,19.88,20.5,381270,-50.19,-59.0,0.321
2022-01-27T04:49:59.000,10.86,-11.94,1.58,19.88,20.5,381271,-50.4,-59.0,0.321
2022-01-27T04:50:59.000,10.86,-11.92,1.49,19.95,20.5,381272,-50.61,-59.0,0.321
2022-01-27T04:51:59.000,10.89,-11.92,1.4,20.01,20.5,381273,-50.82,-59.0,0.32
2022-01-27T04:52:59.000,10.9,-12.01,1.38,20.03,20.5,381274,-51.02,-59.0,0.32
2022-01-27T04:53:59.000,10.91,-12.01,1.38,20.03,20.5,381275,-51.23,-59.0,0.32
2022-01-27T04:54:59.000,10.92,-12.12,1.37,20.04,20.5,381276,-51.44,-58.0,0.32
2022-01-27T05:19:07.000,10.79,-12.46,1.29,20.1,20.5,381300,-56.4,-54.0,0.318
2022-01-27T05:22:08.000,10.77,-12.35,1.31,20.09,20.5,381303,-57.01,-53.0,0.318
2022-01-27T05:23:08.000,10.75,-12.42,1.32,20.08,20.5,381304,-57.22,-53.0,0.318
2022-01-27T05:24:08.000,10.75,-12.4,1.34,20.06,20.5,381305,-57.42,-53.0,0.318
2022-01-27T05:25:08.000,10.74,-12.39,1.34,20.06,20.5,381306,-57.62,-52.0,0.318
2022-01-27T05:26:08.000,10.74,-12.39,1.31,20.09,20.5,381307,-57.82,-52.0,0.318
2022-01-27T05:27:08.000,10.72,-12.41,1.3,20.1,20.5,381308,-58.02,-52.0,0.318
2022-01-27T05:28:08.000,10.71,-12.43,1.3,20.1,20.5,381309,-58.23,-52.0,0.318
2022-01-27T05:29:08.000,10.7,-12.46,1.29,20.1,20.5,381310,-58.43,-52.0,0.318
2022-01-27T05:30:08.000,10.7,-12.48,1.28,20.11,20.5,381311,-58.63,-51.0,0.318
2022-01-27T05:31:09.000,10.7,-12.51,1.28,20.11,20.5,381312,-58.83,-51.0,0.318
2022-01-27T05:32:09.000,10.7,-12.53,1.28,20.11,20.5,381313,-59.03,-51.0,0.317
2022-01-27T05:33:09.000,10.69,-12.55,1.28,20.11,20.5,381314,-59.23,-51.0,0.317
2022-01-27T05:34:09.000,10.69,-12.55,1.35,20.06,20.5,381315,-59.43,-51.0,0.317
2022-01-27T05:36:09.000,10.64,-12.61,1.26,20.13,20.5,381317,-59.83,-50.0,0.317
2022-01-27T05:37:09.000,10.64,-12.58,1.26,20.13,20.5,381318,-60.03,-50.0,0.317
2022-01-27T05:38:09.000,10.64,-12.61,1.26,20.13,20.5,381319,-60.23,-50.0,0.317
2022-01-27T05:39:09.000,10.62,-12.68,1.26,20.13,20.5,381320,-60.42,-50.0,0.317
2022-01-27T05:41:09.000,10.6,-12.6,1.25,20.14,20.5,381322,-60.82,-49.0,0.317
2022-01-27T05:42:09.000,10.6,-12.64,1.25,20.14,20.5,381323,-61.02,-49.0,0.317
2022-01-27T05:43:09.000,10.59,-12.66,1.25,20.14,20.5,381324,-61.21,-49.0,0.317
2022-01-27T05:44:10.000,10.59,-12.64,1.25,20.14,20.5,381325,-61.41,-49.0,0.317
2022-01-27T05:45:09.000,10.59,-12.7,1.25,20.14,20.5,381326,-61.6,-48.0,0.316
2022-01-27T05:46:09.000,10.57,-12.81,1.25,20.14,20.5,381327,-61.8,-48.0,0.316
2022-01-27T05:47:09.000,10.57,-12.84,1.25,20.14,20.5,381328,-62.0,-48.0,0.316
2022-01-27T05:49:10.000,10.5,-12.91,1.24,20.14,20.5,381330,-62.39,-48.0,0.316
2022-01-27T05:50:10.000,10.44,-12.99,1.25,20.14,20.5,381331,-62.58,-47.0,0.316
2022-01-27T05:51:10.000,10.42,-12.91,1.24,20.14,20.5,381332,-62.77,-47.0,0.316
2022-01-27T05:52:10.000,10.39,-13.06,1.24,20.14,20.5,381333,-62.97,-47.0,0.316
2022-01-27T05:53:10.000,10.35,-12.95,1.24,20.14,20.5,381334,-63.16,-47.0,0.316
2022-01-27T05:54:10.000,10.34,-12.93,1.24,20.14,20.5,381335,-63.35,-47.0,0.316
2022-01-27T05:55:10.000,10.33,-12.92,1.25,20.14,20.5,381336,-63.54,-46.0,0.316
2022-01-27T05:56:10.000,10.3,-12.99,1.25,20.14,20.5,381337,-63.73,-46.0,0.316
2022-01-27T05:57:10.000,10.28,-13.06,1.25,20.14,20.5,381338,-63.92,-46.0,0.316
2022-01-27T05:58:10.000,10.2,-13.24,1.24,20.14,20.5,381339,-64.11,-46.0,0.316
2022-01-27T05:59:10.000,10.18,-13.12,1.24,20.15,20.5,381340,-64.3,-46.0,0.315
2022-01-27T06:00:11.000,10.14,-13.22,1.23,20.15,20.5,381341,-64.49,-45.0,0.315
2022-01-27T06:01:11.000,10.11,-13.2,1.22,20.16,20.5,381342,-64.68,-45.0,0.315
2022-01-27T06:02:11.000,10.1,-13.2,1.22,20.16,20.5,381343,-64.87,-45.0,0.315
2022-01-27T06:03:11.000,10.09,-13.21,1.22,20.17,20.5,381344,-65.06,-45.0,0.315
2022-01-27T06:04:11.000,10.08,-13.21,1.22,20.16,20.5,381345,-65.24,-45.0,0.315
2022-01-27T06:05:11.000,10.06,-13.28,1.22,20.17,20.5,381346,-65.43,-44.0,0.315
2022-01-27T06:06:11.000,10.01,-13.43,1.22,20.17,20.5,381347,-65.62,-44.0,0.315
2022-01-27T06:07:11.000,10.06,-13.56,1.21,20.17,20.5,381348,-65.8,-44.0,0.315
2022-01-27T06:08:11.000,10.29,-13.76,1.21,20.17,20.5,381349,-65.98,-44.0,0.315
2022-01-27T06:09:11.000,10.5,-13.55,1.21,20.17,20.5,381350,-66.17,-44.0,0.315
2022-01-27T06:10:11.000,10.61,-13.4,1.21,20.17,20.5,381351,-66.35,-43.0,0.315
2022-01-27T06:11:11.000,10.64,-13.49,1.21,20.17,20.5,381352,-66.53,-43.0,0.315
2022-01-27T06:12:11.000,10.63,-13.41,1.21,20.17,20.5,381353,-66.71,-43.0,0.314
2022-01-27T06:13:11.000,10.57,-13.58,1.21,20.17,20.5,381354,-66.89,-43.0,0.314
2022-01-27T06:14:11.000,10.47,-13.43,1.21,20.17,20.5,381355,-67.07,-43.0,0.314
2022-01-27T06:15:11.000,10.39,-13.48,1.21,20.17,20.5,381356,-67.25,-42.0,0.314
2022-01-27T06:16:12.000,10.31,-13.46,1.21,20.18,20.5,381357,-67.43,-42.0,0.314
2022-01-27T06:17:12.000,10.24,-13.51,1.21,20.18,20.5,381358,-67.61,-42.0,0.314
2022-01-27T06:18:12.000,10.16,-13.51,1.2,20.18,20.5,381359,-67.79,-42.0,0.314
2022-01-27T06:19:12.000,10.07,-13.6,1.2,20.18,20.5,381360,-67.96,-42.0,0.314
2022-01-27T06:20:13.000,9.96,-13.73,1.2,20.18,20.5,381361,-68.14,-41.0,0.314
2022-01-27T06:21:12.000,10.18,-13.84,1.2,20.18,20.5,381362,-68.31,-41.0,0.314
2022-01-27T06:22:13.000,10.66,-13.68,1.2,20.18,20.5,381363,-68.49,-41.0,0.314
2022-01-27T06:23:12.000,10.96,-13.67,1.2,20.18,20.5,381364,-68.65,-41.0,0.314
