Downloads/jupyter/ECSV/stars19/stars19_2020-11.ecsv
# %ECSV 1.0
# ---
# datatype:
# - {name: time, datatype: string}
# - {name: Enclosure Temperature, unit: deg_C, datatype: float64}
# - {name: Sky Temperature, unit: deg_C, datatype: float64}
# - {name: Frequency, unit: Hz, datatype: float64}
# - {name: MSAS, unit: mag / arcsec2, datatype: float64}
# - {name: ZP, datatype: float64}
# - {name: Sequence Number, datatype: int64}
# - {name: Sun Alt, unit: deg, datatype: float64}
# - {name: Moon Alt, unit: deg, datatype: float64}
# - {name: Moon Illumination, datatype: float64}
# delimiter: ','
# meta: !!omap
# - ida:
#     Data supplier: {affiliation: null, observer: null}
#     Device type: TESS-W
#     Field of view: 17.0
#     Filters per channel: None
#     Instrument ID: stars19
#     License: ODbL 1.0 http://opendatacommons.org/licenses/odbl/summary/
#     Local timezone: America/Phoenix
#     Location name: {country: '- Tucson', place: Tucson, region: United States, sub_region: Arizona, town: Pima County}
#     Measurement direction per channel: {azimuth: 0.0, zenital: 0.0}
#     Moving / Fixed look direction: FIXED
#     Moving / Stationary position: STATIONARY
#     Number of channels: 1
#     Number of fields per line: 8
#     Number of header lines: 35
#     Position: {height: 0.0, latitude: 32.223877, longitude: -110.767532}
#     TESS MAC address: 18:FE:34:CF:EC:06
#     TESS cover offset value: 0.0
#     TESS firmware version: '1.0'
#     TESS zero point: 20.5
#     Time Synchronization: timestamp added by MQTT subscriber
#     URL: http://www.darksky.org/NSBM/sdf1.0.pdf
# - __serialized_columns__:
#     Enclosure Temperature:
#       __class__: astropy.units.quantity.Quantity
#       unit: &id001 !astropy.units.Unit {unit: deg_C}
#       value: !astropy.table.SerializedColumn {name: Enclosure Temperature}
#     Frequency:
#       __class__: astropy.units.quantity.Quantity
#       unit: !astropy.units.Unit {unit: Hz}
#       value: !astropy.table.SerializedColumn {name: Frequency}
#     MSAS:
#       __class__: astropy.units.quantity.Quantity
#       unit: !astropy.units.Unit {unit: mag / arcsec2}
#       value: !astropy.table.SerializedColumn {name: MSAS}
#     Moon Alt:
#       __class__: astropy.units.quantity.Quantity
#       unit: &id002 !astropy.units.Unit {unit: deg}
#       value: !astropy.table.SerializedColumn {name: Moon Alt}
#     Sky Temperature:
#       __class__: astropy.units.quantity.Quantity
#       unit: *id001
#       value: !astropy.table.SerializedColumn {name: Sky Temperature}
#     Sun Alt:
#       __class__: astropy.units.quantity.Quantity
#       unit: *id002
#       value: !astropy.table.SerializedColumn {name: Sun Alt}
#     time:
#       __class__: astropy.time.core.Time
#       format: isot
#       in_subfmt: '*'
#       out_subfmt: '*'
#       precision: 3
#       scale: utc
#       value: !astropy.table.SerializedColumn {name: time}
# schema: astropy-2.0
time,Enclosure Temperature,Sky Temperature,Frequency,MSAS,ZP,Sequence Number,Sun Alt,Moon Alt,Moon Illumination
[from data line 21240]
2020-11-26T05:17:48.000,13.54,-8.38,15.46,17.41,20.5,138154,-62.56,57.0,0.85
2020-11-26T05:18:48.000,13.52,-8.35,15.4,17.41,20.5,138155,-62.77,57.0,0.85
2020-11-26T05:19:48.000,13.5,-8.33,15.31,17.42,20.5,138156,-62.97,57.0,0.85
2020-11-26T05:20:48.000,13.48,-8.33,15.23,17.42,20.5,138157,-63.17,57.0,0.85
2020-11-26T05:21:48.000,13.47,-8.26,15.14,17.43,20.5,138158,-63.37,57.0,0.85
2020-11-26T05:22:48.000,13.45,-8.32,15.02,17.44,20.5,138159,-63.57,57.0,0.85
2020-11-26T05:23:48.000,13.44,-8.29,14.9,17.45,20.5,138160,-63.77,57.0,0.851
2020-11-26T05:24:48.000,13.42,-8.29,14.75,17.46,20.5,138161,-63.97,56.0,0.851
2020-11-26T05:25:48.000,13.4,-8.34,14.61,17.47,20.5,138162,-64.17,56.0,0.851
2020-11-26T05:27:49.000,13.36,-8.42,14.43,17.48,20.5,138164,-64.57,56.0,0.851
2020-11-26T05:28:49.000,13.35,-8.36,14.3,17.49,20.5,138165,-64.77,56.0,0.851
2020-11-26T05:30:49.000,13.27,-8.38,14.02,17.51,20.5,138167,-65.17,56.0,0.851
2020-11-26T05:31:49.000,13.23,-8.41,13.86,17.53,20.5,138168,-65.37,56.0,0.851
2020-11-26T05:32:49.000,13.17,-8.49,13.74,17.53,20.5,138169,-65.56,56.0,0.851
2020-11-26T05:33:49.000,13.12,-8.37,13.64,17.54,20.5,138170,-65.76,55.0,0.851
2020-11-26T05:34:49.000,13.08,-8.38,13.54,17.55,20.5,138171,-65.96,55.0,0.851
2020-11-26T05:36:49.000,13.02,-8.39,13.36,17.57,20.5,138173,-66.35,55.0,0.851
2020-11-26T05:37:49.000,13.0,-8.32,13.27,17.57,20.5,138174,-66.55,55.0,0.851
2020-11-26T05:38:49.000,12.99,-8.29,13.17,17.58,20.5,138175,-66.74,55.0,0.851
2020-11-26T05:39:49.000,12.99,-8.33,13.05,17.59,20.5,138176,-66.93,55.0,0.851
2020-11-26T05:41:50.000,12.96,-8.35,12.87,17.61,20.5,138178,-67.32,54.0,0.851
2020-11-26T05:42:50.000,12.95,-8.31,12.78,17.61,20.5,138179,-67.52,54.0,0.851
2020-11-26T05:43:50.000,12.94,-8.34,12.68,17.62,20.5,138180,-67.71,54.0,0.851
2020-11-26T05:44:50.000,12.94,-8.32,12.54,17.63,20.5,138181,-67.9,54.0,0.852
2020-11-26T05:45:50.000,12.93,-8.36,12.38,17.65,20.5,138182,-68.09,54.0,0.852
2020-11-26T05:46:50.000,12.94,-8.31,12.26,17.66,20.5,138183,-68.28,54.0,0.852
2020-11-26T05:47:50.000,12.91,-8.36,12.1,17.67,20.5,138184,-68.47,54.0,0.852
2020-11-26T05:48:50.000,12.88,-8.42,11.93,17.69,20.5,138185,-68.66,54.0,0.852
2020-11-26T05:49:50.000,12.87,-8.31,11.74,17.71,20.5,138186,-68.85,53.0,0.852
2020-11-26T05:50:50.000,12.88,-8.33,11.52,17.73,20.5,138187,-69.04,53.0,0.852
2020-11-26T05:51:50.000,12.88,-8.48,11.27,17.75,20.5,138188,-69.23,53.0,0.852
2020-11-26T05:52:50.000,12.88,-8.49,10.96,17.78,20.5,138189,-69.41,53.0,0.852
2020-11-26T05:53:50.000,12.89,-8.64,10.63,17.81,20.5,138190,-69.6,53.0,0.852
2020-11-26T05:54:50.000,12.87,-8.83,10.29,17.85,20.5,138191,-69.79,53.0,0.852
2020-11-26T05:55:50.000,12.83,-8.95,9.97,17.88,20.5,138192,-69.97,53.0,0.852
2020-11-26T05:56:50.000,12.82,-8.8,9.68,17.92,20.5,138193,-70.15,52.0,0.852
2020-11-26T05:57:50.000,12.84,-8.64,9.43,17.94,20.5,138194,-70.34,52.0,0.852
2020-11-26T05:58:50.000,12.83,-8.84,9.2,17.97,20.5,138195,-70.52,52.0,0.852
2020-11-26T05:59:50.000,12.82,-8.61,8.97,18.0,20.5,138196,-70.7,52.0,0.852
2020-11-26T06:00:51.000,12.86,-8.5,8.8,18.02,20.5,138197,-70.88,52.0,0.852
2020-11-26T06:01:51.000,12.89,-8.57,8.67,18.04,20.5,138198,-71.06,52.0,0.852
2020-11-26T06:02:51.000,12.9,-8.64,8.52,18.05,20.5,138199,-71.24,52.0,0.852
2020-11-26T06:03:51.000,12.87,-8.67,8.31,18.08,20.5,138200,-71.42,51.0,0.852
2020-11-26T06:04:51.000,12.88,-8.66,8.19,18.1,20.5,138201,-71.6,51.0,0.852
2020-11-26T06:05:51.000,12.9,-8.61,7.98,18.12,20.5,138202,-71.77,51.0,0.852
2020-11-26T06:06:51.000,12.91,-8.64,7.85,18.14,20.5,138203,-71.95,51.0,0.853
2020-11-26T06:07:51.000,12.88,-8.83,7.66,18.17,20.5,138204,-72.12,51.0,0.853
2020-11-26T06:08:51.000,12.87,-8.63,7.44,18.2,20.5,138205,-72.3,51.0,0.853
2020-11-26T06:09:51.000,12.87,-8.67,7.34,18.22,20.5,138206,-72.47,51.0,0.853
2020-11-26T06:10:51.000,12.9,-8.65,7.18,18.24,20.5,138207,-72.64,50.0,0.853
2020-11-26T06:11:51.000,12.89,-8.72,7.07,18.26,20.5,138208,-72.81,50.0,0.853
2020-11-26T06:12:51.000,12.89,-8.72,6.93,18.28,20.5,138209,-72.98,50.0,0.853
2020-11-26T06:13:51.000,12.86,-8.86,6.69,18.32,20.5,138210,-73.14,50.0,0.853
2020-11-26T06:14:51.000,12.84,-8.85,6.53,18.34,20.5,138211,-73.31,50.0,0.853
2020-11-26T06:15:51.000,12.8,-8.95,6.39,18.37,20.5,138212,-73.47,50.0,0.853
2020-11-26T06:16:52.000,12.75,-8.96,6.16,18.41,20.5,138213,-73.64,49.0,0.853
2020-11-26T06:17:52.000,12.7,-8.93,5.97,18.44,20.5,138214,-73.8,49.0,0.853
2020-11-26T06:18:52.000,12.69,-8.88,5.77,18.48,20.5,138215,-73.96,49.0,0.853
2020-11-26T06:19:52.000,12.68,-8.86,5.65,18.5,20.5,138216,-74.12,49.0,0.853
2020-11-26T06:20:52.000,12.68,-8.86,5.55,18.52,20.5,138217,-74.28,49.0,0.853
2020-11-26T06:21:52.000,12.68,-8.91,5.5,18.53,20.5,138218,-74.43,49.0,0.853
2020-11-26T06:22:52.000,12.65,-9.0,5.46,18.54,20.5,138219,-74.59,49.0,0.853
2020-11-26T06:23:52.000,12.61,-9.02,5.44,18.54,20.5,138220,-74.74,48.0,0.853
2020-11-26T06:24:52.000,12.58,-8.99,5.44,18.54,20.5,138221,-74.89,48.0,0.853
2020-11-26T06:25:52.000,12.54,-9.0,5.43,18.54,20.5,138222,-75.04,48.0,0.853
2020-11-26T06:26:52.000,12.53,-8.94,5.41,18.55,20.5,138223,-75.19,48.0,0.853
2020-11-26T06:27:52.000,12.51,-8.98,5.39,18.55,20.5,138224,-75.33,48.0,0.853
2020-11-26T06:28:52.000,12.49,-9.04,5.37,18.55,20.5,138225,-75.47,48.0,0.854
2020-11-26T06:29:52.000,12.44,-9.1,5.35,18.56,20.5,138226,-75.61,47.0,0.854
2020-11-26T06:30:52.000,12.39,-9.08,5.32,18.57,20.5,138227,-75.75,47.0,0.854
2020-11-26T06:31:52.000,12.36,-9.07,5.28,18.57,20.5,138228,-75.89,47.0,0.854
2020-11-26T06:32:53.000,12.34,-9.1,5.19,18.59,20.5,138229,-76.03,47.0,0.854
2020-11-26T06:33:53.000,12.31,-9.05,4.27,18.81,20.5,138230,-76.16,47.0,0.854
2020-11-26T06:34:53.000,12.29,-9.06,2.98,19.2,20.5,138231,-76.29,47.0,0.854
2020-11-26T06:35:53.000,12.28,-9.06,2.76,19.28,20.5,138232,-76.42,46.0,0.854
2020-11-26T06:36:53.000,12.27,-9.03,2.77,19.27,20.5,138233,-76.54,46.0,0.854
2020-11-26T06:37:53.000,12.24,-9.1,2.75,19.28,20.5,138234,-76.66,46.0,0.854
2020-11-26T06:39:53.000,12.14,-9.24,2.73,19.29,20.5,138236,-76.9,46.0,0.854
2020-11-26T06:40:53.000,12.14,-9.12,2.72,19.29,20.5,138237,-77.02,46.0,0.854
2020-11-26T06:41:53.000,12.14,-9.14,2.72,19.29,20.5,138238,-77.13,45.0,0.854
2020-11-26T06:44:53.000,12.16,-9.13,2.72,19.3,20.5,138241,-77.44,45.0,0.854
2020-11-26T06:46:53.000,12.14,-9.25,2.7,19.3,20.5,138243,-77.64,45.0,0.854
2020-11-26T06:47:53.000,12.12,-9.28,2.69,19.31,20.5,138244,-77.73,44.0,0.854
2020-11-26T06:49:54.000,12.11,-9.19,2.68,19.31,20.5,138246,-77.91,44.0,0.855
2020-11-26T06:50:54.000,12.11,-9.23,2.68,19.31,20.5,138247,-77.99,44.0,0.855
2020-11-26T06:56:54.000,12.0,-9.27,2.83,19.25,20.5,138253,-78.41,43.0,0.855
2020-11-26T06:57:54.000,11.99,-9.24,2.83,19.25,20.5,138254,-78.47,43.0,0.855
2020-11-26T06:58:54.000,11.98,-9.29,2.76,19.28,20.5,138255,-78.52,42.0,0.855
2020-11-26T07:00:54.000,11.96,-9.35,2.64,19.33,20.5,138257,-78.61,42.0,0.855
2020-11-26T07:01:54.000,11.93,-9.37,2.62,19.34,20.5,138258,-78.65,42.0,0.855
2020-11-26T07:03:54.000,11.87,-9.42,2.57,19.35,20.5,138260,-78.72,41.0,0.855
2020-11-26T07:04:54.000,11.85,-9.4,2.58,19.35,20.5,138261,-78.74,41.0,0.855
2020-11-26T07:05:55.000,11.84,-9.38,2.56,19.36,20.5,138262,-78.77,41.0,0.855
2020-11-26T07:07:55.000,11.81,-9.52,2.56,19.36,20.5,138264,-78.8,41.0,0.855
2020-11-26T07:08:55.000,11.78,-9.54,2.55,19.36,20.5,138265,-78.81,41.0,0.855
2020-11-26T07:09:55.000,11.77,-9.49,2.55,19.36,20.5,138266,-78.81,40.0,0.855
2020-11-26T07:10:55.000,11.75,-9.55,2.54,19.37,20.5,138267,-78.81,40.0,0.855
2020-11-26T07:11:55.000,11.74,-9.49,2.54,19.37,20.5,138268,-78.81,40.0,0.856
2020-11-26T07:14:55.000,11.69,-9.58,2.52,19.38,20.5,138271,-78.77,39.0,0.856
2020-11-26T07:15:55.000,11.68,-9.6,2.52,19.38,20.5,138272,-78.75,39.0,0.856
2020-11-26T07:16:55.000,11.66,-9.61,2.52,19.38,20.5,138273,-78.72,39.0,0.856
2020-11-26T07:17:55.000,11.65,-9.6,2.5,19.38,20.5,138274,-78.69,39.0,0.856
2020-11-26T07:18:55.000,11.63,-9.61,2.5,19.39,20.5,138275,-78.66,39.0,0.856
2020-11-26T07:19:55.000,11.62,-9.65,2.5,19.38,20.5,138276,-78.62,39.0,0.856
2020-11-26T07:20:55.000,11.6,-9.66,2.49,19.39,20.5,138277,-78.57,38.0,0.856
2020-11-26T07:21:55.000,11.59,-9.59,2.49,19.39,20.5,138278,-78.53,38.0,0.856
2020-11-26T07:22:56.000,11.59,-9.59,2.48,19.39,20.5,138279,-78.47,38.0,0.856
2020-11-26T07:23:56.000,11.59,-9.58,2.49,19.39,20.5,138280,-78.42,38.0,0.856
2020-11-26T07:24:56.000,11.58,-9.66,2.48,19.39,20.5,138281,-78.36,38.0,0.856
2020-11-26T07:25:56.000,11.56,-9.67,2.47,19.4,20.5,138282,-78.29,37.0,0.856
2020-11-26T07:26:56.000,11.55,-9.65,2.47,19.4,20.5,138283,-78.23,37.0,0.856
2020-11-26T07:27:56.000,11.51,-9.67,2.46,19.4,20.5,138284,-78.16,37.0,0.856
2020-11-26T07:28:56.000,11.5,-9.59,2.46,19.4,20.5,138285,-78.08,37.0,0.856
2020-11-26T07:29:56.000,11.5,-9.56,2.45,19.41,20.5,138286,-78.0,37.0,0.856
2020-11-26T07:30:56.000,11.48,-9.69,2.45,19.41,20.5,138287,-77.92,36.0,0.856
2020-11-26T07:31:56.000,11.44,-9.7,2.44,19.41,20.5,138288,-77.83,36.0,0.856
2020-11-26T07:32:56.000,11.43,-9.6,2.43,19.42,20.5,138289,-77.74,36.0,0.856
2020-11-26T07:33:56.000,11.42,-9.64,2.43,19.42,20.5,138290,-77.65,36.0,0.857
2020-11-26T07:34:56.000,11.42,-9.63,2.42,19.42,20.5,138291,-77.56,36.0,0.857
2020-11-26T07:35:56.000,11.4,-9.74,2.42,19.42,20.5,138292,-77.46,36.0,0.857
2020-11-26T07:36:56.000,11.38,-9.72,2.42,19.42,20.5,138293,-77.35,35.0,0.857
2020-11-26T07:37:56.000,11.32,-9.73,2.4,19.43,20.5,138294,-77.25,35.0,0.857
2020-11-26T07:38:57.000,11.3,-9.69,2.41,19.42,20.5,138295,-77.14,35.0,0.857
2020-11-26T07:39:57.000,11.31,-9.64,2.41,19.43,20.5,138296,-77.03,35.0,0.857
2020-11-26T07:40:57.000,11.29,-9.7,2.39,19.43,20.5,138297,-76.91,35.0,0.857
2020-11-26T07:41:57.000,11.27,-9.71,2.4,19.43,20.5,138298,-76.8,34.0,0.857
2020-11-26T07:43:57.000,11.24,-9.77,2.39,19.43,20.5,138300,-76.55,34.0,0.857
2020-11-26T07:45:57.000,11.23,-9.67,2.39,19.43,20.5,138302,-76.3,34.0,0.857
2020-11-26T07:46:57.000,11.24,-9.71,2.36,19.45,20.5,138303,-76.17,33.0,0.857
2020-11-26T07:47:57.000,11.23,-9.74,2.36,19.45,20.5,138304,-76.04,33.0,0.857
2020-11-26T07:48:57.000,11.21,-9.73,2.36,19.45,20.5,138305,-75.91,33.0,0.857
2020-11-26T07:51:58.000,11.14,-9.79,2.35,19.45,20.5,138308,-75.49,32.0,0.857
2020-11-26T07:52:58.000,11.14,-9.79,2.35,19.45,20.5,138309,-75.35,32.0,0.857
2020-11-26T07:53:58.000,11.12,-9.81,2.34,19.46,20.5,138310,-75.2,32.0,0.857
2020-11-26T07:54:58.000,11.11,-9.84,2.34,19.46,20.5,138311,-75.05,32.0,0.858
2020-11-26T07:55:58.000,11.11,-9.83,2.34,19.46,20.5,138312,-74.91,32.0,0.858
2020-11-26T07:57:58.000,11.1,-9.84,2.32,19.47,20.5,138314,-74.6,31.0,0.858
2020-11-26T07:58:58.000,11.1,-9.85,2.33,19.46,20.5,138315,-74.45,31.0,0.858
2020-11-26T07:59:58.000,11.1,-9.89,2.32,19.46,20.5,138316,-74.29,31.0,0.858
2020-11-26T08:00:58.000,11.08,-9.89,2.32,19.47,20.5,138317,-74.14,31.0,0.858
2020-11-26T08:01:58.000,11.06,-9.85,2.31,19.47,20.5,138318,-73.98,30.0,0.858
2020-11-26T08:02:58.000,11.06,-9.88,2.29,19.48,20.5,138319,-73.82,30.0,0.858
2020-11-26T08:03:59.000,11.03,-9.93,2.3,19.47,20.5,138320,-73.65,30.0,0.858
2020-11-26T08:04:59.000,11.01,-9.95,2.3,19.48,20.5,138321,-73.49,30.0,0.858
2020-11-26T08:05:59.000,11.02,-9.92,2.3,19.47,20.5,138322,-73.33,30.0,0.858
2020-11-26T08:06:59.000,10.99,-9.98,2.29,19.48,20.5,138323,-73.16,30.0,0.858
2020-11-26T08:07:59.000,10.97,-9.99,2.29,19.48,20.5,138324,-73.0,29.0,0.858
2020-11-26T08:08:59.000,10.95,-10.03,2.29,19.48,20.5,138325,-72.83,29.0,0.858
2020-11-26T08:09:59.000,10.94,-9.99,2.29,19.48,20.5,138326,-72.66,29.0,0.858
2020-11-26T08:11:59.000,10.91,-10.08,2.27,19.49,20.5,138328,-72.32,29.0,0.858
2020-11-26T08:12:59.000,10.89,-10.08,2.27,19.49,20.5,138329,-72.14,28.0,0.858
2020-11-26T08:13:59.000,10.89,-10.08,2.27,19.49,20.5,138330,-71.97,28.0,0.858
2020-11-26T08:14:59.000,10.85,-10.12,2.27,19.49,20.5,138331,-71.79,28.0,0.858
2020-11-26T08:15:59.000,10.8,-10.18,2.26,19.5,20.5,138332,-71.62,28.0,0.858
2020-11-26T08:16:59.000,10.79,-10.13,2.25,19.5,20.5,138333,-71.44,28.0,0.859
2020-11-26T08:17:59.000,10.74,-10.04,2.26,19.5,20.5,138334,-71.26,27.0,0.859
2020-11-26T08:18:59.000,10.74,-10.08,2.24,19.5,20.5,138335,-71.08,27.0,0.859
2020-11-26T08:19:59.000,10.74,-10.02,2.25,19.5,20.5,138336,-70.9,27.0,0.859
2020-11-26T08:21:00.000,10.76,-10.04,2.24,19.51,20.5,138337,-70.72,27.0,0.859
2020-11-26T08:22:00.000,10.77,-10.0,2.23,19.51,20.5,138338,-70.54,27.0,0.859
2020-11-26T08:23:00.000,10.78,-10.07,2.22,19.51,20.5,138339,-70.36,26.0,0.859
2020-11-26T08:24:00.000,10.78,-10.11,2.23,19.51,20.5,138340,-70.17,26.0,0.859
2020-11-26T08:25:00.000,10.77,-10.1,2.22,19.51,20.5,138341,-69.99,26.0,0.859
2020-11-26T08:26:00.000,10.78,-10.03,2.22,19.51,20.5,138342,-69.81,26.0,0.859
2020-11-26T08:27:00.000,10.75,-10.19,2.23,19.51,20.5,138343,-69.62,26.0,0.859
2020-11-26T08:28:00.000,10.73,-10.16,2.21,19.52,20.5,138344,-69.43,25.0,0.859
2020-11-26T08:29:00.000,10.72,-10.08,2.22,19.52,20.5,138345,-69.25,25.0,0.859
2020-11-26T08:30:00.000,10.74,-10.02,2.2,19.52,20.5,138346,-69.06,25.0,0.859
2020-11-26T08:31:00.000,10.75,-10.23,2.21,19.52,20.5,138347,-68.87,25.0,0.859
2020-11-26T08:32:00.000,10.74,-10.25,2.2,19.53,20.5,138348,-68.68,25.0,0.859
2020-11-26T08:33:00.000,10.74,-10.22,2.19,19.53,20.5,138349,-68.49,24.0,0.859
2020-11-26T08:34:00.000,10.71,-10.44,2.19,19.53,20.5,138350,-68.3,24.0,0.859
2020-11-26T08:35:00.000,10.69,-10.27,2.2,19.52,20.5,138351,-68.11,24.0,0.859
2020-11-26T08:36:00.000,10.68,-10.32,2.2,19.53,20.5,138352,-67.92,24.0,0.859
2020-11-26T08:37:01.000,10.65,-10.35,2.18,19.53,20.5,138353,-67.73,24.0,0.859
2020-11-26T08:38:01.000,10.61,-10.5,2.19,19.53,20.5,138354,-67.54,23.0,0.859
2020-11-26T08:39:01.000,10.59,-10.43,2.18,19.53,20.5,138355,-67.34,23.0,0.86
2020-11-26T08:40:01.000,10.56,-10.4,2.16,19.54,20.5,138356,-67.15,23.0,0.86
2020-11-26T08:41:01.000,10.55,-10.48,2.17,19.54,20.5,138357,-66.96,23.0,0.86
2020-11-26T08:43:01.000,10.52,-10.44,2.17,19.54,20.5,138359,-66.57,22.0,0.86
2020-11-26T08:44:01.000,10.44,-10.76,2.17,19.54,20.5,138360,-66.37,22.0,0.86
2020-11-26T08:45:01.000,10.38,-10.61,2.15,19.55,20.5,138361,-66.18,22.0,0.86
2020-11-26T08:46:01.000,10.37,-10.53,2.14,19.55,20.5,138362,-65.98,22.0,0.86
2020-11-26T08:47:01.000,10.34,-10.54,2.14,19.55,20.5,138363,-65.78,22.0,0.86
2020-11-26T08:48:01.000,10.32,-10.54,2.14,19.55,20.5,138364,-65.59,21.0,0.86
2020-11-26T08:49:01.000,10.27,-10.69,2.13,19.56,20.5,138365,-65.39,21.0,0.86
2020-11-26T08:50:01.000,10.24,-10.61,2.13,19.56,20.5,138366,-65.19,21.0,0.86
2020-11-26T08:51:01.000,10.2,-10.72,2.14,19.56,20.5,138367,-64.99,21.0,0.86
2020-11-26T08:52:01.000,10.15,-10.7,2.12,19.56,20.5,138368,-64.8,20.0,0.86
2020-11-26T08:53:01.000,10.11,-10.7,2.13,19.56,20.5,138369,-64.6,20.0,0.86
2020-11-26T08:54:02.000,10.14,-10.53,2.13,19.56,20.5,138370,-64.39,20.0,0.86
2020-11-26T08:55:02.000,10.15,-10.65,2.12,19.56,20.5,138371,-64.2,20.0,0.86
2020-11-26T08:56:02.000,10.12,-10.68,2.12,19.56,20.5,138372,-64.0,20.0,0.86
2020-11-26T08:57:02.000,10.14,-10.57,2.11,19.57,20.5,138373,-63.8,19.0,0.86
2020-11-26T08:58:02.000,10.17,-10.52,2.1,19.57,20.5,138374,-63.6,19.0,0.86
2020-11-26T08:59:02.000,10.19,-10.59,2.1,19.57,20.5,138375,-63.39,19.0,0.86
2020-11-26T09:00:02.000,10.2,-10.62,2.1,19.57,20.5,138376,-63.19,19.0,0.86
2020-11-26T09:01:02.000,10.19,-10.64,2.1,19.58,20.5,138377,-62.99,19.0,0.861
2020-11-26T09:02:02.000,10.19,-10.61,2.1,19.58,20.5,138378,-62.79,18.0,0.861
2020-11-26T09:03:02.000,10.2,-10.65,2.09,19.58,20.5,138379,-62.59,18.0,0.861
2020-11-26T09:04:02.000,10.2,-10.63,2.09,19.58,20.5,138380,-62.39,18.0,0.861
2020-11-26T09:05:02.000,10.19,-10.68,2.08,19.59,20.5,138381,-62.18,18.0,0.861
2020-11-26T09:06:02.000,10.17,-10.72,2.07,19.59,20.5,138382,-61.98,18.0,0.861
2020-11-26T09:07:02.000,10.16,-10.72,2.07,19.59,20.5,138383,-61.78,17.0,0.861
2020-11-26T09:08:02.000,10.11,-10.81,2.06,19.59,20.5,138384,-61.57,17.0,0.861
2020-11-26T09:09:02.000,10.1,-10.73,2.06,19.6,20.5,138385,-61.37,17.0,0.861
2020-11-26T09:10:03.000,10.1,-10.75,2.05,19.6,20.5,138386,-61.16,17.0,0.861
