Downloads/jupyter/ECSV/stars19/stars19_2023-11.ecsv
# %ECSV 1.0
# ---
# datatype:
# - {name: time, datatype: string}
# - {name: Enclosure Temperature, unit: deg_C, datatype: float64}
# - {name: Sky Temperature, unit: deg_C, datatype: float64}
# - {name: Frequency, unit: Hz, datatype: float64}
# - {name: MSAS, unit: mag / arcsec2, datatype: float64}
# - {name: ZP, datatype: float64}
# - {name: Sequence Number, datatype: int64}
# - {name: Sun Alt, unit: deg, datatype: float64}
# - {name: Moon Alt, unit: deg, datatype: float64}
# - {name: Moon Illumination, datatype: float64}
# delimiter: ','
# meta: !!omap
# - ida:
#     Data supplier: {affiliation: null, observer: null}
#     Device type: TESS-W
#     Field of view: 17.0
#     Filters per channel: None
#     Instrument ID: stars19
#     License: ODbL 1.0 http://opendatacommons.org/licenses/odbl/summary/
#     Local timezone: America/Phoenix
#     Location name: {country: '- Tucson', place: Tucson, region: United States, sub_region: Arizona, town: Pima County}
#     Measurement direction per channel: {azimuth: 0.0, zenital: 0.0}
#     Moving / Fixed look direction: FIXED
#     Moving / Stationary position: STATIONARY
#     Number of channels: 1
#     Number of fields per line: 8
#     Number of header lines: 35
#     Position: {height: 0.0, latitude: 32.223877, longitude: -110.767532}
#     TESS MAC address: 18:FE:34:CF:EC:06
#     TESS cover offset value: 0.0
#     TESS firmware version: '1.0'
#     TESS zero point: 20.38
#     Time Synchronization: timestamp added by MQTT subscriber
#     URL: http://www.darksky.org/NSBM/sdf1.0.pdf
# - __serialized_columns__:
#     Enclosure Temperature:
#       __class__: astropy.units.quantity.Quantity
#       unit: &id001 !astropy.units.Unit {unit: deg_C}
#       value: !astropy.table.SerializedColumn {name: Enclosure Temperature}
#     Frequency:
#       __class__: astropy.units.quantity.Quantity
#       unit: !astropy.units.Unit {unit: Hz}
#       value: !astropy.table.SerializedColumn {name: Frequency}
#     MSAS:
#       __class__: astropy.units.quantity.Quantity
#       unit: !astropy.units.Unit {unit: mag / arcsec2}
#       value: !astropy.table.SerializedColumn {name: MSAS}
#     Moon Alt:
#       __class__: astropy.units.quantity.Quantity
#       unit: &id002 !astropy.units.Unit {unit: deg}
#       value: !astropy.table.SerializedColumn {name: Moon Alt}
#     Sky Temperature:
#       __class__: astropy.units.quantity.Quantity
#       unit: *id001
#       value: !astropy.table.SerializedColumn {name: Sky Temperature}
#     Sun Alt:
#       __class__: astropy.units.quantity.Quantity
#       unit: *id002
#       value: !astropy.table.SerializedColumn {name: Sun Alt}
#     time:
#       __class__: astropy.time.core.Time
#       format: isot
#       in_subfmt: '*'
#       out_subfmt: '*'
#       precision: 3
#       scale: utc
#       value: !astropy.table.SerializedColumn {name: time}
# schema: astropy-2.0
time,Enclosure Temperature,Sky Temperature,Frequency,MSAS,ZP,Sequence Number,Sun Alt,Moon Alt,Moon Illumination
[from data line 16046]
2023-11-19T14:25:24.000,17.44,-1.6,0.0,0.0,20.38,71445,4.88,-66.0,0.405
2023-11-19T14:35:30.000,17.19,4.8,0.0,0.0,20.38,71455,6.77,-64.0,0.406
2023-11-19T14:36:31.000,17.17,4.5,0.0,0.0,20.38,71456,6.96,-64.0,0.406
2023-11-19T14:37:32.000,17.14,4.4,0.0,0.0,20.38,71457,7.15,-64.0,0.406
2023-11-19T14:40:34.000,17.04,6.52,0.0,0.0,20.38,71460,7.71,-63.0,0.406
2023-11-19T14:41:34.000,17.02,7.79,0.0,0.0,20.38,71461,7.9,-63.0,0.406
2023-11-19T14:42:34.000,17.0,8.69,0.0,0.0,20.38,71462,8.08,-63.0,0.406
2023-11-19T15:10:45.000,17.88,-1.72,0.0,0.0,20.38,71490,13.17,-57.0,0.408
2023-11-19T15:11:46.000,17.97,-1.95,0.0,0.0,20.38,71491,13.35,-57.0,0.408
2023-11-19T15:12:46.000,18.0,-2.03,0.0,0.0,20.38,71492,13.52,-57.0,0.408
2023-11-19T15:14:46.000,18.08,-0.96,0.0,0.0,20.38,71494,13.87,-56.0,0.409
2023-11-19T15:15:47.000,18.09,-0.92,0.0,0.0,20.38,71495,14.05,-56.0,0.409
2023-11-19T15:16:49.000,18.1,-0.12,0.0,0.0,20.38,71496,14.23,-56.0,0.409
2023-11-19T15:20:50.000,18.51,4.68,0.0,0.0,20.38,71500,14.93,-55.0,0.409
2023-11-19T15:21:51.000,18.54,4.95,0.0,0.0,20.38,71501,15.1,-55.0,0.409
2023-11-19T15:22:51.000,18.56,5.58,0.0,0.0,20.38,71502,15.27,-55.0,0.409
2023-11-19T15:25:51.000,18.65,1.8,0.0,0.0,20.38,71505,15.79,-54.0,0.409
2023-11-19T15:26:53.000,18.68,0.01,0.0,0.0,20.38,71506,15.96,-54.0,0.41
2023-11-19T15:27:53.000,18.67,0.8,0.0,0.0,20.38,71507,16.13,-54.0,0.41
2023-11-19T15:29:54.000,18.61,5.99,0.0,0.0,20.38,71509,16.48,-53.0,0.41
2023-11-19T15:30:55.000,18.6,7.43,0.0,0.0,20.38,71510,16.65,-53.0,0.41
2023-11-19T15:34:57.000,18.96,9.45,0.0,0.0,20.38,71514,17.33,-52.0,0.41
2023-11-19T15:37:58.000,19.1,5.82,0.0,0.0,20.38,71517,17.83,-52.0,0.41
2023-11-19T15:38:58.000,19.14,4.03,0.0,0.0,20.38,71518,18.0,-52.0,0.41
2023-11-19T15:39:58.000,19.17,2.77,0.0,0.0,20.38,71519,18.16,-51.0,0.411
2023-11-19T15:44:00.000,19.28,6.35,0.0,0.0,20.38,71523,18.83,-51.0,0.411
2023-11-19T15:45:00.000,19.29,5.8,0.0,0.0,20.38,71524,18.99,-50.0,0.411
2023-11-19T15:46:00.000,19.33,5.61,0.0,0.0,20.38,71525,19.15,-50.0,0.411
2023-11-19T15:48:01.000,19.52,4.5,0.0,0.0,20.38,71527,19.48,-50.0,0.411
2023-11-19T15:50:01.000,19.58,1.39,0.0,0.0,20.38,71529,19.8,-49.0,0.411
2023-11-19T15:51:02.000,19.65,0.64,0.0,0.0,20.38,71530,19.97,-49.0,0.411
2023-11-19T15:57:02.000,19.91,2.01,0.0,0.0,20.38,71536,20.92,-48.0,0.412
2023-11-19T15:58:03.000,19.92,3.14,0.0,0.0,20.38,71537,21.09,-48.0,0.412
2023-11-19T15:59:03.000,19.89,4.38,0.0,0.0,20.38,71538,21.24,-48.0,0.412
2023-11-19T16:00:04.000,19.91,5.14,0.0,0.0,20.38,71539,21.4,-47.0,0.412
2023-11-19T16:02:05.000,19.9,2.9,0.0,0.0,20.38,71541,21.72,-47.0,0.412
2023-11-19T16:08:06.000,19.46,1.8,0.0,0.0,20.38,71547,22.65,-46.0,0.413
2023-11-19T16:09:06.000,19.38,1.42,0.0,0.0,20.38,71548,22.8,-46.0,0.413
2023-11-19T16:10:06.000,19.36,0.6,0.0,0.0,20.38,71549,22.95,-45.0,0.413
2023-11-19T16:21:11.000,18.63,-3.41,0.0,0.0,20.38,71560,24.6,-43.0,0.414
2023-11-19T16:22:11.000,18.62,-3.38,0.0,0.0,20.38,71561,24.75,-43.0,0.414
2023-11-19T16:23:11.000,18.63,-2.91,0.0,0.0,20.38,71562,24.89,-43.0,0.414
2023-11-19T16:27:13.000,19.21,1.02,0.0,0.0,20.38,71566,25.47,-42.0,0.414
2023-11-19T16:28:13.000,19.35,1.84,0.0,0.0,20.38,71567,25.61,-42.0,0.414
2023-11-19T16:29:13.000,19.56,3.92,0.0,0.0,20.38,71568,25.76,-41.0,0.414
2023-11-19T16:35:15.000,20.44,6.64,0.0,0.0,20.38,71574,26.6,-40.0,0.415
2023-11-19T16:36:17.000,20.6,7.89,0.0,0.0,20.38,71575,26.74,-40.0,0.415
2023-11-19T16:37:19.000,20.73,8.62,0.0,0.0,20.38,71576,26.88,-40.0,0.415
2023-11-19T16:44:20.000,21.26,6.55,0.0,0.0,20.38,71583,27.83,-38.0,0.416
2023-11-19T16:45:20.000,21.29,6.89,0.0,0.0,20.38,71584,27.96,-38.0,0.416
2023-11-19T16:46:21.000,21.37,6.56,0.0,0.0,20.38,71585,28.09,-38.0,0.416
2023-11-19T16:51:24.000,21.45,6.9,0.0,0.0,20.38,71590,28.75,-37.0,0.416
2023-11-19T16:52:24.000,21.56,7.33,0.0,0.0,20.38,71591,28.88,-37.0,0.416
2023-11-19T16:53:24.000,21.61,6.55,0.0,0.0,20.38,71592,29.0,-37.0,0.416
2023-11-19T16:59:27.000,21.79,5.22,0.0,0.0,20.38,71598,29.76,-35.0,0.417
2023-11-19T17:00:27.000,21.81,4.66,0.0,0.0,20.38,71599,29.88,-35.0,0.417
2023-11-19T17:01:30.000,21.82,4.71,0.0,0.0,20.38,71600,30.01,-35.0,0.417
2023-11-19T17:09:32.000,21.62,4.26,0.0,0.0,20.38,71608,30.95,-33.0,0.418
2023-11-19T17:10:33.000,21.64,3.78,0.0,0.0,20.38,71609,31.07,-33.0,0.418
2023-11-19T17:11:33.000,21.63,3.89,0.0,0.0,20.38,71610,31.18,-33.0,0.418
2023-11-19T17:15:34.000,21.51,3.6,0.0,0.0,20.38,71614,31.63,-32.0,0.418
2023-11-19T17:16:36.000,21.51,4.07,0.0,0.0,20.38,71615,31.75,-32.0,0.418
2023-11-19T17:17:36.000,21.59,4.13,0.0,0.0,20.38,71616,31.86,-32.0,0.418
2023-11-19T17:30:43.000,24.26,8.49,0.0,0.0,20.38,71629,33.22,-29.0,0.419
2023-11-19T17:31:43.000,24.76,8.32,0.0,0.0,20.38,71630,33.32,-29.0,0.419
2023-11-19T17:32:43.000,25.07,7.92,0.0,0.0,20.38,71631,33.41,-29.0,0.419
2023-11-19T17:35:45.000,26.15,8.26,0.0,0.0,20.38,71634,33.7,-28.0,0.42
2023-11-19T17:36:45.000,26.34,7.11,0.0,0.0,20.38,71635,33.8,-28.0,0.42
2023-11-19T17:43:47.000,27.33,7.89,0.0,0.0,20.38,71642,34.43,-26.0,0.42
2023-11-19T17:44:48.000,27.61,8.66,0.0,0.0,20.38,71643,34.52,-26.0,0.42
2023-11-19T17:45:48.000,28.03,9.15,0.0,0.0,20.38,71644,34.6,-26.0,0.42
2023-11-19T17:47:48.000,28.83,9.29,0.0,0.0,20.38,71646,34.77,-26.0,0.421
2023-11-19T17:48:49.000,28.93,9.5,0.0,0.0,20.38,71647,34.86,-25.0,0.421
2023-11-19T17:49:49.000,28.96,8.63,0.0,0.0,20.38,71648,34.94,-25.0,0.421
2023-11-19T17:51:49.000,28.31,4.85,0.0,0.0,20.38,71650,35.1,-25.0,0.421
2023-11-19T17:55:50.000,27.49,8.24,0.0,0.0,20.38,71654,35.41,-24.0,0.421
2023-11-19T17:56:50.000,27.86,6.9,0.0,0.0,20.38,71655,35.49,-24.0,0.421
2023-11-19T17:57:50.000,27.88,6.21,0.0,0.0,20.38,71656,35.56,-23.0,0.421
2023-11-19T18:18:59.000,29.1,6.56,0.0,0.0,20.38,71677,36.91,-19.0,0.423
2023-11-19T18:20:00.000,29.43,7.61,0.0,0.0,20.38,71678,36.97,-19.0,0.423
2023-11-19T18:21:00.000,29.88,7.93,0.0,0.0,20.38,71679,37.02,-19.0,0.423
2023-11-19T18:23:01.000,30.47,7.37,0.0,0.0,20.38,71681,37.12,-18.0,0.423
2023-11-19T18:24:03.000,30.74,7.64,0.0,0.0,20.38,71682,37.17,-18.0,0.423
2023-11-19T18:25:03.000,31.01,7.87,0.0,0.0,20.38,71683,37.22,-18.0,0.423
2023-11-19T18:26:03.000,31.22,7.57,0.0,0.0,20.38,71684,37.27,-18.0,0.424
2023-11-19T18:29:06.000,31.39,7.27,0.0,0.0,20.38,71687,37.4,-17.0,0.424
2023-11-19T18:31:08.000,31.59,7.62,0.0,0.0,20.38,71689,37.49,-17.0,0.424
2023-11-19T18:33:10.000,32.17,8.69,0.0,0.0,20.38,71691,37.57,-16.0,0.424
2023-11-19T18:34:10.000,32.57,8.8,0.0,0.0,20.38,71692,37.6,-16.0,0.424
2023-11-19T18:36:12.000,33.23,8.78,0.0,0.0,20.38,71694,37.68,-16.0,0.424
2023-11-19T18:39:13.000,33.29,7.85,0.0,0.0,20.38,71697,37.78,-15.0,0.425
2023-11-19T18:40:13.000,33.21,7.6,0.0,0.0,20.38,71698,37.81,-15.0,0.425
2023-11-19T18:41:13.000,33.21,7.94,0.0,0.0,20.38,71699,37.84,-15.0,0.425
2023-11-19T18:49:17.000,32.99,7.1,0.0,0.0,20.38,71707,38.04,-13.0,0.425
2023-11-19T18:50:18.000,32.93,7.4,0.0,0.0,20.38,71708,38.07,-13.0,0.425
2023-11-19T18:51:19.000,32.87,7.13,0.0,0.0,20.38,71709,38.08,-13.0,0.425
2023-11-19T18:56:21.000,33.37,7.96,0.0,0.0,20.38,71714,38.17,-12.0,0.426
2023-11-19T18:57:22.000,33.45,8.15,0.0,0.0,20.38,71715,38.18,-12.0,0.426
2023-11-19T18:58:22.000,33.64,7.91,0.0,0.0,20.38,71716,38.19,-11.0,0.426
2023-11-19T18:59:23.000,33.81,8.29,0.0,0.0,20.38,71717,38.2,-11.0,0.426
2023-11-19T19:00:23.000,33.73,7.34,0.0,0.0,20.38,71718,38.21,-11.0,0.426
2023-11-19T19:01:23.000,33.84,8.17,0.0,0.0,20.38,71719,38.22,-11.0,0.426
2023-11-19T19:05:26.000,33.48,7.08,0.0,0.0,20.38,71723,38.24,-10.0,0.427
2023-11-19T19:06:27.000,33.16,6.06,0.0,0.0,20.38,71724,38.24,-10.0,0.427
2023-11-19T19:07:27.000,32.89,6.3,0.0,0.0,20.38,71725,38.24,-10.0,0.427
2023-11-19T20:08:48.000,33.54,5.52,0.0,0.0,20.38,71786,36.26,2.0,0.432
2023-11-19T20:09:48.000,33.55,5.88,0.0,0.0,20.38,71787,36.19,2.0,0.432
2023-11-19T20:10:48.000,33.47,4.91,0.0,0.0,20.38,71788,36.13,2.0,0.432
2023-11-19T20:12:49.000,33.37,5.06,0.0,0.0,20.38,71790,35.99,3.0,0.432
2023-11-19T20:14:49.000,33.35,5.73,0.0,0.0,20.38,71792,35.85,3.0,0.432
2023-11-19T20:17:49.000,33.7,7.66,0.0,0.0,20.38,71795,35.64,4.0,0.432
2023-11-19T20:20:51.000,33.73,10.06,0.0,0.0,20.38,71798,35.41,4.0,0.433
2023-11-19T20:21:51.000,33.83,9.09,0.0,0.0,20.38,71799,35.33,4.0,0.433
2023-11-19T20:22:52.000,33.61,6.98,0.0,0.0,20.38,71800,35.25,5.0,0.433
2023-11-19T20:30:55.000,33.43,5.51,0.0,0.0,20.38,71808,34.6,6.0,0.433
2023-11-19T20:31:56.000,33.56,5.36,0.0,0.0,20.38,71809,34.51,6.0,0.433
2023-11-19T20:32:57.000,33.47,4.58,0.0,0.0,20.38,71810,34.42,6.0,0.433
2023-11-19T20:39:05.000,32.62,4.03,0.0,0.0,20.38,71816,33.87,8.0,0.434
2023-11-19T20:40:05.000,32.31,3.73,0.0,0.0,20.38,71817,33.78,8.0,0.434
2023-11-19T20:41:07.000,32.15,3.56,0.0,0.0,20.38,71818,33.68,8.0,0.434
2023-11-19T20:52:11.000,32.21,4.6,0.0,0.0,20.38,71829,32.58,10.0,0.435
2023-11-19T20:53:13.000,32.27,3.84,0.0,0.0,20.38,71830,32.48,10.0,0.435
2023-11-19T20:54:13.000,32.39,4.42,0.0,0.0,20.38,71831,32.37,10.0,0.435
2023-11-19T20:59:15.000,32.39,3.22,0.0,0.0,20.38,71836,31.83,11.0,0.436
2023-11-19T21:00:15.000,32.31,3.38,0.0,0.0,20.38,71837,31.72,11.0,0.436
2023-11-19T21:02:16.000,32.17,2.93,0.0,0.0,20.38,71839,31.5,12.0,0.436
2023-11-19T21:14:25.000,31.77,2.9,0.0,0.0,20.38,71851,30.09,14.0,0.437
2023-11-19T21:16:26.000,31.9,3.1,0.0,0.0,20.38,71853,29.85,14.0,0.437
2023-11-19T21:17:26.000,31.78,2.05,0.0,0.0,20.38,71854,29.72,14.0,0.437
2023-11-19T21:18:27.000,31.7,2.25,0.0,0.0,20.38,71855,29.6,14.0,0.437
2023-11-19T21:24:31.000,31.84,2.25,0.0,0.0,20.38,71861,28.84,15.0,0.438
2023-11-19T21:25:31.000,31.86,2.62,0.0,0.0,20.38,71862,28.71,16.0,0.438
2023-11-19T21:26:31.000,32.12,3.12,0.0,0.0,20.38,71863,28.58,16.0,0.438
2023-11-19T21:28:32.000,32.16,2.16,0.0,0.0,20.38,71865,28.32,16.0,0.438
2023-11-19T21:29:32.000,32.25,2.73,0.0,0.0,20.38,71866,28.19,16.0,0.438
2023-11-19T21:32:33.000,31.95,2.33,0.0,0.0,20.38,71869,27.79,17.0,0.438
2023-11-19T21:41:34.000,31.56,1.75,0.0,0.0,20.38,71878,26.57,18.0,0.439
2023-11-19T21:42:35.000,31.46,1.43,0.0,0.0,20.38,71879,26.43,18.0,0.439
2023-11-19T21:43:35.000,31.39,1.82,0.0,0.0,20.38,71880,26.29,19.0,0.439
2023-11-19T21:48:37.000,31.2,3.13,0.0,0.0,20.38,71885,25.59,19.0,0.439
2023-11-19T21:49:37.000,31.19,4.15,0.0,0.0,20.38,71886,25.44,20.0,0.439
2023-11-19T21:50:38.000,31.23,3.98,0.0,0.0,20.38,71887,25.3,20.0,0.44
2023-11-19T21:53:40.000,31.11,2.12,0.0,0.0,20.38,71890,24.86,20.0,0.44
2023-11-19T21:54:40.000,31.2,2.17,0.0,0.0,20.38,71891,24.71,20.0,0.44
2023-11-19T21:55:40.000,31.32,2.31,0.0,0.0,20.38,71892,24.57,21.0,0.44
2023-11-19T21:56:40.000,31.4,1.65,0.0,0.0,20.38,71893,24.42,21.0,0.44
2023-11-19T21:59:43.000,30.78,0.97,0.0,0.0,20.38,71896,23.97,21.0,0.44
2023-11-19T22:00:45.000,30.58,0.61,0.0,0.0,20.38,71897,23.82,21.0,0.44
2023-11-19T22:01:45.000,30.5,1.25,0.0,0.0,20.38,71898,23.67,21.0,0.44
2023-11-19T22:07:47.000,27.52,-1.52,0.0,0.0,20.38,71904,22.76,22.0,0.441
2023-11-19T22:08:47.000,27.24,-1.69,0.0,0.0,20.38,71905,22.61,23.0,0.441
2023-11-19T22:09:48.000,26.97,-1.92,0.0,0.0,20.38,71906,22.45,23.0,0.441
2023-11-19T22:11:48.000,26.45,-1.55,0.0,0.0,20.38,71908,22.14,23.0,0.441
2023-11-19T22:12:48.000,26.36,-1.3,0.0,0.0,20.38,71909,21.99,23.0,0.441
2023-11-19T22:13:48.000,26.1,-1.7,0.0,0.0,20.38,71910,21.83,23.0,0.441
2023-11-19T22:15:52.000,25.95,-0.98,0.0,0.0,20.38,71912,21.51,24.0,0.442
2023-11-19T22:16:52.000,25.89,-0.7,0.0,0.0,20.38,71913,21.35,24.0,0.442
2023-11-19T22:17:53.000,25.88,-0.56,0.0,0.0,20.38,71914,21.19,24.0,0.442
2023-11-19T22:43:03.000,24.42,-1.0,0.0,0.0,20.38,71939,17.1,27.0,0.444
2023-11-19T22:44:04.000,24.43,-0.56,0.0,0.0,20.38,71940,16.93,28.0,0.444
2023-11-19T22:45:04.000,24.4,-0.57,0.0,0.0,20.38,71941,16.76,28.0,0.444
2023-11-19T22:47:04.000,24.48,-0.54,0.0,0.0,20.38,71943,16.42,28.0,0.444
2023-11-19T22:48:05.000,24.48,-0.79,0.0,0.0,20.38,71944,16.25,28.0,0.444
2023-11-19T22:49:05.000,24.42,-0.46,0.0,0.0,20.38,71945,16.08,28.0,0.444
2023-11-19T22:53:07.000,24.13,-0.66,0.0,0.0,20.38,71949,15.39,29.0,0.444
2023-11-19T22:54:08.000,24.13,-0.45,0.0,0.0,20.38,71950,15.21,29.0,0.445
2023-11-19T22:55:08.000,24.11,-0.44,0.0,0.0,20.38,71951,15.04,29.0,0.445
2023-11-19T22:58:08.000,23.96,-1.31,0.0,0.0,20.38,71954,14.52,29.0,0.445
2023-11-19T22:59:09.000,23.88,-1.41,0.0,0.0,20.38,71955,14.34,29.0,0.445
2023-11-19T23:00:10.000,23.78,-1.62,0.0,0.0,20.38,71956,14.17,30.0,0.445
2023-11-19T23:12:16.000,23.34,-2.47,0.0,0.0,20.38,71968,12.03,31.0,0.446
2023-11-19T23:13:16.000,23.28,-2.64,0.0,0.0,20.38,71969,11.86,31.0,0.446
2023-11-19T23:14:16.000,23.1,-2.94,0.0,0.0,20.38,71970,11.68,31.0,0.446
2023-11-19T23:16:18.000,22.94,-2.92,0.0,0.0,20.38,71972,11.31,31.0,0.446
2023-11-19T23:17:18.000,22.9,-2.85,0.0,0.0,20.38,71973,11.13,32.0,0.446
2023-11-19T23:18:18.000,22.88,-2.81,0.0,0.0,20.38,71974,10.95,32.0,0.446
2023-11-19T23:27:22.000,22.7,-2.71,0.0,0.0,20.38,71983,9.31,33.0,0.447
2023-11-19T23:28:23.000,22.67,-2.67,0.0,0.0,20.38,71984,9.12,33.0,0.447
2023-11-19T23:29:23.000,22.63,-2.49,0.0,0.0,20.38,71985,8.94,33.0,0.447
2023-11-19T23:32:23.000,22.66,-2.46,0.0,0.0,20.38,71988,8.39,33.0,0.448
2023-11-19T23:34:25.000,22.54,-2.65,0.0,0.0,20.38,71990,8.01,33.0,0.448
2023-11-19T23:35:26.000,22.49,-2.68,0.0,0.0,20.38,71991,7.83,33.0,0.448
2023-11-19T23:36:26.000,22.41,-2.87,0.0,0.0,20.38,71992,7.64,34.0,0.448
2023-11-19T23:38:27.000,22.31,-2.89,0.0,0.0,20.38,71994,7.27,34.0,0.448
2023-11-19T23:39:27.000,22.29,-2.71,0.0,0.0,20.38,71995,7.08,34.0,0.448
2023-11-19T23:40:27.000,22.3,-2.69,0.0,0.0,20.38,71996,6.9,34.0,0.448
2023-11-19T23:41:28.000,22.28,-2.85,0.0,0.0,20.38,71997,6.71,34.0,0.448
2023-11-19T23:42:28.000,22.19,-3.06,0.0,0.0,20.38,71998,6.52,34.0,0.448
2023-11-19T23:53:33.000,21.83,-3.26,0.0,0.0,20.38,72009,4.44,35.0,0.449
2023-11-19T23:54:33.000,21.81,-3.13,0.0,0.0,20.38,72010,4.25,35.0,0.449
2023-11-19T23:55:33.000,21.78,-3.24,0.0,0.0,20.38,72011,4.06,35.0,0.449
2023-11-19T23:56:33.000,21.75,-3.22,0.0,0.0,20.38,72012,3.87,35.0,0.449
2023-11-19T23:57:35.000,21.72,-3.28,0.0,0.0,20.38,72013,3.67,35.0,0.45
2023-11-19T23:58:35.000,21.63,-3.46,0.0,0.0,20.38,72014,3.48,35.0,0.45
2023-11-20T00:00:36.000,21.54,-3.48,0.0,0.0,20.38,72016,3.1,36.0,0.45
2023-11-20T00:01:37.000,21.48,-3.61,0.0,0.0,20.38,72017,2.9,36.0,0.45
2023-11-20T00:02:37.000,21.43,-3.58,0.0,0.0,20.38,72018,2.71,36.0,0.45
2023-11-20T00:03:37.000,21.38,-3.6,0.0,0.0,20.38,72019,2.52,36.0,0.45
2023-11-20T00:07:38.000,21.28,-3.53,0.0,0.0,20.38,72023,1.75,36.0,0.45
2023-11-20T00:16:41.000,20.99,-3.88,0.0,0.0,20.38,72032,-0.0,37.0,0.451
2023-11-20T00:24:42.000,20.79,-4.19,32568.79,4.33,20.38,72040,-1.57,37.0,0.452
2023-11-20T00:26:45.000,20.82,-4.31,50176.42,8.63,20.38,72042,-1.97,37.0,0.452
2023-11-20T00:27:45.000,20.81,-4.33,43447.91,8.79,20.38,72043,-2.16,37.0,0.452
2023-11-20T00:28:47.000,20.82,-4.41,37445.22,8.95,20.38,72044,-2.37,37.0,0.452
2023-11-20T00:29:47.000,20.76,-4.6,31962.07,9.12,20.38,72045,-2.56,37.0,0.452
2023-11-20T00:30:48.000,20.72,-4.65,26207.3,9.55,20.38,72046,-2.76,37.0,0.452
2023-11-20T00:33:49.000,20.56,-4.76,15741.24,9.89,20.38,72049,-3.36,38.0,0.452
2023-11-20T00:34:49.000,20.51,-4.71,12872.62,10.11,20.38,72050,-3.55,38.0,0.453
2023-11-20T00:35:49.000,20.48,-4.77,10433.78,10.34,20.38,72051,-3.75,38.0,0.453
2023-11-20T00:36:50.000,20.43,-4.71,8391.8,10.57,20.38,72052,-3.95,38.0,0.453
2023-11-20T00:37:51.000,20.42,-4.78,6685.53,10.82,20.38,72053,-4.15,38.0,0.453
2023-11-20T00:38:51.000,20.39,-4.73,5288.18,11.07,20.38,72054,-4.35,38.0,0.453
2023-11-20T00:39:51.000,20.38,-4.72,4159.62,11.34,20.38,72055,-4.55,38.0,0.453
2023-11-20T00:40:51.000,20.4,-4.7,3261.57,11.6,20.38,72056,-4.75,38.0,0.453
2023-11-20T00:41:51.000,20.41,-4.83,2548.76,11.87,20.38,72057,-4.95,38.0,0.453
2023-11-20T00:42:51.000,20.34,-5.09,1987.48,12.14,20.38,72058,-5.15,38.0,0.453
2023-11-20T00:43:58.000,20.29,-5.0,1551.26,12.41,20.38,72059,-5.37,38.0,0.453
2023-11-20T00:44:58.000,20.28,-5.11,1178.48,12.7,20.38,72060,-5.57,38.0,0.453
2023-11-20T00:45:59.000,20.19,-5.2,915.71,12.98,20.38,72061,-5.77,38.0,0.453
