Downloads/jupyter/ECSV/stars19/stars19_2024-05.ecsv
# %ECSV 1.0
# ---
# datatype:
# - {name: time, datatype: string}
# - {name: Enclosure Temperature, unit: deg_C, datatype: float64}
# - {name: Sky Temperature, unit: deg_C, datatype: float64}
# - {name: Frequency, unit: Hz, datatype: float64}
# - {name: MSAS, unit: mag / arcsec2, datatype: float64}
# - {name: ZP, datatype: float64}
# - {name: Sequence Number, datatype: int64}
# - {name: Sun Alt, unit: deg, datatype: float64}
# - {name: Moon Alt, unit: deg, datatype: float64}
# - {name: Moon Illumination, datatype: float64}
# delimiter: ','
# meta: !!omap
# - ida:
#     Data supplier: {affiliation: null, observer: null}
#     Device type: TESS-W
#     Field of view: 17.0
#     Filters per channel: None
#     Instrument ID: stars19
#     License: ODbL 1.0 http://opendatacommons.org/licenses/odbl/summary/
#     Local timezone: America/Phoenix
#     Location name: {country: '- Tucson', place: Tucson, region: United States, sub_region: Arizona, town: Pima County}
#     Measurement direction per channel: {azimuth: 0.0, zenital: 0.0}
#     Moving / Fixed look direction: FIXED
#     Moving / Stationary position: STATIONARY
#     Number of channels: 1
#     Number of fields per line: 8
#     Number of header lines: 35
#     Position: {height: 0.0, latitude: 32.223877, longitude: -110.767532}
#     TESS MAC address: 18:FE:34:CF:EC:06
#     TESS cover offset value: 0.0
#     TESS firmware version: '1.0'
#     TESS zero point: 20.38
#     Time Synchronization: timestamp added by MQTT subscriber
#     URL: http://www.darksky.org/NSBM/sdf1.0.pdf
# - __serialized_columns__:
#     Enclosure Temperature:
#       __class__: astropy.units.quantity.Quantity
#       unit: &id001 !astropy.units.Unit {unit: deg_C}
#       value: !astropy.table.SerializedColumn {name: Enclosure Temperature}
#     Frequency:
#       __class__: astropy.units.quantity.Quantity
#       unit: !astropy.units.Unit {unit: Hz}
#       value: !astropy.table.SerializedColumn {name: Frequency}
#     MSAS:
#       __class__: astropy.units.quantity.Quantity
#       unit: !astropy.units.Unit {unit: mag / arcsec2}
#       value: !astropy.table.SerializedColumn {name: MSAS}
#     Moon Alt:
#       __class__: astropy.units.quantity.Quantity
#       unit: &id002 !astropy.units.Unit {unit: deg}
#       value: !astropy.table.SerializedColumn {name: Moon Alt}
#     Sky Temperature:
#       __class__: astropy.units.quantity.Quantity
#       unit: *id001
#       value: !astropy.table.SerializedColumn {name: Sky Temperature}
#     Sun Alt:
#       __class__: astropy.units.quantity.Quantity
#       unit: *id002
#       value: !astropy.table.SerializedColumn {name: Sun Alt}
#     time:
#       __class__: astropy.time.core.Time
#       format: isot
#       in_subfmt: '*'
#       out_subfmt: '*'
#       precision: 3
#       scale: utc
#       value: !astropy.table.SerializedColumn {name: time}
# schema: astropy-2.0
time,Enclosure Temperature,Sky Temperature,Frequency,MSAS,ZP,Sequence Number,Sun Alt,Moon Alt,Moon Illumination
[from data line 14876]
2024-05-19T12:16:36.000,21.09,-2.22,38760.65,8.91,20.38,38689,-1.95,-28.0,0.847
2024-05-19T12:17:36.000,21.1,-2.4,44671.71,8.76,20.38,38690,-1.76,-28.0,0.847
2024-05-19T12:18:37.000,21.08,-2.57,51087.48,8.61,20.38,38691,-1.56,-28.0,0.847
2024-05-19T12:20:37.000,20.98,-2.49,26760.33,3.54,20.38,38693,-1.18,-29.0,0.847
2024-05-19T12:22:37.000,20.95,-2.69,0.0,0.0,20.38,38695,-0.79,-29.0,0.847
2024-05-19T12:23:37.000,20.89,-2.53,0.0,0.0,20.38,38696,-0.6,-29.0,0.847
2024-05-19T12:24:37.000,20.86,-2.58,0.0,0.0,20.38,38697,-0.41,-30.0,0.847
2024-05-19T12:25:37.000,20.83,-2.45,0.43,0.18,20.38,38698,-0.21,-30.0,0.847
2024-05-19T12:26:37.000,20.85,-2.43,0.0,0.0,20.38,38699,-0.02,-30.0,0.847
2024-05-19T12:27:37.000,20.85,-2.49,0.0,0.0,20.38,38700,0.17,-30.0,0.847
2024-05-19T12:28:37.000,20.84,-2.55,0.0,0.0,20.38,38701,0.37,-30.0,0.847
2024-05-19T12:31:37.000,20.93,-2.43,0.0,0.0,20.38,38704,0.95,-31.0,0.847
2024-05-19T12:32:38.000,20.92,-2.48,0.0,0.0,20.38,38705,1.15,-31.0,0.847
2024-05-19T12:33:38.000,20.91,-2.54,0.0,0.0,20.38,38706,1.34,-31.0,0.848
2024-05-19T12:36:38.000,20.81,-2.65,0.0,0.0,20.38,38709,1.93,-32.0,0.848
2024-05-19T12:37:38.000,20.82,-2.46,0.0,0.0,20.38,38710,2.12,-32.0,0.848
2024-05-19T12:38:38.000,20.89,-2.38,0.0,0.0,20.38,38711,2.32,-32.0,0.848
2024-05-19T12:39:38.000,20.9,-2.5,0.0,0.0,20.38,38712,2.52,-33.0,0.848
2024-05-19T12:40:38.000,20.86,-2.53,0.0,0.0,20.38,38713,2.71,-33.0,0.848
2024-05-19T12:42:38.000,20.89,-2.35,0.0,0.0,20.38,38715,3.1,-33.0,0.848
2024-05-19T12:43:38.000,20.92,-2.32,0.0,0.0,20.38,38716,3.3,-33.0,0.848
2024-05-19T12:44:38.000,20.94,-2.38,0.0,0.0,20.38,38717,3.5,-34.0,0.848
2024-05-19T12:45:39.000,20.96,-2.31,0.0,0.0,20.38,38718,3.7,-34.0,0.848
2024-05-19T12:46:39.000,21.03,-2.2,0.0,0.0,20.38,38719,3.9,-34.0,0.848
2024-05-19T12:53:39.000,21.25,-2.06,0.11,0.09,20.38,38726,5.28,-35.0,0.848
2024-05-19T12:55:39.000,21.32,-2.02,0.0,0.0,20.38,38728,5.68,-36.0,0.849
2024-05-19T12:57:39.000,21.29,-1.96,0.0,0.0,20.38,38730,6.08,-36.0,0.849
2024-05-19T12:58:40.000,21.29,-2.04,0.0,0.0,20.38,38731,6.28,-36.0,0.849
2024-05-19T12:59:39.000,21.26,-2.07,0.0,0.0,20.38,38732,6.47,-37.0,0.849
2024-05-19T13:01:40.000,21.28,-1.81,0.0,0.0,20.38,38734,6.88,-37.0,0.849
2024-05-19T13:02:40.000,21.32,-1.63,0.0,0.0,20.38,38735,7.08,-37.0,0.849
2024-05-19T13:03:40.000,21.37,-1.61,0.0,0.0,20.38,38736,7.28,-37.0,0.849
2024-05-19T13:13:42.000,21.6,-0.72,0.0,0.0,20.38,38746,9.29,-39.0,0.849
2024-05-19T13:14:42.000,21.66,-0.86,0.0,0.0,20.38,38747,9.49,-39.0,0.849
2024-05-19T13:15:43.000,21.66,-0.89,0.0,0.0,20.38,38748,9.7,-40.0,0.85
2024-05-19T13:20:43.000,21.68,-0.64,0.0,0.0,20.38,38753,10.71,-41.0,0.85
2024-05-19T13:22:43.000,21.74,-0.12,0.0,0.0,20.38,38755,11.11,-41.0,0.85
2024-05-19T13:23:43.000,21.83,0.01,0.0,0.0,20.38,38756,11.31,-41.0,0.85
2024-05-19T13:25:43.000,22.0,0.21,0.0,0.0,20.38,38758,11.72,-42.0,0.85
2024-05-19T13:26:43.000,22.07,0.27,0.0,0.0,20.38,38759,11.92,-42.0,0.85
2024-05-19T13:29:43.000,22.21,0.45,0.0,0.0,20.38,38762,12.53,-42.0,0.85
2024-05-19T13:30:43.000,22.29,0.54,0.0,0.0,20.38,38763,12.74,-42.0,0.85
2024-05-19T13:37:44.000,22.4,0.98,0.0,0.0,20.38,38770,14.17,-44.0,0.851
2024-05-19T13:45:44.000,23.18,1.75,0.0,0.0,20.38,38778,15.81,-45.0,0.851
2024-05-19T13:47:44.000,23.22,1.68,0.0,0.0,20.38,38780,16.22,-46.0,0.851
2024-05-19T13:48:44.000,23.26,1.83,0.0,0.0,20.38,38781,16.42,-46.0,0.851
2024-05-19T13:51:46.000,23.33,1.96,0.0,0.0,20.38,38784,17.05,-46.0,0.851
2024-05-19T13:52:46.000,23.37,2.05,0.0,0.0,20.38,38785,17.26,-47.0,0.851
2024-05-19T13:53:46.000,23.41,2.17,0.0,0.0,20.38,38786,17.46,-47.0,0.851
2024-05-19T13:56:47.000,23.66,2.52,0.0,0.0,20.38,38789,18.08,-47.0,0.851
2024-05-19T13:57:47.000,23.75,2.58,0.0,0.0,20.38,38790,18.29,-47.0,0.852
2024-05-19T13:58:47.000,23.81,2.6,0.0,0.0,20.38,38791,18.5,-48.0,0.852
2024-05-19T14:03:05.000,24.0,2.95,0.0,0.0,20.38,38795,19.39,-48.0,0.852
2024-05-19T14:04:06.000,24.09,3.08,0.0,0.0,20.38,38796,19.6,-49.0,0.852
2024-05-19T14:05:06.000,24.14,3.12,0.0,0.0,20.38,38797,19.8,-49.0,0.852
2024-05-19T14:16:08.000,25.0,3.93,0.0,0.0,20.38,38808,22.1,-51.0,0.852
2024-05-19T14:17:07.000,25.03,4.17,0.0,0.0,20.38,38809,22.3,-51.0,0.852
2024-05-19T14:18:09.000,25.15,4.39,0.0,0.0,20.38,38810,22.51,-51.0,0.852
2024-05-19T14:20:15.000,25.25,4.34,0.0,0.0,20.38,38812,22.95,-51.0,0.853
2024-05-19T14:22:16.000,25.35,4.69,0.0,0.0,20.38,38814,23.37,-52.0,0.853
2024-05-19T14:23:16.000,25.43,4.79,0.0,0.0,20.38,38815,23.58,-52.0,0.853
2024-05-19T14:24:16.000,25.51,4.88,0.0,0.0,20.38,38816,23.79,-52.0,0.853
2024-05-19T14:26:21.000,25.65,5.04,0.0,0.0,20.38,38818,24.23,-52.0,0.853
2024-05-19T14:27:21.000,25.7,5.17,0.0,0.0,20.38,38819,24.43,-52.0,0.853
2024-05-19T14:28:21.000,25.74,5.1,0.0,0.0,20.38,38820,24.64,-53.0,0.853
2024-05-19T15:14:28.000,28.66,9.34,0.0,0.0,20.38,38866,34.34,-59.0,0.855
2024-05-19T15:15:28.000,28.77,9.73,0.0,0.0,20.38,38867,34.55,-59.0,0.855
2024-05-19T15:16:28.000,28.84,9.75,0.0,0.0,20.38,38868,34.76,-59.0,0.855
2024-05-19T15:18:30.000,29.02,9.77,0.0,0.0,20.38,38870,35.19,-60.0,0.855
2024-05-19T15:19:30.000,29.11,10.04,0.0,0.0,20.38,38871,35.4,-60.0,0.855
2024-05-19T15:20:31.000,29.21,10.12,0.0,0.0,20.38,38872,35.62,-60.0,0.855
2024-05-19T15:21:30.000,29.3,10.16,0.0,0.0,20.38,38873,35.83,-60.0,0.855
2024-05-19T15:22:31.000,29.37,10.15,0.0,0.0,20.38,38874,36.04,-60.0,0.856
2024-05-19T15:24:31.000,29.47,10.26,0.0,0.0,20.38,38876,36.46,-60.0,0.856
2024-05-19T15:25:31.000,29.51,10.02,0.0,0.0,20.38,38877,36.67,-60.0,0.856
2024-05-19T15:26:31.000,29.56,10.24,0.0,0.0,20.38,38878,36.89,-61.0,0.856
2024-05-19T15:53:37.000,39.24,15.75,0.0,0.0,20.38,38905,42.62,-63.0,0.857
2024-05-19T15:54:37.000,39.35,16.19,0.0,0.0,20.38,38906,42.83,-63.0,0.857
2024-05-19T15:55:37.000,39.62,16.37,0.0,0.0,20.38,38907,43.04,-63.0,0.857
2024-05-19T15:57:37.000,39.91,16.31,0.0,0.0,20.38,38909,43.46,-63.0,0.857
2024-05-19T15:58:37.000,39.97,15.51,0.0,0.0,20.38,38910,43.68,-63.0,0.857
2024-05-19T15:59:38.000,40.04,16.36,0.0,0.0,20.38,38911,43.89,-63.0,0.857
2024-05-19T16:15:43.000,41.86,15.03,0.0,0.0,20.38,38927,47.28,-64.0,0.858
2024-05-19T16:16:43.000,42.08,16.35,0.0,0.0,20.38,38928,47.5,-64.0,0.858
2024-05-19T16:17:43.000,42.59,17.35,0.0,0.0,20.38,38929,47.71,-64.0,0.858
2024-05-19T16:19:47.000,43.41,16.98,0.0,0.0,20.38,38931,48.14,-64.0,0.858
2024-05-19T16:22:47.000,43.49,16.59,0.0,0.0,20.38,38934,48.77,-64.0,0.858
2024-05-19T16:23:48.000,43.26,15.62,0.0,0.0,20.38,38935,48.99,-64.0,0.858
2024-05-19T16:24:48.000,43.0,15.84,0.0,0.0,20.38,38936,49.2,-64.0,0.858
2024-05-19T17:01:54.000,45.6,16.82,0.0,0.0,20.38,38973,56.93,-63.0,0.86
2024-05-19T17:02:56.000,45.48,16.08,0.0,0.0,20.38,38974,57.14,-63.0,0.86
2024-05-19T17:03:56.000,45.44,16.82,0.0,0.0,20.38,38975,57.35,-63.0,0.86
2024-05-19T17:05:56.000,45.61,17.89,0.0,0.0,20.38,38977,57.76,-63.0,0.86
2024-05-19T17:09:57.000,46.31,17.85,0.0,0.0,20.38,38981,58.58,-62.0,0.86
2024-05-19T17:10:57.000,46.43,18.13,0.0,0.0,20.38,38982,58.79,-62.0,0.861
2024-05-19T17:11:57.000,46.64,17.86,0.0,0.0,20.38,38983,58.99,-62.0,0.861
2024-05-19T17:15:02.000,47.09,18.11,0.0,0.0,20.38,38986,59.62,-62.0,0.861
2024-05-19T17:16:02.000,46.92,17.58,0.0,0.0,20.38,38987,59.82,-62.0,0.861
2024-05-19T17:17:02.000,47.12,18.65,0.0,0.0,20.38,38988,60.02,-62.0,0.861
2024-05-19T17:19:04.000,47.34,18.38,0.0,0.0,20.38,38990,60.44,-62.0,0.861
2024-05-19T17:20:04.000,47.04,17.53,0.0,0.0,20.38,38991,60.64,-62.0,0.861
2024-05-19T17:21:05.000,47.39,18.57,0.0,0.0,20.38,38992,60.84,-61.0,0.861
2024-05-19T17:22:06.000,47.69,18.33,0.0,0.0,20.38,38993,61.05,-61.0,0.861
2024-05-19T17:23:06.000,47.69,18.21,0.0,0.0,20.38,38994,61.25,-61.0,0.861
2024-05-19T17:24:06.000,47.94,19.0,0.0,0.0,20.38,38995,61.45,-61.0,0.861
2024-05-19T17:26:07.000,47.79,17.04,0.0,0.0,20.38,38997,61.86,-61.0,0.861
2024-05-19T17:28:07.000,48.44,18.92,0.0,0.0,20.38,38999,62.26,-61.0,0.861
2024-05-19T17:30:07.000,48.59,18.11,0.0,0.0,20.38,39001,62.65,-61.0,0.861
2024-05-19T17:31:07.000,48.36,17.24,0.0,0.0,20.38,39002,62.85,-60.0,0.861
2024-05-19T17:32:07.000,48.2,17.52,0.0,0.0,20.38,39003,63.05,-60.0,0.862
2024-05-19T17:42:08.000,48.71,18.14,0.0,0.0,20.38,39013,65.02,-59.0,0.862
2024-05-19T17:43:08.000,48.6,18.04,0.0,0.0,20.38,39014,65.21,-59.0,0.862
2024-05-19T17:44:08.000,48.72,18.59,0.0,0.0,20.38,39015,65.41,-59.0,0.862
2024-05-19T17:46:09.000,48.54,17.08,0.0,0.0,20.38,39017,65.8,-59.0,0.862
2024-05-19T17:47:09.000,48.41,17.92,0.0,0.0,20.38,39018,65.99,-59.0,0.862
2024-05-19T17:48:09.000,48.28,17.48,0.0,0.0,20.38,39019,66.18,-59.0,0.862
2024-05-19T17:50:09.000,48.12,17.21,0.0,0.0,20.38,39021,66.56,-58.0,0.862
2024-05-19T17:52:09.000,48.0,17.99,0.0,0.0,20.38,39023,66.94,-58.0,0.862
2024-05-19T17:53:09.000,48.12,18.15,0.0,0.0,20.38,39024,67.13,-58.0,0.862
2024-05-19T17:54:09.000,48.25,18.48,0.0,0.0,20.38,39025,67.32,-58.0,0.863
2024-05-19T17:57:09.000,47.81,16.96,0.0,0.0,20.38,39028,67.88,-57.0,0.863
2024-05-19T17:58:10.000,47.63,17.46,0.0,0.0,20.38,39029,68.07,-57.0,0.863
2024-05-19T17:59:10.000,48.02,18.76,0.0,0.0,20.38,39030,68.25,-57.0,0.863
2024-05-19T18:01:10.000,48.41,18.68,0.0,0.0,20.38,39032,68.62,-57.0,0.863
2024-05-19T18:03:12.000,48.34,17.85,0.0,0.0,20.38,39034,68.99,-56.0,0.863
2024-05-19T18:04:12.000,48.27,17.9,0.0,0.0,20.38,39035,69.17,-56.0,0.863
2024-05-19T18:05:12.000,48.24,17.36,0.0,0.0,20.38,39036,69.35,-56.0,0.863
2024-05-19T18:14:13.000,47.93,17.39,0.0,0.0,20.38,39045,70.94,-55.0,0.863
2024-05-19T18:15:14.000,47.91,16.96,0.0,0.0,20.38,39046,71.11,-55.0,0.863
2024-05-19T18:16:14.000,47.79,17.03,0.0,0.0,20.38,39047,71.28,-55.0,0.864
2024-05-19T18:18:14.000,47.71,17.33,0.0,0.0,20.38,39049,71.61,-54.0,0.864
2024-05-19T18:19:16.000,47.8,17.48,0.0,0.0,20.38,39050,71.79,-54.0,0.864
2024-05-19T18:20:16.000,47.97,17.26,0.0,0.0,20.38,39051,71.95,-54.0,0.864
2024-05-19T18:43:23.000,49.53,17.38,0.0,0.0,20.38,39074,75.33,-50.0,0.865
2024-05-19T18:44:23.000,49.51,17.47,0.0,0.0,20.38,39075,75.45,-50.0,0.865
2024-05-19T18:45:24.000,49.67,18.13,0.0,0.0,20.38,39076,75.57,-50.0,0.865
2024-05-19T18:47:24.000,49.65,16.59,0.0,0.0,20.38,39078,75.81,-50.0,0.865
2024-05-19T18:49:24.000,49.73,17.38,0.0,0.0,20.38,39080,76.03,-49.0,0.865
2024-05-19T18:50:24.000,49.59,16.86,0.0,0.0,20.38,39081,76.13,-49.0,0.865
2024-05-19T18:51:24.000,49.72,17.95,0.0,0.0,20.38,39082,76.24,-49.0,0.865
2024-05-19T18:54:24.000,49.59,17.18,0.0,0.0,20.38,39085,76.53,-48.0,0.865
2024-05-19T18:55:24.000,49.62,17.16,0.0,0.0,20.38,39086,76.63,-48.0,0.865
2024-05-19T18:58:25.000,49.4,16.64,0.0,0.0,20.38,39089,76.88,-48.0,0.865
2024-05-19T18:59:25.000,49.49,17.24,0.0,0.0,20.38,39090,76.96,-47.0,0.865
2024-05-19T19:01:25.000,49.39,16.07,0.0,0.0,20.38,39092,77.11,-47.0,0.866
2024-05-19T19:02:25.000,48.98,15.58,0.0,0.0,20.38,39093,77.18,-47.0,0.866
2024-05-19T19:03:26.000,48.91,16.07,0.0,0.0,20.38,39094,77.25,-47.0,0.866
2024-05-19T19:08:27.000,49.95,17.22,0.0,0.0,20.38,39099,77.52,-46.0,0.866
2024-05-19T19:09:27.000,49.92,16.99,0.0,0.0,20.38,39100,77.56,-46.0,0.866
2024-05-19T19:10:27.000,50.17,17.63,0.0,0.0,20.38,39101,77.6,-45.0,0.866
2024-05-19T19:12:27.000,50.43,17.46,0.0,0.0,20.38,39103,77.67,-45.0,0.866
2024-05-19T19:14:28.000,49.96,15.43,0.0,0.0,20.38,39105,77.72,-45.0,0.866
2024-05-19T19:15:30.000,49.56,15.48,0.0,0.0,20.38,39106,77.74,-45.0,0.866
2024-05-19T19:16:30.000,49.37,16.31,0.0,0.0,20.38,39107,77.75,-44.0,0.866
2024-05-19T19:18:31.000,49.77,17.41,0.0,0.0,20.38,39109,77.77,-44.0,0.866
2024-05-19T19:19:32.000,49.8,16.46,0.0,0.0,20.38,39110,77.77,-44.0,0.866
2024-05-19T19:20:33.000,49.93,16.92,0.0,0.0,20.38,39111,77.77,-44.0,0.866
2024-05-19T19:23:33.000,50.61,17.18,0.0,0.0,20.38,39114,77.74,-43.0,0.867
2024-05-19T19:24:35.000,50.85,17.22,0.0,0.0,20.38,39115,77.72,-43.0,0.867
2024-05-19T19:25:35.000,50.74,16.43,0.0,0.0,20.38,39116,77.7,-43.0,0.867
2024-05-19T20:10:42.000,51.17,16.49,0.0,0.0,20.38,39161,73.27,-34.0,0.869
2024-05-19T20:11:42.000,51.36,16.25,0.0,0.0,20.38,39162,73.12,-34.0,0.869
2024-05-19T20:12:42.000,50.91,13.83,0.0,0.0,20.38,39163,72.96,-34.0,0.869
2024-05-19T20:14:42.000,50.67,16.26,0.0,0.0,20.38,39165,72.65,-33.0,0.869
2024-05-19T20:16:43.000,51.46,16.15,0.0,0.0,20.38,39167,72.32,-33.0,0.869
2024-05-19T20:18:45.000,50.97,15.05,0.0,0.0,20.38,39169,71.99,-33.0,0.869
2024-05-19T20:19:45.000,50.16,13.71,0.0,0.0,20.38,39170,71.83,-32.0,0.869
2024-05-19T20:20:46.000,49.98,14.56,0.0,0.0,20.38,39171,71.66,-32.0,0.869
2024-05-19T20:56:55.000,50.4,15.08,0.0,0.0,20.38,39207,65.06,-25.0,0.871
2024-05-19T20:57:55.000,50.24,15.14,0.0,0.0,20.38,39208,64.87,-25.0,0.871
2024-05-19T20:58:56.000,50.05,15.03,0.0,0.0,20.38,39209,64.67,-25.0,0.871
2024-05-19T21:01:56.000,50.01,15.91,0.0,0.0,20.38,39212,64.08,-24.0,0.871
2024-05-19T21:02:57.000,50.2,15.68,0.0,0.0,20.38,39213,63.88,-24.0,0.871
2024-05-19T21:03:57.000,50.02,15.03,0.0,0.0,20.38,39214,63.69,-24.0,0.871
2024-05-19T21:17:00.000,50.09,15.51,0.0,0.0,20.38,39227,61.09,-21.0,0.872
2024-05-19T21:18:01.000,49.95,15.4,0.0,0.0,20.38,39228,60.88,-21.0,0.872
2024-05-19T21:19:01.000,50.09,15.96,0.0,0.0,20.38,39229,60.68,-20.0,0.872
2024-05-19T21:21:02.000,49.36,13.53,0.0,0.0,20.38,39231,60.27,-20.0,0.872
2024-05-19T21:22:02.000,49.42,15.33,0.0,0.0,20.38,39232,60.07,-20.0,0.872
2024-05-19T21:23:02.000,49.82,16.41,0.0,0.0,20.38,39233,59.87,-20.0,0.872
2024-05-19T21:39:06.000,44.34,10.93,0.0,0.0,20.38,39249,56.58,-16.0,0.873
2024-05-19T21:40:06.000,44.21,11.22,0.0,0.0,20.38,39250,56.37,-16.0,0.873
2024-05-19T21:41:07.000,44.14,11.24,0.0,0.0,20.38,39251,56.16,-16.0,0.873
2024-05-19T21:43:07.000,43.41,10.32,0.0,0.0,20.38,39253,55.75,-16.0,0.873
2024-05-19T21:44:07.000,43.17,10.49,0.0,0.0,20.38,39254,55.54,-15.0,0.873
2024-05-19T21:45:11.000,43.03,11.15,0.0,0.0,20.38,39255,55.32,-15.0,0.873
2024-05-19T22:19:18.000,40.3,11.83,0.0,0.0,20.38,39289,48.19,-8.0,0.874
2024-05-19T22:20:18.000,40.32,11.72,0.0,0.0,20.38,39290,47.98,-8.0,0.874
2024-05-19T22:21:19.000,40.32,11.95,0.0,0.0,20.38,39291,47.76,-8.0,0.875
2024-05-19T22:24:19.000,40.26,11.85,0.0,0.0,20.38,39294,47.13,-7.0,0.875
2024-05-19T22:26:19.000,40.19,11.58,0.0,0.0,20.38,39296,46.71,-7.0,0.875
2024-05-19T22:27:19.000,40.2,11.92,0.0,0.0,20.38,39297,46.5,-7.0,0.875
2024-05-19T22:28:19.000,40.26,11.85,0.0,0.0,20.38,39298,46.29,-6.0,0.875
2024-05-19T22:30:19.000,40.17,11.29,0.0,0.0,20.38,39300,45.87,-6.0,0.875
2024-05-19T22:32:19.000,40.03,11.45,0.0,0.0,20.38,39302,45.45,-6.0,0.875
2024-05-19T22:33:19.000,40.07,11.78,0.0,0.0,20.38,39303,45.24,-5.0,0.875
2024-05-19T22:34:19.000,40.01,11.65,0.0,0.0,20.38,39304,45.02,-5.0,0.875
2024-05-19T22:36:21.000,39.88,11.4,0.0,0.0,20.38,39306,44.59,-5.0,0.875
2024-05-19T22:37:21.000,39.78,11.42,0.0,0.0,20.38,39307,44.38,-5.0,0.875
2024-05-19T22:40:21.000,39.55,11.5,0.0,0.0,20.38,39310,43.75,-4.0,0.875
2024-05-19T22:41:22.000,39.48,11.26,0.0,0.0,20.38,39311,43.54,-4.0,0.875
2024-05-19T22:42:21.000,39.42,11.53,0.0,0.0,20.38,39312,43.33,-4.0,0.875
2024-05-19T22:44:22.000,39.53,11.97,0.0,0.0,20.38,39314,42.9,-3.0,0.876
2024-05-19T22:46:22.000,39.36,11.24,0.0,0.0,20.38,39316,42.48,-3.0,0.876
2024-05-19T22:51:22.000,39.62,12.07,0.0,0.0,20.38,39321,41.42,-2.0,0.876
2024-05-19T22:53:23.000,39.78,12.1,0.0,0.0,20.38,39323,41.0,-1.0,0.876
2024-05-19T22:54:23.000,39.9,12.47,0.0,0.0,20.38,39324,40.78,-1.0,0.876
2024-05-19T22:55:23.000,39.95,12.14,0.0,0.0,20.38,39325,40.57,-1.0,0.876
2024-05-19T23:02:24.000,39.49,11.36,0.0,0.0,20.38,39332,39.09,0.0,0.876
2024-05-19T23:03:24.000,39.51,11.94,0.0,0.0,20.38,39333,38.88,1.0,0.876
2024-05-19T23:04:24.000,39.51,12.1,0.0,0.0,20.38,39334,38.67,1.0,0.876
2024-05-19T23:06:24.000,39.6,12.1,0.0,0.0,20.38,39336,38.24,1.0,0.877
2024-05-19T23:08:25.000,39.57,11.87,0.0,0.0,20.38,39338,37.82,2.0,0.877
2024-05-19T23:09:24.000,39.48,11.44,0.0,0.0,20.38,39339,37.61,2.0,0.877
2024-05-19T23:10:25.000,39.44,11.66,0.0,0.0,20.38,39340,37.39,2.0,0.877
2024-05-19T23:11:25.000,39.41,11.54,0.0,0.0,20.38,39341,37.18,2.0,0.877
2024-05-19T23:12:25.000,39.4,11.61,0.0,0.0,20.38,39342,36.97,2.0,0.877
