Downloads/jupyter/ECSV/stars19/stars19_2022-11.ecsv
# %ECSV 1.0
# ---
# datatype:
# - {name: time, datatype: string}
# - {name: Enclosure Temperature, unit: deg_C, datatype: float64}
# - {name: Sky Temperature, unit: deg_C, datatype: float64}
# - {name: Frequency, unit: Hz, datatype: float64}
# - {name: MSAS, unit: mag / arcsec2, datatype: float64}
# - {name: ZP, datatype: float64}
# - {name: Sequence Number, datatype: int64}
# - {name: Sun Alt, unit: deg, datatype: float64}
# - {name: Moon Alt, unit: deg, datatype: float64}
# - {name: Moon Illumination, datatype: float64}
# delimiter: ','
# meta: !!omap
# - ida:
#     Data supplier: {affiliation: null, observer: null}
#     Device type: TESS-W
#     Field of view: 17.0
#     Filters per channel: None
#     Instrument ID: stars19
#     License: ODbL 1.0 http://opendatacommons.org/licenses/odbl/summary/
#     Local timezone: America/Phoenix
#     Location name: {country: '- Tucson', place: Tucson, region: United States, sub_region: Arizona, town: Pima County}
#     Measurement direction per channel: {azimuth: 0.0, zenital: 0.0}
#     Moving / Fixed look direction: FIXED
#     Moving / Stationary position: STATIONARY
#     Number of channels: 1
#     Number of fields per line: 8
#     Number of header lines: 35
#     Position: {height: 0.0, latitude: 32.223877, longitude: -110.767532}
#     TESS MAC address: 18:FE:34:CF:EC:06
#     TESS cover offset value: 0.0
#     TESS firmware version: '1.0'
#     TESS zero point: 20.5
#     Time Synchronization: timestamp added by MQTT subscriber
#     URL: http://www.darksky.org/NSBM/sdf1.0.pdf
# - __serialized_columns__:
#     Enclosure Temperature:
#       __class__: astropy.units.quantity.Quantity
#       unit: &id001 !astropy.units.Unit {unit: deg_C}
#       value: !astropy.table.SerializedColumn {name: Enclosure Temperature}
#     Frequency:
#       __class__: astropy.units.quantity.Quantity
#       unit: !astropy.units.Unit {unit: Hz}
#       value: !astropy.table.SerializedColumn {name: Frequency}
#     MSAS:
#       __class__: astropy.units.quantity.Quantity
#       unit: !astropy.units.Unit {unit: mag / arcsec2}
#       value: !astropy.table.SerializedColumn {name: MSAS}
#     Moon Alt:
#       __class__: astropy.units.quantity.Quantity
#       unit: &id002 !astropy.units.Unit {unit: deg}
#       value: !astropy.table.SerializedColumn {name: Moon Alt}
#     Sky Temperature:
#       __class__: astropy.units.quantity.Quantity
#       unit: *id001
#       value: !astropy.table.SerializedColumn {name: Sky Temperature}
#     Sun Alt:
#       __class__: astropy.units.quantity.Quantity
#       unit: *id002
#       value: !astropy.table.SerializedColumn {name: Sun Alt}
#     time:
#       __class__: astropy.time.core.Time
#       format: isot
#       in_subfmt: '*'
#       out_subfmt: '*'
#       precision: 3
#       scale: utc
#       value: !astropy.table.SerializedColumn {name: time}
# schema: astropy-2.0
time,Enclosure Temperature,Sky Temperature,Frequency,MSAS,ZP,Sequence Number,Sun Alt,Moon Alt,Moon Illumination
[from data line 15613]
2022-11-28T23:59:51.000,22.03,4.78,0.0,0.0,20.5,33953,2.65,36.0,0.322
2022-11-29T00:00:51.000,22.02,4.53,0.0,0.0,20.5,33954,2.46,36.0,0.322
2022-11-29T00:01:51.000,21.97,4.24,0.0,0.0,20.5,33955,2.27,36.0,0.322
2022-11-29T00:02:51.000,21.97,4.16,0.15,0.1,20.5,33956,2.09,36.0,0.322
2022-11-29T00:03:51.000,22.0,4.04,0.0,0.0,20.5,33957,1.9,36.0,0.322
2022-11-29T00:04:52.000,22.01,3.82,0.0,0.0,20.5,33958,1.71,36.0,0.322
2022-11-29T00:06:57.000,21.83,3.66,0.0,0.0,20.5,33960,1.31,36.0,0.322
2022-11-29T00:07:57.000,21.78,3.59,0.0,0.0,20.5,33961,1.12,36.0,0.322
2022-11-29T00:08:57.000,21.71,3.39,0.0,0.0,20.5,33962,0.93,36.0,0.323
2022-11-29T00:09:58.000,21.71,3.32,0.0,0.0,20.5,33963,0.74,36.0,0.323
2022-11-29T00:12:05.000,21.75,2.59,0.0,0.0,20.5,33965,0.34,36.0,0.323
2022-11-29T00:14:11.000,21.66,1.73,0.0,0.0,20.5,33967,-0.06,36.0,0.323
2022-11-29T00:19:11.000,21.49,1.91,0.0,0.0,20.5,33972,-1.02,36.0,0.323
2022-11-29T00:21:12.000,21.5,1.82,0.0,0.0,20.5,33974,-1.41,36.0,0.323
2022-11-29T00:22:12.000,21.44,1.56,0.0,0.0,20.5,33975,-1.6,36.0,0.324
2022-11-29T00:23:13.000,21.39,1.63,56203.07,7.55,20.5,33976,-1.8,36.0,0.324
2022-11-29T00:24:13.000,21.36,1.66,53557.55,8.56,20.5,33977,-1.99,36.0,0.324
2022-11-29T00:25:13.000,21.29,1.56,45814.82,8.73,20.5,33978,-2.18,36.0,0.324
2022-11-29T00:26:13.000,21.24,1.79,39318.9,8.89,20.5,33979,-2.37,36.0,0.324
2022-11-29T00:27:13.000,21.24,2.05,35370.2,9.01,20.5,33980,-2.57,36.0,0.324
2022-11-29T00:29:19.000,21.2,1.81,23739.56,9.44,20.5,33982,-2.97,36.0,0.324
2022-11-29T00:30:19.000,21.18,1.49,19068.22,9.68,20.5,33983,-3.17,36.0,0.324
2022-11-29T00:31:19.000,21.15,1.14,14887.48,9.95,20.5,33984,-3.36,36.0,0.324
2022-11-29T00:32:20.000,21.13,0.65,12254.76,10.16,20.5,33985,-3.56,36.0,0.324
2022-11-29T00:33:20.000,21.08,0.25,9965.28,10.39,20.5,33986,-3.75,36.0,0.324
2022-11-29T00:34:20.000,21.06,0.1,8098.11,10.61,20.5,33987,-3.95,36.0,0.324
2022-11-29T00:40:26.000,20.8,-0.43,1874.77,12.2,20.5,33993,-5.14,36.0,0.325
2022-11-29T00:41:26.000,20.78,-0.33,1483.18,12.45,20.5,33994,-5.34,36.0,0.325
2022-11-29T00:42:26.000,20.77,-0.32,1157.01,12.72,20.5,33995,-5.53,35.0,0.325
2022-11-29T00:43:26.000,20.74,-0.3,907.2,12.99,20.5,33996,-5.73,35.0,0.325
2022-11-29T00:44:26.000,20.73,-0.23,711.78,13.25,20.5,33997,-5.93,35.0,0.325
2022-11-29T00:45:26.000,20.69,-0.3,556.58,13.52,20.5,33998,-6.12,35.0,0.325
2022-11-29T00:46:26.000,20.62,-0.21,424.82,13.81,20.5,33999,-6.32,35.0,0.325
2022-11-29T00:47:27.000,20.61,-0.13,328.7,14.09,20.5,34000,-6.52,35.0,0.325
2022-11-29T00:48:27.000,20.61,0.12,259.21,14.35,20.5,34001,-6.72,35.0,0.326
2022-11-29T00:49:27.000,20.57,0.22,217.15,14.54,20.5,34002,-6.91,35.0,0.326
2022-11-29T00:50:28.000,20.52,0.54,176.99,14.76,20.5,34003,-7.11,35.0,0.326
2022-11-29T00:52:28.000,20.39,0.17,111.91,15.26,20.5,34005,-7.51,35.0,0.326
2022-11-29T00:56:29.000,20.28,-1.43,45.99,16.22,20.5,34009,-8.31,35.0,0.326
2022-11-29T00:57:30.000,20.28,-1.63,38.03,16.43,20.5,34010,-8.51,35.0,0.326
2022-11-29T00:58:30.000,20.28,-1.95,31.77,16.63,20.5,34011,-8.71,35.0,0.326
2022-11-29T00:59:30.000,20.25,-2.33,26.53,16.82,20.5,34012,-8.91,35.0,0.326
2022-11-29T01:00:30.000,20.22,-2.55,21.82,17.03,20.5,34013,-9.11,35.0,0.326
2022-11-29T01:01:31.000,20.24,-2.62,18.31,17.22,20.5,34014,-9.31,35.0,0.327
2022-11-29T01:02:31.000,20.22,-2.92,15.84,17.38,20.5,34015,-9.51,35.0,0.327
2022-11-29T01:03:31.000,20.17,-2.92,13.77,17.53,20.5,34016,-9.71,35.0,0.327
2022-11-29T01:04:31.000,20.15,-2.95,11.72,17.71,20.5,34017,-9.91,35.0,0.327
2022-11-29T01:06:32.000,20.04,-3.3,8.92,18.0,20.5,34019,-10.31,35.0,0.327
2022-11-29T01:07:32.000,19.98,-3.32,7.61,18.18,20.5,34020,-10.51,34.0,0.327
2022-11-29T01:08:32.000,19.93,-3.26,6.71,18.31,20.5,34021,-10.71,34.0,0.327
2022-11-29T01:09:33.000,19.91,-3.26,6.14,18.41,20.5,34022,-10.91,34.0,0.327
2022-11-29T01:11:38.000,19.86,-3.38,4.92,18.65,20.5,34024,-11.33,34.0,0.327
2022-11-29T01:12:39.000,19.86,-3.49,4.45,18.76,20.5,34025,-11.54,34.0,0.327
2022-11-29T01:13:40.000,19.89,-3.58,3.95,18.89,20.5,34026,-11.74,34.0,0.327
2022-11-29T01:14:41.000,19.88,-3.82,3.63,18.98,20.5,34027,-11.94,34.0,0.327
2022-11-29T01:15:41.000,19.86,-3.99,3.27,19.09,20.5,34028,-12.15,34.0,0.328
2022-11-29T01:16:41.000,19.8,-3.94,3.1,19.15,20.5,34029,-12.35,34.0,0.328
2022-11-29T01:17:42.000,19.78,-3.92,3.17,19.13,20.5,34030,-12.55,34.0,0.328
2022-11-29T01:20:42.000,19.7,-3.77,2.92,19.22,20.5,34033,-13.16,34.0,0.328
2022-11-29T01:21:43.000,19.67,-3.84,2.78,19.27,20.5,34034,-13.36,34.0,0.328
2022-11-29T01:22:43.000,19.67,-3.73,2.72,19.3,20.5,34035,-13.57,34.0,0.328
2022-11-29T01:23:43.000,19.67,-3.83,2.91,19.23,20.5,34036,-13.77,33.0,0.328
2022-11-29T01:24:44.000,19.66,-3.86,2.6,19.34,20.5,34037,-13.97,33.0,0.328
2022-11-29T01:25:44.000,19.61,-3.91,2.65,19.32,20.5,34038,-14.18,33.0,0.328
2022-11-29T01:28:45.000,19.55,-4.2,2.55,19.36,20.5,34041,-14.79,33.0,0.329
2022-11-29T01:29:45.000,19.5,-4.4,2.44,19.41,20.5,34042,-14.99,33.0,0.329
2022-11-29T01:30:45.000,19.49,-4.43,2.41,19.42,20.5,34043,-15.19,33.0,0.329
2022-11-29T01:31:45.000,19.43,-4.56,2.35,19.45,20.5,34044,-15.4,33.0,0.329
2022-11-29T01:32:45.000,19.39,-4.62,2.33,19.46,20.5,34045,-15.6,33.0,0.329
2022-11-29T01:33:45.000,19.37,-4.53,2.3,19.48,20.5,34046,-15.8,33.0,0.329
2022-11-29T01:34:45.000,19.33,-4.69,2.31,19.47,20.5,34047,-16.01,33.0,0.329
2022-11-29T01:35:46.000,19.31,-4.58,2.28,19.48,20.5,34048,-16.22,33.0,0.329
2022-11-29T01:37:52.000,19.21,-4.58,3.12,19.18,20.5,34050,-16.64,32.0,0.329
2022-11-29T01:38:52.000,19.2,-4.5,2.28,19.48,20.5,34051,-16.85,32.0,0.329
2022-11-29T01:44:59.000,19.17,-4.37,2.32,19.47,20.5,34057,-18.1,32.0,0.33
2022-11-29T01:45:59.000,19.19,-4.16,2.4,19.43,20.5,34058,-18.3,32.0,0.33
2022-11-29T01:47:59.000,19.23,-3.86,3.53,19.01,20.5,34060,-18.71,32.0,0.33
2022-11-29T01:49:00.000,19.25,-3.88,3.35,19.07,20.5,34061,-18.92,32.0,0.33
2022-11-29T01:50:00.000,19.32,-3.91,2.77,19.27,20.5,34062,-19.13,31.0,0.33
2022-11-29T01:52:07.000,19.4,-4.16,2.43,19.42,20.5,34064,-19.56,31.0,0.33
2022-11-29T01:53:07.000,19.47,-4.2,2.3,19.47,20.5,34065,-19.77,31.0,0.33
2022-11-29T01:54:07.000,19.47,-4.55,2.24,19.5,20.5,34066,-19.97,31.0,0.33
2022-11-29T02:11:25.000,19.33,-4.84,2.13,19.56,20.5,34083,-23.55,29.0,0.332
2022-11-29T02:14:26.000,19.33,-5.12,2.12,19.56,20.5,34086,-24.17,29.0,0.332
2022-11-29T02:17:27.000,19.34,-5.06,2.11,19.57,20.5,34089,-24.8,29.0,0.332
2022-11-29T02:18:28.000,19.35,-5.03,2.1,19.58,20.5,34090,-25.01,29.0,0.332
2022-11-29T02:19:28.000,19.37,-5.03,2.1,19.58,20.5,34091,-25.22,29.0,0.332
2022-11-29T02:20:28.000,19.36,-5.12,2.11,19.57,20.5,34092,-25.43,28.0,0.332
2022-11-29T02:23:34.000,19.32,-5.17,2.09,19.58,20.5,34095,-26.07,28.0,0.333
2022-11-29T02:24:34.000,19.33,-5.14,2.09,19.58,20.5,34096,-26.28,28.0,0.333
2022-11-29T02:26:41.000,19.26,-5.42,2.09,19.58,20.5,34098,-26.72,28.0,0.333
2022-11-29T02:27:41.000,19.19,-5.52,2.09,19.58,20.5,34099,-26.93,28.0,0.333
2022-11-29T02:29:42.000,18.8,-5.95,2.08,19.58,20.5,34101,-27.35,27.0,0.333
2022-11-29T02:30:42.000,18.77,-5.62,2.15,19.55,20.5,34102,-27.56,27.0,0.333
2022-11-29T02:31:42.000,18.75,-5.66,2.04,19.6,20.5,34103,-27.77,27.0,0.333
2022-11-29T02:32:42.000,18.73,-5.67,2.09,19.58,20.5,34104,-27.98,27.0,0.333
2022-11-29T02:33:42.000,18.74,-5.61,2.07,19.59,20.5,34105,-28.19,27.0,0.333
2022-11-29T02:34:43.000,18.76,-5.69,2.06,19.59,20.5,34106,-28.4,27.0,0.334
2022-11-29T02:35:43.000,18.72,-5.87,2.06,19.6,20.5,34107,-28.61,27.0,0.334
2022-11-29T02:42:50.000,18.13,-6.18,2.03,19.61,20.5,34114,-30.1,26.0,0.334
2022-11-29T02:47:57.000,17.89,-6.03,2.04,19.6,20.5,34119,-31.17,25.0,0.335
2022-11-29T02:48:57.000,17.9,-5.97,2.03,19.61,20.5,34120,-31.38,25.0,0.335
2022-11-29T02:49:57.000,17.87,-6.02,1.99,19.63,20.5,34121,-31.59,25.0,0.335
2022-11-29T02:52:04.000,17.76,-6.19,1.98,19.64,20.5,34123,-32.04,25.0,0.335
2022-11-29T02:53:04.000,17.72,-6.07,1.96,19.65,20.5,34124,-32.25,24.0,0.335
2022-11-29T02:54:04.000,17.72,-6.0,1.93,19.66,20.5,34125,-32.46,24.0,0.335
2022-11-29T02:55:04.000,17.67,-6.08,1.93,19.67,20.5,34126,-32.67,24.0,0.335
2022-11-29T02:57:04.000,17.63,-6.08,1.93,19.66,20.5,34128,-33.09,24.0,0.335
2022-11-29T02:58:04.000,17.62,-6.15,1.93,19.66,20.5,34129,-33.3,24.0,0.335
2022-11-29T02:59:04.000,17.6,-6.22,1.93,19.66,20.5,34130,-33.51,24.0,0.335
2022-11-29T03:00:04.000,17.57,-6.26,1.93,19.66,20.5,34131,-33.72,24.0,0.335
2022-11-29T03:01:05.000,17.49,-6.37,1.92,19.67,20.5,34132,-33.93,23.0,0.336
2022-11-29T03:02:05.000,17.41,-6.5,2.04,19.61,20.5,34133,-34.14,23.0,0.336
2022-11-29T03:04:05.000,17.3,-6.32,1.95,19.66,20.5,34135,-34.56,23.0,0.336
2022-11-29T03:05:05.000,17.27,-6.31,1.94,19.66,20.5,34136,-34.78,23.0,0.336
2022-11-29T03:07:10.000,17.2,-6.32,2.07,19.59,20.5,34138,-35.21,23.0,0.336
2022-11-29T03:08:10.000,17.17,-6.28,2.07,19.59,20.5,34139,-35.42,22.0,0.336
2022-11-29T03:09:10.000,17.17,-6.2,1.97,19.64,20.5,34140,-35.64,22.0,0.336
2022-11-29T03:10:10.000,17.18,-6.19,1.93,19.66,20.5,34141,-35.85,22.0,0.336
2022-11-29T03:11:11.000,17.16,-6.27,1.93,19.67,20.5,34142,-36.06,22.0,0.336
2022-11-29T03:12:12.000,17.14,-6.21,1.93,19.67,20.5,34143,-36.28,22.0,0.336
2022-11-29T03:13:12.000,17.13,-6.12,1.93,19.67,20.5,34144,-36.49,22.0,0.336
2022-11-29T03:14:12.000,17.12,-6.11,1.92,19.67,20.5,34145,-36.7,22.0,0.337
2022-11-29T03:15:12.000,17.12,-6.13,1.91,19.68,20.5,34146,-36.91,21.0,0.337
2022-11-29T03:18:19.000,17.12,-6.01,1.9,19.68,20.5,34149,-37.57,21.0,0.337
2022-11-29T03:19:19.000,17.11,-6.03,1.9,19.69,20.5,34150,-37.78,21.0,0.337
2022-11-29T03:20:19.000,17.08,-6.01,1.89,19.69,20.5,34151,-37.99,21.0,0.337
2022-11-29T03:21:20.000,17.08,-5.99,1.88,19.69,20.5,34152,-38.2,21.0,0.337
2022-11-29T03:22:20.000,17.1,-5.98,1.89,19.69,20.5,34153,-38.41,20.0,0.337
2022-11-29T03:25:20.000,17.07,-6.12,2.02,19.62,20.5,34156,-39.05,20.0,0.337
2022-11-29T03:26:21.000,17.04,-6.11,2.0,19.63,20.5,34157,-39.26,20.0,0.337
2022-11-29T03:27:21.000,17.04,-6.09,1.89,19.69,20.5,34158,-39.47,20.0,0.338
2022-11-29T03:29:27.000,17.03,-6.07,1.89,19.69,20.5,34160,-39.92,19.0,0.338
2022-11-29T03:30:27.000,17.03,-5.97,1.87,19.7,20.5,34161,-40.13,19.0,0.338
2022-11-29T03:31:27.000,17.05,-6.07,1.87,19.7,20.5,34162,-40.34,19.0,0.338
2022-11-29T03:32:28.000,17.02,-6.22,1.87,19.7,20.5,34163,-40.56,19.0,0.338
2022-11-29T03:33:28.000,16.99,-6.14,1.87,19.7,20.5,34164,-40.77,19.0,0.338
2022-11-29T03:34:28.000,16.96,-6.13,1.87,19.7,20.5,34165,-40.98,19.0,0.338
2022-11-29T03:35:28.000,16.93,-6.22,1.92,19.67,20.5,34166,-41.19,18.0,0.338
2022-11-29T03:37:35.000,16.87,-6.17,1.95,19.48,20.5,34168,-41.64,18.0,0.338
2022-11-29T03:38:35.000,16.85,-6.16,2.02,19.62,20.5,34169,-41.85,18.0,0.338
2022-11-29T03:39:36.000,16.83,-6.14,1.99,19.63,20.5,34170,-42.06,18.0,0.338
2022-11-29T03:40:37.000,16.85,-6.12,2.01,19.62,20.5,34171,-42.28,18.0,0.339
2022-11-29T03:41:37.000,16.85,-6.18,1.99,19.63,20.5,34172,-42.49,17.0,0.339
2022-11-29T03:42:37.000,16.87,-6.09,1.98,19.64,20.5,34173,-42.7,17.0,0.339
2022-11-29T03:43:37.000,16.9,-6.1,1.98,19.64,20.5,34174,-42.91,17.0,0.339
2022-11-29T03:51:39.000,17.16,-6.39,1.85,19.71,20.5,34182,-44.61,16.0,0.339
2022-11-29T03:52:39.000,17.23,-6.48,1.84,19.72,20.5,34183,-44.82,16.0,0.339
2022-11-29T03:53:39.000,17.27,-6.61,1.85,19.71,20.5,34184,-45.03,16.0,0.34
2022-11-29T03:54:39.000,17.31,-6.67,1.85,19.71,20.5,34185,-45.25,15.0,0.34
2022-11-29T03:56:45.000,17.33,-6.85,1.85,19.71,20.5,34187,-45.69,15.0,0.34
2022-11-29T03:57:45.000,17.35,-6.87,1.85,19.71,20.5,34188,-45.9,15.0,0.34
2022-11-29T03:58:45.000,17.38,-6.91,1.84,19.72,20.5,34189,-46.11,15.0,0.34
2022-11-29T03:59:46.000,17.37,-7.04,1.84,19.72,20.5,34190,-46.33,15.0,0.34
2022-11-29T04:00:46.000,17.34,-7.08,1.93,19.67,20.5,34191,-46.54,14.0,0.34
2022-11-29T04:01:46.000,17.26,-7.25,1.97,19.64,20.5,34192,-46.75,14.0,0.34
2022-11-29T04:02:46.000,17.2,-7.18,1.97,19.65,20.5,34193,-46.96,14.0,0.34
2022-11-29T04:03:47.000,17.13,-7.17,1.9,19.68,20.5,34194,-47.18,14.0,0.34
2022-11-29T04:04:47.000,17.06,-7.38,1.86,19.71,20.5,34195,-47.39,14.0,0.34
2022-11-29T04:05:49.000,16.94,-7.42,1.86,19.71,20.5,34196,-47.61,14.0,0.34
2022-11-29T04:07:49.000,16.88,-7.21,1.85,19.71,20.5,34198,-48.03,13.0,0.341
2022-11-29T04:12:50.000,16.8,-7.26,1.84,19.72,20.5,34203,-49.09,12.0,0.341
2022-11-29T04:13:51.000,16.78,-7.31,1.84,19.72,20.5,34204,-49.3,12.0,0.341
2022-11-29T04:14:51.000,16.73,-7.39,1.84,19.72,20.5,34205,-49.51,12.0,0.341
2022-11-29T04:15:51.000,16.69,-7.32,1.84,19.72,20.5,34206,-49.72,12.0,0.341
2022-11-29T04:16:51.000,16.68,-7.27,1.83,19.72,20.5,34207,-49.93,12.0,0.341
2022-11-29T04:17:52.000,16.66,-7.31,1.84,19.72,20.5,34208,-50.15,12.0,0.341
2022-11-29T04:18:53.000,16.62,-7.33,1.83,19.72,20.5,34209,-50.36,11.0,0.341
2022-11-29T04:19:53.000,16.62,-7.27,1.83,19.73,20.5,34210,-50.57,11.0,0.342
2022-11-29T04:20:53.000,16.62,-7.32,1.83,19.73,20.5,34211,-50.78,11.0,0.342
2022-11-29T04:21:53.000,16.6,-7.4,1.82,19.73,20.5,34212,-51.0,11.0,0.342
2022-11-29T04:22:53.000,16.58,-7.37,1.82,19.73,20.5,34213,-51.21,11.0,0.342
2022-11-29T04:23:54.000,16.56,-7.45,1.82,19.73,20.5,34214,-51.42,11.0,0.342
2022-11-29T04:24:54.000,16.54,-7.39,1.82,19.73,20.5,34215,-51.63,10.0,0.342
2022-11-29T04:25:54.000,16.55,-7.4,1.82,19.73,20.5,34216,-51.84,10.0,0.342
2022-11-29T04:26:54.000,16.51,-7.56,1.81,19.73,20.5,34217,-52.05,10.0,0.342
2022-11-29T04:27:54.000,16.5,-7.48,1.81,19.74,20.5,34218,-52.26,10.0,0.342
2022-11-29T04:30:01.000,16.26,-7.68,1.81,19.74,20.5,34220,-52.71,10.0,0.342
2022-11-29T04:31:01.000,16.26,-7.6,1.8,19.74,20.5,34221,-52.92,9.0,0.342
2022-11-29T04:32:01.000,16.26,-7.59,1.8,19.74,20.5,34222,-53.13,9.0,0.342
2022-11-29T04:33:01.000,16.25,-7.76,1.79,19.75,20.5,34223,-53.34,9.0,0.343
2022-11-29T04:35:01.000,16.06,-7.93,1.84,19.72,20.5,34225,-53.76,9.0,0.343
2022-11-29T04:37:08.000,15.95,-7.92,1.83,19.72,20.5,34227,-54.2,8.0,0.343
2022-11-29T04:38:09.000,15.88,-8.01,1.77,19.76,20.5,34228,-54.41,8.0,0.343
2022-11-29T04:39:10.000,15.78,-8.2,1.77,19.76,20.5,34229,-54.63,8.0,0.343
2022-11-29T04:40:10.000,15.69,-7.99,1.78,19.76,20.5,34230,-54.84,8.0,0.343
2022-11-29T04:41:10.000,15.69,-7.92,1.77,19.76,20.5,34231,-55.04,8.0,0.343
2022-11-29T04:42:16.000,15.68,-7.88,1.77,19.76,20.5,34232,-55.27,8.0,0.343
2022-11-29T04:44:23.000,15.6,-7.89,1.77,19.76,20.5,34234,-55.72,7.0,0.343
2022-11-29T04:51:26.000,15.29,-7.75,1.75,19.77,20.5,34241,-57.19,6.0,0.344
2022-11-29T04:55:27.000,15.43,-7.72,1.75,19.77,20.5,34245,-58.02,5.0,0.344
2022-11-29T04:58:27.000,15.38,-8.06,1.74,19.78,20.5,34248,-58.64,5.0,0.344
2022-11-29T04:59:28.000,15.37,-8.08,1.74,19.78,20.5,34249,-58.85,4.0,0.345
2022-11-29T05:00:28.000,15.39,-8.09,1.73,19.78,20.5,34250,-59.06,4.0,0.345
2022-11-29T05:03:34.000,15.31,-8.13,1.72,19.79,20.5,34253,-59.7,4.0,0.345
2022-11-29T05:04:34.000,15.29,-8.1,1.72,19.79,20.5,34254,-59.91,4.0,0.345
2022-11-29T05:06:36.000,15.3,-8.13,1.71,19.8,20.5,34256,-60.33,3.0,0.345
2022-11-29T05:07:36.000,15.27,-8.09,1.7,19.81,20.5,34257,-60.53,3.0,0.345
2022-11-29T05:08:37.000,15.29,-8.07,1.67,19.83,20.5,34258,-60.74,3.0,0.345
2022-11-29T05:09:37.000,15.27,-8.33,1.66,19.83,20.5,34259,-60.95,3.0,0.345
2022-11-29T05:11:43.000,15.2,-8.35,1.66,19.83,20.5,34261,-61.38,2.0,0.345
2022-11-29T05:12:43.000,15.17,-8.28,1.66,19.83,20.5,34262,-61.58,2.0,0.346
2022-11-29T05:13:43.000,15.16,-8.29,1.66,19.83,20.5,34263,-61.78,2.0,0.346
2022-11-29T05:14:43.000,15.17,-8.29,1.66,19.83,20.5,34264,-61.99,2.0,0.346
2022-11-29T05:15:43.000,15.2,-8.27,1.65,19.84,20.5,34265,-62.19,2.0,0.346
2022-11-29T05:16:43.000,15.25,-8.3,1.63,19.85,20.5,34266,-62.4,1.0,0.346
2022-11-29T05:17:44.000,15.28,-8.36,1.61,19.87,20.5,34267,-62.6,1.0,0.346
2022-11-29T05:18:44.000,15.32,-8.37,1.61,19.87,20.5,34268,-62.81,1.0,0.346
2022-11-29T05:19:44.000,15.35,-8.47,1.6,19.87,20.5,34269,-63.01,1.0,0.346
2022-11-29T05:20:45.000,15.31,-8.7,1.6,19.87,20.5,34270,-63.21,1.0,0.346
2022-11-29T05:21:45.000,15.29,-8.65,1.6,19.87,20.5,34271,-63.42,0.0,0.346
2022-11-29T05:22:45.000,15.26,-8.69,1.59,19.87,20.5,34272,-63.62,0.0,0.346
