Downloads/jupyter/ECSV/stars19/stars19_2021-04.ecsv
# %ECSV 1.0
# ---
# datatype:
# - {name: time, datatype: string}
# - {name: Enclosure Temperature, unit: deg_C, datatype: float64}
# - {name: Sky Temperature, unit: deg_C, datatype: float64}
# - {name: Frequency, unit: Hz, datatype: float64}
# - {name: MSAS, unit: mag / arcsec2, datatype: float64}
# - {name: ZP, datatype: float64}
# - {name: Sequence Number, datatype: int64}
# - {name: Sun Alt, unit: deg, datatype: float64}
# - {name: Moon Alt, unit: deg, datatype: float64}
# - {name: Moon Illumination, datatype: float64}
# delimiter: ','
# meta: !!omap
# - ida:
#     Data supplier: {affiliation: null, observer: null}
#     Device type: TESS-W
#     Field of view: 17.0
#     Filters per channel: None
#     Instrument ID: stars19
#     License: ODbL 1.0 http://opendatacommons.org/licenses/odbl/summary/
#     Local timezone: America/Phoenix
#     Location name: {country: '- Tucson', place: Tucson, region: United States, sub_region: Arizona, town: Pima County}
#     Measurement direction per channel: {azimuth: 0.0, zenital: 0.0}
#     Moving / Fixed look direction: FIXED
#     Moving / Stationary position: STATIONARY
#     Number of channels: 1
#     Number of fields per line: 8
#     Number of header lines: 35
#     Position: {height: 0.0, latitude: 32.223877, longitude: -110.767532}
#     TESS MAC address: 18:FE:34:CF:EC:06
#     TESS cover offset value: 0.0
#     TESS firmware version: '1.0'
#     TESS zero point: 20.5
#     Time Synchronization: timestamp added by MQTT subscriber
#     URL: http://www.darksky.org/NSBM/sdf1.0.pdf
# - __serialized_columns__:
#     Enclosure Temperature:
#       __class__: astropy.units.quantity.Quantity
#       unit: &id001 !astropy.units.Unit {unit: deg_C}
#       value: !astropy.table.SerializedColumn {name: Enclosure Temperature}
#     Frequency:
#       __class__: astropy.units.quantity.Quantity
#       unit: !astropy.units.Unit {unit: Hz}
#       value: !astropy.table.SerializedColumn {name: Frequency}
#     MSAS:
#       __class__: astropy.units.quantity.Quantity
#       unit: !astropy.units.Unit {unit: mag / arcsec2}
#       value: !astropy.table.SerializedColumn {name: MSAS}
#     Moon Alt:
#       __class__: astropy.units.quantity.Quantity
#       unit: &id002 !astropy.units.Unit {unit: deg}
#       value: !astropy.table.SerializedColumn {name: Moon Alt}
#     Sky Temperature:
#       __class__: astropy.units.quantity.Quantity
#       unit: *id001
#       value: !astropy.table.SerializedColumn {name: Sky Temperature}
#     Sun Alt:
#       __class__: astropy.units.quantity.Quantity
#       unit: *id002
#       value: !astropy.table.SerializedColumn {name: Sun Alt}
#     time:
#       __class__: astropy.time.core.Time
#       format: isot
#       in_subfmt: '*'
#       out_subfmt: '*'
#       precision: 3
#       scale: utc
#       value: !astropy.table.SerializedColumn {name: time}
# schema: astropy-2.0
time,Enclosure Temperature,Sky Temperature,Frequency,MSAS,ZP,Sequence Number,Sun Alt,Moon Alt,Moon Illumination
[from data line 13500]
2021-04-18T15:00:26.000,20.94,-2.37,0.0,0.0,20.5,116584,26.53,-21.0,0.339
2021-04-18T15:01:26.000,20.96,-2.5,0.0,0.0,20.5,116585,26.75,-21.0,0.339
2021-04-18T15:02:26.000,21.05,-2.15,0.0,0.0,20.5,116586,26.96,-21.0,0.339
2021-04-18T15:03:26.000,21.16,-1.99,0.0,0.0,20.5,116587,27.17,-21.0,0.339
2021-04-18T15:04:26.000,21.24,-2.16,0.0,0.0,20.5,116588,27.38,-21.0,0.339
2021-04-18T15:06:33.000,21.46,-1.76,0.0,0.0,20.5,116590,27.83,-21.0,0.339
2021-04-18T15:07:33.000,21.43,-1.91,0.0,0.0,20.5,116591,28.04,-21.0,0.339
2021-04-18T15:08:33.000,21.48,-1.82,0.0,0.0,20.5,116592,28.25,-20.0,0.339
2021-04-18T15:09:34.000,21.51,-1.38,0.0,0.0,20.5,116593,28.46,-20.0,0.339
2021-04-18T15:12:34.000,21.97,-0.77,0.0,0.0,20.5,116596,29.09,-20.0,0.34
2021-04-18T15:13:35.000,22.11,-0.82,0.0,0.0,20.5,116597,29.31,-20.0,0.34
2021-04-18T15:14:35.000,22.13,-1.03,0.0,0.0,20.5,116598,29.52,-20.0,0.34
2021-04-18T15:27:37.000,23.74,0.91,0.0,0.0,20.5,116611,32.26,-18.0,0.341
2021-04-18T15:28:38.000,23.85,1.27,0.0,0.0,20.5,116612,32.47,-18.0,0.341
2021-04-18T15:29:38.000,24.01,1.47,0.0,0.0,20.5,116613,32.68,-18.0,0.341
2021-04-18T15:33:39.000,24.73,1.55,0.0,0.0,20.5,116617,33.53,-17.0,0.341
2021-04-18T15:34:39.000,24.78,1.57,0.0,0.0,20.5,116618,33.73,-17.0,0.341
2021-04-18T15:35:39.000,24.8,1.59,0.0,0.0,20.5,116619,33.94,-17.0,0.341
2021-04-18T15:48:42.000,25.67,2.29,0.0,0.0,20.5,116632,36.67,-15.0,0.342
2021-04-18T15:49:42.000,25.91,2.81,0.0,0.0,20.5,116633,36.87,-15.0,0.342
2021-04-18T15:50:42.000,26.17,3.36,0.0,0.0,20.5,116634,37.08,-14.0,0.342
2021-04-18T15:52:43.000,26.31,2.18,0.0,0.0,20.5,116636,37.5,-14.0,0.342
2021-04-18T15:53:43.000,26.29,2.61,0.0,0.0,20.5,116637,37.71,-14.0,0.342
2021-04-18T15:54:43.000,26.48,3.3,0.0,0.0,20.5,116638,37.92,-14.0,0.342
2021-04-18T16:03:45.000,31.86,6.18,0.0,0.0,20.5,116647,39.78,-12.0,0.343
2021-04-18T16:04:45.000,32.72,7.73,0.0,0.0,20.5,116648,39.99,-12.0,0.343
2021-04-18T16:05:46.000,33.71,7.52,0.0,0.0,20.5,116649,40.2,-12.0,0.343
2021-04-18T16:08:47.000,35.24,6.05,0.0,0.0,20.5,116652,40.82,-12.0,0.343
2021-04-18T16:09:47.000,35.29,5.75,0.0,0.0,20.5,116653,41.02,-12.0,0.343
2021-04-18T16:10:47.000,35.46,6.56,0.0,0.0,20.5,116654,41.23,-11.0,0.343
2021-04-18T16:24:51.000,39.76,6.59,0.0,0.0,20.5,116668,44.09,-9.0,0.344
2021-04-18T16:25:51.000,39.77,6.64,0.0,0.0,20.5,116669,44.29,-9.0,0.344
2021-04-18T16:26:51.000,39.66,7.24,0.0,0.0,20.5,116670,44.5,-9.0,0.344
2021-04-18T16:28:52.000,40.0,7.64,0.0,0.0,20.5,116672,44.9,-8.0,0.345
2021-04-18T16:32:53.000,40.59,7.91,0.0,0.0,20.5,116676,45.71,-8.0,0.345
2021-04-18T16:33:53.000,40.54,7.04,0.0,0.0,20.5,116677,45.91,-8.0,0.345
2021-04-18T16:34:53.000,40.68,7.67,0.0,0.0,20.5,116678,46.11,-7.0,0.345
2021-04-18T16:42:55.000,41.18,6.75,0.0,0.0,20.5,116686,47.71,-6.0,0.345
2021-04-18T16:44:02.000,40.94,7.14,0.0,0.0,20.5,116687,47.93,-6.0,0.345
2021-04-18T16:45:02.000,41.62,9.68,0.0,0.0,20.5,116688,48.13,-6.0,0.346
2021-04-18T16:49:03.000,42.47,8.82,0.0,0.0,20.5,116692,48.92,-5.0,0.346
2021-04-18T16:50:03.000,42.09,6.72,0.0,0.0,20.5,116693,49.11,-5.0,0.346
2021-04-18T16:51:04.000,42.03,8.04,0.0,0.0,20.5,116694,49.31,-5.0,0.346
2021-04-18T17:11:10.000,44.86,9.31,0.0,0.0,20.5,116714,53.16,-1.0,0.347
2021-04-18T17:12:10.000,45.31,10.21,0.0,0.0,20.5,116715,53.35,-1.0,0.347
2021-04-18T17:13:10.000,45.73,10.03,0.0,0.0,20.5,116716,53.54,-1.0,0.347
2021-04-18T17:15:11.000,46.27,10.09,0.0,0.0,20.5,116718,53.91,-1.0,0.347
2021-04-18T17:16:11.000,46.45,9.68,0.0,0.0,20.5,116719,54.1,-0.0,0.348
2021-04-18T17:17:11.000,46.48,9.55,0.0,0.0,20.5,116720,54.29,-0.0,0.348
2021-04-18T17:20:12.000,46.59,11.17,0.0,0.0,20.5,116723,54.84,0.0,0.348
2021-04-18T17:21:12.000,47.12,10.68,0.0,0.0,20.5,116724,55.02,0.0,0.348
2021-04-18T17:22:12.000,47.38,10.65,0.0,0.0,20.5,116725,55.21,1.0,0.348
2021-04-18T17:26:14.000,48.39,10.93,0.0,0.0,20.5,116729,55.94,1.0,0.348
2021-04-18T17:27:14.000,48.54,9.81,0.0,0.0,20.5,116730,56.12,2.0,0.348
2021-04-18T17:28:14.000,48.46,10.03,0.0,0.0,20.5,116731,56.3,2.0,0.348
2021-04-18T17:30:15.000,48.92,10.84,0.0,0.0,20.5,116733,56.65,2.0,0.348
2021-04-18T17:31:15.000,49.34,11.4,0.0,0.0,20.5,116734,56.83,2.0,0.349
2021-04-18T17:32:16.000,49.36,10.19,0.0,0.0,20.5,116735,57.01,2.0,0.349
2021-04-18T17:41:17.000,48.23,8.54,0.0,0.0,20.5,116744,58.57,4.0,0.349
2021-04-18T17:43:18.000,49.69,9.62,0.0,0.0,20.5,116746,58.92,4.0,0.349
2021-04-18T17:44:18.000,50.0,9.39,0.0,0.0,20.5,116747,59.08,5.0,0.349
2021-04-18T17:45:18.000,50.37,9.96,0.0,0.0,20.5,116748,59.25,5.0,0.349
2021-04-18T18:02:22.000,50.94,8.57,0.0,0.0,20.5,116765,61.97,8.0,0.351
2021-04-18T18:03:22.000,50.75,7.81,0.0,0.0,20.5,116766,62.12,8.0,0.351
2021-04-18T18:04:22.000,49.63,4.56,0.0,0.0,20.5,116767,62.27,8.0,0.351
2021-04-18T18:07:29.000,49.16,7.45,0.0,0.0,20.5,116770,62.73,9.0,0.351
2021-04-18T18:08:30.000,48.33,4.88,0.0,0.0,20.5,116771,62.88,9.0,0.351
2021-04-18T18:09:30.000,47.92,8.36,0.0,0.0,20.5,116772,63.02,9.0,0.351
2021-04-18T18:16:33.000,48.16,7.96,0.0,0.0,20.5,116779,64.0,11.0,0.351
2021-04-18T18:17:33.000,48.06,6.69,0.0,0.0,20.5,116780,64.14,11.0,0.352
2021-04-18T18:18:33.000,48.37,8.63,0.0,0.0,20.5,116781,64.27,11.0,0.352
2021-04-18T18:22:34.000,49.67,7.37,0.0,0.0,20.5,116785,64.78,12.0,0.352
2021-04-18T18:23:34.000,49.5,6.85,0.0,0.0,20.5,116786,64.91,12.0,0.352
2021-04-18T18:24:34.000,49.25,7.32,0.0,0.0,20.5,116787,65.03,12.0,0.352
2021-04-18T18:25:35.000,49.02,6.47,0.0,0.0,20.5,116788,65.16,12.0,0.352
2021-04-18T18:26:35.000,49.1,8.46,0.0,0.0,20.5,116789,65.28,12.0,0.352
2021-04-18T18:27:35.000,49.33,7.82,0.0,0.0,20.5,116790,65.4,13.0,0.352
2021-04-18T18:29:35.000,49.07,7.18,0.0,0.0,20.5,116792,65.63,13.0,0.352
2021-04-18T18:30:36.000,49.09,7.34,0.0,0.0,20.5,116793,65.75,13.0,0.352
2021-04-18T18:31:36.000,49.12,8.24,0.0,0.0,20.5,116794,65.86,13.0,0.352
2021-04-18T18:40:37.000,52.42,11.0,0.0,0.0,20.5,116803,66.79,15.0,0.353
2021-04-18T18:41:37.000,52.67,10.86,0.0,0.0,20.5,116804,66.89,15.0,0.353
2021-04-18T18:42:37.000,52.97,10.85,0.0,0.0,20.5,116805,66.98,16.0,0.353
2021-04-18T18:45:38.000,51.06,9.13,0.0,0.0,20.5,116808,67.25,16.0,0.353
2021-04-18T18:46:38.000,51.27,9.77,0.0,0.0,20.5,116809,67.33,16.0,0.353
2021-04-18T18:47:38.000,51.27,8.93,0.0,0.0,20.5,116810,67.42,17.0,0.353
2021-04-18T18:48:39.000,51.58,10.18,0.0,0.0,20.5,116811,67.5,17.0,0.354
2021-04-18T18:49:39.000,51.63,9.26,0.0,0.0,20.5,116812,67.58,17.0,0.354
2021-04-18T18:50:39.000,52.13,11.03,0.0,0.0,20.5,116813,67.65,17.0,0.354
2021-04-18T18:54:40.000,53.64,10.1,0.0,0.0,20.5,116817,67.94,18.0,0.354
2021-04-18T18:55:40.000,53.9,10.13,0.0,0.0,20.5,116818,68.0,18.0,0.354
2021-04-18T18:56:40.000,54.11,9.99,0.0,0.0,20.5,116819,68.07,18.0,0.354
2021-04-18T18:57:41.000,53.86,8.31,0.0,0.0,20.5,116820,68.13,18.0,0.354
2021-04-18T19:05:42.000,53.55,7.11,0.0,0.0,20.5,116828,68.54,20.0,0.355
2021-04-18T19:06:42.000,52.11,4.62,0.0,0.0,20.5,116829,68.58,20.0,0.355
2021-04-18T19:07:42.000,51.84,11.12,0.0,0.0,20.5,116830,68.61,20.0,0.355
2021-04-18T19:17:45.000,52.25,6.54,0.0,0.0,20.5,116840,68.86,22.0,0.355
2021-04-18T19:18:45.000,51.96,9.37,0.0,0.0,20.5,116841,68.87,23.0,0.355
2021-04-18T19:19:46.000,52.23,9.23,0.0,0.0,20.5,116842,68.88,23.0,0.356
2021-04-18T19:21:46.000,51.81,6.45,0.0,0.0,20.5,116844,68.88,23.0,0.356
2021-04-18T19:22:46.000,50.93,5.23,0.0,0.0,20.5,116845,68.88,23.0,0.356
2021-04-18T19:23:46.000,50.74,7.22,0.0,0.0,20.5,116846,68.88,24.0,0.356
2021-04-18T19:25:47.000,50.56,8.48,0.0,0.0,20.5,116848,68.87,24.0,0.356
2021-04-18T19:26:47.000,50.33,6.14,0.0,0.0,20.5,116849,68.86,24.0,0.356
2021-04-18T19:27:47.000,50.64,8.84,0.0,0.0,20.5,116850,68.85,24.0,0.356
2021-04-18T19:29:48.000,50.04,5.39,0.0,0.0,20.5,116852,68.82,25.0,0.356
2021-04-18T19:30:48.000,49.91,9.29,0.0,0.0,20.5,116853,68.8,25.0,0.356
2021-04-18T19:31:48.000,50.29,9.06,0.0,0.0,20.5,116854,68.77,25.0,0.356
2021-04-18T19:36:50.000,50.45,10.31,0.0,0.0,20.5,116859,68.62,26.0,0.357
2021-04-18T19:37:50.000,50.53,8.7,0.0,0.0,20.5,116860,68.59,26.0,0.357
2021-04-18T19:38:50.000,51.18,11.24,0.0,0.0,20.5,116861,68.55,27.0,0.357
2021-04-18T19:42:51.000,48.5,4.23,0.0,0.0,20.5,116865,68.37,27.0,0.357
2021-04-18T19:45:52.000,44.07,9.18,0.0,0.0,20.5,116868,68.2,28.0,0.357
2021-04-18T19:46:52.000,43.59,10.71,0.0,0.0,20.5,116869,68.15,28.0,0.357
2021-04-18T19:47:52.000,43.04,10.36,0.0,0.0,20.5,116870,68.08,28.0,0.357
2021-04-18T19:54:53.000,39.03,11.5,0.0,0.0,20.5,116877,67.6,30.0,0.358
2021-04-18T19:55:54.000,39.57,14.89,0.0,0.0,20.5,116878,67.52,30.0,0.358
2021-04-18T19:56:54.000,39.87,13.02,0.0,0.0,20.5,116879,67.44,30.0,0.358
2021-04-18T20:02:55.000,41.14,14.67,0.0,0.0,20.5,116885,66.91,31.0,0.358
2021-04-18T20:03:55.000,41.53,13.87,0.0,0.0,20.5,116886,66.82,32.0,0.358
2021-04-18T20:04:56.000,41.01,11.65,0.0,0.0,20.5,116887,66.72,32.0,0.359
2021-04-18T20:18:01.000,36.63,11.78,0.0,0.0,20.5,116900,65.3,34.0,0.359
2021-04-18T20:19:01.000,36.4,11.18,0.0,0.0,20.5,116901,65.18,35.0,0.359
2021-04-18T20:20:01.000,35.81,10.29,0.0,0.0,20.5,116902,65.06,35.0,0.359
2021-04-18T20:23:01.000,33.87,9.79,0.0,0.0,20.5,116905,64.69,35.0,0.36
2021-04-18T20:25:02.000,33.81,12.35,0.0,0.0,20.5,116907,64.43,36.0,0.36
2021-04-18T20:26:02.000,33.74,11.73,0.0,0.0,20.5,116908,64.3,36.0,0.36
2021-04-18T20:27:02.000,33.64,12.5,0.0,0.0,20.5,116909,64.17,36.0,0.36
2021-04-18T20:35:05.000,32.97,11.03,0.0,0.0,20.5,116917,63.06,38.0,0.36
2021-04-18T20:36:05.000,33.01,12.16,0.0,0.0,20.5,116918,62.91,38.0,0.361
2021-04-18T20:37:06.000,33.3,12.0,0.0,0.0,20.5,116919,62.77,38.0,0.361
2021-04-18T20:39:06.000,33.75,11.88,0.0,0.0,20.5,116921,62.47,39.0,0.361
2021-04-18T20:40:07.000,34.05,11.83,0.0,0.0,20.5,116922,62.32,39.0,0.361
2021-04-18T20:41:07.000,34.63,12.71,0.0,0.0,20.5,116923,62.17,39.0,0.361
2021-04-18T20:42:07.000,35.64,13.37,0.0,0.0,20.5,116924,62.02,39.0,0.361
2021-04-18T20:43:07.000,36.99,14.0,0.0,0.0,20.5,116925,61.87,40.0,0.361
2021-04-18T20:44:08.000,37.72,11.68,0.0,0.0,20.5,116926,61.72,40.0,0.361
2021-04-18T20:48:08.000,39.78,11.55,0.0,0.0,20.5,116930,61.1,41.0,0.361
2021-04-18T20:49:09.000,39.54,11.08,0.0,0.0,20.5,116931,60.94,41.0,0.361
2021-04-18T20:50:09.000,39.0,10.18,0.0,0.0,20.5,116932,60.78,41.0,0.361
2021-04-18T21:05:12.000,37.85,14.05,0.0,0.0,20.5,116947,58.29,44.0,0.362
2021-04-18T21:06:13.000,37.91,13.98,0.0,0.0,20.5,116948,58.12,44.0,0.363
2021-04-18T21:07:13.000,38.0,13.75,0.0,0.0,20.5,116949,57.94,45.0,0.363
2021-04-18T21:09:19.000,37.69,13.32,0.0,0.0,20.5,116951,57.58,45.0,0.363
2021-04-18T21:10:19.000,37.61,13.35,0.0,0.0,20.5,116952,57.41,45.0,0.363
2021-04-18T21:11:19.000,37.71,13.74,0.0,0.0,20.5,116953,57.23,45.0,0.363
2021-04-18T21:12:20.000,37.87,13.32,0.0,0.0,20.5,116954,57.05,46.0,0.363
2021-04-18T21:13:20.000,37.86,13.17,0.0,0.0,20.5,116955,56.87,46.0,0.363
2021-04-18T21:14:20.000,37.89,13.16,0.0,0.0,20.5,116956,56.7,46.0,0.363
2021-04-18T21:19:20.000,37.97,12.02,0.0,0.0,20.5,116961,55.8,47.0,0.363
2021-04-18T21:20:20.000,37.75,11.11,0.0,0.0,20.5,116962,55.62,47.0,0.363
2021-04-18T21:21:21.000,37.67,11.7,0.0,0.0,20.5,116963,55.44,47.0,0.363
2021-04-18T21:26:23.000,37.98,10.88,0.0,0.0,20.5,116968,54.52,48.0,0.364
2021-04-18T21:27:23.000,37.56,10.14,0.0,0.0,20.5,116969,54.33,49.0,0.364
2021-04-18T21:28:23.000,37.37,11.12,0.0,0.0,20.5,116970,54.15,49.0,0.364
2021-04-18T21:32:24.000,37.49,11.1,0.0,0.0,20.5,116974,53.4,50.0,0.364
2021-04-18T21:33:24.000,37.58,11.52,0.0,0.0,20.5,116975,53.21,50.0,0.364
2021-04-18T21:34:25.000,37.66,11.44,0.0,0.0,20.5,116976,53.02,50.0,0.364
2021-04-18T21:39:26.000,36.97,11.43,0.0,0.0,20.5,116981,52.08,51.0,0.365
2021-04-18T21:40:26.000,36.85,11.11,0.0,0.0,20.5,116982,51.89,51.0,0.365
2021-04-18T21:41:26.000,36.79,10.58,0.0,0.0,20.5,116983,51.69,52.0,0.365
2021-04-18T21:43:27.000,36.64,10.43,0.0,0.0,20.5,116985,51.31,52.0,0.365
2021-04-18T21:46:27.000,36.57,11.28,0.0,0.0,20.5,116988,50.73,53.0,0.365
2021-04-18T21:47:27.000,36.5,10.83,0.0,0.0,20.5,116989,50.54,53.0,0.365
2021-04-18T21:48:28.000,36.39,11.02,0.0,0.0,20.5,116990,50.34,53.0,0.365
2021-04-18T21:49:28.000,36.4,11.3,0.0,0.0,20.5,116991,50.15,53.0,0.365
2021-04-18T21:51:29.000,36.44,10.43,0.0,0.0,20.5,116993,49.76,54.0,0.365
2021-04-18T21:53:30.000,36.37,10.53,0.0,0.0,20.5,116995,49.36,54.0,0.366
2021-04-18T21:56:30.000,36.37,11.11,0.0,0.0,20.5,116998,48.78,55.0,0.366
2021-04-18T21:57:30.000,36.29,11.93,0.0,0.0,20.5,116999,48.58,55.0,0.366
2021-04-18T21:58:31.000,36.34,12.32,0.0,0.0,20.5,117000,48.38,55.0,0.366
2021-04-18T22:17:37.000,35.17,9.5,0.0,0.0,20.5,117019,44.57,59.0,0.367
2021-04-18T22:18:37.000,34.97,8.93,0.0,0.0,20.5,117020,44.37,59.0,0.367
2021-04-18T22:19:37.000,34.8,9.15,0.0,0.0,20.5,117021,44.17,59.0,0.367
2021-04-18T22:22:38.000,34.62,9.63,0.0,0.0,20.5,117024,43.56,60.0,0.368
2021-04-18T22:23:38.000,34.54,9.18,0.0,0.0,20.5,117025,43.36,60.0,0.368
2021-04-18T22:24:38.000,34.43,9.33,0.0,0.0,20.5,117026,43.15,60.0,0.368
2021-04-18T22:29:39.000,34.31,9.78,0.0,0.0,20.5,117031,42.13,62.0,0.368
2021-04-18T22:30:39.000,34.25,9.19,0.0,0.0,20.5,117032,41.93,62.0,0.368
2021-04-18T22:31:39.000,34.07,8.57,0.0,0.0,20.5,117033,41.72,62.0,0.368
2021-04-18T22:36:40.000,33.54,8.41,0.0,0.0,20.5,117038,40.7,63.0,0.368
2021-04-18T22:37:40.000,33.45,7.88,0.0,0.0,20.5,117039,40.49,63.0,0.368
2021-04-18T22:39:42.000,33.39,8.24,0.0,0.0,20.5,117041,40.07,64.0,0.369
2021-04-18T22:40:42.000,33.34,8.5,0.0,0.0,20.5,117042,39.87,64.0,0.369
2021-04-18T22:48:43.000,33.23,10.11,0.0,0.0,20.5,117050,38.21,65.0,0.369
2021-04-18T22:50:44.000,33.37,10.63,0.0,0.0,20.5,117052,37.8,66.0,0.369
2021-04-18T22:51:44.000,33.48,10.84,0.0,0.0,20.5,117053,37.59,66.0,0.369
2021-04-18T22:52:44.000,33.52,10.76,0.0,0.0,20.5,117054,37.38,66.0,0.369
2021-04-18T22:53:44.000,33.6,10.81,0.0,0.0,20.5,117055,37.17,66.0,0.37
2021-04-18T22:55:45.000,33.61,10.87,0.0,0.0,20.5,117057,36.76,67.0,0.37
2021-04-18T22:56:45.000,33.6,10.79,0.0,0.0,20.5,117058,36.55,67.0,0.37
2021-04-18T22:57:45.000,33.49,10.82,0.0,0.0,20.5,117059,36.34,67.0,0.37
2021-04-18T23:02:46.000,33.4,11.77,0.0,0.0,20.5,117064,35.3,68.0,0.37
2021-04-18T23:03:46.000,33.32,11.26,0.0,0.0,20.5,117065,35.09,68.0,0.37
2021-04-18T23:04:47.000,33.18,11.44,0.0,0.0,20.5,117066,34.87,69.0,0.37
2021-04-18T23:08:48.000,33.08,10.72,0.0,0.0,20.5,117070,34.04,70.0,0.371
2021-04-18T23:09:48.000,33.11,10.58,0.0,0.0,20.5,117071,33.83,70.0,0.371
2021-04-18T23:10:48.000,33.12,10.12,0.0,0.0,20.5,117072,33.62,70.0,0.371
2021-04-18T23:16:50.000,32.79,9.15,0.0,0.0,20.5,117078,32.35,71.0,0.371
2021-04-18T23:17:50.000,32.74,9.08,0.0,0.0,20.5,117079,32.14,71.0,0.371
2021-04-18T23:18:50.000,32.66,9.25,0.0,0.0,20.5,117080,31.93,72.0,0.371
2021-04-18T23:21:51.000,32.37,8.95,0.0,0.0,20.5,117083,31.3,72.0,0.371
2021-04-18T23:22:51.000,32.4,9.06,0.0,0.0,20.5,117084,31.09,72.0,0.371
2021-04-18T23:23:51.000,32.41,8.78,0.0,0.0,20.5,117085,30.88,72.0,0.372
2021-04-18T23:26:52.000,32.44,8.11,0.0,0.0,20.5,117088,30.25,73.0,0.372
2021-04-18T23:27:52.000,32.42,8.11,0.0,0.0,20.5,117089,30.04,73.0,0.372
2021-04-18T23:28:52.000,32.35,7.71,0.0,0.0,20.5,117090,29.83,73.0,0.372
2021-04-18T23:32:53.000,32.01,7.01,0.0,0.0,20.5,117094,28.98,74.0,0.372
2021-04-18T23:33:53.000,31.88,7.21,0.0,0.0,20.5,117095,28.77,74.0,0.372
2021-04-18T23:37:54.000,31.66,8.03,0.0,0.0,20.5,117099,27.92,75.0,0.372
2021-04-18T23:38:54.000,31.39,8.06,0.0,0.0,20.5,117100,27.71,75.0,0.373
2021-04-18T23:39:54.000,31.37,7.63,0.0,0.0,20.5,117101,27.5,76.0,0.373
2021-04-18T23:40:55.000,31.2,8.33,0.0,0.0,20.5,117102,27.29,76.0,0.373
2021-04-18T23:41:55.000,31.18,8.49,0.0,0.0,20.5,117103,27.08,76.0,0.373
2021-04-18T23:45:56.000,30.62,8.23,0.0,0.0,20.5,117107,26.23,77.0,0.373
2021-04-18T23:46:56.000,30.23,6.79,0.0,0.0,20.5,117108,26.02,77.0,0.373
2021-04-18T23:47:57.000,29.86,7.49,0.0,0.0,20.5,117109,25.8,77.0,0.373
2021-04-18T23:54:58.000,28.41,8.29,0.0,0.0,20.5,117116,24.32,78.0,0.374
2021-04-18T23:55:58.000,28.29,9.13,0.0,0.0,20.5,117117,24.11,78.0,0.374
2021-04-18T23:56:58.000,28.24,8.81,0.0,0.0,20.5,117118,23.9,79.0,0.374
2021-04-18T23:58:59.000,27.87,9.06,0.0,0.0,20.5,117120,23.47,79.0,0.374
