Downloads/jupyter/ECSV/stars19/stars19_2023-12.ecsv
# %ECSV 1.0
# ---
# datatype:
# - {name: time, datatype: string}
# - {name: Enclosure Temperature, unit: deg_C, datatype: float64}
# - {name: Sky Temperature, unit: deg_C, datatype: float64}
# - {name: Frequency, unit: Hz, datatype: float64}
# - {name: MSAS, unit: mag / arcsec2, datatype: float64}
# - {name: ZP, datatype: float64}
# - {name: Sequence Number, datatype: int64}
# - {name: Sun Alt, unit: deg, datatype: float64}
# - {name: Moon Alt, unit: deg, datatype: float64}
# - {name: Moon Illumination, datatype: float64}
# delimiter: ','
# meta: !!omap
# - ida:
#     Data supplier: {affiliation: null, observer: null}
#     Device type: TESS-W
#     Field of view: 17.0
#     Filters per channel: None
#     Instrument ID: stars19
#     License: ODbL 1.0 http://opendatacommons.org/licenses/odbl/summary/
#     Local timezone: America/Phoenix
#     Location name: {country: '- Tucson', place: Tucson, region: United States, sub_region: Arizona, town: Pima County}
#     Measurement direction per channel: {azimuth: 0.0, zenital: 0.0}
#     Moving / Fixed look direction: FIXED
#     Moving / Stationary position: STATIONARY
#     Number of channels: 1
#     Number of fields per line: 8
#     Number of header lines: 35
#     Position: {height: 0.0, latitude: 32.223877, longitude: -110.767532}
#     TESS MAC address: 18:FE:34:CF:EC:06
#     TESS cover offset value: 0.0
#     TESS firmware version: '1.0'
#     TESS zero point: 20.38
#     Time Synchronization: timestamp added by MQTT subscriber
#     URL: http://www.darksky.org/NSBM/sdf1.0.pdf
# - __serialized_columns__:
#     Enclosure Temperature:
#       __class__: astropy.units.quantity.Quantity
#       unit: &id001 !astropy.units.Unit {unit: deg_C}
#       value: !astropy.table.SerializedColumn {name: Enclosure Temperature}
#     Frequency:
#       __class__: astropy.units.quantity.Quantity
#       unit: !astropy.units.Unit {unit: Hz}
#       value: !astropy.table.SerializedColumn {name: Frequency}
#     MSAS:
#       __class__: astropy.units.quantity.Quantity
#       unit: !astropy.units.Unit {unit: mag / arcsec2}
#       value: !astropy.table.SerializedColumn {name: MSAS}
#     Moon Alt:
#       __class__: astropy.units.quantity.Quantity
#       unit: &id002 !astropy.units.Unit {unit: deg}
#       value: !astropy.table.SerializedColumn {name: Moon Alt}
#     Sky Temperature:
#       __class__: astropy.units.quantity.Quantity
#       unit: *id001
#       value: !astropy.table.SerializedColumn {name: Sky Temperature}
#     Sun Alt:
#       __class__: astropy.units.quantity.Quantity
#       unit: *id002
#       value: !astropy.table.SerializedColumn {name: Sun Alt}
#     time:
#       __class__: astropy.time.core.Time
#       format: isot
#       in_subfmt: '*'
#       out_subfmt: '*'
#       precision: 3
#       scale: utc
#       value: !astropy.table.SerializedColumn {name: time}
# schema: astropy-2.0
time,Enclosure Temperature,Sky Temperature,Frequency,MSAS,ZP,Sequence Number,Sun Alt,Moon Alt,Moon Illumination
[from data line 6932]
2023-12-08T14:41:59.000,9.38,-13.45,0.32,0.18,20.38,98614,4.79,46.0,0.199
2023-12-08T14:42:59.000,9.43,-13.47,0.0,0.0,20.38,98615,4.97,46.0,0.199
2023-12-08T14:43:59.000,9.46,-13.51,0.19,0.09,20.38,98616,5.15,46.0,0.199
2023-12-08T14:44:59.000,9.5,-13.43,0.0,0.0,20.38,98617,5.33,46.0,0.199
2023-12-08T14:45:59.000,9.54,-13.48,0.0,0.0,20.38,98618,5.51,46.0,0.199
2023-12-08T14:47:00.000,9.57,-13.52,0.0,0.0,20.38,98619,5.7,46.0,0.199
2023-12-08T14:50:00.000,9.55,-13.61,0.0,0.0,20.38,98622,6.23,46.0,0.199
2023-12-08T14:51:00.000,9.55,-13.4,0.0,0.0,20.38,98623,6.41,46.0,0.199
2023-12-08T14:52:00.000,9.59,-13.39,0.0,0.0,20.38,98624,6.59,46.0,0.199
2023-12-08T14:53:00.000,9.65,-13.28,0.11,0.09,20.38,98625,6.77,46.0,0.199
2023-12-08T14:54:01.000,9.7,-13.21,0.0,0.0,20.38,98626,6.95,47.0,0.199
2023-12-08T14:55:02.000,9.75,-13.2,0.0,0.0,20.38,98627,7.13,47.0,0.199
2023-12-08T14:56:01.000,9.82,-13.18,0.0,0.0,20.38,98628,7.31,47.0,0.199
2023-12-08T14:58:02.000,9.9,-13.1,0.0,0.0,20.38,98630,7.67,47.0,0.198
2023-12-08T14:59:02.000,9.95,-13.09,0.0,0.0,20.38,98631,7.84,47.0,0.198
2023-12-08T15:00:02.000,9.99,-13.08,0.0,0.0,20.38,98632,8.02,47.0,0.198
2023-12-08T15:01:02.000,10.03,-12.99,0.25,0.1,20.38,98633,8.2,47.0,0.198
2023-12-08T15:02:02.000,10.04,-13.12,0.0,0.0,20.38,98634,8.37,47.0,0.198
2023-12-08T15:03:02.000,10.05,-12.95,0.0,0.0,20.38,98635,8.55,47.0,0.198
2023-12-08T15:04:02.000,10.1,-12.93,0.0,0.0,20.38,98636,8.72,47.0,0.198
2023-12-08T15:05:04.000,10.13,-13.08,0.0,0.0,20.38,98637,8.91,47.0,0.198
2023-12-08T15:06:04.000,10.2,-12.89,0.0,0.0,20.38,98638,9.08,47.0,0.198
2023-12-08T15:09:05.000,10.28,-13.15,0.0,0.0,20.38,98641,9.61,47.0,0.198
2023-12-08T15:11:06.000,10.27,-12.95,0.0,0.0,20.38,98643,9.96,47.0,0.198
2023-12-08T15:12:06.000,10.29,-12.77,0.0,0.0,20.38,98644,10.13,47.0,0.198
2023-12-08T15:13:06.000,10.37,-12.6,0.0,0.0,20.38,98645,10.3,47.0,0.198
2023-12-08T15:15:06.000,10.44,-12.65,0.0,0.0,20.38,98647,10.64,48.0,0.198
2023-12-08T15:20:07.000,10.57,-12.19,0.0,0.0,20.38,98652,11.5,48.0,0.197
2023-12-08T15:21:09.000,10.69,-12.17,0.0,0.0,20.38,98653,11.68,48.0,0.197
2023-12-08T15:22:09.000,10.74,-12.26,0.0,0.0,20.38,98654,11.85,48.0,0.197
2023-12-08T15:35:13.000,11.78,-10.99,0.0,0.0,20.38,98667,14.03,48.0,0.196
2023-12-08T15:36:13.000,11.92,-11.01,0.0,0.0,20.38,98668,14.19,48.0,0.196
2023-12-08T15:37:13.000,12.01,-10.96,0.0,0.0,20.38,98669,14.36,48.0,0.196
2023-12-08T15:41:14.000,12.35,-10.77,0.0,0.0,20.38,98673,15.01,48.0,0.196
2023-12-08T15:43:14.000,12.51,-10.62,0.0,0.0,20.38,98675,15.33,48.0,0.196
2023-12-08T15:47:14.000,12.81,-10.37,0.0,0.0,20.38,98679,15.97,48.0,0.196
2023-12-08T15:48:17.000,12.88,-10.25,0.0,0.0,20.38,98680,16.14,48.0,0.196
2023-12-08T15:49:17.000,12.98,-10.19,0.0,0.0,20.38,98681,16.3,48.0,0.196
2023-12-08T15:58:22.000,13.55,-9.65,0.0,0.0,20.38,98690,17.72,48.0,0.195
2023-12-08T15:59:22.000,13.63,-9.43,0.0,0.0,20.38,98691,17.88,48.0,0.195
2023-12-08T16:00:22.000,13.74,-9.28,0.0,0.0,20.38,98692,18.03,48.0,0.195
2023-12-08T16:03:23.000,13.87,-9.15,0.0,0.0,20.38,98695,18.5,48.0,0.195
2023-12-08T16:04:24.000,13.9,-9.03,0.0,0.0,20.38,98696,18.65,48.0,0.195
2023-12-08T16:05:24.000,13.92,-9.02,0.0,0.0,20.38,98697,18.8,47.0,0.195
2023-12-08T16:46:38.000,15.87,-3.12,0.0,0.0,20.38,98738,24.61,45.0,0.193
2023-12-08T16:47:38.000,15.96,-2.93,0.0,0.0,20.38,98739,24.74,45.0,0.192
2023-12-08T16:48:39.000,15.99,-2.96,0.0,0.0,20.38,98740,24.87,45.0,0.192
2023-12-08T16:50:39.000,16.11,-2.38,0.0,0.0,20.38,98742,25.12,45.0,0.192
2023-12-08T16:51:39.000,16.19,-2.32,0.0,0.0,20.38,98743,25.25,45.0,0.192
2023-12-08T16:52:40.000,16.26,-2.01,0.0,0.0,20.38,98744,25.38,45.0,0.192
2023-12-08T16:54:42.000,16.41,-1.76,0.0,0.0,20.38,98746,25.63,44.0,0.192
2023-12-08T16:55:42.000,16.43,-1.74,0.0,0.0,20.38,98747,25.76,44.0,0.192
2023-12-08T16:56:42.000,16.5,-1.37,0.0,0.0,20.38,98748,25.88,44.0,0.192
2023-12-08T17:02:45.000,16.94,-0.39,0.0,0.0,20.38,98754,26.61,44.0,0.192
2023-12-08T17:03:45.000,17.03,-0.38,0.0,0.0,20.38,98755,26.73,43.0,0.192
2023-12-08T17:04:47.000,17.07,-0.2,0.0,0.0,20.38,98756,26.85,43.0,0.192
2023-12-08T17:07:48.000,17.27,0.04,0.0,0.0,20.38,98759,27.2,43.0,0.191
2023-12-08T17:09:50.000,17.43,0.41,0.0,0.0,20.38,98761,27.44,43.0,0.191
2023-12-08T17:10:50.000,17.56,0.64,0.0,0.0,20.38,98762,27.55,43.0,0.191
2023-12-08T17:11:50.000,17.58,0.4,0.0,0.0,20.38,98763,27.66,43.0,0.191
2023-12-08T17:12:50.000,17.63,0.69,0.0,0.0,20.38,98764,27.77,43.0,0.191
2023-12-08T17:14:51.000,17.78,0.97,0.0,0.0,20.38,98766,28.0,42.0,0.191
2023-12-08T17:15:51.000,17.88,1.08,0.0,0.0,20.38,98767,28.11,42.0,0.191
2023-12-08T17:16:51.000,17.98,1.13,0.0,0.0,20.38,98768,28.22,42.0,0.191
2023-12-08T17:24:54.000,18.72,2.1,0.0,0.0,20.38,98776,29.07,41.0,0.19
2023-12-08T17:25:54.000,18.82,2.36,0.0,0.0,20.38,98777,29.17,41.0,0.19
2023-12-08T17:26:54.000,18.94,2.39,0.0,0.0,20.38,98778,29.28,41.0,0.19
2023-12-08T17:28:56.000,19.16,2.72,0.0,0.0,20.38,98780,29.48,41.0,0.19
2023-12-08T17:29:57.000,19.25,2.86,0.0,0.0,20.38,98781,29.58,41.0,0.19
2023-12-08T17:30:57.000,19.34,2.8,0.0,0.0,20.38,98782,29.68,40.0,0.19
2023-12-08T17:38:58.000,19.92,3.1,0.0,0.0,20.38,98790,30.44,39.0,0.19
2023-12-08T17:39:59.000,19.88,3.04,0.0,0.0,20.38,98791,30.54,39.0,0.19
2023-12-08T17:40:59.000,19.87,3.08,0.0,0.0,20.38,98792,30.63,39.0,0.19
2023-12-08T17:42:59.000,19.91,3.24,0.0,0.0,20.38,98794,30.81,39.0,0.189
2023-12-08T17:43:59.000,19.92,3.34,0.0,0.0,20.38,98795,30.89,39.0,0.189
2023-12-08T17:44:59.000,20.22,4.69,0.0,0.0,20.38,98796,30.98,39.0,0.189
2023-12-08T17:49:01.000,23.0,7.43,0.0,0.0,20.38,98800,31.32,38.0,0.189
2023-12-08T17:50:01.000,23.7,7.9,0.0,0.0,20.38,98801,31.41,38.0,0.189
2023-12-08T17:51:01.000,24.4,7.86,0.0,0.0,20.38,98802,31.49,38.0,0.189
2023-12-08T17:53:01.000,25.67,8.03,0.0,0.0,20.38,98804,31.65,38.0,0.189
2023-12-08T17:54:03.000,26.06,7.57,0.0,0.0,20.38,98805,31.73,37.0,0.189
2023-12-08T17:55:03.000,26.46,7.53,0.0,0.0,20.38,98806,31.81,37.0,0.189
2023-12-08T17:56:03.000,26.79,7.6,0.0,0.0,20.38,98807,31.89,37.0,0.189
2023-12-08T17:57:03.000,27.17,7.65,0.0,0.0,20.38,98808,31.97,37.0,0.189
2023-12-08T17:59:08.000,28.07,8.09,0.0,0.0,20.38,98810,32.12,37.0,0.189
2023-12-08T18:00:08.000,28.17,6.85,0.0,0.0,20.38,98811,32.2,37.0,0.189
2023-12-08T18:01:08.000,28.22,7.16,0.0,0.0,20.38,98812,32.27,36.0,0.188
2023-12-08T18:39:20.000,34.35,7.88,0.0,0.0,20.38,98850,34.38,30.0,0.186
2023-12-08T18:40:21.000,34.56,7.69,0.0,0.0,20.38,98851,34.41,30.0,0.186
2023-12-08T18:41:21.000,34.65,7.13,0.0,0.0,20.38,98852,34.45,30.0,0.186
2023-12-08T18:43:21.000,34.79,7.42,0.0,0.0,20.38,98854,34.51,30.0,0.186
2023-12-08T18:44:21.000,35.04,8.06,0.0,0.0,20.38,98855,34.55,30.0,0.186
2023-12-08T18:45:21.000,35.19,6.85,0.0,0.0,20.38,98856,34.58,29.0,0.186
2023-12-08T18:55:25.000,35.37,7.05,0.0,0.0,20.38,98866,34.83,28.0,0.186
2023-12-08T18:56:25.000,35.32,6.66,0.0,0.0,20.38,98867,34.85,28.0,0.186
2023-12-08T18:57:25.000,35.2,5.94,0.0,0.0,20.38,98868,34.87,27.0,0.185
2023-12-08T18:59:26.000,34.78,6.02,0.0,0.0,20.38,98870,34.9,27.0,0.185
2023-12-08T19:02:26.000,35.04,6.6,0.0,0.0,20.38,98873,34.95,27.0,0.185
2023-12-08T19:04:29.000,35.05,6.91,0.0,0.0,20.38,98875,34.97,26.0,0.185
2023-12-08T19:05:29.000,35.12,6.43,0.0,0.0,20.38,98876,34.98,26.0,0.185
2023-12-08T19:06:29.000,35.1,6.34,0.0,0.0,20.38,98877,34.99,26.0,0.185
2023-12-08T19:17:33.000,35.11,5.41,0.0,0.0,20.38,98888,35.02,24.0,0.184
2023-12-08T19:18:33.000,34.7,4.78,0.0,0.0,20.38,98889,35.02,24.0,0.184
2023-12-08T19:19:33.000,34.7,6.48,0.0,0.0,20.38,98890,35.02,23.0,0.184
2023-12-08T19:21:36.000,35.05,6.67,0.0,0.0,20.38,98892,35.0,23.0,0.184
2023-12-08T19:22:36.000,35.07,5.37,0.0,0.0,20.38,98893,35.0,23.0,0.184
2023-12-08T19:23:37.000,34.86,5.11,0.0,0.0,20.38,98894,34.99,23.0,0.184
2023-12-08T19:44:43.000,34.31,3.93,0.0,0.0,20.38,98915,34.57,19.0,0.183
2023-12-08T19:45:43.000,34.27,4.4,0.0,0.0,20.38,98916,34.54,19.0,0.183
2023-12-08T19:46:43.000,34.49,5.23,0.0,0.0,20.38,98917,34.5,18.0,0.183
2023-12-08T19:48:46.000,34.38,4.7,0.0,0.0,20.38,98919,34.43,18.0,0.183
2023-12-08T19:51:46.000,34.83,4.08,0.0,0.0,20.38,98922,34.33,18.0,0.183
2023-12-08T19:52:46.000,34.89,4.93,0.0,0.0,20.38,98923,34.29,17.0,0.182
2023-12-08T19:53:48.000,35.0,4.48,0.0,0.0,20.38,98924,34.25,17.0,0.182
2023-12-08T19:58:49.000,34.59,3.12,0.0,0.0,20.38,98929,34.03,16.0,0.182
2023-12-08T19:59:49.000,34.22,3.29,0.0,0.0,20.38,98930,33.99,16.0,0.182
2023-12-08T20:00:50.000,34.45,4.65,0.0,0.0,20.38,98931,33.94,16.0,0.182
2023-12-08T20:17:56.000,35.61,3.76,0.0,0.0,20.38,98947,33.0,13.0,0.181
2023-12-08T20:18:56.000,35.72,4.24,0.0,0.0,20.38,98948,32.94,12.0,0.181
2023-12-08T20:19:56.000,35.75,3.36,0.0,0.0,20.38,98949,32.87,12.0,0.181
2023-12-08T20:47:09.000,35.6,2.78,0.0,0.0,20.38,98976,30.77,7.0,0.18
2023-12-08T20:48:10.000,35.72,2.68,0.0,0.0,20.38,98977,30.68,7.0,0.18
2023-12-08T20:49:10.000,35.88,2.75,0.0,0.0,20.38,98978,30.59,6.0,0.179
2023-12-08T21:03:03.000,35.05,1.38,0.0,0.0,20.38,98991,29.26,4.0,0.179
2023-12-08T21:05:04.000,34.92,0.9,0.0,0.0,20.38,98993,29.05,3.0,0.179
2023-12-08T21:06:04.000,34.74,0.84,0.0,0.0,20.38,98994,28.95,3.0,0.179
2023-12-08T21:07:04.000,34.75,1.37,0.0,0.0,20.38,98995,28.84,3.0,0.179
2023-12-08T21:15:06.000,34.38,0.05,0.0,0.0,20.38,99003,27.98,1.0,0.178
2023-12-08T21:16:06.000,34.25,0.02,0.0,0.0,20.38,99004,27.87,1.0,0.178
2023-12-08T21:17:06.000,34.17,0.01,0.0,0.0,20.38,99005,27.76,1.0,0.178
2023-12-08T21:19:06.000,34.23,0.04,0.0,0.0,20.38,99007,27.53,0.0,0.178
2023-12-08T21:20:07.000,34.06,-0.35,0.0,0.0,20.38,99008,27.42,0.0,0.178
2023-12-08T21:21:09.000,33.87,-0.55,0.0,0.0,20.38,99009,27.3,-0.0,0.178
2023-12-08T21:31:13.000,35.14,1.04,0.0,0.0,20.38,99019,26.11,-2.0,0.177
2023-12-08T21:32:13.000,35.39,0.86,0.0,0.0,20.38,99020,25.98,-2.0,0.177
2023-12-08T21:33:13.000,35.23,-0.46,0.0,0.0,20.38,99021,25.86,-2.0,0.177
2023-12-08T21:37:14.000,35.14,-0.13,0.0,0.0,20.38,99025,25.36,-3.0,0.177
2023-12-08T21:38:14.000,35.17,-0.31,0.0,0.0,20.38,99026,25.24,-4.0,0.177
2023-12-08T21:39:14.000,34.87,-1.23,0.0,0.0,20.38,99027,25.11,-4.0,0.177
2023-12-08T21:40:15.000,34.79,-0.08,0.0,0.0,20.38,99028,24.98,-4.0,0.177
2023-12-08T21:41:15.000,35.01,0.09,0.0,0.0,20.38,99029,24.85,-4.0,0.177
2023-12-08T21:42:15.000,35.19,0.38,0.0,0.0,20.38,99030,24.72,-4.0,0.177
2023-12-08T21:44:15.000,35.25,-0.02,0.0,0.0,20.38,99032,24.47,-5.0,0.177
2023-12-08T21:45:23.000,35.15,-1.14,0.0,0.0,20.38,99033,24.32,-5.0,0.176
2023-12-08T21:46:23.000,34.88,-1.05,0.0,0.0,20.38,99034,24.19,-5.0,0.176
2023-12-08T21:49:26.000,34.5,-1.57,0.0,0.0,20.38,99037,23.78,-6.0,0.176
2023-12-08T21:50:26.000,34.51,-0.51,0.0,0.0,20.38,99038,23.65,-6.0,0.176
2023-12-08T21:51:26.000,34.7,-0.42,0.0,0.0,20.38,99039,23.52,-6.0,0.176
2023-12-08T21:53:26.000,35.07,0.19,0.0,0.0,20.38,99041,23.25,-7.0,0.176
2023-12-08T21:54:28.000,35.27,0.31,0.0,0.0,20.38,99042,23.11,-7.0,0.176
2023-12-08T21:55:27.000,35.35,-0.35,0.0,0.0,20.38,99043,22.97,-7.0,0.176
2023-12-08T22:16:36.000,29.66,-4.4,0.0,0.0,20.38,99064,19.97,-11.0,0.175
2023-12-08T22:17:36.000,29.46,-3.87,0.0,0.0,20.38,99065,19.82,-12.0,0.175
2023-12-08T22:18:37.000,29.33,-3.98,0.0,0.0,20.38,99066,19.67,-12.0,0.175
2023-12-08T22:20:38.000,28.86,-4.33,0.0,0.0,20.38,99068,19.37,-12.0,0.175
2023-12-08T22:22:39.000,28.34,-4.37,0.0,0.0,20.38,99070,19.06,-13.0,0.175
2023-12-08T22:23:41.000,28.09,-4.49,0.0,0.0,20.38,99071,18.91,-13.0,0.174
2023-12-08T22:24:41.000,27.95,-4.11,0.0,0.0,20.38,99072,18.75,-13.0,0.174
2023-12-08T22:32:44.000,27.58,-3.8,0.0,0.0,20.38,99080,17.52,-15.0,0.174
2023-12-08T22:33:44.000,27.52,-3.7,0.0,0.0,20.38,99081,17.36,-15.0,0.174
2023-12-08T22:34:46.000,27.44,-4.03,0.0,0.0,20.38,99082,17.2,-15.0,0.174
2023-12-08T22:39:48.000,26.87,-3.67,0.0,0.0,20.38,99087,16.41,-16.0,0.174
2023-12-08T22:40:48.000,26.79,-4.09,0.0,0.0,20.38,99088,16.25,-16.0,0.174
2023-12-08T22:42:48.000,26.77,-3.81,0.0,0.0,20.38,99090,15.93,-17.0,0.173
2023-12-08T22:44:49.000,26.53,-4.33,0.0,0.0,20.38,99092,15.61,-17.0,0.173
2023-12-08T22:45:49.000,26.43,-4.05,0.0,0.0,20.38,99093,15.45,-17.0,0.173
2023-12-08T22:46:49.000,26.4,-4.08,0.0,0.0,20.38,99094,15.29,-18.0,0.173
2023-12-08T23:30:05.000,24.47,-4.94,0.0,0.0,20.38,99137,7.96,-26.0,0.171
2023-12-08T23:31:05.000,24.54,-4.79,0.0,0.0,20.38,99138,7.78,-27.0,0.171
2023-12-08T23:32:05.000,24.59,-4.87,0.0,0.0,20.38,99139,7.61,-27.0,0.171
2023-12-08T23:33:05.000,24.52,-5.29,0.16,0.1,20.38,99140,7.43,-27.0,0.171
2023-12-08T23:34:05.000,24.41,-5.4,0.0,0.0,20.38,99141,7.25,-27.0,0.171
2023-12-08T23:35:06.000,24.38,-5.12,0.0,0.0,20.38,99142,7.07,-28.0,0.171
2023-12-08T23:36:06.000,24.36,-5.27,0.0,0.0,20.38,99143,6.89,-28.0,0.171
2023-12-08T23:38:07.000,24.26,-5.34,0.0,0.0,20.38,99145,6.53,-28.0,0.171
2023-12-08T23:39:07.000,24.22,-5.39,0.0,0.0,20.38,99146,6.35,-28.0,0.171
2023-12-08T23:40:07.000,24.18,-5.35,0.11,0.09,20.38,99147,6.17,-29.0,0.17
2023-12-08T23:41:07.000,24.17,-5.4,0.0,0.0,20.38,99148,5.99,-29.0,0.17
2023-12-08T23:42:08.000,24.11,-5.56,0.0,0.0,20.38,99149,5.81,-29.0,0.17
2023-12-08T23:43:08.000,24.08,-5.45,0.0,0.0,20.38,99150,5.63,-29.0,0.17
2023-12-08T23:46:08.000,24.12,-5.46,0.0,0.0,20.38,99153,5.09,-30.0,0.17
2023-12-08T23:47:08.000,24.12,-5.56,0.0,0.0,20.38,99154,4.91,-30.0,0.17
2023-12-08T23:48:09.000,24.09,-5.81,0.0,0.0,20.38,99155,4.72,-30.0,0.17
2023-12-08T23:49:09.000,23.98,-5.91,0.21,0.09,20.38,99156,4.54,-30.0,0.17
2023-12-08T23:50:10.000,23.91,-5.95,0.11,0.09,20.38,99157,4.35,-31.0,0.17
2023-12-08T23:51:10.000,23.85,-5.98,0.0,0.0,20.38,99158,4.17,-31.0,0.17
2023-12-08T23:52:10.000,23.79,-5.99,0.0,0.0,20.38,99159,3.99,-31.0,0.17
2023-12-08T23:53:10.000,23.73,-6.03,0.0,0.0,20.38,99160,3.81,-31.0,0.17
2023-12-09T00:19:18.000,22.68,-6.99,0.0,0.0,20.38,99186,-1.06,-37.0,0.168
2023-12-09T00:20:20.000,22.69,-7.08,0.0,0.0,20.38,99187,-1.26,-37.0,0.168
2023-12-09T00:21:20.000,22.7,-7.13,0.0,0.0,20.38,99188,-1.45,-37.0,0.168
2023-12-09T00:22:20.000,22.7,-7.22,61236.46,8.41,20.38,99189,-1.64,-37.0,0.168
2023-12-09T00:25:21.000,22.62,-7.51,41279.53,8.84,20.38,99192,-2.21,-38.0,0.168
2023-12-09T00:27:21.000,22.53,-7.71,30661.4,9.16,20.38,99194,-2.59,-38.0,0.168
2023-12-09T00:30:21.000,22.34,-7.97,18526.52,9.71,20.38,99197,-3.17,-39.0,0.168
2023-12-09T00:31:21.000,22.28,-7.93,15412.96,9.91,20.38,99198,-3.36,-39.0,0.168
2023-12-09T00:32:21.000,22.21,-8.07,12712.4,10.12,20.38,99199,-3.55,-39.0,0.168
2023-12-09T00:33:22.000,22.09,-8.28,10408.99,10.34,20.38,99200,-3.74,-39.0,0.168
2023-12-09T00:34:21.000,21.96,-8.37,8444.22,10.57,20.38,99201,-3.93,-40.0,0.168
2023-12-09T00:35:22.000,21.82,-8.4,6800.2,10.8,20.38,99202,-4.13,-40.0,0.168
2023-12-09T00:37:22.000,21.6,-8.41,4333.82,11.29,20.38,99204,-4.52,-40.0,0.167
2023-12-09T00:39:23.000,21.55,-8.3,2710.81,11.8,20.38,99206,-4.9,-41.0,0.167
2023-12-09T00:40:23.000,21.52,-8.29,2130.26,12.06,20.38,99207,-5.1,-41.0,0.167
2023-12-09T00:41:23.000,21.52,-8.37,1670.54,12.33,20.38,99208,-5.29,-41.0,0.167
2023-12-09T00:42:23.000,21.49,-8.4,1310.02,12.59,20.38,99209,-5.49,-41.0,0.167
2023-12-09T00:43:23.000,21.45,-8.57,1026.99,12.85,20.38,99210,-5.68,-41.0,0.167
2023-12-09T00:44:23.000,21.35,-8.6,806.25,13.12,20.38,99211,-5.87,-42.0,0.167
2023-12-09T00:45:23.000,21.26,-8.78,632.67,13.38,20.38,99212,-6.07,-42.0,0.167
2023-12-09T00:46:23.000,21.17,-8.71,496.92,13.64,20.38,99213,-6.26,-42.0,0.167
2023-12-09T00:47:24.000,21.1,-8.84,391.28,13.9,20.38,99214,-6.46,-42.0,0.167
2023-12-09T00:48:24.000,20.95,-9.01,309.39,14.16,20.38,99215,-6.66,-42.0,0.167
2023-12-09T00:49:24.000,20.82,-9.0,244.75,14.41,20.38,99216,-6.85,-43.0,0.167
2023-12-09T00:50:25.000,20.68,-9.09,194.45,14.66,20.38,99217,-7.05,-43.0,0.167
2023-12-09T00:51:24.000,20.58,-9.04,155.77,14.9,20.38,99218,-7.24,-43.0,0.167
2023-12-09T00:52:25.000,20.53,-9.04,125.12,15.14,20.38,99219,-7.44,-43.0,0.167
2023-12-09T00:53:25.000,20.42,-9.2,101.17,15.37,20.38,99220,-7.64,-43.0,0.167
2023-12-09T00:54:25.000,20.36,-9.12,82.23,15.59,20.38,99221,-7.83,-44.0,0.167
2023-12-09T00:55:25.000,20.31,-9.23,66.93,15.82,20.38,99222,-8.03,-44.0,0.167
