Downloads/jupyter/ECSV/stars19/stars19_2020-06.ecsv
# %ECSV 1.0
# ---
# datatype:
# - {name: time, datatype: string}
# - {name: Enclosure Temperature, unit: deg_C, datatype: float64}
# - {name: Sky Temperature, unit: deg_C, datatype: float64}
# - {name: Frequency, unit: Hz, datatype: float64}
# - {name: MSAS, unit: mag / arcsec2, datatype: float64}
# - {name: ZP, datatype: float64}
# - {name: Sequence Number, datatype: int64}
# - {name: Sun Alt, unit: deg, datatype: float64}
# - {name: Moon Alt, unit: deg, datatype: float64}
# - {name: Moon Illumination, datatype: float64}
# delimiter: ','
# meta: !!omap
# - ida:
#     Data supplier: {affiliation: null, observer: null}
#     Device type: TESS-W
#     Field of view: 17.0
#     Filters per channel: None
#     Instrument ID: stars19
#     License: ODbL 1.0 http://opendatacommons.org/licenses/odbl/summary/
#     Local timezone: America/Phoenix
#     Location name: {country: '- Tucson', place: Tucson, region: United States, sub_region: Arizona, town: Pima County}
#     Measurement direction per channel: {azimuth: 0.0, zenital: 0.0}
#     Moving / Fixed look direction: FIXED
#     Moving / Stationary position: STATIONARY
#     Number of channels: 1
#     Number of fields per line: 8
#     Number of header lines: 35
#     Position: {height: 0.0, latitude: 32.223877, longitude: -110.767532}
#     TESS MAC address: 18:FE:34:CF:EC:06
#     TESS cover offset value: 0.0
#     TESS firmware version: '1.0'
#     TESS zero point: 20.5
#     Time Synchronization: timestamp added by MQTT subscriber
#     URL: http://www.darksky.org/NSBM/sdf1.0.pdf
# - __serialized_columns__:
#     Enclosure Temperature:
#       __class__: astropy.units.quantity.Quantity
#       unit: &id001 !astropy.units.Unit {unit: deg_C}
#       value: !astropy.table.SerializedColumn {name: Enclosure Temperature}
#     Frequency:
#       __class__: astropy.units.quantity.Quantity
#       unit: !astropy.units.Unit {unit: Hz}
#       value: !astropy.table.SerializedColumn {name: Frequency}
#     MSAS:
#       __class__: astropy.units.quantity.Quantity
#       unit: !astropy.units.Unit {unit: mag / arcsec2}
#       value: !astropy.table.SerializedColumn {name: MSAS}
#     Moon Alt:
#       __class__: astropy.units.quantity.Quantity
#       unit: &id002 !astropy.units.Unit {unit: deg}
#       value: !astropy.table.SerializedColumn {name: Moon Alt}
#     Sky Temperature:
#       __class__: astropy.units.quantity.Quantity
#       unit: *id001
#       value: !astropy.table.SerializedColumn {name: Sky Temperature}
#     Sun Alt:
#       __class__: astropy.units.quantity.Quantity
#       unit: *id002
#       value: !astropy.table.SerializedColumn {name: Sun Alt}
#     time:
#       __class__: astropy.time.core.Time
#       format: isot
#       in_subfmt: '*'
#       out_subfmt: '*'
#       precision: 3
#       scale: utc
#       value: !astropy.table.SerializedColumn {name: time}
# schema: astropy-2.0
time,Enclosure Temperature,Sky Temperature,Frequency,MSAS,ZP,Sequence Number,Sun Alt,Moon Alt,Moon Illumination
[from data line 7808]
2020-06-10T23:03:07.000,43.78,16.18,0.0,0.0,20.5,66088,40.87,-71.0,0.719
2020-06-10T23:04:07.000,43.77,16.15,0.0,0.0,20.5,66089,40.66,-71.0,0.719
2020-06-10T23:05:08.000,43.75,16.09,0.0,0.0,20.5,66090,40.45,-71.0,0.719
2020-06-10T23:07:08.000,43.62,16.11,0.0,0.0,20.5,66092,40.03,-72.0,0.719
2020-06-10T23:08:09.000,43.65,16.47,0.0,0.0,20.5,66093,39.81,-72.0,0.719
2020-06-10T23:09:09.000,43.7,16.33,0.0,0.0,20.5,66094,39.6,-72.0,0.719
2020-06-10T23:25:13.000,43.68,16.2,0.0,0.0,20.5,66110,36.22,-74.0,0.718
2020-06-10T23:26:14.000,43.63,16.03,0.0,0.0,20.5,66111,36.01,-74.0,0.717
2020-06-10T23:27:14.000,43.6,16.19,0.0,0.0,20.5,66112,35.8,-74.0,0.717
2020-06-10T23:31:15.000,43.63,16.33,0.0,0.0,20.5,66116,34.95,-74.0,0.717
2020-06-10T23:32:15.000,43.67,16.39,0.0,0.0,20.5,66117,34.74,-74.0,0.717
2020-06-10T23:33:15.000,43.69,16.39,0.0,0.0,20.5,66118,34.53,-74.0,0.717
2020-06-10T23:34:16.000,43.68,16.28,0.0,0.0,20.5,66119,34.32,-74.0,0.717
2020-06-10T23:35:16.000,43.69,16.51,0.0,0.0,20.5,66120,34.11,-74.0,0.717
2020-06-10T23:37:18.000,43.75,16.28,0.0,0.0,20.5,66122,33.68,-75.0,0.717
2020-06-10T23:38:19.000,43.67,15.77,0.0,0.0,20.5,66123,33.47,-75.0,0.717
2020-06-10T23:39:19.000,43.65,16.0,0.0,0.0,20.5,66124,33.26,-75.0,0.717
2020-06-10T23:43:20.000,43.67,16.39,0.0,0.0,20.5,66128,32.42,-75.0,0.716
2020-06-10T23:44:21.000,43.69,16.32,0.0,0.0,20.5,66129,32.21,-75.0,0.716
2020-06-10T23:45:21.000,43.68,16.12,0.0,0.0,20.5,66130,32.0,-75.0,0.716
2020-06-10T23:48:22.000,43.58,16.05,0.0,0.0,20.5,66133,31.37,-75.0,0.716
2020-06-10T23:49:22.000,43.6,16.16,0.0,0.0,20.5,66134,31.16,-75.0,0.716
2020-06-10T23:50:22.000,43.58,16.0,0.0,0.0,20.5,66135,30.95,-75.0,0.716
2020-06-10T23:51:23.000,43.58,16.07,0.0,0.0,20.5,66136,30.74,-75.0,0.716
2020-06-10T23:52:23.000,43.57,16.0,0.0,0.0,20.5,66137,30.53,-75.0,0.716
2020-06-10T23:53:23.000,43.51,15.93,0.0,0.0,20.5,66138,30.32,-75.0,0.716
2020-06-10T23:55:24.000,43.41,15.81,0.0,0.0,20.5,66140,29.9,-75.0,0.716
2020-06-10T23:56:24.000,43.35,16.03,0.0,0.0,20.5,66141,29.7,-75.0,0.716
2020-06-10T23:57:24.000,43.31,16.09,0.0,0.0,20.5,66142,29.49,-75.0,0.716
2020-06-11T00:04:26.000,43.05,15.57,0.0,0.0,20.5,66149,28.03,-75.0,0.715
2020-06-11T00:05:26.000,42.99,15.61,0.0,0.0,20.5,66150,27.82,-75.0,0.715
2020-06-11T00:06:26.000,42.93,15.43,0.0,0.0,20.5,66151,27.61,-75.0,0.715
2020-06-11T00:08:27.000,42.88,15.53,0.0,0.0,20.5,66153,27.19,-75.0,0.715
2020-06-11T00:09:27.000,42.82,15.37,0.0,0.0,20.5,66154,26.99,-75.0,0.715
2020-06-11T00:15:29.000,42.89,15.5,0.0,0.0,20.5,66160,25.74,-75.0,0.714
2020-06-11T00:16:29.000,42.89,15.72,0.0,0.0,20.5,66161,25.53,-75.0,0.714
2020-06-11T00:17:29.000,42.92,15.81,0.0,0.0,20.5,66162,25.32,-75.0,0.714
2020-06-11T00:18:29.000,42.95,15.93,0.0,0.0,20.5,66163,25.12,-75.0,0.714
2020-06-11T00:19:29.000,42.97,15.74,0.0,0.0,20.5,66164,24.91,-75.0,0.714
2020-06-11T00:28:31.000,42.86,15.78,0.0,0.0,20.5,66173,23.05,-74.0,0.714
2020-06-11T00:29:31.000,42.81,15.58,0.0,0.0,20.5,66174,22.85,-74.0,0.714
2020-06-11T00:30:31.000,42.78,15.63,0.0,0.0,20.5,66175,22.64,-74.0,0.713
2020-06-11T00:32:32.000,42.66,15.43,0.0,0.0,20.5,66177,22.23,-74.0,0.713
2020-06-11T00:33:32.000,42.63,15.58,0.0,0.0,20.5,66178,22.02,-73.0,0.713
2020-06-11T00:37:33.000,42.52,15.51,0.0,0.0,20.5,66182,21.2,-73.0,0.713
2020-06-11T00:38:33.000,42.5,15.54,0.0,0.0,20.5,66183,20.99,-73.0,0.713
2020-06-11T00:39:34.000,42.46,15.63,0.0,0.0,20.5,66184,20.79,-73.0,0.713
2020-06-11T00:40:34.000,42.45,15.54,0.0,0.0,20.5,66185,20.58,-73.0,0.713
2020-06-11T00:44:35.000,42.23,15.5,0.0,0.0,20.5,66189,19.76,-72.0,0.713
2020-06-11T00:46:35.000,42.2,15.41,0.0,0.0,20.5,66191,19.35,-72.0,0.712
2020-06-11T00:47:36.000,42.21,15.47,0.0,0.0,20.5,66192,19.15,-72.0,0.712
2020-06-11T00:48:36.000,42.19,15.35,0.0,0.0,20.5,66193,18.94,-72.0,0.712
2020-06-11T00:56:43.000,41.89,15.03,0.0,0.0,20.5,66201,17.3,-71.0,0.712
2020-06-11T00:57:44.000,41.88,15.2,0.0,0.0,20.5,66202,17.09,-71.0,0.712
2020-06-11T00:58:44.000,41.9,15.22,0.0,0.0,20.5,66203,16.89,-70.0,0.712
2020-06-11T01:01:45.000,41.82,15.1,0.0,0.0,20.5,66206,16.28,-70.0,0.712
2020-06-11T01:02:45.000,41.79,15.06,0.0,0.0,20.5,66207,16.08,-70.0,0.711
2020-06-11T01:03:45.000,41.75,14.96,0.0,0.0,20.5,66208,15.88,-70.0,0.711
2020-06-11T01:05:46.000,41.66,14.64,0.0,0.0,20.5,66210,15.47,-69.0,0.711
2020-06-11T01:06:46.000,41.56,14.54,0.0,0.0,20.5,66211,15.27,-69.0,0.711
2020-06-11T01:07:46.000,41.49,14.45,0.0,0.0,20.5,66212,15.07,-69.0,0.711
2020-06-11T01:12:48.000,41.22,14.38,0.0,0.0,20.5,66217,14.06,-68.0,0.711
2020-06-11T01:13:48.000,41.16,14.3,0.0,0.0,20.5,66218,13.86,-68.0,0.711
2020-06-11T01:14:48.000,41.12,14.38,0.0,0.0,20.5,66219,13.66,-68.0,0.711
2020-06-11T01:22:49.000,40.85,13.91,0.0,0.0,20.5,66227,12.06,-67.0,0.71
2020-06-11T01:28:51.000,40.58,13.65,0.0,0.0,20.5,66233,10.86,-66.0,0.71
2020-06-11T01:29:51.000,40.49,13.54,0.0,0.0,20.5,66234,10.66,-65.0,0.71
2020-06-11T01:34:52.000,40.18,13.34,0.0,0.0,20.5,66239,9.67,-65.0,0.709
2020-06-11T01:35:52.000,40.1,13.41,0.0,0.0,20.5,66240,9.48,-64.0,0.709
2020-06-11T01:36:52.000,40.05,13.5,0.0,0.0,20.5,66241,9.28,-64.0,0.709
2020-06-11T01:39:52.000,39.91,13.12,0.0,0.0,20.5,66244,8.69,-64.0,0.709
2020-06-11T01:40:52.000,39.83,13.12,0.0,0.0,20.5,66245,8.5,-64.0,0.709
2020-06-11T01:41:52.000,39.76,13.04,0.0,0.0,20.5,66246,8.3,-63.0,0.709
2020-06-11T01:43:52.000,39.62,12.94,0.0,0.0,20.5,66248,7.91,-63.0,0.709
2020-06-11T01:44:53.000,39.54,12.9,0.0,0.0,20.5,66249,7.71,-63.0,0.709
2020-06-11T01:45:53.000,39.47,12.87,0.0,0.0,20.5,66250,7.51,-63.0,0.709
2020-06-11T01:46:53.000,39.35,12.7,0.0,0.0,20.5,66251,7.32,-62.0,0.709
2020-06-11T01:47:53.000,39.29,12.73,0.0,0.0,20.5,66252,7.12,-62.0,0.709
2020-06-11T01:48:54.000,39.2,12.69,0.0,0.0,20.5,66253,6.93,-62.0,0.709
2020-06-11T02:01:55.000,38.37,11.94,0.0,0.0,20.5,66266,4.41,-60.0,0.708
2020-06-11T02:04:56.000,38.15,11.79,0.0,0.0,20.5,66269,3.83,-59.0,0.708
2020-06-11T02:05:56.000,38.09,11.77,0.4,0.18,20.5,66270,3.64,-59.0,0.707
2020-06-11T02:06:57.000,37.97,11.45,0.27,0.09,20.5,66271,3.44,-59.0,0.707
2020-06-11T02:07:57.000,37.87,11.51,0.0,0.0,20.5,66272,3.25,-59.0,0.707
2020-06-11T02:08:57.000,37.82,11.61,0.0,0.0,20.5,66273,3.06,-58.0,0.707
2020-06-11T02:09:58.000,37.75,11.51,0.0,0.0,20.5,66274,2.87,-58.0,0.707
2020-06-11T02:11:58.000,37.61,11.35,0.0,0.0,20.5,66276,2.49,-58.0,0.707
2020-06-11T02:12:58.000,37.54,11.33,0.0,0.0,20.5,66277,2.3,-58.0,0.707
2020-06-11T02:13:58.000,37.48,11.19,0.0,0.0,20.5,66278,2.11,-57.0,0.707
2020-06-11T02:18:00.000,37.19,11.03,0.0,0.0,20.5,66282,1.34,-57.0,0.707
2020-06-11T02:19:00.000,37.12,10.91,0.0,0.0,20.5,66283,1.15,-56.0,0.707
2020-06-11T02:25:01.000,36.68,10.64,0.0,0.0,20.5,66289,0.02,-55.0,0.706
2020-06-11T02:26:01.000,36.62,10.6,0.0,0.0,20.5,66290,-0.16,-55.0,0.706
2020-06-11T02:29:02.000,36.44,10.45,0.0,0.0,20.5,66293,-0.73,-54.0,0.706
2020-06-11T02:30:02.000,36.36,10.37,0.0,0.0,20.5,66294,-0.91,-54.0,0.706
2020-06-11T02:31:02.000,36.31,10.32,0.0,0.0,20.5,66295,-1.1,-54.0,0.706
2020-06-11T02:32:03.000,36.25,10.31,0.0,0.0,20.5,66296,-1.29,-54.0,0.706
2020-06-11T02:33:03.000,36.17,10.22,15658.0,2.04,20.5,66297,-1.47,-54.0,0.706
2020-06-11T02:34:03.000,36.12,10.2,59431.91,8.45,20.5,66298,-1.66,-53.0,0.706
2020-06-11T02:35:04.000,36.06,10.12,52341.38,8.58,20.5,66299,-1.85,-53.0,0.706
2020-06-11T02:36:04.000,35.97,9.97,45895.56,8.73,20.5,66300,-2.03,-53.0,0.706
2020-06-11T02:37:05.000,35.91,10.17,40061.64,8.87,20.5,66301,-2.22,-53.0,0.705
2020-06-11T02:38:06.000,35.89,10.1,34744.5,9.03,20.5,66302,-2.41,-53.0,0.705
2020-06-11T02:39:06.000,35.85,10.13,29933.69,9.19,20.5,66303,-2.59,-52.0,0.705
2020-06-11T02:40:06.000,35.81,10.06,25425.32,9.45,20.5,66304,-2.78,-52.0,0.705
2020-06-11T02:41:06.000,35.75,10.05,21930.24,9.53,20.5,66305,-2.96,-52.0,0.705
2020-06-11T02:42:06.000,35.71,10.0,18550.4,9.71,20.5,66306,-3.14,-52.0,0.705
2020-06-11T02:44:07.000,35.56,9.95,13010.2,10.1,20.5,66308,-3.51,-51.0,0.705
2020-06-11T02:45:07.000,35.56,10.02,10804.76,10.3,20.5,66309,-3.69,-51.0,0.705
2020-06-11T02:46:07.000,35.54,9.96,8923.22,10.51,20.5,66310,-3.88,-51.0,0.705
2020-06-11T02:47:07.000,35.47,9.84,7364.97,10.71,20.5,66311,-4.06,-51.0,0.705
2020-06-11T02:48:08.000,35.43,9.8,6000.93,10.94,20.5,66312,-4.24,-51.0,0.705
2020-06-11T02:49:08.000,35.4,9.74,4826.78,11.17,20.5,66313,-4.42,-50.0,0.705
2020-06-11T02:53:09.000,35.23,9.57,1949.28,12.16,20.5,66317,-5.15,-50.0,0.704
2020-06-11T03:02:10.000,34.82,9.28,261.57,14.34,20.5,66326,-6.77,-48.0,0.704
2020-06-11T03:03:10.000,34.76,9.24,210.72,14.57,20.5,66327,-6.94,-48.0,0.704
2020-06-11T03:04:10.000,34.7,9.17,171.3,14.8,20.5,66328,-7.12,-47.0,0.704
2020-06-11T03:05:10.000,34.66,9.23,139.19,15.02,20.5,66329,-7.3,-47.0,0.704
2020-06-11T03:06:11.000,34.61,9.15,112.4,15.26,20.5,66330,-7.48,-47.0,0.704
2020-06-11T03:07:11.000,34.57,9.2,91.26,15.48,20.5,66331,-7.65,-47.0,0.704
2020-06-11T03:08:11.000,34.54,9.23,74.82,15.7,20.5,66332,-7.83,-47.0,0.704
2020-06-11T03:09:12.000,34.52,9.24,61.43,15.91,20.5,66333,-8.01,-46.0,0.703
2020-06-11T03:10:12.000,34.48,9.14,48.81,16.16,20.5,66334,-8.18,-46.0,0.703
2020-06-11T03:11:12.000,34.44,9.13,41.82,16.33,20.5,66335,-8.36,-46.0,0.703
2020-06-11T03:12:12.000,34.41,9.16,35.05,16.52,20.5,66336,-8.53,-46.0,0.703
2020-06-11T03:13:13.000,34.38,9.08,29.69,16.7,20.5,66337,-8.71,-46.0,0.703
2020-06-11T03:14:13.000,34.35,9.05,25.34,16.87,20.5,66338,-8.88,-45.0,0.703
2020-06-11T03:15:13.000,34.3,9.06,21.66,17.04,20.5,66339,-9.06,-45.0,0.703
2020-06-11T03:16:14.000,34.25,9.04,18.64,17.21,20.5,66340,-9.23,-45.0,0.703
2020-06-11T03:17:14.000,34.22,9.0,16.01,17.37,20.5,66341,-9.41,-45.0,0.703
2020-06-11T03:18:14.000,34.18,8.97,13.93,17.52,20.5,66342,-9.58,-45.0,0.703
2020-06-11T03:19:14.000,34.17,8.94,11.87,17.69,20.5,66343,-9.75,-44.0,0.703
2020-06-11T03:22:15.000,34.03,8.79,7.91,18.14,20.5,66346,-10.27,-44.0,0.703
2020-06-11T03:24:15.000,33.95,8.71,6.09,18.42,20.5,66348,-10.61,-43.0,0.703
2020-06-11T03:26:16.000,33.87,8.65,4.82,18.67,20.5,66350,-10.96,-43.0,0.702
2020-06-11T03:27:16.000,33.84,8.63,4.35,18.78,20.5,66351,-11.13,-43.0,0.702
2020-06-11T03:28:16.000,33.81,8.61,3.96,18.89,20.5,66352,-11.3,-43.0,0.702
2020-06-11T03:29:17.000,33.78,8.61,3.66,18.97,20.5,66353,-11.47,-42.0,0.702
2020-06-11T03:30:17.000,33.72,8.55,3.41,19.05,20.5,66354,-11.64,-42.0,0.702
2020-06-11T03:32:17.000,33.67,8.54,3.06,19.17,20.5,66356,-11.97,-42.0,0.702
2020-06-11T03:33:18.000,33.63,8.45,2.91,19.22,20.5,66357,-12.14,-42.0,0.702
2020-06-11T03:34:18.000,33.59,8.48,2.75,19.28,20.5,66358,-12.31,-41.0,0.702
2020-06-11T03:35:18.000,33.56,8.4,2.57,19.35,20.5,66359,-12.48,-41.0,0.702
2020-06-11T03:36:19.000,33.55,8.44,2.56,19.36,20.5,66360,-12.65,-41.0,0.702
2020-06-11T03:37:19.000,33.53,8.41,2.53,19.37,20.5,66361,-12.81,-41.0,0.702
2020-06-11T03:38:19.000,33.51,8.41,2.46,19.4,20.5,66362,-12.98,-41.0,0.702
2020-06-11T03:39:20.000,33.48,8.39,2.33,19.46,20.5,66363,-13.15,-40.0,0.702
2020-06-11T03:40:21.000,33.46,8.38,2.28,19.48,20.5,66364,-13.32,-40.0,0.701
2020-06-11T03:41:21.000,33.44,8.39,2.26,19.5,20.5,66365,-13.48,-40.0,0.701
2020-06-11T03:42:21.000,33.4,8.34,2.25,19.5,20.5,66366,-13.64,-40.0,0.701
2020-06-11T03:43:21.000,33.39,8.39,2.25,19.5,20.5,66367,-13.81,-40.0,0.701
2020-06-11T03:44:22.000,33.37,8.41,2.26,19.5,20.5,66368,-13.98,-39.0,0.701
2020-06-11T03:45:22.000,33.36,8.36,2.2,19.52,20.5,66369,-14.14,-39.0,0.701
2020-06-11T03:46:22.000,33.33,8.3,2.25,19.5,20.5,66370,-14.3,-39.0,0.701
2020-06-11T03:47:22.000,33.32,8.31,2.18,19.53,20.5,66371,-14.46,-39.0,0.701
2020-06-11T03:48:22.000,33.3,8.24,2.14,19.56,20.5,66372,-14.63,-39.0,0.701
2020-06-11T03:49:23.000,33.28,8.25,2.14,19.56,20.5,66373,-14.79,-38.0,0.701
2020-06-11T03:50:23.000,33.27,8.25,2.1,19.58,20.5,66374,-14.95,-38.0,0.701
2020-06-11T03:51:23.000,33.25,8.19,2.02,19.62,20.5,66375,-15.11,-38.0,0.701
2020-06-11T03:52:23.000,33.21,8.12,1.97,19.65,20.5,66376,-15.27,-38.0,0.701
2020-06-11T03:53:23.000,33.19,8.1,1.91,19.68,20.5,66377,-15.43,-38.0,0.701
2020-06-11T03:54:24.000,33.18,8.11,1.91,19.68,20.5,66378,-15.59,-37.0,0.701
2020-06-11T03:55:24.000,33.16,8.11,1.79,19.75,20.5,66379,-15.75,-37.0,0.701
2020-06-11T03:56:24.000,33.14,8.03,1.65,19.84,20.5,66380,-15.91,-37.0,0.7
2020-06-11T03:57:24.000,33.13,7.95,1.56,19.89,20.5,66381,-16.07,-37.0,0.7
2020-06-11T03:58:25.000,33.11,7.92,1.54,19.91,20.5,66382,-16.23,-36.0,0.7
2020-06-11T03:59:25.000,33.07,7.88,1.52,19.92,20.5,66383,-16.39,-36.0,0.7
2020-06-11T04:00:25.000,33.04,7.87,1.5,19.94,20.5,66384,-16.54,-36.0,0.7
2020-06-11T04:01:25.000,33.02,7.84,1.48,19.95,20.5,66385,-16.7,-36.0,0.7
2020-06-11T04:02:25.000,33.0,7.81,1.5,19.94,20.5,66386,-16.86,-36.0,0.7
2020-06-11T04:03:26.000,32.97,7.8,1.54,19.91,20.5,66387,-17.02,-35.0,0.7
2020-06-11T04:04:27.000,32.95,7.8,1.61,19.86,20.5,66388,-17.17,-35.0,0.7
2020-06-11T04:05:27.000,32.93,7.79,1.63,19.86,20.5,66389,-17.33,-35.0,0.7
2020-06-11T04:06:27.000,32.89,7.74,1.56,19.9,20.5,66390,-17.48,-35.0,0.7
2020-06-11T04:07:27.000,32.87,7.75,1.54,19.91,20.5,66391,-17.64,-35.0,0.7
2020-06-11T04:08:28.000,32.84,7.69,1.48,19.96,20.5,66392,-17.79,-34.0,0.7
2020-06-11T04:09:28.000,32.82,7.69,1.47,19.96,20.5,66393,-17.94,-34.0,0.7
2020-06-11T04:10:28.000,32.79,7.61,1.48,19.96,20.5,66394,-18.1,-34.0,0.7
2020-06-11T04:11:29.000,32.78,7.6,1.45,19.98,20.5,66395,-18.25,-34.0,0.7
2020-06-11T04:12:29.000,32.77,7.58,1.45,19.97,20.5,66396,-18.4,-34.0,0.699
2020-06-11T04:13:29.000,32.75,7.49,1.43,19.99,20.5,66397,-18.55,-33.0,0.699
2020-06-11T04:15:30.000,32.64,7.1,1.42,20.0,20.5,66399,-18.86,-33.0,0.699
2020-06-11T04:16:30.000,32.62,7.19,1.45,19.98,20.5,66400,-19.01,-33.0,0.699
2020-06-11T04:17:30.000,32.57,7.03,1.48,19.96,20.5,66401,-19.16,-33.0,0.699
2020-06-11T04:18:30.000,32.46,6.83,1.47,19.96,20.5,66402,-19.3,-32.0,0.699
2020-06-11T04:19:31.000,32.43,7.09,1.46,19.97,20.5,66403,-19.45,-32.0,0.699
2020-06-11T04:20:31.000,32.39,6.96,1.46,19.97,20.5,66404,-19.6,-32.0,0.699
2020-06-11T04:22:31.000,32.33,7.32,1.45,19.98,20.5,66406,-19.9,-32.0,0.699
2020-06-11T04:23:31.000,32.36,7.47,1.48,19.96,20.5,66407,-20.04,-31.0,0.699
2020-06-11T04:24:32.000,32.4,7.5,1.51,19.93,20.5,66408,-20.19,-31.0,0.699
2020-06-11T04:25:32.000,32.42,7.39,1.51,19.93,20.5,66409,-20.34,-31.0,0.699
2020-06-11T04:26:32.000,32.42,7.33,1.56,19.89,20.5,66410,-20.48,-31.0,0.699
2020-06-11T04:27:32.000,32.4,7.23,1.59,19.88,20.5,66411,-20.62,-31.0,0.698
2020-06-11T04:28:33.000,32.37,7.23,1.6,19.87,20.5,66412,-20.77,-30.0,0.698
2020-06-11T04:29:33.000,32.33,7.32,1.62,19.86,20.5,66413,-20.91,-30.0,0.698
2020-06-11T04:35:34.000,32.12,6.94,1.57,19.89,20.5,66419,-21.76,-29.0,0.698
2020-06-11T04:36:35.000,32.06,6.98,1.56,19.89,20.5,66420,-21.9,-29.0,0.698
2020-06-11T04:37:35.000,32.04,6.98,1.61,19.86,20.5,66421,-22.04,-28.0,0.698
2020-06-11T04:38:35.000,31.98,6.9,1.62,19.86,20.5,66422,-22.18,-28.0,0.698
2020-06-11T04:39:36.000,31.94,6.71,1.63,19.85,20.5,66423,-22.32,-28.0,0.698
2020-06-11T04:40:36.000,31.86,6.47,1.62,19.86,20.5,66424,-22.46,-28.0,0.698
2020-06-11T04:41:36.000,31.81,6.66,1.62,19.85,20.5,66425,-22.59,-28.0,0.698
2020-06-11T04:42:36.000,31.78,6.69,1.59,19.88,20.5,66426,-22.73,-27.0,0.698
2020-06-11T04:43:37.000,31.75,6.6,1.56,19.9,20.5,66427,-22.87,-27.0,0.697
2020-06-11T04:44:37.000,31.71,6.56,1.57,19.89,20.5,66428,-23.0,-27.0,0.697
2020-06-11T04:45:37.000,31.66,6.62,1.6,19.87,20.5,66429,-23.14,-27.0,0.697
2020-06-11T04:46:38.000,31.61,6.54,1.53,19.92,20.5,66430,-23.27,-27.0,0.697
2020-06-11T04:47:38.000,31.54,6.42,1.48,19.96,20.5,66431,-23.41,-26.0,0.697
2020-06-11T04:48:38.000,31.46,6.3,1.45,19.98,20.5,66432,-23.54,-26.0,0.697
2020-06-11T04:49:39.000,31.38,6.31,1.45,19.98,20.5,66433,-23.67,-26.0,0.697
2020-06-11T04:50:39.000,31.38,6.48,1.46,19.97,20.5,66434,-23.8,-26.0,0.697
2020-06-11T04:51:39.000,31.38,6.46,1.46,19.97,20.5,66435,-23.93,-26.0,0.697
2020-06-11T04:57:40.000,31.01,6.21,1.41,20.0,20.5,66441,-24.71,-24.0,0.697
2020-06-11T04:58:40.000,30.93,5.93,1.41,20.01,20.5,66442,-24.83,-24.0,0.697
2020-06-11T05:00:46.000,30.86,6.27,1.37,20.03,20.5,66444,-25.1,-24.0,0.696
