Downloads/jupyter/ECSV/stars19/stars19_2023-03.ecsv
# %ECSV 1.0
# ---
# datatype:
# - {name: time, datatype: string}
# - {name: Enclosure Temperature, unit: deg_C, datatype: float64}
# - {name: Sky Temperature, unit: deg_C, datatype: float64}
# - {name: Frequency, unit: Hz, datatype: float64}
# - {name: MSAS, unit: mag / arcsec2, datatype: float64}
# - {name: ZP, datatype: float64}
# - {name: Sequence Number, datatype: int64}
# - {name: Sun Alt, unit: deg, datatype: float64}
# - {name: Moon Alt, unit: deg, datatype: float64}
# - {name: Moon Illumination, datatype: float64}
# delimiter: ','
# meta: !!omap
# - ida:
#     Data supplier: {affiliation: null, observer: null}
#     Device type: TESS-W
#     Field of view: 17.0
#     Filters per channel: None
#     Instrument ID: stars19
#     License: ODbL 1.0 http://opendatacommons.org/licenses/odbl/summary/
#     Local timezone: America/Phoenix
#     Location name: {country: '- Tucson', place: Tucson, region: United States, sub_region: Arizona, town: Pima County}
#     Measurement direction per channel: {azimuth: 0.0, zenital: 0.0}
#     Moving / Fixed look direction: FIXED
#     Moving / Stationary position: STATIONARY
#     Number of channels: 1
#     Number of fields per line: 8
#     Number of header lines: 35
#     Position: {height: 0.0, latitude: 32.223877, longitude: -110.767532}
#     TESS MAC address: 18:FE:34:CF:EC:06
#     TESS cover offset value: 0.0
#     TESS firmware version: '1.0'
#     TESS zero point: 20.38
#     Time Synchronization: timestamp added by MQTT subscriber
#     URL: http://www.darksky.org/NSBM/sdf1.0.pdf
# - __serialized_columns__:
#     Enclosure Temperature:
#       __class__: astropy.units.quantity.Quantity
#       unit: &id001 !astropy.units.Unit {unit: deg_C}
#       value: !astropy.table.SerializedColumn {name: Enclosure Temperature}
#     Frequency:
#       __class__: astropy.units.quantity.Quantity
#       unit: !astropy.units.Unit {unit: Hz}
#       value: !astropy.table.SerializedColumn {name: Frequency}
#     MSAS:
#       __class__: astropy.units.quantity.Quantity
#       unit: !astropy.units.Unit {unit: mag / arcsec2}
#       value: !astropy.table.SerializedColumn {name: MSAS}
#     Moon Alt:
#       __class__: astropy.units.quantity.Quantity
#       unit: &id002 !astropy.units.Unit {unit: deg}
#       value: !astropy.table.SerializedColumn {name: Moon Alt}
#     Sky Temperature:
#       __class__: astropy.units.quantity.Quantity
#       unit: *id001
#       value: !astropy.table.SerializedColumn {name: Sky Temperature}
#     Sun Alt:
#       __class__: astropy.units.quantity.Quantity
#       unit: *id002
#       value: !astropy.table.SerializedColumn {name: Sun Alt}
#     time:
#       __class__: astropy.time.core.Time
#       format: isot
#       in_subfmt: '*'
#       out_subfmt: '*'
#       precision: 3
#       scale: utc
#       value: !astropy.table.SerializedColumn {name: time}
# schema: astropy-2.0
time,Enclosure Temperature,Sky Temperature,Frequency,MSAS,ZP,Sequence Number,Sun Alt,Moon Alt,Moon Illumination
[from data line 18372]
2023-03-30T08:31:04.000,16.04,-10.09,1.4,20.01,20.38,115264,-51.03,14.0,0.619
2023-03-30T08:32:04.000,16.01,-10.18,1.4,20.02,20.38,115265,-50.94,14.0,0.619
2023-03-30T08:33:04.000,15.99,-10.02,1.4,20.02,20.38,115266,-50.85,14.0,0.619
2023-03-30T08:34:04.000,15.95,-10.15,1.39,20.02,20.38,115267,-50.75,13.0,0.619
2023-03-30T08:35:04.000,15.89,-10.15,1.39,20.02,20.38,115268,-50.66,13.0,0.619
2023-03-30T08:36:04.000,15.86,-10.17,1.39,20.03,20.38,115269,-50.56,13.0,0.619
2023-03-30T08:37:05.000,15.83,-10.19,1.38,20.03,20.38,115270,-50.46,13.0,0.62
2023-03-30T08:39:05.000,15.8,-10.12,1.38,20.03,20.38,115272,-50.26,12.0,0.62
2023-03-30T08:40:05.000,15.77,-10.15,1.38,20.03,20.38,115273,-50.16,12.0,0.62
2023-03-30T08:41:05.000,15.71,-10.21,1.37,20.03,20.38,115274,-50.05,12.0,0.62
2023-03-30T08:42:06.000,15.67,-10.28,1.37,20.04,20.38,115275,-49.95,12.0,0.62
2023-03-30T08:43:06.000,15.6,-10.36,1.37,20.04,20.38,115276,-49.84,12.0,0.62
2023-03-30T08:44:06.000,15.57,-10.19,1.37,20.04,20.38,115277,-49.73,12.0,0.62
2023-03-30T08:45:07.000,15.54,-10.24,1.36,20.04,20.38,115278,-49.62,11.0,0.62
2023-03-30T08:46:06.000,15.5,-10.38,1.36,20.04,20.38,115279,-49.52,11.0,0.62
2023-03-30T08:47:08.000,15.45,-10.34,1.36,20.05,20.38,115280,-49.4,11.0,0.62
2023-03-30T08:48:08.000,15.41,-10.33,1.36,20.05,20.38,115281,-49.29,11.0,0.62
2023-03-30T08:49:08.000,15.38,-10.38,1.35,20.05,20.38,115282,-49.18,11.0,0.62
2023-03-30T08:50:08.000,15.36,-10.18,1.35,20.05,20.38,115283,-49.07,10.0,0.62
2023-03-30T08:51:08.000,15.44,-9.98,1.35,20.06,20.38,115284,-48.95,10.0,0.62
2023-03-30T08:52:08.000,15.49,-9.98,1.34,20.06,20.38,115285,-48.84,10.0,0.62
2023-03-30T08:53:08.000,15.51,-10.07,1.34,20.06,20.38,115286,-48.72,10.0,0.621
2023-03-30T08:54:08.000,15.5,-10.16,1.34,20.06,20.38,115287,-48.6,10.0,0.621
2023-03-30T08:55:08.000,15.41,-10.39,1.33,20.07,20.38,115288,-48.49,9.0,0.621
2023-03-30T08:56:08.000,15.44,-9.95,1.33,20.07,20.38,115289,-48.37,9.0,0.621
2023-03-30T08:57:09.000,15.48,-10.05,1.33,20.07,20.38,115290,-48.24,9.0,0.621
2023-03-30T08:58:08.000,15.49,-9.96,1.33,20.07,20.38,115291,-48.12,9.0,0.621
2023-03-30T08:59:09.000,15.45,-10.3,1.32,20.08,20.38,115292,-48.0,9.0,0.621
2023-03-30T09:00:09.000,15.26,-10.85,1.32,20.08,20.38,115293,-47.88,9.0,0.621
2023-03-30T09:01:09.000,15.08,-10.65,1.31,20.09,20.38,115294,-47.75,8.0,0.621
2023-03-30T09:02:09.000,15.03,-10.44,1.31,20.09,20.38,115295,-47.63,8.0,0.621
2023-03-30T09:03:09.000,14.97,-10.68,1.3,20.09,20.38,115296,-47.5,8.0,0.621
2023-03-30T09:04:09.000,14.91,-10.59,1.3,20.09,20.38,115297,-47.37,8.0,0.621
2023-03-30T09:05:09.000,14.9,-10.44,1.29,20.1,20.38,115298,-47.25,8.0,0.621
2023-03-30T09:06:09.000,14.94,-10.23,1.29,20.1,20.38,115299,-47.12,7.0,0.621
2023-03-30T09:07:09.000,14.95,-10.46,1.28,20.11,20.38,115300,-46.99,7.0,0.621
2023-03-30T09:09:10.000,14.99,-10.19,1.28,20.11,20.38,115302,-46.72,7.0,0.622
2023-03-30T09:10:10.000,14.98,-10.47,1.28,20.11,20.38,115303,-46.59,7.0,0.622
2023-03-30T09:11:10.000,14.91,-10.52,1.28,20.12,20.38,115304,-46.46,6.0,0.622
2023-03-30T09:12:11.000,14.87,-10.43,1.28,20.12,20.38,115305,-46.32,6.0,0.622
2023-03-30T09:13:11.000,14.82,-10.55,1.27,20.12,20.38,115306,-46.18,6.0,0.622
2023-03-30T09:14:11.000,14.75,-10.58,1.27,20.12,20.38,115307,-46.05,6.0,0.622
2023-03-30T09:15:11.000,14.74,-10.41,1.26,20.13,20.38,115308,-45.91,6.0,0.622
2023-03-30T09:16:11.000,14.77,-10.24,1.26,20.13,20.38,115309,-45.77,6.0,0.622
2023-03-30T09:17:11.000,14.79,-10.32,1.26,20.13,20.38,115310,-45.63,5.0,0.622
2023-03-30T09:18:11.000,14.73,-10.69,1.25,20.13,20.38,115311,-45.49,5.0,0.622
2023-03-30T09:19:11.000,14.58,-10.86,1.25,20.14,20.38,115312,-45.35,5.0,0.622
2023-03-30T09:21:12.000,14.46,-10.63,1.24,20.14,20.38,115314,-45.07,5.0,0.622
2023-03-30T09:22:11.000,14.43,-10.77,1.24,20.15,20.38,115315,-44.93,4.0,0.622
2023-03-30T09:23:11.000,14.41,-10.65,1.24,20.15,20.38,115316,-44.79,4.0,0.622
2023-03-30T09:24:12.000,14.36,-10.9,1.23,20.16,20.38,115317,-44.64,4.0,0.623
2023-03-30T09:25:14.000,14.3,-10.87,1.22,20.16,20.38,115318,-44.49,4.0,0.623
2023-03-30T09:26:14.000,14.25,-10.84,1.22,20.17,20.38,115319,-44.34,4.0,0.623
2023-03-30T09:27:14.000,14.28,-10.46,1.21,20.17,20.38,115320,-44.2,4.0,0.623
2023-03-30T09:28:14.000,14.3,-10.49,1.21,20.18,20.38,115321,-44.05,3.0,0.623
2023-03-30T09:29:14.000,14.33,-10.42,1.2,20.18,20.38,115322,-43.9,3.0,0.623
2023-03-30T09:30:14.000,14.36,-10.45,1.2,20.18,20.38,115323,-43.75,3.0,0.623
2023-03-30T09:31:14.000,14.35,-10.55,1.19,20.19,20.38,115324,-43.6,3.0,0.623
2023-03-30T09:32:14.000,14.35,-10.49,1.19,20.19,20.38,115325,-43.45,3.0,0.623
2023-03-30T09:33:14.000,14.4,-10.33,1.18,20.2,20.38,115326,-43.3,2.0,0.623
2023-03-30T09:34:14.000,14.38,-10.79,1.18,20.2,20.38,115327,-43.15,2.0,0.623
2023-03-30T09:35:14.000,14.28,-10.93,1.17,20.21,20.38,115328,-43.0,2.0,0.623
2023-03-30T09:36:16.000,14.2,-10.97,1.17,20.21,20.38,115329,-42.84,2.0,0.623
2023-03-30T09:37:16.000,14.1,-11.11,1.17,20.21,20.38,115330,-42.69,2.0,0.623
2023-03-30T09:38:16.000,14.06,-10.88,1.16,20.22,20.38,115331,-42.53,2.0,0.623
2023-03-30T09:39:17.000,14.06,-10.8,1.16,20.22,20.38,115332,-42.37,1.0,0.623
2023-03-30T09:40:17.000,14.12,-10.73,1.15,20.22,20.38,115333,-42.22,1.0,0.624
2023-03-30T09:41:17.000,14.11,-10.94,1.15,20.23,20.38,115334,-42.06,1.0,0.624
2023-03-30T09:42:18.000,14.09,-11.01,1.15,20.23,20.38,115335,-41.9,1.0,0.624
2023-03-30T09:43:18.000,14.01,-10.99,1.15,20.23,20.38,115336,-41.74,1.0,0.624
2023-03-30T09:44:18.000,14.03,-10.71,1.15,20.23,20.38,115337,-41.59,1.0,0.624
2023-03-30T09:45:18.000,14.01,-10.76,1.14,20.24,20.38,115338,-41.43,0.0,0.624
2023-03-30T09:46:18.000,13.96,-10.8,1.14,20.24,20.38,115339,-41.27,0.0,0.624
2023-03-30T09:47:19.000,13.96,-10.73,1.14,20.24,20.38,115340,-41.1,-0.0,0.624
2023-03-30T09:48:19.000,13.98,-10.77,1.13,20.24,20.38,115341,-40.94,-0.0,0.624
2023-03-30T09:49:19.000,13.95,-11.02,1.21,20.18,20.38,115342,-40.78,-0.0,0.624
2023-03-30T09:50:19.000,13.87,-11.28,1.24,20.14,20.38,115343,-40.62,-1.0,0.624
2023-03-30T09:51:19.000,13.74,-11.33,1.24,20.15,20.38,115344,-40.46,-1.0,0.624
2023-03-30T09:52:19.000,13.7,-11.13,1.19,20.19,20.38,115345,-40.29,-1.0,0.624
2023-03-30T09:53:19.000,13.71,-10.95,1.12,20.26,20.38,115346,-40.13,-1.0,0.624
2023-03-30T09:54:19.000,13.74,-10.79,1.12,20.26,20.38,115347,-39.96,-1.0,0.624
2023-03-30T09:55:19.000,13.8,-10.44,1.12,20.25,20.38,115348,-39.8,-1.0,0.625
2023-03-30T09:56:19.000,13.85,-10.78,1.13,20.25,20.38,115349,-39.63,-2.0,0.625
2023-03-30T09:57:19.000,13.72,-11.23,1.14,20.24,20.38,115350,-39.47,-2.0,0.625
2023-03-30T09:58:19.000,13.62,-11.08,1.13,20.25,20.38,115351,-39.3,-2.0,0.625
2023-03-30T09:59:19.000,13.68,-10.78,1.13,20.24,20.38,115352,-39.13,-2.0,0.625
2023-03-30T10:00:19.000,13.72,-10.92,1.12,20.26,20.38,115353,-38.97,-2.0,0.625
2023-03-30T10:01:20.000,13.67,-11.02,1.16,20.22,20.38,115354,-38.8,-2.0,0.625
2023-03-30T10:02:19.000,13.58,-11.27,1.23,20.16,20.38,115355,-38.63,-3.0,0.625
2023-03-30T10:03:19.000,13.55,-10.9,1.23,20.16,20.38,115356,-38.46,-3.0,0.625
2023-03-30T10:04:20.000,13.62,-10.7,1.22,20.16,20.38,115357,-38.29,-3.0,0.625
2023-03-30T10:05:20.000,13.69,-10.69,1.2,20.18,20.38,115358,-38.12,-3.0,0.625
2023-03-30T10:06:20.000,13.69,-10.85,1.11,20.27,20.38,115359,-37.95,-3.0,0.625
2023-03-30T10:07:23.000,13.69,-10.69,1.11,20.27,20.38,115360,-37.77,-4.0,0.625
2023-03-30T10:08:22.000,13.65,-10.75,1.11,20.27,20.38,115361,-37.6,-4.0,0.625
2023-03-30T10:09:23.000,13.63,-11.03,1.1,20.27,20.38,115362,-37.42,-4.0,0.625
2023-03-30T10:10:23.000,13.49,-11.03,1.1,20.27,20.38,115363,-37.25,-4.0,0.625
2023-03-30T10:11:23.000,13.45,-11.0,1.1,20.27,20.38,115364,-37.08,-4.0,0.626
2023-03-30T10:12:23.000,13.36,-11.25,1.18,20.2,20.38,115365,-36.9,-4.0,0.626
2023-03-30T10:13:23.000,13.35,-10.82,1.22,20.17,20.38,115366,-36.73,-5.0,0.626
2023-03-30T10:14:23.000,13.38,-10.55,1.22,20.17,20.38,115367,-36.55,-5.0,0.626
2023-03-30T10:15:23.000,13.43,-10.67,1.18,20.2,20.38,115368,-36.38,-5.0,0.626
2023-03-30T10:16:23.000,13.46,-10.67,1.1,20.27,20.38,115369,-36.2,-5.0,0.626
2023-03-30T10:17:23.000,13.51,-10.58,1.1,20.27,20.38,115370,-36.03,-5.0,0.626
2023-03-30T10:18:23.000,13.57,-10.47,1.1,20.27,20.38,115371,-35.85,-5.0,0.626
2023-03-30T10:19:23.000,13.68,-10.34,1.1,20.27,20.38,115372,-35.67,-6.0,0.626
2023-03-30T10:20:24.000,13.78,-10.35,1.11,20.27,20.38,115373,-35.49,-6.0,0.626
2023-03-30T10:22:24.000,13.93,-10.3,1.22,20.16,20.38,115375,-35.14,-6.0,0.626
2023-03-30T10:23:24.000,13.96,-10.52,1.22,20.16,20.38,115376,-34.96,-6.0,0.626
2023-03-30T10:24:24.000,13.99,-10.42,1.19,20.2,20.38,115377,-34.78,-6.0,0.626
2023-03-30T10:25:25.000,13.98,-10.71,1.11,20.27,20.38,115378,-34.6,-7.0,0.626
2023-03-30T10:26:25.000,13.98,-10.57,1.11,20.27,20.38,115379,-34.42,-7.0,0.626
2023-03-30T10:27:26.000,14.02,-10.63,1.1,20.27,20.38,115380,-34.23,-7.0,0.627
2023-03-30T10:36:27.000,14.01,-10.74,1.1,20.28,20.38,115389,-32.59,-8.0,0.627
2023-03-30T10:37:27.000,13.95,-10.96,1.1,20.28,20.38,115390,-32.4,-9.0,0.627
2023-03-30T10:38:27.000,13.91,-10.95,1.1,20.27,20.38,115391,-32.22,-9.0,0.627
2023-03-30T10:39:28.000,13.88,-10.84,1.1,20.28,20.38,115392,-32.03,-9.0,0.627
2023-03-30T10:40:28.000,13.91,-10.66,1.1,20.28,20.38,115393,-31.85,-9.0,0.627
2023-03-30T10:41:28.000,13.93,-10.7,1.1,20.27,20.38,115394,-31.66,-9.0,0.627
2023-03-30T10:42:30.000,13.89,-10.91,1.1,20.28,20.38,115395,-31.47,-9.0,0.628
2023-03-30T10:43:29.000,13.88,-10.73,1.1,20.28,20.38,115396,-31.29,-9.0,0.628
2023-03-30T10:44:29.000,13.89,-10.67,1.1,20.27,20.38,115397,-31.1,-10.0,0.628
2023-03-30T10:45:30.000,13.87,-10.74,1.1,20.27,20.38,115398,-30.91,-10.0,0.628
2023-03-30T10:46:32.000,13.83,-11.02,1.1,20.28,20.38,115399,-30.72,-10.0,0.628
2023-03-30T10:47:32.000,13.73,-10.92,1.1,20.28,20.38,115400,-30.53,-10.0,0.628
2023-03-30T10:48:32.000,13.67,-10.96,1.1,20.28,20.38,115401,-30.34,-10.0,0.628
2023-03-30T10:50:32.000,13.71,-10.61,1.1,20.27,20.38,115403,-29.96,-11.0,0.628
2023-03-30T10:56:35.000,13.66,-10.18,1.22,20.17,20.38,115409,-28.82,-12.0,0.628
2023-03-30T10:58:35.000,13.86,-10.13,1.22,20.16,20.38,115411,-28.43,-12.0,0.629
2023-03-30T10:59:35.000,13.9,-10.24,1.19,20.19,20.38,115412,-28.24,-12.0,0.629
2023-03-30T11:00:35.000,13.92,-10.31,1.15,20.23,20.38,115413,-28.05,-12.0,0.629
2023-03-30T11:01:35.000,13.92,-10.28,1.22,20.16,20.38,115414,-27.86,-12.0,0.629
2023-03-30T11:02:35.000,13.98,-10.08,1.22,20.16,20.38,115415,-27.67,-12.0,0.629
2023-03-30T11:03:35.000,14.05,-10.17,1.22,20.16,20.38,115416,-27.47,-13.0,0.629
2023-03-30T11:04:35.000,14.08,-10.26,1.2,20.18,20.38,115417,-27.28,-13.0,0.629
2023-03-30T11:05:35.000,14.1,-10.19,1.22,20.16,20.38,115418,-27.09,-13.0,0.629
2023-03-30T11:06:35.000,14.11,-10.27,1.22,20.16,20.38,115419,-26.89,-13.0,0.629
2023-03-30T11:07:36.000,14.11,-10.3,1.23,20.16,20.38,115420,-26.7,-13.0,0.629
2023-03-30T11:08:36.000,14.1,-10.2,1.23,20.16,20.38,115421,-26.5,-13.0,0.629
2023-03-30T11:09:36.000,14.11,-10.07,1.13,20.24,20.38,115422,-26.31,-14.0,0.629
2023-03-30T11:10:36.000,14.15,-10.04,1.11,20.27,20.38,115423,-26.12,-14.0,0.629
2023-03-30T11:11:36.000,14.19,-9.96,1.11,20.27,20.38,115424,-25.92,-14.0,0.629
2023-03-30T11:12:36.000,14.24,-9.98,1.11,20.26,20.38,115425,-25.73,-14.0,0.629
2023-03-30T11:13:36.000,14.26,-10.08,1.11,20.26,20.38,115426,-25.53,-14.0,0.629
2023-03-30T11:14:36.000,14.24,-10.04,1.11,20.26,20.38,115427,-25.34,-14.0,0.63
2023-03-30T11:15:36.000,14.27,-9.9,1.11,20.26,20.38,115428,-25.14,-14.0,0.63
2023-03-30T11:16:36.000,14.31,-9.89,1.11,20.26,20.38,115429,-24.94,-15.0,0.63
2023-03-30T11:17:37.000,14.38,-9.92,1.12,20.26,20.38,115430,-24.75,-15.0,0.63
2023-03-30T11:18:38.000,14.39,-10.12,1.12,20.26,20.38,115431,-24.55,-15.0,0.63
2023-03-30T11:19:38.000,14.39,-10.23,1.12,20.26,20.38,115432,-24.35,-15.0,0.63
2023-03-30T11:20:38.000,14.38,-10.35,1.12,20.26,20.38,115433,-24.15,-15.0,0.63
2023-03-30T11:21:38.000,14.36,-10.52,1.12,20.26,20.38,115434,-23.96,-15.0,0.63
2023-03-30T11:22:38.000,14.34,-10.47,1.12,20.26,20.38,115435,-23.76,-15.0,0.63
2023-03-30T11:23:38.000,14.33,-10.41,1.12,20.26,20.38,115436,-23.56,-16.0,0.63
2023-03-30T11:24:38.000,14.33,-10.43,1.12,20.26,20.38,115437,-23.36,-16.0,0.63
2023-03-30T11:25:39.000,14.28,-10.57,1.12,20.26,20.38,115438,-23.16,-16.0,0.63
2023-03-30T11:26:39.000,14.28,-10.37,1.12,20.26,20.38,115439,-22.96,-16.0,0.63
2023-03-30T11:27:39.000,14.28,-10.46,1.12,20.26,20.38,115440,-22.77,-16.0,0.63
2023-03-30T11:28:39.000,14.3,-10.34,1.12,20.25,20.38,115441,-22.57,-16.0,0.63
2023-03-30T11:29:39.000,14.34,-10.35,1.12,20.25,20.38,115442,-22.37,-16.0,0.631
2023-03-30T11:30:39.000,14.36,-10.38,1.12,20.26,20.38,115443,-22.17,-17.0,0.631
2023-03-30T11:31:39.000,14.38,-10.45,1.12,20.25,20.38,115444,-21.97,-17.0,0.631
2023-03-30T11:32:39.000,14.37,-10.56,1.13,20.25,20.38,115445,-21.77,-17.0,0.631
2023-03-30T11:33:39.000,14.36,-10.44,1.13,20.25,20.38,115446,-21.57,-17.0,0.631
2023-03-30T11:34:39.000,14.35,-10.53,1.13,20.25,20.38,115447,-21.37,-17.0,0.631
2023-03-30T11:35:39.000,14.33,-10.53,1.13,20.25,20.38,115448,-21.17,-17.0,0.631
2023-03-30T11:36:40.000,14.32,-10.61,1.14,20.24,20.38,115449,-20.97,-17.0,0.631
2023-03-30T11:38:40.000,14.28,-10.54,1.16,20.22,20.38,115451,-20.57,-18.0,0.631
2023-03-30T11:39:41.000,14.29,-10.41,1.18,20.2,20.38,115452,-20.36,-18.0,0.631
2023-03-30T11:40:41.000,14.3,-10.47,1.15,20.22,20.38,115453,-20.16,-18.0,0.631
2023-03-30T11:41:42.000,14.31,-10.51,1.16,20.22,20.38,115454,-19.96,-18.0,0.631
2023-03-30T11:42:42.000,14.26,-10.73,1.16,20.22,20.38,115455,-19.76,-18.0,0.631
2023-03-30T11:43:42.000,14.1,-11.18,1.17,20.21,20.38,115456,-19.55,-18.0,0.631
2023-03-30T11:44:42.000,13.94,-11.25,1.17,20.21,20.38,115457,-19.35,-19.0,0.631
2023-03-30T11:45:43.000,13.9,-10.81,1.24,20.15,20.38,115458,-19.15,-19.0,0.632
2023-03-30T11:46:43.000,13.86,-10.91,1.29,20.1,20.38,115459,-18.95,-19.0,0.632
2023-03-30T11:47:44.000,13.79,-10.92,1.3,20.1,20.38,115460,-18.74,-19.0,0.632
2023-03-30T11:48:43.000,13.75,-10.91,1.35,20.06,20.38,115461,-18.54,-19.0,0.632
2023-03-30T11:49:44.000,13.68,-10.95,4.6,19.5,20.38,115462,-18.34,-19.0,0.632
2023-03-30T11:50:44.000,13.64,-10.59,1.39,20.02,20.38,115463,-18.13,-19.0,0.632
2023-03-30T11:51:44.000,13.7,-10.34,1.4,20.01,20.38,115464,-17.93,-20.0,0.632
2023-03-30T11:52:44.000,13.71,-10.31,1.42,20.0,20.38,115465,-17.73,-20.0,0.632
2023-03-30T11:53:44.000,13.72,-10.19,1.48,19.96,20.38,115466,-17.52,-20.0,0.632
2023-03-30T11:54:44.000,13.74,-10.05,1.49,19.95,20.38,115467,-17.32,-20.0,0.632
2023-03-30T11:55:44.000,13.76,-10.12,1.49,19.95,20.38,115468,-17.12,-20.0,0.632
2023-03-30T11:56:46.000,13.77,-10.17,1.41,20.01,20.38,115469,-16.91,-20.0,0.632
2023-03-30T11:57:45.000,13.79,-10.14,1.45,19.98,20.38,115470,-16.71,-20.0,0.632
2023-03-30T11:58:45.000,13.82,-10.05,1.55,19.9,20.38,115471,-16.5,-20.0,0.632
2023-03-30T11:59:45.000,13.88,-9.83,1.7,19.8,20.38,115472,-16.3,-21.0,0.632
2023-03-30T12:00:45.000,13.85,-9.89,1.92,19.67,20.38,115473,-16.09,-21.0,0.632
2023-03-30T12:01:46.000,13.78,-9.62,2.12,19.56,20.38,115474,-15.89,-21.0,0.633
2023-03-30T12:02:46.000,13.74,-9.43,2.38,19.44,20.38,115475,-15.68,-21.0,0.633
2023-03-30T12:03:46.000,13.71,-9.19,2.61,19.34,20.38,115476,-15.48,-21.0,0.633
2023-03-30T12:04:46.000,13.74,-9.08,2.56,19.36,20.38,115477,-15.27,-21.0,0.633
2023-03-30T12:05:46.000,13.74,-9.07,2.31,19.47,20.38,115478,-15.07,-21.0,0.633
2023-03-30T12:06:46.000,13.78,-8.82,2.56,19.36,20.38,115479,-14.86,-21.0,0.633
2023-03-30T12:07:47.000,13.85,-8.7,2.46,19.4,20.38,115480,-14.65,-22.0,0.633
2023-03-30T12:08:46.000,13.9,-8.73,2.39,19.43,20.38,115481,-14.45,-22.0,0.633
2023-03-30T12:09:46.000,13.92,-8.78,2.54,19.37,20.38,115482,-14.25,-22.0,0.633
2023-03-30T12:10:47.000,13.92,-8.86,2.73,19.29,20.38,115483,-14.04,-22.0,0.633
2023-03-30T12:11:47.000,13.92,-8.91,2.8,19.26,20.38,115484,-13.83,-22.0,0.633
2023-03-30T12:12:47.000,13.95,-9.05,2.59,19.35,20.38,115485,-13.63,-22.0,0.633
2023-03-30T12:13:47.000,13.92,-9.35,2.28,19.49,20.38,115486,-13.42,-22.0,0.633
2023-03-30T12:14:47.000,13.91,-9.42,1.84,19.72,20.38,115487,-13.22,-22.0,0.633
