Downloads/jupyter/ECSV/stars19/stars19_2021-10.ecsv
# %ECSV 1.0
# ---
# datatype:
# - {name: time, datatype: string}
# - {name: Enclosure Temperature, unit: deg_C, datatype: float64}
# - {name: Sky Temperature, unit: deg_C, datatype: float64}
# - {name: Frequency, unit: Hz, datatype: float64}
# - {name: MSAS, unit: mag / arcsec2, datatype: float64}
# - {name: ZP, datatype: float64}
# - {name: Sequence Number, datatype: int64}
# - {name: Sun Alt, unit: deg, datatype: float64}
# - {name: Moon Alt, unit: deg, datatype: float64}
# - {name: Moon Illumination, datatype: float64}
# delimiter: ','
# meta: !!omap
# - ida:
#     Data supplier: {affiliation: null, observer: null}
#     Device type: TESS-W
#     Field of view: 17.0
#     Filters per channel: None
#     Instrument ID: stars19
#     License: ODbL 1.0 http://opendatacommons.org/licenses/odbl/summary/
#     Local timezone: America/Phoenix
#     Location name: {country: '- Tucson', place: Tucson, region: United States, sub_region: Arizona, town: Pima County}
#     Measurement direction per channel: {azimuth: 0.0, zenital: 0.0}
#     Moving / Fixed look direction: FIXED
#     Moving / Stationary position: STATIONARY
#     Number of channels: 1
#     Number of fields per line: 8
#     Number of header lines: 35
#     Position: {height: 0.0, latitude: 32.223877, longitude: -110.767532}
#     TESS MAC address: 18:FE:34:CF:EC:06
#     TESS cover offset value: 0.0
#     TESS firmware version: '1.0'
#     TESS zero point: 20.5
#     Time Synchronization: timestamp added by MQTT subscriber
#     URL: http://www.darksky.org/NSBM/sdf1.0.pdf
# - __serialized_columns__:
#     Enclosure Temperature:
#       __class__: astropy.units.quantity.Quantity
#       unit: &id001 !astropy.units.Unit {unit: deg_C}
#       value: !astropy.table.SerializedColumn {name: Enclosure Temperature}
#     Frequency:
#       __class__: astropy.units.quantity.Quantity
#       unit: !astropy.units.Unit {unit: Hz}
#       value: !astropy.table.SerializedColumn {name: Frequency}
#     MSAS:
#       __class__: astropy.units.quantity.Quantity
#       unit: !astropy.units.Unit {unit: mag / arcsec2}
#       value: !astropy.table.SerializedColumn {name: MSAS}
#     Moon Alt:
#       __class__: astropy.units.quantity.Quantity
#       unit: &id002 !astropy.units.Unit {unit: deg}
#       value: !astropy.table.SerializedColumn {name: Moon Alt}
#     Sky Temperature:
#       __class__: astropy.units.quantity.Quantity
#       unit: *id001
#       value: !astropy.table.SerializedColumn {name: Sky Temperature}
#     Sun Alt:
#       __class__: astropy.units.quantity.Quantity
#       unit: *id002
#       value: !astropy.table.SerializedColumn {name: Sun Alt}
#     time:
#       __class__: astropy.time.core.Time
#       format: isot
#       in_subfmt: '*'
#       out_subfmt: '*'
#       precision: 3
#       scale: utc
#       value: !astropy.table.SerializedColumn {name: time}
# schema: astropy-2.0
time,Enclosure Temperature,Sky Temperature,Frequency,MSAS,ZP,Sequence Number,Sun Alt,Moon Alt,Moon Illumination
[from data line 11443]
2021-10-14T03:14:15.000,18.74,-5.17,2.9,19.22,20.5,230950,-30.72,32.0,0.611
2021-10-14T03:16:15.000,18.69,-5.25,2.76,19.28,20.5,230952,-31.14,32.0,0.611
2021-10-14T03:17:16.000,18.66,-5.21,2.76,19.28,20.5,230953,-31.35,32.0,0.611
2021-10-14T03:18:15.000,18.62,-5.37,2.75,19.28,20.5,230954,-31.55,32.0,0.611
2021-10-14T03:19:15.000,18.55,-5.34,2.72,19.29,20.5,230955,-31.76,31.0,0.611
2021-10-14T03:20:15.000,18.54,-5.3,2.72,19.29,20.5,230956,-31.97,31.0,0.611
2021-10-14T03:21:16.000,18.5,-5.37,2.74,19.29,20.5,230957,-32.18,31.0,0.611
2021-10-14T03:22:16.000,18.45,-5.45,2.72,19.29,20.5,230958,-32.39,31.0,0.611
2021-10-14T03:23:16.000,18.42,-5.45,2.82,19.25,20.5,230959,-32.6,31.0,0.611
2021-10-14T03:24:16.000,18.37,-5.49,2.73,19.29,20.5,230960,-32.8,31.0,0.611
2021-10-14T03:25:16.000,18.33,-5.5,2.72,19.29,20.5,230961,-33.01,31.0,0.611
2021-10-14T03:26:17.000,18.3,-5.56,2.71,19.3,20.5,230962,-33.22,31.0,0.611
2021-10-14T03:27:17.000,18.27,-5.52,2.71,19.3,20.5,230963,-33.43,31.0,0.612
2021-10-14T03:28:17.000,18.25,-5.53,2.71,19.3,20.5,230964,-33.63,31.0,0.612
2021-10-14T03:29:17.000,18.23,-5.55,2.7,19.3,20.5,230965,-33.84,31.0,0.612
2021-10-14T03:30:17.000,18.18,-5.61,2.68,19.31,20.5,230966,-34.05,31.0,0.612
2021-10-14T03:31:17.000,18.15,-5.64,2.67,19.31,20.5,230967,-34.25,31.0,0.612
2021-10-14T03:32:17.000,18.14,-5.61,2.66,19.32,20.5,230968,-34.46,31.0,0.612
2021-10-14T03:33:17.000,18.13,-5.67,2.64,19.33,20.5,230969,-34.67,31.0,0.612
2021-10-14T03:34:18.000,18.11,-5.68,2.63,19.33,20.5,230970,-34.87,31.0,0.612
2021-10-14T03:35:18.000,18.09,-5.66,2.63,19.33,20.5,230971,-35.08,30.0,0.612
2021-10-14T03:36:18.000,18.08,-5.7,2.62,19.34,20.5,230972,-35.29,30.0,0.612
2021-10-14T03:37:18.000,18.02,-5.74,2.62,19.33,20.5,230973,-35.49,30.0,0.612
2021-10-14T03:38:18.000,18.0,-5.69,2.6,19.34,20.5,230974,-35.7,30.0,0.612
2021-10-14T03:39:18.000,17.94,-5.83,2.61,19.34,20.5,230975,-35.9,30.0,0.612
2021-10-14T03:40:18.000,17.91,-5.7,2.61,19.34,20.5,230976,-36.11,30.0,0.612
2021-10-14T03:41:18.000,17.88,-5.72,2.61,19.34,20.5,230977,-36.31,30.0,0.613
2021-10-14T03:42:18.000,17.84,-5.68,2.6,19.34,20.5,230978,-36.52,30.0,0.613
2021-10-14T03:43:18.000,17.8,-5.7,2.61,19.34,20.5,230979,-36.72,30.0,0.613
2021-10-14T03:44:18.000,17.78,-5.67,2.58,19.35,20.5,230980,-36.93,30.0,0.613
2021-10-14T03:45:18.000,17.74,-5.76,2.58,19.35,20.5,230981,-37.13,30.0,0.613
2021-10-14T03:46:19.000,17.7,-5.73,2.58,19.35,20.5,230982,-37.34,30.0,0.613
2021-10-14T03:47:18.000,17.67,-5.72,2.57,19.36,20.5,230983,-37.54,30.0,0.613
2021-10-14T03:48:18.000,17.64,-5.8,2.56,19.36,20.5,230984,-37.74,30.0,0.613
2021-10-14T03:49:24.000,17.62,-5.73,2.55,19.36,20.5,230985,-37.96,29.0,0.613
2021-10-14T03:50:24.000,17.6,-5.76,2.54,19.37,20.5,230986,-38.17,29.0,0.613
2021-10-14T03:51:24.000,17.55,-5.81,2.54,19.37,20.5,230987,-38.37,29.0,0.613
2021-10-14T03:52:24.000,17.54,-5.7,2.53,19.37,20.5,230988,-38.57,29.0,0.613
2021-10-14T03:53:24.000,17.53,-5.79,2.53,19.37,20.5,230989,-38.78,29.0,0.613
2021-10-14T03:54:24.000,17.48,-5.82,2.52,19.38,20.5,230990,-38.98,29.0,0.614
2021-10-14T03:55:24.000,17.48,-5.81,2.51,19.38,20.5,230991,-39.18,29.0,0.614
2021-10-14T03:56:24.000,17.46,-5.85,2.51,19.38,20.5,230992,-39.38,29.0,0.614
2021-10-14T03:57:25.000,17.45,-5.86,2.5,19.39,20.5,230993,-39.59,29.0,0.614
2021-10-14T03:58:25.000,17.44,-5.94,2.49,19.39,20.5,230994,-39.79,29.0,0.614
2021-10-14T03:59:25.000,17.41,-6.08,2.49,19.39,20.5,230995,-39.99,29.0,0.614
2021-10-14T04:00:25.000,17.32,-6.36,2.49,19.39,20.5,230996,-40.19,29.0,0.614
2021-10-14T04:01:25.000,17.23,-6.24,2.48,19.39,20.5,230997,-40.39,28.0,0.614
2021-10-14T04:02:25.000,17.18,-6.28,2.47,19.4,20.5,230998,-40.59,28.0,0.614
2021-10-14T04:03:25.000,17.12,-6.24,2.47,19.4,20.5,230999,-40.8,28.0,0.614
2021-10-14T04:04:25.000,17.1,-6.22,2.46,19.4,20.5,231000,-41.0,28.0,0.614
2021-10-14T04:05:25.000,17.08,-6.13,2.45,19.41,20.5,231001,-41.2,28.0,0.614
2021-10-14T04:07:26.000,17.06,-6.18,2.44,19.41,20.5,231003,-41.6,28.0,0.615
2021-10-14T04:08:25.000,17.05,-6.2,2.42,19.42,20.5,231004,-41.79,28.0,0.615
2021-10-14T04:11:26.000,16.99,-6.28,2.41,19.42,20.5,231007,-42.39,28.0,0.615
2021-10-14T04:12:26.000,16.98,-6.21,2.4,19.43,20.5,231008,-42.59,27.0,0.615
2021-10-14T04:13:26.000,16.98,-6.23,2.39,19.43,20.5,231009,-42.79,27.0,0.615
2021-10-14T04:15:26.000,16.94,-6.2,2.4,19.43,20.5,231011,-43.19,27.0,0.615
2021-10-14T04:16:26.000,16.94,-6.18,2.39,19.43,20.5,231012,-43.38,27.0,0.615
2021-10-14T04:17:26.000,16.92,-6.25,2.36,19.45,20.5,231013,-43.58,27.0,0.615
2021-10-14T04:19:26.000,16.88,-6.28,2.34,19.46,20.5,231015,-43.97,27.0,0.615
2021-10-14T04:25:26.000,16.72,-6.34,2.31,19.47,20.5,231021,-45.15,26.0,0.616
2021-10-14T04:26:27.000,16.71,-6.39,2.3,19.48,20.5,231022,-45.35,26.0,0.616
2021-10-14T04:27:27.000,16.64,-6.47,2.29,19.48,20.5,231023,-45.54,26.0,0.616
2021-10-14T04:28:27.000,16.63,-6.38,2.28,19.49,20.5,231024,-45.73,26.0,0.616
2021-10-14T04:29:27.000,16.61,-6.43,2.27,19.49,20.5,231025,-45.93,26.0,0.616
2021-10-14T04:30:27.000,16.6,-6.4,2.21,19.52,20.5,231026,-46.12,26.0,0.616
2021-10-14T04:31:27.000,16.6,-6.45,2.22,19.51,20.5,231027,-46.31,25.0,0.616
2021-10-14T04:33:27.000,16.55,-6.51,2.24,19.51,20.5,231029,-46.7,25.0,0.616
2021-10-14T04:34:27.000,16.54,-6.51,2.24,19.51,20.5,231030,-46.89,25.0,0.617
2021-10-14T04:35:27.000,16.53,-6.55,2.23,19.51,20.5,231031,-47.08,25.0,0.617
2021-10-14T04:36:27.000,16.46,-6.64,2.23,19.51,20.5,231032,-47.27,25.0,0.617
2021-10-14T04:38:29.000,16.41,-6.56,2.22,19.51,20.5,231034,-47.66,25.0,0.617
2021-10-14T04:39:29.000,16.39,-6.6,2.21,19.52,20.5,231035,-47.85,25.0,0.617
2021-10-14T04:40:29.000,16.37,-6.64,2.22,19.51,20.5,231036,-48.04,24.0,0.617
2021-10-14T04:41:29.000,16.34,-6.69,2.2,19.52,20.5,231037,-48.23,24.0,0.617
2021-10-14T04:42:29.000,16.28,-6.7,2.22,19.52,20.5,231038,-48.41,24.0,0.617
2021-10-14T04:43:29.000,16.24,-6.81,2.21,19.52,20.5,231039,-48.6,24.0,0.617
2021-10-14T04:44:29.000,16.19,-6.79,2.2,19.52,20.5,231040,-48.79,24.0,0.617
2021-10-14T04:46:29.000,16.14,-6.81,2.21,19.52,20.5,231042,-49.17,24.0,0.617
2021-10-14T04:47:29.000,16.13,-6.76,2.2,19.52,20.5,231043,-49.35,24.0,0.617
2021-10-14T04:49:29.000,16.07,-6.8,2.2,19.52,20.5,231045,-49.72,23.0,0.618
2021-10-14T04:50:29.000,16.01,-6.95,2.18,19.53,20.5,231046,-49.91,23.0,0.618
2021-10-14T04:51:29.000,16.0,-6.81,2.19,19.53,20.5,231047,-50.09,23.0,0.618
2021-10-14T04:52:29.000,15.98,-6.78,2.19,19.53,20.5,231048,-50.28,23.0,0.618
2021-10-14T04:53:30.000,15.94,-6.95,2.19,19.53,20.5,231049,-50.46,23.0,0.618
2021-10-14T04:54:30.000,15.89,-6.96,2.2,19.52,20.5,231050,-50.65,23.0,0.618
2021-10-14T04:55:30.000,15.87,-6.84,2.18,19.54,20.5,231051,-50.83,23.0,0.618
2021-10-14T04:56:30.000,15.84,-7.02,2.17,19.54,20.5,231052,-51.01,22.0,0.618
2021-10-14T04:57:30.000,15.83,-6.88,2.17,19.54,20.5,231053,-51.2,22.0,0.618
2021-10-14T04:58:30.000,15.79,-6.98,2.18,19.54,20.5,231054,-51.38,22.0,0.618
2021-10-14T04:59:30.000,15.76,-7.02,2.17,19.54,20.5,231055,-51.56,22.0,0.618
2021-10-14T05:00:30.000,15.74,-6.93,2.11,19.57,20.5,231056,-51.74,22.0,0.618
2021-10-14T05:01:30.000,15.75,-6.94,2.04,19.61,20.5,231057,-51.92,22.0,0.619
2021-10-14T05:02:30.000,15.74,-6.9,1.99,19.63,20.5,231058,-52.1,22.0,0.619
2021-10-14T05:03:30.000,15.74,-6.94,1.98,19.64,20.5,231059,-52.28,22.0,0.619
2021-10-14T05:04:30.000,15.71,-6.99,1.97,19.64,20.5,231060,-52.45,21.0,0.619
2021-10-14T05:05:30.000,15.7,-7.03,1.97,19.64,20.5,231061,-52.63,21.0,0.619
2021-10-14T05:06:30.000,15.67,-6.89,2.0,19.63,20.5,231062,-52.81,21.0,0.619
2021-10-14T05:07:31.000,15.69,-6.87,2.07,19.59,20.5,231063,-52.99,21.0,0.619
2021-10-14T05:08:31.000,15.71,-6.9,2.1,19.57,20.5,231064,-53.16,21.0,0.619
2021-10-14T05:09:30.000,15.69,-6.95,2.1,19.57,20.5,231065,-53.34,21.0,0.619
2021-10-14T05:10:31.000,15.68,-6.95,2.11,19.57,20.5,231066,-53.51,21.0,0.619
2021-10-14T05:11:31.000,15.69,-6.93,2.08,19.58,20.5,231067,-53.69,21.0,0.619
2021-10-14T05:12:31.000,15.66,-7.02,2.1,19.58,20.5,231068,-53.86,20.0,0.619
2021-10-14T05:13:31.000,15.65,-6.96,2.07,19.59,20.5,231069,-54.03,20.0,0.619
2021-10-14T05:14:31.000,15.66,-6.95,1.99,19.63,20.5,231070,-54.21,20.0,0.619
2021-10-14T05:15:31.000,15.65,-6.97,1.93,19.67,20.5,231071,-54.38,20.0,0.62
2021-10-14T05:17:31.000,15.64,-6.93,1.89,19.69,20.5,231073,-54.72,20.0,0.62
2021-10-14T05:18:31.000,15.64,-6.93,1.88,19.69,20.5,231074,-54.89,20.0,0.62
2021-10-14T05:19:31.000,15.64,-6.93,1.88,19.7,20.5,231075,-55.06,19.0,0.62
2021-10-14T05:20:31.000,15.63,-6.98,1.87,19.7,20.5,231076,-55.22,19.0,0.62
2021-10-14T05:21:31.000,15.62,-6.95,1.88,19.7,20.5,231077,-55.39,19.0,0.62
2021-10-14T05:22:31.000,15.64,-6.95,1.87,19.7,20.5,231078,-55.56,19.0,0.62
2021-10-14T05:23:31.000,15.63,-7.03,1.88,19.69,20.5,231079,-55.72,19.0,0.62
2021-10-14T05:24:31.000,15.63,-7.02,1.87,19.7,20.5,231080,-55.89,19.0,0.62
2021-10-14T05:25:31.000,15.61,-7.06,1.85,19.71,20.5,231081,-56.05,19.0,0.62
2021-10-14T05:26:32.000,15.63,-6.98,1.85,19.71,20.5,231082,-56.22,19.0,0.62
2021-10-14T05:27:32.000,15.61,-7.16,1.84,19.72,20.5,231083,-56.38,18.0,0.62
2021-10-14T05:28:32.000,15.63,-7.04,1.84,19.72,20.5,231084,-56.54,18.0,0.621
2021-10-14T05:29:32.000,15.63,-7.07,1.84,19.72,20.5,231085,-56.7,18.0,0.621
2021-10-14T05:30:32.000,15.63,-7.07,1.82,19.73,20.5,231086,-56.86,18.0,0.621
2021-10-14T05:31:32.000,15.63,-7.1,1.82,19.73,20.5,231087,-57.02,18.0,0.621
2021-10-14T05:32:32.000,15.63,-7.06,1.81,19.73,20.5,231088,-57.18,18.0,0.621
2021-10-14T05:33:32.000,15.61,-7.14,1.81,19.74,20.5,231089,-57.34,18.0,0.621
2021-10-14T05:34:32.000,15.61,-7.15,1.81,19.74,20.5,231090,-57.5,17.0,0.621
2021-10-14T05:35:32.000,15.58,-7.23,1.8,19.74,20.5,231091,-57.65,17.0,0.621
2021-10-14T05:36:32.000,15.54,-7.22,1.8,19.74,20.5,231092,-57.81,17.0,0.621
2021-10-14T05:37:32.000,15.52,-7.21,1.8,19.74,20.5,231093,-57.96,17.0,0.621
2021-10-14T05:38:35.000,15.5,-7.19,1.79,19.75,20.5,231094,-58.12,17.0,0.621
2021-10-14T05:39:34.000,15.48,-7.26,1.79,19.75,20.5,231095,-58.27,17.0,0.621
2021-10-14T05:40:35.000,15.46,-7.26,1.78,19.75,20.5,231096,-58.43,16.0,0.621
2021-10-14T05:41:35.000,15.46,-7.28,1.78,19.75,20.5,231097,-58.58,16.0,0.621
2021-10-14T05:42:35.000,15.46,-7.29,1.78,19.76,20.5,231098,-58.73,16.0,0.622
2021-10-14T05:43:35.000,15.44,-7.39,1.77,19.76,20.5,231099,-58.87,16.0,0.622
2021-10-14T05:44:35.000,15.37,-7.5,1.77,19.76,20.5,231100,-59.02,16.0,0.622
2021-10-14T05:45:35.000,15.33,-7.58,1.76,19.76,20.5,231101,-59.17,16.0,0.622
2021-10-14T05:46:35.000,15.28,-7.53,1.76,19.77,20.5,231102,-59.31,16.0,0.622
2021-10-14T05:47:35.000,15.27,-7.51,1.75,19.77,20.5,231103,-59.46,15.0,0.622
2021-10-14T05:48:35.000,15.26,-7.46,1.75,19.77,20.5,231104,-59.6,15.0,0.622
2021-10-14T05:50:35.000,15.2,-7.44,1.75,19.77,20.5,231106,-59.88,15.0,0.622
2021-10-14T05:52:35.000,15.23,-7.42,1.74,19.78,20.5,231108,-60.16,15.0,0.622
2021-10-14T05:53:36.000,15.24,-7.46,1.74,19.78,20.5,231109,-60.3,15.0,0.622
2021-10-14T05:54:35.000,15.25,-7.5,1.74,19.78,20.5,231110,-60.44,14.0,0.622
2021-10-14T05:55:35.000,15.23,-7.54,1.73,19.78,20.5,231111,-60.57,14.0,0.623
2021-10-14T05:56:36.000,15.22,-7.56,1.73,19.79,20.5,231112,-60.71,14.0,0.623
2021-10-14T05:57:36.000,15.19,-7.62,1.72,19.79,20.5,231113,-60.84,14.0,0.623
2021-10-14T05:59:36.000,15.18,-7.57,1.72,19.79,20.5,231115,-61.1,14.0,0.623
2021-10-14T06:00:36.000,15.17,-7.65,1.71,19.8,20.5,231116,-61.23,13.0,0.623
2021-10-14T06:03:36.000,15.17,-7.59,1.71,19.8,20.5,231119,-61.61,13.0,0.623
2021-10-14T06:05:36.000,15.14,-7.6,1.69,19.81,20.5,231121,-61.85,13.0,0.623
2021-10-14T06:06:36.000,15.12,-7.7,1.69,19.81,20.5,231122,-61.98,13.0,0.623
2021-10-14T06:07:36.000,15.08,-7.64,1.73,19.79,20.5,231123,-62.09,12.0,0.623
2021-10-14T06:08:36.000,15.04,-7.65,1.68,19.81,20.5,231124,-62.21,12.0,0.623
2021-10-14T06:09:36.000,15.0,-7.66,1.68,19.82,20.5,231125,-62.33,12.0,0.624
2021-10-14T06:10:36.000,14.98,-7.66,1.68,19.82,20.5,231126,-62.44,12.0,0.624
2021-10-14T06:11:37.000,14.95,-7.69,1.67,19.82,20.5,231127,-62.56,12.0,0.624
2021-10-14T06:12:37.000,14.93,-7.66,1.67,19.82,20.5,231128,-62.67,12.0,0.624
2021-10-14T06:13:36.000,14.9,-7.69,1.66,19.83,20.5,231129,-62.78,11.0,0.624
2021-10-14T06:14:37.000,14.86,-7.66,1.66,19.83,20.5,231130,-62.89,11.0,0.624
2021-10-14T06:15:37.000,14.84,-7.66,1.66,19.83,20.5,231131,-63.0,11.0,0.624
2021-10-14T06:16:38.000,14.81,-7.75,1.65,19.83,20.5,231132,-63.11,11.0,0.624
2021-10-14T06:17:37.000,14.78,-7.72,1.65,19.84,20.5,231133,-63.21,11.0,0.624
2021-10-14T06:18:38.000,14.77,-7.8,1.65,19.84,20.5,231134,-63.31,11.0,0.624
2021-10-14T06:19:38.000,14.73,-7.71,1.64,19.84,20.5,231135,-63.42,10.0,0.624
2021-10-14T06:20:38.000,14.75,-7.63,1.64,19.84,20.5,231136,-63.52,10.0,0.624
2021-10-14T06:21:38.000,14.75,-7.65,1.64,19.85,20.5,231137,-63.61,10.0,0.624
2021-10-14T06:22:38.000,14.74,-7.66,1.63,19.85,20.5,231138,-63.71,10.0,0.625
2021-10-14T06:23:38.000,14.74,-7.62,1.63,19.85,20.5,231139,-63.8,10.0,0.625
2021-10-14T06:24:38.000,14.75,-7.63,1.62,19.86,20.5,231140,-63.9,10.0,0.625
2021-10-14T06:25:38.000,14.75,-7.63,1.61,19.86,20.5,231141,-63.99,10.0,0.625
2021-10-14T06:26:42.000,14.75,-7.65,1.61,19.86,20.5,231142,-64.08,9.0,0.625
2021-10-14T06:27:42.000,14.75,-7.62,1.61,19.87,20.5,231143,-64.17,9.0,0.625
2021-10-14T06:28:42.000,14.75,-7.65,1.6,19.87,20.5,231144,-64.26,9.0,0.625
2021-10-14T06:29:42.000,14.75,-7.68,1.6,19.87,20.5,231145,-64.34,9.0,0.625
2021-10-14T06:30:42.000,14.75,-7.67,1.59,19.88,20.5,231146,-64.42,9.0,0.625
2021-10-14T06:31:42.000,14.77,-7.64,1.59,19.88,20.5,231147,-64.5,9.0,0.625
2021-10-14T06:32:43.000,14.77,-7.67,1.58,19.88,20.5,231148,-64.58,8.0,0.625
2021-10-14T06:33:43.000,14.77,-7.7,1.58,19.88,20.5,231149,-64.66,8.0,0.625
2021-10-14T06:34:42.000,14.76,-7.74,1.57,19.89,20.5,231150,-64.73,8.0,0.625
2021-10-14T06:35:42.000,14.75,-7.77,1.57,19.89,20.5,231151,-64.8,8.0,0.625
2021-10-14T06:36:43.000,14.74,-7.74,1.56,19.9,20.5,231152,-64.88,8.0,0.626
2021-10-14T06:37:50.000,14.74,-7.75,1.55,19.9,20.5,231153,-64.95,7.0,0.626
2021-10-14T06:38:50.000,14.74,-7.74,1.55,19.91,20.5,231154,-65.02,7.0,0.626
2021-10-14T06:39:50.000,14.74,-7.78,1.54,19.91,20.5,231155,-65.08,7.0,0.626
2021-10-14T06:40:50.000,14.74,-7.76,1.53,19.92,20.5,231156,-65.15,7.0,0.626
2021-10-14T06:41:50.000,14.74,-7.79,1.53,19.92,20.5,231157,-65.21,7.0,0.626
2021-10-14T06:42:50.000,14.74,-7.84,1.53,19.92,20.5,231158,-65.26,7.0,0.626
2021-10-14T06:43:50.000,14.71,-7.85,1.52,19.92,20.5,231159,-65.32,6.0,0.626
2021-10-14T06:44:50.000,14.71,-7.83,1.51,19.93,20.5,231160,-65.37,6.0,0.626
2021-10-14T06:45:50.000,14.69,-7.9,1.51,19.93,20.5,231161,-65.43,6.0,0.626
2021-10-14T06:46:50.000,14.69,-7.87,1.5,19.94,20.5,231162,-65.48,6.0,0.626
2021-10-14T06:47:50.000,14.67,-7.95,1.5,19.94,20.5,231163,-65.53,6.0,0.626
2021-10-14T06:48:50.000,14.65,-7.92,1.5,19.94,20.5,231164,-65.57,6.0,0.626
2021-10-14T06:49:50.000,14.64,-7.94,1.49,19.95,20.5,231165,-65.62,5.0,0.627
2021-10-14T06:50:50.000,14.64,-7.94,1.49,19.95,20.5,231166,-65.66,5.0,0.627
2021-10-14T06:51:50.000,14.61,-8.01,1.48,19.95,20.5,231167,-65.7,5.0,0.627
2021-10-14T06:52:50.000,14.6,-7.96,1.47,19.96,20.5,231168,-65.73,5.0,0.627
2021-10-14T06:53:50.000,14.59,-8.02,1.47,19.96,20.5,231169,-65.77,5.0,0.627
2021-10-14T06:54:50.000,14.57,-8.09,1.46,19.97,20.5,231170,-65.8,5.0,0.627
2021-10-14T06:55:51.000,14.55,-8.03,1.46,19.97,20.5,231171,-65.83,4.0,0.627
2021-10-14T06:56:51.000,14.53,-8.1,1.45,19.98,20.5,231172,-65.86,4.0,0.627
2021-10-14T06:57:51.000,14.5,-8.15,1.45,19.98,20.5,231173,-65.89,4.0,0.627
2021-10-14T06:58:51.000,14.47,-8.14,1.44,19.99,20.5,231174,-65.91,4.0,0.627
2021-10-14T06:59:51.000,14.47,-8.08,1.43,19.99,20.5,231175,-65.93,4.0,0.627
2021-10-14T07:00:51.000,14.46,-8.15,1.42,20.0,20.5,231176,-65.95,4.0,0.627
2021-10-14T07:01:51.000,14.43,-8.13,1.4,20.02,20.5,231177,-65.97,3.0,0.627
2021-10-14T07:02:51.000,14.43,-8.17,1.39,20.02,20.5,231178,-65.99,3.0,0.627
2021-10-14T07:03:51.000,14.36,-8.4,1.38,20.03,20.5,231179,-66.0,3.0,0.628
2021-10-14T07:04:51.000,14.33,-8.12,1.38,20.03,20.5,231180,-66.01,3.0,0.628
