Downloads/jupyter/ECSV/stars19/stars19_2019-08.ecsv
# %ECSV 1.0
# ---
# datatype:
# - {name: time, datatype: string}
# - {name: Enclosure Temperature, unit: deg_C, datatype: float64}
# - {name: Sky Temperature, unit: deg_C, datatype: float64}
# - {name: Frequency, unit: Hz, datatype: float64}
# - {name: MSAS, unit: mag / arcsec2, datatype: float64}
# - {name: ZP, datatype: float64}
# - {name: Sequence Number, datatype: int64}
# - {name: Sun Alt, unit: deg, datatype: float64}
# - {name: Moon Alt, unit: deg, datatype: float64}
# - {name: Moon Illumination, datatype: float64}
# delimiter: ','
# meta: !!omap
# - ida:
#     Data supplier: {affiliation: null, observer: null}
#     Device type: TESS-W
#     Field of view: 17.0
#     Filters per channel: None
#     Instrument ID: stars19
#     License: ODbL 1.0 http://opendatacommons.org/licenses/odbl/summary/
#     Local timezone: America/Phoenix
#     Location name: {country: '- Tucson', place: Tucson, region: United States, sub_region: Arizona, town: Pima County}
#     Measurement direction per channel: {azimuth: 0.0, zenital: 0.0}
#     Moving / Fixed look direction: FIXED
#     Moving / Stationary position: STATIONARY
#     Number of channels: 1
#     Number of fields per line: 8
#     Number of header lines: 35
#     Position: {height: 0.0, latitude: 32.223877, longitude: -110.767532}
#     TESS MAC address: 18:FE:34:CF:EC:06
#     TESS cover offset value: 0.0
#     TESS firmware version: '1.0'
#     TESS zero point: 20.5
#     Time Synchronization: timestamp added by MQTT subscriber
#     URL: http://www.darksky.org/NSBM/sdf1.0.pdf
# - __serialized_columns__:
#     Enclosure Temperature:
#       __class__: astropy.units.quantity.Quantity
#       unit: &id001 !astropy.units.Unit {unit: deg_C}
#       value: !astropy.table.SerializedColumn {name: Enclosure Temperature}
#     Frequency:
#       __class__: astropy.units.quantity.Quantity
#       unit: !astropy.units.Unit {unit: Hz}
#       value: !astropy.table.SerializedColumn {name: Frequency}
#     MSAS:
#       __class__: astropy.units.quantity.Quantity
#       unit: !astropy.units.Unit {unit: mag / arcsec2}
#       value: !astropy.table.SerializedColumn {name: MSAS}
#     Moon Alt:
#       __class__: astropy.units.quantity.Quantity
#       unit: &id002 !astropy.units.Unit {unit: deg}
#       value: !astropy.table.SerializedColumn {name: Moon Alt}
#     Sky Temperature:
#       __class__: astropy.units.quantity.Quantity
#       unit: *id001
#       value: !astropy.table.SerializedColumn {name: Sky Temperature}
#     Sun Alt:
#       __class__: astropy.units.quantity.Quantity
#       unit: *id002
#       value: !astropy.table.SerializedColumn {name: Sun Alt}
#     time:
#       __class__: astropy.time.core.Time
#       format: isot
#       in_subfmt: '*'
#       out_subfmt: '*'
#       precision: 3
#       scale: utc
#       value: !astropy.table.SerializedColumn {name: time}
# schema: astropy-2.0
time,Enclosure Temperature,Sky Temperature,Frequency,MSAS,ZP,Sequence Number,Sun Alt,Moon Alt,Moon Illumination
[from data line 1056]
2019-08-02T10:58:58.000,29.4,12.65,1.35,20.05,20.5,13620,-19.2,-34.0,0.027
2019-08-02T10:59:59.000,29.4,12.66,1.31,20.09,20.5,13621,-19.03,-34.0,0.027
2019-08-02T11:00:59.000,29.39,12.57,1.26,20.13,20.5,13622,-18.86,-34.0,0.027
2019-08-02T11:01:59.000,29.34,12.55,1.22,20.17,20.5,13623,-18.69,-34.0,0.027
2019-08-02T11:03:00.000,29.3,12.46,1.19,20.19,20.5,13624,-18.52,-33.0,0.027
2019-08-02T11:04:00.000,29.25,12.5,1.17,20.21,20.5,13625,-18.34,-33.0,0.027
2019-08-02T11:05:00.000,29.22,12.51,1.15,20.23,20.5,13626,-18.17,-33.0,0.027
2019-08-02T11:06:00.000,29.16,12.43,1.13,20.24,20.5,13627,-18.0,-33.0,0.027
2019-08-02T11:07:00.000,29.15,12.43,1.12,20.26,20.5,13628,-17.83,-33.0,0.027
2019-08-02T11:08:01.000,29.15,12.42,1.11,20.27,20.5,13629,-17.66,-33.0,0.027
2019-08-02T11:09:01.000,29.13,12.41,1.1,20.28,20.5,13630,-17.48,-33.0,0.027
2019-08-02T11:10:01.000,29.12,12.45,1.09,20.28,20.5,13631,-17.31,-33.0,0.028
2019-08-02T11:11:02.000,29.1,12.46,1.09,20.29,20.5,13632,-17.13,-32.0,0.028
2019-08-02T11:12:02.000,29.03,12.25,1.09,20.29,20.5,13633,-16.96,-32.0,0.028
2019-08-02T11:13:02.000,28.95,12.33,1.09,20.29,20.5,13634,-16.79,-32.0,0.028
2019-08-02T11:14:02.000,28.92,12.3,1.09,20.29,20.5,13635,-16.61,-32.0,0.028
2019-08-02T11:15:02.000,28.87,12.35,1.09,20.29,20.5,13636,-16.44,-32.0,0.028
2019-08-02T11:16:02.000,28.83,12.37,1.09,20.28,20.5,13637,-16.26,-32.0,0.028
2019-08-02T11:17:02.000,28.81,12.5,1.1,20.28,20.5,13638,-16.09,-32.0,0.028
2019-08-02T11:18:02.000,28.82,12.55,1.1,20.28,20.5,13639,-15.91,-31.0,0.028
2019-08-02T11:19:02.000,28.85,12.55,1.1,20.28,20.5,13640,-15.74,-31.0,0.028
2019-08-02T11:20:02.000,28.86,12.48,1.1,20.28,20.5,13641,-15.56,-31.0,0.028
2019-08-02T11:21:02.000,28.9,12.46,1.1,20.28,20.5,13642,-15.38,-31.0,0.028
2019-08-02T11:22:03.000,28.9,12.4,1.09,20.28,20.5,13643,-15.2,-31.0,0.028
2019-08-02T11:23:03.000,28.89,12.39,1.09,20.28,20.5,13644,-15.03,-31.0,0.028
2019-08-02T11:24:03.000,28.88,12.38,1.1,20.28,20.5,13645,-14.85,-31.0,0.028
2019-08-02T11:25:03.000,28.88,12.37,1.1,20.27,20.5,13646,-14.67,-31.0,0.028
2019-08-02T11:26:03.000,28.88,12.38,1.11,20.27,20.5,13647,-14.49,-30.0,0.028
2019-08-02T11:27:03.000,28.88,12.37,1.12,20.26,20.5,13648,-14.31,-30.0,0.028
2019-08-02T11:28:04.000,28.86,12.28,1.13,20.25,20.5,13649,-14.13,-30.0,0.028
2019-08-02T11:29:04.000,28.84,12.25,1.15,20.23,20.5,13650,-13.95,-30.0,0.028
2019-08-02T11:30:04.000,28.81,12.24,1.16,20.22,20.5,13651,-13.77,-30.0,0.028
2019-08-02T11:32:04.000,28.78,12.04,1.21,20.17,20.5,13653,-13.41,-30.0,0.028
2019-08-02T11:33:04.000,28.71,12.13,1.25,20.14,20.5,13654,-13.23,-29.0,0.028
2019-08-02T11:34:05.000,28.72,12.23,1.33,20.07,20.5,13655,-13.05,-29.0,0.028
2019-08-02T11:39:06.000,28.76,12.22,1.63,19.85,20.5,13660,-12.14,-29.0,0.028
2019-08-02T11:40:06.000,28.72,12.15,1.74,19.78,20.5,13661,-11.95,-28.0,0.028
2019-08-02T11:42:06.000,28.65,12.11,2.0,19.63,20.5,13663,-11.59,-28.0,0.028
2019-08-02T11:44:07.000,28.61,12.18,2.35,19.45,20.5,13665,-11.22,-28.0,0.028
2019-08-02T11:45:07.000,28.63,12.14,2.59,19.35,20.5,13666,-11.03,-28.0,0.028
2019-08-02T11:46:07.000,28.63,12.14,2.87,19.24,20.5,13667,-10.85,-27.0,0.029
2019-08-02T11:47:08.000,28.65,12.09,3.23,19.11,20.5,13668,-10.66,-27.0,0.029
2019-08-02T11:48:08.000,28.63,12.06,3.64,18.98,20.5,13669,-10.47,-27.0,0.029
2019-08-02T11:49:08.000,28.6,11.99,4.13,18.84,20.5,13670,-10.29,-27.0,0.029
2019-08-02T11:50:09.000,28.58,11.96,4.73,18.69,20.5,13671,-10.1,-27.0,0.029
2019-08-02T11:51:09.000,28.55,11.93,5.43,18.54,20.5,13672,-9.92,-27.0,0.029
2019-08-02T11:53:10.000,28.52,11.98,7.24,18.23,20.5,13674,-9.54,-26.0,0.029
2019-08-02T11:54:10.000,28.49,12.01,8.41,18.07,20.5,13675,-9.35,-26.0,0.029
2019-08-02T11:55:11.000,28.49,12.06,9.88,17.89,20.5,13676,-9.16,-26.0,0.029
2019-08-02T11:56:11.000,28.5,12.02,11.53,17.73,20.5,13677,-8.98,-26.0,0.029
2019-08-02T11:57:12.000,28.54,12.1,13.48,17.56,20.5,13678,-8.79,-26.0,0.029
2019-08-02T11:58:12.000,28.58,12.07,16.04,17.37,20.5,13679,-8.6,-26.0,0.029
2019-08-02T11:59:13.000,28.59,12.02,19.01,17.18,20.5,13680,-8.41,-25.0,0.029
2019-08-02T12:00:13.000,28.58,12.05,22.98,16.98,20.5,13681,-8.22,-25.0,0.029
2019-08-02T12:01:13.000,28.54,11.86,27.89,16.77,20.5,13682,-8.03,-25.0,0.029
2019-08-02T12:02:14.000,28.49,11.87,34.23,16.55,20.5,13683,-7.84,-25.0,0.029
2019-08-02T12:04:15.000,28.47,11.95,50.83,16.12,20.5,13685,-7.46,-25.0,0.029
2019-08-02T12:05:15.000,28.49,12.02,65.95,15.83,20.5,13686,-7.27,-25.0,0.029
2019-08-02T12:06:15.000,28.5,11.93,83.36,15.58,20.5,13687,-7.08,-24.0,0.029
2019-08-02T12:07:15.000,28.5,11.96,106.22,15.32,20.5,13688,-6.89,-24.0,0.029
2019-08-02T12:08:16.000,28.47,11.92,136.18,15.05,20.5,13689,-6.7,-24.0,0.029
2019-08-02T12:09:16.000,28.5,12.05,174.61,14.78,20.5,13690,-6.51,-24.0,0.029
2019-08-02T12:10:16.000,28.53,11.91,224.02,14.51,20.5,13691,-6.32,-24.0,0.029
2019-08-02T12:11:16.000,28.51,11.97,286.72,14.24,20.5,13692,-6.13,-24.0,0.029
2019-08-02T12:12:17.000,28.54,11.96,364.84,13.98,20.5,13693,-5.93,-23.0,0.029
2019-08-02T12:13:17.000,28.53,11.99,462.13,13.72,20.5,13694,-5.74,-23.0,0.029
2019-08-02T12:14:18.000,28.54,11.92,584.84,13.46,20.5,13695,-5.55,-23.0,0.029
2019-08-02T12:15:18.000,28.53,11.88,741.27,13.21,20.5,13696,-5.35,-23.0,0.029
2019-08-02T12:16:20.000,28.53,11.95,940.27,12.95,20.5,13697,-5.16,-23.0,0.029
2019-08-02T12:17:20.000,28.51,11.84,1192.02,12.69,20.5,13698,-4.96,-23.0,0.029
2019-08-02T12:18:20.000,28.46,11.81,1510.27,12.43,20.5,13699,-4.77,-22.0,0.029
2019-08-02T12:19:21.000,28.48,12.01,1910.96,12.18,20.5,13700,-4.58,-22.0,0.029
2019-08-02T12:20:21.000,28.54,12.08,2417.69,11.92,20.5,13701,-4.38,-22.0,0.029
2019-08-02T12:21:22.000,28.57,12.05,3050.91,11.67,20.5,13702,-4.19,-22.0,0.03
2019-08-02T12:22:22.000,28.6,12.06,3853.6,11.42,20.5,13703,-3.99,-22.0,0.03
2019-08-02T12:23:23.000,28.61,12.09,4888.89,11.16,20.5,13704,-3.8,-22.0,0.03
2019-08-02T12:24:23.000,28.63,12.13,6201.24,10.9,20.5,13705,-3.6,-21.0,0.03
2019-08-02T12:25:24.000,28.66,12.12,7786.16,10.65,20.5,13706,-3.41,-21.0,0.03
2019-08-02T12:26:24.000,28.64,12.04,9678.22,10.42,20.5,13707,-3.21,-21.0,0.03
2019-08-02T12:27:25.000,28.62,12.05,11956.38,10.19,20.5,13708,-3.01,-21.0,0.03
2019-08-02T12:28:25.000,28.6,12.03,14833.53,9.95,20.5,13709,-2.82,-21.0,0.03
2019-08-02T12:29:25.000,28.62,12.12,18606.31,9.71,20.5,13710,-2.63,-21.0,0.03
2019-08-02T12:30:26.000,28.62,12.09,23363.6,9.46,20.5,13711,-2.43,-20.0,0.03
2019-08-02T12:31:26.000,28.62,12.09,28697.69,9.24,20.5,13712,-2.23,-20.0,0.03
2019-08-02T12:32:28.000,28.61,12.04,34907.55,9.09,20.5,13713,-2.03,-20.0,0.03
2019-08-02T12:33:28.000,28.61,12.06,43744.55,8.78,20.5,13714,-1.84,-20.0,0.03
2019-08-02T12:34:28.000,28.56,12.02,53272.6,8.57,20.5,13715,-1.64,-20.0,0.03
2019-08-02T12:35:28.000,28.55,12.1,39699.4,5.42,20.5,13716,-1.44,-20.0,0.03
2019-08-02T12:38:30.000,28.54,12.34,0.0,0.0,20.5,13719,-0.85,-19.0,0.03
2019-08-02T12:39:31.000,28.57,12.4,0.0,0.0,20.5,13720,-0.65,-19.0,0.03
2019-08-02T12:40:30.000,28.59,12.48,0.0,0.0,20.5,13721,-0.46,-19.0,0.03
2019-08-02T12:43:31.000,28.63,12.55,0.0,0.0,20.5,13724,0.14,-18.0,0.03
2019-08-02T12:44:31.000,28.67,12.59,0.0,0.0,20.5,13725,0.34,-18.0,0.03
2019-08-02T12:45:32.000,28.68,12.59,0.0,0.0,20.5,13726,0.54,-18.0,0.03
2019-08-02T12:46:32.000,28.7,12.61,0.21,0.09,20.5,13727,0.73,-18.0,0.03
2019-08-02T12:47:32.000,28.71,12.64,0.0,0.0,20.5,13728,0.93,-18.0,0.03
2019-08-02T12:48:33.000,28.71,12.65,0.0,0.0,20.5,13729,1.13,-17.0,0.03
2019-08-02T12:49:33.000,28.72,12.69,0.0,0.0,20.5,13730,1.33,-17.0,0.03
2019-08-03T01:51:17.000,38.63,22.84,0.0,0.0,20.5,14507,4.83,25.0,0.057
2019-08-03T01:52:17.000,38.63,22.86,0.0,0.0,20.5,14508,4.63,24.0,0.057
2019-08-03T01:55:18.000,38.59,22.79,0.0,0.0,20.5,14511,4.02,24.0,0.058
2019-08-03T01:56:18.000,38.57,22.71,0.26,0.09,20.5,14512,3.82,24.0,0.058
2019-08-03T01:57:18.000,38.55,22.68,0.0,0.0,20.5,14513,3.62,23.0,0.058
2019-08-03T01:58:19.000,38.54,22.72,0.0,0.0,20.5,14514,3.41,23.0,0.058
2019-08-03T01:59:19.000,38.54,22.68,0.0,0.0,20.5,14515,3.21,23.0,0.058
2019-08-03T02:15:23.000,37.96,21.98,0.0,0.0,20.5,14531,0.02,20.0,0.058
2019-08-03T02:16:24.000,37.9,21.84,0.0,0.0,20.5,14532,-0.18,20.0,0.058
2019-08-03T02:17:24.000,37.78,21.81,0.0,0.0,20.5,14533,-0.38,19.0,0.058
2019-08-03T02:18:32.000,37.68,21.74,53114.45,7.18,20.5,14534,-0.6,19.0,0.058
2019-08-03T02:19:33.000,37.61,21.84,55815.48,8.51,20.5,14535,-0.8,19.0,0.058
2019-08-03T02:20:33.000,37.54,21.81,50059.87,8.63,20.5,14536,-1.0,19.0,0.059
2019-08-03T02:21:34.000,37.46,21.65,44639.82,8.76,20.5,14537,-1.2,18.0,0.059
2019-08-03T02:22:35.000,37.36,21.71,39510.37,8.89,20.5,14538,-1.4,18.0,0.059
2019-08-03T02:23:35.000,37.34,21.77,34702.18,9.03,20.5,14539,-1.6,18.0,0.059
2019-08-03T02:24:36.000,37.3,21.76,30316.04,9.18,20.5,14540,-1.8,18.0,0.059
2019-08-03T02:25:37.000,37.27,21.87,25776.81,9.52,20.5,14541,-2.0,18.0,0.059
2019-08-03T02:26:37.000,37.28,21.85,22803.89,9.49,20.5,14542,-2.19,17.0,0.059
2019-08-03T02:27:37.000,37.24,21.79,19704.2,9.64,20.5,14543,-2.39,17.0,0.059
2019-08-03T02:28:38.000,37.22,21.91,16994.6,9.87,20.5,14544,-2.59,17.0,0.059
2019-08-03T02:29:38.000,37.23,21.92,15280.18,9.92,20.5,14545,-2.78,17.0,0.059
2019-08-03T02:30:39.000,37.24,21.87,13162.69,10.08,20.5,14546,-2.98,17.0,0.059
2019-08-03T02:31:39.000,37.25,21.84,10376.02,10.34,20.5,14547,-3.17,16.0,0.059
2019-08-03T02:33:40.000,37.27,21.77,6519.6,10.85,20.5,14549,-3.57,16.0,0.059
2019-08-03T02:34:41.000,37.27,21.71,5348.53,11.06,20.5,14550,-3.76,16.0,0.059
2019-08-03T02:35:41.000,37.25,21.66,4361.96,11.28,20.5,14551,-3.96,16.0,0.059
2019-08-03T02:36:42.000,37.21,21.55,3538.67,11.51,20.5,14552,-4.15,15.0,0.059
2019-08-03T02:37:42.000,37.18,21.58,2861.18,11.74,20.5,14553,-4.35,15.0,0.059
2019-08-03T02:38:42.000,37.15,21.57,2310.69,11.97,20.5,14554,-4.54,15.0,0.059
2019-08-03T02:39:43.000,37.11,21.54,1868.44,12.2,20.5,14555,-4.74,15.0,0.059
2019-08-03T02:40:44.000,37.05,21.56,1507.49,12.44,20.5,14556,-4.93,14.0,0.059
2019-08-03T02:41:44.000,37.02,21.58,1210.13,12.68,20.5,14557,-5.13,14.0,0.059
2019-08-03T02:42:44.000,36.99,21.56,971.82,12.91,20.5,14558,-5.32,14.0,0.059
2019-08-03T02:44:45.000,36.93,21.67,633.31,13.38,20.5,14560,-5.71,14.0,0.059
2019-08-03T02:45:46.000,36.89,21.63,513.6,13.61,20.5,14561,-5.9,13.0,0.06
2019-08-03T02:46:46.000,36.85,21.52,414.33,13.84,20.5,14562,-6.09,13.0,0.06
2019-08-03T02:47:47.000,36.82,21.56,331.64,14.08,20.5,14563,-6.29,13.0,0.06
2019-08-03T02:48:47.000,36.79,21.53,264.54,14.33,20.5,14564,-6.48,13.0,0.06
2019-08-03T02:49:48.000,36.76,21.59,211.24,14.57,20.5,14565,-6.67,13.0,0.06
2019-08-03T02:50:48.000,36.75,21.55,168.45,14.82,20.5,14566,-6.86,12.0,0.06
2019-08-03T02:51:48.000,36.72,21.44,135.26,15.05,20.5,14567,-7.05,12.0,0.06
2019-08-03T02:52:48.000,36.69,21.49,109.51,15.28,20.5,14568,-7.24,12.0,0.06
2019-08-03T02:53:49.000,36.68,21.4,89.18,15.51,20.5,14569,-7.44,12.0,0.06
2019-08-03T02:54:49.000,36.64,21.36,73.08,15.72,20.5,14570,-7.62,12.0,0.06
2019-08-03T02:55:49.000,36.62,21.38,60.07,15.94,20.5,14571,-7.81,11.0,0.06
2019-08-03T02:56:50.000,36.59,21.38,48.8,16.16,20.5,14572,-8.01,11.0,0.06
2019-08-03T02:57:50.000,36.58,21.38,42.07,16.32,20.5,14573,-8.2,11.0,0.06
2019-08-03T02:58:51.000,36.57,21.38,35.07,16.52,20.5,14574,-8.39,11.0,0.06
2019-08-03T02:59:51.000,36.54,21.36,29.26,16.72,20.5,14575,-8.58,11.0,0.06
2019-08-03T03:00:52.000,36.53,21.39,24.76,16.9,20.5,14576,-8.77,10.0,0.06
2019-08-03T03:01:52.000,36.51,21.36,20.98,17.08,20.5,14577,-8.95,10.0,0.06
2019-08-03T03:02:53.000,36.51,21.39,18.05,17.24,20.5,14578,-9.15,10.0,0.06
2019-08-03T03:03:53.000,36.51,21.36,15.97,17.37,20.5,14579,-9.33,10.0,0.06
2019-08-03T03:04:54.000,36.51,21.3,14.43,17.48,20.5,14580,-9.52,10.0,0.06
2019-08-03T03:05:55.000,36.48,21.27,13.3,17.57,20.5,14581,-9.71,9.0,0.06
2019-08-03T03:06:55.000,36.48,21.34,12.31,17.65,20.5,14582,-9.9,9.0,0.06
2019-08-03T03:07:55.000,36.48,21.38,11.54,17.73,20.5,14583,-10.09,9.0,0.06
2019-08-03T03:08:56.000,36.47,21.32,10.99,17.78,20.5,14584,-10.28,9.0,0.06
2019-08-03T03:09:56.000,36.45,21.39,10.55,17.82,20.5,14585,-10.46,9.0,0.061
2019-08-03T03:10:57.000,36.44,21.47,10.17,17.86,20.5,14586,-10.65,8.0,0.061
2019-08-03T03:11:57.000,36.45,21.56,9.81,17.9,20.5,14587,-10.84,8.0,0.061
2019-08-03T03:13:58.000,36.46,21.46,9.04,17.99,20.5,14589,-11.21,8.0,0.061
2019-08-03T03:14:58.000,36.44,21.34,8.73,18.03,20.5,14590,-11.39,7.0,0.061
2019-08-03T03:15:59.000,36.41,21.21,8.32,18.08,20.5,14591,-11.58,7.0,0.061
2019-08-03T03:16:59.000,36.34,21.2,8.02,18.12,20.5,14592,-11.76,7.0,0.061
2019-08-03T03:17:59.000,36.27,21.02,7.73,18.16,20.5,14593,-11.95,7.0,0.061
2019-08-03T03:19:00.000,36.17,20.94,7.42,18.2,20.5,14594,-12.13,7.0,0.061
2019-08-03T03:20:00.000,36.13,20.95,7.18,18.24,20.5,14595,-12.32,6.0,0.061
2019-08-03T03:21:01.000,36.11,20.9,6.94,18.28,20.5,14596,-12.5,6.0,0.061
2019-08-03T03:22:01.000,36.06,20.8,6.87,18.29,20.5,14597,-12.68,6.0,0.061
2019-08-03T03:23:02.000,36.03,20.82,6.8,18.3,20.5,14598,-12.87,6.0,0.061
2019-08-03T03:24:02.000,36.02,20.86,6.88,18.29,20.5,14599,-13.05,6.0,0.061
2019-08-03T03:25:03.000,36.02,20.87,6.96,18.27,20.5,14600,-13.24,5.0,0.061
2019-08-03T03:26:03.000,35.97,20.81,7.06,18.26,20.5,14601,-13.42,5.0,0.061
2019-08-03T03:27:04.000,35.94,20.94,7.08,18.25,20.5,14602,-13.6,5.0,0.061
2019-08-03T03:28:04.000,35.92,20.87,7.02,18.26,20.5,14603,-13.78,5.0,0.061
2019-08-03T03:29:05.000,35.87,20.98,7.05,18.26,20.5,14604,-13.97,5.0,0.061
2019-08-03T03:30:05.000,35.9,21.11,7.13,18.25,20.5,14605,-14.15,4.0,0.061
2019-08-03T03:32:06.000,35.85,21.23,7.41,18.21,20.5,14607,-14.51,4.0,0.061
2019-08-03T03:33:07.000,35.87,21.19,7.62,18.18,20.5,14608,-14.69,4.0,0.061
2019-08-03T03:34:07.000,35.79,20.98,7.73,18.16,20.5,14609,-14.87,4.0,0.061
2019-08-03T03:35:07.000,35.7,21.03,7.88,18.14,20.5,14610,-15.05,3.0,0.062
2019-08-03T03:36:07.000,35.62,21.09,7.84,18.14,20.5,14611,-15.22,3.0,0.062
2019-08-03T03:37:08.000,35.66,21.27,7.87,18.14,20.5,14612,-15.41,3.0,0.062
2019-08-03T03:38:08.000,35.66,21.1,7.9,18.14,20.5,14613,-15.58,3.0,0.062
2019-08-03T03:39:08.000,35.66,21.11,7.85,18.14,20.5,14614,-15.76,3.0,0.062
2019-08-03T03:40:09.000,35.66,20.99,7.73,18.16,20.5,14615,-15.94,2.0,0.062
2019-08-03T03:43:09.000,35.6,20.81,7.92,18.13,20.5,14618,-16.47,2.0,0.062
2019-08-03T03:44:10.000,35.56,20.67,7.95,18.13,20.5,14619,-16.65,2.0,0.062
2019-08-03T03:45:10.000,35.53,20.65,7.74,18.16,20.5,14620,-16.82,1.0,0.062
2019-08-03T03:46:10.000,35.46,20.34,7.49,18.19,20.5,14621,-17.0,1.0,0.062
2019-08-03T03:47:11.000,35.42,20.17,7.07,18.26,20.5,14622,-17.17,1.0,0.062
2019-08-03T03:50:12.000,35.33,19.58,5.71,18.49,20.5,14625,-17.7,0.0,0.062
2019-08-03T03:51:13.000,35.26,19.34,5.4,18.55,20.5,14626,-17.87,0.0,0.062
2019-08-03T03:52:13.000,35.2,19.16,5.13,18.61,20.5,14627,-18.04,-0.0,0.062
2019-08-03T03:53:14.000,35.13,19.04,4.95,18.64,20.5,14628,-18.22,-0.0,0.062
2019-08-03T03:54:14.000,35.08,19.06,4.83,18.67,20.5,14629,-18.39,-0.0,0.062
2019-08-03T03:55:14.000,35.06,18.92,4.68,18.7,20.5,14630,-18.56,-1.0,0.062
2019-08-03T03:56:15.000,35.04,18.8,4.49,18.75,20.5,14631,-18.74,-1.0,0.062
2019-08-03T03:57:15.000,34.98,18.58,4.34,18.79,20.5,14632,-18.91,-1.0,0.062
2019-08-03T03:58:15.000,34.92,18.58,4.26,18.81,20.5,14633,-19.08,-1.0,0.062
2019-08-03T04:00:16.000,34.85,18.38,4.25,18.81,20.5,14635,-19.42,-2.0,0.063
2019-08-03T04:01:16.000,34.82,18.38,4.23,18.81,20.5,14636,-19.59,-2.0,0.063
2019-08-03T04:02:17.000,34.79,18.37,4.21,18.82,20.5,14637,-19.76,-2.0,0.063
2019-08-03T04:03:18.000,34.78,18.29,4.1,18.85,20.5,14638,-19.93,-2.0,0.063
2019-08-03T04:04:18.000,34.71,18.07,3.94,18.89,20.5,14639,-20.1,-2.0,0.063
2019-08-03T04:05:19.000,34.67,18.17,3.77,18.94,20.5,14640,-20.27,-3.0,0.063
2019-08-03T04:07:19.000,34.63,18.03,3.56,19.0,20.5,14642,-20.6,-3.0,0.063
2019-08-03T04:08:20.000,34.58,17.94,3.54,19.01,20.5,14643,-20.77,-3.0,0.063
2019-08-03T04:09:20.000,34.59,18.08,3.58,19.0,20.5,14644,-20.94,-3.0,0.063
2019-08-03T04:10:21.000,34.59,18.0,3.59,18.99,20.5,14645,-21.1,-4.0,0.063
2019-08-03T04:11:21.000,34.58,17.98,3.65,18.98,20.5,14646,-21.27,-4.0,0.063
