Downloads/jupyter/ECSV/stars19/stars19_2022-07.ecsv
# %ECSV 1.0
# ---
# datatype:
# - {name: time, datatype: string}
# - {name: Enclosure Temperature, unit: deg_C, datatype: float64}
# - {name: Sky Temperature, unit: deg_C, datatype: float64}
# - {name: Frequency, unit: Hz, datatype: float64}
# - {name: MSAS, unit: mag / arcsec2, datatype: float64}
# - {name: ZP, datatype: float64}
# - {name: Sequence Number, datatype: int64}
# - {name: Sun Alt, unit: deg, datatype: float64}
# - {name: Moon Alt, unit: deg, datatype: float64}
# - {name: Moon Illumination, datatype: float64}
# delimiter: ','
# meta: !!omap
# - ida:
#     Data supplier: {affiliation: null, observer: null}
#     Device type: TESS-W
#     Field of view: 17.0
#     Filters per channel: None
#     Instrument ID: stars19
#     License: ODbL 1.0 http://opendatacommons.org/licenses/odbl/summary/
#     Local timezone: America/Phoenix
#     Location name: {country: '- Tucson', place: Tucson, region: United States, sub_region: Arizona, town: Pima County}
#     Measurement direction per channel: {azimuth: 0.0, zenital: 0.0}
#     Moving / Fixed look direction: FIXED
#     Moving / Stationary position: STATIONARY
#     Number of channels: 1
#     Number of fields per line: 8
#     Number of header lines: 35
#     Position: {height: 0.0, latitude: 32.223877, longitude: -110.767532}
#     TESS MAC address: 18:FE:34:CF:EC:06
#     TESS cover offset value: 0.0
#     TESS firmware version: '1.0'
#     TESS zero point: 20.5
#     Time Synchronization: timestamp added by MQTT subscriber
#     URL: http://www.darksky.org/NSBM/sdf1.0.pdf
# - __serialized_columns__:
#     Enclosure Temperature:
#       __class__: astropy.units.quantity.Quantity
#       unit: &id001 !astropy.units.Unit {unit: deg_C}
#       value: !astropy.table.SerializedColumn {name: Enclosure Temperature}
#     Frequency:
#       __class__: astropy.units.quantity.Quantity
#       unit: !astropy.units.Unit {unit: Hz}
#       value: !astropy.table.SerializedColumn {name: Frequency}
#     MSAS:
#       __class__: astropy.units.quantity.Quantity
#       unit: !astropy.units.Unit {unit: mag / arcsec2}
#       value: !astropy.table.SerializedColumn {name: MSAS}
#     Moon Alt:
#       __class__: astropy.units.quantity.Quantity
#       unit: &id002 !astropy.units.Unit {unit: deg}
#       value: !astropy.table.SerializedColumn {name: Moon Alt}
#     Sky Temperature:
#       __class__: astropy.units.quantity.Quantity
#       unit: *id001
#       value: !astropy.table.SerializedColumn {name: Sky Temperature}
#     Sun Alt:
#       __class__: astropy.units.quantity.Quantity
#       unit: *id002
#       value: !astropy.table.SerializedColumn {name: Sun Alt}
#     time:
#       __class__: astropy.time.core.Time
#       format: isot
#       in_subfmt: '*'
#       out_subfmt: '*'
#       precision: 3
#       scale: utc
#       value: !astropy.table.SerializedColumn {name: time}
# schema: astropy-2.0
time,Enclosure Temperature,Sky Temperature,Frequency,MSAS,ZP,Sequence Number,Sun Alt,Moon Alt,Moon Illumination
[from data line 5950]
2022-07-08T06:53:37.000,31.66,8.78,1.44,19.99,20.5,207139,-34.69,11.0,0.629
2022-07-08T06:54:37.000,31.63,8.74,1.46,19.97,20.5,207140,-34.73,10.0,0.629
2022-07-08T06:55:37.000,31.63,8.9,1.46,19.97,20.5,207141,-34.76,10.0,0.629
2022-07-08T06:56:37.000,31.62,8.86,1.44,19.98,20.5,207142,-34.8,10.0,0.629
2022-07-08T06:57:37.000,31.61,8.82,1.41,20.01,20.5,207143,-34.83,10.0,0.629
2022-07-08T06:58:37.000,31.58,8.71,1.41,20.01,20.5,207144,-34.86,10.0,0.629
2022-07-08T06:59:37.000,31.54,8.65,1.4,20.01,20.5,207145,-34.89,9.0,0.629
2022-07-08T07:00:37.000,31.5,8.65,1.4,20.02,20.5,207146,-34.92,9.0,0.629
2022-07-08T07:01:37.000,31.52,8.74,1.42,20.0,20.5,207147,-34.95,9.0,0.629
2022-07-08T07:02:38.000,31.51,8.66,1.41,20.0,20.5,207148,-34.97,9.0,0.63
2022-07-08T07:03:38.000,31.51,8.72,1.41,20.01,20.5,207149,-35.0,9.0,0.63
2022-07-08T07:04:38.000,31.46,8.64,1.37,20.04,20.5,207150,-35.03,8.0,0.63
2022-07-08T07:06:38.000,31.45,8.75,1.36,20.05,20.5,207152,-35.07,8.0,0.63
2022-07-08T07:13:39.000,31.57,8.95,1.33,20.07,20.5,207159,-35.2,7.0,0.63
2022-07-08T07:14:39.000,31.58,8.93,1.33,20.07,20.5,207160,-35.22,6.0,0.63
2022-07-08T07:15:40.000,31.59,8.92,1.32,20.08,20.5,207161,-35.23,6.0,0.631
2022-07-08T07:16:40.000,31.64,8.98,1.32,20.08,20.5,207162,-35.25,6.0,0.631
2022-07-08T07:24:40.000,31.59,8.76,1.32,20.08,20.5,207170,-35.31,4.0,0.631
2022-07-08T07:27:40.000,31.49,8.54,1.27,20.12,20.5,207173,-35.32,4.0,0.631
2022-07-08T07:30:41.000,31.44,8.6,1.27,20.12,20.5,207176,-35.31,3.0,0.632
2022-07-08T07:35:53.000,31.18,8.6,1.26,20.13,20.5,207181,-35.29,2.0,0.632
2022-07-08T07:36:53.000,31.12,8.77,1.26,20.13,20.5,207182,-35.28,2.0,0.632
2022-07-08T07:37:54.000,31.1,8.93,1.27,20.12,20.5,207183,-35.27,2.0,0.632
2022-07-08T07:38:54.000,31.1,9.23,1.29,20.11,20.5,207184,-35.26,2.0,0.632
2022-07-08T07:39:54.000,31.1,9.42,1.3,20.09,20.5,207185,-35.25,1.0,0.632
2022-07-08T07:40:54.000,31.1,9.54,1.33,20.07,20.5,207186,-35.23,1.0,0.632
2022-07-08T07:41:54.000,31.08,9.68,1.37,20.03,20.5,207187,-35.22,1.0,0.632
2022-07-08T07:48:55.000,31.05,9.23,1.33,20.07,20.5,207194,-35.09,-0.0,0.633
2022-07-08T07:50:55.000,31.06,8.91,1.23,20.16,20.5,207196,-35.05,-1.0,0.633
2022-07-08T07:51:55.000,31.01,8.63,1.21,20.17,20.5,207197,-35.02,-1.0,0.633
2022-07-08T07:52:55.000,30.98,8.58,1.2,20.18,20.5,207198,-35.0,-1.0,0.633
2022-07-08T07:53:55.000,30.94,8.58,1.2,20.18,20.5,207199,-34.97,-2.0,0.633
2022-07-08T07:54:55.000,30.98,8.66,1.19,20.19,20.5,207200,-34.95,-2.0,0.633
2022-07-08T07:57:55.000,30.87,8.46,1.17,20.21,20.5,207203,-34.86,-2.0,0.634
2022-07-08T08:00:56.000,30.89,8.74,1.17,20.21,20.5,207206,-34.76,-3.0,0.634
2022-07-08T08:08:56.000,31.05,8.49,1.17,20.21,20.5,207214,-34.46,-5.0,0.634
2022-07-08T08:11:56.000,31.02,8.32,1.17,20.21,20.5,207217,-34.33,-5.0,0.635
2022-07-08T08:14:57.000,30.92,8.29,1.15,20.23,20.5,207220,-34.19,-6.0,0.635
2022-07-08T08:15:57.000,30.9,8.35,1.15,20.22,20.5,207221,-34.14,-6.0,0.635
2022-07-08T08:16:57.000,30.88,8.19,1.16,20.22,20.5,207222,-34.09,-6.0,0.635
2022-07-08T08:17:58.000,30.82,8.13,1.16,20.22,20.5,207223,-34.04,-6.0,0.635
2022-07-08T08:18:58.000,30.81,8.17,1.17,20.21,20.5,207224,-33.99,-7.0,0.635
2022-07-08T08:19:58.000,30.79,8.04,1.19,20.19,20.5,207225,-33.94,-7.0,0.635
2022-07-08T08:20:58.000,30.74,8.01,1.18,20.2,20.5,207226,-33.88,-7.0,0.635
2022-07-08T08:21:58.000,30.68,7.88,1.15,20.23,20.5,207227,-33.83,-7.0,0.635
2022-07-08T08:23:59.000,30.68,7.92,1.12,20.25,20.5,207229,-33.72,-8.0,0.636
2022-07-08T08:24:59.000,30.66,7.89,1.12,20.26,20.5,207230,-33.66,-8.0,0.636
2022-07-08T08:25:59.000,30.62,7.88,1.12,20.26,20.5,207231,-33.6,-8.0,0.636
2022-07-08T08:27:00.000,30.57,7.74,1.12,20.26,20.5,207232,-33.54,-8.0,0.636
2022-07-08T08:27:59.000,30.54,7.78,1.11,20.26,20.5,207233,-33.48,-8.0,0.636
2022-07-08T08:29:00.000,30.49,7.73,1.11,20.26,20.5,207234,-33.42,-9.0,0.636
2022-07-08T08:30:00.000,30.4,7.67,1.11,20.26,20.5,207235,-33.36,-9.0,0.636
2022-07-08T08:31:00.000,30.42,7.96,1.11,20.26,20.5,207236,-33.3,-9.0,0.636
2022-07-08T08:32:00.000,30.45,7.91,1.11,20.27,20.5,207237,-33.23,-9.0,0.636
2022-07-08T08:33:00.000,30.49,7.95,1.11,20.26,20.5,207238,-33.17,-9.0,0.636
2022-07-08T08:34:00.000,30.52,7.96,1.11,20.27,20.5,207239,-33.1,-10.0,0.636
2022-07-08T08:36:06.000,30.55,7.85,1.13,20.24,20.5,207241,-32.96,-10.0,0.636
2022-07-08T08:37:07.000,30.52,7.78,1.15,20.23,20.5,207242,-32.89,-10.0,0.637
2022-07-08T08:38:06.000,30.48,7.93,1.15,20.23,20.5,207243,-32.82,-11.0,0.637
2022-07-08T08:39:07.000,30.49,7.95,1.13,20.25,20.5,207244,-32.75,-11.0,0.637
2022-07-08T08:44:15.000,30.38,7.94,1.1,20.28,20.5,207249,-32.38,-12.0,0.637
2022-07-08T08:45:16.000,30.36,7.96,1.1,20.28,20.5,207250,-32.3,-12.0,0.637
2022-07-08T08:46:16.000,30.35,7.93,1.1,20.28,20.5,207251,-32.22,-12.0,0.637
2022-07-08T08:47:16.000,30.31,7.89,1.1,20.28,20.5,207252,-32.15,-12.0,0.637
2022-07-08T08:50:16.000,30.34,8.03,1.09,20.28,20.5,207255,-31.91,-13.0,0.638
2022-07-08T08:52:23.000,30.38,8.08,1.09,20.28,20.5,207257,-31.74,-13.0,0.638
2022-07-08T08:53:25.000,30.35,7.99,1.09,20.28,20.5,207258,-31.65,-14.0,0.638
2022-07-08T08:54:24.000,30.35,8.15,1.09,20.28,20.5,207259,-31.57,-14.0,0.638
2022-07-08T08:55:25.000,30.38,8.28,1.09,20.28,20.5,207260,-31.48,-14.0,0.638
2022-07-08T08:56:24.000,30.44,8.25,1.09,20.28,20.5,207261,-31.4,-14.0,0.638
2022-07-08T08:57:25.000,30.46,8.08,1.1,20.28,20.5,207262,-31.31,-14.0,0.638
2022-07-08T08:59:26.000,30.42,8.15,1.1,20.28,20.5,207264,-31.13,-15.0,0.638
2022-07-08T09:00:26.000,30.44,8.24,1.09,20.28,20.5,207265,-31.05,-15.0,0.638
2022-07-08T09:03:26.000,30.42,7.98,1.1,20.27,20.5,207268,-30.77,-16.0,0.638
2022-07-08T09:04:26.000,30.37,7.97,1.1,20.28,20.5,207269,-30.68,-16.0,0.639
2022-07-08T09:05:26.000,30.38,8.12,1.14,20.24,20.5,207270,-30.59,-16.0,0.639
2022-07-08T09:06:27.000,30.38,8.13,1.13,20.25,20.5,207271,-30.49,-16.0,0.639
2022-07-08T09:07:27.000,30.4,8.18,1.12,20.26,20.5,207272,-30.4,-17.0,0.639
2022-07-08T09:08:27.000,30.41,8.08,1.08,20.3,20.5,207273,-30.3,-17.0,0.639
2022-07-08T09:09:27.000,30.43,8.11,1.08,20.3,20.5,207274,-30.21,-17.0,0.639
2022-07-08T09:10:27.000,30.42,8.15,1.07,20.31,20.5,207275,-30.11,-17.0,0.639
2022-07-08T09:11:27.000,30.47,8.23,1.07,20.31,20.5,207276,-30.01,-17.0,0.639
2022-07-08T09:12:27.000,30.53,8.23,1.07,20.31,20.5,207277,-29.91,-18.0,0.639
2022-07-08T09:13:27.000,30.57,8.24,1.07,20.31,20.5,207278,-29.81,-18.0,0.639
2022-07-08T09:14:27.000,30.58,8.06,1.06,20.31,20.5,207279,-29.71,-18.0,0.639
2022-07-08T09:15:27.000,30.54,7.98,1.06,20.31,20.5,207280,-29.61,-18.0,0.639
2022-07-08T09:16:28.000,30.52,8.01,1.06,20.31,20.5,207281,-29.51,-18.0,0.639
2022-07-08T09:17:28.000,30.52,8.09,1.06,20.31,20.5,207282,-29.41,-19.0,0.64
2022-07-08T09:18:28.000,30.54,8.19,1.06,20.31,20.5,207283,-29.3,-19.0,0.64
2022-07-08T09:19:28.000,30.57,8.2,1.06,20.32,20.5,207284,-29.2,-19.0,0.64
2022-07-08T09:20:28.000,30.63,8.15,1.06,20.32,20.5,207285,-29.09,-19.0,0.64
2022-07-08T09:21:28.000,30.61,7.94,1.06,20.32,20.5,207286,-28.99,-19.0,0.64
2022-07-08T09:22:28.000,30.6,8.08,1.06,20.32,20.5,207287,-28.88,-20.0,0.64
2022-07-08T09:23:28.000,30.6,7.97,1.06,20.32,20.5,207288,-28.78,-20.0,0.64
2022-07-08T09:24:28.000,30.58,8.05,1.06,20.32,20.5,207289,-28.67,-20.0,0.64
2022-07-08T09:25:28.000,30.57,8.14,1.06,20.32,20.5,207290,-28.56,-20.0,0.64
2022-07-08T09:26:28.000,30.62,8.23,1.06,20.32,20.5,207291,-28.45,-20.0,0.64
2022-07-08T09:27:29.000,30.68,8.2,1.06,20.32,20.5,207292,-28.34,-21.0,0.64
2022-07-08T09:28:28.000,30.72,8.17,1.05,20.32,20.5,207293,-28.23,-21.0,0.64
2022-07-08T09:29:28.000,30.75,8.14,1.05,20.32,20.5,207294,-28.12,-21.0,0.64
2022-07-08T09:30:28.000,30.81,8.1,1.05,20.33,20.5,207295,-28.01,-21.0,0.64
2022-07-08T09:31:28.000,30.82,8.02,1.05,20.33,20.5,207296,-27.89,-21.0,0.641
2022-07-08T09:32:28.000,30.81,7.87,1.05,20.33,20.5,207297,-27.78,-22.0,0.641
2022-07-08T09:33:29.000,30.75,7.86,1.09,20.29,20.5,207298,-27.66,-22.0,0.641
2022-07-08T09:34:29.000,30.74,7.91,1.09,20.29,20.5,207299,-27.55,-22.0,0.641
2022-07-08T09:35:30.000,30.72,7.8,1.05,20.33,20.5,207300,-27.43,-22.0,0.641
2022-07-08T09:36:30.000,30.63,7.58,1.05,20.33,20.5,207301,-27.31,-23.0,0.641
2022-07-08T09:37:30.000,30.53,7.59,1.05,20.33,20.5,207302,-27.2,-23.0,0.641
2022-07-08T09:38:30.000,30.45,7.65,1.05,20.33,20.5,207303,-27.08,-23.0,0.641
2022-07-08T09:39:30.000,30.4,7.68,1.05,20.33,20.5,207304,-26.96,-23.0,0.641
2022-07-08T09:40:30.000,30.39,7.81,1.04,20.33,20.5,207305,-26.84,-23.0,0.641
2022-07-08T09:42:31.000,30.45,7.91,1.04,20.34,20.5,207307,-26.6,-24.0,0.641
2022-07-08T09:43:31.000,30.48,7.92,1.04,20.34,20.5,207308,-26.48,-24.0,0.641
2022-07-08T09:44:32.000,30.45,7.82,1.04,20.33,20.5,207309,-26.35,-24.0,0.642
2022-07-08T09:45:32.000,30.45,7.87,1.04,20.33,20.5,207310,-26.23,-24.0,0.642
2022-07-08T09:46:32.000,30.43,7.81,1.04,20.34,20.5,207311,-26.11,-25.0,0.642
2022-07-08T09:47:32.000,30.44,7.83,1.04,20.34,20.5,207312,-25.99,-25.0,0.642
2022-07-08T09:48:32.000,30.44,7.86,1.04,20.34,20.5,207313,-25.86,-25.0,0.642
2022-07-08T09:49:32.000,30.46,7.78,1.04,20.34,20.5,207314,-25.74,-25.0,0.642
2022-07-08T09:50:32.000,30.45,7.78,1.04,20.34,20.5,207315,-25.61,-25.0,0.642
2022-07-08T09:51:32.000,30.47,7.85,1.04,20.34,20.5,207316,-25.48,-26.0,0.642
2022-07-08T09:52:32.000,30.49,7.75,1.04,20.34,20.5,207317,-25.36,-26.0,0.642
2022-07-08T09:53:32.000,30.48,7.73,1.03,20.34,20.5,207318,-25.23,-26.0,0.642
2022-07-08T09:54:33.000,30.46,7.61,1.03,20.34,20.5,207319,-25.1,-26.0,0.642
2022-07-08T09:55:33.000,30.4,7.58,1.03,20.35,20.5,207320,-24.97,-26.0,0.642
2022-07-08T09:56:33.000,30.38,7.6,1.03,20.35,20.5,207321,-24.84,-27.0,0.642
2022-07-08T09:57:33.000,30.37,7.62,1.03,20.35,20.5,207322,-24.71,-27.0,0.642
2022-07-08T09:58:33.000,30.38,7.62,1.03,20.35,20.5,207323,-24.58,-27.0,0.643
2022-07-08T09:59:33.000,30.39,7.7,1.03,20.35,20.5,207324,-24.45,-27.0,0.643
2022-07-08T10:00:33.000,30.45,7.65,1.03,20.35,20.5,207325,-24.32,-27.0,0.643
2022-07-08T10:01:33.000,30.4,7.37,1.07,20.31,20.5,207326,-24.18,-28.0,0.643
2022-07-08T10:02:33.000,30.38,7.42,1.07,20.31,20.5,207327,-24.05,-28.0,0.643
2022-07-08T10:03:33.000,30.39,7.36,1.07,20.31,20.5,207328,-23.92,-28.0,0.643
2022-07-08T10:04:33.000,30.44,7.44,1.03,20.35,20.5,207329,-23.78,-28.0,0.643
2022-07-08T10:06:38.000,30.53,7.33,1.02,20.36,20.5,207331,-23.5,-29.0,0.643
2022-07-08T10:07:39.000,30.56,7.23,1.02,20.36,20.5,207332,-23.36,-29.0,0.643
2022-07-08T10:08:39.000,30.57,7.18,1.02,20.36,20.5,207333,-23.23,-29.0,0.643
2022-07-08T10:09:39.000,30.57,7.16,1.02,20.36,20.5,207334,-23.09,-29.0,0.643
2022-07-08T10:10:39.000,30.56,7.05,1.02,20.36,20.5,207335,-22.95,-29.0,0.643
2022-07-08T10:11:39.000,30.56,7.1,1.02,20.36,20.5,207336,-22.81,-30.0,0.644
2022-07-08T10:12:39.000,30.57,7.04,1.02,20.36,20.5,207337,-22.67,-30.0,0.644
2022-07-08T10:13:39.000,30.53,6.75,1.02,20.36,20.5,207338,-22.53,-30.0,0.644
2022-07-08T10:14:39.000,30.41,6.61,1.02,20.36,20.5,207339,-22.39,-30.0,0.644
2022-07-08T10:15:39.000,30.34,6.7,1.02,20.36,20.5,207340,-22.25,-31.0,0.644
2022-07-08T10:16:39.000,30.33,6.72,1.02,20.36,20.5,207341,-22.11,-31.0,0.644
2022-07-08T10:17:39.000,30.3,6.76,1.02,20.36,20.5,207342,-21.97,-31.0,0.644
2022-07-08T10:18:40.000,30.28,6.77,1.02,20.36,20.5,207343,-21.83,-31.0,0.644
2022-07-08T10:19:40.000,30.25,6.74,1.01,20.36,20.5,207344,-21.68,-31.0,0.644
2022-07-08T10:20:40.000,30.25,6.83,1.01,20.37,20.5,207345,-21.54,-32.0,0.644
2022-07-08T10:21:40.000,30.24,6.79,1.01,20.37,20.5,207346,-21.4,-32.0,0.644
2022-07-08T10:22:40.000,30.22,6.76,1.01,20.37,20.5,207347,-21.25,-32.0,0.644
2022-07-08T10:24:40.000,30.18,6.69,1.01,20.37,20.5,207349,-20.96,-32.0,0.644
2022-07-08T10:25:40.000,30.14,6.59,1.01,20.37,20.5,207350,-20.82,-33.0,0.645
2022-07-08T10:26:40.000,30.09,6.51,1.01,20.37,20.5,207351,-20.67,-33.0,0.645
2022-07-08T10:27:40.000,29.98,6.35,1.01,20.37,20.5,207352,-20.52,-33.0,0.645
2022-07-08T10:28:40.000,29.9,6.44,1.01,20.37,20.5,207353,-20.37,-33.0,0.645
2022-07-08T10:29:41.000,29.8,6.25,1.01,20.37,20.5,207354,-20.22,-33.0,0.645
2022-07-08T10:30:40.000,29.76,6.6,1.01,20.37,20.5,207355,-20.08,-34.0,0.645
2022-07-08T10:31:41.000,29.76,6.55,1.01,20.37,20.5,207356,-19.93,-34.0,0.645
2022-07-08T10:32:41.000,29.77,6.58,1.01,20.37,20.5,207357,-19.78,-34.0,0.645
2022-07-08T10:33:41.000,29.77,6.42,1.01,20.36,20.5,207358,-19.63,-34.0,0.645
2022-07-08T10:34:41.000,29.74,6.48,1.33,20.13,20.5,207359,-19.48,-34.0,0.645
2022-07-08T10:35:41.000,29.71,6.31,1.05,20.33,20.5,207360,-19.33,-35.0,0.645
2022-07-08T10:36:41.000,29.65,6.37,1.05,20.33,20.5,207361,-19.18,-35.0,0.645
2022-07-08T10:37:41.000,29.62,6.39,1.01,20.37,20.5,207362,-19.02,-35.0,0.645
2022-07-08T10:38:42.000,29.58,6.33,1.01,20.37,20.5,207363,-18.87,-35.0,0.645
2022-07-08T10:39:41.000,29.55,6.32,1.01,20.37,20.5,207364,-18.72,-35.0,0.646
2022-07-08T10:40:42.000,29.45,6.05,1.01,20.37,20.5,207365,-18.56,-36.0,0.646
2022-07-08T10:41:42.000,29.39,6.08,1.01,20.37,20.5,207366,-18.41,-36.0,0.646
2022-07-08T10:43:43.000,29.27,6.12,1.01,20.37,20.5,207368,-18.1,-36.0,0.646
2022-07-08T10:44:44.000,29.26,6.32,1.01,20.37,20.5,207369,-17.94,-36.0,0.646
2022-07-08T10:45:45.000,29.26,6.29,1.01,20.37,20.5,207370,-17.78,-37.0,0.646
2022-07-08T10:46:45.000,29.26,6.27,1.01,20.37,20.5,207371,-17.63,-37.0,0.646
2022-07-08T10:47:45.000,29.22,6.05,1.01,20.37,20.5,207372,-17.47,-37.0,0.646
2022-07-08T10:48:45.000,29.16,6.05,1.01,20.37,20.5,207373,-17.31,-37.0,0.646
2022-07-08T10:49:45.000,29.13,6.11,1.01,20.37,20.5,207374,-17.16,-37.0,0.646
2022-07-08T10:50:45.000,29.11,6.07,1.01,20.37,20.5,207375,-17.0,-38.0,0.646
2022-07-08T10:51:45.000,29.09,6.09,1.01,20.37,20.5,207376,-16.84,-38.0,0.646
2022-07-08T10:52:46.000,29.05,5.97,1.01,20.37,20.5,207377,-16.68,-38.0,0.647
2022-07-08T10:53:46.000,28.99,5.93,1.01,20.37,20.5,207378,-16.52,-38.0,0.647
2022-07-08T10:54:46.000,28.98,6.11,1.01,20.37,20.5,207379,-16.36,-38.0,0.647
2022-07-08T10:55:46.000,28.98,6.03,1.01,20.37,20.5,207380,-16.2,-39.0,0.647
2022-07-08T10:56:46.000,28.98,6.02,1.02,20.36,20.5,207381,-16.04,-39.0,0.647
2022-07-08T10:57:46.000,28.95,5.88,1.02,20.36,20.5,207382,-15.88,-39.0,0.647
2022-07-08T10:58:46.000,28.93,5.91,1.02,20.35,20.5,207383,-15.72,-39.0,0.647
2022-07-08T10:59:46.000,28.9,5.88,1.03,20.35,20.5,207384,-15.56,-39.0,0.647
2022-07-08T11:00:47.000,28.87,5.87,1.03,20.35,20.5,207385,-15.39,-40.0,0.647
2022-07-08T11:01:46.000,28.84,5.91,1.04,20.34,20.5,207386,-15.23,-40.0,0.647
2022-07-08T11:02:47.000,28.81,5.88,1.04,20.33,20.5,207387,-15.07,-40.0,0.647
2022-07-08T11:03:47.000,28.76,5.83,1.05,20.32,20.5,207388,-14.9,-40.0,0.647
2022-07-08T11:04:47.000,28.73,5.76,1.06,20.31,20.5,207389,-14.74,-40.0,0.647
2022-07-08T11:05:47.000,28.68,5.84,1.07,20.3,20.5,207390,-14.58,-41.0,0.647
2022-07-08T11:06:47.000,28.71,5.94,1.09,20.29,20.5,207391,-14.41,-41.0,0.648
2022-07-08T11:07:47.000,28.7,5.89,1.11,20.26,20.5,207392,-14.25,-41.0,0.648
2022-07-08T11:08:48.000,28.68,5.83,1.17,20.21,20.5,207393,-14.08,-41.0,0.648
2022-07-08T11:09:48.000,28.67,6.02,1.19,20.2,20.5,207394,-13.91,-41.0,0.648
2022-07-08T11:10:48.000,28.7,6.0,1.2,20.18,20.5,207395,-13.75,-42.0,0.648
2022-07-08T11:11:48.000,28.68,5.97,1.19,20.19,20.5,207396,-13.58,-42.0,0.648
2022-07-08T11:12:48.000,28.72,6.08,1.22,20.16,20.5,207397,-13.41,-42.0,0.648
2022-07-08T11:13:48.000,28.74,6.0,1.26,20.13,20.5,207398,-13.25,-42.0,0.648
2022-07-08T11:14:48.000,28.75,6.01,1.31,20.09,20.5,207399,-13.08,-42.0,0.648
2022-07-08T11:15:48.000,28.74,6.02,1.36,20.04,20.5,207400,-12.91,-43.0,0.648
2022-07-08T11:16:48.000,28.74,6.03,1.43,20.0,20.5,207401,-12.74,-43.0,0.648
2022-07-08T11:18:48.000,28.77,6.12,1.59,19.88,20.5,207403,-12.41,-43.0,0.648
2022-07-08T11:19:48.000,28.77,6.1,1.69,19.81,20.5,207404,-12.24,-43.0,0.649
2022-07-08T11:20:48.000,28.76,6.02,1.81,19.73,20.5,207405,-12.07,-44.0,0.649
2022-07-08T11:21:48.000,28.71,5.96,1.95,19.66,20.5,207406,-11.9,-44.0,0.649
2022-07-08T11:22:48.000,28.65,5.88,2.1,19.57,20.5,207407,-11.73,-44.0,0.649
2022-07-08T11:23:48.000,28.55,5.73,2.28,19.48,20.5,207408,-11.56,-44.0,0.649
