Downloads/jupyter/ECSV/stars19/stars19_2023-04.ecsv
# %ECSV 1.0
# ---
# datatype:
# - {name: time, datatype: string}
# - {name: Enclosure Temperature, unit: deg_C, datatype: float64}
# - {name: Sky Temperature, unit: deg_C, datatype: float64}
# - {name: Frequency, unit: Hz, datatype: float64}
# - {name: MSAS, unit: mag / arcsec2, datatype: float64}
# - {name: ZP, datatype: float64}
# - {name: Sequence Number, datatype: int64}
# - {name: Sun Alt, unit: deg, datatype: float64}
# - {name: Moon Alt, unit: deg, datatype: float64}
# - {name: Moon Illumination, datatype: float64}
# delimiter: ','
# meta: !!omap
# - ida:
#     Data supplier: {affiliation: null, observer: null}
#     Device type: TESS-W
#     Field of view: 17.0
#     Filters per channel: None
#     Instrument ID: stars19
#     License: ODbL 1.0 http://opendatacommons.org/licenses/odbl/summary/
#     Local timezone: America/Phoenix
#     Location name: {country: '- Tucson', place: Tucson, region: United States, sub_region: Arizona, town: Pima County}
#     Measurement direction per channel: {azimuth: 0.0, zenital: 0.0}
#     Moving / Fixed look direction: FIXED
#     Moving / Stationary position: STATIONARY
#     Number of channels: 1
#     Number of fields per line: 8
#     Number of header lines: 35
#     Position: {height: 0.0, latitude: 32.223877, longitude: -110.767532}
#     TESS MAC address: 18:FE:34:CF:EC:06
#     TESS cover offset value: 0.0
#     TESS firmware version: '1.0'
#     TESS zero point: 20.38
#     Time Synchronization: timestamp added by MQTT subscriber
#     URL: http://www.darksky.org/NSBM/sdf1.0.pdf
# - __serialized_columns__:
#     Enclosure Temperature:
#       __class__: astropy.units.quantity.Quantity
#       unit: &id001 !astropy.units.Unit {unit: deg_C}
#       value: !astropy.table.SerializedColumn {name: Enclosure Temperature}
#     Frequency:
#       __class__: astropy.units.quantity.Quantity
#       unit: !astropy.units.Unit {unit: Hz}
#       value: !astropy.table.SerializedColumn {name: Frequency}
#     MSAS:
#       __class__: astropy.units.quantity.Quantity
#       unit: !astropy.units.Unit {unit: mag / arcsec2}
#       value: !astropy.table.SerializedColumn {name: MSAS}
#     Moon Alt:
#       __class__: astropy.units.quantity.Quantity
#       unit: &id002 !astropy.units.Unit {unit: deg}
#       value: !astropy.table.SerializedColumn {name: Moon Alt}
#     Sky Temperature:
#       __class__: astropy.units.quantity.Quantity
#       unit: *id001
#       value: !astropy.table.SerializedColumn {name: Sky Temperature}
#     Sun Alt:
#       __class__: astropy.units.quantity.Quantity
#       unit: *id002
#       value: !astropy.table.SerializedColumn {name: Sun Alt}
#     time:
#       __class__: astropy.time.core.Time
#       format: isot
#       in_subfmt: '*'
#       out_subfmt: '*'
#       precision: 3
#       scale: utc
#       value: !astropy.table.SerializedColumn {name: time}
# schema: astropy-2.0
time,Enclosure Temperature,Sky Temperature,Frequency,MSAS,ZP,Sequence Number,Sun Alt,Moon Alt,Moon Illumination
[from data line 22474]
2023-04-29T20:45:20.000,50.8,12.68,0.0,0.0,20.38,159021,63.82,2.0,0.685
2023-04-29T20:46:20.000,51.02,13.23,0.0,0.0,20.38,159022,63.65,2.0,0.685
2023-04-29T21:26:29.000,47.81,11.24,0.0,0.0,20.38,159062,56.33,10.0,0.687
2023-04-29T21:27:31.000,47.9,12.7,0.0,0.0,20.38,159063,56.13,10.0,0.687
2023-04-29T21:28:31.000,48.59,13.89,0.0,0.0,20.38,159064,55.94,11.0,0.687
2023-04-29T21:30:31.000,48.95,12.19,0.0,0.0,20.38,159066,55.55,11.0,0.687
2023-04-29T21:31:31.000,48.79,12.33,0.0,0.0,20.38,159067,55.35,11.0,0.687
2023-04-29T21:32:31.000,49.15,13.05,0.0,0.0,20.38,159068,55.16,11.0,0.688
2023-04-29T22:23:43.000,41.72,9.95,0.0,0.0,20.38,159119,44.82,22.0,0.691
2023-04-29T22:24:43.000,41.79,9.94,0.0,0.0,20.38,159120,44.61,22.0,0.691
2023-04-29T22:25:43.000,41.84,9.97,0.0,0.0,20.38,159121,44.41,22.0,0.691
2023-04-29T22:27:45.000,41.88,9.72,0.0,0.0,20.38,159123,43.98,23.0,0.691
2023-04-29T22:28:45.000,41.83,9.37,0.0,0.0,20.38,159124,43.78,23.0,0.691
2023-04-29T22:29:45.000,41.85,9.79,0.0,0.0,20.38,159125,43.57,23.0,0.691
2023-04-29T23:24:58.000,40.98,9.41,0.0,0.0,20.38,159180,31.98,34.0,0.694
2023-04-29T23:25:58.000,40.94,9.18,0.0,0.0,20.38,159181,31.77,34.0,0.695
2023-04-29T23:26:58.000,40.86,9.36,0.0,0.0,20.38,159182,31.56,35.0,0.695
2023-04-29T23:28:58.000,40.78,8.56,0.0,0.0,20.38,159184,31.14,35.0,0.695
2023-04-29T23:29:58.000,40.69,8.96,0.0,0.0,20.38,159185,30.93,35.0,0.695
2023-04-29T23:30:58.000,40.69,9.02,0.0,0.0,20.38,159186,30.71,35.0,0.695
2023-04-30T00:47:15.000,39.11,9.02,0.0,0.0,20.38,159262,14.64,51.0,0.699
2023-04-30T00:48:15.000,39.08,9.14,0.0,0.0,20.38,159263,14.43,51.0,0.7
2023-04-30T00:49:15.000,39.07,9.16,0.0,0.0,20.38,159264,14.22,51.0,0.7
2023-04-30T00:51:15.000,38.9,8.77,0.0,0.0,20.38,159266,13.8,52.0,0.7
2023-04-30T00:52:16.000,38.86,8.84,0.0,0.0,20.38,159267,13.59,52.0,0.7
2023-04-30T00:53:16.000,38.77,8.88,0.0,0.0,20.38,159268,13.38,52.0,0.7
2023-04-30T01:34:26.000,37.29,7.11,0.0,0.0,20.38,159309,4.86,60.0,0.702
2023-04-30T01:35:26.000,37.29,7.1,0.0,0.0,20.38,159310,4.65,60.0,0.702
2023-04-30T01:36:27.000,37.27,6.99,0.0,0.0,20.38,159311,4.44,60.0,0.702
2023-04-30T01:37:26.000,37.24,6.93,0.22,0.19,20.38,159312,4.24,60.0,0.703
2023-04-30T01:39:28.000,37.2,6.67,0.0,0.0,20.38,159314,3.83,61.0,0.703
2023-04-30T01:40:28.000,37.15,6.69,0.0,0.0,20.38,159315,3.62,61.0,0.703
2023-04-30T01:41:28.000,37.14,6.64,0.0,0.0,20.38,159316,3.42,61.0,0.703
2023-04-30T01:42:28.000,37.09,6.51,0.0,0.0,20.38,159317,3.22,61.0,0.703
2023-04-30T01:43:28.000,37.06,6.54,0.0,0.0,20.38,159318,3.01,61.0,0.703
2023-04-30T01:44:29.000,37.03,6.38,0.0,0.0,20.38,159319,2.8,62.0,0.703
2023-04-30T01:52:30.000,36.7,5.92,0.0,0.0,20.38,159327,1.18,63.0,0.703
2023-04-30T01:53:30.000,36.68,5.88,0.0,0.0,20.38,159328,0.97,63.0,0.704
2023-04-30T01:54:30.000,36.66,5.8,0.0,0.0,20.38,159329,0.77,63.0,0.704
2023-04-30T01:55:30.000,36.62,5.57,0.0,0.0,20.38,159330,0.57,63.0,0.704
2023-04-30T01:56:30.000,36.52,5.46,0.0,0.0,20.38,159331,0.37,64.0,0.704
2023-04-30T01:57:30.000,36.45,5.49,0.0,0.0,20.38,159332,0.17,64.0,0.704
2023-04-30T01:58:30.000,36.41,5.41,0.37,0.18,20.38,159333,-0.04,64.0,0.704
2023-04-30T01:59:31.000,36.31,5.23,0.0,0.0,20.38,159334,-0.24,64.0,0.704
2023-04-30T02:00:31.000,36.23,5.24,0.0,0.0,20.38,159335,-0.44,64.0,0.704
2023-04-30T02:01:31.000,36.15,5.18,0.0,0.0,20.38,159336,-0.64,64.0,0.704
2023-04-30T02:02:31.000,36.09,5.14,0.0,0.0,20.38,159337,-0.85,64.0,0.704
2023-04-30T02:03:31.000,36.02,5.09,0.0,0.0,20.38,159338,-1.05,65.0,0.704
2023-04-30T02:04:32.000,35.94,5.0,24914.07,3.29,20.38,159339,-1.25,65.0,0.704
2023-04-30T02:06:32.000,35.76,4.86,49729.42,8.71,20.38,159341,-1.65,65.0,0.704
2023-04-30T02:07:32.000,35.66,4.75,43559.01,8.78,20.38,159342,-1.85,65.0,0.704
2023-04-30T02:08:32.000,35.57,4.66,36997.25,9.03,20.38,159343,-2.05,65.0,0.704
2023-04-30T02:09:32.000,35.49,4.7,31693.16,9.13,20.38,159344,-2.25,66.0,0.704
2023-04-30T02:10:33.000,35.46,4.72,26522.7,9.32,20.38,159345,-2.46,66.0,0.705
2023-04-30T02:11:32.000,35.41,4.6,21976.85,9.53,20.38,159346,-2.65,66.0,0.705
2023-04-30T02:12:33.000,35.32,4.51,17984.71,9.74,20.38,159347,-2.86,66.0,0.705
2023-04-30T02:13:33.000,35.24,4.46,14621.57,9.97,20.38,159348,-3.05,66.0,0.705
2023-04-30T02:14:33.000,35.15,4.35,11899.87,10.19,20.38,159349,-3.25,66.0,0.705
2023-04-30T02:15:33.000,35.06,4.35,9689.78,10.42,20.38,159350,-3.45,66.0,0.705
2023-04-30T02:16:34.000,34.98,4.24,7848.4,10.65,20.38,159351,-3.66,67.0,0.705
2023-04-30T02:17:35.000,34.9,4.27,6320.33,10.88,20.38,159352,-3.86,67.0,0.705
2023-04-30T02:18:35.000,34.86,4.25,5079.82,11.12,20.38,159353,-4.06,67.0,0.705
2023-04-30T02:19:35.000,34.8,4.15,4072.58,11.36,20.38,159354,-4.25,67.0,0.705
2023-04-30T02:20:37.000,34.69,4.04,3248.29,11.6,20.38,159355,-4.46,67.0,0.705
2023-04-30T02:21:36.000,34.62,4.16,2566.2,11.86,20.38,159356,-4.65,67.0,0.705
2023-04-30T02:22:36.000,34.55,4.13,2009.09,12.13,20.38,159357,-4.85,67.0,0.705
2023-04-30T02:23:36.000,34.42,3.82,1568.92,12.39,20.38,159358,-5.05,68.0,0.705
2023-04-30T02:24:37.000,34.34,4.04,1225.24,12.66,20.38,159359,-5.25,68.0,0.705
2023-04-30T02:25:37.000,34.25,3.81,954.29,12.93,20.38,159360,-5.45,68.0,0.705
2023-04-30T02:26:37.000,34.11,3.75,742.16,13.21,20.38,159361,-5.64,68.0,0.706
2023-04-30T02:27:37.000,33.98,3.65,576.97,13.48,20.38,159362,-5.84,68.0,0.706
2023-04-30T02:28:37.000,33.85,3.62,447.75,13.76,20.38,159363,-6.04,68.0,0.706
2023-04-30T02:29:37.000,33.66,3.19,347.13,14.03,20.38,159364,-6.23,68.0,0.706
2023-04-30T02:30:37.000,33.44,3.17,269.53,14.31,20.38,159365,-6.43,68.0,0.706
2023-04-30T02:31:37.000,33.28,3.29,209.91,14.58,20.38,159366,-6.63,69.0,0.706
2023-04-30T02:32:37.000,33.18,3.44,163.93,14.85,20.38,159367,-6.82,69.0,0.706
2023-04-30T02:33:38.000,33.14,3.54,128.52,15.11,20.38,159368,-7.02,69.0,0.706
2023-04-30T02:37:41.000,32.88,3.39,54.05,16.05,20.38,159372,-7.81,69.0,0.706
2023-04-30T02:38:42.000,32.83,3.31,45.23,16.24,20.38,159373,-8.01,69.0,0.706
2023-04-30T02:39:41.000,32.74,3.55,38.16,16.43,20.38,159374,-8.2,69.0,0.706
2023-04-30T02:40:41.000,32.83,3.38,33.01,16.58,20.38,159375,-8.4,70.0,0.706
2023-04-30T02:41:42.000,32.79,3.33,28.84,16.73,20.38,159376,-8.59,70.0,0.706
2023-04-30T02:42:42.000,32.74,3.28,25.77,16.85,20.38,159377,-8.79,70.0,0.707
2023-04-30T02:43:42.000,32.68,3.31,23.12,16.97,20.38,159378,-8.98,70.0,0.707
2023-04-30T02:44:42.000,32.69,3.37,21.05,17.07,20.38,159379,-9.17,70.0,0.707
2023-04-30T02:45:42.000,32.68,3.29,19.38,17.16,20.38,159380,-9.37,70.0,0.707
2023-04-30T02:46:42.000,32.66,3.28,18.09,17.24,20.38,159381,-9.56,70.0,0.707
2023-04-30T02:47:42.000,32.58,3.09,16.85,17.31,20.38,159382,-9.75,70.0,0.707
2023-04-30T02:48:42.000,32.51,3.12,15.91,17.38,20.38,159383,-9.94,70.0,0.707
2023-04-30T02:49:42.000,32.49,3.18,15.16,17.43,20.38,159384,-10.14,70.0,0.707
2023-04-30T02:50:42.000,32.44,2.99,14.59,17.47,20.38,159385,-10.33,70.0,0.707
2023-04-30T02:51:42.000,32.37,2.99,14.16,17.5,20.38,159386,-10.52,71.0,0.707
2023-04-30T02:52:43.000,32.31,3.03,13.76,17.53,20.38,159387,-10.72,71.0,0.707
2023-04-30T02:53:43.000,32.27,2.98,13.46,17.56,20.38,159388,-10.91,71.0,0.707
2023-04-30T02:54:43.000,32.24,3.14,13.23,17.58,20.38,159389,-11.1,71.0,0.707
2023-04-30T02:55:43.000,32.24,3.13,13.07,17.59,20.38,159390,-11.29,71.0,0.707
2023-04-30T02:56:43.000,32.22,3.07,12.91,17.6,20.38,159391,-11.48,71.0,0.707
2023-04-30T02:57:43.000,32.2,3.13,12.81,17.61,20.38,159392,-11.67,71.0,0.707
2023-04-30T02:58:44.000,32.16,3.06,12.76,17.62,20.38,159393,-11.86,71.0,0.707
2023-04-30T02:59:44.000,32.11,2.87,12.71,17.62,20.38,159394,-12.05,71.0,0.708
2023-04-30T03:00:44.000,32.06,2.99,12.7,17.62,20.38,159395,-12.24,71.0,0.708
2023-04-30T03:01:44.000,32.04,2.98,12.71,17.62,20.38,159396,-12.43,71.0,0.708
2023-04-30T03:02:44.000,31.97,2.84,12.72,17.62,20.38,159397,-12.62,71.0,0.708
2023-04-30T03:03:44.000,31.87,2.45,12.75,17.62,20.38,159398,-12.81,71.0,0.708
2023-04-30T03:04:45.000,31.73,2.19,12.8,17.61,20.38,159399,-13.0,71.0,0.708
2023-04-30T03:05:45.000,31.53,1.83,12.84,17.61,20.38,159400,-13.19,71.0,0.708
2023-04-30T03:06:45.000,31.33,1.95,12.89,17.6,20.38,159401,-13.38,71.0,0.708
2023-04-30T03:07:45.000,31.23,2.24,12.95,17.6,20.38,159402,-13.57,71.0,0.708
2023-04-30T03:08:45.000,31.26,2.53,13.02,17.59,20.38,159403,-13.75,71.0,0.708
2023-04-30T03:09:45.000,31.22,2.46,13.14,17.58,20.38,159404,-13.94,72.0,0.708
2023-04-30T03:10:46.000,31.13,2.31,13.31,17.57,20.38,159405,-14.13,72.0,0.708
2023-04-30T03:11:45.000,31.03,2.33,13.51,17.55,20.38,159406,-14.31,72.0,0.708
2023-04-30T03:12:45.000,30.98,2.36,13.69,17.54,20.38,159407,-14.5,72.0,0.708
2023-04-30T03:13:46.000,30.87,2.24,13.82,17.53,20.38,159408,-14.69,72.0,0.708
2023-04-30T03:14:46.000,30.74,2.23,13.92,17.52,20.38,159409,-14.88,72.0,0.708
2023-04-30T03:15:49.000,30.66,2.34,14.0,17.51,20.38,159410,-15.07,72.0,0.709
2023-04-30T03:16:49.000,30.58,2.24,14.06,17.51,20.38,159411,-15.26,72.0,0.709
2023-04-30T03:17:50.000,30.42,2.02,14.13,17.5,20.38,159412,-15.44,72.0,0.709
2023-04-30T03:18:50.000,30.25,2.0,14.17,17.5,20.38,159413,-15.63,72.0,0.709
2023-04-30T03:19:50.000,30.21,2.27,14.2,17.5,20.38,159414,-15.81,72.0,0.709
2023-04-30T03:21:51.000,30.27,2.32,14.33,17.49,20.38,159416,-16.18,72.0,0.709
2023-04-30T03:22:51.000,30.3,2.27,14.45,17.48,20.38,159417,-16.37,72.0,0.709
2023-04-30T03:23:51.000,30.29,2.07,14.58,17.47,20.38,159418,-16.55,72.0,0.709
2023-04-30T03:24:51.000,30.25,2.12,14.66,17.46,20.38,159419,-16.73,72.0,0.709
2023-04-30T03:25:51.000,30.28,2.2,14.77,17.46,20.38,159420,-16.92,72.0,0.709
2023-04-30T03:26:52.000,30.3,2.21,14.86,17.45,20.38,159421,-17.1,72.0,0.709
2023-04-30T03:27:52.000,30.29,2.05,15.07,17.43,20.38,159422,-17.28,72.0,0.709
2023-04-30T03:28:52.000,30.25,2.02,15.4,17.41,20.38,159423,-17.47,72.0,0.709
2023-04-30T03:29:52.000,30.25,2.03,15.76,17.39,20.38,159424,-17.65,72.0,0.709
2023-04-30T03:30:52.000,30.23,2.11,16.1,17.36,20.38,159425,-17.83,72.0,0.709
2023-04-30T03:31:52.000,30.26,2.06,16.42,17.34,20.38,159426,-18.01,72.0,0.709
2023-04-30T03:32:52.000,30.21,1.8,16.68,17.32,20.38,159427,-18.19,72.0,0.71
2023-04-30T03:33:53.000,30.04,1.27,16.96,17.31,20.38,159428,-18.37,72.0,0.71
2023-04-30T03:34:53.000,29.9,1.23,17.26,17.29,20.38,159429,-18.55,71.0,0.71
2023-04-30T03:35:54.000,29.81,1.36,17.43,17.28,20.38,159430,-18.73,71.0,0.71
2023-04-30T03:36:54.000,29.7,1.25,17.64,17.26,20.38,159431,-18.91,71.0,0.71
2023-04-30T03:37:55.000,29.62,1.25,17.79,17.25,20.38,159432,-19.1,71.0,0.71
2023-04-30T03:38:54.000,29.49,1.05,17.92,17.25,20.38,159433,-19.27,71.0,0.71
2023-04-30T03:39:54.000,29.48,1.54,17.94,17.25,20.38,159434,-19.45,71.0,0.71
2023-04-30T03:40:55.000,29.52,1.56,17.92,17.25,20.38,159435,-19.63,71.0,0.71
2023-04-30T03:41:55.000,29.46,1.26,17.99,17.24,20.38,159436,-19.81,71.0,0.71
2023-04-30T03:42:55.000,29.34,1.06,18.08,17.24,20.38,159437,-19.98,71.0,0.71
2023-04-30T03:43:57.000,29.22,1.16,18.14,17.23,20.38,159438,-20.17,71.0,0.71
2023-04-30T03:45:56.000,29.12,1.26,18.22,17.23,20.38,159440,-20.52,71.0,0.71
2023-04-30T03:51:58.000,29.01,1.27,17.41,17.28,20.38,159446,-21.57,70.0,0.711
2023-04-30T03:52:58.000,29.0,1.21,17.25,17.29,20.38,159447,-21.74,70.0,0.711
2023-04-30T03:53:58.000,28.96,1.03,17.15,17.29,20.38,159448,-21.91,70.0,0.711
2023-04-30T03:54:58.000,28.85,0.76,16.99,17.3,20.38,159449,-22.09,70.0,0.711
2023-04-30T03:55:58.000,28.74,0.82,16.81,17.32,20.38,159450,-22.26,70.0,0.711
2023-04-30T03:56:58.000,28.64,0.71,16.71,17.32,20.38,159451,-22.43,70.0,0.711
2023-04-30T03:57:58.000,28.62,0.89,16.5,17.34,20.38,159452,-22.6,70.0,0.711
2023-04-30T03:59:00.000,28.56,0.65,16.31,17.35,20.38,159453,-22.78,70.0,0.711
2023-04-30T04:00:00.000,28.55,0.83,16.04,17.37,20.38,159454,-22.95,70.0,0.711
2023-04-30T04:01:00.000,28.56,0.83,15.73,17.39,20.38,159455,-23.12,70.0,0.711
2023-04-30T04:02:02.000,28.57,0.74,15.43,17.41,20.38,159456,-23.3,70.0,0.711
2023-04-30T04:03:02.000,28.57,0.91,15.15,17.43,20.38,159457,-23.46,69.0,0.711
2023-04-30T04:04:02.000,28.58,0.82,14.86,17.45,20.38,159458,-23.63,69.0,0.711
2023-04-30T04:05:03.000,28.58,0.89,14.63,17.47,20.38,159459,-23.8,69.0,0.712
2023-04-30T04:07:02.000,28.58,0.88,14.41,17.48,20.38,159461,-24.14,69.0,0.712
2023-04-30T04:11:03.000,28.53,0.8,13.83,17.53,20.38,159465,-24.81,69.0,0.712
2023-04-30T04:16:04.000,28.49,0.74,12.98,17.6,20.38,159470,-25.63,68.0,0.712
2023-04-30T04:17:04.000,28.5,0.77,12.77,17.61,20.38,159471,-25.79,68.0,0.712
2023-04-30T04:18:04.000,28.5,0.76,12.61,17.63,20.38,159472,-25.96,68.0,0.712
2023-04-30T04:19:04.000,28.46,0.66,12.28,17.66,20.38,159473,-26.12,68.0,0.712
2023-04-30T04:20:05.000,28.43,0.68,12.11,17.67,20.38,159474,-26.28,67.0,0.712
2023-04-30T04:22:05.000,28.36,0.45,11.91,17.69,20.38,159476,-26.6,67.0,0.713
2023-04-30T04:23:05.000,28.25,0.35,11.74,17.71,20.38,159477,-26.76,67.0,0.713
2023-04-30T04:24:05.000,28.19,0.52,11.6,17.72,20.38,159478,-26.92,67.0,0.713
2023-04-30T04:25:05.000,28.14,0.32,11.45,17.73,20.38,159479,-27.08,67.0,0.713
2023-04-30T04:26:05.000,28.08,0.48,11.3,17.75,20.38,159480,-27.24,67.0,0.713
2023-04-30T04:27:08.000,28.0,0.21,11.15,17.76,20.38,159481,-27.41,67.0,0.713
2023-04-30T04:28:07.000,27.88,0.17,10.97,17.78,20.38,159482,-27.56,66.0,0.713
2023-04-30T04:29:08.000,27.82,0.34,10.76,17.8,20.38,159483,-27.72,66.0,0.713
2023-04-30T04:30:08.000,27.74,0.22,10.5,17.83,20.38,159484,-27.88,66.0,0.713
2023-04-30T04:31:08.000,27.72,0.38,10.27,17.85,20.38,159485,-28.04,66.0,0.713
2023-04-30T04:32:08.000,27.72,0.49,10.1,17.87,20.38,159486,-28.19,66.0,0.713
2023-04-30T04:33:08.000,27.7,0.43,9.96,17.88,20.38,159487,-28.35,66.0,0.713
2023-04-30T04:34:09.000,27.68,0.49,9.85,17.9,20.38,159488,-28.5,65.0,0.713
2023-04-30T04:35:09.000,27.67,0.52,9.73,17.91,20.38,159489,-28.66,65.0,0.713
2023-04-30T04:36:10.000,27.63,0.38,9.64,17.92,20.38,159490,-28.81,65.0,0.713
2023-04-30T04:37:09.000,27.55,0.28,9.55,17.93,20.38,159491,-28.96,65.0,0.713
2023-04-30T04:38:10.000,27.53,0.45,9.46,17.94,20.38,159492,-29.12,65.0,0.714
2023-04-30T04:40:10.000,27.52,0.55,9.28,17.96,20.38,159494,-29.42,65.0,0.714
2023-04-30T04:41:10.000,27.5,0.38,9.13,17.98,20.38,159495,-29.57,64.0,0.714
2023-04-30T04:42:10.000,27.48,0.54,8.98,18.0,20.38,159496,-29.72,64.0,0.714
2023-04-30T04:43:10.000,27.51,0.51,8.82,18.02,20.38,159497,-29.87,64.0,0.714
2023-04-30T04:44:12.000,27.5,0.5,8.72,18.03,20.38,159498,-30.03,64.0,0.714
2023-04-30T04:45:12.000,27.51,0.44,8.57,18.05,20.38,159499,-30.17,64.0,0.714
2023-04-30T04:46:12.000,27.5,0.53,8.39,18.07,20.38,159500,-30.32,64.0,0.714
2023-04-30T04:47:12.000,27.51,0.56,8.25,18.09,20.38,159501,-30.47,63.0,0.714
2023-04-30T04:48:12.000,27.53,0.51,8.09,18.11,20.38,159502,-30.62,63.0,0.714
2023-04-30T04:49:12.000,27.53,0.41,7.94,18.13,20.38,159503,-30.76,63.0,0.714
2023-04-30T04:50:12.000,27.53,0.52,7.79,18.15,20.38,159504,-30.91,63.0,0.714
2023-04-30T04:51:12.000,27.54,0.52,7.69,18.16,20.38,159505,-31.05,63.0,0.714
2023-04-30T04:52:14.000,27.57,0.55,7.6,18.18,20.38,159506,-31.2,63.0,0.714
2023-04-30T04:53:14.000,27.61,0.57,7.44,18.2,20.38,159507,-31.35,62.0,0.714
2023-04-30T04:54:14.000,27.63,0.42,7.4,18.21,20.38,159508,-31.49,62.0,0.714
2023-04-30T04:55:14.000,27.58,0.34,7.24,18.23,20.38,159509,-31.63,62.0,0.715
2023-04-30T04:56:14.000,27.55,0.23,7.18,18.24,20.38,159510,-31.77,62.0,0.715
2023-04-30T04:57:14.000,27.45,-0.02,7.11,18.25,20.38,159511,-31.91,62.0,0.715
2023-04-30T04:58:14.000,27.39,0.1,6.95,18.27,20.38,159512,-32.05,62.0,0.715
2023-04-30T04:59:15.000,27.33,-0.05,6.92,18.28,20.38,159513,-32.2,61.0,0.715
2023-04-30T05:00:15.000,27.23,-0.14,6.84,18.29,20.38,159514,-32.34,61.0,0.715
2023-04-30T05:01:15.000,27.14,-0.2,6.7,18.32,20.38,159515,-32.47,61.0,0.715
2023-04-30T05:02:15.000,27.08,-0.05,6.64,18.32,20.38,159516,-32.61,61.0,0.715
2023-04-30T05:03:16.000,26.93,-0.64,6.54,18.34,20.38,159517,-32.75,61.0,0.715
2023-04-30T05:04:17.000,26.7,-0.76,6.51,18.35,20.38,159518,-32.89,61.0,0.715
2023-04-30T05:05:17.000,26.57,-0.68,6.41,18.36,20.38,159519,-33.03,60.0,0.715
2023-04-30T05:06:17.000,26.49,-0.48,6.33,18.38,20.38,159520,-33.16,60.0,0.715
