Downloads/jupyter/ECSV/stars19/stars19_2020-07.ecsv
# %ECSV 1.0
# ---
# datatype:
# - {name: time, datatype: string}
# - {name: Enclosure Temperature, unit: deg_C, datatype: float64}
# - {name: Sky Temperature, unit: deg_C, datatype: float64}
# - {name: Frequency, unit: Hz, datatype: float64}
# - {name: MSAS, unit: mag / arcsec2, datatype: float64}
# - {name: ZP, datatype: float64}
# - {name: Sequence Number, datatype: int64}
# - {name: Sun Alt, unit: deg, datatype: float64}
# - {name: Moon Alt, unit: deg, datatype: float64}
# - {name: Moon Illumination, datatype: float64}
# delimiter: ','
# meta: !!omap
# - ida:
#     Data supplier: {affiliation: null, observer: null}
#     Device type: TESS-W
#     Field of view: 17.0
#     Filters per channel: None
#     Instrument ID: stars19
#     License: ODbL 1.0 http://opendatacommons.org/licenses/odbl/summary/
#     Local timezone: America/Phoenix
#     Location name: {country: '- Tucson', place: Tucson, region: United States, sub_region: Arizona, town: Pima County}
#     Measurement direction per channel: {azimuth: 0.0, zenital: 0.0}
#     Moving / Fixed look direction: FIXED
#     Moving / Stationary position: STATIONARY
#     Number of channels: 1
#     Number of fields per line: 8
#     Number of header lines: 35
#     Position: {height: 0.0, latitude: 32.223877, longitude: -110.767532}
#     TESS MAC address: 18:FE:34:CF:EC:06
#     TESS cover offset value: 0.0
#     TESS firmware version: '1.0'
#     TESS zero point: 20.5
#     Time Synchronization: timestamp added by MQTT subscriber
#     URL: http://www.darksky.org/NSBM/sdf1.0.pdf
# - __serialized_columns__:
#     Enclosure Temperature:
#       __class__: astropy.units.quantity.Quantity
#       unit: &id001 !astropy.units.Unit {unit: deg_C}
#       value: !astropy.table.SerializedColumn {name: Enclosure Temperature}
#     Frequency:
#       __class__: astropy.units.quantity.Quantity
#       unit: !astropy.units.Unit {unit: Hz}
#       value: !astropy.table.SerializedColumn {name: Frequency}
#     MSAS:
#       __class__: astropy.units.quantity.Quantity
#       unit: !astropy.units.Unit {unit: mag / arcsec2}
#       value: !astropy.table.SerializedColumn {name: MSAS}
#     Moon Alt:
#       __class__: astropy.units.quantity.Quantity
#       unit: &id002 !astropy.units.Unit {unit: deg}
#       value: !astropy.table.SerializedColumn {name: Moon Alt}
#     Sky Temperature:
#       __class__: astropy.units.quantity.Quantity
#       unit: *id001
#       value: !astropy.table.SerializedColumn {name: Sky Temperature}
#     Sun Alt:
#       __class__: astropy.units.quantity.Quantity
#       unit: *id002
#       value: !astropy.table.SerializedColumn {name: Sun Alt}
#     time:
#       __class__: astropy.time.core.Time
#       format: isot
#       in_subfmt: '*'
#       out_subfmt: '*'
#       precision: 3
#       scale: utc
#       value: !astropy.table.SerializedColumn {name: time}
# schema: astropy-2.0
time,Enclosure Temperature,Sky Temperature,Frequency,MSAS,ZP,Sequence Number,Sun Alt,Moon Alt,Moon Illumination
[from data line 2386]
2020-07-04T04:04:32.000,35.08,14.08,4.65,18.71,20.5,99146,-16.64,23.0,0.987
2020-07-04T04:05:32.000,35.06,14.11,4.68,18.7,20.5,99147,-16.8,23.0,0.987
2020-07-04T04:06:33.000,35.05,14.15,4.71,18.7,20.5,99148,-16.96,24.0,0.987
2020-07-04T04:07:33.000,35.04,14.16,4.73,18.69,20.5,99149,-17.11,24.0,0.987
2020-07-04T04:08:33.000,35.04,14.16,4.76,18.69,20.5,99150,-17.27,24.0,0.987
2020-07-04T04:09:33.000,35.03,14.12,4.79,18.68,20.5,99151,-17.43,24.0,0.987
2020-07-04T04:10:34.000,35.03,14.13,4.81,18.67,20.5,99152,-17.58,24.0,0.987
2020-07-04T04:11:34.000,35.01,14.02,4.84,18.67,20.5,99153,-17.74,24.0,0.987
2020-07-04T04:12:34.000,34.96,14.03,4.87,18.66,20.5,99154,-17.89,24.0,0.987
2020-07-04T04:13:34.000,34.95,14.08,4.9,18.65,20.5,99155,-18.05,24.0,0.987
2020-07-04T04:14:34.000,34.94,13.97,4.93,18.65,20.5,99156,-18.2,25.0,0.987
2020-07-04T04:15:34.000,34.94,14.07,4.95,18.64,20.5,99157,-18.35,25.0,0.987
2020-07-04T04:16:35.000,34.94,14.04,4.98,18.64,20.5,99158,-18.51,25.0,0.987
2020-07-04T04:18:35.000,34.92,14.01,5.04,18.62,20.5,99160,-18.81,25.0,0.987
2020-07-04T04:19:39.000,34.91,13.99,5.06,18.62,20.5,99161,-18.97,25.0,0.987
2020-07-04T04:20:39.000,34.91,13.96,5.09,18.61,20.5,99162,-19.12,25.0,0.987
2020-07-04T04:21:39.000,34.9,13.89,5.11,18.61,20.5,99163,-19.27,25.0,0.987
2020-07-04T04:22:39.000,34.88,13.84,5.13,18.6,20.5,99164,-19.42,25.0,0.987
2020-07-04T04:23:39.000,34.87,13.82,5.15,18.6,20.5,99165,-19.57,26.0,0.987
2020-07-04T04:24:40.000,34.84,13.8,5.17,18.6,20.5,99166,-19.72,26.0,0.987
2020-07-04T04:25:40.000,34.82,13.85,5.19,18.59,20.5,99167,-19.87,26.0,0.987
2020-07-04T04:26:40.000,34.78,13.87,5.22,18.58,20.5,99168,-20.02,26.0,0.987
2020-07-04T04:27:41.000,34.76,13.85,5.21,18.59,20.5,99169,-20.17,26.0,0.988
2020-07-04T04:28:40.000,34.73,13.79,5.23,18.58,20.5,99170,-20.31,26.0,0.988
2020-07-04T04:29:41.000,34.68,13.61,5.25,18.58,20.5,99171,-20.46,26.0,0.988
2020-07-04T04:30:41.000,34.6,13.78,5.26,18.58,20.5,99172,-20.61,26.0,0.988
2020-07-04T04:31:41.000,34.58,13.77,5.27,18.58,20.5,99173,-20.75,26.0,0.988
2020-07-04T04:32:42.000,34.57,13.79,5.29,18.57,20.5,99174,-20.9,27.0,0.988
2020-07-04T04:33:42.000,34.52,13.69,5.31,18.57,20.5,99175,-21.04,27.0,0.988
2020-07-04T04:34:42.000,34.51,13.77,5.31,18.57,20.5,99176,-21.18,27.0,0.988
2020-07-04T04:35:42.000,34.49,13.72,5.33,18.56,20.5,99177,-21.33,27.0,0.988
2020-07-04T04:38:44.000,34.4,13.73,5.35,18.56,20.5,99180,-21.76,27.0,0.988
2020-07-04T04:43:45.000,34.21,13.59,5.41,18.55,20.5,99185,-22.46,28.0,0.988
2020-07-04T04:44:45.000,34.17,13.5,5.42,18.55,20.5,99186,-22.6,28.0,0.988
2020-07-04T04:45:46.000,34.14,13.51,5.43,18.54,20.5,99187,-22.74,28.0,0.988
2020-07-04T04:46:46.000,34.08,13.44,5.44,18.54,20.5,99188,-22.87,28.0,0.988
2020-07-04T04:47:46.000,34.06,13.48,5.44,18.54,20.5,99189,-23.01,28.0,0.988
2020-07-04T04:48:47.000,34.04,13.36,5.45,18.54,20.5,99190,-23.15,28.0,0.988
2020-07-04T04:49:47.000,34.01,13.42,5.45,18.54,20.5,99191,-23.28,28.0,0.988
2020-07-04T04:50:48.000,34.0,13.44,5.45,18.54,20.5,99192,-23.42,28.0,0.988
2020-07-04T04:52:48.000,33.98,13.4,5.45,18.54,20.5,99194,-23.69,29.0,0.988
2020-07-04T04:53:48.000,33.89,13.18,5.45,18.54,20.5,99195,-23.82,29.0,0.988
2020-07-04T04:54:49.000,33.86,13.26,5.45,18.54,20.5,99196,-23.95,29.0,0.988
2020-07-04T04:55:49.000,33.84,13.25,5.42,18.55,20.5,99197,-24.09,29.0,0.988
2020-07-04T04:56:50.000,33.82,13.24,5.44,18.54,20.5,99198,-24.22,29.0,0.988
2020-07-04T04:57:50.000,33.8,13.17,5.44,18.54,20.5,99199,-24.35,29.0,0.988
2020-07-04T04:58:50.000,33.78,13.14,5.43,18.54,20.5,99200,-24.48,29.0,0.988
2020-07-04T04:59:50.000,33.77,13.18,5.43,18.54,20.5,99201,-24.61,29.0,0.988
2020-07-04T05:00:50.000,33.73,13.15,5.43,18.54,20.5,99202,-24.74,29.0,0.988
2020-07-04T05:01:50.000,33.71,13.12,5.43,18.54,20.5,99203,-24.86,29.0,0.988
2020-07-04T05:02:50.000,33.69,13.08,5.43,18.54,20.5,99204,-24.99,29.0,0.988
2020-07-04T05:03:51.000,33.68,13.1,5.43,18.54,20.5,99205,-25.12,29.0,0.988
2020-07-04T05:04:51.000,33.66,13.08,5.43,18.54,20.5,99206,-25.25,30.0,0.988
2020-07-04T05:05:51.000,33.64,13.06,5.42,18.54,20.5,99207,-25.37,30.0,0.988
2020-07-04T05:06:51.000,33.61,13.05,5.42,18.54,20.5,99208,-25.5,30.0,0.988
2020-07-04T05:08:52.000,33.58,13.12,6.37,18.37,20.5,99210,-25.75,30.0,0.988
2020-07-04T05:09:52.000,33.57,13.04,7.03,18.26,20.5,99211,-25.87,30.0,0.988
2020-07-04T05:11:52.000,33.48,12.91,7.32,18.22,20.5,99213,-26.11,30.0,0.988
2020-07-04T05:12:52.000,33.42,12.92,7.37,18.21,20.5,99214,-26.23,30.0,0.988
2020-07-04T05:13:53.000,33.4,13.11,7.35,18.21,20.5,99215,-26.36,30.0,0.988
2020-07-04T05:14:53.000,33.4,13.13,7.37,18.21,20.5,99216,-26.47,30.0,0.988
2020-07-04T05:15:53.000,33.4,13.1,7.39,18.21,20.5,99217,-26.59,30.0,0.988
2020-07-04T05:16:53.000,33.4,13.12,7.43,18.2,20.5,99218,-26.71,30.0,0.988
2020-07-04T05:17:53.000,33.4,13.09,7.44,18.2,20.5,99219,-26.83,31.0,0.988
2020-07-04T05:18:54.000,33.39,13.11,7.44,18.2,20.5,99220,-26.95,31.0,0.988
2020-07-04T05:19:54.000,33.38,12.99,7.45,18.2,20.5,99221,-27.06,31.0,0.988
2020-07-04T05:20:54.000,33.34,12.9,7.45,18.2,20.5,99222,-27.18,31.0,0.988
2020-07-04T05:21:54.000,33.3,12.94,7.46,18.2,20.5,99223,-27.29,31.0,0.988
2020-07-04T05:22:55.000,33.27,12.91,7.44,18.2,20.5,99224,-27.41,31.0,0.988
2020-07-04T05:23:55.000,33.21,12.79,7.46,18.2,20.5,99225,-27.52,31.0,0.988
2020-07-04T05:24:55.000,33.16,12.83,7.47,18.2,20.5,99226,-27.64,31.0,0.988
2020-07-04T05:25:55.000,33.15,12.96,7.45,18.2,20.5,99227,-27.75,31.0,0.988
2020-07-04T05:26:55.000,33.15,12.94,7.48,18.2,20.5,99228,-27.86,31.0,0.989
2020-07-04T05:27:56.000,33.14,12.79,7.47,18.2,20.5,99229,-27.97,31.0,0.989
2020-07-04T05:28:56.000,33.09,12.49,7.43,18.2,20.5,99230,-28.08,31.0,0.989
2020-07-04T05:29:56.000,32.97,12.35,7.46,18.2,20.5,99231,-28.19,31.0,0.989
2020-07-04T05:30:56.000,32.97,12.78,7.45,18.2,20.5,99232,-28.3,31.0,0.989
2020-07-04T05:31:56.000,32.98,12.64,7.46,18.2,20.5,99233,-28.41,31.0,0.989
2020-07-04T05:34:57.000,32.95,12.51,7.63,18.17,20.5,99236,-28.73,32.0,0.989
2020-07-04T05:35:57.000,32.92,12.36,7.64,18.17,20.5,99237,-28.83,32.0,0.989
2020-07-04T05:37:58.000,32.85,12.28,7.65,18.17,20.5,99239,-29.04,32.0,0.989
2020-07-04T05:38:58.000,32.82,12.37,7.64,18.17,20.5,99240,-29.14,32.0,0.989
2020-07-04T05:39:58.000,32.8,12.38,7.64,18.17,20.5,99241,-29.24,32.0,0.989
2020-07-04T05:40:58.000,32.78,12.38,7.64,18.17,20.5,99242,-29.34,32.0,0.989
2020-07-04T05:41:59.000,32.76,12.42,7.63,18.17,20.5,99243,-29.44,32.0,0.989
2020-07-04T05:42:59.000,32.77,12.48,7.63,18.17,20.5,99244,-29.54,32.0,0.989
2020-07-04T05:43:59.000,32.7,12.13,7.63,18.17,20.5,99245,-29.64,32.0,0.989
2020-07-04T05:44:59.000,32.61,12.23,7.63,18.17,20.5,99246,-29.74,32.0,0.989
2020-07-04T05:46:00.000,32.57,12.32,7.63,18.17,20.5,99247,-29.84,32.0,0.989
2020-07-04T05:47:00.000,32.53,12.27,7.62,18.17,20.5,99248,-29.93,32.0,0.989
2020-07-04T05:48:00.000,32.53,12.42,7.64,18.17,20.5,99249,-30.03,32.0,0.989
2020-07-04T05:49:00.000,32.54,12.32,7.66,18.17,20.5,99250,-30.12,32.0,0.989
2020-07-04T05:50:01.000,32.51,12.24,7.7,18.16,20.5,99251,-30.22,32.0,0.989
2020-07-04T05:51:01.000,32.49,12.26,7.7,18.16,20.5,99252,-30.31,32.0,0.989
2020-07-04T05:52:02.000,32.5,12.29,7.71,18.16,20.5,99253,-30.41,32.0,0.989
2020-07-04T05:53:02.000,32.46,12.16,7.71,18.16,20.5,99254,-30.5,32.0,0.989
2020-07-04T05:54:02.000,32.41,12.01,7.68,18.17,20.5,99255,-30.59,33.0,0.989
2020-07-04T05:55:02.000,32.38,12.17,7.66,18.17,20.5,99256,-30.68,33.0,0.989
2020-07-04T05:56:02.000,32.41,12.19,7.65,18.17,20.5,99257,-30.76,33.0,0.989
2020-07-04T05:57:02.000,32.39,12.04,7.63,18.17,20.5,99258,-30.85,33.0,0.989
2020-07-04T05:58:02.000,32.33,11.95,7.62,18.17,20.5,99259,-30.94,33.0,0.989
2020-07-04T05:59:02.000,32.29,12.01,7.63,18.17,20.5,99260,-31.03,33.0,0.989
2020-07-04T06:00:03.000,32.29,12.07,7.63,18.17,20.5,99261,-31.11,33.0,0.989
2020-07-04T06:01:03.000,32.26,11.97,7.64,18.17,20.5,99262,-31.2,33.0,0.989
2020-07-04T06:02:03.000,32.24,12.02,7.67,18.17,20.5,99263,-31.28,33.0,0.989
2020-07-04T06:03:03.000,32.23,12.11,7.7,18.16,20.5,99264,-31.36,33.0,0.989
2020-07-04T06:04:04.000,32.22,12.01,7.7,18.16,20.5,99265,-31.45,33.0,0.989
2020-07-04T06:05:04.000,32.15,11.94,7.71,18.16,20.5,99266,-31.53,33.0,0.989
2020-07-04T06:07:04.000,32.18,12.19,7.72,18.16,20.5,99268,-31.69,33.0,0.989
2020-07-04T06:08:05.000,32.16,12.13,7.71,18.16,20.5,99269,-31.77,33.0,0.989
2020-07-04T06:09:04.000,32.13,11.91,7.7,18.16,20.5,99270,-31.84,33.0,0.989
2020-07-04T06:10:05.000,32.1,12.01,7.7,18.16,20.5,99271,-31.92,33.0,0.989
2020-07-04T06:11:05.000,32.11,11.96,7.68,18.17,20.5,99272,-32.0,33.0,0.989
2020-07-04T06:12:05.000,32.1,12.04,7.68,18.17,20.5,99273,-32.07,33.0,0.989
2020-07-04T06:13:06.000,32.09,11.84,7.72,18.16,20.5,99274,-32.15,33.0,0.989
2020-07-04T06:14:06.000,32.02,11.82,7.71,18.16,20.5,99275,-32.22,33.0,0.989
2020-07-04T06:16:06.000,31.97,11.83,7.71,18.16,20.5,99277,-32.36,33.0,0.989
2020-07-04T06:17:06.000,31.96,11.89,7.72,18.16,20.5,99278,-32.43,33.0,0.989
2020-07-04T06:18:07.000,31.94,11.82,7.7,18.16,20.5,99279,-32.5,33.0,0.989
2020-07-04T06:19:07.000,31.93,11.94,7.71,18.16,20.5,99280,-32.57,33.0,0.989
2020-07-04T06:20:07.000,31.91,11.75,7.7,18.16,20.5,99281,-32.64,33.0,0.989
2020-07-04T06:21:07.000,31.88,11.84,7.71,18.16,20.5,99282,-32.71,33.0,0.989
2020-07-04T06:22:07.000,31.9,11.93,7.69,18.16,20.5,99283,-32.77,33.0,0.989
2020-07-04T06:23:08.000,31.92,11.92,7.7,18.16,20.5,99284,-32.84,33.0,0.989
2020-07-04T06:29:08.000,31.93,11.68,7.67,18.17,20.5,99290,-33.21,33.0,0.99
2020-07-04T06:30:08.000,31.94,11.73,7.66,18.17,20.5,99291,-33.27,33.0,0.99
2020-07-04T06:33:08.000,31.94,11.75,7.65,18.17,20.5,99294,-33.44,33.0,0.99
2020-07-04T06:34:08.000,31.93,11.78,7.68,18.17,20.5,99295,-33.49,33.0,0.99
2020-07-04T06:36:09.000,31.91,11.69,7.64,18.17,20.5,99297,-33.6,33.0,0.99
2020-07-04T06:37:09.000,31.88,11.69,7.63,18.17,20.5,99298,-33.65,33.0,0.99
2020-07-04T06:38:09.000,31.85,11.66,7.63,18.17,20.5,99299,-33.7,33.0,0.99
2020-07-04T06:39:09.000,31.84,11.68,7.6,18.18,20.5,99300,-33.75,33.0,0.99
2020-07-04T06:40:09.000,31.81,11.62,7.5,18.19,20.5,99301,-33.8,33.0,0.99
2020-07-04T06:41:09.000,31.8,11.66,7.48,18.2,20.5,99302,-33.85,33.0,0.99
2020-07-04T06:42:10.000,31.81,11.62,7.47,18.2,20.5,99303,-33.89,33.0,0.99
2020-07-04T06:43:10.000,31.78,11.54,7.47,18.2,20.5,99304,-33.94,33.0,0.99
2020-07-04T06:44:11.000,31.75,11.48,7.48,18.2,20.5,99305,-33.99,33.0,0.99
2020-07-04T06:45:11.000,31.74,11.42,7.48,18.2,20.5,99306,-34.03,33.0,0.99
2020-07-04T06:49:11.000,31.61,11.29,7.44,18.2,20.5,99310,-34.19,33.0,0.99
2020-07-04T06:50:11.000,31.57,11.29,7.43,18.2,20.5,99311,-34.23,33.0,0.99
2020-07-04T06:51:11.000,31.55,11.31,7.42,18.2,20.5,99312,-34.27,33.0,0.99
2020-07-04T06:52:11.000,31.53,11.27,7.4,18.21,20.5,99313,-34.31,33.0,0.99
2020-07-04T06:53:12.000,31.51,11.27,7.41,18.2,20.5,99314,-34.34,33.0,0.99
2020-07-04T06:54:12.000,31.48,11.27,7.42,18.2,20.5,99315,-34.38,33.0,0.99
2020-07-04T06:55:12.000,31.47,11.29,7.46,18.2,20.5,99316,-34.41,33.0,0.99
2020-07-04T06:59:12.000,31.25,11.08,7.33,18.22,20.5,99320,-34.54,33.0,0.99
2020-07-04T07:03:13.000,31.14,11.38,7.23,18.23,20.5,99324,-34.65,33.0,0.99
2020-07-04T07:07:20.000,31.04,11.19,7.19,18.24,20.5,99328,-34.74,33.0,0.99
2020-07-04T07:08:21.000,30.99,11.34,7.19,18.24,20.5,99329,-34.76,33.0,0.99
2020-07-04T07:09:20.000,30.99,11.4,7.21,18.24,20.5,99330,-34.78,33.0,0.99
2020-07-04T07:11:31.000,30.92,11.26,7.13,18.25,20.5,99332,-34.82,33.0,0.99
2020-07-04T07:13:31.000,30.92,11.31,6.99,18.27,20.5,99334,-34.85,33.0,0.99
2020-07-04T07:14:31.000,30.92,11.25,6.95,18.27,20.5,99335,-34.87,33.0,0.99
2020-07-04T07:17:32.000,30.92,11.25,6.94,18.28,20.5,99338,-34.9,33.0,0.99
2020-07-04T07:18:32.000,30.92,11.25,6.96,18.27,20.5,99339,-34.91,32.0,0.99
2020-07-04T07:19:32.000,30.91,11.24,6.95,18.27,20.5,99340,-34.92,32.0,0.99
2020-07-04T07:20:34.000,30.92,11.36,6.9,18.28,20.5,99341,-34.93,32.0,0.99
2020-07-04T07:21:34.000,30.89,11.18,6.91,18.28,20.5,99342,-34.94,32.0,0.99
2020-07-04T07:22:35.000,30.84,11.21,6.91,18.28,20.5,99343,-34.94,32.0,0.99
2020-07-04T07:23:35.000,30.85,11.33,6.9,18.28,20.5,99344,-34.95,32.0,0.99
2020-07-04T07:24:35.000,30.85,11.26,6.88,18.29,20.5,99345,-34.95,32.0,0.99
2020-07-04T07:25:35.000,30.85,11.28,6.9,18.28,20.5,99346,-34.95,32.0,0.99
2020-07-04T07:27:36.000,30.84,11.28,6.88,18.29,20.5,99348,-34.96,32.0,0.99
2020-07-04T07:28:36.000,30.85,11.21,6.92,18.28,20.5,99349,-34.96,32.0,0.99
2020-07-04T07:33:36.000,30.93,11.14,6.79,18.3,20.5,99354,-34.94,32.0,0.991
2020-07-04T07:35:36.000,30.92,11.0,6.72,18.31,20.5,99356,-34.92,32.0,0.991
2020-07-04T07:38:38.000,30.95,11.05,6.67,18.32,20.5,99359,-34.89,32.0,0.991
2020-07-04T07:39:38.000,30.93,11.04,6.7,18.32,20.5,99360,-34.88,31.0,0.991
2020-07-04T07:40:38.000,30.92,11.04,6.67,18.32,20.5,99361,-34.87,31.0,0.991
2020-07-04T07:41:39.000,30.91,10.99,6.62,18.33,20.5,99362,-34.85,31.0,0.991
2020-07-04T07:42:38.000,30.88,11.02,6.57,18.34,20.5,99363,-34.84,31.0,0.991
2020-07-04T07:43:39.000,30.85,10.96,6.57,18.34,20.5,99364,-34.82,31.0,0.991
2020-07-04T07:44:40.000,30.84,10.98,6.56,18.34,20.5,99365,-34.81,31.0,0.991
2020-07-04T07:45:40.000,30.79,10.86,6.52,18.35,20.5,99366,-34.79,31.0,0.991
2020-07-04T07:46:40.000,30.73,10.97,6.5,18.35,20.5,99367,-34.77,31.0,0.991
2020-07-04T07:47:41.000,30.7,10.94,6.51,18.35,20.5,99368,-34.75,31.0,0.991
2020-07-04T08:00:43.000,30.48,11.02,6.2,18.4,20.5,99381,-34.39,30.0,0.991
2020-07-04T08:01:43.000,30.46,10.99,6.18,18.4,20.5,99382,-34.36,30.0,0.991
2020-07-04T08:02:43.000,30.44,11.07,6.16,18.41,20.5,99383,-34.32,30.0,0.991
2020-07-04T08:03:44.000,30.44,11.05,6.14,18.41,20.5,99384,-34.28,30.0,0.991
2020-07-04T08:04:44.000,30.46,11.11,6.12,18.41,20.5,99385,-34.25,30.0,0.991
2020-07-04T08:05:44.000,30.49,11.15,6.09,18.42,20.5,99386,-34.21,30.0,0.991
2020-07-04T08:06:44.000,30.5,11.13,6.07,18.42,20.5,99387,-34.17,30.0,0.991
2020-07-04T08:10:44.000,30.52,11.07,5.96,18.44,20.5,99391,-34.0,29.0,0.991
2020-07-04T08:11:44.000,30.53,11.04,5.94,18.44,20.5,99392,-33.96,29.0,0.991
2020-07-04T08:22:46.000,30.54,11.22,5.66,18.5,20.5,99403,-33.4,28.0,0.991
2020-07-04T08:23:46.000,30.55,11.18,5.64,18.5,20.5,99404,-33.34,28.0,0.991
2020-07-04T08:24:46.000,30.52,11.14,5.61,18.51,20.5,99405,-33.29,28.0,0.991
2020-07-04T08:25:46.000,30.53,11.16,5.59,18.51,20.5,99406,-33.23,28.0,0.991
2020-07-04T08:26:46.000,30.52,11.2,5.56,18.52,20.5,99407,-33.17,28.0,0.991
2020-07-04T08:27:47.000,30.53,11.25,5.53,18.52,20.5,99408,-33.11,28.0,0.991
2020-07-04T08:28:47.000,30.54,11.27,5.51,18.53,20.5,99409,-33.05,28.0,0.991
2020-07-04T08:29:48.000,30.56,11.24,5.49,18.53,20.5,99410,-32.99,27.0,0.991
2020-07-04T08:30:48.000,30.55,11.2,5.47,18.53,20.5,99411,-32.92,27.0,0.991
2020-07-04T08:31:48.000,30.54,11.16,5.46,18.54,20.5,99412,-32.86,27.0,0.991
2020-07-04T08:32:48.000,30.54,11.22,5.44,18.54,20.5,99413,-32.8,27.0,0.991
2020-07-04T08:33:48.000,30.54,11.2,5.43,18.54,20.5,99414,-32.73,27.0,0.991
2020-07-04T08:34:48.000,30.55,11.2,5.41,18.55,20.5,99415,-32.66,27.0,0.991
2020-07-04T08:35:48.000,30.56,11.19,5.39,18.55,20.5,99416,-32.6,27.0,0.991
2020-07-04T08:36:49.000,30.55,11.17,5.37,18.56,20.5,99417,-32.53,27.0,0.991
2020-07-04T08:37:49.000,30.53,11.19,5.34,18.56,20.5,99418,-32.46,27.0,0.991
2020-07-04T08:39:49.000,30.56,11.19,5.31,18.57,20.5,99420,-32.32,26.0,0.991
2020-07-04T08:40:49.000,30.55,11.18,5.27,18.58,20.5,99421,-32.24,26.0,0.991
2020-07-04T08:41:49.000,30.52,11.14,5.25,18.58,20.5,99422,-32.17,26.0,0.992
2020-07-04T08:42:50.000,30.55,11.27,5.22,18.58,20.5,99423,-32.1,26.0,0.992
2020-07-04T08:43:50.000,30.55,11.15,5.2,18.59,20.5,99424,-32.02,26.0,0.992
2020-07-04T08:44:50.000,30.55,11.22,5.18,18.59,20.5,99425,-31.95,26.0,0.992
2020-07-04T08:45:51.000,30.55,11.14,5.16,18.6,20.5,99426,-31.87,26.0,0.992
2020-07-04T08:46:52.000,30.51,11.08,5.13,18.6,20.5,99427,-31.79,26.0,0.992
2020-07-04T08:52:52.000,30.62,11.25,5.02,18.63,20.5,99433,-31.31,25.0,0.992
2020-07-04T08:53:52.000,30.61,11.24,4.98,18.64,20.5,99434,-31.23,25.0,0.992
