Downloads/jupyter/ECSV/stars19/stars19_2021-12.ecsv
# %ECSV 1.0
# ---
# datatype:
# - {name: time, datatype: string}
# - {name: Enclosure Temperature, unit: deg_C, datatype: float64}
# - {name: Sky Temperature, unit: deg_C, datatype: float64}
# - {name: Frequency, unit: Hz, datatype: float64}
# - {name: MSAS, unit: mag / arcsec2, datatype: float64}
# - {name: ZP, datatype: float64}
# - {name: Sequence Number, datatype: int64}
# - {name: Sun Alt, unit: deg, datatype: float64}
# - {name: Moon Alt, unit: deg, datatype: float64}
# - {name: Moon Illumination, datatype: float64}
# delimiter: ','
# meta: !!omap
# - ida:
#     Data supplier: {affiliation: null, observer: null}
#     Device type: TESS-W
#     Field of view: 17.0
#     Filters per channel: None
#     Instrument ID: stars19
#     License: ODbL 1.0 http://opendatacommons.org/licenses/odbl/summary/
#     Local timezone: America/Phoenix
#     Location name: {country: '- Tucson', place: Tucson, region: United States, sub_region: Arizona, town: Pima County}
#     Measurement direction per channel: {azimuth: 0.0, zenital: 0.0}
#     Moving / Fixed look direction: FIXED
#     Moving / Stationary position: STATIONARY
#     Number of channels: 1
#     Number of fields per line: 8
#     Number of header lines: 35
#     Position: {height: 0.0, latitude: 32.223877, longitude: -110.767532}
#     TESS MAC address: 18:FE:34:CF:EC:06
#     TESS cover offset value: 0.0
#     TESS firmware version: '1.0'
#     TESS zero point: 20.5
#     Time Synchronization: timestamp added by MQTT subscriber
#     URL: http://www.darksky.org/NSBM/sdf1.0.pdf
# - __serialized_columns__:
#     Enclosure Temperature:
#       __class__: astropy.units.quantity.Quantity
#       unit: &id001 !astropy.units.Unit {unit: deg_C}
#       value: !astropy.table.SerializedColumn {name: Enclosure Temperature}
#     Frequency:
#       __class__: astropy.units.quantity.Quantity
#       unit: !astropy.units.Unit {unit: Hz}
#       value: !astropy.table.SerializedColumn {name: Frequency}
#     MSAS:
#       __class__: astropy.units.quantity.Quantity
#       unit: !astropy.units.Unit {unit: mag / arcsec2}
#       value: !astropy.table.SerializedColumn {name: MSAS}
#     Moon Alt:
#       __class__: astropy.units.quantity.Quantity
#       unit: &id002 !astropy.units.Unit {unit: deg}
#       value: !astropy.table.SerializedColumn {name: Moon Alt}
#     Sky Temperature:
#       __class__: astropy.units.quantity.Quantity
#       unit: *id001
#       value: !astropy.table.SerializedColumn {name: Sky Temperature}
#     Sun Alt:
#       __class__: astropy.units.quantity.Quantity
#       unit: *id002
#       value: !astropy.table.SerializedColumn {name: Sun Alt}
#     time:
#       __class__: astropy.time.core.Time
#       format: isot
#       in_subfmt: '*'
#       out_subfmt: '*'
#       precision: 3
#       scale: utc
#       value: !astropy.table.SerializedColumn {name: time}
# schema: astropy-2.0
time,Enclosure Temperature,Sky Temperature,Frequency,MSAS,ZP,Sequence Number,Sun Alt,Moon Alt,Moon Illumination
[from data line 13233]
2021-12-15T12:02:34.000,10.26,1.67,6.3,18.38,20.5,320399,-27.58,-11.0,0.884
2021-12-15T12:03:34.000,9.92,1.52,6.31,18.38,20.5,320400,-27.37,-11.0,0.884
2021-12-15T12:04:34.000,9.98,1.74,6.86,18.29,20.5,320401,-27.16,-11.0,0.884
2021-12-15T12:05:34.000,10.56,1.96,6.59,18.33,20.5,320402,-26.96,-12.0,0.884
2021-12-15T12:06:34.000,10.81,1.57,5.47,18.54,20.5,320403,-26.75,-12.0,0.884
2021-12-15T12:07:34.000,10.63,1.23,6.98,18.42,20.5,320404,-26.54,-12.0,0.885
2021-12-15T12:08:34.000,10.33,1.36,4.81,18.67,20.5,320405,-26.34,-12.0,0.885
2021-12-15T12:10:35.000,9.85,0.14,3.65,18.98,20.5,320407,-25.92,-13.0,0.885
2021-12-15T12:12:35.000,10.67,0.67,4.6,18.72,20.5,320409,-25.51,-13.0,0.885
2021-12-15T12:13:35.000,10.76,1.21,4.84,18.67,20.5,320410,-25.3,-13.0,0.885
2021-12-15T12:14:35.000,10.81,1.23,4.9,18.65,20.5,320411,-25.09,-13.0,0.885
2021-12-15T12:15:35.000,10.82,0.95,4.61,18.72,20.5,320412,-24.89,-14.0,0.885
2021-12-15T12:16:35.000,10.86,0.85,4.07,18.86,20.5,320413,-24.68,-14.0,0.885
2021-12-15T12:17:35.000,10.74,0.87,4.36,18.78,20.5,320414,-24.48,-14.0,0.885
2021-12-15T12:18:35.000,10.55,1.52,5.19,18.59,20.5,320415,-24.27,-14.0,0.885
2021-12-15T12:19:35.000,10.4,2.18,6.02,18.43,20.5,320416,-24.06,-14.0,0.885
2021-12-15T12:20:35.000,10.24,2.57,6.57,18.34,20.5,320417,-23.86,-14.0,0.885
2021-12-15T12:21:35.000,10.14,2.66,6.6,18.33,20.5,320418,-23.65,-15.0,0.885
2021-12-15T12:22:35.000,10.01,2.6,6.4,18.37,20.5,320419,-23.45,-15.0,0.885
2021-12-15T12:23:35.000,10.07,2.26,6.19,18.4,20.5,320420,-23.24,-15.0,0.885
2021-12-15T12:24:35.000,10.24,2.21,5.5,18.53,20.5,320421,-23.04,-15.0,0.885
2021-12-15T12:25:36.000,10.33,1.98,5.34,18.56,20.5,320422,-22.83,-15.0,0.885
2021-12-15T12:26:36.000,10.29,2.25,5.72,18.49,20.5,320423,-22.62,-15.0,0.885
2021-12-15T12:27:36.000,10.2,2.65,6.52,18.35,20.5,320424,-22.42,-16.0,0.885
2021-12-15T12:28:36.000,10.13,2.84,7.0,18.27,20.5,320425,-22.21,-16.0,0.885
2021-12-15T12:29:36.000,10.08,3.01,6.98,18.27,20.5,320426,-22.01,-16.0,0.885
2021-12-15T12:30:36.000,9.95,2.48,6.61,18.33,20.5,320427,-21.8,-16.0,0.886
2021-12-15T12:31:36.000,10.22,1.88,5.55,18.52,20.5,320428,-21.6,-16.0,0.886
2021-12-15T12:32:36.000,10.6,1.28,4.74,18.69,20.5,320429,-21.39,-17.0,0.886
2021-12-15T12:33:36.000,10.76,1.44,5.07,18.62,20.5,320430,-21.19,-17.0,0.886
2021-12-15T12:34:36.000,10.77,1.93,5.83,18.47,20.5,320431,-20.99,-17.0,0.886
2021-12-15T12:35:36.000,10.72,2.3,5.74,18.48,20.5,320432,-20.78,-17.0,0.886
2021-12-15T12:36:36.000,10.61,2.38,5.7,18.49,20.5,320433,-20.58,-17.0,0.886
2021-12-15T12:37:36.000,10.49,2.49,5.83,18.47,20.5,320434,-20.37,-17.0,0.886
2021-12-15T12:38:36.000,10.32,2.44,6.2,18.4,20.5,320435,-20.17,-18.0,0.886
2021-12-15T12:39:37.000,10.18,2.78,6.35,18.37,20.5,320436,-19.96,-18.0,0.886
2021-12-15T12:40:37.000,10.1,2.44,5.77,18.48,20.5,320437,-19.76,-18.0,0.886
2021-12-15T12:41:37.000,10.01,1.75,4.86,18.67,20.5,320438,-19.56,-18.0,0.886
2021-12-15T12:42:37.000,10.01,0.86,4.02,18.87,20.5,320439,-19.35,-18.0,0.886
2021-12-15T12:43:37.000,10.42,1.14,4.06,18.86,20.5,320440,-19.15,-18.0,0.886
2021-12-15T12:44:38.000,10.69,1.36,4.25,18.81,20.5,320441,-18.94,-19.0,0.886
2021-12-15T12:45:37.000,10.74,1.43,4.28,18.8,20.5,320442,-18.74,-19.0,0.886
2021-12-15T12:46:37.000,10.76,1.74,4.23,18.81,20.5,320443,-18.54,-19.0,0.886
2021-12-15T12:47:37.000,10.75,2.21,4.94,18.65,20.5,320444,-18.34,-19.0,0.886
2021-12-15T12:48:37.000,10.58,2.05,4.91,18.65,20.5,320445,-18.13,-19.0,0.886
2021-12-15T12:49:37.000,10.46,2.07,4.58,18.73,20.5,320446,-17.93,-20.0,0.886
2021-12-15T12:50:38.000,10.38,1.91,4.72,18.7,20.5,320447,-17.73,-20.0,0.886
2021-12-15T12:51:38.000,10.23,2.39,5.37,18.55,20.5,320448,-17.52,-20.0,0.886
2021-12-15T12:52:38.000,10.15,2.4,5.5,18.53,20.5,320449,-17.32,-20.0,0.886
2021-12-15T12:53:38.000,10.04,2.49,5.66,18.5,20.5,320450,-17.12,-20.0,0.886
2021-12-15T12:54:38.000,10.02,2.7,6.12,18.41,20.5,320451,-16.92,-20.0,0.887
2021-12-15T12:55:38.000,10.13,2.72,6.67,18.32,20.5,320452,-16.72,-21.0,0.887
2021-12-15T12:56:38.000,10.25,2.95,7.31,18.22,20.5,320453,-16.51,-21.0,0.887
2021-12-15T12:57:38.000,10.35,3.24,7.84,18.14,20.5,320454,-16.31,-21.0,0.887
2021-12-15T12:58:38.000,10.44,3.12,7.87,18.14,20.5,320455,-16.11,-21.0,0.887
2021-12-15T12:59:38.000,10.36,2.92,7.93,18.13,20.5,320456,-15.91,-21.0,0.887
2021-12-15T13:00:38.000,10.29,3.08,8.59,18.05,20.5,320457,-15.71,-21.0,0.887
2021-12-15T13:01:38.000,10.26,3.2,9.36,17.95,20.5,320458,-15.51,-22.0,0.887
2021-12-15T13:02:38.000,10.25,3.05,10.03,17.88,20.5,320459,-15.31,-22.0,0.887
2021-12-15T13:03:38.000,10.2,3.16,10.06,17.87,20.5,320460,-15.11,-22.0,0.887
2021-12-15T13:04:38.000,10.17,3.05,9.85,17.9,20.5,320461,-14.91,-22.0,0.887
2021-12-15T13:05:38.000,10.1,3.07,9.67,17.92,20.5,320462,-14.7,-22.0,0.887
2021-12-15T13:06:39.000,10.07,3.1,10.02,17.88,20.5,320463,-14.5,-22.0,0.887
2021-12-15T13:07:39.000,10.06,3.21,10.63,17.81,20.5,320464,-14.3,-23.0,0.887
2021-12-15T13:09:39.000,10.06,3.24,11.29,17.75,20.5,320466,-13.9,-23.0,0.887
2021-12-15T13:10:39.000,10.07,3.18,11.37,17.74,20.5,320467,-13.7,-23.0,0.887
2021-12-15T13:11:39.000,10.03,2.99,11.44,17.73,20.5,320468,-13.5,-23.0,0.887
2021-12-15T13:12:39.000,10.04,3.15,11.71,17.71,20.5,320469,-13.3,-23.0,0.887
2021-12-15T13:13:39.000,10.12,3.11,11.76,17.7,20.5,320470,-13.1,-24.0,0.887
2021-12-15T13:14:39.000,10.2,3.15,11.5,17.73,20.5,320471,-12.9,-24.0,0.887
2021-12-15T13:15:39.000,10.2,3.05,11.22,17.76,20.5,320472,-12.7,-24.0,0.887
2021-12-15T13:16:39.000,10.16,3.0,11.02,17.78,20.5,320473,-12.5,-24.0,0.887
2021-12-15T13:17:39.000,10.15,3.06,11.19,17.76,20.5,320474,-12.31,-24.0,0.887
2021-12-15T13:18:39.000,10.15,3.07,11.19,17.76,20.5,320475,-12.11,-24.0,0.888
2021-12-15T13:19:39.000,10.11,2.96,11.31,17.75,20.5,320476,-11.91,-25.0,0.888
2021-12-15T13:20:39.000,10.09,3.17,11.98,17.68,20.5,320477,-11.71,-25.0,0.888
2021-12-15T13:21:39.000,10.15,3.16,12.39,17.65,20.5,320478,-11.51,-25.0,0.888
2021-12-15T13:23:40.000,10.14,3.07,13.27,17.57,20.5,320480,-11.11,-25.0,0.888
2021-12-15T13:24:40.000,10.15,3.16,13.56,17.55,20.5,320481,-10.92,-25.0,0.888
2021-12-15T13:25:40.000,10.17,3.06,14.23,17.5,20.5,320482,-10.72,-25.0,0.888
2021-12-15T13:26:40.000,10.15,3.07,14.91,17.45,20.5,320483,-10.52,-26.0,0.888
2021-12-15T13:27:40.000,10.16,3.02,15.62,17.4,20.5,320484,-10.32,-26.0,0.888
2021-12-15T13:28:40.000,10.18,3.11,17.02,17.3,20.5,320485,-10.13,-26.0,0.888
2021-12-15T13:29:40.000,10.2,3.06,18.57,17.21,20.5,320486,-9.93,-26.0,0.888
2021-12-15T13:30:40.000,10.22,3.02,20.25,17.11,20.5,320487,-9.73,-26.0,0.888
2021-12-15T13:31:40.000,10.18,2.91,22.57,17.0,20.5,320488,-9.54,-26.0,0.888
2021-12-15T13:32:40.000,10.17,2.88,24.4,16.91,20.5,320489,-9.34,-27.0,0.888
2021-12-15T13:33:40.000,10.17,2.97,26.76,16.81,20.5,320490,-9.14,-27.0,0.888
2021-12-15T13:34:40.000,10.17,2.93,29.82,16.69,20.5,320491,-8.95,-27.0,0.888
2021-12-15T13:35:40.000,10.18,2.94,31.23,16.64,20.5,320492,-8.75,-27.0,0.888
2021-12-15T13:36:40.000,10.14,2.71,34.62,16.53,20.5,320493,-8.55,-27.0,0.888
2021-12-15T13:37:40.000,10.12,2.78,38.8,16.41,20.5,320494,-8.36,-27.0,0.888
2021-12-15T13:38:40.000,10.09,2.64,46.94,16.2,20.5,320495,-8.16,-27.0,0.888
2021-12-15T13:39:41.000,10.0,2.42,61.03,15.92,20.5,320496,-7.96,-28.0,0.888
2021-12-15T13:40:41.000,10.17,2.58,74.27,15.71,20.5,320497,-7.77,-28.0,0.888
2021-12-15T13:41:41.000,10.53,2.26,90.2,15.49,20.5,320498,-7.57,-28.0,0.888
2021-12-15T13:42:41.000,10.59,2.4,105.11,15.33,20.5,320499,-7.38,-28.0,0.889
2021-12-15T13:43:41.000,10.55,1.54,129.51,15.1,20.5,320500,-7.19,-28.0,0.889
2021-12-15T13:44:42.000,10.27,1.86,162.58,14.85,20.5,320501,-6.99,-28.0,0.889
2021-12-15T13:45:42.000,10.25,2.22,211.22,14.57,20.5,320502,-6.79,-29.0,0.889
2021-12-15T13:46:42.000,10.16,2.21,269.78,14.31,20.5,320503,-6.6,-29.0,0.889
2021-12-15T13:47:42.000,10.19,2.62,367.19,13.97,20.5,320504,-6.41,-29.0,0.889
2021-12-15T13:48:42.000,10.23,2.33,491.46,13.65,20.5,320505,-6.21,-29.0,0.889
2021-12-15T13:49:42.000,10.17,2.29,594.51,13.45,20.5,320506,-6.02,-29.0,0.889
2021-12-15T13:50:42.000,10.08,2.29,720.99,13.24,20.5,320507,-5.83,-29.0,0.889
2021-12-15T13:51:42.000,10.13,2.37,930.56,12.96,20.5,320508,-5.63,-29.0,0.889
2021-12-15T13:52:42.000,10.08,1.81,1192.53,12.69,20.5,320509,-5.44,-30.0,0.889
2021-12-15T13:53:43.000,10.01,2.0,1432.58,12.49,20.5,320510,-5.24,-30.0,0.889
2021-12-15T13:54:43.000,10.05,2.19,1773.06,12.26,20.5,320511,-5.05,-30.0,0.889
2021-12-15T13:55:43.000,10.12,2.33,2245.51,12.0,20.5,320512,-4.86,-30.0,0.889
2021-12-15T13:56:43.000,10.21,2.36,2798.63,11.77,20.5,320513,-4.67,-30.0,0.889
2021-12-15T13:57:43.000,10.21,2.13,3534.4,11.51,20.5,320514,-4.47,-30.0,0.889
2021-12-15T13:59:43.000,10.16,1.61,5471.17,11.04,20.5,320516,-4.09,-31.0,0.889
2021-12-15T14:01:43.000,10.07,1.22,8188.11,10.6,20.5,320518,-3.71,-31.0,0.889
2021-12-15T14:02:43.000,10.05,1.39,10141.44,10.37,20.5,320519,-3.52,-31.0,0.889
2021-12-15T14:03:43.000,10.06,1.61,14097.84,10.01,20.5,320520,-3.33,-31.0,0.889
2021-12-15T14:04:43.000,10.03,1.91,17632.73,9.84,20.5,320521,-3.14,-31.0,0.889
2021-12-15T14:05:43.000,10.05,2.32,20002.65,9.63,20.5,320522,-2.95,-31.0,0.889
2021-12-15T14:06:43.000,10.11,2.4,24018.22,9.57,20.5,320523,-2.75,-32.0,0.89
2021-12-15T14:07:43.000,10.13,2.49,29627.55,9.2,20.5,320524,-2.56,-32.0,0.89
2021-12-15T14:08:43.000,10.18,2.49,33175.33,9.15,20.5,320525,-2.38,-32.0,0.89
2021-12-15T14:09:44.000,10.23,2.67,38897.27,8.91,20.5,320526,-2.18,-32.0,0.89
2021-12-15T14:10:44.000,10.31,2.53,46554.56,8.71,20.5,320527,-1.99,-32.0,0.89
2021-12-15T14:11:44.000,10.27,2.4,54076.11,8.55,20.5,320528,-1.8,-32.0,0.89
2021-12-15T14:12:44.000,10.19,2.37,57888.07,7.94,20.5,320529,-1.62,-32.0,0.89
2021-12-15T14:13:44.000,10.22,2.58,0.0,0.0,20.5,320530,-1.43,-32.0,0.89
2021-12-15T14:14:44.000,10.21,2.48,0.0,0.0,20.5,320531,-1.24,-33.0,0.89
2021-12-15T14:15:44.000,10.23,2.82,0.0,0.0,20.5,320532,-1.05,-33.0,0.89
2021-12-15T14:16:44.000,10.25,2.94,0.0,0.0,20.5,320533,-0.86,-33.0,0.89
2021-12-15T14:17:44.000,10.36,3.13,0.46,0.18,20.5,320534,-0.67,-33.0,0.89
2021-12-15T14:18:44.000,10.39,3.0,0.0,0.0,20.5,320535,-0.49,-33.0,0.89
2021-12-15T14:19:44.000,10.38,2.85,0.0,0.0,20.5,320536,-0.3,-33.0,0.89
2021-12-15T14:20:44.000,10.34,2.92,0.0,0.0,20.5,320537,-0.11,-33.0,0.89
2021-12-15T14:28:45.000,10.61,2.96,0.0,0.0,20.5,320545,1.38,-34.0,0.89
2021-12-15T14:29:45.000,10.65,3.15,0.0,0.0,20.5,320546,1.56,-35.0,0.89
2021-12-15T14:30:45.000,10.73,3.11,0.0,0.0,20.5,320547,1.75,-35.0,0.89
2021-12-15T14:31:45.000,10.76,3.18,0.23,0.09,20.5,320548,1.93,-35.0,0.891
2021-12-15T14:32:45.000,10.86,3.13,0.0,0.0,20.5,320549,2.12,-35.0,0.891
2021-12-15T14:33:45.000,10.89,2.93,0.0,0.0,20.5,320550,2.3,-35.0,0.891
2021-12-15T14:34:45.000,10.92,3.26,0.0,0.0,20.5,320551,2.49,-35.0,0.891
2021-12-15T14:35:45.000,11.05,3.32,0.0,0.0,20.5,320552,2.67,-35.0,0.891
2021-12-15T14:36:45.000,11.15,3.2,0.0,0.0,20.5,320553,2.85,-35.0,0.891
2021-12-15T14:37:45.000,11.22,3.01,0.0,0.0,20.5,320554,3.04,-35.0,0.891
2021-12-15T14:39:51.000,11.3,2.79,0.0,0.0,20.5,320556,3.42,-36.0,0.891
2021-12-15T14:40:51.000,11.41,3.17,0.0,0.0,20.5,320557,3.6,-36.0,0.891
2021-12-15T14:41:51.000,11.51,3.27,0.0,0.0,20.5,320558,3.78,-36.0,0.891
2021-12-15T14:48:52.000,11.95,3.34,0.0,0.0,20.5,320565,5.05,-37.0,0.891
2021-12-15T14:49:52.000,11.99,3.29,0.0,0.0,20.5,320566,5.23,-37.0,0.891
2021-12-15T14:50:52.000,11.99,3.05,0.0,0.0,20.5,320567,5.41,-37.0,0.891
2021-12-15T14:52:55.000,11.89,2.81,0.0,0.0,20.5,320569,5.78,-37.0,0.891
2021-12-15T14:53:55.000,11.83,2.92,0.0,0.0,20.5,320570,5.96,-37.0,0.891
2021-12-15T14:56:00.000,11.96,3.09,0.0,0.0,20.5,320572,6.33,-38.0,0.892
2021-12-15T14:57:00.000,11.99,3.08,0.0,0.0,20.5,320573,6.51,-38.0,0.892
2021-12-15T14:59:00.000,12.11,3.12,0.0,0.0,20.5,320575,6.86,-38.0,0.892
2021-12-15T15:01:06.000,12.16,2.97,0.0,0.0,20.5,320577,7.23,-38.0,0.892
2021-12-15T15:02:06.000,12.14,3.01,0.0,0.0,20.5,320578,7.41,-38.0,0.892
2021-12-15T15:03:06.000,12.18,3.14,0.0,0.0,20.5,320579,7.58,-38.0,0.892
2021-12-15T15:12:06.000,12.66,3.44,0.0,0.0,20.5,320588,9.15,-39.0,0.892
2021-12-15T15:13:06.000,12.71,3.32,0.0,0.0,20.5,320589,9.33,-39.0,0.892
2021-12-15T15:14:06.000,12.75,3.11,0.0,0.0,20.5,320590,9.5,-39.0,0.892
2021-12-15T15:16:06.000,12.68,2.69,0.0,0.0,20.5,320592,9.84,-39.0,0.892
2021-12-15T15:17:07.000,12.69,2.95,0.0,0.0,20.5,320593,10.02,-40.0,0.892
2021-12-15T15:18:07.000,12.65,2.8,0.0,0.0,20.5,320594,10.19,-40.0,0.892
2021-12-15T15:32:07.000,13.16,2.63,0.0,0.0,20.5,320608,12.55,-41.0,0.893
2021-12-15T15:33:07.000,13.07,2.5,0.0,0.0,20.5,320609,12.71,-41.0,0.893
2021-12-15T15:34:08.000,12.93,2.38,0.0,0.0,20.5,320610,12.88,-41.0,0.893
2021-12-15T15:36:13.000,12.93,2.7,0.0,0.0,20.5,320612,13.23,-41.0,0.893
2021-12-15T15:37:13.000,13.02,3.31,0.0,0.0,20.5,320613,13.39,-41.0,0.893
2021-12-15T15:38:13.000,13.17,3.49,0.0,0.0,20.5,320614,13.55,-41.0,0.893
2021-12-15T15:55:16.000,13.95,3.89,0.0,0.0,20.5,320631,16.29,-42.0,0.894
2021-12-15T15:56:16.000,14.12,4.06,0.0,0.0,20.5,320632,16.44,-42.0,0.894
2021-12-15T15:57:16.000,14.23,3.63,0.0,0.0,20.5,320633,16.6,-42.0,0.894
2021-12-15T15:59:21.000,14.28,3.44,0.0,0.0,20.5,320635,16.92,-42.0,0.894
2021-12-15T16:00:21.000,14.26,3.51,0.0,0.0,20.5,320636,17.08,-42.0,0.894
2021-12-15T16:01:21.000,14.38,3.67,0.0,0.0,20.5,320637,17.23,-42.0,0.894
2021-12-15T16:15:22.000,15.48,4.13,0.0,0.0,20.5,320651,19.34,-43.0,0.895
2021-12-15T16:16:22.000,15.62,4.42,0.0,0.0,20.5,320652,19.49,-43.0,0.895
2021-12-15T16:17:22.000,15.73,4.44,0.0,0.0,20.5,320653,19.64,-43.0,0.895
2021-12-15T16:20:23.000,16.04,4.9,0.0,0.0,20.5,320656,20.08,-43.0,0.895
2021-12-15T16:22:23.000,16.35,5.22,0.0,0.0,20.5,320658,20.37,-43.0,0.895
2021-12-15T16:24:23.000,16.49,4.36,0.0,0.0,20.5,320660,20.65,-43.0,0.895
2021-12-15T16:25:23.000,16.25,3.56,0.0,0.0,20.5,320661,20.79,-43.0,0.895
2021-12-15T16:26:23.000,16.3,4.16,0.0,0.0,20.5,320662,20.94,-43.0,0.895
2021-12-15T16:28:23.000,16.37,4.11,0.0,0.0,20.5,320664,21.22,-43.0,0.895
2021-12-15T16:30:24.000,16.46,4.75,0.0,0.0,20.5,320666,21.5,-43.0,0.895
2021-12-15T16:31:24.000,16.61,4.96,0.0,0.0,20.5,320667,21.64,-43.0,0.895
2021-12-15T16:32:24.000,16.75,4.58,0.0,0.0,20.5,320668,21.78,-43.0,0.895
2021-12-15T16:36:25.000,17.15,3.28,0.0,0.0,20.5,320672,22.33,-43.0,0.896
2021-12-15T16:37:25.000,17.27,2.71,0.0,0.0,20.5,320673,22.47,-43.0,0.896
2021-12-15T16:38:25.000,17.42,2.91,0.0,0.0,20.5,320674,22.6,-43.0,0.896
2021-12-15T16:40:26.000,17.39,2.91,0.0,0.0,20.5,320676,22.87,-43.0,0.896
2021-12-15T16:41:26.000,17.4,3.26,0.0,0.0,20.5,320677,23.01,-43.0,0.896
2021-12-15T16:42:26.000,17.44,3.69,0.0,0.0,20.5,320678,23.14,-43.0,0.896
2021-12-15T16:43:26.000,17.49,3.49,0.0,0.0,20.5,320679,23.27,-43.0,0.896
2021-12-15T16:45:27.000,17.59,4.68,0.0,0.0,20.5,320681,23.54,-43.0,0.896
2021-12-15T16:46:27.000,17.83,4.81,0.0,0.0,20.5,320682,23.67,-43.0,0.896
2021-12-15T16:47:27.000,17.96,4.94,0.0,0.0,20.5,320683,23.8,-43.0,0.896
2021-12-15T16:48:27.000,18.06,5.83,0.0,0.0,20.5,320684,23.93,-43.0,0.896
2021-12-15T16:50:27.000,18.15,5.42,0.0,0.0,20.5,320686,24.19,-43.0,0.896
2021-12-15T16:51:27.000,18.22,5.08,0.0,0.0,20.5,320687,24.32,-43.0,0.896
2021-12-15T16:52:27.000,18.19,4.83,0.0,0.0,20.5,320688,24.44,-43.0,0.896
2021-12-15T16:56:28.000,18.6,6.25,0.0,0.0,20.5,320692,24.95,-43.0,0.896
2021-12-15T16:57:28.000,18.63,6.03,0.0,0.0,20.5,320693,25.07,-43.0,0.896
2021-12-15T16:58:28.000,18.66,6.26,0.0,0.0,20.5,320694,25.19,-43.0,0.896
2021-12-15T17:00:28.000,18.48,6.37,0.0,0.0,20.5,320696,25.44,-43.0,0.897
2021-12-15T17:01:28.000,18.6,6.55,0.0,0.0,20.5,320697,25.56,-43.0,0.897
2021-12-15T17:02:28.000,18.66,6.17,0.0,0.0,20.5,320698,25.68,-43.0,0.897
2021-12-15T17:04:28.000,18.88,6.71,0.0,0.0,20.5,320700,25.92,-43.0,0.897
2021-12-15T17:05:28.000,18.92,6.03,0.0,0.0,20.5,320701,26.04,-43.0,0.897
2021-12-15T17:06:28.000,18.53,4.73,0.0,0.0,20.5,320702,26.16,-43.0,0.897
2021-12-15T17:16:29.000,19.8,6.77,0.0,0.0,20.5,320712,27.3,-42.0,0.897
2021-12-15T17:17:29.000,20.01,6.75,0.0,0.0,20.5,320713,27.41,-42.0,0.897
