Downloads/jupyter/ECSV/stars19/stars19_2019-02.ecsv
# %ECSV 1.0
# ---
# datatype:
# - {name: time, datatype: string}
# - {name: Enclosure Temperature, unit: deg_C, datatype: float64}
# - {name: Sky Temperature, unit: deg_C, datatype: float64}
# - {name: Frequency, unit: Hz, datatype: float64}
# - {name: MSAS, unit: mag / arcsec2, datatype: float64}
# - {name: ZP, datatype: float64}
# - {name: Sequence Number, datatype: int64}
# - {name: Sun Alt, unit: deg, datatype: float64}
# - {name: Moon Alt, unit: deg, datatype: float64}
# - {name: Moon Illumination, datatype: float64}
# delimiter: ','
# meta: !!omap
# - ida:
#     Data supplier: {affiliation: null, observer: null}
#     Device type: TESS-W
#     Field of view: 17.0
#     Filters per channel: None
#     Instrument ID: stars19
#     License: ODbL 1.0 http://opendatacommons.org/licenses/odbl/summary/
#     Local timezone: America/Phoenix
#     Location name: {country: '- Tucson', place: Tucson, region: United States, sub_region: Arizona, town: Pima County}
#     Measurement direction per channel: {azimuth: 0.0, zenital: 0.0}
#     Moving / Fixed look direction: FIXED
#     Moving / Stationary position: STATIONARY
#     Number of channels: 1
#     Number of fields per line: 8
#     Number of header lines: 35
#     Position: {height: 0.0, latitude: 32.223877, longitude: -110.767532}
#     TESS MAC address: 18:FE:34:CF:EC:06
#     TESS cover offset value: 0.0
#     TESS firmware version: '1.0'
#     TESS zero point: 20.5
#     Time Synchronization: timestamp added by MQTT subscriber
#     URL: http://www.darksky.org/NSBM/sdf1.0.pdf
# - __serialized_columns__:
#     Enclosure Temperature:
#       __class__: astropy.units.quantity.Quantity
#       unit: &id001 !astropy.units.Unit {unit: deg_C}
#       value: !astropy.table.SerializedColumn {name: Enclosure Temperature}
#     Frequency:
#       __class__: astropy.units.quantity.Quantity
#       unit: !astropy.units.Unit {unit: Hz}
#       value: !astropy.table.SerializedColumn {name: Frequency}
#     MSAS:
#       __class__: astropy.units.quantity.Quantity
#       unit: !astropy.units.Unit {unit: mag / arcsec2}
#       value: !astropy.table.SerializedColumn {name: MSAS}
#     Moon Alt:
#       __class__: astropy.units.quantity.Quantity
#       unit: &id002 !astropy.units.Unit {unit: deg}
#       value: !astropy.table.SerializedColumn {name: Moon Alt}
#     Sky Temperature:
#       __class__: astropy.units.quantity.Quantity
#       unit: *id001
#       value: !astropy.table.SerializedColumn {name: Sky Temperature}
#     Sun Alt:
#       __class__: astropy.units.quantity.Quantity
#       unit: *id002
#       value: !astropy.table.SerializedColumn {name: Sun Alt}
#     time:
#       __class__: astropy.time.core.Time
#       format: isot
#       in_subfmt: '*'
#       out_subfmt: '*'
#       precision: 3
#       scale: utc
#       value: !astropy.table.SerializedColumn {name: time}
# schema: astropy-2.0
time,Enclosure Temperature,Sky Temperature,Frequency,MSAS,ZP,Sequence Number,Sun Alt,Moon Alt,Moon Illumination
[from data line 213]
2019-02-26T12:30:50.000,10.29,-15.49,1.7,19.81,20.5,5331,-18.38,37.0,0.497
2019-02-26T12:32:50.000,11.12,-15.3,1.71,19.8,20.5,5333,-17.96,38.0,0.497
2019-02-26T12:33:50.000,11.09,-15.17,1.72,19.79,20.5,5334,-17.75,38.0,0.497
2019-02-26T12:34:50.000,10.87,-15.21,4.75,19.3,20.5,5335,-17.54,38.0,0.497
2019-02-26T12:37:51.000,9.95,-15.15,1.72,19.79,20.5,5338,-16.9,38.0,0.496
2019-02-26T12:38:51.000,10.02,-15.34,1.73,19.79,20.5,5339,-16.69,38.0,0.496
2019-02-26T12:39:52.000,10.53,-15.34,1.73,19.79,20.5,5340,-16.47,38.0,0.496
2019-02-26T12:40:52.000,10.81,-15.4,1.73,19.78,20.5,5341,-16.26,38.0,0.496
2019-02-26T12:41:52.000,10.77,-15.58,1.73,19.78,20.5,5342,-16.05,38.0,0.496
2019-02-26T12:42:52.000,10.6,-15.11,1.74,19.78,20.5,5343,-15.84,38.0,0.496
2019-02-26T12:43:52.000,10.4,-15.03,1.75,19.78,20.5,5344,-15.62,38.0,0.496
2019-02-26T12:44:53.000,10.14,-15.07,1.76,19.77,20.5,5345,-15.41,38.0,0.496
2019-02-26T12:45:53.000,9.88,-15.25,1.76,19.76,20.5,5346,-15.2,38.0,0.496
2019-02-26T12:46:53.000,10.11,-15.63,1.77,19.76,20.5,5347,-14.99,38.0,0.496
2019-02-26T12:47:53.000,10.6,-15.73,1.78,19.75,20.5,5348,-14.77,38.0,0.496
2019-02-26T12:48:53.000,10.9,-15.42,1.8,19.74,20.5,5349,-14.56,38.0,0.496
2019-02-26T12:49:54.000,10.92,-15.36,1.82,19.73,20.5,5350,-14.35,38.0,0.495
2019-02-26T12:50:54.000,10.72,-15.49,1.85,19.71,20.5,5351,-14.14,38.0,0.495
2019-02-26T12:51:54.000,10.41,-15.45,1.88,19.7,20.5,5352,-13.92,38.0,0.495
2019-02-26T12:53:54.000,9.8,-15.54,1.96,19.65,20.5,5354,-13.5,39.0,0.495
2019-02-26T12:54:55.000,10.27,-15.84,2.01,19.62,20.5,5355,-13.29,39.0,0.495
2019-02-26T12:55:55.000,10.75,-15.88,2.09,19.58,20.5,5356,-13.07,39.0,0.495
2019-02-26T12:56:55.000,10.92,-15.7,2.18,19.53,20.5,5357,-12.86,39.0,0.495
2019-02-26T12:57:55.000,10.86,-15.52,2.28,19.49,20.5,5358,-12.65,39.0,0.495
2019-02-26T12:58:56.000,10.62,-15.53,2.4,19.43,20.5,5359,-12.44,39.0,0.495
2019-02-26T12:59:56.000,10.32,-15.34,2.53,19.37,20.5,5360,-12.22,39.0,0.495
2019-02-26T13:00:56.000,10.02,-15.23,2.71,19.3,20.5,5361,-12.01,39.0,0.495
2019-02-26T13:01:56.000,9.92,-15.42,2.91,19.22,20.5,5362,-11.8,39.0,0.495
2019-02-26T13:02:56.000,10.36,-15.68,3.17,19.13,20.5,5363,-11.59,39.0,0.495
2019-02-26T13:03:57.000,10.72,-15.67,3.48,19.03,20.5,5364,-11.38,39.0,0.495
2019-02-26T13:04:57.000,10.86,-15.46,3.86,18.91,20.5,5365,-11.16,39.0,0.494
2019-02-26T13:05:57.000,10.71,-16.01,4.32,18.79,20.5,5366,-10.95,39.0,0.494
2019-02-26T13:06:57.000,10.28,-15.92,4.88,18.66,20.5,5367,-10.74,39.0,0.494
2019-02-26T13:07:57.000,9.96,-15.44,5.55,18.52,20.5,5368,-10.53,39.0,0.494
2019-02-26T13:08:58.000,9.96,-15.56,6.38,18.37,20.5,5369,-10.32,39.0,0.494
2019-02-26T13:09:58.000,10.45,-15.74,7.38,18.21,20.5,5370,-10.1,39.0,0.494
2019-02-26T13:10:58.000,10.71,-15.8,8.61,18.04,20.5,5371,-9.89,39.0,0.494
2019-02-26T13:11:58.000,10.71,-15.68,10.15,17.87,20.5,5372,-9.68,39.0,0.494
2019-02-26T13:12:59.000,10.53,-15.6,11.96,17.69,20.5,5373,-9.47,39.0,0.494
2019-02-26T13:16:59.000,10.63,-15.84,24.84,16.89,20.5,5377,-8.62,39.0,0.494
2019-02-26T13:18:00.000,10.96,-15.78,30.37,16.68,20.5,5378,-8.41,39.0,0.494
2019-02-26T13:19:00.000,10.92,-15.85,37.34,16.45,20.5,5379,-8.2,39.0,0.493
2019-02-26T13:20:00.000,10.72,-15.53,45.72,16.23,20.5,5380,-7.99,39.0,0.493
2019-02-26T13:21:01.000,10.42,-15.48,57.43,15.98,20.5,5381,-7.77,39.0,0.493
2019-02-26T13:22:01.000,10.07,-15.48,72.36,15.73,20.5,5382,-7.56,39.0,0.493
2019-02-26T13:23:01.000,9.82,-15.57,92.4,15.47,20.5,5383,-7.35,39.0,0.493
2019-02-26T13:24:01.000,10.21,-16.03,118.05,15.2,20.5,5384,-7.14,39.0,0.493
2019-02-26T13:25:01.000,10.65,-15.97,152.27,14.93,20.5,5385,-6.93,39.0,0.493
2019-02-26T13:26:02.000,10.79,-15.87,197.78,14.64,20.5,5386,-6.72,39.0,0.493
2019-02-26T13:27:02.000,10.71,-15.65,256.9,14.36,20.5,5387,-6.51,39.0,0.493
2019-02-26T13:29:02.000,10.16,-15.77,435.37,13.79,20.5,5389,-6.09,39.0,0.493
2019-02-26T13:30:02.000,9.8,-15.49,567.67,13.5,20.5,5390,-5.88,39.0,0.493
2019-02-26T13:31:02.000,9.45,-15.45,741.15,13.21,20.5,5391,-5.67,39.0,0.493
2019-02-26T13:33:02.000,8.83,-15.33,1260.54,12.63,20.5,5393,-5.25,39.0,0.492
2019-02-26T13:34:02.000,8.55,-15.35,1637.03,12.35,20.5,5394,-5.04,39.0,0.492
2019-02-26T13:35:02.000,8.32,-15.22,2127.4,12.06,20.5,5395,-4.83,39.0,0.492
2019-02-26T13:36:02.000,8.09,-15.26,2774.38,11.78,20.5,5396,-4.62,39.0,0.492
2019-02-26T13:38:03.000,7.7,-15.35,4832.72,11.17,20.5,5398,-4.19,39.0,0.492
2019-02-26T13:50:04.000,6.35,-15.46,58753.21,8.46,20.5,5410,-1.68,39.0,0.491
2019-02-26T13:51:04.000,6.31,-15.29,13364.09,1.75,20.5,5411,-1.47,39.0,0.491
2019-02-28T13:10:38.000,10.44,-11.38,11.32,17.75,20.5,8238,-9.5,29.0,0.301
2019-02-28T13:11:38.000,10.4,-11.32,13.75,17.54,20.5,8239,-9.29,29.0,0.301
2019-02-28T13:12:39.000,10.35,-11.34,16.51,17.34,20.5,8240,-9.07,29.0,0.301
2019-02-28T13:13:39.000,10.28,-11.38,20.03,17.13,20.5,8241,-8.86,29.0,0.301
2019-02-28T13:14:39.000,10.22,-11.34,24.57,16.91,20.5,8242,-8.65,29.0,0.301
2019-02-28T13:15:39.000,10.17,-11.34,30.09,16.69,20.5,8243,-8.44,30.0,0.301
2019-02-28T13:16:39.000,10.1,-11.37,37.07,16.46,20.5,8244,-8.23,30.0,0.301
2019-02-28T13:17:40.000,10.05,-11.38,45.25,16.24,20.5,8245,-8.01,30.0,0.301
2019-02-28T13:19:40.000,10.07,-11.38,72.04,15.74,20.5,8247,-7.59,30.0,0.301
2019-02-28T13:20:40.000,10.21,-11.55,92.18,15.47,20.5,8248,-7.38,30.0,0.301
2019-02-28T13:21:41.000,10.25,-11.45,118.4,15.2,20.5,8249,-7.16,30.0,0.301
2019-02-28T13:22:41.000,10.28,-11.47,152.7,14.92,20.5,8250,-6.95,30.0,0.301
2019-02-28T13:23:41.000,10.26,-11.44,198.38,14.64,20.5,8251,-6.74,30.0,0.3
2019-02-28T13:24:41.000,10.23,-11.41,259.13,14.35,20.5,8252,-6.53,30.0,0.3
2019-02-28T13:25:41.000,10.17,-11.41,339.37,14.06,20.5,8253,-6.32,31.0,0.3
2019-02-28T13:26:42.000,10.11,-11.4,445.82,13.76,20.5,8254,-6.11,31.0,0.3
2019-02-28T13:27:42.000,10.04,-11.41,586.56,13.46,20.5,8255,-5.9,31.0,0.3
2019-02-28T13:30:42.000,9.88,-11.47,1352.52,12.56,20.5,8258,-5.27,31.0,0.3
2019-02-28T13:31:43.000,9.84,-11.44,1797.4,12.25,20.5,8259,-5.05,31.0,0.3
2019-02-28T13:32:43.000,9.8,-11.54,2379.24,11.94,20.5,8260,-4.84,31.0,0.3
2019-02-28T13:33:43.000,9.73,-11.56,3113.64,11.65,20.5,8261,-4.63,31.0,0.3
2019-02-28T13:34:43.000,9.67,-11.63,4035.71,11.37,20.5,8262,-4.42,31.0,0.3
2019-02-28T13:35:43.000,9.62,-11.51,5206.67,11.09,20.5,8263,-4.21,31.0,0.3
2019-02-28T13:36:44.000,9.58,-11.49,6686.09,10.82,20.5,8264,-4.0,32.0,0.3
2019-02-28T13:37:44.000,9.54,-11.55,8489.55,10.56,20.5,8265,-3.79,32.0,0.3
2019-02-28T13:38:44.000,9.53,-11.53,10670.42,10.31,20.5,8266,-3.58,32.0,0.3
2019-02-28T13:39:44.000,9.52,-11.57,13311.82,10.07,20.5,8267,-3.37,32.0,0.3
2019-02-28T13:40:45.000,9.52,-11.57,16495.13,9.84,20.5,8268,-3.15,32.0,0.299
2019-02-28T13:41:45.000,9.49,-11.59,20295.73,9.61,20.5,8269,-2.94,32.0,0.299
2019-02-28T13:42:45.000,9.49,-11.58,24178.08,9.56,20.5,8270,-2.73,32.0,0.299
2019-02-28T13:43:46.000,9.48,-11.59,29856.38,9.19,20.5,8271,-2.52,32.0,0.299
2019-02-28T13:44:46.000,9.48,-11.61,35283.62,9.1,20.5,8272,-2.31,32.0,0.299
2019-02-28T13:45:46.000,9.47,-11.6,42204.65,8.82,20.5,8273,-2.1,32.0,0.299
2019-02-28T13:46:46.000,9.47,-11.57,49533.51,8.64,20.5,8274,-1.89,32.0,0.299
2019-02-28T13:47:46.000,9.46,-11.61,57654.18,8.48,20.5,8275,-1.68,32.0,0.299
2019-02-28T13:48:47.000,9.46,-11.59,22112.54,2.92,20.5,8276,-1.47,33.0,0.299
2019-02-28T13:49:47.000,9.45,-11.62,0.0,0.0,20.5,8277,-1.26,33.0,0.299
2019-02-28T13:50:47.000,9.43,-11.7,0.0,0.0,20.5,8278,-1.05,33.0,0.299
2019-02-28T13:52:48.000,9.39,-11.67,0.0,0.0,20.5,8280,-0.63,33.0,0.299
2019-02-28T13:53:48.000,9.38,-11.67,0.0,0.0,20.5,8281,-0.42,33.0,0.299
