Downloads/jupyter/ECSV/stars19/stars19_2020-10.ecsv
# %ECSV 1.0
# ---
# datatype:
# - {name: time, datatype: string}
# - {name: Enclosure Temperature, unit: deg_C, datatype: float64}
# - {name: Sky Temperature, unit: deg_C, datatype: float64}
# - {name: Frequency, unit: Hz, datatype: float64}
# - {name: MSAS, unit: mag / arcsec2, datatype: float64}
# - {name: ZP, datatype: float64}
# - {name: Sequence Number, datatype: int64}
# - {name: Sun Alt, unit: deg, datatype: float64}
# - {name: Moon Alt, unit: deg, datatype: float64}
# - {name: Moon Illumination, datatype: float64}
# delimiter: ','
# meta: !!omap
# - ida:
#     Data supplier: {affiliation: null, observer: null}
#     Device type: TESS-W
#     Field of view: 17.0
#     Filters per channel: None
#     Instrument ID: stars19
#     License: ODbL 1.0 http://opendatacommons.org/licenses/odbl/summary/
#     Local timezone: America/Phoenix
#     Location name: {country: '- Tucson', place: Tucson, region: United States, sub_region: Arizona, town: Pima County}
#     Measurement direction per channel: {azimuth: 0.0, zenital: 0.0}
#     Moving / Fixed look direction: FIXED
#     Moving / Stationary position: STATIONARY
#     Number of channels: 1
#     Number of fields per line: 8
#     Number of header lines: 35
#     Position: {height: 0.0, latitude: 32.223877, longitude: -110.767532}
#     TESS MAC address: 18:FE:34:CF:EC:06
#     TESS cover offset value: 0.0
#     TESS firmware version: '1.0'
#     TESS zero point: 20.5
#     Time Synchronization: timestamp added by MQTT subscriber
#     URL: http://www.darksky.org/NSBM/sdf1.0.pdf
# - __serialized_columns__:
#     Enclosure Temperature:
#       __class__: astropy.units.quantity.Quantity
#       unit: &id001 !astropy.units.Unit {unit: deg_C}
#       value: !astropy.table.SerializedColumn {name: Enclosure Temperature}
#     Frequency:
#       __class__: astropy.units.quantity.Quantity
#       unit: !astropy.units.Unit {unit: Hz}
#       value: !astropy.table.SerializedColumn {name: Frequency}
#     MSAS:
#       __class__: astropy.units.quantity.Quantity
#       unit: !astropy.units.Unit {unit: mag / arcsec2}
#       value: !astropy.table.SerializedColumn {name: MSAS}
#     Moon Alt:
#       __class__: astropy.units.quantity.Quantity
#       unit: &id002 !astropy.units.Unit {unit: deg}
#       value: !astropy.table.SerializedColumn {name: Moon Alt}
#     Sky Temperature:
#       __class__: astropy.units.quantity.Quantity
#       unit: *id001
#       value: !astropy.table.SerializedColumn {name: Sky Temperature}
#     Sun Alt:
#       __class__: astropy.units.quantity.Quantity
#       unit: *id002
#       value: !astropy.table.SerializedColumn {name: Sun Alt}
#     time:
#       __class__: astropy.time.core.Time
#       format: isot
#       in_subfmt: '*'
#       out_subfmt: '*'
#       precision: 3
#       scale: utc
#       value: !astropy.table.SerializedColumn {name: time}
# schema: astropy-2.0
time,Enclosure Temperature,Sky Temperature,Frequency,MSAS,ZP,Sequence Number,Sun Alt,Moon Alt,Moon Illumination
[from data line 9260]
2020-10-14T22:40:36.000,39.68,12.18,0.0,0.0,20.5,77396,25.12,15.0,0.055
2020-10-14T22:42:36.000,39.75,12.21,0.0,0.0,20.5,77398,24.75,14.0,0.055
2020-10-14T22:43:36.000,39.72,11.99,0.0,0.0,20.5,77399,24.57,14.0,0.055
2020-10-14T22:44:36.000,39.68,11.79,0.0,0.0,20.5,77400,24.38,14.0,0.055
2020-10-14T22:49:36.000,39.61,12.13,0.0,0.0,20.5,77405,23.45,13.0,0.054
2020-10-14T22:50:36.000,39.54,11.72,0.0,0.0,20.5,77406,23.26,13.0,0.054
2020-10-14T22:51:36.000,39.42,11.8,0.0,0.0,20.5,77407,23.07,12.0,0.054
2020-10-14T22:53:36.000,39.39,12.01,0.0,0.0,20.5,77409,22.7,12.0,0.054
2020-10-14T22:54:37.000,39.42,12.22,0.0,0.0,20.5,77410,22.5,12.0,0.054
2020-10-14T22:55:38.000,39.42,12.05,0.0,0.0,20.5,77411,22.31,12.0,0.054
2020-10-14T22:59:38.000,39.16,11.95,0.0,0.0,20.5,77415,21.55,11.0,0.054
2020-10-14T23:00:38.000,39.2,12.18,0.0,0.0,20.5,77416,21.36,11.0,0.054
2020-10-14T23:01:38.000,39.17,12.03,0.0,0.0,20.5,77417,21.17,10.0,0.054
2020-10-14T23:03:44.000,39.12,12.1,0.0,0.0,20.5,77419,20.77,10.0,0.054
2020-10-14T23:04:44.000,39.07,11.96,0.0,0.0,20.5,77420,20.58,10.0,0.054
2020-10-14T23:05:45.000,39.02,11.94,0.0,0.0,20.5,77421,20.39,10.0,0.054
2020-10-15T00:51:58.000,34.46,8.9,0.0,0.0,20.5,77527,-1.06,-12.0,0.05
2020-10-15T00:52:58.000,34.4,8.9,0.0,0.0,20.5,77528,-1.26,-12.0,0.05
2020-10-15T00:53:58.000,34.37,8.91,0.0,0.0,20.5,77529,-1.47,-13.0,0.05
2020-10-15T00:54:58.000,34.34,8.85,49939.87,6.82,20.5,77530,-1.68,-13.0,0.05
2020-10-15T00:55:58.000,34.28,8.82,54286.38,8.54,20.5,77531,-1.89,-13.0,0.05
2020-10-15T00:56:58.000,34.24,8.78,46912.81,8.7,20.5,77532,-2.1,-13.0,0.05
2020-10-15T00:57:59.000,34.2,8.7,40161.22,8.87,20.5,77533,-2.31,-13.0,0.05
2020-10-15T00:58:58.000,34.15,8.69,34062.65,9.05,20.5,77534,-2.52,-14.0,0.05
2020-10-15T00:59:59.000,34.09,8.63,28644.11,9.24,20.5,77535,-2.73,-14.0,0.05
2020-10-15T01:00:59.000,34.04,8.61,23827.2,9.44,20.5,77536,-2.94,-14.0,0.05
2020-10-15T01:01:59.000,33.98,8.48,19405.79,9.74,20.5,77537,-3.15,-14.0,0.05
2020-10-15T01:02:59.000,33.9,8.45,16010.13,9.87,20.5,77538,-3.36,-14.0,0.049
2020-10-15T01:03:59.000,33.85,8.48,12925.91,10.1,20.5,77539,-3.57,-15.0,0.049
2020-10-15T01:04:59.000,33.81,8.41,10333.01,10.35,20.5,77540,-3.78,-15.0,0.049
2020-10-15T01:05:59.000,33.75,8.37,8193.44,10.6,20.5,77541,-3.99,-15.0,0.049
2020-10-15T01:06:59.000,33.68,8.27,6434.49,10.86,20.5,77542,-4.2,-15.0,0.049
2020-10-15T01:08:00.000,33.62,8.25,5013.71,11.13,20.5,77543,-4.41,-15.0,0.049
2020-10-15T01:09:00.000,33.55,8.18,3874.2,11.41,20.5,77544,-4.62,-15.0,0.049
2020-10-15T01:10:00.000,33.5,8.16,2979.57,11.7,20.5,77545,-4.83,-16.0,0.049
2020-10-15T01:11:00.000,33.45,8.07,2295.21,11.98,20.5,77546,-5.04,-16.0,0.049
2020-10-15T01:12:00.000,33.37,8.03,1764.02,12.27,20.5,77547,-5.25,-16.0,0.049
2020-10-15T01:13:00.000,33.32,8.05,1353.82,12.55,20.5,77548,-5.46,-16.0,0.049
2020-10-15T01:14:00.000,33.28,8.04,1037.6,12.84,20.5,77549,-5.67,-16.0,0.049
2020-10-15T01:15:00.000,33.23,7.99,795.39,13.13,20.5,77550,-5.88,-17.0,0.049
2020-10-15T01:16:00.000,33.17,7.93,611.12,13.42,20.5,77551,-6.09,-17.0,0.049
2020-10-15T01:17:00.000,33.14,7.94,470.65,13.7,20.5,77552,-6.3,-17.0,0.049
2020-10-15T01:18:00.000,33.09,7.87,362.98,13.98,20.5,77553,-6.51,-17.0,0.049
2020-10-15T01:19:00.000,33.03,7.78,280.54,14.26,20.5,77554,-6.72,-17.0,0.049
2020-10-15T01:20:01.000,32.97,7.69,217.87,14.54,20.5,77555,-6.94,-18.0,0.049
2020-10-15T01:21:00.000,32.93,7.74,169.64,14.81,20.5,77556,-7.15,-18.0,0.049
2020-10-15T01:22:01.000,32.87,7.65,132.75,15.08,20.5,77557,-7.36,-18.0,0.049
2020-10-15T01:23:03.000,32.81,7.59,104.63,15.33,20.5,77558,-7.58,-18.0,0.049
2020-10-15T01:24:02.000,32.75,7.53,81.56,15.42,20.5,77559,-7.78,-18.0,0.049
2020-10-15T01:25:03.000,32.67,7.49,65.64,15.84,20.5,77560,-8.0,-19.0,0.049
2020-10-15T01:26:02.000,32.6,7.44,51.26,16.11,20.5,77561,-8.21,-19.0,0.049
2020-10-15T01:27:03.000,32.54,7.38,42.91,16.3,20.5,77562,-8.42,-19.0,0.049
2020-10-15T01:28:03.000,32.46,7.29,34.87,16.53,20.5,77563,-8.63,-19.0,0.049
2020-10-15T01:29:03.000,32.4,7.34,28.52,16.74,20.5,77564,-8.84,-19.0,0.049
2020-10-15T01:30:03.000,32.32,7.23,23.65,16.95,20.5,77565,-9.05,-20.0,0.049
2020-10-15T01:32:04.000,32.14,7.09,16.33,17.35,20.5,77567,-9.48,-20.0,0.048
2020-10-15T01:33:05.000,32.03,7.04,13.79,17.53,20.5,77568,-9.69,-20.0,0.048
2020-10-15T01:34:05.000,31.97,7.19,11.54,17.73,20.5,77569,-9.9,-20.0,0.048
2020-10-15T01:35:05.000,31.9,7.12,9.82,17.9,20.5,77570,-10.12,-21.0,0.048
2020-10-15T01:36:05.000,31.84,7.08,8.36,18.08,20.5,77571,-10.33,-21.0,0.048
2020-10-15T01:37:05.000,31.73,6.83,7.15,18.25,20.5,77572,-10.54,-21.0,0.048
2020-10-15T01:38:05.000,31.7,7.09,6.18,18.4,20.5,77573,-10.75,-21.0,0.048
2020-10-15T01:39:05.000,31.65,6.98,5.35,18.56,20.5,77574,-10.96,-21.0,0.048
2020-10-15T01:40:05.000,31.61,7.06,4.67,18.71,20.5,77575,-11.17,-22.0,0.048
2020-10-15T01:41:05.000,31.59,7.02,4.12,18.84,20.5,77576,-11.38,-22.0,0.048
2020-10-15T01:42:05.000,31.55,6.99,3.66,18.97,20.5,77577,-11.59,-22.0,0.048
2020-10-15T01:44:14.000,31.41,6.73,2.94,19.21,20.5,77579,-12.05,-22.0,0.048
2020-10-15T01:45:14.000,31.38,6.9,2.69,19.3,20.5,77580,-12.26,-23.0,0.048
2020-10-15T01:46:14.000,31.35,6.76,2.49,19.39,20.5,77581,-12.47,-23.0,0.048
2020-10-15T01:47:14.000,31.29,6.72,2.34,19.46,20.5,77582,-12.68,-23.0,0.048
2020-10-15T01:48:14.000,31.27,6.82,6.1,18.64,20.5,77583,-12.9,-23.0,0.048
2020-10-15T01:50:14.000,31.2,6.7,10.33,17.84,20.5,77585,-13.32,-23.0,0.048
2020-10-15T01:51:14.000,31.18,6.65,9.14,18.07,20.5,77586,-13.53,-24.0,0.048
2020-10-15T01:52:14.000,31.16,6.64,1.89,19.69,20.5,77587,-13.74,-24.0,0.048
2020-10-15T01:53:14.000,31.14,6.62,1.84,19.72,20.5,77588,-13.95,-24.0,0.048
2020-10-15T01:54:14.000,31.11,6.56,1.8,19.74,20.5,77589,-14.16,-24.0,0.048
2020-10-15T01:55:14.000,31.08,6.51,1.76,19.76,20.5,77590,-14.38,-24.0,0.048
2020-10-15T01:56:14.000,31.02,6.38,1.74,19.78,20.5,77591,-14.59,-25.0,0.048
2020-10-15T01:57:14.000,30.97,6.36,1.72,19.79,20.5,77592,-14.8,-25.0,0.048
2020-10-15T01:58:15.000,30.89,6.26,1.77,19.76,20.5,77593,-15.01,-25.0,0.048
2020-10-15T02:00:16.000,30.76,6.27,1.68,19.82,20.5,77595,-15.44,-25.0,0.047
2020-10-15T02:01:16.000,30.74,6.39,1.69,19.81,20.5,77596,-15.65,-26.0,0.047
2020-10-15T02:02:16.000,30.74,6.39,1.69,19.81,20.5,77597,-15.86,-26.0,0.047
2020-10-15T02:03:16.000,30.72,6.3,1.68,19.82,20.5,77598,-16.08,-26.0,0.047
2020-10-15T02:04:16.000,30.7,6.29,1.68,19.82,20.5,77599,-16.29,-26.0,0.047
2020-10-15T02:05:16.000,30.69,6.23,1.67,19.82,20.5,77600,-16.5,-26.0,0.047
2020-10-15T02:06:17.000,30.66,6.13,1.67,19.83,20.5,77601,-16.71,-26.0,0.047
2020-10-15T02:07:17.000,30.62,6.04,1.66,19.83,20.5,77602,-16.93,-27.0,0.047
2020-10-15T02:08:17.000,30.56,6.05,1.66,19.83,20.5,77603,-17.14,-27.0,0.047
2020-10-15T02:09:17.000,30.53,6.11,1.67,19.83,20.5,77604,-17.35,-27.0,0.047
2020-10-15T02:10:17.000,30.51,6.12,1.65,19.83,20.5,77605,-17.56,-27.0,0.047
2020-10-15T02:11:17.000,30.48,6.06,1.65,19.83,20.5,77606,-17.77,-27.0,0.047
2020-10-15T02:12:17.000,30.44,6.04,1.65,19.84,20.5,77607,-17.98,-28.0,0.047
2020-10-15T02:13:17.000,30.4,6.02,1.65,19.84,20.5,77608,-18.2,-28.0,0.047
2020-10-15T02:14:17.000,30.36,5.95,1.65,19.84,20.5,77609,-18.41,-28.0,0.047
2020-10-15T02:15:17.000,30.32,5.89,1.71,19.8,20.5,77610,-18.62,-28.0,0.047
2020-10-15T02:16:17.000,30.29,5.89,1.73,19.78,20.5,77611,-18.83,-28.0,0.047
2020-10-15T02:17:17.000,30.21,5.82,1.75,19.77,20.5,77612,-19.04,-29.0,0.047
2020-10-15T02:18:17.000,30.17,5.9,1.77,19.76,20.5,77613,-19.25,-29.0,0.047
2020-10-15T02:19:17.000,30.15,5.92,1.73,19.78,20.5,77614,-19.47,-29.0,0.047
2020-10-15T02:20:17.000,30.12,5.9,1.9,19.7,20.5,77615,-19.68,-29.0,0.047
2020-10-15T02:21:17.000,30.11,5.9,3.89,19.15,20.5,77616,-19.89,-29.0,0.047
2020-10-15T02:22:17.000,30.08,5.86,1.67,19.82,20.5,77617,-20.1,-29.0,0.047
2020-10-15T02:23:18.000,30.06,5.84,1.63,19.85,20.5,77618,-20.32,-30.0,0.047
2020-10-15T02:26:24.000,30.04,5.81,1.61,19.86,20.5,77621,-20.97,-30.0,0.047
2020-10-15T02:27:24.000,30.03,5.79,1.61,19.87,20.5,77622,-21.18,-30.0,0.046
2020-10-15T02:28:24.000,30.02,5.7,1.61,19.86,20.5,77623,-21.39,-31.0,0.046
2020-10-15T02:29:24.000,29.99,5.69,1.61,19.86,20.5,77624,-21.6,-31.0,0.046
2020-10-15T02:30:24.000,29.98,5.72,1.61,19.86,20.5,77625,-21.82,-31.0,0.046
2020-10-15T02:31:24.000,29.97,5.64,1.61,19.86,20.5,77626,-22.03,-31.0,0.046
2020-10-15T02:32:24.000,29.95,5.57,1.61,19.86,20.5,77627,-22.24,-31.0,0.046
2020-10-15T02:33:25.000,29.93,5.51,1.61,19.86,20.5,77628,-22.45,-31.0,0.046
2020-10-15T02:34:25.000,29.89,5.49,1.61,19.86,20.5,77629,-22.66,-32.0,0.046
2020-10-15T02:35:25.000,29.87,5.47,1.6,19.87,20.5,77630,-22.88,-32.0,0.046
2020-10-15T02:36:25.000,29.83,5.49,1.59,19.87,20.5,77631,-23.09,-32.0,0.046
2020-10-15T02:37:25.000,29.81,5.46,1.59,19.88,20.5,77632,-23.3,-32.0,0.046
2020-10-15T02:38:25.000,29.78,5.46,1.59,19.87,20.5,77633,-23.51,-32.0,0.046
2020-10-15T02:39:25.000,29.76,5.48,1.59,19.87,20.5,77634,-23.72,-32.0,0.046
2020-10-15T02:40:25.000,29.71,5.39,1.59,19.87,20.5,77635,-23.93,-33.0,0.046
2020-10-15T02:41:25.000,29.66,5.42,1.59,19.88,20.5,77636,-24.14,-33.0,0.046
2020-10-15T02:42:25.000,29.63,5.4,1.59,19.88,20.5,77637,-24.35,-33.0,0.046
2020-10-15T02:44:26.000,29.55,5.27,1.58,19.88,20.5,77639,-24.78,-33.0,0.046
2020-10-15T02:45:26.000,29.5,5.27,1.58,19.88,20.5,77640,-24.99,-34.0,0.046
2020-10-15T02:47:31.000,29.45,5.32,1.57,19.89,20.5,77642,-25.43,-34.0,0.046
2020-10-15T02:48:31.000,29.42,5.24,1.57,19.89,20.5,77643,-25.64,-34.0,0.046
2020-10-15T02:49:31.000,29.36,5.21,1.57,19.89,20.5,77644,-25.85,-34.0,0.046
2020-10-15T02:50:31.000,29.33,5.23,1.57,19.89,20.5,77645,-26.06,-34.0,0.046
2020-10-15T02:51:31.000,29.3,5.2,1.57,19.89,20.5,77646,-26.27,-35.0,0.046
2020-10-15T02:52:31.000,29.26,5.18,1.57,19.89,20.5,77647,-26.48,-35.0,0.046
2020-10-15T02:53:32.000,29.21,5.14,1.57,19.89,20.5,77648,-26.69,-35.0,0.046
2020-10-15T02:55:32.000,29.13,5.17,1.58,19.88,20.5,77650,-27.11,-35.0,0.045
2020-10-15T02:56:32.000,29.11,5.16,1.65,19.84,20.5,77651,-27.32,-35.0,0.045
2020-10-15T02:57:32.000,29.08,5.08,1.6,19.87,20.5,77652,-27.53,-36.0,0.045
2020-10-15T02:58:32.000,29.04,5.01,1.59,19.87,20.5,77653,-27.74,-36.0,0.045
2020-10-15T02:59:32.000,28.99,5.07,1.59,19.88,20.5,77654,-27.95,-36.0,0.045
2020-10-15T03:00:32.000,28.97,5.06,1.58,19.89,20.5,77655,-28.16,-36.0,0.045
2020-10-15T03:01:32.000,28.94,5.02,1.56,19.9,20.5,77656,-28.37,-36.0,0.045
2020-10-15T03:02:32.000,28.92,5.06,1.57,19.89,20.5,77657,-28.58,-36.0,0.045
2020-10-15T03:03:32.000,28.9,5.05,1.57,19.89,20.5,77658,-28.79,-37.0,0.045
2020-10-15T03:04:32.000,28.87,5.06,1.57,19.89,20.5,77659,-29.0,-37.0,0.045
2020-10-15T03:05:32.000,28.85,5.07,1.57,19.89,20.5,77660,-29.21,-37.0,0.045
2020-10-15T03:06:33.000,28.83,5.07,1.56,19.89,20.5,77661,-29.42,-37.0,0.045
2020-10-15T03:07:33.000,28.8,4.94,1.56,19.89,20.5,77662,-29.63,-37.0,0.045
2020-10-15T03:08:33.000,28.77,4.95,1.56,19.89,20.5,77663,-29.84,-37.0,0.045
2020-10-15T03:09:33.000,28.76,4.9,1.56,19.9,20.5,77664,-30.05,-38.0,0.045
2020-10-15T03:10:33.000,28.73,4.89,1.56,19.9,20.5,77665,-30.26,-38.0,0.045
2020-10-15T03:11:33.000,28.72,4.88,1.56,19.9,20.5,77666,-30.47,-38.0,0.045
2020-10-15T03:12:33.000,28.7,4.84,1.55,19.9,20.5,77667,-30.68,-38.0,0.045
2020-10-15T03:13:33.000,28.68,4.8,1.55,19.91,20.5,77668,-30.88,-38.0,0.045
2020-10-15T03:14:33.000,28.63,4.71,1.54,19.91,20.5,77669,-31.09,-38.0,0.045
2020-10-15T03:15:33.000,28.59,4.74,1.52,19.93,20.5,77670,-31.3,-39.0,0.045
2020-10-15T03:16:33.000,28.57,4.59,1.48,19.95,20.5,77671,-31.51,-39.0,0.045
2020-10-15T03:17:33.000,28.55,4.68,1.48,19.95,20.5,77672,-31.72,-39.0,0.045
2020-10-15T03:18:33.000,28.54,4.68,1.48,19.96,20.5,77673,-31.93,-39.0,0.045
2020-10-15T03:19:34.000,28.54,4.71,1.47,19.96,20.5,77674,-32.14,-39.0,0.045
2020-10-15T03:20:33.000,28.54,4.75,1.47,19.96,20.5,77675,-32.34,-39.0,0.045
2020-10-15T03:21:33.000,28.54,4.74,1.47,19.96,20.5,77676,-32.55,-40.0,0.045
2020-10-15T03:22:34.000,28.52,4.59,1.47,19.96,20.5,77677,-32.76,-40.0,0.045
2020-10-15T03:23:34.000,28.51,4.56,1.47,19.96,20.5,77678,-32.97,-40.0,0.045
2020-10-15T03:24:34.000,28.5,4.52,1.47,19.96,20.5,77679,-33.18,-40.0,0.044
2020-10-15T03:25:34.000,28.45,4.36,1.47,19.97,20.5,77680,-33.38,-40.0,0.044
2020-10-15T03:26:34.000,28.41,4.41,1.46,19.97,20.5,77681,-33.59,-40.0,0.044
2020-10-15T03:27:34.000,28.38,4.43,1.46,19.97,20.5,77682,-33.8,-40.0,0.044
2020-10-15T03:28:34.000,28.35,4.47,1.55,19.91,20.5,77683,-34.0,-41.0,0.044
2020-10-15T03:29:34.000,28.31,4.39,1.55,19.9,20.5,77684,-34.21,-41.0,0.044
2020-10-15T03:30:34.000,28.28,4.4,1.54,19.91,20.5,77685,-34.42,-41.0,0.044
2020-10-15T03:31:34.000,28.26,4.4,1.45,19.98,20.5,77686,-34.62,-41.0,0.044
2020-10-15T03:32:34.000,28.22,4.34,1.44,19.98,20.5,77687,-34.83,-41.0,0.044
2020-10-15T03:33:34.000,28.18,4.33,1.44,19.98,20.5,77688,-35.04,-41.0,0.044
2020-10-15T03:34:34.000,28.14,4.34,1.44,19.98,20.5,77689,-35.24,-42.0,0.044
2020-10-15T03:35:34.000,28.11,4.29,1.44,19.98,20.5,77690,-35.45,-42.0,0.044
2020-10-15T03:36:34.000,28.08,4.33,1.44,19.99,20.5,77691,-35.66,-42.0,0.044
2020-10-15T03:37:34.000,28.07,4.29,1.44,19.99,20.5,77692,-35.86,-42.0,0.044
2020-10-15T03:38:35.000,28.04,4.3,1.44,19.99,20.5,77693,-36.07,-42.0,0.044
2020-10-15T03:40:35.000,28.02,4.27,1.43,19.99,20.5,77695,-36.48,-42.0,0.044
2020-10-15T03:41:35.000,28.0,4.24,1.48,19.96,20.5,77696,-36.69,-43.0,0.044
2020-10-15T03:42:35.000,27.98,4.18,1.43,19.99,20.5,77697,-36.89,-43.0,0.044
2020-10-15T03:43:35.000,27.94,4.14,1.43,19.99,20.5,77698,-37.1,-43.0,0.044
2020-10-15T03:44:35.000,27.93,4.18,1.43,19.99,20.5,77699,-37.3,-43.0,0.044
2020-10-15T03:45:35.000,27.92,4.14,1.42,20.0,20.5,77700,-37.51,-43.0,0.044
2020-10-15T03:46:35.000,27.9,4.1,1.42,20.0,20.5,77701,-37.71,-43.0,0.044
2020-10-15T03:47:35.000,27.89,4.1,1.42,20.0,20.5,77702,-37.91,-43.0,0.044
2020-10-15T03:48:35.000,27.86,4.04,1.42,20.0,20.5,77703,-38.12,-44.0,0.044
2020-10-15T03:49:35.000,27.83,4.01,1.42,20.0,20.5,77704,-38.32,-44.0,0.044
2020-10-15T03:50:35.000,27.82,4.02,1.42,20.0,20.5,77705,-38.53,-44.0,0.044
2020-10-15T03:51:35.000,27.78,3.94,1.42,20.0,20.5,77706,-38.73,-44.0,0.044
2020-10-15T03:52:35.000,27.76,3.93,1.42,20.0,20.5,77707,-38.93,-44.0,0.044
2020-10-15T03:53:35.000,27.74,3.92,1.42,20.0,20.5,77708,-39.14,-44.0,0.043
2020-10-15T03:54:35.000,27.74,3.9,1.42,20.0,20.5,77709,-39.34,-44.0,0.043
2020-10-15T03:55:36.000,27.71,3.83,1.41,20.0,20.5,77710,-39.54,-45.0,0.043
2020-10-15T03:56:36.000,27.68,3.73,1.41,20.0,20.5,77711,-39.75,-45.0,0.043
2020-10-15T03:57:36.000,27.66,3.81,1.41,20.01,20.5,77712,-39.95,-45.0,0.043
2020-10-15T03:58:36.000,27.64,3.77,1.41,20.01,20.5,77713,-40.15,-45.0,0.043
2020-10-15T03:59:36.000,27.65,3.74,1.41,20.01,20.5,77714,-40.35,-45.0,0.043
2020-10-15T04:00:36.000,27.61,3.67,1.4,20.01,20.5,77715,-40.55,-45.0,0.043
2020-10-15T04:01:36.000,27.6,3.72,1.4,20.01,20.5,77716,-40.76,-45.0,0.043
2020-10-15T04:02:36.000,27.58,3.68,1.41,20.01,20.5,77717,-40.96,-45.0,0.043
2020-10-15T04:03:36.000,27.56,3.61,1.4,20.01,20.5,77718,-41.16,-46.0,0.043
2020-10-15T04:04:36.000,27.55,3.59,1.4,20.02,20.5,77719,-41.36,-46.0,0.043
2020-10-15T04:05:36.000,27.54,3.63,1.4,20.02,20.5,77720,-41.56,-46.0,0.043
2020-10-15T04:06:36.000,27.54,3.6,1.4,20.02,20.5,77721,-41.76,-46.0,0.043
2020-10-15T04:07:36.000,27.53,3.58,1.4,20.02,20.5,77722,-41.96,-46.0,0.043
2020-10-15T04:08:36.000,27.52,3.58,1.4,20.02,20.5,77723,-42.16,-46.0,0.043
2020-10-15T04:09:36.000,27.49,3.56,1.39,20.02,20.5,77724,-42.36,-46.0,0.043
2020-10-15T04:10:36.000,27.46,3.53,1.39,20.02,20.5,77725,-42.56,-46.0,0.043
2020-10-15T04:11:37.000,27.43,3.5,1.39,20.02,20.5,77726,-42.76,-47.0,0.043
2020-10-15T04:12:37.000,27.39,3.56,1.39,20.02,20.5,77727,-42.96,-47.0,0.043
2020-10-15T04:13:37.000,27.38,3.57,1.39,20.02,20.5,77728,-43.16,-47.0,0.043
2020-10-15T04:14:37.000,27.36,3.61,1.39,20.02,20.5,77729,-43.36,-47.0,0.043
2020-10-15T04:15:37.000,27.34,3.59,1.39,20.02,20.5,77730,-43.56,-47.0,0.043
2020-10-15T04:16:37.000,27.32,3.58,1.38,20.03,20.5,77731,-43.75,-47.0,0.043
2020-10-15T04:17:37.000,27.3,3.51,1.38,20.03,20.5,77732,-43.95,-47.0,0.043
