Downloads/jupyter/ECSV/stars19/stars19_2021-01.ecsv
# %ECSV 1.0
# ---
# datatype:
# - {name: time, datatype: string}
# - {name: Enclosure Temperature, unit: deg_C, datatype: float64}
# - {name: Sky Temperature, unit: deg_C, datatype: float64}
# - {name: Frequency, unit: Hz, datatype: float64}
# - {name: MSAS, unit: mag / arcsec2, datatype: float64}
# - {name: ZP, datatype: float64}
# - {name: Sequence Number, datatype: int64}
# - {name: Sun Alt, unit: deg, datatype: float64}
# - {name: Moon Alt, unit: deg, datatype: float64}
# - {name: Moon Illumination, datatype: float64}
# delimiter: ','
# meta: !!omap
# - ida:
#     Data supplier: {affiliation: null, observer: null}
#     Device type: TESS-W
#     Field of view: 17.0
#     Filters per channel: None
#     Instrument ID: stars19
#     License: ODbL 1.0 http://opendatacommons.org/licenses/odbl/summary/
#     Local timezone: America/Phoenix
#     Location name: {country: '- Tucson', place: Tucson, region: United States, sub_region: Arizona, town: Pima County}
#     Measurement direction per channel: {azimuth: 0.0, zenital: 0.0}
#     Moving / Fixed look direction: FIXED
#     Moving / Stationary position: STATIONARY
#     Number of channels: 1
#     Number of fields per line: 8
#     Number of header lines: 35
#     Position: {height: 0.0, latitude: 32.223877, longitude: -110.767532}
#     TESS MAC address: 18:FE:34:CF:EC:06
#     TESS cover offset value: 0.0
#     TESS firmware version: '1.0'
#     TESS zero point: 20.5
#     Time Synchronization: timestamp added by MQTT subscriber
#     URL: http://www.darksky.org/NSBM/sdf1.0.pdf
# - __serialized_columns__:
#     Enclosure Temperature:
#       __class__: astropy.units.quantity.Quantity
#       unit: &id001 !astropy.units.Unit {unit: deg_C}
#       value: !astropy.table.SerializedColumn {name: Enclosure Temperature}
#     Frequency:
#       __class__: astropy.units.quantity.Quantity
#       unit: !astropy.units.Unit {unit: Hz}
#       value: !astropy.table.SerializedColumn {name: Frequency}
#     MSAS:
#       __class__: astropy.units.quantity.Quantity
#       unit: !astropy.units.Unit {unit: mag / arcsec2}
#       value: !astropy.table.SerializedColumn {name: MSAS}
#     Moon Alt:
#       __class__: astropy.units.quantity.Quantity
#       unit: &id002 !astropy.units.Unit {unit: deg}
#       value: !astropy.table.SerializedColumn {name: Moon Alt}
#     Sky Temperature:
#       __class__: astropy.units.quantity.Quantity
#       unit: *id001
#       value: !astropy.table.SerializedColumn {name: Sky Temperature}
#     Sun Alt:
#       __class__: astropy.units.quantity.Quantity
#       unit: *id002
#       value: !astropy.table.SerializedColumn {name: Sun Alt}
#     time:
#       __class__: astropy.time.core.Time
#       format: isot
#       in_subfmt: '*'
#       out_subfmt: '*'
#       precision: 3
#       scale: utc
#       value: !astropy.table.SerializedColumn {name: time}
# schema: astropy-2.0
time,Enclosure Temperature,Sky Temperature,Frequency,MSAS,ZP,Sequence Number,Sun Alt,Moon Alt,Moon Illumination
[from data line 17279]
2021-01-17T00:47:25.000,23.97,-3.75,49583.44,8.64,20.5,212605,-1.84,37.0,0.162
2021-01-17T00:48:25.000,23.89,-3.68,43573.69,8.78,20.5,212606,-2.04,37.0,0.162
2021-01-17T00:49:25.000,23.81,-3.8,38426.59,8.92,20.5,212607,-2.23,37.0,0.162
2021-01-17T00:50:25.000,23.73,-3.91,33732.99,9.06,20.5,212608,-2.43,37.0,0.162
2021-01-17T00:51:25.000,23.65,-3.97,29040.36,9.22,20.5,212609,-2.62,37.0,0.162
2021-01-17T00:52:25.000,23.6,-3.96,24625.46,9.4,20.5,212610,-2.82,37.0,0.162
2021-01-17T00:53:26.000,23.55,-4.13,20719.22,9.59,20.5,212611,-3.01,36.0,0.162
2021-01-17T00:54:26.000,23.48,-4.25,17287.78,9.79,20.5,212612,-3.21,36.0,0.162
2021-01-17T00:55:26.000,23.38,-4.53,14205.91,10.0,20.5,212613,-3.4,36.0,0.162
2021-01-17T00:56:26.000,23.21,-4.84,11548.76,10.23,20.5,212614,-3.6,36.0,0.162
2021-01-17T00:57:26.000,23.08,-4.66,9279.15,10.46,20.5,212615,-3.8,36.0,0.162
2021-01-17T00:58:26.000,23.02,-4.74,7349.53,10.72,20.5,212616,-3.99,36.0,0.162
2021-01-17T00:59:26.000,22.91,-4.86,5756.44,10.98,20.5,212617,-4.19,36.0,0.162
2021-01-17T01:00:26.000,22.84,-4.66,4547.84,11.24,20.5,212618,-4.38,36.0,0.162
2021-01-17T01:01:26.000,22.81,-4.63,3580.58,11.5,20.5,212619,-4.58,35.0,0.162
2021-01-17T01:02:26.000,22.67,-5.19,2810.92,11.76,20.5,212620,-4.78,35.0,0.163
2021-01-17T01:03:26.000,22.51,-5.05,2203.08,12.03,20.5,212621,-4.97,35.0,0.163
2021-01-17T01:04:26.000,22.39,-5.25,1721.24,12.29,20.5,212622,-5.17,35.0,0.163
2021-01-17T01:05:26.000,22.27,-5.21,1343.39,12.56,20.5,212623,-5.37,35.0,0.163
2021-01-17T01:06:26.000,22.19,-5.07,1049.56,12.83,20.5,212624,-5.56,35.0,0.163
2021-01-17T01:07:26.000,22.13,-5.18,821.48,13.1,20.5,212625,-5.76,35.0,0.163
2021-01-17T01:08:26.000,22.06,-5.15,644.36,13.36,20.5,212626,-5.96,34.0,0.163
2021-01-17T01:09:26.000,22.03,-5.05,505.62,13.62,20.5,212627,-6.16,34.0,0.163
2021-01-17T01:10:27.000,22.01,-5.09,396.42,13.89,20.5,212628,-6.36,34.0,0.163
2021-01-17T01:11:27.000,21.97,-5.23,311.46,14.15,20.5,212629,-6.56,34.0,0.163
2021-01-17T01:12:27.000,21.95,-5.17,246.18,14.4,20.5,212630,-6.75,34.0,0.163
2021-01-17T01:13:27.000,21.92,-5.26,196.56,14.65,20.5,212631,-6.95,34.0,0.163
2021-01-17T01:14:27.000,21.87,-5.23,157.32,14.89,20.5,212632,-7.15,34.0,0.163
2021-01-17T01:15:27.000,21.85,-5.27,124.56,15.14,20.5,212633,-7.35,33.0,0.163
2021-01-17T01:16:27.000,21.83,-5.31,98.34,15.4,20.5,212634,-7.55,33.0,0.163
2021-01-17T01:17:27.000,21.8,-5.46,77.34,15.66,20.5,212635,-7.75,33.0,0.163
2021-01-17T01:18:27.000,21.74,-5.56,61.43,15.91,20.5,212636,-7.95,33.0,0.163
2021-01-17T01:19:27.000,21.68,-5.63,48.97,16.16,20.5,212637,-8.15,33.0,0.163
2021-01-17T01:20:27.000,21.65,-5.66,41.74,16.33,20.5,212638,-8.35,33.0,0.163
2021-01-17T01:21:27.000,21.61,-5.75,34.68,16.53,20.5,212639,-8.54,33.0,0.163
2021-01-17T01:22:27.000,21.57,-5.73,28.97,16.73,20.5,212640,-8.74,32.0,0.164
2021-01-17T01:23:27.000,21.51,-5.77,24.63,16.9,20.5,212641,-8.94,32.0,0.164
2021-01-17T01:24:27.000,21.45,-5.75,20.77,17.09,20.5,212642,-9.14,32.0,0.164
2021-01-17T01:25:27.000,21.41,-5.78,17.47,17.28,20.5,212643,-9.34,32.0,0.164
2021-01-17T01:26:27.000,21.36,-5.84,14.59,17.47,20.5,212644,-9.54,32.0,0.164
2021-01-17T01:27:28.000,21.31,-5.85,12.32,17.66,20.5,212645,-9.75,32.0,0.164
2021-01-17T01:28:28.000,21.28,-5.86,10.6,17.82,20.5,212646,-9.95,32.0,0.164
2021-01-17T01:29:28.000,21.25,-5.94,9.25,17.97,20.5,212647,-10.15,31.0,0.164
2021-01-17T01:30:28.000,21.22,-6.1,8.16,18.1,20.5,212648,-10.35,31.0,0.164
2021-01-17T01:31:28.000,21.15,-6.12,6.94,18.28,20.5,212649,-10.55,31.0,0.164
2021-01-17T01:32:28.000,21.1,-6.11,5.91,18.45,20.5,212650,-10.75,31.0,0.164
2021-01-17T01:33:28.000,21.03,-6.13,5.18,18.59,20.5,212651,-10.95,31.0,0.164
2021-01-17T01:34:28.000,20.97,-6.08,4.53,18.74,20.5,212652,-11.16,31.0,0.164
2021-01-17T01:35:28.000,20.95,-5.99,3.99,18.88,20.5,212653,-11.36,30.0,0.164
2021-01-17T01:36:28.000,20.91,-6.22,3.46,19.03,20.5,212654,-11.56,30.0,0.164
2021-01-17T01:37:28.000,20.84,-6.23,2.99,19.19,20.5,212655,-11.76,30.0,0.164
2021-01-17T01:38:28.000,20.81,-6.14,2.7,19.3,20.5,212656,-11.96,30.0,0.164
2021-01-17T01:39:28.000,20.78,-6.29,2.48,19.39,20.5,212657,-12.16,30.0,0.164
2021-01-17T01:40:28.000,20.71,-6.59,2.34,19.46,20.5,212658,-12.37,30.0,0.164
2021-01-17T01:42:28.000,20.6,-6.47,2.07,19.59,20.5,212660,-12.77,29.0,0.165
2021-01-17T01:43:29.000,20.59,-6.44,1.95,19.65,20.5,212661,-12.98,29.0,0.165
2021-01-17T01:44:29.000,20.55,-6.53,1.84,19.72,20.5,212662,-13.18,29.0,0.165
2021-01-17T01:45:29.000,20.53,-6.44,1.75,19.77,20.5,212663,-13.38,29.0,0.165
2021-01-17T01:46:29.000,20.52,-6.43,1.7,19.8,20.5,212664,-13.59,29.0,0.165
2021-01-17T01:47:29.000,20.49,-6.52,1.67,19.82,20.5,212665,-13.79,29.0,0.165
2021-01-17T01:48:29.000,20.45,-6.59,1.66,19.83,20.5,212666,-13.99,28.0,0.165
2021-01-17T01:49:29.000,20.42,-6.57,1.7,19.8,20.5,212667,-14.2,28.0,0.165
2021-01-17T01:50:29.000,20.41,-6.55,1.69,19.81,20.5,212668,-14.4,28.0,0.165
2021-01-17T01:51:29.000,20.39,-6.72,1.59,19.88,20.5,212669,-14.6,28.0,0.165
2021-01-17T01:52:29.000,20.35,-6.77,1.53,19.92,20.5,212670,-14.81,28.0,0.165
2021-01-17T01:53:29.000,20.31,-6.9,1.5,19.94,20.5,212671,-15.01,28.0,0.165
2021-01-17T01:54:29.000,20.26,-6.91,1.47,19.96,20.5,212672,-15.21,27.0,0.165
2021-01-17T01:55:29.000,20.24,-6.99,1.46,19.97,20.5,212673,-15.42,27.0,0.165
2021-01-17T01:56:29.000,20.22,-7.05,1.44,19.98,20.5,212674,-15.62,27.0,0.165
2021-01-17T01:57:29.000,20.17,-7.1,1.43,19.99,20.5,212675,-15.83,27.0,0.165
2021-01-17T01:58:29.000,20.1,-7.27,1.42,20.0,20.5,212676,-16.03,27.0,0.165
2021-01-17T01:59:30.000,20.04,-7.26,1.42,20.0,20.5,212677,-16.24,27.0,0.165
2021-01-17T02:00:30.000,19.98,-7.3,1.42,20.0,20.5,212678,-16.44,26.0,0.166
2021-01-17T02:01:30.000,19.96,-7.31,1.46,19.97,20.5,212679,-16.65,26.0,0.166
2021-01-17T02:02:30.000,19.89,-7.44,1.41,20.01,20.5,212680,-16.85,26.0,0.166
2021-01-17T02:03:30.000,19.86,-7.28,1.41,20.01,20.5,212681,-17.06,26.0,0.166
2021-01-17T02:04:30.000,19.82,-7.42,1.42,20.0,20.5,212682,-17.26,26.0,0.166
2021-01-17T02:05:30.000,19.77,-7.43,1.58,19.89,20.5,212683,-17.47,26.0,0.166
2021-01-17T02:06:30.000,19.71,-7.53,1.42,20.0,20.5,212684,-17.67,25.0,0.166
2021-01-17T02:07:30.000,19.61,-7.66,1.4,20.02,20.5,212685,-17.88,25.0,0.166
2021-01-17T02:08:30.000,19.55,-7.59,1.41,20.01,20.5,212686,-18.08,25.0,0.166
2021-01-17T02:09:30.000,19.51,-7.55,1.42,20.0,20.5,212687,-18.29,25.0,0.166
2021-01-17T02:10:30.000,19.48,-7.51,1.43,19.99,20.5,212688,-18.5,25.0,0.166
2021-01-17T02:11:30.000,19.4,-7.65,1.46,19.97,20.5,212689,-18.7,25.0,0.166
2021-01-17T02:12:30.000,19.36,-7.53,1.46,19.97,20.5,212690,-18.91,24.0,0.166
2021-01-17T02:13:30.000,19.35,-7.52,1.45,19.97,20.5,212691,-19.11,24.0,0.166
2021-01-17T02:14:30.000,19.29,-7.59,1.46,19.97,20.5,212692,-19.32,24.0,0.166
2021-01-17T02:15:31.000,19.23,-7.62,1.47,19.96,20.5,212693,-19.53,24.0,0.166
2021-01-17T02:16:31.000,19.16,-7.64,1.48,19.96,20.5,212694,-19.74,24.0,0.166
2021-01-17T02:17:31.000,19.04,-7.92,1.42,20.0,20.5,212695,-19.94,23.0,0.166
2021-01-17T02:18:31.000,18.98,-7.84,1.4,20.01,20.5,212696,-20.15,23.0,0.166
2021-01-17T02:19:31.000,18.93,-7.73,1.38,20.03,20.5,212697,-20.35,23.0,0.167
2021-01-17T02:20:31.000,18.87,-7.79,1.37,20.03,20.5,212698,-20.56,23.0,0.167
2021-01-17T02:21:31.000,18.86,-7.7,1.37,20.04,20.5,212699,-20.77,23.0,0.167
2021-01-17T02:22:31.000,18.82,-7.84,1.38,20.03,20.5,212700,-20.97,23.0,0.167
2021-01-17T02:23:31.000,18.72,-7.97,1.37,20.04,20.5,212701,-21.18,22.0,0.167
2021-01-17T02:24:31.000,18.68,-7.85,1.37,20.04,20.5,212702,-21.39,22.0,0.167
2021-01-17T02:25:31.000,18.66,-7.73,1.38,20.03,20.5,212703,-21.6,22.0,0.167
2021-01-17T02:26:31.000,18.61,-7.99,1.38,20.03,20.5,212704,-21.8,22.0,0.167
2021-01-17T02:27:31.000,18.61,-7.8,1.39,20.02,20.5,212705,-22.01,22.0,0.167
2021-01-17T02:28:31.000,18.6,-7.83,1.4,20.02,20.5,212706,-22.22,22.0,0.167
2021-01-17T02:29:31.000,18.57,-7.91,1.4,20.01,20.5,212707,-22.42,21.0,0.167
2021-01-17T02:30:31.000,18.53,-7.92,1.41,20.01,20.5,212708,-22.63,21.0,0.167
2021-01-17T02:31:31.000,18.52,-7.85,1.42,20.0,20.5,212709,-22.84,21.0,0.167
2021-01-17T02:32:32.000,18.51,-7.9,1.39,20.02,20.5,212710,-23.05,21.0,0.167
2021-01-17T02:33:32.000,18.49,-7.97,1.39,20.02,20.5,212711,-23.26,21.0,0.167
2021-01-17T02:34:32.000,18.47,-8.01,1.4,20.02,20.5,212712,-23.47,20.0,0.167
2021-01-17T02:35:32.000,18.44,-8.12,1.41,20.01,20.5,212713,-23.67,20.0,0.167
2021-01-17T02:36:32.000,18.36,-8.23,1.4,20.01,20.5,212714,-23.88,20.0,0.167
2021-01-17T02:37:32.000,18.31,-8.24,1.4,20.01,20.5,212715,-24.09,20.0,0.167
2021-01-17T02:38:32.000,18.27,-8.21,1.47,19.97,20.5,212716,-24.3,20.0,0.168
2021-01-17T02:39:32.000,18.26,-8.18,1.41,20.01,20.5,212717,-24.51,20.0,0.168
2021-01-17T02:40:32.000,18.24,-8.33,1.39,20.02,20.5,212718,-24.71,19.0,0.168
2021-01-17T02:41:32.000,18.2,-8.38,1.38,20.03,20.5,212719,-24.92,19.0,0.168
2021-01-17T02:42:32.000,18.16,-8.44,1.38,20.03,20.5,212720,-25.13,19.0,0.168
2021-01-17T02:43:32.000,18.12,-8.53,1.37,20.04,20.5,212721,-25.34,19.0,0.168
2021-01-17T02:44:32.000,18.07,-8.57,1.38,20.03,20.5,212722,-25.55,19.0,0.168
2021-01-17T02:45:32.000,18.01,-8.79,1.38,20.03,20.5,212723,-25.76,18.0,0.168
2021-01-17T02:46:32.000,17.93,-9.11,1.38,20.03,20.5,212724,-25.97,18.0,0.168
2021-01-17T02:47:32.000,17.84,-9.07,1.37,20.04,20.5,212725,-26.17,18.0,0.168
2021-01-17T02:48:33.000,17.74,-9.08,1.35,20.05,20.5,212726,-26.39,18.0,0.168
2021-01-17T02:49:33.000,17.7,-8.91,1.35,20.06,20.5,212727,-26.6,18.0,0.168
2021-01-17T02:50:33.000,17.66,-8.98,1.34,20.06,20.5,212728,-26.8,18.0,0.168
2021-01-17T02:51:33.000,17.62,-9.06,1.34,20.06,20.5,212729,-27.01,17.0,0.168
2021-01-17T02:52:33.000,17.56,-9.2,1.34,20.06,20.5,212730,-27.22,17.0,0.168
2021-01-17T02:53:33.000,17.47,-9.32,1.34,20.07,20.5,212731,-27.43,17.0,0.168
2021-01-17T02:54:33.000,17.42,-9.28,1.33,20.07,20.5,212732,-27.64,17.0,0.168
2021-01-17T02:55:33.000,17.38,-9.41,1.33,20.07,20.5,212733,-27.85,17.0,0.168
2021-01-17T02:56:33.000,17.29,-9.53,1.33,20.07,20.5,212734,-28.06,16.0,0.168
2021-01-17T02:58:33.000,17.11,-9.65,1.32,20.08,20.5,212736,-28.48,16.0,0.169
2021-01-17T02:59:33.000,17.05,-9.62,1.32,20.08,20.5,212737,-28.69,16.0,0.169
2021-01-17T03:00:33.000,16.99,-9.64,1.32,20.08,20.5,212738,-28.9,16.0,0.169
2021-01-17T03:01:33.000,16.88,-10.0,1.32,20.08,20.5,212739,-29.11,16.0,0.169
2021-01-17T03:02:33.000,16.78,-9.77,1.32,20.08,20.5,212740,-29.32,15.0,0.169
2021-01-17T03:03:33.000,16.72,-9.87,1.32,20.08,20.5,212741,-29.53,15.0,0.169
2021-01-17T03:04:33.000,16.68,-9.66,1.31,20.08,20.5,212742,-29.74,15.0,0.169
2021-01-17T03:05:34.000,16.65,-9.57,1.31,20.09,20.5,212743,-29.95,15.0,0.169
2021-01-17T03:06:34.000,16.63,-9.59,1.31,20.09,20.5,212744,-30.16,15.0,0.169
2021-01-17T03:07:34.000,16.62,-9.65,1.3,20.09,20.5,212745,-30.37,14.0,0.169
2021-01-17T03:08:34.000,16.62,-9.66,1.3,20.09,20.5,212746,-30.58,14.0,0.169
2021-01-17T03:09:34.000,16.62,-9.74,1.3,20.1,20.5,212747,-30.79,14.0,0.169
2021-01-17T03:10:34.000,16.61,-9.86,1.3,20.1,20.5,212748,-31.0,14.0,0.169
2021-01-17T03:11:34.000,16.61,-9.86,1.3,20.1,20.5,212749,-31.21,14.0,0.169
2021-01-17T03:12:34.000,16.58,-10.0,1.3,20.09,20.5,212750,-31.42,13.0,0.169
2021-01-17T03:13:34.000,16.56,-10.29,1.3,20.09,20.5,212751,-31.63,13.0,0.169
2021-01-17T03:14:34.000,16.43,-10.31,1.3,20.09,20.5,212752,-31.84,13.0,0.169
2021-01-17T03:15:34.000,16.4,-10.2,1.3,20.09,20.5,212753,-32.05,13.0,0.169
2021-01-17T03:16:34.000,16.36,-10.16,1.3,20.09,20.5,212754,-32.26,13.0,0.17
2021-01-17T03:17:34.000,16.33,-10.11,1.31,20.09,20.5,212755,-32.47,13.0,0.17
2021-01-17T03:19:40.000,16.26,-10.18,1.31,20.09,20.5,212757,-32.91,12.0,0.17
2021-01-17T03:20:40.000,16.22,-10.23,1.31,20.09,20.5,212758,-33.12,12.0,0.17
2021-01-17T03:21:40.000,16.19,-10.3,1.31,20.09,20.5,212759,-33.33,12.0,0.17
2021-01-17T03:22:40.000,16.16,-10.46,1.31,20.09,20.5,212760,-33.55,12.0,0.17
2021-01-17T03:23:40.000,16.13,-10.43,1.31,20.09,20.5,212761,-33.76,11.0,0.17
2021-01-17T03:24:40.000,16.09,-10.41,1.31,20.09,20.5,212762,-33.97,11.0,0.17
2021-01-17T03:25:40.000,16.05,-10.47,1.31,20.09,20.5,212763,-34.18,11.0,0.17
2021-01-17T03:26:40.000,15.98,-10.63,1.31,20.09,20.5,212764,-34.39,11.0,0.17
2021-01-17T03:27:40.000,15.89,-10.63,1.31,20.09,20.5,212765,-34.6,11.0,0.17
2021-01-17T03:28:40.000,15.84,-10.59,1.33,20.07,20.5,212766,-34.81,10.0,0.17
2021-01-17T03:29:40.000,15.8,-10.38,1.4,20.01,20.5,212767,-35.02,10.0,0.17
2021-01-17T03:30:40.000,15.8,-10.24,1.39,20.03,20.5,212768,-35.23,10.0,0.17
2021-01-17T03:31:40.000,15.78,-10.15,1.32,20.08,20.5,212769,-35.44,10.0,0.17
2021-01-17T03:32:40.000,15.74,-10.21,1.33,20.07,20.5,212770,-35.65,10.0,0.17
2021-01-17T03:33:40.000,15.72,-10.05,1.32,20.08,20.5,212771,-35.86,9.0,0.17
2021-01-17T03:34:40.000,15.72,-10.0,1.3,20.1,20.5,212772,-36.08,9.0,0.17
2021-01-17T03:35:41.000,15.7,-10.07,1.29,20.1,20.5,212773,-36.29,9.0,0.171
2021-01-17T03:36:41.000,15.67,-9.99,1.29,20.1,20.5,212774,-36.5,9.0,0.171
2021-01-17T03:37:41.000,15.68,-10.09,1.29,20.11,20.5,212775,-36.71,9.0,0.171
2021-01-17T03:38:41.000,15.63,-10.55,1.29,20.11,20.5,212776,-36.92,9.0,0.171
2021-01-17T03:39:41.000,15.59,-10.5,1.28,20.11,20.5,212777,-37.13,8.0,0.171
2021-01-17T03:40:41.000,15.55,-10.46,1.28,20.11,20.5,212778,-37.35,8.0,0.171
2021-01-17T03:41:41.000,15.54,-10.29,1.29,20.1,20.5,212779,-37.56,8.0,0.171
2021-01-17T03:42:41.000,15.53,-10.39,1.28,20.11,20.5,212780,-37.77,8.0,0.171
2021-01-17T03:43:41.000,15.51,-10.55,1.28,20.11,20.5,212781,-37.98,8.0,0.171
2021-01-17T03:44:41.000,15.5,-10.71,1.29,20.1,20.5,212782,-38.19,7.0,0.171
2021-01-17T03:45:41.000,15.48,-10.76,1.28,20.11,20.5,212783,-38.4,7.0,0.171
2021-01-17T03:46:41.000,15.41,-10.77,1.29,20.11,20.5,212784,-38.61,7.0,0.171
2021-01-17T03:47:41.000,15.4,-10.7,1.28,20.11,20.5,212785,-38.82,7.0,0.171
2021-01-17T03:48:41.000,15.39,-10.76,1.28,20.12,20.5,212786,-39.04,7.0,0.171
2021-01-17T03:49:41.000,15.35,-10.99,1.28,20.11,20.5,212787,-39.25,6.0,0.171
2021-01-17T03:50:42.000,15.32,-10.97,1.27,20.12,20.5,212788,-39.46,6.0,0.171
2021-01-17T03:51:42.000,15.27,-11.13,1.27,20.12,20.5,212789,-39.67,6.0,0.171
2021-01-17T03:52:42.000,15.19,-11.19,1.27,20.12,20.5,212790,-39.88,6.0,0.171
2021-01-17T03:53:42.000,15.17,-11.05,1.27,20.12,20.5,212791,-40.1,6.0,0.171
2021-01-17T03:54:42.000,15.14,-11.17,1.27,20.12,20.5,212792,-40.31,5.0,0.172
2021-01-17T03:55:42.000,15.08,-11.27,1.28,20.11,20.5,212793,-40.52,5.0,0.172
2021-01-17T03:56:42.000,15.01,-11.34,1.28,20.11,20.5,212794,-40.73,5.0,0.172
2021-01-17T03:57:42.000,14.98,-11.24,1.28,20.12,20.5,212795,-40.94,5.0,0.172
2021-01-17T03:58:42.000,14.93,-11.16,1.28,20.12,20.5,212796,-41.15,5.0,0.172
2021-01-17T03:59:42.000,14.86,-11.18,1.27,20.12,20.5,212797,-41.36,4.0,0.172
2021-01-17T04:00:42.000,14.86,-10.94,1.27,20.12,20.5,212798,-41.58,4.0,0.172
2021-01-17T04:01:42.000,14.85,-10.92,1.27,20.12,20.5,212799,-41.79,4.0,0.172
2021-01-17T04:02:42.000,14.86,-11.0,1.27,20.12,20.5,212800,-42.0,4.0,0.172
2021-01-17T04:03:42.000,14.82,-11.23,1.26,20.12,20.5,212801,-42.21,4.0,0.172
2021-01-17T04:04:43.000,14.81,-11.12,1.26,20.13,20.5,212802,-42.42,3.0,0.172
2021-01-17T04:05:42.000,14.78,-11.23,1.26,20.13,20.5,212803,-42.63,3.0,0.172
2021-01-17T04:07:43.000,14.66,-11.2,1.26,20.13,20.5,212805,-43.06,3.0,0.172
2021-01-17T04:08:43.000,14.67,-11.17,1.26,20.13,20.5,212806,-43.27,3.0,0.172
2021-01-17T04:09:43.000,14.65,-11.35,1.26,20.13,20.5,212807,-43.48,2.0,0.172
2021-01-17T04:10:43.000,14.6,-11.35,1.26,20.13,20.5,212808,-43.69,2.0,0.172
2021-01-17T04:11:43.000,14.55,-11.38,1.27,20.12,20.5,212809,-43.9,2.0,0.172
2021-01-17T04:12:43.000,14.47,-11.42,1.26,20.13,20.5,212810,-44.11,2.0,0.172
2021-01-17T04:13:43.000,14.46,-11.25,1.27,20.12,20.5,212811,-44.33,2.0,0.173
2021-01-17T04:14:43.000,14.45,-11.19,1.28,20.11,20.5,212812,-44.54,1.0,0.173
2021-01-17T04:15:43.000,14.45,-11.19,1.29,20.1,20.5,212813,-44.75,1.0,0.173
2021-01-17T04:16:43.000,14.44,-11.33,1.3,20.1,20.5,212814,-44.96,1.0,0.173
2021-01-17T04:17:43.000,14.42,-11.36,1.31,20.09,20.5,212815,-45.17,1.0,0.173
