Downloads/jupyter/ECSV/stars19/stars19_2020-08.ecsv
# %ECSV 1.0
# ---
# datatype:
# - {name: time, datatype: string}
# - {name: Enclosure Temperature, unit: deg_C, datatype: float64}
# - {name: Sky Temperature, unit: deg_C, datatype: float64}
# - {name: Frequency, unit: Hz, datatype: float64}
# - {name: MSAS, unit: mag / arcsec2, datatype: float64}
# - {name: ZP, datatype: float64}
# - {name: Sequence Number, datatype: int64}
# - {name: Sun Alt, unit: deg, datatype: float64}
# - {name: Moon Alt, unit: deg, datatype: float64}
# - {name: Moon Illumination, datatype: float64}
# delimiter: ','
# meta: !!omap
# - ida:
#     Data supplier: {affiliation: null, observer: null}
#     Device type: TESS-W
#     Field of view: 17.0
#     Filters per channel: None
#     Instrument ID: stars19
#     License: ODbL 1.0 http://opendatacommons.org/licenses/odbl/summary/
#     Local timezone: America/Phoenix
#     Location name: {country: '- Tucson', place: Tucson, region: United States, sub_region: Arizona, town: Pima County}
#     Measurement direction per channel: {azimuth: 0.0, zenital: 0.0}
#     Moving / Fixed look direction: FIXED
#     Moving / Stationary position: STATIONARY
#     Number of channels: 1
#     Number of fields per line: 8
#     Number of header lines: 35
#     Position: {height: 0.0, latitude: 32.223877, longitude: -110.767532}
#     TESS MAC address: 18:FE:34:CF:EC:06
#     TESS cover offset value: 0.0
#     TESS firmware version: '1.0'
#     TESS zero point: 20.5
#     Time Synchronization: timestamp added by MQTT subscriber
#     URL: http://www.darksky.org/NSBM/sdf1.0.pdf
# - __serialized_columns__:
#     Enclosure Temperature:
#       __class__: astropy.units.quantity.Quantity
#       unit: &id001 !astropy.units.Unit {unit: deg_C}
#       value: !astropy.table.SerializedColumn {name: Enclosure Temperature}
#     Frequency:
#       __class__: astropy.units.quantity.Quantity
#       unit: !astropy.units.Unit {unit: Hz}
#       value: !astropy.table.SerializedColumn {name: Frequency}
#     MSAS:
#       __class__: astropy.units.quantity.Quantity
#       unit: !astropy.units.Unit {unit: mag / arcsec2}
#       value: !astropy.table.SerializedColumn {name: MSAS}
#     Moon Alt:
#       __class__: astropy.units.quantity.Quantity
#       unit: &id002 !astropy.units.Unit {unit: deg}
#       value: !astropy.table.SerializedColumn {name: Moon Alt}
#     Sky Temperature:
#       __class__: astropy.units.quantity.Quantity
#       unit: *id001
#       value: !astropy.table.SerializedColumn {name: Sky Temperature}
#     Sun Alt:
#       __class__: astropy.units.quantity.Quantity
#       unit: *id002
#       value: !astropy.table.SerializedColumn {name: Sun Alt}
#     time:
#       __class__: astropy.time.core.Time
#       format: isot
#       in_subfmt: '*'
#       out_subfmt: '*'
#       precision: 3
#       scale: utc
#       value: !astropy.table.SerializedColumn {name: time}
# schema: astropy-2.0
time,Enclosure Temperature,Sky Temperature,Frequency,MSAS,ZP,Sequence Number,Sun Alt,Moon Alt,Moon Illumination
[from data line 7447]
2020-08-10T19:23:40.000,61.94,24.62,0.0,0.0,20.5,153061,72.99,-5.0,0.586
2020-08-10T19:25:41.000,62.46,24.26,0.0,0.0,20.5,153063,73.01,-6.0,0.586
2020-08-10T19:33:41.000,59.28,24.3,0.0,0.0,20.5,153071,72.98,-7.0,0.585
2020-08-10T19:35:42.000,60.23,24.71,0.0,0.0,20.5,153073,72.94,-8.0,0.585
2020-08-10T19:37:42.000,60.37,23.47,0.0,0.0,20.5,153075,72.89,-8.0,0.585
2020-08-10T19:38:42.000,60.39,23.94,0.0,0.0,20.5,153076,72.86,-8.0,0.585
2020-08-10T19:39:42.000,60.73,24.38,0.0,0.0,20.5,153077,72.82,-8.0,0.585
2020-08-10T19:46:45.000,62.06,24.31,0.0,0.0,20.5,153084,72.51,-10.0,0.584
2020-08-10T19:47:45.000,62.25,23.57,0.0,0.0,20.5,153085,72.45,-10.0,0.584
2020-08-10T19:48:45.000,61.97,23.04,0.0,0.0,20.5,153086,72.39,-10.0,0.584
2020-08-10T19:50:48.000,61.73,23.03,0.0,0.0,20.5,153088,72.26,-10.0,0.584
2020-08-10T20:01:51.000,60.94,22.64,0.0,0.0,20.5,153099,71.38,-13.0,0.583
2020-08-10T20:05:53.000,60.49,21.39,0.0,0.0,20.5,153103,70.98,-13.0,0.583
2020-08-10T20:06:53.000,60.27,22.02,0.0,0.0,20.5,153104,70.88,-14.0,0.583
2020-08-10T20:07:53.000,60.47,23.76,0.0,0.0,20.5,153105,70.78,-14.0,0.583
2020-08-10T20:08:53.000,60.57,23.02,0.0,0.0,20.5,153106,70.67,-14.0,0.583
2020-08-10T20:11:16.000,60.93,23.19,0.0,0.0,20.5,153108,70.4,-14.0,0.583
2020-08-10T20:12:17.000,61.01,22.8,0.0,0.0,20.5,153109,70.29,-15.0,0.583
2020-08-10T20:13:22.000,60.98,21.94,0.0,0.0,20.5,153110,70.16,-15.0,0.583
2020-08-10T20:18:27.000,59.15,19.05,0.0,0.0,20.5,153115,69.54,-16.0,0.582
2020-08-10T20:19:27.000,57.4,18.33,0.0,0.0,20.5,153116,69.41,-16.0,0.582
2020-08-10T20:20:27.000,56.8,21.17,0.0,0.0,20.5,153117,69.28,-16.0,0.582
2020-08-10T20:25:28.000,56.05,21.76,0.0,0.0,20.5,153122,68.61,-17.0,0.582
2020-08-10T20:26:28.000,56.7,22.96,0.0,0.0,20.5,153123,68.47,-17.0,0.582
2020-08-10T20:27:28.000,57.2,22.82,0.0,0.0,20.5,153124,68.33,-17.0,0.582
2020-08-10T20:35:45.000,60.03,23.51,0.0,0.0,20.5,153132,67.11,-19.0,0.581
2020-08-10T20:36:45.000,60.46,23.59,0.0,0.0,20.5,153133,66.96,-19.0,0.581
2020-08-10T20:37:46.000,60.81,23.65,0.0,0.0,20.5,153134,66.8,-19.0,0.581
2020-08-10T20:40:55.000,60.17,21.43,0.0,0.0,20.5,153137,66.31,-20.0,0.581
2020-08-10T20:41:55.000,59.97,22.16,0.0,0.0,20.5,153138,66.15,-20.0,0.581
2020-08-10T20:42:56.000,60.01,22.76,0.0,0.0,20.5,153139,65.99,-20.0,0.581
2020-08-10T20:47:59.000,61.21,23.8,0.0,0.0,20.5,153144,65.16,-21.0,0.58
2020-08-10T20:48:59.000,61.38,22.76,0.0,0.0,20.5,153145,64.99,-21.0,0.58
2020-08-10T20:49:59.000,61.25,21.64,0.0,0.0,20.5,153146,64.83,-21.0,0.58
2020-08-10T20:52:01.000,60.16,22.28,0.0,0.0,20.5,153148,64.49,-22.0,0.58
2020-08-10T20:53:01.000,60.18,22.26,0.0,0.0,20.5,153149,64.32,-22.0,0.58
2020-08-10T20:54:01.000,60.49,23.53,0.0,0.0,20.5,153150,64.14,-22.0,0.58
2020-08-10T20:56:02.000,61.36,22.97,0.0,0.0,20.5,153152,63.8,-22.0,0.58
2020-08-10T20:57:01.000,61.2,21.56,0.0,0.0,20.5,153153,63.63,-23.0,0.58
2020-08-10T20:58:05.000,61.18,22.94,0.0,0.0,20.5,153154,63.44,-23.0,0.58
2020-08-10T20:59:04.000,61.41,23.21,0.0,0.0,20.5,153155,63.27,-23.0,0.58
2020-08-10T21:02:10.000,60.34,22.43,0.0,0.0,20.5,153158,62.72,-24.0,0.579
2020-08-10T21:03:10.000,60.59,23.11,0.0,0.0,20.5,153159,62.55,-24.0,0.579
2020-08-10T21:04:10.000,60.49,21.88,0.0,0.0,20.5,153160,62.37,-24.0,0.579
2020-08-10T21:16:14.000,59.53,22.22,0.0,0.0,20.5,153172,60.16,-26.0,0.578
2020-08-10T21:17:14.000,59.38,22.07,0.0,0.0,20.5,153173,59.98,-26.0,0.578
2020-08-10T21:18:14.000,59.19,22.06,0.0,0.0,20.5,153174,59.79,-26.0,0.578
2020-08-10T21:20:15.000,59.27,22.9,0.0,0.0,20.5,153176,59.41,-27.0,0.578
2020-08-10T21:27:16.000,55.95,19.54,0.0,0.0,20.5,153183,58.08,-28.0,0.578
2020-08-10T21:28:17.000,54.8,19.2,0.0,0.0,20.5,153184,57.88,-28.0,0.578
2020-08-10T21:30:22.000,52.71,18.33,0.0,0.0,20.5,153186,57.48,-28.0,0.578
2020-08-10T21:32:23.000,50.98,18.93,0.0,0.0,20.5,153188,57.09,-29.0,0.577
2020-08-10T21:34:23.000,50.04,19.49,0.0,0.0,20.5,153190,56.7,-29.0,0.577
2020-08-10T21:35:24.000,49.6,19.07,0.0,0.0,20.5,153191,56.5,-29.0,0.577
2020-08-10T21:36:24.000,49.05,18.75,0.0,0.0,20.5,153192,56.31,-29.0,0.577
2020-08-10T21:37:25.000,48.54,18.83,0.0,0.0,20.5,153193,56.11,-29.0,0.577
2020-08-10T21:38:25.000,48.1,19.04,0.0,0.0,20.5,153194,55.91,-30.0,0.577
2020-08-10T21:39:25.000,47.95,19.75,0.0,0.0,20.5,153195,55.72,-30.0,0.577
2020-08-10T21:41:42.000,47.2,18.74,0.0,0.0,20.5,153197,55.27,-30.0,0.577
2020-08-10T21:43:42.000,46.71,19.41,0.0,0.0,20.5,153199,54.87,-30.0,0.577
2020-08-10T21:47:43.000,46.4,19.95,0.0,0.0,20.5,153203,54.08,-31.0,0.576
2020-08-10T21:48:43.000,46.45,20.39,0.0,0.0,20.5,153204,53.88,-31.0,0.576
2020-08-10T21:49:44.000,46.51,20.41,0.0,0.0,20.5,153205,53.68,-31.0,0.576
2020-08-10T21:51:44.000,46.54,20.28,0.0,0.0,20.5,153207,53.28,-32.0,0.576
2020-08-10T21:52:44.000,46.52,20.3,0.0,0.0,20.5,153208,53.08,-32.0,0.576
2020-08-10T21:54:45.000,46.55,20.59,0.0,0.0,20.5,153210,52.67,-32.0,0.576
2020-08-10T21:55:45.000,46.51,20.34,0.0,0.0,20.5,153211,52.47,-32.0,0.576
2020-08-10T21:56:46.000,46.5,20.44,0.0,0.0,20.5,153212,52.27,-32.0,0.576
2020-08-10T22:00:47.000,46.29,20.11,0.0,0.0,20.5,153216,51.46,-33.0,0.576
2020-08-10T22:01:47.000,46.25,20.13,0.0,0.0,20.5,153217,51.25,-33.0,0.575
2020-08-10T22:02:48.000,46.28,20.4,0.0,0.0,20.5,153218,51.05,-33.0,0.575
2020-08-10T22:05:48.000,46.33,20.55,0.0,0.0,20.5,153221,50.44,-34.0,0.575
2020-08-10T22:08:48.000,46.47,20.61,0.0,0.0,20.5,153224,49.83,-34.0,0.575
2020-08-10T22:09:49.000,46.46,20.41,0.0,0.0,20.5,153225,49.62,-34.0,0.575
2020-08-10T22:10:50.000,46.44,20.21,0.0,0.0,20.5,153226,49.41,-35.0,0.575
2020-08-10T22:11:50.000,46.39,20.18,0.0,0.0,20.5,153227,49.21,-35.0,0.575
2020-08-10T22:13:51.000,46.3,20.16,0.0,0.0,20.5,153229,48.79,-35.0,0.575
2020-08-10T22:14:52.000,46.29,20.4,0.0,0.0,20.5,153230,48.58,-35.0,0.575
2020-08-10T22:15:52.000,46.33,20.49,0.0,0.0,20.5,153231,48.38,-35.0,0.575
2020-08-10T22:18:53.000,46.21,20.82,0.0,0.0,20.5,153234,47.76,-36.0,0.574
2020-08-10T22:19:54.000,46.19,20.49,0.0,0.0,20.5,153235,47.55,-36.0,0.574
2020-08-10T22:20:54.000,46.12,20.54,0.0,0.0,20.5,153236,47.34,-36.0,0.574
2020-08-10T22:22:55.000,46.07,20.98,0.0,0.0,20.5,153238,46.93,-36.0,0.574
2020-08-10T22:23:56.000,46.15,21.21,0.0,0.0,20.5,153239,46.72,-36.0,0.574
2020-08-10T22:24:56.000,46.17,21.11,0.0,0.0,20.5,153240,46.51,-36.0,0.574
2020-08-10T22:29:57.000,46.09,20.42,0.0,0.0,20.5,153245,45.47,-37.0,0.574
2020-08-10T22:30:57.000,46.05,20.43,0.0,0.0,20.5,153246,45.27,-37.0,0.574
2020-08-10T22:31:58.000,45.96,20.04,0.0,0.0,20.5,153247,45.05,-37.0,0.573
2020-08-10T22:33:58.000,45.84,20.25,0.0,0.0,20.5,153249,44.64,-38.0,0.573
2020-08-10T22:34:59.000,45.8,20.13,0.0,0.0,20.5,153250,44.43,-38.0,0.573
2020-08-10T22:36:59.000,45.83,20.36,0.0,0.0,20.5,153252,44.01,-38.0,0.573
2020-08-10T22:37:59.000,45.86,20.6,0.0,0.0,20.5,153253,43.8,-38.0,0.573
2020-08-10T22:39:00.000,45.93,20.78,0.0,0.0,20.5,153254,43.59,-38.0,0.573
2020-08-10T22:43:01.000,45.82,20.34,0.0,0.0,20.5,153258,42.75,-39.0,0.573
2020-08-10T22:44:01.000,45.77,20.24,0.0,0.0,20.5,153259,42.54,-39.0,0.573
2020-08-10T22:45:01.000,45.78,20.55,0.0,0.0,20.5,153260,42.33,-39.0,0.573
2020-08-10T22:54:03.000,45.64,20.42,0.0,0.0,20.5,153269,40.44,-40.0,0.572
2020-08-10T22:55:03.000,45.6,20.31,0.0,0.0,20.5,153270,40.23,-40.0,0.572
2020-08-10T22:56:04.000,45.54,20.17,0.0,0.0,20.5,153271,40.02,-40.0,0.572
2020-08-10T22:59:05.000,45.44,20.45,0.0,0.0,20.5,153274,39.39,-41.0,0.572
2020-08-10T23:00:05.000,45.37,20.11,0.0,0.0,20.5,153275,39.17,-41.0,0.572
2020-08-10T23:01:06.000,45.34,20.36,0.0,0.0,20.5,153276,38.96,-41.0,0.572
2020-08-10T23:19:17.000,45.7,22.9,0.0,0.0,20.5,153294,35.13,-43.0,0.57
2020-08-10T23:20:18.000,45.77,23.08,0.0,0.0,20.5,153295,34.91,-43.0,0.57
2020-08-10T23:21:18.000,45.78,22.78,0.0,0.0,20.5,153296,34.7,-43.0,0.57
2020-08-10T23:23:19.000,45.91,22.95,0.0,0.0,20.5,153298,34.28,-43.0,0.57
2020-08-10T23:24:20.000,45.92,22.7,0.0,0.0,20.5,153299,34.06,-43.0,0.57
2020-08-10T23:25:20.000,45.89,22.63,0.0,0.0,20.5,153300,33.85,-43.0,0.57
2020-08-10T23:41:25.000,44.56,19.84,0.0,0.0,20.5,153316,30.45,-44.0,0.569
2020-08-10T23:42:25.000,44.56,19.94,0.0,0.0,20.5,153317,30.24,-45.0,0.569
2020-08-10T23:43:25.000,44.56,20.09,0.0,0.0,20.5,153318,30.02,-45.0,0.569
2020-08-10T23:45:25.000,44.54,19.7,0.0,0.0,20.5,153320,29.6,-45.0,0.569
2020-08-10T23:46:26.000,44.51,19.98,0.0,0.0,20.5,153321,29.39,-45.0,0.569
2020-08-10T23:47:26.000,44.56,20.08,0.0,0.0,20.5,153322,29.17,-45.0,0.569
2020-08-10T23:54:31.000,44.39,19.74,0.0,0.0,20.5,153329,27.68,-45.0,0.568
2020-08-10T23:55:31.000,44.38,19.84,0.0,0.0,20.5,153330,27.46,-45.0,0.568
2020-08-10T23:56:31.000,44.36,19.83,0.0,0.0,20.5,153331,27.25,-45.0,0.568
2020-08-10T23:58:32.000,44.31,19.59,0.0,0.0,20.5,153333,26.83,-46.0,0.568
2020-08-11T00:01:32.000,43.85,19.11,0.0,0.0,20.5,153336,26.19,-46.0,0.568
2020-08-11T00:04:33.000,43.82,19.66,0.0,0.0,20.5,153339,25.55,-46.0,0.567
2020-08-11T00:05:33.000,43.8,19.46,0.0,0.0,20.5,153340,25.34,-46.0,0.567
2020-08-11T00:06:34.000,43.72,19.18,0.0,0.0,20.5,153341,25.13,-46.0,0.567
2020-08-11T00:27:39.000,43.62,19.68,0.0,0.0,20.5,153362,20.68,-47.0,0.566
2020-08-11T00:28:40.000,43.57,19.48,0.0,0.0,20.5,153363,20.46,-47.0,0.566
2020-08-11T00:29:40.000,43.58,19.76,0.0,0.0,20.5,153364,20.25,-47.0,0.566
2020-08-11T00:34:41.000,43.65,20.22,0.0,0.0,20.5,153369,19.2,-47.0,0.565
2020-08-11T00:38:41.000,43.56,19.89,0.0,0.0,20.5,153373,18.36,-47.0,0.565
2020-08-11T00:39:41.000,43.56,20.16,0.0,0.0,20.5,153374,18.15,-47.0,0.565
2020-08-11T00:40:41.000,43.6,20.35,0.0,0.0,20.5,153375,17.94,-47.0,0.565
2020-08-11T00:47:43.000,43.62,19.96,0.0,0.0,20.5,153382,16.46,-47.0,0.565
2020-08-11T00:48:44.000,43.59,20.03,0.0,0.0,20.5,153383,16.25,-47.0,0.565
2020-08-11T00:49:44.000,43.53,19.97,0.0,0.0,20.5,153384,16.04,-47.0,0.564
2020-08-11T00:51:45.000,43.52,20.38,0.0,0.0,20.5,153386,15.61,-47.0,0.564
2020-08-11T00:55:46.000,43.39,20.35,0.0,0.0,20.5,153390,14.77,-47.0,0.564
2020-08-11T00:56:46.000,43.32,20.24,0.0,0.0,20.5,153391,14.56,-47.0,0.564
2020-08-11T00:57:46.000,43.21,20.09,0.0,0.0,20.5,153392,14.36,-46.0,0.564
2020-08-11T00:58:46.000,43.08,20.34,0.0,0.0,20.5,153393,14.15,-46.0,0.564
2020-08-11T00:59:47.000,43.0,20.46,0.0,0.0,20.5,153394,13.93,-46.0,0.564
2020-08-11T01:01:47.000,42.85,20.33,0.0,0.0,20.5,153396,13.52,-46.0,0.564
2020-08-11T01:02:47.000,42.75,20.22,0.0,0.0,20.5,153397,13.31,-46.0,0.564
2020-08-11T01:04:47.000,42.7,20.66,0.0,0.0,20.5,153399,12.89,-46.0,0.563
2020-08-11T01:05:47.000,42.66,20.58,0.0,0.0,20.5,153400,12.68,-46.0,0.563
2020-08-11T01:06:47.000,42.6,20.73,0.0,0.0,20.5,153401,12.47,-46.0,0.563
2020-08-11T01:12:48.000,42.36,21.66,0.0,0.0,20.5,153407,11.22,-46.0,0.563
2020-08-11T01:13:48.000,42.32,21.59,0.0,0.0,20.5,153408,11.02,-46.0,0.563
2020-08-11T01:14:48.000,42.3,21.65,0.0,0.0,20.5,153409,10.81,-46.0,0.563
2020-08-11T01:16:49.000,42.24,21.64,0.0,0.0,20.5,153411,10.39,-46.0,0.563
2020-08-11T01:17:49.000,42.2,21.79,0.0,0.0,20.5,153412,10.18,-46.0,0.563
2020-08-11T01:18:49.000,42.2,21.63,0.0,0.0,20.5,153413,9.97,-46.0,0.563
2020-08-11T01:21:50.000,42.03,21.04,0.0,0.0,20.5,153416,9.35,-46.0,0.562
2020-08-11T01:22:51.000,41.94,20.57,0.0,0.0,20.5,153417,9.14,-46.0,0.562
2020-08-11T01:23:51.000,41.85,20.1,0.0,0.0,20.5,153418,8.93,-46.0,0.562
2020-08-11T01:25:51.000,41.66,18.81,0.0,0.0,20.5,153420,8.52,-45.0,0.562
2020-08-11T01:26:51.000,41.65,18.44,0.0,0.0,20.5,153421,8.31,-45.0,0.562
2020-08-11T01:27:52.000,41.53,18.01,0.0,0.0,20.5,153422,8.1,-45.0,0.562
2020-08-11T01:28:52.000,41.51,18.13,0.0,0.0,20.5,153423,7.9,-45.0,0.562
2020-08-11T01:29:53.000,41.49,18.35,0.0,0.0,20.5,153424,7.69,-45.0,0.562
2020-08-11T01:30:53.000,41.44,18.59,0.0,0.0,20.5,153425,7.48,-45.0,0.562
2020-08-11T01:32:53.000,41.36,19.2,0.0,0.0,20.5,153427,7.07,-45.0,0.562
2020-08-11T01:37:13.000,41.3,19.89,0.0,0.0,20.5,153431,6.18,-45.0,0.561
2020-08-11T01:38:14.000,41.3,20.51,0.0,0.0,20.5,153432,5.97,-45.0,0.561
2020-08-11T01:39:14.000,41.28,21.07,0.0,0.0,20.5,153433,5.77,-45.0,0.561
2020-08-11T01:42:15.000,41.23,22.0,0.0,0.0,20.5,153436,5.15,-44.0,0.561
2020-08-11T01:43:15.000,41.22,22.21,0.0,0.0,20.5,153437,4.94,-44.0,0.561
2020-08-11T01:44:16.000,41.2,22.39,0.0,0.0,20.5,153438,4.73,-44.0,0.561
2020-08-11T01:53:17.000,41.06,21.29,0.0,0.0,20.5,153447,2.9,-44.0,0.56
2020-08-11T01:54:17.000,41.02,21.11,0.0,0.0,20.5,153448,2.69,-44.0,0.56
2020-08-11T01:55:18.000,40.97,21.17,0.0,0.0,20.5,153449,2.49,-43.0,0.56
2020-08-11T01:56:18.000,40.94,21.33,0.11,0.1,20.5,153450,2.28,-43.0,0.56
2020-08-11T01:57:18.000,40.89,21.33,0.0,0.0,20.5,153451,2.08,-43.0,0.56
2020-08-11T01:58:18.000,40.84,21.51,0.0,0.0,20.5,153452,1.88,-43.0,0.56
2020-08-11T01:59:19.000,40.8,21.64,0.0,0.0,20.5,153453,1.67,-43.0,0.56
2020-08-11T02:10:20.000,40.49,23.26,0.0,0.0,20.5,153464,-0.55,-42.0,0.559
2020-08-11T02:11:20.000,40.5,23.35,0.0,0.0,20.5,153465,-0.75,-42.0,0.559
2020-08-11T02:12:21.000,40.48,23.33,0.0,0.0,20.5,153466,-0.95,-42.0,0.559
2020-08-11T02:15:21.000,40.39,22.91,0.0,0.0,20.5,153469,-1.56,-42.0,0.559
2020-08-11T02:17:22.000,40.32,22.73,44056.46,5.97,20.5,153471,-1.96,-41.0,0.559
2020-08-11T02:18:22.000,40.31,22.68,54755.08,8.53,20.5,153472,-2.16,-41.0,0.559
2020-08-11T02:19:22.000,40.28,22.54,47656.04,8.69,20.5,153473,-2.36,-41.0,0.559
2020-08-11T02:20:23.000,40.24,22.38,41122.14,8.85,20.5,153474,-2.56,-41.0,0.559
2020-08-11T02:21:23.000,40.21,22.47,34620.67,9.12,20.5,153475,-2.76,-41.0,0.558
2020-08-11T02:22:23.000,40.19,22.51,29510.71,9.21,20.5,153476,-2.96,-41.0,0.558
2020-08-11T02:23:23.000,40.18,22.7,23888.13,9.59,20.5,153477,-3.16,-41.0,0.558
2020-08-11T02:24:23.000,40.17,22.85,19892.31,9.64,20.5,153478,-3.36,-41.0,0.558
2020-08-11T02:25:24.000,40.11,22.81,15875.13,9.88,20.5,153479,-3.56,-41.0,0.558
2020-08-11T02:26:24.000,40.1,23.04,12561.36,10.13,20.5,153480,-3.76,-40.0,0.558
2020-08-11T02:27:24.000,40.1,23.07,10145.21,10.37,20.5,153481,-3.95,-40.0,0.558
2020-08-11T02:28:24.000,40.1,23.08,8292.51,10.59,20.5,153482,-4.15,-40.0,0.558
2020-08-11T02:29:24.000,40.08,22.94,6745.51,10.81,20.5,153483,-4.35,-40.0,0.558
2020-08-11T02:30:24.000,40.04,22.95,5400.61,11.05,20.5,153484,-4.55,-40.0,0.558
2020-08-11T02:31:25.000,40.03,22.96,4278.87,11.3,20.5,153485,-4.75,-40.0,0.558
2020-08-11T02:32:25.000,40.01,22.93,3358.18,11.57,20.5,153486,-4.94,-40.0,0.558
2020-08-11T02:33:25.000,39.99,22.96,2623.98,11.84,20.5,153487,-5.14,-40.0,0.558
2020-08-11T02:34:25.000,39.97,22.99,2047.36,12.1,20.5,153488,-5.34,-40.0,0.558
2020-08-11T02:35:25.000,39.96,23.06,1595.0,12.38,20.5,153489,-5.53,-39.0,0.558
2020-08-11T02:36:26.000,39.96,23.19,1253.17,12.64,20.5,153490,-5.73,-39.0,0.557
2020-08-11T02:37:26.000,39.94,23.17,1008.87,12.87,20.5,153491,-5.93,-39.0,0.557
2020-08-11T02:38:26.000,39.92,23.19,823.93,13.09,20.5,153492,-6.13,-39.0,0.557
2020-08-11T02:39:26.000,39.86,23.07,668.49,13.32,20.5,153493,-6.32,-39.0,0.557
2020-08-11T02:40:26.000,39.83,22.97,540.34,13.55,20.5,153494,-6.52,-39.0,0.557
2020-08-11T02:41:26.000,39.81,22.83,433.66,13.79,20.5,153495,-6.71,-39.0,0.557
2020-08-11T02:42:27.000,39.78,22.59,347.48,14.03,20.5,153496,-6.91,-39.0,0.557
2020-08-11T02:43:27.000,39.76,22.35,282.09,14.26,20.5,153497,-7.11,-38.0,0.557
2020-08-11T02:44:27.000,39.72,22.04,227.69,14.49,20.5,153498,-7.3,-38.0,0.557
2020-08-11T02:45:27.000,39.67,21.8,179.01,14.75,20.5,153499,-7.5,-38.0,0.557
2020-08-11T02:46:27.000,39.65,21.54,138.07,15.03,20.5,153500,-7.69,-38.0,0.557
2020-08-11T02:47:27.000,39.61,21.16,107.18,15.31,20.5,153501,-7.88,-38.0,0.557
2020-08-11T02:48:27.000,39.55,20.75,86.85,15.53,20.5,153502,-8.08,-38.0,0.557
2020-08-11T02:49:27.000,39.5,20.28,71.48,15.75,20.5,153503,-8.27,-38.0,0.557
2020-08-11T02:50:27.000,39.47,19.6,55.2,16.03,20.5,153504,-8.47,-38.0,0.557
2020-08-11T02:51:27.000,39.43,18.87,42.47,16.31,20.5,153505,-8.66,-37.0,0.556
2020-08-11T02:52:28.000,39.35,18.29,33.49,16.57,20.5,153506,-8.86,-37.0,0.556
2020-08-11T02:53:28.000,39.29,17.82,26.71,16.82,20.5,153507,-9.05,-37.0,0.556
2020-08-11T02:54:28.000,39.22,17.53,22.03,17.02,20.5,153508,-9.24,-37.0,0.556
