Downloads/jupyter/ECSV/stars19/stars19_2022-12.ecsv
# %ECSV 1.0
# ---
# datatype:
# - {name: time, datatype: string}
# - {name: Enclosure Temperature, unit: deg_C, datatype: float64}
# - {name: Sky Temperature, unit: deg_C, datatype: float64}
# - {name: Frequency, unit: Hz, datatype: float64}
# - {name: MSAS, unit: mag / arcsec2, datatype: float64}
# - {name: ZP, datatype: float64}
# - {name: Sequence Number, datatype: int64}
# - {name: Sun Alt, unit: deg, datatype: float64}
# - {name: Moon Alt, unit: deg, datatype: float64}
# - {name: Moon Illumination, datatype: float64}
# delimiter: ','
# meta: !!omap
# - ida:
#     Data supplier: {affiliation: null, observer: null}
#     Device type: TESS-W
#     Field of view: 17.0
#     Filters per channel: None
#     Instrument ID: stars19
#     License: ODbL 1.0 http://opendatacommons.org/licenses/odbl/summary/
#     Local timezone: America/Phoenix
#     Location name: {country: '- Tucson', place: Tucson, region: United States, sub_region: Arizona, town: Pima County}
#     Measurement direction per channel: {azimuth: 0.0, zenital: 0.0}
#     Moving / Fixed look direction: FIXED
#     Moving / Stationary position: STATIONARY
#     Number of channels: 1
#     Number of fields per line: 8
#     Number of header lines: 35
#     Position: {height: 0.0, latitude: 32.223877, longitude: -110.767532}
#     TESS MAC address: 18:FE:34:CF:EC:06
#     TESS cover offset value: 0.0
#     TESS firmware version: '1.0'
#     TESS zero point: 20.5
#     Time Synchronization: timestamp added by MQTT subscriber
#     URL: http://www.darksky.org/NSBM/sdf1.0.pdf
# - __serialized_columns__:
#     Enclosure Temperature:
#       __class__: astropy.units.quantity.Quantity
#       unit: &id001 !astropy.units.Unit {unit: deg_C}
#       value: !astropy.table.SerializedColumn {name: Enclosure Temperature}
#     Frequency:
#       __class__: astropy.units.quantity.Quantity
#       unit: !astropy.units.Unit {unit: Hz}
#       value: !astropy.table.SerializedColumn {name: Frequency}
#     MSAS:
#       __class__: astropy.units.quantity.Quantity
#       unit: !astropy.units.Unit {unit: mag / arcsec2}
#       value: !astropy.table.SerializedColumn {name: MSAS}
#     Moon Alt:
#       __class__: astropy.units.quantity.Quantity
#       unit: &id002 !astropy.units.Unit {unit: deg}
#       value: !astropy.table.SerializedColumn {name: Moon Alt}
#     Sky Temperature:
#       __class__: astropy.units.quantity.Quantity
#       unit: *id001
#       value: !astropy.table.SerializedColumn {name: Sky Temperature}
#     Sun Alt:
#       __class__: astropy.units.quantity.Quantity
#       unit: *id002
#       value: !astropy.table.SerializedColumn {name: Sun Alt}
#     time:
#       __class__: astropy.time.core.Time
#       format: isot
#       in_subfmt: '*'
#       out_subfmt: '*'
#       precision: 3
#       scale: utc
#       value: !astropy.table.SerializedColumn {name: time}
# schema: astropy-2.0
time,Enclosure Temperature,Sky Temperature,Frequency,MSAS,ZP,Sequence Number,Sun Alt,Moon Alt,Moon Illumination
[from data line 15389]
2022-12-17T20:26:05.000,30.42,-0.04,0.0,0.0,20.5,39,32.16,-2.0,0.354
2022-12-17T20:27:05.000,30.32,-1.04,0.0,0.0,20.5,40,32.09,-2.0,0.354
2022-12-17T20:29:05.000,30.41,0.48,0.0,0.0,20.5,42,31.95,-2.0,0.354
2022-12-17T20:30:05.000,30.43,0.71,0.0,0.0,20.5,43,31.89,-3.0,0.354
2022-12-17T20:31:05.000,30.69,0.86,0.0,0.0,20.5,44,31.82,-3.0,0.354
2022-12-17T20:35:06.000,31.08,1.1,0.0,0.0,20.5,48,31.53,-4.0,0.353
2022-12-17T20:36:06.000,31.26,1.48,0.0,0.0,20.5,49,31.45,-4.0,0.353
2022-12-17T20:37:06.000,31.3,0.75,0.0,0.0,20.5,50,31.38,-4.0,0.353
2022-12-17T20:41:28.000,31.24,0.69,0.0,0.0,20.5,54,31.04,-5.0,0.353
2022-12-17T20:42:28.000,30.88,-0.21,0.0,0.0,20.5,55,30.96,-5.0,0.353
2022-12-17T20:43:28.000,30.77,0.69,0.0,0.0,20.5,56,30.88,-5.0,0.353
2022-12-17T20:44:28.000,30.94,1.32,0.0,0.0,20.5,57,30.79,-6.0,0.353
2022-12-17T20:45:28.000,30.89,0.48,0.0,0.0,20.5,58,30.71,-6.0,0.353
2022-12-17T20:46:28.000,30.93,1.19,0.0,0.0,20.5,59,30.63,-6.0,0.353
2022-12-17T20:48:34.000,30.85,0.24,0.0,0.0,20.5,61,30.45,-6.0,0.353
2022-12-17T20:49:34.000,30.72,0.68,0.0,0.0,20.5,62,30.37,-7.0,0.352
2022-12-17T20:50:34.000,30.89,0.87,0.0,0.0,20.5,63,30.28,-7.0,0.352
2022-12-17T20:54:34.000,30.92,1.32,0.0,0.0,20.5,67,29.92,-8.0,0.352
2022-12-17T20:55:35.000,30.7,-0.33,0.0,0.0,20.5,68,29.83,-8.0,0.352
2022-12-17T20:56:35.000,30.51,0.58,0.0,0.0,20.5,69,29.74,-8.0,0.352
2022-12-17T20:59:41.000,30.92,1.98,0.0,0.0,20.5,72,29.45,-9.0,0.352
2022-12-17T21:00:43.000,31.08,1.1,0.0,0.0,20.5,73,29.35,-9.0,0.352
2022-12-17T21:01:43.000,31.01,1.04,0.0,0.0,20.5,74,29.26,-9.0,0.352
2022-12-17T21:03:43.000,31.03,1.31,0.0,0.0,20.5,76,29.06,-10.0,0.352
2022-12-17T21:04:43.000,31.15,1.68,0.0,0.0,20.5,77,28.96,-10.0,0.351
2022-12-17T21:05:43.000,31.22,1.26,0.0,0.0,20.5,78,28.87,-10.0,0.351
2022-12-17T21:07:49.000,31.17,0.54,0.0,0.0,20.5,80,28.66,-10.0,0.351
2022-12-17T21:08:49.000,31.08,1.18,0.0,0.0,20.5,81,28.55,-11.0,0.351
2022-12-17T21:09:49.000,31.13,0.73,0.0,0.0,20.5,82,28.45,-11.0,0.351
2022-12-17T21:15:52.000,30.85,1.19,0.0,0.0,20.5,88,27.82,-12.0,0.351
2022-12-17T21:16:52.000,31.05,1.76,0.0,0.0,20.5,89,27.71,-12.0,0.351
2022-12-17T21:17:52.000,31.2,0.66,0.0,0.0,20.5,90,27.6,-13.0,0.351
2022-12-17T21:19:58.000,31.23,0.93,0.0,0.0,20.5,92,27.37,-13.0,0.35
2022-12-17T21:20:58.000,30.91,-0.52,0.0,0.0,20.5,93,27.26,-13.0,0.35
2022-12-17T21:21:58.000,30.73,0.28,0.0,0.0,20.5,94,27.15,-13.0,0.35
2022-12-17T21:24:03.000,30.69,0.64,0.0,0.0,20.5,96,26.92,-14.0,0.35
2022-12-17T21:26:09.000,30.18,0.07,0.0,0.0,20.5,98,26.68,-14.0,0.35
2022-12-17T21:27:10.000,30.19,0.05,0.0,0.0,20.5,99,26.57,-14.0,0.35
2022-12-17T21:28:10.000,30.01,-0.15,0.0,0.0,20.5,100,26.45,-15.0,0.35
2022-12-17T21:34:12.000,28.74,-0.13,0.0,0.0,20.5,106,25.74,-16.0,0.349
2022-12-17T21:35:12.000,28.33,-1.25,0.0,0.0,20.5,107,25.62,-16.0,0.349
2022-12-17T21:36:12.000,27.99,-0.74,0.0,0.0,20.5,108,25.5,-16.0,0.349
2022-12-17T21:38:18.000,27.8,-0.12,0.0,0.0,20.5,110,25.24,-17.0,0.349
2022-12-17T21:40:24.000,27.3,0.14,0.0,0.0,20.5,112,24.99,-17.0,0.349
2022-12-17T21:41:24.000,27.25,0.85,0.0,0.0,20.5,113,24.86,-17.0,0.349
2022-12-17T21:43:30.000,27.06,0.91,0.0,0.0,20.5,115,24.6,-18.0,0.349
2022-12-17T21:44:30.000,27.06,0.95,0.0,0.0,20.5,116,24.47,-18.0,0.349
2022-12-17T21:45:31.000,26.93,0.91,0.0,0.0,20.5,117,24.35,-18.0,0.349
2022-12-17T21:46:30.000,26.93,0.32,0.0,0.0,20.5,118,24.22,-18.0,0.349
2022-12-17T21:48:36.000,26.54,1.21,0.0,0.0,20.5,120,23.95,-19.0,0.348
2022-12-17T21:49:36.000,26.68,1.19,0.0,0.0,20.5,121,23.82,-19.0,0.348
2022-12-17T21:50:36.000,26.75,1.17,0.0,0.0,20.5,122,23.69,-19.0,0.348
2022-12-17T21:55:36.000,26.36,-0.51,0.0,0.0,20.5,127,23.04,-20.0,0.348
2022-12-17T21:56:36.000,26.18,0.15,0.0,0.0,20.5,128,22.9,-20.0,0.348
2022-12-17T21:57:36.000,26.07,-0.21,0.0,0.0,20.5,129,22.77,-21.0,0.348
2022-12-17T21:59:42.000,25.9,0.03,0.0,0.0,20.5,131,22.49,-21.0,0.348
2022-12-17T22:02:47.000,25.6,0.09,0.0,0.0,20.5,134,22.07,-22.0,0.347
2022-12-17T22:04:47.000,25.42,0.15,0.0,0.0,20.5,136,21.79,-22.0,0.347
2022-12-17T22:05:47.000,25.45,0.34,0.0,0.0,20.5,137,21.65,-22.0,0.347
2022-12-17T22:06:49.000,25.35,0.23,0.0,0.0,20.5,138,21.51,-23.0,0.347
2022-12-17T22:10:49.000,25.04,-0.18,0.0,0.0,20.5,142,20.95,-23.0,0.347
2022-12-17T22:13:50.000,24.42,0.03,0.0,0.0,20.5,145,20.52,-24.0,0.347
2022-12-17T22:15:50.000,24.35,-0.57,0.0,0.0,20.5,147,20.23,-24.0,0.347
2022-12-17T22:17:50.000,23.65,-0.96,0.0,0.0,20.5,149,19.94,-25.0,0.346
2022-12-17T22:19:56.000,23.69,0.03,0.0,0.0,20.5,151,19.64,-25.0,0.346
2022-12-17T22:20:56.000,23.71,0.08,0.0,0.0,20.5,152,19.49,-25.0,0.346
2022-12-17T22:21:56.000,23.72,-0.23,0.0,0.0,20.5,153,19.34,-26.0,0.346
2022-12-17T22:24:03.000,23.59,0.0,0.0,0.0,20.5,155,19.03,-26.0,0.346
2022-12-17T22:25:03.000,23.63,-0.1,0.0,0.0,20.5,156,18.88,-26.0,0.346
2022-12-17T22:26:03.000,23.53,-0.75,0.0,0.0,20.5,157,18.73,-26.0,0.346
2022-12-17T22:50:11.000,21.15,-1.27,0.0,0.0,20.5,181,15.0,-31.0,0.344
2022-12-17T22:51:11.000,21.17,-1.19,0.0,0.0,20.5,182,14.84,-31.0,0.344
2022-12-17T22:52:11.000,20.98,-1.76,0.0,0.0,20.5,183,14.68,-32.0,0.344
2022-12-17T22:54:17.000,20.96,-0.93,0.0,0.0,20.5,185,14.34,-32.0,0.344
2022-12-17T22:55:17.000,20.98,-0.58,0.0,0.0,20.5,186,14.18,-32.0,0.344
2022-12-17T22:56:17.000,20.95,-1.01,0.0,0.0,20.5,187,14.02,-32.0,0.344
2022-12-17T22:57:17.000,20.93,-0.94,0.0,0.0,20.5,188,13.86,-33.0,0.344
2022-12-17T22:59:23.000,20.81,-1.13,0.0,0.0,20.5,190,13.51,-33.0,0.344
2022-12-17T23:01:23.000,20.47,-1.85,0.0,0.0,20.5,192,13.19,-33.0,0.343
2022-12-17T23:02:23.000,20.31,-2.16,0.0,0.0,20.5,193,13.02,-34.0,0.343
2022-12-17T23:03:24.000,20.21,-2.21,0.0,0.0,20.5,194,12.85,-34.0,0.343
2022-12-17T23:04:24.000,20.08,-2.73,0.0,0.0,20.5,195,12.69,-34.0,0.343
2022-12-17T23:05:24.000,19.92,-3.02,0.0,0.0,20.5,196,12.52,-34.0,0.343
2022-12-17T23:07:25.000,19.74,-3.2,0.0,0.0,20.5,198,12.19,-35.0,0.343
2022-12-17T23:08:24.000,19.6,-3.64,0.0,0.0,20.5,199,12.02,-35.0,0.343
2022-12-17T23:09:24.000,19.49,-3.37,0.0,0.0,20.5,200,11.86,-35.0,0.343
2022-12-17T23:19:25.000,19.0,-2.69,0.0,0.0,20.5,210,10.16,-37.0,0.342
2022-12-17T23:20:25.000,19.05,-2.59,0.0,0.0,20.5,211,9.99,-37.0,0.342
2022-12-17T23:21:25.000,19.08,-2.42,0.0,0.0,20.5,212,9.82,-37.0,0.342
2022-12-17T23:23:30.000,18.89,-2.7,0.0,0.0,20.5,214,9.46,-38.0,0.342
2022-12-17T23:25:32.000,19.11,-2.22,0.0,0.0,20.5,216,9.11,-38.0,0.342
2022-12-17T23:26:32.000,19.15,-2.1,0.0,0.0,20.5,217,8.94,-38.0,0.342
2022-12-17T23:27:32.000,19.15,-2.37,0.0,0.0,20.5,218,8.77,-38.0,0.342
2022-12-17T23:31:32.000,18.98,-2.58,0.0,0.0,20.5,222,8.07,-39.0,0.341
2022-12-17T23:32:32.000,18.9,-2.32,0.0,0.0,20.5,223,7.9,-39.0,0.341
2022-12-17T23:33:32.000,18.8,-2.53,0.0,0.0,20.5,224,7.72,-40.0,0.341
2022-12-17T23:35:32.000,18.71,-2.51,0.0,0.0,20.5,226,7.37,-40.0,0.341
2022-12-17T23:36:32.000,18.67,-2.14,0.0,0.0,20.5,227,7.19,-40.0,0.341
2022-12-17T23:37:32.000,18.64,-2.43,0.0,0.0,20.5,228,7.02,-40.0,0.341
2022-12-17T23:38:35.000,18.65,-2.21,0.0,0.0,20.5,229,6.83,-41.0,0.341
2022-12-17T23:40:40.000,18.49,-2.55,0.0,0.0,20.5,231,6.46,-41.0,0.341
2022-12-17T23:41:41.000,18.37,-2.5,0.0,0.0,20.5,232,6.28,-41.0,0.341
2022-12-17T23:42:41.000,18.37,-2.11,0.0,0.0,20.5,233,6.1,-41.0,0.341
2022-12-17T23:49:42.000,18.1,-1.3,0.0,0.0,20.5,240,4.85,-43.0,0.34
2022-12-17T23:50:43.000,18.03,-1.39,0.0,0.0,20.5,241,4.66,-43.0,0.34
2022-12-17T23:51:42.000,18.05,-0.92,0.0,0.0,20.5,242,4.49,-43.0,0.34
2022-12-17T23:53:43.000,18.1,-0.74,0.0,0.0,20.5,244,4.12,-43.0,0.34
2022-12-17T23:54:43.000,18.01,-0.73,0.0,0.0,20.5,245,3.94,-43.0,0.34
2022-12-17T23:55:43.000,18.05,-0.69,0.0,0.0,20.5,246,3.76,-44.0,0.34
2022-12-17T23:56:43.000,17.96,-0.95,0.0,0.0,20.5,247,3.58,-44.0,0.34
2022-12-17T23:57:43.000,17.85,-1.22,0.0,0.0,20.5,248,3.39,-44.0,0.34
2022-12-17T23:58:46.000,17.81,-0.73,0.0,0.0,20.5,249,3.2,-44.0,0.34
2022-12-18T00:00:52.000,17.65,-1.19,0.0,0.0,20.5,251,2.82,-45.0,0.339
2022-12-18T00:01:52.000,17.51,-1.26,0.14,0.09,20.5,252,2.64,-45.0,0.339
2022-12-18T00:02:52.000,17.43,-1.04,0.0,0.0,20.5,253,2.45,-45.0,0.339
2022-12-18T00:03:52.000,17.46,-0.81,0.0,0.0,20.5,254,2.27,-45.0,0.339
2022-12-18T00:04:52.000,17.48,-1.05,0.0,0.0,20.5,255,2.08,-45.0,0.339
2022-12-18T00:15:56.000,17.12,-2.0,0.0,0.0,20.5,266,0.03,-47.0,0.338
2022-12-18T00:16:56.000,17.15,-2.2,0.0,0.0,20.5,267,-0.15,-47.0,0.338
2022-12-18T00:17:56.000,17.0,-2.75,0.0,0.0,20.5,268,-0.34,-48.0,0.338
2022-12-18T00:20:01.000,16.95,-2.51,0.0,0.0,20.5,270,-0.73,-48.0,0.338
2022-12-18T00:21:02.000,16.99,-2.4,0.0,0.0,20.5,271,-0.92,-48.0,0.338
2022-12-18T00:22:02.000,16.97,-2.79,0.0,0.0,20.5,272,-1.11,-48.0,0.338
2022-12-18T00:24:08.000,16.91,-3.21,0.0,0.0,20.5,274,-1.51,-49.0,0.338
2022-12-18T00:27:15.000,16.91,-3.64,46668.62,8.71,20.5,277,-2.09,-49.0,0.338
2022-12-18T00:28:15.000,16.82,-4.09,39813.96,8.88,20.5,278,-2.28,-49.0,0.337
2022-12-18T00:29:15.000,16.67,-4.51,33878.01,9.13,20.5,279,-2.47,-49.0,0.337
2022-12-18T00:30:15.000,16.58,-4.27,29444.07,9.21,20.5,280,-2.66,-50.0,0.337
2022-12-18T00:31:15.000,16.57,-4.18,24790.11,9.62,20.5,281,-2.85,-50.0,0.337
2022-12-18T00:32:15.000,16.59,-4.21,22126.13,9.52,20.5,282,-3.04,-50.0,0.337
2022-12-18T00:33:15.000,16.58,-4.29,18608.2,9.71,20.5,283,-3.23,-50.0,0.337
2022-12-18T00:34:15.000,16.56,-4.37,15441.31,9.91,20.5,284,-3.42,-50.0,0.337
2022-12-18T00:35:15.000,16.56,-4.41,12598.09,10.13,20.5,285,-3.61,-50.0,0.337
2022-12-18T00:36:16.000,16.6,-4.44,10134.33,10.37,20.5,286,-3.81,-51.0,0.337
2022-12-18T00:38:21.000,16.58,-4.98,6251.6,10.89,20.5,288,-4.21,-51.0,0.337
2022-12-18T00:39:21.000,16.57,-5.06,4832.49,11.17,20.5,289,-4.4,-51.0,0.337
2022-12-18T00:40:22.000,16.47,-5.66,3740.76,11.45,20.5,290,-4.59,-51.0,0.337
2022-12-18T00:41:21.000,16.3,-5.71,2924.8,11.72,20.5,291,-4.78,-51.0,0.337
2022-12-18T00:42:23.000,16.13,-6.03,2330.63,11.96,20.5,292,-4.98,-52.0,0.337
2022-12-18T00:43:23.000,16.04,-5.58,1876.99,12.2,20.5,293,-5.17,-52.0,0.336
2022-12-18T00:44:23.000,15.98,-5.78,1447.42,12.48,20.5,294,-5.37,-52.0,0.336
2022-12-18T00:45:23.000,15.83,-5.91,1132.04,12.75,20.5,295,-5.56,-52.0,0.336
2022-12-18T00:46:23.000,15.79,-5.77,876.94,13.03,20.5,296,-5.75,-52.0,0.336
2022-12-18T00:47:23.000,15.66,-6.0,715.46,13.25,20.5,297,-5.94,-52.0,0.336
2022-12-18T00:48:25.000,15.54,-5.99,601.49,13.43,20.5,298,-6.14,-53.0,0.336
2022-12-18T00:49:25.000,15.47,-5.99,451.2,13.75,20.5,299,-6.34,-53.0,0.336
2022-12-18T00:50:25.000,15.46,-5.74,334.97,14.07,20.5,300,-6.53,-53.0,0.336
2022-12-18T00:51:25.000,15.42,-5.87,254.04,14.37,20.5,301,-6.73,-53.0,0.336
2022-12-18T00:52:25.000,15.38,-5.9,192.67,14.67,20.5,302,-6.92,-53.0,0.336
2022-12-18T00:53:25.000,15.34,-5.77,148.61,14.95,20.5,303,-7.11,-53.0,0.336
2022-12-18T00:54:25.000,15.34,-5.45,117.37,15.21,20.5,304,-7.31,-53.0,0.336
2022-12-18T00:55:25.000,15.4,-5.22,96.16,15.42,20.5,305,-7.5,-54.0,0.336
2022-12-18T00:56:25.000,15.45,-4.8,80.81,15.61,20.5,306,-7.7,-54.0,0.336
2022-12-18T00:57:25.000,15.53,-4.43,69.66,15.77,20.5,307,-7.89,-54.0,0.335
2022-12-18T00:59:32.000,15.64,-4.06,51.03,16.11,20.5,309,-8.31,-54.0,0.335
2022-12-18T01:00:33.000,15.67,-3.88,43.88,16.28,20.5,310,-8.5,-54.0,0.335
2022-12-18T01:02:32.000,15.73,-3.64,29.19,16.72,20.5,312,-8.89,-55.0,0.335
2022-12-18T01:03:33.000,15.73,-3.76,24.65,16.9,20.5,313,-9.09,-55.0,0.335
2022-12-18T01:04:33.000,15.64,-4.02,23.91,16.94,20.5,314,-9.29,-55.0,0.335
2022-12-18T01:05:33.000,15.57,-3.91,28.14,16.76,20.5,315,-9.48,-55.0,0.335
2022-12-18T01:06:33.000,15.58,-3.73,25.47,16.87,20.5,316,-9.68,-55.0,0.335
2022-12-18T01:07:33.000,15.65,-3.64,23.19,16.97,20.5,317,-9.88,-55.0,0.335
2022-12-18T01:08:33.000,15.66,-3.78,21.45,17.05,20.5,318,-10.07,-55.0,0.335
2022-12-18T01:09:34.000,15.65,-3.69,20.45,17.1,20.5,319,-10.27,-56.0,0.335
2022-12-18T01:10:34.000,15.68,-3.62,20.09,17.12,20.5,320,-10.47,-56.0,0.335
2022-12-18T01:11:34.000,15.68,-3.67,19.77,17.14,20.5,321,-10.67,-56.0,0.335
2022-12-18T01:12:34.000,15.65,-3.66,19.31,17.17,20.5,322,-10.87,-56.0,0.334
2022-12-18T01:13:34.000,15.66,-3.71,18.85,17.19,20.5,323,-11.06,-56.0,0.334
2022-12-18T01:14:34.000,15.68,-3.8,18.29,17.22,20.5,324,-11.26,-56.0,0.334
2022-12-18T01:15:34.000,15.69,-4.0,17.7,17.26,20.5,325,-11.46,-56.0,0.334
2022-12-18T01:16:34.000,15.71,-4.15,16.87,17.31,20.5,326,-11.66,-56.0,0.334
2022-12-18T01:17:34.000,15.72,-4.4,16.1,17.36,20.5,327,-11.86,-57.0,0.334
2022-12-18T01:18:34.000,15.7,-4.61,15.57,17.4,20.5,328,-12.05,-57.0,0.334
2022-12-18T01:19:35.000,15.67,-4.61,16.29,17.36,20.5,329,-12.26,-57.0,0.334
2022-12-18T01:20:35.000,15.54,-4.94,8.33,18.2,20.5,330,-12.45,-57.0,0.334
2022-12-18T01:21:35.000,15.42,-4.9,5.67,18.5,20.5,331,-12.65,-57.0,0.334
2022-12-18T01:24:47.000,15.36,-4.68,5.74,18.48,20.5,334,-13.29,-58.0,0.334
2022-12-18T01:25:47.000,15.34,-4.69,5.56,18.52,20.5,335,-13.49,-58.0,0.334
2022-12-18T01:26:47.000,15.2,-5.03,5.23,18.58,20.5,336,-13.69,-58.0,0.333
2022-12-18T01:27:48.000,15.15,-4.72,5.1,18.61,20.5,337,-13.89,-58.0,0.333
2022-12-18T01:28:48.000,15.12,-4.78,5.06,18.62,20.5,338,-14.09,-58.0,0.333
2022-12-18T01:29:48.000,15.06,-4.76,5.1,18.61,20.5,339,-14.29,-58.0,0.333
2022-12-18T01:30:48.000,15.01,-4.72,5.16,18.6,20.5,340,-14.49,-58.0,0.333
2022-12-18T01:31:48.000,15.02,-4.56,5.12,18.61,20.5,341,-14.69,-58.0,0.333
2022-12-18T01:32:48.000,14.98,-4.65,5.14,18.6,20.5,342,-14.89,-58.0,0.333
2022-12-18T01:33:48.000,14.91,-4.51,5.23,18.58,20.5,343,-15.09,-59.0,0.333
2022-12-18T01:34:48.000,14.91,-4.13,5.28,18.57,20.5,344,-15.29,-59.0,0.333
2022-12-18T01:35:48.000,14.91,-4.18,5.38,18.55,20.5,345,-15.5,-59.0,0.333
2022-12-18T01:36:48.000,14.86,-4.09,5.53,18.52,20.5,346,-15.7,-59.0,0.333
2022-12-18T01:37:48.000,14.85,-3.99,5.6,18.51,20.5,347,-15.9,-59.0,0.333
2022-12-18T01:38:48.000,14.83,-3.87,5.61,18.51,20.5,348,-16.1,-59.0,0.333
2022-12-18T01:40:54.000,14.67,-4.18,5.8,18.47,20.5,350,-16.52,-59.0,0.333
2022-12-18T01:43:00.000,14.46,-4.4,5.79,18.47,20.5,352,-16.95,-59.0,0.332
2022-12-18T01:44:00.000,14.39,-4.48,5.76,18.48,20.5,353,-17.15,-60.0,0.332
2022-12-18T01:45:00.000,14.38,-4.38,5.53,18.52,20.5,354,-17.35,-60.0,0.332
2022-12-18T01:46:00.000,14.37,-4.57,5.25,18.58,20.5,355,-17.55,-60.0,0.332
2022-12-18T01:47:00.000,14.41,-4.74,5.07,18.62,20.5,356,-17.75,-60.0,0.332
2022-12-18T01:48:00.000,14.43,-5.15,4.85,18.67,20.5,357,-17.96,-60.0,0.332
2022-12-18T01:51:06.000,14.45,-6.21,3.84,18.92,20.5,360,-18.58,-60.0,0.332
2022-12-18T01:52:06.000,14.47,-6.52,3.56,19.0,20.5,361,-18.79,-60.0,0.332
2022-12-18T01:54:12.000,14.48,-6.74,3.51,19.02,20.5,363,-19.21,-61.0,0.332
2022-12-18T01:55:12.000,14.38,-7.1,3.44,19.04,20.5,364,-19.42,-61.0,0.332
2022-12-18T01:56:12.000,14.27,-6.9,3.46,19.03,20.5,365,-19.62,-61.0,0.331
2022-12-18T01:57:12.000,14.26,-6.86,3.57,19.0,20.5,366,-19.82,-61.0,0.331
2022-12-18T01:58:12.000,14.13,-7.34,3.65,18.98,20.5,367,-20.03,-61.0,0.331
2022-12-18T02:00:13.000,13.92,-7.43,3.37,19.06,20.5,369,-20.44,-61.0,0.331
2022-12-18T02:01:12.000,13.91,-7.19,3.26,19.1,20.5,370,-20.64,-61.0,0.331
2022-12-18T02:02:12.000,13.91,-7.54,3.08,19.16,20.5,371,-20.84,-61.0,0.331
2022-12-18T02:03:13.000,13.86,-7.5,2.94,19.21,20.5,372,-21.05,-61.0,0.331
2022-12-18T02:04:13.000,13.89,-7.46,2.89,19.23,20.5,373,-21.25,-61.0,0.331
2022-12-18T02:05:13.000,13.88,-7.6,2.9,19.22,20.5,374,-21.46,-61.0,0.331
2022-12-18T02:06:13.000,13.92,-7.4,2.9,19.22,20.5,375,-21.66,-61.0,0.331
2022-12-18T02:07:14.000,13.9,-7.5,2.92,19.22,20.5,376,-21.87,-61.0,0.331
2022-12-18T02:08:14.000,13.95,-7.29,3.02,19.18,20.5,377,-22.07,-61.0,0.331
2022-12-18T02:09:14.000,13.98,-7.38,3.16,19.13,20.5,378,-22.28,-62.0,0.331
2022-12-18T02:10:14.000,14.02,-7.43,3.19,19.12,20.5,379,-22.48,-62.0,0.331
2022-12-18T02:11:14.000,14.05,-7.65,3.08,19.16,20.5,380,-22.69,-62.0,0.33
2022-12-18T02:12:14.000,14.06,-7.92,2.91,19.22,20.5,381,-22.89,-62.0,0.33
2022-12-18T02:13:14.000,14.03,-8.31,2.74,19.29,20.5,382,-23.1,-62.0,0.33
2022-12-18T02:14:14.000,13.96,-8.7,2.44,19.41,20.5,383,-23.3,-62.0,0.33
2022-12-18T02:15:14.000,13.92,-8.75,2.19,19.53,20.5,384,-23.51,-62.0,0.33
2022-12-18T02:16:14.000,13.93,-8.91,2.12,19.56,20.5,385,-23.72,-62.0,0.33
