Downloads/jupyter/ECSV/stars19/stars19_2023-04.ecsv
# %ECSV 1.0
# ---
# datatype:
# - {name: time, datatype: string}
# - {name: Enclosure Temperature, unit: deg_C, datatype: float64}
# - {name: Sky Temperature, unit: deg_C, datatype: float64}
# - {name: Frequency, unit: Hz, datatype: float64}
# - {name: MSAS, unit: mag / arcsec2, datatype: float64}
# - {name: ZP, datatype: float64}
# - {name: Sequence Number, datatype: int64}
# - {name: Sun Alt, unit: deg, datatype: float64}
# - {name: Moon Alt, unit: deg, datatype: float64}
# - {name: Moon Illumination, datatype: float64}
# delimiter: ','
# meta: !!omap
# - ida:
#     Data supplier: {affiliation: null, observer: null}
#     Device type: TESS-W
#     Field of view: 17.0
#     Filters per channel: None
#     Instrument ID: stars19
#     License: ODbL 1.0 http://opendatacommons.org/licenses/odbl/summary/
#     Local timezone: America/Phoenix
#     Location name: {country: '- Tucson', place: Tucson, region: United States, sub_region: Arizona, town: Pima County}
#     Measurement direction per channel: {azimuth: 0.0, zenital: 0.0}
#     Moving / Fixed look direction: FIXED
#     Moving / Stationary position: STATIONARY
#     Number of channels: 1
#     Number of fields per line: 8
#     Number of header lines: 35
#     Position: {height: 0.0, latitude: 32.223877, longitude: -110.767532}
#     TESS MAC address: 18:FE:34:CF:EC:06
#     TESS cover offset value: 0.0
#     TESS firmware version: '1.0'
#     TESS zero point: 20.38
#     Time Synchronization: timestamp added by MQTT subscriber
#     URL: http://www.darksky.org/NSBM/sdf1.0.pdf
# - __serialized_columns__:
#     Enclosure Temperature:
#       __class__: astropy.units.quantity.Quantity
#       unit: &id001 !astropy.units.Unit {unit: deg_C}
#       value: !astropy.table.SerializedColumn {name: Enclosure Temperature}
#     Frequency:
#       __class__: astropy.units.quantity.Quantity
#       unit: !astropy.units.Unit {unit: Hz}
#       value: !astropy.table.SerializedColumn {name: Frequency}
#     MSAS:
#       __class__: astropy.units.quantity.Quantity
#       unit: !astropy.units.Unit {unit: mag / arcsec2}
#       value: !astropy.table.SerializedColumn {name: MSAS}
#     Moon Alt:
#       __class__: astropy.units.quantity.Quantity
#       unit: &id002 !astropy.units.Unit {unit: deg}
#       value: !astropy.table.SerializedColumn {name: Moon Alt}
#     Sky Temperature:
#       __class__: astropy.units.quantity.Quantity
#       unit: *id001
#       value: !astropy.table.SerializedColumn {name: Sky Temperature}
#     Sun Alt:
#       __class__: astropy.units.quantity.Quantity
#       unit: *id002
#       value: !astropy.table.SerializedColumn {name: Sun Alt}
#     time:
#       __class__: astropy.time.core.Time
#       format: isot
#       in_subfmt: '*'
#       out_subfmt: '*'
#       precision: 3
#       scale: utc
#       value: !astropy.table.SerializedColumn {name: time}
# schema: astropy-2.0
time,Enclosure Temperature,Sky Temperature,Frequency,MSAS,ZP,Sequence Number,Sun Alt,Moon Alt,Moon Illumination
[from data line 18298]
2023-04-24T01:31:36.000,33.01,6.47,0.27,0.09,20.38,150702,4.62,51.0,0.163
2023-04-24T01:32:36.000,32.96,6.92,0.0,0.0,20.38,150703,4.41,51.0,0.163
2023-04-24T01:33:36.000,32.93,7.25,0.0,0.0,20.38,150704,4.2,51.0,0.163
2023-04-24T01:34:36.000,32.87,7.58,0.0,0.0,20.38,150705,4.0,50.0,0.163
2023-04-24T01:35:36.000,32.85,7.82,0.0,0.0,20.38,150706,3.79,50.0,0.163
2023-04-24T01:36:37.000,32.84,8.09,0.0,0.0,20.38,150707,3.58,50.0,0.163
2023-04-24T01:37:37.000,32.82,8.09,0.13,0.09,20.38,150708,3.38,50.0,0.163
2023-04-24T01:38:37.000,32.79,8.0,0.0,0.0,20.38,150709,3.17,50.0,0.163
2023-04-24T01:39:38.000,32.78,8.08,0.0,0.0,20.38,150710,2.96,49.0,0.163
2023-04-24T01:40:38.000,32.76,7.8,0.0,0.0,20.38,150711,2.75,49.0,0.163
2023-04-24T01:41:38.000,32.75,7.84,0.0,0.0,20.38,150712,2.55,49.0,0.163
2023-04-24T01:42:41.000,32.77,7.79,0.18,0.09,20.38,150713,2.33,49.0,0.163
2023-04-24T01:43:44.000,32.81,7.66,0.0,0.0,20.38,150714,2.12,48.0,0.163
2023-04-24T01:48:02.000,32.81,6.82,0.0,0.0,20.38,150718,1.24,48.0,0.163
2023-04-24T01:49:02.000,32.79,6.75,0.0,0.0,20.38,150719,1.03,47.0,0.163
2023-04-24T01:52:03.000,32.64,6.39,0.0,0.0,20.38,150722,0.41,47.0,0.164
2023-04-24T01:54:03.000,32.63,5.96,0.0,0.0,20.38,150724,0.01,46.0,0.164
2023-04-24T01:55:04.000,32.57,5.82,0.0,0.0,20.38,150725,-0.2,46.0,0.164
2023-04-24T01:57:04.000,32.44,5.84,0.0,0.0,20.38,150727,-0.61,46.0,0.164
2023-04-24T01:58:04.000,32.39,5.86,0.0,0.0,20.38,150728,-0.81,46.0,0.164
2023-04-24T02:00:05.000,32.28,5.8,12763.58,1.67,20.38,150730,-1.22,45.0,0.164
2023-04-24T02:01:04.000,32.23,5.58,57206.6,8.49,20.38,150731,-1.42,45.0,0.164
2023-04-24T02:02:05.000,32.19,5.55,48003.23,8.68,20.38,150732,-1.63,45.0,0.164
2023-04-24T02:03:07.000,32.13,5.32,40596.2,8.86,20.38,150733,-1.84,45.0,0.164
2023-04-24T02:04:07.000,32.09,5.14,34008.53,9.15,20.38,150734,-2.04,44.0,0.164
2023-04-24T02:05:07.000,32.04,4.99,29170.71,9.22,20.38,150735,-2.25,44.0,0.164
2023-04-24T02:06:07.000,32.0,4.78,24174.9,9.56,20.38,150736,-2.45,44.0,0.164
2023-04-24T02:07:08.000,31.91,4.73,20711.98,9.59,20.38,150737,-2.65,44.0,0.164
2023-04-24T02:08:08.000,31.89,4.85,17417.04,9.78,20.38,150738,-2.86,44.0,0.164
2023-04-24T02:09:08.000,31.88,4.79,14109.16,10.01,20.38,150739,-3.06,43.0,0.165
2023-04-24T02:10:09.000,31.84,4.75,11417.53,10.24,20.38,150740,-3.26,43.0,0.165
2023-04-24T02:11:08.000,31.77,4.65,9261.06,10.47,20.38,150741,-3.46,43.0,0.165
2023-04-24T02:12:09.000,31.71,4.75,7481.49,10.7,20.38,150742,-3.67,43.0,0.165
2023-04-24T02:13:09.000,31.67,4.85,5967.93,10.94,20.38,150743,-3.87,42.0,0.165
2023-04-24T02:14:09.000,31.61,4.81,4745.71,11.19,20.38,150744,-4.07,42.0,0.165
2023-04-24T02:15:09.000,31.57,4.89,3763.01,11.44,20.38,150745,-4.27,42.0,0.165
2023-04-24T02:16:09.000,31.52,4.89,3017.35,11.68,20.38,150746,-4.47,42.0,0.165
2023-04-24T02:17:10.000,31.49,4.96,2437.84,11.91,20.38,150747,-4.68,42.0,0.165
2023-04-24T02:18:10.000,31.47,5.09,1949.09,12.16,20.38,150748,-4.88,41.0,0.165
2023-04-24T02:19:10.000,31.47,5.22,1578.51,12.39,20.38,150749,-5.08,41.0,0.165
2023-04-24T02:20:12.000,31.47,5.25,1225.46,12.66,20.38,150750,-5.28,41.0,0.165
2023-04-24T02:21:11.000,31.48,5.34,931.14,12.96,20.38,150751,-5.48,41.0,0.165
2023-04-24T02:22:11.000,31.48,5.37,717.09,13.24,20.38,150752,-5.68,41.0,0.165
2023-04-24T02:23:11.000,31.48,5.4,557.62,13.52,20.38,150753,-5.88,40.0,0.165
2023-04-24T02:24:11.000,31.47,5.41,434.27,13.79,20.38,150754,-6.08,40.0,0.165
2023-04-24T02:25:11.000,31.44,5.39,338.4,14.06,20.38,150755,-6.28,40.0,0.165
2023-04-24T02:26:12.000,31.4,5.36,268.62,14.31,20.38,150756,-6.48,40.0,0.165
2023-04-24T02:27:12.000,31.38,5.39,214.11,14.56,20.38,150757,-6.68,40.0,0.165
2023-04-24T02:28:12.000,31.37,5.53,169.68,14.81,20.38,150758,-6.88,39.0,0.166
2023-04-24T02:29:12.000,31.36,5.64,137.84,15.03,20.38,150759,-7.08,39.0,0.166
2023-04-24T02:30:12.000,31.29,5.68,107.6,15.3,20.38,150760,-7.28,39.0,0.166
2023-04-24T02:31:12.000,31.25,5.83,84.05,15.57,20.38,150761,-7.48,39.0,0.166
2023-04-24T02:32:12.000,31.24,5.84,66.05,15.83,20.38,150762,-7.67,39.0,0.166
2023-04-24T02:33:12.000,31.19,5.69,54.48,16.04,20.38,150763,-7.87,38.0,0.166
2023-04-24T02:34:12.000,31.16,5.68,47.07,16.2,20.38,150764,-8.07,38.0,0.166
2023-04-24T02:35:12.000,31.08,5.52,37.55,16.45,20.38,150765,-8.27,38.0,0.166
2023-04-24T02:36:12.000,31.02,5.41,30.09,16.68,20.38,150766,-8.47,38.0,0.166
2023-04-24T02:37:13.000,30.94,5.18,26.23,16.83,20.38,150767,-8.67,38.0,0.166
2023-04-24T02:38:12.000,30.86,5.07,21.32,17.06,20.38,150768,-8.86,37.0,0.166
2023-04-24T02:39:14.000,30.82,5.04,18.56,17.21,20.38,150769,-9.06,37.0,0.166
2023-04-24T02:42:15.000,30.65,4.61,9.76,17.91,20.38,150772,-9.66,37.0,0.166
2023-04-24T02:43:15.000,30.61,4.38,8.34,18.08,20.38,150773,-9.85,36.0,0.166
2023-04-24T02:44:15.000,30.57,4.2,7.2,18.24,20.38,150774,-10.05,36.0,0.166
2023-04-24T02:45:15.000,30.54,4.0,5.95,18.45,20.38,150775,-10.24,36.0,0.166
2023-04-24T02:46:15.000,30.51,3.87,5.05,18.62,20.38,150776,-10.44,36.0,0.166
2023-04-24T02:47:15.000,30.47,3.64,4.36,18.78,20.38,150777,-10.64,36.0,0.167
2023-04-24T02:48:17.000,30.43,3.56,3.79,18.93,20.38,150778,-10.84,35.0,0.167
2023-04-24T02:49:17.000,30.39,3.39,3.42,19.05,20.38,150779,-11.03,35.0,0.167
2023-04-24T02:51:19.000,30.31,3.22,2.86,19.24,20.38,150781,-11.43,35.0,0.167
2023-04-24T02:52:18.000,30.28,3.12,2.64,19.33,20.38,150782,-11.62,35.0,0.167
2023-04-24T02:53:19.000,30.22,2.98,2.44,19.41,20.38,150783,-11.82,34.0,0.167
2023-04-24T02:54:19.000,30.18,2.95,2.31,19.47,20.38,150784,-12.01,34.0,0.167
2023-04-24T02:55:19.000,30.13,2.99,2.2,19.52,20.38,150785,-12.2,34.0,0.167
2023-04-24T02:56:19.000,30.1,2.98,2.11,19.57,20.38,150786,-12.4,34.0,0.167
2023-04-24T02:57:19.000,30.08,3.03,2.04,19.61,20.38,150787,-12.59,34.0,0.167
2023-04-24T02:58:20.000,30.06,3.03,1.97,19.65,20.38,150788,-12.79,33.0,0.167
2023-04-24T02:59:20.000,30.02,2.89,1.91,19.68,20.38,150789,-12.98,33.0,0.167
2023-04-24T03:00:21.000,29.98,2.84,1.88,19.7,20.38,150790,-13.17,33.0,0.167
2023-04-24T03:03:23.000,29.89,2.88,1.71,19.79,20.38,150793,-13.76,32.0,0.167
2023-04-24T03:04:23.000,29.86,2.88,1.69,19.81,20.38,150794,-13.95,32.0,0.167
2023-04-24T03:05:23.000,29.83,2.86,1.67,19.82,20.38,150795,-14.14,32.0,0.167
2023-04-24T03:06:23.000,29.8,2.8,1.66,19.83,20.38,150796,-14.33,32.0,0.168
2023-04-24T03:07:23.000,29.76,2.89,1.68,19.82,20.38,150797,-14.52,32.0,0.168
2023-04-24T03:08:24.000,29.71,2.85,1.73,19.78,20.38,150798,-14.71,31.0,0.168
2023-04-24T03:09:23.000,29.64,2.73,1.72,19.79,20.38,150799,-14.9,31.0,0.168
2023-04-24T03:10:23.000,29.59,2.79,1.71,19.8,20.38,150800,-15.09,31.0,0.168
2023-04-24T03:11:23.000,29.56,2.78,1.73,19.79,20.38,150801,-15.28,31.0,0.168
2023-04-24T03:12:24.000,29.51,2.72,1.75,19.77,20.38,150802,-15.47,31.0,0.168
2023-04-24T03:13:24.000,29.48,2.75,1.75,19.77,20.38,150803,-15.66,30.0,0.168
2023-04-24T03:14:24.000,29.46,2.77,1.73,19.79,20.38,150804,-15.85,30.0,0.168
2023-04-24T03:15:24.000,29.44,2.72,1.72,19.79,20.38,150805,-16.04,30.0,0.168
2023-04-24T03:17:26.000,29.42,2.8,1.64,19.84,20.38,150807,-16.42,30.0,0.168
2023-04-24T03:18:25.000,29.43,2.79,1.63,19.85,20.38,150808,-16.61,29.0,0.168
2023-04-24T03:19:26.000,29.4,2.74,1.65,19.84,20.38,150809,-16.8,29.0,0.168
2023-04-24T03:20:27.000,29.35,2.76,1.67,19.82,20.38,150810,-16.99,29.0,0.168
2023-04-24T03:21:26.000,29.33,2.86,1.7,19.8,20.38,150811,-17.17,29.0,0.168
2023-04-24T03:22:27.000,29.28,2.83,1.72,19.79,20.38,150812,-17.36,29.0,0.168
2023-04-24T03:23:27.000,29.24,2.88,1.75,19.77,20.38,150813,-17.55,28.0,0.168
2023-04-24T03:24:27.000,29.16,2.91,1.78,19.75,20.38,150814,-17.73,28.0,0.168
2023-04-24T03:25:27.000,29.08,3.05,1.86,19.71,20.38,150815,-17.92,28.0,0.169
2023-04-24T03:26:27.000,29.07,3.31,1.83,19.72,20.38,150816,-18.1,28.0,0.169
2023-04-24T03:27:27.000,29.04,3.35,1.91,19.68,20.38,150817,-18.29,28.0,0.169
2023-04-24T03:28:28.000,28.97,3.52,2.11,19.57,20.38,150818,-18.48,27.0,0.169
2023-04-24T03:29:28.000,28.92,3.59,2.24,19.5,20.38,150819,-18.66,27.0,0.169
2023-04-24T03:30:28.000,28.85,3.76,2.18,19.54,20.38,150820,-18.85,27.0,0.169
2023-04-24T03:31:28.000,28.81,3.87,2.09,19.58,20.38,150821,-19.03,27.0,0.169
2023-04-24T03:32:28.000,28.79,3.96,2.06,19.59,20.38,150822,-19.21,27.0,0.169
2023-04-24T03:33:28.000,28.77,4.07,2.15,19.55,20.38,150823,-19.4,26.0,0.169
2023-04-24T03:34:28.000,28.78,4.21,2.41,19.43,20.38,150824,-19.58,26.0,0.169
2023-04-24T03:35:28.000,28.78,4.28,2.78,19.27,20.38,150825,-19.76,26.0,0.169
2023-04-24T03:36:30.000,28.75,4.31,3.08,19.16,20.38,150826,-19.95,26.0,0.169
2023-04-24T03:37:30.000,28.72,4.4,3.08,19.16,20.38,150827,-20.13,26.0,0.169
2023-04-24T03:38:30.000,28.7,4.52,2.96,19.2,20.38,150828,-20.32,25.0,0.169
2023-04-24T03:39:30.000,28.65,4.52,2.94,19.21,20.38,150829,-20.5,25.0,0.169
2023-04-24T03:40:30.000,28.63,4.6,2.94,19.21,20.38,150830,-20.68,25.0,0.169
2023-04-24T03:41:30.000,28.6,4.53,2.76,19.28,20.38,150831,-20.86,25.0,0.169
2023-04-24T03:42:31.000,28.58,4.59,2.55,19.36,20.38,150832,-21.04,25.0,0.169
2023-04-24T03:43:31.000,28.59,4.68,2.7,19.3,20.38,150833,-21.22,24.0,0.169
2023-04-24T03:46:32.000,28.56,4.87,2.81,19.26,20.38,150836,-21.76,24.0,0.17
2023-04-24T03:49:37.000,28.54,5.27,3.85,18.92,20.38,150839,-22.31,23.0,0.17
2023-04-24T03:50:38.000,28.52,5.35,3.98,18.88,20.38,150840,-22.49,23.0,0.17
2023-04-24T03:51:39.000,28.51,5.36,3.73,18.95,20.38,150841,-22.67,23.0,0.17
2023-04-24T03:52:38.000,28.5,5.28,3.4,19.05,20.38,150842,-22.85,23.0,0.17
2023-04-24T03:53:39.000,28.45,5.24,3.25,19.1,20.38,150843,-23.03,22.0,0.17
2023-04-24T03:54:39.000,28.41,5.17,3.34,19.07,20.38,150844,-23.2,22.0,0.17
2023-04-24T03:55:39.000,28.38,5.14,3.53,19.01,20.38,150845,-23.38,22.0,0.17
2023-04-24T03:56:39.000,28.36,5.1,3.62,18.98,20.38,150846,-23.55,22.0,0.17
2023-04-24T03:57:39.000,28.36,5.09,3.75,18.95,20.38,150847,-23.73,22.0,0.17
2023-04-24T03:58:39.000,28.37,4.89,3.45,19.04,20.38,150848,-23.9,21.0,0.17
2023-04-24T03:59:40.000,28.36,4.66,3.07,19.16,20.38,150849,-24.08,21.0,0.17
2023-04-24T04:00:40.000,28.34,4.37,2.83,19.25,20.38,150850,-24.25,21.0,0.17
2023-04-24T04:01:40.000,28.31,4.13,2.66,19.32,20.38,150851,-24.43,21.0,0.17
2023-04-24T04:02:40.000,28.3,3.85,2.65,19.32,20.38,150852,-24.6,21.0,0.17
2023-04-24T04:03:40.000,28.26,3.69,2.58,19.35,20.38,150853,-24.77,21.0,0.171
2023-04-24T04:04:40.000,28.25,3.49,2.4,19.43,20.38,150854,-24.95,20.0,0.171
2023-04-24T04:05:40.000,28.21,3.33,2.19,19.53,20.38,150855,-25.12,20.0,0.171
2023-04-24T04:06:40.000,28.18,3.28,2.17,19.54,20.38,150856,-25.29,20.0,0.171
2023-04-24T04:07:40.000,28.13,3.24,2.22,19.52,20.38,150857,-25.46,20.0,0.171
2023-04-24T04:08:40.000,28.12,3.27,2.19,19.53,20.38,150858,-25.63,20.0,0.171
2023-04-24T04:09:40.000,28.09,3.29,2.27,19.49,20.38,150859,-25.8,19.0,0.171
2023-04-24T04:10:40.000,28.08,3.38,2.26,19.49,20.38,150860,-25.97,19.0,0.171
2023-04-24T04:11:40.000,28.07,3.39,2.22,19.51,20.38,150861,-26.14,19.0,0.171
2023-04-24T04:12:41.000,28.02,3.31,2.26,19.5,20.38,150862,-26.31,19.0,0.171
2023-04-24T04:13:41.000,28.01,3.36,2.21,19.52,20.38,150863,-26.48,19.0,0.171
2023-04-24T04:14:41.000,27.99,3.18,2.06,19.6,20.38,150864,-26.65,18.0,0.171
2023-04-24T04:15:41.000,27.94,2.88,1.96,19.65,20.38,150865,-26.81,18.0,0.171
2023-04-24T04:16:42.000,27.9,2.68,1.86,19.71,20.38,150866,-26.98,18.0,0.171
2023-04-24T04:20:44.000,27.83,2.01,1.69,19.81,20.38,150870,-27.65,17.0,0.171
2023-04-24T04:21:44.000,27.82,1.99,1.68,19.82,20.38,150871,-27.82,17.0,0.171
2023-04-24T04:22:44.000,27.81,1.89,1.67,19.82,20.38,150872,-27.98,17.0,0.172
2023-04-24T04:23:44.000,27.79,1.76,1.66,19.83,20.38,150873,-28.15,17.0,0.172
2023-04-24T04:24:44.000,27.76,1.75,1.64,19.84,20.38,150874,-28.31,16.0,0.172
2023-04-24T04:25:44.000,27.78,1.66,1.63,19.85,20.38,150875,-28.47,16.0,0.172
2023-04-24T04:26:44.000,27.76,1.65,1.62,19.86,20.38,150876,-28.63,16.0,0.172
2023-04-24T04:27:44.000,27.74,1.47,1.62,19.86,20.38,150877,-28.8,16.0,0.172
2023-04-24T04:28:45.000,27.71,1.43,1.61,19.86,20.38,150878,-28.96,16.0,0.172
2023-04-24T04:29:44.000,27.67,1.4,1.61,19.86,20.38,150879,-29.12,16.0,0.172
2023-04-24T04:30:44.000,27.66,1.48,1.61,19.86,20.38,150880,-29.28,15.0,0.172
2023-04-24T04:31:45.000,27.64,1.34,1.61,19.87,20.38,150881,-29.44,15.0,0.172
2023-04-24T04:32:45.000,27.64,1.33,1.6,19.87,20.38,150882,-29.6,15.0,0.172
2023-04-24T04:33:45.000,27.6,1.25,1.61,19.86,20.38,150883,-29.76,15.0,0.172
2023-04-24T04:34:45.000,27.6,1.36,1.62,19.86,20.38,150884,-29.92,15.0,0.172
2023-04-24T04:35:45.000,27.6,1.28,1.61,19.86,20.38,150885,-30.08,14.0,0.172
2023-04-24T04:36:46.000,27.59,1.26,1.59,19.87,20.38,150886,-30.23,14.0,0.172
2023-04-24T04:37:46.000,27.61,1.27,1.59,19.88,20.38,150887,-30.39,14.0,0.172
2023-04-24T04:38:46.000,27.61,1.17,1.61,19.86,20.38,150888,-30.55,14.0,0.172
2023-04-24T04:39:46.000,27.59,1.19,1.59,19.88,20.38,150889,-30.7,14.0,0.172
2023-04-24T04:40:46.000,27.59,1.18,1.59,19.88,20.38,150890,-30.86,13.0,0.172
2023-04-24T04:41:46.000,27.57,1.1,1.59,19.88,20.38,150891,-31.01,13.0,0.173
2023-04-24T04:42:48.000,27.55,1.08,1.59,19.88,20.38,150892,-31.17,13.0,0.173
2023-04-24T04:43:48.000,27.52,1.03,1.6,19.87,20.38,150893,-31.32,13.0,0.173
2023-04-24T04:45:48.000,27.5,1.06,1.59,19.88,20.38,150895,-31.63,13.0,0.173
2023-04-24T04:47:49.000,27.47,1.02,1.59,19.87,20.38,150897,-31.94,12.0,0.173
2023-04-24T04:48:49.000,27.46,0.98,1.59,19.87,20.38,150898,-32.09,12.0,0.173
2023-04-24T04:49:49.000,27.46,0.95,1.55,19.9,20.38,150899,-32.24,12.0,0.173
2023-04-24T04:50:49.000,27.41,0.9,1.55,19.9,20.38,150900,-32.38,12.0,0.173
2023-04-24T04:51:49.000,27.41,0.94,1.56,19.9,20.38,150901,-32.53,11.0,0.173
2023-04-24T04:52:49.000,27.37,0.85,1.55,19.9,20.38,150902,-32.68,11.0,0.173
2023-04-24T04:53:49.000,27.36,0.88,1.55,19.9,20.38,150903,-32.83,11.0,0.173
2023-04-24T04:54:49.000,27.34,0.87,1.55,19.9,20.38,150904,-32.98,11.0,0.173
2023-04-24T04:55:49.000,27.33,0.77,1.56,19.9,20.38,150905,-33.12,11.0,0.173
2023-04-24T04:56:49.000,27.3,0.74,1.6,19.87,20.38,150906,-33.27,10.0,0.173
2023-04-24T04:57:49.000,27.28,0.77,1.59,19.88,20.38,150907,-33.41,10.0,0.173
2023-04-24T04:58:49.000,27.24,0.76,1.58,19.88,20.38,150908,-33.56,10.0,0.173
2023-04-24T04:59:50.000,27.22,0.74,1.59,19.88,20.38,150909,-33.7,10.0,0.173
2023-04-24T05:00:51.000,27.19,0.69,1.59,19.87,20.38,150910,-33.85,10.0,0.174
2023-04-24T05:01:51.000,27.16,0.77,1.57,19.89,20.38,150911,-33.99,10.0,0.174
2023-04-24T05:02:53.000,27.13,0.74,1.55,19.91,20.38,150912,-34.14,9.0,0.174
2023-04-24T05:03:52.000,27.15,0.84,1.6,19.87,20.38,150913,-34.28,9.0,0.174
2023-04-24T05:04:52.000,27.14,0.78,1.61,19.87,20.38,150914,-34.42,9.0,0.174
2023-04-24T05:05:52.000,27.15,0.87,1.63,19.85,20.38,150915,-34.56,9.0,0.174
2023-04-24T05:06:52.000,27.16,0.79,1.62,19.86,20.38,150916,-34.69,9.0,0.174
2023-04-24T05:07:53.000,27.16,0.85,1.6,19.87,20.38,150917,-34.84,8.0,0.174
2023-04-24T05:08:53.000,27.17,0.79,1.59,19.87,20.38,150918,-34.97,8.0,0.174
2023-04-24T05:09:53.000,27.19,0.86,1.6,19.87,20.38,150919,-35.11,8.0,0.174
2023-04-24T05:10:53.000,27.19,0.66,1.57,19.89,20.38,150920,-35.25,8.0,0.174
2023-04-24T05:11:53.000,27.15,0.59,1.58,19.88,20.38,150921,-35.38,8.0,0.174
2023-04-24T05:12:53.000,27.15,0.74,1.59,19.88,20.38,150922,-35.52,8.0,0.174
2023-04-24T05:13:53.000,27.16,0.68,1.59,19.88,20.38,150923,-35.65,7.0,0.174
2023-04-24T05:14:53.000,27.14,0.61,1.57,19.89,20.38,150924,-35.78,7.0,0.174
2023-04-24T05:15:53.000,27.07,0.51,1.55,19.9,20.38,150925,-35.92,7.0,0.174
2023-04-24T05:19:54.000,26.79,0.59,1.61,19.86,20.38,150929,-36.44,6.0,0.175
2023-04-24T05:21:55.000,26.77,0.71,1.62,19.85,20.38,150931,-36.7,6.0,0.175
2023-04-24T05:23:55.000,26.68,0.7,1.65,19.83,20.38,150933,-36.96,6.0,0.175
2023-04-24T05:24:55.000,26.6,0.88,1.68,19.81,20.38,150934,-37.08,5.0,0.175
2023-04-24T05:25:55.000,26.59,1.03,1.71,19.8,20.38,150935,-37.21,5.0,0.175
2023-04-24T05:26:55.000,26.59,1.26,1.71,19.8,20.38,150936,-37.33,5.0,0.175
2023-04-24T05:27:55.000,26.62,1.52,1.71,19.8,20.38,150937,-37.45,5.0,0.175
2023-04-24T05:28:55.000,26.62,1.56,1.73,19.78,20.38,150938,-37.58,5.0,0.175
