Downloads/jupyter/ECSV/stars19/stars19_2021-12.ecsv
# %ECSV 1.0
# ---
# datatype:
# - {name: time, datatype: string}
# - {name: Enclosure Temperature, unit: deg_C, datatype: float64}
# - {name: Sky Temperature, unit: deg_C, datatype: float64}
# - {name: Frequency, unit: Hz, datatype: float64}
# - {name: MSAS, unit: mag / arcsec2, datatype: float64}
# - {name: ZP, datatype: float64}
# - {name: Sequence Number, datatype: int64}
# - {name: Sun Alt, unit: deg, datatype: float64}
# - {name: Moon Alt, unit: deg, datatype: float64}
# - {name: Moon Illumination, datatype: float64}
# delimiter: ','
# meta: !!omap
# - ida:
#     Data supplier: {affiliation: null, observer: null}
#     Device type: TESS-W
#     Field of view: 17.0
#     Filters per channel: None
#     Instrument ID: stars19
#     License: ODbL 1.0 http://opendatacommons.org/licenses/odbl/summary/
#     Local timezone: America/Phoenix
#     Location name: {country: '- Tucson', place: Tucson, region: United States, sub_region: Arizona, town: Pima County}
#     Measurement direction per channel: {azimuth: 0.0, zenital: 0.0}
#     Moving / Fixed look direction: FIXED
#     Moving / Stationary position: STATIONARY
#     Number of channels: 1
#     Number of fields per line: 8
#     Number of header lines: 35
#     Position: {height: 0.0, latitude: 32.223877, longitude: -110.767532}
#     TESS MAC address: 18:FE:34:CF:EC:06
#     TESS cover offset value: 0.0
#     TESS firmware version: '1.0'
#     TESS zero point: 20.5
#     Time Synchronization: timestamp added by MQTT subscriber
#     URL: http://www.darksky.org/NSBM/sdf1.0.pdf
# - __serialized_columns__:
#     Enclosure Temperature:
#       __class__: astropy.units.quantity.Quantity
#       unit: &id001 !astropy.units.Unit {unit: deg_C}
#       value: !astropy.table.SerializedColumn {name: Enclosure Temperature}
#     Frequency:
#       __class__: astropy.units.quantity.Quantity
#       unit: !astropy.units.Unit {unit: Hz}
#       value: !astropy.table.SerializedColumn {name: Frequency}
#     MSAS:
#       __class__: astropy.units.quantity.Quantity
#       unit: !astropy.units.Unit {unit: mag / arcsec2}
#       value: !astropy.table.SerializedColumn {name: MSAS}
#     Moon Alt:
#       __class__: astropy.units.quantity.Quantity
#       unit: &id002 !astropy.units.Unit {unit: deg}
#       value: !astropy.table.SerializedColumn {name: Moon Alt}
#     Sky Temperature:
#       __class__: astropy.units.quantity.Quantity
#       unit: *id001
#       value: !astropy.table.SerializedColumn {name: Sky Temperature}
#     Sun Alt:
#       __class__: astropy.units.quantity.Quantity
#       unit: *id002
#       value: !astropy.table.SerializedColumn {name: Sun Alt}
#     time:
#       __class__: astropy.time.core.Time
#       format: isot
#       in_subfmt: '*'
#       out_subfmt: '*'
#       precision: 3
#       scale: utc
#       value: !astropy.table.SerializedColumn {name: time}
# schema: astropy-2.0
time,Enclosure Temperature,Sky Temperature,Frequency,MSAS,ZP,Sequence Number,Sun Alt,Moon Alt,Moon Illumination
[from data line 22871]
2021-12-29T08:05:51.000,12.83,4.0,16.56,17.33,20.5,340168,-77.26,-21.0,0.262
2021-12-29T08:06:51.000,12.83,3.94,15.6,17.4,20.5,340169,-77.1,-20.0,0.262
2021-12-29T08:07:52.000,12.86,4.03,14.49,17.48,20.5,340170,-76.94,-20.0,0.262
2021-12-29T08:08:53.000,12.88,4.03,15.77,17.39,20.5,340171,-76.78,-20.0,0.262
2021-12-29T08:09:52.000,12.9,3.96,16.22,17.36,20.5,340172,-76.62,-20.0,0.262
2021-12-29T08:10:52.000,12.9,3.92,15.83,17.38,20.5,340173,-76.46,-20.0,0.262
2021-12-29T08:11:52.000,12.9,4.01,16.32,17.35,20.5,340174,-76.29,-19.0,0.262
2021-12-29T08:12:52.000,12.93,3.96,16.88,17.31,20.5,340175,-76.12,-19.0,0.262
2021-12-29T08:13:52.000,12.92,3.74,17.15,17.29,20.5,340176,-75.95,-19.0,0.262
2021-12-29T08:14:53.000,12.86,3.72,16.71,17.32,20.5,340177,-75.78,-19.0,0.261
2021-12-29T08:15:53.000,12.79,3.49,16.82,17.32,20.5,340178,-75.61,-19.0,0.261
2021-12-29T08:16:53.000,12.69,3.61,17.01,17.3,20.5,340179,-75.44,-18.0,0.261
2021-12-29T08:18:53.000,12.81,3.88,18.37,17.22,20.5,340181,-75.09,-18.0,0.261
2021-12-29T08:19:53.000,12.77,3.72,16.66,17.33,20.5,340182,-74.91,-18.0,0.261
2021-12-29T08:20:53.000,12.3,3.64,14.77,17.46,20.5,340183,-74.74,-18.0,0.261
2021-12-29T08:21:53.000,11.87,5.48,14.34,17.49,20.5,340184,-74.56,-17.0,0.261
2021-12-29T08:22:53.000,11.65,5.92,14.43,17.48,20.5,340185,-74.38,-17.0,0.261
2021-12-29T08:23:53.000,11.44,5.62,13.69,17.54,20.5,340186,-74.2,-17.0,0.261
2021-12-29T08:24:53.000,11.31,5.89,13.56,17.55,20.5,340187,-74.02,-17.0,0.261
2021-12-29T08:25:53.000,11.16,5.61,11.98,17.68,20.5,340188,-73.83,-17.0,0.261
2021-12-29T08:26:53.000,11.07,5.92,11.5,17.73,20.5,340189,-73.65,-16.0,0.261
2021-12-29T08:27:53.000,10.97,5.64,12.32,17.65,20.5,340190,-73.47,-16.0,0.261
2021-12-29T08:28:53.000,10.88,5.74,11.84,17.7,20.5,340191,-73.28,-16.0,0.26
2021-12-29T08:29:53.000,10.91,5.93,12.23,17.66,20.5,340192,-73.09,-16.0,0.26
2021-12-29T08:30:54.000,10.91,5.72,11.86,17.69,20.5,340193,-72.9,-16.0,0.26
2021-12-29T08:31:54.000,10.81,5.73,13.14,17.58,20.5,340194,-72.72,-15.0,0.26
2021-12-29T08:32:54.000,10.83,5.85,12.95,17.6,20.5,340195,-72.53,-15.0,0.26
2021-12-29T08:33:54.000,10.84,5.76,11.92,17.69,20.5,340196,-72.34,-15.0,0.26
2021-12-29T08:34:54.000,10.8,5.5,11.25,17.75,20.5,340197,-72.15,-15.0,0.26
2021-12-29T08:35:54.000,10.69,5.52,11.18,17.76,20.5,340198,-71.96,-15.0,0.26
2021-12-29T08:36:54.000,10.59,5.55,12.33,17.65,20.5,340199,-71.77,-14.0,0.26
2021-12-29T08:37:54.000,10.54,5.48,10.92,17.79,20.5,340200,-71.58,-14.0,0.26
2021-12-29T08:38:54.000,10.49,5.41,10.94,17.78,20.5,340201,-71.38,-14.0,0.26
2021-12-29T08:39:54.000,10.46,5.28,10.22,17.86,20.5,340202,-71.19,-14.0,0.26
2021-12-29T08:40:54.000,10.39,4.72,9.71,17.91,20.5,340203,-71.0,-14.0,0.26
2021-12-29T08:41:54.000,10.21,4.68,9.35,17.95,20.5,340204,-70.8,-13.0,0.26
2021-12-29T08:42:54.000,10.26,5.2,9.77,17.91,20.5,340205,-70.61,-13.0,0.26
2021-12-29T08:43:54.000,10.36,5.22,11.12,17.77,20.5,340206,-70.41,-13.0,0.259
2021-12-29T08:44:54.000,10.41,5.35,12.43,17.64,20.5,340207,-70.22,-13.0,0.259
2021-12-29T08:45:54.000,10.42,5.0,11.6,17.72,20.5,340208,-70.02,-13.0,0.259
2021-12-29T08:46:55.000,10.39,4.98,10.28,17.85,20.5,340209,-69.82,-12.0,0.259
2021-12-29T08:47:55.000,10.36,4.6,10.43,17.83,20.5,340210,-69.63,-12.0,0.259
2021-12-29T08:48:55.000,10.29,4.09,11.24,17.75,20.5,340211,-69.43,-12.0,0.259
2021-12-29T08:49:55.000,10.03,3.74,10.02,17.88,20.5,340212,-69.23,-12.0,0.259
2021-12-29T08:50:55.000,10.15,4.1,10.23,17.86,20.5,340213,-69.03,-12.0,0.259
2021-12-29T08:51:55.000,10.26,4.09,9.81,17.9,20.5,340214,-68.83,-11.0,0.259
2021-12-29T08:52:55.000,10.34,4.07,9.84,17.9,20.5,340215,-68.63,-11.0,0.259
2021-12-29T08:53:55.000,10.32,3.71,9.66,17.92,20.5,340216,-68.43,-11.0,0.259
2021-12-29T08:54:55.000,10.17,3.21,8.86,18.01,20.5,340217,-68.23,-11.0,0.259
2021-12-29T08:55:55.000,10.13,3.26,9.32,17.96,20.5,340218,-68.03,-11.0,0.259
2021-12-29T08:58:00.000,10.32,3.07,8.88,18.01,20.5,340220,-67.62,-10.0,0.258
2021-12-29T08:59:00.000,10.58,3.23,9.62,17.92,20.5,340221,-67.41,-10.0,0.258
2021-12-29T09:00:00.000,10.78,3.25,8.58,18.05,20.5,340222,-67.21,-10.0,0.258
2021-12-29T09:01:00.000,10.87,3.44,10.41,17.84,20.5,340223,-67.01,-10.0,0.258
2021-12-29T09:02:01.000,10.9,3.45,11.13,17.76,20.5,340224,-66.8,-9.0,0.258
2021-12-29T09:03:01.000,10.92,3.45,9.9,17.89,20.5,340225,-66.6,-9.0,0.258
2021-12-29T09:04:01.000,10.9,3.41,10.37,17.84,20.5,340226,-66.4,-9.0,0.258
2021-12-29T09:05:01.000,10.84,3.26,10.56,17.82,20.5,340227,-66.2,-9.0,0.258
2021-12-29T09:06:01.000,10.78,3.23,10.51,17.83,20.5,340228,-65.99,-9.0,0.258
2021-12-29T09:07:01.000,10.64,3.1,9.5,17.94,20.5,340229,-65.79,-8.0,0.258
2021-12-29T09:08:01.000,10.43,2.37,11.5,17.73,20.5,340230,-65.59,-8.0,0.258
2021-12-29T09:09:02.000,10.24,2.92,13.48,17.56,20.5,340231,-65.38,-8.0,0.258
2021-12-29T09:10:02.000,10.17,3.36,13.66,17.54,20.5,340232,-65.17,-8.0,0.258
2021-12-29T09:11:02.000,10.21,3.08,12.88,17.61,20.5,340233,-64.97,-8.0,0.258
2021-12-29T09:12:02.000,10.19,3.05,13.65,17.54,20.5,340234,-64.76,-7.0,0.257
2021-12-29T09:13:02.000,10.22,3.24,13.12,17.59,20.5,340235,-64.56,-7.0,0.257
2021-12-29T09:15:08.000,10.23,3.08,13.83,17.53,20.5,340237,-64.13,-7.0,0.257
2021-12-29T09:16:08.000,10.29,2.77,11.98,17.69,20.5,340238,-63.92,-7.0,0.257
2021-12-29T09:17:08.000,10.27,2.95,10.64,17.81,20.5,340239,-63.72,-6.0,0.257
2021-12-29T09:18:08.000,10.34,3.01,10.68,17.81,20.5,340240,-63.51,-6.0,0.257
2021-12-29T09:19:08.000,10.39,3.05,10.91,17.79,20.5,340241,-63.3,-6.0,0.257
2021-12-29T09:20:08.000,10.41,3.06,13.48,17.56,20.5,340242,-63.1,-6.0,0.257
2021-12-29T09:21:08.000,10.44,3.14,13.2,17.58,20.5,340243,-62.89,-6.0,0.257
2021-12-29T09:22:08.000,10.36,2.75,12.68,17.62,20.5,340244,-62.68,-5.0,0.257
2021-12-29T09:23:08.000,10.35,2.98,11.35,17.74,20.5,340245,-62.48,-5.0,0.257
2021-12-29T09:24:08.000,10.41,3.07,12.89,17.61,20.5,340246,-62.27,-5.0,0.257
2021-12-29T09:25:08.000,10.51,3.17,13.31,17.57,20.5,340247,-62.06,-5.0,0.257
2021-12-29T09:26:08.000,10.58,2.93,11.58,17.72,20.5,340248,-61.85,-5.0,0.256
2021-12-29T09:27:08.000,10.63,2.7,10.03,17.88,20.5,340249,-61.65,-4.0,0.256
2021-12-29T09:28:08.000,10.71,2.23,7.72,18.17,20.5,340250,-61.44,-4.0,0.256
2021-12-29T09:29:08.000,10.7,2.75,9.52,17.94,20.5,340251,-61.23,-4.0,0.256
2021-12-29T09:30:09.000,10.69,3.83,11.24,17.76,20.5,340252,-61.02,-4.0,0.256
2021-12-29T09:31:09.000,10.73,4.14,13.44,17.56,20.5,340253,-60.81,-4.0,0.256
2021-12-29T09:32:09.000,10.76,4.21,13.44,17.56,20.5,340254,-60.6,-3.0,0.256
2021-12-29T09:33:09.000,10.75,4.22,13.38,17.56,20.5,340255,-60.39,-3.0,0.256
2021-12-29T09:34:09.000,10.76,4.27,13.29,17.57,20.5,340256,-60.19,-3.0,0.256
2021-12-29T09:35:09.000,10.81,4.36,13.75,17.53,20.5,340257,-59.98,-3.0,0.256
2021-12-29T09:36:09.000,10.83,4.31,13.78,17.53,20.5,340258,-59.77,-3.0,0.256
2021-12-29T09:37:09.000,10.89,4.42,13.11,17.59,20.5,340259,-59.56,-2.0,0.256
2021-12-29T09:38:09.000,10.96,4.4,12.37,17.65,20.5,340260,-59.35,-2.0,0.256
2021-12-29T09:39:09.000,11.01,4.16,12.82,17.61,20.5,340261,-59.14,-2.0,0.256
2021-12-29T09:40:09.000,10.96,3.85,12.37,17.65,20.5,340262,-58.93,-2.0,0.255
2021-12-29T09:41:09.000,10.91,3.48,12.16,17.67,20.5,340263,-58.72,-2.0,0.255
2021-12-29T09:42:09.000,10.89,3.46,12.19,17.66,20.5,340264,-58.51,-1.0,0.255
2021-12-29T09:43:09.000,10.97,3.64,12.83,17.61,20.5,340265,-58.3,-1.0,0.255
2021-12-29T09:44:09.000,11.05,3.57,13.14,17.58,20.5,340266,-58.09,-1.0,0.255
2021-12-29T09:45:09.000,11.03,3.4,13.73,17.54,20.5,340267,-57.88,-1.0,0.255
2021-12-29T09:46:10.000,10.99,3.15,11.41,17.74,20.5,340268,-57.67,-1.0,0.255
2021-12-29T09:47:10.000,10.97,3.16,11.08,17.77,20.5,340269,-57.46,-0.0,0.255
2021-12-29T09:48:10.000,11.04,3.17,11.06,17.77,20.5,340270,-57.25,-0.0,0.255
2021-12-29T09:49:10.000,11.1,3.0,10.06,17.87,20.5,340271,-57.04,-0.0,0.255
2021-12-29T09:50:10.000,11.07,3.15,10.14,17.87,20.5,340272,-56.83,0.0,0.255
2021-12-29T09:51:10.000,11.08,3.4,11.18,17.76,20.5,340273,-56.62,0.0,0.255
2021-12-29T09:52:10.000,11.08,3.4,11.62,17.72,20.5,340274,-56.41,1.0,0.255
2021-12-29T09:53:10.000,11.05,3.5,11.7,17.71,20.5,340275,-56.2,1.0,0.255
2021-12-29T09:54:10.000,11.11,3.71,13.29,17.57,20.5,340276,-55.99,1.0,0.255
2021-12-29T09:55:10.000,11.13,3.59,13.69,17.54,20.5,340277,-55.78,1.0,0.254
2021-12-29T09:56:10.000,11.14,3.62,13.01,17.59,20.5,340278,-55.57,1.0,0.254
2021-12-29T09:57:11.000,11.15,3.6,13.08,17.59,20.5,340279,-55.36,2.0,0.254
2021-12-29T09:58:10.000,11.16,3.46,12.14,17.67,20.5,340280,-55.15,2.0,0.254
2021-12-29T09:59:11.000,11.06,3.07,11.06,17.77,20.5,340281,-54.94,2.0,0.254
2021-12-29T10:00:11.000,10.97,3.08,11.13,17.76,20.5,340282,-54.72,2.0,0.254
2021-12-29T10:01:11.000,10.97,3.32,12.06,17.68,20.5,340283,-54.51,2.0,0.254
2021-12-29T10:02:11.000,11.03,3.28,12.19,17.66,20.5,340284,-54.3,2.0,0.254
2021-12-29T10:03:11.000,10.87,2.86,12.92,17.6,20.5,340285,-54.09,3.0,0.254
2021-12-29T10:04:11.000,10.78,3.45,14.38,17.49,20.5,340286,-53.88,3.0,0.254
2021-12-29T10:05:11.000,10.76,4.04,14.36,17.49,20.5,340287,-53.67,3.0,0.254
2021-12-29T10:06:11.000,10.69,5.34,14.77,17.46,20.5,340288,-53.46,3.0,0.254
2021-12-29T10:07:11.000,10.68,5.14,14.79,17.46,20.5,340289,-53.25,3.0,0.254
2021-12-29T10:08:13.000,10.64,5.0,14.36,17.49,20.5,340290,-53.03,4.0,0.254
2021-12-29T10:09:13.000,10.64,5.11,13.83,17.53,20.5,340291,-52.82,4.0,0.253
2021-12-29T10:10:13.000,10.61,4.95,13.71,17.54,20.5,340292,-52.61,4.0,0.253
2021-12-29T10:11:13.000,10.57,4.96,12.99,17.6,20.5,340293,-52.4,4.0,0.253
2021-12-29T10:12:13.000,10.56,4.86,13.6,17.55,20.5,340294,-52.19,4.0,0.253
2021-12-29T10:13:13.000,10.56,4.84,13.93,17.52,20.5,340295,-51.98,5.0,0.253
2021-12-29T10:14:13.000,10.56,4.73,13.9,17.52,20.5,340296,-51.76,5.0,0.253
2021-12-29T10:15:13.000,10.55,4.68,13.63,17.54,20.5,340297,-51.55,5.0,0.253
2021-12-29T10:16:13.000,10.55,4.52,12.68,17.62,20.5,340298,-51.34,5.0,0.253
2021-12-29T10:17:13.000,10.57,4.25,11.07,17.78,20.5,340299,-51.13,5.0,0.253
2021-12-29T10:18:13.000,10.58,3.57,6.57,18.35,20.5,340300,-50.92,6.0,0.253
2021-12-29T10:19:13.000,10.58,2.53,5.53,18.54,20.5,340301,-50.71,6.0,0.253
2021-12-29T10:20:13.000,10.43,3.2,10.05,17.88,20.5,340302,-50.5,6.0,0.253
2021-12-29T10:21:13.000,10.5,3.83,11.24,17.75,20.5,340303,-50.29,6.0,0.253
2021-12-29T10:22:14.000,10.58,3.91,10.93,17.78,20.5,340304,-50.07,6.0,0.253
2021-12-29T10:23:14.000,10.58,3.58,10.8,17.8,20.5,340305,-49.86,7.0,0.252
2021-12-29T10:24:14.000,10.57,3.57,9.59,17.93,20.5,340306,-49.65,7.0,0.252
2021-12-29T10:25:14.000,10.59,3.42,8.65,18.04,20.5,340307,-49.44,7.0,0.252
2021-12-29T10:26:14.000,10.54,3.41,11.05,17.78,20.5,340308,-49.22,7.0,0.252
2021-12-29T10:27:14.000,10.52,3.48,14.04,17.51,20.5,340309,-49.01,7.0,0.252
2021-12-29T10:28:14.000,10.55,3.7,14.42,17.48,20.5,340310,-48.8,7.0,0.252
2021-12-29T10:29:14.000,10.58,3.59,14.63,17.47,20.5,340311,-48.59,8.0,0.252
2021-12-29T10:30:14.000,10.59,3.54,15.76,17.39,20.5,340312,-48.38,8.0,0.252
2021-12-29T10:31:21.000,10.56,3.12,16.23,17.35,20.5,340313,-48.14,8.0,0.252
2021-12-29T10:32:21.000,10.37,2.9,15.79,17.38,20.5,340314,-47.93,8.0,0.252
2021-12-29T10:33:21.000,10.37,3.1,15.08,17.43,20.5,340315,-47.72,8.0,0.252
2021-12-29T10:34:21.000,10.35,3.1,15.34,17.42,20.5,340316,-47.51,9.0,0.252
2021-12-29T10:35:21.000,10.4,3.22,15.27,17.42,20.5,340317,-47.3,9.0,0.252
2021-12-29T10:36:21.000,10.41,3.16,15.05,17.44,20.5,340318,-47.09,9.0,0.252
2021-12-29T10:37:21.000,10.47,3.04,14.91,17.45,20.5,340319,-46.87,9.0,0.251
2021-12-29T10:38:21.000,10.48,2.8,14.21,17.5,20.5,340320,-46.66,9.0,0.251
2021-12-29T10:39:21.000,10.39,2.41,13.67,17.54,20.5,340321,-46.45,10.0,0.251
2021-12-29T10:40:21.000,10.33,2.52,13.28,17.57,20.5,340322,-46.24,10.0,0.251
2021-12-29T10:41:21.000,10.39,2.51,11.04,17.77,20.5,340323,-46.03,10.0,0.251
2021-12-29T10:42:21.000,10.36,2.39,10.24,17.85,20.5,340324,-45.82,10.0,0.251
2021-12-29T10:43:21.000,10.37,2.65,9.89,17.89,20.5,340325,-45.61,10.0,0.251
2021-12-29T10:44:22.000,10.35,2.49,9.0,17.99,20.5,340326,-45.39,11.0,0.251
2021-12-29T10:45:22.000,10.23,2.36,8.95,18.0,20.5,340327,-45.18,11.0,0.251
2021-12-29T10:46:22.000,10.15,2.59,10.78,17.8,20.5,340328,-44.97,11.0,0.251
2021-12-29T10:47:22.000,10.11,2.63,11.57,17.72,20.5,340329,-44.76,11.0,0.251
2021-12-29T10:48:22.000,10.04,2.65,9.69,17.92,20.5,340330,-44.55,11.0,0.251
2021-12-29T10:49:22.000,10.05,2.32,9.66,17.92,20.5,340331,-44.33,11.0,0.251
2021-12-29T10:50:22.000,9.99,3.87,11.71,17.71,20.5,340332,-44.12,12.0,0.251
2021-12-29T10:51:22.000,10.06,6.03,12.15,17.67,20.5,340333,-43.91,12.0,0.251
2021-12-29T10:52:22.000,10.38,6.49,12.35,17.65,20.5,340334,-43.7,12.0,0.25
2021-12-29T10:53:22.000,10.59,6.96,12.9,17.6,20.5,340335,-43.49,12.0,0.25
2021-12-29T10:54:22.000,10.62,7.01,12.6,17.63,20.5,340336,-43.28,12.0,0.25
2021-12-29T10:55:23.000,10.59,6.54,10.52,17.83,20.5,340337,-43.06,13.0,0.25
2021-12-29T10:57:29.000,10.38,5.76,5.93,18.45,20.5,340339,-42.62,13.0,0.25
2021-12-29T10:59:29.000,10.13,5.03,2.79,19.3,20.5,340341,-42.2,13.0,0.25
2021-12-29T11:00:29.000,9.98,4.4,1.52,19.93,20.5,340342,-41.99,14.0,0.25
2021-12-29T11:01:29.000,10.17,4.46,1.8,19.75,20.5,340343,-41.78,14.0,0.25
2021-12-29T11:02:29.000,10.64,4.32,1.73,19.79,20.5,340344,-41.56,14.0,0.25
2021-12-29T11:03:29.000,10.72,4.42,1.71,19.8,20.5,340345,-41.35,14.0,0.25
2021-12-29T11:04:30.000,10.73,5.26,2.41,19.43,20.5,340346,-41.14,14.0,0.25
2021-12-29T11:05:30.000,10.56,5.4,2.55,19.37,20.5,340347,-40.93,14.0,0.25
2021-12-29T11:06:30.000,10.35,5.57,2.55,19.37,20.5,340348,-40.72,15.0,0.249
2021-12-29T11:07:30.000,10.17,5.41,2.11,19.57,20.5,340349,-40.51,15.0,0.249
2021-12-29T11:08:30.000,10.0,5.19,1.82,19.73,20.5,340350,-40.3,15.0,0.249
2021-12-29T11:09:33.000,10.11,5.22,1.92,19.67,20.5,340351,-40.07,15.0,0.249
2021-12-29T11:10:33.000,10.31,5.35,1.79,19.75,20.5,340352,-39.86,15.0,0.249
2021-12-29T11:11:33.000,10.33,5.31,1.78,19.75,20.5,340353,-39.65,16.0,0.249
2021-12-29T11:12:33.000,10.26,5.76,2.03,19.61,20.5,340354,-39.44,16.0,0.249
2021-12-29T11:13:33.000,10.19,5.59,2.8,19.27,20.5,340355,-39.23,16.0,0.249
2021-12-29T11:14:33.000,10.08,5.54,3.08,19.16,20.5,340356,-39.02,16.0,0.249
2021-12-29T11:15:33.000,9.94,5.08,2.73,19.29,20.5,340357,-38.81,16.0,0.249
2021-12-29T11:16:33.000,10.27,5.12,2.94,19.21,20.5,340358,-38.6,16.0,0.249
2021-12-29T11:17:33.000,10.66,5.56,2.76,19.28,20.5,340359,-38.39,17.0,0.249
2021-12-29T11:18:33.000,10.79,6.14,3.94,18.9,20.5,340360,-38.18,17.0,0.249
2021-12-29T11:19:33.000,10.71,6.37,5.52,18.53,20.5,340361,-37.97,17.0,0.249
2021-12-29T11:20:33.000,10.51,6.22,4.24,18.83,20.5,340362,-37.76,17.0,0.248
2021-12-29T11:21:33.000,10.32,5.35,2.03,19.63,20.5,340363,-37.55,17.0,0.248
2021-12-29T11:22:33.000,9.96,3.74,1.39,20.02,20.5,340364,-37.34,17.0,0.248
2021-12-29T11:23:34.000,9.97,3.75,1.27,20.12,20.5,340365,-37.12,18.0,0.248
2021-12-29T11:24:34.000,10.48,3.29,1.3,20.09,20.5,340366,-36.91,18.0,0.248
2021-12-29T11:25:34.000,10.68,3.46,1.61,19.87,20.5,340367,-36.7,18.0,0.248
2021-12-29T11:26:34.000,10.72,4.11,1.92,19.67,20.5,340368,-36.49,18.0,0.248
2021-12-29T11:27:34.000,10.69,4.5,1.85,19.71,20.5,340369,-36.28,18.0,0.248
2021-12-29T11:28:34.000,10.52,3.63,1.71,19.8,20.5,340370,-36.07,19.0,0.248
2021-12-29T11:29:34.000,10.31,2.93,1.31,20.09,20.5,340371,-35.86,19.0,0.248
2021-12-29T11:30:34.000,10.14,1.88,1.22,20.16,20.5,340372,-35.65,19.0,0.248
2021-12-29T11:31:34.000,10.0,0.48,1.19,20.19,20.5,340373,-35.44,19.0,0.248
2021-12-29T11:32:34.000,9.97,-1.34,1.14,20.24,20.5,340374,-35.23,19.0,0.248
2021-12-29T11:33:34.000,10.48,-2.93,1.14,20.24,20.5,340375,-35.02,19.0,0.248
2021-12-29T11:34:34.000,10.81,-4.37,1.15,20.23,20.5,340376,-34.81,20.0,0.248
2021-12-29T11:35:34.000,10.92,-5.57,1.17,20.21,20.5,340377,-34.6,20.0,0.247
2021-12-29T11:36:34.000,10.76,-6.82,1.19,20.19,20.5,340378,-34.39,20.0,0.247
2021-12-29T11:37:34.000,10.57,-6.93,1.18,20.2,20.5,340379,-34.19,20.0,0.247
2021-12-29T11:38:34.000,10.35,-7.19,1.21,20.17,20.5,340380,-33.98,20.0,0.247
2021-12-29T11:39:35.000,10.09,-7.54,1.25,20.14,20.5,340381,-33.76,20.0,0.247
