Downloads/jupyter/ECSV/stars19/stars19_2023-10.ecsv
# %ECSV 1.0
# ---
# datatype:
# - {name: time, datatype: string}
# - {name: Enclosure Temperature, unit: deg_C, datatype: float64}
# - {name: Sky Temperature, unit: deg_C, datatype: float64}
# - {name: Frequency, unit: Hz, datatype: float64}
# - {name: MSAS, unit: mag / arcsec2, datatype: float64}
# - {name: ZP, datatype: float64}
# - {name: Sequence Number, datatype: int64}
# - {name: Sun Alt, unit: deg, datatype: float64}
# - {name: Moon Alt, unit: deg, datatype: float64}
# - {name: Moon Illumination, datatype: float64}
# delimiter: ','
# meta: !!omap
# - ida:
#     Data supplier: {affiliation: null, observer: null}
#     Device type: TESS-W
#     Field of view: 17.0
#     Filters per channel: None
#     Instrument ID: stars19
#     License: ODbL 1.0 http://opendatacommons.org/licenses/odbl/summary/
#     Local timezone: America/Phoenix
#     Location name: {country: '- Tucson', place: Tucson, region: United States, sub_region: Arizona, town: Pima County}
#     Measurement direction per channel: {azimuth: 0.0, zenital: 0.0}
#     Moving / Fixed look direction: FIXED
#     Moving / Stationary position: STATIONARY
#     Number of channels: 1
#     Number of fields per line: 8
#     Number of header lines: 35
#     Position: {height: 0.0, latitude: 32.223877, longitude: -110.767532}
#     TESS MAC address: 18:FE:34:CF:EC:06
#     TESS cover offset value: 0.0
#     TESS firmware version: '1.0'
#     TESS zero point: 20.38
#     Time Synchronization: timestamp added by MQTT subscriber
#     URL: http://www.darksky.org/NSBM/sdf1.0.pdf
# - __serialized_columns__:
#     Enclosure Temperature:
#       __class__: astropy.units.quantity.Quantity
#       unit: &id001 !astropy.units.Unit {unit: deg_C}
#       value: !astropy.table.SerializedColumn {name: Enclosure Temperature}
#     Frequency:
#       __class__: astropy.units.quantity.Quantity
#       unit: !astropy.units.Unit {unit: Hz}
#       value: !astropy.table.SerializedColumn {name: Frequency}
#     MSAS:
#       __class__: astropy.units.quantity.Quantity
#       unit: !astropy.units.Unit {unit: mag / arcsec2}
#       value: !astropy.table.SerializedColumn {name: MSAS}
#     Moon Alt:
#       __class__: astropy.units.quantity.Quantity
#       unit: &id002 !astropy.units.Unit {unit: deg}
#       value: !astropy.table.SerializedColumn {name: Moon Alt}
#     Sky Temperature:
#       __class__: astropy.units.quantity.Quantity
#       unit: *id001
#       value: !astropy.table.SerializedColumn {name: Sky Temperature}
#     Sun Alt:
#       __class__: astropy.units.quantity.Quantity
#       unit: *id002
#       value: !astropy.table.SerializedColumn {name: Sun Alt}
#     time:
#       __class__: astropy.time.core.Time
#       format: isot
#       in_subfmt: '*'
#       out_subfmt: '*'
#       precision: 3
#       scale: utc
#       value: !astropy.table.SerializedColumn {name: time}
# schema: astropy-2.0
time,Enclosure Temperature,Sky Temperature,Frequency,MSAS,ZP,Sequence Number,Sun Alt,Moon Alt,Moon Illumination
[from data line 12769]
2023-10-16T07:27:33.000,26.39,3.6,1.2,20.19,20.38,22436,-66.19,-71.0,0.025
2023-10-16T07:28:33.000,26.35,3.47,1.2,20.19,20.38,22437,-66.15,-71.0,0.025
2023-10-16T07:33:35.000,26.13,3.64,1.19,20.19,20.38,22442,-65.9,-72.0,0.025
2023-10-16T07:34:35.000,26.12,3.61,1.19,20.19,20.38,22443,-65.84,-72.0,0.025
2023-10-16T07:35:35.000,26.08,3.5,1.19,20.19,20.38,22444,-65.79,-72.0,0.025
2023-10-16T07:36:35.000,26.03,3.48,1.19,20.19,20.38,22445,-65.73,-72.0,0.025
2023-10-16T07:37:38.000,26.01,3.6,1.19,20.19,20.38,22446,-65.66,-72.0,0.025
2023-10-16T07:38:40.000,25.97,3.58,1.19,20.19,20.38,22447,-65.59,-72.0,0.025
2023-10-16T07:40:41.000,25.89,3.31,1.19,20.19,20.38,22449,-65.46,-73.0,0.025
2023-10-16T07:41:41.000,25.74,2.96,1.19,20.19,20.38,22450,-65.39,-73.0,0.025
2023-10-16T07:42:41.000,25.49,2.82,1.19,20.19,20.38,22451,-65.31,-73.0,0.025
2023-10-16T07:44:42.000,25.33,3.35,1.19,20.19,20.38,22453,-65.16,-73.0,0.025
2023-10-16T07:45:43.000,25.36,3.42,1.19,20.19,20.38,22454,-65.08,-73.0,0.025
2023-10-16T07:46:43.000,25.38,3.36,1.19,20.19,20.38,22455,-65.0,-73.0,0.025
2023-10-16T07:47:44.000,25.38,3.23,1.19,20.19,20.38,22456,-64.92,-73.0,0.025
2023-10-16T07:48:44.000,25.35,3.03,1.19,20.19,20.38,22457,-64.83,-73.0,0.025
2023-10-16T07:49:45.000,25.25,2.77,1.19,20.19,20.38,22458,-64.75,-73.0,0.025
2023-10-16T07:50:46.000,25.14,2.77,1.19,20.19,20.38,22459,-64.66,-73.0,0.025
2023-10-16T07:51:46.000,25.08,2.94,1.19,20.2,20.38,22460,-64.57,-74.0,0.025
2023-10-16T07:52:46.000,25.1,3.2,1.19,20.2,20.38,22461,-64.47,-74.0,0.025
2023-10-16T07:53:47.000,25.15,3.4,1.19,20.19,20.38,22462,-64.38,-74.0,0.025
2023-10-16T07:54:47.000,25.21,3.39,1.19,20.19,20.38,22463,-64.28,-74.0,0.025
2023-10-16T07:55:47.000,25.25,3.29,1.19,20.19,20.38,22464,-64.19,-74.0,0.025
2023-10-16T07:56:47.000,25.23,3.11,1.19,20.19,20.38,22465,-64.09,-74.0,0.025
2023-10-16T07:57:47.000,25.15,3.1,1.19,20.19,20.38,22466,-63.99,-74.0,0.025
2023-10-16T07:58:48.000,25.15,3.16,1.19,20.19,20.38,22467,-63.89,-74.0,0.025
2023-10-16T07:59:48.000,25.13,3.21,1.19,20.19,20.38,22468,-63.78,-74.0,0.025
2023-10-16T08:00:48.000,25.14,3.32,1.19,20.2,20.38,22469,-63.68,-74.0,0.026
2023-10-16T08:02:49.000,25.2,3.25,1.19,20.2,20.38,22471,-63.46,-74.0,0.026
2023-10-16T08:03:49.000,25.17,3.02,1.19,20.2,20.38,22472,-63.35,-74.0,0.026
2023-10-16T08:04:50.000,25.12,3.09,1.19,20.2,20.38,22473,-63.24,-74.0,0.026
2023-10-16T08:05:50.000,25.17,3.36,1.14,20.24,20.38,22474,-63.12,-74.0,0.026
2023-10-16T08:06:53.000,25.2,3.29,1.12,20.26,20.38,22475,-63.0,-74.0,0.026
2023-10-16T08:07:54.000,25.12,3.09,1.11,20.26,20.38,22476,-62.89,-74.0,0.026
2023-10-16T08:08:54.000,25.09,3.28,1.11,20.26,20.38,22477,-62.77,-74.0,0.026
2023-10-16T08:09:54.000,25.07,3.21,1.12,20.26,20.38,22478,-62.65,-74.0,0.026
2023-10-16T08:10:54.000,25.03,3.2,1.12,20.26,20.38,22479,-62.53,-75.0,0.026
2023-10-16T08:14:55.000,25.01,3.03,1.12,20.26,20.38,22483,-62.03,-75.0,0.026
2023-10-16T08:15:55.000,24.97,3.04,1.12,20.26,20.38,22484,-61.9,-75.0,0.026
2023-10-16T08:16:56.000,24.97,3.19,1.12,20.26,20.38,22485,-61.77,-75.0,0.026
2023-10-16T08:21:57.000,24.68,2.74,1.12,20.25,20.38,22490,-61.11,-75.0,0.026
2023-10-16T08:27:58.000,24.82,3.18,1.12,20.26,20.38,22496,-60.27,-74.0,0.026
2023-10-16T08:28:58.000,24.8,2.85,1.12,20.25,20.38,22497,-60.13,-74.0,0.026
2023-10-16T08:29:58.000,24.75,3.07,1.12,20.25,20.38,22498,-59.98,-74.0,0.026
2023-10-16T08:30:59.000,24.72,2.96,1.13,20.25,20.38,22499,-59.83,-74.0,0.026
2023-10-16T08:31:59.000,24.7,3.13,1.13,20.25,20.38,22500,-59.69,-74.0,0.026
2023-10-16T08:32:59.000,24.71,3.18,1.13,20.25,20.38,22501,-59.54,-74.0,0.026
2023-10-16T08:33:59.000,24.71,3.16,1.13,20.25,20.38,22502,-59.39,-74.0,0.026
2023-10-16T08:35:00.000,24.67,3.12,1.13,20.25,20.38,22503,-59.24,-74.0,0.026
2023-10-16T08:36:00.000,24.72,3.31,1.13,20.25,20.38,22504,-59.09,-74.0,0.026
2023-10-16T08:38:01.000,24.65,3.06,1.13,20.25,20.38,22506,-58.78,-74.0,0.026
2023-10-16T08:39:03.000,24.69,3.32,1.13,20.25,20.38,22507,-58.62,-74.0,0.026
2023-10-16T08:40:04.000,24.68,3.26,1.13,20.25,20.38,22508,-58.47,-74.0,0.026
2023-10-16T08:41:04.000,24.73,3.43,1.13,20.25,20.38,22509,-58.31,-74.0,0.026
2023-10-16T08:42:04.000,24.75,3.3,1.13,20.25,20.38,22510,-58.16,-74.0,0.026
2023-10-16T08:43:05.000,24.75,3.34,1.13,20.25,20.38,22511,-58.0,-74.0,0.026
2023-10-16T08:44:05.000,24.71,3.27,1.13,20.25,20.38,22512,-57.84,-74.0,0.026
2023-10-16T08:45:06.000,24.68,3.34,1.13,20.25,20.38,22513,-57.68,-74.0,0.027
2023-10-16T08:46:06.000,24.7,3.41,1.13,20.25,20.38,22514,-57.52,-73.0,0.027
2023-10-16T08:47:06.000,24.75,3.43,1.13,20.25,20.38,22515,-57.36,-73.0,0.027
2023-10-16T08:48:07.000,24.78,3.54,1.13,20.25,20.38,22516,-57.19,-73.0,0.027
2023-10-16T08:49:07.000,24.82,3.64,1.13,20.25,20.38,22517,-57.03,-73.0,0.027
2023-10-16T08:50:08.000,24.89,3.7,1.13,20.25,20.38,22518,-56.86,-73.0,0.027
2023-10-16T08:51:09.000,24.93,3.73,1.13,20.25,20.38,22519,-56.7,-73.0,0.027
2023-10-16T08:52:09.000,24.96,3.71,1.13,20.25,20.38,22520,-56.53,-73.0,0.027
2023-10-16T08:53:09.000,24.98,3.71,1.13,20.25,20.38,22521,-56.37,-73.0,0.027
2023-10-16T08:54:09.000,24.99,3.61,1.13,20.25,20.38,22522,-56.2,-73.0,0.027
2023-10-16T08:55:10.000,25.0,3.71,1.13,20.25,20.38,22523,-56.03,-73.0,0.027
2023-10-16T08:56:10.000,25.02,3.7,1.13,20.25,20.38,22524,-55.86,-73.0,0.027
2023-10-16T08:57:10.000,25.07,3.81,1.13,20.25,20.38,22525,-55.69,-72.0,0.027
2023-10-16T08:58:10.000,25.1,3.79,1.13,20.25,20.38,22526,-55.52,-72.0,0.027
2023-10-16T08:59:11.000,25.09,3.65,1.13,20.25,20.38,22527,-55.35,-72.0,0.027
2023-10-16T09:00:11.000,25.01,3.28,1.13,20.25,20.38,22528,-55.18,-72.0,0.027
2023-10-16T09:01:12.000,24.97,3.4,1.13,20.25,20.38,22529,-55.01,-72.0,0.027
2023-10-16T09:02:12.000,24.97,3.65,1.12,20.25,20.38,22530,-54.84,-72.0,0.027
2023-10-16T09:05:13.000,25.09,3.8,1.12,20.25,20.38,22533,-54.31,-72.0,0.027
2023-10-16T09:06:14.000,25.09,3.74,1.12,20.25,20.38,22534,-54.14,-71.0,0.027
2023-10-16T09:07:15.000,25.11,3.78,1.12,20.25,20.38,22535,-53.96,-71.0,0.027
2023-10-16T09:08:15.000,25.12,3.83,1.13,20.25,20.38,22536,-53.78,-71.0,0.027
2023-10-16T09:09:15.000,25.17,3.93,1.13,20.25,20.38,22537,-53.6,-71.0,0.027
2023-10-16T09:10:15.000,25.2,3.81,1.13,20.25,20.38,22538,-53.43,-71.0,0.027
2023-10-16T09:11:16.000,25.2,3.67,1.13,20.25,20.38,22539,-53.25,-71.0,0.027
2023-10-16T09:12:16.000,25.17,3.54,1.13,20.25,20.38,22540,-53.07,-71.0,0.027
2023-10-16T09:13:16.000,25.15,3.7,1.13,20.25,20.38,22541,-52.89,-71.0,0.027
2023-10-16T09:14:17.000,25.16,3.78,1.13,20.25,20.38,22542,-52.71,-70.0,0.027
2023-10-16T09:15:17.000,25.16,3.7,1.13,20.25,20.38,22543,-52.53,-70.0,0.027
2023-10-16T09:16:17.000,25.17,3.69,1.13,20.25,20.38,22544,-52.35,-70.0,0.027
2023-10-16T09:17:17.000,25.17,3.54,1.13,20.25,20.38,22545,-52.17,-70.0,0.027
2023-10-16T09:18:17.000,25.14,3.54,1.13,20.25,20.38,22546,-51.99,-70.0,0.027
2023-10-16T09:19:18.000,25.06,3.18,1.13,20.25,20.38,22547,-51.8,-70.0,0.027
2023-10-16T09:20:18.000,24.97,3.33,1.13,20.25,20.38,22548,-51.62,-70.0,0.027
2023-10-16T09:22:25.000,24.96,3.27,1.13,20.25,20.38,22550,-51.23,-69.0,0.027
2023-10-16T09:23:25.000,24.89,3.24,1.13,20.25,20.38,22551,-51.05,-69.0,0.027
2023-10-16T09:24:26.000,24.85,3.33,1.13,20.25,20.38,22552,-50.86,-69.0,0.027
2023-10-16T09:25:26.000,24.83,3.49,1.13,20.25,20.38,22553,-50.67,-69.0,0.027
2023-10-16T09:26:26.000,24.88,3.62,1.13,20.25,20.38,22554,-50.49,-69.0,0.027
2023-10-16T09:27:26.000,24.94,3.61,1.13,20.25,20.38,22555,-50.3,-69.0,0.027
2023-10-16T09:28:27.000,24.98,3.49,1.13,20.25,20.38,22556,-50.11,-68.0,0.028
2023-10-16T09:29:27.000,24.96,3.33,1.13,20.25,20.38,22557,-49.93,-68.0,0.028
2023-10-16T09:30:28.000,24.93,3.19,1.13,20.25,20.38,22558,-49.74,-68.0,0.028
2023-10-16T09:31:28.000,24.83,3.08,1.13,20.25,20.38,22559,-49.55,-68.0,0.028
2023-10-16T09:32:28.000,24.78,3.19,1.13,20.25,20.38,22560,-49.36,-68.0,0.028
2023-10-16T09:33:28.000,24.71,3.15,1.13,20.25,20.38,22561,-49.17,-68.0,0.028
2023-10-16T09:34:29.000,24.69,3.48,1.13,20.25,20.38,22562,-48.98,-68.0,0.028
2023-10-16T09:35:29.000,24.75,3.54,1.13,20.25,20.38,22563,-48.79,-67.0,0.028
2023-10-16T09:36:29.000,24.78,3.47,1.13,20.25,20.38,22564,-48.6,-67.0,0.028
2023-10-16T09:38:30.000,24.72,3.11,1.13,20.25,20.38,22566,-48.22,-67.0,0.028
2023-10-16T09:39:30.000,24.64,3.05,1.13,20.25,20.38,22567,-48.03,-67.0,0.028
2023-10-16T09:40:31.000,24.56,2.82,1.13,20.25,20.38,22568,-47.83,-67.0,0.028
2023-10-16T09:41:31.000,24.51,2.99,1.13,20.25,20.38,22569,-47.64,-66.0,0.028
2023-10-16T09:42:32.000,24.46,3.04,1.13,20.25,20.38,22570,-47.45,-66.0,0.028
2023-10-16T09:43:32.000,24.36,2.79,1.13,20.25,20.38,22571,-47.26,-66.0,0.028
2023-10-16T09:44:32.000,24.28,2.93,1.13,20.25,20.38,22572,-47.06,-66.0,0.028
2023-10-16T09:45:33.000,24.27,3.16,1.13,20.25,20.38,22573,-46.87,-66.0,0.028
2023-10-16T09:46:33.000,24.33,3.37,1.13,20.25,20.38,22574,-46.67,-66.0,0.028
2023-10-16T09:47:34.000,24.37,3.22,1.13,20.25,20.38,22575,-46.48,-65.0,0.028
2023-10-16T09:48:34.000,24.36,3.12,1.13,20.25,20.38,22576,-46.28,-65.0,0.028
2023-10-16T09:49:36.000,24.3,3.03,1.13,20.25,20.38,22577,-46.08,-65.0,0.028
2023-10-16T09:50:37.000,24.28,3.1,1.13,20.25,20.38,22578,-45.88,-65.0,0.028
2023-10-16T09:51:38.000,24.24,3.0,1.13,20.25,20.38,22579,-45.69,-65.0,0.028
2023-10-16T09:52:38.000,24.19,3.02,1.13,20.25,20.38,22580,-45.49,-65.0,0.028
2023-10-16T09:53:38.000,24.12,2.89,1.13,20.24,20.38,22581,-45.3,-64.0,0.028
2023-10-16T09:54:38.000,24.07,2.9,1.13,20.24,20.38,22582,-45.1,-64.0,0.028
2023-10-16T09:55:38.000,23.99,2.87,1.13,20.24,20.38,22583,-44.9,-64.0,0.028
2023-10-16T09:56:39.000,23.95,2.82,1.14,20.24,20.38,22584,-44.7,-64.0,0.028
2023-10-16T09:57:39.000,23.92,3.02,1.14,20.24,20.38,22585,-44.51,-64.0,0.028
2023-10-16T09:58:39.000,23.87,2.65,1.13,20.24,20.38,22586,-44.31,-64.0,0.028
2023-10-16T09:59:39.000,23.79,2.85,1.14,20.24,20.38,22587,-44.11,-63.0,0.028
2023-10-16T10:00:39.000,23.82,3.1,1.14,20.24,20.38,22588,-43.92,-63.0,0.028
2023-10-16T10:01:40.000,23.88,3.24,1.14,20.24,20.38,22589,-43.71,-63.0,0.028
2023-10-16T10:02:40.000,23.92,3.31,1.14,20.24,20.38,22590,-43.52,-63.0,0.028
2023-10-16T10:03:40.000,23.9,3.13,1.14,20.24,20.38,22591,-43.32,-63.0,0.028
2023-10-16T10:06:42.000,23.87,3.22,1.14,20.24,20.38,22594,-42.71,-62.0,0.028
2023-10-16T10:07:43.000,23.9,3.28,1.14,20.24,20.38,22595,-42.51,-62.0,0.028
2023-10-16T10:08:43.000,23.9,3.22,1.14,20.24,20.38,22596,-42.31,-62.0,0.028
2023-10-16T10:09:43.000,23.87,3.14,1.14,20.24,20.38,22597,-42.11,-62.0,0.028
2023-10-16T10:10:43.000,23.81,3.06,1.14,20.24,20.38,22598,-41.91,-61.0,0.029
2023-10-16T10:11:43.000,23.78,3.12,1.14,20.24,20.38,22599,-41.71,-61.0,0.029
2023-10-16T10:12:44.000,23.79,3.15,1.14,20.24,20.38,22600,-41.51,-61.0,0.029
2023-10-16T10:13:44.000,23.79,3.16,1.14,20.24,20.38,22601,-41.31,-61.0,0.029
2023-10-16T10:14:44.000,23.84,3.21,1.14,20.24,20.38,22602,-41.11,-61.0,0.029
2023-10-16T10:16:50.000,23.91,3.27,1.14,20.24,20.38,22604,-40.68,-60.0,0.029
2023-10-16T10:17:50.000,23.9,3.2,1.14,20.24,20.38,22605,-40.48,-60.0,0.029
2023-10-16T10:18:50.000,23.93,3.34,1.14,20.24,20.38,22606,-40.28,-60.0,0.029
2023-10-16T10:19:50.000,23.95,3.32,1.14,20.24,20.38,22607,-40.08,-60.0,0.029
2023-10-16T10:20:51.000,23.98,3.31,1.14,20.23,20.38,22608,-39.87,-60.0,0.029
2023-10-16T10:21:51.000,24.04,3.3,1.15,20.23,20.38,22609,-39.67,-59.0,0.029
2023-10-16T10:22:51.000,24.05,3.23,1.14,20.23,20.38,22610,-39.47,-59.0,0.029
2023-10-16T10:23:52.000,23.99,3.02,1.15,20.23,20.38,22611,-39.26,-59.0,0.029
2023-10-16T10:29:53.000,23.76,3.15,1.15,20.23,20.38,22617,-38.04,-58.0,0.029
2023-10-16T10:30:54.000,23.78,3.18,1.15,20.23,20.38,22618,-37.83,-58.0,0.029
2023-10-16T10:31:54.000,23.84,3.22,1.15,20.23,20.38,22619,-37.63,-57.0,0.029
2023-10-16T10:32:54.000,23.89,3.23,1.15,20.23,20.38,22620,-37.42,-57.0,0.029
2023-10-16T10:33:54.000,23.9,3.08,1.15,20.23,20.38,22621,-37.22,-57.0,0.029
2023-10-16T10:34:54.000,23.9,3.02,1.15,20.23,20.38,22622,-37.01,-57.0,0.029
2023-10-16T10:35:55.000,23.9,3.1,1.15,20.23,20.38,22623,-36.8,-57.0,0.029
2023-10-16T10:36:56.000,23.91,3.05,1.15,20.23,20.38,22624,-36.59,-56.0,0.029
2023-10-16T10:37:56.000,23.91,3.01,1.15,20.22,20.38,22625,-36.39,-56.0,0.029
2023-10-16T10:38:56.000,23.9,3.1,1.15,20.23,20.38,22626,-36.18,-56.0,0.029
2023-10-16T10:39:57.000,23.91,3.11,1.15,20.22,20.38,22627,-35.98,-56.0,0.029
2023-10-16T10:40:57.000,23.88,3.04,1.15,20.22,20.38,22628,-35.77,-56.0,0.029
2023-10-16T10:41:58.000,23.86,3.05,1.15,20.22,20.38,22629,-35.56,-56.0,0.029
2023-10-16T10:42:58.000,23.86,3.09,1.15,20.22,20.38,22630,-35.35,-55.0,0.029
2023-10-16T10:43:58.000,23.84,3.01,1.15,20.22,20.38,22631,-35.15,-55.0,0.029
2023-10-16T10:44:59.000,23.87,3.09,1.15,20.22,20.38,22632,-34.94,-55.0,0.029
2023-10-16T10:45:59.000,23.9,3.08,1.15,20.22,20.38,22633,-34.73,-55.0,0.029
2023-10-16T10:46:59.000,23.92,3.07,1.15,20.22,20.38,22634,-34.53,-55.0,0.029
2023-10-16T10:48:00.000,23.92,3.03,1.16,20.22,20.38,22635,-34.32,-54.0,0.029
2023-10-16T10:49:00.000,23.9,3.12,1.16,20.22,20.38,22636,-34.11,-54.0,0.029
2023-10-16T10:50:02.000,23.86,3.01,1.16,20.22,20.38,22637,-33.9,-54.0,0.029
2023-10-16T10:51:03.000,23.79,3.09,1.16,20.22,20.38,22638,-33.68,-54.0,0.029
2023-10-16T10:52:03.000,23.8,3.24,1.16,20.22,20.38,22639,-33.48,-54.0,0.029
2023-10-16T10:53:03.000,23.79,3.24,1.16,20.22,20.38,22640,-33.27,-53.0,0.03
2023-10-16T10:54:03.000,23.82,3.42,1.16,20.22,20.38,22641,-33.06,-53.0,0.03
2023-10-16T10:55:04.000,23.87,3.38,1.16,20.22,20.38,22642,-32.85,-53.0,0.03
2023-10-16T10:56:04.000,23.88,3.31,1.16,20.22,20.38,22643,-32.64,-53.0,0.03
2023-10-16T10:57:04.000,23.92,3.38,1.16,20.22,20.38,22644,-32.44,-53.0,0.03
2023-10-16T10:58:04.000,23.93,3.3,1.16,20.22,20.38,22645,-32.23,-52.0,0.03
2023-10-16T10:59:04.000,23.96,3.35,1.16,20.22,20.38,22646,-32.02,-52.0,0.03
2023-10-16T11:02:05.000,24.05,3.49,1.17,20.21,20.38,22649,-31.39,-52.0,0.03
2023-10-16T11:03:05.000,24.1,3.52,1.16,20.21,20.38,22650,-31.19,-51.0,0.03
2023-10-16T11:04:05.000,24.13,3.45,1.17,20.21,20.38,22651,-30.98,-51.0,0.03
2023-10-16T11:06:06.000,24.24,3.57,1.17,20.21,20.38,22653,-30.56,-51.0,0.03
2023-10-16T11:07:07.000,24.3,3.57,1.17,20.21,20.38,22654,-30.34,-51.0,0.03
2023-10-16T11:08:06.000,24.32,3.43,1.17,20.21,20.38,22655,-30.14,-50.0,0.03
2023-10-16T11:09:07.000,24.34,3.49,1.17,20.21,20.38,22656,-29.93,-50.0,0.03
2023-10-16T11:10:07.000,24.32,3.39,1.18,20.2,20.38,22657,-29.72,-50.0,0.03
2023-10-16T11:11:07.000,24.32,3.42,1.17,20.21,20.38,22658,-29.51,-50.0,0.03
2023-10-16T11:12:08.000,24.31,3.43,1.17,20.21,20.38,22659,-29.3,-50.0,0.03
2023-10-16T11:13:08.000,24.33,3.51,1.17,20.21,20.38,22660,-29.09,-49.0,0.03
2023-10-16T11:14:08.000,24.32,3.41,1.17,20.21,20.38,22661,-28.88,-49.0,0.03
2023-10-16T11:15:08.000,24.33,3.54,1.17,20.21,20.38,22662,-28.67,-49.0,0.03
2023-10-16T11:16:08.000,24.35,3.51,1.17,20.21,20.38,22663,-28.46,-49.0,0.03
2023-10-16T11:17:09.000,24.35,3.47,1.17,20.21,20.38,22664,-28.25,-49.0,0.03
2023-10-16T11:18:10.000,24.34,3.45,1.18,20.2,20.38,22665,-28.03,-48.0,0.03
2023-10-16T11:19:10.000,24.33,3.5,1.18,20.2,20.38,22666,-27.82,-48.0,0.03
2023-10-16T11:20:11.000,24.37,3.59,1.17,20.21,20.38,22667,-27.61,-48.0,0.03
2023-10-16T11:21:12.000,24.36,3.51,1.17,20.21,20.38,22668,-27.4,-48.0,0.03
2023-10-16T11:22:12.000,24.37,3.52,1.17,20.21,20.38,22669,-27.19,-48.0,0.03
2023-10-16T11:23:12.000,24.39,3.64,1.17,20.21,20.38,22670,-26.98,-47.0,0.03
2023-10-16T11:24:12.000,24.42,3.57,1.17,20.21,20.38,22671,-26.77,-47.0,0.03
2023-10-16T11:25:12.000,24.41,3.51,1.17,20.21,20.38,22672,-26.56,-47.0,0.03
2023-10-16T11:26:13.000,24.43,3.6,1.17,20.21,20.38,22673,-26.34,-47.0,0.03
2023-10-16T11:27:13.000,24.44,3.58,1.17,20.21,20.38,22674,-26.13,-47.0,0.03
2023-10-16T11:28:13.000,24.46,3.65,1.17,20.21,20.38,22675,-25.92,-46.0,0.03
2023-10-16T11:30:13.000,24.57,3.8,1.17,20.21,20.38,22677,-25.5,-46.0,0.03
2023-10-16T11:31:14.000,24.61,3.71,1.17,20.21,20.38,22678,-25.29,-46.0,0.03
2023-10-16T11:32:14.000,24.62,3.59,1.17,20.21,20.38,22679,-25.08,-46.0,0.03
