Downloads/jupyter/ECSV/stars19/stars19_2020-01.ecsv
# %ECSV 1.0
# ---
# datatype:
# - {name: time, datatype: string}
# - {name: Enclosure Temperature, unit: deg_C, datatype: float64}
# - {name: Sky Temperature, unit: deg_C, datatype: float64}
# - {name: Frequency, unit: Hz, datatype: float64}
# - {name: MSAS, unit: mag / arcsec2, datatype: float64}
# - {name: ZP, datatype: float64}
# - {name: Sequence Number, datatype: int64}
# - {name: Sun Alt, unit: deg, datatype: float64}
# - {name: Moon Alt, unit: deg, datatype: float64}
# - {name: Moon Illumination, datatype: float64}
# delimiter: ','
# meta: !!omap
# - ida:
#     Data supplier: {affiliation: null, observer: null}
#     Device type: TESS-W
#     Field of view: 17.0
#     Filters per channel: None
#     Instrument ID: stars19
#     License: ODbL 1.0 http://opendatacommons.org/licenses/odbl/summary/
#     Local timezone: America/Phoenix
#     Location name: {country: '- Tucson', place: Tucson, region: United States, sub_region: Arizona, town: Pima County}
#     Measurement direction per channel: {azimuth: 0.0, zenital: 0.0}
#     Moving / Fixed look direction: FIXED
#     Moving / Stationary position: STATIONARY
#     Number of channels: 1
#     Number of fields per line: 8
#     Number of header lines: 35
#     Position: {height: 0.0, latitude: 32.223877, longitude: -110.767532}
#     TESS MAC address: 18:FE:34:CF:EC:06
#     TESS cover offset value: 0.0
#     TESS firmware version: '1.0'
#     TESS zero point: 20.5
#     Time Synchronization: timestamp added by MQTT subscriber
#     URL: http://www.darksky.org/NSBM/sdf1.0.pdf
# - __serialized_columns__:
#     Enclosure Temperature:
#       __class__: astropy.units.quantity.Quantity
#       unit: &id001 !astropy.units.Unit {unit: deg_C}
#       value: !astropy.table.SerializedColumn {name: Enclosure Temperature}
#     Frequency:
#       __class__: astropy.units.quantity.Quantity
#       unit: !astropy.units.Unit {unit: Hz}
#       value: !astropy.table.SerializedColumn {name: Frequency}
#     MSAS:
#       __class__: astropy.units.quantity.Quantity
#       unit: !astropy.units.Unit {unit: mag / arcsec2}
#       value: !astropy.table.SerializedColumn {name: MSAS}
#     Moon Alt:
#       __class__: astropy.units.quantity.Quantity
#       unit: &id002 !astropy.units.Unit {unit: deg}
#       value: !astropy.table.SerializedColumn {name: Moon Alt}
#     Sky Temperature:
#       __class__: astropy.units.quantity.Quantity
#       unit: *id001
#       value: !astropy.table.SerializedColumn {name: Sky Temperature}
#     Sun Alt:
#       __class__: astropy.units.quantity.Quantity
#       unit: *id002
#       value: !astropy.table.SerializedColumn {name: Sun Alt}
#     time:
#       __class__: astropy.time.core.Time
#       format: isot
#       in_subfmt: '*'
#       out_subfmt: '*'
#       precision: 3
#       scale: utc
#       value: !astropy.table.SerializedColumn {name: time}
# schema: astropy-2.0
time,Enclosure Temperature,Sky Temperature,Frequency,MSAS,ZP,Sequence Number,Sun Alt,Moon Alt,Moon Illumination
[from data line 13006]
2020-01-15T13:30:51.000,10.86,-10.1,9.74,17.91,20.5,251418,-11.39,53.0,0.721
2020-01-15T13:31:52.000,10.85,-10.27,8.67,18.04,20.5,251419,-11.19,53.0,0.721
2020-01-15T13:32:52.000,10.79,-10.37,9.61,17.92,20.5,251420,-10.99,53.0,0.721
2020-01-15T13:33:53.000,10.83,-10.4,10.01,17.88,20.5,251421,-10.78,53.0,0.72
2020-01-15T13:34:53.000,10.81,-10.43,11.95,17.69,20.5,251422,-10.58,53.0,0.72
2020-01-15T13:35:53.000,10.79,-10.26,11.51,17.73,20.5,251423,-10.38,53.0,0.72
2020-01-15T13:36:53.000,10.76,-9.96,11.95,17.69,20.5,251424,-10.18,52.0,0.72
2020-01-15T13:37:54.000,10.75,-9.65,12.73,17.62,20.5,251425,-9.98,52.0,0.72
2020-01-15T13:38:54.000,10.74,-9.25,13.79,17.53,20.5,251426,-9.78,52.0,0.72
2020-01-15T13:51:57.000,10.26,-11.83,66.55,15.82,20.5,251439,-7.18,50.0,0.719
2020-01-15T13:52:57.000,10.2,-11.66,85.8,15.55,20.5,251440,-6.98,50.0,0.719
2020-01-15T13:53:57.000,10.14,-11.5,111.73,15.26,20.5,251441,-6.78,50.0,0.719
2020-01-15T13:54:57.000,10.1,-11.11,146.49,14.97,20.5,251442,-6.59,49.0,0.719
2020-01-15T13:56:58.000,10.03,-10.99,251.93,14.38,20.5,251444,-6.19,49.0,0.719
2020-01-15T13:57:58.000,10.02,-11.09,323.38,14.11,20.5,251445,-5.99,49.0,0.719
2020-01-15T13:58:59.000,10.01,-11.12,404.04,13.87,20.5,251446,-5.79,49.0,0.719
2020-01-15T13:59:59.000,9.99,-10.99,513.29,13.61,20.5,251447,-5.59,49.0,0.719
2020-01-15T14:00:59.000,9.99,-10.83,662.56,13.33,20.5,251448,-5.4,48.0,0.718
2020-01-15T14:01:59.000,9.99,-10.76,851.17,13.06,20.5,251449,-5.2,48.0,0.718
2020-01-15T14:02:59.000,9.96,-10.61,1098.82,12.78,20.5,251450,-5.0,48.0,0.718
2020-01-15T14:04:00.000,9.95,-10.43,1408.4,12.51,20.5,251451,-4.8,48.0,0.718
2020-01-15T14:05:00.000,9.94,-10.17,1813.89,12.24,20.5,251452,-4.61,48.0,0.718
2020-01-15T14:06:01.000,9.93,-9.94,2346.33,11.96,20.5,251453,-4.41,48.0,0.718
2020-01-15T14:08:02.000,9.91,-9.07,3826.51,11.43,20.5,251455,-4.01,47.0,0.718
2020-01-15T14:11:02.000,9.88,-8.5,7547.24,10.69,20.5,251458,-3.43,47.0,0.718
2020-01-15T14:13:03.000,9.91,-8.91,11007.64,10.28,20.5,251460,-3.04,46.0,0.718
2020-01-15T14:14:03.000,9.92,-9.24,13253.78,10.08,20.5,251461,-2.84,46.0,0.718
2020-01-15T14:15:04.000,9.92,-9.59,15822.87,9.88,20.5,251462,-2.64,46.0,0.717
2020-01-15T14:19:04.000,9.86,-10.34,33131.54,9.08,20.5,251466,-1.87,45.0,0.717
2020-01-15T14:46:07.000,10.34,-11.29,0.0,0.0,20.5,251493,3.28,40.0,0.715
2020-01-15T14:47:07.000,10.3,-11.87,0.26,0.09,20.5,251494,3.47,40.0,0.715
2020-01-15T14:52:08.000,10.06,-11.78,0.0,0.0,20.5,251499,4.41,39.0,0.715
2020-01-15T14:54:09.000,10.02,-11.84,0.22,0.09,20.5,251501,4.78,39.0,0.715
2020-01-15T14:55:09.000,10.02,-11.9,0.0,0.0,20.5,251502,4.97,38.0,0.715
2020-01-15T14:56:09.000,10.03,-11.98,0.0,0.0,20.5,251503,5.15,38.0,0.714
2020-01-15T14:57:09.000,10.03,-12.08,0.0,0.0,20.5,251504,5.34,38.0,0.714
2020-01-15T14:59:13.000,9.99,-11.6,0.0,0.0,20.5,251506,5.72,38.0,0.714
2020-01-15T15:00:14.000,9.98,-11.22,0.0,0.0,20.5,251507,5.9,37.0,0.714
2020-01-15T15:01:14.000,9.93,-10.88,0.0,0.0,20.5,251508,6.09,37.0,0.714
2020-01-15T15:02:14.000,10.0,-10.06,0.0,0.0,20.5,251509,6.27,37.0,0.714
2020-01-15T15:05:15.000,10.26,-7.69,0.0,0.0,20.5,251512,6.82,36.0,0.714
2020-01-15T15:06:15.000,10.37,-7.02,0.0,0.0,20.5,251513,7.01,36.0,0.714
2020-01-15T15:07:15.000,10.47,-6.45,0.0,0.0,20.5,251514,7.19,36.0,0.714
2020-01-15T15:14:18.000,10.98,-8.49,0.0,0.0,20.5,251521,8.46,35.0,0.713
2020-01-15T15:15:19.000,11.05,-8.89,0.0,0.0,20.5,251522,8.65,35.0,0.713
2020-01-15T15:16:19.000,11.08,-8.88,0.0,0.0,20.5,251523,8.83,34.0,0.713
2020-01-15T15:28:21.000,12.19,-5.09,0.0,0.0,20.5,251535,10.96,32.0,0.712
2020-01-15T15:31:21.000,12.31,-7.34,0.0,0.0,20.5,251538,11.49,31.0,0.712
2020-01-15T15:34:22.000,12.31,-9.23,0.0,0.0,20.5,251541,12.02,31.0,0.712
2020-01-15T15:35:22.000,12.31,-9.78,0.0,0.0,20.5,251542,12.19,31.0,0.712
2020-01-15T15:36:22.000,12.28,-10.39,0.0,0.0,20.5,251543,12.36,30.0,0.712
2020-01-15T15:40:23.000,11.97,-11.62,0.0,0.0,20.5,251547,13.06,30.0,0.711
2020-01-15T15:41:23.000,11.93,-11.61,0.0,0.0,20.5,251548,13.23,29.0,0.711
2020-01-15T15:42:23.000,11.95,-11.55,0.0,0.0,20.5,251549,13.4,29.0,0.711
2020-01-15T16:15:33.000,14.83,-5.14,0.0,0.0,20.5,251582,18.86,22.0,0.709
2020-01-15T16:16:33.000,15.04,-4.73,0.0,0.0,20.5,251583,19.02,22.0,0.709
2020-01-15T16:17:34.000,15.24,-4.36,0.0,0.0,20.5,251584,19.18,22.0,0.709
2020-01-15T16:20:35.000,15.82,-4.08,0.0,0.0,20.5,251587,19.65,21.0,0.708
2020-01-15T16:21:35.000,15.93,-4.53,0.0,0.0,20.5,251588,19.81,21.0,0.708
2020-01-15T16:22:35.000,15.96,-4.87,0.0,0.0,20.5,251589,19.96,21.0,0.708
2020-01-15T16:34:38.000,16.94,-5.09,0.0,0.0,20.5,251601,21.79,18.0,0.707
2020-01-15T16:35:39.000,16.99,-5.18,0.0,0.0,20.5,251602,21.94,18.0,0.707
2020-01-15T16:36:39.000,17.04,-5.15,0.0,0.0,20.5,251603,22.09,18.0,0.707
2020-01-15T16:40:40.000,17.38,-4.14,0.0,0.0,20.5,251607,22.68,17.0,0.707
2020-01-15T16:41:40.000,17.51,-3.82,0.0,0.0,20.5,251608,22.82,17.0,0.707
2020-01-15T16:42:41.000,17.6,-3.86,0.0,0.0,20.5,251609,22.97,17.0,0.707
2020-01-15T16:51:42.000,17.97,-5.47,0.0,0.0,20.5,251618,24.25,15.0,0.706
2020-01-15T16:52:43.000,18.01,-5.77,0.0,0.0,20.5,251619,24.39,15.0,0.706
2020-01-15T16:53:44.000,18.03,-5.9,0.0,0.0,20.5,251620,24.53,14.0,0.706
2020-01-15T16:55:44.000,17.99,-6.24,0.0,0.0,20.5,251622,24.81,14.0,0.706
2020-01-15T16:59:45.000,18.49,-3.52,0.0,0.0,20.5,251626,25.36,13.0,0.705
2020-01-15T17:00:45.000,18.68,-2.47,0.0,0.0,20.5,251627,25.49,13.0,0.705
2020-01-15T17:01:45.000,18.95,-1.38,0.0,0.0,20.5,251628,25.63,13.0,0.705
2020-01-15T17:08:48.000,20.29,-3.1,0.0,0.0,20.5,251635,26.55,11.0,0.705
2020-01-15T17:09:48.000,20.46,-3.03,0.0,0.0,20.5,251636,26.68,11.0,0.705
2020-01-15T17:10:49.000,20.61,-3.39,0.0,0.0,20.5,251637,26.81,11.0,0.705
2020-01-15T17:15:50.000,21.17,-2.63,0.0,0.0,20.5,251642,27.45,10.0,0.704
2020-01-15T17:16:50.000,21.24,-2.35,0.0,0.0,20.5,251643,27.57,10.0,0.704
2020-01-15T17:17:50.000,21.33,-2.16,0.0,0.0,20.5,251644,27.7,10.0,0.704
2020-01-15T17:20:51.000,21.52,-2.06,0.0,0.0,20.5,251647,28.07,9.0,0.704
2020-01-15T17:21:51.000,21.69,-1.38,0.0,0.0,20.5,251648,28.19,9.0,0.704
2020-01-15T17:22:52.000,21.88,-1.38,0.0,0.0,20.5,251649,28.31,8.0,0.704
2020-01-15T17:26:54.000,22.3,-2.18,0.0,0.0,20.5,251653,28.79,8.0,0.703
2020-01-15T17:27:54.000,22.25,-2.65,0.0,0.0,20.5,251654,28.9,7.0,0.703
2020-01-15T17:28:54.000,22.24,-2.58,0.0,0.0,20.5,251655,29.02,7.0,0.703
2020-01-15T17:30:55.000,22.29,-3.19,0.0,0.0,20.5,251657,29.25,7.0,0.703
2020-01-15T17:31:55.000,22.19,-3.28,0.0,0.0,20.5,251658,29.37,7.0,0.703
2020-01-15T17:32:56.000,22.2,-3.03,0.0,0.0,20.5,251659,29.48,6.0,0.703
2020-01-15T17:34:56.000,22.24,-2.87,0.0,0.0,20.5,251661,29.71,6.0,0.703
2020-01-15T17:38:57.000,23.08,-1.0,0.0,0.0,20.5,251665,30.15,5.0,0.703
2020-01-15T17:39:58.000,23.36,0.23,0.0,0.0,20.5,251666,30.26,5.0,0.702
2020-01-15T17:40:58.000,23.69,0.85,0.0,0.0,20.5,251667,30.37,5.0,0.702
2020-01-15T17:52:04.000,25.43,-0.14,0.0,0.0,20.5,251678,31.5,2.0,0.702
2020-01-15T17:53:06.000,25.71,0.08,0.0,0.0,20.5,251679,31.6,2.0,0.701
2020-01-15T17:54:06.000,25.87,-0.67,0.0,0.0,20.5,251680,31.7,2.0,0.701
2020-01-15T17:56:07.000,26.01,0.11,0.0,0.0,20.5,251682,31.89,2.0,0.701
2020-01-15T17:57:08.000,26.11,0.39,0.0,0.0,20.5,251683,31.99,1.0,0.701
2020-01-15T17:58:08.000,26.2,0.71,0.0,0.0,20.5,251684,32.08,1.0,0.701
2020-01-15T17:59:09.000,26.23,1.0,0.0,0.0,20.5,251685,32.18,1.0,0.701
2020-01-15T18:02:10.000,26.61,1.93,0.0,0.0,20.5,251688,32.45,0.0,0.701
2020-01-15T18:03:11.000,26.82,2.1,0.0,0.0,20.5,251689,32.54,0.0,0.701
2020-01-15T18:04:11.000,27.12,1.78,0.0,0.0,20.5,251690,32.63,-0.0,0.701
2020-01-15T18:05:12.000,27.3,1.25,0.0,0.0,20.5,251691,32.72,-0.0,0.701
2020-01-15T18:06:12.000,27.74,1.97,0.0,0.0,20.5,251692,32.81,-0.0,0.701
2020-01-15T18:08:13.000,28.55,1.56,0.0,0.0,20.5,251694,32.98,-1.0,0.7
2020-01-15T18:12:14.000,31.11,0.97,0.0,0.0,20.5,251698,33.31,-2.0,0.7
2020-01-15T18:13:14.000,31.49,0.49,0.0,0.0,20.5,251699,33.39,-2.0,0.7
2020-01-15T18:14:15.000,32.13,1.06,0.0,0.0,20.5,251700,33.47,-2.0,0.7
2020-01-15T18:17:16.000,34.06,2.37,0.0,0.0,20.5,251703,33.71,-3.0,0.7
2020-01-15T18:18:16.000,34.74,2.19,0.0,0.0,20.5,251704,33.79,-3.0,0.7
2020-01-15T18:19:16.000,35.17,1.31,0.0,0.0,20.5,251705,33.86,-3.0,0.7
2020-01-15T18:22:18.000,35.27,0.67,0.0,0.0,20.5,251708,34.08,-4.0,0.699
2020-01-15T18:23:18.000,35.48,1.48,0.0,0.0,20.5,251709,34.15,-4.0,0.699
2020-01-15T18:24:19.000,35.67,1.1,0.0,0.0,20.5,251710,34.23,-4.0,0.699
2020-01-15T18:26:20.000,35.72,1.46,0.0,0.0,20.5,251712,34.36,-5.0,0.699
2020-01-15T18:28:20.000,35.7,1.03,0.0,0.0,20.5,251714,34.5,-5.0,0.699
2020-01-15T18:30:21.000,35.05,0.72,0.0,0.0,20.5,251716,34.63,-5.0,0.699
2020-01-15T18:31:22.000,34.45,1.0,0.0,0.0,20.5,251717,34.7,-6.0,0.699
2020-01-15T18:32:22.000,34.18,2.15,0.0,0.0,20.5,251718,34.76,-6.0,0.699
2020-01-15T18:35:24.000,33.76,3.11,0.0,0.0,20.5,251721,34.94,-6.0,0.698
2020-01-15T18:36:24.000,33.74,3.09,0.0,0.0,20.5,251722,35.0,-7.0,0.698
2020-01-15T18:37:25.000,33.57,2.89,0.0,0.0,20.5,251723,35.06,-7.0,0.698
2020-01-15T18:38:25.000,33.77,4.77,0.0,0.0,20.5,251724,35.12,-7.0,0.698
2020-01-15T18:39:26.000,34.46,4.72,0.0,0.0,20.5,251725,35.17,-7.0,0.698
2020-01-15T18:41:27.000,34.57,3.56,0.0,0.0,20.5,251727,35.28,-8.0,0.698
2020-01-15T18:42:28.000,34.71,3.39,0.0,0.0,20.5,251728,35.34,-8.0,0.698
2020-01-15T18:43:29.000,34.75,3.03,0.0,0.0,20.5,251729,35.39,-8.0,0.698
2020-01-15T18:45:29.000,34.09,1.97,0.0,0.0,20.5,251731,35.49,-9.0,0.698
2020-01-15T18:46:30.000,33.98,2.72,0.0,0.0,20.5,251732,35.54,-9.0,0.698
2020-01-15T18:47:30.000,34.18,3.18,0.0,0.0,20.5,251733,35.59,-9.0,0.697
2020-01-15T18:52:32.000,35.27,3.0,0.0,0.0,20.5,251738,35.81,-10.0,0.697
2020-01-15T18:53:32.000,34.93,2.76,0.0,0.0,20.5,251739,35.86,-10.0,0.697
2020-01-15T18:54:33.000,34.67,3.06,0.0,0.0,20.5,251740,35.9,-10.0,0.697
2020-01-15T18:56:34.000,33.97,2.44,0.0,0.0,20.5,251742,35.98,-11.0,0.697
2020-01-15T18:57:35.000,33.59,2.97,0.0,0.0,20.5,251743,36.01,-11.0,0.697
2020-01-15T19:00:37.000,32.87,3.7,0.0,0.0,20.5,251746,36.12,-12.0,0.696
2020-01-15T19:01:37.000,32.63,3.38,0.0,0.0,20.5,251747,36.15,-12.0,0.696
2020-01-15T19:02:37.000,32.54,3.2,0.0,0.0,20.5,251748,36.19,-12.0,0.696
2020-01-15T19:12:43.000,34.9,4.16,0.0,0.0,20.5,251758,36.45,-14.0,0.696
2020-01-15T19:13:44.000,35.46,4.69,0.0,0.0,20.5,251759,36.48,-14.0,0.696
2020-01-15T19:14:44.000,36.23,4.98,0.0,0.0,20.5,251760,36.49,-14.0,0.695
2020-01-15T19:17:46.000,37.4,3.69,0.0,0.0,20.5,251763,36.55,-15.0,0.695
2020-01-15T19:19:46.000,37.99,3.91,0.0,0.0,20.5,251765,36.58,-15.0,0.695
2020-01-15T19:20:47.000,38.0,4.22,0.0,0.0,20.5,251766,36.59,-16.0,0.695
2020-01-15T19:21:48.000,38.34,5.09,0.0,0.0,20.5,251767,36.6,-16.0,0.695
2020-01-15T19:22:49.000,38.72,4.42,0.0,0.0,20.5,251768,36.61,-16.0,0.695
2020-01-15T19:27:50.000,36.56,3.57,0.0,0.0,20.5,251773,36.65,-17.0,0.694
2020-01-15T19:28:50.000,36.25,3.3,0.0,0.0,20.5,251774,36.66,-17.0,0.694
2020-01-15T19:30:50.000,35.61,2.19,0.0,0.0,20.5,251776,36.66,-18.0,0.694
2020-01-15T19:31:51.000,35.1,1.14,0.0,0.0,20.5,251777,36.66,-18.0,0.694
2020-01-15T19:32:51.000,34.55,1.09,0.0,0.0,20.5,251778,36.66,-18.0,0.694
2020-01-15T19:34:51.000,33.71,0.85,0.0,0.0,20.5,251780,36.66,-18.0,0.694
2020-01-15T19:35:52.000,33.34,1.32,0.0,0.0,20.5,251781,36.66,-19.0,0.694
2020-01-15T19:36:52.000,33.07,1.45,0.0,0.0,20.5,251782,36.65,-19.0,0.694
2020-01-15T19:46:54.000,31.52,2.41,0.0,0.0,20.5,251792,36.55,-21.0,0.693
2020-01-15T19:47:54.000,31.52,2.82,0.0,0.0,20.5,251793,36.54,-21.0,0.693
2020-01-15T19:48:54.000,31.49,2.67,0.0,0.0,20.5,251794,36.52,-21.0,0.693
2020-01-15T19:49:54.000,31.61,2.65,0.0,0.0,20.5,251795,36.5,-21.0,0.693
2020-01-15T19:50:55.000,31.59,2.16,0.0,0.0,20.5,251796,36.48,-22.0,0.693
2020-01-15T19:52:55.000,31.39,1.41,0.0,0.0,20.5,251798,36.44,-22.0,0.693
2020-01-15T19:53:56.000,31.4,2.24,0.0,0.0,20.5,251799,36.42,-22.0,0.693
2020-01-15T19:54:57.000,32.0,3.26,0.0,0.0,20.5,251800,36.4,-22.0,0.692
2020-01-15T19:56:57.000,32.3,0.81,0.0,0.0,20.5,251802,36.35,-23.0,0.692
2020-01-15T19:57:58.000,32.08,0.88,0.0,0.0,20.5,251803,36.32,-23.0,0.692
2020-01-15T19:58:59.000,31.92,1.0,0.0,0.0,20.5,251804,36.29,-23.0,0.692
2020-01-15T20:01:00.000,31.87,1.08,0.0,0.0,20.5,251806,36.23,-23.0,0.692
2020-01-15T20:02:00.000,32.06,1.69,0.0,0.0,20.5,251807,36.2,-24.0,0.692
2020-01-15T20:03:00.000,32.07,1.03,0.0,0.0,20.5,251808,36.17,-24.0,0.692
2020-01-15T20:12:06.000,30.79,3.36,0.0,0.0,20.5,251817,35.83,-26.0,0.691
2020-01-15T20:13:07.000,31.01,4.2,0.0,0.0,20.5,251818,35.79,-26.0,0.691
2020-01-15T20:14:07.000,31.57,4.81,0.0,0.0,20.5,251819,35.74,-26.0,0.691
2020-01-15T20:17:07.000,32.48,3.61,0.0,0.0,20.5,251822,35.61,-27.0,0.691
2020-01-15T20:18:08.000,32.85,3.59,0.0,0.0,20.5,251823,35.56,-27.0,0.691
2020-01-15T20:19:08.000,33.1,3.33,0.0,0.0,20.5,251824,35.51,-27.0,0.691
2020-01-15T20:32:13.000,34.8,3.79,0.0,0.0,20.5,251837,34.79,-29.0,0.69
2020-01-15T20:33:14.000,34.85,4.03,0.0,0.0,20.5,251838,34.72,-30.0,0.69
2020-01-15T20:34:14.000,34.96,3.87,0.0,0.0,20.5,251839,34.66,-30.0,0.69
2020-01-15T20:37:15.000,36.09,4.95,0.0,0.0,20.5,251842,34.46,-30.0,0.689
2020-01-15T20:38:16.000,36.65,4.15,0.0,0.0,20.5,251843,34.39,-31.0,0.689
2020-01-15T20:39:16.000,36.99,3.51,0.0,0.0,20.5,251844,34.33,-31.0,0.689
2020-01-15T20:40:17.000,37.35,3.14,0.0,0.0,20.5,251845,34.26,-31.0,0.689
2020-01-15T20:43:17.000,38.28,2.72,0.0,0.0,20.5,251848,34.04,-31.0,0.689
2020-01-15T20:45:17.000,38.79,1.78,0.0,0.0,20.5,251850,33.9,-32.0,0.689
2020-01-15T20:46:18.000,38.79,1.48,0.0,0.0,20.5,251851,33.82,-32.0,0.689
2020-01-15T20:49:18.000,39.16,2.32,0.0,0.0,20.5,251854,33.59,-33.0,0.688
2020-01-15T20:50:19.000,39.26,3.08,0.0,0.0,20.5,251855,33.51,-33.0,0.688
2020-01-15T20:51:19.000,39.52,3.07,0.0,0.0,20.5,251856,33.43,-33.0,0.688
2020-01-15T20:57:20.000,38.35,2.14,0.0,0.0,20.5,251862,32.94,-34.0,0.688
2020-01-15T20:59:21.000,37.34,2.48,0.0,0.0,20.5,251864,32.76,-34.0,0.688
2020-01-15T21:00:21.000,37.27,2.92,0.0,0.0,20.5,251865,32.68,-35.0,0.688
2020-01-15T21:01:21.000,37.08,2.11,0.0,0.0,20.5,251866,32.59,-35.0,0.688
2020-01-15T21:02:21.000,36.8,2.37,0.0,0.0,20.5,251867,32.5,-35.0,0.687
2020-01-15T21:03:21.000,36.56,2.23,0.0,0.0,20.5,251868,32.41,-35.0,0.687
2020-01-15T21:13:23.000,35.62,2.65,0.0,0.0,20.5,251878,31.46,-37.0,0.687
2020-01-15T21:14:23.000,36.15,2.68,0.0,0.0,20.5,251879,31.36,-37.0,0.687
2020-01-15T21:15:23.000,36.54,2.2,0.0,0.0,20.5,251880,31.27,-37.0,0.686
2020-01-15T21:16:23.000,36.6,1.54,0.0,0.0,20.5,251881,31.16,-37.0,0.686
2020-01-15T21:19:24.000,36.64,1.98,0.0,0.0,20.5,251884,30.86,-38.0,0.686
2020-01-15T21:20:24.000,36.42,1.73,0.0,0.0,20.5,251885,30.75,-38.0,0.686
2020-01-15T21:21:24.000,36.08,2.26,0.0,0.0,20.5,251886,30.65,-38.0,0.686
2020-01-15T21:33:28.000,34.57,3.38,0.0,0.0,20.5,251898,29.33,-40.0,0.685
2020-01-15T21:34:29.000,34.47,4.09,0.0,0.0,20.5,251899,29.21,-40.0,0.685
2020-01-15T21:35:29.000,34.6,5.02,0.0,0.0,20.5,251900,29.1,-40.0,0.685
2020-01-15T21:38:29.000,34.17,3.6,0.0,0.0,20.5,251903,28.75,-41.0,0.685
2020-01-15T21:40:30.000,33.66,3.34,0.0,0.0,20.5,251905,28.51,-41.0,0.685
2020-01-15T21:41:30.000,33.37,3.25,0.0,0.0,20.5,251906,28.39,-41.0,0.685
2020-01-15T21:42:30.000,33.1,3.67,0.0,0.0,20.5,251907,28.27,-42.0,0.684
2020-01-15T21:44:31.000,32.93,4.96,0.0,0.0,20.5,251909,28.03,-42.0,0.684
2020-01-15T21:45:31.000,32.86,5.22,0.0,0.0,20.5,251910,27.9,-42.0,0.684
2020-01-15T21:46:31.000,33.03,5.55,0.0,0.0,20.5,251911,27.78,-42.0,0.684
2020-01-15T21:48:32.000,33.29,4.19,0.0,0.0,20.5,251913,27.53,-43.0,0.684
2020-01-15T21:49:32.000,33.2,3.55,0.0,0.0,20.5,251914,27.41,-43.0,0.684
2020-01-15T21:52:32.000,32.76,4.32,0.0,0.0,20.5,251917,27.03,-43.0,0.684
2020-01-15T21:53:33.000,32.65,5.19,0.0,0.0,20.5,251918,26.9,-43.0,0.684
2020-01-15T21:57:34.000,32.0,6.04,0.0,0.0,20.5,251922,26.38,-44.0,0.683
2020-01-15T21:58:34.000,31.94,6.78,0.0,0.0,20.5,251923,26.25,-44.0,0.683
2020-01-15T21:59:35.000,31.91,7.13,0.0,0.0,20.5,251924,26.12,-44.0,0.683
2020-01-15T22:12:36.000,30.55,7.72,0.0,0.0,20.5,251937,24.36,-46.0,0.682
2020-01-15T22:13:36.000,30.41,7.72,0.0,0.0,20.5,251938,24.22,-46.0,0.682
