Downloads/jupyter/ECSV/stars19/stars19_2024-03.ecsv
# %ECSV 1.0
# ---
# datatype:
# - {name: time, datatype: string}
# - {name: Enclosure Temperature, unit: deg_C, datatype: float64}
# - {name: Sky Temperature, unit: deg_C, datatype: float64}
# - {name: Frequency, unit: Hz, datatype: float64}
# - {name: MSAS, unit: mag / arcsec2, datatype: float64}
# - {name: ZP, datatype: float64}
# - {name: Sequence Number, datatype: int64}
# - {name: Sun Alt, unit: deg, datatype: float64}
# - {name: Moon Alt, unit: deg, datatype: float64}
# - {name: Moon Illumination, datatype: float64}
# delimiter: ','
# meta: !!omap
# - ida:
#     Data supplier: {affiliation: null, observer: null}
#     Device type: TESS-W
#     Field of view: 17.0
#     Filters per channel: None
#     Instrument ID: stars19
#     License: ODbL 1.0 http://opendatacommons.org/licenses/odbl/summary/
#     Local timezone: America/Phoenix
#     Location name: {country: '- Tucson', place: Tucson, region: United States, sub_region: Arizona, town: Pima County}
#     Measurement direction per channel: {azimuth: 0.0, zenital: 0.0}
#     Moving / Fixed look direction: FIXED
#     Moving / Stationary position: STATIONARY
#     Number of channels: 1
#     Number of fields per line: 8
#     Number of header lines: 35
#     Position: {height: 0.0, latitude: 32.223877, longitude: -110.767532}
#     TESS MAC address: 18:FE:34:CF:EC:06
#     TESS cover offset value: 0.0
#     TESS firmware version: '1.0'
#     TESS zero point: 20.38
#     Time Synchronization: timestamp added by MQTT subscriber
#     URL: http://www.darksky.org/NSBM/sdf1.0.pdf
# - __serialized_columns__:
#     Enclosure Temperature:
#       __class__: astropy.units.quantity.Quantity
#       unit: &id001 !astropy.units.Unit {unit: deg_C}
#       value: !astropy.table.SerializedColumn {name: Enclosure Temperature}
#     Frequency:
#       __class__: astropy.units.quantity.Quantity
#       unit: !astropy.units.Unit {unit: Hz}
#       value: !astropy.table.SerializedColumn {name: Frequency}
#     MSAS:
#       __class__: astropy.units.quantity.Quantity
#       unit: !astropy.units.Unit {unit: mag / arcsec2}
#       value: !astropy.table.SerializedColumn {name: MSAS}
#     Moon Alt:
#       __class__: astropy.units.quantity.Quantity
#       unit: &id002 !astropy.units.Unit {unit: deg}
#       value: !astropy.table.SerializedColumn {name: Moon Alt}
#     Sky Temperature:
#       __class__: astropy.units.quantity.Quantity
#       unit: *id001
#       value: !astropy.table.SerializedColumn {name: Sky Temperature}
#     Sun Alt:
#       __class__: astropy.units.quantity.Quantity
#       unit: *id002
#       value: !astropy.table.SerializedColumn {name: Sun Alt}
#     time:
#       __class__: astropy.time.core.Time
#       format: isot
#       in_subfmt: '*'
#       out_subfmt: '*'
#       precision: 3
#       scale: utc
#       value: !astropy.table.SerializedColumn {name: time}
# schema: astropy-2.0
time,Enclosure Temperature,Sky Temperature,Frequency,MSAS,ZP,Sequence Number,Sun Alt,Moon Alt,Moon Illumination
[from data line 17784]
2024-03-22T12:06:37.000,12.31,-9.81,1.43,19.99,20.38,248811,-16.95,2.0,0.932
2024-03-22T12:07:37.000,12.21,-9.75,1.46,19.97,20.38,248812,-16.74,2.0,0.932
2024-03-22T12:08:37.000,12.18,-9.63,1.45,19.98,20.38,248813,-16.54,1.0,0.932
2024-03-22T12:09:37.000,12.2,-9.51,1.4,20.02,20.38,248814,-16.33,1.0,0.932
2024-03-22T12:11:38.000,12.22,-9.49,1.38,20.03,20.38,248816,-15.91,1.0,0.932
2024-03-22T12:12:38.000,12.3,-9.32,1.37,20.04,20.38,248817,-15.7,1.0,0.932
2024-03-22T12:13:39.000,12.35,-9.38,1.36,20.05,20.38,248818,-15.49,0.0,0.932
2024-03-22T12:14:38.000,12.35,-9.64,1.35,20.05,20.38,248819,-15.29,0.0,0.932
2024-03-22T12:15:39.000,12.24,-10.01,1.35,20.05,20.38,248820,-15.08,-0.0,0.932
2024-03-22T12:16:39.000,12.15,-9.91,1.35,20.05,20.38,248821,-14.87,-0.0,0.932
2024-03-22T12:17:39.000,12.11,-9.89,1.35,20.05,20.38,248822,-14.66,-0.0,0.932
2024-03-22T12:18:39.000,12.1,-9.74,1.35,20.05,20.38,248823,-14.45,-1.0,0.932
2024-03-22T12:19:39.000,12.13,-9.54,1.36,20.05,20.38,248824,-14.25,-1.0,0.932
2024-03-22T12:20:39.000,12.17,-9.57,1.37,20.04,20.38,248825,-14.04,-1.0,0.932
2024-03-22T12:21:39.000,12.18,-9.6,1.4,20.02,20.38,248826,-13.83,-1.0,0.932
2024-03-22T12:22:39.000,12.23,-9.43,1.41,20.01,20.38,248827,-13.62,-1.0,0.932
2024-03-22T12:23:39.000,12.29,-9.58,1.44,19.98,20.38,248828,-13.41,-2.0,0.932
2024-03-22T12:24:39.000,12.28,-9.65,1.49,19.95,20.38,248829,-13.2,-2.0,0.932
2024-03-22T12:25:39.000,12.28,-9.61,1.54,19.91,20.38,248830,-12.99,-2.0,0.932
2024-03-22T12:26:39.000,12.26,-9.73,1.6,19.87,20.38,248831,-12.79,-2.0,0.932
2024-03-22T12:27:40.000,12.22,-9.77,1.68,19.82,20.38,248832,-12.57,-2.0,0.932
2024-03-22T12:28:40.000,12.22,-9.83,1.78,19.75,20.38,248833,-12.36,-3.0,0.932
2024-03-22T12:29:40.000,12.21,-9.81,1.9,19.68,20.38,248834,-12.16,-3.0,0.932
2024-03-22T12:30:40.000,12.19,-9.87,2.05,19.6,20.38,248835,-11.95,-3.0,0.933
2024-03-22T12:32:40.000,12.14,-9.96,2.43,19.42,20.38,248837,-11.53,-3.0,0.933
2024-03-22T12:33:40.000,12.08,-10.1,2.72,19.3,20.38,248838,-11.32,-4.0,0.933
2024-03-22T12:34:41.000,11.97,-10.24,3.03,19.18,20.38,248839,-11.11,-4.0,0.933
2024-03-22T12:35:41.000,11.96,-9.77,3.45,19.04,20.38,248840,-10.9,-4.0,0.933
2024-03-22T12:36:41.000,11.96,-9.78,3.94,18.89,20.38,248841,-10.69,-4.0,0.933
2024-03-22T12:37:41.000,11.98,-9.64,4.55,18.74,20.38,248842,-10.48,-4.0,0.933
2024-03-22T12:38:41.000,12.01,-9.66,5.3,18.57,20.38,248843,-10.27,-5.0,0.933
2024-03-22T12:39:41.000,12.0,-9.88,6.19,18.4,20.38,248844,-10.06,-5.0,0.933
2024-03-22T12:40:41.000,11.95,-9.97,7.32,18.22,20.38,248845,-9.85,-5.0,0.933
2024-03-22T12:41:41.000,11.92,-9.93,8.69,18.03,20.38,248846,-9.64,-5.0,0.933
2024-03-22T12:42:41.000,11.92,-9.85,10.37,17.84,20.38,248847,-9.43,-5.0,0.933
2024-03-22T12:43:41.000,11.91,-9.83,12.34,17.65,20.38,248848,-9.22,-6.0,0.933
2024-03-22T12:44:41.000,11.86,-9.95,14.87,17.45,20.38,248849,-9.01,-6.0,0.933
2024-03-22T12:45:41.000,11.8,-10.0,18.12,17.24,20.38,248850,-8.8,-6.0,0.933
2024-03-22T12:46:41.000,11.72,-10.1,22.06,17.02,20.38,248851,-8.59,-6.0,0.933
2024-03-22T12:47:41.000,11.64,-10.05,27.06,16.8,20.38,248852,-8.38,-6.0,0.933
2024-03-22T12:48:42.000,11.61,-9.89,33.61,16.57,20.38,248853,-8.16,-7.0,0.933
2024-03-22T12:49:41.000,11.63,-9.77,41.7,16.33,20.38,248854,-7.96,-7.0,0.933
2024-03-22T12:50:42.000,11.66,-9.75,50.48,16.12,20.38,248855,-7.74,-7.0,0.933
2024-03-22T12:51:42.000,11.71,-9.73,66.07,15.83,20.38,248856,-7.53,-7.0,0.933
2024-03-22T12:52:42.000,11.74,-9.77,84.18,15.57,20.38,248857,-7.32,-7.0,0.933
2024-03-22T12:53:42.000,11.74,-9.84,108.34,15.3,20.38,248858,-7.11,-8.0,0.933
2024-03-22T12:54:42.000,11.73,-9.84,139.18,15.02,20.38,248859,-6.9,-8.0,0.933
2024-03-22T12:55:42.000,11.74,-9.8,179.75,14.75,20.38,248860,-6.69,-8.0,0.933
2024-03-22T12:56:42.000,11.74,-9.91,232.61,14.47,20.38,248861,-6.48,-8.0,0.933
2024-03-22T12:57:42.000,11.75,-9.89,301.26,14.19,20.38,248862,-6.27,-8.0,0.933
2024-03-22T12:58:42.000,11.77,-9.82,390.84,13.9,20.38,248863,-6.06,-9.0,0.933
2024-03-22T12:59:42.000,11.8,-9.75,506.65,13.62,20.38,248864,-5.84,-9.0,0.933
2024-03-22T13:00:43.000,11.76,-9.98,657.17,13.34,20.38,248865,-5.63,-9.0,0.933
2024-03-22T13:01:43.000,11.69,-10.0,854.99,13.05,20.38,248866,-5.42,-9.0,0.934
2024-03-22T13:02:43.000,11.67,-9.87,1110.45,12.77,20.38,248867,-5.21,-9.0,0.934
2024-03-22T13:03:44.000,11.65,-10.02,1436.38,12.49,20.38,248868,-4.99,-9.0,0.934
2024-03-22T13:04:44.000,11.6,-10.08,1860.99,12.21,20.38,248869,-4.78,-10.0,0.934
2024-03-22T13:05:44.000,11.6,-9.85,2402.7,11.93,20.38,248870,-4.57,-10.0,0.934
2024-03-22T13:06:44.000,11.65,-9.74,3084.18,11.66,20.38,248871,-4.36,-10.0,0.934
2024-03-22T13:07:44.000,11.65,-9.82,3953.66,11.39,20.38,248872,-4.15,-10.0,0.934
2024-03-22T13:08:44.000,11.66,-9.78,5059.21,11.12,20.38,248873,-3.94,-10.0,0.934
2024-03-22T13:09:44.000,11.65,-9.97,6458.93,10.86,20.38,248874,-3.73,-11.0,0.934
2024-03-22T13:10:45.000,11.6,-10.01,8191.39,10.6,20.38,248875,-3.51,-11.0,0.934
2024-03-22T13:11:45.000,11.59,-9.88,10305.16,10.35,20.38,248876,-3.3,-11.0,0.934
2024-03-22T13:12:45.000,11.6,-9.72,12844.52,10.11,20.38,248877,-3.09,-11.0,0.934
2024-03-22T13:13:45.000,11.61,-9.79,15847.07,9.88,20.38,248878,-2.88,-11.0,0.934
2024-03-22T13:14:45.000,11.63,-9.77,19318.18,9.67,20.38,248879,-2.67,-12.0,0.934
2024-03-22T13:15:45.000,11.64,-9.74,23260.67,9.46,20.38,248880,-2.45,-12.0,0.934
2024-03-22T13:16:45.000,11.64,-9.74,27699.93,9.28,20.38,248881,-2.24,-12.0,0.934
2024-03-22T13:17:45.000,11.68,-9.59,31970.89,9.27,20.38,248882,-2.03,-12.0,0.934
2024-03-22T13:18:45.000,11.77,-9.44,38392.02,8.92,20.38,248883,-1.82,-12.0,0.934
2024-03-22T13:19:45.000,11.84,-9.4,44780.81,8.75,20.38,248884,-1.61,-13.0,0.934
2024-03-22T13:20:46.000,11.9,-9.4,52004.69,8.59,20.38,248885,-1.39,-13.0,0.934
2024-03-22T13:21:46.000,11.95,-9.4,60157.84,8.43,20.38,248886,-1.18,-13.0,0.934
2024-03-22T13:22:46.000,11.98,-9.48,3638.72,0.47,20.38,248887,-0.97,-13.0,0.934
2024-03-22T13:23:46.000,12.0,-9.54,0.0,0.0,20.38,248888,-0.76,-13.0,0.934
2024-03-22T13:24:46.000,12.04,-9.45,0.0,0.0,20.38,248889,-0.55,-13.0,0.934
2024-03-22T13:25:46.000,12.04,-9.67,0.0,0.0,20.38,248890,-0.34,-14.0,0.934
2024-03-22T13:43:47.000,12.1,-9.54,0.0,0.0,20.38,248908,3.48,-17.0,0.935
2024-03-22T13:44:47.000,12.12,-9.53,0.0,0.0,20.38,248909,3.69,-17.0,0.935
2024-03-22T13:45:47.000,12.14,-9.55,0.0,0.0,20.38,248910,3.9,-17.0,0.935
2024-03-22T13:46:47.000,12.14,-9.61,0.11,0.1,20.38,248911,4.11,-18.0,0.935
2024-03-22T13:47:47.000,12.15,-9.57,0.0,0.0,20.38,248912,4.32,-18.0,0.935
2024-03-22T13:49:47.000,12.22,-9.42,0.25,0.09,20.38,248914,4.75,-18.0,0.935
2024-03-22T13:50:47.000,12.28,-9.38,0.0,0.0,20.38,248915,4.96,-18.0,0.935
2024-03-22T13:51:48.000,12.3,-9.47,0.0,0.0,20.38,248916,5.17,-18.0,0.935
2024-03-22T13:52:48.000,12.25,-9.71,0.0,0.0,20.38,248917,5.39,-19.0,0.935
2024-03-22T13:53:49.000,12.17,-10.0,0.0,0.0,20.38,248918,5.6,-19.0,0.935
2024-03-22T13:54:49.000,12.12,-9.82,0.0,0.0,20.38,248919,5.81,-19.0,0.935
2024-03-22T13:56:49.000,12.01,-9.94,0.16,0.09,20.38,248921,6.23,-19.0,0.935
2024-03-22T13:57:49.000,11.99,-9.61,0.0,0.0,20.38,248922,6.45,-20.0,0.935
2024-03-22T13:58:49.000,12.08,-9.34,0.0,0.0,20.38,248923,6.66,-20.0,0.935
2024-03-22T13:59:49.000,12.06,-10.02,0.0,0.0,20.38,248924,6.87,-20.0,0.935
2024-03-22T16:07:10.000,19.36,2.83,0.0,0.0,20.38,249051,33.07,-39.0,0.939
2024-03-22T16:08:09.000,19.44,3.06,0.0,0.0,20.38,249052,33.27,-39.0,0.939
2024-03-22T16:09:10.000,19.54,3.21,0.0,0.0,20.38,249053,33.46,-39.0,0.94
2024-03-22T16:11:10.000,19.76,3.69,0.0,0.0,20.38,249055,33.85,-39.0,0.94
2024-03-22T16:12:10.000,19.84,3.48,0.0,0.0,20.38,249056,34.05,-40.0,0.94
2024-03-22T16:13:10.000,19.94,3.91,0.0,0.0,20.38,249057,34.24,-40.0,0.94
2024-03-22T16:17:10.000,20.34,4.22,0.0,0.0,20.38,249061,35.01,-40.0,0.94
2024-03-22T16:18:10.000,20.5,4.64,0.0,0.0,20.38,249062,35.21,-40.0,0.94
2024-03-22T16:19:10.000,20.64,4.64,0.0,0.0,20.38,249063,35.4,-40.0,0.94
2024-03-22T16:21:10.000,20.7,4.4,0.0,0.0,20.38,249065,35.78,-41.0,0.94
2024-03-22T16:22:10.000,20.74,4.79,0.0,0.0,20.38,249066,35.97,-41.0,0.94
2024-03-22T16:23:11.000,20.92,5.13,0.0,0.0,20.38,249067,36.17,-41.0,0.94
2024-03-22T16:33:14.000,21.75,5.84,0.0,0.0,20.38,249077,38.07,-42.0,0.94
2024-03-22T16:34:14.000,21.81,6.03,0.0,0.0,20.38,249078,38.25,-42.0,0.94
2024-03-22T16:35:14.000,21.96,6.31,0.0,0.0,20.38,249079,38.44,-42.0,0.94
2024-03-22T16:37:14.000,22.27,6.62,0.0,0.0,20.38,249081,38.81,-42.0,0.94
2024-03-22T16:38:14.000,22.42,6.67,0.0,0.0,20.38,249082,39.0,-42.0,0.94
2024-03-22T16:39:14.000,22.53,6.62,0.0,0.0,20.38,249083,39.18,-42.0,0.94
2024-03-22T16:58:16.000,32.2,13.06,0.0,0.0,20.38,249102,42.63,-44.0,0.941
2024-03-22T16:59:16.000,32.5,12.55,0.0,0.0,20.38,249103,42.8,-44.0,0.941
2024-03-22T17:00:16.000,32.71,12.2,0.0,0.0,20.38,249104,42.98,-44.0,0.941
2024-03-22T17:02:17.000,32.74,11.69,0.0,0.0,20.38,249106,43.33,-44.0,0.941
2024-03-22T17:03:18.000,32.87,12.14,0.0,0.0,20.38,249107,43.51,-44.0,0.941
2024-03-22T17:04:18.000,33.3,13.29,0.0,0.0,20.38,249108,43.68,-44.0,0.941
2024-03-22T17:07:19.000,33.83,11.9,0.0,0.0,20.38,249111,44.2,-44.0,0.941
2024-03-22T17:08:19.000,33.86,12.58,0.0,0.0,20.38,249112,44.38,-44.0,0.941
2024-03-22T17:09:19.000,33.99,12.05,0.0,0.0,20.38,249113,44.55,-44.0,0.941
2024-03-22T17:11:19.000,34.91,14.08,0.0,0.0,20.38,249115,44.89,-44.0,0.941
2024-03-22T17:12:20.000,35.36,14.0,0.0,0.0,20.38,249116,45.06,-44.0,0.941
2024-03-22T17:13:20.000,35.84,14.38,0.0,0.0,20.38,249117,45.23,-44.0,0.941
2024-03-22T18:00:25.000,38.44,11.88,0.0,0.0,20.38,249164,52.38,-46.0,0.943
2024-03-22T18:01:26.000,38.2,12.43,0.0,0.0,20.38,249165,52.51,-46.0,0.943
2024-03-22T18:02:26.000,38.09,12.5,0.0,0.0,20.38,249166,52.64,-46.0,0.943
2024-03-22T18:04:26.000,38.46,14.04,0.0,0.0,20.38,249168,52.9,-45.0,0.943
2024-03-22T18:05:26.000,38.59,14.32,0.0,0.0,20.38,249169,53.03,-45.0,0.943
2024-03-22T18:07:27.000,39.04,14.38,0.0,0.0,20.38,249171,53.28,-45.0,0.943
2024-03-22T18:08:26.000,39.28,14.4,0.0,0.0,20.38,249172,53.4,-45.0,0.943
2024-03-22T18:09:27.000,39.44,14.39,0.0,0.0,20.38,249173,53.53,-45.0,0.943
2024-03-22T18:10:27.000,39.5,13.89,0.0,0.0,20.38,249174,53.65,-45.0,0.943
2024-03-22T18:12:27.000,39.44,14.04,0.0,0.0,20.38,249176,53.89,-45.0,0.943
2024-03-22T18:13:27.000,39.23,13.23,0.0,0.0,20.38,249177,54.01,-45.0,0.943
2024-03-22T18:15:27.000,39.63,14.28,0.0,0.0,20.38,249179,54.24,-45.0,0.943
2024-03-22T18:16:27.000,39.36,13.05,0.0,0.0,20.38,249180,54.36,-45.0,0.943
2024-03-22T18:17:27.000,39.2,12.98,0.0,0.0,20.38,249181,54.47,-45.0,0.943
2024-03-22T18:40:29.000,40.48,13.64,0.0,0.0,20.38,249204,56.73,-44.0,0.944
2024-03-22T18:41:29.000,40.37,12.64,0.0,0.0,20.38,249205,56.81,-44.0,0.944
2024-03-22T18:42:30.000,40.16,11.81,0.0,0.0,20.38,249206,56.9,-44.0,0.944
2024-03-22T18:49:30.000,39.89,14.18,0.0,0.0,20.38,249213,57.42,-44.0,0.944
2024-03-22T18:56:31.000,40.4,11.5,0.0,0.0,20.38,249220,57.86,-43.0,0.945
2024-03-22T18:59:31.000,40.48,13.52,0.0,0.0,20.38,249223,58.02,-43.0,0.945
2024-03-22T19:01:31.000,41.3,13.29,0.0,0.0,20.38,249225,58.13,-43.0,0.945
2024-03-22T19:10:32.000,40.84,11.33,0.0,0.0,20.38,249234,58.5,-42.0,0.945
2024-03-22T19:11:34.000,41.45,14.18,0.0,0.0,20.38,249235,58.54,-42.0,0.945
2024-03-22T19:12:33.000,42.1,14.23,0.0,0.0,20.38,249236,58.57,-42.0,0.945
2024-03-22T19:51:37.000,42.44,11.11,0.0,0.0,20.38,249275,58.41,-38.0,0.946
2024-03-22T19:52:37.000,42.43,12.67,0.0,0.0,20.38,249276,58.37,-38.0,0.946
2024-03-22T19:53:37.000,42.68,12.91,0.0,0.0,20.38,249277,58.33,-38.0,0.946
2024-03-22T19:55:38.000,42.23,11.54,0.0,0.0,20.38,249279,58.25,-38.0,0.946
2024-03-22T19:56:38.000,42.36,13.04,0.0,0.0,20.38,249280,58.2,-38.0,0.946
2024-03-22T19:57:38.000,42.58,12.48,0.0,0.0,20.38,249281,58.15,-37.0,0.946
2024-03-22T20:34:44.000,42.22,12.03,0.0,0.0,20.38,249318,55.28,-32.0,0.948
2024-03-22T20:35:44.000,42.51,11.65,0.0,0.0,20.38,249319,55.18,-32.0,0.948
2024-03-22T20:36:44.000,42.86,12.02,0.0,0.0,20.38,249320,55.07,-32.0,0.948
2024-03-22T20:38:45.000,43.03,11.63,0.0,0.0,20.38,249322,54.86,-32.0,0.948
2024-03-22T20:39:45.000,43.1,11.0,0.0,0.0,20.38,249323,54.75,-32.0,0.948
2024-03-22T20:40:45.000,43.01,10.89,0.0,0.0,20.38,249324,54.64,-32.0,0.948
2024-03-22T20:53:45.000,43.92,11.6,0.0,0.0,20.38,249337,53.09,-30.0,0.948
2024-03-22T20:54:45.000,44.31,11.61,0.0,0.0,20.38,249338,52.96,-29.0,0.948
2024-03-22T20:55:46.000,44.15,9.72,0.0,0.0,20.38,249339,52.83,-29.0,0.948
2024-03-22T20:57:46.000,44.41,11.37,0.0,0.0,20.38,249341,52.58,-29.0,0.948
2024-03-22T20:58:46.000,44.53,10.97,0.0,0.0,20.38,249342,52.45,-29.0,0.948
2024-03-22T20:59:46.000,44.57,11.47,0.0,0.0,20.38,249343,52.31,-29.0,0.948
2024-03-22T21:03:47.000,44.67,10.77,0.0,0.0,20.38,249347,51.77,-28.0,0.948
2024-03-22T21:04:46.000,44.42,9.92,0.0,0.0,20.38,249348,51.64,-28.0,0.948
2024-03-22T21:05:46.000,44.11,9.81,0.0,0.0,20.38,249349,51.5,-28.0,0.948
2024-03-22T21:07:48.000,44.0,10.39,0.0,0.0,20.38,249351,51.22,-27.0,0.948
2024-03-22T21:08:48.000,44.04,10.37,0.0,0.0,20.38,249352,51.08,-27.0,0.949
2024-03-22T21:09:48.000,43.98,10.5,0.0,0.0,20.38,249353,50.94,-27.0,0.949
2024-03-22T21:38:50.000,41.9,7.74,0.0,0.0,20.38,249382,46.48,-22.0,0.949
2024-03-22T21:39:50.000,41.77,7.99,0.0,0.0,20.38,249383,46.32,-22.0,0.949
2024-03-22T21:40:50.000,41.68,8.52,0.0,0.0,20.38,249384,46.15,-22.0,0.949
2024-03-22T21:42:50.000,41.84,9.47,0.0,0.0,20.38,249386,45.82,-21.0,0.95
2024-03-22T21:43:50.000,41.97,9.15,0.0,0.0,20.38,249387,45.65,-21.0,0.95
2024-03-22T21:44:50.000,42.0,9.39,0.0,0.0,20.38,249388,45.49,-21.0,0.95
2024-03-22T22:09:55.000,37.04,6.65,0.0,0.0,20.38,249413,41.11,-17.0,0.95
2024-03-22T22:10:55.000,36.69,6.36,0.0,0.0,20.38,249414,40.93,-16.0,0.95
2024-03-22T22:11:55.000,36.43,6.93,0.0,0.0,20.38,249415,40.75,-16.0,0.95
2024-03-22T22:13:55.000,36.51,8.07,0.0,0.0,20.38,249417,40.39,-16.0,0.95
2024-03-22T22:14:55.000,36.58,8.19,0.0,0.0,20.38,249418,40.2,-16.0,0.95
2024-03-22T22:15:55.000,36.52,7.63,0.0,0.0,20.38,249419,40.02,-16.0,0.95
2024-03-22T22:16:55.000,36.4,7.03,0.0,0.0,20.38,249420,39.84,-15.0,0.95
2024-03-22T22:17:55.000,36.22,6.96,0.0,0.0,20.38,249421,39.66,-15.0,0.951
2024-03-22T22:18:55.000,35.88,5.58,0.0,0.0,20.38,249422,39.47,-15.0,0.951
2024-03-22T22:22:02.000,35.13,6.26,0.0,0.0,20.38,249425,38.89,-14.0,0.951
2024-03-22T22:23:02.000,35.13,7.3,0.0,0.0,20.38,249426,38.71,-14.0,0.951
2024-03-22T22:24:02.000,35.2,7.24,0.0,0.0,20.38,249427,38.52,-14.0,0.951
2024-03-22T22:47:03.000,34.24,7.2,0.0,0.0,20.38,249450,34.15,-10.0,0.951
2024-03-22T22:48:04.000,34.12,7.12,0.0,0.0,20.38,249451,33.95,-9.0,0.951
2024-03-22T22:49:04.000,34.12,7.48,0.0,0.0,20.38,249452,33.76,-9.0,0.951
2024-03-22T22:51:23.000,33.93,6.22,0.0,0.0,20.38,249454,33.3,-9.0,0.951
2024-03-22T22:52:23.000,33.76,6.12,0.0,0.0,20.38,249455,33.11,-9.0,0.951
2024-03-22T22:53:23.000,33.64,6.17,0.0,0.0,20.38,249456,32.91,-8.0,0.952
2024-03-22T22:58:23.000,33.53,6.93,0.0,0.0,20.38,249461,31.93,-8.0,0.952
2024-03-22T22:59:24.000,33.71,7.29,0.0,0.0,20.38,249462,31.73,-7.0,0.952
2024-03-22T23:00:25.000,33.7,6.67,0.0,0.0,20.38,249463,31.53,-7.0,0.952
2024-03-22T23:02:25.000,33.31,6.03,0.0,0.0,20.38,249465,31.14,-7.0,0.952
2024-03-22T23:03:26.000,33.33,6.22,0.0,0.0,20.38,249466,30.94,-7.0,0.952
2024-03-22T23:04:26.000,33.29,6.13,0.0,0.0,20.38,249467,30.74,-6.0,0.952
2024-03-23T00:01:33.000,31.38,6.37,0.0,0.0,20.38,249524,19.12,5.0,0.953
2024-03-23T00:02:33.000,31.32,6.02,0.0,0.0,20.38,249525,18.92,5.0,0.953
2024-03-23T00:03:34.000,31.33,6.34,0.0,0.0,20.38,249526,18.71,5.0,0.953
2024-03-23T00:06:35.000,31.0,5.32,0.0,0.0,20.38,249529,18.08,6.0,0.954
2024-03-23T00:07:34.000,30.84,4.83,0.0,0.0,20.38,249530,17.88,6.0,0.954
2024-03-23T00:08:35.000,30.73,5.09,0.0,0.0,20.38,249531,17.66,6.0,0.954
2024-03-23T00:18:35.000,30.33,5.08,0.0,0.0,20.38,249541,15.58,8.0,0.954
2024-03-23T00:19:36.000,30.38,5.31,0.0,0.0,20.38,249542,15.37,9.0,0.954
2024-03-23T00:20:36.000,30.33,4.65,0.0,0.0,20.38,249543,15.16,9.0,0.954
2024-03-23T00:22:36.000,30.33,5.03,0.0,0.0,20.38,249545,14.74,9.0,0.954
2024-03-23T00:23:36.000,30.36,4.83,0.0,0.0,20.38,249546,14.53,9.0,0.954
