Downloads/jupyter/ECSV/stars19/stars19_2019-07.ecsv
# %ECSV 1.0
# ---
# datatype:
# - {name: time, datatype: string}
# - {name: Enclosure Temperature, unit: deg_C, datatype: float64}
# - {name: Sky Temperature, unit: deg_C, datatype: float64}
# - {name: Frequency, unit: Hz, datatype: float64}
# - {name: MSAS, unit: mag / arcsec2, datatype: float64}
# - {name: ZP, datatype: float64}
# - {name: Sequence Number, datatype: int64}
# - {name: Sun Alt, unit: deg, datatype: float64}
# - {name: Moon Alt, unit: deg, datatype: float64}
# - {name: Moon Illumination, datatype: float64}
# delimiter: ','
# meta: !!omap
# - ida:
#     Data supplier: {affiliation: null, observer: null}
#     Device type: TESS-W
#     Field of view: 17.0
#     Filters per channel: None
#     Instrument ID: stars19
#     License: ODbL 1.0 http://opendatacommons.org/licenses/odbl/summary/
#     Local timezone: America/Phoenix
#     Location name: {country: '- Tucson', place: Tucson, region: United States, sub_region: Arizona, town: Pima County}
#     Measurement direction per channel: {azimuth: 0.0, zenital: 0.0}
#     Moving / Fixed look direction: FIXED
#     Moving / Stationary position: STATIONARY
#     Number of channels: 1
#     Number of fields per line: 8
#     Number of header lines: 35
#     Position: {height: 0.0, latitude: 32.223877, longitude: -110.767532}
#     TESS MAC address: 18:FE:34:CF:EC:06
#     TESS cover offset value: 0.0
#     TESS firmware version: '1.0'
#     TESS zero point: 20.5
#     Time Synchronization: timestamp added by MQTT subscriber
#     URL: http://www.darksky.org/NSBM/sdf1.0.pdf
# - __serialized_columns__:
#     Enclosure Temperature:
#       __class__: astropy.units.quantity.Quantity
#       unit: &id001 !astropy.units.Unit {unit: deg_C}
#       value: !astropy.table.SerializedColumn {name: Enclosure Temperature}
#     Frequency:
#       __class__: astropy.units.quantity.Quantity
#       unit: !astropy.units.Unit {unit: Hz}
#       value: !astropy.table.SerializedColumn {name: Frequency}
#     MSAS:
#       __class__: astropy.units.quantity.Quantity
#       unit: !astropy.units.Unit {unit: mag / arcsec2}
#       value: !astropy.table.SerializedColumn {name: MSAS}
#     Moon Alt:
#       __class__: astropy.units.quantity.Quantity
#       unit: &id002 !astropy.units.Unit {unit: deg}
#       value: !astropy.table.SerializedColumn {name: Moon Alt}
#     Sky Temperature:
#       __class__: astropy.units.quantity.Quantity
#       unit: *id001
#       value: !astropy.table.SerializedColumn {name: Sky Temperature}
#     Sun Alt:
#       __class__: astropy.units.quantity.Quantity
#       unit: *id002
#       value: !astropy.table.SerializedColumn {name: Sun Alt}
#     time:
#       __class__: astropy.time.core.Time
#       format: isot
#       in_subfmt: '*'
#       out_subfmt: '*'
#       precision: 3
#       scale: utc
#       value: !astropy.table.SerializedColumn {name: time}
# schema: astropy-2.0
time,Enclosure Temperature,Sky Temperature,Frequency,MSAS,ZP,Sequence Number,Sun Alt,Moon Alt,Moon Illumination
[from data line 1487]
2019-07-24T10:16:58.000,29.04,13.45,4.1,18.85,20.5,683,-24.29,44.0,0.563
2019-07-24T10:17:58.000,29.04,13.52,4.09,18.85,20.5,684,-24.15,44.0,0.563
2019-07-24T10:18:58.000,29.07,13.32,4.15,18.84,20.5,685,-24.0,44.0,0.563
2019-07-24T10:19:58.000,29.07,13.22,3.87,18.91,20.5,686,-23.85,44.0,0.562
2019-07-24T10:20:59.000,29.06,13.28,4.34,18.79,20.5,687,-23.7,44.0,0.562
2019-07-24T10:22:00.000,29.07,13.36,4.69,18.7,20.5,688,-23.55,44.0,0.562
2019-07-24T10:23:00.000,29.09,13.6,4.91,18.65,20.5,689,-23.41,45.0,0.562
2019-07-24T10:24:00.000,29.12,13.54,4.9,18.66,20.5,690,-23.26,45.0,0.562
2019-07-24T10:25:00.000,29.13,13.41,4.65,18.71,20.5,691,-23.11,45.0,0.562
2019-07-24T10:26:00.000,29.13,12.98,4.65,18.71,20.5,692,-22.96,45.0,0.562
2019-07-24T10:27:00.000,29.13,12.91,4.31,18.8,20.5,693,-22.81,45.0,0.562
2019-07-24T10:28:00.000,29.15,12.8,3.59,18.99,20.5,694,-22.66,46.0,0.562
2019-07-24T10:29:00.000,29.16,12.65,3.2,19.12,20.5,695,-22.5,46.0,0.562
2019-07-24T10:30:00.000,29.16,12.6,3.5,19.02,20.5,696,-22.35,46.0,0.562
2019-07-24T10:31:01.000,29.19,12.5,3.37,19.07,20.5,697,-22.2,46.0,0.562
2019-07-24T10:32:01.000,29.16,12.31,2.85,19.24,20.5,698,-22.04,46.0,0.562
2019-07-24T10:33:01.000,29.16,12.32,3.84,18.92,20.5,699,-21.89,46.0,0.562
2019-07-24T10:34:01.000,29.16,12.26,3.88,18.91,20.5,700,-21.74,47.0,0.562
2019-07-24T10:35:02.000,29.17,12.29,3.84,18.92,20.5,701,-21.58,47.0,0.561
2019-07-24T10:36:01.000,29.14,12.05,3.86,18.91,20.5,702,-21.43,47.0,0.561
2019-07-24T10:37:02.000,29.03,11.9,3.88,18.91,20.5,703,-21.27,47.0,0.561
2019-07-24T10:38:02.000,28.96,12.02,3.92,18.9,20.5,704,-21.11,47.0,0.561
2019-07-24T10:39:02.000,28.95,12.14,4.0,18.87,20.5,705,-20.96,48.0,0.561
2019-07-24T10:40:02.000,28.98,12.39,4.11,18.85,20.5,706,-20.8,48.0,0.561
2019-07-24T10:41:02.000,28.95,12.05,4.03,18.87,20.5,707,-20.64,48.0,0.561
2019-07-24T10:42:02.000,28.9,12.29,4.36,18.78,20.5,708,-20.49,48.0,0.561
2019-07-24T10:43:02.000,28.84,12.21,4.44,18.76,20.5,709,-20.33,48.0,0.561
2019-07-24T10:44:02.000,28.83,12.42,4.48,18.75,20.5,710,-20.17,48.0,0.561
2019-07-24T10:45:02.000,28.85,12.51,4.53,18.74,20.5,711,-20.01,49.0,0.561
2019-07-24T10:47:03.000,28.92,12.64,4.7,18.7,20.5,713,-19.69,49.0,0.561
2019-07-24T10:48:03.000,28.92,12.86,4.82,18.67,20.5,714,-19.53,49.0,0.561
2019-07-24T10:49:03.000,28.98,13.13,5.09,18.61,20.5,715,-19.37,49.0,0.561
2019-07-24T10:50:03.000,29.06,13.48,5.9,18.46,20.5,716,-19.21,49.0,0.56
2019-07-24T10:51:03.000,29.1,13.82,7.26,18.23,20.5,717,-19.04,50.0,0.56
2019-07-24T10:52:03.000,29.14,14.41,8.03,18.12,20.5,718,-18.88,50.0,0.56
2019-07-24T10:53:03.000,29.18,14.69,8.55,18.05,20.5,719,-18.72,50.0,0.56
2019-07-24T10:54:04.000,29.22,14.81,9.1,17.98,20.5,720,-18.55,50.0,0.56
2019-07-24T10:55:05.000,29.23,14.65,8.95,18.0,20.5,721,-18.39,50.0,0.56
2019-07-24T10:56:04.000,29.25,14.69,8.06,18.12,20.5,722,-18.23,50.0,0.56
2019-07-24T10:57:05.000,29.23,14.48,8.24,18.09,20.5,723,-18.06,51.0,0.56
2019-07-24T10:58:05.000,29.23,14.54,8.6,18.04,20.5,724,-17.89,51.0,0.56
2019-07-24T10:59:06.000,29.27,14.58,9.12,17.98,20.5,725,-17.73,51.0,0.56
2019-07-24T11:00:05.000,29.3,14.54,9.32,17.96,20.5,726,-17.56,51.0,0.56
2019-07-24T11:01:06.000,29.33,14.63,9.58,17.93,20.5,727,-17.39,51.0,0.56
2019-07-24T11:02:06.000,29.35,14.83,10.22,17.86,20.5,728,-17.23,51.0,0.56
2019-07-24T11:03:06.000,29.32,14.79,10.25,17.85,20.5,729,-17.06,52.0,0.56
2019-07-24T11:04:06.000,29.29,15.01,9.88,17.89,20.5,730,-16.89,52.0,0.56
2019-07-24T11:05:06.000,29.27,15.03,9.25,17.96,20.5,731,-16.73,52.0,0.559
2019-07-24T11:06:06.000,29.29,15.17,9.39,17.95,20.5,732,-16.56,52.0,0.559
2019-07-24T11:07:14.000,29.33,15.12,9.79,17.9,20.5,733,-16.37,52.0,0.559
2019-07-24T11:09:14.000,29.39,14.97,9.96,17.88,20.5,735,-16.03,53.0,0.559
2019-07-24T11:10:14.000,29.4,14.91,10.19,17.86,20.5,736,-15.86,53.0,0.559
2019-07-24T11:11:14.000,29.4,15.04,10.33,17.84,20.5,737,-15.69,53.0,0.559
2019-07-24T11:12:15.000,29.39,14.87,10.21,17.86,20.5,738,-15.52,53.0,0.559
2019-07-24T11:13:15.000,29.33,14.76,9.83,17.9,20.5,739,-15.35,53.0,0.559
2019-07-24T11:14:15.000,29.27,14.71,9.66,17.92,20.5,740,-15.18,53.0,0.559
2019-07-24T11:16:15.000,29.18,14.71,9.87,17.89,20.5,742,-14.83,54.0,0.559
2019-07-24T11:17:15.000,29.13,14.89,9.7,17.91,20.5,743,-14.66,54.0,0.559
2019-07-24T11:18:15.000,29.2,15.13,9.48,17.94,20.5,744,-14.49,54.0,0.559
2019-07-24T11:19:15.000,29.25,14.98,9.41,17.95,20.5,745,-14.32,54.0,0.558
2019-07-24T11:20:16.000,29.26,15.18,9.37,17.95,20.5,746,-14.14,54.0,0.558
2019-07-24T11:21:16.000,29.32,15.26,9.47,17.94,20.5,747,-13.97,54.0,0.558
2019-07-24T11:22:16.000,29.37,15.27,9.65,17.92,20.5,748,-13.79,54.0,0.558
2019-07-24T11:23:16.000,29.42,15.3,9.64,17.92,20.5,749,-13.62,55.0,0.558
2019-07-24T11:24:16.000,29.45,15.2,8.92,18.01,20.5,750,-13.45,55.0,0.558
2019-07-24T11:25:17.000,29.45,15.1,8.88,18.01,20.5,751,-13.27,55.0,0.558
2019-07-24T11:26:17.000,29.44,15.15,9.84,17.9,20.5,752,-13.09,55.0,0.558
2019-07-24T11:27:17.000,29.44,15.31,10.86,17.79,20.5,753,-12.92,55.0,0.558
2019-07-24T11:28:17.000,29.31,15.44,11.66,17.71,20.5,754,-12.74,55.0,0.558
2019-07-24T11:29:17.000,29.38,15.36,12.03,17.68,20.5,755,-12.57,55.0,0.558
2019-07-24T11:30:18.000,29.3,15.43,12.01,17.68,20.5,756,-12.39,56.0,0.558
2019-07-24T11:31:18.000,29.3,15.72,11.79,17.7,20.5,757,-12.21,56.0,0.558
2019-07-24T11:32:18.000,29.32,15.9,12.0,17.68,20.5,758,-12.03,56.0,0.558
2019-07-24T11:33:18.000,29.36,16.23,12.65,17.63,20.5,759,-11.86,56.0,0.558
2019-07-24T11:34:18.000,29.41,16.49,13.27,17.57,20.5,760,-11.68,56.0,0.557
2019-07-24T11:35:19.000,29.44,16.72,14.18,17.5,20.5,761,-11.5,56.0,0.557
2019-07-24T11:36:19.000,29.45,16.91,14.83,17.45,20.5,762,-11.32,56.0,0.557
2019-07-24T11:37:19.000,29.44,17.14,15.81,17.38,20.5,763,-11.14,57.0,0.557
2019-07-24T11:38:19.000,29.43,17.35,16.15,17.36,20.5,764,-10.96,57.0,0.557
2019-07-24T11:39:20.000,29.42,17.51,16.82,17.32,20.5,765,-10.78,57.0,0.557
2019-07-24T11:40:20.000,29.41,17.64,17.57,17.27,20.5,766,-10.6,57.0,0.557
2019-07-24T11:41:20.000,29.43,17.73,18.38,17.22,20.5,767,-10.42,57.0,0.557
2019-07-24T11:42:21.000,29.42,17.64,18.98,17.18,20.5,768,-10.24,57.0,0.557
2019-07-24T11:43:22.000,29.44,17.76,19.7,17.14,20.5,769,-10.05,57.0,0.557
2019-07-24T11:44:22.000,29.49,17.76,20.51,17.1,20.5,770,-9.87,57.0,0.557
2019-07-24T11:45:22.000,29.52,17.63,21.3,17.06,20.5,771,-9.69,58.0,0.557
2019-07-24T11:46:22.000,29.48,17.49,22.77,16.99,20.5,772,-9.51,58.0,0.557
2019-07-24T11:47:22.000,29.5,17.57,24.37,16.91,20.5,773,-9.33,58.0,0.557
2019-07-24T11:49:23.000,29.58,17.65,29.39,16.71,20.5,775,-8.96,58.0,0.556
2019-07-24T11:51:23.000,29.6,17.86,42.14,16.32,20.5,777,-8.6,58.0,0.556
2019-07-24T11:52:23.000,29.6,17.84,49.11,16.15,20.5,778,-8.41,58.0,0.556
2019-07-24T11:53:23.000,29.57,18.02,59.82,15.94,20.5,779,-8.23,58.0,0.556
2019-07-24T11:54:23.000,29.59,18.04,70.36,15.76,20.5,780,-8.05,59.0,0.556
2019-07-24T11:55:24.000,29.59,18.05,81.66,15.6,20.5,781,-7.86,59.0,0.556
2019-07-24T11:56:24.000,29.63,18.13,93.96,15.45,20.5,782,-7.67,59.0,0.556
2019-07-24T11:57:24.000,29.63,18.07,109.78,15.28,20.5,783,-7.49,59.0,0.556
2019-07-24T11:58:24.000,29.65,18.09,131.14,15.09,20.5,784,-7.31,59.0,0.556
2019-07-24T12:01:24.000,29.61,17.82,273.84,14.29,20.5,787,-6.75,59.0,0.556
2019-07-24T12:03:24.000,29.62,17.59,520.36,13.59,20.5,789,-6.38,60.0,0.556
2019-07-24T12:04:24.000,29.63,17.55,649.12,13.35,20.5,790,-6.19,60.0,0.555
2019-07-24T12:05:24.000,29.64,17.4,770.89,13.16,20.5,791,-6.01,60.0,0.555
2019-07-24T12:06:25.000,29.65,17.27,927.57,12.96,20.5,792,-5.82,60.0,0.555
2019-07-24T12:09:25.000,29.71,16.85,1852.62,12.21,20.5,795,-5.25,60.0,0.555
2019-07-24T12:10:25.000,29.74,16.63,2286.31,11.98,20.5,796,-5.07,60.0,0.555
2019-07-24T12:11:25.000,29.73,16.43,2814.52,11.76,20.5,797,-4.88,60.0,0.555
2019-07-24T12:12:25.000,29.72,16.15,3460.18,11.53,20.5,798,-4.69,60.0,0.555
2019-07-24T12:13:25.000,29.7,15.95,4254.85,11.31,20.5,799,-4.5,60.0,0.555
2019-07-24T12:14:26.000,29.68,15.68,5229.91,11.09,20.5,800,-4.31,60.0,0.555
2019-07-24T12:15:26.000,29.64,15.35,6357.39,10.87,20.5,801,-4.12,61.0,0.555
2019-07-24T12:16:26.000,29.6,15.05,7701.33,10.67,20.5,802,-3.93,61.0,0.555
2019-07-24T12:17:26.000,29.57,14.79,9311.48,10.46,20.5,803,-3.74,61.0,0.555
2019-07-24T12:18:26.000,29.53,14.51,11347.36,10.24,20.5,804,-3.55,61.0,0.554
2019-07-24T12:19:26.000,29.52,14.17,14715.3,9.96,20.5,805,-3.36,61.0,0.554
2019-07-24T12:20:26.000,29.49,13.82,20007.2,9.63,20.5,806,-3.17,61.0,0.554
2019-07-24T12:21:26.000,29.45,13.55,26680.11,9.38,20.5,807,-2.98,61.0,0.554
2019-07-24T12:22:26.000,29.43,13.4,35371.73,9.01,20.5,808,-2.79,61.0,0.554
2019-07-24T12:23:26.000,29.42,13.14,44210.27,8.77,20.5,809,-2.6,61.0,0.554
2019-07-24T12:24:27.000,29.39,12.97,52910.92,8.57,20.5,810,-2.41,61.0,0.554
2019-07-24T12:25:27.000,29.37,12.8,56489.36,7.76,20.5,811,-2.22,61.0,0.554
2019-07-24T12:26:27.000,29.34,12.74,0.0,0.0,20.5,812,-2.03,61.0,0.554
2019-07-24T12:27:27.000,29.3,12.58,0.0,0.0,20.5,813,-1.83,61.0,0.554
2019-07-24T12:28:27.000,29.27,12.45,0.0,0.0,20.5,814,-1.64,61.0,0.554
2019-07-24T12:29:27.000,29.22,12.46,0.4,0.18,20.5,815,-1.45,62.0,0.554
2019-07-24T12:30:27.000,29.18,12.59,0.0,0.0,20.5,816,-1.26,62.0,0.554
2019-07-24T12:31:27.000,29.16,12.63,0.0,0.0,20.5,817,-1.07,62.0,0.554
2019-07-24T12:32:28.000,29.13,12.75,0.0,0.0,20.5,818,-0.87,62.0,0.554
2019-07-24T12:36:28.000,29.1,13.13,0.0,0.0,20.5,822,-0.1,62.0,0.553
2019-07-24T12:37:28.000,29.08,13.22,0.0,0.0,20.5,823,0.1,62.0,0.553
2019-07-24T12:38:28.000,29.07,13.46,0.0,0.0,20.5,824,0.29,62.0,0.553
2019-07-24T12:39:29.000,29.06,13.65,0.31,0.16,20.5,825,0.49,62.0,0.553
2019-07-24T12:40:29.000,29.03,14.13,0.0,0.0,20.5,826,0.68,62.0,0.553
2019-07-24T12:41:29.000,29.02,14.94,0.0,0.0,20.5,827,0.88,62.0,0.553
2019-07-24T12:42:29.000,29.03,16.02,0.0,0.0,20.5,828,1.07,62.0,0.553
2019-07-25T01:56:09.000,34.08,18.02,0.0,0.0,20.5,1620,5.05,-50.0,0.499
2019-07-25T01:57:09.000,34.06,17.65,0.0,0.0,20.5,1621,4.85,-50.0,0.499
2019-07-25T01:58:09.000,34.0,17.33,0.0,0.0,20.5,1622,4.65,-50.0,0.499
2019-07-25T01:59:10.000,33.94,17.04,0.11,0.1,20.5,1623,4.45,-50.0,0.498
2019-07-25T02:00:10.000,33.85,16.84,0.0,0.0,20.5,1624,4.25,-50.0,0.498
2019-07-25T02:01:10.000,33.79,16.79,0.0,0.0,20.5,1625,4.06,-50.0,0.498
2019-07-25T02:02:10.000,33.72,16.79,0.0,0.0,20.5,1626,3.86,-50.0,0.498
2019-07-25T02:12:11.000,32.87,16.72,0.0,0.0,20.5,1636,1.89,-49.0,0.498
2019-07-25T02:13:11.000,32.79,17.15,0.0,0.0,20.5,1637,1.69,-49.0,0.498
2019-07-25T02:14:12.000,32.78,17.94,0.0,0.0,20.5,1638,1.49,-49.0,0.497
2019-07-25T02:15:11.000,32.81,18.67,0.15,0.19,20.5,1639,1.3,-49.0,0.497
2019-07-25T02:16:12.000,32.81,18.88,0.0,0.0,20.5,1640,1.1,-49.0,0.497
2019-07-25T02:17:12.000,32.82,19.07,0.0,0.0,20.5,1641,0.91,-49.0,0.497
2019-07-25T02:18:12.000,32.79,19.02,0.11,0.2,20.5,1642,0.71,-49.0,0.497
2019-07-25T02:19:12.000,32.75,19.13,0.0,0.0,20.5,1643,0.52,-49.0,0.497
2019-07-25T02:20:12.000,32.74,19.26,15636.71,2.04,20.5,1644,0.32,-48.0,0.497
2019-07-25T02:21:12.000,32.78,19.21,58757.77,8.46,20.5,1645,0.13,-48.0,0.497
2019-07-25T02:22:12.000,32.84,19.32,50965.36,8.61,20.5,1646,-0.06,-48.0,0.497
2019-07-25T02:23:14.000,32.87,19.08,41080.23,8.85,20.5,1647,-0.26,-48.0,0.497
2019-07-25T02:24:16.000,32.87,19.02,33607.21,9.06,20.5,1648,-0.46,-48.0,0.497
2019-07-25T02:25:15.000,32.88,18.91,31881.3,9.12,20.5,1649,-0.65,-48.0,0.497
2019-07-25T02:26:16.000,32.85,18.5,29546.4,9.2,20.5,1650,-0.85,-48.0,0.497
2019-07-25T02:27:16.000,32.77,18.23,24501.55,9.47,20.5,1651,-1.04,-48.0,0.497
2019-07-25T02:28:16.000,32.69,18.0,20900.34,9.58,20.5,1652,-1.24,-48.0,0.496
2019-07-25T02:29:16.000,32.62,17.75,18882.67,9.69,20.5,1653,-1.43,-48.0,0.496
2019-07-25T02:30:16.000,32.54,17.5,18472.97,9.71,20.5,1654,-1.62,-48.0,0.496
2019-07-25T02:31:16.000,32.49,17.21,17576.36,9.77,20.5,1655,-1.81,-47.0,0.496
2019-07-25T02:32:16.000,32.42,16.89,15241.8,9.92,20.5,1656,-2.01,-47.0,0.496
2019-07-25T02:33:16.000,32.38,16.66,12436.47,10.15,20.5,1657,-2.2,-47.0,0.496
2019-07-25T02:34:16.000,32.29,16.39,9980.18,10.38,20.5,1658,-2.39,-47.0,0.496
2019-07-25T02:35:18.000,32.24,16.63,8076.4,10.61,20.5,1659,-2.59,-47.0,0.496
2019-07-25T02:36:20.000,32.16,16.73,6554.74,10.84,20.5,1660,-2.78,-47.0,0.496
2019-07-25T02:37:20.000,32.11,17.07,5318.73,11.07,20.5,1661,-2.98,-47.0,0.496
2019-07-25T02:38:20.000,32.11,17.3,4334.62,11.29,20.5,1662,-3.17,-47.0,0.496
2019-07-25T02:39:20.000,32.14,17.43,3551.64,11.51,20.5,1663,-3.36,-47.0,0.496
2019-07-25T02:40:20.000,32.18,17.61,2899.91,11.73,20.5,1664,-3.55,-47.0,0.496
2019-07-25T02:41:21.000,32.21,17.64,2362.94,11.95,20.5,1665,-3.74,-47.0,0.496
2019-07-25T02:42:21.000,32.2,17.53,1916.93,12.18,20.5,1666,-3.93,-46.0,0.496
2019-07-25T02:43:21.000,32.21,17.54,1546.34,12.41,20.5,1667,-4.12,-46.0,0.495
2019-07-25T02:44:21.000,32.21,17.49,1242.22,12.65,20.5,1668,-4.31,-46.0,0.495
2019-07-25T02:45:21.000,32.2,17.41,996.07,12.89,20.5,1669,-4.5,-46.0,0.495
2019-07-25T02:46:21.000,32.2,17.54,794.96,13.13,20.5,1670,-4.69,-46.0,0.495
2019-07-25T02:47:21.000,32.23,17.88,624.25,13.39,20.5,1671,-4.88,-46.0,0.495
2019-07-25T02:49:21.000,32.28,18.21,376.45,13.94,20.5,1673,-5.25,-46.0,0.495
2019-07-25T02:50:21.000,32.32,18.37,296.98,14.2,20.5,1674,-5.44,-46.0,0.495
2019-07-25T02:51:22.000,32.36,18.36,232.27,14.47,20.5,1675,-5.63,-45.0,0.495
2019-07-25T02:52:22.000,32.41,18.29,183.73,14.72,20.5,1676,-5.82,-45.0,0.495
2019-07-25T02:53:25.000,32.44,17.98,152.9,14.92,20.5,1677,-6.01,-45.0,0.495
2019-07-25T02:54:25.000,32.46,17.65,125.69,15.13,20.5,1678,-6.2,-45.0,0.495
2019-07-25T02:55:25.000,32.48,17.33,101.08,15.37,20.5,1679,-6.39,-45.0,0.495
2019-07-25T02:56:25.000,32.49,17.23,81.59,15.6,20.5,1680,-6.57,-45.0,0.495
2019-07-25T02:57:25.000,32.52,17.14,67.1,15.81,20.5,1681,-6.76,-45.0,0.494
2019-07-25T02:58:27.000,32.56,17.19,55.7,16.02,20.5,1682,-6.95,-45.0,0.494
2019-07-25T02:59:27.000,32.54,17.01,46.89,16.2,20.5,1683,-7.14,-45.0,0.494
2019-07-25T03:00:27.000,32.54,17.2,40.7,16.36,20.5,1684,-7.32,-44.0,0.494
2019-07-25T03:01:27.000,32.58,17.51,35.94,16.49,20.5,1685,-7.51,-44.0,0.494
2019-07-25T03:02:28.000,32.62,17.56,32.08,16.61,20.5,1686,-7.7,-44.0,0.494
2019-07-25T03:03:28.000,32.67,17.36,29.49,16.71,20.5,1687,-7.88,-44.0,0.494
2019-07-25T03:04:28.000,32.67,17.04,27.26,16.79,20.5,1688,-8.07,-44.0,0.494
2019-07-25T03:05:28.000,32.61,16.77,25.58,16.86,20.5,1689,-8.25,-44.0,0.494
2019-07-25T03:06:28.000,32.59,16.79,24.21,16.92,20.5,1690,-8.43,-44.0,0.494
2019-07-25T03:08:29.000,32.57,16.87,22.21,17.01,20.5,1692,-8.8,-43.0,0.494
2019-07-25T03:09:29.000,32.5,16.95,21.38,17.06,20.5,1693,-8.99,-43.0,0.494
2019-07-25T03:10:29.000,32.49,17.0,20.85,17.08,20.5,1694,-9.17,-43.0,0.494
2019-07-25T03:11:29.000,32.43,16.84,20.62,17.09,20.5,1695,-9.35,-43.0,0.493
2019-07-25T03:12:29.000,32.38,16.8,20.47,17.1,20.5,1696,-9.53,-43.0,0.493
2019-07-25T03:13:29.000,32.29,16.79,20.44,17.1,20.5,1697,-9.72,-43.0,0.493
2019-07-25T03:14:29.000,32.26,16.94,20.12,17.12,20.5,1698,-9.9,-43.0,0.493
2019-07-25T03:15:30.000,32.26,17.3,19.57,17.15,20.5,1699,-10.08,-43.0,0.493
2019-07-25T03:16:30.000,32.27,17.17,18.82,17.19,20.5,1700,-10.26,-42.0,0.493
2019-07-25T03:17:30.000,32.2,17.21,18.59,17.21,20.5,1701,-10.44,-42.0,0.493
2019-07-25T03:18:30.000,32.21,17.58,18.41,17.22,20.5,1702,-10.62,-42.0,0.493
2019-07-25T03:19:30.000,32.22,17.35,18.44,17.22,20.5,1703,-10.8,-42.0,0.493
2019-07-25T03:20:30.000,32.17,17.51,18.52,17.21,20.5,1704,-10.98,-42.0,0.493
2019-07-25T03:21:30.000,32.16,17.83,18.59,17.21,20.5,1705,-11.16,-42.0,0.493
2019-07-25T03:22:31.000,32.19,18.15,18.61,17.21,20.5,1706,-11.34,-42.0,0.493
2019-07-25T03:23:31.000,32.14,18.42,18.65,17.2,20.5,1707,-11.52,-41.0,0.493
2019-07-25T03:24:31.000,32.17,18.74,18.7,17.2,20.5,1708,-11.7,-41.0,0.493
2019-07-25T03:25:32.000,32.2,18.72,18.75,17.2,20.5,1709,-11.88,-41.0,0.493
2019-07-25T03:26:33.000,32.2,18.64,18.83,17.19,20.5,1710,-12.06,-41.0,0.492
2019-07-25T03:27:33.000,32.17,18.56,18.78,17.2,20.5,1711,-12.24,-41.0,0.492
2019-07-25T03:28:33.000,32.2,18.69,18.84,17.19,20.5,1712,-12.42,-41.0,0.492
