Downloads/jupyter/ECSV/stars289/stars289_2022-03.ecsv
# %ECSV 1.0
# ---
# datatype:
# - {name: time, datatype: string}
# - {name: Enclosure Temperature, unit: deg_C, datatype: float64}
# - {name: Sky Temperature, unit: deg_C, datatype: float64}
# - {name: Frequency, unit: Hz, datatype: float64}
# - {name: MSAS, unit: mag / arcsec2, datatype: float64}
# - {name: ZP, datatype: float64}
# - {name: Sequence Number, datatype: int64}
# - {name: Sun Alt, unit: deg, datatype: float64}
# - {name: Moon Alt, unit: deg, datatype: float64}
# - {name: Moon Illumination, datatype: float64}
# delimiter: ','
# meta: !!omap
# - ida:
#     Data supplier: {affiliation: Astrocamp, observer: "Agust\xEDn Nu\xF1ez"}
#     Device type: TESS-W
#     Field of view: 17.0
#     Filters per channel: None
#     Instrument ID: stars289
#     License: ODbL 1.0 http://opendatacommons.org/licenses/odbl/summary/
#     Local timezone: Europe/Madrid
#     Location name: {country: '- Astrocamp', place: Nerpio, region: Spain, sub_region: Castile-La Mancha, town: Albacete}
#     Measurement direction per channel: {azimuth: 0.0, zenital: 0.0}
#     Moving / Fixed look direction: FIXED
#     Moving / Stationary position: STATIONARY
#     Number of channels: 1
#     Number of fields per line: 8
#     Number of header lines: 35
#     Position: {height: 0.0, latitude: 38.1657813, longitude: -2.3268926}
#     TESS MAC address: 5C:CF:7F:76:60:EC
#     TESS cover offset value: 0.0
#     TESS firmware version: '1.0'
#     TESS zero point: 20.45
#     Time Synchronization: timestamp added by MQTT subscriber
#     URL: http://www.darksky.org/NSBM/sdf1.0.pdf
# - __serialized_columns__:
#     Enclosure Temperature:
#       __class__: astropy.units.quantity.Quantity
#       unit: &id001 !astropy.units.Unit {unit: deg_C}
#       value: !astropy.table.SerializedColumn {name: Enclosure Temperature}
#     Frequency:
#       __class__: astropy.units.quantity.Quantity
#       unit: !astropy.units.Unit {unit: Hz}
#       value: !astropy.table.SerializedColumn {name: Frequency}
#     MSAS:
#       __class__: astropy.units.quantity.Quantity
#       unit: !astropy.units.Unit {unit: mag / arcsec2}
#       value: !astropy.table.SerializedColumn {name: MSAS}
#     Moon Alt:
#       __class__: astropy.units.quantity.Quantity
#       unit: &id002 !astropy.units.Unit {unit: deg}
#       value: !astropy.table.SerializedColumn {name: Moon Alt}
#     Sky Temperature:
#       __class__: astropy.units.quantity.Quantity
#       unit: *id001
#       value: !astropy.table.SerializedColumn {name: Sky Temperature}
#     Sun Alt:
#       __class__: astropy.units.quantity.Quantity
#       unit: *id002
#       value: !astropy.table.SerializedColumn {name: Sun Alt}
#     time:
#       __class__: astropy.time.core.Time
#       format: isot
#       in_subfmt: '*'
#       out_subfmt: '*'
#       precision: 3
#       scale: utc
#       value: !astropy.table.SerializedColumn {name: time}
# schema: astropy-2.0
time,Enclosure Temperature,Sky Temperature,Frequency,MSAS,ZP,Sequence Number,Sun Alt,Moon Alt,Moon Illumination
[from data line 19236]
2022-03-26T00:03:09.000,0.0,0.0,0.04,11.55,20.45,132171,-49.63,-28.0,0.414
2022-03-26T00:04:10.000,0.0,0.0,0.03,9.27,20.45,132172,-49.65,-28.0,0.414
2022-03-26T00:05:10.000,0.0,0.0,0.13,22.72,20.45,132173,-49.66,-28.0,0.414
2022-03-26T00:06:10.000,0.0,0.0,0.22,22.13,20.45,132174,-49.67,-28.0,0.414
2022-03-26T00:07:10.000,0.0,0.0,0.21,22.15,20.45,132175,-49.68,-28.0,0.414
2022-03-26T00:08:10.000,0.0,0.0,0.2,22.18,20.45,132176,-49.69,-27.0,0.413
2022-03-26T00:09:10.000,0.0,0.0,0.24,22.01,20.45,132177,-49.7,-27.0,0.413
2022-03-26T00:10:10.000,0.0,0.0,0.22,22.12,20.45,132178,-49.71,-27.0,0.413
2022-03-26T00:11:10.000,0.0,0.0,0.22,22.09,20.45,132179,-49.71,-27.0,0.413
2022-03-26T00:12:10.000,0.0,0.0,0.22,22.08,20.45,132180,-49.72,-27.0,0.413
2022-03-26T00:13:10.000,0.0,0.0,0.2,22.18,20.45,132181,-49.72,-27.0,0.413
2022-03-26T00:14:10.000,0.0,0.0,0.21,22.14,20.45,132182,-49.72,-26.0,0.413
2022-03-26T00:15:10.000,0.0,0.0,0.12,22.72,20.45,132183,-49.72,-26.0,0.413
2022-03-26T00:16:11.000,0.0,0.0,0.11,22.83,20.45,132184,-49.72,-26.0,0.413
2022-03-26T00:17:11.000,0.0,0.0,0.14,22.59,20.45,132185,-49.72,-26.0,0.413
2022-03-26T00:18:11.000,0.0,0.0,0.12,22.73,20.45,132186,-49.72,-26.0,0.413
2022-03-26T00:19:11.000,0.0,0.0,0.14,22.56,20.45,132187,-49.71,-25.0,0.413
2022-03-26T00:20:11.000,0.0,0.0,0.16,22.44,20.45,132188,-49.7,-25.0,0.413
2022-03-26T00:21:11.000,0.0,0.0,0.18,22.32,20.45,132189,-49.7,-25.0,0.412
2022-03-26T00:22:11.000,0.0,0.0,0.21,22.12,20.45,132190,-49.69,-25.0,0.412
2022-03-26T00:23:11.000,0.0,0.0,0.18,22.29,20.45,132191,-49.68,-25.0,0.412
2022-03-26T00:24:11.000,0.0,0.0,0.16,22.45,20.45,132192,-49.67,-25.0,0.412
2022-03-26T00:25:11.000,0.0,0.0,0.16,22.47,20.45,132193,-49.65,-24.0,0.412
2022-03-26T00:26:11.000,0.0,0.0,0.17,22.4,20.45,132194,-49.64,-24.0,0.412
2022-03-26T00:27:11.000,0.0,0.0,0.16,22.43,20.45,132195,-49.62,-24.0,0.412
2022-03-26T00:28:11.000,0.0,0.0,0.19,22.27,20.45,132196,-49.61,-24.0,0.412
2022-03-26T00:29:11.000,0.0,0.0,0.21,22.17,20.45,132197,-49.59,-24.0,0.412
2022-03-26T00:30:11.000,0.0,0.0,0.19,22.24,20.45,132198,-49.57,-24.0,0.412
2022-03-26T00:31:12.000,0.0,0.0,0.16,22.42,20.45,132199,-49.55,-23.0,0.412
2022-03-26T00:32:12.000,0.0,0.0,0.15,22.48,20.45,132200,-49.52,-23.0,0.412
2022-03-26T00:34:31.000,0.0,0.0,0.2,22.2,20.45,132202,-49.47,-23.0,0.411
2022-03-26T00:35:31.000,0.0,0.0,0.2,22.19,20.45,132203,-49.44,-23.0,0.411
2022-03-26T00:36:31.000,0.0,0.0,0.21,22.14,20.45,132204,-49.41,-22.0,0.411
2022-03-26T00:37:31.000,0.0,0.0,0.23,22.06,20.45,132205,-49.39,-22.0,0.411
2022-03-26T00:38:31.000,0.0,0.0,0.27,21.86,20.45,132206,-49.35,-22.0,0.411
2022-03-26T00:40:50.000,0.0,0.0,0.18,22.29,20.45,132208,-49.28,-22.0,0.411
2022-03-26T00:41:50.000,0.0,0.0,0.13,22.66,20.45,132209,-49.24,-21.0,0.411
2022-03-26T00:42:51.000,0.0,0.0,0.1,22.91,20.45,132210,-49.21,-21.0,0.411
2022-03-26T00:43:51.000,0.0,0.0,0.19,22.27,20.45,132211,-49.17,-21.0,0.411
2022-03-26T00:44:51.000,0.0,0.0,0.25,21.97,20.45,132212,-49.13,-21.0,0.411
2022-03-26T00:45:51.000,0.0,0.0,0.26,21.93,20.45,132213,-49.09,-21.0,0.411
2022-03-26T00:46:51.000,0.0,0.0,0.24,22.0,20.45,132214,-49.05,-21.0,0.41
2022-03-26T00:47:51.000,0.0,0.0,0.18,22.29,20.45,132215,-49.01,-20.0,0.41
2022-03-26T00:48:51.000,0.0,0.0,0.14,22.62,20.45,132216,-48.97,-20.0,0.41
2022-03-26T00:49:51.000,0.0,0.0,0.14,22.59,20.45,132217,-48.92,-20.0,0.41
2022-03-26T00:50:51.000,0.0,0.0,0.15,22.5,20.45,132218,-48.88,-20.0,0.41
2022-03-26T00:51:51.000,0.0,0.0,0.17,22.38,20.45,132219,-48.83,-20.0,0.41
2022-03-26T00:52:51.000,0.0,0.0,0.15,22.53,20.45,132220,-48.78,-19.0,0.41
2022-03-26T00:53:51.000,0.0,0.0,0.15,22.49,20.45,132221,-48.73,-19.0,0.41
2022-03-26T00:54:51.000,0.0,0.0,0.15,22.51,20.45,132222,-48.68,-19.0,0.41
2022-03-26T00:55:51.000,0.0,0.0,0.18,22.32,20.45,132223,-48.63,-19.0,0.41
2022-03-26T00:56:51.000,0.0,0.0,0.18,22.36,20.45,132224,-48.57,-19.0,0.41
2022-03-26T00:57:51.000,0.0,0.0,0.16,22.45,20.45,132225,-48.52,-19.0,0.41
2022-03-26T00:58:52.000,0.0,0.0,0.12,22.76,20.45,132226,-48.46,-18.0,0.409
2022-03-26T00:59:52.000,0.0,0.0,0.04,11.56,20.45,132227,-48.4,-18.0,0.409
2022-03-26T01:00:52.000,0.0,0.0,0.01,3.31,20.45,132228,-48.35,-18.0,0.409
2022-03-26T01:01:52.000,0.0,0.0,0.1,23.01,20.45,132229,-48.29,-18.0,0.409
2022-03-26T01:02:52.000,0.0,0.0,0.1,23.0,20.45,132230,-48.23,-18.0,0.409
2022-03-26T01:03:52.000,0.0,0.0,0.1,23.0,20.45,132231,-48.16,-18.0,0.409
2022-03-26T01:04:52.000,0.0,0.0,0.09,23.09,20.45,132232,-48.1,-17.0,0.409
2022-03-26T01:05:52.000,0.0,0.0,0.11,22.84,20.45,132233,-48.04,-17.0,0.409
2022-03-26T01:06:52.000,0.0,0.0,0.03,9.26,20.45,132234,-47.97,-17.0,0.409
2022-03-26T01:07:52.000,0.0,0.0,0.03,9.94,20.45,132235,-47.9,-17.0,0.409
2022-03-26T01:08:52.000,0.0,0.0,0.03,9.28,20.45,132236,-47.84,-17.0,0.409
2022-03-26T01:09:52.000,0.0,0.0,0.0,0.0,20.45,132237,-47.77,-16.0,0.409
2022-03-26T01:10:52.000,0.0,0.0,0.03,9.95,20.45,132238,-47.7,-16.0,0.409
2022-03-26T01:11:52.000,0.0,0.0,0.05,13.16,20.45,132239,-47.63,-16.0,0.408
2022-03-26T01:12:52.000,0.0,0.0,0.11,22.89,20.45,132240,-47.55,-16.0,0.408
2022-03-26T01:13:52.000,0.0,0.0,0.04,11.55,20.45,132241,-47.48,-16.0,0.408
2022-03-26T01:14:52.000,0.0,0.0,0.05,13.91,20.45,132242,-47.41,-16.0,0.408
2022-03-26T01:15:53.000,0.0,0.0,0.0,0.0,20.45,132243,-47.33,-15.0,0.408
2022-03-26T01:16:53.000,0.0,0.0,0.03,9.94,20.45,132244,-47.25,-15.0,0.408
2022-03-26T01:17:53.000,0.0,0.0,0.1,22.96,20.45,132245,-47.18,-15.0,0.408
2022-03-26T01:18:53.000,0.0,0.0,0.09,23.04,20.45,132246,-47.1,-15.0,0.408
2022-03-26T01:19:53.000,0.0,0.0,0.1,22.95,20.45,132247,-47.02,-15.0,0.408
2022-03-26T01:20:53.000,0.0,0.0,0.04,11.58,20.45,132248,-46.94,-15.0,0.408
2022-03-26T01:23:12.000,0.0,0.0,0.0,0.0,20.45,132250,-46.74,-14.0,0.408
2022-03-26T01:24:12.000,0.0,0.0,0.0,0.0,20.45,132251,-46.66,-14.0,0.408
2022-03-26T01:25:12.000,0.0,0.0,0.03,7.74,20.45,132252,-46.57,-14.0,0.407
2022-03-26T01:26:12.000,0.0,0.0,0.07,18.45,20.45,132253,-46.49,-14.0,0.407
2022-03-26T01:27:12.000,0.0,0.0,0.03,7.72,20.45,132254,-46.4,-13.0,0.407
2022-03-26T01:28:12.000,0.0,0.0,0.0,0.0,20.45,132255,-46.31,-13.0,0.407
2022-03-26T01:29:12.000,0.0,0.0,0.0,0.0,20.45,132256,-46.22,-13.0,0.407
2022-03-26T01:30:13.000,0.0,0.0,0.01,2.9,20.45,132257,-46.13,-13.0,0.407
2022-03-26T01:31:13.000,0.0,0.0,0.09,23.11,20.45,132258,-46.03,-13.0,0.407
2022-03-26T01:32:13.000,0.0,0.0,0.08,23.17,20.45,132259,-45.94,-13.0,0.407
2022-03-26T01:33:13.000,0.0,0.0,0.03,9.25,20.45,132260,-45.85,-12.0,0.407
2022-03-26T01:34:13.000,0.0,0.0,0.06,15.37,20.45,132261,-45.75,-12.0,0.407
2022-03-26T01:35:13.000,0.0,0.0,0.01,3.31,20.45,132262,-45.66,-12.0,0.407
2022-03-26T01:36:13.000,0.0,0.0,0.08,23.16,20.45,132263,-45.56,-12.0,0.407
2022-03-26T01:37:13.000,0.0,0.0,0.1,22.97,20.45,132264,-45.46,-12.0,0.406
2022-03-26T01:38:13.000,0.0,0.0,0.11,22.82,20.45,132265,-45.36,-12.0,0.406
2022-03-26T01:39:13.000,0.0,0.0,0.1,22.97,20.45,132266,-45.26,-11.0,0.406
2022-03-26T01:40:13.000,0.0,0.0,0.09,23.1,20.45,132267,-45.16,-11.0,0.406
2022-03-26T01:41:13.000,0.0,0.0,0.1,22.94,20.45,132268,-45.06,-11.0,0.406
2022-03-26T01:42:13.000,0.0,0.0,0.11,22.88,20.45,132269,-44.96,-11.0,0.406
2022-03-26T01:43:13.000,0.0,0.0,0.1,22.99,20.45,132270,-44.85,-11.0,0.406
2022-03-26T01:44:13.000,0.0,0.0,0.08,23.19,20.45,132271,-44.75,-11.0,0.406
2022-03-26T01:45:13.000,0.0,0.0,0.1,22.95,20.45,132272,-44.64,-10.0,0.406
2022-03-26T01:46:14.000,0.0,0.0,0.09,23.05,20.45,132273,-44.53,-10.0,0.406
2022-03-26T01:47:14.000,0.0,0.0,0.09,23.12,20.45,132274,-44.43,-10.0,0.406
2022-03-26T01:48:14.000,0.0,0.0,0.0,0.0,20.45,132275,-44.32,-10.0,0.406
2022-03-26T01:49:14.000,0.0,0.0,0.0,0.0,20.45,132276,-44.21,-10.0,0.406
2022-03-26T01:50:14.000,0.0,0.0,0.0,0.0,20.45,132277,-44.1,-10.0,0.405
2022-03-26T01:54:14.000,0.0,0.0,0.0,0.0,20.45,132281,-43.65,-9.0,0.405
2022-03-26T01:55:14.000,0.0,0.0,0.0,0.0,20.45,132282,-43.54,-9.0,0.405
2022-03-26T01:56:14.000,0.0,0.0,0.0,0.0,20.45,132283,-43.42,-9.0,0.405
2022-03-26T01:57:14.000,0.0,0.0,0.01,2.9,20.45,132284,-43.3,-8.0,0.405
2022-03-26T01:58:14.000,0.0,0.0,0.09,23.11,20.45,132285,-43.19,-8.0,0.405
2022-03-26T01:59:14.000,0.0,0.0,0.11,22.81,20.45,132286,-43.07,-8.0,0.405
2022-03-26T02:00:14.000,0.0,0.0,0.11,22.88,20.45,132287,-42.95,-8.0,0.405
2022-03-26T02:01:14.000,0.0,0.0,0.0,0.0,20.45,132288,-42.83,-8.0,0.405
2022-03-26T02:03:20.000,0.0,0.0,0.0,0.0,20.45,132290,-42.58,-7.0,0.404
2022-03-26T02:04:20.000,0.0,0.0,0.0,0.0,20.45,132291,-42.46,-7.0,0.404
2022-03-26T02:05:20.000,0.0,0.0,0.0,0.0,20.45,132292,-42.33,-7.0,0.404
2022-03-26T02:12:20.000,0.0,0.0,0.0,0.0,20.45,132299,-41.45,-6.0,0.404
2022-03-26T02:13:21.000,0.0,0.0,0.0,0.0,20.45,132300,-41.32,-6.0,0.404
2022-03-26T02:14:21.000,0.0,0.0,0.0,0.0,20.45,132301,-41.19,-6.0,0.404
2022-03-26T02:15:21.000,0.0,0.0,0.01,3.86,20.45,132302,-41.06,-5.0,0.404
2022-03-26T02:16:21.000,0.0,0.0,0.08,23.2,20.45,132303,-40.93,-5.0,0.403
2022-03-26T02:17:21.000,0.0,0.0,0.01,3.31,20.45,132304,-40.8,-5.0,0.403
2022-03-26T02:18:21.000,0.0,0.0,0.0,0.0,20.45,132305,-40.66,-5.0,0.403
2022-03-26T02:19:21.000,0.0,0.0,0.0,0.0,20.45,132306,-40.53,-5.0,0.403
2022-03-26T02:20:21.000,0.0,0.0,0.0,0.0,20.45,132307,-40.4,-5.0,0.403
2022-03-26T02:33:22.000,0.0,0.0,0.0,0.0,20.45,132320,-38.59,-3.0,0.402
2022-03-26T02:34:22.000,0.0,0.0,0.0,0.0,20.45,132321,-38.45,-2.0,0.402
2022-03-26T02:35:22.000,0.0,0.0,0.0,0.0,20.45,132322,-38.31,-2.0,0.402
2022-03-26T02:36:22.000,0.0,0.0,0.01,2.9,20.45,132323,-38.16,-2.0,0.402
2022-03-26T02:37:22.000,0.0,0.0,0.03,7.7,20.45,132324,-38.02,-2.0,0.402
2022-03-26T02:38:22.000,0.0,0.0,0.04,11.57,20.45,132325,-37.87,-2.0,0.402
2022-03-26T02:39:22.000,0.0,0.0,0.02,5.78,20.45,132326,-37.73,-2.0,0.402
2022-03-26T02:40:22.000,0.0,0.0,0.0,0.0,20.45,132327,-37.58,-1.0,0.402
2022-03-26T02:41:22.000,0.0,0.0,0.0,0.0,20.45,132328,-37.43,-1.0,0.402
2022-03-26T02:42:22.000,0.0,0.0,0.0,0.0,20.45,132329,-37.28,-1.0,0.401
2022-03-26T02:43:22.000,0.0,0.0,0.04,9.91,20.45,132330,-37.13,-1.0,0.401
2022-03-26T02:44:22.000,0.0,0.0,0.0,0.0,20.45,132331,-36.99,-1.0,0.401
2022-03-26T02:45:22.000,0.0,0.0,0.01,3.32,20.45,132332,-36.84,-1.0,0.401
2022-03-26T02:46:23.000,0.0,0.0,0.04,11.59,20.45,132333,-36.68,-0.0,0.401
2022-03-26T02:47:23.000,0.0,0.0,0.0,0.0,20.45,132334,-36.53,-0.0,0.401
2022-03-26T02:48:23.000,0.0,0.0,0.0,0.0,20.45,132335,-36.38,-0.0,0.401
2022-03-26T02:49:23.000,0.0,0.0,0.04,11.6,20.45,132336,-36.23,-0.0,0.401
2022-03-26T02:50:23.000,0.0,0.0,0.04,11.61,20.45,132337,-36.08,0.0,0.401
2022-03-26T02:51:23.000,0.0,0.0,0.0,0.0,20.45,132338,-35.92,0.0,0.401
2022-03-26T02:52:23.000,0.0,0.0,0.0,0.0,20.45,132339,-35.77,0.0,0.401
2022-03-26T02:53:23.000,0.0,0.0,0.04,11.57,20.45,132340,-35.62,1.0,0.401
2022-03-26T02:54:23.000,0.0,0.0,0.05,13.17,20.45,132341,-35.46,1.0,0.4
2022-03-26T02:55:23.000,0.0,0.0,0.08,23.16,20.45,132342,-35.31,1.0,0.4
2022-03-26T02:56:23.000,0.0,0.0,0.1,22.92,20.45,132343,-35.15,1.0,0.4
2022-03-26T02:57:23.000,0.0,0.0,0.1,22.96,20.45,132344,-35.0,1.0,0.4
2022-03-26T02:58:23.000,0.0,0.0,0.05,13.88,20.45,132345,-34.84,1.0,0.4
2022-03-26T02:59:23.000,0.0,0.0,0.0,0.0,20.45,132346,-34.68,2.0,0.4
2022-03-26T03:00:23.000,0.0,0.0,0.0,0.0,20.45,132347,-34.53,2.0,0.4
2022-03-26T03:01:23.000,0.0,0.0,0.04,9.84,20.45,132348,-34.37,2.0,0.4
2022-03-26T03:02:24.000,0.0,0.0,0.09,23.07,20.45,132349,-34.21,2.0,0.4
2022-03-26T03:03:24.000,0.0,0.0,0.08,19.2,20.45,132350,-34.05,2.0,0.4
2022-03-26T03:04:24.000,0.0,0.0,0.04,11.54,20.45,132351,-33.89,2.0,0.4
2022-03-26T03:05:24.000,0.0,0.0,0.0,0.0,20.45,132352,-33.73,2.0,0.4
2022-03-26T03:06:24.000,0.0,0.0,0.08,19.71,20.45,132353,-33.57,3.0,0.4
2022-03-26T03:07:24.000,0.0,0.0,0.06,18.56,20.45,132354,-33.41,3.0,0.399
2022-03-26T03:08:24.000,0.0,0.0,0.09,23.07,20.45,132355,-33.25,3.0,0.399
2022-03-26T03:09:24.000,0.0,0.0,0.09,23.12,20.45,132356,-33.08,3.0,0.399
2022-03-26T03:10:24.000,0.0,0.0,0.1,22.97,20.45,132357,-32.92,3.0,0.399
2022-03-26T03:11:24.000,0.0,0.0,0.13,22.69,20.45,132358,-32.76,3.0,0.399
2022-03-26T03:12:24.000,0.0,0.0,0.14,22.61,20.45,132359,-32.6,3.0,0.399
2022-03-26T03:13:24.000,0.0,0.0,0.2,22.23,20.45,132360,-32.43,4.0,0.399
2022-03-26T03:14:24.000,0.0,0.0,0.17,22.38,20.45,132361,-32.27,4.0,0.399
2022-03-26T03:15:24.000,0.0,0.0,0.14,22.56,20.45,132362,-32.11,4.0,0.399
2022-03-26T03:16:24.000,0.0,0.0,0.16,22.48,20.45,132363,-31.94,4.0,0.399
2022-03-26T03:17:24.000,0.0,0.0,0.15,22.51,20.45,132364,-31.78,4.0,0.399
2022-03-26T03:18:25.000,0.0,0.0,0.12,22.72,20.45,132365,-31.61,4.0,0.399
2022-03-26T03:19:25.000,0.0,0.0,0.11,22.84,20.45,132366,-31.44,4.0,0.399
2022-03-26T03:20:25.000,0.0,0.0,0.13,22.7,20.45,132367,-31.28,5.0,0.398
2022-03-26T03:21:25.000,0.0,0.0,0.1,23.0,20.45,132368,-31.11,5.0,0.398
2022-03-26T03:22:25.000,0.0,0.0,0.11,22.84,20.45,132369,-30.94,5.0,0.398
2022-03-26T03:23:25.000,0.0,0.0,0.11,22.83,20.45,132370,-30.77,5.0,0.398
2022-03-26T03:24:25.000,0.0,0.0,0.13,22.67,20.45,132371,-30.61,5.0,0.398
2022-03-26T03:25:25.000,0.0,0.0,0.14,22.56,20.45,132372,-30.44,5.0,0.398
2022-03-26T03:26:25.000,0.0,0.0,0.18,22.33,20.45,132373,-30.27,5.0,0.398
2022-03-26T03:27:25.000,0.0,0.0,0.18,22.32,20.45,132374,-30.1,6.0,0.398
2022-03-26T03:28:25.000,0.0,0.0,0.24,22.02,20.45,132375,-29.93,6.0,0.398
2022-03-26T03:29:25.000,0.0,0.0,0.2,22.2,20.45,132376,-29.76,6.0,0.398
2022-03-26T03:30:25.000,0.0,0.0,0.14,22.6,20.45,132377,-29.59,6.0,0.398
2022-03-26T03:31:25.000,0.0,0.0,0.19,22.23,20.45,132378,-29.42,6.0,0.398
2022-03-26T03:32:25.000,0.0,0.0,0.18,22.33,20.45,132379,-29.25,6.0,0.398
2022-03-26T03:33:25.000,0.0,0.0,0.18,22.31,20.45,132380,-29.08,6.0,0.397
2022-03-26T03:34:25.000,0.0,0.0,0.22,22.12,20.45,132381,-28.91,7.0,0.397
2022-03-26T03:35:26.000,0.0,0.0,0.22,22.11,20.45,132382,-28.73,7.0,0.397
2022-03-26T03:36:26.000,0.0,0.0,0.24,22.01,20.45,132383,-28.56,7.0,0.397
2022-03-26T03:37:26.000,0.0,0.0,0.27,21.86,20.45,132384,-28.39,7.0,0.397
2022-03-26T03:38:26.000,0.0,0.0,0.3,21.78,20.45,132385,-28.22,7.0,0.397
2022-03-26T03:39:26.000,0.0,0.0,0.31,21.74,20.45,132386,-28.04,7.0,0.397
2022-03-26T03:40:26.000,0.0,0.0,0.35,21.63,20.45,132387,-27.87,7.0,0.397
2022-03-26T03:41:26.000,0.0,0.0,0.24,22.03,20.45,132388,-27.69,8.0,0.397
2022-03-26T03:42:26.000,0.0,0.0,0.17,22.35,20.45,132389,-27.52,8.0,0.397
2022-03-26T03:43:26.000,0.0,0.0,0.15,22.5,20.45,132390,-27.35,8.0,0.397
2022-03-26T03:44:26.000,0.0,0.0,0.19,22.27,20.45,132391,-27.17,8.0,0.397
2022-03-26T03:45:26.000,0.0,0.0,0.21,22.12,20.45,132392,-27.0,8.0,0.397
2022-03-26T03:46:26.000,0.0,0.0,0.22,22.09,20.45,132393,-26.82,8.0,0.396
2022-03-26T03:47:26.000,0.0,0.0,0.18,22.3,20.45,132394,-26.64,8.0,0.396
2022-03-26T03:48:26.000,0.0,0.0,0.16,22.42,20.45,132395,-26.47,9.0,0.396
2022-03-26T03:49:26.000,0.0,0.0,0.2,22.19,20.45,132396,-26.29,9.0,0.396
2022-03-26T03:50:26.000,0.0,0.0,0.29,21.8,20.45,132397,-26.12,9.0,0.396
2022-03-26T03:51:27.000,0.0,0.0,0.29,21.81,20.45,132398,-25.94,9.0,0.396
2022-03-26T03:52:27.000,0.0,0.0,0.36,21.56,20.45,132399,-25.76,9.0,0.396
2022-03-26T03:53:27.000,0.0,0.0,0.27,21.89,20.45,132400,-25.58,9.0,0.396
2022-03-26T03:54:27.000,0.0,0.0,0.29,21.78,20.45,132401,-25.4,9.0,0.396
2022-03-26T03:55:27.000,0.0,0.0,0.36,21.56,20.45,132402,-25.22,9.0,0.396
2022-03-26T03:56:27.000,0.0,0.0,0.29,21.83,20.45,132403,-25.05,10.0,0.396
2022-03-26T03:57:27.000,0.0,0.0,0.23,22.08,20.45,132404,-24.87,10.0,0.396
2022-03-26T03:58:27.000,0.0,0.0,0.16,22.46,20.45,132405,-24.69,10.0,0.396
2022-03-26T03:59:27.000,0.0,0.0,0.16,22.44,20.45,132406,-24.51,10.0,0.395
2022-03-26T04:00:27.000,0.0,0.0,0.18,22.3,20.45,132407,-24.33,10.0,0.395
2022-03-26T04:01:27.000,0.0,0.0,0.16,22.46,20.45,132408,-24.15,10.0,0.395
2022-03-26T04:02:27.000,0.0,0.0,0.14,22.55,20.45,132409,-23.97,10.0,0.395
2022-03-26T04:03:27.000,0.0,0.0,0.17,22.38,20.45,132410,-23.79,11.0,0.395
2022-03-26T04:04:27.000,0.0,0.0,0.14,22.56,20.45,132411,-23.61,11.0,0.395
2022-03-26T04:05:27.000,0.0,0.0,0.13,22.68,20.45,132412,-23.43,11.0,0.395
2022-03-26T04:06:27.000,0.0,0.0,0.14,22.58,20.45,132413,-23.25,11.0,0.395
