Downloads/jupyter/ECSV/stars289/stars289_2022-03.ecsv
# %ECSV 1.0
# ---
# datatype:
# - {name: time, datatype: string}
# - {name: Enclosure Temperature, unit: deg_C, datatype: float64}
# - {name: Sky Temperature, unit: deg_C, datatype: float64}
# - {name: Frequency, unit: Hz, datatype: float64}
# - {name: MSAS, unit: mag / arcsec2, datatype: float64}
# - {name: ZP, datatype: float64}
# - {name: Sequence Number, datatype: int64}
# - {name: Sun Alt, unit: deg, datatype: float64}
# - {name: Moon Alt, unit: deg, datatype: float64}
# - {name: Moon Illumination, datatype: float64}
# delimiter: ','
# meta: !!omap
# - ida:
#     Data supplier: {affiliation: Astrocamp, observer: "Agust\xEDn Nu\xF1ez"}
#     Device type: TESS-W
#     Field of view: 17.0
#     Filters per channel: None
#     Instrument ID: stars289
#     License: ODbL 1.0 http://opendatacommons.org/licenses/odbl/summary/
#     Local timezone: Europe/Madrid
#     Location name: {country: '- Astrocamp', place: Nerpio, region: Spain, sub_region: Castile-La Mancha, town: Albacete}
#     Measurement direction per channel: {azimuth: 0.0, zenital: 0.0}
#     Moving / Fixed look direction: FIXED
#     Moving / Stationary position: STATIONARY
#     Number of channels: 1
#     Number of fields per line: 8
#     Number of header lines: 35
#     Position: {height: 0.0, latitude: 38.1657813, longitude: -2.3268926}
#     TESS MAC address: 5C:CF:7F:76:60:EC
#     TESS cover offset value: 0.0
#     TESS firmware version: '1.0'
#     TESS zero point: 20.45
#     Time Synchronization: timestamp added by MQTT subscriber
#     URL: http://www.darksky.org/NSBM/sdf1.0.pdf
# - __serialized_columns__:
#     Enclosure Temperature:
#       __class__: astropy.units.quantity.Quantity
#       unit: &id001 !astropy.units.Unit {unit: deg_C}
#       value: !astropy.table.SerializedColumn {name: Enclosure Temperature}
#     Frequency:
#       __class__: astropy.units.quantity.Quantity
#       unit: !astropy.units.Unit {unit: Hz}
#       value: !astropy.table.SerializedColumn {name: Frequency}
#     MSAS:
#       __class__: astropy.units.quantity.Quantity
#       unit: !astropy.units.Unit {unit: mag / arcsec2}
#       value: !astropy.table.SerializedColumn {name: MSAS}
#     Moon Alt:
#       __class__: astropy.units.quantity.Quantity
#       unit: &id002 !astropy.units.Unit {unit: deg}
#       value: !astropy.table.SerializedColumn {name: Moon Alt}
#     Sky Temperature:
#       __class__: astropy.units.quantity.Quantity
#       unit: *id001
#       value: !astropy.table.SerializedColumn {name: Sky Temperature}
#     Sun Alt:
#       __class__: astropy.units.quantity.Quantity
#       unit: *id002
#       value: !astropy.table.SerializedColumn {name: Sun Alt}
#     time:
#       __class__: astropy.time.core.Time
#       format: isot
#       in_subfmt: '*'
#       out_subfmt: '*'
#       precision: 3
#       scale: utc
#       value: !astropy.table.SerializedColumn {name: time}
# schema: astropy-2.0
time,Enclosure Temperature,Sky Temperature,Frequency,MSAS,ZP,Sequence Number,Sun Alt,Moon Alt,Moon Illumination
[from data line 6485]
2022-03-08T23:48:32.000,0.0,0.0,0.39,21.47,20.45,107815,-55.68,4.0,0.365
2022-03-08T23:49:32.000,0.0,0.0,0.45,21.31,20.45,107816,-55.72,4.0,0.365
2022-03-08T23:50:32.000,0.0,0.0,0.43,21.35,20.45,107817,-55.77,4.0,0.365
2022-03-08T23:51:32.000,0.0,0.0,0.42,21.4,20.45,107818,-55.81,3.0,0.365
2022-03-08T23:52:32.000,0.0,0.0,0.4,21.45,20.45,107819,-55.85,3.0,0.365
2022-03-08T23:53:32.000,0.0,0.0,0.39,21.48,20.45,107820,-55.89,3.0,0.365
2022-03-08T23:54:32.000,0.0,0.0,0.4,21.44,20.45,107821,-55.93,3.0,0.365
2022-03-08T23:55:32.000,0.0,0.0,0.45,21.33,20.45,107822,-55.97,3.0,0.365
2022-03-08T23:56:32.000,0.0,0.0,0.47,21.28,20.45,107823,-56.01,3.0,0.366
2022-03-08T23:57:32.000,0.0,0.0,0.47,21.28,20.45,107824,-56.04,2.0,0.366
2022-03-08T23:58:32.000,0.0,0.0,0.48,21.25,20.45,107825,-56.07,2.0,0.366
2022-03-08T23:59:33.000,0.0,0.0,0.51,21.19,20.45,107826,-56.11,2.0,0.366
2022-03-09T00:00:33.000,0.0,0.0,0.43,21.36,20.45,107827,-56.14,2.0,0.366
2022-03-09T00:01:33.000,0.0,0.0,0.47,21.28,20.45,107828,-56.17,2.0,0.366
2022-03-09T00:02:33.000,0.0,0.0,0.44,21.34,20.45,107829,-56.19,1.0,0.366
2022-03-09T00:03:33.000,0.0,0.0,0.38,21.51,20.45,107830,-56.22,1.0,0.366
2022-03-09T00:04:33.000,0.0,0.0,0.4,21.44,20.45,107831,-56.24,1.0,0.366
2022-03-09T00:05:33.000,0.0,0.0,0.44,21.35,20.45,107832,-56.27,1.0,0.366
2022-03-09T00:06:33.000,0.0,0.0,0.44,21.35,20.45,107833,-56.29,1.0,0.366
2022-03-09T00:07:33.000,0.0,0.0,0.4,21.44,20.45,107834,-56.31,1.0,0.366
2022-03-09T00:08:33.000,0.0,0.0,0.4,21.44,20.45,107835,-56.32,0.0,0.366
2022-03-09T00:09:33.000,0.0,0.0,0.39,21.48,20.45,107836,-56.34,0.0,0.366
2022-03-09T00:10:33.000,0.0,0.0,0.39,21.46,20.45,107837,-56.36,0.0,0.366
2022-03-09T00:11:33.000,0.0,0.0,0.39,21.47,20.45,107838,-56.37,-0.0,0.366
2022-03-09T00:12:33.000,0.0,0.0,0.4,21.45,20.45,107839,-56.38,-0.0,0.367
2022-03-09T00:13:33.000,0.0,0.0,0.38,21.49,20.45,107840,-56.39,-0.0,0.367
2022-03-09T00:14:33.000,0.0,0.0,0.39,21.48,20.45,107841,-56.4,-1.0,0.367
2022-03-09T00:15:34.000,0.0,0.0,0.37,21.52,20.45,107842,-56.41,-1.0,0.367
2022-03-09T00:16:34.000,0.0,0.0,0.38,21.51,20.45,107843,-56.41,-1.0,0.367
2022-03-09T00:17:34.000,0.0,0.0,0.38,21.49,20.45,107844,-56.42,-1.0,0.367
2022-03-09T00:18:34.000,0.0,0.0,0.37,21.54,20.45,107845,-56.42,-1.0,0.367
2022-03-09T00:19:34.000,0.0,0.0,0.36,21.55,20.45,107846,-56.42,-1.0,0.367
2022-03-09T00:20:34.000,0.0,0.0,0.35,21.59,20.45,107847,-56.42,-2.0,0.367
2022-03-09T00:21:34.000,0.0,0.0,0.36,21.57,20.45,107848,-56.42,-2.0,0.367
2022-03-09T00:22:34.000,0.0,0.0,0.34,21.61,20.45,107849,-56.42,-2.0,0.367
2022-03-09T00:23:34.000,0.0,0.0,0.33,21.65,20.45,107850,-56.41,-2.0,0.367
2022-03-09T00:24:34.000,0.0,0.0,0.32,21.68,20.45,107851,-56.4,-2.0,0.367
2022-03-09T00:25:34.000,0.0,0.0,0.32,21.69,20.45,107852,-56.4,-2.0,0.367
2022-03-09T00:27:53.000,0.0,0.0,0.32,21.69,20.45,107854,-56.37,-3.0,0.368
2022-03-09T00:28:53.000,0.0,0.0,0.32,21.69,20.45,107855,-56.36,-3.0,0.368
2022-03-09T00:29:54.000,0.0,0.0,0.32,21.69,20.45,107856,-56.34,-3.0,0.368
2022-03-09T00:30:54.000,0.0,0.0,0.34,21.63,20.45,107857,-56.33,-3.0,0.368
2022-03-09T00:31:54.000,0.0,0.0,0.36,21.57,20.45,107858,-56.31,-3.0,0.368
2022-03-09T00:34:13.000,0.0,0.0,0.34,21.63,20.45,107860,-56.26,-4.0,0.368
2022-03-09T00:35:13.000,0.0,0.0,0.34,21.61,20.45,107861,-56.24,-4.0,0.368
2022-03-09T00:36:13.000,0.0,0.0,0.35,21.6,20.45,107862,-56.21,-4.0,0.368
2022-03-09T00:37:13.000,0.0,0.0,0.34,21.61,20.45,107863,-56.19,-4.0,0.368
2022-03-09T00:38:13.000,0.0,0.0,0.34,21.62,20.45,107864,-56.16,-4.0,0.368
2022-03-09T00:39:13.000,0.0,0.0,0.33,21.66,20.45,107865,-56.13,-5.0,0.368
2022-03-09T00:40:13.000,0.0,0.0,0.32,21.68,20.45,107866,-56.1,-5.0,0.368
2022-03-09T00:41:13.000,0.0,0.0,0.32,21.68,20.45,107867,-56.07,-5.0,0.368
2022-03-09T00:42:13.000,0.0,0.0,0.32,21.69,20.45,107868,-56.03,-5.0,0.368
2022-03-09T00:43:13.000,0.0,0.0,0.33,21.67,20.45,107869,-56.0,-5.0,0.368
2022-03-09T00:44:14.000,0.0,0.0,0.34,21.61,20.45,107870,-55.96,-5.0,0.369
2022-03-09T00:45:14.000,0.0,0.0,0.35,21.58,20.45,107871,-55.92,-6.0,0.369
2022-03-09T00:46:14.000,0.0,0.0,0.36,21.55,20.45,107872,-55.88,-6.0,0.369
2022-03-09T00:47:14.000,0.0,0.0,0.36,21.55,20.45,107873,-55.84,-6.0,0.369
2022-03-09T00:49:33.000,0.0,0.0,0.36,21.56,20.45,107875,-55.74,-6.0,0.369
2022-03-09T00:50:33.000,0.0,0.0,0.34,21.62,20.45,107876,-55.7,-6.0,0.369
2022-03-09T00:51:33.000,0.0,0.0,0.32,21.7,20.45,107877,-55.65,-7.0,0.369
2022-03-09T00:52:33.000,0.0,0.0,0.31,21.71,20.45,107878,-55.6,-7.0,0.369
2022-03-09T00:53:33.000,0.0,0.0,0.31,21.71,20.45,107879,-55.55,-7.0,0.369
2022-03-09T00:54:33.000,0.0,0.0,0.31,21.72,20.45,107880,-55.5,-7.0,0.369
2022-03-09T00:55:33.000,0.0,0.0,0.31,21.71,20.45,107881,-55.45,-7.0,0.369
2022-03-09T00:56:33.000,0.0,0.0,0.31,21.71,20.45,107882,-55.39,-7.0,0.369
2022-03-09T00:57:33.000,0.0,0.0,0.31,21.71,20.45,107883,-55.34,-7.0,0.369
2022-03-09T00:58:33.000,0.0,0.0,0.31,21.71,20.45,107884,-55.28,-8.0,0.369
2022-03-09T00:59:34.000,0.0,0.0,0.31,21.71,20.45,107885,-55.22,-8.0,0.37
2022-03-09T01:00:34.000,0.0,0.0,0.31,21.72,20.45,107886,-55.16,-8.0,0.37
2022-03-09T01:01:34.000,0.0,0.0,0.31,21.72,20.45,107887,-55.1,-8.0,0.37
2022-03-09T01:02:34.000,0.0,0.0,0.31,21.72,20.45,107888,-55.03,-8.0,0.37
2022-03-09T01:03:34.000,0.0,0.0,0.31,21.72,20.45,107889,-54.97,-8.0,0.37
2022-03-09T01:04:34.000,0.0,0.0,0.31,21.72,20.45,107890,-54.91,-9.0,0.37
2022-03-09T01:05:34.000,0.0,0.0,0.31,21.72,20.45,107891,-54.84,-9.0,0.37
2022-03-09T01:06:34.000,0.0,0.0,0.31,21.73,20.45,107892,-54.77,-9.0,0.37
2022-03-09T01:07:34.000,0.0,0.0,0.31,21.73,20.45,107893,-54.7,-9.0,0.37
2022-03-09T01:08:34.000,0.0,0.0,0.31,21.73,20.45,107894,-54.63,-9.0,0.37
2022-03-09T01:09:34.000,0.0,0.0,0.31,21.73,20.45,107895,-54.56,-9.0,0.37
2022-03-09T01:10:34.000,0.0,0.0,0.31,21.73,20.45,107896,-54.48,-9.0,0.37
2022-03-09T01:11:34.000,0.0,0.0,0.31,21.73,20.45,107897,-54.41,-10.0,0.37
2022-03-09T01:12:34.000,0.0,0.0,0.31,21.73,20.45,107898,-54.33,-10.0,0.37
2022-03-09T01:13:41.000,0.0,0.0,0.32,21.7,20.45,107899,-54.25,-10.0,0.37
2022-03-09T01:14:41.000,0.0,0.0,0.33,21.67,20.45,107900,-54.17,-10.0,0.371
2022-03-09T01:15:41.000,0.0,0.0,0.32,21.7,20.45,107901,-54.09,-10.0,0.371
2022-03-09T01:16:41.000,0.0,0.0,0.33,21.66,20.45,107902,-54.01,-10.0,0.371
2022-03-09T01:17:41.000,0.0,0.0,0.33,21.66,20.45,107903,-53.92,-11.0,0.371
2022-03-09T01:18:41.000,0.0,0.0,0.32,21.68,20.45,107904,-53.84,-11.0,0.371
2022-03-09T01:19:41.000,0.0,0.0,0.31,21.7,20.45,107905,-53.75,-11.0,0.371
2022-03-09T01:20:41.000,0.0,0.0,0.32,21.67,20.45,107906,-53.67,-11.0,0.371
2022-03-09T01:21:41.000,0.0,0.0,0.34,21.63,20.45,107907,-53.58,-11.0,0.371
2022-03-09T01:22:41.000,0.0,0.0,0.33,21.64,20.45,107908,-53.49,-11.0,0.371
2022-03-09T01:23:41.000,0.0,0.0,0.32,21.7,20.45,107909,-53.4,-11.0,0.371
2022-03-09T01:24:41.000,0.0,0.0,0.31,21.71,20.45,107910,-53.31,-12.0,0.371
2022-03-09T01:25:41.000,0.0,0.0,0.31,21.72,20.45,107911,-53.22,-12.0,0.371
2022-03-09T01:26:41.000,0.0,0.0,0.31,21.73,20.45,107912,-53.13,-12.0,0.371
2022-03-09T01:27:41.000,0.0,0.0,0.31,21.73,20.45,107913,-53.03,-12.0,0.371
2022-03-09T01:28:41.000,0.0,0.0,0.3,21.74,20.45,107914,-52.93,-12.0,0.371
2022-03-09T01:29:41.000,0.0,0.0,0.3,21.74,20.45,107915,-52.84,-12.0,0.371
2022-03-09T01:30:42.000,0.0,0.0,0.3,21.74,20.45,107916,-52.74,-12.0,0.372
2022-03-09T01:31:42.000,0.0,0.0,0.3,21.74,20.45,107917,-52.64,-13.0,0.372
2022-03-09T01:32:42.000,0.0,0.0,0.3,21.75,20.45,107918,-52.54,-13.0,0.372
2022-03-09T01:33:42.000,0.0,0.0,0.3,21.74,20.45,107919,-52.44,-13.0,0.372
2022-03-09T01:34:42.000,0.0,0.0,0.3,21.75,20.45,107920,-52.34,-13.0,0.372
2022-03-09T01:35:42.000,0.0,0.0,0.3,21.74,20.45,107921,-52.23,-13.0,0.372
2022-03-09T01:36:42.000,0.0,0.0,0.31,21.71,20.45,107922,-52.13,-13.0,0.372
2022-03-09T01:37:42.000,0.0,0.0,0.32,21.68,20.45,107923,-52.02,-13.0,0.372
2022-03-09T01:38:42.000,0.0,0.0,0.33,21.67,20.45,107924,-51.91,-14.0,0.372
2022-03-09T01:39:42.000,0.0,0.0,0.34,21.62,20.45,107925,-51.81,-14.0,0.372
2022-03-09T01:40:42.000,0.0,0.0,0.35,21.59,20.45,107926,-51.7,-14.0,0.372
2022-03-09T01:41:42.000,0.0,0.0,0.34,21.61,20.45,107927,-51.59,-14.0,0.372
2022-03-09T01:42:42.000,0.0,0.0,0.33,21.66,20.45,107928,-51.48,-14.0,0.372
2022-03-09T01:43:42.000,0.0,0.0,0.33,21.65,20.45,107929,-51.37,-14.0,0.372
2022-03-09T01:44:42.000,0.0,0.0,0.32,21.69,20.45,107930,-51.25,-14.0,0.372
2022-03-09T01:45:42.000,0.0,0.0,0.32,21.68,20.45,107931,-51.14,-15.0,0.372
2022-03-09T01:46:43.000,0.0,0.0,0.33,21.66,20.45,107932,-51.02,-15.0,0.373
2022-03-09T01:47:43.000,0.0,0.0,0.33,21.66,20.45,107933,-50.91,-15.0,0.373
2022-03-09T01:48:43.000,0.0,0.0,0.33,21.64,20.45,107934,-50.79,-15.0,0.373
2022-03-09T01:49:43.000,0.0,0.0,0.31,21.71,20.45,107935,-50.67,-15.0,0.373
2022-03-09T01:50:43.000,0.0,0.0,0.32,21.68,20.45,107936,-50.55,-15.0,0.373
2022-03-09T01:51:43.000,0.0,0.0,0.33,21.65,20.45,107937,-50.43,-15.0,0.373
2022-03-09T01:52:43.000,0.0,0.0,0.35,21.6,20.45,107938,-50.31,-16.0,0.373
2022-03-09T01:53:43.000,0.0,0.0,0.35,21.59,20.45,107939,-50.19,-16.0,0.373
2022-03-09T01:54:43.000,0.0,0.0,0.35,21.59,20.45,107940,-50.07,-16.0,0.373
2022-03-09T01:55:43.000,0.0,0.0,0.34,21.63,20.45,107941,-49.94,-16.0,0.373
2022-03-09T01:56:43.000,0.0,0.0,0.32,21.69,20.45,107942,-49.82,-16.0,0.373
2022-03-09T01:59:02.000,0.0,0.0,0.34,21.61,20.45,107944,-49.53,-16.0,0.373
2022-03-09T02:00:02.000,0.0,0.0,0.32,21.68,20.45,107945,-49.4,-17.0,0.373
2022-03-09T02:01:02.000,0.0,0.0,0.34,21.63,20.45,107946,-49.27,-17.0,0.373
2022-03-09T02:02:03.000,0.0,0.0,0.32,21.67,20.45,107947,-49.14,-17.0,0.374
2022-03-09T02:03:03.000,0.0,0.0,0.32,21.69,20.45,107948,-49.01,-17.0,0.374
2022-03-09T02:04:03.000,0.0,0.0,0.34,21.62,20.45,107949,-48.88,-17.0,0.374
2022-03-09T02:05:03.000,0.0,0.0,0.34,21.63,20.45,107950,-48.75,-17.0,0.374
2022-03-09T02:06:03.000,0.0,0.0,0.33,21.66,20.45,107951,-48.62,-17.0,0.374
2022-03-09T02:07:03.000,0.0,0.0,0.33,21.66,20.45,107952,-48.49,-17.0,0.374
2022-03-09T02:08:03.000,0.0,0.0,0.3,21.75,20.45,107953,-48.35,-18.0,0.374
2022-03-09T02:09:03.000,0.0,0.0,0.3,21.76,20.45,107954,-48.22,-18.0,0.374
2022-03-09T02:10:03.000,0.0,0.0,0.3,21.76,20.45,107955,-48.08,-18.0,0.374
2022-03-09T02:11:03.000,0.0,0.0,0.3,21.75,20.45,107956,-47.95,-18.0,0.374
2022-03-09T02:12:03.000,0.0,0.0,0.3,21.76,20.45,107957,-47.81,-18.0,0.374
2022-03-09T02:13:03.000,0.0,0.0,0.3,21.76,20.45,107958,-47.67,-18.0,0.374
2022-03-09T02:14:03.000,0.0,0.0,0.3,21.76,20.45,107959,-47.53,-18.0,0.374
2022-03-09T02:15:03.000,0.0,0.0,0.3,21.76,20.45,107960,-47.39,-18.0,0.374
2022-03-09T02:16:03.000,0.0,0.0,0.3,21.76,20.45,107961,-47.25,-19.0,0.374
2022-03-09T02:17:03.000,0.0,0.0,0.3,21.76,20.45,107962,-47.11,-19.0,0.375
2022-03-09T02:18:04.000,0.0,0.0,0.3,21.76,20.45,107963,-46.97,-19.0,0.375
2022-03-09T02:19:04.000,0.0,0.0,0.3,21.76,20.45,107964,-46.83,-19.0,0.375
2022-03-09T02:20:04.000,0.0,0.0,0.3,21.76,20.45,107965,-46.68,-19.0,0.375
2022-03-09T02:21:04.000,0.0,0.0,0.3,21.76,20.45,107966,-46.54,-19.0,0.375
2022-03-09T02:22:04.000,0.0,0.0,0.3,21.76,20.45,107967,-46.4,-19.0,0.375
2022-03-09T02:23:04.000,0.0,0.0,0.3,21.76,20.45,107968,-46.25,-19.0,0.375
2022-03-09T02:24:04.000,0.0,0.0,0.3,21.76,20.45,107969,-46.11,-20.0,0.375
2022-03-09T02:25:04.000,0.0,0.0,0.3,21.76,20.45,107970,-45.96,-20.0,0.375
2022-03-09T02:26:04.000,0.0,0.0,0.3,21.76,20.45,107971,-45.81,-20.0,0.375
2022-03-09T02:27:04.000,0.0,0.0,0.3,21.75,20.45,107972,-45.66,-20.0,0.375
2022-03-09T02:28:04.000,0.0,0.0,0.3,21.76,20.45,107973,-45.52,-20.0,0.375
2022-03-09T02:29:04.000,0.0,0.0,0.3,21.76,20.45,107974,-45.37,-20.0,0.375
2022-03-09T02:30:04.000,0.0,0.0,0.3,21.75,20.45,107975,-45.22,-20.0,0.375
2022-03-09T02:31:04.000,0.0,0.0,0.3,21.75,20.45,107976,-45.07,-20.0,0.375
2022-03-09T02:32:04.000,0.0,0.0,0.3,21.75,20.45,107977,-44.92,-21.0,0.375
2022-03-09T02:33:04.000,0.0,0.0,0.3,21.75,20.45,107978,-44.77,-21.0,0.376
2022-03-09T02:34:04.000,0.0,0.0,0.3,21.75,20.45,107979,-44.61,-21.0,0.376
2022-03-09T02:35:05.000,0.0,0.0,0.3,21.75,20.45,107980,-44.46,-21.0,0.376
2022-03-09T02:36:05.000,0.0,0.0,0.3,21.75,20.45,107981,-44.31,-21.0,0.376
2022-03-09T02:37:05.000,0.0,0.0,0.3,21.74,20.45,107982,-44.15,-21.0,0.376
2022-03-09T02:38:05.000,0.0,0.0,0.3,21.74,20.45,107983,-44.0,-21.0,0.376
2022-03-09T02:39:05.000,0.0,0.0,0.3,21.74,20.45,107984,-43.84,-21.0,0.376
2022-03-09T02:40:05.000,0.0,0.0,0.3,21.74,20.45,107985,-43.69,-21.0,0.376
2022-03-09T02:41:05.000,0.0,0.0,0.3,21.74,20.45,107986,-43.53,-22.0,0.376
2022-03-09T02:42:05.000,0.0,0.0,0.3,21.74,20.45,107987,-43.37,-22.0,0.376
2022-03-09T02:43:05.000,0.0,0.0,0.31,21.74,20.45,107988,-43.22,-22.0,0.376
2022-03-09T02:44:05.000,0.0,0.0,0.31,21.74,20.45,107989,-43.06,-22.0,0.376
2022-03-09T02:45:05.000,0.0,0.0,0.31,21.73,20.45,107990,-42.9,-22.0,0.376
2022-03-09T02:46:05.000,0.0,0.0,0.31,21.74,20.45,107991,-42.74,-22.0,0.376
2022-03-09T02:47:05.000,0.0,0.0,0.31,21.73,20.45,107992,-42.58,-22.0,0.376
2022-03-09T02:48:05.000,0.0,0.0,0.31,21.73,20.45,107993,-42.42,-22.0,0.376
2022-03-09T02:49:05.000,0.0,0.0,0.31,21.73,20.45,107994,-42.26,-22.0,0.377
2022-03-09T02:50:05.000,0.0,0.0,0.31,21.73,20.45,107995,-42.1,-23.0,0.377
2022-03-09T02:51:06.000,0.0,0.0,0.31,21.73,20.45,107996,-41.94,-23.0,0.377
2022-03-09T02:52:06.000,0.0,0.0,0.31,21.73,20.45,107997,-41.78,-23.0,0.377
2022-03-09T02:53:06.000,0.0,0.0,0.31,21.73,20.45,107998,-41.61,-23.0,0.377
2022-03-09T02:54:06.000,0.0,0.0,0.31,21.73,20.45,107999,-41.45,-23.0,0.377
2022-03-09T02:55:06.000,0.0,0.0,0.31,21.72,20.45,108000,-41.29,-23.0,0.377
2022-03-09T02:56:06.000,0.0,0.0,0.31,21.72,20.45,108001,-41.12,-23.0,0.377
2022-03-09T02:57:06.000,0.0,0.0,0.31,21.72,20.45,108002,-40.96,-23.0,0.377
2022-03-09T02:58:06.000,0.0,0.0,0.31,21.71,20.45,108003,-40.79,-23.0,0.377
2022-03-09T02:59:06.000,0.0,0.0,0.31,21.71,20.45,108004,-40.63,-23.0,0.377
2022-03-09T03:00:06.000,0.0,0.0,0.31,21.71,20.45,108005,-40.46,-24.0,0.377
2022-03-09T03:01:06.000,0.0,0.0,0.32,21.7,20.45,108006,-40.3,-24.0,0.377
2022-03-09T03:02:06.000,0.0,0.0,0.32,21.7,20.45,108007,-40.13,-24.0,0.377
2022-03-09T03:03:06.000,0.0,0.0,0.32,21.7,20.45,108008,-39.96,-24.0,0.377
2022-03-09T03:04:06.000,0.0,0.0,0.32,21.7,20.45,108009,-39.8,-24.0,0.378
2022-03-09T03:05:06.000,0.0,0.0,0.32,21.7,20.45,108010,-39.63,-24.0,0.378
2022-03-09T03:06:06.000,0.0,0.0,0.32,21.69,20.45,108011,-39.46,-24.0,0.378
2022-03-09T03:07:07.000,0.0,0.0,0.32,21.69,20.45,108012,-39.29,-24.0,0.378
2022-03-09T03:08:07.000,0.0,0.0,0.32,21.69,20.45,108013,-39.12,-24.0,0.378
2022-03-09T03:09:07.000,0.0,0.0,0.32,21.69,20.45,108014,-38.95,-24.0,0.378
2022-03-09T03:10:07.000,0.0,0.0,0.32,21.69,20.45,108015,-38.78,-25.0,0.378
2022-03-09T03:11:07.000,0.0,0.0,0.32,21.68,20.45,108016,-38.61,-25.0,0.378
2022-03-09T03:12:07.000,0.0,0.0,0.32,21.68,20.45,108017,-38.44,-25.0,0.378
2022-03-09T03:13:07.000,0.0,0.0,0.32,21.68,20.45,108018,-38.27,-25.0,0.378
2022-03-09T03:14:07.000,0.0,0.0,0.32,21.68,20.45,108019,-38.1,-25.0,0.378
2022-03-09T03:15:07.000,0.0,0.0,0.32,21.67,20.45,108020,-37.92,-25.0,0.378
2022-03-09T03:16:07.000,0.0,0.0,0.32,21.67,20.45,108021,-37.75,-25.0,0.378
2022-03-09T03:17:07.000,0.0,0.0,0.33,21.67,20.45,108022,-37.58,-25.0,0.378
2022-03-09T03:18:07.000,0.0,0.0,0.33,21.67,20.45,108023,-37.41,-25.0,0.378
2022-03-09T03:19:07.000,0.0,0.0,0.33,21.67,20.45,108024,-37.23,-25.0,0.378
2022-03-09T03:20:07.000,0.0,0.0,0.33,21.67,20.45,108025,-37.06,-25.0,0.379
2022-03-09T03:21:07.000,0.0,0.0,0.33,21.66,20.45,108026,-36.88,-26.0,0.379
2022-03-09T03:22:07.000,0.0,0.0,0.33,21.66,20.45,108027,-36.71,-26.0,0.379
2022-03-09T03:23:07.000,0.0,0.0,0.33,21.66,20.45,108028,-36.53,-26.0,0.379
2022-03-09T03:24:08.000,0.0,0.0,0.33,21.66,20.45,108029,-36.36,-26.0,0.379
2022-03-09T03:25:08.000,0.0,0.0,0.33,21.66,20.45,108030,-36.18,-26.0,0.379
2022-03-09T03:26:08.000,0.0,0.0,0.33,21.66,20.45,108031,-36.0,-26.0,0.379
2022-03-09T03:27:08.000,0.0,0.0,0.33,21.66,20.45,108032,-35.83,-26.0,0.379
2022-03-09T03:28:08.000,0.0,0.0,0.33,21.66,20.45,108033,-35.65,-26.0,0.379
