Downloads/jupyter/ECSV/stars289/stars289_2022-03.ecsv
# %ECSV 1.0
# ---
# datatype:
# - {name: time, datatype: string}
# - {name: Enclosure Temperature, unit: deg_C, datatype: float64}
# - {name: Sky Temperature, unit: deg_C, datatype: float64}
# - {name: Frequency, unit: Hz, datatype: float64}
# - {name: MSAS, unit: mag / arcsec2, datatype: float64}
# - {name: ZP, datatype: float64}
# - {name: Sequence Number, datatype: int64}
# - {name: Sun Alt, unit: deg, datatype: float64}
# - {name: Moon Alt, unit: deg, datatype: float64}
# - {name: Moon Illumination, datatype: float64}
# delimiter: ','
# meta: !!omap
# - ida:
#     Data supplier: {affiliation: Astrocamp, observer: "Agust\xEDn Nu\xF1ez"}
#     Device type: TESS-W
#     Field of view: 17.0
#     Filters per channel: None
#     Instrument ID: stars289
#     License: ODbL 1.0 http://opendatacommons.org/licenses/odbl/summary/
#     Local timezone: Europe/Madrid
#     Location name: {country: '- Astrocamp', place: Nerpio, region: Spain, sub_region: Castile-La Mancha, town: Albacete}
#     Measurement direction per channel: {azimuth: 0.0, zenital: 0.0}
#     Moving / Fixed look direction: FIXED
#     Moving / Stationary position: STATIONARY
#     Number of channels: 1
#     Number of fields per line: 8
#     Number of header lines: 35
#     Position: {height: 0.0, latitude: 38.1657813, longitude: -2.3268926}
#     TESS MAC address: 5C:CF:7F:76:60:EC
#     TESS cover offset value: 0.0
#     TESS firmware version: '1.0'
#     TESS zero point: 20.45
#     Time Synchronization: timestamp added by MQTT subscriber
#     URL: http://www.darksky.org/NSBM/sdf1.0.pdf
# - __serialized_columns__:
#     Enclosure Temperature:
#       __class__: astropy.units.quantity.Quantity
#       unit: &id001 !astropy.units.Unit {unit: deg_C}
#       value: !astropy.table.SerializedColumn {name: Enclosure Temperature}
#     Frequency:
#       __class__: astropy.units.quantity.Quantity
#       unit: !astropy.units.Unit {unit: Hz}
#       value: !astropy.table.SerializedColumn {name: Frequency}
#     MSAS:
#       __class__: astropy.units.quantity.Quantity
#       unit: !astropy.units.Unit {unit: mag / arcsec2}
#       value: !astropy.table.SerializedColumn {name: MSAS}
#     Moon Alt:
#       __class__: astropy.units.quantity.Quantity
#       unit: &id002 !astropy.units.Unit {unit: deg}
#       value: !astropy.table.SerializedColumn {name: Moon Alt}
#     Sky Temperature:
#       __class__: astropy.units.quantity.Quantity
#       unit: *id001
#       value: !astropy.table.SerializedColumn {name: Sky Temperature}
#     Sun Alt:
#       __class__: astropy.units.quantity.Quantity
#       unit: *id002
#       value: !astropy.table.SerializedColumn {name: Sun Alt}
#     time:
#       __class__: astropy.time.core.Time
#       format: isot
#       in_subfmt: '*'
#       out_subfmt: '*'
#       precision: 3
#       scale: utc
#       value: !astropy.table.SerializedColumn {name: time}
# schema: astropy-2.0
time,Enclosure Temperature,Sky Temperature,Frequency,MSAS,ZP,Sequence Number,Sun Alt,Moon Alt,Moon Illumination
[from data line 21823]
2022-03-29T04:32:47.000,0.0,0.0,0.34,21.62,20.45,136733,-17.45,-5.0,0.11
2022-03-29T04:33:47.000,0.0,0.0,0.34,21.62,20.45,136734,-17.26,-4.0,0.11
2022-03-29T04:34:47.000,0.0,0.0,0.34,21.63,20.45,136735,-17.07,-4.0,0.11
2022-03-29T04:35:47.000,0.0,0.0,0.34,21.62,20.45,136736,-16.89,-4.0,0.11
2022-03-29T04:36:47.000,0.0,0.0,0.34,21.62,20.45,136737,-16.7,-4.0,0.11
2022-03-29T04:37:47.000,0.0,0.0,0.34,21.62,20.45,136738,-16.51,-4.0,0.11
2022-03-29T04:38:47.000,0.0,0.0,0.34,21.61,20.45,136739,-16.33,-3.0,0.11
2022-03-29T04:39:47.000,0.0,0.0,0.35,21.6,20.45,136740,-16.14,-3.0,0.11
2022-03-29T04:40:47.000,0.0,0.0,0.35,21.59,20.45,136741,-15.95,-3.0,0.11
2022-03-29T04:41:47.000,0.0,0.0,0.36,21.57,20.45,136742,-15.76,-3.0,0.11
2022-03-29T04:42:47.000,0.0,0.0,0.37,21.53,20.45,136743,-15.58,-3.0,0.11
2022-03-29T04:43:47.000,0.0,0.0,0.37,21.53,20.45,136744,-15.39,-3.0,0.11
2022-03-29T04:44:47.000,0.0,0.0,0.37,21.53,20.45,136745,-15.2,-2.0,0.11
2022-03-29T04:45:47.000,0.0,0.0,0.38,21.5,20.45,136746,-15.01,-2.0,0.11
2022-03-29T04:46:48.000,0.0,0.0,0.39,21.47,20.45,136747,-14.82,-2.0,0.11
2022-03-29T04:47:48.000,0.0,0.0,0.4,21.44,20.45,136748,-14.63,-2.0,0.11
2022-03-29T04:48:48.000,0.0,0.0,0.42,21.4,20.45,136749,-14.44,-2.0,0.11
2022-03-29T04:49:48.000,0.0,0.0,0.43,21.36,20.45,136750,-14.25,-1.0,0.11
2022-03-29T04:50:48.000,0.0,0.0,0.45,21.31,20.45,136751,-14.06,-1.0,0.11
2022-03-29T04:51:48.000,0.0,0.0,0.48,21.25,20.45,136752,-13.88,-1.0,0.11
2022-03-29T04:52:48.000,0.0,0.0,0.5,21.19,20.45,136753,-13.69,-1.0,0.11
2022-03-29T04:53:48.000,0.0,0.0,0.54,21.12,20.45,136754,-13.5,-1.0,0.109
2022-03-29T04:54:48.000,0.0,0.0,0.58,21.05,20.45,136755,-13.31,-1.0,0.109
2022-03-29T04:55:48.000,0.0,0.0,0.63,20.96,20.45,136756,-13.12,-0.0,0.109
2022-03-29T04:56:48.000,0.0,0.0,0.69,20.86,20.45,136757,-12.93,-0.0,0.109
2022-03-29T04:57:48.000,0.0,0.0,0.75,20.76,20.45,136758,-12.74,0.0,0.109
2022-03-29T04:58:48.000,0.0,0.0,0.83,20.65,20.45,136759,-12.55,0.0,0.109
2022-03-29T04:59:48.000,0.0,0.0,0.93,20.53,20.45,136760,-12.36,0.0,0.109
2022-03-29T05:00:48.000,0.0,0.0,1.03,20.42,20.45,136761,-12.16,1.0,0.109
2022-03-29T05:01:48.000,0.0,0.0,1.17,20.28,20.45,136762,-11.97,1.0,0.109
2022-03-29T05:02:49.000,0.0,0.0,1.34,20.13,20.45,136763,-11.78,1.0,0.109
2022-03-29T05:03:49.000,0.0,0.0,1.41,20.08,20.45,136764,-11.59,1.0,0.109
2022-03-29T05:04:49.000,0.0,0.0,1.56,19.97,20.45,136765,-11.4,1.0,0.109
2022-03-29T05:05:49.000,0.0,0.0,1.65,19.91,20.45,136766,-11.21,1.0,0.109
2022-03-29T05:06:49.000,0.0,0.0,1.81,19.81,20.45,136767,-11.01,2.0,0.109
2022-03-29T05:07:49.000,0.0,0.0,2.03,19.68,20.45,136768,-10.82,2.0,0.109
2022-03-29T05:08:49.000,0.0,0.0,2.4,19.5,20.45,136769,-10.63,2.0,0.109
2022-03-29T05:09:49.000,0.0,0.0,2.97,19.27,20.45,136770,-10.44,2.0,0.109
2022-03-29T05:10:49.000,0.0,0.0,4.21,18.89,20.45,136771,-10.25,2.0,0.109
2022-03-29T05:11:49.000,0.0,0.0,4.67,18.78,20.45,136772,-10.06,3.0,0.109
2022-03-29T05:12:49.000,0.0,0.0,5.24,18.65,20.45,136773,-9.86,3.0,0.109
2022-03-29T05:13:49.000,0.0,0.0,6.06,18.5,20.45,136774,-9.67,3.0,0.109
2022-03-29T05:14:49.000,0.0,0.0,7.29,18.3,20.45,136775,-9.48,3.0,0.108
2022-03-29T05:15:49.000,0.0,0.0,10.01,17.95,20.45,136776,-9.29,3.0,0.108
2022-03-29T05:16:49.000,0.0,0.0,13.37,17.64,20.45,136777,-9.09,3.0,0.108
2022-03-29T05:17:49.000,0.0,0.0,16.26,17.43,20.45,136778,-8.9,4.0,0.108
2022-03-29T05:18:50.000,0.0,0.0,19.97,17.2,20.45,136779,-8.7,4.0,0.108
2022-03-29T05:19:50.000,0.0,0.0,26.65,16.89,20.45,136780,-8.51,4.0,0.108
2022-03-29T05:20:50.000,0.0,0.0,36.01,16.56,20.45,136781,-8.32,4.0,0.108
2022-03-29T05:21:50.000,0.0,0.0,45.0,16.32,20.45,136782,-8.12,4.0,0.108
2022-03-29T05:22:50.000,0.0,0.0,50.24,16.2,20.45,136783,-7.93,4.0,0.108
2022-03-29T05:23:50.000,0.0,0.0,57.84,16.05,20.45,136784,-7.74,5.0,0.108
2022-03-29T05:24:50.000,0.0,0.0,79.16,15.71,20.45,136785,-7.54,5.0,0.108
2022-03-29T05:25:50.000,0.0,0.0,95.0,15.51,20.45,136786,-7.35,5.0,0.108
2022-03-29T05:26:50.000,0.0,0.0,102.92,15.42,20.45,136787,-7.16,5.0,0.108
2022-03-29T05:27:50.000,0.0,0.0,130.48,15.16,20.45,136788,-6.96,5.0,0.108
2022-03-29T05:28:50.000,0.0,0.0,164.87,14.91,20.45,136789,-6.77,5.0,0.108
2022-03-29T05:29:50.000,0.0,0.0,214.39,14.63,20.45,136790,-6.58,6.0,0.108
2022-03-29T05:30:50.000,0.0,0.0,324.13,14.18,20.45,136791,-6.38,6.0,0.108
2022-03-29T05:31:50.000,0.0,0.0,404.74,13.93,20.45,136792,-6.19,6.0,0.108
2022-03-29T05:32:50.000,0.0,0.0,468.54,13.77,20.45,136793,-5.99,6.0,0.108
2022-03-29T05:33:50.000,0.0,0.0,561.78,13.58,20.45,136794,-5.8,6.0,0.108
2022-03-29T05:34:50.000,0.0,0.0,759.59,13.25,20.45,136795,-5.6,7.0,0.108
2022-03-29T05:35:51.000,0.0,0.0,954.89,13.0,20.45,136796,-5.41,7.0,0.107
2022-03-29T05:36:51.000,0.0,0.0,1175.74,12.78,20.45,136797,-5.21,7.0,0.107
2022-03-29T05:37:51.000,0.0,0.0,1525.33,12.49,20.45,136798,-5.02,7.0,0.107
2022-03-29T05:38:51.000,0.0,0.0,1979.13,12.21,20.45,136799,-4.82,7.0,0.107
2022-03-29T05:39:58.000,0.0,0.0,2662.04,11.89,20.45,136800,-4.6,7.0,0.107
2022-03-29T05:40:57.000,0.0,0.0,3378.02,11.63,20.45,136801,-4.41,8.0,0.107
2022-03-29T05:41:57.000,0.0,0.0,4052.13,11.43,20.45,136802,-4.22,8.0,0.107
2022-03-29T05:42:57.000,0.0,0.0,5114.96,11.18,20.45,136803,-4.02,8.0,0.107
2022-03-29T05:43:57.000,0.0,0.0,6645.28,10.9,20.45,136804,-3.83,8.0,0.107
2022-03-29T05:44:57.000,0.0,0.0,8315.09,10.65,20.45,136805,-3.63,8.0,0.107
2022-03-29T05:45:57.000,0.0,0.0,10098.3,10.44,20.45,136806,-3.44,8.0,0.107
2022-03-29T05:46:57.000,0.0,0.0,12615.79,10.2,20.45,136807,-3.24,9.0,0.107
2022-03-29T05:47:58.000,0.0,0.0,15797.46,9.96,20.45,136808,-3.04,9.0,0.107
2022-03-29T05:48:58.000,0.0,0.0,19610.5,9.72,20.45,136809,-2.85,9.0,0.107
2022-03-29T05:49:58.000,0.0,0.0,23922.92,9.57,20.45,136810,-2.65,9.0,0.107
2022-03-29T05:50:58.000,0.0,0.0,30009.06,9.26,20.45,136811,-2.46,9.0,0.107
2022-03-29T05:51:58.000,0.0,0.0,36913.63,9.03,20.45,136812,-2.26,9.0,0.107
2022-03-29T05:52:58.000,0.0,0.0,43462.57,8.86,20.45,136813,-2.07,10.0,0.107
2022-03-29T05:53:58.000,0.0,0.0,50243.74,8.7,20.45,136814,-1.87,10.0,0.107
2022-03-29T05:56:17.000,0.0,0.0,50917.5,0.61,20.45,136816,-1.42,10.0,0.106
2022-03-29T05:57:17.000,0.0,0.0,50000.0,0.0,20.45,136817,-1.22,10.0,0.106
2022-03-29T05:58:17.000,0.0,0.0,50000.0,0.0,20.45,136818,-1.02,10.0,0.106
2022-03-29T05:59:17.000,0.0,0.0,50000.0,0.0,20.45,136819,-0.83,11.0,0.106
2022-03-29T06:00:17.000,0.0,0.0,50000.0,0.0,20.45,136820,-0.63,11.0,0.106
2022-03-29T06:01:17.000,0.0,0.0,49462.57,0.19,20.45,136821,-0.44,11.0,0.106
2022-03-29T06:02:18.000,0.0,0.0,50000.0,0.0,20.45,136822,-0.24,11.0,0.106
2022-03-29T06:03:18.000,0.0,0.0,49020.19,0.33,20.45,136823,-0.04,11.0,0.106
2022-03-29T06:04:18.000,0.0,0.0,50000.0,0.0,20.45,136824,0.16,11.0,0.106
2022-03-29T06:05:18.000,0.0,0.0,50000.0,0.0,20.45,136825,0.35,12.0,0.106
2022-03-29T06:06:18.000,0.0,0.0,50000.0,0.0,20.45,136826,0.55,12.0,0.106
2022-03-29T06:07:18.000,0.0,0.0,50000.0,0.0,20.45,136827,0.74,12.0,0.106
2022-03-29T06:08:18.000,0.0,0.0,50000.0,0.0,20.45,136828,0.94,12.0,0.106
2022-03-29T06:09:18.000,0.0,0.0,50000.0,0.0,20.45,136829,1.14,12.0,0.106
2022-03-29T06:10:18.000,0.0,0.0,49704.32,0.1,20.45,136830,1.33,12.0,0.106
2022-03-29T06:11:18.000,0.0,0.0,50000.0,0.0,20.45,136831,1.53,13.0,0.106
2022-03-29T06:12:18.000,0.0,0.0,50000.0,0.0,20.45,136832,1.73,13.0,0.106
2022-03-29T06:13:18.000,0.0,0.0,49732.78,0.09,20.45,136833,1.92,13.0,0.106
2022-03-29T06:14:18.000,0.0,0.0,50000.0,0.0,20.45,136834,2.12,13.0,0.106
2022-03-29T06:15:18.000,0.0,0.0,50000.0,0.0,20.45,136835,2.32,13.0,0.106
2022-03-29T06:16:18.000,0.0,0.0,50000.0,0.0,20.45,136836,2.51,13.0,0.106
2022-03-29T07:59:25.000,0.0,0.0,50000.0,0.0,20.45,136939,22.63,28.0,0.101
2022-03-29T08:00:25.000,0.0,0.0,50000.0,0.0,20.45,136940,22.82,28.0,0.101
2022-03-29T08:01:25.000,0.0,0.0,50000.0,0.0,20.45,136941,23.01,28.0,0.101
2022-03-29T08:03:44.000,0.0,0.0,50000.0,0.0,20.45,136943,23.45,28.0,0.101
2022-03-29T08:04:44.000,0.0,0.0,50000.0,0.0,20.45,136944,23.64,28.0,0.1
2022-03-29T08:05:44.000,0.0,0.0,50000.0,0.0,20.45,136945,23.83,29.0,0.1
2022-03-29T10:16:52.000,0.0,0.0,50000.0,0.0,20.45,137076,46.18,36.0,0.094
2022-03-29T10:17:53.000,0.0,0.0,50000.0,0.0,20.45,137077,46.32,36.0,0.094
2022-03-29T10:18:53.000,0.0,0.0,50000.0,0.0,20.45,137078,46.46,36.0,0.094
2022-03-29T10:21:12.000,0.0,0.0,50000.0,0.0,20.45,137080,46.78,36.0,0.094
2022-03-29T10:22:12.000,0.0,0.0,50000.0,0.0,20.45,137081,46.91,36.0,0.094
2022-03-29T10:23:12.000,0.0,0.0,50000.0,0.0,20.45,137082,47.05,36.0,0.094
2022-03-29T10:45:13.000,0.0,0.0,50000.0,0.0,20.45,137104,49.8,36.0,0.093
2022-03-29T10:46:13.000,0.0,0.0,50000.0,0.0,20.45,137105,49.91,36.0,0.093
2022-03-29T10:47:13.000,0.0,0.0,50000.0,0.0,20.45,137106,50.03,36.0,0.093
2022-03-29T10:49:33.000,0.0,0.0,50000.0,0.0,20.45,137108,50.29,35.0,0.093
2022-03-29T10:50:33.000,0.0,0.0,50000.0,0.0,20.45,137109,50.4,35.0,0.093
2022-03-29T10:51:33.000,0.0,0.0,50000.0,0.0,20.45,137110,50.51,35.0,0.093
2022-03-29T12:01:37.000,0.0,0.0,50000.0,0.0,20.45,137180,55.2,31.0,0.09
2022-03-29T12:02:37.000,0.0,0.0,50000.0,0.0,20.45,137181,55.21,31.0,0.09
2022-03-29T12:03:37.000,0.0,0.0,50000.0,0.0,20.45,137182,55.23,30.0,0.09
2022-03-29T12:05:57.000,0.0,0.0,50000.0,0.0,20.45,137184,55.26,30.0,0.09
2022-03-29T12:06:57.000,0.0,0.0,50000.0,0.0,20.45,137185,55.28,30.0,0.09
2022-03-29T12:07:57.000,0.0,0.0,50000.0,0.0,20.45,137186,55.29,30.0,0.09
2022-03-29T13:03:06.000,0.0,0.0,50000.0,0.0,20.45,137241,53.56,24.0,0.087
2022-03-29T13:04:06.000,0.0,0.0,50000.0,0.0,20.45,137242,53.49,23.0,0.087
2022-03-29T13:05:06.000,0.0,0.0,50000.0,0.0,20.45,137243,53.42,23.0,0.087
2022-03-29T13:07:26.000,0.0,0.0,50000.0,0.0,20.45,137245,53.25,23.0,0.087
2022-03-29T13:08:26.000,0.0,0.0,50000.0,0.0,20.45,137246,53.17,23.0,0.087
2022-03-29T13:09:26.000,0.0,0.0,50000.0,0.0,20.45,137247,53.1,23.0,0.087
2022-03-29T15:02:39.000,0.0,0.0,50000.0,0.0,20.45,137360,38.3,5.0,0.082
2022-03-29T15:03:39.000,0.0,0.0,50000.0,0.0,20.45,137361,38.13,5.0,0.082
2022-03-29T15:04:39.000,0.0,0.0,50000.0,0.0,20.45,137362,37.96,5.0,0.082
2022-03-29T15:06:58.000,0.0,0.0,50000.0,0.0,20.45,137364,37.57,4.0,0.082
2022-03-29T15:07:59.000,0.0,0.0,50000.0,0.0,20.45,137365,37.4,4.0,0.082
2022-03-29T15:08:59.000,0.0,0.0,50000.0,0.0,20.45,137366,37.23,4.0,0.082
2022-03-29T15:47:01.000,0.0,0.0,50000.0,0.0,20.45,137404,30.51,-3.0,0.08
2022-03-29T15:48:01.000,0.0,0.0,50000.0,0.0,20.45,137405,30.33,-3.0,0.08
2022-03-29T15:49:01.000,0.0,0.0,50000.0,0.0,20.45,137406,30.14,-3.0,0.08
2022-03-29T15:51:20.000,0.0,0.0,50000.0,0.0,20.45,137408,29.72,-4.0,0.08
2022-03-29T15:52:20.000,0.0,0.0,50000.0,0.0,20.45,137409,29.53,-4.0,0.08
2022-03-29T15:53:20.000,0.0,0.0,50000.0,0.0,20.45,137410,29.35,-4.0,0.08
2022-03-29T17:06:46.000,0.0,0.0,50000.0,0.0,20.45,137483,15.38,-17.0,0.077
2022-03-29T17:07:46.000,0.0,0.0,50000.0,0.0,20.45,137484,15.19,-18.0,0.077
2022-03-29T17:08:46.000,0.0,0.0,50000.0,0.0,20.45,137485,14.99,-18.0,0.077
2022-03-29T17:16:11.000,0.0,0.0,50000.0,0.0,20.45,2,13.55,-19.0,0.076
2022-03-29T17:17:11.000,0.0,0.0,50000.0,0.0,20.45,3,13.35,-19.0,0.076
2022-03-29T17:18:11.000,0.0,0.0,50000.0,0.0,20.45,4,13.16,-20.0,0.076
2022-03-29T17:40:13.000,0.0,0.0,50000.0,0.0,20.45,26,8.84,-24.0,0.076
2022-03-29T17:41:13.000,0.0,0.0,50000.0,0.0,20.45,27,8.64,-24.0,0.075
2022-03-29T17:42:13.000,0.0,0.0,50000.0,0.0,20.45,28,8.45,-24.0,0.075
2022-03-29T17:44:18.000,0.0,0.0,50000.0,0.0,20.45,30,8.04,-24.0,0.075
2022-03-29T17:45:18.000,0.0,0.0,50000.0,0.0,20.45,31,7.84,-25.0,0.075
2022-03-29T17:47:38.000,0.0,0.0,50000.0,0.0,20.45,33,7.38,-25.0,0.075
2022-03-29T17:48:38.000,0.0,0.0,50000.0,0.0,20.45,34,7.19,-25.0,0.075
2022-03-29T17:49:38.000,0.0,0.0,50000.0,0.0,20.45,35,6.99,-25.0,0.075
2022-03-29T18:08:39.000,0.0,0.0,50000.0,0.0,20.45,54,3.26,-29.0,0.074
2022-03-29T18:09:39.000,0.0,0.0,50000.0,0.0,20.45,55,3.06,-29.0,0.074
2022-03-29T18:10:39.000,0.0,0.0,50000.0,0.0,20.45,56,2.86,-29.0,0.074
2022-03-29T18:12:58.000,0.0,0.0,50000.0,0.0,20.45,58,2.41,-30.0,0.074
2022-03-29T18:13:58.000,0.0,0.0,50000.0,0.0,20.45,59,2.21,-30.0,0.074
2022-03-29T18:14:58.000,0.0,0.0,50000.0,0.0,20.45,60,2.02,-30.0,0.074
2022-03-29T18:17:59.000,0.0,0.0,50000.0,0.0,20.45,63,1.43,-31.0,0.074
2022-03-29T18:18:59.000,0.0,0.0,50000.0,0.0,20.45,64,1.23,-31.0,0.074
2022-03-29T18:19:59.000,0.0,0.0,50000.0,0.0,20.45,65,1.03,-31.0,0.074
2022-03-29T18:20:59.000,0.0,0.0,59795.53,8.04,20.45,66,0.84,-31.0,0.074
2022-03-29T18:21:59.000,0.0,0.0,53908.91,8.62,20.45,67,0.64,-31.0,0.074
2022-03-29T18:22:59.000,0.0,0.0,53977.72,8.62,20.45,68,0.45,-32.0,0.074
2022-03-29T18:23:59.000,0.0,0.0,53665.7,8.63,20.45,69,0.25,-32.0,0.074
2022-03-29T18:24:59.000,0.0,0.0,49493.0,8.71,20.45,70,0.05,-32.0,0.074
2022-03-29T18:25:59.000,0.0,0.0,41006.73,8.92,20.45,71,-0.14,-32.0,0.074
2022-03-29T18:26:59.000,0.0,0.0,33705.68,9.13,20.45,72,-0.34,-32.0,0.074
2022-03-29T18:27:59.000,0.0,0.0,30826.91,9.23,20.45,73,-0.53,-33.0,0.074
2022-03-29T18:28:59.000,0.0,0.0,31069.54,9.22,20.45,74,-0.73,-33.0,0.074
2022-03-29T18:29:59.000,0.0,0.0,31494.67,9.2,20.45,75,-0.92,-33.0,0.074
2022-03-29T18:30:59.000,0.0,0.0,28973.91,9.3,20.45,76,-1.12,-33.0,0.073
2022-03-29T18:31:59.000,0.0,0.0,24519.92,9.57,20.45,77,-1.32,-33.0,0.073
2022-03-29T18:32:59.000,0.0,0.0,21511.54,9.62,20.45,78,-1.51,-34.0,0.073
2022-03-29T18:33:59.000,0.0,0.0,20481.83,9.67,20.45,79,-1.71,-34.0,0.073
2022-03-29T18:35:00.000,0.0,0.0,18725.11,9.77,20.45,80,-1.91,-34.0,0.073
2022-03-29T18:36:00.000,0.0,0.0,16447.83,9.91,20.45,81,-2.1,-34.0,0.073
2022-03-29T18:37:00.000,0.0,0.0,14799.87,10.02,20.45,82,-2.3,-34.0,0.073
2022-03-29T18:38:00.000,0.0,0.0,13678.59,10.11,20.45,83,-2.49,-34.0,0.073
2022-03-29T18:39:00.000,0.0,0.0,12532.96,10.21,20.45,84,-2.69,-35.0,0.073
2022-03-29T18:40:00.000,0.0,0.0,11132.61,10.33,20.45,85,-2.88,-35.0,0.073
2022-03-29T18:41:00.000,0.0,0.0,9208.99,10.54,20.45,86,-3.08,-35.0,0.073
2022-03-29T18:42:00.000,0.0,0.0,7428.91,10.77,20.45,87,-3.27,-35.0,0.073
2022-03-29T18:43:00.000,0.0,0.0,6173.02,10.97,20.45,88,-3.47,-35.0,0.073
2022-03-29T18:44:00.000,0.0,0.0,5251.13,11.15,20.45,89,-3.66,-36.0,0.073
2022-03-29T18:45:00.000,0.0,0.0,4233.13,11.39,20.45,90,-3.86,-36.0,0.073
2022-03-29T18:46:00.000,0.0,0.0,3283.05,11.66,20.45,91,-4.05,-36.0,0.073
2022-03-29T18:47:00.000,0.0,0.0,2567.46,11.93,20.45,92,-4.24,-36.0,0.073
2022-03-29T18:48:00.000,0.0,0.0,2030.33,12.18,20.45,93,-4.44,-36.0,0.073
2022-03-29T18:49:00.000,0.0,0.0,1555.78,12.47,20.45,94,-4.63,-36.0,0.073
2022-03-29T18:50:00.000,0.0,0.0,1230.0,12.73,20.45,95,-4.83,-37.0,0.073
2022-03-29T18:51:01.000,0.0,0.0,1047.7,12.9,20.45,96,-5.03,-37.0,0.073
2022-03-29T18:52:01.000,0.0,0.0,889.3,13.08,20.45,97,-5.22,-37.0,0.073
2022-03-29T18:53:01.000,0.0,0.0,737.54,13.28,20.45,98,-5.41,-37.0,0.073
2022-03-29T18:54:01.000,0.0,0.0,612.5,13.48,20.45,99,-5.61,-37.0,0.073
2022-03-29T18:55:01.000,0.0,0.0,479.67,13.75,20.45,100,-5.8,-38.0,0.073
2022-03-29T18:56:01.000,0.0,0.0,363.8,14.05,20.45,101,-6.0,-38.0,0.072
2022-03-29T18:57:01.000,0.0,0.0,271.11,14.37,20.45,102,-6.19,-38.0,0.072
2022-03-29T18:58:01.000,0.0,0.0,204.3,14.68,20.45,103,-6.38,-38.0,0.072
2022-03-29T18:59:01.000,0.0,0.0,169.1,14.88,20.45,104,-6.58,-38.0,0.072
2022-03-29T19:00:01.000,0.0,0.0,137.67,15.11,20.45,105,-6.77,-38.0,0.072
2022-03-29T19:01:01.000,0.0,0.0,106.44,15.39,20.45,106,-6.96,-39.0,0.072
2022-03-29T19:02:01.000,0.0,0.0,76.9,15.74,20.45,107,-7.16,-39.0,0.072
2022-03-29T19:03:01.000,0.0,0.0,56.4,16.08,20.45,108,-7.35,-39.0,0.072
2022-03-29T19:04:01.000,0.0,0.0,45.83,16.3,20.45,109,-7.54,-39.0,0.072
2022-03-29T19:05:01.000,0.0,0.0,40.4,16.44,20.45,110,-7.74,-39.0,0.072
2022-03-29T19:06:01.000,0.0,0.0,34.59,16.6,20.45,111,-7.93,-40.0,0.072
2022-03-29T19:07:02.000,0.0,0.0,30.29,16.75,20.45,112,-8.13,-40.0,0.072
2022-03-29T19:08:02.000,0.0,0.0,26.7,16.88,20.45,113,-8.32,-40.0,0.072
2022-03-29T19:09:02.000,0.0,0.0,22.99,17.05,20.45,114,-8.51,-40.0,0.072
2022-03-29T19:10:02.000,0.0,0.0,22.76,17.06,20.45,115,-8.7,-40.0,0.072
2022-03-29T19:11:02.000,0.0,0.0,22.22,17.08,20.45,116,-8.9,-40.0,0.072
