Downloads/jupyter/ECSV/stars289/stars289_2022-03.ecsv
# %ECSV 1.0
# ---
# datatype:
# - {name: time, datatype: string}
# - {name: Enclosure Temperature, unit: deg_C, datatype: float64}
# - {name: Sky Temperature, unit: deg_C, datatype: float64}
# - {name: Frequency, unit: Hz, datatype: float64}
# - {name: MSAS, unit: mag / arcsec2, datatype: float64}
# - {name: ZP, datatype: float64}
# - {name: Sequence Number, datatype: int64}
# - {name: Sun Alt, unit: deg, datatype: float64}
# - {name: Moon Alt, unit: deg, datatype: float64}
# - {name: Moon Illumination, datatype: float64}
# delimiter: ','
# meta: !!omap
# - ida:
#     Data supplier: {affiliation: Astrocamp, observer: "Agust\xEDn Nu\xF1ez"}
#     Device type: TESS-W
#     Field of view: 17.0
#     Filters per channel: None
#     Instrument ID: stars289
#     License: ODbL 1.0 http://opendatacommons.org/licenses/odbl/summary/
#     Local timezone: Europe/Madrid
#     Location name: {country: '- Astrocamp', place: Nerpio, region: Spain, sub_region: Castile-La Mancha, town: Albacete}
#     Measurement direction per channel: {azimuth: 0.0, zenital: 0.0}
#     Moving / Fixed look direction: FIXED
#     Moving / Stationary position: STATIONARY
#     Number of channels: 1
#     Number of fields per line: 8
#     Number of header lines: 35
#     Position: {height: 0.0, latitude: 38.1657813, longitude: -2.3268926}
#     TESS MAC address: 5C:CF:7F:76:60:EC
#     TESS cover offset value: 0.0
#     TESS firmware version: '1.0'
#     TESS zero point: 20.45
#     Time Synchronization: timestamp added by MQTT subscriber
#     URL: http://www.darksky.org/NSBM/sdf1.0.pdf
# - __serialized_columns__:
#     Enclosure Temperature:
#       __class__: astropy.units.quantity.Quantity
#       unit: &id001 !astropy.units.Unit {unit: deg_C}
#       value: !astropy.table.SerializedColumn {name: Enclosure Temperature}
#     Frequency:
#       __class__: astropy.units.quantity.Quantity
#       unit: !astropy.units.Unit {unit: Hz}
#       value: !astropy.table.SerializedColumn {name: Frequency}
#     MSAS:
#       __class__: astropy.units.quantity.Quantity
#       unit: !astropy.units.Unit {unit: mag / arcsec2}
#       value: !astropy.table.SerializedColumn {name: MSAS}
#     Moon Alt:
#       __class__: astropy.units.quantity.Quantity
#       unit: &id002 !astropy.units.Unit {unit: deg}
#       value: !astropy.table.SerializedColumn {name: Moon Alt}
#     Sky Temperature:
#       __class__: astropy.units.quantity.Quantity
#       unit: *id001
#       value: !astropy.table.SerializedColumn {name: Sky Temperature}
#     Sun Alt:
#       __class__: astropy.units.quantity.Quantity
#       unit: *id002
#       value: !astropy.table.SerializedColumn {name: Sun Alt}
#     time:
#       __class__: astropy.time.core.Time
#       format: isot
#       in_subfmt: '*'
#       out_subfmt: '*'
#       precision: 3
#       scale: utc
#       value: !astropy.table.SerializedColumn {name: time}
# schema: astropy-2.0
time,Enclosure Temperature,Sky Temperature,Frequency,MSAS,ZP,Sequence Number,Sun Alt,Moon Alt,Moon Illumination
[from data line 22490]
2022-03-30T02:49:44.000,0.0,0.0,0.24,21.98,20.45,572,-34.75,-30.0,0.055
2022-03-30T02:50:44.000,0.0,0.0,0.25,21.96,20.45,573,-34.6,-30.0,0.055
2022-03-30T02:51:44.000,0.0,0.0,0.25,21.95,20.45,574,-34.45,-30.0,0.055
2022-03-30T02:52:44.000,0.0,0.0,0.25,21.95,20.45,575,-34.3,-29.0,0.055
2022-03-30T02:53:44.000,0.0,0.0,0.25,21.97,20.45,576,-34.14,-29.0,0.055
2022-03-30T02:54:44.000,0.0,0.0,0.24,21.98,20.45,577,-33.99,-29.0,0.055
2022-03-30T02:55:44.000,0.0,0.0,0.24,22.01,20.45,578,-33.84,-29.0,0.055
2022-03-30T02:56:44.000,0.0,0.0,0.23,22.03,20.45,579,-33.68,-29.0,0.055
2022-03-30T02:57:44.000,0.0,0.0,0.23,22.05,20.45,580,-33.53,-28.0,0.055
2022-03-30T02:58:44.000,0.0,0.0,0.22,22.07,20.45,581,-33.38,-28.0,0.055
2022-03-30T02:59:44.000,0.0,0.0,0.22,22.08,20.45,582,-33.22,-28.0,0.055
2022-03-30T03:00:44.000,0.0,0.0,0.22,22.08,20.45,583,-33.06,-28.0,0.055
2022-03-30T03:01:44.000,0.0,0.0,0.22,22.08,20.45,584,-32.91,-28.0,0.054
2022-03-30T03:02:45.000,0.0,0.0,0.22,22.08,20.45,585,-32.75,-28.0,0.054
2022-03-30T03:03:45.000,0.0,0.0,0.22,22.08,20.45,586,-32.59,-27.0,0.054
2022-03-30T03:04:45.000,0.0,0.0,0.22,22.09,20.45,587,-32.43,-27.0,0.054
2022-03-30T03:05:45.000,0.0,0.0,0.22,22.08,20.45,588,-32.28,-27.0,0.054
2022-03-30T03:06:45.000,0.0,0.0,0.22,22.09,20.45,589,-32.12,-27.0,0.054
2022-03-30T03:07:45.000,0.0,0.0,0.22,22.08,20.45,590,-31.96,-27.0,0.054
2022-03-30T03:08:45.000,0.0,0.0,0.22,22.08,20.45,591,-31.8,-26.0,0.054
2022-03-30T03:09:45.000,0.0,0.0,0.22,22.07,20.45,592,-31.64,-26.0,0.054
2022-03-30T03:10:45.000,0.0,0.0,0.22,22.07,20.45,593,-31.48,-26.0,0.054
2022-03-30T03:11:45.000,0.0,0.0,0.22,22.08,20.45,594,-31.32,-26.0,0.054
2022-03-30T03:12:45.000,0.0,0.0,0.22,22.09,20.45,595,-31.16,-26.0,0.054
2022-03-30T03:13:45.000,0.0,0.0,0.22,22.1,20.45,596,-30.99,-25.0,0.054
2022-03-30T03:14:45.000,0.0,0.0,0.22,22.11,20.45,597,-30.83,-25.0,0.054
2022-03-30T03:15:45.000,0.0,0.0,0.21,22.12,20.45,598,-30.67,-25.0,0.054
2022-03-30T03:16:45.000,0.0,0.0,0.21,22.14,20.45,599,-30.51,-25.0,0.054
2022-03-30T03:17:45.000,0.0,0.0,0.21,22.16,20.45,600,-30.34,-25.0,0.054
2022-03-30T03:18:45.000,0.0,0.0,0.2,22.18,20.45,601,-30.18,-24.0,0.054
2022-03-30T03:19:46.000,0.0,0.0,0.2,22.19,20.45,602,-30.01,-24.0,0.054
2022-03-30T03:20:46.000,0.0,0.0,0.2,22.2,20.45,603,-29.85,-24.0,0.054
2022-03-30T03:21:46.000,0.0,0.0,0.2,22.21,20.45,604,-29.68,-24.0,0.054
2022-03-30T03:22:46.000,0.0,0.0,0.2,22.22,20.45,605,-29.52,-24.0,0.054
2022-03-30T03:23:46.000,0.0,0.0,0.2,22.22,20.45,606,-29.35,-24.0,0.054
2022-03-30T03:24:46.000,0.0,0.0,0.2,22.22,20.45,607,-29.19,-23.0,0.054
2022-03-30T03:25:46.000,0.0,0.0,0.2,22.22,20.45,608,-29.02,-23.0,0.054
2022-03-30T03:26:46.000,0.0,0.0,0.2,22.22,20.45,609,-28.85,-23.0,0.054
2022-03-30T03:27:46.000,0.0,0.0,0.2,22.22,20.45,610,-28.68,-23.0,0.054
2022-03-30T03:28:46.000,0.0,0.0,0.2,22.21,20.45,611,-28.52,-23.0,0.054
2022-03-30T03:31:05.000,0.0,0.0,0.2,22.18,20.45,613,-28.13,-22.0,0.053
2022-03-30T03:32:05.000,0.0,0.0,0.21,22.17,20.45,614,-27.96,-22.0,0.053
2022-03-30T03:33:05.000,0.0,0.0,0.21,22.16,20.45,615,-27.79,-22.0,0.053
2022-03-30T03:34:06.000,0.0,0.0,0.21,22.16,20.45,616,-27.62,-22.0,0.053
2022-03-30T03:35:06.000,0.0,0.0,0.21,22.16,20.45,617,-27.45,-21.0,0.053
2022-03-30T03:36:06.000,0.0,0.0,0.21,22.16,20.45,618,-27.27,-21.0,0.053
2022-03-30T03:37:06.000,0.0,0.0,0.21,22.16,20.45,619,-27.1,-21.0,0.053
2022-03-30T03:38:06.000,0.0,0.0,0.21,22.16,20.45,620,-26.93,-21.0,0.053
2022-03-30T03:39:06.000,0.0,0.0,0.21,22.16,20.45,621,-26.76,-21.0,0.053
2022-03-30T03:40:06.000,0.0,0.0,0.21,22.16,20.45,622,-26.59,-20.0,0.053
2022-03-30T03:41:06.000,0.0,0.0,0.21,22.16,20.45,623,-26.42,-20.0,0.053
2022-03-30T03:42:06.000,0.0,0.0,0.21,22.14,20.45,624,-26.24,-20.0,0.053
2022-03-30T03:43:06.000,0.0,0.0,0.21,22.13,20.45,625,-26.07,-20.0,0.053
2022-03-30T03:44:06.000,0.0,0.0,0.21,22.13,20.45,626,-25.9,-20.0,0.053
2022-03-30T03:45:06.000,0.0,0.0,0.21,22.13,20.45,627,-25.73,-19.0,0.053
2022-03-30T03:46:06.000,0.0,0.0,0.21,22.12,20.45,628,-25.55,-19.0,0.053
2022-03-30T03:47:06.000,0.0,0.0,0.22,22.11,20.45,629,-25.38,-19.0,0.053
2022-03-30T03:48:06.000,0.0,0.0,0.22,22.1,20.45,630,-25.2,-19.0,0.053
2022-03-30T03:49:06.000,0.0,0.0,0.22,22.11,20.45,631,-25.03,-19.0,0.053
2022-03-30T03:50:07.000,0.0,0.0,0.21,22.14,20.45,632,-24.85,-18.0,0.053
2022-03-30T03:51:07.000,0.0,0.0,0.21,22.17,20.45,633,-24.67,-18.0,0.053
2022-03-30T03:52:07.000,0.0,0.0,0.2,22.2,20.45,634,-24.5,-18.0,0.053
2022-03-30T03:53:07.000,0.0,0.0,0.2,22.22,20.45,635,-24.32,-18.0,0.053
2022-03-30T03:54:07.000,0.0,0.0,0.2,22.22,20.45,636,-24.15,-18.0,0.053
2022-03-30T03:55:07.000,0.0,0.0,0.2,22.2,20.45,637,-23.97,-18.0,0.053
2022-03-30T03:56:07.000,0.0,0.0,0.21,22.14,20.45,638,-23.79,-17.0,0.053
2022-03-30T03:57:07.000,0.0,0.0,0.21,22.13,20.45,639,-23.62,-17.0,0.053
2022-03-30T03:58:07.000,0.0,0.0,0.22,22.11,20.45,640,-23.44,-17.0,0.053
2022-03-30T03:59:07.000,0.0,0.0,0.21,22.13,20.45,641,-23.26,-17.0,0.053
2022-03-30T04:00:07.000,0.0,0.0,0.21,22.14,20.45,642,-23.08,-17.0,0.052
2022-03-30T04:01:07.000,0.0,0.0,0.21,22.15,20.45,643,-22.9,-16.0,0.052
2022-03-30T04:02:07.000,0.0,0.0,0.21,22.15,20.45,644,-22.73,-16.0,0.052
2022-03-30T04:03:07.000,0.0,0.0,0.21,22.13,20.45,645,-22.55,-16.0,0.052
2022-03-30T04:04:07.000,0.0,0.0,0.21,22.13,20.45,646,-22.37,-16.0,0.052
2022-03-30T04:05:07.000,0.0,0.0,0.21,22.13,20.45,647,-22.19,-16.0,0.052
2022-03-30T04:06:08.000,0.0,0.0,0.21,22.12,20.45,648,-22.01,-15.0,0.052
2022-03-30T04:07:08.000,0.0,0.0,0.22,22.12,20.45,649,-21.83,-15.0,0.052
2022-03-30T04:08:08.000,0.0,0.0,0.22,22.1,20.45,650,-21.65,-15.0,0.052
2022-03-30T04:09:08.000,0.0,0.0,0.21,22.13,20.45,651,-21.47,-15.0,0.052
2022-03-30T04:10:08.000,0.0,0.0,0.2,22.21,20.45,652,-21.29,-15.0,0.052
2022-03-30T04:11:08.000,0.0,0.0,0.18,22.3,20.45,653,-21.1,-14.0,0.052
2022-03-30T04:12:08.000,0.0,0.0,0.17,22.36,20.45,654,-20.92,-14.0,0.052
2022-03-30T04:13:08.000,0.0,0.0,0.17,22.38,20.45,655,-20.74,-14.0,0.052
2022-03-30T04:14:08.000,0.0,0.0,0.16,22.46,20.45,656,-20.56,-14.0,0.052
2022-03-30T04:15:08.000,0.0,0.0,0.15,22.53,20.45,657,-20.38,-14.0,0.052
2022-03-30T04:16:08.000,0.0,0.0,0.14,22.57,20.45,658,-20.2,-14.0,0.052
2022-03-30T04:17:08.000,0.0,0.0,0.14,22.58,20.45,659,-20.01,-13.0,0.052
2022-03-30T04:18:08.000,0.0,0.0,0.14,22.59,20.45,660,-19.83,-13.0,0.052
2022-03-30T04:19:08.000,0.0,0.0,0.14,22.61,20.45,661,-19.65,-13.0,0.052
2022-03-30T04:20:08.000,0.0,0.0,0.13,22.63,20.45,662,-19.47,-13.0,0.052
2022-03-30T04:21:08.000,0.0,0.0,0.13,22.69,20.45,663,-19.28,-13.0,0.052
2022-03-30T04:22:09.000,0.0,0.0,0.13,22.64,20.45,664,-19.1,-12.0,0.052
2022-03-30T04:23:09.000,0.0,0.0,0.13,22.68,20.45,665,-18.91,-12.0,0.052
2022-03-30T04:24:09.000,0.0,0.0,0.15,22.54,20.45,666,-18.73,-12.0,0.052
2022-03-30T04:25:09.000,0.0,0.0,0.18,22.32,20.45,667,-18.54,-12.0,0.052
2022-03-30T04:26:09.000,0.0,0.0,0.21,22.17,20.45,668,-18.36,-12.0,0.052
2022-03-30T04:27:09.000,0.0,0.0,0.21,22.15,20.45,669,-18.18,-11.0,0.052
2022-03-30T04:28:09.000,0.0,0.0,0.21,22.14,20.45,670,-17.99,-11.0,0.052
2022-03-30T04:29:09.000,0.0,0.0,0.22,22.11,20.45,671,-17.81,-11.0,0.052
2022-03-30T04:30:09.000,0.0,0.0,0.24,22.02,20.45,672,-17.62,-11.0,0.051
2022-03-30T04:31:09.000,0.0,0.0,0.24,21.99,20.45,673,-17.43,-11.0,0.051
2022-03-30T04:32:09.000,0.0,0.0,0.25,21.94,20.45,674,-17.25,-10.0,0.051
2022-03-30T04:33:09.000,0.0,0.0,0.25,21.96,20.45,675,-17.06,-10.0,0.051
2022-03-30T04:34:09.000,0.0,0.0,0.24,21.99,20.45,676,-16.88,-10.0,0.051
2022-03-30T04:35:09.000,0.0,0.0,0.25,21.95,20.45,677,-16.69,-10.0,0.051
2022-03-30T04:36:09.000,0.0,0.0,0.25,21.95,20.45,678,-16.5,-10.0,0.051
2022-03-30T04:37:09.000,0.0,0.0,0.25,21.94,20.45,679,-16.32,-9.0,0.051
2022-03-30T04:38:09.000,0.0,0.0,0.27,21.89,20.45,680,-16.13,-9.0,0.051
2022-03-30T04:39:10.000,0.0,0.0,0.25,21.95,20.45,681,-15.94,-9.0,0.051
2022-03-30T04:40:10.000,0.0,0.0,0.26,21.93,20.45,682,-15.75,-9.0,0.051
2022-03-30T04:41:10.000,0.0,0.0,0.26,21.9,20.45,683,-15.57,-9.0,0.051
2022-03-30T04:42:10.000,0.0,0.0,0.26,21.9,20.45,684,-15.38,-9.0,0.051
2022-03-30T04:43:10.000,0.0,0.0,0.27,21.88,20.45,685,-15.19,-8.0,0.051
2022-03-30T04:44:10.000,0.0,0.0,0.27,21.88,20.45,686,-15.0,-8.0,0.051
2022-03-30T04:45:10.000,0.0,0.0,0.29,21.81,20.45,687,-14.82,-8.0,0.051
2022-03-30T04:46:10.000,0.0,0.0,0.31,21.71,20.45,688,-14.63,-8.0,0.051
2022-03-30T04:47:10.000,0.0,0.0,0.33,21.65,20.45,689,-14.44,-8.0,0.051
2022-03-30T04:48:10.000,0.0,0.0,0.35,21.6,20.45,690,-14.25,-7.0,0.051
2022-03-30T04:49:10.000,0.0,0.0,0.35,21.59,20.45,691,-14.06,-7.0,0.051
2022-03-30T04:50:10.000,0.0,0.0,0.37,21.54,20.45,692,-13.87,-7.0,0.051
2022-03-30T04:51:10.000,0.0,0.0,0.43,21.38,20.45,693,-13.68,-7.0,0.051
2022-03-30T04:52:10.000,0.0,0.0,0.48,21.25,20.45,694,-13.5,-7.0,0.051
2022-03-30T04:53:10.000,0.0,0.0,0.55,21.1,20.45,695,-13.31,-6.0,0.051
2022-03-30T04:54:10.000,0.0,0.0,0.6,21.01,20.45,696,-13.12,-6.0,0.051
2022-03-30T04:55:11.000,0.0,0.0,0.64,20.93,20.45,697,-12.92,-6.0,0.051
2022-03-30T04:56:11.000,0.0,0.0,0.7,20.83,20.45,698,-12.73,-6.0,0.051
2022-03-30T04:57:11.000,0.0,0.0,0.8,20.69,20.45,699,-12.54,-6.0,0.051
2022-03-30T04:58:11.000,0.0,0.0,0.9,20.57,20.45,700,-12.35,-5.0,0.051
2022-03-30T04:59:11.000,0.0,0.0,1.01,20.45,20.45,701,-12.16,-5.0,0.051
2022-03-30T05:00:11.000,0.0,0.0,1.11,20.33,20.45,702,-11.97,-5.0,0.05
2022-03-30T05:01:11.000,0.0,0.0,1.33,20.14,20.45,703,-11.78,-5.0,0.05
2022-03-30T05:02:11.000,0.0,0.0,1.56,19.97,20.45,704,-11.59,-5.0,0.05
2022-03-30T05:03:11.000,0.0,0.0,1.75,19.84,20.45,705,-11.4,-5.0,0.05
2022-03-30T05:04:11.000,0.0,0.0,1.91,19.75,20.45,706,-11.21,-4.0,0.05
2022-03-30T05:05:11.000,0.0,0.0,2.13,19.63,20.45,707,-11.02,-4.0,0.05
2022-03-30T05:06:11.000,0.0,0.0,2.41,19.49,20.45,708,-10.83,-4.0,0.05
2022-03-30T05:07:11.000,0.0,0.0,2.85,19.32,20.45,709,-10.64,-4.0,0.05
2022-03-30T05:08:11.000,0.0,0.0,3.54,19.08,20.45,710,-10.45,-4.0,0.05
2022-03-30T05:09:11.000,0.0,0.0,4.12,18.92,20.45,711,-10.25,-3.0,0.05
2022-03-30T05:10:11.000,0.0,0.0,4.7,18.77,20.45,712,-10.06,-3.0,0.05
2022-03-30T05:11:12.000,0.0,0.0,5.21,18.66,20.45,713,-9.87,-3.0,0.05
2022-03-30T05:12:12.000,0.0,0.0,6.04,18.5,20.45,714,-9.68,-3.0,0.05
2022-03-30T05:13:12.000,0.0,0.0,7.01,18.34,20.45,715,-9.48,-3.0,0.05
2022-03-30T05:14:12.000,0.0,0.0,7.87,18.21,20.45,716,-9.29,-2.0,0.05
2022-03-30T05:15:12.000,0.0,0.0,9.45,18.02,20.45,717,-9.1,-2.0,0.05
2022-03-30T05:16:12.000,0.0,0.0,11.63,17.79,20.45,718,-8.91,-2.0,0.05
2022-03-30T05:17:12.000,0.0,0.0,14.43,17.56,20.45,719,-8.71,-2.0,0.05
2022-03-30T05:18:12.000,0.0,0.0,19.04,17.26,20.45,720,-8.52,-2.0,0.05
2022-03-30T05:19:12.000,0.0,0.0,23.79,17.01,20.45,721,-8.33,-2.0,0.05
2022-03-30T05:20:12.000,0.0,0.0,29.73,16.77,20.45,722,-8.14,-1.0,0.05
2022-03-30T05:21:12.000,0.0,0.0,38.25,16.45,20.45,723,-7.94,-1.0,0.05
2022-03-30T05:22:12.000,0.0,0.0,47.46,16.27,20.45,724,-7.75,-1.0,0.05
2022-03-30T05:23:12.000,0.0,0.0,65.51,15.91,20.45,725,-7.56,-1.0,0.05
2022-03-30T05:24:12.000,0.0,0.0,83.23,15.65,20.45,726,-7.36,-1.0,0.05
2022-03-30T05:25:12.000,0.0,0.0,110.59,15.34,20.45,727,-7.17,-0.0,0.05
2022-03-30T05:26:12.000,0.0,0.0,133.27,15.14,20.45,728,-6.98,-0.0,0.05
2022-03-30T05:27:13.000,0.0,0.0,159.74,14.94,20.45,729,-6.78,-0.0,0.05
2022-03-30T05:28:13.000,0.0,0.0,196.87,14.72,20.45,730,-6.59,0.0,0.05
2022-03-30T05:29:13.000,0.0,0.0,238.84,14.51,20.45,731,-6.39,0.0,0.05
2022-03-30T05:30:13.000,0.0,0.0,306.52,14.24,20.45,732,-6.2,1.0,0.049
2022-03-30T05:31:13.000,0.0,0.0,371.43,14.03,20.45,733,-6.0,1.0,0.049
2022-03-30T05:32:13.000,0.0,0.0,458.67,13.8,20.45,734,-5.81,1.0,0.049
2022-03-30T05:33:13.000,0.0,0.0,589.78,13.53,20.45,735,-5.62,1.0,0.049
2022-03-30T05:34:13.000,0.0,0.0,725.04,13.3,20.45,736,-5.42,1.0,0.049
2022-03-30T05:35:13.000,0.0,0.0,893.61,13.07,20.45,737,-5.23,1.0,0.049
2022-03-30T05:36:13.000,0.0,0.0,1218.85,12.74,20.45,738,-5.03,2.0,0.049
2022-03-30T05:37:13.000,0.0,0.0,1720.78,12.37,20.45,739,-4.84,2.0,0.049
2022-03-30T05:38:13.000,0.0,0.0,2289.37,12.05,20.45,740,-4.64,2.0,0.049
2022-03-30T05:39:13.000,0.0,0.0,3003.41,11.76,20.45,741,-4.45,2.0,0.049
2022-03-30T05:40:13.000,0.0,0.0,3687.12,11.53,20.45,742,-4.25,2.0,0.049
2022-03-30T05:41:13.000,0.0,0.0,4445.98,11.34,20.45,743,-4.06,3.0,0.049
2022-03-30T05:42:13.000,0.0,0.0,5933.37,11.02,20.45,744,-3.86,3.0,0.049
2022-03-30T05:43:13.000,0.0,0.0,7411.09,10.78,20.45,745,-3.67,3.0,0.049
2022-03-30T05:44:14.000,0.0,0.0,8475.46,10.63,20.45,746,-3.47,3.0,0.049
2022-03-30T05:45:14.000,0.0,0.0,10624.47,10.39,20.45,747,-3.28,3.0,0.049
2022-03-30T05:46:14.000,0.0,0.0,13875.63,10.1,20.45,748,-3.08,3.0,0.049
2022-03-30T05:47:14.000,0.0,0.0,15046.24,10.01,20.45,749,-2.89,4.0,0.049
2022-03-30T05:48:14.000,0.0,0.0,21505.15,9.63,20.45,750,-2.69,4.0,0.049
2022-03-30T05:49:14.000,0.0,0.0,24674.87,9.47,20.45,751,-2.49,4.0,0.049
2022-03-30T05:50:14.000,0.0,0.0,31141.84,9.29,20.45,752,-2.3,4.0,0.049
2022-03-30T05:51:14.000,0.0,0.0,34515.02,9.11,20.45,753,-2.1,4.0,0.049
2022-03-30T05:52:14.000,0.0,0.0,41940.07,8.9,20.45,754,-1.91,5.0,0.049
2022-03-30T05:53:14.000,0.0,0.0,46946.09,8.77,20.45,755,-1.71,5.0,0.049
2022-03-30T05:54:14.000,0.0,0.0,55009.68,8.6,20.45,756,-1.52,5.0,0.049
2022-03-30T05:55:14.000,0.0,0.0,51073.3,0.74,20.45,757,-1.32,5.0,0.049
2022-03-30T05:56:14.000,0.0,0.0,50000.0,0.0,20.45,758,-1.13,5.0,0.049
2022-03-30T05:57:14.000,0.0,0.0,50000.0,0.0,20.45,759,-0.93,6.0,0.049
2022-03-30T05:58:14.000,0.0,0.0,50000.0,0.0,20.45,760,-0.73,6.0,0.049
2022-03-30T06:03:15.000,0.0,0.0,50000.0,0.0,20.45,765,0.25,7.0,0.048
2022-03-30T06:04:15.000,0.0,0.0,50000.0,0.0,20.45,766,0.45,7.0,0.048
2022-03-30T06:05:15.000,0.0,0.0,50000.0,0.0,20.45,767,0.64,7.0,0.048
2022-03-30T06:06:15.000,0.0,0.0,49742.49,0.08,20.45,768,0.84,7.0,0.048
2022-03-30T06:07:15.000,0.0,0.0,50000.0,0.0,20.45,769,1.03,7.0,0.048
2022-03-30T06:08:15.000,0.0,0.0,50000.0,0.0,20.45,770,1.23,8.0,0.048
2022-03-30T06:09:15.000,0.0,0.0,50000.0,0.0,20.45,771,1.43,8.0,0.048
2022-03-30T07:16:19.000,0.0,0.0,50000.0,0.0,20.45,838,14.6,19.0,0.046
2022-03-30T07:17:19.000,0.0,0.0,50000.0,0.0,20.45,839,14.8,20.0,0.046
2022-03-30T07:18:19.000,0.0,0.0,50000.0,0.0,20.45,840,14.99,20.0,0.046
2022-03-30T07:20:39.000,0.0,0.0,50000.0,0.0,20.45,842,15.45,20.0,0.046
2022-03-30T07:21:39.000,0.0,0.0,50000.0,0.0,20.45,843,15.64,20.0,0.046
2022-03-30T07:22:39.000,0.0,0.0,50000.0,0.0,20.45,844,15.84,20.0,0.046
2022-03-30T09:54:53.000,0.0,0.0,50000.0,0.0,20.45,996,43.32,39.0,0.041
2022-03-30T09:55:54.000,0.0,0.0,50000.0,0.0,20.45,997,43.47,39.0,0.041
2022-03-30T09:56:54.000,0.0,0.0,50000.0,0.0,20.45,998,43.62,40.0,0.041
2022-03-30T09:59:13.000,0.0,0.0,50000.0,0.0,20.45,1000,43.98,40.0,0.041
2022-03-30T10:00:13.000,0.0,0.0,50000.0,0.0,20.45,1001,44.13,40.0,0.041
2022-03-30T10:01:13.000,0.0,0.0,50000.0,0.0,20.45,1002,44.28,40.0,0.041
2022-03-30T15:09:32.000,0.0,0.0,50000.0,0.0,20.45,1310,37.37,16.0,0.032
2022-03-30T15:10:32.000,0.0,0.0,50000.0,0.0,20.45,1311,37.2,16.0,0.032
2022-03-30T15:11:32.000,0.0,0.0,50000.0,0.0,20.45,1312,37.02,16.0,0.032
2022-03-30T15:13:52.000,0.0,0.0,50000.0,0.0,20.45,1314,36.62,15.0,0.032
2022-03-30T15:14:52.000,0.0,0.0,50000.0,0.0,20.45,1315,36.45,15.0,0.032
2022-03-30T15:15:52.000,0.0,0.0,50000.0,0.0,20.45,1316,36.28,15.0,0.032
2022-03-30T17:48:01.000,0.0,0.0,50000.0,0.0,20.45,1468,7.49,-13.0,0.028
2022-03-30T17:49:01.000,0.0,0.0,50000.0,0.0,20.45,1469,7.29,-13.0,0.028
2022-03-30T17:50:01.000,0.0,0.0,50000.0,0.0,20.45,1470,7.1,-13.0,0.028
2022-03-30T17:52:21.000,0.0,0.0,50000.0,0.0,20.45,1472,6.64,-14.0,0.028
2022-03-30T17:53:21.000,0.0,0.0,50000.0,0.0,20.45,1473,6.44,-14.0,0.028
2022-03-30T17:54:21.000,0.0,0.0,50000.0,0.0,20.45,1474,6.25,-14.0,0.028
2022-03-30T18:14:22.000,0.0,0.0,50000.0,0.0,20.45,1494,2.32,-18.0,0.028
2022-03-30T18:15:22.000,0.0,0.0,50000.0,0.0,20.45,1495,2.12,-18.0,0.028
2022-03-30T18:16:22.000,0.0,0.0,50000.0,0.0,20.45,1496,1.92,-18.0,0.028
2022-03-30T18:17:22.000,0.0,0.0,49743.72,0.09,20.45,1497,1.73,-18.0,0.028
2022-03-30T18:18:22.000,0.0,0.0,50000.0,0.0,20.45,1498,1.53,-18.0,0.028
